CL-116	CL-117	CL-118	CL-119	CL-127	CL-128	CL-130	CL-131	CL-134	CL-136	CL-137	CL-139	CL-141	CL-142	CL-144	CL-146	CL-147	CL-148	CL-150	CL-151	CL-152	CL-154	CL-160	CL-161	CL-165	CL-166	CL-167	CL-169	CL-170	CL-171	CL-172	CL-173	CL-175	CL-176	CL-177	HLD-100	HLD-102	HLD-103	HLD-104	HLD-111	HLD-112	HLD-22	HLD-23	HLD-24	HLD-25	HLD-28	HLD-31	HLD-34	HLD-35	HLD-38	HLD-39	HLD-43	HLD-45	HLD-47	HLD-50	HLD-51	HLD-53	HLD-64	HLD-72	HLD-74	HLD-77	HLD-80	HLD-85	HLD-87	HLD-94	HLD-96	HLD-99
CL-116	0	-0.247118109592361	-0.163571726750301	-0.168648967508314	-0.190058701036263	-0.233190883240085	-0.22486507497967	-0.0942312048251036	-0.204472041627899	-0.104646990719744	-0.302948007279678	-0.287740401094012	-0.131313564255328	-0.194607767909935	-0.205502059799362	-0.270573174694396	-0.160413217933765	-0.161862716677326	-0.093066584960702	-0.330921688266233	-0.262971002720451	-0.170361144233807	-0.339506810055968	-0.12079401857168	-0.127837398092234	-0.267548636805974	-0.308441048335071	-0.110533056458567	-0.127661132236873	-0.0951693784476242	-0.15759155336362	-0.217748181188213	-0.176911381534315	-0.181020685070829	-0.239740899863286	-0.220114593667379	-0.175432439719952	-0.384683619363977	-0.232809811320053	-0.139632883131052	-0.151690442141403	-0.204940957014573	-0.333889986193183	-0.367286395310078	-0.23216298089698	-0.275368831211554	-0.165591034635998	-0.431477980866113	-0.241499508820325	-0.115740933789063	-0.178416636758565	-0.198626752348957	-0.123164517789397	-0.185475698010187	-0.213781211394507	-0.219019035141768	-0.225929830442012	-0.239787341924696	-0.242535595400013	-0.190138751487785	-0.174246015936167	-0.217731221141555	-0.193435715338092	-0.27145036793484	-0.307753651952245	-0.156578348960393	-0.276569176471177
CL-117	-0.247118109592361	0	-0.262291432331973	-0.264358419381198	-0.269737467958526	-0.304934222270111	-0.344243360189969	-0.250421972264182	-0.289270703924308	-0.236543235595486	-0.312484492119431	-0.349332613259255	-0.251340024023047	-0.310723540616352	-0.333825722095159	-0.362193995879926	-0.295489774387377	-0.263447730577385	-0.249331174913491	-0.294793268996778	-0.331471165279728	-0.319212009172174	-0.304604357932738	-0.239040809514937	-0.271976004677822	-0.38480658009135	-0.37737002285209	-0.264185765804148	-0.242650929606857	-0.257535550504779	-0.277507047288872	-0.300839844587211	-0.283694988888222	-0.276825565951417	-0.32353575225694	-0.318667402206405	-0.281068326654184	-0.338638352995531	-0.279084734298815	-0.261193532049797	-0.267128674014704	-0.323357427579147	-0.383384087622164	-0.339515885179045	-0.310277387046951	-0.285128404168559	-0.288194629152963	-0.374718055401047	-0.282836723573933	-0.262283627731805	-0.263880766174777	-0.281099372164055	-0.25603133890092	-0.304662554460118	-0.313151582721325	-0.280232118097645	-0.333765073435793	-0.26740114099929	-0.295886159683495	-0.275283503353634	-0.26788090395641	-0.311901777399747	-0.312849592438597	-0.339769006810434	-0.387094516905582	-0.283553043032712	-0.332608691808212
CL-118	-0.163571726750301	-0.262291432331973	0	-0.210187341971435	-0.209237241774896	-0.205049885152786	-0.272525559894308	-0.108322180761616	-0.171904703174052	-0.147856818051463	-0.300649474013642	-0.292118117038839	-0.200761008392436	-0.221736077251693	-0.197116411506379	-0.345125891736346	-0.240965239668536	-0.126310360482017	-0.148817123163211	-0.300710671461864	-0.235512110999092	-0.244324652565032	-0.2897727327242	-0.155802298956385	-0.151592572459563	-0.290592611999151	-0.360724091064856	-0.127602724707181	-0.145248464854034	-0.153800318754392	-0.175252683333924	-0.286887753179524	-0.143440129841857	-0.245588696264911	-0.23746594882632	-0.244007735887676	-0.182700239370888	-0.387566445486255	-0.129868929572121	-0.170171211736859	-0.171631016043691	-0.238124001511864	-0.275276753080799	-0.375933661224283	-0.277878037015034	-0.241330771413501	-0.210394736460031	-0.376987926378225	-0.254289118348011	-0.112743602566452	-0.205232467424069	-0.140082427110549	-0.126679389946858	-0.174880087102885	-0.208482612052297	-0.151037141705003	-0.215561244220799	-0.245288265279221	-0.283037481043328	-0.196925066317767	-0.166650092808347	-0.220735359461121	-0.231559645228647	-0.272463390767165	-0.345587670832367	-0.199118297689871	-0.207490714085252
CL-119	-0.168648967508314	-0.264358419381198	-0.210187341971435	0	-0.238630384498053	-0.261842474803605	-0.254441920535089	-0.188801244697079	-0.241943986284375	-0.181068377507743	-0.36611444414716	-0.300132215467861	-0.172175215242332	-0.255867883735138	-0.269907906228119	-0.285302477047244	-0.20354631941627	-0.189538788735044	-0.173287360145607	-0.381279091119446	-0.29176796971348	-0.224945241303816	-0.389857320532226	-0.171081033938289	-0.201405845262324	-0.283219005924675	-0.283968850992369	-0.203303218296937	-0.172041958826086	-0.140519974915595	-0.243787691497278	-0.171921802881668	-0.228522380754011	-0.164097962061723	-0.243499193449704	-0.198741645861826	-0.206345977081246	-0.384868087469555	-0.279976759921345	-0.180015176460697	-0.174355811212201	-0.235350152173113	-0.362538051172493	-0.405065368849778	-0.286575552469864	-0.281175178585207	-0.18277367244991	-0.48112249735933	-0.168005307096572	-0.196820148436056	-0.22214942952613	-0.235821934975347	-0.202811642687337	-0.212440568574489	-0.227523763809916	-0.253520034050068	-0.231626533835465	-0.286396987846158	-0.322213196472349	-0.219094462282683	-0.216899232902984	-0.246691526160929	-0.241714912688928	-0.28988202616353	-0.296099395276048	-0.218468760166261	-0.291984472731658
CL-127	-0.190058701036263	-0.269737467958526	-0.209237241774896	-0.238630384498053	0	-0.227544046921603	-0.280934064329709	-0.18096468780383	-0.241462724177333	-0.183426200825128	-0.286599497787474	-0.272391334118572	-0.227409328011971	-0.286474771093355	-0.221062727645509	-0.239655801434755	-0.293295886364106	-0.220461688336523	-0.188289919079201	-0.293529011519289	-0.252405529276121	-0.288467466509895	-0.329678889783039	-0.168464436837597	-0.220756466909569	-0.292551730326134	-0.30817025564002	-0.171288625365224	-0.192115815932321	-0.195531274557062	-0.195834380080187	-0.283457669130675	-0.206043091145078	-0.229430816203811	-0.286379927752663	-0.252513981039833	-0.220966182429312	-0.436319865833292	-0.204204961874829	-0.244205628476718	-0.206734590911446	-0.243921884451065	-0.344865321590626	-0.329277282384402	-0.310530729786039	-0.271714873078288	-0.256494598876308	-0.415746044030952	-0.282585041238491	-0.180553470330676	-0.238152689158805	-0.231516407883166	-0.177562504206607	-0.261603460597329	-0.250735024921691	-0.258197729227485	-0.281545320178674	-0.291660268495845	-0.271199237773336	-0.248385994970577	-0.225172914678449	-0.290459789762729	-0.225577224520922	-0.281689986532562	-0.411389238587205	-0.231067985444893	-0.269263426166576
CL-128	-0.233190883240085	-0.304934222270111	-0.205049885152786	-0.261842474803605	-0.227544046921603	0	-0.291838890536431	-0.194162892634534	-0.175315033112171	-0.188001450674783	-0.343773844743774	-0.28476424714029	-0.252379472070002	-0.237966518499709	-0.216143886130719	-0.345067334270646	-0.294147914624272	-0.167364971693266	-0.193327508744192	-0.347751877299759	-0.23618414955092	-0.296941747168747	-0.321489873405631	-0.185573933712218	-0.230337665387581	-0.278027533273123	-0.401943300855726	-0.19034595346722	-0.200455384932324	-0.204849580369863	-0.216020149382194	-0.30923105282013	-0.175865294808186	-0.262230121256201	-0.272411912546561	-0.299941909888842	-0.196914824900593	-0.4018306817385	-0.212903389958505	-0.148284091153255	-0.213787608107576	-0.281198285772267	-0.298754180270232	-0.332040672405881	-0.332850194265473	-0.244202491047808	-0.221597010953453	-0.405501116501434	-0.262904262436264	-0.161424522817603	-0.223935292924865	-0.225744665632359	-0.189256000251246	-0.255835354006286	-0.202954896181022	-0.287272145994009	-0.230064995857549	-0.323373818486801	-0.275386781660833	-0.244421920547892	-0.185608540870803	-0.284633013519893	-0.278638419774855	-0.303055180920104	-0.376306418150283	-0.222892059083497	-0.200992948150174
CL-130	-0.22486507497967	-0.344243360189969	-0.272525559894308	-0.254441920535089	-0.280934064329709	-0.291838890536431	0	-0.230987395686754	-0.281394019105916	-0.221867815705076	-0.358927101664803	-0.325076207220174	-0.230399421383199	-0.213160672734578	-0.261784008601202	-0.366293192068575	-0.258834607949605	-0.242578566373171	-0.197215469949358	-0.418724414926279	-0.276628371212864	-0.286104847550642	-0.411438219443191	-0.2298546666294	-0.248066171713504	-0.260366444477812	-0.373653741838687	-0.232070415406378	-0.215273212875972	-0.224523266456734	-0.229422180512413	-0.302905398369879	-0.248199588944151	-0.286083131684252	-0.281135123865968	-0.268310720451007	-0.2506016744955	-0.403605395500629	-0.329871530573839	-0.241645055937231	-0.274488411419405	-0.280782271701641	-0.391226483745935	-0.421016424766796	-0.293292619469698	-0.337885487070885	-0.234069006724796	-0.487592103746403	-0.302999697096939	-0.233469834053548	-0.241181552536465	-0.296964804386704	-0.232550191421446	-0.286668812493991	-0.257060259735434	-0.304821536814684	-0.29637785418499	-0.363728951615816	-0.307047517233519	-0.242522882017696	-0.270352205745446	-0.276164704483083	-0.287831816381991	-0.250884600465853	-0.35482298750962	-0.237228074917857	-0.342033579566099
CL-131	-0.0942312048251036	-0.250421972264182	-0.108322180761616	-0.188801244697079	-0.18096468780383	-0.194162892634534	-0.230987395686754	0	-0.166416689410236	-0.120888143648206	-0.274376448666826	-0.263862064477142	-0.160722723142762	-0.180828327556489	-0.162587219322933	-0.3207635179637	-0.202664797389968	-0.126658663988196	-0.0942332692236882	-0.299169145025318	-0.217514538607424	-0.205341864894073	-0.297016037174217	-0.121049001266148	-0.138494650754399	-0.272063879702704	-0.349392277074624	-0.0891986900549176	-0.0986752296065688	-0.120662827630054	-0.128597187067745	-0.257328147816415	-0.128540071609395	-0.219505539460666	-0.231896205105366	-0.225440050255561	-0.158428274700599	-0.378216035095301	-0.17549235160321	-0.156414508343792	-0.157262355596091	-0.230272770658203	-0.295638922693055	-0.359430316332319	-0.248378199728985	-0.252303604586869	-0.191564505911342	-0.388864421229374	-0.243372402972322	-0.0645269220894579	-0.169545422753603	-0.159779257047338	-0.0855754996791196	-0.17618359129049	-0.208380983080116	-0.186192060939429	-0.215910233182931	-0.247152019798499	-0.231658559319228	-0.175085446764703	-0.160214213620082	-0.213104908083322	-0.22024795275966	-0.250059592072986	-0.322763598845313	-0.161023310205925	-0.236811575887496
CL-134	-0.204472041627899	-0.289270703924308	-0.171904703174052	-0.241943986284375	-0.241462724177333	-0.175315033112171	-0.281394019105916	-0.166416689410236	0	-0.157130954401442	-0.320242291396572	-0.243273654082153	-0.229454624371054	-0.208209180858137	-0.18313026366799	-0.352558390515189	-0.239074555951433	-0.182598856232618	-0.168062617838898	-0.34645274469065	-0.229197053821805	-0.234437891803337	-0.295385122013399	-0.160690647126042	-0.209756252001135	-0.245977192892164	-0.384207247106358	-0.148676577525622	-0.162039787804575	-0.186227995664213	-0.173104644914543	-0.276028956850908	-0.138687003553775	-0.286904355602619	-0.188191059193792	-0.297474031108175	-0.12872470136319	-0.327241848646439	-0.214534034012148	-0.19938872332814	-0.179631940760069	-0.265048429322444	-0.295426664001074	-0.36102000106184	-0.313544549183245	-0.219240998728421	-0.239293796704889	-0.386221068524481	-0.256508681485452	-0.14265090546578	-0.190996997710221	-0.229437727865959	-0.150020936894054	-0.178279570928448	-0.18187215676019	-0.24501506382793	-0.191480253847978	-0.253787700939318	-0.226982766404103	-0.24158304267965	-0.14062608175037	-0.268721951572205	-0.248461062276911	-0.289149226831268	-0.355231268468129	-0.201683916212032	-0.198043452036413
CL-136	-0.104646990719744	-0.236543235595486	-0.147856818051463	-0.181068377507743	-0.183426200825128	-0.188001450674783	-0.221867815705076	-0.120888143648206	-0.157130954401442	0	-0.30027561139294	-0.259871429634229	-0.175317313575955	-0.182052546104745	-0.185827557283301	-0.27432740607972	-0.208211549615457	-0.152525909373267	-0.0970364236384246	-0.327250635909461	-0.229593657549393	-0.206704104868142	-0.316228769983943	-0.0757483072870353	-0.159933775513959	-0.223618633979466	-0.319917741683269	-0.0937939536184694	-0.0933928149180582	-0.10338427648206	-0.147875010476889	-0.235985010977302	-0.13270028603339	-0.209139212595688	-0.187295913671017	-0.252588267907384	-0.133948510480166	-0.35553863007371	-0.222204176123845	-0.153459833303281	-0.143728113819494	-0.206679532571135	-0.299216236019502	-0.340620114034726	-0.243521958267353	-0.227927322708581	-0.184547362215451	-0.412472103606851	-0.22977319272407	-0.107523949149995	-0.184550627456571	-0.211323290439996	-0.0940820688732386	-0.179541052115986	-0.151747872464264	-0.2339879506221	-0.184940753415957	-0.261354786462313	-0.225803299320238	-0.210590807182436	-0.143932474103337	-0.24831136703011	-0.189867362632735	-0.280853254208296	-0.333626613179515	-0.160381961829553	-0.225216673200897
CL-137	-0.302948007279678	-0.312484492119431	-0.300649474013642	-0.36611444414716	-0.286599497787474	-0.343773844743774	-0.358927101664803	-0.274376448666826	-0.320242291396572	-0.30027561139294	0	-0.356342103836822	-0.328103208810954	-0.348249079775844	-0.291458168130437	-0.413480969240595	-0.356304690199995	-0.312010881286613	-0.304125884794356	-0.221324085678128	-0.301292507763021	-0.349346361288516	-0.242546744470577	-0.3089352743477	-0.319275828245335	-0.409989539541985	-0.451700390636721	-0.274222487708479	-0.292947044261083	-0.343446365431598	-0.26789298362145	-0.382211759415094	-0.274102636868521	-0.397495922726444	-0.37180278240719	-0.36940583310129	-0.323046258802573	-0.462009658627663	-0.303104269765054	-0.360256826523857	-0.355362267806835	-0.375856454804125	-0.381893288604784	-0.211706948234598	-0.256173027060005	-0.352267137969927	-0.379605086556007	-0.259026783509485	-0.414218133038741	-0.281035128016561	-0.321858992680032	-0.33985211225896	-0.273641830331091	-0.326782000777485	-0.362194026766382	-0.326071499867619	-0.379076896898464	-0.289055808672467	-0.26836811535627	-0.332652711832401	-0.349018776010114	-0.325018452221463	-0.379743241907253	-0.384649033050391	-0.456735041006319	-0.317214514132511	-0.336405594314333
CL-139	-0.287740401094012	-0.349332613259255	-0.292118117038839	-0.300132215467861	-0.272391334118572	-0.28476424714029	-0.325076207220174	-0.263862064477142	-0.243273654082153	-0.259871429634229	-0.356342103836822	0	-0.298233891202278	-0.316124409639334	-0.237531937511525	-0.370658070856969	-0.304057753837077	-0.294255615571338	-0.249248968411452	-0.37849523228729	-0.220913400128133	-0.271637958772228	-0.339411568189326	-0.26657827641675	-0.304881658113024	-0.330686977594598	-0.427758043390404	-0.230150678551115	-0.274265782989892	-0.295416127726738	-0.206541058106681	-0.358431154148442	-0.234929215810792	-0.352787037047535	-0.282577368937993	-0.351450492599627	-0.272192790231165	-0.368753550864376	-0.295061035409071	-0.317727599980972	-0.283258064375301	-0.33150736685868	-0.359164452036841	-0.392034519032099	-0.3840031142437	-0.277497690182493	-0.329243591528029	-0.430302309818283	-0.332845463737296	-0.248907447118025	-0.215768801239614	-0.33466942172712	-0.24704808137481	-0.295555825132669	-0.266234715787679	-0.353555864827844	-0.265018476087929	-0.336078787468643	-0.266716834370894	-0.295799802915709	-0.268704041058501	-0.37939828831129	-0.33316392558123	-0.290276632038214	-0.419581279538343	-0.304829921942194	-0.254730227306249
CL-141	-0.131313564255328	-0.251340024023047	-0.200761008392436	-0.172175215242332	-0.227409328011971	-0.252379472070002	-0.230399421383199	-0.160722723142762	-0.229454624371054	-0.175317313575955	-0.328103208810954	-0.298233891202278	0	-0.19618425229078	-0.253325417976709	-0.317175788823425	-0.170927791966147	-0.175987112929606	-0.161264311593434	-0.356643979151076	-0.260290477091852	-0.176345189288468	-0.375472838364706	-0.186237893012962	-0.190063475103922	-0.290148640172853	-0.349652214910742	-0.169974324421201	-0.187107429933298	-0.16454235444142	-0.214794495717908	-0.220674629587517	-0.215063179666972	-0.218362058263985	-0.265435478931477	-0.209539238345149	-0.202836800737046	-0.376621864812847	-0.245834116559745	-0.149546633945186	-0.199940410019217	-0.207776354480342	-0.336509413191688	-0.367365393336043	-0.251286922053846	-0.290109771247026	-0.17763464115735	-0.460513509919594	-0.244644461423281	-0.18122087555621	-0.181306762494847	-0.229023920378159	-0.181776582420742	-0.204588224395792	-0.21733735157189	-0.223890988888889	-0.245185726882697	-0.26897311557143	-0.282335776525394	-0.192328237915765	-0.21335906563526	-0.212820333487949	-0.181497990514932	-0.290725308238257	-0.298400829677067	-0.160628670897983	-0.289355702527444
CL-142	-0.194607767909935	-0.310723540616352	-0.221736077251693	-0.255867883735138	-0.286474771093355	-0.237966518499709	-0.213160672734578	-0.180828327556489	-0.208209180858137	-0.182052546104745	-0.348249079775844	-0.316124409639334	-0.19618425229078	0	-0.229057161077934	-0.379148078950156	-0.225803062991734	-0.206878411250468	-0.186298925603877	-0.38006601619833	-0.251405441903025	-0.250856326755093	-0.364788088134981	-0.206903046964947	-0.223341565822394	-0.24329938402464	-0.392113854298849	-0.180629768992925	-0.182284940534952	-0.203876047615188	-0.210506044199487	-0.280361809358464	-0.195166632138306	-0.293938175409589	-0.251729569857877	-0.271513430386636	-0.207466684551541	-0.33814132729885	-0.272338750443524	-0.21164037039938	-0.234575671836601	-0.248864837880828	-0.338910978708726	-0.36686802979247	-0.259049725356269	-0.279063849863462	-0.23683074184319	-0.428297941519768	-0.292670027903075	-0.172110327729596	-0.23585302332343	-0.258090791545285	-0.180646802622835	-0.241196160047633	-0.210600024625428	-0.258101193706675	-0.266078742463091	-0.313387872249967	-0.253879291333361	-0.242955799022118	-0.220321575993962	-0.247350328836075	-0.263630343134555	-0.300541649904602	-0.306155100684722	-0.192327476177242	-0.274670743650995
CL-144	-0.205502059799362	-0.333825722095159	-0.197116411506379	-0.269907906228119	-0.221062727645509	-0.216143886130719	-0.261784008601202	-0.162587219322933	-0.18313026366799	-0.185827557283301	-0.291458168130437	-0.237531937511525	-0.253325417976709	-0.229057161077934	0	-0.351116948109967	-0.292715465996092	-0.219905509605219	-0.174705387119143	-0.341592340193048	-0.155207585775423	-0.264032863631038	-0.276213818360672	-0.180891709143987	-0.252549849060558	-0.226795385452084	-0.383667316748002	-0.160695946210484	-0.159276875472074	-0.208355077059963	-0.142634976834785	-0.329934173407621	-0.115042235172558	-0.324935166656011	-0.201876965640873	-0.289492029484587	-0.211134266410877	-0.367733801025266	-0.219699734673899	-0.263170265464343	-0.251580740035992	-0.30998218326223	-0.279084140171549	-0.398480557084386	-0.290116519802219	-0.241269019667503	-0.293954255579768	-0.378394986431361	-0.27823266313948	-0.152969623387706	-0.25454383859701	-0.269623428576091	-0.149550755910663	-0.2372903241082	-0.248194323625843	-0.281006083319576	-0.23763460361542	-0.323044788782895	-0.21100829019608	-0.234433329414852	-0.217100084500473	-0.294345534492064	-0.302569600613823	-0.283511529309655	-0.394356566155782	-0.248434499430087	-0.23277806095153
CL-146	-0.270573174694396	-0.362193995879926	-0.345125891736346	-0.285302477047244	-0.239655801434755	-0.345067334270646	-0.366293192068575	-0.3207635179637	-0.352558390515189	-0.27432740607972	-0.413480969240595	-0.370658070856969	-0.317175788823425	-0.379148078950156	-0.351116948109967	0	-0.318225407226339	-0.33915556559489	-0.292184989288605	-0.394616180809093	-0.377843912013127	-0.309939319333831	-0.434934391714738	-0.264373524747965	-0.311972090955236	-0.345181028519623	-0.201073190032322	-0.303817485610981	-0.296688520774765	-0.263627614931088	-0.33216392616387	-0.239915329828003	-0.333060505498381	-0.258956241639452	-0.319048302204284	-0.316641881154972	-0.295311617828476	-0.464505740395093	-0.362696278311736	-0.317605721095744	-0.306056020555994	-0.300585484280382	-0.422641581422111	-0.434967957171181	-0.366736713332339	-0.365714546327325	-0.313044194752188	-0.516398352255682	-0.310988640437556	-0.32648451760613	-0.325053770111126	-0.341818550813896	-0.307507498639598	-0.326076803404698	-0.31134599193713	-0.364720190375334	-0.324519944789886	-0.350835759462275	-0.375445039176865	-0.350228020612713	-0.345941008188016	-0.358911290113741	-0.27663438151646	-0.376555328291309	-0.417506986712915	-0.331908688010583	-0.353069367933177
CL-147	-0.160413217933765	-0.295489774387377	-0.240965239668536	-0.20354631941627	-0.293295886364106	-0.294147914624272	-0.258834607949605	-0.202664797389968	-0.239074555951433	-0.208211549615457	-0.356304690199995	-0.304057753837077	-0.170927791966147	-0.225803062991734	-0.292715465996092	-0.318225407226339	0	-0.222802720747326	-0.190372063858121	-0.387929159554108	-0.304433359121269	-0.116903371899075	-0.398562909544939	-0.228054520878347	-0.192443473376227	-0.317258496819884	-0.341593776202316	-0.208833308621754	-0.208434252680537	-0.192440980473256	-0.25765391962247	-0.204613495284764	-0.238116283884271	-0.228625960822112	-0.260289709054224	-0.256639111673285	-0.229443266962474	-0.336413307467499	-0.301463433459811	-0.192200491575361	-0.206038142956186	-0.228991900942193	-0.361762654092976	-0.425408260632749	-0.271204296784943	-0.28591452907471	-0.183010039041518	-0.475354684975683	-0.266052525052113	-0.21938954376718	-0.172679086577069	-0.269192716250027	-0.22217292556015	-0.219259438060311	-0.243241522994975	-0.256566006778899	-0.262332412768552	-0.229071605322412	-0.299996140894917	-0.234400630270514	-0.232195908560473	-0.234597596194624	-0.24466196090437	-0.30800263426222	-0.295762700513192	-0.215874657038981	-0.287807474851947
CL-148	-0.161862716677326	-0.263447730577385	-0.126310360482017	-0.189538788735044	-0.220461688336523	-0.167364971693266	-0.242578566373171	-0.126658663988196	-0.182598856232618	-0.152525909373267	-0.312010881286613	-0.294255615571338	-0.175987112929606	-0.206878411250468	-0.219905509605219	-0.33915556559489	-0.222802720747326	0	-0.145187992416002	-0.325697696594893	-0.226104481461151	-0.228069097158682	-0.331310352755699	-0.171084020185953	-0.173364382573097	-0.296575238151682	-0.354541996444567	-0.147546012894729	-0.157640437362363	-0.163252505493303	-0.198984442888986	-0.267272128907917	-0.160859842035306	-0.236268114589995	-0.255683756065684	-0.219194404202064	-0.185458441958922	-0.392186777186477	-0.200785508674001	-0.132134937733077	-0.168006751502715	-0.235059242027104	-0.289115576704196	-0.369737792189546	-0.27438063345502	-0.24204590631742	-0.182878633372494	-0.415127681082542	-0.247009385414368	-0.127631764886457	-0.176342868425588	-0.180090956314909	-0.151328108474146	-0.194877056796181	-0.182937210742415	-0.189197304687489	-0.205723932189637	-0.255776159482185	-0.275285338257458	-0.162632419791438	-0.176889104837936	-0.203244156482662	-0.23334866920181	-0.280946842801635	-0.3254287107648	-0.171071133150364	-0.213014936445175
CL-150	-0.093066584960702	-0.249331174913491	-0.148817123163211	-0.173287360145607	-0.188289919079201	-0.193327508744192	-0.197215469949358	-0.0942332692236882	-0.168062617838898	-0.0970364236384246	-0.304125884794356	-0.249248968411452	-0.161264311593434	-0.186298925603877	-0.174705387119143	-0.292184989288605	-0.190372063858121	-0.145187992416002	0	-0.33918825142141	-0.213578617291703	-0.200970873512459	-0.345158546029188	-0.114711695181457	-0.144335699728889	-0.24265628283707	-0.32874310546869	-0.083086693729318	-0.114997750573185	-0.0945848363631124	-0.131270778453149	-0.214289266828387	-0.148710854976631	-0.203847889098141	-0.201873782236365	-0.233015079565171	-0.160065795484782	-0.368580735955213	-0.219149839843405	-0.148638743845637	-0.149384869304404	-0.209540487029454	-0.332469295294569	-0.379259431396017	-0.284173542765419	-0.241774862132736	-0.173644795716524	-0.445468785573846	-0.222763866890634	-0.0917887390017798	-0.148177480058323	-0.195477642912544	-0.11540867334325	-0.180668354081627	-0.194077190692403	-0.230278204776657	-0.201230581978014	-0.266420231750861	-0.238430455385999	-0.206375607141653	-0.159433769131139	-0.253051879601315	-0.207261698582909	-0.2367262579077	-0.32391141975316	-0.162046400713728	-0.244447921052606
CL-151	-0.330921688266233	-0.294793268996778	-0.300710671461864	-0.381279091119446	-0.293529011519289	-0.347751877299759	-0.418724414926279	-0.299169145025318	-0.34645274469065	-0.327250635909461	-0.221324085678128	-0.37849523228729	-0.356643979151076	-0.38006601619833	-0.341592340193048	-0.394616180809093	-0.387929159554108	-0.325697696594893	-0.33918825142141	0	-0.357394169327939	-0.397498957955093	-0.241377842851397	-0.335444114251044	-0.322565257150398	-0.445715361221094	-0.432811558055543	-0.312242467599009	-0.334618670587452	-0.3624445469792	-0.313494925875732	-0.417342137712882	-0.308744531981393	-0.395155733458332	-0.402591443368886	-0.397303097734184	-0.373064324246344	-0.486113165647945	-0.253862038437778	-0.373557228202759	-0.3627470679234	-0.349458605201662	-0.387663966561085	-0.268316028083612	-0.306886347999628	-0.336078384242538	-0.395363029103369	-0.275149928462271	-0.414357566167168	-0.309966881913353	-0.353209642820545	-0.293250223857603	-0.302685148082673	-0.377640913715605	-0.382553321634756	-0.311328626898839	-0.413564833940268	-0.284498477350879	-0.30018557814528	-0.36287604099154	-0.347223097569342	-0.349857246200701	-0.352799698912798	-0.33586998027826	-0.477209445396518	-0.344906568225779	-0.33856475344023
CL-152	-0.262971002720451	-0.331471165279728	-0.235512110999092	-0.29176796971348	-0.252405529276121	-0.23618414955092	-0.276628371212864	-0.217514538607424	-0.229197053821805	-0.229593657549393	-0.301292507763021	-0.220913400128133	-0.260290477091852	-0.251405441903025	-0.155207585775423	-0.377843912013127	-0.304433359121269	-0.226104481461151	-0.213578617291703	-0.357394169327939	0	-0.299868029488109	-0.307063361209105	-0.230494022664292	-0.291319546829792	-0.286384189616789	-0.404366977184926	-0.201509012793766	-0.215144652826972	-0.252789359606528	-0.182814330046339	-0.327553882926286	-0.14302903442811	-0.344023547091342	-0.239405674757609	-0.29842744832916	-0.235625220337404	-0.339115571317451	-0.264658775639135	-0.280099928537133	-0.279660328678363	-0.328189734782063	-0.297526692624316	-0.365053664748317	-0.300182267781286	-0.219141727709046	-0.297542822560787	-0.401825115978068	-0.315758314971853	-0.195584351913654	-0.250389772039571	-0.279687353641716	-0.198818469665083	-0.276650442079389	-0.253262821343235	-0.311837755551801	-0.249773931049902	-0.345440050420752	-0.225522898760203	-0.236174956744685	-0.263844458909616	-0.293532617763966	-0.340452053535424	-0.293939507226479	-0.408025305370281	-0.276962584844204	-0.224089884150685
CL-154	-0.170361144233807	-0.319212009172174	-0.244324652565032	-0.224945241303816	-0.288467466509895	-0.296941747168747	-0.286104847550642	-0.205341864894073	-0.234437891803337	-0.206704104868142	-0.349346361288516	-0.271637958772228	-0.176345189288468	-0.250856326755093	-0.264032863631038	-0.309939319333831	-0.116903371899075	-0.228069097158682	-0.200970873512459	-0.397498957955093	-0.299868029488109	0	-0.381925323081345	-0.230708531545017	-0.216634148740272	-0.287108775887127	-0.340872792488357	-0.198962433215796	-0.211469360812113	-0.210782680218702	-0.242174166348816	-0.256044141392296	-0.235943145046241	-0.27270770126278	-0.255073315638622	-0.271099260485893	-0.214056720944062	-0.35493121983822	-0.293160914283037	-0.204075381722471	-0.235268131156325	-0.228011699778585	-0.320524243812834	-0.449984591996785	-0.27113394821992	-0.310625196655033	-0.227988836390107	-0.453575978185969	-0.286816085365008	-0.218343823961937	-0.160085234510809	-0.297439214321277	-0.218069393502754	-0.211045828695496	-0.219870421431774	-0.264585150077668	-0.204041794041958	-0.229489312018288	-0.275594938555775	-0.22812612818778	-0.253623560858702	-0.260720757279761	-0.232857763017556	-0.309770776168918	-0.311446196930885	-0.216741282222643	-0.284304729488159
CL-160	-0.339506810055968	-0.304604357932738	-0.2897727327242	-0.389857320532226	-0.329678889783039	-0.321489873405631	-0.411438219443191	-0.297016037174217	-0.295385122013399	-0.316228769983943	-0.242546744470577	-0.339411568189326	-0.375472838364706	-0.364788088134981	-0.276213818360672	-0.434934391714738	-0.398562909544939	-0.331310352755699	-0.345158546029188	-0.241377842851397	-0.307063361209105	-0.381925323081345	0	-0.311155707923771	-0.365305065748788	-0.366495002250367	-0.479441510342852	-0.321849965402086	-0.294499460407212	-0.349681655329037	-0.313084954903288	-0.409853621076653	-0.259886807700951	-0.40353724827997	-0.341703186701392	-0.382871470211859	-0.299914749356495	-0.446947138784807	-0.323535808409468	-0.362795472835107	-0.359549544313618	-0.411327417788008	-0.333839541858516	-0.296638987557094	-0.290602480290641	-0.311832185214324	-0.379776063263775	-0.113479731095951	-0.388197286393206	-0.309406074563732	-0.370978752591327	-0.332684101091862	-0.288593850694938	-0.353584122779026	-0.356902684726931	-0.3462538278898	-0.36735239535449	-0.258497288279383	-0.260520472197266	-0.352359395967151	-0.333935745481427	-0.331548222403771	-0.401395458221374	-0.419070155812641	-0.44361105268495	-0.358824624833564	-0.28947821802884
CL-161	-0.12079401857168	-0.239040809514937	-0.155802298956385	-0.171081033938289	-0.168464436837597	-0.185573933712218	-0.2298546666294	-0.121049001266148	-0.160690647126042	-0.0757483072870353	-0.3089352743477	-0.26657827641675	-0.186237893012962	-0.206903046964947	-0.180891709143987	-0.264373524747965	-0.228054520878347	-0.171084020185953	-0.114711695181457	-0.335444114251044	-0.230494022664292	-0.230708531545017	-0.311155707923771	0	-0.171233839416419	-0.219588700306334	-0.31526610981678	-0.119203285696744	-0.0865769338739078	-0.0896502222142339	-0.15019897259998	-0.227055728369053	-0.133008388671919	-0.198041217979826	-0.190647985711404	-0.254652303578183	-0.140427356242472	-0.360098588447677	-0.224770669821169	-0.16605764451351	-0.139182303835359	-0.232978860348289	-0.304823099888561	-0.352692663497688	-0.273124990002757	-0.236737053865921	-0.193355206512023	-0.410833207515418	-0.19975131476464	-0.115011275723312	-0.199073637947461	-0.214523016758417	-0.106673827936741	-0.183045598178277	-0.185033025162297	-0.248269155342053	-0.191271036825441	-0.275603019751569	-0.242217726865306	-0.221047573846252	-0.137825724913886	-0.253521535036079	-0.213211805040768	-0.273887059105505	-0.343747351678853	-0.16558549074097	-0.23607940352643
CL-165	-0.127837398092234	-0.271976004677822	-0.151592572459563	-0.201405845262324	-0.220756466909569	-0.230337665387581	-0.248066171713504	-0.138494650754399	-0.209756252001135	-0.159933775513959	-0.319275828245335	-0.304881658113024	-0.190063475103922	-0.223341565822394	-0.252549849060558	-0.311972090955236	-0.192443473376227	-0.173364382573097	-0.144335699728889	-0.322565257150398	-0.291319546829792	-0.216634148740272	-0.365305065748788	-0.171233839416419	0	-0.303685627659864	-0.304326339754257	-0.138919108501505	-0.171059943823287	-0.133100653111214	-0.192777537205108	-0.252939015228337	-0.210788284340591	-0.220227179541848	-0.265174540089329	-0.26015179718263	-0.206791243519257	-0.392263058642887	-0.204491043283617	-0.151618099742191	-0.152463072443988	-0.212888470882757	-0.330274704790226	-0.378495838915604	-0.259583546935092	-0.299829303578835	-0.185955777229131	-0.435617894839265	-0.253937431274941	-0.137295421055712	-0.197997426583618	-0.173750571123956	-0.169505356402732	-0.174526975628294	-0.224662309929258	-0.182689557694062	-0.209121347763126	-0.239032268336192	-0.275697437281016	-0.22589609574784	-0.172101161025203	-0.221608591074092	-0.214767283890553	-0.260357905837369	-0.336818778843197	-0.166627175887477	-0.275675090786036
CL-166	-0.267548636805974	-0.38480658009135	-0.290592611999151	-0.283219005924675	-0.292551730326134	-0.278027533273123	-0.260366444477812	-0.272063879702704	-0.245977192892164	-0.223618633979466	-0.409989539541985	-0.330686977594598	-0.290148640172853	-0.24329938402464	-0.226795385452084	-0.345181028519623	-0.317258496819884	-0.296575238151682	-0.24265628283707	-0.445715361221094	-0.286384189616789	-0.287108775887127	-0.366495002250367	-0.219588700306334	-0.303685627659864	0	-0.361539143207591	-0.258205740949147	-0.23317173228565	-0.237066015996345	-0.273275230979685	-0.32204263249867	-0.229828610806266	-0.32871612004194	-0.16978758530431	-0.313707573906422	-0.208331200543054	-0.357797403701699	-0.348826314851602	-0.290027459359179	-0.293366792357166	-0.275362067966496	-0.314542674449568	-0.416308424286022	-0.293370538658034	-0.308971632690006	-0.289594839542413	-0.442563269385114	-0.28187052351571	-0.257098351601164	-0.333834215400285	-0.316679004739586	-0.237030753600705	-0.285150987396985	-0.219781010940663	-0.355828676229372	-0.228902028669229	-0.36915261007351	-0.33269708905488	-0.315790409992135	-0.269575687283688	-0.320409223797101	-0.271754312690916	-0.350777658798823	-0.36703241436258	-0.273917389525694	-0.300184550510662
CL-167	-0.308441048335071	-0.37737002285209	-0.360724091064856	-0.283968850992369	-0.30817025564002	-0.401943300855726	-0.373653741838687	-0.349392277074624	-0.384207247106358	-0.319917741683269	-0.451700390636721	-0.427758043390404	-0.349652214910742	-0.392113854298849	-0.383667316748002	-0.201073190032322	-0.341593776202316	-0.354541996444567	-0.32874310546869	-0.432811558055543	-0.404366977184926	-0.340872792488357	-0.479441510342852	-0.31526610981678	-0.304326339754257	-0.361539143207591	0	-0.338165305578972	-0.328009991759288	-0.29034334978016	-0.378623708911418	-0.278030349185303	-0.369764402844192	-0.287282699433166	-0.327310388930485	-0.323428875089042	-0.341253387640148	-0.485687723874315	-0.384801354877212	-0.349085130121026	-0.315269491610429	-0.331861140632242	-0.449997139249368	-0.496634924444954	-0.391300645966122	-0.411589344712652	-0.344513634845837	-0.549915599610399	-0.307629492727481	-0.350281317940205	-0.369034615788758	-0.348473392937714	-0.346775565534838	-0.368473280191707	-0.33806785695432	-0.382449566654989	-0.33988918533121	-0.383153274761249	-0.435044713247483	-0.355777250484837	-0.365001701597082	-0.377745090330267	-0.308838667526158	-0.385960232775087	-0.432447999379427	-0.357073243184676	-0.400610848215602
CL-169	-0.110533056458567	-0.264185765804148	-0.127602724707181	-0.203303218296937	-0.171288625365224	-0.19034595346722	-0.232070415406378	-0.0891986900549176	-0.148676577525622	-0.0937939536184694	-0.274222487708479	-0.230150678551115	-0.169974324421201	-0.180629768992925	-0.160695946210484	-0.303817485610981	-0.208833308621754	-0.147546012894729	-0.083086693729318	-0.312242467599009	-0.201509012793766	-0.198962433215796	-0.321849965402086	-0.119203285696744	-0.138919108501505	-0.258205740949147	-0.338165305578972	0	-0.119444450853705	-0.12812669375624	-0.09457899816977	-0.253673142069776	-0.127204727928128	-0.244950109298434	-0.209171408995128	-0.257449210975356	-0.164146671762296	-0.351935763107989	-0.182512534189807	-0.170272143925255	-0.16268175904406	-0.204763299339403	-0.29762224548705	-0.353303474867871	-0.263516578536246	-0.242537639221191	-0.214479929302549	-0.409320551609134	-0.253710253709935	-0.064759631800125	-0.163752326128435	-0.192988841591324	-0.0711316664812364	-0.172029399720384	-0.184880881133228	-0.208616348674462	-0.197923798034575	-0.253180458842897	-0.207941105536895	-0.19716540603441	-0.150576061939688	-0.244484490144767	-0.205083540592275	-0.229662655955648	-0.34839129325126	-0.156975495789652	-0.214966110499637
CL-170	-0.127661132236873	-0.242650929606857	-0.145248464854034	-0.172041958826086	-0.192115815932321	-0.200455384932324	-0.215273212875972	-0.0986752296065688	-0.162039787804575	-0.0933928149180582	-0.292947044261083	-0.274265782989892	-0.187107429933298	-0.182284940534952	-0.159276875472074	-0.296688520774765	-0.208434252680537	-0.157640437362363	-0.114997750573185	-0.334618670587452	-0.215144652826972	-0.211469360812113	-0.294499460407212	-0.0865769338739078	-0.171059943823287	-0.23317173228565	-0.328009991759288	-0.119444450853705	0	-0.0942751830619688	-0.149183360748518	-0.231293860897657	-0.11734972846809	-0.21452008481438	-0.186697566883153	-0.235789808389599	-0.13669567943708	-0.361617746987498	-0.224110011342794	-0.176344242937378	-0.150415311798946	-0.228430311221293	-0.291542940243223	-0.38280979744228	-0.241605291535531	-0.239757855238612	-0.202979712368694	-0.398534306871765	-0.213452729381689	-0.110782811922255	-0.205350718513722	-0.207441946846996	-0.0897515887939037	-0.184364672223617	-0.199297374503845	-0.214545684047434	-0.189778706495167	-0.259176375739994	-0.236731904855212	-0.211428326267004	-0.169575650868117	-0.21719740181517	-0.22407516798321	-0.272813966436149	-0.314831266658834	-0.180449042298334	-0.242790371957993
CL-171	-0.0951693784476242	-0.257535550504779	-0.153800318754392	-0.140519974915595	-0.195531274557062	-0.204849580369863	-0.224523266456734	-0.120662827630054	-0.186227995664213	-0.10338427648206	-0.343446365431598	-0.295416127726738	-0.16454235444142	-0.203876047615188	-0.208355077059963	-0.263627614931088	-0.192440980473256	-0.163252505493303	-0.0945848363631124	-0.3624445469792	-0.252789359606528	-0.210782680218702	-0.349681655329037	-0.0896502222142339	-0.133100653111214	-0.237066015996345	-0.29034334978016	-0.12812669375624	-0.0942751830619688	0	-0.18264539608186	-0.194891683584263	-0.170762471500067	-0.162993409399116	-0.211295221922732	-0.208566374217393	-0.162759818046587	-0.388379301245716	-0.23818461564125	-0.133434470213476	-0.12920729482089	-0.216149799000544	-0.330081247805481	-0.391782781219792	-0.259312365189788	-0.262312383826075	-0.159116796581079	-0.44664960875555	-0.175223578748728	-0.121812583831271	-0.21068793676078	-0.201521547226979	-0.130640042451456	-0.181875821523269	-0.204473961845807	-0.230898147021488	-0.187979087203784	-0.261908197683564	-0.28285478865501	-0.212675718434978	-0.163813496588608	-0.232809421753066	-0.195086825434664	-0.275558843067764	-0.307680114330114	-0.17503094624411	-0.269036273743939
CL-172	-0.15759155336362	-0.277507047288872	-0.175252683333924	-0.243787691497278	-0.195834380080187	-0.216020149382194	-0.229422180512413	-0.128597187067745	-0.173104644914543	-0.147875010476889	-0.26789298362145	-0.206541058106681	-0.214794495717908	-0.210506044199487	-0.142634976834785	-0.33216392616387	-0.25765391962247	-0.198984442888986	-0.131270778453149	-0.313494925875732	-0.182814330046339	-0.242174166348816	-0.313084954903288	-0.15019897259998	-0.192777537205108	-0.273275230979685	-0.378623708911418	-0.09457899816977	-0.149183360748518	-0.18264539608186	0	-0.293084400358053	-0.126947998050787	-0.281972051914053	-0.226313637308887	-0.280830307144603	-0.196927767794617	-0.345121971302091	-0.205819780929161	-0.218630979312496	-0.217826589690015	-0.24565884584196	-0.308096825681355	-0.355183003332999	-0.275711999156108	-0.255131250689698	-0.258677237847323	-0.402738891779208	-0.280483044874733	-0.114004464300768	-0.178158945586218	-0.226988203014473	-0.101027792154392	-0.195307971037919	-0.230557169641732	-0.247208812736852	-0.225171775748397	-0.275725492202186	-0.193062782071671	-0.191681923325488	-0.197918118629902	-0.273216142423959	-0.263392490626808	-0.200771204386258	-0.376825331595017	-0.211574811041282	-0.231402429826697
