CL-116	CL-117	CL-118	CL-119	CL-127	CL-128	CL-130	CL-131	CL-134	CL-136	CL-137	CL-139	CL-141	CL-142	CL-144	CL-146	CL-147	CL-148	CL-150	CL-151	CL-152	CL-154	CL-160	CL-161	CL-165	CL-166	CL-167	CL-169	CL-170	CL-171	CL-172	CL-173	CL-175	CL-176	CL-177	HLD-100	HLD-102	HLD-103	HLD-104	HLD-111	HLD-112	HLD-22	HLD-23	HLD-24	HLD-25	HLD-28	HLD-31	HLD-34	HLD-35	HLD-38	HLD-39	HLD-43	HLD-45	HLD-47	HLD-50	HLD-51	HLD-53	HLD-64	HLD-72	HLD-74	HLD-77	HLD-80	HLD-85	HLD-87	HLD-94	HLD-96	HLD-99
CL-116	0	0.0844524669840956	0.134808538051607	0.0884638076801643	0.0925720992087664	0.113933174087339	0.153768166321705	0.0272399947697577	0.0645450167590995	0.0820376258527049	0.0652440832884192	0.0731927758873074	0.0812760515497782	0.070176456893555	0.0470779210424766	0.0491406775715092	0.0689971010425404	0.0600725217740727	0.0501286830951553	0.0945366292364165	0.0639263173672746	0.0891029177735752	0.0960616913455436	0.0787642595858541	0.0599239063531498	0.0758212915509263	0.14776486871773	0.0349112293939616	0.0814182886264555	0.0705668115613868	0.082245559875112	0.0618769553611578	0.0260057851582308	0.117614116551484	0.17414952752415	0.168949263460698	0.0714023746575626	0.0948542707798482	0.0602728017833851	0.0889077404396593	0.087515347890841	0.0787693622612506	0.106493473359251	0.0943408140680761	0.0615140275735822	0.0526264427017391	0.114592694882335	0.083759140964597	0.0664534173573882	0.0546279671260138	0.0843752890187236	0.0883745108607257	0.0518368036841316	0.0944639161120165	0.101684201798055	0.0585850918959947	0.0881085339056834	0.0998644601847806	0.118028071093025	0.130153941338368	0.094671212299999	0.0964201542921473	0.10084034685436	0.144923954190732	0.102065626783943	0.109496397830087	0.0963940030807403
CL-117	0.0844524669840956	0	0.154087083533985	0.0683178073803821	0.0762186623974282	0.110249680285495	0.180497893551813	0.0659316687980967	0.0993344197779698	0.0974457920468426	0.0766364439455162	0.117848201785299	0.070946323044001	0.0910444857619411	0.0807434598052691	0.104876563092987	0.0630378140138601	0.0649513172875453	0.0474006652613048	0.125891931713446	0.0665612113751391	0.0784300343473838	0.0824343588647823	0.0542720555171083	0.10021526911829	0.0308099540440297	0.133839029726273	0.0815783850670204	0.0588906145853598	0.0704220231470113	0.115118908282599	0.0834963531816776	0.0790206690245279	0.0618756796923087	0.144128574663303	0.159603075637595	0.0812333166433326	0.114134091931076	0.0773048944224569	0.0489608082637828	0.083283316483874	0.0797560921160476	0.0798402862600897	0.0801024362085846	0.113380809475668	0.043207541754236	0.075265737767133	0.0918947190498818	0.109012919336269	0.0972959009570705	0.08348550999646	0.0742407378468623	0.0948861625010763	0.0940550642458724	0.0840410637802533	0.0884019377409818	0.0617436479664244	0.0852918570868188	0.108013432792981	0.136758716804705	0.0719381555741945	0.11102082210479	0.0968660005549159	0.173689648904041	0.0807307031167779	0.0797050653620826	0.108864303915347
CL-118	0.134808538051607	0.154087083533985	0	0.107636791565278	0.112104821709332	0.158375882204738	0.0912326469171868	0.131660825166395	0.157801193388208	0.125217421809472	0.13721955217645	0.187839367778518	0.150814992935984	0.182073982414905	0.17017709472798	0.176395980367456	0.121407636791565	0.111424252378325	0.129122881991064	0.206131821240524	0.122328669700632	0.13978109522549	0.166468087549153	0.156373082111615	0.171860977608822	0.129188578936794	0.0422814061697724	0.152437005877644	0.135821419117811	0.0952557875501099	0.205344733560615	0.166297785757795	0.141103963822031	0.153452438281546	0.0696138869310916	0.124662186942891	0.161155564626978	0.199275101176486	0.169796307576516	0.140880721773435	0.0901135664192932	0.135105131059028	0.146267233488859	0.161824652938344	0.158900819936153	0.15820558041338	0.148421838175028	0.201001718963774	0.182507071989182	0.159023284145669	0.161801690899059	0.154734485474916	0.171458504086924	0.187720092741125	0.135259486989772	0.149659874793102	0.156708583018934	0.124945066510185	0.231442366875983	0.184150133466853	0.151982867767356	0.176911988416927	0.118851196417922	0.133088617525776	0.159971743934992	0.120087957367147	0.172954225812521
CL-119	0.0884638076801643	0.0683178073803821	0.107636791565278	0	0.0325378475001674	0.095998545737512	0.147872024901056	0.0746578815605257	0.107000551726777	0.0875140722219919	0.0693160182548212	0.119708764801745	0.0536348589269711	0.109089459467217	0.0950660318088028	0.130051249996014	0.0798836590009599	0.0620893542245368	0.0500406619445658	0.145539145493221	0.0688287127544561	0.0654379849534859	0.101531759370585	0.0658902095605002	0.0976084398251058	0.0534792273273781	0.100644212768807	0.0841660793274674	0.0823214621716349	0.0654858225353281	0.137073807010438	0.0987692984778081	0.095714709418582	0.061853355487449	0.134536182752319	0.171888404489079	0.088311365252694	0.124421723364832	0.0760936468502141	0.0484141841619334	0.0414943184898632	0.0653531529750192	0.0746591572293748	0.0834938018439793	0.112839288049215	0.0838369567643935	0.0733107752558513	0.10901993551494	0.104660975057485	0.0942553442551848	0.0749187558401714	0.0849620966893204	0.111235772305867	0.112866714929471	0.0636258973533061	0.0846087364181132	0.0890372208278453	0.031267919160865	0.157953954732891	0.108283874588995	0.0756356817333788	0.127347469870296	0.0770988739033234	0.186703384668374	0.0950902695169361	0.0683917961736313	0.119349664020717
CL-127	0.0925720992087664	0.0762186623974282	0.112104821709332	0.0325378475001674	0	0.0869840318151811	0.142442140444762	0.0825587365775718	0.0942559820896093	0.0752172623508663	0.0466875663746448	0.106964195164577	0.0580697216809488	0.080462812658462	0.0987405959287029	0.120784153641556	0.0828157838506702	0.066756388709055	0.0469745918656976	0.127230108336177	0.0697861022257232	0.0654156607486263	0.0831295983875546	0.0672813264404693	0.0749799879449294	0.0678120046817047	0.103503624494118	0.0882743708560695	0.0966542395259614	0.0661166407812196	0.114879082538964	0.0892075226192033	0.0984337975704887	0.0824496668909718	0.144834019536868	0.159724264178262	0.073912253118213	0.0987495256106467	0.0774847637301833	0.0700616466971339	0.0455018321793846	0.0534097033751009	0.0775466336693658	0.0682425429182838	0.103138464286056	0.0872028090228058	0.0563909414755024	0.11880622909099	0.0981289127155482	0.0720606197837103	0.0770089392494602	0.0588561715264335	0.112193161777134	0.0936902229550231	0.0508813277161382	0.0753416400636559	0.0733700938573356	0.036584269089587	0.144492459202516	0.099791109225956	0.0616702970075998	0.118080373515839	0.0784899907832926	0.184581309537857	0.0780007717796537	0.0690226144195228	0.116275939928754
CL-128	0.113933174087339	0.110249680285495	0.158375882204738	0.095998545737512	0.0869840318151811	0	0.208093162096051	0.11037342016386	0.106062297288247	0.10196165977274	0.076469331326281	0.129562668826799	0.0999499299976719	0.107550365000749	0.144780760362418	0.13087852124467	0.123674181419245	0.0895334560101543	0.115461425368589	0.111946319854829	0.0692299106075054	0.144578566849831	0.0466199559256413	0.105795044664356	0.0963627491939367	0.101302138977743	0.172815815742391	0.103301749898744	0.100565440217374	0.100193582747854	0.0921568689983767	0.114181291678493	0.102653710123389	0.124114287172193	0.187762827647571	0.199898903243707	0.116611440836073	0.119327339815857	0.109771942301498	0.105101718644857	0.0792394462321526	0.11360341368984	0.106871709173016	0.0991264857555627	0.137008747899133	0.129257783971859	0.128473885464072	0.126766402709521	0.13180274332586	0.0892132631290243	0.121543814441209	0.0793076945155807	0.10061519130249	0.137790095069221	0.119109200442657	0.115391263581887	0.0670555330541745	0.0677424807294274	0.163169526822532	0.0918730326794467	0.110893255219877	0.106055918944001	0.105076205267875	0.203458657167186	0.132423356220959	0.123693954286407	0.0941507394095567
CL-130	0.153768166321705	0.180497893551813	0.0912326469171868	0.147872024901056	0.142442140444762	0.208093162096051	0	0.163725399523538	0.159731918191357	0.175538093066421	0.173424947617848	0.150349373806054	0.168047365584368	0.172783924021163	0.116511619748629	0.150723782613271	0.190540596566537	0.177459888187625	0.163604848817296	0.178904583159258	0.170786864437861	0.177723951639394	0.216340999040059	0.138308973373602	0.155503713790937	0.177332959137138	0.0829758802912352	0.150894084404629	0.174918755840171	0.167769269775259	0.163509811488036	0.179655952111391	0.160330206881596	0.170617200480927	0.0763066835480178	0.0776812167329483	0.137822943542086	0.132821045984673	0.154634345470259	0.17548770414688	0.162314509776407	0.18051702858455	0.154749793501105	0.195742774133263	0.141274265613389	0.154789977069852	0.131063174310581	0.14248104834466	0.135492934389162	0.157235434253622	0.176217386728579	0.182718195183712	0.146538950953722	0.131424188594883	0.122384799129994	0.139973083387283	0.208387841600199	0.168683286505656	0.156395406316474	0.182110976811529	0.142543556118267	0.16693051750696	0.189206246950354	0.0864928993082686	0.15360679421229	0.14836762224894	0.168973501168832
CL-131	0.0272399947697577	0.0659316687980967	0.131660825166395	0.0746578815605257	0.0825587365775718	0.11037342016386	0.163725399523538	0	0.0709699229177098	0.085371586389889	0.074712735321038	0.0837738111563619	0.0863933971380369	0.068073516795775	0.059083878416002	0.0657364914641808	0.0752000408214032	0.0650750571659103	0.0521015049703248	0.0952006148723853	0.0614100605623786	0.0865662502670932	0.0759118640392141	0.072682508347658	0.0713723964396082	0.0637324157022079	0.151825960498914	0.0448684625957948	0.0749028099795574	0.0812027005909536	0.0977761902787655	0.0556382968545195	0.0300107475100539	0.113545370757205	0.180005485376051	0.189660385060642	0.0773935534074709	0.08861561227321	0.0525620214248583	0.0802963378736514	0.0702319484884919	0.0954213055832836	0.110822455598751	0.088238652128294	0.0751388087166452	0.0520160351574335	0.11827491301533	0.0827009736542491	0.0749385287073329	0.0549577275235122	0.0898255841766036	0.0887922924088136	0.0462296012578095	0.0944568999333463	0.108109107956666	0.0726984542082721	0.0695877357196845	0.0916319312669624	0.119431944661485	0.12548690685385	0.0980051728371832	0.106322533733468	0.0972856956062776	0.164610713704829	0.100596694104177	0.110504814055319	0.105552667583022
CL-134	0.0645450167590995	0.0993344197779698	0.157801193388208	0.107000551726777	0.0942559820896093	0.106062297288247	0.159731918191357	0.0709699229177098	0	0.0953007548770415	0.0828993401602878	0.0755272498812033	0.0962217877861086	0.0718998855087208	0.0855150991354154	0.0715937249849312	0.0806107902449603	0.0816938330978661	0.0949021083616904	0.102117929206757	0.0746508653818555	0.113776904653321	0.0879969128813851	0.0991213830801662	0.0883368786296765	0.086109560819107	0.180832756624708	0.0827309518722035	0.0888758487184312	0.0884465861507011	0.0651464946214612	0.08301989086653	0.0700967275904848	0.11613561635535	0.168623330069747	0.206066124294794	0.0601114296739709	0.11746805246826	0.0706911892741763	0.0984191273787237	0.0924190189468716	0.10567959663351	0.128067584935627	0.128575938972002	0.0498607926368394	0.0736265032960094	0.102944562620989	0.117883282678649	0.0767863350352882	0.0834440507588635	0.126732597485019	0.11249740879765	0.0770669821820954	0.065299574883356	0.0900870962906739	0.079398904838293	0.0905246507059232	0.115389350078613	0.124405139669793	0.086508207334458	0.0942923386518094	0.101348063056311	0.0952465389509537	0.161432384767238	0.105637499561489	0.0978635735949305	0.133004423381734
CL-136	0.0820376258527049	0.0974457920468426	0.125217421809472	0.0875140722219919	0.0752172623508663	0.10196165977274	0.175538093066421	0.085371586389889	0.0953007548770415	0	0.0612812180086171	0.138571442239309	0.0901106961643827	0.106628056422833	0.084854940505994	0.083686427840197	0.0804915152075673	0.052351536064753	0.075415628856905	0.142182222916753	0.061413887568926	0.0942904251485357	0.0849665615302923	0.0734274989555461	0.110798217890618	0.0687521726235087	0.149699420527425	0.0946323044001008	0.0420581641211758	0.0635831624468604	0.129039006764234	0.0982698741233763	0.0773725048714604	0.118688867556871	0.128592203749829	0.15579775546066	0.0925102292695839	0.0957312931136206	0.109092010804915	0.0982998523413307	0.071989820162584	0.0631800510905374	0.0972671984079653	0.100682801751493	0.075156668080533	0.100269485044377	0.129378334678101	0.130959526216589	0.105849260590443	0.0957931630528031	0.107246117980234	0.0848236866191905	0.0656784485315457	0.100472954225813	0.0784038831359767	0.124042849716642	0.0908531354345725	0.0859870966095911	0.142110785461202	0.145906538121769	0.0472833037271855	0.0840735933359059	0.0954053597226696	0.216188556612589	0.0700405981611234	0.0934542242179353	0.0857861787658542
CL-137	0.0652440832884192	0.0766364439455162	0.13721955217645	0.0693160182548212	0.0466875663746448	0.076469331326281	0.173424947617848	0.074712735321038	0.0828993401602878	0.0612812180086171	0	0.0896705904114351	0.0581035269054506	0.0547408638191612	0.0814725045525432	0.0821894304457506	0.0805406284582585	0.0589473818491458	0.0433931515717835	0.101972502957957	0.059734469529055	0.07215565711297	0.070522800986092	0.0585244976256614	0.0579861653713312	0.0642101536862046	0.14016698505235	0.0591323538322687	0.0832144303660213	0.0912785709957552	0.0801636683133425	0.0693383424596809	0.0758385130803895	0.113172237618837	0.155547724366232	0.145105737001732	0.0721244032261665	0.0906522175908356	0.0617168589205928	0.0796680709654581	0.0756975516725613	0.0515644483848438	0.0887591250187364	0.0651828511836612	0.0878132165671113	0.0840193774098182	0.0967703253912317	0.108098902605873	0.0864342185412089	0.0434148379422186	0.0727807348490405	0.0386667984857811	0.079739508421009	0.10183728205995	0.0787336435334751	0.0751675112657505	0.064762518297875	0.061274201829947	0.130296178415045	0.119447252687675	0.0584715573684227	0.0794856503200334	0.0975350888662812	0.163810231502004	0.074495871616687	0.0918309356074257	0.0971364423509301
CL-139	0.0731927758873074	0.117848201785299	0.187839367778518	0.119708764801745	0.106964195164577	0.129562668826799	0.150349373806054	0.0837738111563619	0.0755272498812033	0.138571442239309	0.0896705904114351	0	0.104773871750632	0.0930313399944508	0.0731334572858232	0.101404830320097	0.127656181731784	0.121253599778034	0.0854494021896856	0.0512251204709769	0.104689039772166	0.111018908601516	0.109301858330596	0.0987846065039976	0.0773227537863446	0.119276950896317	0.182104598467284	0.0818443620220627	0.140077369315699	0.132728878910324	0.0612314669235013	0.0997043637442156	0.0805406284582585	0.146747841727766	0.21223589668358	0.170352499194734	0.0777705135523869	0.0795181798756861	0.0701439273379024	0.119949866214229	0.130673776394386	0.119692818941131	0.132011953017116	0.121064800788363	0.100125972298851	0.0815012071016485	0.111173902366685	0.111998622277643	0.0523432442172336	0.0790544742490297	0.100777839080753	0.0941890094750304	0.0961025127487155	0.104335041666534	0.10933183654855	0.0876830983445007	0.136895213371561	0.127606430646668	0.105879876642822	0.105208236993759	0.104542337854516	0.104768131240811	0.143998775357905	0.130704073529552	0.123625706002979	0.12040719349664	0.122495463402655
CL-141	0.0812760515497782	0.070946323044001	0.150814992935984	0.0536348589269711	0.0580697216809488	0.0999499299976719	0.168047365584368	0.0863933971380369	0.0962217877861086	0.0901106961643827	0.0581035269054506	0.104773871750632	0	0.103884092728369	0.0916006773801589	0.109488105982568	0.0832074141873511	0.0598014421436339	0.0609457171012977	0.135743922235227	0.044654150229142	0.0759093127015158	0.0958926652230347	0.0534824164995009	0.0846355254639448	0.0595864919425566	0.138277081652374	0.0867078495093459	0.082855329584993	0.0910432100930919	0.120666792107437	0.113673575476542	0.0884823048784766	0.09071855237099	0.167602157156024	0.167884717806105	0.066286304738153	0.123215578467985	0.0527712311161146	0.0583586606752753	0.0678183830259503	0.0526391993902303	0.106522175908356	0.0883292246165818	0.0974706675894005	0.0931129828007947	0.0894919967725578	0.0975114889925724	0.0928246816408928	0.0930491993583386	0.0751235006904558	0.0779605882109063	0.0943950299941638	0.0947541307751921	0.080018879898967	0.0967907360928177	0.0771779653719691	0.0650355114315875	0.144172266321386	0.108767990917238	0.0613781688411505	0.116568705929628	0.0806471468071603	0.168991360532719	0.0825115368301543	0.10009790758417	0.100401516770262
CL-142	0.070176456893555	0.0910444857619411	0.182073982414905	0.109089459467217	0.080462812658462	0.107550365000749	0.172783924021163	0.068073516795775	0.0718998855087208	0.106628056422833	0.0547408638191612	0.0930313399944508	0.103884092728369	0	0.086838605566381	0.0716339085536785	0.104883579271657	0.102223809721234	0.0732992942362092	0.0705355576745832	0.109018022011666	0.10943389005648	0.075373531784884	0.100435959829188	0.0414911293177404	0.0850501178399099	0.17744521799586	0.0352652274995934	0.11313077838124	0.108249431530069	0.0425027347150953	0.0261040116596133	0.0756312168924069	0.131315437825495	0.17926432177471	0.185323110973622	0.0844288671103868	0.0678528260848766	0.0700846087364181	0.0772819323831726	0.115470992884957	0.0939823511214724	0.089442245687442	0.0752982673227857	0.0807504759839393	0.0674465255564308	0.110744639798955	0.0818539295384311	0.0835301584061793	0.0230506982692363	0.082896150988165	0.0560981754746285	0.0851056094348468	0.0611798023351118	0.101277901269609	0.0563316228740181	0.0559444573783092	0.0868979241678653	0.0857109143037559	0.0840837986866989	0.107697704752823	0.0776085036085482	0.125092725179471	0.124577673881637	0.113410787693623	0.112237172352429	0.109014832839543
CL-144	0.0470779210424766	0.0807434598052691	0.17017709472798	0.0950660318088028	0.0987405959287029	0.144780760362418	0.116511619748629	0.059083878416002	0.0855150991354154	0.084854940505994	0.0814725045525432	0.0731334572858232	0.0916006773801589	0.086838605566381	0	0.0561141213352426	0.108088059420655	0.095441078450445	0.0642841424794538	0.114921179610985	0.0943401762336515	0.0952714144935116	0.130996520613214	0.0460286834140725	0.0691246679274527	0.0920497128150503	0.161486600693326	0.0515733780667876	0.0868928214924688	0.110091497348203	0.0943867381466445	0.0754481584125577	0.0574848275136257	0.110883049869084	0.14838293027513	0.141626350215747	0.0631723970774427	0.0643842824841099	0.06235405551073	0.0950762371595957	0.122883904567213	0.092924821645549	0.083635401086232	0.096422067795421	0.0666237191487462	0.0516167508076578	0.110952573821362	0.0581430726397734	0.0477514741948138	0.0712901157988398	0.098530748403022	0.0945430075806621	0.0496994205274253	0.0572073695389414	0.0743051591237431	0.079403369679265	0.123043363173354	0.106466684313419	0.0834580831162039	0.131801467657011	0.0642012240042607	0.0915107427262957	0.140365032641177	0.151161337028521	0.0700023280956496	0.115916201313301	0.1064583924659
CL-146	0.0491406775715092	0.104876563092987	0.176395980367456	0.130051249996014	0.120784153641556	0.13087852124467	0.150723782613271	0.0657364914641808	0.0715937249849312	0.083686427840197	0.0821894304457506	0.101404830320097	0.109488105982568	0.0716339085536785	0.0561141213352426	0	0.0894211971514315	0.0998638223503561	0.0974732189270987	0.115361285363932	0.0921383718000644	0.128894218349859	0.122477604038768	0.0775160176169868	0.0938930543020337	0.0924502728336751	0.196905546289239	0.0691112734045369	0.0667908317679814	0.0927870494098437	0.0837030115352356	0.0754149910224805	0.062706140113088	0.136743408778515	0.15643112504425	0.171374947777306	0.0978182873507866	0.0866357742193704	0.0884848562161748	0.111127978288116	0.115727402323631	0.126113898093194	0.0974572730664847	0.134132114644359	0.0391024393977567	0.0717557349287698	0.121641403108167	0.0900641342513897	0.0652051753885209	0.0754526232535296	0.133515966590233	0.112707256323331	0.0419063595281301	0.072052327936191	0.0792726136222298	0.0618386852956841	0.0951572421315151	0.14145190250063	0.100078772551433	0.138998791303765	0.0846565739999554	0.0645380005804293	0.109685196819758	0.153768804156129	0.0903390408883758	0.12432923737327	0.0933496193723071
CL-147	0.0689971010425404	0.0630378140138601	0.121407636791565	0.0798836590009599	0.0828157838506702	0.123674181419245	0.190540596566537	0.0752000408214032	0.0806107902449603	0.0804915152075673	0.0805406284582585	0.127656181731784	0.0832074141873511	0.104883579271657	0.108088059420655	0.0894211971514315	0	0.045237768727616	0.0685646493026875	0.143718766045522	0.0602396343933078	0.0660056575913459	0.102315020043947	0.094717774212992	0.112227604836061	0.0477323391620769	0.144468540411595	0.0889855562394558	0.0525690376035285	0.0503461846339309	0.122526079455034	0.086792043653388	0.0786909086270295	0.0807613191691569	0.155182883075382	0.190326922034309	0.102898638542421	0.143248044240196	0.106510694888714	0.0632616938968813	0.0722966185207982	0.0814878125787327	0.0962485768319402	0.0912179767254219	0.0771205602737585	0.0685518926141963	0.0758353239082667	0.134118720121444	0.118226437599064	0.101200085469813	0.10577463396277	0.0971128424772213	0.109369468779599	0.110529689597877	0.0852408303328539	0.0916529798029729	0.0707211674921307	0.0960897560602243	0.148571410347588	0.148591183214749	0.0882635276708519	0.0997215852736788	0.0797854324995774	0.183497628850527	0.0906241528761549	0.0790104636737349	0.104189615417734
CL-148	0.0600725217740727	0.0649513172875453	0.111424252378325	0.0620893542245368	0.066756388709055	0.0895334560101543	0.177459888187625	0.0650750571659103	0.0816938330978661	0.052351536064753	0.0589473818491458	0.121253599778034	0.0598014421436339	0.102223809721234	0.095441078450445	0.0998638223503561	0.045237768727616	0	0.0532923418409815	0.122360242504648	0.0384677941453178	0.0661421541582021	0.0805049097304831	0.079445466751286	0.100311582116398	0.0453277033814792	0.121551149537092	0.0759048478605439	0.0501644018229308	0.0516639505550754	0.127591760454904	0.0957561686561785	0.055074451223207	0.091229457745064	0.15039784922232	0.169911117772937	0.0717136378567488	0.119821661494893	0.0954850890257398	0.0699819173940637	0.05822088843957	0.0627239994769758	0.0978355088802498	0.0896999307949649	0.0879969128813851	0.0716096708455452	0.0978406115556463	0.119656462378931	0.11066427266146	0.0868985620022898	0.0804704666715567	0.0738471940069077	0.084585774378829	0.119338183001075	0.0940493237360513	0.102095605001898	0.0705502278663482	0.0740627820424096	0.146236936353692	0.15107873747054	0.0625409409971266	0.106008081362159	0.091209047043478	0.193940254049451	0.0812620191924378	0.088496337235817	0.0807147572561639
CL-150	0.0501286830951553	0.0474006652613048	0.129122881991064	0.0500406619445658	0.0469745918656976	0.115461425368589	0.163604848817296	0.0521015049703248	0.0949021083616904	0.075415628856905	0.0433931515717835	0.0854494021896856	0.0609457171012977	0.0732992942362092	0.0642841424794538	0.0974732189270987	0.0685646493026875	0.0532923418409815	0	0.105573716119033	0.0694423094708845	0.0471653043586415	0.0774343748106429	0.0508003227442188	0.0641323378864081	0.0570574784491694	0.106667921074368	0.0548078364337402	0.0851381389904994	0.0746655355736204	0.107715564116711	0.0717289458829383	0.0621812023816737	0.0954685053307012	0.156056716237032	0.144068618227394	0.0729931337124196	0.0973813707699618	0.0636597025778078	0.0635614760764253	0.0771160954327866	0.0460548346254796	0.0737228162941182	0.0551382346656631	0.104218317966839	0.0580467596416646	0.0851744955526995	0.0926569311872331	0.0738790857281358	0.0688963232034596	0.0422552549583654	0.0539225222524485	0.0943318843861322	0.0943363492271041	0.0710094686520326	0.0844339697857833	0.0723744343205947	0.0697497456635232	0.114849104321009	0.141731911813012	0.0592828827564652	0.0979892269765691	0.104884217106081	0.166286304738153	0.0806471468071603	0.0874643211368761	0.0984835486556045
CL-151	0.0945366292364165	0.125891931713446	0.206131821240524	0.145539145493221	0.127230108336177	0.111946319854829	0.178904583159258	0.0952006148723853	0.102117929206757	0.142182222916753	0.101972502957957	0.0512251204709769	0.135743922235227	0.0705355576745832	0.114921179610985	0.115361285363932	0.143718766045522	0.122360242504648	0.105573716119033	0	0.120995276836086	0.128187497807444	0.0828387458899544	0.132710381712011	0.0809973179062447	0.119897563791415	0.189422472820281	0.0670013171280867	0.144475237673052	0.139374475779832	0.0552619745440281	0.0879586428159114	0.0869553292660758	0.165452336228039	0.214545495134918	0.189611909644375	0.101119718332318	0.0762977538660739	0.10859067294721	0.122120416761013	0.14774541476778	0.14164771766897	0.133822764948447	0.118741169979685	0.123760926900986	0.102727698916638	0.132076374293997	0.112948357735815	0.0802351057688934	0.0629906142664426	0.0969501946989581	0.0860138856554227	0.106817493246928	0.111327620463004	0.148205931222314	0.100058999684272	0.122078957523416	0.134563290715363	0.0981053128418394	0.118313820915229	0.128325270043149	0.106316155389222	0.167864626021731	0.145626209892174	0.140971613178935	0.135833219054666	0.10159681848189
CL-152	0.0639263173672746	0.0665612113751391	0.122328669700632	0.0688287127544561	0.0697861022257232	0.0692299106075054	0.170786864437861	0.0614100605623786	0.0746508653818555	0.061413887568926	0.059734469529055	0.104689039772166	0.044654150229142	0.109018022011666	0.0943401762336515	0.0921383718000644	0.0602396343933078	0.0384677941453178	0.0694423094708845	0.120995276836086	0	0.0796667952966089	0.067195856627578	0.0619790088690877	0.087091825832932	0.0416627067779475	0.133279648935933	0.087128182395132	0.0427221497571445	0.0585691460353807	0.116566154591929	0.110616435079618	0.0574880166857485	0.0850118477744362	0.156047786555088	0.169918771786032	0.0585908324058158	0.114050535621458	0.0651764728394156	0.068838918105249	0.0510273917993628	0.0699863822350356	0.113758407455009	0.094288511645262	0.075316764521098	0.0807281517790797	0.0963876247364946	0.108250707198918	0.109451111585943	0.0899665455844317	0.102696445029835	0.0711759434368432	0.0564636545999024	0.0972359445211617	0.0792809054697491	0.0981474099138605	0.0674541795695255	0.0767263785993794	0.140983732033002	0.119365609881331	0.0571856831685063	0.093761660410574	0.0685085198733261	0.1798976913583	0.0797133572096019	0.100154674847956	0.0814418885001642
CL-154	0.0891029177735752	0.0784300343473838	0.13978109522549	0.0654379849534859	0.0654156607486263	0.144578566849831	0.177723951639394	0.0865662502670932	0.113776904653321	0.0942904251485357	0.07215565711297	0.111018908601516	0.0759093127015158	0.10943389005648	0.0952714144935116	0.128894218349859	0.0660056575913459	0.0661421541582021	0.0471653043586415	0.128187497807444	0.0796667952966089	0	0.115578149068283	0.0893778244105613	0.0957344822857434	0.071819518371226	0.121923644841036	0.0862288358565	0.0953626248162239	0.0932966791150685	0.139136563539471	0.103502029908056	0.0941239503637251	0.0883375164641011	0.167695918816434	0.183998328873808	0.0879312159356553	0.132279843475432	0.0988018280334608	0.0738114752791323	0.0959908917244173	0.0655024062303667	0.0971708854098565	0.064353666431731	0.110965330509853	0.0884752886998064	0.078122598154745	0.131197438456951	0.105300085150896	0.0968143359665264	0.0814731423869678	0.0848842808895239	0.128796629682901	0.108497549121224	0.0896406121934807	0.112419592997854	0.107082832367546	0.0816440820127503	0.15127582830773	0.149513491792666	0.079192246484735	0.129410226399329	0.0897292711784948	0.19420431750122	0.0948083467012798	0.101625521030996	0.129825456609719
CL-160	0.0960616913455436	0.0824343588647823	0.166468087549153	0.101531759370585	0.0831295983875546	0.0466199559256413	0.216340999040059	0.0759118640392141	0.0879969128813851	0.0849665615302923	0.070522800986092	0.109301858330596	0.0958926652230347	0.075373531784884	0.130996520613214	0.122477604038768	0.102315020043947	0.0805049097304831	0.0774343748106429	0.0828387458899544	0.067195856627578	0.115578149068283	0	0.0894007864498455	0.0856490443645734	0.0879273889291079	0.170987144447173	0.0854481265208364	0.0962670740302525	0.101398451975852	0.0843976132235833	0.0921766418655381	0.0884803913752029	0.133534463788545	0.198198436667825	0.180333332270276	0.112427884845373	0.100131712808672	0.0931442366875982	0.0886577093452311	0.0798332700814196	0.103572191694758	0.115387436575339	0.0829108211799299	0.124534620057979	0.109350333746863	0.137724398123491	0.111803444943727	0.100466575881567	0.0732335972904793	0.0894741374086701	0.0539761003441117	0.0899002108042773	0.120626608538689	0.124780186311435	0.125881726362654	0.0451363530541107	0.0823520782240138	0.134183141398324	0.111641434999888	0.0942897873141111	0.0942846846387146	0.114718348263974	0.191348094948032	0.116206415976477	0.140296146523324	0.0870956528394794
CL-161	0.0787642595858541	0.0542720555171083	0.156373082111615	0.0658902095605002	0.0672813264404693	0.105795044664356	0.138308973373602	0.072682508347658	0.0991213830801662	0.0734274989555461	0.0585244976256614	0.0987846065039976	0.0534824164995009	0.100435959829188	0.0460286834140725	0.0775160176169868	0.094717774212992	0.079445466751286	0.0508003227442188	0.132710381712011	0.0619790088690877	0.0893778244105613	0.0894007864498455	0	0.0923903163977663	0.0655783085268895	0.154637534642382	0.0832597166101652	0.0593868497676688	0.10132127401048	0.117218659208256	0.102748747452649	0.0962613335204314	0.0970764859150213	0.14419108243691	0.128299437748955	0.0772124084308954	0.0828304540424351	0.0618246529383437	0.0710477387175063	0.0768552211531408	0.0818839077563855	0.0773080835945797	0.0916510662996993	0.0888548001824206	0.0824037428124033	0.0928061844425805	0.0587528423496544	0.0660624248551319	0.0856018446171558	0.0874898345138585	0.0728311237685809	0.0584428548193174	0.0755272498812033	0.0566805183042534	0.097714320339583	0.0774484071679833	0.0772908620651165	0.110201204869228	0.140931429610187	0.044953932408686	0.0836602766287899	0.103049167466617	0.173993258090132	0.0522105746569248	0.10663315909823	0.0818009892811925
CL-165	0.0599239063531498	0.10021526911829	0.171860977608822	0.0976084398251058	0.0749799879449294	0.0963627491939367	0.155503713790937	0.0713723964396082	0.0883368786296765	0.110798217890618	0.0579861653713312	0.0773227537863446	0.0846355254639448	0.0414911293177404	0.0691246679274527	0.0938930543020337	0.112227604836061	0.100311582116398	0.0641323378864081	0.0809973179062447	0.087091825832932	0.0957344822857434	0.0856490443645734	0.0923903163977663	0	0.103440159968874	0.154816128281259	0.0381571687805563	0.128017833850511	0.124917320712716	0.060240910062157	0.0469867107197643	0.0606433835840554	0.135241946543097	0.199775801199767	0.163634189200825	0.0571563427849764	0.0533841899981184	0.0497606526321832	0.0800207934022407	0.114049897787033	0.0735550658404585	0.089111847455519	0.0536807830055396	0.0855253044862084	0.0660981435829073	0.115828180162712	0.0595973351277742	0.0730339551155915	0.0224396528905062	0.0697184917767197	0.0461122397236901	0.0860547070585947	0.0589295224852581	0.103364895506775	0.0774184289500289	0.0798887616763564	0.0749257720188416	0.0833726133033126	0.0795513472657633	0.0916957147094186	0.100421289637423	0.137749911500474	0.128236292140923	0.119299275101176	0.126539971488801	0.101217944833701
CL-166	0.0758212915509263	0.0308099540440297	0.129188578936794	0.0534792273273781	0.0678120046817047	0.101302138977743	0.177332959137138	0.0637324157022079	0.086109560819107	0.0687521726235087	0.0642101536862046	0.119276950896317	0.0595864919425566	0.0850501178399099	0.0920497128150503	0.0924502728336751	0.0477323391620769	0.0453277033814792	0.0570574784491694	0.119897563791415	0.0416627067779475	0.071819518371226	0.0879273889291079	0.0655783085268895	0.103440159968874	0	0.12543237201055	0.0691520948077089	0.0301969951620259	0.0455235185498197	0.102692618023287	0.0692739211828002	0.0756643842824841	0.0588153501232615	0.125312459138732	0.170589135766246	0.0815471311802169	0.115562841042094	0.0846297849541238	0.0341222282107788	0.0677597022588906	0.0750463227250838	0.0865439260622335	0.0897592493964492	0.0902784466180424	0.0505324322859029	0.0785327256897382	0.112575862431871	0.110441668447288	0.084869610697759	0.0913461814447587	0.0756694869578806	0.0806637305021989	0.0973220521684776	0.0709986254668151	0.0738593128609744	0.0644990926805311	0.0704532770338148	0.133443891300257	0.121920136751701	0.0682706076329646	0.0982743389643482	0.075446244909284	0.175118398015059	0.0777214003016957	0.0643676987890714	0.105508019173303
CL-167	0.14776486871773	0.133839029726273	0.0422814061697724	0.100644212768807	0.103503624494118	0.172815815742391	0.0829758802912352	0.151825960498914	0.180832756624708	0.149699420527425	0.14016698505235	0.182104598467284	0.138277081652374	0.17744521799586	0.161486600693326	0.196905546289239	0.144468540411595	0.121551149537092	0.106667921074368	0.189422472820281	0.133279648935933	0.121923644841036	0.170987144447173	0.154637534642382	0.154816128281259	0.12543237201055	0	0.15424016379588	0.150771620195114	0.119737786268063	0.207147891478851	0.170510682132025	0.149532945742615	0.133548815063098	0.0564980976588287	0.0930938477680579	0.143340211314545	0.185892697114756	0.160214121016325	0.136189449580783	0.130241643571745	0.125960498914087	0.138010466862907	0.151135185817114	0.178976658449233	0.14208814233913	0.137732371053798	0.186022177502942	0.167667854101754	0.164825663905907	0.140135093331122	0.137120687840643	0.182409483322224	0.17555340109261	0.129524717678538	0.151463032711338	0.170291267089976	0.120687521726235	0.199131588430959	0.184709514257194	0.134601241863625	0.197421554338709	0.153285963496736	0.124831850899825	0.161864198672667	0.141509626516053	0.185234451988608
CL-169	0.0349112293939616	0.0815783850670204	0.152437005877644	0.0841660793274674	0.0882743708560695	0.103301749898744	0.150894084404629	0.0448684625957948	0.0827309518722035	0.0946323044001008	0.0591323538322687	0.0818443620220627	0.0867078495093459	0.0352652274995934	0.0515733780667876	0.0691112734045369	0.0889855562394558	0.0759048478605439	0.0548078364337402	0.0670013171280867	0.087128182395132	0.0862288358565	0.0854481265208364	0.0832597166101652	0.0381571687805563	0.0691520948077089	0.15424016379588	0	0.0972327553490389	0.092351408497868	0.0529077276829708	0.028761867706762	0.0459942403551462	0.120692305484419	0.171257586243187	0.176360899474105	0.0741016899423079	0.0673304396911606	0.0615484706325085	0.0613839093509716	0.105143815716878	0.0858021246264682	0.0803932887061848	0.0650208412398225	0.0838560917971304	0.0515485025242297	0.115874742075705	0.0670083333067569	0.0695316062903231	0.0197167377320521	0.0644046931856959	0.060850679772038	0.0662276239710933	0.0707173404855834	0.1043835170828	0.0560720242632215	0.0774949690809763	0.0779140262979133	0.099481121695619	0.108203507451501	0.0973705275847443	0.0857887301035524	0.128198340992662	0.127129649414309	0.0991736855029803	0.101967400282561	0.0899365673664773
CL-170	0.0814182886264555	0.0588906145853598	0.135821419117811	0.0823214621716349	0.0966542395259614	0.100565440217374	0.174918755840171	0.0749028099795574	0.0888758487184312	0.0420581641211758	0.0832144303660213	0.140077369315699	0.082855329584993	0.11313077838124	0.0868928214924688	0.0667908317679814	0.0525690376035285	0.0501644018229308	0.0851381389904994	0.144475237673052	0.0427221497571445	0.0953626248162239	0.0962670740302525	0.0593868497676688	0.128017833850511	0.0301969951620259	0.150771620195114	0.0972327553490389	0	0.0566939128271692	0.125199881362797	0.099150723463696	0.0850386368202678	0.0876575849675183	0.117324858639946	0.171325834526615	0.0995168404233945	0.115979346921333	0.10789862259656	0.0629644630550355	0.077895529099601	0.0930160319682614	0.0806267361055743	0.117839909937779	0.0600814514560165	0.0793746671301597	0.106613386231068	0.11299236831111	0.110858174326527	0.109447284579396	0.120188416289016	0.102043302579083	0.056800431176071	0.0893344516696911	0.0640455924046677	0.104056308023	0.0731589706628056	0.0902191280165582	0.128561268780237	0.142720555171083	0.0613175745708172	0.0729350907797845	0.080008674548174	0.195918816434442	0.0697337998029092	0.0914137918937623	0.0843874078727903
CL-171	0.0705668115613868	0.0704220231470113	0.0952557875501099	0.0654858225353281	0.0661166407812196	0.100193582747854	0.167769269775259	0.0812027005909536	0.0884465861507011	0.0635831624468604	0.0912785709957552	0.132728878910324	0.0910432100930919	0.108249431530069	0.110091497348203	0.0927870494098437	0.0503461846339309	0.0516639505550754	0.0746655355736204	0.139374475779832	0.0585691460353807	0.0932966791150685	0.101398451975852	0.10132127401048	0.124917320712716	0.0455235185498197	0.119737786268063	0.092351408497868	0.0566939128271692	0	0.125891931713447	0.0964724567149614	0.0708436317016466	0.0626665943787652	0.124775402553251	0.184361256661383	0.103024291924059	0.137170120008547	0.119808904806401	0.0737342973137603	0.0479625973893437	0.0829924639862738	0.0804156129110444	0.114801904573592	0.0888930702478943	0.0755750874630455	0.0722475052701069	0.148752555324163	0.123893596461295	0.11206814622992	0.112389614779899	0.0937112714910336	0.0997260501146507	0.118365485503618	0.0614349361049365	0.0694863200461792	0.0857249466610962	0.0824598722417648	0.151051948424708	0.1172639454524	0.0893140409681051	0.103087437532091	0.0474937890872908	0.188570326029066	0.108355312044546	0.0505764428611977	0.104252761025765
CL-172	0.082245559875112	0.115118908282599	0.205344733560615	0.137073807010438	0.114879082538964	0.0921568689983767	0.163509811488036	0.0977761902787655	0.0651464946214612	0.129039006764234	0.0801636683133425	0.0612314669235013	0.120666792107437	0.0425027347150953	0.0943867381466445	0.0837030115352356	0.122526079455034	0.127591760454904	0.107715564116711	0.0552619745440281	0.116566154591929	0.139136563539471	0.0843976132235833	0.117218659208256	0.060240910062157	0.102692618023287	0.207147891478851	0.0529077276829708	0.125199881362797	0.125891931713447	0	0.0493747628053234	0.0943809976368234	0.149711858298704	0.199224712256945	0.180569968841788	0.102318847050494	0.0670185386575499	0.0909864428293059	0.09492443256655	0.143455340428178	0.120208826990601	0.112712996833152	0.100479970404483	0.0939268595265355	0.0805680553385147	0.107902449603108	0.105319858018057	0.081408721110087	0.0463214494149464	0.0949167785534553	0.0874553914549322	0.0956655961678908	0.0807881082149885	0.114454284812206	0.0762371595957405	0.0847324762964782	0.112320728662047	0.0960297996243155	0.0776914220837413	0.125587684692931	0.0734638555177461	0.14279007912336	0.114804774828502	0.13191181301246	0.108591310781634	0.107073264851177
CL-173	0.0618769553611578	0.0834963531816776	0.166297785757795	0.0987692984778081	0.0892075226192033	0.114181291678493	0.179655952111391	0.0556382968545195	0.08301989086653	0.0982698741233763	0.0693383424596809	0.0997043637442156	0.113673575476542	0.0261040116596133	0.0754481584125577	0.0754149910224805	0.086792043653388	0.0957561686561785	0.0717289458829383	0.0879586428159114	0.110616435079618	0.103502029908056	0.0921766418655381	0.102748747452649	0.0469867107197643	0.0692739211828002	0.170510682132025	0.028761867706762	0.099150723463696	0.0964724567149614	0.0493747628053234	0	0.0650814355101559	0.124244405394804	0.170977576930805	0.185332040655566	0.0925370183154155	0.0651726458328682	0.0794084723546614	0.0649832090087734	0.117783780508418	0.101636364216213	0.0829388858946106	0.0712276080252327	0.0876225040741674	0.0458443492653742	0.120049368384461	0.0860189883308192	0.0881340472826659	0.0259235045174623	0.0857421681905594	0.0644066066889696	0.0866249310341528	0.0710062794799098	0.104672456077127	0.0636705457630254	0.0637502750660956	0.0823246513437577	0.0979802972946253	0.0972461498719547	0.112714910336426	0.0895551423805894	0.12356574956707	0.134728170914112	0.116147097374992	0.0982571174348851	0.111008703250723
