CL-116	CL-117	CL-118	CL-119	CL-127	CL-128	CL-130	CL-131	CL-134	CL-136	CL-137	CL-139	CL-141	CL-142	CL-144	CL-146	CL-147	CL-148	CL-150	CL-151	CL-152	CL-154	CL-160	CL-161	CL-165	CL-166	CL-167	CL-169	CL-170	CL-171	CL-172	CL-173	CL-175	CL-176	CL-177	HLD-100	HLD-102	HLD-103	HLD-104	HLD-111	HLD-112	HLD-22	HLD-23	HLD-24	HLD-25	HLD-28	HLD-31	HLD-34	HLD-35	HLD-38	HLD-39	HLD-43	HLD-45	HLD-47	HLD-50	HLD-51	HLD-53	HLD-64	HLD-72	HLD-74	HLD-77	HLD-80	HLD-85	HLD-87	HLD-94	HLD-96	HLD-99
CL-116	0	0.128578168827905	0.0808828368505515	0.0661100193869008	0.101841712075087	0.121140621015979	0.121630231288117	0.0513563912466488	0.110644954303082	0.0660861819679134	0.187361214517386	0.139242013960256	0.0629434914805233	0.099680578235235	0.139389251123115	0.188653367427071	0.0840285411193986	0.0713180428655522	0.0563978958805139	0.189618888205216	0.148953540216283	0.0856361719919872	0.183305413805479	0.0755299722254959	0.0552920378922403	0.154596580494848	0.226719717613027	0.0633254986585538	0.0789861416033001	0.0501622627035495	0.0968435506307342	0.123982218181176	0.108117963957502	0.0913848428238119	0.136818251451445	0.120893758261023	0.08518787806461	0.183637933627597	0.113898866450005	0.0638025456267072	0.066346123156854	0.116780314599154	0.186237882804386	0.196655771852255	0.114858419039087	0.131505437577389	0.0763163608248481	0.240468232204534	0.112335224533588	0.0673958095484349	0.0830252023394515	0.0936950707875675	0.0756125485561904	0.0825683869877985	0.114703598162663	0.102756663691835	0.116064452696191	0.125907923051431	0.130149292964112	0.0858612152400936	0.0894747052225431	0.105130099014421	0.110580686594643	0.139554444930112	0.171992702904762	0.0792905583031281	0.133377895934456
CL-117	0.128578168827905	0	0.137517330526843	0.133614285363394	0.142805878243831	0.153584889881903	0.190539279809789	0.129494814256208	0.155879511404332	0.134814119583681	0.189186597541777	0.181984409199845	0.120964579528948	0.158676442096024	0.202000379219909	0.231408359578409	0.159461107255168	0.12822031920965	0.12971800799637	0.16478526099495	0.196204519273325	0.174658716977336	0.16735105324844	0.137098184221391	0.135672910503136	0.213743211899692	0.257701505812219	0.139031996255517	0.141329093140678	0.140709612256769	0.158073574818456	0.158480241091073	0.165611396687463	0.146890058336619	0.183439831979788	0.168621401649566	0.148320011875729	0.184066964229916	0.143822318467191	0.130354745464437	0.133218920377291	0.173255214635097	0.223774422440399	0.18353141972323	0.186629608583007	0.151308859888192	0.149992121926432	0.205726093345384	0.146664280611421	0.13606372709214	0.12864836056561	0.13415108030907	0.144021346220011	0.155831042328336	0.1726112791447	0.135111921320361	0.185872678970775	0.151111692259312	0.17009857402586	0.153564776628942	0.136453099852817	0.15374870090548	0.164837388318255	0.18681757023946	0.202885564387431	0.125985017693506	0.174686790939528
CL-118	0.0808828368505515	0.137517330526843	0	0.096795805926308	0.109230181555068	0.0967220620573923	0.131474840033991	0.0448532219010387	0.0819453422524417	0.061053610961848	0.181848651364841	0.128965140303695	0.112814101654211	0.0934256904449161	0.113947786185357	0.228253677252189	0.135730576600211	0.0543903295719136	0.0653954745196765	0.174833096098809	0.118136695536994	0.133110320959253	0.149146546006879	0.0658542931151698	0.0667545463693641	0.143785034916027	0.261951436830506	0.0549287209397565	0.0637302823284421	0.0702981620592821	0.0854717159914168	0.165360558581115	0.0725949195517386	0.137224541744686	0.115360008535807	0.150181650415571	0.075553039725919	0.171421930487882	0.0614413266347526	0.0916732119924185	0.0714405275814521	0.13838900890984	0.151110162887138	0.196551341749711	0.143201054828888	0.108918800370044	0.114701153567718	0.206272281047374	0.116357924420822	0.0500249047948408	0.0970215247989326	0.0756561976507041	0.0560353000481694	0.0767644189195938	0.0943054761394771	0.0816176274959489	0.0992307303236349	0.150054367449416	0.119766628113175	0.107142519283207	0.0666085588034787	0.1242337282857	0.134193608170979	0.143056260168301	0.205114371583151	0.0909460737530206	0.0932586598763214
CL-119	0.0661100193869008	0.133614285363394	0.096795805926308	0	0.115400845154638	0.132679642154869	0.135737045279322	0.0847658760955974	0.125009932692833	0.0925364449381318	0.209883998351286	0.145622837953594	0.0863623109359002	0.124144255237761	0.159502509557098	0.181473634647104	0.104715160567473	0.0863170806246673	0.0850318662223524	0.20829231718858	0.16048197848533	0.112196309417819	0.199412389229346	0.0911368856978127	0.0848763470566776	0.158496519508221	0.20727346072383	0.0962375615388098	0.0923907459388768	0.0651868325196487	0.125018713004743	0.100430096028913	0.125746206070089	0.0822362164803972	0.137534445862453	0.108811608918358	0.0976770573882079	0.186911016646088	0.131186418545775	0.0862969299287445	0.0762718587349552	0.131572770373657	0.197474346005863	0.212743668526978	0.139955568627894	0.137689974364054	0.0886953417058444	0.256764943946707	0.0829233928575004	0.0956703188733297	0.104218220240757	0.107555895887862	0.102666648343451	0.0944086718642897	0.124257965750742	0.119186656569456	0.124401294412878	0.145052824260261	0.158967855855544	0.0999956117388151	0.106970102240721	0.119093195516212	0.13073231258309	0.148496145293405	0.172121225400059	0.102147744120268	0.141392156987683
CL-127	0.101841712075087	0.142805878243831	0.109230181555068	0.115400845154638	0	0.125562811198961	0.145072833791823	0.0994547679090329	0.124467464344529	0.10006185727718	0.164217644221793	0.12386844617299	0.116265066048201	0.143081719057635	0.13583091870606	0.171317414089598	0.149637446270554	0.114995983491798	0.103373466702357	0.16592843306529	0.139468334171172	0.143374138730846	0.166433727148562	0.0934148124718853	0.112815423428539	0.151242131028491	0.224652998321615	0.0874014905982524	0.107084530910013	0.112168369972994	0.1033004021394	0.163435733844894	0.112893683089042	0.131397651788214	0.149028923603047	0.145603478758797	0.10655731045506	0.198650844542258	0.108609766770071	0.133227509599639	0.101953216861668	0.121413861413576	0.184254828625904	0.172539881035887	0.166172209852881	0.130335517375998	0.14086110262773	0.224254956100443	0.146403907449732	0.100577761507999	0.112854466525521	0.11916716926944	0.0936606139416433	0.122532068624613	0.12772766872098	0.125482318131157	0.147465619090185	0.161806427196095	0.133800108141747	0.124921748352519	0.113893904201992	0.149880019364397	0.114794021490719	0.139465542428293	0.233743725454823	0.109955695079483	0.128438549128029
CL-128	0.121140621015979	0.153584889881903	0.0967220620573923	0.132679642154869	0.125562811198961	0	0.148613103040169	0.0915411936554126	0.083195781709969	0.0913260407606329	0.209708229466694	0.139125879234554	0.141983712983395	0.108638317669229	0.117741584393853	0.240620279428998	0.174444309656162	0.0852377281471199	0.0840525744371624	0.191982692294623	0.128207207978824	0.175563292712586	0.164310411144281	0.0851515738564131	0.113873346311206	0.141511324568574	0.291668122488454	0.0915950169016312	0.0984782001978125	0.0988550647757886	0.104778376063431	0.178167600035995	0.0893303220303919	0.146002583474887	0.137241296681333	0.187183850292332	0.0978085488705101	0.184657144797811	0.0932674584455413	0.081644944346593	0.107173746864364	0.171817235221841	0.175244000005745	0.17819263157803	0.181895780016614	0.114005387430058	0.125480673770984	0.220660167632967	0.11652106770132	0.071939460202789	0.120916583721764	0.110971437944646	0.0918532781495333	0.124961110661597	0.114743087879224	0.147133273750043	0.122401516865552	0.1970223786749	0.124922578646733	0.145611765650821	0.0817301504596876	0.169473408804198	0.168535553778341	0.163479997940908	0.219033859731523	0.108330059980347	0.0999759358617402
CL-130	0.121630231288117	0.190539279809789	0.131474840033991	0.135737045279322	0.145072833791823	0.148613103040169	0	0.115006692580897	0.135043340414418	0.104505835874135	0.218740730236974	0.154225320402743	0.137951658284263	0.111137705804174	0.139673399567842	0.23626654721515	0.159157076246672	0.125690714861298	0.105007962822434	0.243028045154272	0.141065445904426	0.156161598949873	0.220323948505694	0.107462556262014	0.125914314405032	0.136358683303934	0.267574425413278	0.110517741975781	0.101125456897241	0.112362691762834	0.104599335728702	0.187575434367937	0.12279001929856	0.168820151675781	0.14431477277027	0.170810853970382	0.120592269197432	0.185693550294918	0.164281007314115	0.143066832245234	0.139764869464453	0.163986531488077	0.21194045728174	0.237469871237738	0.149554705898409	0.17256861975443	0.144622204777386	0.275525420407014	0.151938392934506	0.115554279751971	0.128328369082399	0.161233304156268	0.108535888094577	0.135113926395823	0.130593254076069	0.163150406824531	0.137738693355962	0.205696461758698	0.148945920318102	0.121456054871911	0.137291319838344	0.165283092987033	0.167801372748296	0.117913698276683	0.228591755481053	0.137840788014545	0.169200703043818
CL-131	0.0513563912466488	0.129494814256208	0.0448532219010387	0.0847658760955974	0.0994547679090329	0.0915411936554126	0.115006692580897	0	0.0803525943334544	0.0532572926644915	0.172650973122194	0.12042844883646	0.090904029880916	0.077480665241401	0.105224388685931	0.219284497012609	0.117847791101286	0.0498478394090632	0.0402341348961556	0.174452462447045	0.114521825563482	0.115367222578025	0.157109611244283	0.05660630091364	0.0592754257937755	0.139394524440517	0.254776204743108	0.0388083967560494	0.049488954672708	0.0538129497076865	0.0668688901977	0.151202531297004	0.0735553743188331	0.124240586939081	0.115392723786928	0.138048163228211	0.0648810611526926	0.167001373745707	0.0809614010568552	0.0809965741111829	0.0651344591679735	0.131217133447342	0.165684506786937	0.191832626580096	0.127558612653818	0.114706252201117	0.103905427768783	0.216051458242651	0.106215475179912	0.0321820296916321	0.0814022839698988	0.079681982235233	0.0445077515619169	0.0728068394498427	0.0985468601451136	0.0920448144820965	0.0996356309553261	0.146490393460809	0.104873820468296	0.0933498529059291	0.068042001740317	0.119915184052072	0.126894175848815	0.130426500444251	0.192688778133443	0.0741575121746301	0.107662540390494
CL-134	0.110644954303082	0.155879511404332	0.0819453422524417	0.125009932692833	0.124467464344529	0.083195781709969	0.135043340414418	0.0803525943334544	0	0.069187320851462	0.191115754192618	0.116567220576999	0.134800318222583	0.0855790796572577	0.0921685832306779	0.235456888367228	0.148748862493223	0.0925630327303393	0.081615970061782	0.1946036225019	0.111565984103917	0.139155963675791	0.149079110113412	0.065120928976684	0.106907001689273	0.110117186727993	0.275944292978542	0.0697880893572956	0.070844429668429	0.0909304617421163	0.0758251239523409	0.173014880988263	0.0618258872640258	0.165944811978419	0.0850434960470725	0.185025671021783	0.0619647470975618	0.139424028974077	0.0981203149575268	0.116841012795563	0.0909081606305933	0.155456305474057	0.166098873739704	0.192773273096791	0.163490434985667	0.100868163714462	0.141456456353685	0.207995431981363	0.118411422891464	0.0656890435051665	0.10654754266092	0.121237238245664	0.0637841596625421	0.0858210731715025	0.0888648135185522	0.126539197073013	0.0914908616486829	0.157166311597701	0.0918422985280006	0.132849165582509	0.0618838317867702	0.156130165532609	0.145920577482576	0.152348478504481	0.222824964197122	0.106022776041937	0.0952386913656033
CL-136	0.0660861819679134	0.134814119583681	0.061053610961848	0.0925364449381318	0.10006185727718	0.0913260407606329	0.104505835874135	0.0532572926644915	0.069187320851462	0	0.184971270619273	0.118644914234061	0.108036241959241	0.0783855878601109	0.104795674854485	0.203991229603722	0.125943511701923	0.067622946475802	0.0496635852371026	0.189728113825744	0.107727533113207	0.122471342408439	0.167080959368649	0.0305409682738302	0.0725582776660866	0.11350706304231	0.247417584053512	0.0392578096517148	0.0386158123465306	0.0507443779292354	0.065906781333002	0.153038278435898	0.0618966147640298	0.130695474726547	0.0935722087280034	0.159771607582646	0.0556623450273184	0.149238746983657	0.0984225833221969	0.0897174860230844	0.0661285614956338	0.126658510748814	0.163220072428255	0.186396449647549	0.128308953553154	0.105001091231874	0.111760752665471	0.227289689892059	0.108399599281646	0.0467360088405012	0.0960170057210337	0.106432976671114	0.0369068681173597	0.0768662380721154	0.0676316315613814	0.114819947672252	0.079591916120596	0.158172993907014	0.0955800063348548	0.112169361529098	0.0642904835821617	0.140011846793876	0.118814276004119	0.141915891628328	0.210240072672546	0.083978479172465	0.101341072773402
CL-137	0.187361214517386	0.189186597541777	0.181848651364841	0.209883998351286	0.164217644221793	0.209708229466694	0.218740730236974	0.172650973122194	0.191115754192618	0.184971270619273	0	0.195667078657583	0.190828383063256	0.207977432712491	0.197475067917173	0.271623084030001	0.208791977718045	0.189393687276473	0.186246251490777	0.141824222275189	0.194840027052661	0.205756186128481	0.154303024874523	0.186972062374122	0.189315894816145	0.243011634588493	0.312460606702229	0.165682202552599	0.185105722157159	0.208732068604903	0.166705363174689	0.23169232743617	0.175610939928971	0.238130555130666	0.22197797045638	0.22050019870121	0.186072489761953	0.257636900528074	0.182435450494725	0.219075543993213	0.200716595443242	0.214484822846833	0.233177950792464	0.123920337969088	0.183797662941043	0.200138352820781	0.23190189582218	0.160436811766716	0.238576661405796	0.176802591264666	0.185934881348088	0.201931621800227	0.169885698601667	0.188467171807014	0.212896175360161	0.185977292419277	0.225296583732798	0.185813777869495	0.171643655038339	0.200102352791004	0.19978711464536	0.193538678616023	0.212879140972148	0.223343494045638	0.280925006643324	0.18176299993113	0.194877870763634
CL-139	0.139242013960256	0.181984409199845	0.128965140303695	0.145622837953594	0.12386844617299	0.139125879234554	0.154225320402743	0.12042844883646	0.116567220576999	0.118644914234061	0.195667078657583	0	0.160916641637325	0.146539537803024	0.125501998738619	0.231853296017997	0.163405335831392	0.13582906313906	0.11730902254364	0.20552140780981	0.108122501954345	0.142337639071172	0.165884251086286	0.121071527574067	0.137102543155016	0.159640529298451	0.284031364521326	0.100147865205154	0.126291853000461	0.14021497143098	0.0886812490807114	0.203796219359601	0.111512735942976	0.192911524243448	0.133918859340001	0.201172691167065	0.118970028937036	0.154852586281326	0.131052140514005	0.161358798960499	0.129672634329339	0.172794544811425	0.181878859843155	0.204523459106008	0.187992350357161	0.121276831626287	0.175036967187149	0.224908769776968	0.159297325759026	0.115861270936003	0.103671084196411	0.161568989315393	0.109704134248123	0.127864971389903	0.12840281063289	0.169983655317397	0.130507316649944	0.182746528469583	0.114878451607249	0.141895642962356	0.1228297036093	0.198285179582228	0.172390180420698	0.135912598537877	0.250268816851795	0.147265940599178	0.110718540140284
CL-141	0.0629434914805233	0.120964579528948	0.112814101654211	0.0863623109359002	0.116265066048201	0.141983712983395	0.137951658284263	0.090904029880916	0.134800318222583	0.108036241959241	0.190828383063256	0.160916641637325	0	0.116050285656099	0.171744717797358	0.197704162467006	0.0886643524317289	0.094075270434942	0.0952042507608143	0.192001217561478	0.168960623673562	0.095778873253182	0.196928077589897	0.116396961098458	0.0944620980583016	0.177697653364819	0.23504075803775	0.101260935366575	0.117805323030369	0.0926925024646707	0.132022367906076	0.119077664167264	0.141493733180952	0.101197126708883	0.164263622363773	0.108145594990647	0.113230455733657	0.202054189943398	0.129960857642298	0.079883481769102	0.0995667198932709	0.117361288394237	0.201907139023282	0.188083895235478	0.138423238825299	0.154483851534075	0.0923267937113135	0.247673378354892	0.132920435560721	0.106409793931217	0.0899524183772297	0.112378084988131	0.11519944336579	0.109218953224878	0.134254115960558	0.102826111785849	0.145453751654935	0.132643382303909	0.16126076910573	0.0982171110198162	0.117038644837776	0.101330431231818	0.101026337793536	0.161329268015878	0.159987263870369	0.0772025471981345	0.159135537972022
CL-142	0.099680578235235	0.158676442096024	0.0934256904449161	0.124144255237761	0.143081719057635	0.108638317669229	0.111137705804174	0.077480665241401	0.0855790796572577	0.0783855878601109	0.207977432712491	0.146539537803024	0.116050285656099	0	0.11060151724699	0.248292468222914	0.142593004441461	0.0940790208934555	0.0820113057168313	0.209491784743908	0.128264945645939	0.14659039734397	0.183939460864966	0.0831538174473745	0.105284301494832	0.116666842693189	0.277247599467852	0.080759488199217	0.0807090339942011	0.089166178425595	0.0967191738138318	0.170874843347285	0.0939602179544831	0.161556570313575	0.119595148696429	0.16804495820698	0.0899292913278102	0.153022935153555	0.120176618457776	0.115071943464255	0.103135470797805	0.152302343739498	0.189260628935262	0.196623519807735	0.143499198658806	0.12712665719228	0.133921540300208	0.232899024299744	0.120758161782531	0.0737948366836649	0.118547297872776	0.125676110569805	0.0797070640394104	0.108492418086532	0.104641087396025	0.130044053717314	0.120633671544907	0.181162683089863	0.11833764327733	0.130439023493799	0.0932049330243471	0.14675581182328	0.151456253543457	0.158521837234199	0.201976393207494	0.0971438372471004	0.129638396755653
CL-144	0.139389251123115	0.202000379219909	0.113947786185357	0.159502509557098	0.13583091870606	0.117741584393853	0.139673399567842	0.105224388685931	0.0921685832306779	0.104795674854485	0.197475067917173	0.125501998738619	0.171744717797358	0.11060151724699	0	0.249597390595609	0.192814236679929	0.130003627565031	0.109778115328334	0.219862057525401	0.0662966419702273	0.16970635101473	0.157243949650686	0.095930789987784	0.146465000107748	0.102169156741379	0.28424981920874	0.0964039403064536	0.0892726027224358	0.122384827016463	0.07964600540731	0.220416936176554	0.0602893278685315	0.20862789186412	0.091991473030348	0.207561978848076	0.11402977236175	0.157871251579209	0.123083671286741	0.165368595515013	0.142499246155423	0.19182842647001	0.171368144005097	0.231265396454884	0.161418558578933	0.134377569486312	0.187308432343683	0.22162551544486	0.147029305414504	0.093689657415042	0.155874338359741	0.163905917329879	0.0861926708637395	0.128878141166469	0.1252489568155	0.169288434207405	0.106016554600125	0.211143574618538	0.0976164878318644	0.148843233355676	0.116214905189373	0.194681017496233	0.191947041906002	0.159692872434434	0.265181316341801	0.150624145913486	0.127558078750963
CL-146	0.188653367427071	0.231408359578409	0.228253677252189	0.181473634647104	0.171317414089598	0.240620279428998	0.23626654721515	0.219284497012609	0.235456888367228	0.203991229603722	0.271623084030001	0.231853296017997	0.197704162467006	0.248292468222914	0.249597390595609	0	0.185629466338342	0.222832755512122	0.211921702976746	0.257430810799443	0.249958464192147	0.181451004900956	0.272672526221912	0.201048909736313	0.209905208496937	0.238898142098937	0.142669525294516	0.211460002708587	0.213181646702823	0.19408779491919	0.227317929294734	0.135857621797571	0.23206641287133	0.166521687349417	0.222612974550648	0.189028655828927	0.201048667541704	0.269324289599731	0.239031629760312	0.213753847136078	0.200956003672591	0.183596762830242	0.277111654169733	0.281969220771296	0.228078861284574	0.238839863932901	0.197714732678529	0.317005792524979	0.209139834944577	0.227618219126796	0.209246068406269	0.222666627058752	0.214933051735609	0.209556837164073	0.21476646766753	0.224847538516258	0.216447628752997	0.208315467695128	0.243961780910949	0.212988886353075	0.231255532649093	0.2139060333308	0.176834632622786	0.236198275504423	0.238412810404736	0.21835948802105	0.230889880181136
CL-147	0.0840285411193986	0.159461107255168	0.135730576600211	0.104715160567473	0.149637446270554	0.174444309656162	0.159157076246672	0.117847791101286	0.148748862493223	0.125943511701923	0.208791977718045	0.163405335831392	0.0886643524317289	0.142593004441461	0.192814236679929	0.185629466338342	0	0.126394242895878	0.120097736879142	0.215120625668823	0.191571494112913	0.0557550130902061	0.2162144649599	0.136399524456867	0.108913696163908	0.197163337526233	0.223543549714637	0.121934830920222	0.131130860573825	0.111402790416031	0.155004186857739	0.11626700535224	0.154508159391488	0.107375346203281	0.166964224595883	0.134031856476045	0.130957790174663	0.186241601697361	0.166492851103254	0.110593981713455	0.111963914354658	0.119864147603703	0.216390980691288	0.23219932133044	0.146540631243363	0.160405927370093	0.0946976737914285	0.265884953734543	0.15281280904594	0.1337426702475	0.0996547893755841	0.142935298810658	0.134520449579946	0.118389523580472	0.151985411259938	0.130771915490133	0.156084084696725	0.108979214727573	0.174774133929164	0.120044388368405	0.138642042992333	0.117040626743208	0.122808195656828	0.172758770352768	0.168145627393034	0.120025481955293	0.16003160285662
CL-148	0.0713180428655522	0.12822031920965	0.0543903295719136	0.0863170806246673	0.114995983491798	0.0852377281471199	0.125690714861298	0.0498478394090632	0.0925630327303393	0.067622946475802	0.189393687276473	0.13582906313906	0.094075270434942	0.0940790208934555	0.130003627565031	0.222832755512122	0.126394242895878	0	0.0583970224770289	0.182450846028342	0.12449811026168	0.12480661439288	0.171159060609661	0.0782680165839268	0.0683648461456769	0.153873392838214	0.255678746697634	0.065661578887875	0.07382094566916	0.0698485037797881	0.0977556550220958	0.148981373992212	0.0883938408802239	0.121348062121561	0.131583682375	0.135959542268799	0.0821160845980806	0.180819555813425	0.0869782051023967	0.066128132389725	0.0713050859446716	0.135388332687003	0.16471955188679	0.194200715102097	0.140661943334389	0.112608066143802	0.0944404704802538	0.226677218052542	0.108519682360559	0.0554850651206644	0.0830846098385205	0.0802976078591195	0.071180761828883	0.0839955421432762	0.0949530446020667	0.0888965098351579	0.101145760123721	0.150595096601296	0.127695629716558	0.0909561986359656	0.0750182350550239	0.116559968661845	0.131590918542832	0.14612360360374	0.189089599702464	0.0775311205238499	0.10431479657479
CL-150	0.0563978958805139	0.12971800799637	0.0653954745196765	0.0850318662223524	0.103373466702357	0.0840525744371624	0.105007962822434	0.0402341348961556	0.081615970061782	0.0496635852371026	0.186246251490777	0.11730902254364	0.0952042507608143	0.0820113057168313	0.109778115328334	0.211921702976746	0.120097736879142	0.0583970224770289	0	0.191127345086402	0.114772179625305	0.120482788315993	0.179196883524451	0.0576883908708407	0.0657998567636366	0.132112954858987	0.251523758817463	0.0392841268735359	0.0597401148895497	0.048213591863213	0.0690295260724885	0.132420545182269	0.0824325711099757	0.116077061881911	0.108234826502834	0.142657680523346	0.0686278309376253	0.165553096268837	0.0993685993571277	0.0761682186210348	0.0685733177389539	0.130532393644156	0.184395706071563	0.201247214068065	0.145699775264081	0.112030747904404	0.0965764534896593	0.240933917440215	0.0931610497712379	0.040220303493226	0.0762267503361011	0.0895987902120263	0.0592582984699493	0.0799503266928004	0.0999073683008044	0.114359165946124	0.0997438730410579	0.15776216435354	0.1135363781994	0.109557437665642	0.0736639052346698	0.139476214753057	0.12906570322503	0.128068663643359	0.192034798241666	0.0785264630007947	0.112165347978876
CL-151	0.189618888205216	0.16478526099495	0.174833096098809	0.20829231718858	0.16592843306529	0.191982692294623	0.243028045154272	0.174452462447045	0.1946036225019	0.189728113825744	0.141824222275189	0.20552140780981	0.192001217561478	0.209491784743908	0.219862057525401	0.257430810799443	0.215120625668823	0.182450846028342	0.191127345086402	0	0.218864045818618	0.226016358446459	0.142370320470227	0.193342911426553	0.180847862591846	0.252766728749054	0.295697026603057	0.178103429722399	0.199317476676421	0.207351072788277	0.190536695246678	0.232464947230653	0.189717086635474	0.224374068949591	0.232588565508221	0.223117637714135	0.205277558935769	0.264006198519302	0.147700514112264	0.208303246673632	0.194484105635462	0.200347327438699	0.232822598868104	0.151940552359414	0.205969331280963	0.179287819968217	0.225232981370228	0.156031536537487	0.226218698117854	0.17934085762894	0.188030184728748	0.165763208750993	0.183287138581037	0.207695027586836	0.219088551400618	0.17156748529908	0.238631632520229	0.172907417223053	0.181990238908097	0.212806639315852	0.185989614099014	0.189628756469386	0.196378730860826	0.190058751126494	0.269871217646947	0.176782120169435	0.186202843509857
CL-152	0.148953540216283	0.196204519273325	0.118136695536994	0.16048197848533	0.139468334171172	0.128207207978824	0.141065445904426	0.114521825563482	0.111565984103917	0.107727533113207	0.194840027052661	0.108122501954345	0.168960623673562	0.128264945645939	0.0662966419702273	0.249958464192147	0.191571494112913	0.12449811026168	0.114772179625305	0.218864045818618	0	0.17537349358916	0.166411657654757	0.105928858039615	0.150550498184835	0.124783658854977	0.2864175482036	0.101022302469081	0.0993968102665447	0.129999048016933	0.0842718628862299	0.214906231863618	0.0649104079142339	0.207973525771125	0.103718939006934	0.203800895006746	0.117949086034933	0.143721793331249	0.131587807915588	0.164927589259513	0.144703866523139	0.193433292719565	0.171579484318249	0.214119192669289	0.156855243804015	0.121646874003248	0.182440602514912	0.228484025701204	0.165289039095766	0.0990928071834538	0.146821434913425	0.1617555241636	0.0923624119789914	0.134249867736845	0.116474861405899	0.172958032806427	0.102338531156192	0.215633209537259	0.0921144191765582	0.141944364930214	0.126851081562883	0.189789611642705	0.197705826631335	0.156020996636625	0.267401673123739	0.154321501271064	0.121007187869691
CL-154	0.0856361719919872	0.174658716977336	0.133110320959253	0.112196309417819	0.143374138730846	0.175563292712586	0.156161598949873	0.115367222578025	0.139155963675791	0.122471342408439	0.205756186128481	0.142337639071172	0.095778873253182	0.14659039734397	0.16970635101473	0.181451004900956	0.0557550130902061	0.12480661439288	0.120482788315993	0.226016358446459	0.17537349358916	0	0.206215024595568	0.132756414991374	0.115614198383475	0.177315569820175	0.221211096365277	0.11425419936965	0.124509754669431	0.115547636497409	0.137972273330435	0.136876367792424	0.142297064593757	0.123860298969437	0.15199291301258	0.144176730136151	0.117523019016922	0.182420561161503	0.159739200962611	0.114745891373273	0.119410664591342	0.127637957294144	0.190805760316144	0.244596426120404	0.13631007264949	0.164663210775685	0.10305113008087	0.25752348838291	0.159826502184818	0.130124672410638	0.0918385019450588	0.150796965527947	0.123543605972846	0.109703396550605	0.131157406813199	0.133387869609312	0.125726992771158	0.11017044276313	0.152844624919347	0.108968257568289	0.141480906203469	0.132381664484377	0.12435346333952	0.164185162976126	0.175528107828503	0.12448280309138	0.155015200420256
CL-160	0.183305413805479	0.16735105324844	0.149146546006879	0.199412389229346	0.166433727148562	0.164310411144281	0.220323948505694	0.157109611244283	0.149079110113412	0.167080959368649	0.154303024874523	0.165884251086286	0.196928077589897	0.183939460864966	0.157243949650686	0.272672526221912	0.2162144649599	0.171159060609661	0.179196883524451	0.142370320470227	0.166411657654757	0.206215024595568	0	0.160864950767434	0.185625061103007	0.190256147955039	0.310555846724523	0.162700172750948	0.158662930551543	0.185568045716007	0.160785586642737	0.230837350693586	0.142084434534077	0.220682707325966	0.173549161810737	0.222389762971887	0.152330488131806	0.21569763630178	0.160000148181468	0.190369060975204	0.178233835632214	0.214558046473402	0.190169243320988	0.163491124007062	0.174034289124853	0.154144902060806	0.20914165762475	0.0702528467321548	0.198483441484381	0.160182117996896	0.190101517630494	0.171297429088145	0.149972314626884	0.173348517416375	0.185226440890481	0.171036156784996	0.188654988092091	0.161452441556065	0.135780157514142	0.191773096689704	0.16013211761736	0.180787491342498	0.210889795231555	0.217482372348708	0.260095538572433	0.172931377297524	0.146037204446699
CL-161	0.0755299722254959	0.137098184221391	0.0658542931151698	0.0911368856978127	0.0934148124718853	0.0851515738564131	0.107462556262014	0.05660630091364	0.065120928976684	0.0305409682738302	0.186972062374122	0.121071527574067	0.116396961098458	0.0831538174473745	0.095930789987784	0.201048909736313	0.136399524456867	0.0782680165839268	0.0576883908708407	0.193342911426553	0.105928858039615	0.132756414991374	0.160864950767434	0	0.0822596621001578	0.106104566738889	0.246605219467759	0.0497419529892657	0.0351057883259562	0.0465551849637077	0.0640512804376543	0.15245392675603	0.0578245623873196	0.129710505699194	0.0900109274219594	0.162583944934458	0.0584634891871397	0.150441043840539	0.101112644031103	0.0962936111987489	0.0674499590165771	0.136551450979561	0.16660782236576	0.191049807244965	0.139106864509396	0.10764958115114	0.117944411194338	0.223008239673325	0.0968849766579982	0.0488810745933372	0.105354785052627	0.110144398190705	0.040166804387951	0.079293101563902	0.0816617040962031	0.122050903864401	0.0832407375961684	0.165075563507947	0.099203023415626	0.116914458397033	0.0616401656947288	0.144016036538116	0.129250938794952	0.139203570752744	0.215411506023389	0.0879833690150562	0.103667366277307
CL-165	0.0552920378922403	0.135672910503136	0.0667545463693641	0.0848763470566776	0.112815423428539	0.113873346311206	0.125914314405032	0.0592754257937755	0.106907001689273	0.0725582776660866	0.189315894816145	0.137102543155016	0.0944620980583016	0.105284301494832	0.146465000107748	0.209905208496937	0.108913696163908	0.0683648461456769	0.0657998567636366	0.180847862591846	0.150550498184835	0.115614198383475	0.185625061103007	0.0822596621001578	0	0.157389255659498	0.233606960670408	0.067531478072234	0.0810733061860137	0.0593329255776798	0.101779559021899	0.143984537039985	0.110297923957861	0.113998005349718	0.13604247460664	0.144683174320724	0.0896578073020715	0.179294273335394	0.0943698087599824	0.0753511995753628	0.0620719640080663	0.122243998799427	0.177014557996879	0.197227918380746	0.128455513511197	0.134486144685989	0.0930429768934614	0.237262171253104	0.112510705977811	0.0675156184609719	0.0932104713743899	0.0816562329303909	0.0818660047807869	0.0761405804676521	0.106946791267971	0.0877138763902541	0.0999215620567644	0.136645772004823	0.133047604462859	0.110710836155557	0.0809038170131821	0.114172503675848	0.119991336568898	0.141148011159539	0.190165649258982	0.079266048617985	0.12699568883156
CL-166	0.154596580494848	0.213743211899692	0.143785034916027	0.158496519508221	0.151242131028491	0.141511324568574	0.136358683303934	0.139394524440517	0.110117186727993	0.11350706304231	0.243011634588493	0.159640529298451	0.177697653364819	0.116666842693189	0.102169156741379	0.238898142098937	0.197163337526233	0.153873392838214	0.132112954858987	0.252766728749054	0.124783658854977	0.177315569820175	0.190256147955039	0.106104566738889	0.157389255659498	0	0.261483751931875	0.127290237131499	0.113280976134738	0.128843280974563	0.12347604734923	0.210371226106464	0.104276777344978	0.199435979844456	0.0750368728389566	0.199407203348248	0.106059692522391	0.147132359970623	0.170061393465581	0.170294530728106	0.15125623184115	0.168850964172889	0.176482243136887	0.226867524284063	0.151588157114926	0.151252713987817	0.178690632286725	0.244628572647997	0.142154155463363	0.127638193431218	0.181540078385168	0.168727079957399	0.111965589486204	0.139862685614362	0.112943512038605	0.186953207511813	0.106068398087285	0.218744774021333	0.145377399733201	0.17021563956519	0.133624913560858	0.192929323204178	0.167496699555342	0.180823759607566	0.250488071764952	0.156883137600814	0.145777413252823
CL-167	0.226719717613027	0.257701505812219	0.261951436830506	0.20727346072383	0.224652998321615	0.291668122488454	0.267574425413278	0.254776204743108	0.275944292978542	0.247417584053512	0.312460606702229	0.284031364521326	0.23504075803775	0.277247599467852	0.28424981920874	0.142669525294516	0.223543549714637	0.255678746697634	0.251523758817463	0.295697026603057	0.2864175482036	0.221211096365277	0.310555846724523	0.246605219467759	0.233606960670408	0.261483751931875	0	0.250985998910161	0.250817959397385	0.230709993844228	0.268899792684314	0.180261846646168	0.274384926116878	0.201975625848437	0.246870238582622	0.211499340639124	0.245584853146541	0.29761736442291	0.277076080317639	0.252507095918318	0.23395519032774	0.219982858517543	0.316459700505652	0.332608095256149	0.254884331046944	0.286171873336694	0.236073447188614	0.343099770725011	0.233755703739145	0.26297766557105	0.253771743163313	0.249165447894879	0.254616490935804	0.252487743711124	0.254384621319331	0.25879103436952	0.251010127895692	0.23957890587525	0.294680191462963	0.237460321467696	0.268425250003985	0.23522753178917	0.213101823475862	0.266395758570574	0.268665241367047	0.253486136879297	0.282209250521869
CL-169	0.0633254986585538	0.139031996255517	0.0549287209397565	0.0962375615388098	0.0874014905982524	0.0915950169016312	0.110517741975781	0.0388083967560494	0.0697880893572956	0.0392578096517148	0.165682202552599	0.100147865205154	0.101260935366575	0.080759488199217	0.0964039403064536	0.211460002708587	0.121934830920222	0.065661578887875	0.0392841268735359	0.178103429722399	0.101022302469081	0.11425419936965	0.162700172750948	0.0497419529892657	0.067531478072234	0.127290237131499	0.250985998910161	0	0.0552106766956295	0.0609994025256565	0.0485671863932217	0.155430948369997	0.0648932294727481	0.140327821665205	0.101036761729243	0.156276324354772	0.0646134479483272	0.149777274230938	0.0843028831809244	0.0946816749724089	0.0704569943184744	0.124673431587563	0.161401216646816	0.187233134200799	0.134225616462952	0.104804090820761	0.119604163323466	0.22092172695414	0.11412400623278	0.0319378102337054	0.0820491061653042	0.0988540364974469	0.0331868120255926	0.0727407312839246	0.0861211429066199	0.106302866743812	0.0938365052248165	0.151833679550174	0.0901714923708088	0.102496185291294	0.0632699178831982	0.137036545135514	0.122103279658719	0.118046865843546	0.210992668381907	0.0811448440590129	0.0935202932318995
CL-170	0.0789861416033001	0.141329093140678	0.0637302823284421	0.0923907459388768	0.107084530910013	0.0984782001978125	0.101125456897241	0.049488954672708	0.070844429668429	0.0386158123465306	0.185105722157159	0.126291853000461	0.117805323030369	0.0807090339942011	0.0892726027224358	0.213181646702823	0.131130860573825	0.07382094566916	0.0597401148895497	0.199317476676421	0.0993968102665447	0.124509754669431	0.158662930551543	0.0351057883259562	0.0810733061860137	0.113280976134738	0.250817959397385	0.0552106766956295	0	0.049003488769303	0.0663104825549059	0.155884854759425	0.0519184472931961	0.136838586988032	0.0919993679478956	0.157777948714767	0.0601579623172701	0.152727687085428	0.103815913283085	0.101545000081895	0.0734007357074566	0.135052599731776	0.162072073352277	0.209061400400588	0.127802347592921	0.115953801873819	0.122201257407153	0.222411546556174	0.10370995974659	0.0518721428182703	0.109835591707249	0.109531403907693	0.0374547512931668	0.0771714196865997	0.0859313861172782	0.110408356471187	0.0744787254029444	0.159184639518565	0.0953129983970986	0.113399208605286	0.0762683478754947	0.133640281775456	0.133973908171137	0.139921819694067	0.206020683151833	0.0971954446648893	0.113664736823907
CL-171	0.0501622627035495	0.140709612256769	0.0702981620592821	0.0651868325196487	0.112168369972994	0.0988550647757886	0.112362691762834	0.0538129497076865	0.0909304617421163	0.0507443779292354	0.208732068604903	0.14021497143098	0.0926925024646707	0.089166178425595	0.122384827016463	0.19408779491919	0.111402790416031	0.0698485037797881	0.048213591863213	0.207351072788277	0.129999048016933	0.115547636497409	0.185568045716007	0.0465551849637077	0.0593329255776798	0.128843280974563	0.230709993844228	0.0609994025256565	0.049003488769303	0	0.0885313017576006	0.126362112599713	0.0877775170801345	0.0983078639104083	0.113350331470744	0.1289555528474	0.0726080155945975	0.171624895529474	0.112180107718781	0.0690838617411301	0.0594511655279339	0.130115977859776	0.184818294564774	0.211730463811986	0.124008333489057	0.125473646553904	0.0887708456429382	0.246122613876753	0.0789167613946561	0.0564020786611944	0.106592403856996	0.100354181565818	0.0632437440323218	0.0762136363823342	0.101768149030792	0.11347272385532	0.0869821577648142	0.148422843023362	0.12915167102205	0.10537438372442	0.0803191452450365	0.123419703906092	0.121899803812228	0.146244104816799	0.185340528860308	0.092791557884223	0.124928938827358
CL-172	0.0968435506307342	0.158073574818456	0.0854717159914168	0.125018713004743	0.1033004021394	0.104778376063431	0.104599335728702	0.0668688901977	0.0758251239523409	0.065906781333002	0.166705363174689	0.0886812490807114	0.132022367906076	0.0967191738138318	0.07964600540731	0.227317929294734	0.155004186857739	0.0977556550220958	0.0690295260724885	0.190536695246678	0.0842718628862299	0.137972273330435	0.160785586642737	0.0640512804376543	0.101779559021899	0.12347604734923	0.268899792684314	0.0485671863932217	0.0663104825549059	0.0885313017576006	0	0.182610986872894	0.0571575952121549	0.169980035149448	0.102272847686979	0.176044101341178	0.0845375691490368	0.14438764380817	0.102507742368938	0.12611448959711	0.104421674769291	0.146572489213137	0.167160808890407	0.198278064406706	0.145556245477056	0.11762561826696	0.150369984229456	0.222556147994981	0.13164401930206	0.0581454664310089	0.0973866105315719	0.124726577174753	0.0462341220687516	0.0888431757340404	0.10334284949387	0.1348684428389	0.0983105369146486	0.170352436524472	0.0824157562655267	0.101558665083074	0.0918890319566917	0.162496092173811	0.152525666638206	0.103357996259593	0.234132638702166	0.113350166744162	0.108792750243294
CL-173	0.123982218181176	0.158480241091073	0.165360558581115	0.100430096028913	0.163435733844894	0.178167600035995	0.187575434367937	0.151202531297004	0.173014880988263	0.153038278435898	0.23169232743617	0.203796219359601	0.119077664167264	0.170874843347285	0.220416936176554	0.135857621797571	0.11626700535224	0.148981373992212	0.132420545182269	0.232464947230653	0.214906231863618	0.136876367792424	0.230837350693586	0.15245392675603	0.143984537039985	0.210371226106464	0.180261846646168	0.155430948369997	0.155884854759425	0.126362112599713	0.182610986872894	0	0.185633793965531	0.0896242673185222	0.186867436570948	0.128438122500669	0.148981628828129	0.21929119584914	0.190118816760233	0.136768005738407	0.126029415555565	0.167578209660958	0.239628031781368	0.238113299686283	0.19512912648222	0.177603717809417	0.116199419638975	0.273635280197404	0.119509027250369	0.1547478579401	0.146271343897763	0.148071995625929	0.165874251136216	0.152341299008791	0.183856685304806	0.165241762663514	0.186818023119227	0.156601723499919	0.209113503086132	0.158162206686185	0.156199113102356	0.137125987108575	0.163059150911292	0.200730040770877	0.1627157334398	0.141069920156298	0.192874200280328
