201bbv	203bbv	205bbv	207bbv	209bbv	211bbv	213bbv	219bbv	221bbv	223bbv	225bbv	227bbv	229bbv	231bbv	233bbv	235bbv	237bbv	239bbv	241bbv	243bbv	245bbv	247bbv	249bbv	251bbv	253bbv	255bbv	257bbv	259bbv	261bbv	263bbv	265bbv	267bbv	269bbv	271bbv	273bbv	275bbv	277bbv	279bbv	281bbv	283bbv	285bbv	287bbv	289bbv	291bbv	293bbv	295bbv	297bbv	299bbv	301bbv	303bbv	305bbv	307bbv	309bbv	311bbv	313bbv	315bbv	317bbv	319bbv	321bbv	323bbv	325bbv	327bbv	202bbv	204bbv	206bbv	208bbv	210bbv	212bbv	214bbv	220bbv	222bbv	224bbv	226bbv	228bbv	230bbv	232bbv	234bbv	236bbv	238bbv	240bbv	242bbv	244bbv	246bbv	248bbv	250bbv	252bbv	254bbv	256bbv	258bbv	260bbv	262bbv	264bbv	266bbv	268bbv	270bbv	272bbv	274bbv	276bbv	278bbv	280bbv	282bbv	284bbv	286bbv	288bbv	290bbv	292bbv	294bbv	296bbv	298bbv	300bbv	302bbv	304bbv	306bbv	308bbv	310bbv	312bbv	314bbv	316bbv	318bbv	320bbv	322bbv	324bbv	326bbv	328bbv
201bbv	0	120.335555146272	65.6485501148483	57.205566532476	72.6902149304188	54.4676932901246	79.8018176405321	83.0197015206814	66.9321826078362	98.1170849179431	54.3451049666477	104.570767520533	79.3704479928634	90.6781893703426	94.1164143781265	97.207107698406	108.383065159269	78.2440758540389	91.6138255547565	91.2200787805731	65.4273020268375	70.0013875627731	73.2453588380973	94.8337060419577	113.579752951384	98.2497007949947	78.3736380811339	103.992630275662	90.4038587110558	59.9748422984165	63.6809352961138	83.0479489319136	52.337087594659	91.9116760549292	75.1102028648821	75.6257872958316	103.163503858675	84.2354339227531	66.1762325001286	65.1017061648704	113.617169657323	82.7247599734535	61.6477754941695	95.6691252498904	83.7552771000732	99.684603569523	60.4854187774707	81.4060840552151	84.1506354674135	81.7372116633241	100.925264351938	71.6163835738608	102.511549047652	56.4572787301898	47.6613167530653	80.1069521623724	114.365852438318	45.735222580285	77.6560769115261	80.7516185639497	103.135033655501	116.018483002725	75.3776225181812	139.616098818099	82.8791466480312	213.110282767693	64.3950226500543	47.0964265300093	81.848674226464	73.8751798870189	51.7380783633507	80.147273929741	76.3201370290336	95.9250005776339	104.547961740939	121.775130676812	76.6009834497018	78.6884397440104	100.502145443744	114.437573628674	70.4843890158758	61.2341071378434	71.3638280323424	59.733096580242	83.0352618359003	94.4135400638834	113.189972612091	95.3340424745571	69.6895347330941	65.768152796814	75.3284166873276	65.8691668547016	134.166720877958	115.978130100417	55.1822706942121	89.090623861031	73.8742067185886	62.1583197034639	151.417815650704	76.7325579805942	33.8024442846416	179.259474145236	62.8378020846424	202.201202209879	47.3530714760465	99.7397043028419	143.311324741013	40.9064880694424	69.3317601088033	90.9086505894087	74.8531801434523	178.892750705827	79.995058975813	64.4088066767935	92.2479338127028	114.348064628776	47.6966396792872	66.9362308725729	138.332543619916	92.8380659381938	98.8991098418117	78.1939454398148	65.1477340885203	116.593616638473
203bbv	120.335555146272	0	172.585840210205	170.595903679161	58.8817194177598	163.013642852024	140.80499671281	170.780956409166	160.310132690021	170.764657783635	113.038048045736	153.170046962195	124.300330066178	166.265766683763	174.655135305994	167.873191753469	157.08893683269	54.0897288498503	176.481651455824	159.701208948861	160.045696617632	157.117580943406	54.4340024543489	161.268732406422	184.079755777506	160.403800631796	156.342053237251	161.12771819088	167.373803434926	147.744676693846	168.05225875271	167.178252275812	162.938587467046	192.840320353887	169.506809446618	182.791659927464	172.419484661945	169.165861277503	177.689917519521	170.622963458889	175.067550980556	190.854258315108	178.644911343295	158.211590763359	174.205871480438	165.536790111079	89.8869699497421	161.317228354824	160.388570575687	176.732816580542	179.084380157946	158.982185507659	166.303498284163	119.723002776498	158.641867190618	164.250176015691	19.0935092261407	107.338868518755	146.202886402026	166.677865300837	152.839598915857	41.7233743598569	186.445922878443	25.4020747222462	191.876051586843	100.53274383946	115.02412037314	150.484282252225	138.459817073211	150.150974019627	73.3930987929768	48.4132085893922	119.621529400624	156.024613003962	155.93781522082	11.0249147543952	163.887959692866	43.9611335940585	189.247683320768	57.5003369611192	58.3596657955917	103.006236241772	55.0004712390769	152.524734792097	143.440651862203	155.332870368173	186.934050236821	172.275637070027	179.477663642141	64.8369963973844	179.625651537121	140.449428513859	24.1727281923529	211.208408003634	172.742090058109	34.9624950974708	176.719860961365	62.0867195531288	52.5402088352789	137.529962771087	122.360679935365	71.1258731381743	171.71487297923	97.7268967634855	125.966437537816	155.546687443575	33.34549701162	100.100121119464	107.724307769497	165.926880939955	171.331451422869	67.8102900695298	165.629697464155	175.841662727682	168.310117409293	104.962210895563	80.5160734123001	159.106489069926	25.6390128582685	153.601001053485	160.516177841309	52.6164031338765	64.0582615074538	45.6993641825833
205bbv	65.6485501148483	172.585840210205	0	32.269218923287	125.259413951543	17.1015289086063	53.2432186530014	52.6208745927784	37.5184085827977	69.0122973243994	63.5010366110221	71.3345255921591	59.0102899679233	60.9239424126256	64.7975987835609	72.6203567437289	75.0596777056501	131.451554266255	58.6256473667687	62.6184926467403	31.4666437337464	50.410038331987	126.186381135531	66.0969631144041	82.5439495396758	69.2788175594362	41.7996033385341	81.7622744983312	58.4576301654744	33.7492120009343	65.5085386783806	70.4306938337921	80.1860943513998	69.0280447186273	49.9620791203153	54.6878476703249	96.2877997086836	64.4451172709303	40.2780098863193	62.8726477517777	109.133031938357	82.9776730264474	34.0164083847249	66.6175413218778	57.6216126534464	70.9382396719308	113.632958132372	60.512599819928	59.6823774111462	54.1653860905234	72.0684657128203	36.7821897987216	71.2596357481044	89.4228452757261	32.0996904161254	49.4475647950988	167.359553207193	83.1639777280609	52.762871691809	51.9130703130868	80.7708919548662	169.900382292724	22.2355204021343	192.483425108401	34.6956153828883	265.700523074689	61.3619318031259	57.2360609607247	63.021951663638	38.2843816249571	104.925527434643	132.123250216598	68.837765127762	67.8142767314343	74.4569333436761	174.556601426115	76.4569081109499	131.915649093004	72.2271646785178	143.731957669408	123.182565943957	92.1314392254887	124.368098264435	54.9304108806004	54.1506707777537	65.3735455307338	82.2875945641124	67.2485286285853	28.1496075590888	118.449098887878	28.505667125986	40.3620488945438	186.570315092373	120.479607117427	74.7000074903127	141.426833505626	52.7083875762005	119.166800390775	209.574297932118	52.9617154948371	70.1501342796024	232.599586497037	36.0060787132459	257.471534982931	58.8238151317411	81.313056097989	196.568762151186	77.2688141199305	99.0838586016823	77.4188651322059	61.2393415121024	232.001179232502	49.5440313796887	35.7908759029479	60.4998118862603	134.963795082818	100.752406738594	59.3677692754016	191.115888406409	68.5099164867627	70.5633065338381	131.912351429491	118.421499601929	157.059257787783
207bbv	57.205566532476	170.595903679161	32.269218923287	0	123.689810601978	28.3283229500107	48.0546535920106	45.3837907754349	40.230277738288	70.0018161468011	62.328770243653	76.457315309301	57.5221694394167	58.3619954640133	61.6548383359632	66.3214287078653	77.5127435787171	128.568692923243	53.0244992593845	63.206348345991	37.7012246852139	47.4481545240343	123.969766033091	68.0808385895479	87.1852161793267	70.4139349066653	49.939609792374	78.8366709372682	63.9718305758135	33.1122582646642	50.6843742436815	58.8028562317978	76.0173975032322	55.6785456340506	45.6420906881272	50.1382021898598	91.389876331501	55.4135795425179	47.4629185096737	56.4388424381398	99.7022134766778	69.6886398865607	29.8743889384397	64.4707563691661	57.5850328339216	70.2554330137353	109.017574238383	52.671135336583	51.3204550985308	43.1671506572004	70.7774797309899	39.9722926541654	74.8684495098593	85.4513705261393	23.8804775760279	46.0480867777046	164.062116803789	81.4840373259861	49.9324630322216	51.5445174961443	77.7961841234835	166.146758218286	41.0756267992706	189.967574947922	42.8350420435652	263.781658311206	59.1756995718189	41.4373174895199	58.5042630419232	46.6122443001793	103.984263307176	130.389506662978	68.9855871620565	68.9982597665326	73.7281678838013	172.351593361624	56.000354915646	129.761820622098	70.7377285113348	144.021189314451	121.364650263615	90.8835621276824	121.815252972969	50.5171209402498	54.3124616615898	66.8943971262818	86.46292835056	68.2730493856581	30.3329352390034	116.694128299358	44.8007357301583	43.6720687771237	184.143387617507	115.6270015117	73.7815444434068	139.196089728064	34.2491262817778	112.619480013075	201.112498389902	48.1280678767122	64.7280163644893	229.30193928978	32.103288621174	252.275447522559	60.0901965752864	73.9485063850876	193.226610352775	74.5921638176072	97.0470077494759	65.5463699014208	44.0756811276728	229.24738024156	49.8200373626505	35.7138256327718	60.0250373261909	131.466788208313	100.160684101956	48.0322330485357	188.659596314479	64.4328765759516	70.6436861182211	128.266953385243	115.91736503063	154.502320855662
209bbv	72.6902149304188	58.8817194177598	125.259413951543	123.689810601978	0	115.883518079436	130.414944891418	132.766394210757	116.749996211628	146.159526973861	94.3935906149505	149.528014113242	121.54701964173	142.733314468967	138.940984731632	138.289198528365	152.924190782014	50.1072724641531	140.608223859756	139.980815560531	109.449933648905	109.098810575731	51.0433215600501	141.767474752492	161.71035341176	146.000389967738	122.047576199696	152.558514270461	136.65712229687	105.13931916948	116.592574949503	132.395563926506	106.114581161453	149.712066221911	123.948284663915	130.007202424402	149.883384037779	126.667379826697	128.579900187016	117.220695929322	155.112663004326	138.504656964124	121.956383462824	142.995784054081	131.025050571256	146.968539955049	87.3483691208628	125.871056707941	130.896445138719	128.329003410055	146.5154531461	114.237926801864	149.307089515732	94.3306717690199	111.139991192818	130.649867876472	52.2769587282437	85.9283214330273	123.781307125312	125.543262337402	148.541142655836	72.4202635418399	138.960090742093	77.1466540655593	143.03004470824	151.126610904614	104.02051472731	105.952654135796	130.608072230313	119.966822856977	45.3217332577424	45.7668379048668	115.15298325067	143.158442790695	150.382299395332	60.1953501004669	120.950537187144	39.1239832715688	151.061402963137	72.9301892500268	55.7630186649709	98.7770531867361	51.37764996221	101.267335660227	126.62460215792	138.756937416501	161.086541400352	144.089737952417	131.666964552127	62.360124656024	132.961302701175	107.91225951886	71.5597940512403	172.368274437129	115.755882516147	29.95101570485	132.328256408105	40.5812872177102	95.752261232098	123.827873958348	77.5412450824811	118.840145020555	121.827502359002	143.132914752383	86.0757922115599	140.0185898313	81.2149191211508	80.1728318642039	105.273640076251	133.983005253639	124.36203808959	117.403132478745	127.855905171171	125.011403574779	141.096824738805	111.052537798671	38.9184291090907	113.271839603097	76.6525802255531	141.180662490592	147.937399838277	49.6986125390476	61.0690196983546	74.5683577234854
211bbv	54.4676932901246	163.013642852024	17.1015289086063	28.3283229500107	115.883518079436	0	41.4282880938647	43.4201388491757	24.5157879717198	56.2748124636416	53.140001788657	57.9852711188678	47.2956017079082	50.0362362635877	54.187530029028	64.8555820907846	60.9883181629055	121.140105089019	49.2254929040916	49.1064011078528	18.9051827731748	37.808053357314	115.894288300547	52.101189603786	68.416799827313	55.7620423675099	31.6303673757075	68.3213894608928	44.2401775585209	25.1678530189178	58.0389727546995	59.3479350595453	84.7075630315677	61.4217571099188	40.7031813901206	52.3262435678243	83.716930865067	52.5780335099306	48.2623723982631	54.4252260908081	97.4461376359491	77.6698043935536	34.1429479737182	53.7482838173255	45.3002558538936	58.3769813890653	100.724851665005	49.739466557507	50.9376314130163	46.0574396355864	59.0660855765746	27.3970877705681	57.2857570564613	78.3565641470146	23.4142675381601	39.7452982753842	156.87918867995	72.6988985247534	40.3008541943537	39.5849520741576	67.4146997243134	158.919679011136	33.6901824764984	182.274395691673	47.21360776841	255.014002863449	51.3183647358869	47.0311862984569	48.5469358629961	27.5454420698434	95.5119954352576	122.699336289894	58.1021906342762	54.4372666529302	62.8248609846214	164.756431627301	68.1451216651127	121.616371445901	58.6434854174486	132.611979083538	112.941906265269	79.4656123977365	114.106222273884	42.4817709862263	42.200597237127	52.1859731250357	68.3096636665089	53.597166723197	20.6784463595313	108.363181576816	22.6867792347802	26.7928241814498	177.448185214969	119.994039433465	86.1108786054044	132.218772155403	45.7634018090691	108.316012054099	198.730317879791	41.2514975691149	58.5705629508847	223.063453136298	30.9806467659605	245.881745390987	47.8795433325602	69.7184802030599	186.517723521932	68.0619267197797	89.0237210378733	65.2208805571597	53.5295716542151	221.988425277586	39.393527705371	22.7945684757011	47.5874394997278	124.25332488278	90.3778194085587	47.7475351166541	180.766573085935	56.093853769515	57.9521175645501	121.506218723136	108.181501076432	146.02235372205
213bbv	79.8018176405321	140.80499671281	53.2432186530014	48.0546535920106	130.414944891418	41.4282880938647	0	38.7507490210342	33.8245805074177	44.1036516929325	42.9542345740609	35.9734999410958	24.8275937185631	31.3105226830174	39.2867187305935	43.2981728316738	36.1240567612776	97.4817839180148	42.9148125870032	31.9022036842586	34.8589155817899	41.6047914592253	93.7226231091969	35.8492587279176	60.7113593667443	34.6181188839891	35.8038085982726	41.8561096539504	44.6447246579886	38.397042110613	63.3328134907383	50.0856587931061	107.735220336342	60.5852190556218	35.59459505636	67.6723300911093	62.960079752457	44.1027482503501	74.1759887360973	70.0997993624095	66.3283221319249	85.7908677261291	55.5017191087904	25.7170114069848	46.9988846919433	31.7552818617268	78.5397246252934	36.0882399726456	34.9126132077444	42.7789877014144	44.7219601111496	31.1778700590945	41.2052300663267	72.7492358776102	50.4394943491487	28.9173070620948	133.795729638774	70.387253165173	20.0402859813914	35.2257369359207	40.7683677943593	135.175329817393	67.071714434975	159.210245810117	76.0563795689149	233.38885253626	30.9883249944833	61.1782514393292	20.5226814219983	26.5642234307613	92.4968106133642	99.5580090841561	34.6234398530803	29.2778451614015	31.4274358726562	141.539157841244	57.3911377531679	101.589879932977	57.7522020092525	109.284991636558	90.944727066191	56.8931970430336	91.7212546718763	51.7243318028808	17.9222352633289	27.1673445919669	63.5776853677878	45.3865668329768	56.6547244855027	86.1687277737562	62.8193600705131	31.7518565755666	154.604815481864	122.285142063102	108.416977692544	109.351869635834	54.4639421237267	92.421768066138	171.252330500644	13.9093278536488	70.2639161052789	198.624901938812	59.5835429800722	221.354961301226	55.5408520101548	38.0925732545422	163.116528705031	53.847603977597	66.5694530901997	47.1228370885571	53.8459021999839	198.913971831309	32.920753170085	42.0805774953236	37.0620272267014	101.214692037605	104.029242407621	46.1517854128647	158.098279239281	25.5818317401209	29.8674350850663	98.0947368026406	85.048933485563	123.448944239412
219bbv	83.0197015206814	170.780956409166	52.6208745927784	45.3837907754349	132.766394210757	43.4201388491757	38.7507490210342	0	25.2129988335859	32.6843990650167	61.347269781368	49.718502989526	54.9356044562085	25.107324290012	29.9908376865107	48.2786669857005	53.9407497596088	128.568572449722	20.7305212996125	25.4547864513025	26.2808354780265	32.4752748557268	123.608610925793	31.6739218735241	52.4170650116705	34.3280150526124	31.1821325095508	53.4445976483922	29.2916919907668	36.6818548989704	51.2012897759607	47.42786836095	98.9897001606746	50.1592775195951	30.4633867652215	58.6059268344595	62.4686968169249	38.1732822312573	77.8375269055867	61.7054213927524	78.3274264118887	74.6488983869125	50.394843964969	34.8487401146689	33.7308944629529	35.3377416217433	107.49363496382	28.7207949331213	43.5048250979738	24.4531993543742	31.2271179900113	23.2296884634733	40.8635384141796	85.2917242379964	48.6037009317224	15.3107176973479	165.035421189602	82.2969526785989	27.3030561567407	19.6333908326449	62.3016722026699	166.480451027371	67.9930501815564	190.281492834594	76.4853232199852	263.915525077852	58.9265052173466	50.6647957017427	44.6710686183019	26.5221389671915	104.798852530327	129.918657009438	64.5821396171349	30.4535586136561	49.6396755968462	171.871860754695	38.9580564132332	129.522609646971	40.190929821349	139.680591337796	121.054480114006	87.4348178616915	121.848382322238	43.7705419836591	32.1425389604859	27.4969086838985	52.5785767421176	35.7391414617068	36.6334959003951	116.285691415016	51.5225453812961	37.463383035459	183.877497373027	119.218420234662	92.9445467362271	137.637875190511	46.9142164599336	110.753856316315	199.957582287381	36.4470998401737	74.2943013338007	228.871376903813	63.5697155227266	251.006895481069	60.982864155879	51.7513848377554	192.955416617493	74.4573623789033	95.9919018083092	44.8307634148203	46.0821944589086	229.328080508564	11.8863373801309	27.8992345537353	29.082690129868	130.666339677588	109.351513086226	35.498388570516	188.84095395772	41.0804953945786	39.66361009257	128.281201221688	115.355055596725	154.605843890167
221bbv	66.9321826078362	160.310132690021	37.5184085827977	40.230277738288	116.749996211628	24.5157879717198	33.8245805074177	25.2129988335859	0	39.4062906943771	50.7362433341863	48.3841262396438	44.766846433846	32.640780607666	40.9787007074183	50.5036090524301	52.102868480942	118.471544185374	30.5282935046964	32.3781976354004	13.4936253134511	23.1629292228775	113.371255091283	36.3688731767002	50.7612613637254	39.4054482970787	20.4700068856359	50.6685857729851	26.4104793454102	21.9419519944808	52.3521354941311	45.7971253905555	93.4292018747288	56.8534808384174	28.6136212704947	50.849349336488	67.4201745102488	38.96838406052	62.5568078828016	52.9936267933434	83.9026642922666	73.9114931065003	44.8641579071603	38.5124586520588	34.08929217287	40.4500933835931	97.1283666439184	35.1115269616662	43.9189704716038	34.527858369018	42.7871737618757	20.6082462861656	39.8573203201594	75.0114876654752	35.0995603610735	23.9651514140027	154.41361133896	69.4516360444144	28.8183869333184	26.3864966923698	55.6801935183365	156.717093495041	50.9855318893148	179.505366083655	65.1993582279875	253.001410905063	48.4083936857288	42.611797609506	39.0186457372188	21.0181679699634	91.1777097248646	119.709247500676	54.6068678768649	36.7946731373973	46.1401492776526	162.133899663343	53.0377737515408	118.988818164197	42.1044699470101	129.535437573952	110.630082566876	77.0310677618725	111.132440122108	29.0066231894718	33.7232063646232	37.2449172603124	50.0492766226202	37.2636961984661	31.8216480763027	106.021777523156	36.4531306816041	22.1864913821183	174.377538257352	117.465285926707	95.2590391756503	129.259533344441	42.3323871697466	103.629915636089	193.373192384003	31.1666018571586	56.3358762952152	220.067570712215	48.4553162110909	242.486751636141	44.3881472258878	56.2594764478143	183.80816583966	64.3190535797494	86.1407536734017	50.6555842219437	45.2357237326518	219.526203710911	22.3808981634397	23.6053359737791	30.0944037238392	121.261991263183	90.5982248538859	34.8032336139047	178.208114605926	38.1036402279142	41.4814110875811	118.802788952689	105.763506586742	143.99725967619
223bbv	98.1170849179431	170.764657783635	69.0122973243994	70.0018161468011	146.159526973861	56.2748124636416	44.1036516929325	32.6843990650167	39.4062906943771	0	64.8417145833027	47.2636753732175	54.6270895161567	28.0936067581711	31.3821385724656	40.6487810775017	51.5617800271531	128.69864408263	32.1080889205751	25.0777246670647	42.9160107272554	44.4635148121395	123.784448786478	17.6696508939841	44.8147738644641	25.9937582518823	37.9294019504383	39.1378136934918	27.9739239287446	56.8140982100169	59.8360429233309	43.2773911689581	126.734953684217	58.8760757489058	41.396661291105	70.5718525596531	42.2438117236859	43.4770630417615	88.0888207170692	74.7371212539909	56.6147688988021	82.42245624828	72.340161648623	24.9687330636137	34.569303114139	29.7008742016688	107.954730535625	33.2474212310732	55.6433939069526	42.4483688831134	31.4007234874844	44.1187892525341	29.2599854765062	87.8886433709307	69.7459978097637	32.4101540589633	164.780801495153	85.8226349818491	32.7398008774801	29.9442335989639	45.7666052033359	163.799875548653	86.5501025523294	190.49533053208	99.1968559609099	263.611237109066	60.4776263228685	71.9490122965265	43.2459342021526	37.3181817426087	110.361959626455	129.704145288948	64.3748876988175	32.5996097110551	34.7905533473215	171.323773871489	52.2236358636804	130.589723501869	37.8812460943711	139.337183257504	121.105531117938	87.6047813842052	121.994744823587	59.4097102868094	35.943986122343	24.9311465050502	46.4744634355192	15.3294673251953	56.0252160243901	116.224874570582	57.3513066953927	43.7966378185714	183.858466028056	114.807573802993	117.743088649716	138.229934961235	67.8528431890734	113.254292277212	201.014063856098	37.3245892752804	83.8288910207475	230.046949469507	82.3258949852139	252.879829423654	70.519977597219	43.8636568131199	192.859552051325	76.3301458189153	94.8836802062679	39.4670955363459	69.8576373111316	229.293977922776	30.930080762312	43.0430889857614	29.4283410609037	129.662979501474	118.910229539362	43.4831413779295	188.575206538258	30.3593062243107	24.7651753549736	127.866064823335	115.319361773324	153.65124651513
225bbv	54.3451049666477	113.038048045736	63.5010366110221	62.328770243653	94.3935906149505	53.140001788657	42.9542345740609	61.347269781368	50.7362433341863	64.8417145833027	0	58.7168721138086	29.3153993679332	59.552359847345	67.6243003562905	63.1407249469661	62.1103997440843	71.6638995795652	68.2804522598111	53.8790484669439	50.3699000913334	47.2449377316001	65.5415565283848	55.52744847518	79.5372162210954	57.6218186701818	45.8771792694023	60.9152767328238	56.2888331436213	39.4545057794166	59.3396956397545	57.6865847517025	93.9962592342334	83.11349419236	59.5717864592624	73.1796648840601	73.044640899508	59.8481727008765	68.6132265887726	60.8895055985022	77.392109647574	81.7002313710665	68.6413420602868	56.6922645484732	64.5311892400577	62.7608429238794	54.382416956564	54.0757906331022	52.7844927061826	67.0729120825033	73.0152953046119	49.2283990240455	61.0298780060407	39.1406273304147	48.4926196474273	54.6044092971471	105.574479212227	32.008177802499	40.2774863955889	58.6922763854902	58.0738653234326	109.919866641366	76.5578956178343	133.169283211835	82.8694296061853	204.285396390352	15.3355220025534	40.2295061323852	40.2849201578528	40.4212051382464	53.561046513419	71.6195954230764	25.193991573231	55.4809502047485	62.3138109950695	113.508240473481	55.7542463165688	72.2059836286154	79.5758341454544	97.2197313719873	61.8427146942289	44.6285867212793	64.8409853581277	42.7497692834674	42.1380743717519	54.7301935922959	81.8210408199268	63.618974571431	69.0576416857503	57.4573897463567	68.1062397609516	30.3782305516998	127.651548658112	107.931658351765	92.9296459490376	84.2643139762894	67.3355079208321	62.1686643173031	153.537426337756	36.6723244494968	37.6767166007982	175.595058230423	61.9796579644453	201.428718521556	31.7716577866366	57.9314778839373	138.281766566588	20.1496674020035	39.9294312420245	62.4056108958812	63.3737532277289	171.161236651524	55.3219106097185	65.9461031204633	60.5696554787344	82.6723930698241	62.8146276294334	51.1943893843379	129.544362560862	53.9895864447529	59.9327925084909	71.6429788624244	57.5457314885068	97.098573592812
227bbv	104.570767520533	153.170046962195	71.3345255921591	76.457315309301	149.528014113242	57.9852711188678	35.9734999410958	49.718502989526	48.3841262396438	47.2636753732175	58.7168721138086	0	32.7601837980445	35.090073097888	60.6761568943471	69.1618218561832	22.4002195625767	107.083094659949	48.6096697946887	26.3384941521952	47.024100927994	59.74732077793	101.965369997885	35.8774397848739	47.4939184334329	27.6245445730176	35.1993110008969	41.8970748148217	33.7669131048919	58.7182954428158	92.4747829077063	72.6759760297985	136.241300103572	93.2340984620268	64.5419883724176	93.0801083590923	81.3755201180007	70.0493704773866	96.5352235730094	95.6715675573057	88.3422815630681	116.402694412243	83.8990206097274	37.2471558384283	67.8203853270777	35.3999337129428	87.5668320899626	58.4092102530192	59.8588141931501	69.916401357209	55.7068928413598	49.3562823886863	33.9727119813355	88.8588417426779	69.3664483500109	42.3341976896684	142.388698496919	85.8733251995004	40.4296964148708	52.8996821131107	38.6883129986384	144.404812310889	85.638123246183	171.3265508887	102.452771724688	245.762282217114	49.6008796780829	87.5645657797092	37.9656735428106	35.4303202874942	108.040349984345	108.421486412912	42.6440045248717	23.9256479752874	29.3569129840036	149.84606106382	84.6330675934971	118.36716382804	53.3107829539712	118.655539650083	99.4148130926695	65.5558915231447	100.700563476623	72.6620044153408	32.2490871636873	37.0852432224364	53.0711065667051	54.680274780338	54.1075681905057	94.7506460711711	50.6075039195074	45.0309174486321	168.299271699742	149.699160779687	137.682862032808	124.74890683095	80.7124351794262	110.526292836908	191.534483946098	36.5926239143761	86.6310168968652	210.149663781822	85.1493578091221	237.80834810151	72.5154182479909	52.3722510916371	173.438452091923	72.4003626069905	74.5398650354983	70.7047479079326	81.4954350493417	207.389295944946	43.7819110137683	61.0384651270967	36.5444430270853	109.733718447039	120.063836243719	70.9691068344253	166.86731158234	37.1340010453402	33.2372274481972	106.154023453329	93.1645340302611	132.488284250088
229bbv	79.3704479928634	124.300330066178	59.0102899679233	57.5221694394167	121.54701964173	47.2956017079082	24.8275937185631	54.9356044562085	44.766846433846	54.6270895161567	29.3153993679332	32.7601837980445	0	50.6273434279519	58.8766814287595	56.7697693534592	34.5638331983748	76.5630273833231	60.6700659876428	44.0943949325912	44.3224718938401	41.213463637539	71.9204259030904	44.9524876670745	65.6987303914644	44.0738537743516	41.9073032590755	42.4081194591961	50.0518018295675	40.2804100218972	72.13262202084	55.7113526092875	114.489905131651	77.3282262868074	53.8388805276363	71.3086273558619	72.3392373301588	53.303694433489	72.0758976678859	74.5424602867707	73.2887820978436	96.4158777705151	64.6999169310528	42.6983033701388	58.5533631769968	49.1545341335144	60.4393478198932	45.8368057988492	44.9119541446146	61.3764496293755	63.3354166820675	43.7328670648887	48.6535668075732	61.9283168731736	48.3059830322196	48.881881412692	112.480296371964	57.2628459326769	29.9737692947638	50.3478606716246	38.7570874568061	114.580712418197	70.3823269230488	142.818566208971	76.9302581273177	216.257108319232	20.984624341137	60.9329601040219	24.3514473400422	34.9288036229752	81.522952709357	78.4410783520362	19.0046594495943	38.3819278875192	37.0872436987692	118.496644309676	65.8657293626995	89.1702551353388	73.6673838286693	94.2543883165187	68.1797547490294	41.0541687390629	71.0905612131037	51.4750044797558	26.6986317492039	38.1675066219576	69.2717447314662	55.6448208931145	63.5705902936855	63.8536557187557	62.5481871331692	29.8900964806566	139.906707585321	124.001408172684	113.345958973635	96.3116761436149	61.8866883199606	85.3232042352864	165.781546759063	21.2479344385428	61.8902779984622	181.984552797728	58.781920713355	210.671078217623	51.9165584384871	38.861878137921	145.442923154951	44.3447442315798	46.2938245102741	52.223609522548	60.2945126345759	177.662058352747	49.5923764901608	60.5986582990895	52.3482580151838	81.6994483328812	90.1142300705591	50.3821935600367	136.195227372318	37.5171649485982	43.6514589447771	76.5243541226302	62.6258193685871	100.937655975501
231bbv	90.6781893703426	166.265766683763	60.9239424126256	58.3619954640133	142.733314468967	50.0362362635877	31.3105226830174	25.107324290012	32.640780607666	28.0936067581711	59.552359847345	35.090073097888	50.6273434279519	0	30.1741194291603	47.5136747455046	37.387550553558	123.918871087488	25.2187336778386	12.9226062401942	35.9735911616664	45.2838068736228	119.207592264661	24.3426619553339	45.5545839742296	20.3636677829321	28.6029486581562	43.0652387003688	23.7295975083327	48.4632811718498	65.7172390457261	51.1385572514466	118.042052600145	61.9573815315417	41.3373795731956	72.8024344398226	62.544365152663	43.4651835229078	84.4599821203189	76.3249292302129	73.7578278026172	84.669494203589	59.3132722386504	24.4609982360392	44.6308160283716	23.1999414162194	103.490093307932	35.3225560763324	43.4601898571406	42.3293241976891	29.7328295701471	36.3233901995535	28.1500457155633	84.2954406708569	61.7752876452989	18.2701928155795	159.687154666472	82.039937039863	29.0911237141212	31.1191244255823	51.3845344521572	161.476197452499	78.4500940009229	185.822898478077	85.8285209428871	259.318121020626	54.9238675431366	67.9858959106324	40.3934614006444	28.0481718401877	105.562442620962	125.890394173305	59.7064284450942	24.578166322095	40.6689113944146	167.237018030724	56.0219162407845	125.060350465643	31.1351799572666	135.39888328814	116.657519077357	82.8893752839757	117.55262339991	54.9254072593018	30.9855046433121	28.5924323545418	48.3041519498178	35.7201170186799	44.9094364593777	111.790965818909	48.9892153205361	41.0193959883251	179.809661244159	122.975235828131	113.631695606525	134.907457172167	62.4773810862607	108.708758934408	195.838226646085	31.9056415942457	81.3818295472602	224.635866243499	69.3440513659278	247.916320612612	65.949808337106	51.6527052181724	188.711387867745	71.7685266184086	91.3465330935853	49.3432806569065	58.2814449642787	224.032602853555	19.7417833591019	33.6998561140139	17.8954720982812	126.227719191276	116.094602704149	48.6706252303187	184.187716390317	35.9768532315611	30.1762192905152	123.824671700601	110.864991686584	149.842913328547
233bbv	94.1164143781265	174.655135305994	64.7975987835609	61.6548383359632	138.940984731632	54.187530029028	39.2867187305935	29.9908376865107	40.9787007074183	31.3821385724656	67.6243003562905	60.6761568943471	58.8766814287595	30.1741194291603	0	38.4276679682575	59.9522250441541	132.410172171257	34.6092331143201	37.0326664901868	38.6784755557742	38.5926355597179	127.320790952802	39.8080945905909	58.2344528426601	41.3415373145325	43.7374896292026	53.3464779376717	38.0839615464874	52.3413003190747	49.7802080326084	36.0245843881774	113.374933975444	47.3158348959602	31.1489484625804	61.880736284421	55.5767354219614	23.4945407820493	84.6542695175273	64.092958458744	55.731965166659	64.168735416512	53.9151678965394	36.2117562023566	31.8429662426972	34.0131230776609	111.143058598169	24.4600991671037	45.2909158253702	30.0506454449797	23.7102599154275	33.3418583185311	44.9207646396177	91.4916658708396	65.4758214740284	29.8329855508193	168.273732113812	89.3851902646309	32.8241438599968	22.5511017121565	67.478354337546	169.495055390415	82.524133811935	194.003577740167	87.6156655477367	267.531229530974	63.0663326865209	67.6649676992458	49.1236582216246	39.0819346718674	113.449959618677	133.722378253031	68.899318281263	40.7158750322553	56.5310650783856	175.264223525396	41.9792063699082	133.595823853002	32.5102778130166	144.216782069642	124.921443940403	91.6347172757006	125.622094415008	51.2944096669918	34.2663421402826	29.6050662367904	59.9865795068217	31.9288892777304	61.7152249983105	120.035366107082	67.836899567606	45.5140296599493	187.23844945636	106.851997527113	104.818570169006	140.989826573687	59.460519354127	114.975809669518	202.443510183218	38.7804569383925	83.6309885169115	232.072455857301	62.3016441145212	254.256465164188	70.2533394800829	48.8080825334305	195.932103845756	77.5713340784162	99.4086773885245	35.9362824286588	55.2822127715184	232.512819016595	25.5991667038524	37.9611582148824	34.532397783892	134.202989698112	119.325689602177	35.671951119063	192.331599154789	46.651183673974	44.5702797408584	131.734022101917	119.205373599845	157.880135638717
235bbv	97.207107698406	167.873191753469	72.6203567437289	66.3214287078653	138.289198528365	64.8555820907846	43.2981728316738	48.2786669857005	50.5036090524301	40.6487810775017	63.1407249469661	69.1618218561832	56.7697693534592	47.5136747455046	38.4276679682575	0	68.7229468729223	126.217486031861	47.5440276857181	52.8678898395306	51.5578790427584	44.4746489916886	121.086575087497	42.1379361857954	69.5965868052735	52.1473478522847	52.8526992791937	54.4014212283372	52.0182743985001	51.0293612647249	58.1219872656477	56.0095209113614	107.653506440648	64.4555600873654	36.2962520738953	63.0043261047724	43.8491997861907	46.2628979887018	88.1666277004123	52.6649309658985	51.6963059884323	80.9561915274483	63.7283741340565	41.9481006224577	52.0103002220552	41.5363023937876	105.195995428718	36.9017720003583	52.5781238683757	39.7275169388494	44.2138838655218	40.9842746734497	52.572131335909	85.0410050768323	64.6689843651314	44.9779105161311	161.37615522167	85.3129272529694	42.0843024021434	40.8458311349724	47.6589780161294	161.968030919198	86.5149575130189	187.572460953273	92.3459607366966	261.018583979598	57.0867953442951	66.2208671120815	49.1614073032567	49.2265544917901	109.179305335351	126.950061906799	62.6376881800009	53.6710760042373	47.8342429810595	168.78016564669	49.8511819494057	127.257629281202	65.6973117711083	137.619695568137	118.422745685816	86.1363237068195	119.465908255688	51.0357121740793	43.638531999693	41.4193395387532	71.418388504608	40.8791110410433	72.3384427016204	113.355669094261	79.8795772886202	46.4515517728574	181.241766330481	121.293282369151	105.134757415898	134.970876540702	53.7866939574494	112.572497202582	197.953642389019	44.9851479644513	84.3789574918254	226.101392621432	72.8400728337258	248.463287647962	69.3961617682593	39.0581131843664	190.06594042002	73.2931407406733	90.8287800927591	46.1413949207414	62.150320722699	226.405650794533	42.964153175702	58.569198021101	47.3739374247371	125.118213472667	118.255060196525	46.3185501931807	186.028917848897	42.5907312599761	45.8489990238794	126.201900592585	113.1295269008	151.236717897171
237bbv	108.383065159269	157.08893683269	75.0596777056501	77.5127435787171	152.924190782014	60.9883181629055	36.1240567612776	53.9407497596088	52.102868480942	51.5617800271531	62.1103997440843	22.4002195625767	34.5638331983748	37.387550553558	59.9522250441541	68.7229468729223	0	107.626267272554	51.8096616121551	34.5145586554196	49.5229518346982	63.3602012399327	104.821546305663	41.5147284404379	53.185747392096	36.0588007789101	41.136825716785	46.3381724028764	41.4522334464058	62.2936840567148	95.2325861695524	73.0062160748756	138.970690745713	91.8936484072924	67.0850468353658	97.4240059024759	86.2313141118604	68.8883058829737	99.798311727362	99.4156162437415	85.0351427286362	114.373296287785	83.6939094147344	36.2440727822163	72.0648256154502	38.1418967207872	90.7997980482992	63.9138538559792	63.9195669715371	73.1378461588359	56.3173011665308	53.8243682789234	31.554872301735	92.3720584258258	72.8716619602337	41.7368426481603	143.063364007061	89.0327361759383	45.0129875667755	57.2517345614843	43.8338117500824	144.127331557085	91.1818401207502	175.336415352498	101.036215283306	249.052231771188	53.2596445026317	89.2510224670361	40.7172133533276	40.3642394215863	113.014409052018	110.31719011449	42.6656050856695	32.7411603761182	32.3191818421055	150.072353105892	85.5481610017601	121.856333202547	56.9419297134621	119.111379666515	101.056050593632	64.88979301484	103.6983384408	75.9457730135592	35.6862940687651	41.8993998610291	55.8915038017656	59.7898555793046	58.5295153890826	94.1553909036544	57.1392305150149	48.5444215647137	171.610097308119	146.952797284332	140.823170781405	128.356208970955	83.3411150448835	114.910541003695	196.224922902381	39.6423570572752	90.6475942816493	213.484178590226	82.9356818392661	240.991941661558	76.7314171499358	52.4881329880853	176.812404979146	76.4840259194449	77.6973587915173	73.1399786680307	85.5328010200314	210.024978778197	47.2305309341487	61.7618870212959	40.5742644727772	111.857514285863	123.09897427203	74.8650120557262	166.77865729587	40.9884173284523	37.2984673277521	106.074776107446	94.1701602674121	131.222245253167
239bbv	78.2440758540389	54.0897288498503	131.451554266255	128.568692923243	50.1072724641531	121.140105089019	97.4817839180148	128.568572449722	118.471544185374	128.69864408263	71.6638995795652	107.083094659949	76.5630273833231	123.918871087488	132.410172171257	126.217486031861	107.626267272554	0	134.30563225532	117.314275137338	117.765783268017	115.274118582114	16.5709168478151	119.572628722861	141.099502553239	118.311350512033	114.565967587273	115.413451781558	124.634751770544	107.047515385943	125.883717182055	124.964274995626	120.517862919956	150.849664407744	127.555455350601	140.993484683824	130.413269658152	126.97518383972	136.066054358182	128.765804017627	130.168545051526	148.7552658773	136.334387152554	116.533418723554	132.068912409044	123.459932087232	46.4056997369107	119.458684300046	118.395439518641	134.615306781296	137.080072850857	117.272484155803	123.221092414258	78.466240043546	116.956691339881	122.091557649969	41.0173401049189	71.2154044952448	103.973788513283	124.330203392087	109.417428813846	45.2487792079407	144.604889487553	71.1614632665403	150.314614685924	145.81594897116	73.2446562240377	108.186676521295	94.3116970063907	107.837164373913	33.9839731058632	11.630140966253	66.6449788149624	112.493144312394	111.375694064396	48.5880860764255	121.733020788111	18.8352187649968	147.205337374452	46.1753217094606	18.1548201207921	49.7806801377089	16.2288944610739	110.915303700967	100.651662314622	112.170967096075	143.936906708572	129.945839151758	137.591753965289	21.9530601753269	136.837336715941	98.3648503712734	69.5094509715903	168.948830752406	130.488618200721	25.8773893739786	135.234909754505	27.8649801925328	97.6208239905166	95.1677649183855	81.4206149697235	112.107783733812	129.154471067918	141.513048480724	81.3187587763491	109.700579654302	75.237682323095	58.5218074666869	62.8537053573214	123.8023949092	129.453017207071	107.654850835171	123.592775274279	134.053012976344	126.190742572845	79.9658101266049	42.8666658578582	116.747719475537	65.1406209961562	111.435311814953	117.927197586416	13.9354020100536	20.2677150539899	47.3084546576237
