201bbv	203bbv	205bbv	207bbv	209bbv	211bbv	213bbv	219bbv	221bbv	223bbv	225bbv	227bbv	229bbv	231bbv	233bbv	235bbv	237bbv	239bbv	241bbv	243bbv	245bbv	247bbv	249bbv	251bbv	253bbv	255bbv	257bbv	259bbv	261bbv	263bbv	265bbv	267bbv	269bbv	271bbv	273bbv	275bbv	277bbv	279bbv	281bbv	283bbv	285bbv	287bbv	289bbv	291bbv	293bbv	295bbv	297bbv	299bbv	301bbv	303bbv	305bbv	307bbv	309bbv	311bbv	313bbv	315bbv	317bbv	319bbv	321bbv	323bbv	325bbv	327bbv	202bbv	204bbv	206bbv	208bbv	210bbv	212bbv	214bbv	220bbv	222bbv	224bbv	226bbv	228bbv	230bbv	232bbv	234bbv	236bbv	238bbv	240bbv	242bbv	244bbv	246bbv	248bbv	250bbv	252bbv	254bbv	256bbv	258bbv	260bbv	262bbv	264bbv	266bbv	268bbv	270bbv	272bbv	274bbv	276bbv	278bbv	280bbv	282bbv	284bbv	286bbv	288bbv	290bbv	292bbv	294bbv	296bbv	298bbv	300bbv	302bbv	304bbv	306bbv	308bbv	310bbv	312bbv	314bbv	316bbv	318bbv	320bbv	322bbv	324bbv	326bbv	328bbv
201bbv	0	141.222644349216	80.5239838883242	69.5284675929244	87.2839859799776	66.0234225692303	94.3347780032058	101.192180889208	81.3967670008893	119.338009225568	60.4191384254423	126.750456284846	83.7443828040399	110.11229584994	114.387251381673	117.715810356279	129.530193464217	93.295934692598	111.655177775718	111.637479805575	80.2168436545492	87.4889539851391	94.8663280998568	115.925729791372	139.844045178084	119.563469838249	98.2726494766011	125.76331191314	107.876452150364	73.1577651127769	77.7423368729605	101.059845825378	64.4050719079403	111.74774881324	91.525661750127	91.3895216911971	125.233567794628	102.557869396854	79.2888247454344	79.1178494793292	137.547501678743	99.9297016073538	72.9105382297813	116.512627298324	102.231799336985	121.497210215549	69.7349994008803	100.172943717002	102.133618389066	99.8832667388273	122.772531007003	87.7266497071534	124.737540335344	68.6654710414581	59.8804280647421	97.5947666913668	139.766521716072	59.0795065032587	94.5939914946511	99.0293833840446	119.98113588934	144.049621528637	89.9603109241584	165.12263077663	100.525920217904	267.600440232278	65.7466370261669	56.9150697864639	98.3570814354086	86.1577968225917	75.1734118530151	97.1507498552302	88.202459929423	116.944802150513	126.778525384843	150.084889489167	93.453724754142	95.1923773495538	122.049091206909	137.088367603658	82.1316442538212	73.3987879856389	100.775303335674	73.8646458204783	102.14076478592	115.282147999429	137.279118770556	115.373050408434	83.8195026785698	78.1478923588513	90.7552771193116	80.867696435685	164.982808076607	140.710868864527	70.6063198278844	106.67364898852	90.6326643093958	72.6850722205469	184.20201319805	86.6766488845804	45.8742001107272	220.510589551773	75.730453047495	246.928212355492	59.680382064606	121.308304071907	177.296328845994	53.8571959354505	83.9052869917758	111.233253699837	91.5060366444496	215.344496685558	98.3530839625466	79.6920193160666	112.804006314564	137.055388310793	57.2079188788264	82.0536599300238	176.539389840689	112.844388154732	120.249868286532	92.3470699360603	76.9116700608867	142.850520499603
203bbv	141.222644349216	0	205.571076940303	202.412878082156	67.4779683719984	192.804696536197	165.82950775841	201.524284746304	189.678153542586	201.183531915484	129.356511137034	180.390900288074	134.935302839211	196.896712180617	205.254063428303	201.45796182726	185.06840267848	61.9309630344147	207.562842044147	187.552222671643	189.123985592953	184.695844278567	53.7394701878529	189.181934523472	229.848082905073	188.959586875882	183.45076282203	194.153157471587	200.806986018073	174.416639061699	198.790536296689	197.758141415416	193.100977891431	227.014733742168	200.493255774548	216.16176397508	205.104238781834	200.086309814366	209.698029124838	202.613717024209	206.313485036241	226.049410829985	210.118297223509	186.258272616582	205.64662339317	194.250065818771	106.894547469743	189.28548959311	189.882150225224	207.959575139387	209.12047753609	187.763065342034	195.400500062697	140.92075992856	187.016506449709	194.011276089972	16.8268977299339	126.922009264689	172.531740519313	196.291062045509	183.303007149402	54.6302880189484	219.691202632827	31.1797749048905	227.988261557824	136.302846408004	129.660626142608	177.880898052335	162.570727543252	178.448190776047	72.7979788453639	53.3364335111859	135.723120460601	183.583943218204	185.112960776955	19.4183109913754	193.519929044432	48.6754565173589	224.470273793343	66.1963640726214	69.2344921072426	121.119216446283	45.0122137362014	179.914843768475	169.074537609743	182.759975363498	220.950399200049	205.41891231833	211.951732271308	75.0619574032331	212.228715475243	165.56600587453	37.1557807259918	251.46244107658	206.760017356121	39.039677765841	208.245825932899	73.1284039748437	69.6576638951015	162.051003691693	144.63756164447	94.2272494124167	202.939918937817	125.462406339874	148.464349559479	183.205025348678	48.7769389669398	118.790928641375	128.498728248419	194.721429083687	202.243470884263	85.1317978622105	194.099403658078	207.149536007531	197.776846421867	123.697089336611	93.3505322081106	187.864921473173	44.3354116412657	181.418931961619	189.019205934202	61.1654791450073	74.7123239614514	54.9276043713428
205bbv	80.5239838883242	205.571076940303	0	39.7480480349057	151.944987336079	23.3712511359627	67.5664291390619	66.0253676411795	47.1353182088396	86.0719324781458	80.4662361904341	88.5811012434147	81.474832483933	76.0337503095134	81.1647318720523	91.9157274427133	93.156976663409	158.702525695215	73.2758493027241	79.0102172864195	40.8529513950166	61.1280962884442	160.237793754901	83.0830569703094	104.012123406314	86.442294068338	54.6626311265239	108.038122118944	71.1936890918262	42.1800799185601	79.6261140820745	85.6724787793426	98.0189511595026	82.5860829053752	61.272931451453	66.4288836306017	119.115446389559	78.7183047442567	43.8867268799198	77.3614271407165	130.623250605729	100.700220088557	41.5441253348327	83.188069988425	70.300635540457	88.2739505916719	134.747331887304	72.5080201828702	73.3921389521972	66.628247835249	89.749150193876	46.7402939500011	88.8123077715394	108.068392833684	39.087354871068	62.1040805253242	205.024102492927	99.5794573307068	65.5498898291089	65.4476848187826	108.258315577194	210.420124683554	21.1449415844291	230.26136969947	39.7636182784336	332.396286651212	81.6440702858083	70.2163683895303	78.3163869518282	45.2699782209169	140.571703198625	161.145031744949	87.6940006776049	84.9008307895002	92.7687621066778	215.107297262299	92.2264822803342	160.762804203727	89.763122232115	173.791747394417	147.012078759154	111.412320682728	166.531361823986	67.0572764705583	68.4033112453741	82.1339511362656	101.827833153317	83.5910360275634	37.0644115948083	143.024518587367	37.8013513065518	50.9373166935064	229.480946404347	145.255948531456	96.8518486208771	171.06356706223	63.0815364242956	142.38918305121	255.584402600353	70.4306881119567	83.7231307885952	286.120952537193	43.9098415632366	314.824035543146	72.1054198062691	97.8628274851561	242.840934644571	91.8359077013561	117.061466568997	91.9636433254674	73.7088249019406	280.769321676806	63.9859518595172	46.9353914195274	76.3906938489195	161.127629612092	122.540628014576	72.3872086810741	241.566053827836	84.4182011577948	87.7763324691778	158.305114311726	142.483529630273	193.169804801483
207bbv	69.5284675929244	202.412878082156	39.7480480349057	0	149.328160367186	35.0865055301799	55.0033896009859	56.3266655901116	49.2901111774595	85.6147306566064	78.3074160498023	92.9550313161103	74.8264864796926	71.1998527621545	75.7272619865766	81.9697836041609	92.2060077931767	154.555833604926	65.9620116239513	78.039221371782	46.9308019647966	57.5419979589964	156.546646503552	83.6743479621782	107.753639020514	86.0848788558714	64.628094755526	101.787700090228	76.2274637576411	40.6998468305934	61.2400765875974	71.2844903850346	92.8860572793002	68.3493765104382	56.1729597302034	59.6939983499748	111.865678926898	67.1153564651713	54.6630086093418	68.881791434963	119.236614545849	83.7652788339074	32.7554843119489	78.9750277307427	70.7670391575769	85.8207919206403	128.804302933449	65.6836650249497	62.5707723292572	54.2835636590775	86.422447604199	49.8094600487917	91.6332941984667	102.714097594584	29.489827050148	56.7465709943961	200.222474877811	96.7587456261565	61.2330191692464	64.0197121051358	100.897028183483	205.016252513875	48.8745967440565	226.400764911631	51.710730392268	329.248488188452	78.1432202022305	50.5122516717185	71.2056630180272	53.0195732153183	138.810509719197	158.276421355412	86.4799719161987	84.6345944892597	89.4377796950551	211.60352542839	67.3655800562189	157.328119568538	86.1902350431411	173.189515839877	144.050460691277	109.166229896164	162.068409228031	60.889972848122	67.6741100452961	82.2726005022404	105.188221622139	82.8565472886077	38.0215351480966	140.116494322821	54.3673658550764	53.6962528610232	225.761980141193	139.991464613962	97.4249874978633	167.648955356766	41.8814742614595	134.073821653857	244.655966297882	57.8280854701758	76.8611026857678	281.374626072601	38.8706141546509	307.837368262139	72.6011324200486	89.5203257673667	237.98685013494	88.2937221825033	113.747869589128	78.0440571434092	53.4671711376665	276.631312112254	62.8791959330594	45.1491435263203	74.3454860495208	156.416674394214	121.014789380373	57.9235949571269	237.70877822203	78.6977100581495	86.3783987281587	153.312690470415	138.693829123374	189.257220927491
209bbv	87.2839859799776	67.4779683719984	151.944987336079	149.328160367186	0	139.509811861266	154.602554649967	160.135384830233	140.509594093163	176.138025442874	107.340137872823	179.836889078824	135.083086914553	171.742088576846	167.629003224421	165.39597147878	184.038948278806	61.025554336567	169.565523499245	169.152520724921	131.760773878549	133.079767378827	55.3988017026809	171.464043093288	198.640257289884	175.975684500171	149.200755113199	182.814757097704	162.321597620026	126.356321155316	140.294948361483	159.388672893285	128.131411963141	179.11043094253	149.141120290365	156.251092573937	180.350233714576	152.540505458129	154.089644511541	141.274054127773	186.633988522123	166.530473515343	145.275018610198	172.332792675635	157.445613087773	176.946150460594	107.759386883476	152.501376989178	157.31302521419	153.967556747998	176.491718119818	137.821116460529	179.941329552454	114.252313497525	133.332831049807	157.441779602712	65.2224227123	106.147544196112	149.004660740809	151.902503243069	176.678894600065	90.7544818755524	165.978655779983	90.1687165994147	172.587039547422	193.135081426553	113.429832660292	127.475563010704	155.87749818836	141.407376946799	33.8299331882033	54.3369410077009	134.054703186313	172.975148212073	180.892308215093	76.1364371368629	145.810598368618	46.488593217211	181.879401816992	86.9373430954223	70.1055287258598	119.913490587594	47.6835531048345	122.019575673104	153.703205888944	167.710346512892	193.816521009891	172.913070702984	157.83346687178	76.0278574954483	159.599061195976	130.182773901429	89.8061419363668	207.9616709067	141.595448979843	36.3338113625935	158.54438283008	51.5164628740625	117.577435941344	143.347302846346	96.923310055368	148.213089904808	146.323116955609	176.196584749672	104.995772248273	168.729824912868	102.835353174821	99.7802321910729	129.524598527273	161.64682993802	149.530551738935	141.536983807746	155.251943680613	149.459622039909	170.234356786339	132.359279657628	46.8471685261939	136.36252778281	102.421647239404	169.943122831716	178.134370926002	61.1252037048478	75.0141843735396	92.1216517495122
211bbv	66.0234225692303	192.804696536197	23.3712511359627	35.0865055301799	139.509811861266	0	54.0061038891676	52.5687281648562	29.4667039809842	67.9738279708367	66.8988681042443	69.7973982914956	65.9811159288746	60.2682915186804	65.1869216366493	82.0456530613137	74.1500193210905	145.15823855343	59.5591720864095	59.9437924689574	22.9883396865188	44.6834489811871	146.498895386017	63.4616742914423	84.5797499099784	67.3995722388166	39.2123681338216	90.1850783423893	51.4608684458294	30.3473066988438	69.7556492507929	71.3618881674694	103.947026650358	72.5282903444134	48.9031466570947	62.0703735261173	102.14177711836	63.18794471212	55.9063049844571	67.0988802345623	115.251976881315	92.8803433142669	37.4630585663458	65.0362234636278	54.1468038512857	70.4759607509368	118.080788628578	57.6797143134923	61.8060659570129	54.4182375866957	71.3275867900159	33.1768708530384	69.1816384925926	93.7002666715557	27.8528466910545	48.083809520054	191.180804964952	85.706249480754	48.521801041757	47.9986475888059	90.4445716134558	196.006086139242	37.8840054428568	216.689822739049	57.6404660679267	318.270903830042	68.7381577492836	57.2211412619154	59.4585711057881	29.91115521575	128.332138698176	148.602482212354	73.1693529640523	65.9838262153915	76.4932216504285	202.075381835575	81.3482858492162	147.093497239442	70.6740771247335	158.835744587695	133.445373706358	94.7924856675371	152.564350354888	50.8081580958391	51.1894886990834	63.4346876698778	82.2250143120388	65.1580240270499	24.6640762844395	129.616084100582	26.9209391237875	32.4553228030807	217.345462641805	145.688260262102	113.424324498155	158.81656158113	54.1078284623965	128.220732765078	241.521977098145	55.3322288585127	68.5692853643044	273.515548031459	36.4865053339263	299.854086050827	57.32361855978	81.7730735018912	229.558657382388	79.9531922944499	103.577267009536	75.6859570890191	63.7081324093072	267.446848214382	48.5347867929205	28.498480672152	57.7210201486311	147.231041782294	108.809006552896	57.1324338538621	227.898793507747	67.537085162615	69.7440670178493	144.664859176743	128.880458874872	178.6489856799
213bbv	94.3347780032058	165.82950775841	67.5664291390619	55.0033896009859	154.602554649967	54.0061038891676	0	47.1274344948471	42.2366088586045	54.5285463937993	55.2487045770112	49.4183841216112	37.2432562486531	38.5705440914745	46.7359592366257	55.4485139159169	47.0357940141521	116.931155562432	52.0733303121167	39.7124246151087	46.0126538529653	44.6761933558576	120.041299474197	44.1470713551228	87.6665630495717	43.7242518569427	45.8517895128515	62.6187700682233	59.1009979683452	45.9388928515994	71.1633155123011	55.2505205429798	127.678898553311	66.531986765212	43.1705359474185	76.356136769766	76.8599133663903	50.0751831717446	84.7980662501477	82.051859406093	76.4637078141508	97.0842934548939	59.5262087702338	31.9697068031904	57.5631633328841	38.360152679799	92.0933475421696	38.7403412678996	40.5238151035316	49.8875807360913	52.3523627372235	39.7512685048203	51.139273214065	84.5044269333413	55.2320477623072	36.1557093405654	163.722652477325	79.3739830002844	25.4424597897723	43.3320723008129	57.7315153639752	167.539041874434	79.133938138614	189.116234457151	89.2130942800699	292.300467160185	45.551785021814	70.3659964363353	26.9429493770015	35.534138895673	129.16627187376	121.040273332542	45.8446875223153	38.1037941352927	41.8812781469894	174.45992276908	63.0685935838313	122.660496932183	71.0914037079906	132.129450386073	107.351703784662	68.9655077512678	125.733091482758	57.9312439606215	25.9220138799746	35.4072588970523	78.5584149397699	58.0530720108392	70.7421435108128	103.306626745057	79.3648829307242	39.531868723354	189.719489215858	143.768411217372	134.713804387179	131.023683133539	57.9758231481423	106.342835162437	207.964975055044	21.8715538833802	78.246823564689	244.293731333827	66.9169858511432	270.441312779506	64.2500247521594	46.0442216651361	201.613177883917	59.3978838755207	77.0151894295262	48.8071278410846	57.8264056658034	240.005000248937	39.381291440085	52.0711025016966	46.0532283434253	119.96761427086	122.965089169702	51.0372320338527	200.823822994787	31.4863170624997	38.1211804977947	116.822773919247	101.499266274576	151.680903649111
219bbv	101.192180889208	201.524284746304	66.0253676411795	56.3266655901116	160.135384830233	52.5687281648562	47.1274344948471	0	30.7500322525352	38.6198504605363	76.8648868245751	58.2012864122941	72.6319222213612	28.8886280257624	34.8769867459361	61.4622665231772	63.5232581026277	153.444549738244	24.4411412314923	31.7907202331847	31.5704265791286	36.2033042013969	154.956008014557	38.7977101870394	71.3103689945774	40.9052189311517	37.3439216383596	69.6662856380687	35.3389980843079	44.5580018585422	62.2293071255724	57.5779137194587	122.055231516329	58.3757520656066	37.0531435799772	70.2231111799915	76.6210460988819	46.1477961183122	92.1998737631599	76.7876452934945	92.1290366115893	90.1091533617788	58.4723432552737	41.4911284193881	40.0842211305224	42.3414222289018	125.898626137285	33.2160189091948	51.8712422782508	27.9843245935523	37.3599570201954	27.9196015722684	48.5739579081661	101.444000015072	57.1656658313434	17.8482263613527	200.298991932622	96.3860119134372	32.2829802464414	22.5363239957663	79.0792223374032	204.324866447861	79.86978136447	225.69736959529	93.4499850157511	328.298815709383	76.3211541239185	63.4151017298529	53.6891801851573	32.219847712053	141.515320965454	156.587064312749	80.7501346213394	37.2504647068143	59.2454350660217	209.904829779608	46.5706809948948	155.917661451063	48.3410287325348	166.614270151192	142.528179219198	103.576613713333	160.809743172849	51.9493657302156	37.9183023454953	31.9572487900653	62.5445094887915	43.3095272451405	43.4704042614183	138.486088065117	61.2406074125572	44.6154958002554	224.372313374769	145.35951740568	122.232547504799	164.700169061714	54.8106629848963	130.819929950758	242.161210660967	44.2927593115508	85.5995978091489	279.772772902816	76.0118752774645	305.207032201749	72.1752217331408	60.3758661169535	236.529742747945	87.1025479647333	111.432634592091	51.3367569721667	54.7025050981474	275.587172075	15.5964394823259	32.5742791363717	34.9161498352509	154.339697450394	131.833847836889	42.677174338313	236.822334710426	48.5843896803546	46.863852632859	152.201743353325	136.885241720421	188.275297739309
221bbv	81.3967670008893	189.678153542586	47.1353182088396	49.2901111774595	140.509594093163	29.4667039809842	42.2366088586045	30.7500322525352	0	47.8156911486706	63.9873462493113	58.3593741089863	61.4848861511278	39.5178267032781	48.6655782164742	65.2100745941012	61.0982399770408	142.059181613625	37.2515802955735	40.0625796911297	16.1051209093122	27.1343786365816	143.515672380061	44.7305886879221	64.2896440159322	48.1153262421111	27.6108370064725	68.4665591589116	30.1150719010587	26.4759092265448	62.4180584844514	55.0476431174671	114.391849956111	65.5461091649976	34.0183041302721	59.6845307962352	82.8547402725532	46.7886273104224	73.1620067726263	65.5256295916306	98.9668554050061	88.0087923250207	50.6100267838087	47.447877102784	40.2595484720634	49.176335551377	114.185629007294	40.8336221097026	53.2824397985813	39.3063471435108	51.7770025184915	25.2269460311904	48.5448958231825	89.7782974387823	39.9551146363233	29.4613350361522	188.327389788755	81.9441577416045	34.8890027066721	32.0073276915741	73.5505542181296	193.432534504668	58.783653853517	213.49898224724	79.0804158389785	315.952726900692	64.9305592936444	52.3287794491109	48.094882296427	24.3401235899933	123.088889165968	145.113762551212	69.8548375461271	45.0360466424082	56.1790530340751	199.028369674052	63.1603134584609	144.046253244403	50.9968242837968	155.183141988314	130.79362284613	91.8155894139651	148.918388577086	33.6452628102319	41.3438445581908	44.7560679767777	60.4939364952759	45.037871906665	37.7628396285295	126.94336728244	43.5711715085066	26.8581089307128	213.742859899107	142.462155954154	124.069148557817	155.363360376028	48.2387284837951	122.899802985993	235.079298620844	41.4059390036896	65.1292730080678	270.012610684714	57.1279750937458	295.777771947469	52.743832644616	65.8447984452325	226.409441491442	75.6137132956469	100.314819660153	58.5841688565344	52.972916701094	264.599073748972	28.1387767317842	26.6419499936568	36.9376859337235	143.740235418308	109.049531254517	41.2145160015899	224.933010370704	46.1008953313209	50.4192295275413	141.552917727974	126.111789478875	176.319122890019
223bbv	119.338009225568	201.183531915484	86.0719324781458	85.6147306566064	176.138025442874	67.9738279708367	54.5285463937993	38.6198504605363	47.8156911486706	0	81.2080505075893	54.6906410727469	71.5958300476423	32.3208392045139	36.3307966649566	54.3047156391314	59.9337916608297	153.286296666126	37.3031997365789	30.4123224973976	51.3509652652971	50.9389144141122	154.778692522205	21.6388712557229	63.7215013433463	30.6284094639039	43.2240448386794	51.5099500639488	32.9795477716726	68.74428969976	72.7571028517417	53.1701318043175	155.003315125989	68.958204837482	50.4866367310805	84.8017615600372	53.2456902745043	52.9991684637083	104.392097489688	92.9387668861392	66.6195995626045	99.9495116529046	84.3193140929925	29.3500547739681	41.4004253588945	35.3804091901637	126.117699180995	37.6723452599084	66.8546085394768	49.3906065779166	35.2194244117348	52.8510582450573	35.0880333556536	104.330134048057	82.1771782178879	38.4962121367385	199.647176525941	100.266004125405	38.8485200754218	35.0460179516489	61.201903053975	200.643001053751	101.81913705932	225.629805941963	120.451158600539	327.559321541778	79.7623901516489	87.9466690094168	51.7384712092444	47.3157924722454	151.169211373256	155.986488044919	80.1858526214605	38.8566761885648	41.9842006225103	208.858499263651	62.7221795069936	157.01591012047	45.876139301214	165.885220683524	142.265848054179	103.451280078265	160.731217914154	70.5442776585943	42.1155579790169	29.6676937623016	55.2117495269452	22.1639119562616	66.2266746255879	138.083923094744	67.8581440042958	52.4672180947776	224.053334470593	140.999969182604	150.133661198436	165.228491890092	79.8379404952868	133.522076012233	243.345731229761	46.5033125394053	96.9230826021865	281.035389095175	98.422039799168	307.414965994572	83.4789844763081	51.1239917275419	236.143942301062	88.7896310633911	109.806619471217	44.4885914672216	82.9533436123662	275.211040814864	35.5969155143857	50.5597350604753	34.4436705331577	152.844299645766	143.169891331321	51.9698391878063	236.109564070926	35.9887992072417	29.2164220976774	151.37842554814	136.512843026617	186.742423047524
225bbv	60.4191384254423	129.356511137034	80.4662361904341	78.3074160498023	107.340137872823	66.8988681042443	55.2487045770112	76.8648868245751	63.9873462493113	81.2080505075893	0	76.3889245006356	30.6152196569398	75.8293883581923	84.2667315984486	81.9859301938081	81.1565274660535	82.5850494177087	84.6322958258296	69.3190261563401	63.2315565330758	58.5965326382542	83.2224145848755	71.6950715513565	110.492607949144	75.1753125845913	56.6936670945572	78.8889072869073	73.5526585742276	50.3658023590383	72.9330983043095	72.6931927304049	110.563542604418	101.584017342148	74.2499015513377	90.233594602814	90.1035840723703	75.7050653778569	84.504817409073	76.610529549739	93.7479946454003	100.417962564849	83.8518096946049	74.0143290707249	80.6723802235325	79.5473375268838	59.6294743173416	68.3373150894581	67.3007862002454	82.2526180269302	89.5032142674803	61.7838526190446	76.5923871567717	40.238160162733	60.5597469226322	68.4778570556224	126.593670612144	29.2483038193265	52.4575410240818	72.6691448854441	74.9650975630281	134.048804310911	93.6450502180982	154.278961695699	102.985014081792	254.51934662443	16.7293752481559	51.2791089242709	53.1789888741665	52.5806032128171	79.8798600191346	84.1842242473743	31.9829189830138	73.0647019320093	80.8959671667689	137.465591305375	70.3911870522951	84.8132073573021	98.660983202224	115.112499394389	68.9775575013923	51.8942884772273	91.3032361327635	54.0682520805046	57.4093448461669	71.902208868086	101.999474351151	81.6638115866812	85.2404612090007	65.2706632724661	84.5397877532556	39.2632859925768	154.283326505515	131.545275556915	116.201957255032	97.7495194195316	82.6734897374463	68.8149612244971	183.938893834887	44.5717638590698	34.50089859803	213.335914256416	76.9231123180933	243.186878246615	32.5344240063508	75.7581503429098	168.527510694514	18.7404639909494	43.5572405634483	77.9298733992849	78.6759746741856	203.219578219497	68.3863411672975	80.9736361367124	76.0259432167111	100.001504517725	69.8425675516629	64.2508136448957	163.498397228624	70.6364096983931	77.7637184970709	81.5500750386821	64.9443644996878	118.590810843191
227bbv	126.750456284846	180.390900288074	88.5811012434147	92.9550313161103	179.836889078824	69.7973982914956	49.4183841216112	58.2012864122941	58.3593741089863	54.6906410727469	76.3889245006356	0	48.4788741395815	42.2268663248097	69.3361289754562	90.4531893442864	32.5676821095914	128.525077438998	55.8550068380149	28.9065113793072	56.0152521466201	67.8090877706466	130.085724013119	39.4812465713987	73.9883197090787	31.4841074231099	39.3542578728516	64.6651546860745	45.2318789822314	70.8385901349591	110.578076026012	86.7248814986422	166.101767586802	108.426156334184	76.9103639197486	110.477160299987	100.237907652929	83.5558240930086	113.626459336536	116.936150097074	103.273826359099	139.022482460796	96.9314349434626	42.3906914215287	79.8045234397264	39.1211208305762	101.945427609029	65.2964749054579	72.5226902568287	80.748794014936	61.4428034460774	58.5432092998293	38.3590015293343	105.705774476321	81.3118110309664	49.9196379026802	173.96177657661	100.03329800965	48.2401521758689	61.0369276875403	65.3494624027227	178.703543669299	100.529352553043	203.23765681796	124.088940413586	307.881135664505	72.3054336458903	106.6322295629	48.0744053742359	46.5061106986694	150.211827623257	131.540856783575	55.3321152502919	26.1156243922908	37.8348769367618	184.337963405993	100.151605149376	143.222747810246	63.9178622230341	142.155772047102	117.220202788421	78.1938150400796	137.544669190393	85.6940898572688	36.1435426656781	41.2477653239065	62.8252870469652	68.8455410752334	64.1235081094873	113.428696371217	60.2806653961376	53.7617682720284	206.606545422785	181.210974453521	175.166172834492	149.583873681976	93.9910048599761	129.744907216786	232.725876486004	55.4057563822465	99.3513407837866	258.195899964337	101.480629591409	290.202638769283	85.645415549806	59.9679038369979	214.108579590402	83.528145160273	86.2733675785268	79.7124299331311	95.9865880919098	250.046734779126	48.3946100178245	70.876496336194	41.3483112269413	129.894127351553	144.468809207024	84.0661228611826	211.328747022004	44.0800813529412	37.7024596706609	126.502203734823	111.113373186194	162.587700628756
229bbv	83.7443828040399	134.935302839211	81.474832483933	74.8264864796926	135.083086914553	65.9811159288746	37.2432562486531	72.6319222213612	61.4848861511278	71.5958300476423	30.6152196569398	48.4788741395815	0	68.5409052757911	76.5271793242675	72.8505003979906	52.6831272980727	83.961510659443	78.9825026137005	59.294992774111	60.6220419552592	55.960415030661	85.4442695529674	59.8619149923357	99.0600035486681	59.4260402354942	59.0240711025275	63.619186554863	70.8329358034049	51.1149029389013	76.2136339358138	69.2515237407439	130.194319234704	98.4448607537301	71.921324769455	86.5387525339055	87.6411404113486	71.1996902845514	82.0499241891548	81.8224384752346	85.7782010920372	104.961596644292	81.9156654914319	57.4229491299234	77.1474775557505	64.3249971646396	58.5668873424016	60.9185343712031	61.7261870578401	79.8210081503313	80.5285914056758	60.0863782517372	64.3728287942701	62.6938798728512	58.8818223641112	65.912121185325	130.388395039554	55.6360554791748	43.7211779848211	67.2625969297236	60.7360394460704	135.19092528931	92.2694265690257	158.81898571811	102.010930309758	262.000827848147	27.8393818675511	61.8407278592337	33.0792824340043	51.7137981627505	108.015353761891	87.6685467586757	23.2705699666128	52.1115288808141	53.4071173648397	139.119888430487	67.8558546587376	97.6191663526122	95.9521689038574	110.06837521012	72.2510313510785	46.3769424292114	92.9409197145163	52.1879749228805	39.7435883646928	51.9500089664885	90.1642817953057	75.8462657947544	85.2271680757866	69.1164212251582	84.9287641903112	38.6888440134887	161.443299324914	139.69976944616	135.479748840848	104.329114250066	79.3040712423709	86.702296914977	189.100781020478	32.6027829102055	57.3634538121065	214.856594445478	77.2651714355616	245.233094390182	54.5879560232677	50.5988439481394	170.013861369506	38.7930457936753	43.3726684333276	65.8996140312409	74.206021563762	205.636151024285	65.1191891414189	79.1333363473127	68.8900522631584	88.7287989910453	98.1080525563128	59.3231996800742	166.960592158943	51.6884398757268	58.3517181818081	83.1037354424427	66.8940879715587	117.354427744259
231bbv	110.11229584994	196.896712180617	76.0337503095134	71.1998527621545	171.742088576846	60.2682915186804	38.5705440914745	28.8886280257624	39.5178267032781	32.3208392045139	75.8293883581923	42.2268663248097	68.5409052757911	0	33.4736771896267	63.3045997911235	47.4961483707308	148.695171045154	28.0281677671048	17.7767423849488	43.0547984375931	50.7657105772771	150.648106884897	29.9779472747369	67.1000496149332	25.079736993868	32.6564886593308	58.2716790717181	31.5986161913679	58.4687530799182	78.4950682844552	61.0740211147609	144.156821645404	70.8446938597756	49.3011515593227	86.298016351502	77.4621193408079	51.7844249207466	99.8636758764557	93.740514808391	86.5902914103754	100.873392555649	68.19884379768	29.4493964850519	52.1699138779426	27.3802940114083	121.889683853973	38.9873756931556	52.9062581242695	48.1389537730394	31.4738717359793	43.1456114716924	33.7143519780676	100.578740175873	72.2540673686943	21.4805379067588	194.694165508641	96.2356264150871	35.1955481801675	35.58771718561	69.9453376878793	199.147973549208	91.7654530253189	221.161504206476	104.051434535625	323.622308851674	72.9891218142511	83.1392322066688	49.5249345169108	37.1942083798152	147.356403088573	152.603952886665	75.8639552296487	29.3814504137249	49.7237017581714	205.190059077727	65.8562313502793	151.405157323412	37.4619434277698	162.300030245899	138.062797619511	98.9466413003042	156.825931939657	64.7045328363313	37.2953838643893	33.6228042355514	57.6257932366488	45.9168266220164	53.1826528708461	133.922230148751	58.4800226668151	49.0158470039526	220.300159813078	149.138388523399	145.924779560118	162.228227551755	72.3979721972605	128.903797933994	238.045824147904	39.737957939522	93.7390352977266	275.506551835505	82.4240994496423	302.338012037954	77.8509086114645	60.6955767691835	232.295308402578	84.1661682907684	106.649500420088	55.2785114517789	68.7201239414065	270.075027795874	21.4297743292085	39.1775204322302	20.3969973277737	149.794005092118	139.676457642407	57.4518855506531	232.113759916027	43.4660750800377	36.2237948804331	147.649257560622	132.31709862541	183.387068995633
233bbv	114.387251381673	205.254063428303	81.1647318720523	75.7272619865766	167.629003224421	65.1869216366493	46.7359592366257	34.8769867459361	48.6655782164742	36.3307966649566	84.2667315984486	69.3361289754562	76.5271793242675	33.4736771896267	0	50.2957229147696	66.4585793497415	157.125843582258	40.3269120986461	43.624621354377	45.0412601629267	44.2680623559434	158.482909594184	47.0679519908422	79.5186500591533	47.6238885419484	50.9562489422243	68.8551129308223	46.5546789063517	63.6135784791185	61.9834428063602	44.7790678565478	139.496905730396	56.0507726559568	38.6824568208003	75.1430856984732	67.2051443339626	29.5291709507286	100.318903681626	81.0289616636416	65.8410178040276	79.4039101156304	62.9941663995248	41.8987673385551	38.6923719580278	40.1714051113607	129.354160734158	27.9020887582578	54.0243447427026	35.4217700162821	27.4437524571266	40.2062484501525	52.2067014867059	108.169093114233	77.2887646913031	33.8353091762407	203.251782781665	104.085709174157	37.94223715528	26.1677670790118	83.5701026613443	207.028532242366	97.2289009717252	229.239239085015	106.679713530601	331.692872117222	80.7721651768382	83.179067137263	57.825932483101	42.8266803088149	151.397045361004	160.240729167183	84.4501453123676	47.9196272622436	65.4848776252493	213.076773968651	51.5589987128389	159.9229205283	39.5483408458224	171.021337287045	146.248054097353	107.590981418807	164.502909228805	61.0976452452802	39.836013336187	35.0199598014796	70.7950546259955	41.6154224257711	72.5372247107055	142.076117416307	79.6771176734523	53.359614763449	227.408214479235	131.332748346105	135.122017063348	167.788111639887	70.138521940229	135.083993228697	244.180414765991	45.5515230969521	96.7152527959029	282.618694665406	75.2310884747586	308.136766607654	83.0751955113753	56.6142026736486	239.140177474141	89.9627546434686	114.612098450052	41.068580422374	65.8376207408159	278.490712994259	30.1153435300615	44.244092495721	40.2173068952573	157.672111680622	143.699259385388	43.0619201738791	240.082711134449	53.8973333159661	51.6577806193636	155.432713959444	140.586885810927	191.295455662427
235bbv	117.715810356279	201.45796182726	91.9157274427133	81.9697836041609	165.39597147878	82.0456530613137	55.4485139159169	61.4622665231772	65.2100745941012	54.3047156391314	81.9859301938081	90.4531893442864	72.8505003979906	63.3045997911235	50.2957229147696	0	87.8871327399985	154.04674550554	57.5328097075217	72.2638894075185	66.464792420559	54.2623352262445	155.423128012191	60.4781230772134	97.0603700929489	71.4488896213148	69.3696461119085	71.4136796455074	67.4832924124054	61.3923662121812	65.9254736299732	66.6791018195818	129.657264661221	74.1085001231437	43.953989589141	74.2782026226439	54.4776710154432	55.1791786864954	107.498660968868	60.4320261670175	58.6083280067252	92.9257271709994	75.0386741785977	58.7117507267608	62.3544051753391	59.3205048927971	126.605167484666	45.098479916321	67.9422642788124	45.5975746207904	54.0654109810603	52.8986597410108	71.011981699121	103.429865686735	76.3325656451654	57.7453448432094	199.268466333323	102.240478189308	56.3110458481895	53.8179641045852	65.1345877613112	202.247388148995	104.260007864891	225.813870646659	113.035693504888	328.27127639996	78.7078530686279	79.6325728539675	64.7140834264184	63.8302097481169	149.923290366427	156.437771055087	81.8857266002713	73.9513712858432	62.7541334880311	209.566368991628	54.5084373443003	156.651973127188	81.0182360747041	167.942501857496	142.792572285608	105.846453396897	161.657531824187	60.4031748301406	61.723205513624	59.8709577695847	88.81077719735	52.3406310984109	90.1809743966453	138.466293311692	100.468636003352	58.5062877758681	224.538987157308	144.376435406504	132.693983710534	164.831537697117	65.2000932035258	135.30883971708	243.163808864711	56.1181100651609	97.137195537755	279.788214798546	88.7351711890196	305.498606601899	82.2294229174425	53.4147872490771	236.466017416345	87.9545527719674	108.52262215527	54.6977836179265	75.2661426421277	275.516818254819	56.688332012682	74.5548257764163	63.5066114650249	150.719068648836	142.036510778269	55.9430683301108	236.872880216272	58.734975962161	64.054196466437	153.044852053659	137.574402182573	187.607532678109
237bbv	129.530193464217	185.06840267848	93.156976663409	92.2060077931767	184.038948278806	74.1500193210905	47.0357940141521	63.5232581026277	61.0982399770408	59.9337916608297	81.1565274660535	32.5676821095914	52.6831272980727	47.4961483707308	66.4585793497415	87.8871327399985	0	129.421655865312	61.2868956711746	43.6699708039247	59.9667022528099	71.1549733289354	134.524045162142	48.701997571309	79.05233511895	44.890323141465	50.5354540533637	69.3760382927834	56.9356611039542	75.2900025344717	112.02780915667	83.2819587063619	167.873964063547	103.697853209439	78.2463906226053	113.721169102616	103.967591122775	78.4357609672398	115.895242946269	119.901651030076	95.1735347023686	133.141728315146	93.4501671172058	39.5012790775041	83.1576710598732	43.7599547569079	106.368825988429	70.5316128880956	74.9352412777914	83.0046029483659	61.90460859698	62.9003687032031	40.5924495235067	109.997641384301	85.0457621152715	49.6077287873053	175.684672949414	104.576995425692	51.9301074711969	64.5457508426727	69.2809347083764	177.798994171904	107.301415814653	207.992728467244	120.953585143373	311.982458183139	76.7967838870114	106.864881619005	49.7196273656735	53.198812133951	156.522946658601	133.658482040604	56.5668703371886	38.1912218860057	40.9542039658877	185.578264115004	99.4657680652417	147.722801642172	70.4713903251336	142.745190544236	119.465914495426	78.5117699737867	142.284154692404	88.0652800513552	39.0481025938807	47.1021844077146	70.509267274861	72.9824659651382	74.4986935214942	114.041299922262	73.4971969695567	57.9854878347611	210.5957394972	173.711067673655	176.831668828382	153.940879687471	95.8538882318633	134.994446066267	236.608625157953	56.4909654594537	104.222694025085	262.19720284031	97.1960067634647	294.029724345797	90.7736228292766	59.0507050907136	218.266564884688	88.6029479651553	89.8965332917994	80.9817041488468	98.3902691225836	253.69050493257	54.1290730225631	70.9807806423147	51.6468033402391	131.970579970789	148.660280744352	86.8131596800006	212.420745061662	46.3971037294145	42.9148940826842	127.082443555347	112.715037602171	162.756634675407
239bbv	93.295934692598	61.9309630344147	158.702525695215	154.555833604926	61.025554336567	145.15823855343	116.931155562432	153.444549738244	142.059181613625	153.286296666126	82.5850494177087	128.525077438998	83.961510659443	148.695171045154	157.125843582258	154.04674550554	129.421655865312	0	159.527344028085	139.289122558817	140.978445592297	137.09438099116	16.2515607761495	141.683301486693	181.440791318846	141.026009856796	136.207462731533	142.270890788114	152.128397687245	128.205520779052	150.76788017806	149.68621847116	144.783479039081	179.196576556661	152.726681247683	168.561737846682	157.267893319499	152.040814162615	162.334110997146	154.943573570898	155.117579230225	178.105927681603	161.930784215489	138.778190226484	157.66105224392	146.228838777221	57.2326149798597	141.657106149162	142.09674556737	159.989795741262	161.251726653944	140.295251298514	146.347750487518	93.9858331890636	139.583168133452	146.002306927633	52.3581899784561	86.1952207214126	124.467170181767	148.033428403097	135.80896674161	58.5393044836654	172.098983490618	83.38086311109	180.700779811968	188.337731732341	80.615996922785	129.720438782583	112.657475360063	130.355300066034	37.1830466033144	13.0724437128528	75.0288173992516	133.753604197959	134.297758408031	62.822211183606	145.511661949727	24.2249903806446	176.60923847336	55.1341317032692	22.7264223069004	60.2205501209574	20.2782036729801	132.597475879959	120.249626488504	133.423882892419	172.012328263296	157.420665601903	164.284946725258	26.4260183237773	163.567058174298	117.711984561947	88.6045542345684	203.341209705331	158.642122410726	31.4517731329284	161.028043226127	33.801795840915	120.89007395345	113.924276896443	97.997850545735	141.233124193258	154.46213363589	175.349122809761	97.5341868514216	130.909245448293	96.9740297924221	71.4848911528949	77.2549316830701	146.733235590137	154.57341423692	130.511398551134	146.201179263491	159.57476770537	149.836233635043	94.5475543395104	51.1574486224191	139.61955815688	89.5140925512976	133.421954489145	140.416827769677	17.1780835024162	24.6895685704026	59.7061974555372
