HLD.87.Healthy	CL.139.6mo.2.NASH_FO	CL.139.12mo.NASH_FO	CL.154.BL.NASH_FO	CL.142.2.SS	CL.148.BL.NASH_FO	CL.154.12mo.NASH_FO	CL.166.12mo.NASH_FO	HLD.31.Healthy	HLD.24.Healthy	CL.169.BL.NASH_FO	CL.169.6mo.2.NASH_FO	HLD.72.2.Healthy	HLD.50.2.Healthy	CL.139.BL.2.NASH_FO	HLD.111.2.Healthy	HLD.94.Healthy	CL.146.6mo.NASH_FO	CL.125.12mo.2.NASH_FO	CL.176.BL.R3.SS	CL.152.BL.NASH_FO	CL.151.12mo.NASH_FO	HLD.45.SS	HLD.99.SS	HLD.22.2.Healthy	CL.165.NASH	HLD.103.2.Healthy	HLD.112.Healthy	HLD.23.Healthy	CL.146.12mo.NASH_FO	HLD.38.SS	HLD.77.Healthy	CL.160.NASH	CL.146.BL.NASH_FO	CL.151.BL.2.NASH_FO	CL.152.12mo.NASH_FO	CL.176.6mo.2.NASH_FO	CL.147.NASH	CL.136.SS	CL.130.SS	HLD.34.Healthy	CL.119.NASH	HLD.104.Healthy	CL.137.NASH	CL.172.NASH	HLD.47.Healthy	CL.175.SS	HLD.28.Healthy	HLD.96.2.Healthy	CL.118.NASH	CL.141.BL.2.NASH_FO	CL.116.NASH	CL.134.SS	HLD.85.Healthy	CL.177.NASH	CL.117.SS	CL.170.SS	HLD.39.2.Healthy	CL.166.BL.2.NASH_FO	HLD.100.Healthy	CL.128.NASH	HLD.25.Healthy	HLD.102.Healthy	HLD.53.Healthy	HLD.74.Healthy	CL.176.9mo.NASH_FO	CL.169.12mo.NASH_FO	CL.127.12mo.2.NASH_FO	CL.127.BL.2.NASH_FO	CL.148.12mo.2.NASH_FO	CL.131.SS	CL.148.6mo.2.NASH_FO	CL.171.BL.NASH_FO	HLD.35.Healthy	CL.161.2.SS	CL.150.SS	CL.144.2.NASH	CL.171.12mo.NASH_FO	CL.171.6mo.NASH_FO	Cl.141.6mo.NASH_FO	CL.173.2.NASH	HLD.43.Healthy	CL.141.12mo.NASH_FO	HLD.80.Healthy	HLD.64.Healthy	HLD.51.Healthy
HLD.87.Healthy	0	49.3960235280624	51.4223162982728	77.990250281014	53.1504570035429	53.5924313536753	53.1809923295603	104.272396668834	97.2801352211704	77.0042191338222	65.8224528767879	56.3169916046279	55.9800483508279	68.5915065992943	56.1138886824539	55.2447565871004	89.2981095754358	114.278614263254	72.2278463215689	68.5546419704052	83.7563822918115	88.9092904986783	87.4874187966487	64.8042453430905	61.6023303515937	80.6269000965431	82.9812447125908	80.6240878579803	73.763393098035	113.913144863639	77.1565989976298	69.4918462116606	85.5351774078538	112.503765132707	83.0474373417648	59.986733944805	65.2667897553832	118.275834079767	46.6301948656017	47.3530423307791	45.9924417081082	59.2713207834827	48.0066919516442	95.6145962625835	70.5389740235647	79.3410224587927	63.1169713291852	58.2779488515922	60.1769654432877	44.2799367491377	93.3633174828373	72.66445241189	68.3659908368547	77.346864591726	64.8379229640189	52.1206675662619	129.018522134975	86.5008512444327	89.2766570861974	73.4589818100575	61.5790234749605	98.2803742946652	60.0922360996641	54.3637360316195	58.6276979192317	66.4825928197948	56.2698981126128	83.1666714785469	92.6812981689139	49.2764234482775	82.8286981263272	63.6977467783358	71.56335235334	63.1071463751988	65.5290237053225	70.5470843448154	62.5949691900332	65.1963968907553	70.4207923808336	64.2436993700034	77.8766261658316	51.2633942497104	90.6461166948149	68.0085133812812	55.1999263707844	60.7513800309485
CL.139.6mo.2.NASH_FO	49.3960235280624	0	27.2099442249882	45.0709700801532	58.8889985529609	57.937190997273	49.5127760382465	101.097411999189	65.0449578808205	46.3391098983642	33.6223695856717	35.2877419866517	34.5112301677732	42.2156479613387	27.1053512510302	41.7913937545149	54.9609684268779	77.6945889865733	39.8139995081517	52.8404818842317	49.5026695164467	55.3551142440854	68.7627637572485	35.1356619436965	33.9402082395279	51.2517299122984	53.2007654730585	47.0294820035169	53.8354912432907	78.9471584175072	73.6370239343129	32.5078511169053	53.4055960079007	78.192965888762	56.4814489535903	57.8392035312922	46.1951583543293	123.480341222424	57.3637272762752	49.9763770330926	50.3193695713194	44.2630720063637	39.7779051204688	89.2436759256385	42.5181722378767	46.0925174399628	47.4690679567894	44.1406002589527	28.9812319809116	61.7504044698527	108.348881445562	67.2894568772713	37.4581833983679	44.7032179805639	54.9386245999916	34.4616294723088	146.529412991818	53.4399008227359	84.4811583592239	39.8175657711995	39.3900133884761	69.9371853390375	28.9043888700914	67.2077114727596	65.3724311656583	51.9702128788173	36.9885025950613	50.3193336420682	61.6567986441707	55.1388485582496	59.5369366398882	64.0300310814897	44.3577053148977	38.5389169740054	46.7248475000657	49.3143726486553	46.9324655029129	34.9123377357622	38.6845150580694	80.2418390249449	56.3659525896769	53.7741296755635	103.06877793162	37.5712752700249	50.8520972506347	38.979182826579
CL.139.12mo.NASH_FO	51.4223162982728	27.2099442249882	0	41.6503745471219	61.3860147925294	63.5981266643029	59.5985167419951	99.0655005343584	67.4625366525799	53.0278544213118	32.836627912755	46.563798952886	33.1172850168542	33.8204941272446	22.2518829307152	52.5825021592761	68.9946187738338	80.0753140816901	47.8801526792105	66.4487477039822	47.9238675927929	58.7079901204295	66.5193438808537	35.412696750649	41.4394856794633	50.831184091216	47.7300756312183	44.7196509721958	50.4075800473695	80.90025113542	78.6699196554885	43.2970078266447	52.3412490845618	76.1505857387926	56.3346594998281	46.7135595998806	60.1063008081842	113.052566790012	62.0212319082786	46.2988228402308	54.004317890294	33.3730275812959	50.8409826391526	90.3097505911288	49.0863228653645	50.2433710652727	44.0652273110246	48.6912541915784	42.2126615918147	66.7456309938279	106.758031687629	63.3891313753336	42.7994459529405	45.5892211196748	43.0835739702491	47.0273640680055	134.640137198739	52.3345295656714	82.2236109915176	48.7115342184982	48.5085896675049	63.1781454021743	31.6038853685283	70.4119125388231	64.6865868868236	67.8816733045766	40.3389096724907	50.3676400713873	59.9852387934937	57.5081661422271	50.7762873008602	71.8417795987692	44.1215307449593	55.6143575986993	35.3183929567693	60.3450876868286	44.1015175188103	46.1751314340952	39.4399056247045	88.0528063530883	69.3725998773055	59.8789658250861	115.970468645403	46.4898010967131	63.4693244720475	47.9509753830828
CL.154.BL.NASH_FO	77.990250281014	45.0709700801532	41.6503745471219	0	86.643179766615	88.1024717088163	72.1961207351194	119.263257333217	66.011595921264	60.0809073498098	38.8631389565675	64.4251620368824	51.7249026355605	32.6307309995523	46.6547001596058	67.3100260395305	72.6071395577984	47.1078708995251	39.5826073239178	80.6192839137324	18.1412008485797	27.3402442908441	77.0997771054898	52.4035342686905	46.3918197903056	42.6803885069714	25.0559505682689	20.5865558453281	61.3788624527867	55.106426826056	100.517810014488	49.7678475514273	29.9756811327801	74.923888272106	31.0467074577289	68.4137345012717	74.5804146087956	144.619113348855	88.8739489285689	67.9759637855003	80.7784902166456	43.9484240269687	73.42556929096	109.44198567449	50.4196909042456	30.8148981843455	59.2838403576013	67.5898242098201	51.1440401606863	87.9809330860354	122.838333120999	81.2416730684113	53.2498129290993	23.0747462821171	68.3126908938262	61.9077325554069	155.198908289131	62.9560975850023	100.926675924024	42.0004981954894	65.6059255641516	34.8002552410959	40.2200380439799	94.7888068459376	86.1769422175506	79.9647808980451	61.5464083700536	42.8607985871803	45.4560702976237	83.6363607615867	41.5594395915107	90.2285376298874	43.8078382340636	72.287701652631	53.2088362586379	69.4836459951348	66.8984621222846	52.4177244415872	32.3450085666057	105.445157008119	77.7916608348448	79.5188256294002	132.242016172828	51.2280741406087	78.2973573427416	57.0959507502393
CL.142.2.SS	53.1504570035429	58.8889985529609	61.3860147925294	86.643179766615	0	52.5972792785272	52.6593689705353	75.3312464694642	108.765105620433	78.5097945311138	76.4627638204278	52.7368622374118	63.1959365035105	80.2062992800613	67.7314716341475	51.5535983111824	90.2694266608704	118.67889570035	76.0549117498283	61.7840329627264	89.4995126094289	97.8005489268626	92.3275244292049	75.9813106050722	70.6396716705647	90.3699780104303	94.0422789499335	86.9781452701881	83.648436242405	119.783945989877	69.4025691144201	75.6725284091095	93.0133455823555	115.976274336927	96.2241822827716	78.372723770093	59.008659824756	104.936182098733	42.5103998395469	62.3339380844315	39.4757046135373	72.9498679261523	51.7222587013545	74.862909260827	83.4629627952454	86.7293668827617	81.6416200356218	64.6077235854964	61.3509843890703	53.6129058654913	97.625496024222	65.0048472900217	74.7298720111942	82.2695776888456	69.8863752038193	47.52597687891	141.086506288949	91.2341834617959	68.7977125206	78.3575977000976	72.526215215797	109.95873130071	66.2678889812247	66.6288578489299	66.6809268385288	58.1925347836927	62.8777527949568	90.837550318416	101.725254235274	49.3372593724933	95.5384169845869	57.720320311618	83.319052160924	68.2312029988112	76.4605990633656	74.8460077805482	59.0951187967639	71.2029940992826	80.0671656471914	56.2848175736255	79.6931004306573	71.6783421775259	88.3735322061076	74.2158546527421	54.1848416983822	66.7350662881855
CL.148.BL.NASH_FO	53.5924313536753	57.937190997273	63.5981266643029	88.1024717088163	52.5972792785272	0	63.0540522857887	91.7003095987262	112.99257638704	76.3333136713106	70.7364821111663	44.611147727798	56.0222246507228	70.7978715989508	63.8595973809065	56.6550699574411	92.3158251289513	122.609086466352	81.6054075736909	57.2850852762705	91.0306666868033	103.776814933568	99.3372453960429	64.8896507088121	68.9344790971924	99.1561429510975	94.8619055227064	86.0776165115412	74.3853040352685	122.68047272507	84.2269828330495	80.4647400257137	97.5867559431113	123.080377807037	93.7981711467474	77.4164220033993	53.6513064596781	130.916678926926	45.6149449426701	60.0707990121665	38.9194558377567	74.6948374478539	49.2218459301047	100.788470026448	78.6882982325334	93.5202665890267	68.2860145020289	52.805662363757	67.5563536739003	47.1734961284035	119.240894979275	73.1087748693016	77.6380152419446	82.4520294504196	70.777727701585	48.4994220107822	131.406977178728	97.4188352297518	93.9666386854741	82.0877872472229	56.0488210520749	105.399835923493	67.1503960623026	40.5099683082602	74.5824784682555	56.9130118091635	54.3521881938421	91.1855628481755	100.351736724995	28.9668247227348	83.877842594733	27.1752599351008	76.153233073271	57.4379260066232	70.3413198447594	80.47021930571	59.7576394657258	73.573424996426	82.3186992511025	70.2159359136865	79.1762308051092	53.5678900996262	95.1134534284758	76.0061789671089	51.4304471153953	75.1469385744435
CL.154.12mo.NASH_FO	53.1809923295603	49.5127760382465	59.5985167419951	72.1961207351194	52.6593689705353	63.0540522857887	0	94.1569106858276	89.4484906102311	75.5531070223302	68.7184099165545	54.9775946570135	61.9214665543917	74.7810904698329	58.3857103799516	36.6194182878395	70.1842782847113	105.139898481529	53.1450986757985	40.285663271827	79.6694451447392	85.1329227866211	67.0604351891241	62.7669716866564	51.161757556276	55.681537994074	83.5086572241867	77.7822817659141	74.4822803674833	102.478330951425	63.6590484640283	53.8286936490802	86.1867120090906	97.3363640775496	86.7791557711918	77.9693580979595	44.5255017846736	112.063281963371	45.5007192947701	65.2755670893598	52.176057862024	78.143732724198	47.1762831962355	74.1043679353608	76.7367447948354	68.3598836504936	75.3946749696106	58.5704540750777	47.4218461324928	56.8899986114065	87.1062000997676	80.7915928536263	56.3480854227844	76.8056113168427	66.1338164946208	47.2094285565513	146.698722059749	64.8345590133432	86.7609255954231	69.4430327871597	65.6006633026899	101.308569248397	59.4867847256463	72.4088439858459	61.5577565929651	39.0698786601897	61.4792921638639	83.5652326495079	92.8435849543627	57.266491066433	90.716061105547	62.8669716039855	75.7815102571897	54.1283049069684	77.1260580987281	50.7852019890986	69.3969982315692	56.5942237445543	66.9828254647743	74.9266421560195	55.6087503583521	59.727783099643	83.3371161546219	60.3793289839829	32.5606831067038	51.461063390742
CL.166.12mo.NASH_FO	104.272396668834	101.097411999189	99.0655005343584	119.263257333217	75.3312464694642	91.7003095987262	94.1569106858276	0	125.322795676283	124.496962905893	111.863971149964	103.333032892517	93.769070330579	109.570160831325	104.242329453591	99.2170225044751	120.228434076765	134.111551122615	114.655135907352	98.559272578397	115.848086937944	130.191111055545	94.7584023145871	109.41023875237	100.73256354567	104.710149273585	112.656845360726	119.427341777556	105.537983317739	126.81626689507	82.170914853868	105.832583834338	123.497095610626	131.363945301522	135.309646573852	110.602596469396	101.614379469215	85.3403267875157	89.5322046905542	95.1068883495148	98.2058195351696	105.016218161975	91.6280522977645	62.5373276865128	121.83425658969	112.128314213096	114.79352006752	108.336229773708	104.236009628598	112.988112753447	94.2304646549915	83.6162871989459	89.2217270179663	113.933346377415	77.8237751356558	102.318810721945	132.731771080222	86.0328872579812	52.2416744679357	115.158277348584	98.1727882556093	137.673375627192	101.433563102198	109.631712692712	92.545158196791	93.1901436492965	100.692012802748	122.89149207272	127.457679123047	88.4916089067174	119.943153610608	93.3616204291181	110.523758628586	102.284671429265	111.542025601517	102.414449123634	83.0757225437362	105.46587693179	110.700757187218	96.4335820502359	111.442429870732	95.7499736624227	95.4625749657426	104.970870779125	97.0170222922233	107.599321787492
HLD.31.Healthy	97.2801352211704	65.0449578808205	67.4625366525799	66.011595921264	108.765105620433	112.99257638704	89.4484906102311	125.322795676283	0	78.4962064965618	61.0491890213185	81.3184211581868	75.517596000742	69.6014272633225	68.1598441123888	81.9230516062761	69.1235053779188	62.1594567029879	61.0602283971773	83.6193125165416	64.1052437881859	61.4793345673234	71.9107572132433	73.3666021052841	66.5876892074643	48.0043750247276	69.5537232438259	60.9185391223182	89.041330772948	65.5299237466692	101.330770487528	49.1706636588681	58.3103644169119	35.4286745675865	69.9572919487938	90.8777737255307	82.7365258823425	142.178700310499	98.8379160873254	90.5144061012738	100.959433120956	72.8185919466876	93.8760912875161	105.352565583413	57.0430344431902	56.8481839471047	75.9020669829526	89.9988091671557	66.216083743178	104.453431587288	126.990144876595	92.2550706427155	61.7030023852932	64.866722312947	93.848464476638	83.1315263445601	178.134176324622	58.9864408807858	121.678945184883	63.439847550866	84.7405519176589	85.2231162786429	67.0724119856308	118.292911578353	90.5140152304792	84.1267981914177	76.4100937160427	68.7033538253687	73.8573941577066	106.784217004564	69.5076101263574	118.397131975608	70.1317157315651	68.6296868411244	74.1757551243761	64.8850406954732	89.4451643254656	67.3790461861575	61.460269768991	121.212949392002	55.0548139577665	87.7504505283134	126.117177946561	64.8662806849309	90.3460303159695	68.2367889598737
HLD.24.Healthy	77.0042191338222	46.3391098983642	53.0278544213118	60.0809073498098	78.5097945311138	76.3333136713106	75.5531070223302	124.496962905893	78.4962064965618	0	42.737121626034	48.3453241047019	50.2813504218264	50.2824321687089	51.5046779318914	59.0986397149568	72.1195328196215	84.5547256494879	54.891975936944	65.8854530578382	57.0797036324054	62.3256325144772	88.8209713398016	46.4784911725991	54.0238158898877	67.0598253775569	62.1480586150914	50.5917228851924	68.3575157614237	84.8108269928664	95.5150493345636	55.9281714878556	60.7078096299369	93.3587116600726	47.8973685166104	80.8719023221255	63.9445932446118	149.625216730389	81.9366021090625	70.117401892734	55.0830351730226	60.5781631348671	67.9578652413897	107.436480772653	44.5134788899929	58.3407568275411	51.4119256859836	51.5408442831791	47.1346755318955	70.7602531744545	126.198098864452	77.993841455247	55.8660691053644	47.0255372720858	79.433950525993	49.2700602048365	160.603215509761	76.6556149818736	108.031753974683	52.9116738302559	60.3385073946791	60.0445313025994	43.6581892993937	80.3009633267253	89.2448959008608	70.7686554151212	51.189102399075	48.2201181680994	53.1488456466185	72.4013489365351	59.2792733225546	86.8860781782401	52.0286598803262	67.2304103039274	54.7232230192504	67.1590509623493	67.5224531604078	47.7992344446277	51.529571395316	89.3138458846244	76.3310624367164	71.2393579434884	123.670675271541	50.8813354406983	73.8936080359395	51.9644486312876
CL.169.BL.NASH_FO	65.8224528767879	33.6223695856717	32.836627912755	38.8631389565675	76.4627638204278	70.7364821111663	68.7184099165545	111.863971149964	61.0491890213185	42.737121626034	0	36.2233105472594	40.0054602371405	31.129015798933	33.7020535101796	60.7969362550758	65.1041690551845	66.800434307185	39.1171855639733	61.8077326347425	38.137579070334	45.5090654712995	69.6630706347617	32.3781131449826	48.3993575027491	49.3824190493969	41.26711965075	29.4888987390889	52.7786983375859	70.3440067479188	86.92083700505	47.5903241858701	46.5555914449952	80.9344333465708	44.2432993621717	58.3638685285091	55.106610076959	132.636039698829	70.2138051460526	56.83821789087	59.9945274456895	35.4851802752108	60.5143264686906	94.9199784988704	37.1318513730631	37.7231307688835	48.2632164371691	51.2510191837636	42.5870091812493	74.0856298601531	111.26649761843	61.9927264885648	46.4410162626968	36.2259834572771	63.3122202018123	48.3441493253317	151.392587784963	56.2196127522378	96.3858559013053	47.4229489766057	50.1218668858857	59.4402975434764	31.2100941863455	77.7016960323951	79.0854813014531	66.2670328409465	32.5432550240281	38.3318319802951	44.5220010465733	70.2133470779972	46.2577040585915	79.1930962957655	44.7225669543918	57.3107927498608	38.220341504635	58.8120136540112	52.6704184662318	47.6874278136846	35.0543339996286	87.9766359513597	71.8817035226203	61.8099717413823	116.888038039809	46.7219858208219	69.4160425826574	48.4073929951539
CL.169.6mo.2.NASH_FO	56.3169916046279	35.2877419866517	46.563798952886	64.4251620368824	52.7368622374118	44.611147727798	54.9775946570135	103.333032892517	81.3184211581868	48.3453241047019	36.2233105472594	0	34.3209696696377	55.0603866915358	43.8397663303821	42.7433280864917	62.2391530311324	94.2978006055563	56.5623120164392	43.5166753662608	61.281118109807	71.8663049778349	76.6771739839907	41.8817494186276	56.4285075572336	69.6134489979382	67.1153799665073	53.894048768745	59.8225980881874	96.9003192606621	86.270734254776	57.2161238143838	74.0379206928004	98.8251440100704	65.1455234732754	70.1395029762066	34.4035479203871	133.216514895878	49.3904075841174	58.8697974959397	34.2028337888985	55.8277560716384	45.9126663577159	88.3796500372098	53.3006143151477	63.7226673131646	59.5074543201191	40.7087995803385	39.9204788773841	48.9953154065632	107.64046045623	53.9431571175808	56.5403064948077	59.1653209851253	62.5172931824587	28.1267190083291	152.67554310624	67.25700678371	89.9944165117373	64.6699926696876	50.2109220545432	82.8112014613936	39.2668344567558	61.1398937049958	78.0421127508553	45.5158859945658	26.2663582773183	59.9817741333038	66.8593956326443	51.8630485336586	73.1374432549461	56.5063145788997	59.8993921626463	40.769497546833	54.5104024879471	54.8114712309667	44.2511987158239	49.4698826096806	58.7015310237666	60.4453431425267	62.9328756978497	57.2423950308497	94.7439271229178	52.4863471170968	48.2608089866487	46.4580156686576
HLD.72.2.Healthy	55.9800483508279	34.5112301677732	33.1172850168542	51.7249026355605	63.1959365035105	56.0222246507228	61.9214665543917	93.769070330579	75.517596000742	50.2813504218264	40.0054602371405	34.3209696696377	0	35.6698909494136	30.8583751793978	50.9039987801388	76.7162269480375	85.6377611419799	60.8687772762809	65.6151422997087	55.6923193315053	66.4820233511769	72.7027648143645	38.3350343244154	47.7627265340553	63.6067231290261	57.4281915429918	49.1105518350809	43.8071301396117	86.129830817522	85.0321967070057	55.0878808625932	61.7691112668579	89.5525746143102	57.3257241335252	60.8584460060067	55.3082450104965	126.557613996168	66.1271162720601	48.5561903467183	43.7063921940871	46.564058565418	44.2983247482054	86.3260516883575	58.1997033846498	59.6286832430029	48.4685872537874	36.2525134215586	40.8416582331342	56.6988284998029	107.45282964668	58.2920062300411	45.8931539753885	51.4925907310219	46.6065390447529	38.4490268006671	135.087284180952	62.081464788804	82.2360561534749	59.3397713476693	46.5537448945738	64.8980099443702	34.7094562646306	60.2180267560903	68.795262778323	62.5371165696976	26.987043250788	55.5432324137314	58.4957742890383	59.7491172545005	53.8536298916092	66.9321040404675	43.241793192638	56.4573982642963	45.5667041839132	66.6954421581257	31.8352933812886	50.1563880574719	47.6137321331206	78.2437792129249	75.5348776253327	62.6521328552552	114.392872257131	49.574055475966	60.5176704745373	47.7521828071346
HLD.50.2.Healthy	68.5915065992943	42.2156479613387	33.8204941272446	32.6307309995523	80.2062992800613	70.7978715989508	74.7810904698329	109.570160831325	69.6014272633225	50.2824321687089	31.129015798933	55.0603866915358	35.6698909494136	0	37.2385654698245	60.9063387158692	75.4806298116851	65.5009830317863	42.8606570274552	77.1780623644886	33.6216327203855	49.9327935659533	75.7360124897833	44.4850748717837	42.2973337479241	56.6801719233755	35.4083816907576	29.8250184875309	46.2885525182366	65.3171599813221	95.7501198871336	52.7255774973491	39.0737723540042	84.1669754492966	39.4206938469272	55.8788603615292	71.7628122027155	133.268415214437	79.0832373549799	52.3544243581002	62.5931222965296	27.8981648614379	59.3541711874834	101.867319140064	52.0651182441327	43.772232712081	45.693228408223	51.2855143398263	52.4005020964554	72.7278436449397	123.671404176832	72.4846597152287	49.6908074333167	32.3224140808783	59.1441397101271	55.3177961389181	137.085410099328	59.5490957875132	98.6795973906584	41.3400417345932	49.2667979836162	41.6325172520853	39.8653268522298	74.3031627288278	74.9063779741208	76.6196200037821	50.697853754987	43.5780023298484	41.4580738296133	71.1072782937208	32.5783666342294	83.0071775589469	36.6174822972929	67.5665537864911	37.2895804754647	71.3818157227381	47.1833960586782	49.6541876013148	29.9055163411739	99.7953551954428	82.1104490852329	70.1826316247218	133.304622222876	47.5945432059877	76.210667923528	56.6250919871885
CL.139.BL.2.NASH_FO	56.1138886824539	27.1053512510302	22.2518829307152	46.6547001596058	67.7314716341475	63.8595973809065	58.3857103799516	104.242329453591	68.1598441123888	51.5046779318914	33.7020535101796	43.8397663303821	30.8583751793978	37.2385654698245	0	52.7000736752127	69.2922164770392	81.5036377685866	51.6865765846238	67.6528860504848	51.7192655877417	62.1104694096406	70.3115171715777	30.2628070881117	46.8796520506816	55.3185822574198	52.9237979205902	46.8296517931269	51.5164749247901	82.3685761055103	81.0398057701871	45.8464854972146	54.828214624191	79.1815205054734	56.9780438225222	51.2573569712372	61.6133063652365	123.59102127063	67.9180257753682	53.23219695028	53.5486237137924	41.2813543622932	52.2250532147099	94.2625917743279	49.3255983730132	53.4725877282595	44.2049080576267	44.1891946535185	40.708416883732	63.2616371266812	109.826050244743	66.4166521096816	42.2150074959824	49.60539557771	49.2895896785651	45.7299052397374	137.539734112788	58.2349324269896	87.5074314780998	51.5704093398546	50.1409636889092	66.3963740688763	34.0906232186103	68.5325728140044	70.3545454251324	69.009087648184	35.8669338489755	51.0849876475942	58.1007226831793	64.8579202273469	52.0500572572044	72.9164807774639	43.5178956304363	54.5593528167257	39.7705453478506	62.9655279746667	43.2710537620385	47.173348796768	43.1927746846572	86.5746408146326	70.4889831880746	63.8465389188731	118.257173342729	50.8058239399636	64.6995860883261	49.4610223322159
HLD.111.2.Healthy	55.2447565871004	41.7913937545149	52.5825021592761	67.3100260395305	51.5535983111824	56.6550699574411	36.6194182878395	99.2170225044751	81.9230516062761	59.0986397149568	60.7969362550758	42.7433280864917	50.9039987801388	60.9063387158692	52.7000736752127	0	62.2449114080725	91.3001768117145	47.7876225063328	35.1450835901645	67.2055787325303	73.2728764531913	65.0756067212611	58.9949225665583	39.961147980911	60.2787380217501	72.941050616218	66.7835074803675	61.839180432717	89.1093227553643	70.3334718460576	45.9659784391459	73.4794106347663	91.6794425128896	73.5549581638649	66.6407725107208	32.6812718814822	119.144926097012	47.169527018153	48.906989538929	43.5570244666196	65.8188251446539	39.9603956803256	82.8360940678418	64.1671294197321	57.0887637689966	67.0371811782829	52.0453264449385	31.7045548345063	51.8516397179111	101.132968414182	76.3574243330839	43.9803487487447	60.9596875505557	67.6890984613867	28.5096782130606	151.158934408076	62.3530822249111	91.0029473856087	51.572292542124	50.4421907325334	85.4242508109591	48.649744043171	65.0671015322109	55.1646299636281	32.5804114827704	55.9704927256249	67.8628334559172	80.0369198355918	49.8432275840877	77.7567364754419	65.9827547610589	57.5509952770317	43.1113687342195	65.0746788379324	47.1779695175322	60.2611120267162	38.8017464339499	49.5481869094263	79.5265062979524	50.2858673708898	55.71525873225	90.3025434394293	42.4127853425695	36.0717789758373	37.5679031289896
HLD.94.Healthy	89.2981095754358	54.9609684268779	68.9946187738338	72.6071395577984	90.2694266608704	92.3158251289513	70.1842782847113	120.228434076765	69.1235053779188	72.1195328196215	65.1041690551845	62.2391530311324	76.7162269480375	75.4806298116851	69.2922164770392	62.2449114080725	0	85.6316656203105	52.6940738334657	59.2169607692105	69.1057528147281	68.3878146480791	70.4528230830781	67.8441168963151	53.3190576285971	56.5159494672276	75.0206494105167	66.7991538342112	86.1901394574616	83.9535920748901	95.5232677766327	51.4866516092098	74.1592029497145	83.776328322929	74.1281300591879	92.5534863891994	58.4199488828194	145.464862514016	79.678564883858	86.8619652286192	85.9275156140634	76.9363684952721	78.2251412335742	100.049986859449	65.8451597900685	53.2917487334978	78.8207946973444	78.162547721871	55.7418546239252	90.8468642393069	124.040407999951	92.4234215673341	62.0464383587401	66.7181691963011	92.3061247095713	63.2325198133793	179.961426831161	60.829424792295	117.318266963088	63.4459319625306	70.29660101122	92.0206038282435	62.3049247523016	99.7825138731533	83.8405113909428	62.1815767125353	74.3868180365324	65.1082490786774	73.2080953217856	83.3040665773589	84.4753323800516	95.7232070281094	66.4857983233348	59.7002698141415	78.5026898567256	52.8391791856912	86.7205546922163	53.1731029990077	63.1386609676515	104.467691815906	58.5954175668257	77.8206989832966	107.424281727251	51.7823594855475	71.8196544110335	60.8609287594155
CL.146.6mo.NASH_FO	114.278614263254	77.6945889865733	80.0753140816901	47.1078708995251	118.67889570035	122.609086466352	105.139898481529	134.111551122615	62.1594567029879	84.5547256494879	66.800434307185	94.2978006055563	85.6377611419799	65.5009830317863	81.5036377685866	91.3001768117145	85.6316656203105	0	65.7821498875562	99.4038294421177	43.0731983560515	39.6469104852069	86.9152726714786	84.8460957389236	75.5291437345169	65.6936141132466	50.1369104571298	48.827322845315	95.5192847328211	24.9395622499202	124.535779218195	64.2925259482288	44.2154116144358	65.0564918808399	56.0974306688227	97.777316354237	93.7725111907594	156.124609429914	113.804572584836	97.2529729516915	110.524097801768	71.2855086006071	105.375718889944	119.34463762877	66.6988913496114	53.6313608136935	88.2187350537728	103.397947185985	75.8540632631558	120.428491590834	144.15037676599	99.3486698824643	69.6973183283324	50.8183193546229	98.7235681246176	92.3284707351284	183.004583716708	77.1356386031951	122.090044543882	61.1153821036209	94.3088883878475	48.4302730401307	76.8459823467191	130.036993137084	112.585876783442	99.0857220512107	92.276700797809	66.3934624166508	58.0307066025143	113.870537230301	59.2910331293717	128.206245381573	74.301715740198	82.6006263114554	78.524946414854	91.0047694186261	101.699231333462	74.9742845508836	62.414953523482	134.805892234071	84.4083986806484	103.226874184736	151.278343260573	70.2123963284242	103.512492657432	82.1883493861551
CL.125.12mo.2.NASH_FO	72.2278463215689	39.8139995081517	47.8801526792105	39.5826073239178	76.0549117498283	81.6054075736909	53.1450986757985	114.655135907352	61.0602283971773	54.891975936944	39.1171855639733	56.5623120164392	60.8687772762809	42.8606570274552	51.6865765846238	47.7876225063328	52.6940738334657	65.7821498875562	0	49.6720545545489	43.1746715182406	47.2217813793454	67.0624891791199	55.6188878713509	31.2765140447421	39.4837121246638	50.6040858297763	39.9650425573095	69.514947321295	64.6263882882368	83.3145843189128	35.1298467656616	48.4255599906506	73.5731116509003	49.6901429166002	70.5512408887335	51.2518625147086	127.707150351367	65.8076494988784	63.9080190545034	71.2764480399396	47.8069796593459	60.4809879755797	94.4814602492771	46.9606498461106	30.6837533148854	58.2358582940218	66.0807531485586	42.1553502418941	82.6844205466857	115.776384181608	85.7523902911609	44.8947759195422	38.2718677299881	78.1117430659953	56.1187580719509	163.660386967505	49.3132914939082	106.448127243189	34.2127341725466	55.1891498679419	62.2614647986646	49.6416580503747	88.3827763043388	74.7706718289334	56.6785651304341	61.275135677506	50.1490361629904	57.5520553367208	73.3910957354396	54.9355358306208	88.3728986085134	48.5735750849836	57.7364836180186	55.6708516241433	40.1742680630392	73.0588955110556	40.1532099570802	34.0080789823703	104.523616136024	64.7654149447848	65.8356886035556	115.342414764741	41.4275897957435	58.38386890762	47.6048641256758
CL.176.BL.R3.SS	68.5546419704052	52.8404818842317	66.4487477039822	80.6192839137324	61.7840329627264	57.2850852762705	40.285663271827	98.559272578397	83.6193125165416	65.8854530578382	61.8077326347425	43.5166753662608	65.6151422997087	77.1780623644886	67.6528860504848	35.1450835901645	59.2169607692105	99.4038294421177	49.6720545545489	0	76.6727108434451	81.9909260305708	63.8232373226531	63.9920540796217	56.4679409871248	62.6924006283734	84.5289496612384	73.4936093892299	75.4282856765979	98.336990096408	71.0872098361271	55.4535945571161	86.4149807496716	95.8325214866761	86.3403163903883	80.6634974523046	21.876750648491	119.285909302088	47.8612579767977	64.0262049443839	53.0876669383469	81.0373835090002	51.4909689299656	74.9167643237002	68.4951549701249	66.749706586276	75.9189913699467	59.8327954419785	47.0957240918807	62.4191894695501	100.189921406392	72.5346684686517	53.6804478621027	72.0975635869289	77.6638878904059	41.0205516031237	164.239430398771	57.9055022865363	96.4745721745275	68.3568045133996	61.2985807605813	104.987012521286	60.9460298525028	75.5380056290134	67.6503854496874	18.908421156805	59.2259211142912	77.9470625087505	89.555886602497	53.1082558327389	90.9541147040458	60.5013102274985	75.9272028898466	41.8232248072773	76.9117434201421	39.6817679550252	71.0665770798327	52.4026938357494	68.3634918724584	80.9015668608468	50.4109565865466	58.4987492154183	79.6112902472419	56.7653900666369	33.8086921419072	51.8011084807767
CL.152.BL.NASH_FO	83.7563822918115	49.5026695164467	47.9238675927929	18.1412008485797	89.4995126094289	91.0306666868033	79.6694451447392	115.848086937944	64.1052437881859	57.0797036324054	38.137579070334	61.281118109807	55.6923193315053	33.6216327203855	51.7192655877417	67.2055787325303	69.1057528147281	43.0731983560515	43.1746715182406	76.6727108434451	0	28.9012021645613	68.0006326615933	54.4809980467656	53.4981423247236	48.010420300378	25.0208525760716	17.431657213191	59.2921792332286	52.1012475169125	104.540627059455	55.3352989532801	34.0825620848818	75.1605980063348	34.1017133845629	64.5888593956754	69.6471021570797	142.730624495979	90.8211270007951	70.2577488330746	79.3832347619582	43.4219108841832	75.4630102749964	100.583618324069	49.7923622822209	33.0584938293537	62.3571931393283	72.6880187292669	52.7984425845532	88.7847760312356	119.013884963898	76.2053095011327	54.0048869994453	23.5694196633115	71.5334261454777	61.2983494358894	155.978641078512	53.9887710328587	100.172756315835	46.7690946297543	64.9665629497954	37.8013558273573	45.9095459148898	97.1625722242334	89.8690857158584	76.0512876769286	62.2844825226927	41.5753572187971	41.9487348689623	87.4956351005077	43.7169049703518	97.5699789796734	47.3847507287759	74.6142730710514	52.5867512891314	69.5220897157775	69.0334080405191	53.1564811373102	35.0044882734956	105.712520584786	80.974824804277	82.5116063628918	130.742994416254	52.5222241006426	80.4147018151841	57.2420464182244
CL.151.12mo.NASH_FO	88.9092904986783	55.3551142440854	58.7079901204295	27.3402442908441	97.8005489268626	103.776814933568	85.1329227866211	130.191111055545	61.4793345673234	62.3256325144772	45.5090654712995	71.8663049778349	66.4820233511769	49.9327935659533	62.1104694096406	73.2728764531913	68.3878146480791	39.6469104852069	47.2217813793454	81.9909260305708	28.9012021645613	0	81.7276616507164	65.0367719588398	54.3361214377575	46.6291145270553	37.6334724968601	29.3611952241019	75.2113133334096	46.8162315111458	107.918802468026	54.7453651298111	31.1324259885251	77.2226802689505	28.513420432706	82.8230896086104	74.8526206038712	153.837317521985	95.4273096626289	79.219376101373	91.0357203325104	59.4794988834545	81.4169352313759	114.520719345393	51.6748298025125	30.7020220782436	71.3236070501168	82.6632588965423	55.327550680408	96.5561790683683	127.202342838434	88.3328904024656	57.7901638107291	33.0613162220221	88.7397344112488	73.2597886737784	173.997900808617	68.8594922074024	114.651331441377	45.5830228919479	73.9007681078487	39.7242585216484	54.4496639066392	109.728728916145	92.6277391801151	82.5825147758273	70.4681736860063	42.0378490305627	44.6497756955112	95.0757620648534	50.9298571443582	107.237656317834	52.5865406027039	74.0223674617111	67.1447977528913	72.0327236485998	82.697933355584	56.3949310634385	38.8617647262302	114.509848722275	80.049655444379	82.7507198421232	132.060397339909	52.249930243322	84.7018260726217	57.7174042243136
HLD.45.SS	87.4874187966487	68.7627637572485	66.5193438808537	77.0997771054898	92.3275244292049	99.3372453960429	67.0604351891241	94.7584023145871	71.9107572132433	88.8209713398016	69.6630706347617	76.6771739839907	72.7027648143645	75.7360124897833	70.3115171715777	65.0756067212611	70.4528230830781	86.9152726714786	67.0624891791199	63.8232373226531	68.0006326615933	81.7276616507164	0	73.86211614378	68.4316169318397	57.0421325896295	66.4263191735575	72.5038197403228	77.0189189870528	83.8735307812064	72.3809460398983	63.4809566014153	83.5998089970234	70.8800005084374	89.4504618292758	76.2617588209675	62.8084317289879	100.083578924903	82.7423582930224	77.2611037210952	87.6913270048915	71.2356444635974	77.3055043916684	59.9635663116994	81.1163184458323	64.2391735431362	85.6024885621859	83.3696186380784	65.8636391876607	97.185770189366	106.030868822661	76.38600878492	59.206721574459	76.1471137434853	65.4632917976203	71.4252731090034	158.053296968071	38.3510700898751	88.6691723109711	79.560925254228	76.195682736235	97.2583227508739	71.7348441462054	107.18250111071	73.7578161692098	61.1534890253109	71.5610953905375	80.1185056258304	81.2516683878848	91.344870307949	85.5620723181475	102.631578823539	79.1769332018611	74.5435013562937	75.4467018237975	49.8796498264712	79.300950097556	68.6984555088799	67.7619428371114	111.223546551006	64.0193273266719	81.7989851475887	103.610819603473	67.7907809872112	74.203085090143	67.1733494776203
HLD.99.SS	64.8042453430905	35.1356619436965	35.412696750649	52.4035342686905	75.9813106050722	64.8896507088121	62.7669716866564	109.41023875237	73.3666021052841	46.4784911725991	32.3781131449826	41.8817494186276	38.3350343244154	44.4850748717837	30.2628070881117	58.9949225665583	67.8441168963151	84.8460957389236	55.6188878713509	63.9920540796217	54.4809980467656	65.0367719588398	73.86211614378	0	49.0989780555575	54.2120045383205	54.6362554406044	46.816136603465	46.1249083573426	88.0837549624049	81.5825171973274	48.0441836418779	61.2410123842869	87.0277724896103	55.0988179322417	62.1792340239639	57.0510456505848	137.351801669364	69.8849007641901	60.1688085058258	58.3472613390468	52.786394741883	47.5632404471801	99.1361913985258	43.1607369770085	54.0723214847677	42.0365992613193	30.4413245794224	44.4387836978412	69.7542904193896	110.829247057568	61.5815023130284	45.9272008737418	51.1666421239502	54.4986973383103	43.8633583504337	145.44334739561	60.072612212529	94.4415516284563	48.9293363901899	41.187998213819	72.7333735623377	32.3584989120644	69.3522097764615	70.940001879009	68.1428050271944	30.4172950670972	49.1574109649585	55.3343207158891	67.4371199715406	54.6884621586042	71.9892634751424	43.8249160755093	56.0456434578818	42.0236574028335	63.2152358854007	43.7798712412327	38.0431817775842	48.1350296328157	82.8504525218488	70.5405147074637	60.1666144964565	115.407167928463	42.2627024141206	68.5089928612831	40.2479303366496
HLD.22.2.Healthy	61.6023303515937	33.9402082395279	41.4394856794633	46.3918197903056	70.6396716705647	68.9344790971924	51.161757556276	100.73256354567	66.5876892074643	54.0238158898877	48.3993575027491	56.4285075572336	47.7627265340553	42.2973337479241	46.8796520506816	39.961147980911	53.3190576285971	75.5291437345169	31.2765140447421	56.4679409871248	53.4981423247236	54.3361214377575	68.4316169318397	49.0989780555575	0	44.2695520170383	52.137642931604	50.7847691567047	55.7537727291696	73.6548749893938	78.785243183917	30.2046795307532	55.5848218256196	78.8338907073144	55.4168455980196	68.9181965228929	51.6764869485193	128.591328157322	60.6344542918239	50.2413770714486	67.1644165698169	51.9312044454715	48.2799199282066	94.9989159222234	51.7556908470837	39.9786648610457	47.7779534524002	52.421995995933	38.1139057493415	74.824699411663	115.800660561522	85.1881561745836	35.5817685068107	45.1268097899869	64.9139020421606	51.8342956032958	148.184104693886	55.0959438518825	98.7962973823792	34.9586176463606	39.6118705418598	65.4675512994938	40.3551935588792	73.6773647795636	63.5091120634948	56.1772533078913	57.8595723724305	55.2052467081012	64.1326304731397	61.2442250956137	56.113991873339	73.3969270203091	35.6080219202414	48.8644681904646	55.7448399664678	45.0278472840796	62.8963029221673	29.0322109896157	35.0578564622982	99.37772916285	56.6530812349401	52.7274368799607	112.653831036465	28.5358809081718	54.5510209703297	40.8377476427196
CL.165.NASH	80.6269000965431	51.2517299122984	50.831184091216	42.6803885069714	90.3699780104303	99.1561429510975	55.681537994074	104.710149273585	48.0043750247276	67.0598253775569	49.3824190493969	69.6134489979382	63.6067231290261	56.6801719233755	55.3185822574198	60.2787380217501	56.5159494672276	65.6936141132466	39.4837121246638	62.6924006283734	48.010420300378	46.6291145270553	57.0421325896295	54.2120045383205	44.2695520170383	0	49.4602725346355	45.1650238352697	73.3973726207789	64.7189464552659	86.15328272699	40.8659537721371	50.6900316888072	63.4346719991471	55.9698891706803	78.3144534436804	62.1251727130436	131.857776836507	82.5890536576651	73.0058375351791	89.2566572432327	59.2263928519933	76.1148129579276	89.3059103656999	50.3222376428348	33.1604321578906	63.8748654190175	75.3768104165707	50.9534902007486	93.4069226768855	103.062861543442	80.2082490407339	46.6167261618492	48.6077322983796	72.5491472906405	68.2521509817581	162.303095140464	45.7209419945219	102.747616356804	48.5588489275651	70.0032572163579	70.0138005915901	47.1039778173888	104.590498268322	76.5112016097692	62.680422028932	65.5387395348329	52.9005495548277	61.5140068606492	89.6214667651191	58.0830695269556	97.2571085397632	54.5064748133845	68.2009775579605	61.3590245753646	50.2790866535696	77.6253839391995	49.8609241637946	43.0008092906778	104.023605883696	63.6941157484898	73.0446957435419	108.919252093646	44.7587824108146	69.673937107334	48.0164180367106
