201bbv	203bbv	205bbv	207bbv	209bbv	211bbv	213bbv	219bbv	221bbv	223bbv	225bbv	227bbv	229bbv	231bbv	233bbv	235bbv	237bbv	239bbv	241bbv	243bbv	245bbv	247bbv	249bbv	251bbv	253bbv	255bbv	257bbv	259bbv	261bbv	263bbv	265bbv	267bbv	269bbv	271bbv	273bbv	275bbv	277bbv	279bbv	281bbv	283bbv	285bbv	287bbv	289bbv	291bbv	293bbv	295bbv	297bbv	299bbv	301bbv	303bbv	305bbv	307bbv	309bbv	311bbv	313bbv	315bbv	317bbv	319bbv	321bbv	323bbv	325bbv	327bbv	202bbv	204bbv	206bbv	208bbv	210bbv	212bbv	214bbv	220bbv	222bbv	224bbv	226bbv	228bbv	230bbv	232bbv	234bbv	236bbv	238bbv	240bbv	242bbv	244bbv	246bbv	248bbv	250bbv	252bbv	254bbv	256bbv	258bbv	260bbv	262bbv	264bbv	266bbv	268bbv	270bbv	272bbv	274bbv	276bbv	278bbv	280bbv	282bbv	284bbv	286bbv	288bbv	290bbv	292bbv	294bbv	296bbv	298bbv	300bbv	302bbv	304bbv	306bbv	308bbv	310bbv	312bbv	314bbv	316bbv	318bbv	320bbv	322bbv	324bbv	326bbv	328bbv
201bbv	0	0.377050191279144	0.222135889127943	0.17776088344353	0.196496603663047	0.15643733955919	0.20990406168206	0.259858273314391	0.186092687044036	0.291142792475493	0.132657774609231	0.362317538250821	0.189839204921823	0.290821082034552	0.295112596078262	0.334629777865076	0.345102393156136	0.32871569901637	0.292810622813414	0.259668521919806	0.174431542478507	0.190050336149065	0.327868524622422	0.287053030999481	0.377272027870837	0.323813274008173	0.209765976999075	0.329840328221364	0.271340083679493	0.158928002213926	0.221963368509342	0.253173678094102	0.203380075631865	0.262548404153573	0.227611334153399	0.222204362165043	0.314028014487136	0.229793188309703	0.192806809631227	0.227998981804873	0.349843500814132	0.232633687374069	0.207913120482199	0.309294380794369	0.221223543312644	0.320925680786599	0.294912382446457	0.242682401221029	0.285745005182334	0.272374471252126	0.288459180695015	0.21888723394231	0.330924458683016	0.222581991789204	0.155056394004839	0.243634990880487	0.437880468407655	0.194307054631536	0.17592834267277	0.250032666697716	0.293795544908332	0.418825673023674	0.22872126503913	0.404883384903707	0.242700895184466	0.520005871550067	0.135800438195365	0.155812346761809	0.222064447270925	0.166053932730327	0.189118551674367	0.361081055668751	0.207817456354106	0.303511605738857	0.377122415767026	0.452810980544914	0.235772140602311	0.261640656904337	0.328640592204514	0.376067628222819	0.339999874978922	0.276861133805257	0.304890237805142	0.177941641900243	0.198043181848439	0.280167407507052	0.371263781641645	0.310515366586178	0.270899755682559	0.342712905541403	0.348464363984177	0.122800052916347	0.364228675496581	0.247739455028203	0.162722024366144	0.283153366317991	0.271968487528893	0.17224565478775	0.32023031761142	0.169163641334398	0.123207379467122	0.4356545835879	0.210041072354523	0.405269875537026	0.165036520541898	0.388426622180698	0.418174685558084	0.162143571186353	0.294767428150937	0.258891819228656	0.278367542737941	0.499833790999861	0.247449815033285	0.223476553814508	0.321412436232643	0.316174527597397	0.203467634125093	0.190370976654667	0.484846382435254	0.328698676333755	0.348145395783516	0.360716967418331	0.316652667496952	0.439570933449037
203bbv	0.377050191279144	0	0.311512098420943	0.401094261195644	0.317729073478799	0.323823522320525	0.481211530216417	0.483072623802143	0.381540620468144	0.486799932217955	0.322983426302337	0.568010050119519	0.382516552849498	0.464691419123957	0.512490336085028	0.526172913375566	0.55194294639387	0.172787359034377	0.470515165895248	0.462132797578173	0.380732506605813	0.422192017585298	0.154457184847926	0.498685756719097	0.462162441924615	0.522568295518047	0.343539578416284	0.459739695892402	0.385686195224746	0.345314276311322	0.488083008561869	0.49169328795295	0.449887112190482	0.483437769597014	0.47734280629876	0.451096629412556	0.516782611522161	0.475469146512508	0.344498806855953	0.451300849533182	0.536579698661276	0.48793361653168	0.420351684666929	0.520514961375809	0.454150294713737	0.530208293033672	0.29485932737014	0.483667713569527	0.530381214949091	0.491288459629151	0.487704443577353	0.4327460153779	0.474509811085185	0.413052970674713	0.40482080654617	0.45200769997467	0.193511454481567	0.311909148368918	0.464661820739036	0.461746741734005	0.480015478986669	0.332073595637918	0.357958406406769	0.111390700172293	0.33138929085531	0.274568865473995	0.378158498087959	0.43936046787431	0.476048551053696	0.422487930236135	0.306511099310387	0.129797002173879	0.326178860507006	0.529721046419297	0.569209672234792	0.222778689036571	0.499996967015996	0.178689945651108	0.446846749022477	0.188851292184761	0.15045787753505	0.246988255996	0.156182148614344	0.411168136791653	0.470216419046331	0.526932316411408	0.476448749766915	0.501776650121072	0.354274075118168	0.168458416594821	0.324935123403443	0.332010246852951	0.119648503000085	0.451433964393024	0.43407391750254	0.200220883616513	0.491521677431785	0.303191743062379	0.166678384737344	0.463285699252298	0.365345941872273	0.220730355434496	0.383890556105807	0.196489345044585	0.336652147447341	0.564220121143654	0.199760317562145	0.354665612828268	0.374333208481653	0.504370787535231	0.516275144552136	0.263550550313265	0.472986802492261	0.41464007011163	0.462374630548494	0.336500331549587	0.343239741641356	0.460981684296071	0.227861807591428	0.557039854115406	0.560684108063234	0.178743583449197	0.150831831586968	0.299563466118806
205bbv	0.222135889127943	0.311512098420943	0	0.20904438964815	0.214734062800582	0.137665445967165	0.316893926039693	0.304186030146745	0.197989563125276	0.354063359552054	0.202345601631023	0.414733716409514	0.247446881036664	0.300193181890495	0.350028936013053	0.370488752538764	0.420554353595485	0.290261468373281	0.296933317579238	0.282595253788365	0.167486273960847	0.284338096106589	0.297129634845	0.352737669175749	0.39180148864146	0.362223744100516	0.216368657835864	0.377131279424702	0.273582098175599	0.193062124112617	0.303262003465288	0.366256883357417	0.278971329862409	0.306657595041209	0.29466122273318	0.253900106331758	0.367194666459388	0.322714405759324	0.204919347962449	0.285254516132343	0.426330204416017	0.334832491998048	0.242638283306432	0.368643096431186	0.279051964823614	0.368613923819336	0.324881706975694	0.322345882051983	0.36556717528221	0.324466286200535	0.330673853064248	0.249147787627607	0.375089313927147	0.304209441384185	0.212282701447196	0.290094031782275	0.367288700264659	0.271000827583055	0.308166071256853	0.301174788917432	0.339836213858269	0.405942309029366	0.117146769737825	0.342283911039501	0.102318479705471	0.438960257479105	0.189785036140792	0.267867881281844	0.338152981631437	0.235417570742689	0.210073972348818	0.281093055674052	0.256926115958248	0.400952798193568	0.41028686220948	0.37239471821044	0.335546752416112	0.243402723845207	0.387381857701111	0.292507898643185	0.28900959988229	0.318677578795183	0.269147923276722	0.265262654686602	0.315923838367815	0.359437738305031	0.394995532045333	0.383379642615323	0.198163267480317	0.283378668108925	0.281590872522131	0.219442155192523	0.293233805980003	0.326134428726006	0.24551466046425	0.228926435115098	0.306435171744366	0.202258095742079	0.284055579457307	0.289929873303823	0.251341794107811	0.35490896148405	0.193920653796859	0.324398683546443	0.205755082869107	0.469887358961774	0.345283619806139	0.194096942910996	0.331116694679392	0.350197056557479	0.350242403641329	0.428098380110497	0.294230479121142	0.247325540106418	0.328126456154849	0.32093754196877	0.262027157273257	0.298029144855688	0.399962986076466	0.411784279790352	0.415152697392349	0.324086309371189	0.290357143674166	0.403525171559971
207bbv	0.17776088344353	0.401094261195644	0.20904438964815	0	0.262657433125643	0.18914251033973	0.184867647779822	0.187792133039975	0.1900162589275	0.294313671379526	0.23993824717603	0.338463621063034	0.234310146937541	0.185001520266161	0.246452653491272	0.283009629581542	0.351801956294993	0.343282540955214	0.192603980095227	0.207771750469735	0.152378023642383	0.263848264881349	0.369954481913534	0.317130882829491	0.398677646419946	0.299144411575748	0.187698178322851	0.355642983587441	0.299841615179446	0.150206608554772	0.211440478075897	0.294949818237868	0.20228242515288	0.19892621129775	0.212300671026981	0.230043960620164	0.328098191818769	0.243372530620876	0.19974253834456	0.253944834673998	0.362469229138745	0.240138060534269	0.164388682356528	0.284978410334557	0.240695288923926	0.296835087464066	0.338147403995583	0.234960809319683	0.263841548611861	0.179991604055175	0.272210936403361	0.166968239680575	0.329428812592429	0.297629015963845	0.17150104964949	0.161232662779877	0.439073765112089	0.278093400312393	0.232398248160124	0.226653088209204	0.301928991697847	0.453935065632257	0.241439734810557	0.427009560645663	0.186843141367488	0.541701461322026	0.191418992754167	0.186406383653887	0.283036751159845	0.153834137580778	0.26896190483928	0.375310205608931	0.23367791448056	0.325577095740053	0.337063768437511	0.472670390748458	0.190514160864016	0.317338415657548	0.317370750485999	0.399220035456767	0.375755026811488	0.313460519592	0.337363941649812	0.253410109005674	0.236522632780863	0.291850907062567	0.392494693683419	0.3332300149113	0.205729572672046	0.371722637081675	0.368946815027909	0.203543710560237	0.387981506531543	0.257635001391779	0.165763547374128	0.316517519242437	0.213740109938602	0.221220008924115	0.34190772243378	0.216711792221527	0.226127066533726	0.459945392736158	0.19758193823589	0.429724667609104	0.237661602387906	0.402186934601286	0.428333449483356	0.210176564023752	0.345516884586885	0.265474668279816	0.235860220910704	0.520156505866753	0.187271272585182	0.193501038584807	0.229665398061673	0.361032005231226	0.297222656475421	0.22364993364383	0.497262107465859	0.320400222743187	0.329799350495206	0.366881824466769	0.348773268713555	0.478721858689807
209bbv	0.196496603663047	0.317729073478799	0.214734062800582	0.262657433125643	0	0.21651569112533	0.319599384927057	0.322478961684635	0.257821456066128	0.3597197897297	0.129073834087071	0.422142229216622	0.217721686309409	0.354135496746698	0.326325405659103	0.359974335651364	0.427344502711889	0.290347127828231	0.339669870369743	0.31545093989984	0.203078389333803	0.254546309662834	0.308154813819899	0.355647166313697	0.421213540189122	0.376167140687306	0.27572516653529	0.370265639576148	0.297776663278323	0.222339146769495	0.292233438092881	0.328124239985816	0.243687586079927	0.314242956399059	0.297349299611754	0.271428713398247	0.345361431976581	0.277371661034119	0.19167138837216	0.273959564427197	0.373599118665906	0.29608412710451	0.239015254880928	0.362495673898606	0.271700179486572	0.372657183032492	0.29646982631637	0.308551521485756	0.337348962678512	0.31342552338108	0.319909847366954	0.252655908176868	0.381151007135047	0.220133587078919	0.265838165584469	0.303603585503535	0.367399276582663	0.192033737065425	0.274426575220072	0.301416028881174	0.339705224299092	0.388552337564906	0.268210558870329	0.330028568453575	0.229868779644548	0.453527736481046	0.16128881815951	0.278045872114379	0.293348446081413	0.278926037253389	0.112549207618015	0.282764894441676	0.235085524316304	0.373833279490282	0.436110013683735	0.396365750063254	0.315006189883149	0.224656115050258	0.406193224417929	0.330458444269748	0.313074104620381	0.296291338858058	0.273620674027823	0.233696781205645	0.273368802521511	0.356044630456168	0.420817444058892	0.37445477285785	0.324028635335058	0.338812846174907	0.336514689798656	0.178096737264634	0.283691464757114	0.288501674674986	0.227420409722961	0.219647279721907	0.344992365538851	0.150463687875166	0.30005805419716	0.259743130138866	0.17755449045818	0.37119341664889	0.199460888813609	0.343121822548472	0.173627089581285	0.417303801082588	0.343646995667442	0.141470770841439	0.28312956470882	0.327611003075636	0.329853885323611	0.433851774834456	0.30211764836031	0.271001889726201	0.376084896140219	0.301260961374244	0.157099665556105	0.27730148650286	0.420304080525667	0.39241048791373	0.421910914910608	0.35446438880988	0.318525344364949	0.377647584585238
211bbv	0.15643733955919	0.323823522320525	0.137665445967165	0.18914251033973	0.21651569112533	0	0.28279830845455	0.288807738900186	0.169190898896104	0.331720386572108	0.183830767045338	0.395412553017234	0.221493046544562	0.30676236306464	0.334125949396148	0.363729795594077	0.372241949410766	0.281256334187967	0.301196708722151	0.268989483128569	0.146565410167783	0.231699794430168	0.282051630960486	0.324020982883379	0.362974129474142	0.343317288776419	0.197628173723162	0.345008894230822	0.244524310670951	0.156309892449722	0.294387919666659	0.329630425306913	0.253621641998493	0.295523444857427	0.283243937839973	0.24193050457561	0.35085264627957	0.285240350544335	0.159004897589168	0.261006689362561	0.393707969106072	0.296718125968473	0.217728146881129	0.349524447991823	0.243140196762328	0.355867200450945	0.277017198570634	0.298011513638538	0.350893321723237	0.308549544717152	0.313169786772206	0.228405412818482	0.34336409642922	0.267149520709236	0.172092788632443	0.271679493639596	0.360025176660896	0.230861653922748	0.262835381980578	0.271054290865324	0.320185703415814	0.38847107579725	0.159108443470115	0.337302608923157	0.167630893588317	0.446014536346269	0.167382969453401	0.201903230645853	0.289198459334101	0.211588122214862	0.214837962025487	0.300463733896844	0.232496651331925	0.365071691231529	0.411207192309788	0.383383600467221	0.312602547735047	0.240400155028436	0.35823003973682	0.300992340338721	0.288528829708404	0.258558975338628	0.259218403635634	0.21566902077062	0.284832429465673	0.347841041113875	0.363203882677596	0.344756675641459	0.204284207437211	0.290872614740852	0.263010069198465	0.149073937191879	0.312453668166095	0.28037732815853	0.222995065172848	0.245104371004621	0.293262537910638	0.187159563582116	0.286299056567721	0.256119790436593	0.20365343088801	0.369071303610347	0.196737299742728	0.34344000292957	0.187725563351829	0.439013093975505	0.353112218174614	0.174215483305778	0.301485977460522	0.316485443847973	0.33205866566508	0.424090633787541	0.265399778495264	0.221119356538016	0.303263648284229	0.303002049733469	0.231375898419403	0.259952758490266	0.39786923584651	0.379439214955096	0.394981916897555	0.30667603272627	0.277662938251973	0.378186974116242
213bbv	0.20990406168206	0.481211530216417	0.316893926039693	0.184867647779822	0.319599384927057	0.28279830845455	0	0.188747558324891	0.213519320836273	0.263859461662293	0.256723213427153	0.270059502834005	0.206501974177832	0.170651861395805	0.197520503001228	0.215715901095045	0.252961841791517	0.416222948559195	0.211025154458628	0.208061884947378	0.233169486424694	0.235127535889613	0.448542142383979	0.280457931668313	0.378042639474187	0.278769404198396	0.27218163766173	0.325116915635793	0.299543872491588	0.228003927876982	0.170993625782584	0.197987790591922	0.22093016039397	0.164155965913545	0.158135159279186	0.229983574935977	0.276597929324115	0.189311077676928	0.304187114547297	0.20276587301824	0.27715311286583	0.181007096087947	0.210956620204879	0.194755295595852	0.230324073218698	0.202115132563458	0.386995720491222	0.200307653821781	0.249052693548786	0.160820671198239	0.19170482626013	0.191163228573938	0.298541640569996	0.321704457849007	0.2274411922605	0.141031448260908	0.529032414395788	0.301259192745732	0.173730403427426	0.186371881822342	0.261524733226216	0.500570688680299	0.330956319314337	0.514099896452047	0.290867398974916	0.622825652862735	0.216351343290246	0.168445478256118	0.217202077188962	0.185162425980699	0.300242136561443	0.448963230621053	0.26211541178544	0.251513628544915	0.266832329010902	0.547365584658751	0.16441114368799	0.389301995040019	0.27584449514039	0.469476733280972	0.458351436308145	0.376765577980203	0.430130055387332	0.244286100033292	0.169692129281517	0.222466257028557	0.371492737164329	0.284460057059916	0.320695785435483	0.458880297695504	0.465529267632362	0.24824387315487	0.473686678856497	0.224587841044792	0.186832995160033	0.382571916195753	0.180154754967549	0.279218320814691	0.42747063851722	0.140288367436266	0.251807370396401	0.544064210189919	0.242045393230216	0.517689570226011	0.271105692758165	0.326378659002238	0.519842840970024	0.233877858987477	0.373899634762456	0.227058932259549	0.240444722487767	0.607114513287288	0.171906649167234	0.21095593032748	0.236048764461111	0.41611551345083	0.330889282468934	0.185028601126416	0.581152648934664	0.231729005614337	0.244904943486189	0.452787040157496	0.422114980720186	0.524265543602774
219bbv	0.259858273314391	0.483072623802143	0.304186030146745	0.187792133039975	0.322478961684635	0.288807738900186	0.188747558324891	0	0.19636947805184	0.20832257497258	0.310949705630757	0.245022239244855	0.244381461038525	0.168128715915192	0.182643996313573	0.257772843016256	0.321849742741576	0.440928050433821	0.143969883920337	0.109716485438246	0.188396500331177	0.191091038929009	0.438907703773529	0.208814118868929	0.340099773367907	0.223894710061776	0.25865527520069	0.307415188653465	0.246094283404688	0.241619104519442	0.133132572647308	0.229892398052002	0.197886578707086	0.144013471160562	0.154202833308876	0.176363575719539	0.244949263633176	0.192471528660724	0.296314350466387	0.200706568168539	0.277855623667396	0.153447230803789	0.193226836297275	0.210445572688892	0.145798941555565	0.212533815224206	0.392129689488798	0.14476879059829	0.276918996891209	0.118168199674312	0.192135272251062	0.178264693657238	0.294612741912805	0.365515011319752	0.231734060905257	0.107080409934534	0.520917728788913	0.349333935735786	0.131457800248408	0.131698194679838	0.286115810622703	0.535763960856904	0.313908779032341	0.507778472685631	0.310884848366238	0.609143886810791	0.261058920917211	0.18948402539501	0.242365988362034	0.199286436070158	0.335446749404443	0.441777892325927	0.307029267506419	0.223033951725872	0.306014436439819	0.523914164549371	0.105958777938848	0.404500958136202	0.276246616340003	0.467596364676051	0.447207640313751	0.405209050079284	0.426450314699205	0.217723056578036	0.166033582762359	0.198922530368221	0.330530980938132	0.278378020711216	0.267877765437218	0.440647548758109	0.434922841531481	0.277374349421022	0.461086983178228	0.21303933899426	0.183769494255709	0.3862190613134	0.184453446932349	0.300557443336908	0.420955568059697	0.179936289059802	0.304512615359805	0.524502209502165	0.299772094427054	0.496993415932281	0.325474949114191	0.311517173885203	0.502681456942298	0.282413685093841	0.412812034457338	0.181757894843992	0.248971017318912	0.588198341315338	0.0966202562762759	0.184977654259064	0.229529296365546	0.446586541353806	0.382346402955161	0.122088422416056	0.565679645666977	0.263974113783056	0.268636224226746	0.43292694553909	0.41227919952225	0.562046928725164
221bbv	0.186092687044036	0.381540620468144	0.197989563125276	0.1900162589275	0.257821456066128	0.169190898896104	0.213519320836273	0.19636947805184	0	0.245711629209149	0.224507590675139	0.310259206691343	0.184311677383747	0.226983363418502	0.26460051889539	0.294702690324694	0.323642382827855	0.336453421982928	0.216536307753084	0.194730830753204	0.128864305623253	0.158768249406778	0.341221926023805	0.256443091387463	0.281042040729124	0.271847947663388	0.178837634485182	0.298473958389782	0.174797277964832	0.161750908572778	0.204218884341955	0.236035078577551	0.22753160662073	0.220375810996345	0.209689016554151	0.180422315148378	0.295005727624217	0.222367906105897	0.229051459486975	0.194801667496673	0.347292007860664	0.227682578499132	0.211268154804004	0.278451334404179	0.181408134656867	0.258140565667429	0.29041708245825	0.218520025936298	0.31317935515171	0.235501896982689	0.253166324392603	0.19002497027315	0.263005303633624	0.3017742364273	0.168104900477075	0.184217850876616	0.425153977847651	0.265815577421135	0.199894566658346	0.215789190834079	0.279722209334838	0.456661856399987	0.180627262549138	0.393994229635866	0.225501068762852	0.517630575055239	0.179901902333135	0.1463834313759	0.238627719512278	0.163904008540928	0.213170669066428	0.337963267292575	0.248893233550324	0.284992062634194	0.34202698914966	0.443018836476493	0.228480163898571	0.282962152770511	0.298264946440201	0.362155550438535	0.348960433917669	0.314523351724525	0.307650486601362	0.154647147301312	0.224338559727843	0.270044534124985	0.276487874733966	0.287266541778616	0.232750486860831	0.346597605673291	0.328139222160749	0.166125765462716	0.363341476475136	0.222464943380544	0.177729824136417	0.284254946253197	0.205596069394045	0.214312735258467	0.332431759865712	0.190464730742857	0.223718912445269	0.434551242971098	0.20241651381105	0.399032586430063	0.21877257216554	0.392574499250562	0.409018529915835	0.197648821726022	0.349955785998831	0.244754445071084	0.2909577139823	0.506718500017128	0.194624375532268	0.18896981756311	0.230416384524642	0.373273611487162	0.289207228988042	0.191585206965736	0.472041859017782	0.305917541130465	0.3092940907338	0.3530952662147	0.329875762813203	0.46926906789562
223bbv	0.291142792475493	0.486799932217955	0.354063359552054	0.294313671379526	0.3597197897297	0.331720386572108	0.263859461662293	0.20832257497258	0.245711629209149	0	0.327561824494595	0.275190426721836	0.243804391867872	0.218553436466549	0.22858486095224	0.20352073849756	0.327087439183008	0.452305447268196	0.244352070536998	0.167645869280091	0.269278200888083	0.231268109850331	0.444937138517945	0.102847632449511	0.345991218328061	0.141821502891452	0.310312380469568	0.252852442070364	0.236113677735569	0.333105656318489	0.20593840792727	0.246062850455101	0.328045316655227	0.170760406769922	0.215208474763202	0.228394329178703	0.131808769024135	0.219626938341525	0.322856280535355	0.265282929773422	0.167824308033028	0.19648430282008	0.28004562793416	0.152394110480896	0.175041815150024	0.226993479801708	0.402431972294163	0.215744270563222	0.347473674960374	0.226017773549816	0.20932519046758	0.284103734659759	0.261750734281538	0.374798766502101	0.319700799263215	0.222030018705592	0.52725547278794	0.348755351164891	0.195209950511701	0.181662923461519	0.170950112080236	0.525755084357846	0.367254456939264	0.518908610167538	0.370106093246217	0.614794079193384	0.307789502674216	0.298326119570792	0.244775455065981	0.282225251083612	0.3646969729956	0.44170382075357	0.304750770818101	0.241049999347765	0.230953096810501	0.532453976755676	0.219891851856894	0.41269762044765	0.275346024617007	0.472805650160978	0.452308953369739	0.414410425754481	0.429409357822291	0.265993304474732	0.209995501912169	0.13762031474975	0.332322624605954	0.119837380750568	0.37366830979118	0.44411495787361	0.441680240581368	0.293506842577581	0.468205876448886	0.212943048384619	0.273276398665874	0.38099527475853	0.308174294700371	0.308502747728302	0.418640080177324	0.200264062833191	0.31608463042525	0.536500875407589	0.350459567562265	0.508283163546432	0.33043375939207	0.229279968233618	0.514952323622482	0.296449710431293	0.419327034660397	0.211458060906143	0.331210846317975	0.601622088518426	0.216633155514877	0.220344171408168	0.268230879115986	0.46087270894206	0.404797477722247	0.185457476366487	0.571905663795648	0.182531082615538	0.171996414882732	0.436997746152369	0.41317706369806	0.566855472349333
225bbv	0.132657774609231	0.322983426302337	0.202345601631023	0.23993824717603	0.129073834087071	0.183830767045338	0.256723213427153	0.310949705630757	0.224507590675139	0.327561824494595	0	0.394610755130969	0.176293673663063	0.327014067463991	0.332167696485346	0.345426169554974	0.372851993064083	0.273631530081583	0.340376620397374	0.29848194480838	0.21179245764587	0.228499076573499	0.267540242558113	0.332348076275426	0.365263367932924	0.356838942259032	0.227566514465299	0.323945283187961	0.259183488626879	0.185545422540231	0.276729635669365	0.27344728525328	0.25032036521977	0.305115786731446	0.274153132039159	0.253475794352528	0.339793348111689	0.267301474698779	0.196722897493671	0.256327800761322	0.364147412181888	0.293507225820259	0.255775788455957	0.335973723801733	0.263223484465328	0.358042806674519	0.265577078249783	0.291237007009582	0.323250632140353	0.32017946351614	0.325648231988833	0.248283690008053	0.330105058773533	0.18454744826759	0.20141605719274	0.284556302808425	0.373176454718055	0.12440676773017	0.236502889969106	0.283839619087323	0.311249549014878	0.367020756149776	0.2430561108498	0.359126914065775	0.242350230143034	0.475252011518181	0.126507487087018	0.206491531270936	0.235758549853644	0.216209416744409	0.116880016812525	0.273446675073842	0.199087154263298	0.338028289539843	0.406706568917859	0.373186802249673	0.30027340179281	0.218390688114096	0.37846186986458	0.299599209127496	0.27098646891082	0.267452582148358	0.261077887021475	0.225839083919359	0.239558866620225	0.322768475388521	0.364546936692279	0.327217255310602	0.284800908204166	0.278530467566113	0.308684868894128	0.116233151240848	0.293174947245446	0.266454316720576	0.228108243999854	0.213945062365709	0.287299335272359	0.14418588260889	0.273950973424497	0.212034959414917	0.123027709412999	0.369846264416473	0.195687150732927	0.33654783326274	0.120548123901158	0.38711066636937	0.350256164040675	0.115973955665383	0.237017781473306	0.314289410551856	0.32246314251525	0.443306108168414	0.284227677175011	0.271619361127037	0.343861601669263	0.257881212244556	0.128714085368433	0.251473096277156	0.429141091258268	0.361361501741211	0.387592133348329	0.308438042192183	0.261230575037753	0.3749822950471
227bbv	0.362317538250821	0.568010050119519	0.414733716409514	0.338463621063034	0.422142229216622	0.395412553017234	0.270059502834005	0.245022239244855	0.310259206691343	0.275190426721836	0.394610755130969	0	0.294753961501545	0.27109104436792	0.246929483702319	0.303715971492611	0.303619190234145	0.537539504215214	0.30746559669974	0.227899679854319	0.319637153176403	0.314465809679802	0.533321399030262	0.273493504981031	0.332204136780065	0.256346262392337	0.378430505071735	0.350187266920439	0.34401944720396	0.376889730898777	0.24291013394741	0.25313854640389	0.352715079729177	0.236210496112548	0.247899863485948	0.28465320902454	0.290459484298606	0.264072707663902	0.408452512472394	0.297681083472033	0.334416324908287	0.262571328283121	0.318164887881858	0.254656526667714	0.267095481140577	0.227564651062036	0.472456662003815	0.258944318176224	0.316444482912169	0.26049174935696	0.266066405586662	0.312492171703099	0.315358378584996	0.437730886988798	0.320754239360787	0.258992350286807	0.59164905666204	0.423976779748587	0.25253577108221	0.234631212048831	0.322212346804348	0.591606484079494	0.407057187940944	0.603627199591029	0.421096666205568	0.690695623425966	0.352315842858638	0.336921254584238	0.313876227657554	0.27447727655569	0.413624088291404	0.531266964432917	0.369690556242518	0.168697114129888	0.255619670728218	0.617218507272464	0.262768285984852	0.496511131504881	0.320107963617613	0.558885472200675	0.538636210659284	0.487886288094062	0.517963024006553	0.335617235194543	0.255903220250622	0.242296309319775	0.325535975303225	0.307001005142794	0.441238631298919	0.535889111129031	0.535091888979919	0.366443534136499	0.562298079572509	0.288479196908483	0.307004590134734	0.472296052924638	0.275703452495842	0.394830974874008	0.513157481752231	0.241871930504286	0.383876815601259	0.622383630654656	0.385842659905818	0.598551066592136	0.400023717813939	0.332631231144643	0.592810005531141	0.353074480569278	0.474135020273669	0.266360286444561	0.303133332491711	0.670852608753775	0.243690205592068	0.298935230794053	0.313218640806391	0.52030021827489	0.468355332056324	0.252205704729956	0.653015873678928	0.240016979782806	0.241508095298791	0.528763127053237	0.501385366472097	0.632146940052676
229bbv	0.189839204921823	0.382516552849498	0.247446881036664	0.234310146937541	0.217721686309409	0.221493046544562	0.206501974177832	0.244381461038525	0.184311677383747	0.243804391867872	0.176293673663063	0.294753961501545	0	0.258095909316512	0.277357338252967	0.287178652676461	0.28593530281981	0.323100417281512	0.274007519687984	0.242509912487554	0.195884899174826	0.213020411410835	0.330802431136248	0.260135359159473	0.29444131269364	0.273984945443417	0.261566141793916	0.274711223445956	0.200386255193736	0.243777541357015	0.247856175580995	0.232686015483051	0.28939883284789	0.263029681163158	0.243305542887977	0.23118506264282	0.268519904325373	0.234738312877115	0.213634401873359	0.266389677958919	0.298512021127274	0.265403240598205	0.246918048483077	0.258121609369191	0.238515738466413	0.264517916573393	0.270812627911255	0.26596993278238	0.310343085880547	0.279002615043356	0.264879722400239	0.238487576311174	0.252569597527294	0.254311247367121	0.220013265563819	0.233588644856409	0.432660108892524	0.227500226205467	0.208700347572132	0.2337494022787	0.217281481170348	0.411795156185494	0.261799190537878	0.427096463844183	0.277767052589213	0.538482344899472	0.175056435846938	0.220435382108903	0.206997422350346	0.191394307352717	0.184338143286319	0.33497104903817	0.132984363420432	0.270254024932087	0.298550039027402	0.440673533587664	0.278529258094557	0.28714015556971	0.300809432772905	0.361770603005986	0.341312452185078	0.263849922235746	0.311279697628357	0.230688455457628	0.192634190318153	0.258097213425895	0.289331019880267	0.268968717839279	0.305754261154797	0.337705109319559	0.351589297711029	0.165677876072884	0.369473928836418	0.229730059458641	0.232816162155084	0.265241037817143	0.238244003819421	0.156217563174884	0.306169443094541	0.177339834141218	0.197225920024761	0.44678096075225	0.255475583885056	0.415809645236356	0.225057565861948	0.321918684825607	0.414775631378878	0.145599039749484	0.277363300794531	0.277178245973473	0.303285308393647	0.510237923008786	0.235242327488292	0.214931682966933	0.274400038463017	0.328619594375716	0.25729199822813	0.223584688641329	0.489676841102548	0.27823796990175	0.295139272148311	0.333707691556662	0.296657185268297	0.434244330526416
231bbv	0.290821082034552	0.464691419123957	0.300193181890495	0.185001520266161	0.354135496746698	0.30676236306464	0.170651861395805	0.168128715915192	0.226983363418502	0.218553436466549	0.327014067463991	0.27109104436792	0.258095909316512	0	0.146515794934896	0.242756933101873	0.310259776324244	0.428451780940767	0.160691071984412	0.151440727395645	0.244725840344475	0.270663354272997	0.424142261886193	0.235502974326798	0.355074759040596	0.229575943490692	0.263017215750636	0.287279605115165	0.257683765879422	0.267360403041697	0.19424132656076	0.20823136031004	0.288855374069151	0.127327927498626	0.194106740133001	0.223185721378162	0.262754026597054	0.170012958788769	0.308264769523069	0.250659413328912	0.257997477958987	0.148519322419011	0.204376235458639	0.191316823944395	0.192154638676051	0.213742831448296	0.379010079261558	0.191613295177072	0.267388480946162	0.166625906738989	0.157937529611113	0.230213018930123	0.288220241041368	0.370961173431024	0.277388002561402	0.124908877280938	0.508616030678101	0.361274925589794	0.209665076412204	0.185810355785891	0.270606455971746	0.521413747510035	0.334294862880877	0.502423743139815	0.258730120043135	0.605666314009635	0.28412193584973	0.239668746392119	0.260130157746377	0.234909803844424	0.359798250346634	0.425074979734819	0.286295049795945	0.261259084949345	0.3004886742003	0.517904267360936	0.164290713999456	0.385454204452929	0.187485483138459	0.45563517011949	0.439982305279363	0.391265011987445	0.408501601933431	0.280324217057019	0.201406179138693	0.229192282653511	0.347485370718688	0.26321063101106	0.290077760392247	0.436436166875038	0.439864568079898	0.302665882487828	0.451659165835796	0.199097289938107	0.237198539458479	0.371927198207711	0.249295390745967	0.288848188474067	0.395407527044303	0.182601848758427	0.313853240200423	0.521074727757085	0.24348419247557	0.493456834733855	0.314831873760411	0.326901921962596	0.490302058834344	0.291811396065652	0.4082728128673	0.219843090940916	0.239855836296575	0.579696483615075	0.147465119249968	0.161865769849476	0.183933641163323	0.438350779766463	0.390533613651934	0.195106624561949	0.5605514078047	0.275158983432888	0.261175730123886	0.422602878432823	0.396530828838466	0.550685232931776
233bbv	0.295112596078262	0.512490336085028	0.350028936013053	0.246452653491272	0.326325405659103	0.334125949396148	0.197520503001228	0.182643996313573	0.26460051889539	0.22858486095224	0.332167696485346	0.246929483702319	0.277357338252967	0.146515794934896	0	0.209227735308748	0.28698778214491	0.477139059671178	0.217559089373245	0.160085220101365	0.230484222778767	0.227652558152203	0.46540842006858	0.206580702975769	0.389537187411525	0.199368073887323	0.309067083802815	0.297356458800171	0.290174541267775	0.304843083717026	0.138991499326075	0.203191203848891	0.246492333348722	0.121822130784655	0.164605960585871	0.194441497703088	0.208330003442295	0.112466112655753	0.311381636335316	0.196204278004486	0.196883730587177	0.112243079849373	0.168236771737179	0.162338675181184	0.170161957911765	0.171108623499944	0.404640924582789	0.166452792514105	0.256238223740309	0.145648765980711	0.117138311323701	0.214560786522377	0.323240212752761	0.373391396275647	0.316047104177337	0.167067104205293	0.552074279305859	0.362165718060951	0.174556356972446	0.138718503429967	0.265018186822384	0.556516182876576	0.382797846674148	0.543842313763057	0.320436941088884	0.63330975634929	0.292397884188986	0.283735837038877	0.260571515920476	0.270649964459186	0.377690948536057	0.478607634733349	0.319897985261228	0.219034695895664	0.298671755154055	0.553861813754308	0.148067744735156	0.42439095413274	0.194962010439408	0.513329389491442	0.482807023974287	0.427429760259658	0.449724203823837	0.235336753000941	0.171695870255284	0.158144701270208	0.379363245521478	0.242258734928833	0.359399921763689	0.478620374341545	0.466281968339761	0.303905937599076	0.492477070147683	0.188144996087344	0.197323281083586	0.405169447234252	0.272610590737899	0.313503536969779	0.433349838359908	0.161608313609723	0.309524537107905	0.552268646474	0.227471622959894	0.525526400342627	0.329506379655329	0.261341926413717	0.523909720993891	0.28045641145938	0.417647627829067	0.173621420648869	0.247796985808301	0.607637196500715	0.142101748964498	0.200981732190336	0.232504466399408	0.471860369052403	0.397685973924719	0.166538042522325	0.592937958636314	0.247324765901337	0.250565024253826	0.469519009862268	0.448914637649719	0.590121880754198
235bbv	0.334629777865076	0.526172913375566	0.370488752538764	0.283009629581542	0.359974335651364	0.363729795594077	0.215715901095045	0.257772843016256	0.294702690324694	0.20352073849756	0.345426169554974	0.303715971492611	0.287178652676461	0.242756933101873	0.209227735308748	0	0.345232556614774	0.501126199956773	0.259741815048297	0.269560211560201	0.270648411372458	0.256826951277487	0.492050323466853	0.174318365313412	0.409555393289872	0.229473943946287	0.321825968644351	0.347847723389852	0.331424195620988	0.304937971786462	0.230577746176306	0.309302387546406	0.234490022622952	0.2171522691705	0.187839808380055	0.230292593454042	0.17411514707773	0.227493709423753	0.373638070994822	0.168933668463158	0.182572385131629	0.227147695082987	0.249050771017491	0.159605809861047	0.260421732875047	0.212172771046237	0.436236160411847	0.228722235405233	0.300532611997709	0.186084417327544	0.214440997109745	0.206759059596984	0.337427250883253	0.376171877063505	0.325774995034899	0.235764178000866	0.561339196989472	0.380180446959266	0.256948237310131	0.215965564485667	0.21071181361928	0.562602555621362	0.408141967487872	0.56299469439384	0.345484081058909	0.65549324163504	0.3202006287699	0.285863477806515	0.328313521776045	0.293039353376214	0.401413246615749	0.492924612704927	0.343880603436711	0.293171849565004	0.188671455533655	0.57393416437276	0.208831566351308	0.447198296798299	0.342037593684213	0.524136784571681	0.503973798424115	0.468660160730182	0.478663468177036	0.255108962018521	0.23642014903879	0.172097790064772	0.405080667477412	0.227084934369031	0.376201318903187	0.495899494573562	0.490883074509553	0.323102617916676	0.514404196619182	0.282193633178718	0.230422663912938	0.429225166159632	0.239651384134741	0.356235012736161	0.469169653547239	0.217634402309478	0.338419998420127	0.577434221814133	0.309881541159649	0.552617923317731	0.338632712637982	0.240332564485367	0.551593378512809	0.306348228112493	0.417532585931724	0.25210195533687	0.289383057509943	0.633420386774068	0.217075380426118	0.292207771958848	0.281556997655796	0.454664619211446	0.415447605806365	0.256223828500304	0.61509892780925	0.208727098272848	0.208095522676575	0.501936180120685	0.474055041462219	0.601798258400895
237bbv	0.345102393156136	0.55194294639387	0.420554353595485	0.351801956294993	0.427344502711889	0.372241949410766	0.252961841791517	0.321849742741576	0.323642382827855	0.327087439183008	0.372851993064083	0.303619190234145	0.28593530281981	0.310259776324244	0.28698778214491	0.345232556614774	0	0.497055259648663	0.348908486317049	0.316714000568796	0.339865118519959	0.325184532321409	0.514025399005134	0.344802423621954	0.374926386918697	0.347262236178631	0.404721553767668	0.363980399611926	0.353281769504099	0.386053261867274	0.316886933225215	0.2667530940985	0.40572622323253	0.30866393720041	0.307439642319777	0.339345994263266	0.353546083645327	0.251205575904484	0.392114949435974	0.366384526545841	0.293829178634369	0.283883359257325	0.332651362320859	0.277665700369735	0.324318269570371	0.289732009111217	0.445631917357359	0.33653721955593	0.385349228144404	0.3502579745876	0.302827573532327	0.370678682613603	0.226276777402032	0.412303175650325	0.3438394682225	0.28139003286357	0.586478707403423	0.403063244644956	0.290784201805846	0.311035348202276	0.338598877855102	0.525824667967471	0.421194347916016	0.577397069194593	0.413099815757404	0.671751169050308	0.351496497733663	0.328151602055946	0.29796230426117	0.30283780597475	0.406829741638757	0.511444321088252	0.348883586557655	0.298279105812972	0.316047353876464	0.598853873953624	0.323485069417031	0.478479496756853	0.318943836871853	0.526993509027274	0.521067134992436	0.450104520608762	0.498576642517707	0.348652216283348	0.269646754200421	0.326962144743321	0.365276980987211	0.36665756035419	0.459871511658312	0.516358117561974	0.513270971783883	0.34501455197413	0.542993255341522	0.281393433421001	0.349970265850733	0.455933522429561	0.332556234875358	0.382082441056862	0.497933397797652	0.261036595257798	0.371128094474523	0.602261765058572	0.320355053665585	0.578131936397784	0.379872366568246	0.344641638001608	0.573176209347512	0.356951015928667	0.44920880252302	0.320399741072855	0.383598707434408	0.654530099677351	0.303301485949451	0.31774731501193	0.351484400451508	0.493528276525475	0.44732426183101	0.297972901806695	0.634798528395975	0.276636142506085	0.295496179696057	0.505860248981326	0.482830054394323	0.597672429146976
