HLD.87.Healthy	CL.139.6mo.2.NASH_FO	CL.139.12mo.NASH_FO	CL.154.BL.NASH_FO	CL.142.2.SS	CL.148.BL.NASH_FO	CL.154.12mo.NASH_FO	CL.166.12mo.NASH_FO	HLD.31.Healthy	HLD.24.Healthy	CL.169.BL.NASH_FO	CL.169.6mo.2.NASH_FO	HLD.72.2.Healthy	HLD.50.2.Healthy	CL.139.BL.2.NASH_FO	HLD.111.2.Healthy	HLD.94.Healthy	CL.146.6mo.NASH_FO	CL.125.12mo.2.NASH_FO	CL.176.BL.R3.SS	CL.152.BL.NASH_FO	CL.151.12mo.NASH_FO	HLD.45.SS	HLD.99.SS	HLD.22.2.Healthy	CL.165.NASH	HLD.103.2.Healthy	HLD.112.Healthy	HLD.23.Healthy	CL.146.12mo.NASH_FO	HLD.38.SS	HLD.77.Healthy	CL.160.NASH	CL.146.BL.NASH_FO	CL.151.BL.2.NASH_FO	CL.152.12mo.NASH_FO	CL.176.6mo.2.NASH_FO	CL.147.NASH	CL.136.SS	CL.130.SS	HLD.34.Healthy	CL.119.NASH	HLD.104.Healthy	CL.137.NASH	CL.172.NASH	HLD.47.Healthy	CL.175.SS	HLD.28.Healthy	HLD.96.2.Healthy	CL.118.NASH	CL.141.BL.2.NASH_FO	CL.116.NASH	CL.134.SS	HLD.85.Healthy	CL.177.NASH	CL.117.SS	CL.170.SS	HLD.39.2.Healthy	CL.166.BL.2.NASH_FO	HLD.100.Healthy	CL.128.NASH	HLD.25.Healthy	HLD.102.Healthy	HLD.53.Healthy	HLD.74.Healthy	CL.176.9mo.NASH_FO	CL.169.12mo.NASH_FO	CL.127.12mo.2.NASH_FO	CL.127.BL.2.NASH_FO	CL.148.12mo.2.NASH_FO	CL.131.SS	CL.148.6mo.2.NASH_FO	CL.171.BL.NASH_FO	HLD.35.Healthy	CL.161.2.SS	CL.150.SS	CL.144.2.NASH	CL.171.12mo.NASH_FO	CL.171.6mo.NASH_FO	Cl.141.6mo.NASH_FO	CL.173.2.NASH	HLD.43.Healthy	CL.141.12mo.NASH_FO	HLD.80.Healthy	HLD.64.Healthy	HLD.51.Healthy
HLD.87.Healthy	0	0.238014017260465	0.198510206399227	0.226015388230488	0.226096698490973	0.265402392554398	0.264192468919234	0.400560740683178	0.345220282249114	0.370587339374305	0.2790611617467	0.295635354237196	0.285425788335241	0.237328997977596	0.25984144127004	0.278021309161283	0.40056877582318	0.405047750676934	0.255267354303747	0.321535707294884	0.273104326010785	0.326110623221402	0.401084256535269	0.312617117267265	0.245039903158134	0.298592631210023	0.295402219989486	0.268582758774327	0.323428534638825	0.443162681242264	0.297935463413761	0.293993295400421	0.290345934740891	0.37580540698174	0.293932356740457	0.264078271465804	0.336604206763003	0.394724675991919	0.221033133335228	0.231074373987276	0.265886989874032	0.211077993204536	0.265950076515982	0.399708806273065	0.305573056798338	0.304547265055572	0.250994705894849	0.312428294988288	0.301337414423389	0.219426215927233	0.34266985875553	0.376448532385495	0.287930733417255	0.273338416184384	0.329731135977858	0.283939666889622	0.375066625095653	0.363033127936358	0.39851005809012	0.287821298360179	0.292327443568605	0.3179344378609	0.282095366770389	0.265652664666508	0.293775833226466	0.32240853027159	0.299237349483138	0.356617791096956	0.40229492511537	0.252161301181251	0.297527189509145	0.280434646253589	0.299282514655929	0.297142251821264	0.25767953738046	0.308643623195571	0.316832302219564	0.306034444226987	0.273022809961388	0.267362356606916	0.330591148669506	0.249081077970389	0.293271927860146	0.301812236850506	0.267583848651354	0.27283504139557
CL.139.6mo.2.NASH_FO	0.238014017260465	0	0.178978922740209	0.160857181409086	0.225207419377324	0.221568427481424	0.216141361784056	0.344015769339445	0.321913675956905	0.341091208180913	0.227773058859563	0.237142686353251	0.245639778849047	0.245345950743984	0.190622390666868	0.239007255886569	0.331862999869267	0.349145973187479	0.216310865486073	0.263582418459115	0.204331935712036	0.276299003936324	0.343708177882119	0.254694247227263	0.214674902732773	0.275237087370811	0.272275005952372	0.214110218939143	0.307079585304707	0.399564612656801	0.260420284146749	0.1953772035627	0.268887513216055	0.330908725625197	0.315003610351299	0.258472874073657	0.262143695220796	0.370496180736458	0.227743280325107	0.272928127181908	0.250743573508587	0.254876035650788	0.199491999048627	0.346647260577108	0.275791212945849	0.248785902836029	0.294219974482964	0.291154253385563	0.228668202070454	0.280251229569617	0.404854460623339	0.3914195100853	0.216844134800042	0.206534239890007	0.306493133483388	0.221807038191627	0.429627591271699	0.299082642344475	0.353570068523629	0.22668779314551	0.250403899080042	0.332615136498519	0.235120136862598	0.290561658505686	0.302330081838693	0.253091037223816	0.248312133849606	0.311800027463192	0.382869138699998	0.245372398291998	0.32367460938011	0.22203457838787	0.293712870876996	0.191948444579979	0.30050769527215	0.257284293798586	0.265135213611974	0.26362405714287	0.246736076542755	0.32995242125927	0.241263902808856	0.278097951205474	0.321113364771736	0.279167738346007	0.221085049233926	0.276059257446994
CL.139.12mo.NASH_FO	0.198510206399227	0.178978922740209	0	0.1750381490557	0.210034047633091	0.242769068249603	0.237591276589198	0.351933605537915	0.342391051934568	0.349199331050339	0.238113159784305	0.27758402342445	0.242596874313868	0.200823294896245	0.167921963196227	0.269008025659694	0.382771667193903	0.375314759782701	0.234439290564503	0.303557994279001	0.21344642895144	0.323441663053013	0.343874079788765	0.238591790754844	0.236898989413012	0.28436110320292	0.240661101428501	0.217685440463472	0.292287601815952	0.417898911728128	0.258425741463801	0.234503787697206	0.273418332842952	0.316836940709806	0.313483488712887	0.20251942504101	0.309450487473092	0.328250014486944	0.229507076625999	0.239601616239167	0.244612742455315	0.198003702609385	0.228248303320909	0.359090717073328	0.307641460383831	0.287404809904091	0.255400719407998	0.26201402312291	0.279817478836608	0.287037112826621	0.387236582564085	0.37288131766076	0.247795954475535	0.229780636945672	0.237668327366004	0.255202403164604	0.370228087465988	0.296211479719224	0.352579108346101	0.261700174065357	0.280583704747719	0.293849496379866	0.24341371751665	0.27252173268851	0.289795890427708	0.313866768616681	0.252568454442667	0.322311976986351	0.367846592990314	0.22132153367153	0.275133626255857	0.225161202519764	0.301018378188009	0.271693815971419	0.242477290196838	0.297715595861928	0.24790694797523	0.302161430725855	0.259168319287749	0.33064031345351	0.29928369518662	0.268642455917861	0.353988666119595	0.300049334925325	0.255049846167908	0.290789699074914
CL.154.BL.NASH_FO	0.226015388230488	0.160857181409086	0.1750381490557	0	0.192829558735707	0.209034813011377	0.144530124902031	0.333029622133596	0.356521248287704	0.348019712176038	0.248230397578648	0.261287337311697	0.217785125164998	0.223499467458959	0.208616035851855	0.219245675330059	0.370162320734761	0.354730636306963	0.204899600217211	0.271338190756101	0.193948036684357	0.285613227314027	0.348793291955079	0.227449910823857	0.189481547469166	0.234618174926974	0.237939491615795	0.207451333367355	0.283704066396499	0.411719462765329	0.252511313312039	0.216327254615687	0.26611499468737	0.327986149628423	0.291415484274831	0.26593734358436	0.256895954553937	0.359882644763456	0.229782520964458	0.22428333615017	0.246514104877924	0.250437604113564	0.195754963571484	0.341343235911006	0.305067726535266	0.24328685026706	0.278622323985687	0.254943248912033	0.207509034628549	0.260471982832461	0.365587057272574	0.390614382762963	0.223217999619328	0.177860454253966	0.258202726326315	0.232942047511341	0.385012002718581	0.301094923685265	0.364832358762874	0.226514843753173	0.258520215259033	0.29706810498434	0.202236863158839	0.281598180880133	0.291434328202179	0.248423269929854	0.262467673634552	0.325406885383803	0.380594708154187	0.219743471675558	0.304553627333463	0.196543582435221	0.270628196950964	0.245685537739123	0.278715936966209	0.276673451799619	0.281800770515238	0.24759094992397	0.222157018158891	0.312544075302298	0.268452791677905	0.257130131470789	0.309073482935282	0.251188510056691	0.21006241277208	0.247432953008641
CL.142.2.SS	0.226096698490973	0.225207419377324	0.210034047633091	0.192829558735707	0	0.235076015352069	0.224668149197473	0.341321748989839	0.387570491898828	0.328387981487394	0.267827788158924	0.259801928693135	0.273292845231727	0.230749697272787	0.262332922405626	0.211852539053425	0.36091023442188	0.38825863745702	0.209166791962308	0.247928780363119	0.209353208269606	0.333883434835427	0.371392527089706	0.305353595510427	0.251605331480484	0.314184558334055	0.289720924318413	0.221959372816794	0.318935794888592	0.429103995622889	0.252027092806567	0.276560776380371	0.299229805771912	0.344936517314258	0.32998067567188	0.257403913205197	0.262479568856184	0.340900108926109	0.218366283512958	0.233183544151535	0.21998842077963	0.214017457722708	0.251535634768973	0.332897782249759	0.327469468447173	0.284103940597697	0.300540592677389	0.302164921526112	0.23021423574986	0.26983777767719	0.374749637826254	0.325352987926308	0.274503520966413	0.220540062436026	0.325061813493623	0.193780479694312	0.407490888416446	0.328266975801766	0.343613097354796	0.2623671321747	0.298864296694367	0.344867627535909	0.248846804376365	0.301991635603338	0.304445216573301	0.2470807139375	0.28965445048179	0.338603128161513	0.396270712607125	0.20874756611741	0.334812820490755	0.24498675745698	0.307893787981123	0.303914346017213	0.26568216083795	0.281589076951378	0.283803417611672	0.27677535012103	0.263212035611158	0.294960165930962	0.317361212595576	0.319427397553745	0.331446594663873	0.278402259407078	0.248092460660168	0.269457185267535
CL.148.BL.NASH_FO	0.265402392554398	0.221568427481424	0.242769068249603	0.209034813011377	0.235076015352069	0	0.299283965086564	0.34851034599872	0.414071496027197	0.319698033242737	0.256100512638356	0.231493060352415	0.240866631857096	0.18011263635961	0.26046807180866	0.270447890290865	0.405800855521709	0.401387122363549	0.244210672243931	0.273641106681684	0.251500498445492	0.373141823769909	0.432977316258291	0.25803785056765	0.23578882896735	0.37891284683443	0.33109187207254	0.260698598192338	0.29170660210798	0.450012014115365	0.299857845508421	0.297515617149172	0.331124263125336	0.39627619287048	0.320227758812116	0.285405776811321	0.275921139073964	0.409900133800497	0.236200513973364	0.244086250952846	0.211370691805723	0.266178415965478	0.243080859110451	0.415954237370757	0.301840231865693	0.348341838329651	0.235655984272822	0.233567010417433	0.292409089159233	0.26644658863834	0.441074677450895	0.35890907225063	0.2988455745462	0.227410587131801	0.327997722743472	0.242399857226739	0.339390705124518	0.378532486574206	0.408020569528963	0.272402160806262	0.215418895930963	0.32287538777676	0.284089292877113	0.188833055360714	0.341106172326622	0.283654598222336	0.259387322400843	0.374179171702851	0.406497966936512	0.153068903888314	0.269434136919028	0.12726559180054	0.278203155403483	0.277409709269038	0.245018526084877	0.323731496716803	0.268570556395115	0.292977199545321	0.285142576220171	0.315370443862759	0.335841945307647	0.244504738377072	0.370917783338703	0.293812480759733	0.268778683318751	0.329303626488604
CL.154.12mo.NASH_FO	0.264192468919234	0.216141361784056	0.237591276589198	0.144530124902031	0.224668149197473	0.299283965086564	0	0.360892455172839	0.3613484264988	0.381370828759562	0.298060042136257	0.299586921523033	0.313199305711327	0.30407658793277	0.271450611473131	0.210936215099123	0.339160890048104	0.37514680815895	0.194628804686375	0.231660919959078	0.238137589355345	0.287234925577237	0.311875934510167	0.292359156469888	0.19369140061321	0.184269872279343	0.287907471525787	0.24826373917066	0.334983456066326	0.418353391197326	0.244676176711928	0.229204366065767	0.306355623909848	0.32023860846129	0.336099716219641	0.308672561302753	0.245750903809443	0.340840343702419	0.235547388964946	0.288865301830946	0.304692715231196	0.304941246866361	0.260539129072155	0.3007719520799	0.346216117990979	0.224895260752627	0.336415925422882	0.31984316024716	0.223710637549246	0.302545337917783	0.331063363328367	0.413194191072715	0.243951884923012	0.249869070662592	0.327137519287464	0.261581009350582	0.428686003263642	0.278626422398376	0.38189210388901	0.271936279564632	0.315588260575622	0.361685512971711	0.265790464603248	0.343381039377139	0.318997178278132	0.224366611794373	0.316676197606148	0.365725629138806	0.424753549789794	0.292862718166519	0.374418636455614	0.267195373627858	0.330885166695741	0.278967541836945	0.33571051025953	0.242780398317207	0.340527315921387	0.271707782770803	0.260882671167509	0.330438401243765	0.246158153934679	0.303770725135521	0.277509067640381	0.267233442356091	0.189641432369864	0.236945604649542
CL.166.12mo.NASH_FO	0.400560740683178	0.344015769339445	0.351933605537915	0.333029622133596	0.341321748989839	0.34851034599872	0.360892455172839	0	0.457181427257721	0.476179840449935	0.419828103335205	0.435657324095208	0.391442665945703	0.360690969569217	0.390335144875523	0.362804493245081	0.419183938881527	0.42311903968321	0.380030699422622	0.375562296143666	0.290172016331817	0.438760735544501	0.325421078060145	0.396177119676599	0.317736082163485	0.380260062221722	0.330139235306969	0.405329251355764	0.356194433893452	0.433159719792068	0.312397955558491	0.362494774522586	0.414016237311339	0.416919323779845	0.479098071742501	0.355506502703123	0.397241996491869	0.300370952533706	0.374374920476839	0.311487475774404	0.431620197885459	0.353629288034406	0.353048936782137	0.267412283145582	0.441036235721121	0.362323625845085	0.411383527075082	0.428929031905881	0.392458365082408	0.478834100774153	0.375985098286558	0.407787409024138	0.27974410945477	0.328457567249152	0.27904295285928	0.401817337656965	0.370969618163043	0.249952403071822	0.186702808892238	0.361660857463142	0.344974630847023	0.457119486109621	0.364731957821235	0.432253141727736	0.384036520945545	0.363960688477359	0.430604142209212	0.440150752690673	0.475858832855324	0.307794922389266	0.420115047687913	0.342296864361058	0.367557640209505	0.355927682609679	0.408144567776431	0.373001980182647	0.350589769727565	0.353944947004745	0.3552289710883	0.417372596190998	0.388008583491637	0.345927652002677	0.363216508662647	0.33627821740965	0.378483851429294	0.397299749154273
HLD.31.Healthy	0.345220282249114	0.321913675956905	0.342391051934568	0.356521248287704	0.387570491898828	0.414071496027197	0.3613484264988	0.457181427257721	0	0.416876855895845	0.319877853702779	0.357906993020313	0.371306013468326	0.391923330863509	0.337000839740992	0.369427678373761	0.388231436968226	0.242305781056032	0.336409429505282	0.351110950601009	0.335548141171682	0.287535180647976	0.383857438295561	0.366782937933211	0.361426016786264	0.296626573831432	0.384540338426544	0.327473954025042	0.412688097891803	0.316691134971623	0.325857609694495	0.263286978419252	0.273170747267297	0.203867875260224	0.364046980663655	0.384124960969919	0.362321006810863	0.443652901863577	0.361365853897838	0.396370557678612	0.389805363271102	0.39665916714924	0.381594660110763	0.405941524720824	0.266712109281584	0.334273491042755	0.355830548422099	0.402220763351617	0.335569349497043	0.352957364585347	0.414853766074318	0.421010125498306	0.312580433042369	0.347178821421643	0.450522391775833	0.376404980970868	0.515482811765516	0.361688146735321	0.487425470541122	0.332996419995746	0.396085855203824	0.4222782138431	0.380222437677978	0.423835443149722	0.387348043480995	0.350369083933563	0.332841523690031	0.383152779821823	0.405326472234854	0.406518447215456	0.341474321702837	0.401065929873139	0.410146001344902	0.271984383398181	0.401920914970872	0.329243653931391	0.414982805796612	0.367970765102157	0.368727807332372	0.386885170202509	0.244545014992969	0.333593834441753	0.356415850434069	0.357002123351477	0.33824252462706	0.329143047909253
HLD.24.Healthy	0.370587339374305	0.341091208180913	0.349199331050339	0.348019712176038	0.328387981487394	0.319698033242737	0.381370828759562	0.476179840449935	0.416876855895845	0	0.310933508210164	0.285125511341978	0.296843901127225	0.304226688322264	0.34971817609187	0.327999177120978	0.44773333195902	0.375480227504927	0.346116976329531	0.319202962790124	0.29638537404178	0.306965559675842	0.465849420498568	0.315973580823035	0.358573396662681	0.428117166999964	0.381693393207429	0.274860510792759	0.382529203114038	0.430972155919405	0.354229473329512	0.368019169475824	0.341803995032896	0.429500534615556	0.237740491392087	0.394846761697223	0.351118316647576	0.50636413951023	0.359561633369138	0.364181613583917	0.239563233403208	0.383435466599014	0.341351018123913	0.433837202736136	0.323982305125306	0.370310521117342	0.323380646290549	0.294363530589816	0.336765168768583	0.30341857069844	0.474291674693769	0.41833723711762	0.337367080023793	0.283425569047263	0.437057335092355	0.28190571247516	0.478060144328071	0.434202053993969	0.463811553604801	0.336241110496481	0.357412167913915	0.236510096080061	0.329838184533032	0.323277136535533	0.428530070027276	0.348723057590277	0.299436808744833	0.293714419199742	0.300511347631223	0.322725365140069	0.337104585675191	0.333076107818875	0.348435426553253	0.37711662253563	0.342977546331223	0.382649506861168	0.371443289842846	0.331316401972809	0.345155012458209	0.345265377754276	0.389638000845343	0.371882738286362	0.429574556401745	0.352049063151302	0.353943824087658	0.345166255874968
CL.169.BL.NASH_FO	0.2790611617467	0.227773058859563	0.238113159784305	0.248230397578648	0.267827788158924	0.256100512638356	0.298060042136257	0.419828103335205	0.319877853702779	0.310933508210164	0	0.151447884919428	0.253656230981457	0.260517355212339	0.241749712804001	0.311768588512362	0.377200023235563	0.37239711123922	0.256234031996309	0.270319534709249	0.248636554035803	0.312163912638389	0.372681775691532	0.223204510750352	0.311132061915601	0.326078723568613	0.309613346676683	0.184586796515621	0.332008571914183	0.432665144834604	0.302236594626676	0.286472138759294	0.325314346475194	0.361763172388181	0.333840386961659	0.299311543545345	0.266500861592441	0.416099126696846	0.264715937821079	0.317929372577561	0.258263184599622	0.277413423069247	0.276734115824723	0.383719953145334	0.254660438641752	0.305109228953929	0.287236918144983	0.272942863853223	0.276099292331377	0.30379424198244	0.422881550203913	0.342560189542247	0.288967968636204	0.251953405925034	0.366227913620243	0.258156201898488	0.487382276598371	0.347052605366121	0.428435539950167	0.316663660335079	0.304085859604922	0.353538172948469	0.256991393237474	0.306227967285068	0.389525093933134	0.296030117268634	0.135637487061637	0.325173618925296	0.343011881476144	0.288204432602275	0.32033709310151	0.268047222487661	0.344425981899778	0.274130414683709	0.265611108003709	0.300921854997626	0.300735602971752	0.323156080239231	0.314160899773178	0.317893067516634	0.316839254000019	0.26831367117504	0.356864262172488	0.30440044628558	0.286565924726723	0.303470088792988
CL.169.6mo.2.NASH_FO	0.295635354237196	0.237142686353251	0.27758402342445	0.261287337311697	0.259801928693135	0.231493060352415	0.299586921523033	0.435657324095208	0.357906993020313	0.285125511341978	0.151447884919428	0	0.238607548436792	0.241601491830185	0.274913777314113	0.262894202894221	0.372127522877895	0.402938453971607	0.23834201603977	0.230400789520129	0.242919484052047	0.323712259107476	0.405734475587196	0.253768431920666	0.315734681785358	0.342557424259541	0.329743692466379	0.188397838886493	0.31592541366072	0.459569360596733	0.334170603012929	0.315697242206386	0.357769366671516	0.404145772540661	0.308115036554049	0.323896211737731	0.228775754308342	0.459961242625465	0.269708559826646	0.300109964838573	0.208307064410068	0.281685344842207	0.276778828576658	0.396781001794866	0.278629695624198	0.311929631722993	0.326259862133839	0.265509146206429	0.25941403578595	0.265944164393125	0.426973910210767	0.339925420669946	0.325738528274195	0.246708349922936	0.387178578674376	0.21906211819244	0.493676640196087	0.354650500930554	0.436074768021652	0.324879302102383	0.300178056428774	0.351101981311368	0.248956358980573	0.297128439645458	0.384240682759228	0.251412480865988	0.186270226010252	0.322461014309438	0.344616856471437	0.273461433657856	0.344192196851117	0.255113630989728	0.330568642436864	0.272980482438501	0.271079674961906	0.297306190806669	0.288199615398823	0.305749124771619	0.306729267604458	0.300241842977899	0.339019917441159	0.311111356819697	0.367727831525595	0.29539829037126	0.254001277841185	0.297766208727527
HLD.72.2.Healthy	0.285425788335241	0.245639778849047	0.242596874313868	0.217785125164998	0.273292845231727	0.240866631857096	0.313199305711327	0.391442665945703	0.371306013468326	0.296843901127225	0.253656230981457	0.238607548436792	0	0.176875490569379	0.233016872750084	0.288604693511076	0.443832114839374	0.366131010294306	0.313724560630369	0.35446711158422	0.248096253683683	0.346116983649411	0.42148738488876	0.266098574725963	0.277540574065834	0.366195500726223	0.296600256406637	0.227360486124376	0.260937790207686	0.421145524780328	0.348500150243814	0.315244913971772	0.311847433825211	0.392319138282474	0.280990042363095	0.310447636714419	0.342246506311646	0.454581689585535	0.33752425207931	0.271074645911814	0.216130214514304	0.269462729627907	0.259755895420336	0.419406349186623	0.341048685145131	0.344865650702567	0.297275993300151	0.230268003685859	0.279047057736281	0.254309753409521	0.451918529005443	0.401684251492558	0.295764664006828	0.249395103160173	0.32304853050897	0.244264445219493	0.382713845058453	0.374795070629903	0.427146263430136	0.312677492829618	0.296314410887359	0.277314104300717	0.250584784823326	0.256098817993442	0.345634817047801	0.3322801274191	0.221118773293972	0.33377516296879	0.326642784629802	0.283698421990733	0.261328671787098	0.260528827185607	0.274205505157125	0.334477804504767	0.275473273493069	0.381945830635748	0.227657092418723	0.317839319755582	0.281804407784008	0.335752652336363	0.379167526603568	0.340187966374797	0.427635278078925	0.299703572270796	0.302148818648642	0.319770983229443
HLD.50.2.Healthy	0.237328997977596	0.245345950743984	0.200823294896245	0.223499467458959	0.230749697272787	0.18011263635961	0.30407658793277	0.360690969569217	0.391923330863509	0.304226688322264	0.260517355212339	0.241601491830185	0.176875490569379	0	0.227375920137207	0.251265198284312	0.423873365678693	0.396734307128023	0.274060341436115	0.310170194457796	0.236306727769972	0.376776162115319	0.403219525145866	0.251007318736265	0.235786439063799	0.374614667428142	0.27823424769484	0.238982049503865	0.223407098257377	0.431941906897814	0.317239343222006	0.30014727015253	0.284419663775853	0.390296455881418	0.289038858383475	0.24231544811818	0.324613511364057	0.396945448486568	0.265813580755277	0.197301968515643	0.191998091709562	0.199103284975187	0.212197792811974	0.39232779872922	0.337316421968615	0.35430530454761	0.243932437435462	0.210388838878294	0.291938548200994	0.266053093244318	0.442324776295388	0.379593255502462	0.276550514453164	0.236600893607335	0.297123199617811	0.219753451027944	0.332948773866123	0.348814991116915	0.404374372699071	0.245891007544093	0.220094758783578	0.246715241311086	0.250257376948964	0.198319959663659	0.285223940965422	0.309516164936249	0.250616705213759	0.336823604818163	0.343440576064363	0.207570044809633	0.257853926943511	0.224023362954965	0.236509712791469	0.304130195961946	0.225429299079169	0.353712617639874	0.200756696014938	0.268308647794653	0.234492256882947	0.333437305490702	0.353239330617039	0.286473218001253	0.406185809637576	0.26583492273365	0.299269725552686	0.29815613037238
CL.139.BL.2.NASH_FO	0.25984144127004	0.190622390666868	0.167921963196227	0.208616035851855	0.262332922405626	0.26046807180866	0.271450611473131	0.390335144875523	0.337000839740992	0.34971817609187	0.241749712804001	0.274913777314113	0.233016872750084	0.227375920137207	0	0.303587300338967	0.396408366479654	0.374282639055517	0.271462727383167	0.346632826489746	0.233215984048803	0.345463478884668	0.378176503733599	0.23275262951742	0.287388738307836	0.325202925448517	0.279857204781409	0.244223765644004	0.314826616081238	0.418434404101029	0.306872398115351	0.265795143030735	0.289158725412122	0.335973303436027	0.32696710249593	0.233659999215808	0.348203705826721	0.395038329008011	0.288383815915141	0.302317186208943	0.250959725483673	0.255441907003274	0.259000397779401	0.398389947931184	0.314043534270522	0.321833401554549	0.287993035390294	0.271028887538493	0.296693171277143	0.289220166850453	0.424490746640309	0.405417289514596	0.270343968277753	0.265984244548513	0.288777374016094	0.277197336121111	0.393688711954844	0.350496427196706	0.392921911050778	0.292809378838101	0.304457301470809	0.319469251594387	0.269406169518505	0.282086011746374	0.346972831325938	0.352629874704045	0.23850826820302	0.328444579693826	0.357132997250692	0.291419833973984	0.277247060402512	0.258162156575872	0.296665605288963	0.283327900019531	0.271575301598847	0.34249984732519	0.260705478439701	0.326790303526543	0.276462579168158	0.3486747495403	0.329128562640648	0.324592280026448	0.391824376307647	0.347181042303382	0.304857955671671	0.330500281029177
HLD.111.2.Healthy	0.278021309161283	0.239007255886569	0.269008025659694	0.219245675330059	0.211852539053425	0.270447890290865	0.210936215099123	0.362804493245081	0.369427678373761	0.327999177120978	0.311768588512362	0.262894202894221	0.288604693511076	0.251265198284312	0.303587300338967	0	0.35460335814307	0.354746134513462	0.204761778022925	0.216793359572625	0.216195778065578	0.270517803876867	0.34207651847152	0.320833719318535	0.188169811020978	0.270990911245094	0.294516622398157	0.243469054653979	0.312354113122138	0.388256285812619	0.256416634141084	0.227110557484987	0.282468889422529	0.347280140979458	0.296368967228786	0.295522466074215	0.215517138789912	0.349315318141189	0.233444986184366	0.232887555502892	0.222028261188604	0.284962960822905	0.215893629776312	0.323721424202723	0.314472497954012	0.239076627932955	0.34210722061353	0.326039519783574	0.182688690965174	0.254162911046651	0.371835038849084	0.432545735835584	0.233119332432493	0.205961676346186	0.384715967224511	0.189186155257744	0.435699771266168	0.302314707328519	0.399062382162957	0.201420189630333	0.26755396828505	0.315677339352544	0.253503888139987	0.301634108253579	0.254952204633613	0.174352902364421	0.333952089944974	0.329364907916857	0.398470780991321	0.254141057135416	0.336552217647561	0.279921430923211	0.255211403357213	0.274433628733769	0.304830920169538	0.266197445835549	0.337332449270543	0.202494536529676	0.178594164757913	0.345850425022251	0.275028482183765	0.33003670286685	0.301696140579877	0.197678731079792	0.203204644290333	0.206961272059252
HLD.94.Healthy	0.40056877582318	0.331862999869267	0.382771667193903	0.370162320734761	0.36091023442188	0.405800855521709	0.339160890048104	0.419183938881527	0.388231436968226	0.44773333195902	0.377200023235563	0.372127522877895	0.443832114839374	0.423873365678693	0.396408366479654	0.35460335814307	0	0.39862252238891	0.297753231474328	0.293338615263812	0.33297712332205	0.356227431903673	0.349349827348397	0.385847132446084	0.345245897078778	0.349231375125183	0.381089258164649	0.362442244931098	0.436129540303944	0.429522751728329	0.354179542632423	0.340268337383131	0.396551408272821	0.413611941620313	0.420975391557793	0.409735543200199	0.311591730552082	0.450343366281542	0.356107321515416	0.427307615242318	0.413721819084398	0.413751734857698	0.383667399281895	0.352134658685462	0.397026858746387	0.286190482949733	0.44435111060103	0.435647644316115	0.35590890009371	0.424724144840765	0.434694514868749	0.427759240495825	0.358554613395298	0.357752700143733	0.451859081937963	0.354276864348471	0.543700379183397	0.354765754723426	0.462220559545187	0.370603675832637	0.376432425859715	0.456494491982544	0.382631151733233	0.438785395588584	0.404496584244683	0.321259999281789	0.400857907421374	0.38554873120519	0.435442842360331	0.38007362324152	0.460815046080909	0.375867816661608	0.399707953575886	0.333519778957424	0.437465975231887	0.309944750089924	0.444700227983423	0.356845160479513	0.381237665426311	0.415444172649053	0.325088521255878	0.394269810942689	0.336660680271924	0.346959934559766	0.34377893841086	0.368634445933788
CL.146.6mo.NASH_FO	0.405047750676934	0.349145973187479	0.375314759782701	0.354730636306963	0.38825863745702	0.401387122363549	0.37514680815895	0.42311903968321	0.242305781056032	0.375480227504927	0.37239711123922	0.402938453971607	0.366131010294306	0.396734307128023	0.374282639055517	0.354746134513462	0.39862252238891	0	0.366232223553187	0.367485558653974	0.314428228161379	0.281446907774389	0.384773141163813	0.387052352706642	0.368926757466286	0.347449083121833	0.379042628309915	0.352559151615794	0.405715667130032	0.144046788377745	0.317943585665073	0.274391631307936	0.259262917730889	0.201553031776973	0.347860906492784	0.389081965652288	0.38356402567758	0.422533985876555	0.39809150790354	0.381870835038121	0.380797378439624	0.410541360678926	0.389622123234288	0.381568225863834	0.293025973224968	0.375735618066987	0.367091343070671	0.418288893117542	0.342014542075016	0.410415285615707	0.427747883753528	0.460628357182303	0.278168134027493	0.299903567526036	0.444416231731035	0.372580709633781	0.472185524363766	0.383671630575997	0.447724751846585	0.300606601230361	0.390789953600109	0.372676111196676	0.392809205798928	0.430143434355768	0.407058305132417	0.363946823555299	0.401878184308544	0.359595644763483	0.360991026593569	0.375155328453528	0.306547232178909	0.392820493988948	0.38173213633698	0.306765064266595	0.406277557211158	0.364087316035812	0.445570130105168	0.356608251015966	0.369762375883299	0.430429448479287	0.267136962876945	0.385211949075228	0.383003705598955	0.317575282209213	0.354533601374464	0.359779338617877
CL.125.12mo.2.NASH_FO	0.255267354303747	0.216310865486073	0.234439290564503	0.204899600217211	0.209166791962308	0.244210672243931	0.194628804686375	0.380030699422622	0.336409429505282	0.346116976329531	0.256234031996309	0.23834201603977	0.313724560630369	0.274060341436115	0.271462727383167	0.204761778022925	0.297753231474328	0.366232223553187	0	0.147210285179247	0.235102917662669	0.300386991369284	0.32161948474986	0.302212318735352	0.207330352986359	0.257330732987284	0.32590462	0.236388306806265	0.347247153907968	0.412008841316235	0.230075135673344	0.230648127707318	0.306582174343903	0.322467806701257	0.336865714648563	0.275320365303439	0.194129275077532	0.301078786415843	0.184771617985836	0.260916673834953	0.248430634380175	0.261541044718228	0.241737288108318	0.310448317972997	0.312291719252763	0.235775914584716	0.310710511711316	0.314609309040571	0.232950736991017	0.286751595663891	0.396952941721008	0.390669738596676	0.250962853726972	0.231144931727689	0.354532623990328	0.247659865687646	0.441851168175593	0.267516956670932	0.416225736192252	0.240938231964633	0.277704679843875	0.343361641569112	0.2999440833108	0.289401926598729	0.29120246994419	0.196434017898929	0.291197588571321	0.362933920653861	0.407251503158041	0.225722983803732	0.353553027919278	0.254849677807694	0.323348611945638	0.25959938430468	0.283985276612403	0.176162463785457	0.340080801129661	0.257696473130853	0.257238935909564	0.358668891231461	0.273697290171818	0.273389494766859	0.302225070376475	0.275386027031408	0.204974521162448	0.260839333667077
CL.176.BL.R3.SS	0.321535707294884	0.263582418459115	0.303557994279001	0.271338190756101	0.247928780363119	0.273641106681684	0.231660919959078	0.375562296143666	0.351110950601009	0.319202962790124	0.270319534709249	0.230400789520129	0.35446711158422	0.310170194457796	0.346632826489746	0.216793359572625	0.293338615263812	0.367485558653974	0.147210285179247	0	0.229379656087534	0.298827349878635	0.322559491304777	0.314324380292351	0.247147100042043	0.263672685085877	0.337178635610952	0.239128538552814	0.355802330768626	0.421791871389339	0.242452185671659	0.255859042733092	0.344378991534702	0.35500746039825	0.362178452119097	0.342736542192096	0.13175877316101	0.369651188538641	0.23451934262153	0.284446641360081	0.256727450825664	0.333421612394878	0.255535334914127	0.282876985526429	0.303485613344469	0.235141354111337	0.348670951261912	0.328152033778854	0.238122378781934	0.323370002152264	0.375640156124623	0.36218210298247	0.245091636361377	0.233977204206932	0.410954454730665	0.230541080107112	0.497206330681287	0.266907900228776	0.415832864564528	0.264930881339185	0.290282490089807	0.399808508702644	0.297288083608625	0.328158976237001	0.326826010442058	0.128337404382466	0.314990197959997	0.352949943901846	0.422850333201308	0.255318947922181	0.392332566913773	0.266841731364143	0.336667292979206	0.255995500097213	0.336312557489177	0.193617337649997	0.36963032065183	0.248101200113985	0.276514563937844	0.342087557911108	0.276421783869481	0.299917260899362	0.292859402798459	0.246323933115003	0.212885527992359	0.26210468929716
CL.152.BL.NASH_FO	0.273104326010785	0.204331935712036	0.21344642895144	0.193948036684357	0.209353208269606	0.251500498445492	0.238137589355345	0.290172016331817	0.335548141171682	0.29638537404178	0.248636554035803	0.242919484052047	0.248096253683683	0.236306727769972	0.233215984048803	0.216195778065578	0.33297712332205	0.314428228161379	0.235102917662669	0.229379656087534	0	0.292173643711168	0.276799312567938	0.245158297213909	0.243636861019261	0.275073550971114	0.246457766695178	0.184197541582755	0.260569566524649	0.383988784511883	0.236368195357697	0.243859085547032	0.279205111826446	0.308558750490452	0.301948842206231	0.234970955493529	0.227556440242659	0.366552251759951	0.25822430751864	0.244035008887716	0.244496271296517	0.274830968407118	0.229204299092505	0.297750819331082	0.284319790748239	0.260509200737406	0.29280326585081	0.2745213899306	0.216699182295167	0.277544836099896	0.332171349142699	0.358991367595626	0.200935377671138	0.169720884960565	0.295106606506409	0.204869311948171	0.405860597311128	0.244156857737684	0.299623274701609	0.256413844107347	0.251667766667247	0.325419255805985	0.230540583734079	0.296619428666936	0.296983816084784	0.22461277300018	0.257733601908386	0.281445122424067	0.355850866804147	0.231546427372904	0.308615094356503	0.241353012417192	0.277271598017551	0.261863292716585	0.288830496349014	0.271191702313067	0.28992028993423	0.234127553013244	0.22946298462412	0.319232787934826	0.281245570038162	0.284029175859188	0.29171542929699	0.247273784946404	0.227150905588039	0.246831957783554
CL.151.12mo.NASH_FO	0.326110623221402	0.276299003936324	0.323441663053013	0.285613227314027	0.333883434835427	0.373141823769909	0.287234925577237	0.438760735544501	0.287535180647976	0.306965559675842	0.312163912638389	0.323712259107476	0.346116983649411	0.376776162115319	0.345463478884668	0.270517803876867	0.356227431903673	0.281446907774389	0.300386991369284	0.298827349878635	0.292173643711168	0	0.376406349192065	0.351371579920169	0.264657621172604	0.277571217369745	0.335813679897708	0.285464165216969	0.39799860300238	0.329321672321008	0.306563460881007	0.252216556879616	0.252960239658536	0.346112671615841	0.215809290282556	0.394848079482822	0.294808926042754	0.459316840564984	0.324698399691758	0.366106903207126	0.33880243125015	0.392109067461022	0.307350040114553	0.392389536391309	0.284962343958489	0.252825306078805	0.373097434780627	0.374791883700907	0.259802599391519	0.31178663106423	0.409818936229258	0.446272700734225	0.273923472084662	0.283315338118017	0.434694749587893	0.323932096287005	0.522242997497565	0.367558836587226	0.469001557173831	0.277434150914451	0.347788067323156	0.307175516488186	0.326069698004909	0.396639709352954	0.347804431030044	0.289316016197098	0.346817610752676	0.274915539729779	0.326465003582919	0.356382060732093	0.352015115694016	0.353243701628229	0.33008913650111	0.267440621283191	0.395530866671396	0.306268990801981	0.421189395326231	0.272333449145911	0.278758630388645	0.386077610711776	0.267739531950191	0.322858561253046	0.326185699081187	0.266159168927797	0.251835103091222	0.253009220416005
HLD.45.SS	0.401084256535269	0.343708177882119	0.343874079788765	0.348793291955079	0.371392527089706	0.432977316258291	0.311875934510167	0.325421078060145	0.383857438295561	0.465849420498568	0.372681775691532	0.405734475587196	0.42148738488876	0.403219525145866	0.378176503733599	0.34207651847152	0.349349827348397	0.384773141163813	0.32161948474986	0.322559491304777	0.276799312567938	0.376406349192065	0	0.385405626347173	0.340881510550332	0.294739390960871	0.311101610989241	0.347275307493798	0.405981358679694	0.405344693810888	0.303354621025139	0.321806101558468	0.419122563777358	0.352477774264578	0.460789817651262	0.346974843493889	0.31698315757633	0.324215398857296	0.367419635964031	0.390008004428892	0.430236510612119	0.353722267726036	0.380369552991539	0.223787206907593	0.421123582696273	0.293624401425912	0.443547204857004	0.44666297648129	0.357024563540965	0.455093862702669	0.367714075327921	0.415164125823409	0.317385667330099	0.351407927860019	0.33991171708387	0.375216335060575	0.471712406575061	0.219613902849025	0.350181274697197	0.383520899814471	0.392413892767514	0.450324436631463	0.388663888567308	0.459334424911469	0.379674013215162	0.305335066967144	0.38834268255478	0.405068278592714	0.443847941462868	0.399825477339267	0.441851042948681	0.40685454927654	0.426331088288743	0.374415380960734	0.399635586709725	0.308868905400084	0.434387152454908	0.374351201653457	0.357284359356401	0.440085550665579	0.324074384582402	0.395331129178938	0.348863823296026	0.354058564516605	0.352390495142339	0.36496117645763
HLD.99.SS	0.312617117267265	0.254694247227263	0.238591790754844	0.227449910823857	0.305353595510427	0.25803785056765	0.292359156469888	0.396177119676599	0.366782937933211	0.315973580823035	0.223204510750352	0.253768431920666	0.266098574725963	0.251007318736265	0.23275262951742	0.320833719318535	0.385847132446084	0.387052352706642	0.302212318735352	0.314324380292351	0.245158297213909	0.351371579920169	0.385405626347173	0	0.298475926843279	0.309747380144827	0.280095553052963	0.208051124822213	0.246147995395366	0.451284458340371	0.312470729489566	0.28308545246089	0.31657683477264	0.384514177019326	0.299709038289894	0.292526336623794	0.301053009528534	0.457100389988586	0.299027183862682	0.337685481456686	0.274055165950318	0.309893935533744	0.203851794078454	0.408618936638612	0.277923065456676	0.311200818638415	0.273615854875704	0.1658228969801	0.32476569037171	0.317478974162989	0.421853299698547	0.346470789769993	0.28424118871844	0.271088666404598	0.30219011557965	0.250291397006831	0.435534285074707	0.348454172208462	0.419112918447199	0.261748460226103	0.238378979247195	0.332525008814724	0.236821055350829	0.283469064124379	0.340831531099483	0.328807218031531	0.191653158275591	0.284794440364319	0.304952529931538	0.298472454548476	0.294811777884319	0.253428097912098	0.275843775892389	0.297445567128179	0.267147469356563	0.35343836518219	0.235083352085377	0.263500416705182	0.294388823149513	0.317270131620306	0.334074333236104	0.303058981874749	0.378441964797236	0.275644701558203	0.319380068242473	0.264769998591471
HLD.22.2.Healthy	0.245039903158134	0.214674902732773	0.236898989413012	0.189481547469166	0.251605331480484	0.23578882896735	0.19369140061321	0.317736082163485	0.361426016786264	0.358573396662681	0.311132061915601	0.315734681785358	0.277540574065834	0.235786439063799	0.287388738307836	0.188169811020978	0.345245897078778	0.368926757466286	0.207330352986359	0.247147100042043	0.243636861019261	0.264657621172604	0.340881510550332	0.298475926843279	0	0.260024567454381	0.25084345160584	0.265384428366294	0.279377499388364	0.395303159631082	0.25166396720112	0.214467480953572	0.281611096922798	0.365066295992439	0.300513045419006	0.313724807673999	0.2607217432643	0.355019876807212	0.213914279081855	0.232931025876	0.297129178507075	0.292154256558893	0.212764707951651	0.316034724366056	0.341858680707677	0.242955748532004	0.29444869733676	0.289058396094378	0.254872849996772	0.302508494446442	0.402405040566141	0.440838475401705	0.21206433199049	0.216915891846881	0.314387188070604	0.268577288258017	0.370824115296382	0.311485189957895	0.395375556476668	0.20524275715139	0.215573445420846	0.294781812547035	0.247635511387858	0.262751711191128	0.244616381056315	0.227298443341796	0.330813709960365	0.338331693142694	0.406511012669989	0.233010236806418	0.328610534588855	0.229641661410608	0.23637748143633	0.231189525731671	0.335147982831895	0.234360304329327	0.310704566635639	0.210351446374012	0.209722334503863	0.376915599413375	0.251003560398935	0.255409945064438	0.316563473937714	0.215658221148174	0.219877489129532	0.246997497651501
