td_A_700108167	td_A_700111302	td_A_700035379	td_A_700015263	td_A_700014609	td_A_700095219	td_A_700096424	td_A_700114332	td_A_700113104	td_A_700024245	td_A_700096706	td_A_700113602	td_A_700105837	td_A_700101777	td_A_700032228	td_A_700101587	td_A_700105885	td_A_700038395	td_A_700108602	td_A_700035937	td_B_700015197	td_B_700023496	td_B_700016346	td_B_700109113	td_B_700102964	td_B_700106068	td_B_700106933	td_B_700109756	td_B_700038485	td_B_700033928	td_B_700095530	td_B_700038959	td_B_700109927	td_B_700033732	td_B_700095780	td_B_700015720	td_B_700024790	td_B_700024192	td_B_700016125	td_B_700024638
td_A_700108167	0	0.131955189390805	0.0978476272997379	0.101392518313622	0.0927449706298982	0.105734705698119	0.135300572510793	0.133986694394142	0.107358706638112	0.101506608757468	0.117031196885618	0.134082070529683	0.10944454997235	0.128320469697057	0.0885994171562352	0.125538454093869	0.0959945765934532	0.133230034807277	0.115364554057416	0.142900653623952	0.105406135913733	0.110208427935276	0.13455066344228	0.122123894869967	0.129617905957125	0.116739788370581	0.0943912950662266	0.197633789592626	0.121120941618443	0.120040123477006	0.127805425197773	0.0962749570339532	0.0935254241230375	0.120737966666341	0.159338165813316	0.122609196986408	0.107473131266035	0.0974997416757086	0.105232961725096	0.0956471588271315
td_A_700111302	0.131955189390805	0	0.140127995174917	0.132154363100624	0.125473154525247	0.130609296439589	0.157902845203128	0.170798741382562	0.144770814554973	0.136899977502728	0.14527930904635	0.172095308764031	0.147829400900185	0.149725695026018	0.120926179138439	0.160987030048629	0.133870799356281	0.175235837044893	0.133893523873509	0.188276902787322	0.140105337494504	0.146883860473068	0.158995760808148	0.150866733138107	0.172237671180781	0.157117445785651	0.124983106994914	0.207482127501385	0.163766238505572	0.154515288052639	0.159231895276869	0.127010067094805	0.13215890800407	0.156877635292084	0.17660512288149	0.143472643089935	0.145787001495942	0.118615830941355	0.132322123507216	0.136675940497589
td_A_700035379	0.0978476272997379	0.140127995174917	0	0.104952648121411	0.0901666736399744	0.108987787176074	0.152615852596483	0.124799305752631	0.118379295451741	0.0846741578260497	0.125210820024898	0.131960135315143	0.0980232076137292	0.144394055426702	0.0921428377601807	0.116058721221905	0.100053977412097	0.110513136976573	0.111702965963886	0.142717387076193	0.107807449016543	0.121489011960715	0.136355391131049	0.122383756408147	0.125099603564113	0.122679308805737	0.107246821809174	0.19855667233933	0.110110913021643	0.117075643367843	0.121432802198985	0.10436328108343	0.107257047841926	0.115913819006171	0.14970297050879	0.126077760357133	0.115261759035368	0.102164283020762	0.11521316867059	0.0828647515602052
td_A_700015263	0.101392518313622	0.132154363100624	0.104952648121411	0	0.0954390289840523	0.120865758657339	0.144552391842326	0.139613552206972	0.126788035194128	0.109600279752174	0.115483523588784	0.14723314967022	0.119876974810675	0.137059115960137	0.0920296161949346	0.133420118710205	0.0941714019436413	0.145489911851598	0.113217220853033	0.163060642245653	0.102848692010207	0.12395355269087	0.135384653224535	0.115932265967215	0.145993326745006	0.131717250328068	0.103875038147112	0.192737324498219	0.141144449463147	0.129483096100513	0.136815027910386	0.113030946648582	0.115890492957605	0.126179018132427	0.150314794716737	0.123472728641059	0.129132002309346	0.100420376833985	0.120001224450458	0.100208504129245
td_A_700014609	0.0927449706298982	0.125473154525247	0.0901666736399744	0.0954390289840523	0	0.107340727534776	0.146715431698322	0.143123487566414	0.117354352887959	0.096715144300016	0.110647679485923	0.143536204901358	0.111638067416157	0.136628620032304	0.0824515663675541	0.123904494468385	0.0903271488336909	0.132933613531087	0.106839585093091	0.155046440224427	0.0955456337045762	0.113641099936144	0.133600177090826	0.118273626446633	0.137219323806592	0.12953603085829	0.0920321559939189	0.196217851658896	0.130819565060761	0.124097853375266	0.12358862367892	0.099007580230579	0.0993829357857276	0.119312003210306	0.158024488207112	0.113003744064724	0.11353275745842	0.088892028733949	0.114220040430926	0.0927831344514776
td_A_700095219	0.105734705698119	0.130609296439589	0.108987787176074	0.120865758657339	0.107340727534776	0	0.135429634401283	0.148896183310393	0.111230630189628	0.108070852905938	0.128162266955063	0.140603405442682	0.118131932398037	0.133909832056461	0.104336746867726	0.144415777391699	0.119287941956771	0.149151433108312	0.120910338813195	0.149619023468678	0.117339114094053	0.116740590412366	0.140154863574698	0.138518631497491	0.14764346087981	0.121461475192781	0.104883271507051	0.198283242927629	0.141782139518644	0.123620371166224	0.138530528450628	0.103419211066252	0.0976298061184292	0.137236300357697	0.167653267177362	0.124394608835533	0.110878801193492	0.0978972202167464	0.104566264491725	0.102049657882393
td_A_700096424	0.135300572510793	0.157902845203128	0.152615852596483	0.144552391842326	0.146715431698322	0.135429634401283	0	0.16736352958271	0.126384741850153	0.144641886338114	0.144199025599436	0.148081843551858	0.140167027875096	0.131539197051908	0.131404788216188	0.160580060679808	0.144881964178942	0.166360242147109	0.156412651567517	0.16060893418405	0.158543810262579	0.138220539300916	0.165664671409496	0.155345802320494	0.168420553817873	0.141092049399892	0.137332344861392	0.212231217417888	0.156322689214022	0.159751217332337	0.168709422533925	0.123963845560438	0.114389338084272	0.16077803132695	0.163385134984301	0.148645344742289	0.134780114229464	0.128843133593293	0.134069037350685	0.133071096860314
td_A_700114332	0.133986694394142	0.170798741382562	0.124799305752631	0.139613552206972	0.143123487566414	0.148896183310393	0.16736352958271	0	0.150534621002507	0.116733104689044	0.165040749737966	0.154571029956662	0.122798545684367	0.172972007271311	0.141885602908845	0.154678904576678	0.122410624807928	0.153884214841863	0.139652250723074	0.166610345510244	0.132798937348105	0.15150796554482	0.169815504991574	0.159626165650769	0.158143858759372	0.152806003336226	0.144403546254485	0.22851614115775	0.129649853954875	0.152635101599311	0.149984286664705	0.135372488924137	0.140047189465128	0.151239214710195	0.177906101492774	0.167388392878029	0.150703851819037	0.143595756503857	0.147327456416715	0.121306881638817
td_A_700113104	0.107358706638112	0.144770814554973	0.118379295451741	0.126788035194128	0.117354352887959	0.111230630189628	0.126384741850153	0.150534621002507	0	0.118826500583419	0.134708398326567	0.120284345200388	0.12134558015492	0.132520294664805	0.112111472579461	0.15171275354713	0.119288476651294	0.146466464561049	0.141247177648379	0.132124754391413	0.133045765707287	0.0960253215285259	0.158901921919361	0.147213967504208	0.157764960853009	0.107503675690662	0.108267486816772	0.202781494276028	0.144431818227389	0.140178791154602	0.155298415018393	0.0872917548634143	0.0763440181785444	0.141125935665288	0.175733971829886	0.126332074439637	0.100749815496971	0.0930427286423959	0.102048655330162	0.105696675550171
td_A_700024245	0.101506608757468	0.136899977502728	0.0846741578260497	0.109600279752174	0.096715144300016	0.108070852905938	0.144641886338114	0.116733104689044	0.118826500583419	0	0.128980215901628	0.133319529303064	0.0945978876625521	0.143755295982158	0.0983793141660496	0.126073349127318	0.0961535813772314	0.118441654200487	0.1037989110144	0.139939849539635	0.103235610334415	0.117860107069905	0.147998965900792	0.130638704638355	0.132342642409537	0.113868010924344	0.106170949592075	0.200964067592339	0.0960162985584502	0.125614113368874	0.123824290289934	0.105851937472288	0.106745278346596	0.119930644773421	0.156153458397491	0.131471023500225	0.112099776136771	0.100312970071677	0.110021886383563	0.0804160511552944
td_A_700096706	0.117031196885618	0.14527930904635	0.125210820024898	0.115483523588784	0.110647679485923	0.128162266955063	0.144199025599436	0.165040749737966	0.134708398326567	0.128980215901628	0	0.169297385998783	0.144819872777459	0.126444961820806	0.101246880892918	0.160052517696049	0.109341688113487	0.16459020276552	0.134109941481695	0.183151053742548	0.124614568794934	0.143439358355879	0.154525179901314	0.116293786301581	0.165562945776495	0.145501741967919	0.111044422821992	0.192096292601953	0.159186312568783	0.132972846741712	0.148779686741193	0.12333136877654	0.123610078296656	0.149089274870012	0.160591690285683	0.109635569590693	0.144333835456048	0.101425803047679	0.131863890301002	0.121744863289973
td_A_700113602	0.134082070529683	0.172095308764031	0.131960135315143	0.14723314967022	0.143536204901358	0.140603405442682	0.148081843551858	0.154571029956662	0.120284345200388	0.133319529303064	0.169297385998783	0	0.122155375010009	0.173904715029875	0.145521191481193	0.154373660840858	0.148113190018269	0.156591172701385	0.158894369359223	0.150646706341891	0.158171596037753	0.128900078559993	0.179756077705551	0.174548487235572	0.169474637233159	0.1296304044416	0.149201293372582	0.229114130144914	0.14983651046591	0.164623286989131	0.168079752896273	0.114131682161	0.116244126547757	0.159372920957312	0.189269228985202	0.162799577644796	0.123261925325365	0.139172830246386	0.132275605083715	0.114169712308949
td_A_700105837	0.10944454997235	0.147829400900185	0.0980232076137292	0.119876974810675	0.111638067416157	0.118131932398037	0.140167027875096	0.122798545684367	0.12134558015492	0.0945978876625521	0.144819872777459	0.122155375010009	0	0.156934179237892	0.117228766511868	0.120457719899472	0.114739295649578	0.123613754321501	0.126137245122817	0.142651419139417	0.123046176085333	0.107735265255938	0.151636091719894	0.145862259750054	0.139808448360607	0.119862738569	0.120113911321181	0.212032511565777	0.11093895432733	0.131680623753243	0.137271590196215	0.103475220317536	0.107874419505549	0.130583363755224	0.16210594517483	0.13887012630955	0.109343158523425	0.113382374623826	0.113669839766756	0.091967725303897
td_A_700101777	0.128320469697057	0.149725695026018	0.144394055426702	0.137059115960137	0.136628620032304	0.133909832056461	0.131539197051908	0.172972007271311	0.132520294664805	0.143755295982158	0.126444961820806	0.173904715029875	0.156934179237892	0	0.120319568202091	0.175983072640791	0.130981978522123	0.178980035442226	0.147746790596381	0.171095162658752	0.144227431245971	0.146231399481373	0.167905776665851	0.141634697503926	0.172196767049771	0.150866332117215	0.123241874280752	0.185616329677671	0.171218543419936	0.157567725410836	0.169708699760604	0.131618331841313	0.123689747780583	0.163226063363707	0.170939366042112	0.14034040257418	0.145085883302653	0.118781051548963	0.141196983200032	0.133553859177771
td_A_700032228	0.0885994171562352	0.120926179138439	0.0921428377601807	0.0920296161949346	0.0824515663675541	0.104336746867726	0.131404788216188	0.141885602908845	0.112111472579461	0.0983793141660496	0.101246880892918	0.145521191481193	0.117228766511868	0.120319568202091	0	0.132516885987221	0.0894702340237621	0.133834907986425	0.106795940652651	0.150328095242997	0.0938838699638961	0.116535200878717	0.129016708802823	0.10375887576199	0.137657439131378	0.125530834696916	0.0884944165192803	0.181698556070808	0.133046768259517	0.119126731558085	0.123424539297173	0.0931878982053914	0.0959753944274404	0.120789163666919	0.151241821345995	0.0893291415065045	0.115233420225649	0.079509008733834	0.104353656582016	0.0947645118432832
td_A_700101587	0.125538454093869	0.160987030048629	0.116058721221905	0.133420118710205	0.123904494468385	0.144415777391699	0.160580060679808	0.154678904576678	0.15171275354713	0.126073349127318	0.160052517696049	0.154373660840858	0.120457719899472	0.175983072640791	0.132516885987221	0	0.13622746546642	0.133708920589442	0.14276236825294	0.179053288591878	0.133849545248992	0.146039444147615	0.158796319751068	0.152331395110245	0.144187596504007	0.152151203055993	0.134498664399918	0.233305466837109	0.139669695131887	0.144843733520548	0.146241090819602	0.12633434689136	0.14113977088607	0.141157616315776	0.172585824152071	0.162714561215639	0.145482091944199	0.137523163969289	0.146411457861995	0.118156394672464
td_A_700105885	0.0959945765934532	0.133870799356281	0.100053977412097	0.0941714019436413	0.0903271488336909	0.119287941956771	0.144881964178942	0.122410624807928	0.119288476651294	0.0961535813772314	0.109341688113487	0.148113190018269	0.114739295649578	0.130981978522123	0.0894702340237621	0.13622746546642	0	0.132934816593763	0.10440418521444	0.147106627578715	0.088497557849603	0.119282394501095	0.140768158192583	0.114921626481923	0.143091205384588	0.125851718247533	0.080388915408252	0.199970204147706	0.120530705701862	0.128886042828764	0.118167088562924	0.102600460077902	0.112063884766914	0.126313293294516	0.159460544022269	0.116981470294979	0.120889619400428	0.0975564861319623	0.115437673533437	0.101387438715653
td_A_700038395	0.133230034807277	0.175235837044893	0.110513136976573	0.145489911851598	0.132933613531087	0.149151433108312	0.166360242147109	0.153884214841863	0.146466464561049	0.118441654200487	0.16459020276552	0.156591172701385	0.123613754321501	0.178980035442226	0.133834907986425	0.133708920589442	0.132934816593763	0	0.148354470921775	0.167562836966159	0.139540031710059	0.150185064458093	0.156546057851007	0.15733800727639	0.142492213845193	0.149800552259238	0.145612557407812	0.241149168142312	0.118502342028848	0.1562565207668	0.142839631611514	0.133282969565054	0.137409875567227	0.14659853410823	0.180055105617541	0.165112799824941	0.137451113882314	0.140283791791557	0.151160480941683	0.121732832663205
td_A_700108602	0.115364554057416	0.133893523873509	0.111702965963886	0.113217220853033	0.106839585093091	0.120910338813195	0.156412651567517	0.139652250723074	0.141247177648379	0.1037989110144	0.134109941481695	0.158894369359223	0.126137245122817	0.147746790596381	0.106795940652651	0.14276236825294	0.10440418521444	0.148354470921775	0	0.166135870957893	0.108736012892554	0.138553587151932	0.150162874635388	0.132603573336763	0.151981838565832	0.141116712184766	0.119282060317018	0.20067773867527	0.138909626867437	0.136825588127215	0.133720683868948	0.125792032971403	0.126239705960788	0.138032193155188	0.16858924993988	0.145241412572032	0.141011778384626	0.11687045434464	0.134865932700407	0.110347715858518
td_A_700035937	0.142900653623952	0.188276902787322	0.142717387076193	0.163060642245653	0.155046440224427	0.149619023468678	0.16060893418405	0.166610345510244	0.132124754391413	0.139939849539635	0.183151053742548	0.150646706341891	0.142651419139417	0.171095162658752	0.150328095242997	0.179053288591878	0.147106627578715	0.167562836966159	0.166135870957893	0	0.161465848993979	0.140557889571412	0.191880142341029	0.18544609630891	0.180343506475886	0.139905495416532	0.154518563056592	0.235183447675529	0.15412836972843	0.166600453661568	0.183259596730717	0.129560827316795	0.12694683946746	0.16360756790587	0.19856115040596	0.175206228335682	0.137633177367397	0.146038708942646	0.13664138586404	0.134418460221468
td_B_700015197	0.105406135913733	0.140105337494504	0.107807449016543	0.102848692010207	0.0955456337045762	0.117339114094053	0.158543810262579	0.132798937348105	0.133045765707287	0.103235610334415	0.124614568794934	0.158171596037753	0.123046176085333	0.144227431245971	0.0938838699638961	0.133849545248992	0.088497557849603	0.139540031710059	0.108736012892554	0.161465848993979	0	0.130957048389988	0.141178268891727	0.125616586331042	0.148459672069176	0.140650057539814	0.106650169558317	0.205514986351254	0.133227962866	0.137087989464379	0.12999533345355	0.118010356230869	0.123122436891676	0.133608799040009	0.162408983295742	0.130937665713529	0.13384205952567	0.10680389423368	0.12853287709632	0.110739780617511
td_B_700023496	0.110208427935276	0.146883860473068	0.121489011960715	0.12395355269087	0.113641099936144	0.116740590412366	0.138220539300916	0.15150796554482	0.0960253215285259	0.117860107069905	0.143439358355879	0.128900078559993	0.107735265255938	0.146231399481373	0.116535200878717	0.146039444147615	0.119282394501095	0.150185064458093	0.138553587151932	0.140557889571412	0.130957048389988	0	0.165812113424214	0.150588758822961	0.160759183345014	0.118125983921468	0.112076049067312	0.214725968388592	0.141282935344605	0.147532244419026	0.160140541781899	0.0948378318297501	0.093604558912442	0.140183068710786	0.18503665397792	0.136317294146285	0.0986623012423494	0.104974236412777	0.10975701208423	0.0987339503084318
td_B_700016346	0.13455066344228	0.158995760808148	0.136355391131049	0.135384653224535	0.133600177090826	0.140154863574698	0.165664671409496	0.169815504991574	0.158901921919361	0.147998965900792	0.154525179901314	0.179756077705551	0.151636091719894	0.167905776665851	0.129016708802823	0.158796319751068	0.140768158192583	0.156546057851007	0.150162874635388	0.191880142341029	0.141178268891727	0.165812113424214	0	0.153734366701792	0.161076925565309	0.165018960936154	0.13585992981867	0.224148622620225	0.162951698236591	0.155998864843528	0.143583458529828	0.140875030260368	0.146226253046589	0.15678707140725	0.182625449026435	0.150951081199111	0.161206856334399	0.137866504689872	0.148612193681862	0.141677673576212
td_B_700109113	0.122123894869967	0.150866733138107	0.122383756408147	0.115932265967215	0.118273626446633	0.138518631497491	0.155345802320494	0.159626165650769	0.147213967504208	0.130638704638355	0.116293786301581	0.174548487235572	0.145862259750054	0.141634697503926	0.10375887576199	0.152331395110245	0.114921626481923	0.15733800727639	0.132603573336763	0.18544609630891	0.125616586331042	0.150588758822961	0.153734366701792	0	0.160999461696289	0.155217542471789	0.121877601205308	0.182249358266317	0.155615756217795	0.144873676413836	0.149151967802835	0.137371511235202	0.136649406281885	0.152573344381904	0.155669827201434	0.140807591913654	0.151513847184573	0.127470773263189	0.140721105074558	0.129694835131622
td_B_700102964	0.129617905957125	0.172237671180781	0.125099603564113	0.145993326745006	0.137219323806592	0.14764346087981	0.168420553817873	0.158143858759372	0.157764960853009	0.132342642409537	0.165562945776495	0.169474637233159	0.139808448360607	0.172196767049771	0.137657439131378	0.144187596504007	0.143091205384588	0.142492213845193	0.151981838565832	0.180343506475886	0.148459672069176	0.160759183345014	0.161076925565309	0.160999461696289	0	0.163188768420728	0.150136206746054	0.229307823235872	0.150624917540079	0.152774857380262	0.145065163889887	0.140701187703577	0.140979228855539	0.14497854337716	0.173951701311084	0.16680738044197	0.154452661956632	0.142424441314402	0.15254146322097	0.135904910995418
td_B_700106068	0.116739788370581	0.157117445785651	0.122679308805737	0.131717250328068	0.12953603085829	0.121461475192781	0.141092049399892	0.152806003336226	0.107503675690662	0.113868010924344	0.145501741967919	0.1296304044416	0.119862738569	0.150866332117215	0.125530834696916	0.152151203055993	0.125851718247533	0.149800552259238	0.141116712184766	0.139905495416532	0.140650057539814	0.118125983921468	0.165018960936154	0.155217542471789	0.163188768420728	0	0.125606694482367	0.215366465590335	0.132166861585099	0.144586144434091	0.160049309528911	0.112602856846102	0.100375195146792	0.138424792608704	0.17380318990732	0.148235167206329	0.104732220304303	0.115632235502994	0.103325906871988	0.0995534365017504
td_B_700106933	0.0943912950662266	0.124983106994914	0.107246821809174	0.103875038147112	0.0920321559939189	0.104883271507051	0.137332344861392	0.144403546254485	0.108267486816772	0.106170949592075	0.111044422821992	0.149201293372582	0.120113911321181	0.123241874280752	0.0884944165192803	0.134498664399918	0.080388915408252	0.145612557407812	0.119282060317018	0.154518563056592	0.106650169558317	0.112076049067312	0.13585992981867	0.121877601205308	0.150136206746054	0.125606694482367	0	0.199047588748263	0.141285007285881	0.130065177925618	0.129163215102126	0.0918202164523633	0.105764381244146	0.131434062741323	0.163792104353122	0.113484167093643	0.110649417243123	0.0879531051515545	0.109656289003459	0.102032815004919
td_B_700109756	0.197633789592626	0.207482127501385	0.19855667233933	0.192737324498219	0.196217851658896	0.198283242927629	0.212231217417888	0.22851614115775	0.202781494276028	0.200964067592339	0.192096292601953	0.229114130144914	0.212032511565777	0.185616329677671	0.181698556070808	0.233305466837109	0.199970204147706	0.241149168142312	0.20067773867527	0.235183447675529	0.205514986351254	0.214725968388592	0.224148622620225	0.182249358266317	0.229307823235872	0.215366465590335	0.199047588748263	0	0.2303399173389	0.207833221292552	0.223895377926767	0.195823180264104	0.193579735719212	0.218398584556659	0.209296947549274	0.205917009795737	0.219448323578946	0.196710840009106	0.202841981593943	0.191312697778491
td_B_700038485	0.121120941618443	0.163766238505572	0.110110913021643	0.141144449463147	0.130819565060761	0.141782139518644	0.156322689214022	0.129649853954875	0.144431818227389	0.0960162985584502	0.159186312568783	0.14983651046591	0.11093895432733	0.171218543419936	0.133046768259517	0.139669695131887	0.120530705701862	0.118502342028848	0.138909626867437	0.15412836972843	0.133227962866	0.141282935344605	0.162951698236591	0.155615756217795	0.150624917540079	0.132166861585099	0.141285007285881	0.2303399173389	0	0.146144778968646	0.149271338355095	0.127021295679789	0.130253123050454	0.134637684975899	0.167474411859418	0.156179792102749	0.132800875615751	0.131362146327979	0.133581061761629	0.110460001708349
td_B_700033928	0.120040123477006	0.154515288052639	0.117075643367843	0.129483096100513	0.124097853375266	0.123620371166224	0.159751217332337	0.152635101599311	0.140178791154602	0.125614113368874	0.132972846741712	0.164623286989131	0.131680623753243	0.157567725410836	0.119126731558085	0.144843733520548	0.128886042828764	0.1562565207668	0.136825588127215	0.166600453661568	0.137087989464379	0.147532244419026	0.155998864843528	0.144873676413836	0.152774857380262	0.144586144434091	0.130065177925618	0.207833221292552	0.146144778968646	0	0.141635700056156	0.12209335044534	0.122294930280513	0.138577514731837	0.167498005255245	0.135115033511311	0.141713631782884	0.123649645691358	0.135720842405874	0.121218924389783
td_B_700095530	0.127805425197773	0.159231895276869	0.121432802198985	0.136815027910386	0.12358862367892	0.138530528450628	0.168709422533925	0.149984286664705	0.155298415018393	0.123824290289934	0.148779686741193	0.168079752896273	0.137271590196215	0.169708699760604	0.123424539297173	0.146241090819602	0.118167088562924	0.142839631611514	0.133720683868948	0.183259596730717	0.12999533345355	0.160140541781899	0.143583458529828	0.149151967802835	0.145065163889887	0.160049309528911	0.129163215102126	0.223895377926767	0.149271338355095	0.141635700056156	0	0.124031684928044	0.13654701228073	0.145148576235475	0.176720483224828	0.145862861281393	0.152847642672205	0.12315070886458	0.143766858751218	0.1277825001701
td_B_700038959	0.0962749570339532	0.127010067094805	0.10436328108343	0.113030946648582	0.099007580230579	0.103419211066252	0.123963845560438	0.135372488924137	0.0872917548634143	0.105851937472288	0.12333136877654	0.114131682161	0.103475220317536	0.131618331841313	0.0931878982053914	0.12633434689136	0.102600460077902	0.133282969565054	0.125792032971403	0.129560827316795	0.118010356230869	0.0948378318297501	0.140875030260368	0.137371511235202	0.140701187703577	0.112602856846102	0.0918202164523633	0.195823180264104	0.127021295679789	0.12209335044534	0.124031684928044	0	0.0841276331867245	0.122133118350489	0.163643258765281	0.109314418692814	0.0966685590396993	0.085084001177932	0.0949316707185372	0.0839980366017115
td_B_700109927	0.0935254241230375	0.13215890800407	0.107257047841926	0.115890492957605	0.0993829357857276	0.0976298061184292	0.114389338084272	0.140047189465128	0.0763440181785444	0.106745278346596	0.123610078296656	0.116244126547757	0.107874419505549	0.123689747780583	0.0959753944274404	0.14113977088607	0.112063884766914	0.137409875567227	0.126239705960788	0.12694683946746	0.123122436891676	0.093604558912442	0.146226253046589	0.136649406281885	0.140979228855539	0.100375195146792	0.105764381244146	0.193579735719212	0.130253123050454	0.122294930280513	0.13654701228073	0.0841276331867245	0	0.12635934386031	0.164980529767313	0.111165397457822	0.0904427096874751	0.0827110268848416	0.0919276232146717	0.0902396594423644
td_B_700033732	0.120737966666341	0.156877635292084	0.115913819006171	0.126179018132427	0.119312003210306	0.137236300357697	0.16077803132695	0.151239214710195	0.141125935665288	0.119930644773421	0.149089274870012	0.159372920957312	0.130583363755224	0.163226063363707	0.120789163666919	0.141157616315776	0.126313293294516	0.14659853410823	0.138032193155188	0.16360756790587	0.133608799040009	0.140183068710786	0.15678707140725	0.152573344381904	0.14497854337716	0.138424792608704	0.131434062741323	0.218398584556659	0.134637684975899	0.138577514731837	0.145148576235475	0.122133118350489	0.12635934386031	0	0.173814284818672	0.152649605188248	0.137766583650886	0.125986060246438	0.129438382271027	0.113636889216775
td_B_700095780	0.159338165813316	0.17660512288149	0.14970297050879	0.150314794716737	0.158024488207112	0.167653267177362	0.163385134984301	0.177906101492774	0.175733971829886	0.156153458397491	0.160591690285683	0.189269228985202	0.16210594517483	0.170939366042112	0.151241821345995	0.172585824152071	0.159460544022269	0.180055105617541	0.16858924993988	0.19856115040596	0.162408983295742	0.18503665397792	0.182625449026435	0.155669827201434	0.173951701311084	0.17380318990732	0.163792104353122	0.209296947549274	0.167474411859418	0.167498005255245	0.176720483224828	0.163643258765281	0.164980529767313	0.173814284818672	0	0.173987325333679	0.176326012340482	0.160454140119641	0.172336188646644	0.161113685813766
td_B_700015720	0.122609196986408	0.143472643089935	0.126077760357133	0.123472728641059	0.113003744064724	0.124394608835533	0.148645344742289	0.167388392878029	0.126332074439637	0.131471023500225	0.109635569590693	0.162799577644796	0.13887012630955	0.14034040257418	0.0893291415065045	0.162714561215639	0.116981470294979	0.165112799824941	0.145241412572032	0.175206228335682	0.130937665713529	0.136317294146285	0.150951081199111	0.140807591913654	0.16680738044197	0.148235167206329	0.113484167093643	0.205917009795737	0.156179792102749	0.135115033511311	0.145862861281393	0.109314418692814	0.111165397457822	0.152649605188248	0.173987325333679	0	0.13456035478051	0.0856354049047796	0.126381867867092	0.125126204616633
td_B_700024790	0.107473131266035	0.145787001495942	0.115261759035368	0.129132002309346	0.11353275745842	0.110878801193492	0.134780114229464	0.150703851819037	0.100749815496971	0.112099776136771	0.144333835456048	0.123261925325365	0.109343158523425	0.145085883302653	0.115233420225649	0.145482091944199	0.120889619400428	0.137451113882314	0.141011778384626	0.137633177367397	0.13384205952567	0.0986623012423494	0.161206856334399	0.151513847184573	0.154452661956632	0.104732220304303	0.110649417243123	0.219448323578946	0.132800875615751	0.141713631782884	0.152847642672205	0.0966685590396993	0.0904427096874751	0.137766583650886	0.176326012340482	0.13456035478051	0	0.102708802555626	0.103905916755816	0.0981151082348704
td_B_700024192	0.0974997416757086	0.118615830941355	0.102164283020762	0.100420376833985	0.088892028733949	0.0978972202167464	0.128843133593293	0.143595756503857	0.0930427286423959	0.100312970071677	0.101425803047679	0.139172830246386	0.113382374623826	0.118781051548963	0.079509008733834	0.137523163969289	0.0975564861319623	0.140283791791557	0.11687045434464	0.146038708942646	0.10680389423368	0.104974236412777	0.137866504689872	0.127470773263189	0.142424441314402	0.115632235502994	0.0879531051515545	0.196710840009106	0.131362146327979	0.123649645691358	0.12315070886458	0.085084001177932	0.0827110268848416	0.125986060246438	0.160454140119641	0.0856354049047796	0.102708802555626	0	0.0979967402348405	0.0933817249699802
td_B_700016125	0.105232961725096	0.132322123507216	0.11521316867059	0.120001224450458	0.114220040430926	0.104566264491725	0.134069037350685	0.147327456416715	0.102048655330162	0.110021886383563	0.131863890301002	0.132275605083715	0.113669839766756	0.141196983200032	0.104353656582016	0.146411457861995	0.115437673533437	0.151160480941683	0.134865932700407	0.13664138586404	0.12853287709632	0.10975701208423	0.148612193681862	0.140721105074558	0.15254146322097	0.103325906871988	0.109656289003459	0.202841981593943	0.133581061761629	0.135720842405874	0.143766858751218	0.0949316707185372	0.0919276232146717	0.129438382271027	0.172336188646644	0.126381867867092	0.103905916755816	0.0979967402348405	0	0.095071560173118
td_B_700024638	0.0956471588271315	0.136675940497589	0.0828647515602052	0.100208504129245	0.0927831344514776	0.102049657882393	0.133071096860314	0.121306881638817	0.105696675550171	0.0804160511552944	0.121744863289973	0.114169712308949	0.091967725303897	0.133553859177771	0.0947645118432832	0.118156394672464	0.101387438715653	0.121732832663205	0.110347715858518	0.134418460221468	0.110739780617511	0.0987339503084318	0.141677673576212	0.129694835131622	0.135904910995418	0.0995534365017504	0.102032815004919	0.191312697778491	0.110460001708349	0.121218924389783	0.1277825001701	0.0839980366017115	0.0902396594423644	0.113636889216775	0.161113685813766	0.125126204616633	0.0981151082348704	0.0933817249699802	0.095071560173118	0
