HLD.87.Healthy	CL.139.6mo.2.NASH_FO	CL.139.12mo.NASH_FO	CL.154.BL.NASH_FO	CL.142.2.SS	CL.148.BL.NASH_FO	CL.154.12mo.NASH_FO	CL.166.12mo.NASH_FO	HLD.31.Healthy	HLD.24.Healthy	CL.169.BL.NASH_FO	CL.169.6mo.2.NASH_FO	HLD.72.2.Healthy	HLD.50.2.Healthy	CL.139.BL.2.NASH_FO	HLD.111.2.Healthy	HLD.94.Healthy	CL.146.6mo.NASH_FO	CL.125.12mo.2.NASH_FO	CL.176.BL.R3.SS	CL.152.BL.NASH_FO	CL.151.12mo.NASH_FO	HLD.45.SS	HLD.99.SS	HLD.22.2.Healthy	CL.165.NASH	HLD.103.2.Healthy	HLD.112.Healthy	HLD.23.Healthy	CL.146.12mo.NASH_FO	HLD.38.SS	HLD.77.Healthy	CL.160.NASH	CL.146.BL.NASH_FO	CL.151.BL.2.NASH_FO	CL.152.12mo.NASH_FO	CL.176.6mo.2.NASH_FO	CL.147.NASH	CL.136.SS	CL.130.SS	HLD.34.Healthy	CL.119.NASH	HLD.104.Healthy	CL.137.NASH	CL.172.NASH	HLD.47.Healthy	CL.175.SS	HLD.28.Healthy	HLD.96.2.Healthy	CL.118.NASH	CL.141.BL.2.NASH_FO	CL.116.NASH	CL.134.SS	HLD.85.Healthy	CL.177.NASH	CL.117.SS	CL.170.SS	HLD.39.2.Healthy	CL.166.BL.2.NASH_FO	HLD.100.Healthy	CL.128.NASH	HLD.25.Healthy	HLD.102.Healthy	HLD.53.Healthy	HLD.74.Healthy	CL.176.9mo.NASH_FO	CL.169.12mo.NASH_FO	CL.127.12mo.2.NASH_FO	CL.127.BL.2.NASH_FO	CL.148.12mo.2.NASH_FO	CL.131.SS	CL.148.6mo.2.NASH_FO	CL.171.BL.NASH_FO	HLD.35.Healthy	CL.161.2.SS	CL.150.SS	CL.144.2.NASH	CL.171.12mo.NASH_FO	CL.171.6mo.NASH_FO	Cl.141.6mo.NASH_FO	CL.173.2.NASH	HLD.43.Healthy	CL.141.12mo.NASH_FO	HLD.80.Healthy	HLD.64.Healthy	HLD.51.Healthy
HLD.87.Healthy	0	0.0784420152778548	0.181988071637434	0.183685349502368	0.173710521138626	0.211763242012587	0.153897399939803	0.19106902947116	0.107963955965611	0.0960739309621215	0.17559545128187	0.197613654898044	0.195036630868127	0.205244847549339	0.155477647351597	0.166235705385923	0.0973837976718338	0.112865110632452	0.157664569871048	0.168107856341756	0.16452161280071	0.16358772323643	0.17481659343856	0.111078378455635	0.077993062246413	0.147167476295448	0.175284715251119	0.167919195180229	0.188384727525865	0.164631581071333	0.161654702993188	0.0973582392970102	0.152511866988837	0.158974772875166	0.159006048254884	0.161611321014869	0.178600578090083	0.15268943043498	0.0877563614290495	0.170225165919252	0.16342966486581	0.164245851388139	0.157025610500457	0.177390927113232	0.0873639058577441	0.0842572181390476	0.191401624638273	0.213894675955118	0.145235801229829	0.161164385749861	0.173341269881305	0.0853172181054182	0.083673747345376	0.13473938024304	0.177792126339082	0.165809284079655	0.174922526176316	0.162903027826681	0.202265615410355	0.105564831676243	0.0651338367660585	0.134786797754226	0.163546359024544	0.182328401575876	0.200583470793672	0.166016105139083	0.0918329222134225	0.0922509361595515	0.137849430905792	0.199695989857361	0.161440483456837	0.173913979253998	0.0638905563486499	0.0863419071592035	0.118532343955192	0.16319560395953	0.156642234878102	0.146903485187072	0.141009253140569	0.0603587925013074	0.0704859622307753	0.136292051513577	0.144667127390002	0.133191417094181	0.162525705503626	0.150010509200174
CL.139.6mo.2.NASH_FO	0.0784420152778548	0	0.181161459988532	0.166043344985934	0.184371726384146	0.197420285614839	0.164256612809118	0.180737392743103	0.12412222956465	0.0945733853244484	0.151103129723885	0.181601333071024	0.174750007146256	0.185909936995243	0.138157140286893	0.167852608887925	0.0861387853382365	0.112340491359756	0.145947400192024	0.157521981043084	0.152554240083939	0.162508890783347	0.171709905719863	0.102139673155467	0.0779708668156451	0.142720319076132	0.168262215473914	0.144025477664166	0.17246320518835	0.167599715494933	0.147216238984256	0.0900034806470977	0.177274569248903	0.173433414548432	0.174244892949083	0.148766219899549	0.190469080251615	0.157615470887834	0.0745964887501114	0.157488351602527	0.167696568283738	0.160702653531007	0.163888706729419	0.187485139990954	0.0895760504576126	0.105787458572733	0.186858287218963	0.210167188763731	0.150842501559565	0.169442608837481	0.175139099773506	0.0713946297146374	0.0787349277051102	0.143491105853709	0.160715096424013	0.15421452556426	0.164557932596512	0.170777697627611	0.172789410761757	0.114369019214181	0.0667662098107167	0.153914550954488	0.152619481198621	0.166203084828582	0.191512938086518	0.150943389881238	0.0933899653112321	0.0934750477958424	0.16012489974223	0.171900584647824	0.174064975442101	0.163696682623836	0.0751638174123154	0.105453518227998	0.130724361334887	0.18363356016391	0.171304670961146	0.16277994407424	0.156352349100497	0.0699095536196208	0.0887467484534661	0.145103637528438	0.135688066761165	0.154363840280335	0.173870260981273	0.165717475706933
CL.139.12mo.NASH_FO	0.181988071637434	0.181161459988532	0	0.149191296028195	0.144353028415196	0.176612069269922	0.190253179243237	0.194987195590508	0.169592259847961	0.180461967624938	0.126295700307878	0.164185654689541	0.185948274557479	0.199864473354554	0.189714771899912	0.175564848490963	0.190700450802651	0.199762576149664	0.153141073821666	0.195859206984162	0.213293381557951	0.188861256698564	0.21414454269846	0.20812319136665	0.189253039681058	0.158334132032547	0.139440103444159	0.208037436293229	0.2051580835927	0.204942855173133	0.192838946927698	0.168642900741025	0.139325427051858	0.149830591693192	0.202413921243213	0.180804651624218	0.205997474429014	0.196781998833058	0.190074943208282	0.152225007860882	0.201754111619476	0.191734892394198	0.192204359384379	0.210815564377679	0.169617818222785	0.195343667660417	0.167374398243198	0.164177919918213	0.197183534353314	0.183545114735244	0.229822924180745	0.171281802941567	0.178673890270498	0.152553231200722	0.166017450316705	0.188057513069241	0.194000844098958	0.211071484420321	0.218210342061855	0.187037195842729	0.184643788558255	0.152205839079764	0.174037063006438	0.199840932746163	0.219152638986274	0.1763332812077	0.193388115692001	0.185511091830232	0.149194322677845	0.169628915938169	0.160549639576471	0.200891180174772	0.185918680649788	0.180588078027028	0.157424455665468	0.152699519267147	0.187881631095126	0.195173502691196	0.192969092862656	0.190831269326419	0.180992640196934	0.130226309320231	0.134496575682215	0.174806168311987	0.181947716308765	0.183093471348557
CL.154.BL.NASH_FO	0.183685349502368	0.166043344985934	0.149191296028195	0	0.204487512547985	0.187159270711952	0.164811498578315	0.147404563851378	0.182570869842295	0.171142913352065	0.11416926033727	0.113142553517051	0.154075972269163	0.167472932504031	0.163170045584707	0.151477089102884	0.199338845198641	0.207345006112151	0.150319227464492	0.180790190964778	0.145386461123526	0.182464600810133	0.18604546364069	0.199889695434972	0.190365165280293	0.162131904754698	0.124338130573029	0.194608191795425	0.174923535059533	0.189805907683823	0.170321009824841	0.17625963273288	0.142637590652361	0.118713606639797	0.199171034290259	0.188681675485987	0.151059411451161	0.182709086842986	0.179338744310319	0.134273276196914	0.186647430626668	0.161510432693197	0.184273528417718	0.167150762463491	0.17872769737539	0.17697694869997	0.132071220429213	0.189079511767782	0.186228744091728	0.168381936282299	0.183110622363242	0.182916580491225	0.18190332544723	0.133273809223547	0.125172140698853	0.194369422767468	0.195616738717743	0.17504527363435	0.17814792582018	0.167689842395627	0.175553414481173	0.144782140076709	0.138490408042817	0.17529379520007	0.192049663957815	0.172658592237989	0.18293373150591	0.185137468745639	0.118319469596464	0.0925633536623302	0.159050775410826	0.205644029008755	0.195925120687655	0.188190013065038	0.139035541274253	0.134948219068902	0.188365558744748	0.205502785358414	0.19092543175998	0.195200069949236	0.170869169705927	0.137035262149897	0.116527356709157	0.174674004610596	0.156561187926358	0.175705419552493
CL.142.2.SS	0.173710521138626	0.184371726384146	0.144353028415196	0.204487512547985	0	0.109460802364822	0.184135984005838	0.201094301995739	0.201373426352366	0.202299581145318	0.19205538096271	0.217297975339531	0.162485686469363	0.17541385230286	0.215850227923533	0.205739872914344	0.19740952419386	0.207776471834503	0.201500881932079	0.161031213165253	0.178119004501301	0.212319136665002	0.207767055591147	0.2048624808102	0.155887926526398	0.214593495729902	0.201304822293629	0.154286156272647	0.13756156289462	0.204973794258446	0.215008146731975	0.168679893125638	0.186243877339979	0.203277188982323	0.148173669156927	0.158597786846517	0.242773958033821	0.210393851193088	0.173996707677769	0.202001960596384	0.115617007753268	0.140897939692324	0.205800069612942	0.207086059419859	0.161560876854033	0.201663312129971	0.218889993055521	0.137323466455474	0.151629094174204	0.20508746176753	0.25384712392617	0.171819873990486	0.152761061143367	0.163502304457414	0.212565304169882	0.155554658770474	0.131252343551639	0.207965469290436	0.232374389835838	0.195829949370877	0.180055387688598	0.184860698449851	0.209183191333021	0.172161885400955	0.158310927718562	0.203168902183728	0.170249042822048	0.175824467772066	0.181089156691334	0.23303991646447	0.145000731440332	0.156194290729877	0.174565381517596	0.189143407704841	0.179922551398396	0.175166675914763	0.120486887040391	0.135907667008005	0.190814790900546	0.185957018212024	0.170825115138797	0.182480406647195	0.180408160520046	0.100534203663255	0.132698745790014	0.206025386864677
CL.148.BL.NASH_FO	0.211763242012587	0.197420285614839	0.176612069269922	0.187159270711952	0.109460802364822	0	0.207900900764565	0.183160730229672	0.237935690420822	0.226365145102629	0.209337886759585	0.196439314833778	0.1616674821806	0.142977920590802	0.230245309954146	0.224835678146076	0.232264757859621	0.233552429138565	0.194642157530388	0.130375624036306	0.159554544430376	0.239180652310259	0.225453114674711	0.232665620791065	0.190677246488666	0.211208019948984	0.18423687232751	0.165550337387362	0.124294412300304	0.237900715802642	0.231614028184834	0.195212512842243	0.225910811360698	0.22339465661819	0.17411979143021	0.151691308639235	0.221724282305702	0.224107600758008	0.203889581094874	0.184004492893258	0.141748764538428	0.138509240529529	0.229591889924115	0.202082334959317	0.198125831277734	0.20868547561277	0.205952410978667	0.131360630350234	0.146735674278691	0.206245995994734	0.228577625996903	0.184090920555491	0.194518401189137	0.188886142484577	0.199337163726613	0.148697952135217	0.155691866887948	0.197891770371454	0.203439955474621	0.208096287814204	0.220798463807155	0.225117492857948	0.197871929001525	0.159166460686343	0.144268282224991	0.245265226990316	0.197817449307822	0.194895387217786	0.215319555351537	0.204046966876683	0.206534200300311	0.164063243525912	0.215028660690715	0.217457042593368	0.197800298293138	0.188457367117469	0.143182387589391	0.154279766678941	0.238194300818709	0.217841427098939	0.199498585041289	0.233067492605727	0.19451133900662	0.131403676034147	0.166002989657266	0.227898983886454
CL.154.12mo.NASH_FO	0.153897399939803	0.164256612809118	0.190253179243237	0.164811498578315	0.184135984005838	0.207900900764565	0	0.11106358150179	0.184346168009322	0.181410990437469	0.173112589685514	0.191274841647372	0.179284264616616	0.181343395261948	0.112558073840163	0.0905785440806299	0.17857501971526	0.17125422680031	0.184454791102323	0.178845400417341	0.149091416589739	0.118948340134888	0.102616538622572	0.159491657376534	0.164242152149678	0.152391137297235	0.169569391828382	0.131917870180271	0.173134785116282	0.12287827655843	0.0987397367151099	0.157191403642405	0.168490895669705	0.163233268932955	0.180717551373174	0.131527432375399	0.106259952212565	0.0895330047736991	0.173047012276427	0.191988458376001	0.163910229571376	0.17507419495323	0.0823948197209765	0.106965161581055	0.151283047230868	0.173799302861697	0.184965958598796	0.205529352616455	0.189483065054471	0.128675992110533	0.13545064291083	0.156862844008159	0.16349961410217	0.154476835200608	0.203218337461347	0.161452590055438	0.176956771035635	0.111153035813673	0.1459097352186	0.173763655654706	0.172572164575756	0.174226396756777	0.201984473287295	0.208600729422566	0.202928451683742	0.119899044419447	0.172231162048504	0.155058288227846	0.153369081428646	0.193358521784311	0.145920160345173	0.202323794342519	0.16497830060348	0.154973205743236	0.16679294521596	0.186914784679099	0.165355286632129	0.186698883670721	0.107620263083113	0.151057057390322	0.150810889885441	0.174828363742755	0.151882996450413	0.1546271587999	0.154054785721612	0.0927109869063773
CL.166.12mo.NASH_FO	0.19106902947116	0.180737392743103	0.194987195590508	0.147404563851378	0.201094301995739	0.183160730229672	0.11106358150179	0	0.207504409660393	0.180204029815862	0.173139829532366	0.174439607409911	0.141074830549656	0.16432252651261	0.138334031144225	0.139647597092399	0.194698654990525	0.188464093005581	0.193844467200366	0.176369937297908	0.161264265188316	0.14305560459849	0.141833510728632	0.17310451861978	0.176289899229381	0.154964798383097	0.171138205230387	0.148931340452686	0.156779779289982	0.138302419470101	0.130756645597822	0.168704442617245	0.191128553580947	0.183342665503088	0.204010310786475	0.161673199185495	0.126043143209291	0.125287489679965	0.18333190408211	0.179335381366263	0.184665983989023	0.177824074307612	0.145252615950107	0.098998010818591	0.186130882419706	0.165995591180343	0.16001930329888	0.208670006070114	0.172815978019798	0.125914678746362	0.132408860012409	0.181330616074536	0.184005838070881	0.169902995878712	0.181609067842352	0.177305844628622	0.206291395739486	0.105809654003501	0.121213282956431	0.170998979346479	0.199139086321729	0.19021416909219	0.193944010344416	0.181406954904602	0.189057316337014	0.153614912639121	0.198870723386081	0.174581187354658	0.191188413985139	0.182914226430386	0.184500190847075	0.214157658180277	0.189230171661479	0.176825952511867	0.169918801715774	0.176713966474811	0.175096054089592	0.195066897364629	0.140210217632925	0.193380717215079	0.182463928221322	0.201357620515304	0.142632546236277	0.18701197376231	0.179910781094201	0.119183073629979
HLD.31.Healthy	0.107963955965611	0.12412222956465	0.169592259847961	0.182570869842295	0.201373426352366	0.237935690420822	0.184346168009322	0.207504409660393	0	0.0971675603690495	0.140325566614037	0.19671574883516	0.164732469393005	0.190406865786584	0.167798129194222	0.173883712757496	0.119263111698505	0.109923879761298	0.142441194719505	0.171541422222671	0.182222132543714	0.144862178145235	0.16375183490635	0.118650383291549	0.0879682269045613	0.139345268421787	0.178001974048161	0.170399030126934	0.196071745048485	0.157045451870385	0.16627471553697	0.0786239505512706	0.13111547172857	0.148926296036602	0.15476470321178	0.149585433071528	0.187693978816815	0.174840470341356	0.0939105490510613	0.137676575581327	0.165524779012539	0.163625051915449	0.178971510819432	0.19605997474429	0.0950361264265188	0.115669805974943	0.172526092242193	0.189771605654454	0.185987284708525	0.150789030749079	0.195441193038033	0.0982457202333211	0.0885937344989297	0.138906740516918	0.202636884434109	0.183583788591885	0.180167373725654	0.16886821799276	0.217618800202449	0.0909010504155758	0.101905612249187	0.113353410109346	0.138146042571509	0.176377335774831	0.204643216857766	0.162272475816229	0.101412604650615	0.118248511476887	0.134907527445827	0.180423630062702	0.149146905166659	0.214559193700533	0.1004524841227	0.0854836838361775	0.151525515497287	0.152042063704249	0.181483630029073	0.181167849582238	0.166817831001972	0.103771037316909	0.0892256316870041	0.124731595027551	0.13371805413331	0.156945908726335	0.150592634816224	0.173239708970821
HLD.24.Healthy	0.0960739309621215	0.0945733853244484	0.180461967624938	0.171142913352065	0.202299581145318	0.226365145102629	0.181410990437469	0.180204029815862	0.0971675603690495	0	0.134361049036769	0.167363300527814	0.155827393533395	0.169246549199031	0.145741924310218	0.153054309865028	0.0727704101278423	0.10071546634786	0.151402768039252	0.184462525873651	0.166351726955846	0.150121150059608	0.164411644530087	0.10432491420289	0.0836152321188061	0.134814037601078	0.170436022511548	0.174505857407809	0.181353484094115	0.135696137826899	0.15364686060765	0.0714649152454024	0.155272171469791	0.151783453306363	0.169890552985706	0.152949049716083	0.191377747735478	0.173606269872898	0.0745527704773867	0.145603707309527	0.163539296842027	0.182039188387082	0.164705229546154	0.184638744142172	0.100605834371642	0.0942431442181744	0.189756472406203	0.19563523491005	0.164294950371353	0.171669550391194	0.173739442457505	0.0903407839358888	0.101037972682805	0.153925648669872	0.153558078884579	0.172174664588367	0.173907589660292	0.161906923797369	0.178793611078883	0.0870081063766464	0.0798426814770723	0.133016544003282	0.157000724714444	0.183012424396814	0.196673039445652	0.165176714302769	0.0839259681495569	0.0804779416092024	0.130810116408308	0.171650381610077	0.146307235205989	0.178478166926454	0.0779025990513135	0.0830307524419178	0.104581506834343	0.152778548452457	0.17590854137346	0.156602215843838	0.145539811372468	0.0769771168471727	0.0926652508672192	0.136442038818463	0.126683447757505	0.160119855326147	0.143527089355105	0.159729417521275
CL.169.BL.NASH_FO	0.17559545128187	0.151103129723885	0.126295700307878	0.11416926033727	0.19205538096271	0.209337886759585	0.173112589685514	0.173139829532366	0.140325566614037	0.134361049036769	0	0.109411703381608	0.137726683447758	0.172099670935924	0.14773345978003	0.137456975334487	0.163569227044124	0.173689334591074	0.119937045687276	0.175507005853204	0.162061282929528	0.174001415799447	0.169727113904597	0.151200318807096	0.148982793496739	0.126912464247701	0.108952661517999	0.17626871268183	0.173486212770107	0.173147228009288	0.139780097088195	0.128181639334339	0.131674393030635	0.106188657798583	0.180497278537523	0.133064634103279	0.182021364783586	0.158362044468209	0.137656397916992	0.118565637101344	0.164381378033586	0.166148605134879	0.171217234415697	0.179206244314523	0.141579944746829	0.175130019824555	0.130198060590163	0.193765438015056	0.195283134667413	0.180879981571067	0.198796066028044	0.14813163235623	0.158517412483585	0.123903301906621	0.128603688813335	0.152886835251052	0.171310724260447	0.182272912998956	0.206437683805911	0.135928180966746	0.150671664001534	0.11595498363087	0.118482908677573	0.183989023350602	0.174819283793804	0.170359683681482	0.139315674514097	0.154040325062172	0.107360980096416	0.123793669930404	0.145454392593452	0.178113623790811	0.165114499837738	0.142410255634192	0.112314260396121	0.120963079918684	0.17775883319293	0.184831440836566	0.182012957423447	0.173069880296006	0.164228027784644	0.0947650731356258	0.0825454796146739	0.170424588501758	0.147983662817777	0.184962931949146
CL.169.6mo.2.NASH_FO	0.197613654898044	0.181601333071024	0.164185654689541	0.113142553517051	0.217297975339531	0.196439314833778	0.191274841647372	0.174439607409911	0.19671574883516	0.167363300527814	0.109411703381608	0	0.157459430283648	0.133775896771069	0.196689517871525	0.150101308689679	0.203308128067636	0.213350887901304	0.130027559326537	0.167846555588625	0.166447570861435	0.201578565939766	0.20588380691993	0.194238267949294	0.192255476134027	0.159241454338786	0.0879285441647036	0.200716979672685	0.155267463348113	0.192362081460594	0.175995305330098	0.171121390510108	0.153011264181115	0.137382317976449	0.19209640888019	0.191886897465517	0.169344747165459	0.18291927084647	0.175145489367212	0.121609437766198	0.18223154878707	0.154610007785215	0.177253382701352	0.18555380121974	0.194815012854854	0.184353566486245	0.145693497915815	0.204054365353605	0.170314956525541	0.187727271962967	0.18744512095669	0.192766307336094	0.199813356604906	0.143848586806834	0.127129037844891	0.164593579803503	0.197044308469406	0.197076929026747	0.195249505226856	0.159941282996787	0.18677185955673	0.152710280688126	0.102283943455459	0.170873205238794	0.176216587048966	0.206065742193346	0.167151771346708	0.178712564127139	0.141323688409781	0.113932509075745	0.176676301501386	0.18839044453076	0.20782758858415	0.176460400493008	0.140572743002134	0.132916664564827	0.186028648920411	0.187127322743423	0.198152062241369	0.194108794603147	0.196491104172237	0.121165192856434	0.132451233107512	0.170030115164019	0.170630064383564	0.190172468585899
HLD.72.2.Healthy	0.195036630868127	0.174750007146256	0.185948274557479	0.154075972269163	0.162485686469363	0.1616674821806	0.179284264616616	0.141074830549656	0.164732469393005	0.155827393533395	0.137726683447758	0.157459430283648	0	0.111020535817876	0.160259753798866	0.165624322156589	0.182033807676592	0.195393775526847	0.163925699114032	0.12516709628277	0.13567629645697	0.187884994039182	0.167342113980263	0.187271256749008	0.156959696796964	0.167811244676039	0.161186581180629	0.163916619165082	0.136232863698196	0.178217875056539	0.185420628635132	0.147879075257644	0.164598960513992	0.165292399578287	0.147528992781441	0.133440611248712	0.188608699599978	0.173145546537261	0.16400035647207	0.137579722792521	0.13830780018059	0.117373809727988	0.192348629684371	0.162215305767281	0.161282761380623	0.153319982445432	0.129470992085311	0.135648384021308	0.146766613364003	0.148321974989785	0.186725787223167	0.159277774134588	0.157829354129779	0.151438415246243	0.155594005215926	0.162358903478461	0.154693072503392	0.161742812127449	0.18744512095669	0.130864259807606	0.177417158076867	0.141593396523052	0.154512818702004	0.149482526983422	0.144875629921458	0.191955165229849	0.155407361820832	0.154730401182411	0.128309431208457	0.17134771664506	0.111650078945112	0.176430806585317	0.176366910648258	0.163808668660892	0.143330020833438	0.135610719047883	0.145819608317906	0.145572431929809	0.184088566494652	0.189064714813937	0.17042593367938	0.164247532860167	0.136303485523367	0.150724462223209	0.119346849005493	0.174536460198716
HLD.50.2.Healthy	0.205244847549339	0.185909936995243	0.199864473354554	0.167472932504031	0.17541385230286	0.142977920590802	0.181343395261948	0.16432252651261	0.190406865786584	0.169246549199031	0.172099670935924	0.133775896771069	0.111020535817876	0	0.199897093911894	0.170014645621363	0.206005209200342	0.213199555418796	0.16836512156202	0.148102711037351	0.138426175811352	0.185224568996682	0.193327918993404	0.198856262726641	0.175265882764407	0.178057126330675	0.15546453186978	0.154614379612488	0.122654304484318	0.175108160688193	0.179218350913123	0.166516847508983	0.187660349376258	0.177428928381062	0.150879493944178	0.14187319346849	0.183822221325437	0.182182786098262	0.177667024820209	0.138282241805766	0.124386893261837	0.116092191748344	0.185880006793147	0.165563116574774	0.198165177723186	0.167360610172569	0.170760882907332	0.153841575068478	0.137842368723275	0.177166282450308	0.185819473800144	0.174130889145594	0.177973725318092	0.159063218303832	0.145209570266194	0.146094697141666	0.13579635355976	0.166865584807564	0.190249480004775	0.166353072133469	0.201621275329274	0.173854455144211	0.153302495136342	0.138256683430943	0.143028364751638	0.19678267142187	0.180483154172489	0.166022831027194	0.166954702825041	0.165210680037732	0.149338256683431	0.156342260268329	0.194358997640895	0.187079232643425	0.160726866728209	0.141859405397861	0.138475947383377	0.145642717460574	0.183013433280031	0.189484073937688	0.181278490441672	0.176416345925877	0.156040267892123	0.13850991311834	0.127756563205693	0.174637684814794
CL.139.BL.2.NASH_FO	0.155477647351597	0.138157140286893	0.189714771899912	0.163170045584707	0.215850227923533	0.230245309954146	0.112558073840163	0.138334031144225	0.167798129194222	0.145741924310218	0.14773345978003	0.196689517871525	0.160259753798866	0.199897093911894	0	0.105221811382557	0.156831904922846	0.163014677569331	0.192367462171083	0.192999695653563	0.168140813193502	0.134576950045148	0.110311963505331	0.169762424817182	0.178013071763545	0.15718568663751	0.179679410543166	0.160629677644998	0.194224143584259	0.136534856074402	0.128331290344819	0.159695115491906	0.179677729071138	0.170303858810157	0.206421541674443	0.14864986203522	0.136806581954106	0.116413352905668	0.168784480685772	0.175961675889541	0.182307887617136	0.182888668055563	0.122024088768271	0.129305535237769	0.153665693094363	0.159538738593314	0.185901865929509	0.213096985625096	0.168756231955703	0.138590960070084	0.129372121530072	0.168362431206776	0.167955178681625	0.176958452507663	0.185373547418352	0.194479727332496	0.193124797172437	0.142514170605515	0.140992774714696	0.173179512272224	0.1486908899527	0.15768037570811	0.200211865475512	0.19056223380196	0.210030653235068	0.109596665304674	0.178732069202663	0.166789245977499	0.154183922773353	0.205162119125567	0.160845242358971	0.203887227034035	0.155020286960016	0.167570457881648	0.137695071773634	0.185856466184757	0.191971307361316	0.180814067867574	0.113126411385583	0.156999043242416	0.157499449317911	0.167883547973238	0.14593024917734	0.179976022208883	0.167187418553699	0.120947274081622
HLD.111.2.Healthy	0.166235705385923	0.167852608887925	0.175564848490963	0.151477089102884	0.205739872914344	0.224835678146076	0.0905785440806299	0.139647597092399	0.173883712757496	0.153054309865028	0.137456975334487	0.150101308689679	0.165624322156589	0.170014645621363	0.105221811382557	0	0.167720445186534	0.149007342988346	0.15794705717173	0.17570340178606	0.151361067532961	0.109839133571093	0.123189348883587	0.125832286616996	0.16084456977016	0.138296029876395	0.144272317757858	0.139047647872854	0.192628762924214	0.117078206945488	0.0982336136347204	0.141264836888806	0.127025459167974	0.142721664253754	0.169782266187111	0.154567298395708	0.118884107903423	0.0929958282678988	0.150808199530197	0.171145267412904	0.161584081168018	0.168734709113747	0.0796920215833749	0.137474126349171	0.145646416699035	0.163104131881214	0.166011397017405	0.193711630910164	0.182329746753498	0.107125910306919	0.126568098776393	0.165417837391566	0.155392564866987	0.14148410084124	0.183579753059018	0.164864296799991	0.183685685796774	0.132877318119374	0.154243446883139	0.151924360662298	0.165120889431444	0.129837216692982	0.169775876593405	0.188896903905555	0.184603433229587	0.114568441796686	0.153255077625156	0.146294792312982	0.13925312375466	0.176216587048966	0.137705496900206	0.199164980990959	0.164586517620986	0.155442336439012	0.148712076500251	0.153694614413242	0.164766435127968	0.18449447384218	0.103012020843527	0.156421289453639	0.158464614261909	0.135424411947195	0.15278594692938	0.149766695756133	0.13917409456935	0.082701856513266
HLD.94.Healthy	0.0973837976718338	0.0861387853382365	0.190700450802651	0.199338845198641	0.19740952419386	0.232264757859621	0.17857501971526	0.194698654990525	0.119263111698505	0.0727704101278423	0.163569227044124	0.203308128067636	0.182033807676592	0.206005209200342	0.156831904922846	0.167720445186534	0	0.0970542291543709	0.150248941933726	0.156218167632672	0.159191682766761	0.134283365029081	0.150346803605749	0.10152929880935	0.0887131190129087	0.160363332475783	0.187106472490277	0.161981244861001	0.195272373246435	0.153264493868512	0.155194823756509	0.0957907710726278	0.140641010766465	0.187315311316139	0.146350953478713	0.171130806753464	0.177111802756605	0.190542392432031	0.0865742865934554	0.175162976676302	0.18172777976752	0.182914562724792	0.166912329729939	0.189398318864267	0.0939145845839282	0.11099363226543	0.204724600103915	0.223521775903497	0.173248116330961	0.175141117539939	0.172260755956194	0.0861522371144595	0.108702458480252	0.176183293902814	0.184373071561768	0.178407881395689	0.176057519795129	0.145017882455016	0.17357264043234	0.104821957334329	0.092772865077003	0.143810585539004	0.179121161829912	0.178708864888678	0.203926573479487	0.160776302005828	0.0907477001666339	0.0964610058229376	0.164286543011214	0.203342430097004	0.164058535404234	0.179964251904687	0.0803935317134032	0.0960046543145732	0.140102603423141	0.182764911714311	0.184125895173671	0.166525927457934	0.156629119396284	0.0830596737607972	0.0881034172556022	0.158461587612259	0.159563960673732	0.155627298362078	0.18525819843724	0.170857063107327
CL.146.6mo.NASH_FO	0.112865110632452	0.112340491359756	0.199762576149664	0.207345006112151	0.207776471834503	0.233552429138565	0.17125422680031	0.188464093005581	0.109923879761298	0.10071546634786	0.173689334591074	0.213350887901304	0.195393775526847	0.213199555418796	0.163014677569331	0.149007342988346	0.0970542291543709	0	0.177620952486645	0.194186814905241	0.137328847165963	0.142613041160754	0.131246290252338	0.0642466921241532	0.0919782013966307	0.12269062428012	0.184419816484143	0.126770211714143	0.202465374287266	0.106094831659428	0.133472559217241	0.0822505494209851	0.151150547235071	0.170194899422751	0.168419601255723	0.156610623203978	0.177697963905521	0.152445953285344	0.0712678467237358	0.174048160721822	0.18466396622259	0.185739099437211	0.150358237615538	0.174992475412675	0.0861196165571188	0.12135318142915	0.201717119234863	0.223293432002112	0.190390051066305	0.133050846032651	0.192351320039615	0.093604184847583	0.0882466786723769	0.170539264894059	0.215016554092114	0.176582811656637	0.194389936726208	0.155513294558588	0.196318585142177	0.100326710015016	0.111566005343718	0.150978700793823	0.187467652681864	0.171922780078592	0.203409688978119	0.146917273257701	0.0879271989870813	0.0936640452517752	0.151678529451823	0.205082753645852	0.154635229865634	0.217848825575862	0.0994288039521319	0.0858576432151763	0.165466263785969	0.186915120973505	0.19971885787694	0.198139283053957	0.164909696544743	0.121135262654338	0.0863012155361289	0.15456561692368	0.160799170025407	0.16128074361419	0.173434423431649	0.137472108582738
CL.125.12mo.2.NASH_FO	0.157664569871048	0.145947400192024	0.153141073821666	0.150319227464492	0.201500881932079	0.194642157530388	0.184454791102323	0.193844467200366	0.142441194719505	0.151402768039252	0.119937045687276	0.130027559326537	0.163925699114032	0.16836512156202	0.192367462171083	0.15794705717173	0.150248941933726	0.177620952486645	0	0.136771607335926	0.173714220377087	0.144336549989323	0.164836384364328	0.162472570987545	0.139225211318997	0.129149158339176	0.146245357035363	0.171135851169548	0.18411681522472	0.179042132644602	0.172014252156908	0.141300820390202	0.107043854471959	0.13950769861968	0.146046270747263	0.157872736108098	0.169165838541693	0.175444791388173	0.157541822413013	0.135419031236706	0.179596345824989	0.16334760903085	0.179698915618689	0.185952646384751	0.156610623203978	0.16907033093051	0.162584893319007	0.206597423648559	0.168972469258488	0.191565736308194	0.171325184919886	0.148569151377882	0.154896530618765	0.136421861154129	0.145471879902542	0.156944899843119	0.19196491776761	0.177592031167766	0.201067398443293	0.150690496488246	0.162659550677045	0.120698416221497	0.108737433098432	0.185877316437902	0.198835748767901	0.18691243061826	0.160764867996038	0.148364011790482	0.13425074447174	0.153935401207633	0.157742926467547	0.178699112350916	0.180800952385757	0.144844690836146	0.136491474096083	0.134465636596902	0.178929474018735	0.185572297412046	0.182206326706652	0.166520546747445	0.160663643379961	0.125583428756871	0.108576348078162	0.141174037399301	0.155366333903352	0.188320831588806
CL.176.BL.R3.SS	0.168107856341756	0.157521981043084	0.195859206984162	0.180790190964778	0.161031213165253	0.130375624036306	0.178845400417341	0.176369937297908	0.171541422222671	0.184462525873651	0.175507005853204	0.167846555588625	0.12516709628277	0.148102711037351	0.192999695653563	0.17570340178606	0.156218167632672	0.194186814905241	0.136771607335926	0	0.135667889096831	0.171934214088382	0.17857804636491	0.184312202274359	0.153938764151689	0.190031224935558	0.155843871959268	0.150015889910663	0.118230687873392	0.216513400491326	0.206133337368866	0.160484398461789	0.176124778676244	0.197735057178456	0.135153022361896	0.135741873866057	0.181475558963339	0.18608111084768	0.157301035618622	0.169472202745171	0.138317552718352	0.107935034646731	0.175357354842724	0.181243179529087	0.13852740042743	0.161539354012076	0.162866035442067	0.166194341174037	0.125285808207938	0.176706904292294	0.171302989489118	0.14751385953319	0.155589969683059	0.170898763613618	0.176612741858733	0.11187741396328	0.136338460141546	0.154893503969115	0.188887487662199	0.134203999549365	0.180253128799076	0.165018655932149	0.141994932043308	0.140143967635026	0.131231829592899	0.203744638206071	0.155639741255084	0.140946029792321	0.164947697812573	0.191661580213782	0.162199499930219	0.16011279314363	0.167231473120829	0.162917824780526	0.157968580013687	0.160483389578573	0.131078143049551	0.140763085635689	0.204767645787828	0.167095610180977	0.15774797088363	0.175416206363699	0.171499721716379	0.126416766293884	0.156827869389979	0.197137798314156
CL.152.BL.NASH_FO	0.16452161280071	0.152554240083939	0.213293381557951	0.145386461123526	0.178119004501301	0.159554544430376	0.149091416589739	0.161264265188316	0.182222132543714	0.166351726955846	0.162061282929528	0.166447570861435	0.13567629645697	0.138426175811352	0.168140813193502	0.151361067532961	0.159191682766761	0.137328847165963	0.173714220377087	0.135667889096831	0	0.188064911546164	0.129125954025192	0.139890401653223	0.142013091941209	0.149500350586918	0.158008262753545	0.115562528059564	0.130560585959372	0.148567133611449	0.157821955652857	0.132829564313783	0.168899829666884	0.163395362836442	0.151574278186095	0.136791785000261	0.143947793656479	0.146337165408085	0.126608117810656	0.165592037893654	0.147240115887052	0.129630731927959	0.17407338280224	0.145762774563364	0.12774916472877	0.15167045838609	0.143832444675367	0.163672133132229	0.139059081882643	0.157419074954979	0.169170882957777	0.144508060136166	0.138210947391785	0.156978865578082	0.160595039321223	0.143039126172617	0.16070702535828	0.132051715353689	0.168053376648053	0.135347400528319	0.174326276195232	0.16140080071698	0.172392583363179	0.143462520829235	0.153738668980372	0.181097227757068	0.132450224224295	0.142134494221621	0.135408269815727	0.171840387949226	0.1337355414424	0.164388440216103	0.163746117901456	0.147585490241577	0.165921270116711	0.155700610542493	0.160407050748507	0.165515026474777	0.188287202148249	0.159331917533886	0.139121296347675	0.164690432592309	0.147012780868884	0.140307743010541	0.147600623489828	0.157860629509498
CL.151.12mo.NASH_FO	0.16358772323643	0.162508890783347	0.188861256698564	0.182464600810133	0.212319136665002	0.239180652310259	0.118948340134888	0.14305560459849	0.144862178145235	0.150121150059608	0.174001415799447	0.201578565939766	0.187884994039182	0.185224568996682	0.134576950045148	0.109839133571093	0.134283365029081	0.142613041160754	0.144336549989323	0.171934214088382	0.188064911546164	0	0.106943638739098	0.137148593364575	0.147266346850687	0.149250483843576	0.182759867298228	0.159531340116392	0.205612417334631	0.117853701844743	0.121431874320055	0.142312730256576	0.127745801784714	0.189897043467733	0.13691419616389	0.179296371215217	0.119510288086603	0.151521816258826	0.143704316506843	0.186510558803599	0.173077278772929	0.181268401609505	0.110197959701841	0.134992946224843	0.146101086735372	0.171581441256934	0.199264187840603	0.197680577484753	0.196464200619791	0.130219919726525	0.146436372257729	0.149899195751929	0.141388593230057	0.1546271587999	0.21075166844062	0.181699194743046	0.190192982544639	0.117035161261575	0.143822355843199	0.139392685932973	0.156521168892095	0.134005922144482	0.176349087044762	0.179475952427793	0.195202760304481	0.105700358321689	0.162199836224624	0.13107747046074	0.168847031445208	0.203226408527081	0.148299443264612	0.225377112139051	0.148034106978613	0.145428834218628	0.154445896115295	0.181702557687102	0.183868629953406	0.197640222156084	0.108285789711745	0.156343941740357	0.133130884101178	0.154897875796387	0.165603471903443	0.163989258756686	0.173560870128145	0.112214380957666
HLD.45.SS	0.17481659343856	0.171709905719863	0.21414454269846	0.18604546364069	0.207767055591147	0.225453114674711	0.102616538622572	0.141833510728632	0.16375183490635	0.164411644530087	0.169727113904597	0.20588380691993	0.167342113980263	0.193327918993404	0.110311963505331	0.123189348883587	0.150346803605749	0.131246290252338	0.164836384364328	0.17857804636491	0.129125954025192	0.106943638739098	0	0.140752996803522	0.168084988322177	0.143294709920853	0.195072950663929	0.13814974180997	0.191075082770461	0.0962286263886857	0.120068536799856	0.149524900078525	0.144354709887224	0.180058414338248	0.159856873100988	0.140636638939193	0.113426722289761	0.115968771701498	0.159586828693311	0.198147690414096	0.184124549996049	0.202749543059976	0.118392109188068	0.129605509847541	0.152711289571342	0.164466796812602	0.179432234155069	0.219813457493228	0.20506392115914	0.133677698804642	0.129598111370618	0.17138571791289	0.173068198823978	0.168464328411665	0.205826300576577	0.177683166951676	0.195213185431054	0.110538625934688	0.143562736562096	0.149726340427464	0.194320660078659	0.155010198127849	0.183865939598162	0.195414962074398	0.212180919664311	0.119329025401998	0.165116853898577	0.155423840246706	0.14577521745637	0.215606078185086	0.143600737829926	0.224514853283158	0.173398776224658	0.140736182083243	0.165577240939808	0.189503242718806	0.197514784342805	0.207148610179295	0.120642591350172	0.180021758248041	0.159422380728985	0.173007329536569	0.151293472357441	0.168004613959244	0.168980540324221	0.118333593961498
HLD.99.SS	0.111078378455635	0.102139673155467	0.20812319136665	0.199889695434972	0.2048624808102	0.232665620791065	0.159491657376534	0.17310451861978	0.118650383291549	0.10432491420289	0.151200318807096	0.194238267949294	0.187271256749008	0.198856262726641	0.169762424817182	0.125832286616996	0.10152929880935	0.0642466921241532	0.162472570987545	0.184312202274359	0.139890401653223	0.137148593364575	0.140752996803522	0	0.0738704291284762	0.1063826996706	0.180616663051502	0.118064558437038	0.202449568450204	0.115550421460964	0.1269003576491	0.0832025988831663	0.143757787317329	0.150109043461008	0.15851472212834	0.155515312325022	0.162899328588219	0.133724107432611	0.0681783100197237	0.168928078396952	0.178960076809642	0.174439271115505	0.142356784823706	0.174666606133674	0.0980059423221465	0.11790179194474	0.185432735233733	0.217261991838135	0.18486910580999	0.139023098381247	0.161637215684099	0.0865537726347153	0.0889834997149905	0.152968891086012	0.186874429350431	0.167068706628531	0.188589194524454	0.152144633497949	0.200147969538453	0.0946066784706003	0.114050884706507	0.124355954176524	0.165348560744018	0.177045552758707	0.200570355311854	0.146141442064041	0.0806447436343673	0.0810728464126635	0.147805426782823	0.194933724780021	0.151395705856735	0.201864416184505	0.104507185770711	0.0745611778375261	0.133935636613717	0.164563313307001	0.176793331954526	0.180949594513021	0.152882127129374	0.0980678204927722	0.0888439375366771	0.138330331905764	0.147753301149959	0.162129214399454	0.169472539039577	0.126833435062391
