bm_700109181	bm_700038583	bm_700099010	bm_700038015	bm_700033734	bm_700024454	bm_700110295	bm_700033003	bm_700110762	bm_700016040	bm_700015137	bm_700108103	bm_700016632	bm_700033460	bm_700023288	bm_700014607	bm_700014517	bm_700024550	bm_700108604	bm_700108226	td_700038581	td_700103608	td_700110095	td_700103490	td_700038437	td_700014409	td_700033454	td_700023286	td_700103566	td_700038686	td_700102525	td_700034087	td_700024452	td_700033732	td_700101082	td_700033136	td_700016125	td_700021312	td_700016301	td_700095473	akg_700015140	akg_700105102	akg_700014606	akg_700038016	akg_700033735	akg_700015272	akg_700024551	akg_700014518	akg_700038689	akg_700023061	akg_700016041	akg_700099011	akg_700106863	akg_700021315	akg_700016128	akg_700014418	akg_700016635	akg_700038584	akg_700105978	akg_700016304	hp_700016347	hp_700014734	hp_700038014	hp_700108102	hp_700016629	hp_700101645	hp_700021313	hp_700023059	hp_700038582	hp_700024501	hp_700016126	hp_700038438	hp_700014974	hp_700110761	hp_700110594	hp_700033137	hp_700014412	hp_700038114	hp_700038217	hp_700023497	s_700016036	s_700014965	s_700033448	s_700110357	s_700015191	s_700014501	s_700033134	s_700103488	s_700014403	s_700015125	s_700024087	s_700014559	s_700102523	s_700014611	s_700108222	s_700109321	s_700038579	s_700108477	s_700033730	s_700015991
bm_700109181	0	0.316733538195206	0.412184204901611	0.172660297210659	0.274766943660528	0.178744253123856	0.792407928122439	0.245675328134821	0.35943589706712	0.06576978569929	0.0949252281546236	0.343161254969615	0.258578090460766	0.352913390954575	0.236397134381599	0.117319442749035	0.216361945328866	0.144082345120778	0.0526364439246819	0.486473928079962	0.380082645672638	0.35932203455774	0.0773402865588176	0.294992996527207	0.235438291460297	0.313516353361684	0.232233664632326	0.20267450854178	0.315976038548022	0.239185193428258	0.344491599083337	0.136241672304364	0.177342954923684	0.237988391715378	0.085278937683006	0.274093909477973	0.243706400108597	0.240995590278942	0.226457632556012	0.0913424605388451	0.0465552938285021	0.237112842655719	0.0529105799540592	0.171536913152904	0.179225347956877	0.163370871484348	0.169696758087253	0.165781530899305	0.158871095549633	0.0544374152475945	0.0979346627918986	0.227008540436251	0.155888227425722	0.134023836626994	0.305269635068409	0.188922488433155	0.342806416800796	0.187907698821093	0.191518125717791	0.143595702795024	0.241521159057397	0.0769026085622197	0.111264104980128	0.321693303078249	0.196376720104031	0.31626464705365	0.243862556820535	0.157040419296519	0.410583640836165	0.0822793202025701	0.397829447959288	0.269009528106053	0.188129749832909	0.320988966259125	0.268180331269969	0.225305116113767	0.175368872619523	0.152523855049165	0.0877604592679877	0.134876949632658	0.244900391738117	0.265470298838804	0.256303067307209	0.227378385060976	0.218002990842031	0.142959154526339	0.167075031895552	0.0924934477418187	0.183051657030287	0.255796592150168	0.129168621710223	0.126609066279972	0.282857842434952	0.281830654355657	0.135353956883953	0.258913203163299	0.392189060015174	0.269385001340077	0.380225499290388	0.139709586904027
bm_700038583	0.316733538195206	0	0.270728843914892	0.227155255837686	0.147613162926169	0.219522742063553	0.68326990955212	0.203685379940089	0.174141592734297	0.309859188996047	0.282452756999117	0.171485751779841	0.185365273513866	0.188191875819587	0.186981764103932	0.264921798993366	0.206199565107745	0.250825529958285	0.304091431464135	0.352412983250469	0.234821988566774	0.199624522737693	0.321666340201813	0.158846539925856	0.263310316603506	0.158042784449329	0.254777595413656	0.236366060446007	0.178795101328506	0.227094447880744	0.188036909490201	0.282824606780404	0.26714626754204	0.229197161772841	0.313128470811837	0.225786917702907	0.233193284500866	0.23853732311553	0.265644629524622	0.314482245401633	0.302899748448144	0.162884767729363	0.304089756811661	0.244892563488239	0.22047028821157	0.246452929340716	0.22416793489691	0.223424737621863	0.243145862349826	0.296360013329233	0.283064743648372	0.199276562112478	0.244197865827919	0.250838551985916	0.147719278474584	0.210546032172081	0.160165388978397	0.190635208620115	0.209404057908469	0.280618141293211	0.220378548452342	0.320249159077277	0.309880040379328	0.145098586428221	0.250633792684787	0.136369398364187	0.219703782574877	0.250766521349724	0.25145295512188	0.309071874982246	0.249976112447092	0.207412311266704	0.232347215661093	0.162507391158018	0.253713127808474	0.216976273070565	0.231743838355014	0.244388489805696	0.308045194833277	0.263226008691413	0.244385895460878	0.243611843468817	0.246521819577731	0.235788001621225	0.241020476282269	0.302207325495807	0.279709469656749	0.32124621716172	0.257796537126475	0.245269589249329	0.335561236635635	0.300539991549925	0.232535829228577	0.212426265345016	0.326404778018249	0.222593273983579	0.233748107833021	0.265232270824297	0.22856075636998	0.29664609658142
bm_700099010	0.412184204901611	0.270728843914892	0	0.347167199820144	0.294051897341129	0.354863678166881	0.655296134139788	0.317801084693081	0.255484879514746	0.401363622421604	0.381799697932752	0.254068721180943	0.314337451288488	0.242060277384458	0.301190861235987	0.378600801044044	0.311855007315169	0.355570965395938	0.405032609706616	0.338926001690255	0.234909061416452	0.226274420580247	0.389100575643604	0.24649313202404	0.312750748612178	0.241423648440641	0.334637647157533	0.319894840336145	0.247545537391284	0.313421788831184	0.253212715997314	0.36382300026162	0.355776821443726	0.301395302472508	0.376746360741998	0.286251493150757	0.289417512101199	0.308619856209282	0.320171224013034	0.378252260625508	0.400316794714876	0.297105761616481	0.415728613878985	0.357628288600587	0.352298867575759	0.366444749087949	0.341364312461298	0.346558263602441	0.356694980551699	0.405900318297903	0.386598871155925	0.283779487793128	0.37429187531883	0.365018049494052	0.292921421596558	0.332952468045024	0.26501908275414	0.335161827234624	0.328178396700531	0.379084152393765	0.340205689661495	0.393555207450788	0.38623031168108	0.244529391309065	0.350491270970395	0.243466290809273	0.290186680880388	0.351213427943096	0.201594977599902	0.406633440705668	0.208482039144598	0.275032306971967	0.323417939289357	0.256485389662875	0.356488026927825	0.315792201210589	0.333654953121427	0.349106045792316	0.382015911045485	0.357536069111915	0.316469408829249	0.313117202079825	0.333709613136068	0.338667503719619	0.330492674983624	0.383471941826318	0.359411410948722	0.395554661199776	0.342410585054714	0.300948858685333	0.408596404568849	0.373331486531901	0.322411957540093	0.295194799573893	0.381685425184604	0.333992075072892	0.227341783335161	0.355455519077852	0.219194484235977	0.382914658038008
bm_700038015	0.172660297210659	0.227155255837686	0.347167199820144	0	0.188836863428643	0.0757331236145506	0.764401348986789	0.148607826160921	0.266048111296646	0.166091952132003	0.128979114817683	0.259705573815077	0.166769815493463	0.277567995338268	0.128282905185018	0.101531249636843	0.111871240588969	0.0891832589581465	0.159151611055958	0.409316321043697	0.316312278042	0.288087328444146	0.177313714065936	0.208997533109172	0.1424252164403	0.227971008462881	0.146185964255647	0.0914445972126194	0.238043215292772	0.139439790691209	0.272451255552051	0.129355490277792	0.106302068558638	0.144822064793311	0.167942592305833	0.186723618354541	0.149460079492923	0.144502137316302	0.143397706486581	0.169501495245126	0.159789664846349	0.143355533442229	0.177501344688636	0.0687101156785587	0.078599911273376	0.0845545611841354	0.087348887707843	0.0853743676802235	0.0776529378245277	0.153690058325334	0.140308872179167	0.130373732097369	0.105976724799371	0.0910130905664434	0.227468641699899	0.0851147825728487	0.26414395882112	0.0826279146201387	0.0878640363684427	0.118416609316892	0.149657077610802	0.171833275962157	0.153123144129272	0.234724673861213	0.108531695958121	0.233105566397762	0.143144587184025	0.0792371178880979	0.342924056912069	0.171684367906457	0.328384986243964	0.172184124031245	0.0880373464695297	0.236757357987786	0.190231887887266	0.126531265201659	0.0820659197988354	0.0842413061540494	0.161534319004908	0.0981034650807491	0.154864038109795	0.190696426189187	0.179688450411681	0.133581317733501	0.134253478638021	0.159996672907109	0.126102239518535	0.177986152229732	0.0947537390546539	0.163056683829294	0.195557839614467	0.148848800450742	0.20791921588059	0.192746275601676	0.180607747154591	0.171128578825469	0.322517207336485	0.203083657985397	0.309064449705035	0.148278901950896
bm_700033734	0.274766943660528	0.147613162926169	0.294051897341129	0.188836863428643	0	0.180867536691371	0.673211293976137	0.140427301237393	0.192903616424242	0.267147102571418	0.237983717909518	0.191631443341088	0.128915748044501	0.209757566595967	0.147547004931103	0.21717074981694	0.167993894290053	0.210346551157975	0.271856966407389	0.343286850666371	0.256483897719839	0.221290737471976	0.285395224902391	0.132831248549315	0.224762312714338	0.153090571957861	0.224678001897633	0.199063833854313	0.160037388795736	0.197665534579633	0.20370170478438	0.249873708894494	0.236294853190886	0.190661744698656	0.279496368745033	0.192038793937572	0.191882806209444	0.203530192381933	0.220709936709332	0.279647648659256	0.256897666285595	0.103372799888174	0.279574271773602	0.213082112743247	0.164814062118691	0.195316571048469	0.189979331898223	0.177645598829241	0.206584519440185	0.255122100141531	0.235879320200234	0.160949460920414	0.208659342931214	0.203150210854671	0.130296083815233	0.172782228426435	0.154803425302768	0.1609453480805	0.159583414822066	0.229327619813212	0.148340630033551	0.28356088951619	0.274698163588508	0.156740204977908	0.19373443125728	0.145780335505996	0.178677797752373	0.208339679127998	0.287843269485408	0.271737485565228	0.247719496462851	0.175085225219195	0.183669646764087	0.153825782379823	0.204188704093592	0.157007838056821	0.185138524259222	0.210763863715641	0.270479136176809	0.224591003718096	0.21073101646394	0.207442871791855	0.220777137417235	0.203303750818478	0.211819546867124	0.276399620432093	0.247983048413786	0.292791379562916	0.223118948202789	0.208076072432333	0.307082482649039	0.269327925108408	0.220481053840677	0.192445631658678	0.293319423575991	0.190778451279839	0.265129010820128	0.228759367812391	0.247472627094355	0.264169286205011
bm_700024454	0.178744253123856	0.219522742063553	0.354863678166881	0.0757331236145506	0.180867536691371	0	0.760408532599658	0.150592099610586	0.276448467737937	0.171165839213528	0.139386238857677	0.264933636379871	0.157979345310133	0.281287050439213	0.135024858053975	0.107124919607161	0.118886025797804	0.0873560815611343	0.170589217360202	0.405473209056077	0.324027436342641	0.291989920372338	0.186274152720851	0.21758648841503	0.157771263106939	0.231101211835176	0.160997033182746	0.110881708723277	0.242956057836623	0.152174700141209	0.276631356083328	0.140769673748396	0.115964655069995	0.152748456813135	0.177735010746172	0.197581630980194	0.156821718746834	0.162536668826091	0.157822696185381	0.178840733288511	0.161231049353392	0.141545417423685	0.180212472346389	0.089476873511381	0.0666479953870059	0.0756851284250229	0.0827463698960536	0.0773529230291743	0.0900274171172583	0.160830241385339	0.141174973156756	0.132352895369449	0.100955253787771	0.096069373501398	0.221276698207901	0.0849335327317571	0.253387250489466	0.0779727212772801	0.0792540950028098	0.122951149495699	0.150461406972115	0.182769109489646	0.173626888396948	0.244937184704265	0.117000162226221	0.227158790938364	0.155147911526457	0.0940108408258204	0.34808921823298	0.173482936950561	0.326664737397892	0.184765642792155	0.0929411256567794	0.245255710185671	0.202913768734312	0.134091385744981	0.0809001685421313	0.0914764023422963	0.170921268982118	0.106868912425685	0.172216658005404	0.208558217195081	0.19605862456318	0.14962117303701	0.154484663042004	0.172728108444778	0.139514380484067	0.191006790585409	0.103649621845721	0.184094653381224	0.205883120007906	0.162625395437125	0.221001720502069	0.199150256842736	0.190427578942679	0.180023051946483	0.33240202885287	0.214217618230658	0.314755143206342	0.155238755607494
bm_700110295	0.792407928122439	0.68326990955212	0.655296134139788	0.764401348986789	0.673211293976137	0.760408532599658	0	0.71429004924747	0.666917913517784	0.785623435414895	0.778604521357451	0.663656665576014	0.722012116771821	0.657022170153867	0.72252643688924	0.782371856404662	0.734668991348197	0.767147041502009	0.791010104545721	0.671364812318578	0.691729501740435	0.658331653825141	0.776909089659331	0.65509955544076	0.763353451029921	0.653856513711118	0.760620687970194	0.747272012328077	0.658678619408145	0.738961656793472	0.60491139979929	0.772187804677966	0.774159841089911	0.727616394711148	0.776390335153726	0.726790798401273	0.730106141088065	0.757485919639761	0.739624350152747	0.77662761489103	0.781515779981713	0.671512661234594	0.798208562683936	0.771462946854076	0.755489957401296	0.758995492360542	0.752029576729499	0.752373891437273	0.774334278314878	0.787352392459761	0.781227325985864	0.730946542427648	0.783598623497288	0.770457279200937	0.684491991631035	0.746280643010001	0.667274585757944	0.744319219960327	0.728761882465122	0.760129900684208	0.739551902254916	0.784642287335461	0.78482172575401	0.660965864194311	0.763609564482379	0.659407076936792	0.737809662376897	0.77575337889145	0.672614062346237	0.791077351199043	0.649867248729001	0.732762920032603	0.746651118171827	0.648308597298734	0.704438180058472	0.732569563475979	0.753190257831442	0.769423790235966	0.785306856542131	0.77955659800842	0.771072274421346	0.756687067922552	0.779671685883448	0.747491737844481	0.770413697996716	0.787965918262619	0.778103627255043	0.79981265255867	0.776864549416106	0.757101485174243	0.805220426436454	0.781465879910409	0.721370221306839	0.74319675219998	0.79285033173582	0.71489901071301	0.700650561525553	0.721947498713678	0.659940100426311	0.765161396259706
bm_700033003	0.245675328134821	0.203685379940089	0.317801084693081	0.148607826160921	0.140427301237393	0.150592099610586	0.71429004924747	0	0.226413127172452	0.231225817502727	0.203168834860888	0.232256884179397	0.120047421898646	0.24163508980454	0.104295719761804	0.180745076759054	0.128640132510473	0.168813543888552	0.237590702825619	0.345746184969102	0.291548121101023	0.254659891848456	0.253991854588556	0.181119543580059	0.179893952590775	0.187773922173028	0.184873372167264	0.152938586296065	0.201802614127477	0.155491167550829	0.234973069459946	0.213410752694289	0.198968679964713	0.147391093828604	0.24116363185779	0.17273091405183	0.145017622286907	0.162264363167994	0.172799161350673	0.24229039080762	0.222756485591845	0.132213765504422	0.252742580916897	0.170229762620801	0.144714769145971	0.153079123388128	0.148202790025045	0.147975060189686	0.169763551712248	0.232640329866056	0.211136616560801	0.130906533065644	0.184980809682236	0.164368866923308	0.17683810327203	0.144566755231664	0.204890243294275	0.137495530074359	0.132758456830956	0.18534598845367	0.108667257891608	0.245751324152785	0.240185091615041	0.203809273451447	0.154403449544272	0.189045668693336	0.13179657301396	0.171063046981408	0.317694467759372	0.242603232140546	0.269750461618318	0.154937148413322	0.146324985279825	0.193685425020731	0.173613624820314	0.113682841067026	0.143604774739203	0.173787260545506	0.239039206832577	0.182473217926034	0.164190083792883	0.189433180810521	0.182655046635334	0.160573381424517	0.171539722728635	0.245166901779645	0.211212499791734	0.263253504536121	0.183958952647267	0.163407252225602	0.279398533909886	0.231177949924907	0.204468901435718	0.1774358235373	0.256388402320039	0.157263830188268	0.302672863588981	0.202669739353516	0.287026507567215	0.210405929587806
bm_700110762	0.35943589706712	0.174141592734297	0.255484879514746	0.266048111296646	0.192903616424242	0.276448467737937	0.666917913517784	0.226413127172452	0	0.340679971313668	0.308183828621127	0.174125082413794	0.232763934557521	0.221472332820455	0.228613026244782	0.298055445128505	0.247418166427676	0.278868480211813	0.347620759506044	0.349461967524146	0.230402520520094	0.193759220024042	0.356147123947531	0.188488618514452	0.274819548997134	0.178571675146507	0.289962700582961	0.268963295321347	0.184730286053108	0.263048751644629	0.19785223452003	0.31650226021403	0.305132325891421	0.25700897444505	0.342147051652382	0.24779343131845	0.245452645482623	0.265803312546678	0.274472097566049	0.342984334060466	0.343324392731496	0.199177350397665	0.364262186386763	0.270904408674391	0.267711945056834	0.285648201060575	0.262873928548944	0.267884616553937	0.270589764286481	0.345482743084589	0.316255785891191	0.228264316340455	0.298071079643357	0.283192299902813	0.200167455936035	0.25544438432559	0.185486521633572	0.249365266843438	0.248378586678974	0.305548580742359	0.255321195808993	0.351292018978535	0.34865279712609	0.154048363549312	0.281479067808876	0.173002210709828	0.244887588833373	0.283569640866007	0.275975956078443	0.355060549218996	0.24054594285675	0.233523474051823	0.260227463824971	0.154991808697257	0.289946634576428	0.244711235498774	0.260859040980354	0.284479349988959	0.342985216669231	0.293354745154825	0.259249124304936	0.270822801309603	0.287744114819381	0.271556829574777	0.280631620714095	0.346915386084385	0.309140022803112	0.3581026648979	0.28367336559813	0.262000767138619	0.376655311214588	0.334003581967089	0.270448727933052	0.249012995497663	0.351359614115331	0.264077762076001	0.247226822046622	0.305237889530605	0.245312837118023	0.329452286135912
bm_700016040	0.06576978569929	0.309859188996047	0.401363622421604	0.166091952132003	0.267147102571418	0.171165839213528	0.785623435414895	0.231225817502727	0.340679971313668	0	0.0857818616128718	0.332365453242562	0.248488279562646	0.344053207195748	0.229340255016102	0.110554230010874	0.208535143018838	0.136877698140788	0.0559085756740866	0.4740822389689	0.372953469896555	0.352129892545828	0.0720176375983757	0.287287820711978	0.227495855474018	0.305164192526915	0.227579798491824	0.196356148384023	0.306382536776288	0.232866251668915	0.339296428200546	0.131438373390661	0.174078970292624	0.231218079570659	0.0758600105908369	0.266340562996375	0.234081399032161	0.235321143985995	0.215884082765046	0.0827616521666996	0.0690197956171604	0.226622041312023	0.0744878891171033	0.163688766155337	0.169862694730334	0.15532325819736	0.162229567008872	0.159546025392854	0.146333203359275	0.0628935547461338	0.0842993703828448	0.216341745390794	0.148398256865934	0.126439005386782	0.29652527795186	0.178499588407707	0.331424183713152	0.181242757153099	0.183462700724982	0.133409711425948	0.229916869229507	0.0667049877941933	0.104525900706671	0.312136080762583	0.186941918389179	0.310677826962745	0.237158268222881	0.148041186422135	0.40750268583473	0.0783577552484155	0.386762545582262	0.264582099031467	0.173921946844676	0.307982893443058	0.263387953189036	0.213955578291545	0.16499856220547	0.144695841507829	0.0787571100179241	0.126922316566826	0.217030063560574	0.249959832140731	0.247313018001159	0.218352130024023	0.209354511926406	0.13317624185099	0.157111931828826	0.08377521710855	0.17195941055689	0.245299222322873	0.120557302202801	0.118705237355788	0.274522895908338	0.275276763813431	0.121032482644754	0.252078094849447	0.383735735459164	0.268452395970469	0.374629012863377	0.128469064393095
bm_700015137	0.0949252281546236	0.282452756999117	0.381799697932752	0.128979114817683	0.237983717909518	0.139386238857677	0.778604521357451	0.203168834860888	0.308183828621127	0.0857818616128718	0	0.301495326818131	0.221451981901236	0.3223676286112	0.193284364423208	0.0703812692818749	0.17577395678148	0.101892776284466	0.0842004592063492	0.456528124026725	0.351651099167029	0.328573972041558	0.100082752191855	0.25917361496052	0.198700397297743	0.276878610532955	0.199702338876116	0.160478594353426	0.281393943734126	0.201759031696424	0.315118246527644	0.104352213278234	0.144193074893546	0.2012854868975	0.0892634113004057	0.238332324260778	0.204763764059832	0.203036125710811	0.192644713135907	0.0920782112575002	0.0789610955306437	0.197858961208477	0.100035333247877	0.129069495574147	0.138429645115342	0.121814803077509	0.130725280875626	0.122017076325833	0.115205972290407	0.0830483735841051	0.0601405225394574	0.187423975775023	0.114893590478191	0.0878787926341952	0.272277520748424	0.149335628641014	0.305343657479061	0.146604200618237	0.149509914847547	0.103304557115884	0.201128852452827	0.09328211785926	0.0934866086951277	0.278774268304333	0.163315125118545	0.278568142845857	0.202745008614202	0.115685402106851	0.382068764908118	0.0942517322251631	0.36119251462968	0.229509086000844	0.141980243769534	0.281288686371262	0.234709390990878	0.180073456727298	0.127585002300745	0.108676069985915	0.0810262042074804	0.0937100463334554	0.20743262221908	0.236338428897866	0.226856921151703	0.189939402948542	0.18726735090481	0.1292920598238	0.137265983379254	0.101791184639088	0.143640817704222	0.210242945613791	0.121210824966204	0.109295879174017	0.254862055733307	0.247107285669717	0.122727814191113	0.22500606972662	0.362589413236957	0.24705566068539	0.352022678988684	0.124273859828513
bm_700108103	0.343161254969615	0.171485751779841	0.254068721180943	0.259705573815077	0.191631443341088	0.264933636379871	0.663656665576014	0.232256884179397	0.174125082413794	0.332365453242562	0.301495326818131	0	0.227104167251023	0.185560832813884	0.216156296706638	0.297045198064235	0.235984812568186	0.276990924405091	0.334471297848909	0.335071730053729	0.225230440891577	0.197285824865165	0.340908699375813	0.188073979062654	0.291071548301188	0.19418579636701	0.280409103428304	0.260528932938164	0.211077569554857	0.259110453061607	0.187889143574171	0.306284869344126	0.29544774982214	0.252772356549033	0.337590780448512	0.248719205086606	0.259384179909474	0.261874322572599	0.290507772554811	0.339605349023753	0.326261865713287	0.20322725378138	0.347481919124697	0.269079178546103	0.263684941064621	0.278863249245891	0.262163567720074	0.264311938300865	0.27822698944231	0.330299530965652	0.318526409706378	0.240940798700304	0.297325509527724	0.283561882251042	0.207067363752892	0.259733305897408	0.160990760706644	0.247925905009333	0.244909096960045	0.312770146817039	0.249960254594596	0.344939491104959	0.331153742846782	0.126787851995789	0.276020048900769	0.170317055934004	0.241859352841891	0.279182708674025	0.256461268731249	0.341424200855631	0.233715399576481	0.233316528516983	0.253687444695208	0.18949495325963	0.283485947743636	0.235444569065194	0.265362025728198	0.277651573952167	0.323492656822752	0.293220065555558	0.271304901199413	0.264855774841931	0.273824056071353	0.261553540082613	0.270156581712045	0.323596127288593	0.300517059867571	0.342085505653136	0.292034330374349	0.259428531806916	0.356094035173498	0.324434350998843	0.259476895038716	0.239144968446831	0.343742973249178	0.257138834718874	0.227162993044959	0.286259072818536	0.220122929081878	0.323724055451257
bm_700016632	0.258578090460766	0.185365273513866	0.314337451288488	0.166769815493463	0.128915748044501	0.157979345310133	0.722012116771821	0.120047421898646	0.232763934557521	0.248488279562646	0.221451981901236	0.227104167251023	0	0.227895048396811	0.120041901378995	0.199698561234455	0.144121815994516	0.187659077090488	0.252157230778957	0.368698942331536	0.284933355004823	0.251189640930096	0.263047730668192	0.170947738004123	0.199347839469006	0.189912136903644	0.193281032963207	0.169055771114796	0.200915998184088	0.169047455261495	0.23237381787143	0.224498310131166	0.206357940775864	0.159620690459024	0.257843797375926	0.164326114192885	0.163101502762311	0.177839019898627	0.196440441299072	0.257653367836006	0.242394293161112	0.150084023967922	0.259166780833444	0.188445218823645	0.153127341135725	0.175624747616368	0.162339183984134	0.162249261583333	0.188423495171908	0.244070688123441	0.224978731796692	0.152248054334166	0.196677488694797	0.185023957150371	0.174648144677268	0.163491584788366	0.173216074738054	0.151353216000381	0.153567800569488	0.215580721396277	0.136072589961493	0.262598266461488	0.251560912401307	0.197378128570293	0.157751063975104	0.186625376231215	0.148784499966942	0.183219748070632	0.299872043753549	0.249346513801849	0.273001547153804	0.145905768029639	0.164114166770382	0.198409751481116	0.183127048338654	0.135876800073296	0.167199668208539	0.185117664148706	0.250672034483526	0.197454536454517	0.18099890413742	0.177558583816111	0.189258624986792	0.176699070547896	0.177512438935131	0.25020453479942	0.221286054049549	0.2701710999549	0.198462559751722	0.180461234119663	0.283551154233076	0.241954915478955	0.190352345899809	0.163248446807389	0.269595190430643	0.161627372115827	0.289647414535822	0.20393516144417	0.266478937477792	0.233118985192816
bm_700033460	0.352913390954575	0.188191875819587	0.242060277384458	0.277567995338268	0.209757566595967	0.281287050439213	0.657022170153867	0.24163508980454	0.221472332820455	0.344053207195748	0.3223676286112	0.185560832813884	0.227895048396811	0	0.233281509111413	0.314172780321615	0.240037660388822	0.29960298122991	0.348924724810156	0.335794371320738	0.226186545685733	0.215722850750672	0.35040681147576	0.204788465250118	0.307400756343334	0.217791296904396	0.261620636282549	0.268306639398367	0.233899803412754	0.26339555272344	0.188514571042288	0.303024495869425	0.293830636401779	0.247214411598886	0.351326216909355	0.248068863023597	0.274744839421921	0.280774979323039	0.306099430728408	0.351224758784402	0.340213809313147	0.224541670551931	0.350919833847381	0.29982014894548	0.275344786150036	0.291516753989444	0.277295350533798	0.274973852712368	0.298107656195525	0.342703629459807	0.327292434380964	0.257137399085588	0.303777545798552	0.300159173078341	0.20991608075081	0.273620121575787	0.178655040207197	0.264775868633715	0.255851739043684	0.325093028580564	0.263175417278438	0.357391665049733	0.333719267702681	0.181089746506993	0.282837822027385	0.201341644893168	0.251245787329242	0.292652992649545	0.227813102680365	0.351987977830819	0.217879553801407	0.24766406329425	0.274796853406445	0.225102418800387	0.276506973288827	0.246668226479275	0.284753797934114	0.288947729768068	0.335593543778818	0.306438180298594	0.285122677326809	0.272124340972542	0.255046365834189	0.278522466621333	0.270137040255139	0.319999545818442	0.302987708541564	0.350717388635398	0.306800972935262	0.276629023916708	0.356746679793621	0.336379908803833	0.257537576089152	0.254464176227797	0.362338289695875	0.263286858488186	0.200970804260932	0.291279490903603	0.165779705241541	0.326371678848258
bm_700023288	0.236397134381599	0.186981764103932	0.301190861235987	0.128282905185018	0.147547004931103	0.135024858053975	0.72252643688924	0.104295719761804	0.228613026244782	0.229340255016102	0.193284364423208	0.216156296706638	0.120041901378995	0.233281509111413	0	0.173932681511213	0.107583418821634	0.154071229235536	0.22474936487083	0.375254796239123	0.280392143387856	0.244920853426597	0.234277769444796	0.161660616876497	0.164680925771558	0.185037097566573	0.157837402023839	0.123647172694049	0.196346278307645	0.129872430908716	0.228314840763689	0.191042360080116	0.174546832920925	0.124421516341325	0.229799934980432	0.152851402849983	0.132032876376096	0.132448939217175	0.164975793081901	0.231556796180498	0.219941689146373	0.133004344014045	0.237982246262072	0.151655961833282	0.140753295400979	0.153842251218367	0.142055195456538	0.139076823862841	0.154690366042115	0.220566676433771	0.205958071048929	0.122675741090546	0.174097234123639	0.161110021712477	0.185023256918249	0.141252523770723	0.218117394810029	0.134246866272377	0.136908778835703	0.191412043720516	0.121104551220992	0.234546603719822	0.215013591767873	0.192175366984844	0.149444641334497	0.180874434217072	0.106842429121507	0.15247094365392	0.298230685892288	0.228412266942435	0.282061937266379	0.128482095990867	0.134707969711781	0.198298314857373	0.164608658209223	0.108498055290592	0.139691863744555	0.152984653392488	0.220953237700124	0.165976361236883	0.148412188405083	0.166365468211937	0.157064850473573	0.14099061932559	0.141525475073588	0.220401373703159	0.185980976558755	0.241873109662394	0.168689665287099	0.135584486044923	0.253687043085423	0.210968832453008	0.184386018967751	0.144744490839313	0.240520442015641	0.145460104592664	0.283475119366878	0.179374639397089	0.265355443050392	0.209199641797328
bm_700014607	0.117319442749035	0.264921798993366	0.378600801044044	0.101531249636843	0.21717074981694	0.107124919607161	0.782371856404662	0.180745076759054	0.298055445128505	0.110554230010874	0.0703812692818749	0.297045198064235	0.199698561234455	0.314172780321615	0.173932681511213	0	0.152147290870833	0.0687096616664034	0.108956896240997	0.425542611144117	0.343413933566456	0.318483505128677	0.126165346955185	0.246132299783518	0.176865892468155	0.262282685059769	0.180875297066907	0.138507663146667	0.267340010558256	0.183412703996852	0.304520432737483	0.110919492272963	0.119142890143377	0.183776467458658	0.115369837593251	0.224687600819959	0.185158281526563	0.184971025325795	0.171253158972523	0.11623493921052	0.101252019149233	0.169512778912731	0.113502922149034	0.100928237626526	0.105882422190637	0.0880695858054716	0.0972482407199051	0.0891949713059637	0.0821366291213982	0.102185285592234	0.0821066581277542	0.163230155966565	0.0794436035881939	0.0472260946653608	0.252396070672346	0.117498572522995	0.289797218103422	0.113476635305134	0.122212030151176	0.0666437405053485	0.178052278035288	0.118350241142743	0.11250951195628	0.272126811682248	0.1392928383321	0.264505282948663	0.183995809818563	0.0869364236731924	0.372617448425861	0.113066565225371	0.354324328894315	0.214741009293738	0.119977675621543	0.267111059784546	0.216056912363568	0.162586203406835	0.0994765085143928	0.0782430910613392	0.108738628356032	0.0585164854844088	0.189351017375074	0.222290871185589	0.210622793009597	0.16972248370352	0.167944621695101	0.136850155801356	0.145632294916388	0.130374807625754	0.116172478593354	0.20422792443326	0.146208424214131	0.116849962989723	0.239532551949766	0.22618064357334	0.127996086391835	0.207862428775223	0.355298221739816	0.231839687841172	0.345368854652089	0.1258777386153
bm_700014517	0.216361945328866	0.206199565107745	0.311855007315169	0.111871240588969	0.167993894290053	0.118886025797804	0.734668991348197	0.128640132510473	0.247418166427676	0.208535143018838	0.17577395678148	0.235984812568186	0.144121815994516	0.240037660388822	0.107583418821634	0.152147290870833	0	0.137196456473915	0.205719333562196	0.388035044164548	0.283370580928695	0.252052383732351	0.20748957706435	0.168254862610071	0.140106924487618	0.199092451780276	0.116080988752698	0.100063343110541	0.209125595121778	0.109534475107599	0.231505507239957	0.162120762666277	0.137475258811209	0.107256644429243	0.20683192514555	0.158446948776968	0.118563034589435	0.135432229561001	0.142512613778954	0.208723059830243	0.199966218310688	0.123952661305153	0.216220731825342	0.135024513279549	0.118838377310524	0.134304263332525	0.124262756992644	0.113889969652877	0.135015497952076	0.202643594910876	0.187560739467425	0.106233532929455	0.153435113163884	0.138613219734929	0.19770257131051	0.118071034553646	0.236819164576636	0.113516827306236	0.117889299559549	0.169088780931057	0.135598503642721	0.212233381616191	0.194778507340473	0.205734359948797	0.12609174517169	0.206657401843646	0.114533779933115	0.127236455042683	0.305913800842589	0.213376327824539	0.298926375133222	0.147370438257287	0.116460424364393	0.21618932636916	0.17284524658247	0.103844331110284	0.117587200553246	0.12234396469255	0.194665602842428	0.146355497420935	0.146656954475611	0.1815779155247	0.160122849414808	0.125592720895011	0.118810158182733	0.174916392859944	0.164129756122063	0.217289425315764	0.144631630097723	0.148602357174428	0.225463000658384	0.190167160332354	0.191385018674981	0.1635020771689	0.221820193449264	0.158258896153428	0.291402936552314	0.192921633779779	0.269535923398666	0.192978368968683
bm_700024550	0.144082345120778	0.250825529958285	0.355570965395938	0.0891832589581465	0.210346551157975	0.0873560815611343	0.767147041502009	0.168813543888552	0.278868480211813	0.136877698140788	0.101892776284466	0.276990924405091	0.187659077090488	0.29960298122991	0.154071229235536	0.0687096616664034	0.137196456473915	0	0.133556849378362	0.407371786659631	0.32577726784804	0.294800239445089	0.146059096658606	0.224640081420963	0.160133350646436	0.235586417473326	0.167909491056607	0.119185664607791	0.246865588641918	0.16213443202461	0.2855804207007	0.100269215585067	0.107341986530609	0.161824808570213	0.136350007006146	0.202257894992556	0.162339364063409	0.166782674301894	0.160477306763686	0.137261692224511	0.128382383754553	0.162413030415952	0.148070382173342	0.08086972284159	0.0936680265479565	0.0775226588794871	0.0732717588928226	0.0788663573194046	0.0756222120374263	0.132989473908977	0.110276975314427	0.149759237372013	0.0671754132057609	0.0549939079331485	0.24110873932355	0.105090661664822	0.282679966760452	0.105740631642703	0.104421771499128	0.0835998925072629	0.174340555046894	0.140991643027607	0.135290247616173	0.256911633400336	0.13228724526228	0.246338944473099	0.164000223852396	0.0839153027233983	0.357574727263848	0.13902962580122	0.335740227282779	0.190691673807658	0.105666852310728	0.254261573007601	0.214842873058733	0.148989125392086	0.0892486433008865	0.0627852252392701	0.132916319682435	0.0622468720040975	0.174837381501107	0.21286134843158	0.202549576844379	0.158439862698545	0.158792166942148	0.137138464750048	0.13411009560194	0.152097771097557	0.10341404787233	0.186016609075863	0.169751523074232	0.120492028504345	0.227351995586132	0.210182039781697	0.148241248677434	0.191253809488472	0.33932287217069	0.221638649040896	0.326310709263828	0.117956299595584
bm_700108604	0.0526364439246819	0.304091431464135	0.405032609706616	0.159151611055958	0.271856966407389	0.170589217360202	0.791010104545721	0.237590702825619	0.347620759506044	0.0559085756740866	0.0842004592063492	0.334471297848909	0.252157230778957	0.348924724810156	0.22474936487083	0.108956896240997	0.205719333562196	0.133556849378362	0	0.487148509383109	0.376294558917646	0.354025144030513	0.0648288661491776	0.287767114151111	0.228929025036444	0.30356329866553	0.226689820303156	0.191370172208636	0.311412728555294	0.229801985245973	0.339235376630848	0.126019172930571	0.170677228116715	0.231938408747216	0.0715112176709847	0.266622448994363	0.237210351500093	0.232060987430925	0.220348779300438	0.082058580661321	0.0564313558599123	0.232090595199852	0.0575239855805747	0.159841517234106	0.171797013629475	0.155470935909753	0.161874104194554	0.157170470613065	0.148415255847383	0.048004339768503	0.0911394596210856	0.220139449772944	0.150527290768039	0.125439266497254	0.300819137271652	0.1821408138874	0.336993466407971	0.179222057510699	0.184017390487455	0.140888207099871	0.235949533680078	0.0611525367807904	0.0956828234158379	0.313731976717187	0.187889775713195	0.308868060227049	0.233505827393712	0.146276199460172	0.402779798266514	0.0741936481576235	0.392561394443635	0.258403815269749	0.179990596248156	0.312218236217007	0.264894772327235	0.217258728055255	0.165549414588819	0.141325587041311	0.0755273541559132	0.12607664648699	0.235530795625008	0.259346022126764	0.252371946136297	0.218634618360914	0.209096364675699	0.129084902272601	0.154095754062122	0.0788213365478248	0.174805494389268	0.247447803291929	0.119155114665373	0.108882714978938	0.277651392163086	0.274213358954507	0.125827687549216	0.250239248277698	0.387574556160043	0.264597966435239	0.375468106899315	0.121529302187287
bm_700108226	0.486473928079962	0.352412983250469	0.338926001690255	0.409316321043697	0.343286850666371	0.405473209056077	0.671364812318578	0.345746184969102	0.349461967524146	0.4740822389689	0.456528124026725	0.335071730053729	0.368698942331536	0.335794371320738	0.375254796239123	0.425542611144117	0.388035044164548	0.407371786659631	0.487148509383109	0	0.388946213444389	0.369021387595987	0.490882504267476	0.370415304166889	0.429836146409944	0.351520759416124	0.436676713729455	0.412812398089436	0.369028683224696	0.413410971910373	0.360434807103339	0.470775914953895	0.445323926058724	0.401972565493492	0.481070546038669	0.401723187413164	0.397783885199334	0.416797902925706	0.418168346950803	0.481947684458521	0.468785021048638	0.360547782566344	0.496375707503489	0.423654187388781	0.395446405700026	0.410226996777747	0.40111067787785	0.399506171800045	0.418773228040048	0.481736986386989	0.462312518835476	0.375151769768416	0.426009300566366	0.413821621907112	0.351168512372169	0.39305627384175	0.319813835742846	0.387458079767764	0.37857373510419	0.425069056148354	0.375047483954505	0.489526900082828	0.491391423684142	0.333863547557835	0.408868834960872	0.334327535126741	0.394275282085148	0.422804953207273	0.354464554659336	0.488864686936987	0.311815915922618	0.38966220545078	0.398502816201559	0.34577378171507	0.420233895255541	0.374409833033434	0.396719364726886	0.42245610030994	0.481880406286382	0.429072215112072	0.416111577452577	0.421758095897499	0.431915225052894	0.416890439276597	0.425977041108363	0.488318271646269	0.467842111197729	0.505641435961084	0.429597956672701	0.419704427803052	0.51734193145548	0.47716286199112	0.419324429555242	0.409730746983475	0.482607670950535	0.406138558947292	0.380217718423345	0.451630213651762	0.357719074372136	0.472592204690166
td_700038581	0.380082645672638	0.234821988566774	0.234909061416452	0.316312278042	0.256483897719839	0.324027436342641	0.691729501740435	0.291548121101023	0.230402520520094	0.372953469896555	0.351651099167029	0.225230440891577	0.284933355004823	0.226186545685733	0.280392143387856	0.343413933566456	0.283370580928695	0.32577726784804	0.376294558917646	0.388946213444389	0	0.163324990296442	0.361565344725465	0.200537981339132	0.242550640234565	0.2142853628124	0.291065502758659	0.293436221406753	0.186399946121255	0.277704019553832	0.218691959803767	0.325808425474983	0.315253387053635	0.263039654376075	0.351955617293996	0.244375718170083	0.248222918214058	0.25991269233034	0.28780164032908	0.341159125486474	0.367171403969489	0.260325637574869	0.381481186082087	0.328135815169727	0.318738552373924	0.334415375819847	0.30688267310459	0.31252953737221	0.326068186213578	0.372385147294391	0.352698492227781	0.276884410529626	0.337315251181344	0.330364347885111	0.253969031282478	0.30048074870161	0.229309532444104	0.301305061835072	0.296141211665369	0.348145009000998	0.310089496024409	0.361167676913803	0.354566657061066	0.206956452492003	0.320319837698523	0.23419052075639	0.257481628520463	0.31817870875851	0.184148355285965	0.375888300067635	0.237504377784371	0.243312902151014	0.292735127625145	0.222897186263284	0.324020611245884	0.290982341113145	0.30200026211512	0.316232074528272	0.344378963948623	0.32421533493075	0.28389770369526	0.285806362446529	0.296974739723799	0.30974621048442	0.295845282613877	0.351621731892912	0.326177193636292	0.353704181440951	0.301626137816689	0.262745253250309	0.36259844722612	0.341835025202188	0.29883442162426	0.252956494252877	0.350033536683091	0.311360287658921	0.176191251546365	0.319673809886585	0.208753511725641	0.353157865190391
