bm_700109181	bm_700038583	bm_700099010	bm_700038015	bm_700033734	bm_700024454	bm_700110295	bm_700033003	bm_700110762	bm_700016040	bm_700015137	bm_700108103	bm_700016632	bm_700033460	bm_700023288	bm_700014607	bm_700014517	bm_700024550	bm_700108604	bm_700108226	td_700038581	td_700103608	td_700110095	td_700103490	td_700038437	td_700014409	td_700033454	td_700023286	td_700103566	td_700038686	td_700102525	td_700034087	td_700024452	td_700033732	td_700101082	td_700033136	td_700016125	td_700021312	td_700016301	td_700095473	akg_700015140	akg_700105102	akg_700014606	akg_700038016	akg_700033735	akg_700015272	akg_700024551	akg_700014518	akg_700038689	akg_700023061	akg_700016041	akg_700099011	akg_700106863	akg_700021315	akg_700016128	akg_700014418	akg_700016635	akg_700038584	akg_700105978	akg_700016304	hp_700016347	hp_700014734	hp_700038014	hp_700108102	hp_700016629	hp_700101645	hp_700021313	hp_700023059	hp_700038582	hp_700024501	hp_700016126	hp_700038438	hp_700014974	hp_700110761	hp_700110594	hp_700033137	hp_700014412	hp_700038114	hp_700038217	hp_700023497	s_700016036	s_700014965	s_700033448	s_700110357	s_700015191	s_700014501	s_700033134	s_700103488	s_700014403	s_700015125	s_700024087	s_700014559	s_700102523	s_700014611	s_700108222	s_700109321	s_700038579	s_700108477	s_700033730	s_700015991
bm_700109181	0	0.24221273826106	0.341340598707226	0.0848384530112404	0.14284338266304	0.170661244412046	0.487510880667685	0.140670410727221	0.435335029909403	0.0467585047388981	0.0469151677363295	0.375087567044634	0.184871722630944	0.212321669805101	0.140228228498063	0.052146936012004	0.144103421585997	0.148256254956859	0.0503510384256062	0.287998262486182	0.49655639790852	0.354825574860241	0.133951741902904	0.293384684549757	0.297922119779749	0.268724767790762	0.266812926280648	0.189579469346398	0.341781984746089	0.223375841476543	0.225810554405172	0.198054285999059	0.232954438485136	0.203702851846737	0.117117268979196	0.238989755094902	0.267836216429885	0.217657920439888	0.190420213620712	0.169761894998732	0.0595388719837536	0.220625841311535	0.16581483606697	0.183866582872409	0.169370133127539	0.157514439818073	0.219148757461986	0.177714513697549	0.0915978592222535	0.081418175562036	0.0982698887392397	0.186997216541027	0.193720202831294	0.0722501931562744	0.29214798965384	0.18498537605783	0.303480614882928	0.170380153668748	0.248442447325551	0.0930529185731312	0.0969136729902436	0.134323822310503	0.144807914324971	0.228615788742276	0.0892735169504694	0.265949979921973	0.236347852179695	0.0981550657311462	0.43256350936853	0.113834902989937	0.320216054371058	0.251164372715455	0.121217702499315	0.276104669545307	0.142911136573419	0.09101082682384	0.107354020488175	0.136330317293872	0.11211567726844	0.125577267026382	0.271060221325235	0.223016352167763	0.259956203496292	0.174525939547826	0.207516304249094	0.192221574008929	0.176633184703738	0.231254527336803	0.231047478868204	0.240154750911809	0.220876107195749	0.183230225952967	0.228585573846889	0.323691848740338	0.223500077416333	0.179841247048877	0.496895309239051	0.202942322361875	0.308364467598337	0.156092409727527
bm_700038583	0.24221273826106	0	0.255394352884781	0.18608240592922	0.209700865647709	0.103697873705092	0.357516866367261	0.226303349848254	0.383478682319855	0.246211738410492	0.245308742186332	0.267697965107389	0.106470776531861	0.13262553111137	0.138829284986811	0.221382996109337	0.13658293389612	0.176314525479499	0.218379583232026	0.324040677636932	0.406920681716782	0.269274508820566	0.211916497589058	0.175953467634899	0.265222673080978	0.197613334946087	0.199619322614695	0.158227277816527	0.284930872566407	0.157804348752019	0.147640532421292	0.194515459083078	0.190685956376151	0.189555535394646	0.253045890081126	0.192735868309681	0.22809461054523	0.193656036788076	0.265681101738186	0.261094060575785	0.232523250740326	0.19857308349051	0.167288089991653	0.157316961629904	0.118830611419775	0.136777086931274	0.1129048883119	0.129343114175081	0.202404759587268	0.181917091046881	0.182884011598522	0.188547582174074	0.206625681436293	0.228903533665683	0.209623173348879	0.0984134412127493	0.180772675447558	0.15655800754085	0.159852861517151	0.29515386750319	0.241595620588329	0.267699413760383	0.215346589999004	0.215083146405203	0.208415882138119	0.16728781906143	0.153323856861559	0.214552985289624	0.288762111876044	0.180415813308464	0.231591447248769	0.168398805664158	0.232645097550226	0.251577506956565	0.176898707184934	0.219888314641568	0.229271428643216	0.163991999012528	0.226835295486846	0.189424566960651	0.271858754294783	0.215510436114363	0.216376065441083	0.149975652156425	0.202382950942362	0.190881536090121	0.196621572989091	0.234109388050998	0.218556784794373	0.209968709569256	0.220057339343904	0.226504058083838	0.15595006177355	0.228170789366757	0.264108742608652	0.123214189705069	0.406932236615577	0.184352530560635	0.238346286068288	0.17121470588775
bm_700099010	0.341340598707226	0.255394352884781	0	0.3154217368256	0.335060580997295	0.314230753233209	0.381168190390554	0.325666390475249	0.32992772304582	0.333322038675762	0.336506652847002	0.347643234751164	0.294532389464451	0.227023815072323	0.283718945103873	0.341011848231321	0.257256576955001	0.28167997986699	0.328961766594399	0.360644418528258	0.228029530889898	0.11928630531777	0.277951975582466	0.164968952679867	0.137896757282489	0.134830552204732	0.212766122866694	0.247101978487439	0.180196975059911	0.200379451936678	0.203424541259036	0.249142742426216	0.220992550748592	0.192758768519647	0.278809140562795	0.167608593037281	0.137252370831162	0.183399270918288	0.229764734744058	0.248255780788102	0.345090716305405	0.349107873786859	0.283667331335344	0.29454365974918	0.316119439767285	0.330183379357153	0.288992887886105	0.318869204741605	0.280373359902865	0.331628275653199	0.310171982563381	0.225367121130128	0.259310078695556	0.342249816006749	0.242930730604385	0.291506906612039	0.333565568528219	0.323876744108706	0.327166427145878	0.365918334077417	0.341562113815014	0.282082927218019	0.269965766756281	0.272851079504195	0.308253445399979	0.30130162928326	0.184066816848903	0.284198180914898	0.195461679747573	0.317168877212541	0.163543217152974	0.162673956774508	0.287102685821363	0.192388811510891	0.274268081234573	0.308249073645987	0.280467632938521	0.273010444296495	0.269416241209348	0.281518974341292	0.165797566549363	0.205776009063518	0.205584392308925	0.258299204386563	0.22654484785255	0.243289363387175	0.245752491347533	0.233105820652284	0.184870746153681	0.186967614308714	0.255071587246988	0.228451276032234	0.223673331359565	0.1656001740527	0.214358540192636	0.264350902148747	0.259786589131246	0.260651778254701	0.168166104221089	0.285683578674046
bm_700038015	0.0848384530112404	0.18608240592922	0.3154217368256	0	0.127962424218265	0.132586619608139	0.447421662224236	0.121661158870631	0.416524514335067	0.100576136012544	0.0925229912754862	0.332575520940108	0.146929279274211	0.161176523336879	0.0950846258299177	0.069091975930344	0.0951979865571355	0.110078382094223	0.0556832473542107	0.270560390973541	0.473312357861101	0.322343563437135	0.112898381896653	0.24803444355419	0.281211263984927	0.229849138491549	0.228675617564138	0.141799130211119	0.31725884875486	0.181457845649556	0.176280260809474	0.15862786890334	0.196870073756666	0.176854694622497	0.116128270288912	0.202544499998789	0.243221246916421	0.178306157045017	0.176355207368301	0.167987430945644	0.0871178440951224	0.196259703683942	0.13329955140086	0.124302695297706	0.140452489983746	0.123932616409601	0.184577890382886	0.156381185282534	0.0833447684766269	0.0634567110322312	0.0749449137962672	0.169357184918144	0.16173752321873	0.103369632420727	0.257469359650971	0.148841257688476	0.262636792341587	0.145927210553725	0.222651840618066	0.140584797166957	0.138079278657235	0.13965730487998	0.117976999635171	0.18842654265137	0.0579684910638156	0.221396227873382	0.183769518559127	0.104672832456153	0.387700049757615	0.0767435355990578	0.291238649222392	0.198430553883857	0.142054992371451	0.259762054363572	0.111474150238619	0.0981733911272829	0.122919222448384	0.0888877160708342	0.107637330641023	0.0812992394032388	0.255449537071247	0.191859148334604	0.221979525975152	0.124119128187363	0.169624625008545	0.160058354205684	0.140698707923383	0.215004535833942	0.206400386488076	0.20655315455236	0.207527777679103	0.157779667390582	0.18296926643368	0.279806073107491	0.21795660114641	0.121539854435885	0.471420575646263	0.160873494614942	0.268813475112551	0.113523041510066
bm_700033734	0.14284338266304	0.209700865647709	0.335060580997295	0.127962424218265	0	0.152202911024724	0.422750464341624	0.065812458789956	0.394593888320571	0.169743817417511	0.134399032640291	0.293587316569558	0.139110621092349	0.22328379991723	0.131309668160061	0.112596300301029	0.153505689516053	0.158144266466995	0.13759261137516	0.218474867477142	0.484329080975931	0.370726864508131	0.209516270705633	0.309049442419084	0.352527105420481	0.260981600209156	0.31179184917001	0.229660503719963	0.360201855988669	0.269133857310333	0.229142173698556	0.250604329670522	0.289307821728785	0.261348555383686	0.212353909308895	0.288041877899294	0.301969404592358	0.26376536418928	0.262346321743579	0.258305883534613	0.0990853093476551	0.106344928808236	0.20869746826345	0.194030442077316	0.128986491474852	0.152354789066236	0.195335701479598	0.123492353160003	0.162575963499786	0.105367901884397	0.125099055980986	0.172941066261047	0.216107810622265	0.107340156661658	0.271376594382034	0.168654508492778	0.192327616014651	0.0772364974232312	0.16388633237692	0.185855770749475	0.0917262978686841	0.226900359948627	0.214986174257138	0.14931159073288	0.140965187401783	0.164439581405333	0.245916992107645	0.189432982098564	0.399273319806101	0.137529765959674	0.242470699428695	0.262771741185028	0.134542561751017	0.225749275655957	0.199910857128328	0.114702322812076	0.148329719599946	0.183579805723869	0.195406446788017	0.173940898306116	0.333178746058114	0.28305174645345	0.299719122823982	0.216353771715022	0.260196508565352	0.24932049528542	0.239256906218749	0.306351952754041	0.289635453047365	0.294963409262013	0.295553683557082	0.253737504339289	0.263865071497646	0.348844170313936	0.303769238965093	0.20192395789548	0.491507754527608	0.249018023375898	0.339218192138725	0.194896792110407
bm_700024454	0.170661244412046	0.103697873705092	0.314230753233209	0.132586619608139	0.152202911024724	0	0.374152927484205	0.162574577965536	0.398043447741723	0.195301324230302	0.17629535681603	0.281543291616749	0.0723850080892833	0.158597943942654	0.0889330388706926	0.145841447708743	0.120776763015225	0.0985011881445298	0.155467892272085	0.295591498827777	0.460511676914118	0.310103959875181	0.184088393857829	0.227412193673597	0.303821378060958	0.230266209343253	0.247236515471581	0.14937124703512	0.309464149284271	0.204041666030414	0.161332009733327	0.196569611488032	0.224612901563081	0.214046216782153	0.211754059194675	0.225404728393709	0.261539435009959	0.195761232348116	0.246126517877275	0.24944767111406	0.149043055587964	0.136303056580521	0.18520245385322	0.108337728415488	0.0645445724740236	0.0525670360899503	0.0913159982565702	0.0635214425965366	0.150927795903168	0.10280101461217	0.122976926884747	0.191573824001026	0.23117578439889	0.162969191060893	0.241718822442662	0.0698966320490334	0.187821900636904	0.0917079894441431	0.120192356113892	0.215283817176456	0.180648078267052	0.237855579891129	0.208042756619282	0.197577702155936	0.15541389219478	0.157244459016524	0.170105402795279	0.206329902390957	0.344638528234519	0.117874099110717	0.274910074268301	0.20335632375219	0.203576071840994	0.267055579029728	0.192337501303407	0.167574983481441	0.191897113323993	0.14910482605917	0.198735993638485	0.149229823922716	0.30914040999317	0.242029119116917	0.255649543025734	0.164526559570693	0.23289800609753	0.221127003576535	0.195503153844436	0.271567922283809	0.243419038096051	0.227576930621422	0.244364899460609	0.22965819653641	0.189458439123147	0.274345706375021	0.286104685795428	0.126422482038163	0.464471679634739	0.185892375255532	0.291524627221443	0.1185380735189
bm_700110295	0.487510880667685	0.357516866367261	0.381168190390554	0.447421662224236	0.422750464341624	0.374152927484205	0	0.424897382408181	0.276758547576845	0.489580417882316	0.480430880732495	0.240856184183047	0.365425168508688	0.419294604586714	0.387912935821033	0.464600373496596	0.405155379520297	0.395277882881923	0.470213016984679	0.354658329877502	0.397274281432629	0.392896256548651	0.451201181147175	0.374656269504908	0.442358154907098	0.388407636645178	0.457030923580641	0.411122413075502	0.401185253862863	0.415057293207222	0.369802235382884	0.456163759740092	0.455378317578814	0.436467876142383	0.472410603138133	0.414706606621262	0.411372524885153	0.423253669456289	0.453058732178466	0.482301863109091	0.467766245888324	0.366215856511743	0.462197908849836	0.401495339052722	0.385423327085013	0.393782886477531	0.348361429398647	0.37549140585366	0.441240249561326	0.439878100311978	0.438723312481107	0.399649260887908	0.485409813209053	0.464541055039661	0.444248650144343	0.366164366828915	0.308734432867452	0.387635871717674	0.345136201343464	0.508515080080991	0.466923948272983	0.488455073600618	0.481106827076683	0.357680475774091	0.460991632319808	0.317614122885232	0.408777501306522	0.478784071246088	0.339605797061879	0.434815280568425	0.361376987854231	0.404364178695606	0.465234586264856	0.338042346357857	0.450946141961317	0.452509713118819	0.469227603416046	0.434940249709588	0.464740649504401	0.441773330344145	0.494969562947141	0.470374790502234	0.480366535870299	0.428551143987765	0.473054365343113	0.468587582011202	0.451996362587587	0.489082269065193	0.460891072564458	0.417127836082017	0.474527329552664	0.474303200725761	0.423135056527718	0.408321658477149	0.495389002547578	0.399324576048582	0.429452372013761	0.442224384292268	0.455090843111873	0.41828780118402
bm_700033003	0.140670410727221	0.226303349848254	0.325666390475249	0.121661158870631	0.065812458789956	0.162574577965536	0.424897382408181	0	0.389899381529941	0.161362127651246	0.131245825624336	0.309334691386098	0.153412660830752	0.229263708452681	0.124960289237067	0.11025918451245	0.155822251610343	0.13355521176182	0.128870690908016	0.213227592804387	0.475166592950299	0.355082000723068	0.195664215365455	0.304331296923702	0.335790783371088	0.244819411797043	0.305886645507555	0.21844900827626	0.344739570948916	0.254490342788177	0.219861937476431	0.245671465111872	0.278891598687618	0.246365102468084	0.191111286832805	0.272010875465053	0.287422845042963	0.249677488615268	0.239563071810853	0.243887818126233	0.0956933709428586	0.138621284422153	0.216105462271886	0.188322816407066	0.136891241137487	0.152011547635072	0.192738144733596	0.130146153571729	0.145436656143682	0.122845281141893	0.132799836931181	0.167756085974703	0.224186182370366	0.103411955915314	0.285004834182563	0.173960376429006	0.229340414108582	0.0974846801559417	0.173583786160208	0.171341138987116	0.0849359651509432	0.204757341975679	0.207221917010021	0.16559379305819	0.130210614568727	0.183527513110045	0.237597135184543	0.182891510638032	0.396522793106174	0.142122881531093	0.248312292350343	0.256599098783998	0.137377174534321	0.225000901253619	0.18721142277584	0.106153723665782	0.138190931295111	0.177912848818042	0.18184080019185	0.161192881358215	0.324735077603047	0.274305833443825	0.294186925293363	0.21133970658685	0.253026623462103	0.243726730384581	0.229593199023708	0.302901011874833	0.280389813956945	0.279075090864819	0.292686760129243	0.23740498582331	0.261528091962333	0.350336055820093	0.288773851269051	0.199997741571652	0.489124800147086	0.247173511162636	0.336471121429432	0.188706740694342
bm_700110762	0.435335029909403	0.383478682319855	0.32992772304582	0.416524514335067	0.394593888320571	0.398043447741723	0.276758547576845	0.389899381529941	0	0.425797272008921	0.412451212668465	0.273676689411585	0.385923975988304	0.417410899954331	0.380486904163635	0.425735539819895	0.388974916184912	0.359446369197407	0.428377606676478	0.299763782204626	0.342122326065137	0.370065520803628	0.415448859736767	0.380891400694944	0.377001241490777	0.361797933705526	0.3943813880106	0.413556111374364	0.29532045793264	0.379338576962306	0.362619017029914	0.42566872284505	0.409757376058521	0.393252807084494	0.420758632794341	0.37254699471004	0.376684237913347	0.378565384451753	0.407019689864949	0.436085608212467	0.419527479527377	0.365376871496515	0.446865842970179	0.378662489910938	0.394222690602706	0.416441243878465	0.369135931559152	0.387433226267783	0.383480835961081	0.421139724301182	0.404490173597042	0.349283146642483	0.458692454190144	0.409200351841708	0.435239713086244	0.380755270914855	0.337718290737686	0.383560039878292	0.373808690531785	0.468669353689916	0.415817728312955	0.43663744846428	0.447329445926696	0.316611683710591	0.43020746315472	0.3318095607885	0.396510144104376	0.431356742455033	0.348738403336545	0.414514941103394	0.331580885733421	0.380600811725445	0.402724978151379	0.261364404311289	0.42938434662797	0.396627291075857	0.41414855080047	0.409761896991054	0.412076025436937	0.41506045364386	0.436718129306982	0.435762000711591	0.445001075998122	0.400538712238568	0.438238130859185	0.425961201165866	0.41446711414949	0.433475855856036	0.414229037045675	0.367090052679495	0.423168394414592	0.437420459591532	0.41020733623659	0.389901416696339	0.443893349939433	0.397557072807618	0.408049296681814	0.438209966846081	0.429303639846067	0.409636331743731
bm_700016040	0.0467585047388981	0.246211738410492	0.333322038675762	0.100576136012544	0.169743817417511	0.195301324230302	0.489580417882316	0.161362127651246	0.425797272008921	0	0.054890547072452	0.373216900686899	0.196595669237429	0.212892026121933	0.150357046122611	0.0811862384830273	0.145906067311892	0.16791583500198	0.0724726444853832	0.298019159580572	0.4835310212987	0.347978500363491	0.12926619520047	0.287208973195474	0.281458924821861	0.272395975505337	0.265385819218868	0.192365760203624	0.325307617588379	0.223222761625387	0.226281832151649	0.199160751477851	0.231662017594368	0.203217954554618	0.105730986776553	0.237041701226713	0.259744639589205	0.218999807049843	0.173321272768565	0.153645097327919	0.0880541895053704	0.240886445496742	0.178846184113418	0.192064953559196	0.188361201797457	0.180625889165651	0.230596066098326	0.201863660040477	0.101594866015972	0.10847755328598	0.113771277350056	0.183881321906291	0.203436078535096	0.0921864335744446	0.296030569094568	0.186517883339896	0.312549450422638	0.194449750524986	0.266578399861107	0.0959241656730856	0.122449849238155	0.121236080150017	0.151209583741374	0.227621260868334	0.0979489062089649	0.269637230481272	0.2374685025169	0.0981754838804628	0.432905260137251	0.129121723566027	0.321164428076194	0.25397345540459	0.108637324086977	0.263600563790198	0.150356851673601	0.0929335509342342	0.111072299348197	0.141391831694318	0.104781125442677	0.131545613587189	0.251191526376119	0.220937740018491	0.258925015737554	0.170738184611288	0.207855837166078	0.190952492269605	0.175257156422251	0.224649282300298	0.231062574033021	0.23442564476836	0.211146128765769	0.18758602001808	0.228300630833935	0.323793599241484	0.203568826341096	0.17687924339504	0.485038512476792	0.210750987051297	0.307387886218056	0.161924174467256
bm_700015137	0.0469151677363295	0.245308742186332	0.336506652847002	0.0925229912754862	0.134399032640291	0.17629535681603	0.480430880732495	0.131245825624336	0.412451212668465	0.054890547072452	0	0.353508030844062	0.177000445819978	0.216619786712787	0.133028291089204	0.0583747885507809	0.149591986077968	0.149213391845109	0.0698951733795552	0.277144459482794	0.490776551119548	0.349720888759806	0.143950790186931	0.290071986883931	0.303470040117341	0.271321466164358	0.27977615581594	0.203010299927739	0.335594355209855	0.233756180868578	0.227027668846057	0.212681836970402	0.244822918251234	0.215544622177144	0.125969219744377	0.246706208937046	0.265337144254045	0.224970170045214	0.197465745412718	0.179283027310726	0.0526351525912245	0.211411182734833	0.187058958377518	0.183998880424884	0.16797630379296	0.163526766130675	0.223294588929516	0.175803814753675	0.0974202114777329	0.0940870989667108	0.111411130765613	0.178225577513249	0.206450193301884	0.0632917663048466	0.297625030517093	0.191621062935005	0.291713018314879	0.161841972186422	0.237934286055121	0.0938476894146524	0.0874997992826828	0.145143498828771	0.16074260448886	0.207531156215494	0.104239167578577	0.248814254668027	0.234523507088854	0.113774368680204	0.431214510396515	0.116688870528865	0.305101313931649	0.253504320448345	0.0931977966245105	0.253227621851845	0.160287676472485	0.066738488480482	0.0914798031156896	0.150738434186856	0.117595234688022	0.138440545205831	0.27837219684395	0.234687865552234	0.277091650771227	0.188531437077907	0.222659382681272	0.211158312078805	0.189588251984367	0.238119924173676	0.246081171464988	0.24059827758765	0.228624221925007	0.197830702724135	0.244950372730326	0.328782488592287	0.230590732289693	0.18532162074718	0.490420069639533	0.21949805045893	0.320769723460498	0.172431736400087
bm_700108103	0.375087567044634	0.267697965107389	0.347643234751164	0.332575520940108	0.293587316569558	0.281543291616749	0.240856184183047	0.309334691386098	0.273676689411585	0.373216900686899	0.353508030844062	0	0.271323960033132	0.321451835130387	0.268784343632924	0.349917845074282	0.290740908749668	0.304505622170124	0.356769844839993	0.260242134268695	0.431552753817026	0.360802619807386	0.345319026807157	0.292718453967808	0.395583042031341	0.33561895221871	0.35525261534842	0.300006676505584	0.363041928020092	0.323009420602331	0.28373951599045	0.345758609470348	0.351611703504627	0.346710883952108	0.383540694444969	0.33897655132638	0.374576786555275	0.328751137399152	0.385417958251439	0.398870431782264	0.341282814409198	0.2419597649403	0.35500329094322	0.290965551180075	0.297119511309586	0.312985716612485	0.27587014901219	0.283084668141113	0.344138304824326	0.334119669528094	0.34017091239401	0.314055475500229	0.390194755035091	0.340412874416976	0.3847404254243	0.283806270930124	0.19158767977588	0.278030132680886	0.248596669112762	0.419662859601706	0.348780411543398	0.39468472244784	0.367802949339746	0.191801079944866	0.347982631352661	0.176806846504113	0.313613431755609	0.360273449652891	0.308089883132963	0.328249480372281	0.285124037590058	0.325340014031255	0.328714022772942	0.277196083062834	0.342531054842271	0.32334536488188	0.345651375289252	0.312560583108776	0.347792769297348	0.327090565827126	0.416556398470765	0.376023151858747	0.379396848801315	0.315147229745083	0.366629800634692	0.356523309282081	0.342677680282659	0.395553042466139	0.379790619808775	0.327960719542241	0.370183140304414	0.379296340188625	0.323208605971682	0.331300951788885	0.412229307243021	0.299450383620019	0.442043071984974	0.33895545444659	0.385641801687933	0.331132141459291
bm_700016632	0.184871722630944	0.106470776531861	0.294532389464451	0.146929279274211	0.139110621092349	0.0723850080892833	0.365425168508688	0.153412660830752	0.385923975988304	0.196595669237429	0.177000445819978	0.271323960033132	0	0.146530511990565	0.0869856778923991	0.152535627848145	0.117722098872155	0.132023870667078	0.172920371698082	0.277305549774173	0.443304094003482	0.315178664756439	0.189461218596922	0.233412068578695	0.298803542333954	0.214432111057444	0.248062301501173	0.155745285428805	0.303861990803233	0.209770964476176	0.166042849598622	0.199095436915248	0.230238964515534	0.206485953068583	0.215006762829064	0.226999146130587	0.256032245394405	0.205341107724699	0.239054191979787	0.242272100196876	0.154972234251944	0.124858500724099	0.184589111679769	0.139283457289172	0.0623120955104833	0.0822529895902453	0.0956959373374089	0.0507809232636255	0.174337055162426	0.125215198532547	0.14014798629388	0.160560838427405	0.22403697594197	0.159362819192364	0.22909805512462	0.0594098385892863	0.139209977051895	0.0870079479749396	0.112805933754384	0.237536143562737	0.170356803574721	0.232781342577024	0.203575802001038	0.170708218276286	0.149903388849182	0.141578878452183	0.178359594167905	0.197888910034451	0.335096453476451	0.12306416554928	0.239820328739763	0.199979231622218	0.174448739380501	0.232840153614543	0.190645338045093	0.151484064523726	0.17030733395028	0.155378195785559	0.189801560658341	0.147833567236049	0.300995154028802	0.240221942101077	0.243961679610355	0.169445289910467	0.2208857803905	0.210311679497655	0.197533615481597	0.263495401120532	0.242044463629691	0.235025500222033	0.239097355342872	0.225686492423547	0.19036761708195	0.276847648018791	0.278793222269089	0.124582579579767	0.445470256042426	0.186911792132945	0.282757927846537	0.133427892825725
bm_700033460	0.212321669805101	0.13262553111137	0.227023815072323	0.161176523336879	0.22328379991723	0.158597943942654	0.419294604586714	0.229263708452681	0.417410899954331	0.212892026121933	0.216619786712787	0.321451835130387	0.146530511990565	0	0.138400046501483	0.195679096353517	0.104498137424842	0.16921549769798	0.188405045761275	0.329255101300371	0.382130508305572	0.238762305729102	0.186472927764229	0.157176937563781	0.22339898152505	0.200358544823387	0.124746828380038	0.112365235834222	0.272122697032888	0.128684579118849	0.136797616519163	0.114618342585304	0.119382594578371	0.112740376593527	0.21008035580359	0.143530682133331	0.210573989422603	0.148129838006323	0.201647989073578	0.199950288978331	0.20414814872711	0.222711970104564	0.110897069063299	0.16250942022737	0.162061002731898	0.148208289781314	0.194780858226059	0.175460101464278	0.184452851586984	0.157125116351851	0.160953916170811	0.177625392725369	0.15287356594133	0.217919765208884	0.172432696488554	0.158716360316966	0.254728758825935	0.184584396338702	0.230371031309135	0.265873896044963	0.248183591579862	0.215233446358965	0.148212019350669	0.203022857337721	0.163385158559379	0.22283659960968	0.109326950128099	0.159547495197194	0.282129824808261	0.153351475540068	0.229077318106276	0.132403465002511	0.204571492156151	0.255474206053716	0.128519749034469	0.202214748494815	0.187199249427358	0.139795597356109	0.161133744423026	0.145757745969201	0.188954803990122	0.151916213791608	0.115821686190044	0.125677036546243	0.102377900292498	0.116538658923338	0.133010362235004	0.164687681117784	0.174846171075836	0.174947383478074	0.175692512496831	0.166922839595583	0.0968231348315509	0.182681902661262	0.200277555778106	0.0967793334541878	0.380306957926446	0.13395383528241	0.161058550782788	0.138184814396087
bm_700023288	0.140228228498063	0.138829284986811	0.283718945103873	0.0950846258299177	0.131309668160061	0.0889330388706926	0.387912935821033	0.124960289237067	0.380486904163635	0.150357046122611	0.133028291089204	0.268784343632924	0.0869856778923991	0.138400046501483	0	0.116938667970953	0.0714839059133163	0.0935817812041376	0.122532291436404	0.255295515137762	0.442437717869882	0.285885633789151	0.12432229647129	0.207641491310057	0.278373860973879	0.202045258457024	0.224168077268409	0.11135825289609	0.287509463409982	0.174099281463698	0.127243934122311	0.154170500093673	0.190276869647793	0.175370985355935	0.166532205826884	0.196807232415492	0.232805377175388	0.166499528559448	0.192570939714113	0.198979665678757	0.121599785326135	0.149967835719267	0.144880226607711	0.110373654578654	0.0998785751663916	0.10589340299229	0.14926383939616	0.110522058112091	0.117806928111742	0.0929224814247152	0.104073810017097	0.142203054626243	0.198801697302365	0.130417017478067	0.224995500312456	0.110168292983265	0.210207995456538	0.108427012426023	0.175277715365546	0.197648688409101	0.14796921972974	0.186058518282455	0.15447797963362	0.141038262900556	0.110034679295876	0.147621365173258	0.143871012752475	0.153462257246303	0.33658051006312	0.0893121268540412	0.24045115503675	0.176603100433832	0.140374585635753	0.225358329100774	0.137963729539919	0.106270734368273	0.137374560779557	0.0968122926140501	0.146048348355342	0.0969140796605776	0.265898591421296	0.198752862260491	0.22333967248756	0.11854414773441	0.180692438542012	0.171562685189362	0.148760432476922	0.22905985433149	0.221636840963638	0.200856563304028	0.214159655967419	0.17732154200388	0.157491321868228	0.253534987325606	0.235689545486915	0.101684286002868	0.44500058469994	0.146960050329803	0.265902955824288	0.114845563260901
bm_700014607	0.052146936012004	0.221382996109337	0.341011848231321	0.069091975930344	0.112596300301029	0.145841447708743	0.464600373496596	0.11025918451245	0.425735539819895	0.0811862384830273	0.0583747885507809	0.349917845074282	0.152535627848145	0.195679096353517	0.116938667970953	0	0.128469766127195	0.125151775491699	0.0544995171988671	0.273160106947932	0.49523449129559	0.350297127415521	0.14823082373364	0.287258570957519	0.310697131831779	0.255172676332649	0.265778562811654	0.185725299912921	0.343104142171356	0.223275520614914	0.211664848536141	0.199389986830572	0.239073221028079	0.210450836188826	0.140879013371494	0.240191463160749	0.27063411954246	0.217559615427381	0.207436230474841	0.192605261551043	0.0407362630997657	0.181724346249644	0.151258755396914	0.162896884740233	0.140243602555667	0.129110790812611	0.186019654470939	0.148664131807486	0.0972917318660846	0.0625879775420358	0.084357438089106	0.169977268522279	0.180896921354928	0.0499000931073528	0.274004310488226	0.16547142955366	0.269055943601807	0.135793355872912	0.218065017993677	0.110042770509312	0.0977434227441748	0.156932920360059	0.15135487361892	0.210520484884819	0.0818712064945127	0.238219852341112	0.218642053228471	0.1147627782771	0.414979288606922	0.0865995802032567	0.302422035449652	0.234881980910916	0.122705163502801	0.269572697032658	0.145027782605351	0.0848919193897153	0.101699264624079	0.131865113314635	0.129630316594303	0.110782247385258	0.2853139696604	0.23043149109299	0.256469247433306	0.16978157430694	0.202728908281185	0.19074181742038	0.181006551245252	0.248702515142504	0.236696063949187	0.244767072759942	0.237326027171601	0.191454991235623	0.223056334195706	0.310917064609226	0.244190213410747	0.167395662905384	0.494764589066888	0.202027017905252	0.301655375011265	0.14965104804853
bm_700014517	0.144103421585997	0.13658293389612	0.257256576955001	0.0951979865571355	0.153505689516053	0.120776763015225	0.405155379520297	0.155822251610343	0.388974916184912	0.145906067311892	0.149591986077968	0.290740908749668	0.117722098872155	0.104498137424842	0.0714839059133163	0.128469766127195	0	0.108919375364968	0.125857689027472	0.2722154410066	0.422885002512536	0.270214003103895	0.117144525757736	0.186907340967868	0.245874629104705	0.189406221179511	0.180026603579625	0.104422124203946	0.265639112868576	0.135302267556283	0.116009153941576	0.121675426048638	0.153621013853695	0.132797581767443	0.150188253469027	0.162883017814671	0.207025516267881	0.145679405933906	0.163559634157785	0.164806495336172	0.135824333264404	0.183231174032916	0.121176049327006	0.122967493853384	0.127028508367943	0.117449748008735	0.164884398147345	0.142244308335221	0.113032374586603	0.0964905242332979	0.0974081958877804	0.135911886632062	0.181066128017398	0.143345268996994	0.205106296583881	0.121766147963826	0.232472539083999	0.139971944439871	0.205198327404866	0.204811286638726	0.174820435223622	0.170180687270645	0.128340989363226	0.149755205253514	0.107474133314081	0.18116761870559	0.130625628249716	0.117973274753721	0.333733191900852	0.0949283200063928	0.24183472830549	0.145982101126889	0.147256504449432	0.224149840682583	0.110768257475249	0.125141107890939	0.131733151395638	0.0720904176829268	0.113511755044684	0.0944077989127429	0.222399302106299	0.16618637813953	0.174833675307902	0.0892402463419465	0.136395159001458	0.115347772843279	0.108774901095695	0.189632542803061	0.183683783206812	0.167964245093983	0.165152723638752	0.149299033544653	0.134664723968173	0.235158457782814	0.200907571874737	0.0750482411470097	0.421768351433791	0.128172133232084	0.223218963968994	0.104263464538996
bm_700024550	0.148256254956859	0.176314525479499	0.28167997986699	0.110078382094223	0.158144266466995	0.0985011881445298	0.395277882881923	0.13355521176182	0.359446369197407	0.16791583500198	0.149213391845109	0.304505622170124	0.132023870667078	0.16921549769798	0.0935817812041376	0.125151775491699	0.108919375364968	0	0.128563626250427	0.236042701758918	0.434697710791536	0.286245999217303	0.15498869928398	0.215501059119534	0.269085150895723	0.183252677376078	0.230832773589556	0.138196765386072	0.264226684489136	0.179770512931272	0.156145663723071	0.171434243887131	0.203063285976651	0.183228695381942	0.17358140943853	0.182995079054656	0.216698704213901	0.165163064087796	0.189414594408278	0.217714814073517	0.123024727827772	0.180594595188779	0.174212521739665	0.106269319810803	0.104507822015738	0.0972420674197019	0.143639732384629	0.118307283471768	0.119757929685793	0.104141260488659	0.105789934689912	0.174442239438218	0.212569846064517	0.141371456314164	0.250019100116008	0.13330754083084	0.245335104757063	0.13931328397303	0.179538799999124	0.188139994033889	0.165688136361126	0.187335586982076	0.180744220083203	0.174312477619993	0.133115609363564	0.189949904528734	0.156658611281528	0.182072269329383	0.361843927506037	0.10291793337053	0.244836862279621	0.173046735772289	0.180665310423717	0.225255881265923	0.175197196581147	0.142566980584264	0.164686509602364	0.116845064986831	0.162824595274483	0.117240258213655	0.283383046914058	0.21903818650042	0.232932410925486	0.14868310495687	0.20534457016152	0.193464511783129	0.166410642786578	0.245088082374837	0.222521204337599	0.199148900714642	0.221944031569532	0.197375886077539	0.187886646849004	0.274786138366272	0.252031523964931	0.129799885570932	0.455504895270045	0.171135537242749	0.274707599908283	0.116237451327705
bm_700108604	0.0503510384256062	0.218379583232026	0.328961766594399	0.0556832473542107	0.13759261137516	0.155467892272085	0.470213016984679	0.128870690908016	0.428377606676478	0.0724726444853832	0.0698951733795552	0.356769844839993	0.172920371698082	0.188405045761275	0.122532291436404	0.0544995171988671	0.125857689027472	0.128563626250427	0	0.281955723196763	0.485973373808113	0.335192004309885	0.105233387085152	0.271469700663845	0.284793749611935	0.246521484419217	0.23595265594313	0.160241501322955	0.329323266053621	0.197530531829434	0.198483818005558	0.1641874733605	0.20555177080621	0.183412630728413	0.101772490062162	0.214421349290036	0.256444148676211	0.193869007599057	0.175690515556671	0.154999732045091	0.0692065524306349	0.214095827080001	0.139574358819047	0.153447449980052	0.160601034786528	0.140832315606912	0.202829032113519	0.172955123471592	0.0873685354281843	0.0736060991814051	0.0904188618162389	0.17651314980801	0.172681819364526	0.0837397352381362	0.283604293682803	0.173065797216959	0.290627531970674	0.164361873644552	0.24070582665844	0.120894612579935	0.123228347034637	0.120559154445625	0.114374902455054	0.211744977347462	0.0573747322935954	0.24914153853424	0.20707166889748	0.0811380233213152	0.408932081726226	0.0904266464384492	0.309691293821762	0.22347182744629	0.132107010190333	0.273117130988288	0.116463149274906	0.0933411104219528	0.116368989227992	0.104241327191624	0.0923471535825658	0.0960949347051694	0.253527929617775	0.196177596437215	0.232438166632205	0.144980768598466	0.174922193729492	0.162832025767159	0.143670325652802	0.212298951405288	0.20696831116069	0.219177152677438	0.202168187991226	0.151891971914699	0.19826783018089	0.300686856583215	0.209018506335312	0.150683924694702	0.485301301049188	0.173679292663765	0.280090974920564	0.122470172058852
bm_700108226	0.287998262486182	0.324040677636932	0.360644418528258	0.270560390973541	0.218474867477142	0.295591498827777	0.354658329877502	0.213227592804387	0.299763782204626	0.298019159580572	0.277144459482794	0.260242134268695	0.277305549774173	0.329255101300371	0.255295515137762	0.273160106947932	0.2722154410066	0.236042701758918	0.281955723196763	0	0.490673736772626	0.402755252818169	0.298230619114729	0.361853403128017	0.393252195639825	0.302443569017837	0.383070719154691	0.320908690032796	0.37743592311579	0.335607459718591	0.308838648965074	0.341320980966797	0.361372592535822	0.32357621389131	0.3035982850693	0.334486872124995	0.344445055913716	0.326537039677924	0.313218477106509	0.336136408526275	0.256846120319512	0.20414812596627	0.333575713065716	0.310089508233586	0.269010155301243	0.295571908056109	0.305013658622464	0.268604248418638	0.259418494389837	0.273416208400592	0.262659280866277	0.265672292671256	0.338511168514729	0.261612526722833	0.367518667089491	0.291000978984893	0.238654193833565	0.235846714839591	0.291003426300081	0.330682092415362	0.25062113143651	0.316343799078111	0.320842604079026	0.188668606808489	0.282247487660089	0.219073476287039	0.322985320915611	0.310303672757682	0.435445849570236	0.276443510011489	0.275634795271594	0.33098822848456	0.267312556607768	0.243536766639526	0.308421170769925	0.250727429833224	0.273542259904146	0.290348996703994	0.29329589810024	0.281084024161368	0.38884198840211	0.355382246906645	0.375493256148795	0.311760686436922	0.341758717825763	0.334904733483093	0.320954702469252	0.377723587018807	0.357365852403469	0.346707148394953	0.368508221932215	0.329157466275729	0.351309875403803	0.410223811869918	0.365169354566786	0.305418062284221	0.511399293186982	0.343909857336768	0.400185415537703	0.304737305963485
td_700038581	0.49655639790852	0.406920681716782	0.228029530889898	0.473312357861101	0.484329080975931	0.460511676914118	0.397274281432629	0.475166592950299	0.342122326065137	0.4835310212987	0.490776551119548	0.431552753817026	0.443304094003482	0.382130508305572	0.442437717869882	0.49523449129559	0.422885002512536	0.434697710791536	0.485973373808113	0.490673736772626	0	0.223313296173235	0.43599184442087	0.313991651328611	0.252579554781876	0.309801785290335	0.333290882945326	0.402755708525656	0.245814738265998	0.358141297238374	0.362218813928994	0.391548234121376	0.367620239372429	0.347589185493202	0.43591567802173	0.317090569017014	0.294246912875374	0.341783580489828	0.371857595196813	0.394620614202338	0.494394411570273	0.485739097314737	0.431353126656147	0.448499813013521	0.459616131061854	0.475197652249328	0.426901304391366	0.46008147107398	0.443026620734418	0.484368118155992	0.458977951984035	0.390310876390906	0.408493209449291	0.494627113583919	0.368220856483015	0.436979545676008	0.457817791050202	0.468692552930832	0.451743278683363	0.514859033479809	0.49455474797061	0.428682754522349	0.426871966096088	0.423232690996353	0.465392229378877	0.441698402115006	0.341576061283092	0.443652143355711	0.20561971135555	0.469197790525541	0.311958155033992	0.321724519317358	0.443837174262224	0.352716572802067	0.428581609973357	0.466288513853229	0.43851861293213	0.438015367424062	0.425127712757639	0.437311776483931	0.305356522618319	0.357299800214815	0.350874310941334	0.415888979748182	0.380026592954683	0.395538514459223	0.399379613028062	0.373044554903498	0.340717369887185	0.334102337302717	0.388902890439652	0.384409226193787	0.378913489765217	0.290256338094898	0.355378477177642	0.423447581448418	0.222101974171866	0.404962755082224	0.297081017280001	0.436337858777291
