bm_700109181	bm_700038583	bm_700099010	bm_700038015	bm_700033734	bm_700024454	bm_700110295	bm_700033003	bm_700110762	bm_700016040	bm_700015137	bm_700108103	bm_700016632	bm_700033460	bm_700023288	bm_700014607	bm_700014517	bm_700024550	bm_700108604	bm_700108226	td_700038581	td_700103608	td_700110095	td_700103490	td_700038437	td_700014409	td_700033454	td_700023286	td_700103566	td_700038686	td_700102525	td_700034087	td_700024452	td_700033732	td_700101082	td_700033136	td_700016125	td_700021312	td_700016301	td_700095473	akg_700015140	akg_700105102	akg_700014606	akg_700038016	akg_700033735	akg_700015272	akg_700024551	akg_700014518	akg_700038689	akg_700023061	akg_700016041	akg_700099011	akg_700106863	akg_700021315	akg_700016128	akg_700014418	akg_700016635	akg_700038584	akg_700105978	akg_700016304	hp_700016347	hp_700014734	hp_700038014	hp_700108102	hp_700016629	hp_700101645	hp_700021313	hp_700023059	hp_700038582	hp_700024501	hp_700016126	hp_700038438	hp_700014974	hp_700110761	hp_700110594	hp_700033137	hp_700014412	hp_700038114	hp_700038217	hp_700023497	s_700016036	s_700014965	s_700033448	s_700110357	s_700015191	s_700014501	s_700033134	s_700103488	s_700014403	s_700015125	s_700024087	s_700014559	s_700102523	s_700014611	s_700108222	s_700109321	s_700038579	s_700108477	s_700033730	s_700015991
bm_700109181	0	0.100523447824585	0.136153325796209	0.0822091063995459	0.0893499045834883	0.0789006936753042	0.240228097228236	0.0961511189368746	0.102410089189058	0.083713389281387	0.0737992747518651	0.117060977109307	0.109033168894764	0.13729921740256	0.0899291381488359	0.0650720842234016	0.0951455237220068	0.0712020604203687	0.0696294944516362	0.176272263899277	0.133006518611273	0.118072647888334	0.0804141345766499	0.0983335866679786	0.108755323517649	0.0968117471926482	0.127207325611485	0.0904156300142251	0.106461999077274	0.101686940697691	0.1334532289334	0.0971870696359051	0.10233695905282	0.112914203541004	0.0922327597769955	0.128033490653962	0.0995548644104955	0.116564344412564	0.115527924644242	0.0963946999190632	0.0628247509102457	0.0655371999310692	0.0707106098224673	0.0798523905948927	0.0737675790697261	0.08235275328597	0.0691977050003122	0.0691521382691187	0.0778860967973624	0.0693996951719703	0.0765536272960802	0.0849098956979757	0.0736703253699142	0.0616786136009322	0.0942055535347107	0.075835214170896	0.101586827908863	0.0682515252290594	0.0674296711567394	0.087212534514286	0.112963232450303	0.0838381393763456	0.0931697145188449	0.107542868745142	0.115077015035123	0.0904523291021422	0.0973831629364676	0.0818307908474753	0.127877357589725	0.0779509623794143	0.126908416789509	0.100714493046104	0.0967170845422571	0.106359339912291	0.13661466661291	0.10345615838281	0.0875382472957876	0.07318166685113	0.0879118274816753	0.0724633654091105	0.12174974907585	0.145567055074654	0.139374849018322	0.128510489450352	0.12727312933212	0.119895518165769	0.114135861006281	0.0952474234414698	0.101394621182432	0.117616042437816	0.10907015835891	0.107597995555233	0.15707359283959	0.113474048908962	0.114683510572654	0.143479093637511	0.11491916205015	0.16557799779113	0.142098444018981	0.105463216535452
bm_700038583	0.100523447824585	0	0.150762399539597	0.0998908520431486	0.114937656782223	0.0944517479029531	0.259824762413612	0.129496919834159	0.127473109206814	0.112966180885851	0.10614957659237	0.134786502553468	0.121362029801312	0.144635349441545	0.110119779077298	0.0962187095881449	0.112269970373807	0.0956632422002432	0.0878185943757922	0.195510649492327	0.153481236837441	0.146192034064259	0.114988137572662	0.117779524254289	0.136769280786107	0.126064226084251	0.141977982557547	0.109901014094304	0.138421097128503	0.121961746059064	0.158963338996042	0.117563908736538	0.121115344027145	0.131928776072016	0.11607302783446	0.145292403836049	0.12906242765025	0.138429071306462	0.146180687054726	0.124027951615726	0.103169512372317	0.0985601024626026	0.087991904310758	0.102635555161934	0.0993402763778603	0.110339772575104	0.0957119807333139	0.0967335689773653	0.101277487879305	0.0957150408520264	0.103544477429447	0.101992304806587	0.0900878175892273	0.0917592008220774	0.117458278799375	0.0971439822709677	0.118431485896482	0.08106272338727	0.0988386626119721	0.122247610287404	0.135174489867601	0.112619181293159	0.11692103810395	0.126651969906748	0.139971750860323	0.116190585533613	0.123905033124668	0.10442489815333	0.134720922199162	0.105140295833068	0.152668741814322	0.124846120143611	0.12492000972537	0.141113018783656	0.158121515973876	0.127052153022465	0.114667227167243	0.0968879597842326	0.115096157529551	0.101724466241027	0.140849066792228	0.161441633093777	0.14521683900682	0.138186875195515	0.138924877547786	0.130017743104374	0.132128711273444	0.11395156144791	0.122992961391912	0.139408175274665	0.126632403016294	0.124771493452965	0.168276776792596	0.131074623228468	0.140206218496273	0.155061866330664	0.129603554919805	0.180869142957913	0.151431113656495	0.125210832686222
bm_700099010	0.136153325796209	0.150762399539597	0	0.136619290295928	0.165612686582083	0.149398435385873	0.258492158892532	0.156375483713747	0.145552469253346	0.13448020030599	0.134584467708544	0.149586576845109	0.16325331271811	0.163722359673175	0.134098467249079	0.141641146132842	0.13500767989282	0.132780427212675	0.13072856177436	0.194662616886204	0.136734569658521	0.138252388539922	0.119640545500782	0.122599948335368	0.127217198403243	0.133520908931202	0.145879030826899	0.123595827114908	0.128365278999623	0.141590240946376	0.165565020207393	0.130293511174627	0.141436587248396	0.130650450568975	0.11587718023686	0.135622115991678	0.119960607114151	0.133855288326284	0.125757454767481	0.122386834520507	0.144439524180578	0.14647235880763	0.146774863827509	0.140794967467253	0.154125514677904	0.164438427451901	0.140074633391636	0.146456656154675	0.138726639930462	0.142983376742718	0.142462709828934	0.104420832886135	0.152057455180708	0.135292136913285	0.165801498140308	0.14564396010186	0.161718987064968	0.148169429168359	0.14431904038251	0.158217675178674	0.168543855912635	0.12396556539993	0.131941083556765	0.141780928781768	0.158536664633661	0.130378502062956	0.121008775951398	0.132444149203794	0.138200076145582	0.143152509727324	0.150846474625976	0.122375777887202	0.131206789085562	0.154078853451697	0.181048506120405	0.14292545785351	0.144926529788525	0.128948131099506	0.119852788186959	0.124507251085309	0.135240159568438	0.147601810652139	0.147929533730605	0.154458531538376	0.138451698315628	0.136261859495654	0.1375229634547	0.11543310563742	0.135949995426574	0.11790657502244	0.131039912100882	0.129215902655167	0.173481212267145	0.12993491886944	0.122040460353538	0.174304205507745	0.123609117411506	0.198240565760108	0.154427796331454	0.136834771793881
bm_700038015	0.0822091063995459	0.0998908520431486	0.136619290295928	0	0.101369805183238	0.0913453476870026	0.24157631405574	0.107058074463857	0.112387036667035	0.097981561332876	0.0843646138146937	0.116555610789085	0.11565738776875	0.131037566754424	0.0897679793421884	0.0825826419121677	0.0959065998161025	0.0800015099563866	0.0756298958409301	0.185534885855897	0.137001715788459	0.1306867475975	0.0946246334418931	0.103841241934661	0.120040393567005	0.108093779459925	0.131275831617973	0.0873507535989062	0.120647257547297	0.105955984994697	0.140302645740667	0.099973899644412	0.107520331082508	0.118448662767212	0.100739286708665	0.128789876055141	0.112489003396397	0.115927370651072	0.129508802922882	0.109041187745989	0.0847547454455885	0.0845362708388221	0.0878639154040234	0.0730719493101387	0.0893077776937672	0.0983808733199083	0.0848647310261751	0.0813410378336772	0.0832180967826202	0.0800181060746595	0.0930107447022253	0.0947127514588334	0.0932840557428544	0.0750866019179797	0.116870512640245	0.0913298460637436	0.110878755527898	0.0849787818739564	0.0866782422544096	0.103009470397316	0.119829089019412	0.0937776506575179	0.0870520011333608	0.109318519380547	0.117587004814996	0.1015151049805	0.0979950749958035	0.0834813563384272	0.127934427686882	0.0901697930321097	0.134282119045096	0.106823941877401	0.106697069802313	0.11762877431859	0.144468517130131	0.108374707292386	0.101282982691008	0.0816055482409287	0.0959446391019959	0.0817847773836231	0.1272027242651	0.145516954006974	0.136345487849374	0.129360822729668	0.124241802539474	0.113396652475831	0.115255797445158	0.0943591178861593	0.108012675145727	0.114089199780074	0.107674185810185	0.10644768129556	0.160036435515648	0.113649592507221	0.128702003741163	0.144152297417628	0.114404012284701	0.16718201373904	0.133771950348792	0.109506660839784
bm_700033734	0.0893499045834883	0.114937656782223	0.165612686582083	0.101369805183238	0	0.0940009499769989	0.24888070573932	0.108898881057541	0.123181125187781	0.107407799125767	0.0948867761660532	0.135427742611852	0.111780284369908	0.147624482334571	0.113540143005825	0.0855577027264429	0.115001025809868	0.100690324809265	0.0944940311491047	0.193952311958776	0.160641512565305	0.149569332964481	0.109572710263381	0.127857991728968	0.140145730894277	0.12674808443828	0.155145025615092	0.119011143857856	0.135972287386247	0.128127862928125	0.158661169025657	0.129392808788036	0.131477933472796	0.132395790393483	0.120304077518838	0.150589938396683	0.129055681987103	0.143563548446649	0.143934649266281	0.126580448008081	0.0861937160127189	0.0845526212541327	0.0967978091336949	0.105335652024743	0.0795958990388659	0.0945353985933059	0.097200047219642	0.0824197631847839	0.0988385062555416	0.0818229060160482	0.0880403077943346	0.107881670793546	0.092396085237038	0.0815700329945574	0.110501087738182	0.095005339013688	0.10145216034888	0.0874005642903579	0.0881597864439198	0.102152458464752	0.108103026825961	0.110519984529648	0.115414968291474	0.122348549531651	0.119726184151466	0.108952891035985	0.12463977432853	0.0963239374659157	0.152215464522112	0.103078311900031	0.136011019107761	0.130736602962217	0.113688569931698	0.119312956442114	0.149054361892096	0.110002243714779	0.0990064330619693	0.0985829081648323	0.112770020575389	0.101428193141738	0.147272278306405	0.163379336001146	0.16574281980558	0.147445141508712	0.150708255541356	0.143984035561707	0.135785888184379	0.120202602195401	0.123529487315082	0.144368158638341	0.138464921602327	0.131617403408861	0.181343662388047	0.14477953240716	0.15010836059054	0.161445273964946	0.141312283886096	0.183773307299243	0.143716129986248	0.130773011673906
bm_700024454	0.0789006936753042	0.0944517479029531	0.149398435385873	0.0913453476870026	0.0940009499769989	0	0.249711896524208	0.107301365069817	0.117651244971326	0.0975347840008506	0.0926918892670357	0.124972188099913	0.107041880404977	0.141920465727731	0.0956895100805783	0.0782194487073288	0.101346240035488	0.0763119896009572	0.079671128818601	0.190413251162817	0.147610812315213	0.134378501616223	0.0998433643615224	0.110464232293835	0.12607159717312	0.109411149397341	0.136535661942208	0.0953446771412818	0.125727099283318	0.11318452147282	0.145605273053611	0.110234142637941	0.11037334453441	0.12209042740142	0.108103272528923	0.140825613327643	0.115039266125458	0.129511438645569	0.131977402921922	0.112325119520531	0.0746817281093459	0.0776273715780418	0.0799474999779426	0.0884111852476367	0.0739040782336101	0.0796943589168565	0.0771689568602557	0.0740182407645561	0.0907585866763548	0.0763573106291883	0.0843194268062602	0.0959378264289498	0.0789435800105451	0.0797280648959599	0.104444554390315	0.0830536768275638	0.103326695258301	0.0708228960762465	0.0711907357474692	0.10097759624548	0.112471982882098	0.0975743421777838	0.106323467279792	0.114187637321431	0.119333238104822	0.0928038628079538	0.111411082164076	0.0927751825712614	0.137460644248803	0.0879433221341178	0.133496807704262	0.116895842381996	0.105224058206585	0.121565695220441	0.14758197572209	0.114624854574559	0.095747965048977	0.0827999773506542	0.0999269033687105	0.0907710281809013	0.134188729582782	0.151012971887896	0.147291376127567	0.133207012228525	0.134674484339284	0.125934829969641	0.124083949554501	0.104456794865165	0.106260589658072	0.129016190820068	0.119881021690993	0.114983446879745	0.165414247935062	0.124271331568218	0.134832605363852	0.150140391322173	0.12814113088809	0.170648927210609	0.14612437640309	0.114123419501734
bm_700110295	0.240228097228236	0.259824762413612	0.258492158892532	0.24157631405574	0.24888070573932	0.249711896524208	0	0.230820934919875	0.244492584852122	0.246344827801871	0.23919567571721	0.251634120144951	0.237743079803987	0.25600446107233	0.229344059086648	0.244559952137063	0.248131423387415	0.245840958036056	0.240233413346875	0.284452262762342	0.279111618500138	0.251648772976159	0.23269634095798	0.245233334610244	0.257739123986294	0.239014637307247	0.263362170298733	0.231343411100927	0.250528211111559	0.250274489298017	0.226940414016192	0.243399161996542	0.256218289659446	0.242267186112511	0.239175126014907	0.243921191444936	0.242195686550477	0.261425159826985	0.230862525730405	0.240441523755958	0.247269475058972	0.246001625436779	0.258874428028632	0.246032896722892	0.250144668787381	0.246631161099503	0.251648214560335	0.245451585850681	0.247267889158033	0.246760802917075	0.249275103667106	0.247376936600036	0.266595911659063	0.242237567737235	0.269573965582152	0.251830213445514	0.239580826278959	0.252325818657142	0.246333436119073	0.247480891289729	0.247470527092046	0.240240203683288	0.241957131310699	0.245187700869152	0.236610210454639	0.23776758309032	0.245854561045515	0.237856884948806	0.262600379432384	0.250980014185996	0.24653169607303	0.239786189282191	0.247856191396353	0.239198177420099	0.231377764842385	0.232906126614534	0.244597544690298	0.243920364989517	0.248362719221488	0.237565860958257	0.263305725627299	0.25323250726136	0.276954726213748	0.251861484731627	0.254190391428272	0.265554064088937	0.249100475870796	0.255533024097541	0.25244402411865	0.252247752125023	0.26657824338241	0.247727510053998	0.252353560755251	0.256092981148664	0.262473909416689	0.244051503361496	0.264132181046004	0.229175998260423	0.251053256005399	0.230660915281507
bm_700033003	0.0961511189368746	0.129496919834159	0.156375483713747	0.107058074463857	0.108898881057541	0.107301365069817	0.230820934919875	0	0.115758148319933	0.099637889675126	0.0977058155992567	0.136925525533508	0.116502494275959	0.148815538612723	0.111686269481872	0.0925302837277294	0.120303764805977	0.102097599694256	0.0977344734993161	0.169870272186391	0.162471083832622	0.145211612234712	0.114104478037003	0.130008629758136	0.137819124870824	0.114032442395778	0.158769255992444	0.114022457920855	0.131008618478136	0.135006808764135	0.153596270497072	0.131551219965465	0.141363792161651	0.136690655838165	0.113680841456701	0.147903176503738	0.123325553856358	0.14305956699767	0.126779780120419	0.122945764086514	0.0878139036828752	0.0927876687490737	0.108179239417546	0.108207718624541	0.104277856098699	0.102770312068449	0.100333050365422	0.0998289125600116	0.106348015239391	0.0980785023198269	0.0997660349382911	0.111770411578149	0.111898668524479	0.0860685638583674	0.114752352075369	0.105092093379187	0.108189804644925	0.102312880162512	0.0943886022416375	0.0965231578950895	0.110883423884182	0.105869475215328	0.115523904050313	0.126631040481685	0.120257684332226	0.107871641645357	0.122284711434714	0.106529031312721	0.153847267241396	0.106891420845506	0.122665930749067	0.125792768984156	0.115660291531032	0.11461254708981	0.150735975302832	0.113039288685457	0.101511374762799	0.10807595482684	0.116859433670308	0.0985054670584363	0.139377909137034	0.160114993453691	0.163843781609826	0.149238840143531	0.149467790631145	0.146441400234378	0.134986750467757	0.126480424565784	0.121659174029286	0.14013297667687	0.141913362678457	0.128457015551099	0.176535992524376	0.142305191893455	0.139736322749157	0.156324221141154	0.142462866185364	0.188250573688496	0.158528645782436	0.102696601179754
bm_700110762	0.102410089189058	0.127473109206814	0.145552469253346	0.112387036667035	0.123181125187781	0.117651244971326	0.244492584852122	0.115758148319933	0	0.0971849029825101	0.100546387546612	0.132426637283571	0.134527062561893	0.166396769408105	0.118512500864148	0.0986617118058375	0.125453006460536	0.0994255799790505	0.0947249025871517	0.190205699169558	0.155131154566038	0.140627666086547	0.109853347719614	0.121678472880145	0.12792665453862	0.116143723277709	0.161026975839916	0.117783075778926	0.120677590694827	0.135180386738696	0.165065751787964	0.131782158413411	0.137587493987258	0.138418818791943	0.104057974284058	0.151032427095185	0.115568554979556	0.142752639324469	0.125194973676837	0.114029627980028	0.0975916977415765	0.0970526924521502	0.111746600727437	0.0991658719478806	0.112885389284514	0.118337761384675	0.103856810567818	0.107610928465705	0.0986392188164689	0.102251007689274	0.10455976674301	0.101665207153843	0.111562524535395	0.0931249072331713	0.128776384728846	0.1062043906896	0.126175730555877	0.104366398511665	0.104861467644103	0.109499200404382	0.13570788866216	0.103316643773479	0.12010718009949	0.121366631147698	0.136337982740707	0.118703322719338	0.122678528610044	0.107121644521198	0.156855453282318	0.111651603027552	0.137356533202679	0.12627329696855	0.113892682083485	0.103465294065682	0.168719354837629	0.124182565788923	0.105113357853744	0.107510860350142	0.111207707121175	0.0992941512308434	0.125502995845051	0.158258439533785	0.164676826335248	0.148291253164403	0.147403014618991	0.146590095199846	0.133751199616793	0.112311784550667	0.114401666938243	0.132967630533328	0.137420505319413	0.125314675692751	0.18364898160031	0.141597232312486	0.129742578123211	0.16648294413798	0.140047405036084	0.191578352273495	0.163850951668999	0.121003683199088
bm_700016040	0.083713389281387	0.112966180885851	0.13448020030599	0.097981561332876	0.107407799125767	0.0975347840008506	0.246344827801871	0.099637889675126	0.0971849029825101	0	0.0891352718775872	0.117507285372041	0.116717037635328	0.141732748664521	0.102707814169489	0.0852947112102312	0.0996028211614133	0.0910787376362549	0.0849348010437015	0.171212100736874	0.139950374702602	0.133034104352952	0.0993271647743257	0.10700625347544	0.122010707958464	0.107747829688981	0.139088739087019	0.106354046130284	0.116001818648654	0.120478682978514	0.148736690298452	0.115461495497884	0.122257996821721	0.125835655319397	0.100378103354058	0.137242817404392	0.107054992008511	0.127988929071251	0.115705389192934	0.108581589186657	0.0812855983107251	0.0828305115278804	0.0963451349305738	0.097404628440721	0.0950354711315213	0.104621862582577	0.0911209985457735	0.092321190506797	0.0880631358331972	0.0870329256488317	0.0847160360607069	0.0927200557611705	0.0957099034264507	0.0794132077180661	0.111980844997058	0.0905087067636776	0.107016841039453	0.0881682296911704	0.0902824366720159	0.095171724592443	0.109985870962835	0.0883820582782856	0.10329345834849	0.112175374733315	0.122422841172803	0.106282367875186	0.109042594953864	0.0947335692007316	0.140135768755987	0.0961302788583434	0.126415424963935	0.118219287883572	0.0944501173287487	0.109094885011572	0.147711081460472	0.108717842647579	0.0960358395742817	0.0931082887782655	0.0922908126860013	0.0871858645745581	0.0955579696492065	0.136116090629101	0.136827646407973	0.130051605439908	0.128696039860168	0.118675781650925	0.118100725035937	0.0994163102763812	0.103742268314112	0.119749481259621	0.112462177100238	0.112468788743588	0.15733915306859	0.124009010150995	0.108310712839018	0.147553898574487	0.120700396397056	0.179195503725136	0.148683573785326	0.108700621103584
bm_700015137	0.0737992747518651	0.10614957659237	0.134584467708544	0.0843646138146937	0.0948867761660532	0.0926918892670357	0.23919567571721	0.0977058155992567	0.100546387546612	0.0891352718775872	0	0.112271221225251	0.113167612641685	0.139699534314708	0.0907409630729668	0.0702465662731808	0.0993876747129547	0.0789681726434098	0.0733283291830008	0.180812474920149	0.136062907106076	0.125078555145964	0.0875182783459411	0.0997326863453147	0.113479990453323	0.100554451071103	0.13311087536036	0.089525403508482	0.110909736437783	0.105923641550203	0.139349764979532	0.105375254874942	0.108886618246058	0.115766167171158	0.0907133549946554	0.127451330989699	0.103635744911631	0.121142840422292	0.116555164056426	0.104420765876237	0.067762956056807	0.0786141593479758	0.0841354846340159	0.0834606279430608	0.0894265192344655	0.0943364685403602	0.0819773638328143	0.0805825304523693	0.0829819538991999	0.079235341109981	0.0861342335592051	0.0891240812244853	0.087971734331215	0.0682875988912542	0.104591752801377	0.0890234993663656	0.100476406875618	0.0839722485205052	0.0816359707349903	0.0948300634550237	0.113481285978034	0.0846013597872034	0.0959637369231579	0.10416313515193	0.115311125284946	0.0934209793027642	0.0998294933124679	0.0817723805523425	0.133485393684831	0.0871979486929775	0.123726094358202	0.104214085011661	0.0943356197483086	0.106027618576529	0.138265500143457	0.0981392579614182	0.0869911561452377	0.0807544778527259	0.0872404106321926	0.075793824390062	0.122346606244585	0.143357180294935	0.143516529834315	0.127600740727422	0.124328468675274	0.120930083993558	0.11385006378784	0.0928547009845206	0.107140652995828	0.102214554304319	0.114816279518838	0.106845005322261	0.163222264798326	0.116912125787408	0.122951214224951	0.146561258606724	0.116286767075044	0.166655494627426	0.140138828874699	0.110129718878956
bm_700108103	0.117060977109307	0.134786502553468	0.149586576845109	0.116555610789085	0.135427742611852	0.124972188099913	0.251634120144951	0.136925525533508	0.132426637283571	0.117507285372041	0.112271221225251	0	0.141931678717466	0.15085791098204	0.116324650004506	0.119338933946221	0.118398494689633	0.115529019139256	0.115213648218804	0.184871822907133	0.16129188830656	0.163094856644048	0.128646340851881	0.130374995211584	0.151031421946702	0.143551732367825	0.15316700508527	0.123498506405197	0.153362495296743	0.142801936273363	0.16505880509512	0.130796286445428	0.140940468294211	0.145966300051787	0.131541123807377	0.154152162280999	0.141172568247069	0.144720161636811	0.147653408274226	0.136092123421959	0.121374649998922	0.125390128838816	0.131140717325331	0.116689920962941	0.131159011027707	0.134500258602368	0.125348694384716	0.126102466399841	0.117131605542657	0.122972232996545	0.134420695515843	0.122527778674345	0.136161076607838	0.11549658634823	0.149974050416684	0.135020501120126	0.13502874333768	0.125076008769809	0.129489459398758	0.146168870975902	0.139090079284995	0.127019675558173	0.1243382521205	0.0983180627080867	0.143452043975023	0.125477509746869	0.130453664832792	0.120833143006607	0.154765838934337	0.128712390275479	0.152998363506588	0.13126394852925	0.118188396320218	0.145104284713445	0.166118857021091	0.127041007042629	0.137472058268234	0.118077852323808	0.112882708888562	0.1220331786112	0.139287803159762	0.149675789357063	0.147354253749288	0.140321609542031	0.13990923062473	0.125912068940677	0.127222849571377	0.118942972454129	0.1389843600013	0.134208006097007	0.130063332172201	0.129316752552882	0.1699205966204	0.134697200694982	0.133876619810739	0.156791548175482	0.137075136300926	0.18068323516197	0.155298992025934	0.131979346208988
bm_700016632	0.109033168894764	0.121362029801312	0.16325331271811	0.11565738776875	0.111780284369908	0.107041880404977	0.237743079803987	0.116502494275959	0.134527062561893	0.116717037635328	0.113167612641685	0.141931678717466	0	0.143327137523634	0.114954051870799	0.108585297067725	0.123726876140355	0.111576216891386	0.106454762008202	0.192358191139259	0.168138490698077	0.152852058560844	0.121202188856008	0.132740154263488	0.146854449250667	0.132338630949795	0.15512988137796	0.120922221498763	0.147526312832809	0.136423733074556	0.159619678618292	0.132933388475035	0.137253561324835	0.134885833560143	0.126998545103414	0.150161209064072	0.13357357871167	0.149832503173756	0.141663237062818	0.132201551033455	0.112060564440013	0.107635521098569	0.115159727586892	0.11890207407922	0.109380771576545	0.118446808826678	0.110128669057208	0.106329118447926	0.120849203045689	0.112646476658609	0.115585530820589	0.122598563464126	0.121654125950242	0.105533621602472	0.131987722446339	0.118918446831163	0.0935563839716343	0.109799605780765	0.109832261938121	0.132952575642728	0.122301441572785	0.120340195854299	0.12274388559802	0.128927089991279	0.105791252326779	0.11832069619711	0.129689863669478	0.106423178009228	0.14800795764885	0.112963746192861	0.139515234756337	0.130043497242152	0.121453721679523	0.137395577637055	0.154719200044763	0.122008273265474	0.119587942730213	0.110957849545131	0.124557731875749	0.112227106375199	0.143891182178583	0.155783227891396	0.162376599875295	0.152070522110977	0.144996912518912	0.146185668123871	0.13770505168641	0.12805165033654	0.13119180120486	0.147309089077487	0.143325685642493	0.130011042114493	0.170690741387469	0.143999805224561	0.150455069807004	0.157698393136131	0.144788846783095	0.178843121003907	0.145720038673646	0.125005514356257
bm_700033460	0.13729921740256	0.144635349441545	0.163722359673175	0.131037566754424	0.147624482334571	0.141920465727731	0.25600446107233	0.148815538612723	0.166396769408105	0.141732748664521	0.139699534314708	0.15085791098204	0.143327137523634	0	0.130593112432224	0.142824652629061	0.129296225187212	0.146130697670211	0.137162115149587	0.203846256508755	0.172650736254511	0.176824068079377	0.142533204242486	0.140727711865476	0.170478230661697	0.162791391148953	0.137334218906374	0.136156095538693	0.172704857916119	0.151866856691849	0.163664195081004	0.129577644425597	0.146134896957203	0.140152610577222	0.151935541838133	0.154942521700877	0.157859015863588	0.15663537043798	0.166038154766286	0.157275158615223	0.147023269522413	0.146214080320968	0.145073772872852	0.147785462448155	0.142847637024354	0.152554735639807	0.145219318373076	0.138982796436994	0.143275740931243	0.143538553754392	0.149257401885502	0.139314785812352	0.148685807448619	0.13785497516669	0.156713995385922	0.152188481869523	0.147133813518823	0.144196613297377	0.141704202447626	0.167163742373296	0.151746462240313	0.146551720864459	0.134984740170793	0.145265644549789	0.148899680709	0.151005690145558	0.138675422031135	0.137407148012916	0.157438149025771	0.145472995513352	0.164336751098767	0.143859084437052	0.14474281098261	0.17437845247563	0.161530644576034	0.134585830243153	0.159955442884615	0.129452246568283	0.134151963484966	0.137831700395169	0.159348645914222	0.157346278454497	0.132264249962112	0.159219205126347	0.141549096868505	0.13038712400327	0.138311334914246	0.130308655411759	0.160491946471153	0.149037430724329	0.133941060996766	0.151672729014985	0.168400499402439	0.150631082474555	0.162421049774841	0.162345730648574	0.143293252851467	0.186251177000952	0.140066033787955	0.14204316085246
bm_700023288	0.0899291381488359	0.110119779077298	0.134098467249079	0.0897679793421884	0.113540143005825	0.0956895100805783	0.229344059086648	0.111686269481872	0.118512500864148	0.102707814169489	0.0907409630729668	0.116324650004506	0.114954051870799	0.130593112432224	0	0.0907776398242509	0.0993629257236594	0.0888273390559042	0.0856277727439694	0.185665510485318	0.141468819009725	0.13221443927066	0.098040619390364	0.101592747116592	0.124009255853957	0.114605041981143	0.12848218893642	0.0893960297305052	0.124917977091773	0.11327887141035	0.14088040508824	0.105406749527385	0.11301483007239	0.11824481865502	0.105179675316937	0.129177505983146	0.115381642035131	0.117608157606389	0.122962650581015	0.111490086834777	0.094934755253604	0.0937204242039308	0.100090988274273	0.0927906395212545	0.100871631258822	0.104421279618794	0.0957399461977522	0.0929452313578182	0.0944198735277507	0.0924209682461309	0.104034945215499	0.0970834723323387	0.103718926532692	0.0879390558372267	0.124969686397024	0.103923105694378	0.11088652867616	0.0972956926818825	0.097173064567053	0.116580851184305	0.118658068701005	0.0983004167680657	0.0901205184198485	0.109090909090909	0.121018000980802	0.0992896615676229	0.101083203846011	0.0904239839149439	0.127967753943225	0.0916283304896938	0.130537382533043	0.103452807887869	0.101625626640277	0.124572295360424	0.140975559144556	0.105013714134208	0.108075910153574	0.0893103017332892	0.0939679364335165	0.0875131855936312	0.127363011943063	0.136240103615173	0.137176455267933	0.130198982544033	0.121607554070567	0.120318149597589	0.112542075236257	0.0997703012351823	0.114356100207049	0.111031940156587	0.111660962076753	0.111065556789158	0.157691267750224	0.109696991289048	0.12391865847076	0.144154352387859	0.118974355423407	0.165951220590891	0.13262590238601	0.105863243294738
bm_700014607	0.0650720842234016	0.0962187095881449	0.141641146132842	0.0825826419121677	0.0855577027264429	0.0782194487073288	0.244559952137063	0.0925302837277294	0.0986617118058375	0.0852947112102312	0.0702465662731808	0.119338933946221	0.108585297067725	0.142824652629061	0.0907776398242509	0	0.0944444884972483	0.0702208791453021	0.065772069626412	0.183749786824759	0.132713528997026	0.120827938571132	0.0838092804465897	0.10107324170772	0.109183717800766	0.0991526039879154	0.133869382741668	0.0923151596159037	0.104826667169985	0.108307675056939	0.139050141385302	0.103473022540678	0.10847995750679	0.117455084660865	0.0903422541750238	0.1295586582876	0.101480840585573	0.118531196625918	0.115964449461749	0.0991230972958044	0.0554432755063966	0.0593784764875109	0.0607673459869614	0.0790572734721994	0.0681705325980263	0.0754644260641256	0.0694593339819147	0.0666890554184148	0.072531983545496	0.0615927962571844	0.0702696400150058	0.0827051136705666	0.0677806690067268	0.0525361180562528	0.0881710664435535	0.0709438712802386	0.0978278182883639	0.0641715381932411	0.0672697632015364	0.0791903998045098	0.10901762259824	0.0795992495338066	0.0933759039774954	0.110665194980378	0.115536725277619	0.0869408093745955	0.0989489832420528	0.078471115550641	0.126788335050834	0.0735737194324574	0.123655510598118	0.104950568472892	0.0954796127408601	0.102152391454853	0.136922755791023	0.101848345207301	0.0801640536342763	0.072867636128655	0.0868447841895951	0.0678567252418806	0.12546292392556	0.146720675156002	0.142836245341556	0.125877782209118	0.12962685202796	0.123951202944951	0.118223040437905	0.0932194135271319	0.102433654336808	0.120819942056541	0.112147007209483	0.109075452140916	0.160366883663333	0.110801582461097	0.121645772049523	0.14754585738663	0.11681824491917	0.167735515503243	0.143646707731077	0.108739576191428
bm_700014517	0.0951455237220068	0.112269970373807	0.13500767989282	0.0959065998161025	0.115001025809868	0.101346240035488	0.248131423387415	0.120303764805977	0.125453006460536	0.0996028211614133	0.0993876747129547	0.118398494689633	0.123726876140355	0.129296225187212	0.0993629257236594	0.0944444884972483	0	0.0965263520335997	0.0890988631658983	0.184695184813859	0.13623027549668	0.12806427053415	0.0952017003538458	0.0965955732590744	0.125192226270985	0.115726944043719	0.116613998747585	0.0943724751926562	0.125307997039503	0.110940784357567	0.132076130839508	0.102838997214734	0.102592713499959	0.110462802749327	0.107903605367091	0.125815060943828	0.109331832013778	0.126587997790014	0.125430066738509	0.115354793402339	0.0972237017139233	0.101806709723505	0.0991812842246078	0.102684316031638	0.102394431209369	0.11259463333356	0.101791632496272	0.0887767019090338	0.0983279131632123	0.0971722157750013	0.108317704205128	0.103382201791152	0.105629088371649	0.0872972126897539	0.11868395685858	0.104368967224453	0.115974433936672	0.09771542035142	0.0992971220030242	0.117931078308773	0.12296405778889	0.0999211405174125	0.0963109598821787	0.107712135749546	0.120663272913114	0.107821786280639	0.103943968109542	0.094499682317238	0.125833466329369	0.100166441420337	0.13696119713631	0.108838594485242	0.108833055000273	0.131202947184696	0.138920834617224	0.111695338154844	0.11136732470015	0.0820811174928112	0.0913822254679832	0.0941022912806385	0.124489381778959	0.141688700824367	0.130444261110325	0.12878576611468	0.12289532796934	0.0942527061668428	0.120131728059088	0.100386055195384	0.11897042417601	0.116127037812904	0.107448608154144	0.108471536596172	0.152107087179097	0.117943564486585	0.125964001612258	0.145794017601937	0.121402235740601	0.174444300869532	0.136452189944919	0.118268852872061
bm_700024550	0.0712020604203687	0.0956632422002432	0.132780427212675	0.0800015099563866	0.100690324809265	0.0763119896009572	0.245840958036056	0.102097599694256	0.0994255799790505	0.0910787376362549	0.0789681726434098	0.115529019139256	0.111576216891386	0.146130697670211	0.0888273390559042	0.0702208791453021	0.0965263520335997	0	0.0647219798387317	0.183732945003524	0.128592509566501	0.110024289971488	0.0793573661357212	0.0950013407563921	0.104354359066512	0.0867093125108263	0.129277775128405	0.0830973226083246	0.101986117559263	0.0997313014740726	0.135239645825881	0.0965704668836522	0.099888529033323	0.109746355247841	0.0842454702146025	0.124327061467398	0.0944450692497047	0.114594365070599	0.112109325309717	0.0968163932122993	0.0647008717206054	0.0704583845633317	0.0705502551346056	0.0708104545717001	0.0799798210858038	0.082972929899493	0.0555073816429286	0.0743058472502656	0.0774292456438819	0.0742857666172543	0.0790296653938881	0.0862582912185426	0.0751860669444525	0.06311528349487	0.0986585176673274	0.0755640697836619	0.108815297377087	0.0720243835619804	0.0668775319271455	0.09240689616738	0.121700809513083	0.0773474042207972	0.0950260897456874	0.109596163727966	0.119175050070355	0.0894505534515068	0.0967829105995253	0.0824032564130428	0.126278747106987	0.0746992623662022	0.122898566781116	0.0981277099221892	0.0974664562406933	0.10876300731938	0.147647332710067	0.108111090350452	0.0876229254712555	0.071621877436438	0.0895141011722153	0.0721965990019322	0.118026656761115	0.145735316930576	0.140812680417172	0.128362464583872	0.125545859843659	0.119653724114216	0.113807847551587	0.0910827805668166	0.0940944064492114	0.111063390135763	0.110257730122323	0.100488714360367	0.163607482369975	0.111121264351705	0.117905413517527	0.149300399903908	0.115859645980004	0.168937315701838	0.141769269059374	0.100242721021821
bm_700108604	0.0696294944516362	0.0878185943757922	0.13072856177436	0.0756298958409301	0.0944940311491047	0.079671128818601	0.240233413346875	0.0977344734993161	0.0947249025871517	0.0849348010437015	0.0733283291830008	0.115213648218804	0.106454762008202	0.137162115149587	0.0856277727439694	0.065772069626412	0.0890988631658983	0.0647219798387317	0	0.184009450182663	0.135205917510144	0.116856507571393	0.0824634313021777	0.0939872352843749	0.109818100512838	0.093028859711538	0.130620899203599	0.0850396491987124	0.108376784599249	0.100659902315203	0.135756269809103	0.0970812833423108	0.105242284899062	0.114402046661003	0.085347358654066	0.126356277559915	0.0995482974404117	0.117030733308309	0.116426259347741	0.101137705230379	0.0666908200124169	0.0715166272220343	0.0718519224190663	0.0724576248944455	0.076743131289926	0.0844852316325588	0.0678328473812699	0.0689569607705066	0.0761806501992819	0.0685323190417227	0.0809182053721613	0.0859107108733947	0.0768936355226621	0.0595979562427594	0.0949964490337787	0.0793504194428775	0.100285316980833	0.0690182971645543	0.0683674076807416	0.0917429397532986	0.114863320467805	0.0800037882929463	0.0894547304018662	0.106039300635555	0.116077964230339	0.0889993311295267	0.0967802078669398	0.0781997924703434	0.125594240990603	0.077523573244779	0.124442452513156	0.0993717933669358	0.0943007969375583	0.105111928309236	0.138764210147063	0.103007504773618	0.0836111545124298	0.0709973228428592	0.0863249437312296	0.0707505923954263	0.117586111349679	0.142989809693004	0.138952641982528	0.124268628835633	0.124147698304906	0.116148235277562	0.113245210104512	0.0908016740412922	0.0985582708587017	0.111322383394679	0.113034329952945	0.101378002727526	0.156600368934166	0.113002388567843	0.118479174607805	0.141891271748481	0.115491158546426	0.170576802222852	0.140331795046651	0.100588737802663
bm_700108226	0.176272263899277	0.195510649492327	0.194662616886204	0.185534885855897	0.193952311958776	0.190413251162817	0.284452262762342	0.169870272186391	0.190205699169558	0.171212100736874	0.180812474920149	0.184871822907133	0.192358191139259	0.203846256508755	0.185665510485318	0.183749786824759	0.184695184813859	0.183732945003524	0.184009450182663	0	0.222674161798304	0.215573435533853	0.190040631452146	0.202502752710802	0.207272070575719	0.195524833254243	0.221012427990884	0.190157809428538	0.202404493862508	0.211253083990989	0.220762704434637	0.193941813741296	0.215422506905091	0.200902265950897	0.184109406615061	0.207526797537744	0.193100861847814	0.205454940812948	0.190323122848912	0.18918201128201	0.185069077712608	0.191515631008205	0.196024213356837	0.194356716698119	0.189970918820746	0.19451182227724	0.191568323125306	0.188963022932686	0.189744872095414	0.194721071854603	0.18659214570275	0.178686273167416	0.194695786786117	0.178608027942234	0.192585466379403	0.191073164646337	0.187728946299496	0.190561119672867	0.186031652572437	0.19118692511789	0.18828861297439	0.181505200917455	0.194468310516277	0.183087818371009	0.189597964060581	0.187042764935641	0.188668425080867	0.188777427849604	0.210589239260072	0.195989301199555	0.193197155072409	0.191062778112021	0.188559511658661	0.193941992434359	0.216036228231695	0.179923789642079	0.193115246639426	0.190824155862344	0.182497997241649	0.186586851920744	0.194065893737266	0.213797829571714	0.211267223079639	0.207576407199499	0.203815543638466	0.197552619802252	0.19726454424725	0.19233364317966	0.201721126914403	0.203075329959534	0.202674588427994	0.191697786249814	0.231921326804931	0.206335071160604	0.174087919891006	0.212306434927078	0.201448061576736	0.256220232946511	0.221347120098826	0.184694112655478
td_700038581	0.133006518611273	0.153481236837441	0.136734569658521	0.137001715788459	0.160641512565305	0.147610812315213	0.279111618500138	0.162471083832622	0.155131154566038	0.139950374702602	0.136062907106076	0.16129188830656	0.168138490698077	0.172650736254511	0.141468819009725	0.132713528997026	0.13623027549668	0.128592509566501	0.135205917510144	0.222674161798304	0	0.113291178895098	0.113294507053406	0.104052524145621	0.090367762609839	0.134401798724377	0.130861509413606	0.123708381408282	0.106274237340797	0.126817797069679	0.157219853112068	0.119075048964691	0.119729288943445	0.121493748925748	0.120433160920586	0.126983668905877	0.106385674802525	0.111034955602033	0.124535886648736	0.111293546801556	0.132564811694925	0.138273630677846	0.138061678367898	0.14009527244047	0.148986145815103	0.159752849623868	0.132540464765023	0.137024231114461	0.1348920431441	0.137315523144605	0.136337178621921	0.126523444920823	0.140296882889369	0.125582826971172	0.155380677092588	0.136583261306999	0.165547910346563	0.138589582350754	0.135456512195076	0.14931797883403	0.172612495938921	0.117601166240279	0.122742925122804	0.144238025414844	0.161389432382601	0.146475195560013	0.114066036691717	0.130823782840574	0.0998581065392615	0.134383035952709	0.152257770104896	0.116748979020429	0.133221128980542	0.150224466408552	0.182052694127398	0.149104954365701	0.139340383593698	0.115647939373017	0.110906006220082	0.116122548149684	0.140184529625691	0.161036647601978	0.155676525795851	0.159303726945384	0.146232240003547	0.140898832810414	0.136464676122731	0.108886975632185	0.129808292497315	0.119936193174349	0.123397902210444	0.134248457739258	0.18765074574758	0.127157023514109	0.131892233340529	0.188198685690181	0.11029199451725	0.196218720756461	0.151227202534404	0.142252901835747
