S1	S2	S3	S4	S5	S6	S7	S8L	S8R	S9	S10	S10L	S10R	S11	S12	S13_T1	S13_T2	S13_T3	S14R	S14L	S15	S16	S17	S18	S19	S20	S21	S22	S23	S24	S25	S26	S27	S28	S29	S30	S31	S32	S33	S34	S35	S36	S37	S38I	S38U	S39	S40	S41	S42	S43	S44	S45	S46	S47U	S47I	S48	S49	S50
S1	0	81.2345884627024	152.422746153346	96.8825887136681	60.9308039407805	136.504661968036	44.0201234655851	73.6740745145419	108.438990583193	94.006580026292	67.4908587054693	61.2047005361771	92.2272495710984	56.5659237934551	89.6098792733697	87.5536807465469	78.6894579011752	73.1323527197953	250.435785620283	107.357571100781	66.6231142949734	115.53851274467	45.3400541308707	84.6975879030578	317.273954705285	81.6589453776775	65.9231293433362	108.611208127746	459.58655721118	89.9925772951997	93.2273742942225	158.71491921243	97.4168839840401	115.540772840737	78.0143833837379	113.604650811702	50.7058550302475	349.843884814304	122.522672804187	81.7747448916409	117.858883426054	89.9339521486135	167.457513243559	18297.6233110807	88.6605595072285	86.8744923842724	256.243818961857	128.742133340093	118.014406942176	48.5340124350273	97.4524042918296	72.3629351056116	157.692070851252	87.4045223949663	78.7803192616244	78.0149396491084	65.596438533327	141.139632505515
S2	81.2345884627024	0	188.074971425709	50.4164288295565	46.9505081999252	139.378184877365	69.2281273181973	50.2416271091804	54.2119016096488	58.7997288021198	68.5455349727114	106.542232834858	46.1273879208815	74.6718539379563	72.7480518470039	117.723884508644	38.9477385233982	107.289828857068	305.757525288941	154.088151551874	55.7904159932659	162.88230730456	95.5350502115583	75.1525637899197	374.866328620933	143.463494277724	101.02866485288	140.872798506231	521.898963397882	84.3371984237842	130.258532007883	203.012373489024	132.032303023964	156.827957229229	48.0058318591902	136.703545089641	108.107346865314	386.028347840992	157.997444204728	66.8749798002864	159.046428640852	69.6078855948192	200.111437417862	18330.931733876	114.903240244884	73.5113526770089	292.361685518383	145.332740274025	169.339268626926	85.6311329865127	139.563447025449	108.299795458841	182.210578284044	54.6700870062468	93.5370294167324	120.416269493355	52.3510764435391	185.984201043591
S3	152.422746153346	188.074971425709	0	210.098185456975	176.157802924111	250.965643428785	172.396483367989	176.8230800565	216.860084452853	221.246329617123	156.105626630071	180.876499626712	210.405137153302	182.886876354785	195.240431786263	180.15129709723	194.230510566634	174.161944272414	164.03787055233	182.378627692381	180.728680774904	104.227743081589	132.411475592324	192.775909509072	231.951788735073	197.346750350972	123.058061215309	199.405473617908	405.939794521134	187.79032841862	221.549473936032	147.076454741228	133.424201332372	151.838505727539	182.636852808765	201.376511150944	178.723680392846	342.472632219579	70.9162869528942	204.08486464517	128.631424780719	226.913310353654	210.455077865408	18287.7424058812	189.154735162005	217.565826533012	142.956775549431	240.040699920601	127.143590882016	163.936956060996	104.722404524478	133.380676343403	240.346737055441	190.825607813858	211.850845004833	192.076362482872	171.692808277316	120.365763077525
S4	96.8825887136681	50.4164288295565	210.098185456975	0	45.0167670903973	126.051652268786	81.7365891493615	57.1339192509071	25.5209758088679	44.097875917475	94.4155381343293	113.163562853462	28.1535147910384	97.3079013850089	74.058852708987	138.917963778971	33.9297614066725	137.762730758827	321.536277398546	170.89257623569	60.0736440611416	148.243555148926	105.894077159707	83.800418728819	381.176452524157	152.143695981965	113.59552635486	174.332600988908	533.119589088632	115.884414006324	145.780378146741	226.970308901367	163.469825641663	180.670559593299	47.4911155348084	160.111356963271	120.089773209296	398.577401331281	191.149282835561	93.8693967293473	139.869561844771	80.9550186843852	234.386764974275	18344.4335692791	146.038167876244	96.4124515165849	295.209839175254	139.463097178427	160.632608785337	117.73192373466	132.732114191147	133.804763298493	210.014386999795	50.0454079901487	113.166069943838	144.06439769815	82.7000176523525	207.281723385453
S5	60.9308039407805	46.9505081999252	176.157802924111	45.0167670903973	0	117.107779484577	48.6709254810927	29.8549832292956	62.397399176187	64.2553667252935	61.4311769778664	91.6726692526363	59.6411267426641	62.7048793460134	61.7978929924756	104.818029409216	38.1507909149119	100.508903907568	287.662065575008	138.545726010486	35.8499617113	133.835924347638	70.2528499216818	61.5095554679314	351.062294372394	118.043516611637	87.3592311127686	139.878588078699	493.925819842173	83.8304634880649	118.143899154715	188.456748634621	126.534092673774	142.637395627689	47.8821976921339	125.521741125279	88.9618422025256	376.470951679842	153.312399396191	68.7821043843891	133.505606110507	61.668793967035	195.761072350507	18323.2319275847	112.465977397217	73.6296147599735	283.055113745448	124.643196561479	147.93417132804	79.5255432924713	117.623871182109	96.5398954604249	179.91996951271	47.1472808138486	82.9578729033035	106.296715901536	48.5534606293796	169.424974429186
S6	136.504661968036	139.378184877365	250.965643428785	126.051652268786	117.107779484577	0	115.314002665039	125.805891401885	128.955072155776	116.903364974288	142.573043111826	147.15137386237	117.742446249569	154.366892627587	110.569932110278	185.84426925396	124.837503218102	186.848513684447	367.277861150774	177.560980421847	108.362611183415	186.038248172168	152.74837556589	119.63772799458	374.889017781016	187.282811468415	155.544477879313	219.842870110085	564.79356668687	175.311285008715	204.750027425914	256.330064183001	210.35245167043	218.70922682718	115.383636847607	212.150983597815	156.21410791079	446.883598479497	226.296233708372	154.076128194978	154.766575190845	152.63866566202	275.138175079283	18392.915454978	191.090746240266	157.069501177281	323.397678796076	120.951198992237	170.373097975987	161.288175739205	167.510873821653	163.847862400028	270.856904757536	116.169489615128	161.828809834891	185.0719473829	139.423442514852	243.928754369887
S7	44.0201234655851	69.2281273181973	172.396483367989	81.7365891493615	48.6709254810927	115.314002665039	0	55.3421611526547	89.473876363662	89.0365537521833	58.5465316837832	82.9123726673775	82.518050346743	59.6146670545397	81.9693178332901	104.790353296736	73.4734201076542	101.679661551316	271.825871223115	116.679457547908	60.9449990462214	138.998586341778	77.0791610740253	75.1171302805429	337.583462522083	109.900538106689	88.4205045879387	135.802626378196	497.621769698346	87.5583486604326	105.222965285823	171.636173984058	125.233367569951	138.257840025302	72.781521820773	125.170191831654	80.2571346736627	361.091890357368	151.143461389974	68.105833958618	134.887968934817	76.4841861785244	178.841364723057	18306.9118247866	94.9989288172459	72.0848285309271	281.688129306763	116.631735455386	146.755374076507	71.859621905899	117.571535895875	95.796171633523	181.694408811345	77.722713771663	65.1304518429591	87.2772097259035	63.2946853547661	168.076861691187
S8L	73.6740745145419	50.2416271091804	176.8230800565	57.1339192509071	29.8549832292956	125.805891401885	55.3421611526547	0	57.5972193895939	80.4961471326078	58.3204275635416	105.004836833347	70.1726051530145	70.145733271883	69.5286637957293	93.3002932984751	52.406265633663	103.421602628876	303.296551264159	147.758765201931	41.797336267238	143.325258797204	84.800198963175	68.8610063678484	357.939005195024	140.174725865284	92.0386356533226	137.335084135482	516.454126720124	84.8256609355175	127.191020366673	188.959122417052	128.863790623468	145.822977847383	59.9286707320402	125.730561137504	108.662852958242	392.802689010973	154.609304807906	75.5633305526526	145.973005406743	80.6054312152347	200.170579603309	18338.6640688037	111.046177049752	82.386055973692	294.046936137611	136.401088280583	164.990443257241	86.9238941290403	123.827344238066	97.5522794047084	191.297932531587	54.7676269749608	94.6993171418423	119.852635796137	50.8652017310199	168.096509727948
S8R	108.438990583193	54.2119016096488	216.860084452853	25.5209758088679	62.397399176187	128.955072155776	89.473876363662	57.5972193895939	0	49.5734106364443	97.9113054834457	124.825996752281	33.3525602562956	104.670773719029	69.2389824353221	135.339172031091	46.3985944943732	142.889700358415	334.809246779028	176.52914354393	66.4295769439181	157.623715866269	116.21533315749	87.1892699002382	386.728362559206	169.6045829009	115.339979597256	178.841996855561	551.95162599344	122.807971964201	160.133454051866	226.129417622012	166.707053651316	187.545093798678	51.1586051784325	162.760957342189	135.562595516286	414.928906757672	193.366192555512	100.205471727451	147.350626076781	99.8080658446272	235.473500580217	18360.6771681148	149.701201774148	103.859688782001	292.34839534507	146.216258845333	166.057385680403	120.07037224071	134.381851452276	137.107404043528	219.175302438884	53.3200449345002	121.337971181504	149.73131223025	86.9328814722578	207.805408045272
S9	94.006580026292	58.7997288021198	221.246329617123	44.097875917475	64.2553667252935	116.903364974288	89.0365537521833	80.4961471326078	49.5734106364443	0	110.26464002425	110.767147717142	37.0583004282976	100.830565042884	64.2419535625808	156.963793654481	42.39547092678	141.633027009513	327.504782745663	171.176896733333	62.4106394575519	154.120414774884	107.197973737595	81.7015628700032	387.974796956857	145.474978367014	122.099746309813	172.357856375248	517.009453294343	116.075766543292	154.997680991377	234.462679375601	170.514722835657	182.081896993379	50.382849263192	172.088068533651	116.433490565495	396.977571682481	190.196856430545	98.237652555995	146.990624157914	81.1203434720423	236.653989191656	18342.3185109474	146.887294646671	94.4058882209003	288.48260688055	130.988200244294	136.898883999129	115.534222109969	142.742268911297	140.184009926298	205.533590066945	58.5523548526615	111.630457882955	145.597702240764	81.0028394812905	215.886527723863
S10	67.4908587054693	68.5455349727114	156.105626630071	94.4155381343293	61.4311769778664	142.573043111826	58.5465316837832	58.3204275635416	97.9113054834457	110.26464002425	0	101.902337019785	94.6444796776082	61.1164634779648	79.510054448746	73.7567682018102	83.7237301295534	73.7290255068726	294.791775925652	143.41381834018	68.2773718929103	158.161278674537	88.7929549677978	83.7047287925629	351.912559341985	131.781789834092	72.7997925298886	91.7799948155522	506.560016897837	55.002324387058	125.022913755737	162.639033186904	103.264033271285	105.439280049431	72.356728159883	79.78438754653	98.127652471776	390.449125144632	125.084054783278	79.6330518276005	150.974301646533	101.526184120535	153.814928071343	18336.4704234263	79.6518654528312	92.3234737829601	286.419463321933	139.733498441482	168.233803848312	60.5141056384546	114.755467469387	73.9829470074212	176.855923170584	71.4151926871147	90.5522468542462	98.965426464688	46.0772093361352	137.550472575574
S10L	61.2047005361771	106.542232834858	180.876499626712	113.163562853462	91.6726692526363	147.15137386237	82.9123726673775	105.004836833347	124.825996752281	110.767147717142	101.902337019785	0	103.926207515786	90.1341024797315	114.898592683405	115.396339676197	98.7527103308267	103.21030379946	280.08204141167	129.734676299316	93.6181011347413	133.923128685656	72.3421415521565	104.487642994029	331.183576347983	95.4941536220105	85.4553501419845	139.764149936281	490.125681621823	125.884103581614	119.870561277967	183.283678836135	127.019447499489	148.505119422502	96.5957477250411	144.524975080994	73.7481644105103	355.773241590743	158.560012363167	114.479776696162	109.180200286832	118.627666917799	185.802958025135	18303.8297760539	122.660840448558	116.213620676289	268.661356608428	146.400972595398	127.228643524857	87.0243453076278	115.815239694642	106.536482958387	175.072422370843	112.880131556084	105.651205796575	106.131335222096	107.021782914542	173.404982775128
S10R	92.2272495710984	46.1273879208815	210.405137153302	28.1535147910384	59.6411267426641	117.742446249569	82.518050346743	70.1726051530145	33.3525602562956	37.0583004282976	94.6444796776082	103.926207515786	0	94.1031807173211	63.7278104795101	145.708554738261	34.3529458920571	134.484606349697	321.540362263904	169.520499666729	58.6445631095071	155.333366539243	103.242975020688	77.9033520857622	386.86305718648	153.999124415905	113.912280395154	169.322579695995	538.683807203187	112.591453787963	146.071784169275	230.77146957667	162.204751060903	181.828090807087	40.5447238555934	163.513118352988	119.817868471883	402.890344854417	186.466790995607	91.4282063683058	134.185835379073	90.1365547851006	227.700788375464	18348.4894355689	141.726473118068	92.330116644747	275.471126339576	136.371370140532	144.605819501619	111.386477519064	136.816925749585	132.920630496732	208.920673486707	54.9497028650705	107.934648229124	141.701644937143	78.2684143314808	213.742564819749
S11	56.5659237934551	74.6718539379563	182.886876354785	97.3079013850089	62.7048793460134	154.366892627587	59.6146670545397	70.145733271883	104.670773719029	100.830565042884	61.1164634779648	90.1341024797315	94.1031807173211	0	95.4621716795994	69.6091014538541	73.3752218513195	58.451157655777	242.814219630544	134.899929878105	63.8011219137206	149.501880788381	78.0148071639632	88.5084000941643	314.580525703346	80.3183937660228	91.0097677541412	95.711062973461	469.175266936897	45.0714452988064	71.4526920261669	145.055661671401	84.1123229317844	112.259498017933	77.8914907321073	89.4882419203357	51.4603985926508	335.44108729338	146.982566606521	40.5766319984529	155.903429040103	56.3712263823291	146.308905289561	18284.3250690375	63.1997088514924	48.7755048152078	286.517096358859	144.363189185697	156.475165548406	31.0037949381857	130.578910329876	97.0007340965629	144.090528795368	84.0354993323167	37.8854620692167	64.2576211960958	49.6724691991597	134.469633719228
S12	89.6098792733697	72.7480518470039	195.240431786263	74.058852708987	61.7978929924756	110.569932110278	81.9693178332901	69.5286637957293	69.2389824353221	64.2419535625808	79.510054448746	114.898592683405	63.7278104795101	95.4621716795994	0	133.063928090429	62.8620381442853	122.643034031738	322.422386090124	157.447170648776	50.7940033452735	143.962314059338	100.527161743588	71.1264248366829	383.329576586001	157.678889592132	94.3750483454964	144.923173941607	523.131858056523	102.700845459326	156.527106051499	213.210070470837	151.734891707523	149.368493084015	46.2620451979998	137.873923333682	122.791756378787	413.998577965089	163.916890794508	93.7537963141465	143.760616672015	106.426229819341	210.904062936642	18360.1442488977	126.573972830916	100.438648380677	273.264183541939	116.467509093962	137.772733069326	98.4266314704097	120.200826201172	106.964559893873	211.741627947964	50.0969141874986	114.707712213607	133.71446072621	68.5129980563416	190.712373473662
S13_T1	87.5536807465469	117.723884508644	180.15129709723	138.917963778971	104.818029409216	185.84426925396	104.790353296736	93.3002932984751	135.339172031091	156.963793654481	73.7567682018102	115.396339676197	145.708554738261	69.6091014538541	133.063928090429	0	123.840425764862	31.7128193673633	271.858329648004	153.514444828384	111.78716133661	164.215321770046	101.278367958471	127.614974879984	315.764466105913	103.19233593268	96.2338934323141	67.1868956936507	468.933213086967	71.5830910308966	97.7629726304963	121.992013760892	69.277452110219	98.4622001927615	119.300698575776	57.6231987713121	84.912701156874	361.980103341333	149.498346808781	94.0357522166921	165.258604508149	118.721386103852	143.761293099576	18308.2095116893	76.6321530758928	106.850513150748	300.335269206611	181.653723645676	182.454483102679	63.3807816145917	130.41514013846	98.4905729433046	144.075958909396	121.803871167309	93.8897476721961	76.8735365417675	96.0198541346385	89.2321931532932
S13_T2	78.6894579011752	38.9477385233982	194.230510566634	33.9297614066725	38.1507909149119	124.837503218102	73.4734201076542	52.406265633663	46.3985944943732	42.39547092678	83.7237301295534	98.7527103308267	34.3529458920571	73.3752218513195	62.8620381442853	123.840425764862	0	112.624609998064	298.914456451704	152.031404596175	40.212859556659	135.279985176711	81.1478485374523	66.4397089403636	373.603397802123	135.305040836357	98.6744201213704	154.081268115727	515.048658953077	94.3148677972824	127.019026395143	208.95140110853	141.386641988023	163.20038892528	35.145625695839	149.678764815636	102.892053102948	388.089114399589	167.15936796297	77.5611301651274	141.730274680346	70.1591451018289	211.727004705905	18334.5746707969	126.980592141051	82.5258948249102	275.938591813393	125.267814326978	145.600033748042	92.479201965064	122.429725253309	114.141232609758	193.935329542367	38.0098498406116	90.5508694827044	126.19978545279	63.2883763177706	194.941413822338
S13_T3	73.1323527197953	107.289828857068	174.161944272414	137.762730758827	100.508903907568	186.848513684447	101.679661551316	103.421602628876	142.889700358415	141.633027009513	73.7290255068726	103.21030379946	134.484606349697	58.451157655777	122.643034031738	31.7128193673633	112.624609998064	0	253.634593654751	143.562792544226	103.626446667822	155.39938866691	82.9764790533832	123.631544537007	322.947483958112	88.701338511232	84.380945731181	54.6584390767395	450.863196980726	55.233178468394	90.5239369222149	121.418052738433	56.6125756459455	88.1022702423997	109.084969895634	58.5843547019785	69.3760808073127	350.842373453053	130.452076593834	83.5113273022404	161.058385726436	103.595202631263	132.045211008985	18297.5381757007	68.0110612111458	95.4762667329011	288.659797739543	176.257478652841	164.215348033968	48.5467421814667	129.188231964239	90.2370349047168	130.566139078516	119.135587572204	80.8471424235621	73.3627013956326	81.080027351984	93.1792541908761
S14R	250.435785620283	305.757525288941	164.03787055233	321.536277398546	287.662065575008	367.277861150774	271.825871223115	303.296551264159	334.809246779028	327.504782745663	294.791775925652	280.08204141167	321.540362263904	242.814219630544	322.422386090124	271.858329648004	298.914456451704	253.634593654751	0	266.091143102603	297.683747194724	207.454087869948	239.683536715374	313.129704689218	253.762565339552	243.754555412701	256.813200603303	297.246932945617	331.672050091424	281.107959810208	248.242426929385	203.86567587367	215.43466070345	262.695817563591	304.589312089713	304.156698938376	232.330492062953	329.202502532965	201.900563177438	247.24513239828	241.454148726886	262.35242388594	272.136130834187	18179.6535845529	256.931545369909	251.853715712869	94.7029597105273	348.227393731637	229.116811190188	245.631201008501	240.605744715857	280.047494892591	310.452531026883	317.832243539352	237.76956285101	241.693318672139	287.302755966355	214.015611429046
S14L	107.357571100781	154.088151551874	182.378627692381	170.89257623569	138.545726010486	177.560980421847	116.679457547908	147.758765201931	176.52914354393	171.176896733333	143.41381834018	129.734676299316	169.520499666729	134.899929878105	157.447170648776	153.514444828384	152.031404596175	143.562792544226	266.091143102603	0	148.467465556336	133.58691427627	97.2911198402395	134.914833408646	326.551939022474	143.494558663978	104.24021699692	184.681611944687	497.47952344529	165.718009427666	152.275238631635	164.26293844327	129.541161656256	168.478094542211	148.088487921328	185.581779447645	112.978417379638	378.440487300791	144.016313912083	142.747599565298	144.431887488055	148.101576172854	198.210273151725	18323.1281871414	150.644307354713	145.597842577107	279.44173982806	122.793195794463	147.289202570118	123.896346535445	123.123711683572	117.333009658255	216.795598336901	157.525685764294	133.475685837761	137.285653096759	145.891333871653	173.371054566812
S15	66.6231142949734	55.7904159932659	180.728680774904	60.0736440611416	35.8499617113	108.362611183415	60.9449990462214	41.797336267238	66.4295769439181	62.4106394575519	68.2773718929103	93.6181011347413	58.6445631095071	63.8011219137206	50.7940033452735	111.78716133661	40.212859556659	103.626446667822	297.683747194724	148.467465556336	0	131.940998084551	71.6822224207628	54.1834045973782	367.074339641272	134.533033012799	81.8729460849207	133.43096299615	499.851115901932	86.7943652665949	126.979625595145	193.335183201156	127.788143659698	142.388330119921	42.4011010814376	133.099597687407	104.046649656515	393.967977833218	153.94827997608	74.1996667129248	141.110988399631	83.7121405218394	198.542362220429	18339.8739913526	111.673381602096	81.5604656395502	276.087438795217	123.595901447674	143.699973767368	81.4744912217849	116.112610598167	97.8488833515154	192.384265491311	39.452859214176	92.1588189905207	112.708690886109	50.1049121797487	168.891804530739
S16	115.53851274467	162.88230730456	104.227743081589	148.243555148926	133.835924347638	186.038248172168	138.998586341778	143.325258797204	157.623715866269	154.120414774884	158.161278674537	133.923128685656	155.333366539243	149.501880788381	143.962314059338	164.215321770046	135.279985176711	155.39938866691	207.454087869948	133.58691427627	131.940998084551	0	88.0181270060085	145.156097024346	263.761563414049	152.393850105678	94.0450142639991	197.07387098605	421.830887854281	179.015053048785	181.578922316893	138.798042900243	108.083159060554	147.476747022179	135.689143780714	200.977993756257	132.235453543078	358.903912981868	71.0667244491341	176.279632065742	69.3254501964176	178.906533367588	204.870875254675	18305.6753677101	186.245021472794	181.253888331135	179.7892852218	176.757915922306	57.6004258947863	142.866206506536	62.6556393136311	127.732180807419	211.824403431803	144.404600722014	169.815590195847	170.685646599461	160.598937754373	116.381695711838
S17	45.3400541308707	95.5350502115583	132.411475592324	105.894077159707	70.2528499216818	152.74837556589	77.0791610740253	84.800198963175	116.21533315749	107.197973737595	88.7929549677978	72.3421415521565	103.242975020688	78.0148071639632	100.527161743588	101.278367958471	81.1478485374523	82.9764790533832	239.683536715374	97.2911198402395	71.6822224207628	88.0181270060085	0	94.165014620743	315.081338580629	97.0576890676304	39.8301923687616	118.220770622195	448.814090621118	105.988048026871	113.377317842649	144.414079190804	79.1432698925856	114.696282182816	86.0020514714258	130.362957313429	69.4722327713166	363.027452332615	103.747229102678	107.239828766047	96.7679088685002	113.624838903073	173.857162285523	18309.0521172377	112.293077817922	114.255389556253	230.438396788327	141.314051070426	97.4130895143983	70.1051505675919	72.0939282572463	60.1541856920495	161.503948217578	93.4124847975106	102.319976108142	97.7050679670518	82.9002888958682	124.649319059736
S18	84.6975879030578	75.1525637899197	192.775909509072	83.800418728819	61.5095554679314	119.63772799458	75.1171302805429	68.8610063678484	87.1892699002382	81.7015628700032	83.7047287925629	104.487642994029	77.9033520857622	88.5084000941643	71.1264248366829	127.614974879984	66.4397089403636	123.631544537007	313.129704689218	134.914833408646	54.1834045973782	145.156097024346	94.165014620743	0	356.051612260433	142.48313466705	88.9212276261551	153.599388576489	528.935776882035	102.015852187754	149.85608098009	207.879616779975	145.779077361495	165.154424656451	50.7684838023808	144.733975587701	109.426867020401	405.890124769424	158.23979548106	88.658912748964	153.377166866855	99.8910075593616	212.626069780459	18351.951300877	129.719898916248	92.0638750466693	280.976150770519	96.1780050386306	154.06213226049	88.5792612095102	122.624246680469	105.986239314628	202.359551724293	65.3274564183982	107.722306765756	124.850351438404	65.1081389839674	191.682575168569
S19	317.273954705285	374.866328620933	231.951788735073	381.176452524157	351.062294372394	374.889017781016	337.583462522083	357.939005195024	386.728362559206	387.974796956857	351.912559341985	331.183576347983	386.86305718648	314.580525703346	383.329576586001	315.764466105913	373.603397802123	322.947483958112	253.762565339552	326.551939022474	367.074339641272	263.761563414049	315.081338580629	356.051612260433	0	259.529951732845	314.414083307682	352.68519425902	434.23167435685	351.386987971941	294.644187468282	237.664931987996	283.189382582197	321.09508501834	365.577657198061	345.024905858719	282.952068658551	338.762974282963	259.5529720551	334.880314397899	288.098762920316	346.961406401028	295.020987240526	18283.0234682148	325.996996349328	334.224030101128	287.445253518865	367.921558749413	285.614010369095	311.835323979782	283.265750586045	325.253323136466	317.922419351439	377.346863759552	321.053294699825	299.276112842803	354.749918952337	261.294132118642
S20	81.6589453776775	143.463494277724	197.346750350972	152.143695981965	118.043516611637	187.282811468415	109.900538106689	140.174725865284	169.6045829009	145.474978367014	131.781789834092	95.4941536220105	153.999124415905	80.3183937660228	157.678889592132	103.19233593268	135.305040836357	88.701338511232	243.754555412701	143.494558663978	134.533033012799	152.393850105678	97.0576890676304	142.48313466705	259.529951732845	0	119.779566465152	120.411829156492	417.956778316284	118.268146435972	67.2684143100884	124.152698746498	104.704255793161	131.344610208448	139.640936475761	127.787870914974	46.481378326647	273.759218283136	164.413866014794	105.39160064687	145.410954540464	99.6553370803338	123.420435717037	18225.8583417331	94.4561689268974	103.335061259138	293.480449924958	178.506122158395	141.915582535972	79.3501940012449	140.656300077461	131.20228039566	119.983701021609	152.777958874417	81.1428575663447	70.9987047365814	122.305958900982	140.484052167887
S21	65.9231293433362	101.02866485288	123.058061215309	113.59552635486	87.3592311127686	155.544477879313	88.4205045879387	92.0386356533226	115.339979597256	122.099746309813	72.7997925298886	85.4553501419845	113.912280395154	91.0097677541412	94.3750483454964	96.2338934323141	98.6744201213704	84.380945731181	256.813200603303	104.24021699692	81.8729460849207	94.0450142639991	39.8301923687616	88.9212276261551	314.414083307682	119.779566465152	0	110.011615538864	473.234441965964	99.6903812134974	133.596958762881	138.760612135228	77.3395895571228	109.607965726185	76.9081556776391	110.142361155295	86.5159147514958	384.168940668562	89.5226226946471	115.226921296984	101.37981134943	134.633356252073	160.453567001251	18330.7842583657	102.030443092685	127.182705597731	229.15183552751	138.926203866608	109.68206325581	67.7627484660653	58.8572707290461	44.7757223705593	172.280910036915	87.7530543950621	122.474949777185	103.028189483678	79.5624650019834	117.830369696976
S22	108.611208127746	140.872798506231	199.405473617908	174.332600988908	139.878588078699	219.842870110085	135.802626378196	137.335084135482	178.841996855561	172.357856375248	91.7799948155522	139.764149936281	169.322579695995	95.711062973461	144.923173941607	67.1868956936507	154.081268115727	54.6584390767395	297.246932945617	184.681611944687	133.43096299615	197.07387098605	118.220770622195	153.599388576489	352.68519425902	120.411829156492	110.011615538864	0	474.432499233554	69.9602603653329	119.003725544789	147.474806030553	97.9458169822756	91.7337005439632	144.389480860553	44.2897837743243	113.092289335474	377.137809105397	154.874517078542	114.518390278831	203.29627353284	141.087844517576	139.165992026174	18323.3453048357	68.1253203770579	127.221900405675	327.194652598255	209.19417647292	203.706955155039	82.6844757678775	159.168413791507	99.7335644036209	145.183700619318	136.53311087018	118.066262238794	90.2716101014396	97.9187271023814	109.786277375643
S23	459.58655721118	521.898963397882	405.939794521134	533.119589088632	493.925819842173	564.79356668687	497.621769698346	516.454126720124	551.95162599344	517.009453294343	506.560016897837	490.125681621823	538.683807203187	469.175266936897	523.131858056523	468.933213086967	515.048658953077	450.863196980726	331.672050091424	497.47952344529	499.851115901932	421.830887854281	448.814090621118	528.935776882035	434.23167435685	417.956778316284	473.234441965964	474.432499233554	0	483.322074391292	450.918199486307	395.767437830384	422.290959640109	442.350379818824	522.18053202565	489.068094323021	448.231274984445	292.640440955777	416.902673255553	495.368000431414	460.737942508968	485.989769300084	422.863822947678	18049.5509452551	477.85886854979	497.855351245516	387.527383080168	560.922236449569	425.661839873118	466.108466543589	455.397033405862	492.141476000322	380.971413032778	527.741025689192	478.156722350338	460.798142576282	499.488050479504	399.017090517582
S24	89.9925772951997	84.3371984237842	187.79032841862	115.884414006324	83.8304634880649	175.311285008715	87.5583486604326	84.8256609355175	122.807971964201	116.075766543292	55.002324387058	125.884103581614	112.591453787963	45.0714452988064	102.700845459326	71.5830910308966	94.3148677972824	55.233178468394	281.107959810208	165.718009427666	86.7943652665949	179.015053048785	105.988048026871	102.015852187754	351.386987971941	118.268146435972	99.6903812134974	69.9602603653329	483.322074391292	0	103.660475638547	154.485785151328	87.4710683861275	87.0295175674552	90.5620687315185	65.8176969233609	89.4322249912734	368.585880774031	140.883190648499	57.7829810534118	184.658849570285	77.5706361284734	148.744247924999	18313.2563708924	60.1797341425687	70.0072027186361	308.396476068096	159.770786186688	184.010751491334	52.2954390714667	143.981280855107	94.0941615504557	140.628527167146	94.858614712159	69.7301141386348	87.0032418930746	47.3510453982016	128.034470551956
S25	93.2273742942225	130.258532007883	221.549473936032	145.780378146741	118.143899154715	204.750027425914	105.222965285823	127.191020366673	160.133454051866	154.997680991377	125.022913755737	119.870561277967	146.071784169275	71.4526920261669	156.527106051499	97.7629726304963	127.019026395143	90.5239369222149	248.242426929385	152.275238631635	126.979625595145	181.578922316893	113.377317842649	149.85608098009	294.644187468282	67.2684143100884	133.596958762881	119.003725544789	450.918199486307	103.660475638547	0	115.708878527738	124.416116665838	151.494620849332	141.707949093794	116.631880078154	76.7396549086957	275.202779769754	186.916153598813	72.9909824263497	186.862629627663	88.3397919619958	95.9338487908706	18215.9391611684	62.1342424476681	72.9686579463321	324.652467261545	190.062492166994	189.199678985685	80.240231246373	171.23960596589	139.664006122185	125.094674322629	147.155540416265	49.8640456303964	43.1454929181184	112.406898981627	164.067703972642
S26	158.71491921243	203.012373489024	147.076454741228	226.970308901367	188.456748634621	256.330064183001	171.636173984058	188.959122417052	226.129417622012	234.462679375601	162.639033186904	183.283678836135	230.77146957667	145.055661671401	213.210070470837	121.992013760892	208.95140110853	121.418052738433	203.86567587367	164.26293844327	193.335183201156	138.798042900243	144.414079190804	207.879616779975	237.664931987996	124.152698746498	138.760612135228	147.474806030553	395.767437830384	154.485785151328	115.708878527738	0	85.2686853143661	125.451369755589	200.591925196532	144.657440703827	145.951514161292	286.297716872967	109.295315242079	149.345752229706	168.579080937662	176.44046190097	101.878428153263	18231.7616832882	117.874680236212	159.829934430929	264.265273893993	243.53601020731	161.016152458234	132.416757916587	141.722502595828	153.913673837408	159.713535144325	204.267057173896	143.217120074474	107.783465367261	171.593336563514	60.3789139379881
S27	97.4168839840401	132.032303023964	133.424201332372	163.469825641663	126.534092673774	210.35245167043	125.233367569951	128.863790623468	166.707053651316	170.514722835657	103.264033271285	127.019447499489	162.204751060903	84.1123229317844	151.734891707523	69.277452110219	141.386641988023	56.6125756459455	215.43466070345	129.541161656256	127.788143659698	108.083159060554	79.1432698925856	145.779077361495	283.189382582197	104.704255793161	77.3395895571228	97.9458169822756	422.290959640109	87.4710683861275	124.416116665838	85.2686853143661	0	67.938713168093	134.719844720907	102.974069653025	86.0115572286282	341.173953009486	89.1971340653165	113.181713135834	116.019054924844	131.216489216951	125.791831993778	18287.7502368151	107.912744204416	124.980156734947	243.416504021336	198.577352614289	122.050055254356	74.6789325796654	89.3890154340726	97.3675037819869	139.702334634576	146.12541041868	116.208270671578	107.556694774763	112.321373055065	58.8355434222896
S28	115.540772840737	156.827957229229	151.838505727539	180.670559593299	142.637395627689	218.70922682718	138.257840025302	145.822977847383	187.545093798678	182.081896993379	105.439280049431	148.505119422502	181.828090807087	112.259498017933	149.368493084015	98.4622001927615	163.20038892528	88.1022702423997	262.695817563591	168.478094542211	142.388330119921	147.476747022179	114.696282182816	165.154424656451	321.09508501834	131.344610208448	109.607965726185	91.7337005439632	442.350379818824	87.0295175674552	151.494620849332	125.451369755589	67.938713168093	0	154.275408095632	100.919579163618	120.227813575781	366.568491612207	117.369490147894	132.492625480833	153.521612795865	156.188428277084	133.628408555759	18312.8666775069	104.209346465407	145.379925579223	282.326114912781	213.491607143024	155.512163299949	95.9085634824813	113.385068758717	104.595427449129	155.776571369406	151.706061818083	141.097293911863	116.605255611427	115.676851375505	93.0615924616766
S29	78.0143833837379	48.0058318591902	182.636852808765	47.4911155348084	47.8821976921339	115.383636847607	72.781521820773	59.9286707320402	51.1586051784325	50.382849263192	72.356728159883	96.5957477250411	40.5447238555934	77.8914907321073	46.2620451979998	119.300698575776	35.145625695839	109.084969895634	304.589312089713	148.088487921328	42.4011010814376	135.689143780714	86.0020514714258	50.7684838023808	365.577657198061	139.640936475761	76.9081556776391	144.389480860553	522.18053202565	90.5620687315185	141.707949093794	200.591925196532	134.719844720907	154.275408095632	0	135.264595803073	103.826618562678	399.667256876688	153.89157271875	77.9324535635975	133.796371822271	84.1773422068198	199.078938129925	18346.331771834	117.711038832819	84.0219198301026	259.10130866257	113.982854151847	137.381676843093	78.7947686265362	102.508864983376	98.213354708935	193.716658641876	35.7375444651702	101.642133747232	116.532054016132	54.0865333362557	182.814812142595
S30	113.604650811702	136.703545089641	201.376511150944	160.111356963271	125.521741125279	212.150983597815	125.170191831654	125.730561137504	162.760957342189	172.088068533651	79.78438754653	144.524975080994	163.513118352988	89.4882419203357	137.873923333682	57.6231987713121	149.678764815636	58.5843547019785	304.156698938376	185.581779447645	133.099597687407	200.977993756257	130.362957313429	144.733975587701	345.024905858719	127.787870914974	110.142361155295	44.2897837743243	489.068094323021	65.8176969233609	116.631880078154	144.657440703827	102.974069653025	100.919579163618	135.264595803073	0	116.842974823755	381.872157156887	163.546400814913	109.642770537121	200.18625987042	136.005492483985	144.246680521143	18328.2639173251	66.4870039013268	122.580978468682	332.315494778883	199.7501211678	212.963715860935	77.4022724173146	158.08638974504	96.588933573143	152.27790876443	128.174184846944	111.823118929897	89.5173844999006	96.5171173343124	112.487359645991
S31	50.7058550302475	108.107346865314	178.723680392846	120.089773209296	88.9618422025256	156.21410791079	80.2571346736627	108.662852958242	135.562595516286	116.433490565495	98.127652471776	73.7481644105103	119.817868471883	51.4603985926508	122.791756378787	84.912701156874	102.892053102948	69.3760808073127	232.330492062953	112.978417379638	104.046649656515	132.235453543078	69.4722327713166	109.426867020401	282.952068658551	46.481378326647	86.5159147514958	113.092289335474	448.231274984445	89.4322249912734	76.7396549086957	145.951514161292	86.0115572286282	120.227813575781	103.826618562678	116.842974823755	0	308.830551190218	141.796970523199	76.0848885801128	122.744528425384	70.1346094047919	153.974383126538	18259.2869775472	89.9402064686429	72.996488395048	269.490648826255	141.86416108957	120.921778568282	44.5273719264513	120.517173867286	96.2122360388835	147.046449250651	123.012254154177	61.8451110019931	71.2876004098251	90.6194009703788	139.852467716697
S32	349.843884814304	386.028347840992	342.472632219579	398.577401331281	376.470951679842	446.883598479497	361.091890357368	392.802689010973	414.928906757672	396.977571682481	390.449125144632	355.773241590743	402.890344854417	335.44108729338	413.998577965089	361.980103341333	388.089114399589	350.842373453053	329.202502532965	378.440487300791	393.967977833218	358.903912981868	363.027452332615	405.890124769424	338.762974282963	273.759218283136	384.168940668562	377.137809105397	292.640440955777	368.585880774031	275.202779769754	286.297716872967	341.173953009486	366.568491612207	399.667256876688	381.872157156887	308.830551190218	0	354.419061823717	329.527722705642	374.180250947954	327.38738817705	257.833449407931	17958.6841589618	328.709450643144	321.093511903824	398.837658976669	433.350919204878	356.296567866517	343.31712879578	382.830208726702	398.139891075031	295.539918391387	410.380230038869	306.384179435217	304.065883546217	376.461917855081	337.835701009162
S33	122.522672804187	157.997444204728	70.9162869528942	191.149282835561	153.312399396191	226.296233708372	151.143461389974	154.609304807906	193.366192555512	190.196856430545	125.084054783278	158.560012363167	186.466790995607	146.982566606521	163.916890794508	149.498346808781	167.15936796297	130.452076593834	201.900563177438	144.016313912083	153.94827997608	71.0667244491341	103.747229102678	158.23979548106	259.5529720551	164.413866014794	89.5226226946471	154.874517078542	416.902673255553	140.883190648499	186.916153598813	109.295315242079	89.1971340653165	117.369490147894	153.89157271875	163.546400814913	141.796970523199	354.419061823717	0	170.474901687316	110.284825143108	187.832777168203	167.984397250026	18299.6059770653	151.073962867557	182.33939026363	189.635133987362	204.997166183895	95.4431427744017	122.160139679278	86.2452392559691	106.449852417775	198.255863424521	163.001804790267	176.775671154945	162.61676595655	133.983472487763	83.8259661831885
S34	81.7747448916409	66.8749798002864	204.08486464517	93.8693967293473	68.7821043843891	154.076128194978	68.105833958618	75.5633305526526	100.205471727451	98.237652555995	79.6330518276005	114.479776696162	91.4282063683058	40.5766319984529	93.7537963141465	94.0357522166921	77.5611301651274	83.5113273022404	247.24513239828	142.747599565298	74.1996667129248	176.279632065742	107.239828766047	88.658912748964	334.880314397899	105.39160064687	115.226921296984	114.518390278831	495.368000431414	57.7829810534118	72.9909824263497	149.345752229706	113.181713135834	132.492625480833	77.9324535635975	109.642770537121	76.0848885801128	329.527722705642	170.474901687316	0	178.197493977107	36.8609060780659	144.960267452565	18275.4990465941	59.1097886889889	17.0558687930096	304.410252334779	144.686194322255	180.085284431296	57.9405487314837	149.121759599918	123.188980902142	153.365797934146	89.509965701992	36.7626248597399	59.0645188366719	48.8310493664805	160.15523378866
S35	117.858883426054	159.046428640852	128.631424780719	139.869561844771	133.505606110507	154.766575190845	134.887968934817	145.973005406743	147.350626076781	146.990624157914	150.974301646533	109.180200286832	134.185835379073	155.903429040103	143.760616672015	165.258604508149	141.730274680346	161.058385726436	241.454148726886	144.431887488055	141.110988399631	69.3254501964176	96.7679088685002	153.377166866855	288.098762920316	145.410954540464	101.37981134943	203.29627353284	460.737942508968	184.658849570285	186.862629627663	168.579080937662	116.019054924844	153.521612795865	133.796371822271	200.18625987042	122.744528425384	374.180250947954	110.284825143108	178.197493977107	0	175.953887941765	206.752241870244	18320.0437881052	190.070010913358	179.047417392596	196.316360468092	178.985847365369	55.6056530167528	148.288369045106	65.5874573045246	136.05568800799	212.046948880971	149.706949079933	169.365417248574	172.127456334943	164.706338722289	145.579842436303
