CL-116	CL-117	CL-118	CL-119	CL-127	CL-128	CL-130	CL-131	CL-134	CL-136	CL-137	CL-139	CL-141	CL-142	CL-144	CL-146	CL-147	CL-148	CL-150	CL-151	CL-152	CL-154	CL-160	CL-161	CL-165	CL-166	CL-167	CL-169	CL-170	CL-171	CL-172	CL-173	CL-175	CL-176	CL-177	HLD-100	HLD-102	HLD-103	HLD-104	HLD-111	HLD-112	HLD-22	HLD-23	HLD-24	HLD-25	HLD-28	HLD-31	HLD-34	HLD-35	HLD-38	HLD-39	HLD-43	HLD-45	HLD-47	HLD-50	HLD-51	HLD-53	HLD-64	HLD-72	HLD-74	HLD-77	HLD-80	HLD-85	HLD-87	HLD-94	HLD-96	HLD-99
CL-116	0	0.0717168270288716	0.061010776212603	0.127005909535944	0.0789862259656016	0.122800348257596	0.161978371034663	0.0388090355624583	0.0645258817263626	0.0722175270521525	0.0646719458095873	0.0545973510736348	0.0705680872302359	0.0534160817193465	0.0641068245094256	0.0505598591661591	0.0576340807689732	0.0718169670335278	0.0510790563877523	0.0634326335226638	0.0770363661297164	0.0722519701110789	0.0964010192594104	0.0738255076364727	0.0748721939271784	0.0811172307780623	0.163194721282302	0.0399596888643677	0.0776671843756079	0.0546228644506173	0.082245559875112	0.0695807195410143	0.0309732396567175	0.130832597166102	0.172748843127812	0.124680046306779	0.0816989357732626	0.0821447820360313	0.0720708251345033	0.090542510069811	0.0770867550492568	0.15247559486033	0.0938216168464828	0.0863053759874474	0.0625951569232143	0.0765235472523688	0.0831174795334879	0.0851234687987345	0.155806685142604	0.0525499025707916	0.0836417794304776	0.104255312363464	0.0562321207037865	0.087706060383785	0.106143302260166	0.134361416119989	0.0905546289238776	0.0919176810891661	0.1302534435086	0.0842643058288499	0.151390957421363	0.0646496216047276	0.0776359304888044	0.0846444551458887	0.0928808110702543	0.120109962654794	0.111674602389966
CL-117	0.0717168270288716	0	0.0571403969243624	0.143009175248197	0.0498971491990394	0.11038043634253	0.185103695931573	0.0329077914664132	0.113187545645026	0.07179910766964	0.0941169341850549	0.0872978463520655	0.0550559540248947	0.0969253191564002	0.0771326791278252	0.109836363578379	0.0642063266796572	0.0525773294510478	0.0356153985986778	0.0948740436470097	0.0372125359977803	0.0490003539981056	0.0729912202091459	0.0464751675112657	0.0918781353548432	0.042737457783334	0.139920143130045	0.0638312800380149	0.0657702966886826	0.0581870832150682	0.121750472794767	0.0801241225790197	0.0537056585480975	0.0929975347699491	0.153624015741754	0.107591186403921	0.120657862425493	0.0961784150452384	0.0895832070952701	0.0694901470527266	0.0676978323197081	0.137333405621235	0.10639971169884	0.0593313581727319	0.110138059261196	0.0746444870376099	0.0667315131664971	0.0553187418078141	0.128886245419552	0.0866383255570686	0.066089851735388	0.0979662649372849	0.0847496978259414	0.107241653139262	0.0992878578649768	0.171661973268359	0.0811223334534588	0.0828247135326141	0.111249804663207	0.0867914058189634	0.159298828617079	0.124433842218898	0.0784970069619627	0.137654874171214	0.0718641667809453	0.106827698597721	0.107253134158904
CL-118	0.061010776212603	0.0571403969243624	0	0.135540771971004	0.0375263505346647	0.0797331300767634	0.168764291477575	0.0646470702670294	0.0656184920956369	0.0588529823543106	0.094412251523627	0.087039523410118	0.0545794917097471	0.0771492628228638	0.114086892183658	0.0906420122400426	0.0529517382582655	0.0222833834564885	0.0557180261575898	0.10150305682148	0.0438772679000258	0.0523585522434231	0.0645073845280504	0.0495680266359656	0.102284403991568	0.0492389040728917	0.150494800054854	0.0822155816571576	0.0553614767142597	0.0131247189542067	0.122327712948996	0.109273793615915	0.057704242555675	0.102455981451775	0.155547086531807	0.12232835078342	0.0730888088761038	0.0912804844990289	0.0664623470393321	0.0489282787081302	0.0477304256588032	0.128053552578286	0.0868264867123143	0.0841475821291551	0.0817767515730592	0.11083202311512	0.0692860400368668	0.0702217431376989	0.138857510978725	0.0774311856385201	0.0787259895203804	0.111251718166481	0.0782673865691205	0.101380592611964	0.0828387458899544	0.165032960093889	0.057921106260026	0.0642158941960256	0.122154859819939	0.0824560452352174	0.175445607074859	0.104731774678611	0.0362168764610395	0.1266515925131	0.0680901004908136	0.0971727989131301	0.0995359754561313
CL-119	0.127005909535944	0.143009175248197	0.135540771971004	0	0.108283555671783	0.175976923150519	0.0944773106349323	0.115332901732039	0.141090569299116	0.145034299546181	0.135844381157095	0.126124422361199	0.126605987351743	0.147347725004066	0.150637037131531	0.168216391706877	0.159185294089507	0.150869208862071	0.127451117964288	0.160728215562522	0.142395578531769	0.123549484789244	0.189298095107491	0.150608334582426	0.130788905508019	0.14696374868048	0.0807096545807674	0.110272323407567	0.169996587585829	0.144462162067349	0.160892139009634	0.144603123475177	0.13699439662458	0.200018816115525	0.105589661979647	0.191437391767471	0.164695545683296	0.136947834711587	0.124266410682451	0.138607479884297	0.143446091829022	0.182235992358744	0.185232538485335	0.117336339659588	0.133136136190406	0.141560015435593	0.141697787671298	0.166563762712837	0.0731927758873074	0.120151740809603	0.1449698782693	0.146068229148395	0.15298171647622	0.14950998370333	0.159006062616205	0.0913213059022008	0.184710789926043	0.146471978339143	0.189467759064424	0.144931608203826	0.066735978007469	0.166158737853241	0.15364442644334	0.184095917540766	0.147376427553171	0.162981684584499	0.194741374086701
CL-127	0.0789862259656016	0.0498971491990394	0.0375263505346647	0.108283555671783	0	0.0915407209442501	0.167714416014747	0.0574038225417064	0.0762180245630037	0.0714514879082539	0.0762454514432598	0.0778266429817484	0.0547045072569612	0.0813168729529501	0.0991398802784785	0.108617461993041	0.0725051903776299	0.0490175755275688	0.0343390919151298	0.0946973635114061	0.0430659425119833	0.0339149320227962	0.0892426035125542	0.048756701247923	0.0647580534569031	0.0584875032290368	0.13616521187265	0.0640487815767905	0.0833164838739512	0.0452358552243423	0.101293209295799	0.0931059666221246	0.0898153788258106	0.109428787381084	0.154497211068979	0.106160523789629	0.0998230009471841	0.0851725820494258	0.0724911580202895	0.0458666734702339	0.079522644716658	0.0905272020436215	0.0886545201731083	0.0466212315944904	0.0965324131508702	0.09588501120994	0.0584951572421315	0.0681896026610452	0.122893791000794	0.0605528110957676	0.0617672478401332	0.0981301883843973	0.103002605553624	0.0800016583695039	0.0720478630952191	0.168139213741505	0.0884925102292696	0.0614732061704102	0.105987032826149	0.0825810607824315	0.152344519886083	0.106559808139405	0.0666862269223532	0.122700846087364	0.053143088585634	0.0952210255739712	0.097207879806481
CL-128	0.122800348257596	0.11038043634253	0.0797331300767634	0.175976923150519	0.0915407209442501	0	0.215761207548133	0.134808856968819	0.0672908939568378	0.0912473171089517	0.143526777883729	0.129719576095241	0.0814999314327993	0.109044811057498	0.158074505439133	0.146114472144176	0.118531322454004	0.0756407844087753	0.11965072186911	0.106885103695932	0.0749640420843153	0.118125659759983	0.05964708621289	0.113722688727233	0.113918503895574	0.107753834182185	0.195690471710449	0.117180389142782	0.102507646040164	0.0834434129244389	0.106615299734342	0.138908856649902	0.101245371713957	0.13541161050003	0.206096740347173	0.11639011229075	0.0979605244274639	0.123044638842203	0.0954008948816977	0.0752363973836032	0.102899276376845	0.0951004748677291	0.0915145697328431	0.104955016727208	0.125426312583516	0.160393033572415	0.138852089386116	0.0820727067460558	0.190903524354113	0.104120729299881	0.0908958703410182	0.0943223168697638	0.104575505244594	0.147885100506759	0.100080686054707	0.236233141238866	0.0899403943730247	0.0712741699382257	0.130890640098737	0.0990537726311627	0.196906184123663	0.125351685955843	0.0770114905871585	0.14487197068513	0.122970650048954	0.123716916325691	0.103112950909074
CL-130	0.161978371034663	0.185103695931573	0.168764291477575	0.0944773106349323	0.167714416014747	0.215761207548133	0	0.163842761057657	0.173012906579581	0.151902500629861	0.120598862741221	0.166791469602406	0.192658844690507	0.173516795774985	0.139208319912234	0.152037083693444	0.193771227926942	0.167641702890347	0.178037766176278	0.17566374644806	0.160798377349224	0.179467153121721	0.207880763232672	0.160562378612136	0.180823189108339	0.161733442615631	0.0984452785901308	0.160320639365227	0.16298040891565	0.172876410012725	0.167924901374852	0.153507292042059	0.161594394711077	0.181012625932434	0.0610905055156732	0.183113652526941	0.155369130727354	0.12068815956066	0.146382681519704	0.175850631934456	0.182579785113582	0.232890251019738	0.194227279540504	0.19226785218825	0.158083116203865	0.139388827054385	0.15891166312137	0.193433175681925	0.0977442985575374	0.158100337733328	0.193123825986012	0.163108613634986	0.140950883560137	0.125630738516588	0.170619751818625	0.0875568071284375	0.190807211356004	0.195053275120311	0.175505563510768	0.144158552881258	0.0816855412503468	0.170647816533306	0.168087549153115	0.172525601079216	0.154507416419772	0.156812550030138	0.150789479559001
CL-131	0.0388090355624583	0.0329077914664132	0.0646470702670294	0.115332901732039	0.0574038225417064	0.134808856968819	0.163842761057657	0	0.0837151303893022	0.09274877934437	0.0630052844582075	0.0566530914239972	0.0660413763191213	0.0680767059678978	0.0558717442539091	0.0787247138515313	0.0794052831825386	0.0717308593862119	0.0414828374702211	0.0660254304585073	0.0598448148845041	0.0583031690803384	0.0998804060453947	0.0505464646432432	0.0607664856279958	0.0618909877184982	0.162552422016769	0.0327196303111675	0.0867199683634125	0.0622583803470457	0.0906388230679198	0.0588631877051036	0.0380398072464369	0.117425955396239	0.174573687416484	0.120994001167237	0.0911854471697692	0.078396229122882	0.0624172011187616	0.0787929621349594	0.0770006474019409	0.144840078963902	0.125077417153281	0.0686341732549647	0.0859405346965981	0.0627150697950319	0.0760343282487299	0.0688873935215157	0.142134704252123	0.0555266758302212	0.0753926668176208	0.0789683666017139	0.0652849046915911	0.0761300034124142	0.10515529673652	0.141337411221421	0.0904685212765618	0.090331386875281	0.123013384955399	0.0712288836940819	0.143312784434289	0.095905421911526	0.0912785709957552	0.104747082704801	0.0846457308147378	0.119609262631513	0.128246178574504
CL-134	0.0645258817263626	0.113187545645026	0.0656184920956369	0.141090569299116	0.0762180245630037	0.0672908939568378	0.173012906579581	0.0837151303893022	0	0.0951910473560168	0.0905514397517548	0.0876116608889498	0.101695682817697	0.0556357455168213	0.10892489818568	0.0896361473525088	0.0960763615373085	0.0783305321771521	0.0976294883611163	0.0511938665841734	0.0898300490175755	0.0984261435573939	0.0664534173573882	0.100041778154809	0.0807708866855253	0.105286052793555	0.193023685981356	0.0607020643511151	0.105835228233103	0.0733279967853145	0.0630646030596917	0.0909800644850603	0.080928431788392	0.152564891679769	0.195722363431677	0.111297004410625	0.0633573690605656	0.0916918877028712	0.0722162513833034	0.0823667484157787	0.10761478627763	0.108229020828483	0.0919246972678362	0.118318285756201	0.0820720689116312	0.111243426318962	0.115353631350838	0.0974693919205513	0.186184187446781	0.0600737974429218	0.0984599487818957	0.103190128874445	0.0840212909130919	0.0962185986139858	0.0911567446206639	0.177958674707633	0.0945793641428622	0.0878789135128412	0.136546317941326	0.0691399759536422	0.175057165910301	0.0818009892811925	0.089204971281505	0.0884153322638976	0.10442816549252	0.115493317089817	0.11500154674848
CL-136	0.0722175270521525	0.07179910766964	0.0588529823543106	0.145034299546181	0.0714514879082539	0.0912473171089517	0.151902500629861	0.09274877934437	0.0951910473560168	0	0.08829541939208	0.100536099833844	0.0719719607986963	0.100908595137788	0.076939415297183	0.0752855106342945	0.0699474743351373	0.0526723667803075	0.0712594997464608	0.116397766303845	0.0672258348455324	0.0705546927073201	0.0963468033333227	0.0633822446031235	0.125700581386078	0.0631934456134532	0.155309174291446	0.0930434588485175	0.0284869610697759	0.0625632652019862	0.134145509167275	0.0842834408615867	0.0725198605693948	0.113197113161394	0.114849423238222	0.108548575875189	0.0816829899126486	0.0531724289691639	0.0874828183351884	0.0847260979522326	0.0721467274310262	0.139783327645976	0.0789313722050893	0.0846565739999554	0.0474714648824312	0.0792579434304649	0.088269268180673	0.103996351587092	0.127714543581632	0.102977730011066	0.101608937335957	0.12969278704941	0.0516709667337456	0.0905501640829057	0.06306715439739	0.193434451350774	0.107589272900648	0.0874598562959041	0.10257972133014	0.109960741291168	0.152265428417437	0.091245403605678	0.0616192702536349	0.14564247467	0.0588823227378405	0.0962466633286665	0.0901240906872985
CL-137	0.0646719458095873	0.0941169341850549	0.094412251523627	0.135844381157095	0.0762454514432598	0.143526777883729	0.120598862741221	0.0630052844582075	0.0905514397517548	0.08829541939208	0	0.060443103574743	0.0985403159193905	0.0741425113454798	0.0588427770035177	0.063046743695804	0.107328398621002	0.103187577536747	0.0706905514397518	0.0866734064504195	0.0878572271424061	0.0931799554153737	0.120630435545237	0.0504724758499941	0.071545887403089	0.115373404217999	0.155421433150169	0.0535117568830307	0.0993733276778681	0.093652590723974	0.0981104155172359	0.0596030756375952	0.0806675575087463	0.134648760528254	0.142948580977864	0.113593846173472	0.0779809989124923	0.0679370202289188	0.0793899751563492	0.106407365711935	0.0872366142473075	0.153785068933955	0.0939574755789145	0.0963544573464174	0.0761064035387054	0.0656312487841281	0.0825019693137858	0.0959443298114242	0.131538998791304	0.063439649701334	0.100033486307289	0.0790563877523034	0.0613430879477996	0.0616422322929191	0.0842356032797446	0.159398330787311	0.123632084347224	0.113265361444823	0.100686628758041	0.0903932568144635	0.127178124830575	0.073916717959185	0.0800603391365635	0.10838656593135	0.0677316375442099	0.123926126016947	0.0849002267501379
CL-139	0.0545973510736348	0.0872978463520655	0.087039523410118	0.126124422361199	0.0778266429817484	0.129719576095241	0.166791469602406	0.0566530914239972	0.0876116608889498	0.100536099833844	0.060443103574743	0	0.0828680862734843	0.0558896036177969	0.0521997314717073	0.0603404122323886	0.0731500409808618	0.10198270830875	0.0712818239513205	0.0695992167393266	0.0769840637069023	0.0844677750102851	0.124007768823291	0.0787279030236541	0.0673980501401641	0.0896540067163965	0.179894502186177	0.0526092211722759	0.104910368317488	0.0878578649768307	0.0733197049377952	0.0684912983438629	0.0719553771036577	0.12922015174081	0.176091095512516	0.12403838487567	0.106236426086152	0.0738605885298236	0.0610898676812486	0.105071102592478	0.101902341171255	0.142702695807195	0.0944709322906867	0.0778336591604185	0.0676098111691186	0.0652849046915911	0.0820280583363365	0.087329100238869	0.138142498588791	0.058380984880135	0.103844546994046	0.0832144303660213	0.0718488587547558	0.0630920299399479	0.0684319797423787	0.127693495045621	0.104856152391401	0.106603180880275	0.106630607760531	0.07350914176189	0.1386750903333	0.0703914070946323	0.0874981263613778	0.0685353089191577	0.0977832064574357	0.105833952564254	0.142531756181413
CL-141	0.0705680872302359	0.0550559540248947	0.0545794917097471	0.126605987351743	0.0547045072569612	0.0814999314327993	0.192658844690507	0.0660413763191213	0.101695682817697	0.0719719607986963	0.0985403159193905	0.0828680862734843	0	0.115617056968182	0.105908579191928	0.121127946396395	0.0863194083447878	0.0658194099393738	0.0511881260743524	0.114860585340651	0.0357397763114673	0.0559036359751372	0.102973903004519	0.0587643233692966	0.104652045375541	0.0606931346691712	0.140581577428315	0.0785416553716821	0.0759494962702632	0.0526615235950899	0.130887450926614	0.106668877826005	0.076159343795944	0.104017400123102	0.16689416094476	0.11297004410625	0.105346647063889	0.101163091073188	0.0601503375738692	0.0668986257857323	0.0742592350451746	0.115530311486441	0.116242134704252	0.0640417653981203	0.0921964147326995	0.113855358287542	0.0672028728062482	0.0611287755811469	0.140617933990515	0.101191793622294	0.0576315294312749	0.107836752657378	0.0959137137590453	0.104872098252015	0.0805667796696655	0.186223095346679	0.0979362867193305	0.0576946750393065	0.110351095959	0.0875395855989744	0.168683286505656	0.131997920659776	0.057590708028103	0.125113135881057	0.0698084264305829	0.0976792394462321	0.126517647283942
CL-142	0.0534160817193465	0.0969253191564002	0.0771492628228638	0.147347725004066	0.0813168729529501	0.109044811057498	0.173516795774985	0.0680767059678978	0.0556357455168213	0.100908595137788	0.0741425113454798	0.0558896036177969	0.115617056968182	0	0.0864463373952756	0.0562927149741199	0.0706982054528465	0.0807670596789779	0.076195700358144	0.0561779047776988	0.104933968191197	0.098251376925064	0.0801413441084829	0.0974432407091443	0.0533912061767886	0.0918583624876818	0.194530250892171	0.0422227254027127	0.092185571547482	0.0763896020232108	0.0573763956614502	0.058407136091542	0.0634045688079831	0.137446940148807	0.182072706746056	0.131765111094811	0.0729593284879178	0.0936832067763529	0.0785524985568996	0.0790334257130192	0.097579099441576	0.141637512318177	0.0927947034229384	0.10185960626481	0.0689186474083193	0.0876614119740657	0.102243582588396	0.0875319315858796	0.164241407573008	0.0364994371111203	0.0943178520287918	0.092242338811268	0.0735225362848058	0.0828138703473965	0.111839163671503	0.134053979927351	0.06420951585178	0.0918985460564292	0.11885789367938	0.0819808585889189	0.174148889689725	0.0416735499631651	0.0959762215326523	0.090878648811555	0.11470240240336	0.104790455445671	0.101476905610073
CL-144	0.0641068245094256	0.0771326791278252	0.114086892183658	0.150637037131531	0.0991398802784785	0.158074505439133	0.139208319912234	0.0558717442539091	0.10892489818568	0.076939415297183	0.0588427770035177	0.0521997314717073	0.105908579191928	0.0864463373952756	0	0.0506740315281556	0.0868220218713424	0.109090097301641	0.0787859459562892	0.0936678987501634	0.0835441907635197	0.100039226817111	0.133674149527524	0.0645188655476925	0.0985033215227659	0.0704392446764744	0.181776751573059	0.0635908164599552	0.0661128137746722	0.107698980421672	0.0920484371462012	0.0292600163923447	0.0718335507285664	0.122311767088382	0.129519615003141	0.116526608857607	0.0912811223334535	0.0636392918762219	0.0878859296915114	0.124233562209586	0.126006741909868	0.180569012090151	0.0970267348299055	0.0955380292829784	0.06684377202522	0.0187134241822165	0.0816600278733643	0.0988770924955591	0.149977516336534	0.0903970838210109	0.114826142281725	0.10824113968255	0.0595239841689496	0.054511243426319	0.0771046144131445	0.152841392902816	0.120107411317096	0.125243891938092	0.108250069364494	0.0949282595730974	0.117104167929047	0.0660790085501705	0.130712046459859	0.0998599953438087	0.070605719461285	0.120713991854854	0.122009433571139
CL-146	0.0505598591661591	0.109836363578379	0.0906420122400426	0.168216391706877	0.108617461993041	0.146114472144176	0.152037083693444	0.0787247138515313	0.0896361473525088	0.0752855106342945	0.063046743695804	0.0603404122323886	0.121127946396395	0.0562927149741199	0.0506740315281556	0	0.0749563880712206	0.0958569464952593	0.0998427738143455	0.0780645552221099	0.102146631755862	0.113462452282012	0.110068535308919	0.0739964472622552	0.102707288215052	0.099165393655461	0.213754580448461	0.0811701710353009	0.0644589091117837	0.0842541004780569	0.0806012227285919	0.063759842582464	0.0690927762062246	0.142563647902641	0.156449622242562	0.132404221188222	0.0818698753990452	0.069112549073386	0.0915898341949413	0.112786347791977	0.11829723722019	0.170204840525448	0.0683082398640137	0.120798185998897	0.04938688165939	0.0630907542710988	0.104960757237029	0.114754704826174	0.155977624768386	0.0747937402929574	0.132405496857071	0.12936557798961	0.0444946916230016	0.0621926834013159	0.0806299252776971	0.139034191114329	0.0990225187443591	0.124812078032663	0.126431539636626	0.109374571454996	0.14215383928486	0.0380659584578439	0.105471024776678	0.0923494949945943	0.0881646633350449	0.131841013391334	0.110049400276182
CL-147	0.0576340807689732	0.0642063266796572	0.0529517382582655	0.159185294089507	0.0725051903776299	0.118531322454004	0.193771227926942	0.0794052831825386	0.0960763615373085	0.0699474743351373	0.107328398621002	0.0731500409808618	0.0863194083447878	0.0706982054528465	0.0868220218713424	0.0749563880712206	0	0.06866287580407	0.0506230047741907	0.10518463712005	0.0797580056193213	0.0655515194810579	0.0850877500709591	0.0824152238320454	0.0977034771543655	0.060897241685031	0.16722264567341	0.077042744473962	0.0612244507448311	0.0555049894597861	0.106642088780174	0.0912434901024043	0.0666670918896164	0.107797206923055	0.151111585943405	0.130430123644203	0.118204113394204	0.110290501688667	0.107056681156139	0.090795730336362	0.0659329444669458	0.160297358408731	0.062509687110323	0.078452996386668	0.0775032609284956	0.0749359773696346	0.0650125493923032	0.0916210880817449	0.149958381303797	0.089632958180386	0.0918271086008783	0.134702338619918	0.0960846533848278	0.101962297607164	0.0834204508851547	0.15950165996409	0.073442169147311	0.0753410022292313	0.121726235086634	0.118336782954513	0.188942183498586	0.090832086898562	0.074247116191108	0.112762110083843	0.0945385427396902	0.088378337867273	0.115876017744554
CL-148	0.0718169670335278	0.0525773294510478	0.0222833834564885	0.150869208862071	0.0490175755275688	0.0756407844087753	0.167641702890347	0.0717308593862119	0.0783305321771521	0.0526723667803075	0.103187577536747	0.10198270830875	0.0658194099393738	0.0807670596789779	0.109090097301641	0.0958569464952593	0.06866287580407	0	0.0652613048178823	0.107508905763153	0.0393142004267112	0.0680059063467714	0.0655725680170684	0.0562180883464461	0.110272642324779	0.039084580033869	0.15146048137364	0.0944938943299709	0.045207152675237	0.0216296031713128	0.122165703005157	0.103056183645288	0.0629255551551373	0.102086037485529	0.154424497944579	0.12775759740529	0.080643319800613	0.0823648349125051	0.0735831305551392	0.0530372080711568	0.0576079295575661	0.132873029490275	0.095802092734747	0.0917020930536642	0.0895506775396175	0.108728445182915	0.0800922308577916	0.0733496831557496	0.153816003903547	0.0835505691077653	0.0897834871045825	0.114933298465051	0.0681130625300978	0.113658905284777	0.0992731876732119	0.174085106247269	0.0671875647800587	0.0676002436527502	0.126974336731928	0.0876773578346797	0.174486304100319	0.105990859832696	0.0507263339509697	0.137494777730649	0.0720051281887735	0.106795169042068	0.0933183654855036
CL-150	0.0510790563877523	0.0356153985986778	0.0557180261575898	0.127451117964288	0.0343390919151298	0.11965072186911	0.178037766176278	0.0414828374702211	0.0976294883611163	0.0712594997464608	0.0706905514397518	0.0712818239513205	0.0511881260743524	0.076195700358144	0.0787859459562892	0.0998427738143455	0.0506230047741907	0.0652613048178823	0	0.0875772178300235	0.0572583962929063	0.0362551465265132	0.0851559983543872	0.0468119440874343	0.0735990764157532	0.0633037909689024	0.132215103281339	0.045118493690223	0.0823374080322489	0.052223331345416	0.108665937409308	0.0739728473885464	0.0680990301727575	0.111414365944744	0.153084407818574	0.100284155236142	0.114802542408016	0.0929471458504087	0.0864680237657107	0.0744104018037957	0.0631067001317128	0.114144297281869	0.0977621579214252	0.0480531698776315	0.102772347326358	0.0772659865225586	0.0610815758337293	0.0635659409173972	0.116615586759833	0.0719247610512787	0.0526812964622514	0.107732785646174	0.0978814329588182	0.0885288667914696	0.0805750715171848	0.161160667302375	0.0849378589811871	0.0742343595026167	0.0956981257235434	0.0999933027385421	0.160981435829073	0.111197502240393	0.0808340322935569	0.111388852567762	0.0613360717691294	0.0990282592541802	0.108579829761992
CL-151	0.0634326335226638	0.0948740436470097	0.10150305682148	0.160728215562522	0.0946973635114061	0.106885103695932	0.17566374644806	0.0660254304585073	0.0511938665841734	0.116397766303845	0.0866734064504195	0.0695992167393266	0.114860585340651	0.0561779047776988	0.0936678987501634	0.0780645552221099	0.10518463712005	0.107508905763153	0.0875772178300235	0	0.0958792707001189	0.0937163741664301	0.0857938327789489	0.0976231100168707	0.0655610869974263	0.11226523706711	0.20792094680142	0.0521104346522686	0.125725456928636	0.0966931474258597	0.0420326507441933	0.0823067919798699	0.0815318231540274	0.149231568977009	0.19944348946457	0.0981027615041411	0.0997560283326051	0.0915183967393904	0.0830594366008528	0.0820720689116312	0.131170011576695	0.122201421732932	0.101132475020809	0.108135897002497	0.110653429476242	0.106084621493107	0.11849432805738	0.0817773894074837	0.169331326281011	0.0445131888213139	0.102124945385427	0.0963882625709192	0.0863940349724615	0.0987546282860432	0.0959685675195576	0.150304725396334	0.106815579743654	0.09453152656102	0.12780798632483	0.0776180711249167	0.163187067269208	0.0730562793204512	0.116765796766817	0.0782278408347977	0.109567835285638	0.120927666387083	0.127935553209742
CL-152	0.0770363661297164	0.0372125359977803	0.0438772679000258	0.142395578531769	0.0430659425119833	0.0749640420843153	0.160798377349224	0.0598448148845041	0.0898300490175755	0.0672258348455324	0.0878572271424061	0.0769840637069023	0.0357397763114673	0.104933968191197	0.0835441907635197	0.102146631755862	0.0797580056193213	0.0393142004267112	0.0572583962929063	0.0958792707001189	0	0.0548186796189577	0.0796884816670441	0.0439059704491311	0.0892553602010454	0.0428497166420569	0.133511182832049	0.0765203580802459	0.0581060782431489	0.0419592997853687	0.110969795350825	0.093539056196402	0.0624720548792739	0.0897560602243264	0.149050742917646	0.115004098086178	0.0904882941437232	0.0785206068356715	0.0571557049505519	0.0515019406112367	0.0858735620820191	0.125497750039067	0.100480608238907	0.0705967897793412	0.106473062657665	0.0914909698591343	0.0661179164500687	0.0425123022314637	0.135098752714783	0.0899512375582423	0.0721709651391595	0.0884140565950485	0.0764910176967161	0.0807791785330446	0.0737272811350901	0.17176275110744	0.0869572427693495	0.0600221328545323	0.109125816029417	0.0591757265731389	0.158130315951282	0.120757364595725	0.0584919680700087	0.125078054987706	0.0549500735104174	0.104215128794716	0.103232225946467
CL-154	0.0722519701110789	0.0490003539981056	0.0523585522434231	0.123549484789244	0.0339149320227962	0.118125659759983	0.179467153121721	0.0583031690803384	0.0984261435573939	0.0705546927073201	0.0931799554153737	0.0844677750102851	0.0559036359751372	0.098251376925064	0.100039226817111	0.113462452282012	0.0655515194810579	0.0680059063467714	0.0362551465265132	0.0937163741664301	0.0548186796189577	0	0.105574991787882	0.0677450320671257	0.0886857740599118	0.0593868497676688	0.137762349271753	0.0628943012683337	0.0824196886730174	0.0600680569331007	0.125220929898808	0.0987189095582678	0.0822404571997155	0.101853865754989	0.153600415868045	0.111131805294664	0.118811331766387	0.0994473164711173	0.0946992770146798	0.0697943940732425	0.0833394459132354	0.117952806630927	0.108426111665673	0.0571735643144396	0.0946992770146798	0.096784357748572	0.049964759648043	0.0759750096472457	0.133691052139775	0.0803244025883321	0.0770331769575936	0.124319669856902	0.118700986410938	0.0924802510516295	0.0803703266669005	0.174780345770042	0.105684699308906	0.0743791479169922	0.109194064312845	0.0903856028013688	0.180307181058869	0.12633139963197	0.0782284786692223	0.132561766291088	0.0703352776652709	0.0901681012625932	0.126804672774994
CL-160	0.0964010192594104	0.0729912202091459	0.0645073845280504	0.189298095107491	0.0892426035125542	0.05964708621289	0.207880763232672	0.0998804060453947	0.0664534173573882	0.0963468033333227	0.120630435545237	0.124007768823291	0.102973903004519	0.0801413441084829	0.133674149527524	0.110068535308919	0.0850877500709591	0.0655725680170684	0.0851559983543872	0.0857938327789489	0.0796884816670441	0.105574991787882	0	0.0848013624143309	0.105276485277187	0.0925280886334716	0.186923437544848	0.0852076629427767	0.0928552976932718	0.0647822911650365	0.0976645692544672	0.105634948223791	0.0761727383188598	0.144626404431674	0.196878119408983	0.104219593635688	0.100799525451188	0.123656322055358	0.10726525301297	0.0748849506156697	0.0878648811555008	0.114720899601672	0.0836060607027022	0.117800364203456	0.132374242970267	0.127958515249026	0.126582068560822	0.0781863815972012	0.175463466438747	0.0885786178765854	0.0845781203657343	0.108230296497332	0.0928387139982332	0.147085893972784	0.105044951381071	0.20426041503886	0.0684906605094384	0.0922876250554119	0.122470587860097	0.0994562461530611	0.198530748403022	0.111879985074674	0.0838178217316567	0.131166822404572	0.113752029110763	0.127763975749535	0.0908263463887409
CL-161	0.0738255076364727	0.0464751675112657	0.0495680266359656	0.150608334582426	0.048756701247923	0.113722688727233	0.160562378612136	0.0505464646432432	0.100041778154809	0.0633822446031235	0.0504724758499941	0.0787279030236541	0.0587643233692966	0.0974432407091443	0.0645188655476925	0.0739964472622552	0.0824152238320454	0.0562180883464461	0.0468119440874343	0.0976231100168707	0.0439059704491311	0.0677450320671257	0.0848013624143309	0	0.0938120493301144	0.0649009283680049	0.165128635257573	0.0733094995870022	0.0546962154094419	0.048213904152621	0.112279907258875	0.06527916418177	0.0821543495523997	0.122328988617845	0.145207152675237	0.0817690975599644	0.0776180711249167	0.0792413597354263	0.0787438488842681	0.0684275149014067	0.0748632642452346	0.133276778681022	0.0792445489075491	0.0786768762696892	0.0908958703410182	0.0759010208539965	0.0786105414895347	0.0539831165227818	0.109341722982131	0.0827411572229965	0.0676818864590941	0.106616575403191	0.0578994198895909	0.0737081461023533	0.0593224284907881	0.168551892614196	0.0759903176734351	0.0836551739533934	0.0837884813481268	0.0922691278570996	0.133870921447501	0.0880862097008238	0.0759405665883193	0.126388166895756	0.0382247792295598	0.122185475872318	0.0843076785697201
CL-165	0.0748721939271784	0.0918781353548432	0.102284403991568	0.130788905508019	0.0647580534569031	0.113918503895574	0.180823189108339	0.0607664856279958	0.0807708866855253	0.125700581386078	0.071545887403089	0.0673980501401641	0.104652045375541	0.0533912061767886	0.0985033215227659	0.102707288215052	0.0977034771543655	0.110272642324779	0.0735990764157532	0.0655610869974263	0.0892553602010454	0.0886857740599118	0.105276485277187	0.0938120493301144	0	0.118531960288429	0.18618546311563	0.0349125050628107	0.137565577351775	0.102559310628554	0.0721569327818192	0.0739569015279324	0.0775268608022044	0.165155105386193	0.208746304546803	0.123234075666298	0.0895398343543999	0.100803352457735	0.0855017046124996	0.0734121909293566	0.12271424061028	0.12507869282213	0.119655824544506	0.0742879375942799	0.114298653212613	0.0986838286649169	0.113265999279247	0.0739301124821008	0.159194223771451	0.0319127697640969	0.0777590325327448	0.0669337066790832	0.100569905058346	0.086502466824637	0.122861580362354	0.164025181703082	0.108525613835904	0.0719081773562401	0.102993038037256	0.0730875332072547	0.158624637630318	0.0774235316254253	0.117432333740484	0.115775239905473	0.112105778460969	0.130243238157807	0.10457359174132
CL-166	0.0811172307780623	0.042737457783334	0.0492389040728917	0.14696374868048	0.0584875032290368	0.107753834182185	0.161733442615631	0.0618909877184982	0.105286052793555	0.0631934456134532	0.115373404217999	0.0896540067163965	0.0606931346691712	0.0918583624876818	0.0704392446764744	0.099165393655461	0.060897241685031	0.039084580033869	0.0633037909689024	0.11226523706711	0.0428497166420569	0.0593868497676688	0.0925280886334716	0.0649009283680049	0.118531960288429	0	0.145557323774321	0.0850877500709591	0.0347064845436773	0.0513201578002366	0.107988557250423	0.0802172464050057	0.0717920914909699	0.0630014574516601	0.115773645319412	0.123070152219185	0.102878865675259	0.0902899276376845	0.0719547392692331	0.0577935393751136	0.0778598103718256	0.149014705272658	0.106569375655774	0.0771422466441936	0.0825529960677508	0.0728126265702686	0.0414413782326246	0.0709635445734642	0.160520281540115	0.0922436144801171	0.086311754331693	0.119689629769008	0.0903549867489898	0.0982609444414324	0.0838752268298672	0.158687145403925	0.0764304234263827	0.0703665315520744	0.128524912218037	0.0912128740500253	0.177247489324246	0.11325515609403	0.0769049722382567	0.122096816887304	0.07354549832409	0.0693651315055125	0.12192842859922
CL-167	0.163194721282302	0.139920143130045	0.150494800054854	0.0807096545807674	0.13616521187265	0.195690471710449	0.0984452785901308	0.162552422016769	0.193023685981356	0.155309174291446	0.155421433150169	0.179894502186177	0.140581577428315	0.194530250892171	0.181776751573059	0.213754580448461	0.16722264567341	0.15146048137364	0.132215103281339	0.20792094680142	0.133511182832049	0.137762349271753	0.186923437544848	0.165128635257573	0.18618546311563	0.145557323774321	0	0.155810512149151	0.166387082577234	0.155416968309197	0.219357955868236	0.181677249402827	0.166885231262816	0.165910620262086	0.0743746830760203	0.208964443920003	0.209913541543751	0.178926907364117	0.177971431396124	0.156680518304253	0.142185093171664	0.212680467277499	0.199737531134293	0.152416595176058	0.184419937428443	0.172699729877121	0.127084363170165	0.171502514662219	0.0857268601643699	0.179113792850514	0.163616967671362	0.172647427454307	0.199448592139966	0.190245279227965	0.179706978865356	0.13506335290422	0.198769298477808	0.167373174597606	0.208841979710487	0.1726576328051	0.130930823667484	0.224624554711842	0.140191860594908	0.220284729287124	0.156214899174323	0.158252142326373	0.181688092588045
CL-169	0.0399596888643677	0.0638312800380149	0.0822155816571576	0.110272323407567	0.0640487815767905	0.117180389142782	0.160320639365227	0.0327196303111675	0.0607020643511151	0.0930434588485175	0.0535117568830307	0.0526092211722759	0.0785416553716821	0.0422227254027127	0.0635908164599552	0.0811701710353009	0.077042744473962	0.0944938943299709	0.045118493690223	0.0521104346522686	0.0765203580802459	0.0628943012683337	0.0852076629427767	0.0733094995870022	0.0349125050628107	0.0850877500709591	0.155810512149151	0	0.104121367134306	0.0814559208575046	0.063547443719085	0.0402652115537328	0.0503819033617063	0.137108250069364	0.174868366920631	0.102917773575158	0.0810949065732027	0.0804870503665953	0.0727667024917002	0.0662709967119635	0.0923392896438014	0.127438680193009	0.115583889578104	0.0695717898590705	0.0843574296548359	0.0648058910387452	0.0793880616530755	0.0613813580132733	0.14408902892898	0.0268062673610557	0.0568087230235903	0.0660917652386617	0.0794665152872966	0.079765659632416	0.102359030619242	0.14248806452333	0.0882093117447642	0.0735435848208164	0.0935135428194195	0.0558302850163126	0.150015148567583	0.0688140425626911	0.099398203220426	0.0970496968691897	0.090568661281218	0.0975861156202461	0.106109497035664
CL-170	0.0776671843756079	0.0657702966886826	0.0553614767142597	0.169996587585829	0.0833164838739512	0.102507646040164	0.16298040891565	0.0867199683634125	0.105835228233103	0.0284869610697759	0.0993733276778681	0.104910368317488	0.0759494962702632	0.092185571547482	0.0661128137746722	0.0644589091117837	0.0612244507448311	0.045207152675237	0.0823374080322489	0.125725456928636	0.0581060782431489	0.0824196886730174	0.0928552976932718	0.0546962154094419	0.137565577351775	0.0347064845436773	0.166387082577234	0.104121367134306	0	0.0534435085996026	0.121448777111949	0.071586708806261	0.07211930055077	0.0903384030539512	0.109651072678043	0.128316340361206	0.0798460267699108	0.0816593900389398	0.097088604769088	0.0768271564384601	0.0821862412736278	0.168270288715752	0.0718628911120962	0.110052589448305	0.0518457333660755	0.0740595928702868	0.0743517210367361	0.0960974100733191	0.15188974394137	0.115276453385466	0.0997719741932192	0.140519388571921	0.0556485022053125	0.0822608679013015	0.0678751502897363	0.179516904206837	0.0807568543281849	0.0856228931531664	0.12797573677849	0.106469235651117	0.17512413852488	0.0785486715503522	0.0716587840962365	0.137353178488396	0.067422925682722	0.102275474309624	0.096794563099365
CL-171	0.0546228644506173	0.0581870832150682	0.0131247189542067	0.144462162067349	0.0452358552243423	0.0834434129244389	0.172876410012725	0.0622583803470457	0.0733279967853145	0.0625632652019862	0.093652590723974	0.0878578649768307	0.0526615235950899	0.0763896020232108	0.107698980421672	0.0842541004780569	0.0555049894597861	0.0216296031713128	0.052223331345416	0.0966931474258597	0.0419592997853687	0.0600680569331007	0.0647822911650365	0.048213904152621	0.102559310628554	0.0513201578002366	0.155416968309197	0.0814559208575046	0.0534435085996026	0	0.11593980118701	0.10288588185393	0.056944581756022	0.109130918704813	0.163094581277646	0.123375037074126	0.0767990917237794	0.0877857896868552	0.0667372536763182	0.0508475224916364	0.0525403350544232	0.133028023255443	0.0878017355474692	0.0881971928906975	0.0894862562627367	0.109181945458778	0.0713672937642117	0.064534173573882	0.14021163346207	0.0806707466808691	0.082436272368056	0.114329269264991	0.0718794748071348	0.10165549924895	0.0831136525269405	0.159856933738571	0.0593696282382056	0.0641565755945414	0.118660165007766	0.086166328082893	0.174159095040518	0.0956088289041048	0.0404705942384416	0.125891931713447	0.0597772044355006	0.102256977111312	0.0971472855361477
CL-172	0.082245559875112	0.121750472794767	0.122327712948996	0.160892139009634	0.101293209295799	0.106615299734342	0.167924901374852	0.0906388230679198	0.0630646030596917	0.134145509167275	0.0981104155172359	0.0733197049377952	0.130887450926614	0.0573763956614502	0.0920484371462012	0.0806012227285919	0.106642088780174	0.122165703005157	0.108665937409308	0.0420326507441933	0.110969795350825	0.125220929898808	0.0976645692544672	0.112279907258875	0.0721569327818192	0.107988557250423	0.219357955868236	0.063547443719085	0.121448777111949	0.11593980118701	0	0.0775963847544816	0.103869422536604	0.155542940608048	0.197824027860608	0.0961898960648805	0.114412825574609	0.109266139602821	0.0971932096147161	0.0822359923587436	0.145826808818699	0.109058843414838	0.0856515957022716	0.115670635059845	0.107313090594812	0.104465159889144	0.117940049942435	0.0991309505965346	0.194261084765006	0.0483995139701685	0.0794594991086264	0.0988152225563766	0.0982647714479798	0.0780805010827239	0.0954142894046134	0.129617841504524	0.0797095302030546	0.0984178517098746	0.120069141251622	0.0735123309340128	0.171536957721145	0.0598384365402585	0.133936937310444	0.0520581322294546	0.12953906895309	0.097977745956927	0.105270106932941
CL-173	0.0695807195410143	0.0801241225790197	0.109273793615915	0.144603123475177	0.0931059666221246	0.138908856649902	0.153507292042059	0.0588631877051036	0.0909800644850603	0.0842834408615867	0.0596030756375952	0.0684912983438629	0.106668877826005	0.058407136091542	0.0292600163923447	0.063759842582464	0.0912434901024043	0.103056183645288	0.0739728473885464	0.0823067919798699	0.093539056196402	0.0987189095582678	0.105634948223791	0.06527916418177	0.0739569015279324	0.0802172464050057	0.181677249402827	0.0402652115537328	0.071586708806261	0.10288588185393	0.0775963847544816	0	0.0748249941797609	0.142184136420027	0.147961959554919	0.101857692761536	0.077472007041692	0.0699308906400987	0.103044702625645	0.0996871422147525	0.121193643342125	0.159973338521053	0.105800785174177	0.108616186324192	0.0723176670568087	0.0361033419334675	0.0914380296018956	0.0897815736013088	0.149878014166303	0.0658506638261774	0.0911395230912008	0.0882156900890098	0.0695188496018319	0.0645061088592012	0.0870994798460268	0.152741890732585	0.0908473949247515	0.106078243148861	0.0998778547076964	0.0816970222699889	0.134133071395996	0.0534026871964307	0.136185941491448	0.116151562215964	0.0843344676155517	0.110566046160077	0.0927494171787945
