bm_700098550	bm_700105215	bm_700107881	bm_700111304	bm_700033225	bm_700101232	bm_700038348	bm_700021685	bm_700105839	bm_700024343	bm_700103610	bm_700106935	bm_700113555	bm_700014977	bm_700024502	bm_700024400	bm_700024745	bm_700014787	bm_700114172	bm_700038535	bm_700106343	bm_700105158	bm_700110595	bm_700102856	bm_700107938	bm_700114223	bm_700023545	bm_700098275	bm_700101084	bm_700096275	td_700111302	td_700021683	td_700037690	td_700111162	td_700023227	td_700110760	td_700113058	td_700106987	td_700095359	td_700111991	td_700038533	td_700114709	td_700102911	td_700106554	td_700107936	td_700099294	td_700097694	td_700114434	td_700024790	td_700099809	td_700107381	td_700014785	td_700024089	td_700105156	td_700038959	td_700095219	td_700023439	td_700105623	td_700024500	td_700038744
bm_700098550	0	-0.100569576063078	-0.105851393808394	-0.119263883267409	-0.0964570742702286	-0.0590655845585273	-0.0931220297687475	-0.107159216567213	-0.104683174045147	-0.112445768012406	-0.103295363449732	-0.0662045723925609	-0.127815934920364	-0.0781256134011124	-0.0935481378483244	-0.091221793271254	-0.124678911218781	-0.0836004916202937	-0.0997232664691678	-0.09294551723179	-0.116883013930471	-0.124813808845329	-0.0705856105339827	-0.0484871754665715	-0.1079176996627	-0.118260422277017	-0.0632879532512936	-0.122788157150225	-0.0583522926064924	-0.115889779866941	-0.0979901363000224	-0.122321879983729	-0.167460855088533	-0.134870577485094	-0.144250836516771	-0.170959527325817	-0.158832656696658	-0.112952035775632	-0.136359718767628	-0.121148951536856	-0.152388443621133	-0.124376277448357	-0.138238677216544	-0.164873699315165	-0.133155567162802	-0.122396649316222	-0.138614683542685	-0.114395778965863	-0.159879815643333	-0.142456113205743	-0.0793799722836455	-0.147669318432537	-0.151064516565158	-0.150591184543934	-0.147242386730735	-0.105461506715625	-0.155908060422273	-0.155155788431124	-0.170903600972438	-0.138653839686695
bm_700105215	-0.100569576063078	0	-0.0473364410889217	-0.0385954776997697	-0.121647789766925	-0.136291336160119	-0.0516926137370777	-0.0326527064299717	-0.0285685161683424	-0.0600171225427652	-0.0309881680471656	-0.0736177959847127	-0.03998798973214	-0.129765582858946	-0.0844352424243712	-0.0743309990023594	-0.0397138677293818	-0.0706258121916735	-0.0219866615224079	-0.0545009764314277	-0.0530104226952066	-0.0413349586798311	-0.0979072160250127	-0.093615163264665	-0.038060094457533	-0.0344954438797232	-0.0648605635928283	-0.0428860592704025	-0.0833492463818868	-0.0363419311642589	-0.0756470241022773	-0.033550670715947	-0.103454273032485	-0.0462643758176265	-0.0574589585875625	-0.179586542871697	-0.0742884131260957	-0.0961744395190321	-0.0527688000516362	-0.0922199316715822	-0.0704613962170891	-0.0341916711469054	-0.112408057310614	-0.0886213412885437	-0.0479622259519909	-0.135181461089455	-0.146766712631415	-0.0910945381096861	-0.136692759090911	-0.0538853730789793	-0.110570047050802	-0.0632375679114089	-0.111503505560951	-0.141490861642286	-0.0628315466889742	-0.102624611333956	-0.0843363529571783	-0.112487498378949	-0.159035958499123	-0.13393407754276
bm_700107881	-0.105851393808394	-0.0473364410889217	0	-0.0539608025140506	-0.121164454064453	-0.133138850438513	-0.057030294806233	-0.0488419146559825	-0.0503875047292404	-0.0636117234026376	-0.0491312258137386	-0.0719977083217837	-0.0619733076588624	-0.129171227489568	-0.0926764522849438	-0.0826896461369986	-0.0607337788709891	-0.0729979799235812	-0.0482468988444004	-0.0639605266618686	-0.0652570083887713	-0.0545975471549893	-0.0959842590730733	-0.0983029835773855	-0.036247943474806	-0.0569157581767961	-0.0670864519397196	-0.0611914955796916	-0.0874981722413667	-0.0555515744063441	-0.0794569004451447	-0.0573631010494978	-0.0956627696376221	-0.0698276672984864	-0.0715485375783379	-0.170793483373865	-0.0917944553534351	-0.1020954130405	-0.0789099084280925	-0.07814869574655	-0.0838141836136464	-0.0584124057158593	-0.11647551057675	-0.0936999195197017	-0.0577123817722508	-0.140760068130601	-0.154805767673959	-0.0973037661203407	-0.12790933366108	-0.0719840573351936	-0.110333415765307	-0.0730414972911663	-0.0951221596180959	-0.14050219129124	-0.0808472318063071	-0.108116845590822	-0.0895070900320509	-0.106907683739641	-0.160045421432115	-0.132416739178389
bm_700111304	-0.119263883267409	-0.0385954776997697	-0.0539608025140506	0	-0.128282074302834	-0.151715395852702	-0.0585845990487218	-0.0258900137443227	-0.0356427469978603	-0.0685390104880131	-0.0476133573471153	-0.0843306119091892	-0.0260631121741966	-0.138155180280917	-0.100325169532946	-0.0853357512801043	-0.0439542617014392	-0.0843854071026611	-0.0371132790246783	-0.0717965095876863	-0.0604670298499874	-0.0525597056150354	-0.107882533254258	-0.110138912331737	-0.0394081581702302	-0.0248969212125955	-0.0804867690490624	-0.0206001875441662	-0.0993722775964588	-0.0237785963004479	-0.08376583126667	-0.0320339994216357	-0.102008581138561	-0.0460266275689424	-0.0473153322619769	-0.1838258032996	-0.0550893278909456	-0.10215692257267	-0.0606683099447224	-0.0995026228085926	-0.0697144913900528	-0.0411269029959389	-0.115000208776593	-0.0891704562455394	-0.0348650872106301	-0.142721942796513	-0.152467678512675	-0.0954017932596045	-0.136819509581622	-0.0363006955653855	-0.121801694785432	-0.0642993554165055	-0.112863984745669	-0.142155558621498	-0.0432261227993206	-0.109774863326609	-0.0849677549498486	-0.110906418086603	-0.156685051171466	-0.134568709387913
bm_700033225	-0.0964570742702286	-0.121647789766925	-0.121164454064453	-0.128282074302834	0	-0.106067088950818	-0.112843156820721	-0.112520140360432	-0.115732478594798	-0.115098183443878	-0.118900913235394	-0.0966895183771767	-0.136440691618806	-0.12536944396109	-0.114667338754252	-0.101123864315252	-0.125861089058011	-0.105078173336364	-0.119262442064361	-0.115085147013199	-0.115514601538882	-0.136114039001568	-0.102042686419627	-0.0855063977894946	-0.116759545401463	-0.129912393545666	-0.0904358118070601	-0.127144589268499	-0.0715162028509864	-0.126051566351879	-0.128893248740148	-0.134189619224593	-0.17253099014777	-0.144707311394498	-0.150042350547995	-0.205422369669874	-0.160928271936481	-0.128960139000244	-0.140318391531053	-0.138961147223531	-0.153280186154041	-0.132792239865083	-0.148765694438362	-0.168744786194371	-0.142328663782088	-0.166380173977528	-0.173870336036366	-0.129989898840553	-0.173918351401156	-0.14723029823776	-0.129231503544523	-0.137154532582873	-0.147086193589553	-0.175981055750582	-0.150102747593358	-0.136812187583435	-0.160690552636244	-0.164389648926675	-0.189035210742707	-0.164753721929104
bm_700101232	-0.0590655845585273	-0.136291336160119	-0.133138850438513	-0.151715395852702	-0.106067088950818	0	-0.122825018654162	-0.131274904731344	-0.134195936270448	-0.148239799372564	-0.136816905228996	-0.0874218225049306	-0.156851647869021	-0.0944790608357316	-0.120323142647831	-0.124195183850451	-0.152965981266627	-0.111568939397397	-0.136416176363591	-0.129213831670885	-0.150507489975811	-0.158891361373523	-0.0777159380066793	-0.0701408591745098	-0.133990255182484	-0.151479397612841	-0.0880434700016499	-0.151530138362337	-0.080432267713996	-0.145931226486542	-0.126132794643757	-0.155543212473566	-0.18731694321338	-0.166518755751497	-0.176428182848568	-0.179772122012556	-0.188216384616137	-0.134210940312275	-0.16065790105078	-0.151668830312252	-0.175490464741778	-0.15888262136046	-0.155381268710446	-0.18696342791701	-0.167507162462124	-0.135070128702399	-0.149662261340139	-0.134287810090925	-0.177466176128976	-0.174752843885362	-0.100062155981516	-0.177862512431117	-0.174437434920147	-0.158905281229936	-0.176527241222128	-0.126423444192073	-0.178316134288617	-0.179039093858962	-0.184789334579394	-0.14996816162428
bm_700038348	-0.0931220297687475	-0.0516926137370777	-0.057030294806233	-0.0585845990487218	-0.112843156820721	-0.122825018654162	0	-0.0541002812493969	-0.0575942141752663	-0.0565558245350013	-0.0512756972571347	-0.059882626394153	-0.0652902948085222	-0.119013306743752	-0.072638605815611	-0.0753179505493412	-0.0650870529352417	-0.0685536344206111	-0.0562065567910982	-0.051284466006997	-0.0699404449682675	-0.0684684805049741	-0.0852479416037494	-0.0849432398042813	-0.0602121170379305	-0.0634422543940911	-0.0602866433634872	-0.0613409869433786	-0.0815099546584998	-0.0585614940398803	-0.0563142946746894	-0.0550270027855143	-0.0854207688051118	-0.0581845068701185	-0.0758415296902565	-0.145452168606748	-0.0831342547403233	-0.0635754142013812	-0.0572568573890461	-0.088443975539012	-0.0710695630210961	-0.0626068684680967	-0.0808299546050213	-0.0847884153842206	-0.0685117197216499	-0.100854979540247	-0.111093927027573	-0.0539759296736974	-0.102945548066191	-0.0703731207179926	-0.0935588240632016	-0.0833679878410231	-0.106445512526201	-0.10846909124926	-0.0709157719587489	-0.0690493159284962	-0.0747161441769549	-0.0875545132014139	-0.125510681371687	-0.100545657403337
bm_700021685	-0.107159216567213	-0.0326527064299717	-0.0488419146559825	-0.0258900137443227	-0.112520140360432	-0.131274904731344	-0.0541002812493969	0	-0.032065155556181	-0.0680343011840281	-0.0457943182282233	-0.0703686135786348	-0.0349525769856313	-0.123577516391451	-0.0969306254713784	-0.0870207442878268	-0.0427034544332453	-0.0749495940329829	-0.0371316256251639	-0.0679857046039415	-0.0585660261133171	-0.0528478103358188	-0.0914102664531196	-0.0960216116370397	-0.0289953496406329	-0.0283539570563199	-0.0656524626473196	-0.0279737046208607	-0.0857119897917065	-0.0223504864650584	-0.082645162539707	-0.0352738270981859	-0.103642908791123	-0.0490274942665103	-0.053271016942595	-0.182179046517799	-0.0644690950012418	-0.100739678364571	-0.0558778362215878	-0.100702413052707	-0.0696810991463511	-0.047174960583031	-0.114686067075309	-0.0896748989411293	-0.0415904029466435	-0.140870431603589	-0.151965092203883	-0.0937791661806497	-0.138162804223036	-0.0501022206139232	-0.117553070524887	-0.0661951003127876	-0.116029963870819	-0.142955392851323	-0.0526883910489107	-0.108090130586844	-0.0854483527503718	-0.113249868788121	-0.15933636174578	-0.136297963209121
bm_700105839	-0.104683174045147	-0.0285685161683424	-0.0503875047292404	-0.0356427469978603	-0.115732478594798	-0.134195936270448	-0.0575942141752663	-0.032065155556181	0	-0.0652463807397628	-0.0344251918705469	-0.0654124148491528	-0.0453412961617302	-0.122877272868653	-0.0883049285545103	-0.0742823581568367	-0.0341633600507009	-0.0700846056188556	-0.0228688066717199	-0.060844700204365	-0.0445278812154761	-0.0499605469951198	-0.0936519521968481	-0.0979886650306219	-0.0350546581643009	-0.03732542818397	-0.0672944339499464	-0.0384458007123714	-0.0859632907019517	-0.0394749124360036	-0.0805471261306794	-0.040432106649311	-0.102846432143933	-0.0554127824941746	-0.0554588726331736	-0.180543926027119	-0.0752965704985173	-0.0972653711701529	-0.0610774147408839	-0.0989663976397709	-0.0677088893722543	-0.0419257452508702	-0.112002023619344	-0.0887069203162947	-0.0501202137695734	-0.13893051606367	-0.148587631545568	-0.090605100081298	-0.136343157240492	-0.0560190640245416	-0.107877226009737	-0.0652494781571978	-0.105951692917901	-0.143916163701556	-0.0636422799868223	-0.111510506527027	-0.0846057484659917	-0.115396306768859	-0.155639615258736	-0.135203916433183
bm_700024343	-0.112445768012406	-0.0600171225427652	-0.0636117234026376	-0.0685390104880131	-0.115098183443878	-0.148239799372564	-0.0565558245350013	-0.0680343011840281	-0.0652463807397628	0	-0.0574659610662851	-0.0849510215434433	-0.0687462930832953	-0.135752077787207	-0.0756193311481421	-0.07047653004047	-0.0704293398389767	-0.0811471025348603	-0.062903875472086	-0.0588299168344048	-0.0648334046772287	-0.0645686082503199	-0.109665043643913	-0.105133321734431	-0.0667391916291393	-0.0694035931504733	-0.0766985464556064	-0.0709004593627788	-0.0937875779914792	-0.0706797734627136	-0.0793464979594209	-0.0647830082943425	-0.0984848729814855	-0.0687345348442544	-0.0757898305712937	-0.16530046815989	-0.083895194239436	-0.0886777132410371	-0.0730590789717862	-0.0895340324990934	-0.0800242557387792	-0.0589955911097356	-0.101066529278348	-0.0949326810878242	-0.0651046645171432	-0.129534182179018	-0.137725094751964	-0.0828558741210416	-0.123326865792772	-0.072181582746226	-0.10823201311675	-0.0694966948016892	-0.0969080912998051	-0.128167535218305	-0.0764159118760316	-0.0959433505577575	-0.0858684147808393	-0.0950523833995411	-0.143498097731634	-0.119115277203066
bm_700103610	-0.103295363449732	-0.0309881680471656	-0.0491312258137386	-0.0476133573471153	-0.118900913235394	-0.136816905228996	-0.0512756972571347	-0.0457943182282233	-0.0344251918705469	-0.0574659610662851	0	-0.0689472951192018	-0.0514844011459051	-0.121715711446122	-0.0747115955440322	-0.0680866589682613	-0.0388135350525319	-0.067255642413943	-0.0299369929073769	-0.0509915228581838	-0.0390507479675017	-0.0528869646916839	-0.0967152457816571	-0.0943840666026029	-0.0506985804519214	-0.0447519301027482	-0.064526621804626	-0.0535722931998525	-0.0857191947520327	-0.049599624247172	-0.0709256249179333	-0.0403086355833197	-0.100738838541794	-0.0549091475588064	-0.0597307456598795	-0.171460202554215	-0.0780950987767386	-0.0896846239873961	-0.06225259650775	-0.0910027295634419	-0.0694262395211024	-0.0411175753153153	-0.104769599946583	-0.0877380212004219	-0.0547250680029241	-0.13116481617274	-0.140382499122045	-0.0864006157674187	-0.133029039456342	-0.0558612314267483	-0.103140225940298	-0.0673309797273218	-0.105401180710536	-0.138432609522722	-0.0677259836031995	-0.104017105065385	-0.080552923020561	-0.110992372313082	-0.150597447905738	-0.129809565704889
bm_700106935	-0.0662045723925609	-0.0736177959847127	-0.0719977083217837	-0.0843306119091892	-0.0966895183771767	-0.0874218225049306	-0.059882626394153	-0.0703686135786348	-0.0654124148491528	-0.0849510215434433	-0.0689472951192018	0	-0.0962920145268538	-0.0908122748811122	-0.0785481282215447	-0.0834719616462449	-0.0887310483481475	-0.0646951414896501	-0.0677528119486267	-0.0630070538638613	-0.0811535869407731	-0.0942861936959562	-0.0470523798944134	-0.0628803378230438	-0.0745866362881754	-0.0884137497424242	-0.0395402831867205	-0.0865883866034396	-0.0628459526854415	-0.0836168998211549	-0.0715921315634961	-0.0899173828079416	-0.127424578361253	-0.101047490312955	-0.111431744365767	-0.17596956799471	-0.12369626652595	-0.0958896734604205	-0.0986959491263814	-0.109140646811799	-0.114359559613994	-0.0933306253245138	-0.119132021427903	-0.126019579793403	-0.101163918768822	-0.130073930192155	-0.144705797018049	-0.0846767249716173	-0.143780603391512	-0.109475385937336	-0.0829310219509169	-0.114942493640221	-0.133126549870229	-0.147715675821464	-0.111707652326559	-0.106421154769559	-0.11744736671858	-0.126917034073061	-0.168575406246902	-0.137376192886443
bm_700113555	-0.127815934920364	-0.03998798973214	-0.0619733076588624	-0.0260631121741966	-0.136440691618806	-0.156851647869021	-0.0652902948085222	-0.0349525769856313	-0.0453412961617302	-0.0687462930832953	-0.0514844011459051	-0.0962920145268538	0	-0.14683347396836	-0.095791895222106	-0.0807623543129175	-0.0484950547871336	-0.0878420572565766	-0.0439819940379274	-0.0726456722355609	-0.0651088169354322	-0.0534429929954105	-0.116945889733193	-0.119974913483008	-0.0508299422042679	-0.0265063477837154	-0.0885646736624343	-0.0227518004867185	-0.108162748110671	-0.0326064627927453	-0.0939369108516051	-0.0374003563952963	-0.105841133900512	-0.0493067452621931	-0.0487888356632405	-0.190369447797966	-0.0539931048423803	-0.106672713897605	-0.064754598115385	-0.0998233665158701	-0.0729320404152074	-0.0397798528887979	-0.118081900228721	-0.0926723815722762	-0.0351949046248299	-0.149873222059376	-0.158020526841245	-0.102503814067181	-0.140995774382929	-0.0380753891021997	-0.129547160212259	-0.0641878987050267	-0.114119881778317	-0.145893569133311	-0.0430847696970258	-0.113822371171135	-0.0887120112779641	-0.112463877753109	-0.159830151071044	-0.139503934758613
bm_700014977	-0.0781256134011124	-0.129765582858946	-0.129171227489568	-0.138155180280917	-0.12536944396109	-0.0944790608357316	-0.119013306743752	-0.123577516391451	-0.122877272868653	-0.135752077787207	-0.121715711446122	-0.0908122748811122	-0.14683347396836	0	-0.109945300654576	-0.116618990555728	-0.144254309319338	-0.092176452009327	-0.125130061928823	-0.11453703876008	-0.124124939410083	-0.150200024893671	-0.0854774328758629	-0.0844362175692065	-0.126793689276569	-0.131836024223189	-0.0900052799480336	-0.14086529902864	-0.0925924191494033	-0.133231779973755	-0.120293280968837	-0.143991708989077	-0.184740667909664	-0.153607233169608	-0.160167877864815	-0.17665406097569	-0.175772722314617	-0.133905934462177	-0.155384438374377	-0.136458272645495	-0.164464303408588	-0.146329568371476	-0.149275845776548	-0.182142851235088	-0.14935761853552	-0.137486412333328	-0.140778069454623	-0.131869194518948	-0.183771450693143	-0.159076620117972	-0.108434760887305	-0.157227453140658	-0.163243322632951	-0.169849962322097	-0.162851189950553	-0.131575336889654	-0.171723195922054	-0.173629562950698	-0.168631103769612	-0.155406395632434
bm_700024502	-0.0935481378483244	-0.0844352424243712	-0.0926764522849438	-0.100325169532946	-0.114667338754252	-0.120323142647831	-0.072638605815611	-0.0969306254713784	-0.0883049285545103	-0.0756193311481421	-0.0747115955440322	-0.0785481282215447	-0.095791895222106	-0.109945300654576	0	-0.070363236847331	-0.0946896652886009	-0.0744463589823662	-0.0864862802694534	-0.0516785896517489	-0.0828695052088417	-0.0961514774492215	-0.0874634147460006	-0.0893771488526931	-0.0980582766889275	-0.0914383037453789	-0.0745599571853745	-0.103510331371893	-0.0892617020073492	-0.101238531143083	-0.0780404242518465	-0.0921605875778602	-0.131035658955206	-0.0943543956236278	-0.110149927209789	-0.179002029202575	-0.121498689179465	-0.0879616060341491	-0.101188065232581	-0.0934269345158232	-0.111837970983464	-0.0887668153017297	-0.108535761950222	-0.129011841170167	-0.100567437648041	-0.131929536018035	-0.138165074734435	-0.0840426188769964	-0.141706796788283	-0.104066301802974	-0.0994842308916256	-0.109166823600888	-0.122332829546727	-0.144130306017476	-0.109413948946401	-0.0987360399923872	-0.118288297917778	-0.119440778750752	-0.157447688288262	-0.131949400157205
bm_700024400	-0.091221793271254	-0.0743309990023594	-0.0826896461369986	-0.0853357512801043	-0.101123864315252	-0.124195183850451	-0.0753179505493412	-0.0870207442878268	-0.0742823581568367	-0.07047653004047	-0.0680866589682613	-0.0834719616462449	-0.0807623543129175	-0.116618990555728	-0.070363236847331	0	-0.0827146316251997	-0.0727170748691378	-0.0701465208738053	-0.0653001933740284	-0.0729415424878818	-0.0841631901646175	-0.100230939926017	-0.0894132782438714	-0.0882304630364311	-0.0833197517166249	-0.0730663532684602	-0.0890142853460941	-0.0768463820123993	-0.0871015284851787	-0.0899404089903917	-0.0824636813510395	-0.135959950326	-0.0951516113959755	-0.0983647713532538	-0.178389558581219	-0.117263896114213	-0.0951529371793445	-0.104981728271813	-0.0951156012025745	-0.114432234396894	-0.0740944458663146	-0.112400133354136	-0.131488705118648	-0.0900524542219174	-0.136537376114901	-0.141261447156551	-0.100451373358407	-0.14146313916792	-0.0965950986367206	-0.101146198988517	-0.0989637342211713	-0.103017944382685	-0.144154588936307	-0.106677222405431	-0.103346435376529	-0.122934512072841	-0.123641538202181	-0.157720672479693	-0.133008717449949
bm_700024745	-0.124678911218781	-0.0397138677293818	-0.0607337788709891	-0.0439542617014392	-0.125861089058011	-0.152965981266627	-0.0650870529352417	-0.0427034544332453	-0.0341633600507009	-0.0704293398389767	-0.0388135350525319	-0.0887310483481475	-0.0484950547871336	-0.144254309319338	-0.0946896652886009	-0.0827146316251997	0	-0.0884619003682243	-0.0409570267837988	-0.0722761928603959	-0.0546746077821661	-0.0566838104060922	-0.115040887578524	-0.1105334612178	-0.0507293335688641	-0.0446854365677654	-0.0863316403362264	-0.0503201837360023	-0.103519555243678	-0.0468436398885109	-0.0901078368368603	-0.041183705551461	-0.102497626363594	-0.0560167372807909	-0.058259139390294	-0.183067781995015	-0.0771935677240855	-0.102842782469382	-0.0645870464861632	-0.105725470975925	-0.0700098857019858	-0.0480667283980511	-0.116030033400954	-0.0900970161285658	-0.05758332584616	-0.146004430877359	-0.15309921457382	-0.0978053078513942	-0.136661377842328	-0.0504028169940287	-0.12419715726038	-0.0717427089146511	-0.11327401053454	-0.146770247558646	-0.0663899974370648	-0.117425114140666	-0.0869432657060097	-0.119862980436307	-0.157472706792546	-0.138887544423849
bm_700014787	-0.0836004916202937	-0.0706258121916735	-0.0729979799235812	-0.0843854071026611	-0.105078173336364	-0.111568939397397	-0.0685536344206111	-0.0749495940329829	-0.0700846056188556	-0.0811471025348603	-0.067255642413943	-0.0646951414896501	-0.0878420572565766	-0.092176452009327	-0.0744463589823662	-0.0727170748691378	-0.0884619003682243	0	-0.0712410911820911	-0.0686014587781404	-0.0784154825350146	-0.0872607945358754	-0.0709245456058889	-0.0778338464872289	-0.0764897261324446	-0.0787259613398314	-0.0547404254277573	-0.086980185049282	-0.0718220600962854	-0.0790419268361034	-0.0791032545843709	-0.085306424269092	-0.133872017102716	-0.0981630699320675	-0.0970433209721107	-0.180269682719724	-0.120150452164696	-0.0916799056281988	-0.102103908449042	-0.0810599835202075	-0.109703227149925	-0.0799754411216894	-0.112263292555774	-0.130159998343063	-0.0864198716091452	-0.13461202638076	-0.150291744820703	-0.0974511929470372	-0.143913020446919	-0.0986218818382219	-0.0852521891495993	-0.0889847330987931	-0.101741824101407	-0.146641865341603	-0.109113656522854	-0.106002010471075	-0.121457828107508	-0.118219110998849	-0.161494967922982	-0.138197198784973
bm_700114172	-0.0997232664691678	-0.0219866615224079	-0.0482468988444004	-0.0371132790246783	-0.119262442064361	-0.136416176363591	-0.0562065567910982	-0.0371316256251639	-0.0228688066717199	-0.062903875472086	-0.0299369929073769	-0.0677528119486267	-0.0439819940379274	-0.125130061928823	-0.0864862802694534	-0.0701465208738053	-0.0409570267837988	-0.0712410911820911	0	-0.0568866810764218	-0.0420683065790694	-0.0447381123616121	-0.0965670989693349	-0.0966403852891507	-0.0423584170741832	-0.0362029907733312	-0.0650820871164175	-0.0433329293148609	-0.0829309283353256	-0.0409320916780072	-0.0759395655005921	-0.0382008451283761	-0.107268506594365	-0.0514931733274367	-0.0628352375398274	-0.18216238087281	-0.0771332852039348	-0.0992822580151448	-0.0615353030055795	-0.0984518515685575	-0.074928041084945	-0.0382457563885157	-0.114332248946927	-0.092594138727289	-0.0524718138706727	-0.136433117405839	-0.148402291961816	-0.0914580691633574	-0.140379905424018	-0.0575296213688655	-0.108881423031213	-0.0662815842110013	-0.112379335965142	-0.145752870663822	-0.0648894480019265	-0.108237019466131	-0.0874908839014861	-0.11816579256598	-0.16177129044524	-0.135565265060354
bm_700038535	-0.09294551723179	-0.0545009764314277	-0.0639605266618686	-0.0717965095876863	-0.115085147013199	-0.129213831670885	-0.051284466006997	-0.0679857046039415	-0.060844700204365	-0.0588299168344048	-0.0509915228581838	-0.0630070538638613	-0.0726456722355609	-0.11453703876008	-0.0516785896517489	-0.0653001933740284	-0.0722761928603959	-0.0686014587781404	-0.0568866810764218	0	-0.0626874731099443	-0.0569366791162679	-0.0908537871559586	-0.0886182282549611	-0.0690516297632694	-0.0693191785401021	-0.0615297179837691	-0.0754567217851022	-0.0865938165995057	-0.0701101572256461	-0.0698843762492632	-0.0635401612236643	-0.107311180396547	-0.072256931064806	-0.0843118169515448	-0.18094953639245	-0.0972459992171016	-0.088132576673338	-0.0763770316292397	-0.085032462362638	-0.0911019987761288	-0.0608439840419854	-0.105282714420084	-0.103717300627912	-0.0716320661521894	-0.132140806556072	-0.137860627101202	-0.0793215247671806	-0.138912935351891	-0.0824789578235843	-0.0974693558254756	-0.0793522877672276	-0.110686611768544	-0.136983343172639	-0.084524868147666	-0.0973449240975817	-0.0955128960761389	-0.104382167637636	-0.158160879914162	-0.130375823506405
bm_700106343	-0.116883013930471	-0.0530104226952066	-0.0652570083887713	-0.0604670298499874	-0.115514601538882	-0.150507489975811	-0.0699404449682675	-0.0585660261133171	-0.0445278812154761	-0.0648334046772287	-0.0390507479675017	-0.0811535869407731	-0.0651088169354322	-0.124124939410083	-0.0828695052088417	-0.0729415424878818	-0.0546746077821661	-0.0784154825350146	-0.0420683065790694	-0.0626874731099443	0	-0.0706293908786005	-0.110016218062765	-0.111711507422627	-0.0636443922234846	-0.0528849832760286	-0.0791815964902326	-0.067103675241399	-0.0981515683098713	-0.0654245445567762	-0.0910533471003633	-0.060930574563473	-0.119459093337671	-0.0728690951908433	-0.0792845852050997	-0.193115226631841	-0.0959590873696961	-0.111883194024187	-0.0819511346864063	-0.0983194000544401	-0.090677486428414	-0.0607506961950324	-0.123285236269763	-0.108531205791835	-0.0699735518108232	-0.15142135040956	-0.160191094445348	-0.103884284406434	-0.152312234796103	-0.0747707149216791	-0.121877467695042	-0.0667714011850674	-0.113918819315963	-0.158852217564344	-0.0843190824759116	-0.121796046951702	-0.0995579303352357	-0.129714382028323	-0.170692175844663	-0.147096172524666
bm_700105158	-0.124813808845329	-0.0413349586798311	-0.0545975471549893	-0.0525597056150354	-0.136114039001568	-0.158891361373523	-0.0684684805049741	-0.0528478103358188	-0.0499605469951198	-0.0645686082503199	-0.0528869646916839	-0.0942861936959562	-0.0534429929954105	-0.150200024893671	-0.0961514774492215	-0.0841631901646175	-0.0566838104060922	-0.0872607945358754	-0.0447381123616121	-0.0569366791162679	-0.0706293908786005	0	-0.119235396260224	-0.116195687089772	-0.0452223786194122	-0.0525282665660932	-0.0882260887383376	-0.0553994394644251	-0.109633770983127	-0.0529646863192996	-0.0908610449627699	-0.0458989887970538	-0.10039331238331	-0.0583745973067475	-0.0594677041589331	-0.18711101334425	-0.0768933639360335	-0.106721332431128	-0.0632940813060019	-0.0884038151741694	-0.0734175173170006	-0.0343868556895034	-0.120149610678529	-0.0834768962343396	-0.0437371056870101	-0.148370428651745	-0.157216571334478	-0.101486409637929	-0.140279609673681	-0.0603831329143717	-0.119166517622146	-0.0527491339406905	-0.105362863772479	-0.13755675161564	-0.0666594549580801	-0.111435510043466	-0.0849094773657826	-0.10065400877208	-0.163583284819645	-0.136072361671314
bm_700110595	-0.0705856105339827	-0.0979072160250127	-0.0959842590730733	-0.107882533254258	-0.102042686419627	-0.0777159380066793	-0.0852479416037494	-0.0914102664531196	-0.0936519521968481	-0.109665043643913	-0.0967152457816571	-0.0470523798944134	-0.116945889733193	-0.0854774328758629	-0.0874634147460006	-0.100230939926017	-0.115040887578524	-0.0709245456058889	-0.0965670989693349	-0.0908537871559586	-0.110016218062765	-0.119235396260224	0	-0.0675820304152101	-0.0933072460039711	-0.11187076598572	-0.0520145539567141	-0.111063472483894	-0.0656254570503901	-0.100385964291642	-0.0900680845820253	-0.115742881292473	-0.151258899185996	-0.12616499447575	-0.135891543959821	-0.185142248631355	-0.147461645033027	-0.108067296081835	-0.122075848342996	-0.123010509975702	-0.137095298605616	-0.119396255667629	-0.131226273707977	-0.149087548549172	-0.123946283145334	-0.144089101564146	-0.15561886436055	-0.101161998629428	-0.156013165145622	-0.134316308062287	-0.0915255867850243	-0.137604048648204	-0.14884153499237	-0.160773585247482	-0.13608819559935	-0.118777332365043	-0.140814363325222	-0.143229105975291	-0.181258339481501	-0.150565163424116
bm_700102856	-0.0484871754665715	-0.093615163264665	-0.0983029835773855	-0.110138912331737	-0.0855063977894946	-0.0701408591745098	-0.0849432398042813	-0.0960216116370397	-0.0979886650306219	-0.105133321734431	-0.0943840666026029	-0.0628803378230438	-0.119974913483008	-0.0844362175692065	-0.0893771488526931	-0.0894132782438714	-0.1105334612178	-0.0778338464872289	-0.0966403852891507	-0.0886182282549611	-0.111711507422627	-0.116195687089772	-0.0675820304152101	0	-0.0963039933227198	-0.112893469061617	-0.0572387141612214	-0.110959491911857	-0.0495230494518543	-0.104972756345773	-0.0930866988288297	-0.11356758349858	-0.150160001143668	-0.125906823784955	-0.132792366268619	-0.164159378713942	-0.146257205268536	-0.103783703834794	-0.120170963354286	-0.11640496918344	-0.136487153355467	-0.116987377498235	-0.123357869466232	-0.147880768014745	-0.12476836792401	-0.125364829372531	-0.13603745856969	-0.0984340107986433	-0.148575750819067	-0.132067188465126	-0.0777461705990847	-0.136916029015672	-0.13962732729522	-0.140389705202678	-0.134819526130446	-0.101606275815827	-0.140069896797135	-0.14178007358326	-0.16217487343087	-0.129671384482781
bm_700107938	-0.1079176996627	-0.038060094457533	-0.036247943474806	-0.0394081581702302	-0.116759545401463	-0.133990255182484	-0.0602121170379305	-0.0289953496406329	-0.0350546581643009	-0.0667391916291393	-0.0506985804519214	-0.0745866362881754	-0.0508299422042679	-0.126793689276569	-0.0980582766889275	-0.0882304630364311	-0.0507293335688641	-0.0764897261324446	-0.0423584170741832	-0.0690516297632694	-0.0636443922234846	-0.0452223786194122	-0.0933072460039711	-0.0963039933227198	0	-0.0461136136779006	-0.0663690246184994	-0.0445958952068061	-0.0886044395209442	-0.0384980672086827	-0.0879653306511495	-0.0485385660544135	-0.0979403574289352	-0.0608581510634679	-0.0584729914177088	-0.176184971859063	-0.0780144294084068	-0.103989003973117	-0.0615629815029622	-0.0867405202191954	-0.0704786661126709	-0.0484077604947696	-0.118884725580297	-0.0850969927865136	-0.0420121961844684	-0.146697555133148	-0.155379975538781	-0.0975662433528027	-0.132505966972147	-0.0621528714747054	-0.113174229504727	-0.0594130934044059	-0.103452858854839	-0.143706994795551	-0.0665640874548225	-0.11302774434454	-0.0829562411232689	-0.105471713905836	-0.160789383363493	-0.134720508668501
bm_700114223	-0.118260422277017	-0.0344954438797232	-0.0569157581767961	-0.0248969212125955	-0.129912393545666	-0.151479397612841	-0.0634422543940911	-0.0283539570563199	-0.03732542818397	-0.0694035931504733	-0.0447519301027482	-0.0884137497424242	-0.0265063477837154	-0.131836024223189	-0.0914383037453789	-0.0833197517166249	-0.0446854365677654	-0.0787259613398314	-0.0362029907733312	-0.0693191785401021	-0.0528849832760286	-0.0525282665660932	-0.11187076598572	-0.112893469061617	-0.0461136136779006	0	-0.0816654751006899	-0.0288793518093756	-0.101423560818913	-0.0289609580006711	-0.0901329348639322	-0.0354726089128199	-0.108609688752905	-0.0495623565033399	-0.0506350330939839	-0.189772323040334	-0.063166525786864	-0.107323441086943	-0.0647619319742242	-0.0943252454337387	-0.073371184620908	-0.0393047030382152	-0.118855553453939	-0.0947923452407405	-0.0372477378503481	-0.147715958350756	-0.157370325851265	-0.102328398838653	-0.142701137674328	-0.0406316959727977	-0.127705750121465	-0.0615011158809409	-0.112423686726323	-0.148129370294695	-0.052055417863846	-0.113633504286715	-0.09081785517848	-0.116738722732885	-0.160798080891868	-0.141463067863967
bm_700023545	-0.0632879532512936	-0.0648605635928283	-0.0670864519397196	-0.0804867690490624	-0.0904358118070601	-0.0880434700016499	-0.0602866433634872	-0.0656524626473196	-0.0672944339499464	-0.0766985464556064	-0.064526621804626	-0.0395402831867205	-0.0885646736624343	-0.0900052799480336	-0.0745599571853745	-0.0730663532684602	-0.0863316403362264	-0.0547404254277573	-0.0650820871164175	-0.0615297179837691	-0.0791815964902326	-0.0882260887383376	-0.0520145539567141	-0.0572387141612214	-0.0663690246184994	-0.0816654751006899	0	-0.084331592282647	-0.0449507951319979	-0.0742730839656088	-0.0695072741192714	-0.0828162998256096	-0.123186335371153	-0.0935128850696241	-0.102742619442618	-0.172177655848316	-0.115529570813296	-0.0917484798921796	-0.0896934412535765	-0.0999100168405875	-0.106302889827887	-0.0855411610667223	-0.112617271571675	-0.118834743428276	-0.093615802371386	-0.130155513714101	-0.141443881066958	-0.0826504989611411	-0.14039370852889	-0.10179886222437	-0.0841499808102541	-0.105395365965775	-0.122047229101182	-0.143775032098845	-0.104187313523232	-0.102829390188618	-0.11042115929555	-0.119863134790801	-0.163978626570608	-0.134227292812493
bm_700098275	-0.122788157150225	-0.0428860592704025	-0.0611914955796916	-0.0206001875441662	-0.127144589268499	-0.151530138362337	-0.0613409869433786	-0.0279737046208607	-0.0384458007123714	-0.0709004593627788	-0.0535722931998525	-0.0865883866034396	-0.0227518004867185	-0.14086529902864	-0.103510331371893	-0.0890142853460941	-0.0503201837360023	-0.086980185049282	-0.0433329293148609	-0.0754567217851022	-0.067103675241399	-0.0553994394644251	-0.111063472483894	-0.110959491911857	-0.0445958952068061	-0.0288793518093756	-0.084331592282647	0	-0.102153984335597	-0.02721294134768	-0.0885698504390631	-0.037027062040436	-0.100532751758525	-0.0481498885366317	-0.0460053749422741	-0.18538231602279	-0.0476013209873297	-0.101957798026784	-0.0594169309098022	-0.102928516193556	-0.0681159496100768	-0.0429769815372803	-0.113241330001189	-0.087211175655799	-0.0360615175115175	-0.144021779191578	-0.1536992674857	-0.095022347269143	-0.136109512336515	-0.0359361278173477	-0.124240538230543	-0.0633926662176668	-0.112836665936872	-0.14016527601321	-0.0359958114486387	-0.11010322431521	-0.0835114240186222	-0.108953721080994	-0.154417814787768	-0.133336525329756
bm_700101084	-0.0583522926064924	-0.0833492463818868	-0.0874981722413667	-0.0993722775964588	-0.0715162028509864	-0.080432267713996	-0.0815099546584998	-0.0857119897917065	-0.0859632907019517	-0.0937875779914792	-0.0857191947520327	-0.0628459526854415	-0.108162748110671	-0.0925924191494033	-0.0892617020073492	-0.0768463820123993	-0.103519555243678	-0.0718220600962854	-0.0829309283353256	-0.0865938165995057	-0.0981515683098713	-0.109633770983127	-0.0656254570503901	-0.0495230494518543	-0.0886044395209442	-0.101423560818913	-0.0449507951319979	-0.102153984335597	0	-0.0940832340790994	-0.0909316456839426	-0.104549509717172	-0.143103665310541	-0.116562700030638	-0.123153235521006	-0.17076747618422	-0.134222490892978	-0.103778447460189	-0.111598086147666	-0.110335470219304	-0.126855401692232	-0.105381219947689	-0.118527877282742	-0.140307312501081	-0.114644759648294	-0.138409269265139	-0.148621049888937	-0.0998037996547555	-0.145637337041363	-0.120590898788656	-0.0922640394333522	-0.123689116612683	-0.125350796843541	-0.150118436227475	-0.122950349532173	-0.113102293200073	-0.131384485041	-0.137412182267796	-0.164819747272303	-0.138177748793353
bm_700096275	-0.115889779866941	-0.0363419311642589	-0.0555515744063441	-0.0237785963004479	-0.126051566351879	-0.145931226486542	-0.0585614940398803	-0.0223504864650584	-0.0394749124360036	-0.0706797734627136	-0.049599624247172	-0.0836168998211549	-0.0326064627927453	-0.133231779973755	-0.101238531143083	-0.0871015284851787	-0.0468436398885109	-0.0790419268361034	-0.0409320916780072	-0.0701101572256461	-0.0654245445567762	-0.0529646863192996	-0.100385964291642	-0.104972756345773	-0.0384980672086827	-0.0289609580006711	-0.0742730839656088	-0.02721294134768	-0.0940832340790994	0	-0.0856848659525064	-0.0337947164658359	-0.102234115772378	-0.0480992263987454	-0.0485485606327146	-0.182897935732675	-0.059604361094964	-0.100376082535455	-0.0582324487007576	-0.101319489173986	-0.0687139462798202	-0.043193003759865	-0.114019852228206	-0.0884754404710725	-0.0373705909135637	-0.142972301662496	-0.152050457976999	-0.0953955651471827	-0.136544487621909	-0.0431148459954782	-0.120184915766574	-0.0629639501261398	-0.113131443528789	-0.141541572907929	-0.048142449385794	-0.109426084235178	-0.0843648655015757	-0.110277075681717	-0.157587141452205	-0.135111487362059
td_700111302	-0.0979901363000224	-0.0756470241022773	-0.0794569004451447	-0.08376583126667	-0.128893248740148	-0.126132794643757	-0.0563142946746894	-0.082645162539707	-0.0805471261306794	-0.0793464979594209	-0.0709256249179333	-0.0715921315634961	-0.0939369108516051	-0.120293280968837	-0.0780404242518465	-0.0899404089903917	-0.0901078368368603	-0.0791032545843709	-0.0759395655005921	-0.0698843762492632	-0.0910533471003633	-0.0908610449627699	-0.0900680845820253	-0.0930866988288297	-0.0879653306511495	-0.0901329348639322	-0.0695072741192714	-0.0885698504390631	-0.0909316456839426	-0.0856848659525064	0	-0.0679148304941356	-0.109503281800292	-0.0641254207323871	-0.0938624040804837	-0.146757133154677	-0.100116172067097	-0.0662238577164841	-0.0789134899992701	-0.0859022899498093	-0.0949546351998823	-0.0807840175329007	-0.0779698679824921	-0.107041277340292	-0.090450835427822	-0.0941395820087359	-0.109413913430531	-0.0548760696375556	-0.114927021686897	-0.0833096355038842	-0.0773648921105898	-0.0998342789749997	-0.112839746406495	-0.113170796175217	-0.0853023202880654	-0.0644318341891697	-0.0932802372098373	-0.100863422547706	-0.136218757312607	-0.0963760411009845
td_700021683	-0.122321879983729	-0.033550670715947	-0.0573631010494978	-0.0320339994216357	-0.134189619224593	-0.155543212473566	-0.0550270027855143	-0.0352738270981859	-0.040432106649311	-0.0647830082943425	-0.0403086355833197	-0.0899173828079416	-0.0374003563952963	-0.143991708989077	-0.0921605875778602	-0.0824636813510395	-0.041183705551461	-0.085306424269092	-0.0382008451283761	-0.0635401612236643	-0.060930574563473	-0.0458989887970538	-0.115742881292473	-0.11356758349858	-0.0485385660544135	-0.0354726089128199	-0.0828162998256096	-0.037027062040436	-0.104549509717172	-0.0337947164658359	-0.0679148304941356	0	-0.0915801351069664	-0.027209634997442	-0.0364939471861284	-0.16938845493266	-0.0530348832857802	-0.0837472994474689	-0.047557774254667	-0.0905833386577734	-0.0595529272600433	-0.0293834327304632	-0.0952257210858135	-0.0759614874438429	-0.0344027562990126	-0.123502214476583	-0.131131447669444	-0.0784757944062284	-0.124433172337961	-0.0327420667435369	-0.105695840333321	-0.0539266658359428	-0.102097656079101	-0.1253135624282	-0.0399256220895609	-0.0905738500450801	-0.0694898917409768	-0.101041925654195	-0.144571309252096	-0.114857155566382
td_700037690	-0.167460855088533	-0.103454273032485	-0.0956627696376221	-0.102008581138561	-0.17253099014777	-0.18731694321338	-0.0854207688051118	-0.103642908791123	-0.102846432143933	-0.0984848729814855	-0.100738838541794	-0.127424578361253	-0.105841133900512	-0.184740667909664	-0.131035658955206	-0.135959950326	-0.102497626363594	-0.133872017102716	-0.107268506594365	-0.107311180396547	-0.119459093337671	-0.10039331238331	-0.151258899185996	-0.150160001143668	-0.0979403574289352	-0.108609688752905	-0.123186335371153	-0.100532751758525	-0.143103665310541	-0.102234115772378	-0.109503281800292	-0.0915801351069664	0	-0.0833872773395833	-0.0792451327886926	-0.130604694694655	-0.0715326940877222	-0.0844631668281253	-0.0680887812287305	-0.118312466848897	-0.0498569873848705	-0.0944032042926014	-0.0835726000448689	-0.0408594533689144	-0.0924861726705263	-0.131420539271547	-0.127445980177238	-0.0860722304688515	-0.0685100163312309	-0.0908864365259686	-0.143296905469936	-0.0947213668897434	-0.100701623943067	-0.095945138516944	-0.0754135770004579	-0.100619939709658	-0.0459734085341852	-0.0695827015326692	-0.102506841220059	-0.0915244113906025
