bm_700098550	bm_700105215	bm_700107881	bm_700111304	bm_700033225	bm_700101232	bm_700038348	bm_700021685	bm_700105839	bm_700024343	bm_700103610	bm_700106935	bm_700113555	bm_700014977	bm_700024502	bm_700024400	bm_700024745	bm_700014787	bm_700114172	bm_700038535	bm_700106343	bm_700105158	bm_700110595	bm_700102856	bm_700107938	bm_700114223	bm_700023545	bm_700098275	bm_700101084	bm_700096275	td_700111302	td_700021683	td_700037690	td_700111162	td_700023227	td_700110760	td_700113058	td_700106987	td_700095359	td_700111991	td_700038533	td_700114709	td_700102911	td_700106554	td_700107936	td_700099294	td_700097694	td_700114434	td_700024790	td_700099809	td_700107381	td_700014785	td_700024089	td_700105156	td_700038959	td_700095219	td_700023439	td_700105623	td_700024500	td_700038744
bm_700098550	0	0.088690062177564	0.125827290128028	0.141415324951879	0.0976910383178261	0.0901710474852079	0.0950256423811897	0.103572642859456	0.0823530659097283	0.105445042838484	0.0995774173922604	0.0884626204798323	0.0989109231707464	0.135484339709592	0.105481787889267	0.108658419315058	0.0962559843236609	0.116207421309312	0.112579501112591	0.0939061528498256	0.104581752001117	0.102629761951618	0.1265584512818	0.09377344221681	0.12211146502227	0.0993782243600515	0.107515001929478	0.0929060484241674	0.0974098224894525	0.117405084846937	0.141773480268997	0.0974303009564896	0.122469438792694	0.134791848001556	0.114143416949867	0.113528699845366	0.132580754510963	0.10451025891318	0.0993519727081582	0.161893029492914	0.120590539442036	0.116453743863177	0.112217279149537	0.119986097880392	0.118420293957502	0.104040234523471	0.105139281897137	0.109529189876201	0.112501799127733	0.129207725872045	0.0960739292993271	0.126029097432625	0.146794081461599	0.1207649331959	0.10583072063435	0.113736933902916	0.118947432937014	0.120088236050206	0.12474588909298	0.115290320031964
bm_700105215	0.088690062177564	0	0.114502915712518	0.12291971090214	0.0850106553385403	0.0664686016445807	0.0791620922951438	0.0624284978347289	0.0570966529906332	0.091724978254337	0.0724571008793977	0.062774489523376	0.0739954549422166	0.124528214607363	0.0749218151009378	0.103587239213621	0.074382149399567	0.101895659741411	0.0796625439106988	0.0708260490748308	0.07423956262642	0.0793251212259892	0.103327954225833	0.0841338211178309	0.107438643390154	0.0713212721456103	0.0898377277557735	0.0766593621959656	0.0853240412410183	0.0951906683256646	0.11906910553106	0.0683630777015491	0.104277298195963	0.106476010202053	0.0992435167134065	0.0885939876673152	0.107996136976835	0.0782892521016934	0.0763455042720842	0.157095258712026	0.100049547723615	0.100056446497972	0.0985409310092064	0.103530705573237	0.10646362871755	0.0916261442343457	0.0879242982239941	0.0930332037283591	0.0937406911932861	0.104644458229083	0.0756682987956483	0.113913978238506	0.132724648420304	0.10100582677744	0.0894631969268938	0.0980043879109654	0.0962280261328477	0.108229097694052	0.106186007513709	0.0943033770154043
bm_700107881	0.125827290128028	0.114502915712518	0	0.149553445966839	0.129116298957152	0.120800552657183	0.111753318419393	0.128594606378447	0.113739693412658	0.126073866847264	0.122906930014912	0.114960921711111	0.118180616012622	0.149560925690614	0.129643002224601	0.127054799942079	0.126461469038083	0.126184973423743	0.137383390743239	0.11811180981575	0.133635141398005	0.124764987805145	0.137900145251879	0.116074238654893	0.119827426070192	0.128185000728365	0.124317910917506	0.119683713707545	0.125603842457555	0.13907664044503	0.144979268093779	0.116196964219761	0.13891658887996	0.149386931339476	0.117843011781219	0.133283775927228	0.143938497208756	0.117391759319627	0.125560598035142	0.162242434259401	0.139148424007677	0.127322980717853	0.127421923665861	0.144077162573321	0.122746007025712	0.130355318831577	0.12607484719941	0.132953905584972	0.133516664025767	0.139735437086736	0.114105183216197	0.124034298672777	0.135240340953405	0.133085454319148	0.122598046470435	0.130508471622291	0.137017465227636	0.123857544811897	0.144809667172625	0.1351265837952
bm_700111304	0.141415324951879	0.12291971090214	0.149553445966839	0	0.135367823041645	0.126071143646861	0.130290542971304	0.133000018445144	0.117904229326298	0.136817291843281	0.12841803406426	0.117384787926593	0.137687299908312	0.153746375783356	0.138549537774856	0.148559441510085	0.130737765096297	0.151472249280748	0.143617849438534	0.13031443451618	0.135232389208225	0.141489287074848	0.141682779540879	0.132384030513787	0.133357810668875	0.131566271587173	0.135489277779658	0.126804701216987	0.136838024475689	0.143755171357567	0.137221124308507	0.126146086121975	0.156376587970774	0.141949834727152	0.145761117084401	0.137168947788769	0.160702881988404	0.139162112628373	0.134942785922608	0.172269112909117	0.156785830527469	0.146986230482096	0.145374785720438	0.154218869208098	0.144997023360412	0.141089376018205	0.135508013398436	0.138041207032799	0.145651825974859	0.143428024215715	0.127448211627093	0.162417554200039	0.17517995997549	0.153029012178297	0.135897431056191	0.14196036443538	0.148668405835579	0.15650334387224	0.154156998094922	0.145787513973649
bm_700033225	0.0976910383178261	0.0850106553385403	0.129116298957152	0.135367823041645	0	0.0893181774280527	0.098482327736515	0.0933797037477483	0.0739554783602877	0.0975237611943507	0.086898523095862	0.0782585707104764	0.100575960516354	0.124721852310748	0.101648429454077	0.113273590431531	0.0863626698750567	0.117126737456322	0.105516717473114	0.0909123389444817	0.0921148316241559	0.104122620413023	0.119663271549847	0.0912703127149059	0.118363433533069	0.098467767691689	0.0988601990245569	0.0873239596176249	0.079434339716854	0.116791783806645	0.140345107193156	0.0928392392409257	0.121363129551285	0.131571681678642	0.111146843534781	0.103518251470056	0.127403660068485	0.102383221541721	0.0927064559892327	0.162085723153492	0.115259130310005	0.11839371552156	0.112549473289471	0.119043906849989	0.125868973248877	0.109333954561913	0.106141092861715	0.109150011451965	0.110299964518514	0.125307848728323	0.0902312120594642	0.128222653512616	0.143398468413998	0.122960377361505	0.105682033892299	0.111563057484509	0.114873779298187	0.124899404977081	0.12391269869741	0.112896554258279
bm_700101232	0.0901710474852079	0.0664686016445807	0.120800552657183	0.126071143646861	0.0893181774280527	0	0.0864806752258913	0.0690458021974702	0.0652089580657638	0.0977285821740609	0.0869101057749132	0.0692937586715778	0.0816531670965934	0.12924073106094	0.0875836076987998	0.106864592745017	0.0835445931691096	0.110543091850572	0.0957624677918011	0.0800537044167115	0.0855042444890775	0.0967520061998922	0.0984970693280347	0.0849020541064337	0.113099632389731	0.0834331234992443	0.0971796939006556	0.0793874280512299	0.0892161844955928	0.102340630687404	0.129140081574013	0.0828642287802052	0.113983438003474	0.119033377141761	0.108856631995121	0.0932099212799013	0.119312378100473	0.0910409466222221	0.0864877918562801	0.162005297968231	0.1123894217244	0.109887199955964	0.107287632850424	0.113659994414171	0.117835931460168	0.100394849534827	0.100267803158651	0.106904533017607	0.10637408988827	0.118191617742253	0.0866840438320527	0.122312981852157	0.142641818104446	0.114952969965932	0.0962087458739883	0.109600210942734	0.110223896453899	0.120678771135121	0.117207779900341	0.104915144349228
bm_700038348	0.0950256423811897	0.0791620922951438	0.111753318419393	0.130290542971304	0.098482327736515	0.0864806752258913	0	0.0981251890808814	0.0790260775123049	0.090320061011308	0.0922100710196142	0.0794535836663747	0.0928169453069526	0.127303083200235	0.085750530733604	0.100134838360264	0.0850314242802872	0.110808839900652	0.104603828079057	0.0788122518165925	0.0987163777338935	0.0954477384437904	0.120117573995891	0.0870823935871317	0.114605271738365	0.0939276479783468	0.106266214842938	0.0818046496577264	0.0943296649766364	0.114376704451133	0.119013370696127	0.0804186858895083	0.0905753519718367	0.113786568768943	0.0981881131648803	0.0878914382724539	0.106123700688469	0.0772430711252017	0.0774431718908785	0.154679344241724	0.0925614364903916	0.112890672145407	0.0896649316128129	0.09767506220879	0.118145613810097	0.0836405224420035	0.0850377421052242	0.0860333078635425	0.0856652400969546	0.111862645838274	0.0840098247261078	0.109772426136275	0.118986683332169	0.0936243923813712	0.0809010554543816	0.0954881144284453	0.0849373104743292	0.100588342000857	0.0919016594965405	0.0900958145353835
bm_700021685	0.103572642859456	0.0624284978347289	0.128594606378447	0.133000018445144	0.0933797037477483	0.0690458021974702	0.0981251890808814	0	0.0677913871634288	0.103014749870049	0.082368061666619	0.0626589168982355	0.0830392034834889	0.136252391151501	0.0867088794197361	0.116563797468832	0.0807361021285841	0.114078568470916	0.0987849660747324	0.0840615655337814	0.0742567369436338	0.102654198136576	0.100442269531193	0.100928669432664	0.119683641088868	0.0874972640913276	0.10154636390294	0.0909901861666938	0.0955166898780166	0.109056877998153	0.133114901192849	0.0827819155093307	0.119979090178019	0.117433987080556	0.115425318153319	0.0909964676822921	0.115571898953725	0.0943595838717403	0.0862897244135715	0.16885668863769	0.113243598917749	0.122845894016526	0.114659045869007	0.116014110389975	0.120164195186805	0.106742411820229	0.101256324905258	0.114330192188235	0.110302578790902	0.118256793005253	0.0931127937988297	0.134936250241639	0.151918019032193	0.115199909778555	0.0965903933332568	0.11622786346701	0.110605834387878	0.130383349641068	0.115385305262051	0.102670174245612
bm_700105839	0.0823530659097283	0.0570966529906332	0.113739693412658	0.117904229326298	0.0739554783602877	0.0652089580657638	0.0790260775123049	0.0677913871634288	0	0.0849259093419717	0.0698927175230757	0.0603588292184444	0.0713097257758979	0.118569779505005	0.0737746578534703	0.0940683103565417	0.0716003457229995	0.0999430887424929	0.0844018566562497	0.0649572980391069	0.0664606498994013	0.0822239862105846	0.103029491461569	0.0801392129093932	0.103657751949412	0.0734921348889029	0.0848865137094622	0.0702880172937023	0.0776660386119317	0.101489902881233	0.120018013789125	0.0716940238168929	0.105481533723896	0.11109869735164	0.0946930851478683	0.0882184764862901	0.109114972940102	0.0825437625566771	0.0776645499290443	0.1518895162013	0.102416335658632	0.0959563233512183	0.0963232292189672	0.103992342505702	0.104225593697628	0.0939964178658794	0.0908226548778474	0.0926096916015483	0.0983824770550396	0.107394454924933	0.0754398404364324	0.110263219467731	0.130269338317492	0.104151159553256	0.0896991350098856	0.100320560627809	0.100357777699995	0.108531046154834	0.107454655808528	0.0955026744732713
bm_700024343	0.105445042838484	0.091724978254337	0.126073866847264	0.136817291843281	0.0975237611943507	0.0977285821740609	0.090320061011308	0.103014749870049	0.0849259093419717	0	0.0946769274921387	0.0859767742231581	0.104442324140438	0.122586645338077	0.100824861033268	0.0954582681520188	0.0921715105018953	0.115830276208044	0.116518955435515	0.0890875768178525	0.0956028519387952	0.107087495775408	0.126532562723293	0.0938240937443221	0.117258177262482	0.108877945576949	0.0975042630794589	0.0870382051219115	0.096721869448756	0.127576819304833	0.138495219004134	0.0996652496826201	0.117639389009686	0.134565241418615	0.109983201847535	0.101833135060138	0.12747010615834	0.102789740898011	0.0959286193257762	0.163442167429332	0.110121068406649	0.117170526518816	0.104664246818685	0.117488342160618	0.123968034129616	0.101094639419945	0.104732217900765	0.103646459745071	0.107792804680012	0.124877800920543	0.0961147046867078	0.122439374660235	0.13185362369379	0.118818571093903	0.102113116370995	0.112367454574476	0.110085739420076	0.1137130060487	0.119498790245453	0.109460964628749
bm_700103610	0.0995774173922604	0.0724571008793977	0.122906930014912	0.12841803406426	0.086898523095862	0.0869101057749132	0.0922100710196142	0.082368061666619	0.0698927175230757	0.0946769274921387	0	0.0743729268275325	0.0852264417385434	0.125019770434932	0.0833479054812723	0.110033889684386	0.0846176793655916	0.115881653922331	0.0918166593346009	0.0807589043932993	0.0798154425360417	0.0990835740763521	0.114146394315642	0.0912433348762382	0.115865387338585	0.0904581817357926	0.0978288322582622	0.085117695269082	0.0901730808081762	0.109999649977975	0.129193746776638	0.084671126712185	0.118483036494807	0.118504422695312	0.109017700221676	0.099478075041527	0.12298063797251	0.093749332815901	0.0900866282726878	0.162165712626689	0.11352771949322	0.109143947792399	0.108127685711012	0.116688483737991	0.118606851339836	0.105511488928339	0.0989326361553	0.100662086267794	0.110783713838259	0.113610686332192	0.0880494202052175	0.128208747035887	0.143467347229547	0.118841845380022	0.102218667618649	0.10562223241143	0.110279377123461	0.120550962262833	0.118447453342863	0.107707913446089
bm_700106935	0.0884626204798323	0.062774489523376	0.114960921711111	0.117384787926593	0.0782585707104764	0.0692937586715778	0.0794535836663747	0.0626589168982355	0.0603588292184444	0.0859767742231581	0.0743729268275325	0	0.0795298695870219	0.124863567659766	0.0808504765455469	0.103036426545264	0.0722149902088237	0.103892600752242	0.0896353395017574	0.0729838404561847	0.075810014144666	0.0894409029929207	0.094317210873456	0.0818791564207764	0.106155834453234	0.0757641554498647	0.0938788845364481	0.0739617235665472	0.0827627078691487	0.103535788880657	0.121933186169163	0.0759116439837386	0.109889777919013	0.10976265892416	0.102840682900233	0.0846027199180397	0.110771985921853	0.0856360110792864	0.0729767238257959	0.156402694385313	0.105408443025056	0.105497763998303	0.100593643164309	0.103795981601913	0.109567496228549	0.0907888508835006	0.0921155578109303	0.0934202612790967	0.0999901819548105	0.111405184479762	0.0822600413839319	0.11956487324192	0.136702336476899	0.107589290836496	0.0857635657862039	0.101582528004304	0.101650172302336	0.116039962639143	0.108991847972508	0.0972111740973244
bm_700113555	0.0989109231707464	0.0739954549422166	0.118180616012622	0.137687299908312	0.100575960516354	0.0816531670965934	0.0928169453069526	0.0830392034834889	0.0713097257758979	0.104442324140438	0.0852264417385434	0.0795298695870219	0	0.131716374393434	0.0889596590175477	0.105791651785889	0.088526597534654	0.112183620392545	0.0953221807505024	0.0786913054093217	0.0871748371635086	0.0951132931248558	0.115357528617931	0.0997382677627827	0.118735567945593	0.0852740069722645	0.0997400106110411	0.0912590568199032	0.105050396635954	0.112912239892606	0.132794761753369	0.0853039984860458	0.119431872134195	0.122787835383915	0.109638735151114	0.106681993080602	0.126936467807196	0.0951718600882085	0.0938784851337222	0.166324148571424	0.116481484197958	0.111706370444431	0.111363283502881	0.124474295239366	0.11611116525237	0.109782846916488	0.1026206483076	0.112953741466761	0.112878326970243	0.118268303065627	0.0912127624130373	0.123905872541731	0.142604564722921	0.11757922443543	0.106603165506244	0.115959791619253	0.114382695492021	0.12339369300977	0.118758624375679	0.108971841526875
bm_700014977	0.135484339709592	0.124528214607363	0.149560925690614	0.153746375783356	0.124721852310748	0.12924073106094	0.127303083200235	0.136252391151501	0.118569779505005	0.122586645338077	0.125019770434932	0.124863567659766	0.131716374393434	0	0.139803952808898	0.134141511435771	0.129518207027426	0.132617172777698	0.148934044957642	0.121373840806207	0.130987246562631	0.140417725870593	0.145465922160621	0.115164471863966	0.137272465713455	0.134893949862032	0.118794243836962	0.12140492160015	0.122046616543319	0.138696699524682	0.167241540323481	0.130884236968687	0.156756746747155	0.166108834192824	0.137758829305587	0.14831170289201	0.166567711615546	0.143657934948479	0.13940019296235	0.185487745525564	0.148824136589342	0.141515647654758	0.14208842747304	0.155503784086663	0.149540556151594	0.138471036984547	0.136244584643677	0.138142655325178	0.149560526287889	0.156290462219334	0.127251778104626	0.141924127715339	0.163182991369561	0.15207080872952	0.138457675147899	0.143549043241663	0.149844392697989	0.14662691326614	0.157093116461042	0.147976386148946
bm_700024502	0.105481787889267	0.0749218151009378	0.129643002224601	0.138549537774856	0.101648429454077	0.0875836076987998	0.085750530733604	0.0867088794197361	0.0737746578534703	0.100824861033268	0.0833479054812723	0.0808504765455469	0.0889596590175477	0.139803952808898	0	0.100686086740686	0.0852588659780189	0.123845635348797	0.0938594590402338	0.0812426537130438	0.0818998527438459	0.103349739829064	0.12557566641071	0.104450602669666	0.125048273265826	0.0850845811521708	0.106683917475554	0.087866929468819	0.103537277563545	0.122785221111528	0.135620608657802	0.0920942442291026	0.121969931219946	0.127589854357433	0.115683404932929	0.0997283553133125	0.123859795990897	0.0915018936772515	0.0899742508693545	0.167847506877352	0.113537559324013	0.123145082967565	0.113371081005989	0.122194976501322	0.126003680895522	0.10997597628913	0.106507889801447	0.111024517372639	0.11133129497547	0.12179869637855	0.096028942028655	0.133327165586996	0.142406642517568	0.120657784337342	0.107264322254967	0.116089089174429	0.11127973571449	0.125862691733279	0.116364059796543	0.109054953603201
bm_700024400	0.108658419315058	0.103587239213621	0.127054799942079	0.148559441510085	0.113273590431531	0.106864592745017	0.100134838360264	0.116563797468832	0.0940683103565417	0.0954582681520188	0.110033889684386	0.103036426545264	0.105791651785889	0.134141511435771	0.100686086740686	0	0.109859314383828	0.121583708783999	0.119088567336613	0.0919488253275356	0.107671349941999	0.105767433456964	0.13541244721893	0.104127667411105	0.119645371045859	0.11190781465564	0.104967211940951	0.09287878011079	0.107369437790556	0.137741400823002	0.14980383516664	0.111325703337308	0.130999047097715	0.151545085814217	0.113406083208514	0.121489558668702	0.145189862258345	0.113361858433955	0.115198711570377	0.16820791337347	0.127203813468179	0.118312382602831	0.120566284803772	0.137400456132437	0.127960826871118	0.120954613181365	0.120240662654146	0.1216284418893	0.12295144526418	0.143259984596126	0.108699884579874	0.125000708032105	0.142245283816303	0.132764334527523	0.119122589186992	0.129035764843875	0.134199715305737	0.118643451153264	0.132193551722871	0.124652501473796
bm_700024745	0.0962559843236609	0.074382149399567	0.126461469038083	0.130737765096297	0.0863626698750567	0.0835445931691096	0.0850314242802872	0.0807361021285841	0.0716003457229995	0.0921715105018953	0.0846176793655916	0.0722149902088237	0.088526597534654	0.129518207027426	0.0852588659780189	0.109859314383828	0	0.111851535180627	0.105891829251413	0.0772004439615464	0.0820076551705007	0.101369827898092	0.116445356405933	0.0918154974357619	0.119236999913293	0.0921978347724661	0.0998923645963033	0.0864509741868197	0.0910288919217676	0.113089356846874	0.132579302137415	0.0849067743204671	0.111778008769722	0.12032155986081	0.108650540188556	0.0948444950903238	0.118544290349225	0.0898186290436077	0.0824953622081655	0.163797526927369	0.107685619512116	0.115512896278307	0.105668018487553	0.110062900846022	0.118211224785161	0.0987469865064331	0.0968624955176121	0.104210089609996	0.102489934688214	0.114558795784805	0.0871522164454871	0.127805350282726	0.140917560227389	0.113421442058792	0.0938928636318547	0.107814808139276	0.103157155096502	0.117283121778182	0.111090382513074	0.103457832730429
bm_700014787	0.116207421309312	0.101895659741411	0.126184973423743	0.151472249280748	0.117126737456322	0.110543091850572	0.110808839900652	0.114078568470916	0.0999430887424929	0.115830276208044	0.115881653922331	0.103892600752242	0.112183620392545	0.132617172777698	0.123845635348797	0.121583708783999	0.111851535180627	0	0.131657262790001	0.101265148074567	0.118953895999306	0.116691896815831	0.127613201262229	0.110473014826846	0.121461346312518	0.116878780982214	0.111022375121654	0.107280153126648	0.11702082311528	0.125981314342871	0.145500089248355	0.106928424562483	0.130951481863994	0.146806063543376	0.101862182531112	0.124917015006359	0.144122149843993	0.112863694306739	0.119630556835661	0.160375625918535	0.12328233226792	0.111230681797882	0.116813061079134	0.134273786356722	0.118632885135697	0.12038673512381	0.11546663818078	0.123311016645508	0.130207939225719	0.13463223214855	0.107378079413171	0.0936732284419474	0.13187628072115	0.127963949474248	0.11242003049694	0.127160823211137	0.130206414233493	0.116923840871564	0.135046013372584	0.122607849991888
bm_700114172	0.112579501112591	0.0796625439106988	0.137383390743239	0.143617849438534	0.105516717473114	0.0957624677918011	0.104603828079057	0.0987849660747324	0.0844018566562497	0.116518955435515	0.0918166593346009	0.0896353395017574	0.0953221807505024	0.148934044957642	0.0938594590402338	0.119088567336613	0.105891829251413	0.131657262790001	0	0.0967620275773785	0.0927123744114438	0.111144156643716	0.130443187431275	0.110277634275202	0.135986570482744	0.0857163273365314	0.110956982002623	0.09830597327836	0.111265393525696	0.125166133379306	0.144891581040774	0.106710459602157	0.140368417788613	0.133001071415967	0.1321672274523	0.123242028901943	0.142683973246698	0.108910878147166	0.107464132545934	0.18241971533188	0.139308874975473	0.123370091939603	0.131078746096201	0.140213449530963	0.138830572056536	0.120631423757433	0.11988784480982	0.119724198620216	0.130377249672163	0.136215283007331	0.105055843036762	0.147289449769733	0.161285646874833	0.138763835491972	0.122692850153828	0.128998039440947	0.134694430045774	0.144168299013504	0.137612538979891	0.127024844737637
bm_700038535	0.0939061528498256	0.0708260490748308	0.11811180981575	0.13031443451618	0.0909123389444817	0.0800537044167115	0.0788122518165925	0.0840615655337814	0.0649572980391069	0.0890875768178525	0.0807589043932993	0.0729838404561847	0.0786913054093217	0.121373840806207	0.0812426537130438	0.0919488253275356	0.0772004439615464	0.101265148074567	0.0967620275773785	0	0.0821591740409723	0.0895704910228065	0.113990590943202	0.0863424092640518	0.109222049179983	0.0884760186258193	0.090831478047156	0.0791906677447151	0.0864720336032763	0.102382713210979	0.125537214821007	0.0820908761748431	0.107999186961287	0.120105482986097	0.0987951326895736	0.0914536748754335	0.118503224487134	0.0882519173872497	0.0846185507897208	0.153187393513787	0.103005309441982	0.103693952360114	0.0989084178263748	0.111608044755181	0.108885062207338	0.0977833003475094	0.0946441764686147	0.0981967910968339	0.100648143481726	0.112749319889776	0.0820642251202238	0.115653377109809	0.130165457299419	0.10915527630608	0.0921844003171403	0.105166368663821	0.103507431287118	0.104103957412922	0.110300763323966	0.097563556229586
bm_700106343	0.104581752001117	0.07423956262642	0.133635141398005	0.135232389208225	0.0921148316241559	0.0855042444890775	0.0987163777338935	0.0742567369436338	0.0664606498994013	0.0956028519387952	0.0798154425360417	0.075810014144666	0.0871748371635086	0.130987246562631	0.0818998527438459	0.107671349941999	0.0820076551705007	0.118953895999306	0.0927123744114438	0.0821591740409723	0	0.112650304323092	0.116321868344952	0.103138818880449	0.121115608789242	0.0896735732354279	0.0987686994909866	0.0898951691296259	0.0961839102863049	0.1160632732346	0.140094427518644	0.0958107955216352	0.126119943398098	0.130251691978875	0.117472002958194	0.103981268157393	0.130984414434211	0.100951689553411	0.0923239734151736	0.17051115996573	0.119802663101186	0.122896363997344	0.117734011146386	0.124347176244513	0.122473904841357	0.112343199936212	0.108667496649737	0.112258381320966	0.115019815458512	0.129074652145642	0.0985338506881564	0.13481722822932	0.154121197086945	0.129126501881332	0.1102805390223	0.120021753651013	0.118546323672193	0.130217125488415	0.125534055908539	0.114432366667388
bm_700105158	0.102629761951618	0.0793251212259892	0.124764987805145	0.141489287074848	0.104122620413023	0.0967520061998922	0.0954477384437904	0.102654198136576	0.0822239862105846	0.107087495775408	0.0990835740763521	0.0894409029929207	0.0951132931248558	0.140417725870593	0.103349739829064	0.105767433456964	0.101369827898092	0.116691896815831	0.111144156643716	0.0895704910228065	0.112650304323092	0	0.132440092132768	0.100387587667083	0.122901084211378	0.100503850169659	0.107398703117563	0.0945227217306018	0.108639393221569	0.120914273506049	0.127845907814075	0.0803428719902645	0.107766081006716	0.121392794281018	0.105986778172162	0.103859123541944	0.116581589044804	0.0892172374664157	0.0946840804318662	0.15672290644347	0.105917681500581	0.10898698252112	0.100291004826092	0.110428572196255	0.110039626559904	0.102716432343139	0.0907653950506886	0.104199450973751	0.10164156698906	0.113438471138651	0.081791033655707	0.111536333811213	0.125480245468558	0.0958556012456136	0.0959814131042727	0.103078509068838	0.109023546025209	0.107093087413571	0.111923645527321	0.0979962909284312
bm_700110595	0.1265584512818	0.103327954225833	0.137900145251879	0.141682779540879	0.119663271549847	0.0984970693280347	0.120117573995891	0.100442269531193	0.103029491461569	0.126532562723293	0.114146394315642	0.094317210873456	0.115357528617931	0.145465922160621	0.12557566641071	0.13541244721893	0.116445356405933	0.127613201262229	0.130443187431275	0.113990590943202	0.116321868344952	0.132440092132768	0	0.113224137112196	0.121353761741895	0.118387615552655	0.118958761450695	0.112404381171952	0.120359793594481	0.118546069506822	0.155061536341073	0.118462775883802	0.1509999374027	0.148843707322911	0.134320298619621	0.133365653486038	0.156328877499698	0.130264400247426	0.122683700200471	0.185762643529	0.146885254211121	0.136271380935651	0.138331246030482	0.15000440795372	0.137869318623307	0.1319224662	0.13209301116396	0.134915735465263	0.143534374268821	0.146823201551251	0.118369025171231	0.139513877501877	0.167372108705513	0.148116249721689	0.131174275966369	0.142296262127864	0.143878732037225	0.144889620336483	0.15245441689308	0.139271621593948
bm_700102856	0.09377344221681	0.0841338211178309	0.116074238654893	0.132384030513787	0.0912703127149059	0.0849020541064337	0.0870823935871317	0.100928669432664	0.0801392129093932	0.0938240937443221	0.0912433348762382	0.0818791564207764	0.0997382677627827	0.115164471863966	0.104450602669666	0.104127667411105	0.0918154974357619	0.110473014826846	0.110277634275202	0.0863424092640518	0.103138818880449	0.100387587667083	0.113224137112196	0	0.103946992141642	0.101186502046903	0.0964701368034217	0.0817219006747873	0.0851743015281439	0.116607513912649	0.136933082324454	0.0938796107232225	0.116259743066405	0.131961970760525	0.104178028463907	0.106285858195185	0.126529730594873	0.101445750725352	0.0950894015799791	0.157949472214714	0.116256729391291	0.109580821755859	0.106181940867773	0.115069305087185	0.114277979359158	0.100327967732907	0.103876588333868	0.10337962241483	0.107597569365724	0.127474535897663	0.0874487911241386	0.115255898778859	0.133140317729952	0.116143044851764	0.0991246036291039	0.111149675663201	0.115606247588152	0.113936199553802	0.121928211789758	0.112124363551756
bm_700107938	0.12211146502227	0.107438643390154	0.119827426070192	0.133357810668875	0.118363433533069	0.113099632389731	0.114605271738365	0.119683641088868	0.103657751949412	0.117258177262482	0.115865387338585	0.106155834453234	0.118735567945593	0.137272465713455	0.125048273265826	0.119645371045859	0.119236999913293	0.121461346312518	0.135986570482744	0.109222049179983	0.121115608789242	0.122901084211378	0.121353761741895	0.103946992141642	0	0.120339569292815	0.109218381936772	0.10951506554344	0.118025792992327	0.128577504679911	0.148095916492007	0.111059192791115	0.145155840407966	0.149689751224387	0.122019239301925	0.132409374432213	0.15233060204805	0.122737365403097	0.125024163864917	0.157816471106989	0.14276381748254	0.12412347440867	0.127500351837492	0.143280608300518	0.109784008815326	0.128401440696465	0.123979943592716	0.129136414330802	0.136316549753017	0.140371213607694	0.109439215334857	0.127883015958245	0.144936023671365	0.141314094515532	0.123224382563326	0.131138511267732	0.140822683925318	0.127180720728755	0.147698801254444	0.137042700218045
bm_700114223	0.0993782243600515	0.0713212721456103	0.128185000728365	0.131566271587173	0.098467767691689	0.0834331234992443	0.0939276479783468	0.0874972640913276	0.0734921348889029	0.108877945576949	0.0904581817357926	0.0757641554498647	0.0852740069722645	0.134893949862032	0.0850845811521708	0.11190781465564	0.0921978347724661	0.116878780982214	0.0857163273365314	0.0884760186258193	0.0896735732354279	0.100503850169659	0.118387615552655	0.101186502046903	0.120339569292815	0	0.105484874183058	0.0897660894304822	0.104945753121768	0.116917159953239	0.131186838997566	0.0880523975709924	0.125523998221714	0.121189135200146	0.119335361911881	0.109236137203405	0.129137104208238	0.0938029253998493	0.0904433312162568	0.164673889126675	0.118683790828581	0.113041537447782	0.114815720665576	0.122755774237827	0.122079549113537	0.104781308126713	0.106120432847984	0.111933957379517	0.11642930767822	0.122707482817332	0.0950554523482774	0.133030845073716	0.146109287333371	0.123450081412799	0.105159070486738	0.117746428940228	0.117973108141846	0.128749465708081	0.122054858763208	0.113545801543902
bm_700023545	0.107515001929478	0.0898377277557735	0.124317910917506	0.135489277779658	0.0988601990245569	0.0971796939006556	0.106266214842938	0.10154636390294	0.0848865137094622	0.0975042630794589	0.0978288322582622	0.0938788845364481	0.0997400106110411	0.118794243836962	0.106683917475554	0.104967211940951	0.0998923645963033	0.111022375121654	0.110956982002623	0.090831478047156	0.0987686994909866	0.107398703117563	0.118958761450695	0.0964701368034217	0.109218381936772	0.105484874183058	0	0.0927012637537959	0.0985126823436836	0.114210807082529	0.13924947289733	0.0976968841213597	0.131984591478547	0.138740125493789	0.107994503056593	0.117562159046232	0.140657984764892	0.111243607922465	0.108815566133031	0.165989739561828	0.127100586018203	0.109549813580593	0.116161272139801	0.13215023468178	0.115055144445085	0.114558469000757	0.112471662376597	0.115700978652868	0.124902600198888	0.12937925118815	0.0976775675531616	0.119623476514611	0.139859288241104	0.129955480393611	0.109391650101136	0.118360129383245	0.12770495496117	0.120906721163595	0.135140090869203	0.122559885355442
bm_700098275	0.0929060484241674	0.0766593621959656	0.119683713707545	0.126804701216987	0.0873239596176249	0.0793874280512299	0.0818046496577264	0.0909901861666938	0.0702880172937023	0.0870382051219115	0.085117695269082	0.0739617235665472	0.0912590568199032	0.12140492160015	0.087866929468819	0.09287878011079	0.0864509741868197	0.107280153126648	0.09830597327836	0.0791906677447151	0.0898951691296259	0.0945227217306018	0.112404381171952	0.0817219006747873	0.10951506554344	0.0897660894304822	0.0927012637537959	0	0.0819517387888744	0.109536524362622	0.124606388613624	0.0837696021411472	0.115437953803193	0.122953297040455	0.10212883831466	0.0984991389603416	0.122902972296991	0.0954872793136547	0.0870785084878889	0.158805682731032	0.112759377576601	0.102651438626833	0.102045108979575	0.115485664274269	0.117333591759	0.0955925400865992	0.100142281774702	0.0961148862334014	0.107636747142201	0.11281692787847	0.082055438260254	0.116654135103564	0.134629835732195	0.114776905982486	0.0974910101708267	0.104302061164969	0.109140607333237	0.114272315102318	0.119881345438189	0.105382990178614
bm_700101084	0.0974098224894525	0.0853240412410183	0.125603842457555	0.136838024475689	0.079434339716854	0.0892161844955928	0.0943296649766364	0.0955166898780166	0.0776660386119317	0.096721869448756	0.0901730808081762	0.0827627078691487	0.105050396635954	0.122046616543319	0.103537277563545	0.107369437790556	0.0910288919217676	0.11702082311528	0.111265393525696	0.0864720336032763	0.0961839102863049	0.108639393221569	0.120359793594481	0.0851743015281439	0.118025792992327	0.104945753121768	0.0985126823436836	0.0819517387888744	0	0.115093051394707	0.139622442424645	0.0974122189058079	0.118087264702777	0.133558492383971	0.108962219552114	0.10418870340949	0.126064317491182	0.102040788168268	0.0961261058190653	0.163832819604603	0.117783319228366	0.116631078673478	0.11125820427663	0.119254174230507	0.12859424328506	0.103328498865914	0.107428876178038	0.107930707548465	0.113642929024974	0.128121858788334	0.0916858004778599	0.125578716395162	0.142424397784201	0.12292170791577	0.104497732191322	0.111794602137516	0.115067344382894	0.12027283272825	0.125016901997173	0.112278823478664
bm_700096275	0.117405084846937	0.0951906683256646	0.13907664044503	0.143755171357567	0.116791783806645	0.102340630687404	0.114376704451133	0.109056877998153	0.101489902881233	0.127576819304833	0.109999649977975	0.103535788880657	0.112912239892606	0.138696699524682	0.122785221111528	0.137741400823002	0.113089356846874	0.125981314342871	0.125166133379306	0.102382713210979	0.1160632732346	0.120914273506049	0.118546069506822	0.116607513912649	0.128577504679911	0.116917159953239	0.114210807082529	0.109536524362622	0.115093051394707	0	0.145760390897626	0.106077805684329	0.143722964974124	0.141937598480004	0.132073404121052	0.128027672363699	0.146211135028476	0.116614122212296	0.119693698775693	0.17846991284742	0.137252096174434	0.129458441855895	0.132717459171238	0.139541436289964	0.131590344678743	0.128823899852453	0.123189961310221	0.126122702907841	0.135789664938875	0.138068584274193	0.107361631282732	0.13924039556265	0.165508568205132	0.139564529029389	0.125014251415447	0.130758461419367	0.134716506123715	0.143464188317078	0.146837362193351	0.133923038144703
td_700111302	0.141773480268997	0.11906910553106	0.144979268093779	0.137221124308507	0.140345107193156	0.129140081574013	0.119013370696127	0.133114901192849	0.120018013789125	0.138495219004134	0.129193746776638	0.121933186169163	0.132794761753369	0.167241540323481	0.135620608657802	0.14980383516664	0.132579302137415	0.145500089248355	0.144891581040774	0.125537214821007	0.140094427518644	0.127845907814075	0.155061536341073	0.136933082324454	0.148095916492007	0.131186838997566	0.13924947289733	0.124606388613624	0.139622442424645	0.145760390897626	0	0.10052280364447	0.13060342054304	0.102909525406443	0.123603125275497	0.118028625120747	0.127143322109875	0.112430015565087	0.11377647477278	0.144201485749093	0.129955335156256	0.137831847385749	0.120148001221737	0.130470383125976	0.129826182838435	0.117922129830286	0.104639120756292	0.118951717438983	0.124130046398978	0.110616001002719	0.109141696613399	0.141487762082622	0.155607701414074	0.124290170582726	0.109631836376758	0.108905940077101	0.115424809822577	0.132697997365685	0.131171734312659	0.114187351249717
td_700021683	0.0974303009564896	0.0683630777015491	0.116196964219761	0.126146086121975	0.0928392392409257	0.0828642287802052	0.0804186858895083	0.0827819155093307	0.0716940238168929	0.0996652496826201	0.084671126712185	0.0759116439837386	0.0853039984860458	0.130884236968687	0.0920942442291026	0.111325703337308	0.0849067743204671	0.106928424562483	0.106710459602157	0.0820908761748431	0.0958107955216352	0.0803428719902645	0.118462775883802	0.0938796107232225	0.111059192791115	0.0880523975709924	0.0976968841213597	0.0837696021411472	0.0974122189058079	0.106077805684329	0.10052280364447	0	0.0940453991638105	0.0908401922884483	0.0849901405621644	0.0805946772542762	0.0914475749065289	0.0668540615844146	0.0695608138578513	0.13969509741142	0.0927581967969063	0.0930686416429482	0.0841611983592245	0.0907236756205012	0.0960586067583879	0.0794345575728863	0.0708636292404043	0.0865770402108498	0.0883184724051204	0.0840808821019796	0.0670359713713936	0.102841372777669	0.120393996991553	0.0865585587574421	0.0744129760281389	0.0825744439478941	0.0813573912233938	0.0982681389474155	0.095461971704568	0.0785749702880681
td_700037690	0.122469438792694	0.104277298195963	0.13891658887996	0.156376587970774	0.121363129551285	0.113983438003474	0.0905753519718367	0.119979090178019	0.105481533723896	0.117639389009686	0.118483036494807	0.109889777919013	0.119431872134195	0.156756746747155	0.121969931219946	0.130999047097715	0.111778008769722	0.130951481863994	0.140368417788613	0.107999186961287	0.126119943398098	0.107766081006716	0.1509999374027	0.116259743066405	0.145155840407966	0.125523998221714	0.131984591478547	0.115437953803193	0.118087264702777	0.143722964974124	0.13060342054304	0.0940453991638105	0	0.126654416864032	0.0998655683043292	0.0850791710607018	0.0953018112114814	0.0866807759915681	0.0920728943379362	0.165923729184038	0.0800082451246362	0.132915599232624	0.0856904750873639	0.0782010204086079	0.131445615654612	0.0992753600034625	0.0876463139267664	0.105592168278971	0.0681171182410711	0.121554370838314	0.0982102255521597	0.122175006365027	0.120967466687271	0.0816649313223382	0.0844151095648819	0.102635208352426	0.078221498875645	0.0977599534427135	0.0738555913694735	0.0735918766423622
td_700111162	0.134791848001556	0.106476010202053	0.149386931339476	0.141949834727152	0.131571681678642	0.119033377141761	0.113786568768943	0.117433987080556	0.11109869735164	0.134565241418615	0.118504422695312	0.10976265892416	0.122787835383915	0.166108834192824	0.127589854357433	0.151545085814217	0.12032155986081	0.146806063543376	0.133001071415967	0.120105482986097	0.130251691978875	0.121392794281018	0.148843707322911	0.131961970760525	0.149689751224387	0.121189135200146	0.138740125493789	0.122953297040455	0.133558492383971	0.141937598480004	0.102909525406443	0.0908401922884483	0.126654416864032	0	0.126190964464631	0.110160173564449	0.112385100913093	0.101479917813086	0.0972029318774353	0.158432567966362	0.123185531570897	0.137299552480138	0.113377834542991	0.123277212651161	0.12704118394006	0.105392503225359	0.093530569050123	0.106212077618909	0.116517430443289	0.102809928890339	0.10433659134609	0.145873349250379	0.159749217206967	0.116961493655814	0.104166191619485	0.100328221898278	0.106175296258787	0.134098448560052	0.12631027695166	0.106313525911288
td_700023227	0.114143416949867	0.0992435167134065	0.117843011781219	0.145761117084401	0.111146843534781	0.108856631995121	0.0981881131648803	0.115425318153319	0.0946930851478683	0.109983201847535	0.109017700221676	0.102840682900233	0.109638735151114	0.137758829305587	0.115683404932929	0.113406083208514	0.108650540188556	0.101862182531112	0.1321672274523	0.0987951326895736	0.117472002958194	0.105986778172162	0.134320298619621	0.104178028463907	0.122019239301925	0.119335361911881	0.107994503056593	0.10212883831466	0.108962219552114	0.132073404121052	0.123603125275497	0.0849901405621644	0.0998655683043292	0.126190964464631	0	0.100892105928574	0.116709869938496	0.0911109510272711	0.102492730507295	0.144474423048239	0.104198833714993	0.0995302515612653	0.0958180936987176	0.111466910355583	0.107890150017116	0.104957844131561	0.0949359220052166	0.108464672683657	0.0993981944963466	0.113281433248694	0.0909439280691667	0.0901960646195849	0.109129387747573	0.104932318666442	0.09021603475588	0.102130145450854	0.0996192457504639	0.088585382354039	0.109729145404523	0.0969643432127171
td_700110760	0.113528699845366	0.0885939876673152	0.133283775927228	0.137168947788769	0.103518251470056	0.0932099212799013	0.0878914382724539	0.0909964676822921	0.0882184764862901	0.101833135060138	0.099478075041527	0.0846027199180397	0.106681993080602	0.14831170289201	0.0997283553133125	0.121489558668702	0.0948444950903238	0.124917015006359	0.123242028901943	0.0914536748754335	0.103981268157393	0.103859123541944	0.133365653486038	0.106285858195185	0.132409374432213	0.109236137203405	0.117562159046232	0.0984991389603416	0.10418870340949	0.128027672363699	0.118028625120747	0.0805946772542762	0.0850791710607018	0.110160173564449	0.100892105928574	0	0.0857316135681318	0.0807306920371151	0.0736523680006669	0.153962561586085	0.0811351417610988	0.12289109914323	0.0801371069677476	0.0826720071410302	0.121857481197935	0.0866217006974733	0.0828263218305832	0.0947374188504434	0.0763493167526496	0.107517180489801	0.0886497588115866	0.121832391444881	0.127746638082019	0.08332332405896	0.0741957735639257	0.0961972721229533	0.0738717853345419	0.104208564617769	0.0860980111051386	0.0655631556649612
