bm_700098550	bm_700105215	bm_700107881	bm_700111304	bm_700033225	bm_700101232	bm_700038348	bm_700021685	bm_700105839	bm_700024343	bm_700103610	bm_700106935	bm_700113555	bm_700014977	bm_700024502	bm_700024400	bm_700024745	bm_700014787	bm_700114172	bm_700038535	bm_700106343	bm_700105158	bm_700110595	bm_700102856	bm_700107938	bm_700114223	bm_700023545	bm_700098275	bm_700101084	bm_700096275	td_700111302	td_700021683	td_700037690	td_700111162	td_700023227	td_700110760	td_700113058	td_700106987	td_700095359	td_700111991	td_700038533	td_700114709	td_700102911	td_700106554	td_700107936	td_700099294	td_700097694	td_700114434	td_700024790	td_700099809	td_700107381	td_700014785	td_700024089	td_700105156	td_700038959	td_700095219	td_700023439	td_700105623	td_700024500	td_700038744
bm_700098550	0	0.265030152734892	0.264173933333098	0.184868670582436	0.284830049537069	0.31480915328267	0.275906043311916	0.361291572781181	0.241899366547918	0.370457797899052	0.361088145650953	0.273384463862052	0.363313521439753	0.220664620155701	0.391170299861191	0.394009248131715	0.348635264218731	0.275955708480098	0.274755247110524	0.330776318315407	0.396536865108541	0.399974695384361	0.292445359685246	0.148027826342069	0.190643172429295	0.354709069873685	0.208760512429371	0.161914026759196	0.200608282564425	0.191115199927037	0.328524125713922	0.315621278323561	0.652610364490125	0.38787209619469	0.444537454089616	0.618984091758691	0.615346121434233	0.48342824794977	0.513894867737411	0.448771215013342	0.603245456268447	0.377121415856737	0.544711859635249	0.63516091072567	0.351040165219547	0.440109905561197	0.492309219963103	0.423569538234542	0.611263131562972	0.407049731161084	0.33314236033547	0.485778437517884	0.551003768754591	0.575024371614905	0.485227554932776	0.432811822099981	0.608303478286969	0.574857199217679	0.586489681609107	0.541496160093386
bm_700105215	0.265030152734892	0	0.27361860961632	0.243988551544733	0.453188629646622	0.41747874891609	0.341725690700019	0.453361262106594	0.231454463884148	0.381773989615946	0.19642937029971	0.349603596283696	0.214282526264428	0.303970729435529	0.301924317694264	0.346356728815136	0.279852557871043	0.286468691726934	0.124252712227462	0.301271359272766	0.337621908259843	0.379605365391571	0.377029043919226	0.346466632556094	0.377514625996545	0.206214822905681	0.334066511139021	0.295016477222855	0.375849175844358	0.297614009956368	0.334760852999116	0.269500837984852	0.675967434405782	0.390662851524204	0.472081428642924	0.646326841730792	0.638432363357928	0.517264261298412	0.574439281134956	0.450750976873806	0.632754054817132	0.325177511604206	0.58111120714206	0.659743230806177	0.363085953523072	0.471855821253685	0.528811034161418	0.486703162349834	0.634228625828156	0.381293602840908	0.351637258647173	0.491722075841659	0.560248526360317	0.60053046430915	0.541601933414142	0.465270408815226	0.640340968704472	0.606016795195911	0.617161907923187	0.576406264495381
bm_700107881	0.264173933333098	0.27361860961632	0	0.299652001962517	0.416283295216251	0.489435065343023	0.293490223229405	0.530222496506129	0.280414571447311	0.276170372385414	0.285331787247977	0.44021657730256	0.317006176853021	0.249165870245795	0.340597400385087	0.303846432592176	0.266136092434994	0.236446495877766	0.258926120610189	0.348705340285909	0.336059168488868	0.305497102004337	0.449851901666781	0.339538032563098	0.25122503568862	0.300252713955835	0.37010664066624	0.332652617093134	0.360056886589989	0.359068273589282	0.298994993765947	0.271865918854348	0.510531244795058	0.35016436534507	0.323119585291195	0.492882980380979	0.5611735825563	0.440097226794158	0.540466172861035	0.282811454044628	0.509282122282843	0.281591865864967	0.473484413811428	0.528148785264493	0.227278990071668	0.416798849316337	0.459068960680817	0.445355296900812	0.472398724973136	0.299847065069165	0.315477029419309	0.345205157298407	0.36547267922127	0.492174116430023	0.490143770816215	0.39482431091089	0.510743519658103	0.463168855594396	0.487112335890997	0.455207184212944
bm_700111304	0.184868670582436	0.243988551544733	0.299652001962517	0	0.361260480133981	0.32346799853489	0.314475915531271	0.354854004554568	0.194106024961366	0.427836892762358	0.296775209449454	0.222188430388275	0.3565753590773	0.266124490658198	0.413765761347225	0.428245155654469	0.334154412071039	0.325282844213947	0.214047956197437	0.363704050082474	0.376061225954505	0.444679175557533	0.265640794072189	0.267823445232647	0.25847388272016	0.308339839159096	0.232756187885834	0.177283562832809	0.289650178448581	0.2176746487804	0.313955238179336	0.327374550236362	0.681834716463219	0.416690994213189	0.480885603603613	0.652099765031294	0.64760599869909	0.513983424939959	0.564727905455003	0.511195819232804	0.636444307576089	0.419629658943035	0.580939800704955	0.66573544616839	0.389705792073734	0.471668306256742	0.523380361774791	0.464375759620775	0.641653782208172	0.415358145538654	0.330419170776964	0.529727835595458	0.586490785727823	0.607557781157488	0.521912564301231	0.466701074393783	0.641590549326533	0.609771959815372	0.616523334645056	0.573094166538977
bm_700033225	0.284830049537069	0.453188629646622	0.416283295216251	0.361260480133981	0	0.378688501664093	0.384105951046897	0.414313893083944	0.364964058975262	0.384782521245442	0.488272992792076	0.368573794158381	0.5190994186158	0.339941437448067	0.431989343922885	0.412871236824477	0.449302191987677	0.393851751364461	0.430348127393236	0.395165981004091	0.444098942371367	0.454825563450662	0.36999759669507	0.275119966472556	0.305579098563811	0.493916923433494	0.302091110116606	0.293910467786983	0.24293418110865	0.328767629822218	0.485743650971027	0.504665928513717	0.637477267637662	0.518568033805874	0.506328748978003	0.653039627563837	0.611495108627947	0.496229129567697	0.516158571179057	0.50419667761115	0.57929912541808	0.427880289726501	0.533171683813833	0.624439179175464	0.435337551480242	0.495354317620802	0.507002957740336	0.446804155059477	0.603447406930297	0.544832683046456	0.47118313472336	0.430565497990588	0.521761198765461	0.57417023980723	0.498180568904832	0.477029993777754	0.598558305981541	0.566765326625129	0.566931615043111	0.542059271578833
bm_700101232	0.31480915328267	0.41747874891609	0.489435065343023	0.32346799853489	0.378688501664093	0	0.525005431517801	0.0975099046667661	0.386251007410809	0.633696275716988	0.522593567205931	0.21306345958704	0.496889453945493	0.443281201503567	0.59343769096642	0.641799394189781	0.528757839405211	0.525008860311413	0.435690959929122	0.549310218648573	0.587857520693893	0.625248785766899	0.163472568170866	0.299072668496384	0.323752865335797	0.457864776348414	0.23270741170847	0.257638480784154	0.271171349021175	0.260003022839109	0.547303168628144	0.556871614703609	0.812160601092028	0.620746138683189	0.686831489677894	0.800257553040707	0.777407567340874	0.696183854095346	0.660136649895417	0.699100954494706	0.779879616049914	0.639391089968202	0.727732194683132	0.78866508121827	0.606170957746633	0.646547726368448	0.682265875810486	0.604797979481275	0.772808556582166	0.645441937749149	0.517426562142148	0.699583310500278	0.761285052790248	0.734437820257276	0.646535357251861	0.656835587089482	0.786038906353444	0.75428894604661	0.765128353972741	0.721527120960632
bm_700038348	0.275906043311916	0.341725690700019	0.293490223229405	0.314475915531271	0.384105951046897	0.525005431517801	0	0.563645008676186	0.329128308513089	0.261573615262368	0.349689549217335	0.453431721201888	0.412246661567565	0.231759002544665	0.319860705575604	0.315654259397045	0.361157654825902	0.263345660222992	0.343565130587877	0.278111048579516	0.398507709087498	0.355479683688814	0.475617187179746	0.322017019493668	0.362795331022956	0.424726628247852	0.402148000782279	0.33822562801033	0.390382565860333	0.364093665297728	0.227743678923939	0.267598731695131	0.44041866630255	0.201231431829225	0.333448699828625	0.39019169709475	0.400532306431356	0.256206163749358	0.309592044339549	0.368897297006663	0.376338546485447	0.280173283007503	0.31860845399018	0.434352505633629	0.268560680324192	0.20728090465069	0.268439920276399	0.225126789492646	0.395733997968683	0.324794621914395	0.288922455342387	0.377320478042018	0.41317439883865	0.355391527804205	0.289635370356707	0.205236678897723	0.38104744275849	0.375898594541051	0.364759056596063	0.313141705079785
bm_700021685	0.361291572781181	0.453361262106594	0.530222496506129	0.354854004554568	0.414313893083944	0.0975099046667661	0.563645008676186	0	0.420478112135201	0.666206012464685	0.550839377819987	0.211228984818472	0.537595439296976	0.469486467858139	0.629202547986338	0.680504939575662	0.571338181657657	0.561102284656016	0.467218090182543	0.586925631046441	0.602923883726919	0.66353404633449	0.195132302474906	0.337741091912229	0.357278156780266	0.481214934561105	0.269038695561081	0.293996598095313	0.311403700385309	0.303474757304001	0.592340996798533	0.607154077165937	0.845541333529254	0.662378763366242	0.731687989990563	0.837356152670547	0.811123360261583	0.743781306728996	0.695054481810205	0.743866175212733	0.816791522138515	0.685364970252198	0.765628660947467	0.820146074958942	0.643458253474503	0.694778673372519	0.726298723752077	0.642814035152625	0.810070807922092	0.694037361209829	0.555691515040584	0.738807013002144	0.805097419087723	0.77099773485877	0.681032381836964	0.704345810343142	0.820633109150292	0.790690146367773	0.801285945629399	0.756072784814277
bm_700105839	0.241899366547918	0.231454463884148	0.280414571447311	0.194106024961366	0.364964058975262	0.386251007410809	0.329128308513089	0.420478112135201	0	0.380753532263407	0.249581492625925	0.27890878109837	0.309066316702923	0.240510574369826	0.348018956880235	0.36752831614822	0.242819113612494	0.258947267456423	0.173237174103689	0.322335690605386	0.290525078546339	0.411155446942658	0.32802801940907	0.31440982514888	0.295508771374105	0.274279179876731	0.27027912519231	0.2146563359669	0.310953264992109	0.270343892686531	0.316617589827869	0.292155293530478	0.631341810715744	0.416077320683943	0.390145631165744	0.614565325747847	0.61415878073026	0.472819342116693	0.569274531229546	0.471987344558266	0.566472559070401	0.366339208749163	0.533689182280755	0.621189300269445	0.341494911926542	0.459940128867331	0.498891269700333	0.43978455148734	0.594175578989127	0.362776266463441	0.30054503293064	0.467151332047329	0.500064731510366	0.57875073598638	0.497533892450627	0.466304482523107	0.595064465902304	0.576124431382897	0.564330249582156	0.542970500991735
bm_700024343	0.370457797899052	0.381773989615946	0.276170372385414	0.427836892762358	0.384782521245442	0.633696275716988	0.261573615262368	0.666206012464685	0.380753532263407	0	0.322419604337161	0.568415175454004	0.416728405399199	0.305311034587216	0.231676500296959	0.197862610408064	0.345484087897551	0.272037536685968	0.364072855956422	0.261108767726178	0.332549388876586	0.27404842188965	0.578039889610945	0.417533633448044	0.410990726873238	0.437360836376781	0.478134117716236	0.449727288566974	0.445434887027231	0.477160801323435	0.307702621660399	0.292773795116127	0.409151499980279	0.273190452508635	0.27465976575448	0.419903516771398	0.400294995343017	0.296792189844279	0.394611541135425	0.282243912500685	0.350218560387162	0.188885393486136	0.313072907666859	0.409924951422525	0.209821270877734	0.284299250980853	0.289133729204465	0.319084003321336	0.395143352858509	0.288389686463899	0.338276894847911	0.229961400690366	0.291970247724959	0.349088182263861	0.36744247127071	0.255875170560244	0.357354703857507	0.333433651418775	0.339907043572702	0.303026373442646
bm_700103610	0.361088145650953	0.19642937029971	0.285331787247977	0.296775209449454	0.488272992792076	0.522593567205931	0.349689549217335	0.550839377819987	0.249581492625925	0.322419604337161	0	0.421293070576562	0.227296105031007	0.341515224134871	0.231732365110588	0.274901624171251	0.187590310405768	0.265447774838243	0.1684910944119	0.322898286044645	0.218387542619502	0.404965251190964	0.465477674015218	0.431481655574573	0.451183363214112	0.203385583311014	0.40885674290091	0.366137862361194	0.448934518719089	0.389999361015177	0.320235896254586	0.242728145727602	0.609774151151374	0.366859053281396	0.364587510819195	0.582236428773232	0.580868635144168	0.446248222377665	0.591547990690981	0.38066552280531	0.5447714844643	0.24269188577626	0.502045834589802	0.605850818292378	0.309188632311558	0.434403019636293	0.461348277274701	0.48354708912325	0.565952227633358	0.284614246821522	0.34953031361946	0.415062497939719	0.465149138993211	0.548188808325695	0.539962776736823	0.435316916671219	0.572321061459432	0.543253216823945	0.524744735218117	0.510968518435612
bm_700106935	0.273384463862052	0.349603596283696	0.44021657730256	0.222188430388275	0.368573794158381	0.21306345958704	0.453431721201888	0.211228984818472	0.27890878109837	0.568415175454004	0.421293070576562	0	0.447081970878174	0.384524857112037	0.529161765831329	0.567054993538197	0.452294550832108	0.450376290656158	0.328746154784889	0.475127666602957	0.486658217988505	0.568848632434396	0.170170271997997	0.272413036763709	0.300039416909264	0.380266042671406	0.214213182199258	0.177916073727747	0.28275265153147	0.217553665371346	0.459586206142152	0.466942606310707	0.764872367068215	0.546553483454364	0.613299189500829	0.746288212630179	0.72711070289378	0.628343928201468	0.622661258396196	0.659974286588635	0.728875627238584	0.568584413451464	0.674359029434272	0.742933703371185	0.531067668596714	0.569981850358789	0.618341742646256	0.539866557909924	0.72624744931225	0.562929689232929	0.415294374279914	0.650915408307955	0.704614777088223	0.686529888428609	0.589388652284591	0.594455919410996	0.733659000602229	0.699168856012907	0.708049873965186	0.663236979032995
bm_700113555	0.363313521439753	0.214282526264428	0.317006176853021	0.3565753590773	0.5190994186158	0.496889453945493	0.412246661567565	0.537595439296976	0.309066316702923	0.416728405399199	0.227296105031007	0.447081970878174	0	0.377250539567133	0.307085410896797	0.288276563802409	0.275141564486124	0.309188157493266	0.233069486045967	0.360471709501006	0.281742292868797	0.433851771430725	0.461723410049215	0.466821208168122	0.443981219771025	0.192102288966808	0.434515266456741	0.396412916256866	0.480233162420568	0.411429276854045	0.393083163868123	0.334248131846879	0.689551329429363	0.433012598634956	0.488056885782095	0.681587191887081	0.669505861409526	0.546671405325835	0.639626761735594	0.437213790619701	0.652195390841101	0.340483334219207	0.604314231053593	0.687741391130834	0.375988247093839	0.516849504847965	0.557794676252824	0.56087711270783	0.649766590541747	0.403028605198044	0.420935843199559	0.503531436078096	0.568525006196721	0.633956169904734	0.614411190033681	0.502175145686268	0.663014794390343	0.617398571368541	0.626630561205085	0.604457550706805
bm_700014977	0.220664620155701	0.303970729435529	0.249165870245795	0.266124490658198	0.339941437448067	0.443281201503567	0.231759002544665	0.469486467858139	0.240510574369826	0.305311034587216	0.341515224134871	0.384524857112037	0.377250539567133	0	0.337201880074524	0.333049265181428	0.349924820002448	0.19131468158951	0.287618161228088	0.31389899772062	0.345611377996773	0.376610531811129	0.371490488640884	0.246320584809794	0.265937491816733	0.329591800944146	0.301423648691882	0.269493355856431	0.293420972719753	0.306760255183141	0.288353079393633	0.32059954433935	0.559536143007378	0.337556363658161	0.349529525114033	0.518246513152644	0.531724333303258	0.400469548601602	0.456862757491635	0.373510149362063	0.484180117751125	0.319579612013061	0.431621827055655	0.54959945760399	0.28660157412666	0.388074822626596	0.412232813536787	0.354436757428903	0.523890593839185	0.338812802996047	0.312205654234433	0.366070049944645	0.423244041778641	0.488859595187545	0.41308192199776	0.372533257122427	0.509399268620434	0.477137749790306	0.47433449503368	0.446064631779525
bm_700024502	0.391170299861191	0.301924317694264	0.340597400385087	0.413765761347225	0.431989343922885	0.59343769096642	0.319860705575604	0.629202547986338	0.348018956880235	0.231676500296959	0.231732365110588	0.529161765831329	0.307085410896797	0.337201880074524	0	0.220982714847458	0.305714432431571	0.265966045896558	0.30249778836476	0.19890256900938	0.267051186223413	0.323621941277124	0.546285265815968	0.450453047135137	0.464969929996143	0.298143805662926	0.48830585332607	0.439538795265506	0.489565371233387	0.454946418734178	0.349834387046206	0.301972888008349	0.525793764105691	0.320066536971107	0.358333117954652	0.536870976085136	0.484308974383418	0.362140833018762	0.458630860701595	0.302915604960956	0.454096756036825	0.197913890559493	0.404578757415144	0.521609929396075	0.256238544804653	0.355186588949144	0.369060658468186	0.381501662703204	0.493228185325378	0.310653026257767	0.375294517984228	0.332586982910211	0.404375893294777	0.459882236805641	0.440763074634574	0.331438201970311	0.477755908057423	0.450569593002807	0.440580330333085	0.41482208485124
bm_700024400	0.394009248131715	0.346356728815136	0.303846432592176	0.428245155654469	0.412871236824477	0.641799394189781	0.315654259397045	0.680504939575662	0.36752831614822	0.197862610408064	0.274901624171251	0.567054993538197	0.288276563802409	0.333049265181428	0.220982714847458	0	0.281753121354514	0.269804974184628	0.315850168683735	0.281769326217451	0.255500279571332	0.290618212050737	0.590130403243864	0.455870958967875	0.453659175173618	0.336128640499071	0.488894704341977	0.46020674250337	0.459626702115451	0.48740834298581	0.374372882581867	0.326499989586916	0.482487338459096	0.357153610297647	0.294286196961636	0.510769768868832	0.475127473617511	0.365785423920083	0.493490721151786	0.270181756117798	0.427797854210151	0.135956832890468	0.381357872448784	0.49300438216551	0.254559933129356	0.370413463075969	0.364763355869292	0.403483644142494	0.449899993865761	0.315576202708345	0.400918279678336	0.270391029992367	0.31210425958522	0.442425625737755	0.454496730509989	0.341239228233123	0.450771082415829	0.405524463146586	0.410685977825508	0.405637426491836
bm_700024745	0.348635264218731	0.279852557871043	0.266136092434994	0.334154412071039	0.449302191987677	0.528757839405211	0.361157654825902	0.571338181657657	0.242819113612494	0.345484087897551	0.187590310405768	0.452294550832108	0.275141564486124	0.349924820002448	0.305714432431571	0.281753121354514	0	0.295087972359247	0.228899621867451	0.3562141874766	0.252116576728865	0.404473858949265	0.487847552703155	0.411869979114494	0.424490841642534	0.279590281405919	0.432410801936994	0.363696499514608	0.427205473168818	0.396104527173515	0.337554311142661	0.270614472275173	0.556246972951628	0.38099684607932	0.360680271931387	0.561728356109298	0.569594901842071	0.454997607398814	0.577197394985768	0.403592330214071	0.519812298680726	0.294083961597207	0.50160604374269	0.573082485547672	0.351497769170835	0.442691716821735	0.465366391402345	0.476817973426596	0.53167028883385	0.288715044842504	0.369261373065255	0.428639951349578	0.450423834208191	0.539781468294066	0.523303972943744	0.449575033338594	0.545455123113682	0.538732936408601	0.51737876617529	0.504796255194898
bm_700014787	0.275955708480098	0.286468691726934	0.236446495877766	0.325282844213947	0.393851751364461	0.525008860311413	0.263345660222992	0.561102284656016	0.258947267456423	0.272037536685968	0.265447774838243	0.450376290656158	0.309188157493266	0.19131468158951	0.265966045896558	0.269804974184628	0.295087972359247	0	0.262032418453491	0.286667654055021	0.275094155212193	0.326179951741341	0.448182498742634	0.32888016533979	0.3288829089453	0.302207129983843	0.365270151095466	0.342067640285078	0.363929601024959	0.360479182444597	0.288473547066602	0.270807212645991	0.560843582030239	0.33530597222352	0.291460925423495	0.534821385061916	0.545766089144722	0.39988131429649	0.515754318133209	0.293764792905963	0.486428633548177	0.225425638075177	0.445127623727295	0.559583968513177	0.192695136500073	0.385256771670673	0.429190009387662	0.421995679350617	0.524771401611991	0.279920351532806	0.272635493526918	0.296298450711422	0.373225280195009	0.493877542697836	0.475503881592538	0.370308526514067	0.521791593837543	0.467691685773533	0.478638280883615	0.460353251408499
bm_700114172	0.274755247110524	0.124252712227462	0.258926120610189	0.214047956197437	0.430348127393236	0.435690959929122	0.343565130587877	0.467218090182543	0.173237174103689	0.364072855956422	0.1684910944119	0.328746154784889	0.233069486045967	0.287618161228088	0.30249778836476	0.315850168683735	0.228899621867451	0.262032418453491	0	0.304703181527619	0.262393255206315	0.36757395548296	0.379351619877642	0.370991263818369	0.379182568760901	0.197812241871333	0.316992556492874	0.276837321511479	0.360731581074888	0.309880492913997	0.321740197586299	0.263731866903545	0.663639390133157	0.387774178456851	0.446374850220943	0.639406562197337	0.62800430197545	0.506027781867568	0.584689789009344	0.458796335548119	0.617074421663059	0.30904191530311	0.563964347411994	0.652000902285141	0.361045389453196	0.465471175055922	0.513065552053076	0.468863828993673	0.62363814586378	0.366263255583395	0.336925814242356	0.467709163944211	0.526269992575751	0.59605336458233	0.528892601259866	0.468146703035468	0.624276996805794	0.599331378610409	0.599207682344001	0.558677331754016
bm_700038535	0.330776318315407	0.301271359272766	0.348705340285909	0.363704050082474	0.395165981004091	0.549310218648573	0.278111048579516	0.586925631046441	0.322335690605386	0.261108767726178	0.322898286044645	0.475127666602957	0.360471709501006	0.31389899772062	0.19890256900938	0.281769326217451	0.3562141874766	0.286667654055021	0.304703181527619	0	0.36129179137187	0.228666835007978	0.501864033733057	0.394961881962013	0.417432801970063	0.368704240342522	0.437650553710933	0.393822197595439	0.441894225015477	0.392123827443726	0.346529930880151	0.297238231045314	0.523257564105566	0.340454481940665	0.401931048267873	0.584327850083429	0.490910059564142	0.394255285717621	0.410986041917821	0.370166457185977	0.490633403251286	0.25923188090836	0.437098300192549	0.505688702846755	0.271252152736733	0.374379961817175	0.392482414687824	0.357473431779236	0.540011920333188	0.379881997023863	0.331131688388264	0.316846686732429	0.417774933639697	0.435533957509629	0.388414122109363	0.353338356669159	0.502007568192045	0.422898862487492	0.47037447976532	0.442799794440964
bm_700106343	0.396536865108541	0.337621908259843	0.336059168488868	0.376061225954505	0.444098942371367	0.587857520693893	0.398507709087498	0.602923883726919	0.290525078546339	0.332549388876586	0.218387542619502	0.486658217988505	0.281742292868797	0.345611377996773	0.267051186223413	0.255500279571332	0.252116576728865	0.275094155212193	0.262393255206315	0.36129179137187	0	0.446205150271431	0.530597755777568	0.476608927801987	0.467240472227239	0.238771235545084	0.45220691103005	0.419590064230401	0.451090810658667	0.449320865812759	0.381561832337629	0.330195410124889	0.629612957165628	0.412993948266846	0.401287727473762	0.614179435893046	0.610234143213562	0.50244308709277	0.621696459459303	0.363309360264769	0.577927744633378	0.310954580168386	0.53496745742855	0.632620524888259	0.350867160825972	0.485048533875433	0.50705369574271	0.524236490775903	0.590057644067791	0.33879457185815	0.402759621210606	0.35595905916203	0.447227871189643	0.587297254673297	0.578695016261389	0.478043061901218	0.601752415649526	0.566280221782646	0.557304468350545	0.55114153957242
bm_700105158	0.399974695384361	0.379605365391571	0.305497102004337	0.444679175557533	0.454825563450662	0.625248785766899	0.355479683688814	0.66353404633449	0.411155446942658	0.27404842188965	0.404965251190964	0.568848632434396	0.433851771430725	0.376610531811129	0.323621941277124	0.290618212050737	0.404473858949265	0.326179951741341	0.36757395548296	0.228666835007978	0.446205150271431	0	0.585002056488757	0.452074733679932	0.42190208009023	0.44214620903895	0.507411782129147	0.469755843834139	0.507075844199638	0.485486001456279	0.40193270092359	0.35757409128308	0.490297132524529	0.401161663683338	0.384015577524066	0.556207304361797	0.505522331814043	0.43577522905558	0.472924744606602	0.343646662670935	0.488967458863412	0.252196777408658	0.462883980288096	0.430522203102628	0.271585290837873	0.421457402390463	0.428530146579461	0.418216749115121	0.508067169181587	0.406876952671653	0.387491828198665	0.297936288198817	0.384817783038848	0.413117872980766	0.440585324252532	0.390695615053671	0.487484048003766	0.355333396471871	0.469628023455392	0.441926485626637
bm_700110595	0.292445359685246	0.377029043919226	0.449851901666781	0.265640794072189	0.36999759669507	0.163472568170866	0.475617187179746	0.195132302474906	0.32802801940907	0.578039889610945	0.465477674015218	0.170170271997997	0.461723410049215	0.371490488640884	0.546285265815968	0.590130403243864	0.487847552703155	0.448182498742634	0.379351619877642	0.501864033733057	0.530597755777568	0.585002056488757	0	0.270620603759363	0.289216983416331	0.422216463858761	0.187939268781159	0.216658486980224	0.244810582964039	0.197802664215687	0.492906464257842	0.511421952564337	0.773179367217243	0.579798223159078	0.631576754103392	0.755742696056023	0.738778948860232	0.647058936673702	0.63539063149909	0.661824604310123	0.731815797210364	0.587483424008158	0.679985860061421	0.752440152406013	0.53930042144383	0.604389421246951	0.636030508658871	0.557083467896282	0.735218638788258	0.595913025300135	0.449522594825415	0.647295672765308	0.71458948643728	0.698492129107666	0.609367036830148	0.611176424286083	0.740028184302975	0.705208636167163	0.717710043184644	0.677128436732483
bm_700102856	0.148027826342069	0.346466632556094	0.339538032563098	0.267823445232647	0.275119966472556	0.299072668496384	0.322017019493668	0.337741091912229	0.31440982514888	0.417533633448044	0.431481655574573	0.272413036763709	0.466821208168122	0.246320584809794	0.450453047135137	0.455870958967875	0.411869979114494	0.32888016533979	0.370991263818369	0.394961881962013	0.476608927801987	0.452074733679932	0.270620603759363	0	0.194911119083812	0.456251118366258	0.182970195739785	0.178798339503496	0.169165889422716	0.222940083414225	0.38364476537141	0.394686651142581	0.636694068115572	0.447778956448197	0.467740088633633	0.601569634556287	0.596619681543514	0.503305797494954	0.479099708016662	0.504566094827632	0.590150629291703	0.427646972095482	0.527399567119682	0.620164001734617	0.405191055417085	0.467746734823279	0.497784092872369	0.401522792294873	0.603888667810659	0.467285823132677	0.342867266162673	0.502596359829531	0.572879444834333	0.55584357963529	0.459506489245648	0.467285389399527	0.593769516899986	0.566877090002257	0.578554547179089	0.523602622570045
bm_700107938	0.190643172429295	0.377514625996545	0.25122503568862	0.25847388272016	0.305579098563811	0.323752865335797	0.362795331022956	0.357278156780266	0.295508771374105	0.410990726873238	0.451183363214112	0.300039416909264	0.443981219771025	0.265937491816733	0.464969929996143	0.453659175173618	0.424490841642534	0.3288829089453	0.379182568760901	0.417432801970063	0.467240472227239	0.42190208009023	0.289216983416331	0.194911119083812	0	0.43735962436196	0.225705991350665	0.205736953063625	0.231367087316711	0.255144581332019	0.414722553790491	0.428663888750786	0.603166496070654	0.489324888021913	0.450877894651003	0.567443261637862	0.638238661956342	0.535222641695759	0.551651883924062	0.433138628627303	0.587678788922041	0.448027195257225	0.545855661053507	0.595105632624165	0.321895493976575	0.510769087434313	0.530405277734028	0.461151384942244	0.571092184078944	0.479164236758188	0.322483569701965	0.460751761855874	0.509818415222708	0.567078948274075	0.516234411566535	0.505052875567212	0.584764517555501	0.532011766604956	0.573886956986412	0.526289502989973
bm_700114223	0.354709069873685	0.206214822905681	0.300252713955835	0.308339839159096	0.493916923433494	0.457864776348414	0.424726628247852	0.481214934561105	0.274279179876731	0.437360836376781	0.203385583311014	0.380266042671406	0.192102288966808	0.329591800944146	0.298143805662926	0.336128640499071	0.279590281405919	0.302207129983843	0.197812241871333	0.368704240342522	0.238771235545084	0.44214620903895	0.422216463858761	0.456251118366258	0.43735962436196	0	0.420569413428557	0.367461336676945	0.464038257129386	0.399193360389465	0.404823514502341	0.35895957152186	0.705330872843303	0.444737035223943	0.491973167930038	0.699529202331452	0.686513534474573	0.562896663514383	0.646091463901991	0.419132133512428	0.65487771832736	0.346294039634364	0.6169220479104	0.702082134758239	0.391636603360603	0.534870408407108	0.575884500549614	0.569688755427223	0.664824618394045	0.400275209887763	0.450379316561042	0.481314297135298	0.555780360981108	0.652205593918525	0.622561127571205	0.520345582814645	0.680672487211957	0.635319752804923	0.629560841226319	0.620597299118687
bm_700023545	0.208760512429371	0.334066511139021	0.37010664066624	0.232756187885834	0.302091110116606	0.23270741170847	0.402148000782279	0.269038695561081	0.27027912519231	0.478134117716236	0.40885674290091	0.214213182199258	0.434515266456741	0.301423648691882	0.48830585332607	0.488894704341977	0.432410801936994	0.365270151095466	0.316992556492874	0.437650553710933	0.45220691103005	0.507411782129147	0.187939268781159	0.182970195739785	0.225705991350665	0.420569413428557	0	0.16325424323641	0.137491486209545	0.167712756802079	0.410891095301488	0.439445925507907	0.708974625576905	0.521580390450264	0.529052696695654	0.688053826062854	0.676042955480277	0.574320749476697	0.5731546997949	0.575729093318203	0.660837297721226	0.481715203945064	0.602228539545387	0.692331502102883	0.460311085994907	0.546396793551015	0.566645570668177	0.482105700831821	0.675664335254138	0.514107615995385	0.378694869754525	0.55381685995919	0.62461579201145	0.631079605395248	0.543951407645488	0.540900829624928	0.66959868351251	0.632001596381379	0.648815456524055	0.602681376923747
bm_700098275	0.161914026759196	0.295016477222855	0.332652617093134	0.177283562832809	0.293910467786983	0.257638480784154	0.33822562801033	0.293996598095313	0.2146563359669	0.449727288566974	0.366137862361194	0.177916073727747	0.396412916256866	0.269493355856431	0.439538795265506	0.46020674250337	0.363696499514608	0.342067640285078	0.276837321511479	0.393822197595439	0.419590064230401	0.469755843834139	0.216658486980224	0.178798339503496	0.205736953063625	0.367461336676945	0.16325424323641	0	0.210728533742073	0.160814983503775	0.347309277095119	0.363166626840468	0.683991728015584	0.454034496858978	0.49170802803716	0.654346198651414	0.642815440143398	0.516914048007938	0.535486066138798	0.538016662130793	0.636369741506605	0.449016717409076	0.57346429546923	0.665893605904397	0.415221909910583	0.476314633960144	0.517468922238054	0.44507458237963	0.645208659626435	0.450919992740982	0.328215131620177	0.533048655339046	0.598622323204794	0.602025691816094	0.506054329925193	0.481768825631754	0.640506449200373	0.609285182592306	0.615956546843218	0.569827423244978
bm_700101084	0.200608282564425	0.375849175844358	0.360056886589989	0.289650178448581	0.24293418110865	0.271171349021175	0.390382565860333	0.311403700385309	0.310953264992109	0.445434887027231	0.448934518719089	0.28275265153147	0.480233162420568	0.293420972719753	0.489565371233387	0.459626702115451	0.427205473168818	0.363929601024959	0.360731581074888	0.441894225015477	0.451090810658667	0.507075844199638	0.244810582964039	0.169165889422716	0.231367087316711	0.464038257129386	0.137491486209545	0.210728533742073	0	0.215387216061964	0.43048332998605	0.452210229283405	0.678894703144786	0.517140272894495	0.516282837525916	0.648451444141068	0.655941135272771	0.564790610131019	0.549553107656852	0.545849442884069	0.624679838268609	0.47793207711904	0.571315055167103	0.664748198080435	0.456738823261929	0.539620140980543	0.561628871724371	0.473504266541477	0.651771176869783	0.503519145421535	0.38724010934446	0.520978797999277	0.582915186936234	0.611738237238505	0.532210568674142	0.536439686205486	0.637773489818353	0.608062164605084	0.611760153664457	0.577934073046179
bm_700096275	0.191115199927037	0.297614009956368	0.359068273589282	0.2176746487804	0.328767629822218	0.260003022839109	0.364093665297728	0.303474757304001	0.270343892686531	0.477160801323435	0.389999361015177	0.217553665371346	0.411429276854045	0.306760255183141	0.454946418734178	0.48740834298581	0.396104527173515	0.360479182444597	0.309880492913997	0.392123827443726	0.449320865812759	0.485486001456279	0.197802664215687	0.222940083414225	0.255144581332019	0.399193360389465	0.167712756802079	0.160814983503775	0.215387216061964	0	0.378940228377827	0.383359051403061	0.703219031803835	0.47195270047734	0.52727518389136	0.673050801029091	0.663969257732885	0.547488879423566	0.5639569434858	0.560823055874141	0.657874645022592	0.475227651091197	0.605764753964324	0.683897065825169	0.438862511590278	0.495327719318193	0.551101350820859	0.482634254609844	0.662314888959848	0.477275223562263	0.365883929558848	0.560025353578138	0.621865190143406	0.624141088950802	0.535024733984435	0.503698428966742	0.666217949265784	0.628684440788925	0.642842233427853	0.602044515212159
td_700111302	0.328524125713922	0.334760852999116	0.298994993765947	0.313955238179336	0.485743650971027	0.547303168628144	0.227743678923939	0.592340996798533	0.316617589827869	0.307702621660399	0.320235896254586	0.459586206142152	0.393083163868123	0.288353079393633	0.349834387046206	0.374372882581867	0.337554311142661	0.288473547066602	0.321740197586299	0.346529930880151	0.381561832337629	0.40193270092359	0.492906464257842	0.38364476537141	0.414722553790491	0.404823514502341	0.410891095301488	0.347309277095119	0.43048332998605	0.378940228377827	0	0.168052277627027	0.501262627252155	0.184314332863493	0.318125518357206	0.447699014883242	0.439170878133762	0.305344226867533	0.407141071085107	0.369332562911327	0.439330176166792	0.302687251619966	0.346315445112111	0.490945025910256	0.296312548382368	0.249946788866331	0.313328488324796	0.292361671057466	0.456605814634194	0.203585852735355	0.223159978471476	0.389431502926091	0.434260514107722	0.405108735354683	0.349710706862039	0.238552900046962	0.428979813003769	0.431274398887803	0.420168223851844	0.343459578552869
td_700021683	0.315621278323561	0.269500837984852	0.271865918854348	0.327374550236362	0.504665928513717	0.556871614703609	0.267598731695131	0.607154077165937	0.292155293530478	0.292773795116127	0.242728145727602	0.466942606310707	0.334248131846879	0.32059954433935	0.301972888008349	0.326499989586916	0.270614472275173	0.270807212645991	0.263731866903545	0.297238231045314	0.330195410124889	0.35757409128308	0.511421952564337	0.394686651142581	0.428663888750786	0.35895957152186	0.439445925507907	0.363166626840468	0.452210229283405	0.383359051403061	0.168052277627027	0	0.535423858190355	0.215784708214135	0.30276626347722	0.480157910231511	0.46987275769514	0.332148315124004	0.465519415548252	0.366647187995063	0.480058275784427	0.243410949392491	0.398966444476632	0.521936914315244	0.256644946303993	0.291537543758239	0.350682954184445	0.349721532203656	0.490803195428652	0.202342148017186	0.21314890524857	0.379579176685912	0.429395162028571	0.444668868125858	0.394326760261207	0.302541267865123	0.475196653773705	0.475059629289183	0.464755186797702	0.39504763351058
td_700037690	0.652610364490125	0.675967434405782	0.510531244795058	0.681834716463219	0.637477267637662	0.812160601092028	0.44041866630255	0.845541333529254	0.631341810715744	0.409151499980279	0.609774151151374	0.764872367068215	0.689551329429363	0.559536143007378	0.525793764105691	0.482487338459096	0.556246972951628	0.560843582030239	0.663639390133157	0.523257564105566	0.629612957165628	0.490297132524529	0.773179367217243	0.636694068115572	0.603166496070654	0.705330872843303	0.708974625576905	0.683991728015584	0.678894703144786	0.703219031803835	0.501262627252155	0.535423858190355	0	0.413317396168243	0.348167865827963	0.244412052405192	0.223972474671928	0.278480820753719	0.319720101474285	0.410636375414289	0.1783267366451	0.451726557622816	0.232317691595475	0.162656876608904	0.453824409737189	0.325831306123935	0.271702074734711	0.332976166659801	0.175294717579933	0.45414662622209	0.530932144881996	0.368881943567625	0.302746763949482	0.193147757992567	0.280021839198224	0.310173495643348	0.164383569404634	0.209535850682626	0.168198578326175	0.210027597049621
td_700111162	0.38787209619469	0.390662851524204	0.35016436534507	0.416690994213189	0.518568033805874	0.620746138683189	0.201231431829225	0.662378763366242	0.416077320683943	0.273190452508635	0.366859053281396	0.546553483454364	0.433012598634956	0.337556363658161	0.320066536971107	0.357153610297647	0.38099684607932	0.33530597222352	0.387774178456851	0.340454481940665	0.412993948266846	0.401161663683338	0.579798223159078	0.447778956448197	0.489324888021913	0.444737035223943	0.521580390450264	0.454034496858978	0.517140272894495	0.47195270047734	0.184314332863493	0.215784708214135	0.413317396168243	0	0.336034876740205	0.34453417196756	0.336351569225121	0.215696367145586	0.308985027046513	0.372233287356556	0.35108190692383	0.29165287088355	0.265310392630199	0.409621513551598	0.307196269532673	0.149520042225598	0.220115670372548	0.227045965922413	0.391243738190361	0.244475409722456	0.307444449979199	0.401129527364066	0.429022259774649	0.318751832759613	0.279913700093465	0.151450704140444	0.342603065779902	0.370643557255656	0.337758615306402	0.257075167327477
td_700023227	0.444537454089616	0.472081428642924	0.323119585291195	0.480885603603613	0.506328748978003	0.686831489677894	0.333448699828625	0.731687989990563	0.390145631165744	0.27465976575448	0.364587510819195	0.613299189500829	0.488056885782095	0.349529525114033	0.358333117954652	0.294286196961636	0.360680271931387	0.291460925423495	0.446374850220943	0.401931048267873	0.401287727473762	0.384015577524066	0.631576754103392	0.467740088633633	0.450877894651003	0.491973167930038	0.529052696695654	0.49170802803716	0.516282837525916	0.52727518389136	0.318125518357206	0.30276626347722	0.348167865827963	0.336034876740205	0	0.370912197680312	0.40227932091056	0.292503970230096	0.514331660294142	0.228928075752248	0.299223134583264	0.230904700933265	0.319217466346026	0.410071989031124	0.220248605301784	0.340499849588562	0.33063409182624	0.405945047796181	0.312738001968718	0.229112275994797	0.332944624792426	0.215821649678536	0.212255321744553	0.377129211994997	0.435252141975742	0.327667429646652	0.323847733062846	0.310582852543165	0.293340894202515	0.331633936660342
td_700110760	0.618984091758691	0.646326841730792	0.492882980380979	0.652099765031294	0.653039627563837	0.800257553040707	0.39019169709475	0.837356152670547	0.614565325747847	0.419903516771398	0.582236428773232	0.746288212630179	0.681587191887081	0.518246513152644	0.536870976085136	0.510769768868832	0.561728356109298	0.534821385061916	0.639406562197337	0.584327850083429	0.614179435893046	0.556207304361797	0.755742696056023	0.601569634556287	0.567443261637862	0.699529202331452	0.688053826062854	0.654346198651414	0.648451444141068	0.673050801029091	0.447699014883242	0.480157910231511	0.244412052405192	0.34453417196756	0.370912197680312	0	0.300786040215598	0.306021068601162	0.39162220708804	0.430230425916583	0.242046076591834	0.471160123939898	0.276976552796503	0.298132435096507	0.443990446987577	0.316773529329575	0.283357577376752	0.348154390252935	0.226915483989246	0.410124476385309	0.478843898301549	0.454608495557498	0.377238099165863	0.341119380295923	0.367240050959041	0.334647420518153	0.237802149176866	0.343941452037404	0.274744381308743	0.261259311874738
