700108602	700014971	700033565	700109389	700023058	700023927	700106341	700114221	700023543	700023439	700016978	700024192	700113058	700099448	700109870	700033928	700023693	700109627	700095416	700110425	700111580	700111302	700098605	700111991	700108960	700024452	700032931	700095837	700024548	700110161	700023496	700034628	700023645	700038744	700038485	700024743	700099596	700110760	700101587	700106399	700032322	700095653	700021312	700101230	700023590	700038905	700033136	700023382	700096424	700105469	700016908	700096053	700108479	700109569	700033814	700016125	700109756	700102665	700101777	700109455
700108602	0	0.237636819660996	0.296093611402348	0.237505395323372	0.22786107607432	0.287920366129412	0.0876850189052803	0.309370795430948	0.129148964524467	0.292631731062381	0.224805259865465	0.321653789593768	0.307936012238876	0.228119523895698	0.338511550674573	0.200614268386258	0.310436411266771	0.284235897912294	0.128225931419323	0.106380722456709	0.136678055589566	0.225977670296915	0.134378563538394	0.093103919436766	0.136359876704489	0.214747799699354	0.239331072422276	0.356262763107282	0.323244666374578	0.31328187658811	0.264613767412726	0.22405282484426	0.225938941503881	0.28422291673945	0.211719190172742	0.149749178366688	0.23673193651161	0.301145117126724	0.125914950600638	0.374594965502369	0.161989432899695	0.328050125624705	0.208679798531621	0.191133536861443	0.278012595115888	0.232477175318193	0.182220650088262	0.290300804818058	0.239395916562924	0.290180513649282	0.265413096593152	0.103060525589365	0.145593992942202	0.133481059758498	0.120009083551161	0.273996459355525	0.146147539978226	0.103950760827475	0.247816436859539	0.139545733169073
700014971	0.237636819660996	0	0.296905785120493	0.333093433185161	0.14285121231313	0.248688257686833	0.234989261539796	0.198775718447051	0.197564069405039	0.176077530918239	0.181239900932312	0.301609239488324	0.205637804788271	0.162112216220445	0.281468977422498	0.231886781209477	0.160519363457596	0.282123440105469	0.219706038064319	0.203709869688504	0.234738957504309	0.255701552350149	0.199295073591047	0.21566211435	0.290084364424843	0.198548005039645	0.132919346675212	0.230174135015365	0.169764908501845	0.203039977321429	0.189578711288891	0.26214427499637	0.179490787208836	0.171658088355755	0.177474537423144	0.192897904594063	0.229319609226727	0.26386676558317	0.162499878317388	0.221040465640674	0.158428061437134	0.226734666592609	0.158304784702477	0.232348098369339	0.164396948498629	0.171051448354686	0.120991894960278	0.218163961353147	0.208065520288781	0.291159441418762	0.291466613971665	0.201792187666878	0.225706474261145	0.190065489428289	0.270829874364572	0.218484567057474	0.223650947292035	0.249383940498487	0.259669229476871	0.248770450858627
700033565	0.296093611402348	0.296905785120493	0	0.439531713541817	0.305229593597465	0.108021867555797	0.305082685541358	0.185574178631271	0.283282516442879	0.180184711479927	0.150155310892324	0.0974004323139829	0.171701088761361	0.213772802334592	0.204403611928162	0.154010750874031	0.214364766653115	0.114026361635957	0.237598740393407	0.309865162080372	0.241207423627727	0.102104013042089	0.33612387105838	0.295741789094912	0.263939864421671	0.343329872772861	0.235814316486718	0.398461210100155	0.318301849711814	0.204451067213982	0.172388672616796	0.164876374522684	0.16279704739766	0.162805008241824	0.343697053252917	0.210289339024779	0.259021855149756	0.1668051028067	0.289744331357224	0.257154296986992	0.2615908057679	0.121032169882505	0.248348470001243	0.224489978955511	0.221702816536384	0.240414120713106	0.246428928933789	0.158399153242436	0.15544352767807	0.0592549840041452	0.109138552361195	0.294477548179088	0.367877887700626	0.208191971063256	0.381766999155284	0.138427188613742	0.224402382490229	0.281506819528781	0.0887038970689339	0.273659961777472
700109389	0.237505395323372	0.333093433185161	0.439531713541817	0	0.321701614794104	0.426785350245338	0.224235335301573	0.41667999811213	0.2912095155129	0.4101208475723	0.36000135770021	0.449597706533953	0.416929276699548	0.36262211954762	0.44144029038469	0.344239088223032	0.410295237454791	0.435426197038845	0.323088469095332	0.205377113472806	0.299373437591454	0.392833968286177	0.215785182517292	0.252475458661262	0.287220791585557	0.270914584079366	0.358139648495066	0.415918456687208	0.377184830560897	0.413713274935636	0.395964992616513	0.387413997355213	0.350966187067191	0.397959098381666	0.268077407352981	0.301267631657612	0.388016317165475	0.435867669859283	0.265814120007882	0.421971063074838	0.281479358562518	0.430811591867048	0.347573181581098	0.343802073829465	0.381924912319156	0.336691426620177	0.340216566738135	0.404292820378883	0.392285754901387	0.434653509401704	0.414032510106169	0.219221263265567	0.137181074298097	0.32305648123113	0.187499431899477	0.403768134891948	0.27668220198764	0.246854549283413	0.388483503008321	0.287935201786152
700023058	0.22786107607432	0.14285121231313	0.305229593597465	0.321701614794104	0	0.237594775626496	0.227290481687211	0.232082989265287	0.182009561056846	0.214764814295419	0.204361486093659	0.310736873176331	0.257919580102231	0.169741999555354	0.288999307699113	0.217014397380056	0.206200163581052	0.249621256893049	0.19488112795898	0.217279149855502	0.237285994057074	0.270028371288944	0.213995744521768	0.189497615285086	0.305757311445251	0.16136060507774	0.155964602090134	0.282706719061577	0.22495955374281	0.235482317592196	0.206662367320535	0.27663335569568	0.20864665640657	0.206966633914279	0.158050238443057	0.21949996527304	0.178174151777509	0.219511553731349	0.152864440347326	0.274594165198784	0.157844815308623	0.266115515534226	0.135565446383858	0.248697133010583	0.207023691152016	0.174346226625886	0.105262231850142	0.244048586780114	0.1951808064515	0.300619388649058	0.294153889250677	0.189879751751114	0.224430759644703	0.175225101153103	0.250939004068376	0.238522273481678	0.224399288233534	0.238320950545049	0.267713557584851	0.241912294712139
700023927	0.287920366129412	0.248688257686833	0.108021867555797	0.426785350245338	0.237594775626496	0	0.293542329394163	0.146159297646013	0.258160543589495	0.122631611001188	0.122520199421049	0.142757551342968	0.129417687682578	0.138249214690705	0.186634694410415	0.148662072937241	0.161647510465278	0.0789328429599779	0.218596884394422	0.28250994565816	0.236147825090988	0.164670952159049	0.286606611528293	0.259083673714129	0.275630370839295	0.300304310072975	0.170873050509743	0.36332147001645	0.269873753820623	0.159930820872069	0.101872662057026	0.176102667363793	0.126718483055986	0.106802715133356	0.304519434546249	0.191607229782594	0.19360933088529	0.0865752078161902	0.263835326940464	0.216034105178254	0.226974267253054	0.104456286174005	0.172729763613011	0.208120909928457	0.172589825021616	0.192720557510361	0.191973538189241	0.124755273086317	0.0809540181918082	0.13150921231178	0.181451339168945	0.275174888967677	0.349694348943912	0.185436131123977	0.349103615444864	0.109642176001363	0.200174067691866	0.261802903612976	0.12371419423304	0.26626489056534
700106341	0.0876850189052803	0.234989261539796	0.305082685541358	0.224235335301573	0.227290481687211	0.293542329394163	0	0.300684246553639	0.109189351987917	0.285996163053752	0.222375948084678	0.306030057917749	0.291372162998376	0.230550877335825	0.329414265744765	0.196707157234114	0.301689770643896	0.306636513660351	0.142637382864852	0.0936239203950978	0.137193314195457	0.237039486593812	0.14822189736759	0.121271592434104	0.118806645550392	0.234493039870774	0.264329285092401	0.375298342352158	0.3153036698757	0.308560680020968	0.259553612113968	0.195092363631403	0.213959001578184	0.276061364785982	0.22754443020531	0.126559504296009	0.266356575590103	0.303336103613155	0.12537002640213	0.362277984819756	0.157717722203377	0.306840877051793	0.20299619412095	0.163519248663659	0.259858121858126	0.23658931894064	0.195486326071666	0.269915758176677	0.246448299376381	0.288976751654875	0.280758891263697	0.0877832504819054	0.124549354784709	0.154505136845676	0.132955970827662	0.267721757986455	0.140829796216933	0.0807918098813156	0.252101368388619	0.09409688067196
700114221	0.309370795430948	0.198775718447051	0.185574178631271	0.41667999811213	0.232082989265287	0.146159297646013	0.300684246553639	0	0.264602089322795	0.0663125199868603	0.188507185061301	0.205147455924841	0.0831962606061407	0.14802215014168	0.135986985343431	0.2305228318116	0.0734663827414998	0.207106444043925	0.268366786094	0.276362794953374	0.262276548830076	0.241862091490586	0.290940246493292	0.284245396520195	0.345106818770859	0.296488803839896	0.148139311607327	0.327010139903687	0.205920072485146	0.109938660492882	0.130758471593279	0.240098855569596	0.174248154562202	0.130591657775232	0.295542160017086	0.224395041549009	0.234121402661123	0.104815641049534	0.245962485167453	0.114500806020555	0.218741565141878	0.112028040069323	0.220147605202318	0.25568605482708	0.119266289484642	0.151034729511004	0.176216742546326	0.0928789244545311	0.178283937841826	0.196872753059835	0.265142617296921	0.275308954291622	0.328787830819485	0.23244595284062	0.367124949646429	0.103918838099985	0.214470520543709	0.312440279946527	0.183504069090695	0.286956965892347
700023543	0.129148964524467	0.197564069405039	0.283282516442879	0.2912095155129	0.182009561056846	0.258160543589495	0.109189351987917	0.264602089322795	0	0.244566721945133	0.181124504236699	0.296907022908985	0.260351113472065	0.195152955555027	0.31224711584686	0.160991186789378	0.263616217302445	0.268601236480926	0.116321026018178	0.148532457768536	0.1571068105205	0.220650922833762	0.181461636509612	0.110405766875834	0.157107535908986	0.208380712532171	0.204689202468111	0.328688853025576	0.305080234938005	0.265965874151848	0.217736158538059	0.174263357109447	0.190172701706059	0.235142389945722	0.190485018733873	0.13874479636489	0.214563597135254	0.270188027128333	0.0887470675429085	0.335850111130954	0.135853253844857	0.281542290918998	0.166271002134081	0.125790421736894	0.242039723322455	0.217118342513205	0.142591367229427	0.243351663022938	0.22424808020998	0.275176537253166	0.262108736997717	0.0941518601686114	0.179537758224758	0.141427378642964	0.173951465508418	0.234845904306614	0.179475599857773	0.114050333196204	0.247688346144867	0.120594975635626
700023439	0.292631731062381	0.176077530918239	0.180184711479927	0.4101208475723	0.214764814295419	0.122631611001188	0.285996163053752	0.0663125199868603	0.244566721945133	0	0.164388080873692	0.201388992781427	0.0709197375314047	0.113313089355551	0.167918617761467	0.206765812163351	0.0691374624493026	0.180673110910539	0.239387089327367	0.257277264517569	0.246664611120939	0.229346087640029	0.276723197631574	0.256403017937699	0.325683178390035	0.280935006214227	0.135022282666971	0.311803015214755	0.196510215299837	0.103986299358706	0.0950098763394924	0.227804668878982	0.151096819767213	0.0956811331887134	0.278403889100907	0.205291324608549	0.211495908985659	0.115621731510195	0.228909658234687	0.129847695449647	0.189064706027166	0.107112129709129	0.186025762342998	0.23982645629429	0.106880700987901	0.141147243840595	0.148302729591054	0.100555252816511	0.144497023858662	0.191989127305625	0.250616222179362	0.253289491705696	0.321093890559493	0.202437158600452	0.353755339124447	0.100797480382853	0.196156934405918	0.285993170040367	0.185010746951916	0.268333282799253
700016978	0.224805259865465	0.181239900932312	0.150155310892324	0.36000135770021	0.204361486093659	0.122520199421049	0.222375948084678	0.188507185061301	0.181124504236699	0.164388080873692	0	0.157828490372812	0.168452087308535	0.138726726585501	0.25030330340751	0.0883017549323028	0.185853838834872	0.130827581303339	0.16603913727116	0.193650732005556	0.171085045722237	0.105562270424684	0.247997404537228	0.19057863426687	0.201173737924873	0.265093732150066	0.165889940425055	0.310541111616788	0.259874505683714	0.195456842477866	0.121074567529563	0.13788236703741	0.057154995134005	0.107951657263638	0.248393453464873	0.133391452141611	0.195431441765435	0.190327635441298	0.17618817190042	0.258831794315179	0.155142469884256	0.132943221300391	0.138942719297937	0.142989483302	0.152241577698791	0.171378051898088	0.132457620529205	0.15123033326947	0.115241356875605	0.157124404785787	0.148308844248682	0.193617761984505	0.266551706479405	0.139142131204333	0.29226992900844	0.13966657161127	0.161195880500587	0.195716687274914	0.123895104681995	0.20617144188562
700024192	0.321653789593768	0.301609239488324	0.0974004323139829	0.449597706533953	0.310736873176331	0.142757551342968	0.306030057917749	0.205147455924841	0.296907022908985	0.201388992781427	0.157828490372812	0	0.189105768419722	0.224895572653813	0.198013376090385	0.170234398821367	0.219848988910571	0.140254074322539	0.257729130595499	0.309670481152321	0.240010661220888	0.13374527445378	0.33765822550207	0.317355540460532	0.289422920856517	0.36991201713584	0.271127779678275	0.403850378105647	0.323674586392939	0.24624017096675	0.165913627702951	0.187612705496462	0.157607985077362	0.17112529487201	0.366190611061518	0.224916699430428	0.279317075154266	0.184735044199457	0.305986568805091	0.26394953290824	0.27151083299389	0.131327005033255	0.264454423670485	0.224180852402062	0.199762870318648	0.239012790624513	0.247496539031683	0.153693969403455	0.167243086091775	0.0912423170501741	0.117886641010903	0.308841083016748	0.377309723130082	0.229729853169211	0.405406803408728	0.157254656947145	0.219693262805017	0.294088354348329	0.143242907949945	0.281186410286678
700113058	0.307936012238876	0.205637804788271	0.171701088761361	0.416929276699548	0.257919580102231	0.129417687682578	0.291372162998376	0.0831962606061407	0.260351113472065	0.0709197375314047	0.168452087308535	0.189105768419722	0	0.148298272086268	0.167612993370501	0.212682949670595	0.117966521876318	0.188602821671252	0.255647470236854	0.264481898452263	0.265238095580205	0.225074822809941	0.301690430178663	0.274971910624047	0.323780934779544	0.307684307868858	0.159252691035869	0.329265795799672	0.232710156799545	0.119431642851714	0.117827188749327	0.224334484642905	0.151866823528967	0.118821979465762	0.307261888711754	0.212946500338043	0.232581523153512	0.125329926862093	0.244215192900866	0.14373691312579	0.206966015010627	0.0945855797355738	0.210134209448599	0.237764333069262	0.125185424751835	0.177717007585959	0.195907162028243	0.0975831461524078	0.167552806752226	0.176108462611962	0.24679322829509	0.262950052508693	0.330665425860611	0.226426713401074	0.372373831028765	0.0931457480225886	0.207166838405093	0.294913071630464	0.164609302940044	0.275687530480033
700099448	0.228119523895698	0.162112216220445	0.213772802334592	0.36262211954762	0.169741999555354	0.138249214690705	0.230550877335825	0.14802215014168	0.195152955555027	0.113313089355551	0.138726726585501	0.224895572653813	0.148298272086268	0	0.216162036563694	0.168461214056671	0.131337646799897	0.174576898580462	0.169229733243204	0.206632316852654	0.18759292565832	0.208255228708516	0.218988969305929	0.184790896510598	0.268462766698321	0.227587365968674	0.119120431403473	0.304984580050681	0.196150488115792	0.158501677246869	0.0916070673844835	0.209899663704536	0.11955388543282	0.118501973312269	0.225278998926003	0.164914135484594	0.178393821207749	0.147134720128897	0.18270535186392	0.208135193302348	0.156741055152184	0.168310572167463	0.127747089930704	0.207335916408614	0.114997794457732	0.118304736898126	0.110400065897539	0.135799000673837	0.0988562295524465	0.213425745468882	0.230001809938241	0.19867693456462	0.276058240920141	0.136797427824675	0.280817068221079	0.143006769308395	0.146521790653929	0.223619543153131	0.180471077575433	0.216398508729005
700109870	0.338511550674573	0.281468977422498	0.204403611928162	0.44144029038469	0.288999307699113	0.186634694410415	0.329414265744765	0.135986985343431	0.31224711584686	0.167918617761467	0.25030330340751	0.198013376090385	0.167612993370501	0.216162036563694	0	0.270391436335018	0.167747910579061	0.250562528965387	0.300894325318028	0.327483257606034	0.276092103207292	0.275648505165589	0.316622340339642	0.339082221639392	0.367772627498019	0.345004618549412	0.233147072728176	0.389888756056136	0.256308834286075	0.179558421743105	0.194565771172206	0.27200586299036	0.23370926150351	0.221688410228334	0.349606080580255	0.265934689282319	0.288764009724468	0.140262710871908	0.307535471877993	0.163704508918308	0.297778470224102	0.177968550614904	0.296849960435373	0.291247604321783	0.189910081139465	0.173373534939908	0.253309524599088	0.138585625402878	0.213105213494798	0.197437810786973	0.281428052764825	0.325825209045776	0.36965295938012	0.268117803089386	0.392004665339094	0.158334962152993	0.24619641774927	0.341043853173178	0.202866463515259	0.315184660741044
700033928	0.200614268386258	0.231886781209477	0.154010750874031	0.344239088223032	0.217014397380056	0.148662072937241	0.196707157234114	0.2305228318116	0.160991186789378	0.206765812163351	0.0883017549323028	0.170234398821367	0.212682949670595	0.168461214056671	0.270391436335018	0	0.232139765488878	0.142948696221219	0.144592622593139	0.215516139669109	0.156097850856965	0.105019360149247	0.248064001874532	0.170981580182803	0.192821246270013	0.261086083761224	0.209681615063032	0.33996692364883	0.299393308822301	0.23315959867727	0.162540084975042	0.138828077906586	0.0872825981654175	0.155414312422062	0.259919815783241	0.159958544668722	0.207912005710944	0.216760255482195	0.175523321943864	0.299162938841988	0.150243198802061	0.170325214345359	0.165233499136155	0.164684821677486	0.1893404862691	0.197727870776247	0.158971441520666	0.190573971314629	0.139412802078633	0.152362766971946	0.136716876224589	0.169279587718924	0.258282983915283	0.142303904591504	0.267479745153123	0.165125247189706	0.168556566348764	0.160961853578602	0.122118794972614	0.18085200362166
700023693	0.310436411266771	0.160519363457596	0.214364766653115	0.410295237454791	0.206200163581052	0.161647510465278	0.301689770643896	0.0734663827414998	0.263616217302445	0.0691374624493026	0.185853838834872	0.219848988910571	0.117966521876318	0.131337646799897	0.167747910579061	0.232139765488878	0	0.210021776787098	0.263731214416156	0.27264969099176	0.251201677971051	0.259004876971677	0.281188895739585	0.280661184970131	0.348406761434731	0.274801070978436	0.136144648850253	0.297972778053893	0.166780644440595	0.120687901432193	0.121547404241963	0.253095989839325	0.176285890043894	0.109877429142031	0.269152685342726	0.225368484428987	0.225980940598071	0.152256944424017	0.239676191537624	0.116087627997758	0.210136084976006	0.134761311359664	0.203701596411829	0.258569609160458	0.095989787810735	0.128409532276497	0.160273734656036	0.118268820688017	0.171399811647289	0.229174671355812	0.280016342635248	0.269790876607847	0.319550409565168	0.223394288010366	0.358770683918418	0.135799026629034	0.214957528562556	0.310810984066721	0.226295897186741	0.288648133060922
700109627	0.284235897912294	0.282123440105469	0.114026361635957	0.435426197038845	0.249621256893049	0.0789328429599779	0.306636513660351	0.207106444043925	0.268601236480926	0.180673110910539	0.130827581303339	0.140254074322539	0.188602821671252	0.174576898580462	0.250562528965387	0.142948696221219	0.210021776787098	0	0.225322451323054	0.291032526945386	0.252289852899144	0.139764860132052	0.312952886890995	0.253577466589183	0.273943805209339	0.319924586820292	0.214327044370105	0.381162490005069	0.329911363945905	0.210391744137517	0.137678456501188	0.187688024381186	0.148341833947447	0.146812882346187	0.315145091107456	0.207405845938683	0.187664084667275	0.144401054202375	0.272885345648896	0.276301366301165	0.244356200794373	0.148577214551576	0.186322026079254	0.212363970787091	0.218309602220515	0.231360913754879	0.214230505747507	0.188391111773871	0.104155465073005	0.143899943802851	0.151687708299628	0.285532963239436	0.361069222796184	0.199306005889269	0.347224162347062	0.159553086986413	0.22215295887662	0.272812097118657	0.139168032431178	0.283643484987293
700095416	0.128225931419323	0.219706038064319	0.237598740393407	0.323088469095332	0.19488112795898	0.218596884394422	0.142637382864852	0.268366786094	0.116321026018178	0.239387089327367	0.16603913727116	0.257729130595499	0.255647470236854	0.169229733243204	0.300894325318028	0.144592622593139	0.263731214416156	0.225322451323054	0	0.185204825477094	0.113548640857007	0.177334161514649	0.193498035616975	0.11667855750704	0.156158142341266	0.220342773487737	0.205107372558339	0.358908646960564	0.301161205922411	0.272984246240289	0.192363418953494	0.151260938473988	0.161025653747019	0.215229944254643	0.209176360123417	0.124133773209282	0.20067266262226	0.236303754423967	0.134358044980671	0.337759430263671	0.134179994010821	0.266790840350085	0.131813815229501	0.150707153986029	0.221744318336195	0.207898263310988	0.132253760992438	0.231160723524654	0.171087504576671	0.232421114191345	0.218951021625451	0.141789392978917	0.224179092411816	0.0752553399350796	0.20037678798522	0.212249903337291	0.154138111209029	0.120912424999125	0.205382084025429	0.12991531773288
700110425	0.106380722456709	0.203709869688504	0.309865162080372	0.205377113472806	0.217279149855502	0.28250994565816	0.0936239203950978	0.276362794953374	0.148532457768536	0.257277264517569	0.193650732005556	0.309670481152321	0.264481898452263	0.206632316852654	0.327483257606034	0.215516139669109	0.27264969099176	0.291032526945386	0.185204825477094	0	0.167769350452876	0.25119143555669	0.146753672714802	0.121771544135846	0.150103271268042	0.225285677908874	0.228871948166634	0.324121481423063	0.284587526507419	0.268151175993498	0.243376889548733	0.241259183354376	0.196816095038205	0.24406078138878	0.201439608954839	0.141445834999526	0.252776180494211	0.293198613023119	0.127775485407605	0.331557029759957	0.149019075701403	0.27494670500793	0.189676283591325	0.173321146652188	0.228175718337799	0.214647793857737	0.168526605598461	0.253909943722986	0.245135735842026	0.3019123175944	0.288623470516277	0.0892218931547072	0.101079579872086	0.179098297929561	0.155140406057071	0.262096267896557	0.128237119152118	0.116645538539008	0.25312367513991	0.148974169512193
700111580	0.136678055589566	0.234738957504309	0.241207423627727	0.299373437591454	0.237285994057074	0.236147825090988	0.137193314195457	0.262276548830076	0.1571068105205	0.246664611120939	0.171085045722237	0.240010661220888	0.265238095580205	0.18759292565832	0.276092103207292	0.156097850856965	0.251201677971051	0.252289852899144	0.113548640857007	0.167769350452876	0	0.171080801939196	0.197322631153906	0.149100208783676	0.124995418723683	0.264283786396973	0.257741708914167	0.393383246806069	0.270520880394417	0.29301257850433	0.200544932583004	0.154976159789211	0.164596678945858	0.218139082861502	0.262620660549724	0.113612819312837	0.271768351457228	0.254200238723808	0.170502442535525	0.312208916743274	0.153355897740237	0.249537428050504	0.190791063194445	0.143071804114816	0.196484267331455	0.180607015649942	0.172589000791801	0.205571049507652	0.17578596914614	0.216261533011782	0.219636636570848	0.128467264378129	0.212338152071782	0.103828884334146	0.229478004081719	0.198477656650683	0.0966766138901693	0.109026169569738	0.183242906802562	0.109763111303196
700111302	0.225977670296915	0.255701552350149	0.102104013042089	0.392833968286177	0.270028371288944	0.164670952159049	0.237039486593812	0.241862091490586	0.220650922833762	0.229346087640029	0.105562270424684	0.13374527445378	0.225074822809941	0.208255228708516	0.275648505165589	0.105019360149247	0.259004876971677	0.139764860132052	0.177334161514649	0.25119143555669	0.171080801939196	0	0.297426799327579	0.23344587932102	0.179502726495382	0.31501089366636	0.243009915961394	0.38591848057098	0.330240271184413	0.259624905719747	0.189401413306358	0.09716328366048	0.123875505553378	0.178978424018295	0.306500533921181	0.167337058128633	0.252857263112271	0.230723651485828	0.238137192645542	0.308892498776836	0.22801669573369	0.172012847551141	0.210024873699525	0.170669287974745	0.213424846957011	0.238210773597375	0.200823775920292	0.189809311987486	0.157057846107239	0.089029739920289	0.105992605044332	0.229114564978244	0.309075234617533	0.16049820396809	0.324900662195822	0.168291732717556	0.19116113157875	0.214427001574472	0.104060483960414	0.211597845069205
700098605	0.134378563538394	0.199295073591047	0.33612387105838	0.215785182517292	0.213995744521768	0.286606611528293	0.14822189736759	0.290940246493292	0.181461636509612	0.276723197631574	0.247997404537228	0.33765822550207	0.301690430178663	0.218988969305929	0.316622340339642	0.248064001874532	0.281188895739585	0.312952886890995	0.193498035616975	0.146753672714802	0.197322631153906	0.297426799327579	0	0.161609116398889	0.212765265129563	0.214243374107504	0.214115518788741	0.329090102693595	0.281751353630254	0.304376665343575	0.25442906889479	0.269798803385066	0.240296553043099	0.277826380533206	0.196261468614645	0.17512532618432	0.256648196391992	0.294449240766207	0.153918025200166	0.316809682354194	0.187211584687982	0.323886528440111	0.223819815245606	0.222832359467714	0.277856867535831	0.206266421117586	0.186553733780417	0.285544444952809	0.246021822891482	0.32701250622284	0.32294107251539	0.165362448818232	0.135019767061484	0.183725118720425	0.124845269389505	0.275729247500372	0.188199186469039	0.170977543644217	0.294414658383221	0.170862971691078
700111991	0.093103919436766	0.21566211435	0.295741789094912	0.252475458661262	0.189497615285086	0.259083673714129	0.121271592434104	0.284245396520195	0.110405766875834	0.256403017937699	0.19057863426687	0.317355540460532	0.274971910624047	0.184790896510598	0.339082221639392	0.170981580182803	0.280661184970131	0.253577466589183	0.11667855750704	0.121771544135846	0.149100208783676	0.23344587932102	0.161609116398889	0	0.176250338402139	0.175156388720909	0.208111720082717	0.332021540922033	0.300226253030758	0.281818875945433	0.229319554362893	0.233983803458159	0.190030681390255	0.245111012933979	0.173105859888828	0.143431383532029	0.210564197583453	0.273637677501988	0.0981162519190522	0.352089863842057	0.115365576735811	0.293662106724155	0.150834863446776	0.185305726522959	0.243610564124073	0.210609645390448	0.145781719416283	0.265134742296885	0.222335441054527	0.295840165102107	0.268953912167671	0.0880426443177327	0.15651787969935	0.134189156657377	0.132621452745671	0.255971454609665	0.163175612419644	0.112435625081636	0.255189261144113	0.159802298440385
700108960	0.136359876704489	0.290084364424843	0.263939864421671	0.287220791585557	0.305757311445251	0.275630370839295	0.118806645550392	0.345106818770859	0.157107535908986	0.325683178390035	0.201173737924873	0.289422920856517	0.323780934779544	0.268462766698321	0.367772627498019	0.192821246270013	0.348406761434731	0.273943805209339	0.156158142341266	0.150103271268042	0.124995418723683	0.179502726495382	0.212765265129563	0.176250338402139	0	0.309480327398366	0.307175198935478	0.424096259192553	0.359458607941763	0.345951407505251	0.28022442315733	0.141285006626672	0.215687817051603	0.273512355503905	0.296478847973667	0.147340143250649	0.30636802352891	0.326235399690335	0.194783820450434	0.403441494940548	0.213686763168646	0.295709570351915	0.233460426680739	0.13092007258979	0.291223678395196	0.285729120277278	0.244107587066943	0.292369703875549	0.236090735652702	0.247102300621187	0.244173090897576	0.152670786576593	0.18742131482348	0.162727258102967	0.193857813099439	0.279167955043353	0.168205346618765	0.108871655044579	0.21631265312276	0.104641366355254
700024452	0.214747799699354	0.198548005039645	0.343329872772861	0.270914584079366	0.16136060507774	0.300304310072975	0.234493039870774	0.296488803839896	0.208380712532171	0.280935006214227	0.265093732150066	0.36991201713584	0.307684307868858	0.227587365968674	0.345004618549412	0.261086083761224	0.274801070978436	0.319924586820292	0.220342773487737	0.225285677908874	0.264283786396973	0.31501089366636	0.214243374107504	0.175156388720909	0.309480327398366	0	0.198030593883353	0.265541652570881	0.207341388836921	0.275148932776917	0.280444323811045	0.30222688215153	0.257271682871646	0.268014161838651	0.0658495107103962	0.228406840471294	0.279424047308358	0.310916083620634	0.166301210991153	0.310004336660796	0.17599593624571	0.321895571035074	0.224705160228538	0.28284525727907	0.263587731833352	0.209423868354338	0.183414969888685	0.309629176464967	0.271216126933671	0.346618550957095	0.343971064516016	0.193853682679019	0.200723898897698	0.210321734388598	0.203446904403098	0.299836566186035	0.2408085372794	0.241540151893323	0.295535916578744	0.275089866297854
700032931	0.239331072422276	0.132919346675212	0.235814316486718	0.358139648495066	0.155964602090134	0.170873050509743	0.264329285092401	0.148139311607327	0.204689202468111	0.135022282666971	0.165889940425055	0.271127779678275	0.159252691035869	0.119120431403473	0.233147072728176	0.209681615063032	0.136144648850253	0.214327044370105	0.205107372558339	0.228871948166634	0.257741708914167	0.243009915961394	0.214115518788741	0.208111720082717	0.307175198935478	0.198030593883353	0	0.250313260451912	0.188835394797347	0.156305935506862	0.150982542351338	0.251345329183	0.163737250561157	0.146221885818785	0.191023977155025	0.195837789675573	0.177693044963175	0.182649786746566	0.173988115470792	0.198700086412786	0.169283905113661	0.191982498821433	0.145601626410262	0.228472819642022	0.158850218276166	0.147805781238685	0.11721170895666	0.169690862761579	0.165222640268068	0.241125069628143	0.268945868391929	0.223800735242067	0.261318510837563	0.183957507893539	0.265421172492281	0.172342297770532	0.221275397301062	0.255414113007478	0.213693825018408	0.268133707066026
700095837	0.356262763107282	0.230174135015365	0.398461210100155	0.415918456687208	0.282706719061577	0.36332147001645	0.375298342352158	0.327010139903687	0.328688853025576	0.311803015214755	0.310541111616788	0.403850378105647	0.329265795799672	0.304984580050681	0.389888756056136	0.33996692364883	0.297972778053893	0.381162490005069	0.358908646960564	0.324121481423063	0.393383246806069	0.38591848057098	0.329090102693595	0.332021540922033	0.424096259192553	0.265541652570881	0.250313260451912	0	0.19374723148459	0.264133080694788	0.322741674158068	0.40386084984305	0.309478514822474	0.284175759118197	0.250002125238064	0.343716897835257	0.330615276397073	0.371063585627821	0.290138349596461	0.336430792270825	0.294968114092076	0.340353708925866	0.312268097394894	0.360976317946791	0.285755433772712	0.312538165113117	0.275546219733888	0.337444335446756	0.344027805850779	0.404779076939412	0.393584408195205	0.33855871497205	0.345638740484004	0.347780015056632	0.364126552451459	0.349497797919116	0.362127440520415	0.37533176037028	0.378878355228822	0.394765631394795
700024548	0.323244666374578	0.169764908501845	0.318301849711814	0.377184830560897	0.22495955374281	0.269873753820623	0.3153036698757	0.205920072485146	0.305080234938005	0.196510215299837	0.259874505683714	0.323674586392939	0.232710156799545	0.196150488115792	0.256308834286075	0.299393308822301	0.166780644440595	0.329911363945905	0.301161205922411	0.284587526507419	0.270520880394417	0.330240271184413	0.281751353630254	0.300226253030758	0.359458607941763	0.207341388836921	0.188835394797347	0.19374723148459	0	0.187714042398287	0.241913981559438	0.331542942787802	0.23977346939449	0.208147447416046	0.21217008490934	0.252897263830628	0.319700987423201	0.261908073153707	0.254368075877834	0.200661731136048	0.235865786098347	0.23970515560188	0.260385751580978	0.315750098029246	0.150725784603117	0.156140356960328	0.214483894767363	0.218801825743551	0.260891984067699	0.320173700708845	0.349338854014178	0.284170156596697	0.303755160311122	0.259466173589011	0.337590670173043	0.247207383252952	0.243586485696819	0.324926942314486	0.27898062709996	0.316376405686976
700110161	0.31328187658811	0.203039977321429	0.204451067213982	0.413713274935636	0.235482317592196	0.159930820872069	0.308560680020968	0.109938660492882	0.265965874151848	0.103986299358706	0.195456842477866	0.24624017096675	0.119431642851714	0.158501677246869	0.179558421743105	0.23315959867727	0.120687901432193	0.210391744137517	0.272984246240289	0.268151175993498	0.29301257850433	0.259624905719747	0.304376665343575	0.281818875945433	0.345951407505251	0.275148932776917	0.156305935506862	0.264133080694788	0.187714042398287	0	0.15343716001874	0.260391610245145	0.187441733827542	0.118948448493377	0.274672279901758	0.237911819645207	0.234854509009298	0.137892916509449	0.246777539318776	0.169448665920622	0.220024572913021	0.135829371115983	0.2151563022868	0.263103680971592	0.139213684416684	0.19655364293522	0.189764661384664	0.149943578783665	0.185673729350385	0.224232740873058	0.277200935266673	0.272572040767562	0.330563095157869	0.23571940391359	0.368939536396171	0.157085320940674	0.238042572069541	0.305684402735887	0.197366722257647	0.305044091435521
700023496	0.264613767412726	0.189578711288891	0.172388672616796	0.395964992616513	0.206662367320535	0.101872662057026	0.259553612113968	0.130758471593279	0.217736158538059	0.0950098763394924	0.121074567529563	0.165913627702951	0.117827188749327	0.0916070673844835	0.194565771172206	0.162540084975042	0.121547404241963	0.137678456501188	0.192363418953494	0.243376889548733	0.200544932583004	0.189401413306358	0.25442906889479	0.229319554362893	0.28022442315733	0.280444323811045	0.150982542351338	0.322741674158068	0.241913981559438	0.15343716001874	0	0.189756818130872	0.107948942594948	0.0957100749013637	0.271044856223658	0.171128729550766	0.177152087325249	0.119243541405709	0.219278805546025	0.192755042261456	0.176138043589694	0.137131491930769	0.147265915243526	0.195021580807948	0.125768156363208	0.14343352272282	0.139528684805033	0.0988710977337197	0.0862944105744931	0.176896153692539	0.207321460643946	0.234803470267669	0.311478593681618	0.150741219214972	0.326166305522622	0.100269329794281	0.163298586078713	0.242689012329083	0.174502950554859	0.231098048598156
700034628	0.22405282484426	0.26214427499637	0.164876374522684	0.387413997355213	0.27663335569568	0.176102667363793	0.195092363631403	0.240098855569596	0.174263357109447	0.227804668878982	0.13788236703741	0.187612705496462	0.224334484642905	0.209899663704536	0.27200586299036	0.138828077906586	0.253095989839325	0.187688024381186	0.151260938473988	0.241259183354376	0.154976159789211	0.09716328366048	0.269798803385066	0.233983803458159	0.141285006626672	0.30222688215153	0.251345329183	0.40386084984305	0.331542942787802	0.260391610245145	0.189756818130872	0	0.146514755338821	0.182332933867406	0.290350533050199	0.135713863157545	0.272417990381078	0.230973558158357	0.219316734955978	0.303556432079168	0.228018476257581	0.184567823138846	0.221402768738204	0.114288257963356	0.219028268000818	0.236576776332609	0.208928223371852	0.192651621458235	0.167751050119351	0.139369291459157	0.184591926592343	0.214981977139208	0.289463451422127	0.151216191342198	0.301773172227308	0.173879884827282	0.174581169992937	0.181023303164092	0.139307418968887	0.140305829466886
700023645	0.225938941503881	0.179490787208836	0.16279704739766	0.350966187067191	0.20864665640657	0.126718483055986	0.213959001578184	0.174248154562202	0.190172701706059	0.151096819767213	0.057154995134005	0.157607985077362	0.151866823528967	0.11955388543282	0.23370926150351	0.0872825981654175	0.176285890043894	0.148341833947447	0.161025653747019	0.196816095038205	0.164596678945858	0.123875505553378	0.240296553043099	0.190030681390255	0.215687817051603	0.257271682871646	0.163737250561157	0.309478514822474	0.23977346939449	0.187441733827542	0.107948942594948	0.146514755338821	0	0.0989299966617709	0.245997932914511	0.127394304725544	0.203271879647352	0.175869057333401	0.178936143777714	0.239983312803768	0.1450022181566	0.131305280641113	0.141796916108203	0.157600228157627	0.126161188784994	0.147228040994983	0.137212425825135	0.129149628361624	0.114862482658937	0.15868485828849	0.154085797644714	0.187998384050655	0.265899169588319	0.139924611930354	0.29203420481206	0.122225208664939	0.142780266075478	0.190723982337212	0.121083441600157	0.203255569678248
700038744	0.28422291673945	0.171658088355755	0.162805008241824	0.397959098381666	0.206966633914279	0.106802715133356	0.276061364785982	0.130591657775232	0.235142389945722	0.0956811331887134	0.107951657263638	0.17112529487201	0.118821979465762	0.118501973312269	0.221688410228334	0.155414312422062	0.109877429142031	0.146812882346187	0.215229944254643	0.24406078138878	0.218139082861502	0.178978424018295	0.277826380533206	0.245111012933979	0.273512355503905	0.268014161838651	0.146221885818785	0.284175759118197	0.208147447416046	0.118948448493377	0.0957100749013637	0.182332933867406	0.0989299966617709	0	0.264321592898898	0.174346530822769	0.214997331349984	0.145552557831803	0.221318423926303	0.182444315530546	0.17546131427926	0.094088930790595	0.161983985922709	0.200820173236644	0.0914196237489864	0.162236878864039	0.148787487474922	0.113923095428942	0.11139705974453	0.169311609307079	0.203808663363686	0.241859039814709	0.311058353703183	0.173483745827294	0.34896244199729	0.122826095326718	0.180586905291012	0.248668903296439	0.162820817671962	0.251986447165907
700038485	0.211719190172742	0.177474537423144	0.343697053252917	0.268077407352981	0.158050238443057	0.304519434546249	0.22754443020531	0.295542160017086	0.190485018733873	0.278403889100907	0.248393453464873	0.366190611061518	0.307261888711754	0.225278998926003	0.349606080580255	0.259919815783241	0.269152685342726	0.315145091107456	0.209176360123417	0.201439608954839	0.262620660549724	0.306500533921181	0.196261468614645	0.173105859888828	0.296478847973667	0.0658495107103962	0.191023977155025	0.250002125238064	0.21217008490934	0.274672279901758	0.271044856223658	0.290350533050199	0.245997932914511	0.264321592898898	0	0.205801951694364	0.267097091397237	0.316866393476915	0.139162821447661	0.310438103698998	0.175869908646248	0.323244535672801	0.218257321047144	0.251050089530509	0.260506583969529	0.214463407771443	0.17373666137494	0.306993099277019	0.269887514537964	0.3515866053085	0.338249808363968	0.184354880149867	0.185018027630219	0.202301088633746	0.191542833212299	0.297647605739132	0.240549233520559	0.229671501124714	0.301256508975069	0.261238199104706
700024743	0.149749178366688	0.192897904594063	0.210289339024779	0.301267631657612	0.21949996527304	0.191607229782594	0.126559504296009	0.224395041549009	0.13874479636489	0.205291324608549	0.133391452141611	0.224916699430428	0.212946500338043	0.164914135484594	0.265934689282319	0.159958544668722	0.225368484428987	0.207405845938683	0.124133773209282	0.141445834999526	0.113612819312837	0.167337058128633	0.17512532618432	0.143431383532029	0.147340143250649	0.228406840471294	0.195837789675573	0.343716897835257	0.252897263830628	0.237911819645207	0.171128729550766	0.135713863157545	0.127394304725544	0.174346530822769	0.205801951694364	0	0.229817124521818	0.218502970568425	0.13160789980585	0.292637914755206	0.138468556265817	0.2205324361391	0.170128939933531	0.0886375529458898	0.181770690590856	0.170249899593897	0.153541532886943	0.183681304147728	0.154997368998689	0.211733570262894	0.216246077401159	0.132666367395919	0.202854367161121	0.104684791467492	0.21632801157257	0.172803037164637	0.101857577488607	0.1103237880347	0.165664413637474	0.115449812376241
