700108602	700014971	700033565	700109389	700023058	700023927	700106341	700114221	700023543	700023439	700016978	700024192	700113058	700099448	700109870	700033928	700023693	700109627	700095416	700110425	700111580	700111302	700098605	700111991	700108960	700024452	700032931	700095837	700024548	700110161	700023496	700034628	700023645	700038744	700038485	700024743	700099596	700110760	700101587	700106399	700032322	700095653	700021312	700101230	700023590	700038905	700033136	700023382	700096424	700105469	700016908	700096053	700108479	700109569	700033814	700016125	700109756	700102665	700101777	700109455
700108602	0	0.219242701668068	0.335637509785552	0.211008108623769	0.191958750443339	0.310769128683324	0.119541471825239	0.31252977106158	0.13678641483151	0.283443308960321	0.207203727261377	0.353575447544552	0.308478101913767	0.229541829669278	0.340564844188713	0.207111218765115	0.292556976102346	0.294965701290855	0.136611082519344	0.126295789592153	0.172093650691412	0.255480960680909	0.132894329527298	0.0959286716455667	0.172091340212506	0.150051845864455	0.214449199880102	0.322393201011781	0.284016063376669	0.303339065595613	0.276105071870956	0.280138683704239	0.229834104398067	0.266857721686979	0.172006513039601	0.161680483478586	0.242468254259746	0.311802986046159	0.0804389096837523	0.356080059165341	0.154029144980724	0.315745438110524	0.197627087870002	0.196650531935046	0.28475253557044	0.243181121548083	0.176962511410894	0.293124045784923	0.254920384040597	0.323735978915103	0.302149017856527	0.087923369843704	0.11512167571348	0.187014010175472	0.152076647179388	0.285857891159302	0.166408727061153	0.10591691951971	0.312497729815196	0.138985097344023
700014971	0.219242701668068	0	0.301166134219413	0.328210237419041	0.148059116821393	0.249276829293958	0.258131347214659	0.196594470129154	0.214875550708448	0.18807203807945	0.193078287381828	0.321089047688213	0.200730220780937	0.145547173455242	0.276750151388085	0.242384408600295	0.197710294662048	0.260605148509567	0.221968535638021	0.213809003509402	0.258818423387778	0.261562437235874	0.215482331311324	0.237281468721705	0.300266244202953	0.162190965942423	0.117749730907406	0.231564377438566	0.161521420689309	0.184667937611608	0.207313407126119	0.273309211435288	0.182728995571907	0.194303021792624	0.170740478739102	0.173824878538346	0.219097657429308	0.249287473326195	0.185708861833776	0.24203387961797	0.180156739935304	0.239755481242112	0.19820868564862	0.235369313577677	0.17950830796694	0.145864451251175	0.133822129404331	0.20928952147461	0.213631175897151	0.292604419859379	0.306326923943102	0.214875118023059	0.240093356043834	0.195980161524496	0.28571444809092	0.208599945314738	0.224142961649012	0.240449351425109	0.274810455008729	0.232085515834371
700033565	0.335637509785552	0.301166134219413	0	0.438994110479829	0.30982233935695	0.0877968323512637	0.318165113530585	0.200334566385508	0.279329588697233	0.168207171529781	0.164245612262072	0.0806460764840223	0.19660873686012	0.214749132998863	0.197028801669389	0.159888158106674	0.176811945404354	0.132061954379153	0.242962757402139	0.29583236747949	0.23455988384022	0.102772705401577	0.322049000151533	0.282299696806046	0.266173469524237	0.349206697479589	0.265070931099504	0.385688550683786	0.326249655312316	0.218838126810187	0.16873331645613	0.146481000894133	0.155653900117792	0.133176825384108	0.359884079535847	0.236149483964057	0.248929664064176	0.161028510921958	0.307646335574872	0.252483062021337	0.241116745850094	0.117525075003644	0.201894770627938	0.233522273573192	0.233013042823042	0.270377498820577	0.249458978407661	0.170576898387816	0.152193129363525	0.0446657498470558	0.0962503937927598	0.328980296327213	0.364320367369502	0.186581883624562	0.398721090494975	0.148173755704588	0.233222924049242	0.29593828151343	0.0762802614053241	0.281453328098574
700109389	0.211008108623769	0.328210237419041	0.438994110479829	0	0.327043788189765	0.430697466363991	0.201774606800825	0.420347781428531	0.303179120819184	0.404061913361314	0.340175634025616	0.45105064028893	0.417278742060547	0.369354109872759	0.436145577496408	0.343772124584107	0.411096223388991	0.428232952757837	0.310617132249582	0.216321590711951	0.298161681431967	0.385338011700923	0.222925772393379	0.275895395794858	0.262994782477885	0.255226152636626	0.361300147751393	0.423989183061702	0.360692189330142	0.407977794074122	0.409049296560259	0.405584071174865	0.361840953975511	0.389965777735527	0.262817261074881	0.28802663537303	0.390335826075989	0.432490517941832	0.238561403449231	0.426250437247815	0.28979493166046	0.424211381553751	0.347045011574073	0.3265300060795	0.387162252880166	0.33962805382415	0.32452985537919	0.405864744357453	0.38694942117563	0.431142717898405	0.413971342190294	0.201943078744261	0.141047964467009	0.327818777793771	0.184433053052729	0.403326448396489	0.266080037082242	0.231886642897526	0.413759227889888	0.271015716352621
700023058	0.191958750443339	0.148059116821393	0.30982233935695	0.327043788189765	0	0.258470390699889	0.237268838356989	0.223940116382679	0.197105288190006	0.214125948947853	0.194951810329317	0.315074598749448	0.245016181695287	0.166726303151052	0.276046705182861	0.213307762021037	0.214562687751915	0.241334161259288	0.185901396177645	0.208391705141211	0.225824979891438	0.260629543381736	0.213897980829182	0.190216428751307	0.290173770823288	0.177626081366275	0.143144158234006	0.283449772506151	0.211263815032048	0.224667742822735	0.203450610716564	0.283361147243047	0.196727229156437	0.21249483365566	0.182640491877579	0.202579410122219	0.163221697403465	0.214101317569618	0.16626368638668	0.279185887213504	0.154952536263854	0.251034563638105	0.168346506927038	0.241820873706583	0.197661278490246	0.16410555970697	0.118220952312391	0.221883768865914	0.202908889716478	0.30085549335532	0.308453842990313	0.203646039531745	0.234774537394483	0.1770570870979	0.270961451333811	0.231246862286472	0.20834567206036	0.221879106181605	0.284973835493044	0.210156114492864
700023927	0.310769128683324	0.249276829293958	0.0877968323512637	0.430697466363991	0.258470390699889	0	0.320691166211635	0.171660343122453	0.26238586308506	0.125365288283589	0.147877925752533	0.12487040949091	0.160841261613812	0.156416548307753	0.189188063072928	0.142245644787875	0.143695438013041	0.0625833098113444	0.239847872132569	0.270996742336904	0.247706377815933	0.148249742195578	0.302851320298971	0.258566968802195	0.284938506061963	0.316393273673716	0.210044508819028	0.355788052858458	0.29491729350726	0.183675064603766	0.10148448422037	0.170799991818304	0.127917491480398	0.0872705270215957	0.32227338023522	0.20839860679503	0.191937250649878	0.109215660238025	0.282142433931717	0.228227788647828	0.217437874121336	0.0997707281560696	0.165729113444648	0.223853774943971	0.20369932736663	0.232508738953686	0.217488619489452	0.148461516304142	0.102861777161022	0.100320317865397	0.149829806730705	0.312868087604294	0.350881907443903	0.179930275118226	0.379648035403542	0.112676295280764	0.218371231408736	0.281568650748839	0.103702439118188	0.273810163034315
700106341	0.119541471825239	0.258131347214659	0.318165113530585	0.201774606800825	0.237268838356989	0.320691166211635	0	0.319509518092683	0.126766338501837	0.297852341910734	0.21070923570547	0.329382634334646	0.319271767079172	0.263480962653467	0.337327723251424	0.225620980707613	0.299401262549532	0.325670678308853	0.149731699045394	0.116244145091092	0.154366486495361	0.245440026037391	0.121768274403825	0.148522097009978	0.109345630957483	0.232179460719313	0.283181477356296	0.376212642689088	0.316603205147217	0.324298227103507	0.293237429961525	0.231310856022941	0.246408164329647	0.279881589751213	0.242011524263851	0.142992798234078	0.287175039721891	0.322956153675138	0.122450934030609	0.374156422597466	0.171241966438753	0.318088185562976	0.219938961558314	0.16702590063991	0.292144750754053	0.282448877504592	0.205291795211618	0.294157432878892	0.265271681992229	0.302475026406641	0.299243477759263	0.0881255204161951	0.0993637362458959	0.188760324410004	0.146842604639857	0.287652778844928	0.152002803470796	0.104183904205141	0.295756785963108	0.103696027782225
700114221	0.31252977106158	0.196594470129154	0.200334566385508	0.420347781428531	0.223940116382679	0.171660343122453	0.319509518092683	0	0.290992593175196	0.0834658495595166	0.218232943767544	0.22530187230356	0.0782794725481846	0.132240651229701	0.144479098961509	0.234043003643234	0.0630895278159487	0.205218420960915	0.272013699767796	0.262077790704064	0.272538364288225	0.252736258744993	0.313311771709271	0.297853584238938	0.346343486185591	0.291678397195353	0.165000019077469	0.289127886892612	0.202142205194225	0.103335012294845	0.153296366008619	0.25528007954788	0.17237271907829	0.146195399714641	0.30893137463406	0.224045014691597	0.218172469146517	0.124823340827325	0.280901254504544	0.129139129042549	0.217290488626234	0.105159565146771	0.232808368568573	0.268106352271209	0.120582795936687	0.169662919193736	0.172939926374485	0.0843864095443701	0.189850295033202	0.196713750541435	0.264345555476592	0.296815226029393	0.338218135284799	0.224346654944808	0.411538428947012	0.115369910826649	0.217034788535516	0.306205217580778	0.181999027048242	0.274606843449287
700023543	0.13678641483151	0.214875550708448	0.279329588697233	0.303179120819184	0.197105288190006	0.26238586308506	0.126766338501837	0.290992593175196	0	0.255010054195765	0.166412687334488	0.29905811901574	0.293984814833831	0.211138283891318	0.31076300780922	0.17643004587397	0.26245277874258	0.26858383035711	0.0955509698714484	0.164391458735825	0.156228785392785	0.203376791850954	0.157554199250706	0.113523599305411	0.154113745172205	0.207402014077232	0.221148075285504	0.343177249916774	0.3119368171827	0.278757622547171	0.242690228930879	0.195473137192697	0.20747921929521	0.234567200426709	0.216476844715311	0.131179194356379	0.227294337463386	0.274379620882488	0.113525719636867	0.353062769717853	0.154418542292936	0.291480823490848	0.163930072059467	0.0978976858160397	0.26754858216658	0.261858170904998	0.155585122013543	0.268698863311886	0.215091241857803	0.269247155140567	0.266662744711332	0.133047597992011	0.179528279657058	0.149524363456459	0.190405485470082	0.260312668982409	0.177826896070667	0.125275347112393	0.259594635508568	0.100754022854359
700023439	0.283443308960321	0.18807203807945	0.168207171529781	0.404061913361314	0.214125948947853	0.125365288283589	0.297852341910734	0.0834658495595166	0.255010054195765	0	0.185772534705965	0.19785321400802	0.0852943092225174	0.101292897185303	0.138117463370145	0.195819616634017	0.0537748066163752	0.155277791672693	0.238884169564945	0.242436826038648	0.235803280887536	0.22585330383617	0.280142564330733	0.258490542919125	0.316512711025696	0.290267067840216	0.16417910851664	0.299554043918684	0.212452115325896	0.119438721897738	0.0999849164296649	0.226528435547556	0.141224687080128	0.101493020560339	0.301727129133959	0.196944359018638	0.180183975938968	0.102685243517682	0.253916437599927	0.14390576524796	0.179959251090762	0.086970878975113	0.187190277134493	0.240393518050494	0.124939740371201	0.150386105008873	0.159845293755184	0.074469606148556	0.135743625415214	0.169087757749448	0.232192724415043	0.2775783543611	0.317255469637706	0.180087867720179	0.37632698463722	0.0908464435000052	0.188545509592025	0.273860043635503	0.161635804415403	0.244331136441991
700016978	0.207203727261377	0.193078287381828	0.164245612262072	0.340175634025616	0.194951810329317	0.147877925752533	0.21070923570547	0.218232943767544	0.166412687334488	0.185772534705965	0	0.180014843291499	0.215987431578002	0.166114945245473	0.252287602930853	0.0865470527631092	0.190556403747114	0.148633095901796	0.132810142320986	0.172428464237479	0.137519101471581	0.0959226093653589	0.217766706081758	0.154234829952353	0.165799674635889	0.244128538823839	0.192862731263772	0.319627559472987	0.26864949809426	0.219433420782123	0.138685257054798	0.136754645242409	0.0751905938466225	0.112802707114424	0.259012972628855	0.122484205233419	0.183920530467047	0.197052479719071	0.179883001708538	0.284644709715389	0.121036856241591	0.161147381958546	0.0974791090766802	0.127990315927228	0.183194576424731	0.215752509813994	0.138559017161676	0.180382592234555	0.127323972147486	0.153598608223653	0.15652370480399	0.205708260470276	0.24381987142354	0.0900843746371366	0.291198854454722	0.14445453685785	0.140021816559836	0.168476383627231	0.14708722543375	0.171726408250437
700024192	0.353575447544552	0.321089047688213	0.0806460764840223	0.45105064028893	0.315074598749448	0.12487040949091	0.329382634334646	0.22530187230356	0.29905811901574	0.19785321400802	0.180014843291499	0	0.225734914964125	0.24687279401887	0.208386647509729	0.177200882989858	0.205545719445581	0.151098644111422	0.264401621640399	0.302652765840963	0.239900458315108	0.133944112192495	0.334936436381161	0.300763766829439	0.291341414155287	0.367884378024654	0.292517172589831	0.399925448397479	0.333866074614297	0.261060630418916	0.172503909474606	0.162571363037188	0.172884239476464	0.163703088207627	0.383299758927546	0.248305738702197	0.267314070825009	0.191566095673219	0.32988302467367	0.269372092622354	0.255926213174177	0.13717210022106	0.225553329253739	0.243690361030174	0.226177228680068	0.280084248451512	0.267250850843911	0.18782327568182	0.185461506089305	0.088182159952187	0.0918398843594234	0.345314736161485	0.378465982140873	0.210051487182389	0.420395102484092	0.164447240090262	0.235783989882971	0.312840793335441	0.127105191902982	0.29255364042642
700113058	0.308478101913767	0.200730220780937	0.19660873686012	0.417278742060547	0.245016181695287	0.160841261613812	0.319271767079172	0.0782794725481846	0.293984814833831	0.0852943092225174	0.215987431578002	0.225734914964125	0	0.135144875057743	0.135000212191887	0.233195227644145	0.0950143355500156	0.196108043341123	0.272316472198227	0.263414987405163	0.28789631804896	0.252839196803916	0.313365033507682	0.298983515807601	0.344673433671331	0.303855782870943	0.17997367856625	0.295011546013617	0.227463971343628	0.109663457913368	0.150326937887861	0.257646672621105	0.168570350225674	0.141549395055173	0.3190825574567	0.225579152504802	0.217968755329483	0.128789090305002	0.278444252789081	0.145927610902587	0.219701864390163	0.109402037671573	0.236141156008399	0.271253047920028	0.151407041992051	0.18546186096719	0.204131475673431	0.0985941664731689	0.18048021378586	0.191035827399232	0.257052372076156	0.292787200101682	0.33629279997478	0.233059850179721	0.409023401653721	0.106084314473289	0.234191716327858	0.305015099576036	0.169970609724978	0.276560344136144
700099448	0.229541829669278	0.145547173455242	0.214749132998863	0.369354109872759	0.166726303151052	0.156416548307753	0.263480962653467	0.132240651229701	0.211138283891318	0.101292897185303	0.166114945245473	0.24687279401887	0.135144875057743	0	0.202870881970459	0.184329551121004	0.111110960799243	0.174026640488359	0.190052786613003	0.202110735115305	0.221031814089291	0.226211019509785	0.229306983294378	0.210911870586197	0.287886711179408	0.225190549329554	0.109448765259336	0.269330599363316	0.189274799837735	0.125798692794314	0.122646721331035	0.243450235806318	0.129679560247934	0.116626664819648	0.241203398830167	0.176953223320506	0.155403191501618	0.146874174285055	0.206896650749301	0.206772262227582	0.153111458655292	0.150879013009237	0.139011939353847	0.229209870840412	0.126554745672944	0.133704946824525	0.118416363190631	0.12935158410963	0.114275913094173	0.204303591746373	0.236994992647639	0.231769721507096	0.280177849397693	0.152729260956823	0.321473408348061	0.13027283542981	0.168407296815498	0.235998769160491	0.189886886659407	0.217898349388703
700109870	0.340564844188713	0.276750151388085	0.197028801669389	0.436145577496408	0.276046705182861	0.189188063072928	0.337327723251424	0.144479098961509	0.31076300780922	0.138117463370145	0.252287602930853	0.208386647509729	0.135000212191887	0.202870881970459	0	0.268790300822405	0.132397558768811	0.233504057113046	0.296754628403048	0.308513684559498	0.27406246385761	0.272397902650264	0.321951606882502	0.326868819225915	0.363255542615509	0.344621418112933	0.242959304617229	0.364671173353352	0.258883044933881	0.17595448402554	0.196249944461666	0.268659171464359	0.226826057620794	0.190686885837988	0.361996763926159	0.262647259854616	0.267666035357091	0.140939839108899	0.31246908486861	0.150683142465874	0.266607217459913	0.141612948230224	0.275179727563583	0.292613546465921	0.188592732337601	0.199722078384282	0.245873228634053	0.129835054628538	0.215120803124746	0.191823978637113	0.269632724052403	0.33570956947435	0.361741971966216	0.248530900534803	0.411335180607958	0.163549752866289	0.25063351266806	0.344981113793273	0.180986133529256	0.301100667782654
700033928	0.207111218765115	0.242384408600295	0.159888158106674	0.343772124584107	0.213307762021037	0.142245644787875	0.225620980707613	0.234043003643234	0.17643004587397	0.195819616634017	0.0865470527631092	0.177200882989858	0.233195227644145	0.184329551121004	0.268790300822405	0	0.206559409317265	0.138319107589785	0.150908259624906	0.203087447936289	0.163674833435239	0.102051175797353	0.241911123275427	0.149650257786604	0.199341222720314	0.26241149380777	0.214569281351712	0.32765736454474	0.295984955738002	0.230373666035171	0.156568759651341	0.144023170107851	0.0880597482530574	0.127216096829342	0.268727000302982	0.174269791755681	0.194715197205089	0.209985418446429	0.184597116826753	0.30064490881859	0.131704236821675	0.166465385214448	0.119253843751964	0.15983180417504	0.200353229942305	0.22651094725459	0.149092424007137	0.201709083213711	0.151593899315847	0.146848595947522	0.141443839455329	0.211976919700837	0.25294689815189	0.133094012635826	0.302971478471234	0.161669656668123	0.172871648588094	0.172995357261716	0.144738212846315	0.181161962188288
700023693	0.292556976102346	0.197710294662048	0.176811945404354	0.411096223388991	0.214562687751915	0.143695438013041	0.299401262549532	0.0630895278159487	0.26245277874258	0.0537748066163752	0.190556403747114	0.205545719445581	0.0950143355500156	0.111110960799243	0.132397558768811	0.206559409317265	0	0.172079277204806	0.247640060328999	0.244081428815189	0.235122286980878	0.230725500111897	0.287665482582179	0.271264830179501	0.324669130840563	0.289608257721327	0.166624706016826	0.300416373329803	0.203596914054387	0.12232176149858	0.113370339526589	0.232959576893094	0.14305668455753	0.118362005184114	0.30283472954865	0.201096661577849	0.184445588744064	0.118037669839546	0.257394001654785	0.13284472479797	0.186552163018243	0.0998685049123521	0.195943952185594	0.246014629637141	0.11828898631931	0.142429488973988	0.15530677600405	0.0687894549199312	0.152605047300835	0.177983308203043	0.240525650437094	0.281637098544143	0.322285295489611	0.19380148203528	0.388539608361287	0.0968054748864957	0.193529971974823	0.285823484608445	0.173813639828523	0.252280280251083
700109627	0.294965701290855	0.260605148509567	0.132061954379153	0.428232952757837	0.241334161259288	0.0625833098113444	0.325670678308853	0.205218420960915	0.26858383035711	0.155277791672693	0.148633095901796	0.151098644111422	0.196108043341123	0.174026640488359	0.233504057113046	0.138319107589785	0.172079277204806	0	0.240050040616353	0.267782152736631	0.257434024602905	0.160580678221077	0.307954668491517	0.230617916533796	0.284064888979463	0.315142503492689	0.207069298143234	0.345614444784737	0.315880272911422	0.211989212567728	0.115507330997634	0.193152602508908	0.132782335920961	0.107053224781962	0.316813060648716	0.21752379992641	0.156021526639237	0.120253023973284	0.283548060188997	0.268197532730572	0.222770642779793	0.13990926656744	0.161426760688848	0.227487742855341	0.214727145348664	0.249117702286204	0.223470820897017	0.187251905270263	0.103772647135055	0.145497831798144	0.160359625139167	0.316743634949772	0.353443554450438	0.189231425185054	0.360507233750135	0.144860858238955	0.229286723129236	0.27869591873575	0.140859829408536	0.284392856187934
700095416	0.136611082519344	0.221968535638021	0.242962757402139	0.310617132249582	0.185901396177645	0.239847872132569	0.149731699045394	0.272013699767796	0.0955509698714484	0.238884169564945	0.132810142320986	0.264401621640399	0.272316472198227	0.190052786613003	0.296754628403048	0.150908259624906	0.247640060328999	0.240050040616353	0	0.170800475215745	0.12250431753419	0.167536299667365	0.159177073398589	0.0899735616559081	0.149420680531133	0.199444198932132	0.204338213276368	0.344696607321661	0.287412438050703	0.267477476380427	0.212238410942466	0.179826863075242	0.17137059476387	0.206713382845655	0.216115744909785	0.133133027998836	0.204252012941057	0.246158540768542	0.120666521550857	0.337448867701816	0.107910759340142	0.262649499677938	0.12292443031951	0.141423648373446	0.239779084331618	0.234635939195089	0.138135108248572	0.244354920456515	0.178820588367271	0.233351885598982	0.224751304358052	0.158261375975792	0.202377176926346	0.0992956323173287	0.207510872105361	0.225410762671347	0.152935270572721	0.134983492904775	0.225339270908628	0.122704134897975
700110425	0.126295789592153	0.213809003509402	0.29583236747949	0.216321590711951	0.208391705141211	0.270996742336904	0.116244145091092	0.262077790704064	0.164391458735825	0.242436826038648	0.172428464237479	0.302652765840963	0.263414987405163	0.202110735115305	0.308513684559498	0.203087447936289	0.244081428815189	0.267782152736631	0.170800475215745	0	0.15550081074295	0.233773546742288	0.158209304975015	0.144546879035579	0.131488019703683	0.205012447296734	0.219643731546208	0.314320205231727	0.263730131513519	0.256935459909034	0.237257742010947	0.253228975800105	0.180024788518519	0.225011251203239	0.225488714440149	0.11466319192391	0.216536357195512	0.276153974578632	0.132684238657505	0.324032333548831	0.145551902470644	0.256305125342101	0.185124746321584	0.156801852429443	0.221640493859353	0.227802863071856	0.153358934418535	0.235009420547921	0.225932465418291	0.282800479428441	0.268753738480097	0.103672950638383	0.121971937775175	0.170951975213392	0.20222651824236	0.232563213461966	0.0992662676032037	0.102688625900722	0.267399400929554	0.138471162414628
700111580	0.172093650691412	0.258818423387778	0.23455988384022	0.298161681431967	0.225824979891438	0.247706377815933	0.154366486495361	0.272538364288225	0.156228785392785	0.235803280887536	0.137519101471581	0.239900458315108	0.28789631804896	0.221031814089291	0.27406246385761	0.163674833435239	0.235122286980878	0.257434024602905	0.12250431753419	0.15550081074295	0	0.163856448530816	0.175822609928358	0.134522203829276	0.118460332564111	0.255768783169419	0.263946061558503	0.388829917440323	0.262926533151941	0.286299659961963	0.204542258650206	0.167122310958036	0.177101849054415	0.212397423976747	0.272430346390646	0.137687998033812	0.264197707670262	0.253551272314282	0.162453263183605	0.314636820835252	0.132735450989003	0.234668007825118	0.152700417956897	0.14487603744659	0.207043173164175	0.219697125607317	0.170322723630624	0.221766942743227	0.186066642902672	0.211078547623792	0.216685592194593	0.163195185971821	0.210114831631254	0.100031931538548	0.242832137476487	0.218948774845842	0.103920630971295	0.121799766837537	0.204085639453172	0.129670832212812
700111302	0.255480960680909	0.261562437235874	0.102772705401577	0.385338011700923	0.260629543381736	0.148249742195578	0.245440026037391	0.252736258744993	0.203376791850954	0.22585330383617	0.0959226093653589	0.133944112192495	0.252839196803916	0.226211019509785	0.272397902650264	0.102051175797353	0.230725500111897	0.160580678221077	0.167536299667365	0.233773546742288	0.163856448530816	0	0.266202603710966	0.20448567705366	0.180425517046564	0.302644825884532	0.256212422750285	0.374559828339818	0.329005150083962	0.2608220924449	0.184816956225771	0.0930795747937212	0.126005410828569	0.154665823827016	0.315073721799719	0.187280833947693	0.237772321117395	0.223712322238728	0.236319761288402	0.312683974543464	0.190860077922252	0.178760686392382	0.153648135265773	0.169901696642979	0.230732422645821	0.277464413646457	0.202650654964573	0.211298950488389	0.167166024091132	0.0954572265471684	0.101607333439378	0.254911657907493	0.289365134935499	0.130139835233195	0.331221964014932	0.177248825446656	0.198480611291653	0.215993610881032	0.121903505683075	0.213795490319203
700098605	0.132894329527298	0.215482331311324	0.322049000151533	0.222925772393379	0.213897980829182	0.302851320298971	0.121768274403825	0.313311771709271	0.157554199250706	0.280142564330733	0.217766706081758	0.334936436381161	0.313365033507682	0.229306983294378	0.321951606882502	0.241911123275427	0.287665482582179	0.307954668491517	0.159177073398589	0.158209304975015	0.175822609928358	0.266202603710966	0	0.168051191763958	0.176514142266118	0.20491508388786	0.217877794468364	0.350196375263707	0.2846263007552	0.31173855116957	0.271559774017032	0.270887688885593	0.25037695829494	0.271984743519112	0.220308620809213	0.170282384151894	0.269420050390752	0.299055320934562	0.143024679587945	0.340582174324025	0.173508955452457	0.316963659289769	0.212545406523779	0.20291536714019	0.293283900272315	0.240840133442461	0.189062013761431	0.292704572068577	0.247235049870004	0.303649701357394	0.313077242698475	0.15353326315717	0.128789440103757	0.18130190080059	0.138293289456642	0.284035807557938	0.173111995580369	0.183902617710684	0.292002269679564	0.153772733250768
700111991	0.0959286716455667	0.237281468721705	0.282299696806046	0.275895395794858	0.190216428751307	0.258566968802195	0.148522097009978	0.297853584238938	0.113523599305411	0.258490542919125	0.154234829952353	0.300763766829439	0.298983515807601	0.210911870586197	0.326868819225915	0.149650257786604	0.271264830179501	0.230617916533796	0.0899735616559081	0.144546879035579	0.134522203829276	0.20448567705366	0.168051191763958	0	0.151843817882149	0.183004526020181	0.214426100111015	0.337543321183327	0.29416712512291	0.287874387215627	0.228837005547274	0.226718810120607	0.185734607326656	0.221717936859661	0.195090937502408	0.127669199457734	0.203968969390231	0.25507464670293	0.0996155833116532	0.361998453426954	0.116504968060046	0.278529244713089	0.149081983221394	0.149390482763819	0.252675293379987	0.252226725435699	0.159593424645234	0.264902459887856	0.200005159093654	0.274329563516451	0.251491469496274	0.137591987114835	0.178925579413169	0.138005607068576	0.183120614218518	0.249802834813392	0.148466825156392	0.100346026102056	0.261463544832325	0.126515609710518
700108960	0.172091340212506	0.300266244202953	0.266173469524237	0.262994782477885	0.290173770823288	0.284938506061963	0.109345630957483	0.346343486185591	0.154113745172205	0.316512711025696	0.165799674635889	0.291341414155287	0.344673433671331	0.287886711179408	0.363255542615509	0.199341222720314	0.324669130840563	0.284064888979463	0.149420680531133	0.131488019703683	0.118460332564111	0.180425517046564	0.176514142266118	0.151843817882149	0	0.287253652042071	0.312022820007322	0.411877543364119	0.34752537008101	0.341398007416093	0.27431630491037	0.170674924480843	0.216354897635013	0.255923761030031	0.29572528858128	0.150029142391336	0.295440371429551	0.316834157765603	0.176692642111461	0.402951503586287	0.195990749184251	0.294559005488029	0.200593819717152	0.139961554459069	0.299638579560636	0.318846440290216	0.237580656232032	0.306785115858153	0.235902174024757	0.253067046609192	0.239388241401846	0.147879169020797	0.155482685051041	0.16463262582915	0.18942748121701	0.278642290751802	0.15167535525551	0.110158953347589	0.246644935702885	0.1378130297465
700024452	0.150051845864455	0.162190965942423	0.349206697479589	0.255226152636626	0.177626081366275	0.316393273673716	0.232179460719313	0.291678397195353	0.207402014077232	0.290267067840216	0.244128538823839	0.367884378024654	0.303855782870943	0.225190549329554	0.344621418112933	0.26241149380777	0.289608257721327	0.315142503492689	0.199444198932132	0.205012447296734	0.255768783169419	0.302644825884532	0.20491508388786	0.183004526020181	0.287253652042071	0	0.185400867852282	0.268198470157329	0.198017617241088	0.263732645729941	0.296943381853542	0.318480380317763	0.248347329004713	0.273757665748641	0.0602176478072648	0.200544637717017	0.267256718419677	0.315150667923508	0.145126091466685	0.322302891296257	0.19654407744732	0.325369466084992	0.241110870317965	0.253284525189638	0.261494252193656	0.196190467061045	0.184175521116241	0.294114482032511	0.263543103859783	0.344236179579738	0.342135770900324	0.177307024180371	0.194765827179874	0.220364914237033	0.213271581769542	0.297001815447073	0.222639495036757	0.206061926779967	0.324334600748173	0.223825488091283
700032931	0.214449199880102	0.117749730907406	0.265070931099504	0.361300147751393	0.143144158234006	0.210044508819028	0.283181477356296	0.165000019077469	0.221148075285504	0.16417910851664	0.192862731263772	0.292517172589831	0.17997367856625	0.109448765259336	0.242959304617229	0.214569281351712	0.166624706016826	0.207069298143234	0.204338213276368	0.219643731546208	0.263946061558503	0.256212422750285	0.217877794468364	0.214426100111015	0.312022820007322	0.185400867852282	0	0.237540915593455	0.186921007214114	0.163810887253078	0.182546411114156	0.277718721413271	0.162230925480002	0.157191371544942	0.208214545570065	0.197081460068557	0.158516914645779	0.182451539138066	0.207580067815032	0.221387456266813	0.183309490075784	0.20533579779161	0.178679869052137	0.245954768937796	0.171015450131641	0.143332222531563	0.129234976288165	0.170229293155116	0.164561208224206	0.255155443697932	0.284079983323981	0.244823261212998	0.26412518203849	0.192413519149193	0.287959517672921	0.177254231894606	0.220369357249629	0.259445138020686	0.243191854508209	0.248402327334859
700095837	0.322393201011781	0.231564377438566	0.385688550683786	0.423989183061702	0.283449772506151	0.355788052858458	0.376212642689088	0.289127886892612	0.343177249916774	0.299554043918684	0.319627559472987	0.399925448397479	0.295011546013617	0.269330599363316	0.364671173353352	0.32765736454474	0.300416373329803	0.345614444784737	0.344696607321661	0.314320205231727	0.388829917440323	0.374559828339818	0.350196375263707	0.337543321183327	0.411877543364119	0.268198470157329	0.237540915593455	0	0.191632730584937	0.229913937158408	0.321677818629613	0.402181525250224	0.286182382945587	0.299304520994491	0.278533622116087	0.318561911096822	0.295625758706531	0.345578818666719	0.312839381637575	0.347502093200919	0.305878754276231	0.324452729936519	0.328111723800933	0.350961366412832	0.252975225151061	0.275460621959373	0.267936765401422	0.30050641564172	0.334259705288339	0.38141061983673	0.386925461090478	0.334605596514048	0.351292332931082	0.340462022349248	0.407043515953283	0.308832075798031	0.342785583853559	0.354213799297938	0.368301861171092	0.362959003500238
700024548	0.284016063376669	0.161521420689309	0.326249655312316	0.360692189330142	0.211263815032048	0.29491729350726	0.316603205147217	0.202142205194225	0.3119368171827	0.212452115325896	0.26864949809426	0.333866074614297	0.227463971343628	0.189274799837735	0.258883044933881	0.295984955738002	0.203596914054387	0.315880272911422	0.287412438050703	0.263730131513519	0.262926533151941	0.329005150083962	0.2846263007552	0.29416712512291	0.34752537008101	0.198017617241088	0.186921007214114	0.191632730584937	0	0.180398596799282	0.256253793414723	0.33905215785534	0.240693640483478	0.233820023528029	0.222288095591192	0.232941901623643	0.28811787422759	0.270175744403376	0.257431767554452	0.222660075412313	0.229776324678436	0.243436617058378	0.272495000424174	0.318611847538874	0.140845178814542	0.1252015066927	0.198209796712795	0.210737516975243	0.256380240547105	0.323893764854605	0.338750713631832	0.279670431844484	0.300268247243963	0.250114228567518	0.346048214692488	0.246253473839874	0.233603182637588	0.298614955563493	0.305245319210342	0.291231439322013
700110161	0.303339065595613	0.184667937611608	0.218838126810187	0.407977794074122	0.224667742822735	0.183675064603766	0.324298227103507	0.103335012294845	0.278757622547171	0.119438721897738	0.219433420782123	0.261060630418916	0.109663457913368	0.125798692794314	0.17595448402554	0.230373666035171	0.12232176149858	0.211989212567728	0.267477476380427	0.256935459909034	0.286299659961963	0.2608220924449	0.31173855116957	0.287874387215627	0.341398007416093	0.263732645729941	0.163810887253078	0.229913937158408	0.180398596799282	0	0.174183618907076	0.277329462577326	0.175612130405706	0.146934522071356	0.27919232296517	0.229372222843105	0.205010524676612	0.144929291578962	0.274366441472874	0.195736076035462	0.224490983855688	0.150716825558315	0.222341895012018	0.268764193574038	0.130031772688853	0.190946724944982	0.185117354519259	0.131288344073366	0.178354587950277	0.219556320213661	0.277804703291943	0.290036138418768	0.333520625258334	0.218532543742971	0.393989412715905	0.154777377721138	0.229397795768687	0.296482879605535	0.190598919979803	0.284270946622642
700023496	0.276105071870956	0.207313407126119	0.16873331645613	0.409049296560259	0.203450610716564	0.10148448422037	0.293237429961525	0.153296366008619	0.242690228930879	0.0999849164296649	0.138685257054798	0.172503909474606	0.150326937887861	0.122646721331035	0.196249944461666	0.156568759651341	0.113370339526589	0.115507330997634	0.212238410942466	0.237257742010947	0.204542258650206	0.184816956225771	0.271559774017032	0.228837005547274	0.27431630491037	0.296943381853542	0.182546411114156	0.321677818629613	0.256253793414723	0.174183618907076	0	0.198199752282244	0.107128570356773	0.0846199937923499	0.300183459289449	0.19513871514499	0.157650729082782	0.118553585909022	0.247847599326801	0.214656715015603	0.161785868688735	0.111842888127784	0.127475228475797	0.208279531099264	0.151137840129062	0.185477775836381	0.161331805982537	0.125462307630341	0.107259460686504	0.170949658180812	0.204136749021021	0.28094689147451	0.321839471192118	0.145623117338018	0.366658070030437	0.0943553333682097	0.181736608371942	0.250342984838621	0.171943401836718	0.240083458487103
700034628	0.280138683704239	0.273309211435288	0.146481000894133	0.405584071174865	0.283361147243047	0.170799991818304	0.231310856022941	0.25528007954788	0.195473137192697	0.226528435547556	0.136754645242409	0.162571363037188	0.257646672621105	0.243450235806318	0.268659171464359	0.144023170107851	0.232959576893094	0.193152602508908	0.179826863075242	0.253228975800105	0.167122310958036	0.0930795747937212	0.270887688885593	0.226718810120607	0.170674924480843	0.318480380317763	0.277718721413271	0.402181525250224	0.33905215785534	0.277329462577326	0.198199752282244	0	0.160851117845066	0.177716053104615	0.328106078781943	0.175338352764485	0.271291364995934	0.22711085896882	0.255422306322151	0.30333562844927	0.21127964437335	0.174784186602646	0.179817744886986	0.146400765866594	0.242640784766078	0.288265275013121	0.226726076393825	0.207036018359206	0.19108168202874	0.125073269786704	0.158331550618775	0.253871644465988	0.300189085861255	0.154871457732506	0.338796145646834	0.178624670640774	0.202966049473463	0.216101477851497	0.140136291718771	0.180664638386718
700023645	0.229834104398067	0.182728995571907	0.155653900117792	0.361840953975511	0.196727229156437	0.127917491480398	0.246408164329647	0.17237271907829	0.20747921929521	0.141224687080128	0.0751905938466225	0.172884239476464	0.168570350225674	0.129679560247934	0.226826057620794	0.0880597482530574	0.14305668455753	0.132782335920961	0.17137059476387	0.180024788518519	0.177101849054415	0.126005410828569	0.25037695829494	0.185734607326656	0.216354897635013	0.248347329004713	0.162230925480002	0.286182382945587	0.240693640483478	0.175612130405706	0.107128570356773	0.160851117845066	0	0.076218212386805	0.261845657592484	0.132647962280583	0.1571173293018	0.167112856358654	0.204256591157657	0.238360767850736	0.131760873938989	0.123052100504403	0.113132132212028	0.163188254076446	0.136357671775848	0.174454799378384	0.132388168966967	0.13519963351911	0.118428113599646	0.148952508436177	0.152606439635679	0.228118420682025	0.270826632231916	0.12871045377444	0.332931098518445	0.0995519642552723	0.150413896602553	0.191359906472548	0.138909551495723	0.205237355032299
700038744	0.266857721686979	0.194303021792624	0.133176825384108	0.389965777735527	0.21249483365566	0.0872705270215957	0.279881589751213	0.146195399714641	0.234567200426709	0.101493020560339	0.112802707114424	0.163703088207627	0.141549395055173	0.116626664819648	0.190686885837988	0.127216096829342	0.118362005184114	0.107053224781962	0.206713382845655	0.225011251203239	0.212397423976747	0.154665823827016	0.271984743519112	0.221717936859661	0.255923761030031	0.273757665748641	0.157191371544942	0.299304520994491	0.233820023528029	0.146934522071356	0.0846199937923499	0.177716053104615	0.076218212386805	0	0.282542922333846	0.16615585195657	0.161742437577022	0.112640739017942	0.237265464392474	0.210720199171251	0.164413751543383	0.0908085224310026	0.136575990174841	0.202309603083302	0.139110361654393	0.171054351061008	0.164973130677162	0.109863370754946	0.0891717148597385	0.138898339371508	0.169303748186512	0.269200344108363	0.306799805521004	0.141081774659523	0.354580122231989	0.0842350397668015	0.175416719151805	0.236917449891107	0.124700739789582	0.235400715233645
700038485	0.172006513039601	0.170740478739102	0.359884079535847	0.262817261074881	0.182640491877579	0.32227338023522	0.242011524263851	0.30893137463406	0.216476844715311	0.301727129133959	0.259012972628855	0.383299758927546	0.3190825574567	0.241203398830167	0.361996763926159	0.268727000302982	0.30283472954865	0.316813060648716	0.216115744909785	0.225488714440149	0.272430346390646	0.315073721799719	0.220308620809213	0.195090937502408	0.29572528858128	0.0602176478072648	0.208214545570065	0.278533622116087	0.222288095591192	0.27919232296517	0.300183459289449	0.328106078781943	0.261845657592484	0.282542922333846	0	0.215956662169072	0.26639594376423	0.323469020650266	0.155677797592669	0.338299027101978	0.212269524208945	0.342797624759642	0.241337498843608	0.259052713881475	0.279364129553176	0.217287458621808	0.202025881957865	0.313724109599878	0.274775014131949	0.357645684042115	0.347304997103501	0.184743906164584	0.203860532004249	0.231797209039796	0.226802269261435	0.311138119471433	0.240959036234601	0.218315068617023	0.338303997243702	0.224463584248395
700024743	0.161680483478586	0.173824878538346	0.236149483964057	0.28802663537303	0.202579410122219	0.20839860679503	0.142992798234078	0.224045014691597	0.131179194356379	0.196944359018638	0.122484205233419	0.248305738702197	0.225579152504802	0.176953223320506	0.262647259854616	0.174269791755681	0.201096661577849	0.21752379992641	0.133133027998836	0.11466319192391	0.137687998033812	0.187280833947693	0.170282384151894	0.127669199457734	0.150029142391336	0.200544637717017	0.197081460068557	0.318561911096822	0.232941901623643	0.229372222843105	0.19513871514499	0.175338352764485	0.132647962280583	0.16615585195657	0.215956662169072	0	0.20402127253819	0.22067062284591	0.131870048059515	0.288919474309176	0.12330515079768	0.212896428733171	0.15995294078324	0.100999671834807	0.188996424827371	0.2025409694373	0.150508476890717	0.19421935505525	0.172287441422365	0.228261781970734	0.227907380534618	0.140818467057983	0.180298300912766	0.12148333477054	0.231092910723682	0.183252056854285	0.11516609661096	0.118457889889397	0.214276650964077	0.107249373393587
