700108602	700014971	700033565	700109389	700023058	700023927	700106341	700114221	700023543	700023439	700016978	700024192	700113058	700099448	700109870	700033928	700023693	700109627	700095416	700110425	700111580	700111302	700098605	700111991	700108960	700024452	700032931	700095837	700024548	700110161	700023496	700034628	700023645	700038744	700038485	700024743	700099596	700110760	700101587	700106399	700032322	700095653	700021312	700101230	700023590	700038905	700033136	700023382	700096424	700105469	700016908	700096053	700108479	700109569	700033814	700016125	700109756	700102665	700101777	700109455
700108602	0	0.156387263740154	0.161441657316905	0.099126362352889	0.129637033270899	0.171139440847767	0.0709083165322029	0.179908588857951	0.0923914258930635	0.15976612956117	0.121519505793276	0.153194247784565	0.161506198940256	0.150643257725334	0.15936672720034	0.106321027849325	0.184312816386774	0.165859715077525	0.0860045686043171	0.093893592481649	0.0812506674250604	0.105968394482352	0.0997593466920882	0.0736435426498025	0.0855260550714905	0.113435590290277	0.160403104537507	0.135207870978961	0.148998601667584	0.167744133787764	0.168843373107033	0.114234136181786	0.1164831543129	0.146969728148353	0.114308456350773	0.109815206205741	0.133337726759984	0.167096169500208	0.0864708820722133	0.176741046074948	0.106361116666936	0.156229765892968	0.139852850699681	0.106421324367977	0.141224690807977	0.128953986041299	0.118831186711893	0.150394707338802	0.149407221692073	0.130289693252644	0.123354590629607	0.0861826851647296	0.087470297383283	0.10035476028579	0.0910325577563434	0.15586718979266	0.0994926341781499	0.0811840424703344	0.126473566125454	0.0942729242815312
700014971	0.156387263740154	0	0.159041221829061	0.16163939216912	0.136714294382204	0.147919434586566	0.151740796713131	0.148267600327961	0.156706403080128	0.135906575248802	0.132208689683205	0.159663888473309	0.143900469611966	0.142422206728256	0.15139827656725	0.167054861286528	0.131607750865468	0.161451847129003	0.156397091740375	0.148238718078782	0.14070292365753	0.140111036780394	0.128043897860806	0.161998887140097	0.155374398855585	0.149876276672725	0.137862145021882	0.148162844221476	0.131805664316372	0.141432014614675	0.144992154536904	0.145377238013774	0.124492401341959	0.128174816478119	0.146272541100661	0.126417636195187	0.149704746427244	0.158364427359777	0.144851485860868	0.145311617075711	0.156282280385083	0.143739052786332	0.141246689544219	0.138683710849782	0.138795183243197	0.127154879880788	0.116439714622145	0.135011339996767	0.125939989047587	0.141412430102235	0.142859480146018	0.163643402990736	0.151304941304636	0.118671860592839	0.175198366440533	0.120642863997254	0.146268119302361	0.157077334533039	0.132818818320408	0.150366170774465
700033565	0.161441657316905	0.159041221829061	0	0.149581805431013	0.149135683146301	0.075020803363008	0.133821601935982	0.103243903479598	0.15354023938953	0.0980716113469189	0.101199401745488	0.0599674107620512	0.10226090347575	0.129591907811892	0.079825178934978	0.121816173322463	0.109183008200192	0.101965625047778	0.151665675532958	0.13901384139361	0.141988597157687	0.101692756565369	0.133784436244137	0.147463975916563	0.137150034537573	0.155374708369916	0.135981415901856	0.146787227858711	0.114518454721699	0.102806505178844	0.0967117249365652	0.105601240763265	0.10359794952214	0.0892486725506153	0.150791037444709	0.113058207130777	0.141949157517401	0.0768356336226352	0.157922508390426	0.112616455977433	0.139999376032459	0.0744622189891308	0.134728016007097	0.127155430696331	0.105279058576839	0.116920182930284	0.136022462253092	0.0941024067788256	0.112630511590276	0.0757969200645146	0.0775112854681865	0.16602822519216	0.151457159141906	0.124111817642954	0.183064375028604	0.0977931861296388	0.133179803449507	0.161062244028486	0.0930222138223445	0.136999034998595
700109389	0.099126362352889	0.16163939216912	0.149581805431013	0	0.147890387040577	0.168397614696509	0.0868552573551546	0.17916056231679	0.133124868089286	0.1665623972289	0.14060594854887	0.141709788768414	0.170026269494509	0.156033177953266	0.149937373717946	0.141316624423434	0.183757051517001	0.183232884052356	0.138414261398957	0.0907157627096601	0.106215597740368	0.135931678255971	0.102510083446784	0.118875729002672	0.103556054898633	0.114759229644573	0.183069676304873	0.147062225577692	0.134718054105555	0.16005561531583	0.18096417025018	0.13621052368016	0.132386400855985	0.152648757001628	0.111395033327941	0.111618688938746	0.161146799746451	0.16362464421977	0.124978692148313	0.168135699606903	0.133026324999621	0.154696912458988	0.152199698105049	0.124568017874297	0.141097044564126	0.13478482617957	0.143024498060087	0.157514278466262	0.158803134733245	0.130154484027018	0.119489507419597	0.103020938157195	0.073651044912657	0.130709970818624	0.119856388334978	0.162557688320824	0.103090916160699	0.0921307614983115	0.129526595733478	0.103918698053074
700023058	0.129637033270899	0.136714294382204	0.149135683146301	0.147890387040577	0	0.148321179562648	0.124998407781577	0.153843577492999	0.119367072007018	0.138391425292651	0.123007709533562	0.146029345775149	0.150814463439978	0.123646944420394	0.144909660716354	0.136148405862144	0.14963762797761	0.151406140081569	0.128506554975684	0.125160127592303	0.128638707722502	0.135319833574865	0.123029686199653	0.138654709944371	0.143730148559612	0.102654757726153	0.155711258948428	0.13025923763743	0.120563128498774	0.129770813101537	0.150032049440644	0.141758488421333	0.114591597775727	0.128577235259408	0.116959410238084	0.128042211103809	0.11759080359431	0.144965434260135	0.111610572381061	0.151720025040246	0.140008552953915	0.132349563678768	0.12864845660304	0.12561886427589	0.117321211996147	0.117310053576145	0.11395970853834	0.135567922646562	0.130679347187504	0.131585699074143	0.12419221681866	0.132188679805312	0.131618024689186	0.128270155983284	0.144787518233219	0.150105024561058	0.135773528960198	0.135294196159007	0.130701481264162	0.129957304426018
700023927	0.171139440847767	0.147919434586566	0.075020803363008	0.168397614696509	0.148321179562648	0	0.150731925188981	0.114622585954205	0.167364542499407	0.0903463649441212	0.113217172159549	0.0892462624545663	0.114671726730363	0.109448724243756	0.0885071590049894	0.144938715326811	0.112403448505084	0.0691739408795344	0.162160696042904	0.153037542278657	0.148118157854047	0.125324822959558	0.135498029099736	0.156086974836556	0.150410013371912	0.170477494601141	0.128210211877087	0.165466565300044	0.127441800648291	0.105146800926911	0.0790626559400151	0.127645900208398	0.119807161403775	0.0852777455027292	0.162156319356786	0.123030909083455	0.126434899015279	0.0607186313205035	0.170084366735726	0.122752473952133	0.161295235823208	0.0875499986898094	0.12799403940764	0.14120013554847	0.111277515539094	0.122698679019181	0.142871055693689	0.102836034106854	0.0867455370443515	0.0971087118794319	0.10413560703757	0.179455197588334	0.16964991227664	0.126922301702351	0.185953216199809	0.11250048431341	0.140359366865448	0.171029582216202	0.102722347334416	0.148272838574393
700106341	0.0709083165322029	0.151740796713131	0.133821601935982	0.0868552573551546	0.124998407781577	0.150731925188981	0	0.167387705407555	0.078182750072401	0.153489477392458	0.107961396180315	0.120316140955637	0.14706632280705	0.145218637694479	0.135128442752492	0.11329172344643	0.171502248268075	0.159152320557996	0.0948994946830561	0.0651878728084395	0.0767604445969407	0.102428583242048	0.0955212790736932	0.0991182313709028	0.0654706893263552	0.122541913258226	0.174898932073183	0.143422030278195	0.143509313310469	0.150392832446912	0.15226843623587	0.0719520457931029	0.100036816475705	0.130689063637343	0.116166312102804	0.0825690319280547	0.143161895067534	0.148585676918656	0.0918988788472509	0.165291120729304	0.118563167423427	0.133487495692986	0.12227912526626	0.0799004478789655	0.127950962006277	0.120438284349415	0.124779477249747	0.132886394960866	0.139921760330002	0.0986491909532993	0.106784226613673	0.0767973921613305	0.074826723206862	0.0990388996851461	0.120839510188745	0.140228063074878	0.0881601143147208	0.0730800334543547	0.105199727372112	0.0588908785660746
700114221	0.179908588857951	0.148267600327961	0.103243903479598	0.17916056231679	0.153843577492999	0.114622585954205	0.167387705407555	0	0.168865483341396	0.0876646242796173	0.131958842962501	0.108364732808582	0.0928773880429032	0.15552339380954	0.0959804670823266	0.155510419085556	0.0890893004433415	0.13677590264339	0.1679741773131	0.16746410329334	0.160140207998299	0.133484345965545	0.159367473252607	0.183456856647173	0.170662324975283	0.173244874505398	0.144257731240359	0.145421377815575	0.120550953182627	0.115462979941154	0.113370438806554	0.14617386072562	0.117994754696426	0.108704962392553	0.172660577046974	0.130960415949041	0.157455901057599	0.0949949435618758	0.173634570880083	0.0760472557115581	0.147105401717018	0.0937136495278058	0.158764045237516	0.148236054955466	0.10529956373594	0.131069304003598	0.136810448416084	0.0868129154552065	0.138957420756258	0.111143385305771	0.123494343015205	0.192474081488941	0.175968756042109	0.149254782279158	0.210307830152612	0.0998267688950515	0.14242865364862	0.189878085542042	0.123509250966031	0.166104206678789
700023543	0.0923914258930635	0.156706403080128	0.15354023938953	0.133124868089286	0.119367072007018	0.167364542499407	0.078182750072401	0.168865483341396	0	0.155833515599942	0.124442931095533	0.142286485919806	0.154628686720187	0.147554625066096	0.150486967632285	0.103343309655727	0.170869133816405	0.161849098164048	0.0955583441077843	0.106139419049458	0.106465764088463	0.104650602307656	0.111048320214455	0.106393538703883	0.107798108129793	0.113692464956661	0.159819105713538	0.124024137265914	0.161259761154444	0.149003494796963	0.153205648071215	0.0943778495434073	0.111770263579842	0.142720341973695	0.109663385790796	0.119991507434904	0.133328345072527	0.164640758123917	0.0882080058446108	0.174988900973653	0.116156553166681	0.144771314220576	0.129505654308984	0.0905444596161028	0.14668261125	0.141233385160013	0.114037529935959	0.140304572968671	0.155534182806763	0.113477499521905	0.122347460392961	0.0808319467836864	0.107062665825388	0.116877579562154	0.117708847921687	0.147999493941916	0.120549758902068	0.0922437441290732	0.124081158708701	0.0845209629062523
700023439	0.15976612956117	0.135906575248802	0.0980716113469189	0.1665623972289	0.138391425292651	0.0903463649441212	0.153489477392458	0.0876646242796173	0.155833515599942	0	0.120391188052699	0.101826486073516	0.0952662439187484	0.125133949643442	0.0897809949200924	0.14304254777377	0.0927936936305708	0.105150965497314	0.153588136763626	0.14823069972327	0.134392257362339	0.115373050978845	0.131702056203781	0.15712277505337	0.152759604322292	0.158574944046308	0.133721224300176	0.140865500993169	0.110691995302382	0.100983862483952	0.100168576474416	0.135053893724593	0.105434913568996	0.0816515764897393	0.156711247106332	0.127272104912253	0.139198918253391	0.0786391617818043	0.157042753833862	0.0896473613390653	0.130404701965087	0.0800851994190375	0.138253585547825	0.137318838220779	0.0929559411378447	0.109409496686147	0.119406520805071	0.0986710229421791	0.104303547000664	0.103666798025996	0.10474093165109	0.172603372577371	0.157494753624048	0.120312227046381	0.178338715217457	0.0944695973692962	0.127904386885156	0.165005692617015	0.100516685578462	0.145032190503064
700016978	0.121519505793276	0.132208689683205	0.101199401745488	0.14060594854887	0.123007709533562	0.113217172159549	0.107961396180315	0.131958842962501	0.124442931095533	0.120391188052699	0	0.104259488178685	0.11690489595047	0.125531761571178	0.128582708690492	0.112283644150385	0.127546991363144	0.117261598728539	0.112153139090672	0.112470508062459	0.10368472861989	0.0815263279389968	0.122637393979271	0.115760796045834	0.10568248326789	0.141553183944319	0.136571118855065	0.132107512695896	0.125028056621189	0.116150932646989	0.100105272385296	0.0974974017234035	0.0797966296231678	0.0907069951001608	0.140916489065038	0.0987883437259731	0.119051877484948	0.128666755966809	0.117169742428922	0.140679944876075	0.110905012883027	0.10140811647043	0.0992051085865158	0.107221627074055	0.107115268533654	0.111188090432735	0.112795412067869	0.107054191451865	0.104091058636345	0.0914020302063	0.0926513076486381	0.135191156770923	0.126571300285947	0.0865492337648277	0.150396367742795	0.115858398161706	0.111728517783243	0.124837405222461	0.0976451777911335	0.118866459913431
700024192	0.153194247784565	0.159663888473309	0.0599674107620512	0.141709788768414	0.146029345775149	0.0892462624545663	0.120316140955637	0.108364732808582	0.142286485919806	0.101826486073516	0.104259488178685	0	0.0917808887305507	0.141160721692113	0.0791986257300878	0.114037701283474	0.122760150178577	0.120766769838512	0.137682658592932	0.13034211313731	0.129931643162265	0.0921081237655347	0.130267690894388	0.153629516804188	0.126100219387187	0.160088305767978	0.144191810937239	0.140024075220026	0.118809674615406	0.115586783214449	0.0983373669247857	0.0888995039414849	0.0876352151735789	0.0864507353848636	0.153669375822021	0.102040188700844	0.145115221239303	0.0880616156815758	0.154325796340673	0.104815136463979	0.131954074679693	0.0688556163412207	0.142578249823973	0.112466186361464	0.0887197001894374	0.120728179028409	0.142541628234856	0.0837999330066431	0.132867497141192	0.0633120389939967	0.0723264334047053	0.159256338456405	0.148347424632553	0.134229149376722	0.185208881177797	0.0874261993880529	0.122077102754098	0.153506308981131	0.0896729565105391	0.12641890647808
700113058	0.161506198940256	0.143900469611966	0.10226090347575	0.170026269494509	0.150814463439978	0.114671726730363	0.14706632280705	0.0928773880429032	0.154628686720187	0.0952662439187484	0.11690489595047	0.0917808887305507	0	0.136967088540543	0.0971450314941258	0.136740432535135	0.113226162025117	0.13662839658342	0.15252033241127	0.151720909476486	0.14568533212853	0.111696416351698	0.142989203470242	0.169156134075441	0.153414850641369	0.169617248048792	0.150650911455213	0.134039803861276	0.110836886335969	0.103834731679856	0.105262858857524	0.121786666814054	0.101635932265759	0.0917249489853114	0.168865981694548	0.125122870716334	0.139248097446244	0.115637056529413	0.156277421262109	0.104710536531202	0.140249353992215	0.0820832067922351	0.150346686387886	0.130871799377051	0.10163318165362	0.119180990081255	0.14103534120614	0.0854648814570477	0.121425859485054	0.0994790374856248	0.108145934446991	0.173859895589601	0.164375889294626	0.142451985400693	0.199651726488333	0.0716796999173524	0.129350538264075	0.169399323898964	0.105774659846477	0.143114255217429
700099448	0.150643257725334	0.142422206728256	0.129591907811892	0.156033177953266	0.123646944420394	0.109448724243756	0.145218637694479	0.15552339380954	0.147554625066096	0.125133949643442	0.125531761571178	0.141160721692113	0.136967088540543	0	0.126780465153343	0.154491626405052	0.13965264752756	0.119578906403721	0.140140200871583	0.135617560992515	0.136686970631744	0.136197446406398	0.111139689645012	0.138484147262708	0.149098406188958	0.126434657789191	0.13694289425746	0.155065050738474	0.116150495824788	0.100879881154601	0.122394049698281	0.141815043946011	0.128909801802393	0.111259827363745	0.126965387426555	0.13098166875365	0.116811843008092	0.116761375450523	0.138840642684095	0.149782706111254	0.154512164995889	0.121220789814532	0.123627775712914	0.151371018820553	0.126568603224012	0.117614846068122	0.12325279307942	0.13873906285206	0.0880435839009612	0.122436777689881	0.130114654860174	0.131373068876557	0.147544550365221	0.124371755745684	0.154633407735762	0.136568861581807	0.131179289229099	0.139401443303781	0.103323301037074	0.139308190110252
700109870	0.15936672720034	0.15139827656725	0.079825178934978	0.149937373717946	0.144909660716354	0.0885071590049894	0.135128442752492	0.0959804670823266	0.150486967632285	0.0897809949200924	0.128582708690492	0.0791986257300878	0.0971450314941258	0.126780465153343	0	0.140866735959432	0.110089587714753	0.122739174181927	0.155620405633774	0.13590065349184	0.13070320635255	0.116338528195779	0.127202330120648	0.162411703042508	0.138223050306514	0.160304844979725	0.137431321486986	0.147976805583587	0.108041129503162	0.0978108678090379	0.111444501801143	0.111210915079112	0.119401805647808	0.106276744730904	0.155744003767636	0.117225970155251	0.148813072951015	0.0710912567543836	0.161185016417417	0.0936520630068602	0.150761340157441	0.0699259359887112	0.156427375463536	0.126572058192167	0.102273409582374	0.11304179951867	0.136151458518179	0.0854088825596132	0.120815123317748	0.0828860829467409	0.0977193424512171	0.164506090820524	0.1498789094706	0.131288998670263	0.181534760337895	0.0941395135982102	0.116043066279533	0.162889231479998	0.0893267585106134	0.131115949148426
700033928	0.106321027849325	0.167054861286528	0.121816173322463	0.141316624423434	0.136148405862144	0.144938715326811	0.11329172344643	0.155510419085556	0.103343309655727	0.14304254777377	0.112283644150385	0.114037701283474	0.136740432535135	0.154491626405052	0.140866735959432	0	0.161691077019647	0.142261167871165	0.102742352201473	0.125661576157922	0.112662888330628	0.0957647636501436	0.124888720557926	0.0946678930877537	0.118460686267537	0.132326057880235	0.143266976385939	0.128357824032949	0.154253123829279	0.145358267025301	0.140591720299715	0.112879631408105	0.0997185850007335	0.128163254683229	0.131435767508333	0.127065167175249	0.125367702938622	0.148171818353111	0.115668593163519	0.161171329315552	0.0950050469921924	0.124224365899616	0.12962650508511	0.116648870151618	0.132342715046213	0.133885978831205	0.124887425026015	0.133440520743381	0.145695492536219	0.103710366840749	0.0977790689654678	0.12104363614466	0.121799561056817	0.120486015239501	0.128379174427565	0.129359689070577	0.125399882350494	0.127027022285581	0.117335690158487	0.115276820279929
700023693	0.184312816386774	0.131607750865468	0.109183008200192	0.183757051517001	0.14963762797761	0.112403448505084	0.171502248268075	0.0890893004433415	0.170869133816405	0.0927936936305708	0.127546991363144	0.122760150178577	0.113226162025117	0.13965264752756	0.110089587714753	0.161691077019647	0	0.128570291364371	0.174845336885562	0.166284393146907	0.159577449785067	0.137167169212806	0.155892118871842	0.17760070682335	0.172474953510212	0.171648657832221	0.139260423851103	0.161948747148522	0.117530409651872	0.117730606812563	0.0968298642501375	0.148399842713976	0.125108546429004	0.103231717107362	0.173044960941784	0.134298257358548	0.148162198045022	0.113375778759452	0.175791346280361	0.103333135136315	0.152665435278381	0.102440533144628	0.146012891327819	0.153267817379831	0.114755803981678	0.118968819768933	0.13086195630418	0.0991009803063398	0.112722295290852	0.119411725008586	0.129117069642395	0.194094950448816	0.180766664124955	0.132545047533003	0.205137503819127	0.111732432649492	0.143194769279468	0.188678378544171	0.127746916422794	0.166819715637895
700109627	0.165859715077525	0.161451847129003	0.101965625047778	0.183232884052356	0.151406140081569	0.0691739408795344	0.159152320557996	0.13677590264339	0.161849098164048	0.105150965497314	0.117261598728539	0.120766769838512	0.13662839658342	0.119578906403721	0.122739174181927	0.142261167871165	0.128570291364371	0	0.161425314456318	0.156792786223306	0.157850304490957	0.12673039954932	0.157569249526796	0.153474387265821	0.157656698854877	0.178104792001657	0.13526008425991	0.166391885654112	0.150808082624741	0.121390501623219	0.0976385702678033	0.14057763080897	0.126517421859325	0.101045396928606	0.17448476166793	0.150933620622511	0.120092381434794	0.0916601107757123	0.169652672415295	0.147784503347059	0.161308684773116	0.113539213062209	0.128577134964146	0.152179804061179	0.137202738531934	0.136783716333459	0.147866268093598	0.132704455940924	0.0907837418308442	0.119663740826497	0.118046398426029	0.18237720126334	0.176664698723141	0.124901615129028	0.18649237862416	0.134407974236186	0.150886963621457	0.179499651269545	0.126354197998751	0.157998245087293
700095416	0.0860045686043171	0.156397091740375	0.151665675532958	0.138414261398957	0.128506554975684	0.162160696042904	0.0948994946830561	0.1679741773131	0.0955583441077843	0.153588136763626	0.112153139090672	0.137682658592932	0.15252033241127	0.140140200871583	0.155620405633774	0.102742352201473	0.174845336885562	0.161425314456318	0	0.118095351797303	0.0981712121766945	0.095369239110145	0.115655032199952	0.0996622148857818	0.110672046383133	0.119721970962194	0.148294322739597	0.138391125710503	0.153879928106734	0.155100831063881	0.148946104272552	0.108145003240626	0.107529254699415	0.14153331293887	0.123248858371628	0.120561478400201	0.116511189829068	0.161721700587875	0.0950477039324501	0.174952874929718	0.0992835226928133	0.150614881799494	0.117695309559256	0.119460357518184	0.135881088989695	0.124856671400008	0.112586556996813	0.148403628310342	0.142928462284855	0.117234594871704	0.111784571360838	0.105120838169313	0.118853721184421	0.102587642155154	0.124805178487238	0.14299091205689	0.116534506347809	0.109239629403102	0.122592995341956	0.109316769417322
700110425	0.093893592481649	0.148238718078782	0.13901384139361	0.0907157627096601	0.125160127592303	0.153037542278657	0.0651878728084395	0.16746410329334	0.106139419049458	0.14823069972327	0.112470508062459	0.13034211313731	0.151720909476486	0.135617560992515	0.13590065349184	0.125661576157922	0.166284393146907	0.156792786223306	0.118095351797303	0	0.0796590479314501	0.114154844754834	0.097929964380118	0.116828092384665	0.0665806478648372	0.126739070984801	0.161382729460083	0.127877613005666	0.137063559957212	0.13340260385091	0.156460538570786	0.0986318740527684	0.104252084303553	0.13442797468381	0.12054404786655	0.0807532825415415	0.14333658953446	0.153509727027338	0.111121367763759	0.164138808756957	0.120407913924121	0.128076850552251	0.131197645109087	0.0808579909612631	0.125633008615637	0.123749789869781	0.118012116366052	0.135958018725569	0.133816463614583	0.110301837978753	0.113532408271217	0.0832880302328672	0.0611580696581164	0.108760678233329	0.121479064661616	0.147505338716668	0.0758180158344149	0.0761445214699943	0.0985737933493235	0.0792317386484491
700111580	0.0812506674250604	0.14070292365753	0.141988597157687	0.106215597740368	0.128638707722502	0.148118157854047	0.0767604445969407	0.160140207998299	0.106465764088463	0.134392257362339	0.10368472861989	0.129931643162265	0.14568533212853	0.136686970631744	0.13070320635255	0.112662888330628	0.159577449785067	0.157850304490957	0.0981712121766945	0.0796590479314501	0	0.0913925046312572	0.0950756911611063	0.0972227727796197	0.0690092807255791	0.127494185067786	0.160335229717307	0.147954721836753	0.129305700992898	0.144465201855873	0.14629803850758	0.0951723441660508	0.0975080985597667	0.128558784732892	0.126360664489422	0.090249659199137	0.145385413466996	0.145981574890315	0.108204388356814	0.156853081720769	0.111353447971562	0.125025677077515	0.132715821441377	0.100371103706917	0.113925743214388	0.107971328710872	0.115319924874206	0.121747334974339	0.127890659118436	0.105584364055648	0.114434337354752	0.093910440047854	0.0938372635035033	0.0914779998624971	0.124005880900861	0.138167650926231	0.0691458118450762	0.0781121794494742	0.0953814444954584	0.0812420871886029
700111302	0.105968394482352	0.140111036780394	0.101692756565369	0.135931678255971	0.135319833574865	0.125324822959558	0.102428583242048	0.133484345965545	0.104650602307656	0.115373050978845	0.0815263279389968	0.0921081237655347	0.111696416351698	0.136197446406398	0.116338528195779	0.0957647636501436	0.137167169212806	0.12673039954932	0.095369239110145	0.114154844754834	0.0913925046312572	0	0.120326415715002	0.113904580182327	0.0993234314787264	0.135732723099084	0.135778104482178	0.132343134765209	0.130289400320023	0.128627028719848	0.118402129881456	0.0724409451438624	0.0738860938047802	0.0941200307213811	0.133961923372983	0.099367869148152	0.129175597658117	0.12826374150062	0.113925873869107	0.140359471666732	0.111345457359929	0.101529853900579	0.122290734277152	0.106072769000503	0.108462161413165	0.118180151631889	0.109939242470002	0.106419710561487	0.118336171198983	0.075696434634231	0.0823363126946186	0.121240157423752	0.124320472902667	0.0955348883564154	0.148062630867615	0.0987064833464596	0.105148281452365	0.118336096526707	0.0823262266534228	0.109523482442335
700098605	0.0997593466920882	0.128043897860806	0.133784436244137	0.102510083446784	0.123029686199653	0.135498029099736	0.0955212790736932	0.159367473252607	0.111048320214455	0.131702056203781	0.122637393979271	0.130267690894388	0.142989203470242	0.111139689645012	0.127202330120648	0.124888720557926	0.155892118871842	0.157569249526796	0.115655032199952	0.097929964380118	0.0950756911611063	0.120326415715002	0	0.114711955475849	0.112624696616418	0.115398094959091	0.143324772959541	0.133906639906931	0.133379171159921	0.128108144396856	0.147354385747701	0.112293045115986	0.11514921791166	0.126870766957754	0.110042994188069	0.104517493180133	0.127135945993451	0.132096671760841	0.105453086277435	0.147046759753654	0.127979636067176	0.13317937971627	0.129999161774082	0.105189837622171	0.137771583656841	0.117027042459677	0.114208966097791	0.134872295819225	0.129465670879834	0.108734438667713	0.111351658016148	0.101236916384646	0.0982669226729761	0.106598795262728	0.115547576412756	0.137808988289335	0.117444398371621	0.103349312095539	0.102388939294771	0.0830512873751117
700111991	0.0736435426498025	0.161998887140097	0.147463975916563	0.118875729002672	0.138654709944371	0.156086974836556	0.0991182313709028	0.183456856647173	0.106393538703883	0.15712277505337	0.115760796045834	0.153629516804188	0.169156134075441	0.138484147262708	0.162411703042508	0.0946678930877537	0.17760070682335	0.153474387265821	0.0996622148857818	0.116828092384665	0.0972227727796197	0.113904580182327	0.114711955475849	0	0.10643001607926	0.107868768454341	0.141899633650824	0.139902548547536	0.143477194401611	0.16585233111537	0.154464177146633	0.132982653644268	0.119728820498729	0.138827193257595	0.104809885800633	0.122226486656535	0.130048134170477	0.158699988564775	0.113098783607576	0.1815365037591	0.108339503067372	0.15933279815333	0.125903443398432	0.12829737861746	0.143993249960061	0.121663448821201	0.113001946299486	0.156984261860768	0.140712663317621	0.135269445894081	0.126574920871277	0.102687096578373	0.107010345710346	0.11050982154559	0.0913223977118528	0.159868346683546	0.11889081592569	0.102931854296074	0.127844499688148	0.111926757454586
700108960	0.0855260550714905	0.155374398855585	0.137150034537573	0.103556054898633	0.143730148559612	0.150410013371912	0.0654706893263552	0.170662324975283	0.107798108129793	0.152759604322292	0.10568248326789	0.126100219387187	0.153414850641369	0.149098406188958	0.138223050306514	0.118460686267537	0.172474953510212	0.157656698854877	0.110672046383133	0.0665806478648372	0.0690092807255791	0.0993234314787264	0.112624696616418	0.10643001607926	0	0.141574256655844	0.178451375565593	0.155657596405966	0.14359604157331	0.144495921062054	0.15657699173462	0.0861958345939123	0.111852676211963	0.134028272803955	0.136038723419349	0.0901348238887918	0.154345574567336	0.151714168347774	0.107341295167949	0.166892200381155	0.132534420510962	0.129710043837064	0.138035894930762	0.0882640866105951	0.131896944624973	0.136431492897304	0.138022913314696	0.135272270596865	0.139029913570734	0.10097454906722	0.114682837750314	0.0896676860828434	0.0811490764054904	0.101552516998657	0.121140830878001	0.14592957920576	0.0874079696486248	0.0785497810213533	0.103129727585454	0.0790147121941041
700024452	0.113435590290277	0.149876276672725	0.155374708369916	0.114759229644573	0.102654757726153	0.170477494601141	0.122541913258226	0.173244874505398	0.113692464956661	0.158574944046308	0.141553183944319	0.160088305767978	0.169617248048792	0.126434657789191	0.160304844979725	0.132326057880235	0.171648657832221	0.178104792001657	0.119721970962194	0.126739070984801	0.127494185067786	0.135732723099084	0.115398094959091	0.107868768454341	0.141574256655844	0	0.155227205889363	0.126907388544063	0.11505574881581	0.154600546933228	0.171212503674714	0.148464771757123	0.127818329571933	0.149823392932704	0.0734570850167882	0.125088041262397	0.142821157425174	0.164613613322773	0.0981911751167128	0.163815351063399	0.12270462567619	0.15741477031608	0.141114525042634	0.141709679219276	0.134842290195537	0.113532352462652	0.105727493080748	0.160339804940173	0.152664184094363	0.146977108636423	0.130033384693436	0.106441581176928	0.109426903088335	0.127420329526705	0.110035555650331	0.160956042181897	0.130261096194913	0.117540482015236	0.133643374643386	0.13198960387316
700032931	0.160403104537507	0.137862145021882	0.135981415901856	0.183069676304873	0.155711258948428	0.128210211877087	0.174898932073183	0.144257731240359	0.159819105713538	0.133721224300176	0.136571118855065	0.144191810937239	0.150650911455213	0.13694289425746	0.137431321486986	0.143266976385939	0.139260423851103	0.13526008425991	0.148294322739597	0.161382729460083	0.160335229717307	0.135778104482178	0.143324772959541	0.141899633650824	0.178451375565593	0.155227205889363	0	0.136923385583773	0.152021781687611	0.135940357322995	0.132813006280205	0.150607352735261	0.134202845733543	0.127060136365546	0.157196953211927	0.146625091592846	0.129860983536274	0.137229755309541	0.156859697994312	0.152285721701598	0.142093220307714	0.137686893595329	0.139119037899402	0.1544404928888	0.142761601775249	0.134424783436498	0.120503678217083	0.134877172390774	0.122457820567468	0.13754284233367	0.130725794744141	0.172713801556104	0.160493949410503	0.124998093399517	0.161548027760733	0.136542563597232	0.156777658364414	0.179575084358993	0.135601552470002	0.168122193947613
700095837	0.135207870978961	0.148162844221476	0.146787227858711	0.147062225577692	0.13025923763743	0.165466565300044	0.143422030278195	0.145421377815575	0.124024137265914	0.140865500993169	0.132107512695896	0.140024075220026	0.134039803861276	0.155065050738474	0.147976805583587	0.128357824032949	0.161948747148522	0.166391885654112	0.138391125710503	0.127877613005666	0.147954721836753	0.132343134765209	0.133906639906931	0.139902548547536	0.155657596405966	0.126907388544063	0.136923385583773	0	0.112902155371833	0.128739045648748	0.153796112545005	0.143948246191748	0.114140681404711	0.132674679904689	0.134034122731619	0.130486074974168	0.134231349784816	0.16018981805277	0.1353620870389	0.146670101769077	0.122887723396274	0.136202638756124	0.146059144243001	0.121350141240894	0.124010400828363	0.131360457065716	0.115278997510188	0.138963541404517	0.155915126876242	0.139049214032307	0.121308061240089	0.140961493763831	0.135054579558323	0.14444835260757	0.139822833876958	0.134720024457034	0.141168932749817	0.145826083400671	0.12504290026035	0.144296388390892
700024548	0.148998601667584	0.131805664316372	0.114518454721699	0.134718054105555	0.120563128498774	0.127441800648291	0.143509313310469	0.120550953182627	0.161259761154444	0.110691995302382	0.125028056621189	0.118809674615406	0.110836886335969	0.116150495824788	0.108041129503162	0.154253123829279	0.117530409651872	0.150808082624741	0.153879928106734	0.137063559957212	0.129305700992898	0.130289400320023	0.133379171159921	0.143477194401611	0.14359604157331	0.11505574881581	0.152021781687611	0.112902155371833	0	0.105203727719016	0.128404714826512	0.146733028667411	0.117859874824005	0.111308963158835	0.12334619717994	0.112188851696061	0.146491529223123	0.119947467069982	0.145599480005462	0.110111642137781	0.135854986515318	0.0991192273078265	0.141813041075007	0.147402394917337	0.0797570224175258	0.085408474892718	0.12563475398198	0.114620108297778	0.115535434294598	0.122234470032026	0.11612127976264	0.153907061088767	0.138984571810657	0.125674420683421	0.158816353451988	0.112738581032833	0.12124164652031	0.149809820456829	0.111137785626061	0.150641268827291
700110161	0.167744133787764	0.141432014614675	0.102806505178844	0.16005561531583	0.129770813101537	0.105146800926911	0.150392832446912	0.115462979941154	0.149003494796963	0.100983862483952	0.116150932646989	0.115586783214449	0.103834731679856	0.100879881154601	0.0978108678090379	0.145358267025301	0.117730606812563	0.121390501623219	0.155100831063881	0.13340260385091	0.144465201855873	0.128627028719848	0.128108144396856	0.16585233111537	0.144495921062054	0.154600546933228	0.135940357322995	0.128739045648748	0.105203727719016	0	0.106742997080078	0.132403476555305	0.119659396371333	0.0939025106217994	0.159036773582428	0.129768287433929	0.130059579258411	0.101781771458008	0.157372070994029	0.119454188035407	0.157668720320396	0.0903081436835484	0.134745949404259	0.131844571429812	0.112195822287907	0.12275951254581	0.14104456946046	0.10656687470312	0.0904527617347586	0.105822277129479	0.116723051887462	0.161792304862364	0.149770619904689	0.132146390195542	0.176336692527609	0.108984761787546	0.123898394730628	0.156796579223866	0.104811776515578	0.144621702844906
700023496	0.168843373107033	0.144992154536904	0.0967117249365652	0.18096417025018	0.150032049440644	0.0790626559400151	0.15226843623587	0.113370438806554	0.153205648071215	0.100168576474416	0.100105272385296	0.0983373669247857	0.105262858857524	0.122394049698281	0.111444501801143	0.140591720299715	0.0968298642501375	0.0976385702678033	0.148946104272552	0.156460538570786	0.14629803850758	0.118402129881456	0.147354385747701	0.154464177146633	0.15657699173462	0.171212503674714	0.132813006280205	0.153796112545005	0.128404714826512	0.106742997080078	0	0.12715519763635	0.10665868775067	0.0904994147793546	0.168954469918279	0.130617865767705	0.130641165943853	0.102761832071981	0.163060782383744	0.127972081122942	0.138668687216515	0.0973527935307827	0.118498911676962	0.140801268853093	0.111306116066783	0.111919303497569	0.134872754320185	0.098442481029574	0.0951688804307654	0.107193339973802	0.113902550666674	0.17897241302971	0.175209284904839	0.123152276233651	0.194643023352621	0.102244113331932	0.136444093697835	0.175070086865931	0.122772135886864	0.154609270008601
700034628	0.114234136181786	0.145377238013774	0.105601240763265	0.13621052368016	0.141758488421333	0.127645900208398	0.0719520457931029	0.14617386072562	0.0943778495434073	0.135053893724593	0.0974974017234035	0.0888995039414849	0.121786666814054	0.141815043946011	0.111210915079112	0.112879631408105	0.148399842713976	0.14057763080897	0.108145003240626	0.0986318740527684	0.0951723441660508	0.0724409451438624	0.112293045115986	0.132982653644268	0.0861958345939123	0.148464771757123	0.150607352735261	0.143948246191748	0.146733028667411	0.132403476555305	0.12715519763635	0	0.0918592204639318	0.11109843033006	0.142790488120059	0.0796215538348889	0.143344018083314	0.12689316433859	0.122102777777456	0.143088636000642	0.132661495289471	0.103393483753918	0.126180403553228	0.0699090822606772	0.123944814724723	0.133758681208952	0.126924154438838	0.10838471132436	0.134500584118867	0.065635371240002	0.0929660249426724	0.115117985809823	0.117980269963226	0.109100242076778	0.15409177586865	0.108831520217194	0.107667318370889	0.105547829671139	0.0829040721461289	0.0764282095952949
700023645	0.1164831543129	0.124492401341959	0.10359794952214	0.132386400855985	0.114591597775727	0.119807161403775	0.100036816475705	0.117994754696426	0.111770263579842	0.105434913568996	0.0797966296231678	0.0876352151735789	0.101635932265759	0.128909801802393	0.119401805647808	0.0997185850007335	0.125108546429004	0.126517421859325	0.107529254699415	0.104252084303553	0.0975080985597667	0.0738860938047802	0.11514921791166	0.119728820498729	0.111852676211963	0.127818329571933	0.134202845733543	0.114140681404711	0.117859874824005	0.119659396371333	0.10665868775067	0.0918592204639318	0	0.0807392567075354	0.131154530362128	0.0822754872244047	0.124828441588156	0.124523587405012	0.1202321413775	0.120584501361374	0.101952671766026	0.0960768737857689	0.107256668512384	0.0913279922081345	0.0924697663274307	0.100457473313615	0.102944631429933	0.0939652691507684	0.116126675354384	0.0829037342682949	0.0799132521686909	0.126609216491524	0.116905763725626	0.107704254427566	0.152167636406049	0.0953821363049036	0.0991821742772278	0.118513600788731	0.0837342475018085	0.109183161008605
700038744	0.146969728148353	0.128174816478119	0.0892486725506153	0.152648757001628	0.128577235259408	0.0852777455027292	0.130689063637343	0.108704962392553	0.142720341973695	0.0816515764897393	0.0907069951001608	0.0864507353848636	0.0917249489853114	0.111259827363745	0.106276744730904	0.128163254683229	0.103231717107362	0.101045396928606	0.14153331293887	0.13442797468381	0.128558784732892	0.0941200307213811	0.126870766957754	0.138827193257595	0.134028272803955	0.149823392932704	0.127060136365546	0.132674679904689	0.111308963158835	0.0939025106217994	0.0904994147793546	0.11109843033006	0.0807392567075354	0	0.150361851690792	0.102465931949185	0.118878016672568	0.0911784771022724	0.145776606936033	0.103093733579107	0.132607234789016	0.0842031487430825	0.117566543496339	0.119395956657228	0.0959657988326736	0.100086046093609	0.12189362921105	0.0826197518388733	0.0923712996256801	0.0903500064411658	0.0929193382466561	0.160615379219472	0.153048205235384	0.105347982291936	0.171961141208406	0.086559742241244	0.126175036553035	0.151170384323145	0.0931682563469589	0.137322062528653
700038485	0.114308456350773	0.146272541100661	0.150791037444709	0.111395033327941	0.116959410238084	0.162156319356786	0.116166312102804	0.172660577046974	0.109663385790796	0.156711247106332	0.140916489065038	0.153669375822021	0.168865981694548	0.126965387426555	0.155744003767636	0.131435767508333	0.173044960941784	0.17448476166793	0.123248858371628	0.12054404786655	0.126360664489422	0.133961923372983	0.110042994188069	0.104809885800633	0.136038723419349	0.0734570850167882	0.157196953211927	0.134034122731619	0.12334619717994	0.159036773582428	0.168954469918279	0.142790488120059	0.131154530362128	0.150361851690792	0	0.125323550736055	0.141742140648126	0.162236560495212	0.100630071666712	0.166518216527856	0.12522003152518	0.155237762261567	0.143807109166756	0.136320888877787	0.144014019669935	0.113548564893679	0.110875407952146	0.162699833468151	0.154455151004181	0.141385296561423	0.124446314196097	0.0919235476978807	0.0989798353149673	0.125610785190064	0.110273009025177	0.154144415253618	0.128810619114013	0.109807263197042	0.129665286611466	0.120723428620571
700024743	0.109815206205741	0.126417636195187	0.113058207130777	0.111618688938746	0.128042211103809	0.123030909083455	0.0825690319280547	0.130960415949041	0.119991507434904	0.127272104912253	0.0987883437259731	0.102040188700844	0.125122870716334	0.13098166875365	0.117225970155251	0.127065167175249	0.134298257358548	0.150933620622511	0.120561478400201	0.0807532825415415	0.090249659199137	0.099367869148152	0.104517493180133	0.122226486656535	0.0901348238887918	0.125088041262397	0.146625091592846	0.130486074974168	0.112188851696061	0.129768287433929	0.130617865767705	0.0796215538348889	0.0822754872244047	0.102465931949185	0.125323550736055	0	0.141236042364882	0.126531999162786	0.113880316565662	0.129798322234523	0.120695193714293	0.106834717061466	0.123944522438462	0.077241271376779	0.10420015083766	0.108152970878451	0.115233190742749	0.0996528961455688	0.125794355509549	0.0929197480359311	0.0977384108522395	0.109736127706876	0.10206528718651	0.0946379434572473	0.128802134934463	0.116037095176449	0.0978017929492541	0.0954417681357274	0.0838840729557588	0.0922621216832185
