700108602	700014971	700033565	700109389	700023058	700023927	700106341	700114221	700023543	700023439	700016978	700024192	700113058	700099448	700109870	700033928	700023693	700109627	700095416	700110425	700111580	700111302	700098605	700111991	700108960	700024452	700032931	700095837	700024548	700110161	700023496	700034628	700023645	700038744	700038485	700024743	700099596	700110760	700101587	700106399	700032322	700095653	700021312	700101230	700023590	700038905	700033136	700023382	700096424	700105469	700016908	700096053	700108479	700109569	700033814	700016125	700109756	700102665	700101777	700109455
700108602	0	-0.159238503725798	-0.194812067722409	-0.124262157378107	-0.139786339181869	-0.197757514884235	-0.0792584011722619	-0.222584673821	-0.0931905512062883	-0.204496784922498	-0.130858693830886	-0.201024709487885	-0.212523134845776	-0.157641058276323	-0.213794292549522	-0.109776221429517	-0.215077036858608	-0.193786997498458	-0.0934049916012318	-0.0960550960379488	-0.105331008288128	-0.129728173966475	-0.105276826378159	-0.0639881382006333	-0.101596929620051	-0.128001865003643	-0.160845429767459	-0.18138485634062	-0.194533424062289	-0.196923478846337	-0.188826823992068	-0.139510448105922	-0.133369056018534	-0.188791855397828	-0.119503665192576	-0.110389412404725	-0.153937749461484	-0.212814583327266	-0.0864393832804962	-0.238948018601298	-0.120819105355099	-0.210629353177845	-0.152880138135047	-0.123011292497197	-0.19436382151297	-0.145423104049921	-0.125008060631257	-0.195696986568787	-0.160361870465421	-0.16740631709298	-0.14553478336734	-0.0738051773439879	-0.0911689454656374	-0.106373750172458	-0.092995503901384	-0.194998001142877	-0.119992527449368	-0.0594755714013632	-0.162113517221777	-0.110117331800573
700014971	-0.159238503725798	0	-0.179276709425675	-0.227976343353645	-0.13229185440771	-0.158509696570743	-0.184624995510953	-0.145579789108294	-0.145766430140629	-0.124413057112327	-0.13326539608605	-0.193340130854996	-0.140341445716823	-0.123993087367231	-0.167117723586068	-0.166708545920329	-0.123380943668274	-0.169389799264036	-0.16097095342122	-0.16543223828688	-0.175025986995982	-0.152829109218876	-0.145495326299197	-0.171838861542934	-0.200526608924957	-0.158070704578656	-0.111278078313223	-0.143515709502921	-0.139026568167926	-0.12993980750829	-0.128542288035815	-0.161186777525795	-0.132668621199335	-0.125616132891035	-0.151051328933086	-0.133656387953912	-0.158733908995092	-0.170707180430091	-0.152756728857445	-0.152909464947993	-0.135989277158092	-0.145737403028845	-0.13398476886916	-0.149108514711711	-0.13208053421711	-0.13355854989025	-0.10627812174795	-0.136439219157665	-0.121753489260856	-0.16583009353498	-0.167264599636452	-0.169956146657105	-0.182514905841862	-0.125043297721859	-0.18599352826815	-0.135261387994579	-0.166591545043276	-0.178027823288844	-0.161065599547087	-0.17066713743165
700033565	-0.194812067722409	-0.179276709425675	0	-0.225067211183023	-0.187722162579803	-0.0801734249753339	-0.202211623230035	-0.11244115205943	-0.18416436485227	-0.0996752439296732	-0.0866279044057164	-0.0623610421794488	-0.104720100181691	-0.146305693678342	-0.104940793238015	-0.127334463025846	-0.114093588837347	-0.0953361347328278	-0.176296038782275	-0.177646711165933	-0.171689076588298	-0.101059629184613	-0.181082091790709	-0.177623414587135	-0.181003361478421	-0.203354433457125	-0.138651885419089	-0.178307710264723	-0.15804043938927	-0.114011602934684	-0.118404116395345	-0.140941499162021	-0.104242061154227	-0.0941038991644525	-0.202010915549834	-0.130157196907306	-0.159457246723208	-0.108325189759302	-0.194528786300554	-0.14412891085408	-0.151537554394076	-0.0874658548824049	-0.145925169002662	-0.138136367813598	-0.126432438554682	-0.144526763790076	-0.161893593856787	-0.103531018099805	-0.136645857245381	-0.0717111647394728	-0.0927686110818484	-0.219033773770027	-0.200182447782625	-0.146275928933397	-0.231688210302439	-0.102643870531515	-0.135967550972286	-0.208532706597065	-0.0892493053658087	-0.185212835988535
700109389	-0.124262157378107	-0.227976343353645	-0.225067211183023	0	-0.188269027724925	-0.249688784803701	-0.10140400944764	-0.246066600026152	-0.166781505610417	-0.240211521927783	-0.186558762003724	-0.225829493573395	-0.240835826750256	-0.210699947244924	-0.225867188464813	-0.170166039947667	-0.252397612646927	-0.244813917432746	-0.177240221267508	-0.109848893709098	-0.146345706993534	-0.196688472871549	-0.135583193555382	-0.148040167415209	-0.135151655363582	-0.153397314995923	-0.229967078738758	-0.208758660040134	-0.189463012413828	-0.236870057961539	-0.241643137935993	-0.205828030592943	-0.177770119572543	-0.227761794160212	-0.153657617916437	-0.166313718130954	-0.235225172269729	-0.258129633817857	-0.13566906083701	-0.238109164801684	-0.174333540285996	-0.239072497383211	-0.204827575216635	-0.185890524622625	-0.217264526887819	-0.189999889890636	-0.190270932198696	-0.222774044239673	-0.214794481191628	-0.207255360137903	-0.193542202883676	-0.106632148548112	-0.079413711934867	-0.175571729747212	-0.122066965969659	-0.232657817309715	-0.13246257524639	-0.110436202068838	-0.186632719326508	-0.161344147570714
700023058	-0.139786339181869	-0.13229185440771	-0.187722162579803	-0.188269027724925	0	-0.162310856256251	-0.157979709440833	-0.190980552887942	-0.122181648366054	-0.171422982764893	-0.142244642852442	-0.195978872910757	-0.182394192148953	-0.120130995868198	-0.182001599969725	-0.141000106771833	-0.177056596779321	-0.162561808330506	-0.137657436905931	-0.146103011366236	-0.165985274898498	-0.167977421825314	-0.144933161445914	-0.13520761702902	-0.191149333042404	-0.120633414398654	-0.138116581988797	-0.162608028759006	-0.163587090186444	-0.154222535807751	-0.154328445544549	-0.184756120100269	-0.142871425783414	-0.155559486901816	-0.124349310139812	-0.155473939248516	-0.121184246301716	-0.147316088920576	-0.117706259297591	-0.203142260267622	-0.129407130523994	-0.181370552465552	-0.130775703841874	-0.158648789230808	-0.166063976016812	-0.148442778366651	-0.102536291743415	-0.16901951737034	-0.130868437154401	-0.18052648187101	-0.165554640824294	-0.136673028503907	-0.150658329563409	-0.136270745568482	-0.156984409471374	-0.175852279062781	-0.164050830941364	-0.157335637331066	-0.172810467220474	-0.158883652856649
700023927	-0.197757514884235	-0.158509696570743	-0.0801734249753339	-0.249688784803701	-0.162310856256251	0	-0.219326498917318	-0.114340108123227	-0.188406011628517	-0.0916912247482042	-0.111199952902559	-0.0958794312861276	-0.110136647339181	-0.110425065731265	-0.117878244704359	-0.145946788426298	-0.0961884716275928	-0.0571668540988245	-0.173321486839435	-0.194029184529232	-0.184191792783037	-0.133830014425702	-0.184805555482768	-0.178359363320042	-0.203623236094558	-0.199233897648242	-0.122631037407262	-0.189977550562691	-0.166803674362354	-0.102547275794519	-0.0796336061042469	-0.165676113925212	-0.116263279080276	-0.0823984971027802	-0.19578519044202	-0.147191262319655	-0.130994327146589	-0.0776643815964472	-0.202453852568966	-0.148679736661016	-0.156133869533787	-0.0996482200491513	-0.119459527845133	-0.166232108800984	-0.131845201154218	-0.138432249288686	-0.140493256129475	-0.111880814769479	-0.0887334153224632	-0.0982603564339648	-0.113695399345501	-0.226079640521902	-0.218048646141112	-0.14684240460975	-0.233804155850735	-0.110260748181933	-0.151894523336527	-0.217273571054195	-0.116114538738222	-0.198738322168652
700106341	-0.0792584011722619	-0.184624995510953	-0.202211623230035	-0.10140400944764	-0.157979709440833	-0.219326498917318	0	-0.222186088394689	-0.0973173709172246	-0.216969769449406	-0.146352688832737	-0.189569549334522	-0.216609637097536	-0.185999922920606	-0.212116617749483	-0.127430322237514	-0.225106097205233	-0.227133900495528	-0.122357037003655	-0.0928934867376668	-0.0976361781832018	-0.139615173150135	-0.12239895320751	-0.114965848893682	-0.0855118377502778	-0.158865336295139	-0.202562977706369	-0.204097111208757	-0.201682690789738	-0.221480240473254	-0.202694344334606	-0.121693439241904	-0.14622501319428	-0.203891936061687	-0.151403899945612	-0.109672964283889	-0.202265100438383	-0.235139184493443	-0.093407110100765	-0.244073151647237	-0.140211002618463	-0.207815314704214	-0.160120450303997	-0.11729809367363	-0.187526297498982	-0.184485101101145	-0.155215452118509	-0.19135999569488	-0.186577458267686	-0.168664504484028	-0.171554848860213	-0.0834123030347583	-0.0793400334766108	-0.126497292541812	-0.119605969171208	-0.201739560624125	-0.117644315795598	-0.0687620411813187	-0.166269389647118	-0.0907403343877714
700114221	-0.222584673821	-0.145579789108294	-0.11244115205943	-0.246066600026152	-0.190980552887942	-0.114340108123227	-0.222186088394689	0	-0.209222093858285	-0.0622578913406322	-0.155543458162791	-0.115364361335651	-0.0726886258662175	-0.148129199566455	-0.0757724764368855	-0.183978132036994	-0.0608277600308811	-0.144507142017444	-0.206554865488875	-0.190996062640174	-0.19792278846079	-0.162223661454114	-0.198791627724133	-0.217570619822438	-0.23354891341936	-0.220328555951366	-0.130191365163656	-0.170110152852647	-0.129877582729634	-0.111206484940463	-0.122639963719545	-0.179740116915102	-0.133435563981142	-0.106634771099981	-0.218901545860793	-0.168162369306996	-0.191530741945755	-0.103752025352295	-0.205928627090969	-0.0830705788943352	-0.157015655107531	-0.0665492918386666	-0.16606507416747	-0.177143152784411	-0.09274347392244	-0.144783577271393	-0.153873532155592	-0.0712450515649032	-0.140073945924008	-0.125596937369016	-0.15488295437403	-0.233444249928927	-0.218437715472969	-0.170210522874307	-0.262063287809686	-0.0843257161568517	-0.161248504509853	-0.240494472940908	-0.134517008604869	-0.208189584406976
700023543	-0.0931905512062883	-0.145766430140629	-0.18416436485227	-0.166781505610417	-0.122181648366054	-0.188406011628517	-0.0973173709172246	-0.209222093858285	0	-0.181062930484989	-0.121388153449176	-0.192091757782569	-0.194317100163497	-0.158912863000596	-0.204736943387718	-0.0943262287380141	-0.195817461479383	-0.192569722756951	-0.0990164014022101	-0.129704433789781	-0.123744449882765	-0.123568296743379	-0.125680433592572	-0.103382649305748	-0.128858303710831	-0.12320169709691	-0.157017256752683	-0.17141420530898	-0.204369509425265	-0.18466093472945	-0.172947493751829	-0.112069613280913	-0.134683565527876	-0.167367236473657	-0.120291413083295	-0.125737089995036	-0.152235532078305	-0.206814318018985	-0.0959988626084549	-0.230076603174403	-0.117380082406981	-0.189893143051745	-0.134374008357469	-0.0969392832059693	-0.184021643523254	-0.168573715970134	-0.11562695249665	-0.176351573727979	-0.172233119105883	-0.155268431316696	-0.144226378159621	-0.0879562948393674	-0.112657359030528	-0.115097139680614	-0.127085845900454	-0.180969057382482	-0.15269261240733	-0.0892636097857751	-0.156765213207294	-0.102753216906981
700023439	-0.204496784922498	-0.124413057112327	-0.0996752439296732	-0.240211521927783	-0.171422982764893	-0.0916912247482042	-0.216969769449406	-0.0622578913406322	-0.181062930484989	0	-0.126744609899885	-0.117137273917416	-0.0645085981230086	-0.123863693915896	-0.0930822517794388	-0.157562764420187	-0.0588394694734302	-0.118748797878195	-0.18346447544324	-0.185901657290119	-0.180333985156275	-0.145101540460292	-0.181521451738905	-0.187556056227536	-0.217314552412208	-0.198599679204518	-0.115616333466285	-0.156092027817172	-0.126608145595559	-0.0894947317739723	-0.096386627396581	-0.167088191201865	-0.109266858460678	-0.0756032107945691	-0.196191226182224	-0.147591088746659	-0.160437947499926	-0.095884769051369	-0.190083323198025	-0.0960269576547388	-0.135771875507749	-0.06405264119255	-0.142293855819276	-0.164515388811543	-0.0932940097056775	-0.131283650576578	-0.126593103900984	-0.0754106151846046	-0.110329133504001	-0.112478021588735	-0.127029756897005	-0.217069016367327	-0.210021133096471	-0.143809465763634	-0.242607352975294	-0.0774394104873952	-0.146098980753122	-0.215593271892966	-0.118172490362597	-0.194698124561515
700016978	-0.130858693830886	-0.13326539608605	-0.0866279044057164	-0.186558762003724	-0.142244642852442	-0.111199952902559	-0.146352688832737	-0.155543458162791	-0.121388153449176	-0.126744609899885	0	-0.104070129926569	-0.138248328470531	-0.1231457631007	-0.158464115943853	-0.0795850276194053	-0.142838445350645	-0.114424687501961	-0.116735839104299	-0.123921091397898	-0.113993398613991	-0.0619182091647627	-0.130381659005748	-0.11920511430462	-0.120368993966528	-0.160908747772173	-0.124998480439682	-0.151793544698375	-0.159579144093351	-0.138733277381585	-0.116715258244103	-0.0972252634385534	-0.0673737157027651	-0.101635289442462	-0.150743458162509	-0.0848887980963377	-0.132908643611678	-0.154912139525087	-0.127468125125636	-0.177652783177446	-0.0994802847379146	-0.126142855250484	-0.103365127331757	-0.0974697944404629	-0.129434943198286	-0.128462171468192	-0.119757465653961	-0.123859872196389	-0.112706640957743	-0.0830099101184814	-0.0786788391081694	-0.155269055682	-0.140987601621567	-0.0851240187638055	-0.172232012064036	-0.123270027965969	-0.102242649864982	-0.144118554653787	-0.0824782855550131	-0.129873292530754
700024192	-0.201024709487885	-0.193340130854996	-0.0623610421794488	-0.225829493573395	-0.195978872910757	-0.0958794312861276	-0.189569549334522	-0.115364361335651	-0.192091757782569	-0.117137273917416	-0.104070129926569	0	-0.107443920505521	-0.169154602496986	-0.102356716110758	-0.130842740447108	-0.132894807774092	-0.116925478014675	-0.170607040183625	-0.177778859765861	-0.161938792881919	-0.100228210683575	-0.188916190954677	-0.194742814489196	-0.176025398673461	-0.220904273347039	-0.161650791817551	-0.188934532709867	-0.173584747438825	-0.147642850377038	-0.127858007596475	-0.125034947169183	-0.10432386513242	-0.105163849056033	-0.219961119130737	-0.144482682778373	-0.175790539811418	-0.123421054945351	-0.204385461313034	-0.148447027006903	-0.150097185999951	-0.0814571809586225	-0.161509186188547	-0.141898953535326	-0.118971137649953	-0.155974717150365	-0.17184400631996	-0.0986189671376258	-0.154852283766823	-0.0653565394307607	-0.101314420678773	-0.224696141953451	-0.204751339966871	-0.151612479976639	-0.251282842159484	-0.0982307550558123	-0.1260822722896	-0.211927795373729	-0.092459806861248	-0.181007278706191
700113058	-0.212523134845776	-0.140341445716823	-0.104720100181691	-0.240835826750256	-0.182394192148953	-0.110136647339181	-0.216609637097536	-0.0726886258662175	-0.194317100163497	-0.0645085981230086	-0.138248328470531	-0.107443920505521	0	-0.144617589538298	-0.088223911979911	-0.165955876589297	-0.0855831826315274	-0.136436108811836	-0.198618954232432	-0.183835608144453	-0.196047652546718	-0.150719725038412	-0.192579089571866	-0.204244953635004	-0.220931537779933	-0.208660704626638	-0.122206693541433	-0.142534866902144	-0.121301874834365	-0.0963029592568141	-0.121281602948939	-0.167192760256848	-0.117979877967382	-0.0836261116599404	-0.208869051842977	-0.161289276463335	-0.176942670670591	-0.115423220034447	-0.1949188780473	-0.108886290603965	-0.149261258811055	-0.0624006237857203	-0.158502464118637	-0.165344590325311	-0.0875558986284066	-0.14808151598347	-0.158086469029661	-0.0834927000598336	-0.137212331564544	-0.112760785185709	-0.138549506076629	-0.222759396616862	-0.213522378665028	-0.176639853510159	-0.256409240829155	-0.0753659763548144	-0.154292834722296	-0.229563913159332	-0.123183770707102	-0.196036166954291
700099448	-0.157641058276323	-0.123993087367231	-0.146305693678342	-0.210699947244924	-0.120130995868198	-0.110425065731265	-0.185999922920606	-0.148129199566455	-0.158912863000596	-0.123863693915896	-0.1231457631007	-0.169154602496986	-0.144617589538298	0	-0.142060425296585	-0.153432188514655	-0.118829693417926	-0.121773955093601	-0.140745917720776	-0.15376327250597	-0.1640850104775	-0.160431814224953	-0.147171629887305	-0.142048573259236	-0.196264428608346	-0.136500109258864	-0.0918932988338563	-0.168605335282079	-0.136744109392198	-0.107659302212648	-0.108770736555957	-0.18175659188227	-0.112221647306557	-0.112992053551493	-0.147574559517419	-0.138921908322514	-0.122361917109719	-0.119218462622897	-0.159999748274387	-0.165960510895177	-0.139852486010093	-0.142167978845416	-0.105286154262331	-0.17199972705272	-0.125455122437027	-0.114221158520963	-0.088769079128594	-0.134458000897987	-0.0682918536242074	-0.147908412991767	-0.137790761645019	-0.170221772152124	-0.17885967027101	-0.126662913351795	-0.180136145429408	-0.133922144759416	-0.128827211623154	-0.179296160715422	-0.131702913576907	-0.177526811025679
700109870	-0.213794292549522	-0.167117723586068	-0.104940793238015	-0.225867188464813	-0.182001599969725	-0.117878244704359	-0.212116617749483	-0.0757724764368855	-0.204736943387718	-0.0930822517794388	-0.158464115943853	-0.102356716110758	-0.088223911979911	-0.142060425296585	0	-0.175875414605697	-0.094224898950895	-0.150571476601144	-0.200942640662665	-0.181431772405909	-0.181069270952489	-0.160541960031873	-0.18513042459176	-0.214678057283475	-0.221734411490936	-0.210807064849218	-0.134127389097328	-0.175375948870335	-0.124806584367152	-0.111282929670412	-0.130883135212405	-0.176602073197901	-0.138453616976895	-0.124393969175969	-0.214788331354029	-0.169233441998567	-0.195624009771219	-0.0966905453665699	-0.208330887625872	-0.0970713097246716	-0.170818791164548	-0.072064712920394	-0.177616251486595	-0.172162942024159	-0.106029684911396	-0.131961077285603	-0.162710995410888	-0.0852723130803085	-0.141140379222078	-0.116928327694198	-0.152796733376171	-0.222538035088827	-0.202472592446324	-0.172250588071595	-0.249520975124255	-0.082797437362615	-0.146324360045024	-0.230860542074196	-0.123619784797108	-0.201494767654078
700033928	-0.109776221429517	-0.166708545920329	-0.127334463025846	-0.170166039947667	-0.141000106771833	-0.145946788426298	-0.127430322237514	-0.183978132036994	-0.0943262287380141	-0.157562764420187	-0.0795850276194053	-0.130842740447108	-0.165955876589297	-0.153432188514655	-0.175875414605697	0	-0.178308859858166	-0.145808874687048	-0.0909027185102418	-0.12302211395732	-0.107313236077808	-0.0832094197174361	-0.120716789840934	-0.0919685141846887	-0.122042684552447	-0.15081667199876	-0.150323451498361	-0.150312583559171	-0.187263599961218	-0.16896035019877	-0.142616327588249	-0.115350027722043	-0.0824474696373233	-0.136878016340059	-0.145966493171206	-0.12514839976195	-0.138056735141811	-0.180596892813052	-0.11271469740444	-0.206215757059851	-0.0837176614228405	-0.149545392291409	-0.118014583533534	-0.104194731198346	-0.154165997216554	-0.148684813863675	-0.118692524237527	-0.151090111055768	-0.148732917297248	-0.10551941043877	-0.0910922276934151	-0.129955185295451	-0.12629214423133	-0.112622411449817	-0.154157871972715	-0.146560748233379	-0.121586221466292	-0.118354879164408	-0.117197143209902	-0.114155327053289
700023693	-0.215077036858608	-0.123380943668274	-0.114093588837347	-0.252397612646927	-0.177056596779321	-0.0961884716275928	-0.225106097205233	-0.0608277600308811	-0.195817461479383	-0.0588394694734302	-0.142838445350645	-0.132894807774092	-0.0855831826315274	-0.118829693417926	-0.094224898950895	-0.178308859858166	0	-0.123323844907415	-0.194857653328441	-0.193786172325978	-0.189868750645626	-0.166270557656664	-0.187291347331792	-0.202598422746671	-0.234515826659733	-0.204492244322839	-0.115710581267279	-0.172688738016342	-0.129522382812818	-0.101727107236169	-0.0882864513131681	-0.18544513741567	-0.129769316100401	-0.0967640507929145	-0.199007348745997	-0.159683028000442	-0.166096124126253	-0.0993900555851245	-0.197485230689946	-0.0905659815738992	-0.144983353631011	-0.0773055337832858	-0.143831090132504	-0.179743997501246	-0.0945822222387705	-0.128954408883535	-0.132968648858117	-0.0784572047129111	-0.109928183424397	-0.132896055396219	-0.143692958413521	-0.226155304017451	-0.220245903138182	-0.151271284559851	-0.250229744723406	-0.0915124875787667	-0.162274573933766	-0.230824303365314	-0.138450213155828	-0.208868372878347
700109627	-0.193786997498458	-0.169389799264036	-0.0953361347328278	-0.244813917432746	-0.162561808330506	-0.0571668540988245	-0.227133900495528	-0.144507142017444	-0.192569722756951	-0.118748797878195	-0.114424687501961	-0.116925478014675	-0.136436108811836	-0.121773955093601	-0.150571476601144	-0.145808874687048	-0.123323844907415	0	-0.181579974631425	-0.191875803214096	-0.198455255077582	-0.140336166415147	-0.196962722194418	-0.166457038079238	-0.204205856965498	-0.203430169415087	-0.131778104774213	-0.189865930936226	-0.196728038956013	-0.120370397593234	-0.099166494175595	-0.174671627628123	-0.125973509365925	-0.106004190319555	-0.196242083246215	-0.157829750226266	-0.121155921235004	-0.0941787406307803	-0.203014156739255	-0.174497010061124	-0.162125076501528	-0.13154502345507	-0.123572629223793	-0.162422381901475	-0.162145306854735	-0.162555517262044	-0.14032158383298	-0.143710973010581	-0.0999842567661341	-0.124196790166707	-0.117718572174284	-0.229283112098807	-0.220563992083808	-0.158842273510363	-0.222598979782862	-0.142442392543206	-0.170837558487743	-0.215991585410722	-0.138329270462608	-0.21084766480277
700095416	-0.0934049916012318	-0.16097095342122	-0.176296038782275	-0.177240221267508	-0.137657436905931	-0.173321486839435	-0.122357037003655	-0.206554865488875	-0.0990164014022101	-0.18346447544324	-0.116735839104299	-0.170607040183625	-0.198618954232432	-0.140745917720776	-0.200942640662665	-0.0909027185102418	-0.194857653328441	-0.181579974631425	0	-0.133235388425324	-0.108835026289188	-0.1276818336068	-0.125761879026758	-0.0797893812578523	-0.136591439126535	-0.131748222298602	-0.14848231729989	-0.179440375052284	-0.191310450645988	-0.186135263911967	-0.161035916329544	-0.130449463013448	-0.118213959488612	-0.169893697197051	-0.129002581314921	-0.130302234208034	-0.141093681323834	-0.189635552563618	-0.118196222259782	-0.228974485873029	-0.0942150253364028	-0.187421551083605	-0.120452340639357	-0.127504356614663	-0.177184807676321	-0.135563602955857	-0.103283844798522	-0.178971663434256	-0.148185041204249	-0.157607169439188	-0.128978252414838	-0.123970269455521	-0.127676401583369	-0.100924399557005	-0.130334203781145	-0.177038663609041	-0.131497487703861	-0.11033301147702	-0.153651416307405	-0.123773636563548
700110425	-0.0960550960379488	-0.16543223828688	-0.177646711165933	-0.109848893709098	-0.146103011366236	-0.194029184529232	-0.0928934867376668	-0.190996062640174	-0.129704433789781	-0.185901657290119	-0.123921091397898	-0.177778859765861	-0.183835608144453	-0.15376327250597	-0.181431772405909	-0.12302211395732	-0.193786172325978	-0.191875803214096	-0.133235388425324	0	-0.104938664544051	-0.134533308564094	-0.108338504396093	-0.1140817854484	-0.0969138852247935	-0.160089800669355	-0.162914583504317	-0.158766745090861	-0.165713055666805	-0.175316585408328	-0.17836721951952	-0.149297877217578	-0.117269459528859	-0.171030874317951	-0.152532760686104	-0.106528769555035	-0.172041078139097	-0.207219948033489	-0.108252499995476	-0.213476088520663	-0.131665595241735	-0.178982762574073	-0.133704870871221	-0.114053054279513	-0.155963945748341	-0.157215486755607	-0.128245834378442	-0.165984894072097	-0.153956070028185	-0.153677442287743	-0.153487798629158	-0.0890392559424452	-0.0709209056754433	-0.115110732507428	-0.141378996023915	-0.172316219407741	-0.082284604447243	-0.093782388791293	-0.139999640287695	-0.115949544174461
700111580	-0.105331008288128	-0.175025986995982	-0.171689076588298	-0.146345706993534	-0.165985274898498	-0.184191792783037	-0.0976361781832018	-0.19792278846079	-0.123744449882765	-0.180333985156275	-0.113993398613991	-0.161938792881919	-0.196047652546718	-0.1640850104775	-0.181069270952489	-0.107313236077808	-0.189868750645626	-0.198455255077582	-0.108835026289188	-0.104938664544051	0	-0.110345854488929	-0.105593309259448	-0.110270629516525	-0.0775645156193784	-0.173504368315468	-0.183317828778512	-0.204856079273574	-0.164576387609109	-0.20218685142318	-0.159730459280743	-0.116679495263011	-0.119664556472443	-0.177553755832618	-0.173061490647032	-0.112939226447129	-0.179679803860218	-0.200384095553354	-0.122331895687274	-0.210040190122646	-0.110439389972536	-0.171155457210381	-0.141570889902236	-0.12167971405681	-0.156319028838945	-0.138477189388898	-0.132174934703583	-0.153778119600405	-0.151817533104887	-0.131874102021756	-0.132604509203442	-0.114896576227146	-0.109892529359123	-0.0849076197154525	-0.147275141539326	-0.165667278915275	-0.084156361062366	-0.0936342958393054	-0.122341617141981	-0.0945490366825498
700111302	-0.129728173966475	-0.152829109218876	-0.101059629184613	-0.196688472871549	-0.167977421825314	-0.133830014425702	-0.139615173150135	-0.162223661454114	-0.123568296743379	-0.145101540460292	-0.0619182091647627	-0.100228210683575	-0.150719725038412	-0.160431814224953	-0.160541960031873	-0.0832094197174361	-0.166270557656664	-0.140336166415147	-0.1276818336068	-0.134533308564094	-0.110345854488929	0	-0.146334505633426	-0.133393638071939	-0.106755620035855	-0.188980551372163	-0.15070175435053	-0.174449830070263	-0.191605846881057	-0.16307864313171	-0.144649321377268	-0.0726106857605781	-0.0879415911379332	-0.121601429315755	-0.177396087963537	-0.110794039422673	-0.149290396215036	-0.175015096709927	-0.147555612174464	-0.187948621177325	-0.127716754901224	-0.126667839561546	-0.13734371640919	-0.0956011452361467	-0.1469437530678	-0.16893426317087	-0.142946833747017	-0.125069982464204	-0.148275339081474	-0.0671645892498936	-0.0921595037637376	-0.158495705142477	-0.151124423747404	-0.100848679471351	-0.191183020389132	-0.129158993853208	-0.117798310572235	-0.144937424779295	-0.0869593517141514	-0.122990015173336
700098605	-0.105276826378159	-0.145495326299197	-0.181082091790709	-0.135583193555382	-0.144933161445914	-0.184805555482768	-0.12239895320751	-0.198791627724133	-0.125680433592572	-0.181521451738905	-0.130381659005748	-0.188916190954677	-0.192579089571866	-0.147171629887305	-0.18513042459176	-0.120716789840934	-0.187291347331792	-0.196962722194418	-0.125761879026758	-0.108338504396093	-0.105593309259448	-0.146334505633426	0	-0.116696466923191	-0.13959590584117	-0.138528646963382	-0.152228814210349	-0.166075021124892	-0.17091200333148	-0.18554249017006	-0.173694391818877	-0.156448623571067	-0.129601970980452	-0.172495237362312	-0.136087486374288	-0.120446651194545	-0.167242932798057	-0.197200910079133	-0.105046690374014	-0.197030086537147	-0.117675464610943	-0.191596529271177	-0.153485470271956	-0.13030550263699	-0.181345274395677	-0.125052386894033	-0.129112651735997	-0.175597478647952	-0.158824870286081	-0.153600669659616	-0.142977220439143	-0.103296266331473	-0.105947357387168	-0.108843006030601	-0.117412993014525	-0.173115497375683	-0.118894749949527	-0.115817232106082	-0.141196468470315	-0.105565772241516
700111991	-0.0639881382006333	-0.171838861542934	-0.177623414587135	-0.148040167415209	-0.13520761702902	-0.178359363320042	-0.114965848893682	-0.217570619822438	-0.103382649305748	-0.187556056227536	-0.11920511430462	-0.194742814489196	-0.204244953635004	-0.142048573259236	-0.214678057283475	-0.0919685141846887	-0.202598422746671	-0.166457038079238	-0.0797893812578523	-0.1140817854484	-0.110270629516525	-0.133393638071939	-0.116696466923191	0	-0.120029235214661	-0.116511069668797	-0.150535897278537	-0.176756250618446	-0.191982229084084	-0.188183884679522	-0.171845092667578	-0.156807135029401	-0.12480026332469	-0.174464924018085	-0.113513110141804	-0.118263949608239	-0.136458565993965	-0.195989987734696	-0.0992364280792839	-0.238220999056405	-0.103413274700362	-0.199954291515096	-0.129792947464906	-0.130541875053884	-0.18848598201717	-0.139837926531355	-0.104989286051985	-0.192863872042863	-0.144068833570979	-0.170678748516888	-0.128634283225801	-0.106964037801847	-0.111272546277033	-0.102867384603835	-0.0933792846525252	-0.191558971429537	-0.127715800887333	-0.086878268011166	-0.160696928107686	-0.123472477039682
700108960	-0.101596929620051	-0.200526608924957	-0.181003361478421	-0.135151655363582	-0.191149333042404	-0.203623236094558	-0.0855118377502778	-0.23354891341936	-0.128858303710831	-0.217314552412208	-0.120368993966528	-0.176025398673461	-0.220931537779933	-0.196264428608346	-0.221734411490936	-0.122042684552447	-0.234515826659733	-0.204205856965498	-0.136591439126535	-0.0969138852247935	-0.0775645156193784	-0.106755620035855	-0.13959590584117	-0.120029235214661	0	-0.201855618898532	-0.212774014077433	-0.217869804684119	-0.211160591580448	-0.21904261483843	-0.201605703191962	-0.103983834866453	-0.143023405898929	-0.196938925073891	-0.187495057035327	-0.109144814624394	-0.193425303494478	-0.234571462896998	-0.124499065631751	-0.256334291199473	-0.150953230739473	-0.202407725807722	-0.160418755956804	-0.115067187992943	-0.194758493622073	-0.19457408115925	-0.174835981979815	-0.198007167948112	-0.185731481362965	-0.143656877738396	-0.139420968817184	-0.115399258446261	-0.102046550885519	-0.110035615182583	-0.130926617059984	-0.203441607754449	-0.100175774837216	-0.0796999030337084	-0.140968419542509	-0.0902796680350805
700024452	-0.128001865003643	-0.158070704578656	-0.203354433457125	-0.153397314995923	-0.120633414398654	-0.199233897648242	-0.158865336295139	-0.220328555951366	-0.12320169709691	-0.198599679204518	-0.160908747772173	-0.220904273347039	-0.208660704626638	-0.136500109258864	-0.210807064849218	-0.15081667199876	-0.204492244322839	-0.203430169415087	-0.131748222298602	-0.160089800669355	-0.173504368315468	-0.188980551372163	-0.138528646963382	-0.116511069668797	-0.201855618898532	0	-0.147767551145627	-0.15601840899871	-0.148711180690815	-0.184592957361906	-0.197326570179629	-0.202987356234991	-0.154021276453595	-0.185791021071488	-0.0636782525325571	-0.156714579672874	-0.177834813170929	-0.205060142739762	-0.123681326125353	-0.214964834070631	-0.145596042484031	-0.213745185610006	-0.163378527313749	-0.176446230720204	-0.190044892528364	-0.130643918483267	-0.107932995295628	-0.200119498976562	-0.160430509900835	-0.193329480651929	-0.179069384041246	-0.1157488985022	-0.136395151795706	-0.14783632408658	-0.123450958150092	-0.203023218674767	-0.158885610723158	-0.155977761702317	-0.175474010240946	-0.181049040438611
700032931	-0.160845429767459	-0.111278078313223	-0.138651885419089	-0.229967078738758	-0.138116581988797	-0.122631037407262	-0.202562977706369	-0.130191365163656	-0.157017256752683	-0.115616333466285	-0.124998480439682	-0.161650791817551	-0.122206693541433	-0.0918932988338563	-0.134127389097328	-0.150323451498361	-0.115710581267279	-0.131778104774213	-0.14848231729989	-0.162914583504317	-0.183317828778512	-0.15070175435053	-0.152228814210349	-0.150535897278537	-0.212774014077433	-0.147767551145627	0	-0.141194067484653	-0.144352440343382	-0.109567922754513	-0.121267890323974	-0.174001953248301	-0.119943154043521	-0.111190056568582	-0.158728733760235	-0.144699184407411	-0.117584041504862	-0.124016119733203	-0.162621685890389	-0.148277433083227	-0.138426802201261	-0.129951302783574	-0.122955876009357	-0.159300747603044	-0.125795801685637	-0.127557921961251	-0.100737007749451	-0.119832269813564	-0.100543001869742	-0.135874454632867	-0.148538074637054	-0.183701461890289	-0.189837921333078	-0.141681505582365	-0.186673703023203	-0.115861023816722	-0.160171260363379	-0.194168633778634	-0.137052459902979	-0.191056039702975
700095837	-0.18138485634062	-0.143515709502921	-0.178307710264723	-0.208758660040134	-0.162608028759006	-0.189977550562691	-0.204097111208757	-0.170110152852647	-0.17141420530898	-0.156092027817172	-0.151793544698375	-0.188934532709867	-0.142534866902144	-0.168605335282079	-0.175375948870335	-0.150312583559171	-0.172688738016342	-0.189865930936226	-0.179440375052284	-0.158766745090861	-0.204856079273574	-0.174449830070263	-0.166075021124892	-0.176756250618446	-0.217869804684119	-0.15601840899871	-0.141194067484653	0	-0.131727987362043	-0.135774452655832	-0.184812979765035	-0.196619293810226	-0.136900105767432	-0.136368398976686	-0.16122294348995	-0.171011989620841	-0.180145144016757	-0.204427371506315	-0.163743662368575	-0.176863582074883	-0.15915254592374	-0.161405526702675	-0.1675031413481	-0.157579253550432	-0.149018696041787	-0.168241984069776	-0.156600673849886	-0.14922986038414	-0.174566184411905	-0.172388958093425	-0.170923063688099	-0.181982442811527	-0.178085055572309	-0.187116122202873	-0.201698661252429	-0.156642523200015	-0.184375206997154	-0.200159037407148	-0.173089227128193	-0.197431832093966
700024548	-0.194533424062289	-0.139026568167926	-0.15804043938927	-0.189463012413828	-0.163587090186444	-0.166803674362354	-0.201682690789738	-0.129877582729634	-0.204369509425265	-0.126608145595559	-0.159579144093351	-0.173584747438825	-0.121301874834365	-0.136744109392198	-0.124806584367152	-0.187263599961218	-0.129522382812818	-0.196728038956013	-0.191310450645988	-0.165713055666805	-0.164576387609109	-0.191605846881057	-0.17091200333148	-0.191982229084084	-0.211160591580448	-0.148711180690815	-0.144352440343382	-0.131727987362043	0	-0.129925684418328	-0.151819508658827	-0.210982128837028	-0.1351400736393	-0.132622824630819	-0.159168180818089	-0.145248081450862	-0.205146394117947	-0.161338962841873	-0.178076750508223	-0.124204537720617	-0.160479993390363	-0.121323843465462	-0.159681474162804	-0.200051872272317	-0.0937269352830575	-0.10626159761615	-0.143216768590045	-0.116309541579454	-0.141030196117501	-0.172949604365678	-0.168330631506099	-0.191202863570535	-0.175988670116883	-0.154440001305366	-0.200235304332428	-0.138097705473203	-0.138860686061894	-0.211847342648911	-0.153857140331576	-0.208512793931052
700110161	-0.196923478846337	-0.12993980750829	-0.114011602934684	-0.236870057961539	-0.154222535807751	-0.102547275794519	-0.221480240473254	-0.111206484940463	-0.18466093472945	-0.0894947317739723	-0.138733277381585	-0.147642850377038	-0.0963029592568141	-0.107659302212648	-0.111282929670412	-0.16896035019877	-0.101727107236169	-0.120370397593234	-0.186135263911967	-0.175316585408328	-0.20218685142318	-0.16307864313171	-0.18554249017006	-0.188183884679522	-0.21904261483843	-0.184592957361906	-0.109567922754513	-0.135774452655832	-0.129925684418328	0	-0.110824268560851	-0.185511191650727	-0.131114921228321	-0.0754381772030893	-0.184687016513248	-0.15987012386222	-0.146199382431895	-0.101056647587144	-0.193585184973968	-0.139133804464534	-0.165547384913131	-0.103158518520674	-0.130003290081363	-0.171310334951501	-0.116617448338591	-0.145759162488634	-0.14010368761767	-0.112995310322085	-0.100537636817572	-0.134708233755419	-0.147444883459043	-0.206892653537627	-0.209747675278188	-0.160792370413663	-0.233622731161448	-0.112350810350629	-0.155820128932326	-0.212935582354857	-0.134152657259124	-0.203766784265755
700023496	-0.188826823992068	-0.128542288035815	-0.118404116395345	-0.241643137935993	-0.154328445544549	-0.0796336061042469	-0.202694344334606	-0.122639963719545	-0.172947493751829	-0.096386627396581	-0.116715258244103	-0.127858007596475	-0.121281602948939	-0.108770736555957	-0.130883135212405	-0.142616327588249	-0.0882864513131681	-0.099166494175595	-0.161035916329544	-0.17836721951952	-0.159730459280743	-0.144649321377268	-0.173694391818877	-0.171845092667578	-0.201605703191962	-0.197326570179629	-0.121267890323974	-0.184812979765035	-0.151819508658827	-0.110824268560851	0	-0.16375914338839	-0.112667867235917	-0.0956446155327802	-0.197283237228179	-0.14619055554024	-0.129860163345885	-0.112837036753019	-0.184505845600154	-0.140920148294801	-0.120697109123159	-0.106853261884832	-0.103638541558297	-0.163513127604462	-0.10500551899899	-0.126954203778176	-0.119985284454807	-0.104112321265731	-0.0836518109750733	-0.126667976449862	-0.11631582091559	-0.211256934830639	-0.205059855461041	-0.126618725966033	-0.230083595743566	-0.106795287201276	-0.144630829075606	-0.206253433438807	-0.132181085234353	-0.184895436719419
700034628	-0.139510448105922	-0.161186777525795	-0.140941499162021	-0.205828030592943	-0.184756120100269	-0.165676113925212	-0.121693439241904	-0.179740116915102	-0.112069613280913	-0.167088191201865	-0.0972252634385534	-0.125034947169183	-0.167192760256848	-0.18175659188227	-0.176602073197901	-0.115350027722043	-0.18544513741567	-0.174671627628123	-0.130449463013448	-0.149297877217578	-0.116679495263011	-0.0726106857605781	-0.156448623571067	-0.156807135029401	-0.103983834866453	-0.202987356234991	-0.174001953248301	-0.196619293810226	-0.210982128837028	-0.185511191650727	-0.16375914338839	0	-0.12400399158985	-0.154009914294957	-0.193784449605884	-0.101773077299564	-0.178092250032852	-0.190028238126037	-0.159534920460086	-0.208403305471651	-0.146336090195216	-0.151176544393249	-0.154878771509941	-0.0741100814692642	-0.163237077327153	-0.186826680216324	-0.159816307217389	-0.149850826747513	-0.169531284396545	-0.0936767115926826	-0.13351490717974	-0.165279537977503	-0.157049624325754	-0.117286675360335	-0.189723715719296	-0.14278511625769	-0.12967544498871	-0.142068035873399	-0.118874640421301	-0.087872306210026
700023645	-0.133369056018534	-0.132668621199335	-0.104242061154227	-0.177770119572543	-0.142871425783414	-0.116263279080276	-0.14622501319428	-0.133435563981142	-0.134683565527876	-0.109266858460678	-0.0673737157027651	-0.10432386513242	-0.117979877967382	-0.112221647306557	-0.138453616976895	-0.0824474696373233	-0.129769316100401	-0.125973509365925	-0.118213959488612	-0.117269459528859	-0.119664556472443	-0.0879415911379332	-0.129601970980452	-0.12480026332469	-0.143023405898929	-0.154021276453595	-0.119943154043521	-0.136900105767432	-0.1351400736393	-0.131114921228321	-0.112667867235917	-0.12400399158985	0	-0.0863411393007406	-0.151296468470972	-0.0974594793090772	-0.132815132806143	-0.147752804921111	-0.131138865783828	-0.155164478395965	-0.0928798265504041	-0.101345264753524	-0.0969503417559816	-0.111725888484278	-0.103227831535591	-0.117662394044886	-0.097394587512066	-0.102384669901438	-0.108107822434703	-0.0894511671648863	-0.0870577274296292	-0.15513644403591	-0.144367034051749	-0.107307035868589	-0.184117554112923	-0.0982249937038113	-0.0984639058441987	-0.145435274466487	-0.0926149412970789	-0.143377007509993
700038744	-0.188791855397828	-0.125616132891035	-0.0941038991644525	-0.227761794160212	-0.155559486901816	-0.0823984971027802	-0.203891936061687	-0.106634771099981	-0.167367236473657	-0.0756032107945691	-0.101635289442462	-0.105163849056033	-0.0836261116599404	-0.112992053551493	-0.124393969175969	-0.136878016340059	-0.0967640507929145	-0.106004190319555	-0.169893697197051	-0.171030874317951	-0.177553755832618	-0.121601429315755	-0.172495237362312	-0.174464924018085	-0.196938925073891	-0.185791021071488	-0.111190056568582	-0.136368398976686	-0.132622824630819	-0.0754381772030893	-0.0956446155327802	-0.154009914294957	-0.0863411393007406	0	-0.185607617593314	-0.139147554752376	-0.137881254122949	-0.111137679096491	-0.179777093776244	-0.132393520661626	-0.136696236385223	-0.078265895682771	-0.112788086054549	-0.153524523900057	-0.0913182551799353	-0.138924005197044	-0.130523544334085	-0.0795079323741979	-0.104835035299403	-0.0966022810880282	-0.108817607541159	-0.204824338328194	-0.202807159221078	-0.138465177625224	-0.231728862616065	-0.0957796147180399	-0.143461877511494	-0.200688023568284	-0.107291770855519	-0.190904640835031
