700108602	700014971	700033565	700109389	700023058	700023927	700106341	700114221	700023543	700023439	700016978	700024192	700113058	700099448	700109870	700033928	700023693	700109627	700095416	700110425	700111580	700111302	700098605	700111991	700108960	700024452	700032931	700095837	700024548	700110161	700023496	700034628	700023645	700038744	700038485	700024743	700099596	700110760	700101587	700106399	700032322	700095653	700021312	700101230	700023590	700038905	700033136	700023382	700096424	700105469	700016908	700096053	700108479	700109569	700033814	700016125	700109756	700102665	700101777	700109455
700108602	0	0.240720571971158	0.330615259084408	0.220862380762423	0.192994422407208	0.311676932374102	0.0858885723628911	0.32410929716109	0.13451677728762	0.301085990627036	0.237655220209233	0.350864440338318	0.318087503132581	0.240047025204962	0.33944013015917	0.20291639858642	0.302941650079733	0.301079982130562	0.138968401862227	0.108992973336467	0.1715555501722	0.243400640039853	0.125558600138342	0.0850207638499741	0.150312303010057	0.187707204345973	0.233833873720072	0.329077353479045	0.290902254358848	0.332458638942766	0.262665090282664	0.2435126161694	0.250445349041607	0.291454120845363	0.171302073220106	0.151021487297491	0.240108254189842	0.311588307759259	0.126290935148424	0.377019095352866	0.16787593909123	0.339983579549191	0.214925380933839	0.190688076673587	0.293494936085867	0.233150122466624	0.204542603039631	0.306656979867577	0.238989856243598	0.322810933892884	0.296885342312981	0.104633517976595	0.111015310682214	0.172223531595412	0.108220597076108	0.305488913240443	0.157502417829603	0.128143338463257	0.291418835922357	0.126204915295842
700014971	0.240720571971158	0	0.291900098920752	0.340043819116504	0.14029502684998	0.258281700784326	0.260746069280676	0.207250430416244	0.214945221551445	0.160876854623379	0.18932524254312	0.32632543800998	0.210961901135343	0.155586558111097	0.254278137268176	0.244576968305593	0.186354185843937	0.280035201223564	0.22285389648131	0.243855629170916	0.251615847629835	0.235948393212441	0.218438049731009	0.221184265056062	0.303612046660903	0.18166985996221	0.125351115973615	0.210591668768277	0.161149573870434	0.189581532089609	0.174215301385085	0.263038063202082	0.182653374045031	0.179764371857932	0.181709587260306	0.200552982733383	0.238739612480577	0.261785852743226	0.173379192504533	0.210269226397329	0.176358295784181	0.224244549983164	0.185588112338659	0.219367622227773	0.192544979209699	0.166425786402773	0.153865895317333	0.210484800312476	0.188763007652099	0.289177590921266	0.299262538793724	0.213429485631131	0.237799959499085	0.20597638995289	0.28537678242561	0.197060084482497	0.242646834174518	0.266285547708687	0.261670310791327	0.236757748233272
700033565	0.330615259084408	0.291900098920752	0	0.446192195284521	0.295353233590682	0.0718481603229948	0.323486005438885	0.162263136012066	0.270424363537187	0.169763029107785	0.140149820537229	0.0916636192707466	0.158110683683239	0.201743460974801	0.177420229130216	0.159683235074575	0.165493866542964	0.11643034874334	0.242187763362758	0.296292853595323	0.245085206918786	0.115093728304121	0.320561470045859	0.303478565964348	0.264698405396233	0.334750020052691	0.239490528949302	0.372982278884706	0.289745540109598	0.217068194947265	0.169714930370141	0.185439274172019	0.158214485822998	0.146137966086942	0.346905545297956	0.223279153101695	0.268750579543722	0.134731059142332	0.305017479251297	0.257239026398134	0.242710398015281	0.100487277259235	0.218302990839542	0.258590002316812	0.20473740431518	0.233778022676547	0.238156151496515	0.159534758630149	0.182540581678557	0.0737930679253842	0.124061694688881	0.328736406336516	0.345187695168468	0.222253795944673	0.398125190961753	0.146377843394314	0.240323336296337	0.26238986885126	0.0782774133506456	0.28082642444331
700109389	0.220862380762423	0.340043819116504	0.446192195284521	0	0.31954584631688	0.444352214059378	0.20379665958855	0.423906864469231	0.310287418349641	0.403001023167236	0.365622963863812	0.460383381583969	0.419155288165041	0.366675123544364	0.436063325707889	0.34505925462906	0.412863055887231	0.438553803475521	0.315067985932385	0.205280145729373	0.301470319195936	0.378493369241516	0.226805498888476	0.255169274162269	0.288376103419331	0.278334385455849	0.367876470477538	0.41531383031023	0.351693141123572	0.424239004480971	0.389216104640343	0.384278097625884	0.364120641237432	0.400254518221563	0.25580714427787	0.289685023919491	0.386719257114433	0.445101010444497	0.254743688757702	0.428536622920205	0.295053366282445	0.431681481381242	0.352383281261723	0.312121272843991	0.391432419912852	0.344221940926091	0.347217808679616	0.409118499031365	0.385613180928366	0.43992340954087	0.423016751982017	0.208753333396093	0.160860737676274	0.333524037187733	0.17224573661434	0.408811639895044	0.246835537994502	0.272141457791334	0.40510188938103	0.270761718716158
700023058	0.192994422407208	0.14029502684998	0.295353233590682	0.31954584631688	0	0.252720501301175	0.216156659808564	0.235966148669913	0.166489462954161	0.208363191506312	0.20107023536943	0.317480134879615	0.241753425192795	0.160356876954454	0.270503416991733	0.210882278415011	0.207316417657982	0.244020153335592	0.171930324491975	0.222323598934792	0.220608651368381	0.231629494283032	0.201107317519585	0.157717061233405	0.276286357457546	0.156933719327266	0.152374564585226	0.27485452921727	0.212196285207845	0.23783539311993	0.183929842234276	0.25375663063763	0.197218599161274	0.205767026797326	0.170488326430503	0.203545324038618	0.184801518952659	0.228679433575907	0.127810789102997	0.27142647662894	0.138635344692433	0.255267077370269	0.138102154058382	0.193512960522195	0.212867106681616	0.165174354046995	0.125041492498481	0.231610921130479	0.165557923175791	0.289578784200285	0.293735265019198	0.168610582748546	0.212170121541308	0.174374268462558	0.248619853044396	0.22044087226245	0.232256630327135	0.223733636582786	0.256747367903279	0.200820671919638
700023927	0.311676932374102	0.258281700784326	0.0718481603229948	0.444352214059378	0.252720501301175	0	0.320822409847249	0.139552723847852	0.256451148541679	0.139356795652681	0.133270049825842	0.136289361660594	0.13562809089904	0.150250806096916	0.16509069708499	0.158996899513692	0.132868217051827	0.105275094741098	0.225831161596922	0.292033037832903	0.237588260387731	0.156936627030053	0.296312923583929	0.285203994900395	0.271075694782816	0.31444510350682	0.206213614411853	0.365737734171996	0.267302049061269	0.198374127488797	0.119857229493811	0.187958258785592	0.150247254400906	0.117240543762148	0.326099601634772	0.219688688412799	0.236847576585338	0.0878933482677569	0.294973706420632	0.229040546959859	0.220912991577534	0.0814606826711618	0.181422411503792	0.249670492937262	0.181348373105131	0.204860969095589	0.199917951205772	0.137991332605447	0.126060940279684	0.104121125743284	0.159268668074205	0.318653436193655	0.337779638131452	0.203532491783776	0.380235313326809	0.119921721403248	0.227525409354331	0.253048706362473	0.0919107484429238	0.268282229548256
700106341	0.0858885723628911	0.260746069280676	0.323486005438885	0.20379665958855	0.216156659808564	0.320822409847249	0	0.311824268590042	0.136381636754867	0.297968401843647	0.2410871457968	0.334595994977547	0.305648612147368	0.253389444234279	0.333980310643327	0.210924956094654	0.296970304335897	0.324302640167664	0.149169183142145	0.0774009060201824	0.155364312790292	0.23513430362722	0.129545725023563	0.134301002422317	0.124752407858421	0.242742712281499	0.279716067283732	0.352239403953397	0.299684114359235	0.337426498292789	0.268121028816196	0.210619462364536	0.24133608566152	0.293635916307345	0.212784642954915	0.134143565737413	0.274444551358036	0.325066593688145	0.122356674953782	0.38150585155064	0.173020550036648	0.326425323610035	0.222407229157601	0.167620054883962	0.282084665563022	0.25044610493988	0.222728172774836	0.290926865917779	0.255664490223951	0.309593152744939	0.304745146837501	0.0958586416907298	0.0893374445952788	0.179034522563514	0.125780333399353	0.293518243018314	0.14295547192539	0.123105955803102	0.281613107643863	0.0993738930896077
700114221	0.32410929716109	0.207250430416244	0.162263136012066	0.423906864469231	0.235966148669913	0.139552723847852	0.311824268590042	0	0.264431976337313	0.0984214733951574	0.190001045984378	0.217126407931996	0.0637791974270805	0.151556607613802	0.10742686109673	0.238403477972822	0.0766522294363166	0.220870659284808	0.262067487459765	0.287584524654606	0.270125003849328	0.230209325119908	0.311449005193389	0.27976014247378	0.332193590129874	0.299008622853289	0.170904550429742	0.310780791026886	0.20415904440396	0.131834572265027	0.149876333232426	0.242491153896854	0.169913465037679	0.12929028139304	0.310956129281265	0.227494293702921	0.253462209569351	0.118064688289102	0.267054541455533	0.151361505099286	0.202670874852706	0.0977346963698865	0.21901510808686	0.246542292415284	0.118714228531012	0.165341318535212	0.179835979058407	0.08605479405187	0.178192676541497	0.177274227352694	0.258602114825011	0.290728492997577	0.314713780440275	0.241175974602273	0.388340454069597	0.0793929753945219	0.246346292001557	0.311760165245865	0.166452657064317	0.273836537425118
700023543	0.13451677728762	0.214945221551445	0.270424363537187	0.310287418349641	0.166489462954161	0.256451148541679	0.136381636754867	0.264431976337313	0	0.233232236091432	0.170804933086583	0.294444220614748	0.262816983048978	0.196139814190225	0.295654480117342	0.150927520728594	0.238222226751517	0.249201208007329	0.0829726537064801	0.150830517427364	0.162683966370528	0.181923481238654	0.185235585739677	0.114098452063366	0.165443912335369	0.207668994503669	0.208630475274529	0.322038227385909	0.298196512163924	0.279155449290644	0.200031431623914	0.153084853122997	0.189416888601151	0.225076888674209	0.193696236503813	0.136017498981317	0.202898956689719	0.262271117368661	0.119016066572292	0.341020427241612	0.127705187970694	0.274075417065543	0.158837028510147	0.105278469445306	0.243119885974469	0.222895642040426	0.152070643280508	0.240840001164888	0.200341297074347	0.260129435099443	0.254137362214583	0.140962362361591	0.175646720199923	0.12980476316656	0.198344349031311	0.238629142127441	0.184411623952504	0.123052033058192	0.247161385333384	0.112471315509296
700023439	0.301085990627036	0.160876854623379	0.169763029107785	0.403001023167236	0.208363191506312	0.139356795652681	0.297968401843647	0.0984214733951574	0.233232236091432	0	0.149036907716059	0.218729046652377	0.0930063731235747	0.100381271870942	0.163259545447555	0.200977504309268	0.076594037574455	0.185594932230396	0.22370115955535	0.265650406591271	0.240791557540238	0.204706393167925	0.288782253794212	0.25446895064964	0.301341451338055	0.267714676443477	0.144468905502089	0.278661102930621	0.18580197797159	0.132918959462611	0.0985997224081472	0.225587944151296	0.134493084581336	0.0797286517716022	0.279934456993587	0.193758160886344	0.221504657048627	0.138078646786373	0.237718588750586	0.156398878341017	0.173178386629407	0.108239641500866	0.175819347969972	0.216364129431784	0.113876613624611	0.144644350692826	0.151869979165845	0.109652891994037	0.127924594294859	0.183079186978154	0.233063438075097	0.262804923074455	0.296839330030343	0.199297177004145	0.360444837505111	0.100908344023526	0.21520536609081	0.27124314105283	0.173930199206202	0.246714438735893
700016978	0.237655220209233	0.18932524254312	0.140149820537229	0.365622963863812	0.20107023536943	0.133270049825842	0.2410871457968	0.190001045984378	0.170804933086583	0.149036907716059	0	0.178184820648409	0.184480600241688	0.142251884141049	0.237050905915508	0.090381548597125	0.155337565543202	0.125618533647838	0.161798774513986	0.201463796481474	0.178033048577876	0.0899365454831097	0.256523184221418	0.196574612313221	0.190099679556097	0.25795559106936	0.176594077878012	0.287359665739088	0.251071736328102	0.212011679486448	0.108200682321107	0.132856490236915	0.063008709102184	0.107865127426575	0.258800065436755	0.141690416382618	0.18964663449067	0.178352691457082	0.203763831036603	0.268360029192498	0.152130475190665	0.135372849774109	0.125386084337377	0.154219835845489	0.163775236342654	0.178347288814947	0.143105138671785	0.163053733400223	0.13427158132552	0.151403742420902	0.150746219189491	0.232305089835088	0.253359058660447	0.14945184844196	0.302205289218034	0.146438542612911	0.184477398321072	0.166301379012019	0.13203061402367	0.207328134837056
700024192	0.350864440338318	0.32632543800998	0.0916636192707466	0.460383381583969	0.317480134879615	0.136289361660594	0.334595994977547	0.217126407931996	0.294444220614748	0.218729046652377	0.178184820648409	0	0.215422426002643	0.250411532379327	0.219167763490528	0.18337999999061	0.211972929846622	0.155179254297453	0.26150984702795	0.313686913288961	0.237584122925712	0.128274247790289	0.333550629338197	0.32805516330069	0.268569450956451	0.364764161815859	0.295118658857818	0.404473410900815	0.324423656161024	0.289298194594145	0.198130178740762	0.181842794232101	0.186609477990218	0.191742837839128	0.384928399738033	0.253917122286119	0.305591964766673	0.190015930355745	0.329472829891474	0.292198838461799	0.26022438005357	0.146985426264163	0.253201948904737	0.275577210324686	0.211078854074109	0.257356854440569	0.255335016860501	0.190389123882052	0.2181413564807	0.0778777693824178	0.0997026585548566	0.347413751312794	0.360535732715179	0.228489113653073	0.42388351398419	0.185736169873806	0.248871250148967	0.283051681315099	0.124667721936866	0.294501539163032
700113058	0.318087503132581	0.210961901135343	0.158110683683239	0.419155288165041	0.241753425192795	0.13562809089904	0.305648612147368	0.0637791974270805	0.262816983048978	0.0930063731235747	0.184480600241688	0.215422426002643	0	0.149195749445458	0.120034430435748	0.235911900782929	0.0948523142650471	0.213766863825989	0.26126417865947	0.285808308060132	0.272303222875431	0.227285569050184	0.307576737520451	0.27773669435736	0.329909856924981	0.300934302934088	0.1755787389658	0.309296330344566	0.207054865133957	0.149284848855735	0.141787061796787	0.239548642864112	0.168917287226578	0.131311190852995	0.315078081788085	0.226957363237482	0.251810220028745	0.1336400475032	0.26836598328466	0.163502319705712	0.205542444435756	0.11005692268472	0.227829405495458	0.247443737680762	0.135321267156758	0.165300936333214	0.19147877634042	0.0944539744988274	0.172412823682351	0.183376143611024	0.256938799585033	0.291431604969078	0.312864854987344	0.244265439322149	0.381605879809131	0.0866412906904519	0.244130263397629	0.309932041694309	0.169874459378922	0.269919259675233
700099448	0.240047025204962	0.155586558111097	0.201743460974801	0.366675123544364	0.160356876954454	0.150250806096916	0.253389444234279	0.151556607613802	0.196139814190225	0.100381271870942	0.142251884141049	0.250411532379327	0.149195749445458	0	0.196924954615862	0.175084030205317	0.118037526440777	0.177299611334517	0.173737059496843	0.221706911614041	0.20338288364644	0.19397002061608	0.234954289414728	0.188574727015373	0.261658377428437	0.210107393112773	0.109253489002432	0.277199152222634	0.183952647092233	0.167910892007214	0.096966206435653	0.216023820011289	0.12868009085396	0.106080429815124	0.23028165966501	0.166370953652683	0.175866169619463	0.148761138904097	0.199693349922898	0.221258620545401	0.139868209745842	0.156513551764118	0.11720350116665	0.20058401888977	0.126058947811188	0.131106584486893	0.108455918075014	0.14299578328444	0.0861308920575755	0.202613872056845	0.219916669783613	0.223636026534532	0.256094895668745	0.161468128507293	0.297091331339715	0.138134796873591	0.180209926949449	0.22408771403344	0.172423886166946	0.207589229766953
700109870	0.33944013015917	0.254278137268176	0.177420229130216	0.436063325707889	0.270503416991733	0.16509069708499	0.333980310643327	0.10742686109673	0.295654480117342	0.163259545447555	0.237050905915508	0.219167763490528	0.120034430435748	0.196924954615862	0	0.271886392463098	0.136127057343716	0.253711198209629	0.294794262665997	0.31599893025908	0.274722301393543	0.264618753207409	0.320283798422117	0.313142546683149	0.358873423168486	0.329226396641685	0.219379642915557	0.347132570026403	0.213543038911305	0.17442902180441	0.201218766198912	0.278971870939695	0.230353919930949	0.190413202265632	0.341799779283643	0.262997303991226	0.295126581598261	0.141763005341904	0.303524260127046	0.172604021276785	0.256638674444195	0.146445782832627	0.277521171527334	0.291408070035863	0.151931654675545	0.178807266703981	0.224714954118404	0.113028433381504	0.213792418712083	0.193602099132763	0.276562292850706	0.322603931639875	0.334679664374327	0.273832083572945	0.398436071565559	0.140983948899085	0.276344272051015	0.338019282050939	0.191118248633874	0.301549499601585
700033928	0.20291639858642	0.244576968305593	0.159683235074575	0.34505925462906	0.210882278415011	0.158996899513692	0.210924956094654	0.238403477972822	0.150927520728594	0.200977504309268	0.090381548597125	0.18337999999061	0.235911900782929	0.175084030205317	0.271886392463098	0	0.209002152777833	0.142838719956892	0.128431123656986	0.20019494839551	0.160172187021373	0.0934180645715968	0.241282058544615	0.165610407306835	0.173601995607095	0.246472574037057	0.223988181414127	0.320414591552101	0.285546004170978	0.257003069544807	0.1550239214804	0.137633707711272	0.0992659971744169	0.157773196294595	0.261112131937457	0.178234329408462	0.209795927577715	0.213691506178247	0.187521055189151	0.316735220844715	0.127914632595361	0.174317513686006	0.148624538365993	0.175136672551895	0.201037519425547	0.197432006080923	0.155001059052417	0.215515443958297	0.165791120559083	0.151989190109913	0.134662605502325	0.207410422390932	0.240411180031237	0.143907765175471	0.277627365842189	0.194300900157668	0.183752070277595	0.133751230001713	0.134032729587266	0.176589721472049
700023693	0.302941650079733	0.186354185843937	0.165493866542964	0.412863055887231	0.207316417657982	0.132868217051827	0.296970304335897	0.0766522294363166	0.238222226751517	0.076594037574455	0.155337565543202	0.211972929846622	0.0948523142650471	0.118037526440777	0.136127057343716	0.209002152777833	0	0.191600764724606	0.23113687062654	0.266011072676631	0.226061504432168	0.206731982683921	0.281808001869941	0.256986042623257	0.308602879787025	0.273611956580272	0.15407291323701	0.300596497133616	0.179757557589055	0.144085748521714	0.11603868962292	0.221475028031922	0.143152328056935	0.109082802808288	0.285966144306499	0.199108385332506	0.225057636010096	0.126335078393472	0.244669421768453	0.144889219509761	0.180249153865721	0.112673893754952	0.180776966347587	0.227006148616609	0.106080811733858	0.130964339410748	0.132470957071232	0.0848289217125095	0.143830369943264	0.17620722792199	0.241205653252121	0.270866095384987	0.299561959803468	0.208106907915135	0.364916320500833	0.0812720368076924	0.220068562751594	0.281274895726124	0.168363791541882	0.250695946374477
700109627	0.301079982130562	0.280035201223564	0.11643034874334	0.438553803475521	0.244020153335592	0.105275094741098	0.324302640167664	0.220870659284808	0.249201208007329	0.185594932230396	0.125618533647838	0.155179254297453	0.213766863825989	0.177299611334517	0.253711198209629	0.142838719956892	0.191600764724606	0	0.231186364088007	0.284306600628546	0.259174012915504	0.13576319907223	0.317772162953241	0.254678804775266	0.267976912414896	0.308784994590994	0.221305988055431	0.364278563170882	0.327196650913995	0.248272421507593	0.135410430239088	0.200866691472473	0.153721109539665	0.150868669262762	0.328344741943121	0.233272065693512	0.191165337591082	0.143825838571188	0.290229193744156	0.294935732185071	0.229448406779057	0.153767191941126	0.159298022807043	0.245529390057697	0.224630405384484	0.242660119666825	0.210848785381335	0.216500556795075	0.125081632649375	0.145911532081767	0.13966877915888	0.317890259315148	0.337400474897335	0.222913371284637	0.359193713119036	0.19025370355373	0.251383782654604	0.246814663239167	0.146898472780819	0.28808562502273
700095416	0.138968401862227	0.22285389648131	0.242187763362758	0.315067985932385	0.171930324491975	0.225831161596922	0.149169183142145	0.262067487459765	0.0829726537064801	0.22370115955535	0.161798774513986	0.26150984702795	0.26126417865947	0.173737059496843	0.294794262665997	0.128431123656986	0.23113687062654	0.231186364088007	0	0.156487234617018	0.12069039362099	0.159595999695736	0.166625469833577	0.11660319756604	0.148888360315576	0.212409052444143	0.209827614623557	0.330462775070056	0.281349762333025	0.282130356705052	0.172983106576881	0.143297378769392	0.165929000736659	0.20891084890743	0.202038871437847	0.130299440363724	0.205391561487942	0.238794143854828	0.133616741937345	0.338580203456843	0.100518594688331	0.260159590446256	0.124923665456772	0.13908587844808	0.225197831928255	0.205076492946441	0.131819827280591	0.236703136019626	0.166984410849074	0.230193310631815	0.218694584715146	0.159425462522213	0.191333336732195	0.081482463944265	0.20361421050215	0.223662343577451	0.151490481227456	0.111463719363289	0.210635086143563	0.120422194039676
700110425	0.108992973336467	0.243855629170916	0.296292853595323	0.205280145729373	0.222323598934792	0.292033037832903	0.0774009060201824	0.287584524654606	0.150830517427364	0.265650406591271	0.201463796481474	0.313686913288961	0.285808308060132	0.221706911614041	0.31599893025908	0.20019494839551	0.266011072676631	0.284306600628546	0.156487234617018	0	0.151850851174031	0.210445620845374	0.128788623883337	0.147086831479143	0.121111371050202	0.243893321947855	0.254714907085317	0.330327741809023	0.282443795672022	0.307019036230203	0.237834602358755	0.211854579748798	0.211513024942659	0.260387105909784	0.211602865121423	0.109914535646474	0.24789155630806	0.296574473448536	0.141474780121002	0.364083649313418	0.163053782958247	0.293228756411639	0.200360593644947	0.150500411128846	0.250939185043694	0.234160765283189	0.195280043664308	0.263303725359174	0.223912157307085	0.290463038480002	0.280248261719688	0.110024456887197	0.081687358782574	0.175620487528558	0.146697341756606	0.26603733122381	0.100231987529779	0.12050566561648	0.254857251654745	0.112027395634122
700111580	0.1715555501722	0.251615847629835	0.245085206918786	0.301470319195936	0.220608651368381	0.237588260387731	0.155364312790292	0.270125003849328	0.162683966370528	0.240791557540238	0.178033048577876	0.237584122925712	0.272303222875431	0.20338288364644	0.274722301393543	0.160172187021373	0.226061504432168	0.259174012915504	0.12069039362099	0.151850851174031	0	0.152509968041666	0.165719308491853	0.162490879512454	0.115687360987352	0.271471582632436	0.269704982248789	0.37236606840145	0.241547554957937	0.311036590396462	0.193197546321543	0.143745219625457	0.174182985586262	0.22935708943539	0.260185584595712	0.131434840585917	0.272040395570397	0.243937367736911	0.173398504748203	0.321332523581097	0.144699977209906	0.252132807039886	0.172475991887213	0.16449289037171	0.203860683818438	0.188820220828748	0.153614419822125	0.213952259001587	0.187291040792303	0.205553530755441	0.223764688170742	0.161734459266047	0.198308357675246	0.0995365679696366	0.244368265908274	0.222554732759454	0.107876151258341	0.110588032433321	0.190375919197514	0.125309179432546
700111302	0.243400640039853	0.235948393212441	0.115093728304121	0.378493369241516	0.231629494283032	0.156936627030053	0.23513430362722	0.230209325119908	0.181923481238654	0.204706393167925	0.0899365454831097	0.128274247790289	0.227285569050184	0.19397002061608	0.264618753207409	0.0934180645715968	0.206731982683921	0.13576319907223	0.159595999695736	0.210445620845374	0.152509968041666	0	0.245060091740558	0.224266900162438	0.169405743369481	0.285473341509655	0.236916213721797	0.345502496624687	0.29332561441004	0.266345905263185	0.161484475764035	0.102005800733235	0.107038427952915	0.159882544361565	0.294680386992471	0.161934176580542	0.239627566072213	0.210880896105439	0.221085903800002	0.307296490423759	0.177151502681503	0.162236224491372	0.161947114807537	0.178383690437773	0.20079203058447	0.22571031017837	0.184265084043234	0.198416775328851	0.174708613784034	0.101343503512721	0.113272218707532	0.242473841668802	0.261448996057116	0.135134924423694	0.319858381151591	0.184364037805678	0.178551808955218	0.174983607459133	0.105839385266589	0.19612558287375
700098605	0.125558600138342	0.218438049731009	0.320561470045859	0.226805498888476	0.201107317519585	0.296312923583929	0.129545725023563	0.311449005193389	0.185235585739677	0.288782253794212	0.256523184221418	0.333550629338197	0.307576737520451	0.234954289414728	0.320283798422117	0.241282058544615	0.281808001869941	0.317772162953241	0.166625469833577	0.128788623883337	0.165719308491853	0.245060091740558	0	0.167925452180757	0.188432218751799	0.229250047471981	0.236544840833826	0.349943485027241	0.274718149429222	0.332443829411396	0.251960391573711	0.235913437132683	0.258401334787394	0.290588749879802	0.213455200678934	0.168151316367935	0.266868769214745	0.298011699792762	0.170002390110239	0.342744170060545	0.187139632618378	0.329944278453664	0.230907674434509	0.21911404629981	0.27969014269095	0.220937421301228	0.197662238599986	0.291631175994709	0.237779803350059	0.296187706234779	0.301224820151101	0.15915181988232	0.128556876854399	0.168579091991584	0.144763029814013	0.290124622494342	0.153141350437091	0.183744763989547	0.277159968048301	0.130934037944227
700111991	0.0850207638499741	0.221184265056062	0.303478565964348	0.255169274162269	0.157717061233405	0.285203994900395	0.134301002422317	0.27976014247378	0.114098452063366	0.25446895064964	0.196574612313221	0.32805516330069	0.27773669435736	0.188574727015373	0.313142546683149	0.165610407306835	0.256986042623257	0.254678804775266	0.11660319756604	0.147086831479143	0.162490879512454	0.224266900162438	0.167925452180757	0	0.185128186054333	0.146275906257688	0.200706303613383	0.3066985199547	0.270332421005407	0.292704150374759	0.217984425275148	0.229564437520001	0.206930454191538	0.245001050804585	0.160035612724831	0.151680541331173	0.190664134788223	0.276147397477012	0.103368800825618	0.352367420794537	0.116736692969806	0.297056573845228	0.16667464097361	0.171277696823301	0.250786448705969	0.206148907500713	0.159552693951784	0.267923691471996	0.202035814547407	0.296356463947444	0.271025870069447	0.111167710059671	0.148595495171785	0.150230441994419	0.15904254909329	0.263319910293497	0.175948545270434	0.13523672638578	0.268715448105585	0.14669871877304
700108960	0.150312303010057	0.303612046660903	0.264698405396233	0.288376103419331	0.276286357457546	0.271075694782816	0.124752407858421	0.332193590129874	0.165443912335369	0.301341451338055	0.190099679556097	0.268569450956451	0.329909856924981	0.261658377428437	0.358873423168486	0.173601995607095	0.308602879787025	0.267976912414896	0.148888360315576	0.121111371050202	0.115687360987352	0.169405743369481	0.188432218751799	0.185128186054333	0	0.304701626691422	0.310874988614541	0.392882894593477	0.327956351720889	0.35330364482785	0.255120150997185	0.127081843560889	0.203306868585351	0.263693898926933	0.273396363486541	0.136004649382389	0.298821311655383	0.307277642307063	0.19606342412044	0.407139274200875	0.203180934628321	0.285753997610731	0.209721707092495	0.155367400457782	0.291081596327828	0.285370210454717	0.23488212676006	0.299733788365724	0.246959625105073	0.237651709053072	0.225374164747357	0.167274881007408	0.170254736471391	0.138815016746398	0.207118473006529	0.291055048870533	0.141801448540354	0.0941879130751244	0.222286708481249	0.120536299739986
700024452	0.187707204345973	0.18166985996221	0.334750020052691	0.278334385455849	0.156933719327266	0.31444510350682	0.242742712281499	0.299008622853289	0.207668994503669	0.267714676443477	0.25795559106936	0.364764161815859	0.300934302934088	0.210107393112773	0.329226396641685	0.246472574037057	0.273611956580272	0.308784994590994	0.212409052444143	0.243893321947855	0.271471582632436	0.285473341509655	0.229250047471981	0.146275906257688	0.304701626691422	0	0.176380243144245	0.263246296054717	0.202297244674512	0.258568648926888	0.262303677394026	0.305311941438458	0.256926686873976	0.256876866791506	0.0836930551747622	0.220965526912165	0.248439621702419	0.296876326132402	0.152113690377355	0.303736306651345	0.178790962821597	0.310106466720556	0.219185660663381	0.246954843131844	0.270029041995079	0.201302071426969	0.201350038394857	0.295658183381084	0.242848115388104	0.336709635528998	0.322925532022094	0.178190266284767	0.211192349525113	0.234308524647119	0.217106517814585	0.27959386683172	0.25369500209345	0.249997954774391	0.29875684332132	0.24931434662917
700032931	0.233833873720072	0.125351115973615	0.239490528949302	0.367876470477538	0.152374564585226	0.206213614411853	0.279716067283732	0.170904550429742	0.208630475274529	0.144468905502089	0.176594077878012	0.295118658857818	0.1755787389658	0.109253489002432	0.219379642915557	0.223988181414127	0.15407291323701	0.221305988055431	0.209827614623557	0.254714907085317	0.269704982248789	0.236916213721797	0.236544840833826	0.200706303613383	0.310874988614541	0.176380243144245	0	0.228644365935502	0.181949549733118	0.166688583655657	0.14955601760023	0.266662237749119	0.16456472875456	0.13283998946153	0.200754581422441	0.201987145525487	0.185503344702034	0.196436543321949	0.196413994086178	0.215104448970687	0.174521084781967	0.194299285579041	0.153982367422222	0.226360863812678	0.170842861538351	0.154389976932206	0.140980313732643	0.176517718469608	0.153960851672421	0.248162435615935	0.269062551581363	0.238434377580895	0.254996333818366	0.214173985949528	0.286185420594866	0.16281490295102	0.246475255027501	0.26875122682263	0.226757443371068	0.255629013769117
700095837	0.329077353479045	0.210591668768277	0.372982278884706	0.41531383031023	0.27485452921727	0.365737734171996	0.352239403953397	0.310780791026886	0.322038227385909	0.278661102930621	0.287359665739088	0.404473410900815	0.309296330344566	0.277199152222634	0.347132570026403	0.320414591552101	0.300596497133616	0.364278563170882	0.330462775070056	0.330327741809023	0.37236606840145	0.345502496624687	0.349943485027241	0.3066985199547	0.392882894593477	0.263246296054717	0.228644365935502	0	0.223210969461894	0.214533837397606	0.29852466827691	0.375665455199042	0.280080893054919	0.275285527590441	0.257388308641142	0.307351013406362	0.316299333144334	0.364301245140595	0.284810734539122	0.318053037043671	0.285422308373436	0.314313684102963	0.307267650406878	0.314434779225541	0.284140486600009	0.280846752357955	0.282149276093503	0.311155894604047	0.310962287027672	0.382605919020406	0.374313149802604	0.312281426902645	0.324870361750435	0.345931244039752	0.376380309471413	0.302426332896215	0.347170425519829	0.360572719503857	0.34811808089526	0.34903825104864
700024548	0.290902254358848	0.161149573870434	0.289745540109598	0.351693141123572	0.212196285207845	0.267302049061269	0.299684114359235	0.20415904440396	0.298196512163924	0.18580197797159	0.251071736328102	0.324423656161024	0.207054865133957	0.183952647092233	0.213543038911305	0.285546004170978	0.179757557589055	0.327196650913995	0.281349762333025	0.282443795672022	0.241547554957937	0.29332561441004	0.274718149429222	0.270332421005407	0.327956351720889	0.202297244674512	0.181949549733118	0.223210969461894	0	0.159631426443593	0.230805866487087	0.316513968856565	0.231276810010544	0.20396529763845	0.21081564271901	0.230601851798037	0.314414764928716	0.253732318609707	0.239459435388551	0.158414919245446	0.213869032732832	0.217680586252184	0.256176833571573	0.287544297192485	0.161287619048537	0.128516705161459	0.19708963178921	0.183895026242799	0.23684986084492	0.296741384627239	0.332336048346271	0.254896009961872	0.273072924535209	0.25820633445202	0.318294397986513	0.202680846763283	0.24346803399545	0.300777536711272	0.257650820024643	0.282149588883392
700110161	0.332458638942766	0.189581532089609	0.217068194947265	0.424239004480971	0.23783539311993	0.198374127488797	0.337426498292789	0.131834572265027	0.279155449290644	0.132918959462611	0.212011679486448	0.289298194594145	0.149284848855735	0.167910892007214	0.17442902180441	0.257003069544807	0.144085748521714	0.248272421507593	0.282130356705052	0.307019036230203	0.311036590396462	0.266345905263185	0.332443829411396	0.292704150374759	0.35330364482785	0.258568648926888	0.166688583655657	0.214533837397606	0.159631426443593	0	0.184103592773524	0.291191082295671	0.20621814865544	0.142836044326707	0.265790365189024	0.255143601418109	0.262730474509148	0.18384176768496	0.2625024190529	0.193372269784349	0.237597076810797	0.163566065627515	0.237799135712808	0.269404134780204	0.187742451128987	0.200600089292375	0.217860320879255	0.168036765829916	0.202634271080182	0.252968414828099	0.293850448765474	0.291273165851405	0.328712727233233	0.267687307151758	0.39064298881145	0.159817954531309	0.282310945766673	0.323313072351556	0.227338389109606	0.307313107713439
700023496	0.262665090282664	0.174215301385085	0.169714930370141	0.389216104640343	0.183929842234276	0.119857229493811	0.268121028816196	0.149876333232426	0.200031431623914	0.0985997224081472	0.108200682321107	0.198130178740762	0.141787061796787	0.096966206435653	0.201218766198912	0.1550239214804	0.11603868962292	0.135410430239088	0.172983106576881	0.237834602358755	0.193197546321543	0.161484475764035	0.251960391573711	0.217984425275148	0.255120150997185	0.262303677394026	0.14955601760023	0.29852466827691	0.230805866487087	0.184103592773524	0	0.184182366803666	0.0998808076383341	0.0834976673482812	0.275686706740158	0.173306985737995	0.178703580611357	0.12833633922685	0.22411841105576	0.222365290076239	0.14278182729547	0.139353187491699	0.116167514979389	0.188943097792444	0.127825156441497	0.152577139531896	0.123699273193317	0.130232697588777	0.0748694788788671	0.175073985264159	0.193912550075343	0.252308705005928	0.278178176029418	0.149338681836697	0.326778576738548	0.108947182837697	0.186721082650713	0.224191835985933	0.166120523412993	0.224708857707651
700034628	0.2435126161694	0.263038063202082	0.185439274172019	0.384278097625884	0.25375663063763	0.187958258785592	0.210619462364536	0.242491153896854	0.153084853122997	0.225587944151296	0.132856490236915	0.181842794232101	0.239548642864112	0.216023820011289	0.278971870939695	0.137633707711272	0.221475028031922	0.200866691472473	0.143297378769392	0.211854579748798	0.143745219625457	0.102005800733235	0.235913437132683	0.229564437520001	0.127081843560889	0.305311941438458	0.266662237749119	0.375665455199042	0.316513968856565	0.291191082295671	0.184182366803666	0	0.142426488340546	0.191610249879547	0.297100906464796	0.150930604578092	0.271074523423744	0.228034015686367	0.22764858694655	0.319906041735708	0.198909799755113	0.200088501367471	0.185482949677129	0.141118772360502	0.22304731294408	0.245710071775196	0.206210975813029	0.213536871954705	0.197915982459921	0.147880739260568	0.173259920433314	0.238705043571423	0.259059611091887	0.120657083882824	0.312201558327332	0.196893063890558	0.182738308319304	0.150592760103627	0.158631568697684	0.151783495723024
700023645	0.250445349041607	0.182653374045031	0.158214485822998	0.364120641237432	0.197218599161274	0.150247254400906	0.24133608566152	0.169913465037679	0.189416888601151	0.134493084581336	0.063008709102184	0.186609477990218	0.168917287226578	0.12868009085396	0.230353919930949	0.0992659971744169	0.143152328056935	0.153721109539665	0.165929000736659	0.211513024942659	0.174182985586262	0.107038427952915	0.258401334787394	0.206930454191538	0.203306868585351	0.256926686873976	0.16456472875456	0.280080893054919	0.231276810010544	0.20621814865544	0.0998808076383341	0.142426488340546	0	0.0928378259676264	0.268249806330013	0.153893160945969	0.207150826392518	0.185386136807761	0.197858875182744	0.249244758012816	0.134201068745229	0.122614038972228	0.117357984187712	0.159791209190902	0.139715712057286	0.159087634485112	0.122581458236581	0.145843848615171	0.13836010075182	0.154931208413243	0.161645636006127	0.221723499570433	0.254839539151947	0.159733647254184	0.316455443109261	0.122756235949636	0.17809326939976	0.174570532090415	0.134003851589214	0.20512975321938
700038744	0.291454120845363	0.179764371857932	0.146137966086942	0.400254518221563	0.205767026797326	0.117240543762148	0.293635916307345	0.12929028139304	0.225076888674209	0.0797286517716022	0.107865127426575	0.191742837839128	0.131311190852995	0.106080429815124	0.190413202265632	0.157773196294595	0.109082802808288	0.150868669262762	0.20891084890743	0.260387105909784	0.22935708943539	0.159882544361565	0.290588749879802	0.245001050804585	0.263693898926933	0.256876866791506	0.13283998946153	0.275285527590441	0.20396529763845	0.142836044326707	0.0834976673482812	0.191610249879547	0.0928378259676264	0	0.269245638724617	0.186050061506268	0.207954330289063	0.136663318786911	0.23030953916107	0.197497847235402	0.174477514185362	0.0919623402103979	0.14936136975605	0.204966433009769	0.120918352134127	0.158471594302727	0.156275364753055	0.122533158154208	0.125869196414548	0.160811687543457	0.192886762034317	0.263938058815669	0.29491772618603	0.188183052655874	0.352141826581647	0.0988458764906367	0.216164088177996	0.233734021247511	0.150906440477501	0.253456174251182
700038485	0.171302073220106	0.181709587260306	0.346905545297956	0.25580714427787	0.170488326430503	0.326099601634772	0.212784642954915	0.310956129281265	0.193696236503813	0.279934456993587	0.258800065436755	0.384928399738033	0.315078081788085	0.23028165966501	0.341799779283643	0.261112131937457	0.285966144306499	0.328344741943121	0.202038871437847	0.211602865121423	0.260185584595712	0.294680386992471	0.213455200678934	0.160035612724831	0.273396363486541	0.0836930551747622	0.200754581422441	0.257388308641142	0.21081564271901	0.265790365189024	0.275686706740158	0.297100906464796	0.268249806330013	0.269245638724617	0	0.187725033538077	0.274003262463454	0.328801534889739	0.131495913370173	0.315578509108258	0.202917426621029	0.322861961476986	0.238461543095312	0.213108964003671	0.284663018131126	0.20933903080289	0.216421824823801	0.309527952535463	0.269091135429058	0.354734766883839	0.334387419262607	0.156345221210229	0.181466058727113	0.233413968660518	0.182122742799641	0.294901079204424	0.247839113208395	0.22322335020322	0.314735016833542	0.226173682196927
700024743	0.151021487297491	0.200552982733383	0.223279153101695	0.289685023919491	0.203545324038618	0.219688688412799	0.134143565737413	0.227494293702921	0.136017498981317	0.193758160886344	0.141690416382618	0.253917122286119	0.226957363237482	0.166370953652683	0.262997303991226	0.178234329408462	0.199108385332506	0.233272065693512	0.130299440363724	0.109914535646474	0.131434840585917	0.161934176580542	0.168151316367935	0.151680541331173	0.136004649382389	0.220965526912165	0.201987145525487	0.307351013406362	0.230601851798037	0.255143601418109	0.173306985737995	0.150930604578092	0.153893160945969	0.186050061506268	0.187725033538077	0	0.231103132350006	0.225917981114446	0.138470655815154	0.303508284684796	0.137194421114023	0.225807204968748	0.15389269492329	0.099866431591716	0.187993350578059	0.182061922250932	0.156265002976196	0.196627954581592	0.161882647486059	0.228259538107997	0.2325679937954	0.142477737487784	0.16324530202848	0.128373631552492	0.213096666143523	0.19829668913371	0.109670765008155	0.110169741468178	0.193239771160649	0.100003649414879
