700108602	700014971	700033565	700109389	700023058	700023927	700106341	700114221	700023543	700023439	700016978	700024192	700113058	700099448	700109870	700033928	700023693	700109627	700095416	700110425	700111580	700111302	700098605	700111991	700108960	700024452	700032931	700095837	700024548	700110161	700023496	700034628	700023645	700038744	700038485	700024743	700099596	700110760	700101587	700106399	700032322	700095653	700021312	700101230	700023590	700038905	700033136	700023382	700096424	700105469	700016908	700096053	700108479	700109569	700033814	700016125	700109756	700102665	700101777	700109455
700108602	0	0.210405707582128	0.321538195481926	0.222841883136536	0.188904689577615	0.315503844480067	0.117260978090917	0.32640325445375	0.159580631460798	0.295492612317919	0.2284072286311	0.351090963139791	0.316972309498655	0.229128734507904	0.336740672257849	0.239605630997197	0.285691989234465	0.281679349562528	0.148873440407641	0.125842971904591	0.174282418395445	0.244695215846298	0.133668825622712	0.080798451241323	0.181813160069711	0.184262594360207	0.23172891476426	0.34825848318433	0.312262713105918	0.320809295814377	0.27073299820112	0.270685156832051	0.218849825965035	0.304223597291533	0.162715130811187	0.169355118649871	0.237963048877265	0.308027521835214	0.097734599303518	0.367958185535112	0.165177285987887	0.342157542179354	0.190244178695466	0.200102413654298	0.295615775165753	0.242211389179132	0.186569189561409	0.29444417561178	0.243557035467716	0.344376217621453	0.289053302033341	0.10431761687104	0.143423094533731	0.167274938329293	0.111065828550922	0.311593870490177	0.166127212411134	0.11710877090217	0.312336259618925	0.145373276091526
700014971	0.210405707582128	0	0.246701018198849	0.329001054936803	0.155646539445816	0.235734307797988	0.226384144941502	0.180502244532381	0.180688882455496	0.164244955769964	0.166450991837119	0.289700489277695	0.200112561382313	0.137120360451613	0.240669470773734	0.245714862519229	0.152790825925428	0.247598837547379	0.187027342264454	0.200948754372482	0.220377859877095	0.202830446897972	0.179094768821651	0.191505828560829	0.274833109531921	0.162241275905904	0.125748884633915	0.24833171742156	0.169924580376213	0.19273067510354	0.169682851432468	0.241012559550913	0.134718637242896	0.184627006441161	0.173465028705203	0.170963088484913	0.221974992075478	0.24857877973426	0.165416087904174	0.229703536361566	0.12724057377065	0.211203109285425	0.15576641544347	0.185757046575194	0.172680973325878	0.14743711029219	0.0985521277165629	0.202660963530183	0.175862373161687	0.288981633603681	0.257808331934542	0.183796156507661	0.227730940567466	0.159902876307725	0.255845982442883	0.181723534169157	0.185926090234686	0.224437999240762	0.249709314087787	0.196522195723206
700033565	0.321538195481926	0.246701018198849	0	0.433179936926453	0.274206247361909	0.0687295343796443	0.3067179896149	0.176842491644081	0.25432252944756	0.150209008180075	0.128263531649361	0.0915225493224	0.157699419643972	0.174653585727404	0.174408747187016	0.132247332625354	0.16607686255842	0.132116131756919	0.234246758773583	0.30717690698329	0.245035843527158	0.126503558238223	0.326279737169986	0.27586193927892	0.282877526951261	0.321513006286563	0.20973648102935	0.367131369708502	0.28895558846988	0.175214675698804	0.132512110121624	0.179586953435565	0.158328102729228	0.138131393125992	0.34074825850739	0.216975149198562	0.234131485405908	0.119100507892001	0.282297314853857	0.231977360660148	0.229502142770875	0.116124230339781	0.208796360519893	0.226837094777895	0.18800163171902	0.206945270185894	0.24158200023068	0.132517486644564	0.146509654204555	0.101158511160208	0.122443266575459	0.313793999043417	0.367715545762039	0.204361287903401	0.378254533318503	0.133265657463494	0.237886675219511	0.279116943899251	0.0776285283087812	0.281061108258843
700109389	0.222841883136536	0.329001054936803	0.433179936926453	0	0.327815751589593	0.438581251435667	0.212528780971812	0.421068058445634	0.30177258684669	0.403016231250293	0.368154245416566	0.454697540336421	0.413414877203724	0.366302000647327	0.432812490161952	0.370629399672792	0.400790813364748	0.430546839993981	0.321755498546665	0.189546602155474	0.302115056430987	0.373443842238692	0.214676542758083	0.266745393485342	0.286905051325636	0.276355570975814	0.37675867807906	0.42424473504405	0.374325297406744	0.414242088874838	0.402697092650795	0.397759388348907	0.342930688444426	0.403289501568054	0.238421126511957	0.301688526900241	0.394334590111522	0.444046905130457	0.245652612421636	0.426185784812563	0.296805288777375	0.430970355770864	0.33991835043338	0.32588583413187	0.385856396600188	0.352333938508976	0.322256248067635	0.406661639972633	0.38416838452013	0.450518945438174	0.405153369218417	0.206621194679512	0.134467743410692	0.32115632514452	0.205953815336664	0.415794930544909	0.264404947108707	0.236390047449832	0.420409269485215	0.268066077448164
700023058	0.188904689577615	0.155646539445816	0.274206247361909	0.327815751589593	0	0.244505946906038	0.201551344381423	0.234154612979962	0.16828040639529	0.202408063469959	0.193449918834215	0.295883063046088	0.232516303185991	0.161392821570252	0.273355395803077	0.23122212073931	0.190811054590525	0.224118945478807	0.161529799298916	0.194684324282658	0.192705898187255	0.215612748223899	0.194201429157781	0.164564707080847	0.267571539506372	0.182267154976738	0.165363793356911	0.322468669282115	0.232319854114832	0.229261466191583	0.193018571455868	0.246934677735312	0.170808266797661	0.21678317978941	0.201889320883714	0.196831449316451	0.17428328540842	0.212613893692446	0.157659993042528	0.284315280269415	0.112213618860321	0.249913792575364	0.132735286046841	0.201235461256372	0.200775142512506	0.190588643101323	0.113342884399176	0.219105026385823	0.171745981543712	0.299425588804345	0.268953967619409	0.178319269397004	0.23616160024511	0.151188887730012	0.253225624015013	0.2206681353219	0.190461931504218	0.204369975691387	0.266611519604046	0.174432204542005
700023927	0.315503844480067	0.235734307797988	0.0687295343796443	0.438581251435667	0.244505946906038	0	0.307840409325473	0.167538702544101	0.256851438150993	0.131554174019061	0.12534925407548	0.111293055381627	0.147525996315526	0.141791584732342	0.17974077640065	0.150085041725858	0.140375556743433	0.0904921753050223	0.224250406771318	0.310067396303743	0.235429348326815	0.143301769116855	0.305798525701165	0.269029107031251	0.286929732496307	0.311194148045034	0.188294276089571	0.373454425953267	0.276144628665784	0.169839884046516	0.0933122272842429	0.173872548267526	0.16273603289649	0.126471477709284	0.332758973818502	0.219467920475357	0.210999349417008	0.0958507110758318	0.280520179766792	0.22239238421926	0.21860723154304	0.0980300252799982	0.181930709807548	0.228392855463051	0.174544849147504	0.18998163193581	0.220885788615829	0.129511412045323	0.104838583822016	0.116214730857687	0.146810603713804	0.314851981211344	0.369246903813839	0.1884198625183	0.370967034326905	0.122210334859716	0.223267096746509	0.279002315641738	0.0872049748667419	0.268291893001737
700106341	0.117260978090917	0.226384144941502	0.3067179896149	0.212528780971812	0.201551344381423	0.307840409325473	0	0.321271699201869	0.124745604365717	0.282677243868868	0.228209277288981	0.321798806205954	0.299965959265036	0.243647953499243	0.333925510272045	0.234571239631372	0.280575231447361	0.310303370510732	0.15109154709156	0.103097354584996	0.145077600625909	0.216287628799563	0.144734983357316	0.124407690499779	0.121256769283349	0.252906353255026	0.284551753783818	0.379301811404531	0.325053069381311	0.317059274711955	0.275929918362364	0.210904681353871	0.211875854235963	0.295265296660074	0.202976449982316	0.131382514114235	0.275159576433009	0.314291922462168	0.107152280575556	0.366367756628059	0.163688467999263	0.320285495333164	0.18939909046143	0.161089314504183	0.268855846672668	0.262320987487334	0.195786222198259	0.273537523562689	0.246854194354793	0.313749191533296	0.277551846082694	0.101650018377627	0.125170059300978	0.163718381351726	0.149799691464628	0.287878900653064	0.154747752340376	0.0912778796716251	0.290756677690369	0.0846750588429041
700114221	0.32640325445375	0.180502244532381	0.176842491644081	0.421068058445634	0.234154612979962	0.167538702544101	0.321271699201869	0	0.274699087444079	0.0757751212600923	0.206606784256839	0.229645299317054	0.0744516351692005	0.155899344942602	0.120836330033788	0.264929769343528	0.0988189404067253	0.225141082076917	0.274717087829331	0.294881075124305	0.285926376783342	0.245342148422347	0.298075067386831	0.29805673160833	0.361466900415876	0.28043524029668	0.162973057086674	0.298128147050116	0.189130162712355	0.092920073781317	0.158520724588101	0.257776493155849	0.197320144815189	0.143096319172462	0.302009806520769	0.251982570797203	0.254559048579182	0.132744558217499	0.282137285120622	0.128657674504407	0.217628446942995	0.114552718620385	0.24048030378166	0.250640217192959	0.123142081884453	0.159305048312745	0.189397672989053	0.120516897949151	0.185712336759138	0.239214005127262	0.270219540655302	0.290600018469075	0.340783324832284	0.250033413728446	0.388109575103649	0.100579099592098	0.228462601970999	0.329068344761222	0.195395056734602	0.27339292737365
700023543	0.159580631460798	0.180688882455496	0.25432252944756	0.30177258684669	0.16828040639529	0.256851438150993	0.124745604365717	0.274699087444079	0	0.225300741198462	0.156931553913059	0.285543203351863	0.253172794862034	0.197146884692995	0.301847241706094	0.171926482021508	0.221929071919062	0.242383029149914	0.111133624454052	0.159666127580951	0.15256351803376	0.173587471126616	0.19419794780495	0.107305293163571	0.15411557908797	0.224400758283821	0.21755666893571	0.331394337439039	0.297056585190338	0.260947416229685	0.206232253796125	0.164618771058574	0.14862151289858	0.231827871527415	0.191768752699763	0.119253270513813	0.213917144432054	0.264058208311697	0.103280989589376	0.328258636517367	0.117496848182475	0.263752926700748	0.138882890621403	0.0819461203196298	0.232524652453494	0.229245515086167	0.143804894766048	0.223150837145738	0.208982460060035	0.271986958681771	0.237956042670052	0.124690975646603	0.196824578764609	0.125342700650909	0.19594175662915	0.229331148884447	0.185363090804887	0.118490651474273	0.256403704204046	0.0992600607950551
700023439	0.295492612317919	0.164244955769964	0.150209008180075	0.403016231250293	0.202408063469959	0.131554174019061	0.282677243868868	0.0757751212600923	0.225300741198462	0	0.156936631975498	0.200847064042095	0.0641839083355736	0.10725089176283	0.147993881747165	0.220874617226134	0.0578118881517267	0.177871899467794	0.223786403240638	0.261897006896144	0.237572946361539	0.20596624633094	0.270493246375566	0.247920522478712	0.318314675858543	0.269713529634601	0.14402865159278	0.297718329941131	0.186765095982106	0.10527609406465	0.106663372041604	0.22384865626975	0.150759723642777	0.113340842861862	0.291485188797614	0.206720317122072	0.208944718030868	0.133919187273541	0.242701440703702	0.134361980780741	0.169438281719674	0.113124980853589	0.191069676902808	0.21277831701466	0.0989657740040866	0.133195987652952	0.166711669400793	0.0950540223986817	0.132720217510625	0.207421943057822	0.232461583048137	0.262471946650447	0.322081932763047	0.196058015589931	0.358660111568079	0.0782470046730184	0.192593230014359	0.278615057792868	0.167855482013788	0.233389771404459
700016978	0.2284072286311	0.166450991837119	0.128263531649361	0.368154245416566	0.193449918834215	0.12534925407548	0.228209277288981	0.206606784256839	0.156931553913059	0.156936631975498	0	0.16398322927517	0.185667615253185	0.137502527718662	0.23502211663081	0.116367755707036	0.146348270085602	0.111247854297295	0.148396074934567	0.220660364951643	0.165735768622289	0.0852732327493651	0.251546535151925	0.17901487154388	0.197813907166974	0.255567228137418	0.171080354309621	0.309533509334938	0.257505440644873	0.192942927023628	0.099781383866557	0.130893224336126	0.0753946914943556	0.117763108917678	0.256408821136174	0.135901256944131	0.173191585887626	0.173359649564381	0.186510206719167	0.261832490054427	0.141658345242516	0.153160200781393	0.11427375824469	0.143998716287772	0.166097143157465	0.172599503236013	0.162475314225665	0.154403291556712	0.102985394067795	0.171790249339881	0.136485633207112	0.22750267001313	0.286160832946605	0.117150671641782	0.289433129505347	0.147280575955553	0.173865943577346	0.190998723764187	0.145153102846416	0.19793576433295
700024192	0.351090963139791	0.289700489277695	0.0915225493224	0.454697540336421	0.295883063046088	0.111293055381627	0.321798806205954	0.229645299317054	0.285543203351863	0.200847064042095	0.16398322927517	0	0.199366538993689	0.233420423422427	0.211646447922537	0.142773168295548	0.196445603898898	0.157370875941701	0.253909033844843	0.330266519042428	0.240115095429006	0.138508665610743	0.357294752883437	0.306945973703068	0.292740556794395	0.363837269379751	0.270505403677618	0.400281104762808	0.316168015301957	0.24843778007155	0.167966967642517	0.172398687502338	0.192611094347957	0.186146520695256	0.375510351437304	0.23953387880604	0.272957210577028	0.175837289001531	0.316603325453663	0.265319056608747	0.255653704371455	0.144759227759554	0.233598590949255	0.250130396066667	0.201533198014859	0.242340962435077	0.276401566281557	0.162663114582692	0.180448613403871	0.0613334311981245	0.0982096599083065	0.342308703973352	0.388924635133616	0.22910491198601	0.410474678649266	0.172175627005923	0.242947638506132	0.307544889832459	0.111442925974974	0.297369786382672
700113058	0.316972309498655	0.200112561382313	0.157699419643972	0.413414877203724	0.232516303185991	0.147525996315526	0.299965959265036	0.0744516351692005	0.253172794862034	0.0641839083355736	0.185667615253185	0.199366538993689	0	0.142340855748111	0.131545969512072	0.241022482202535	0.10025442761695	0.199251815017093	0.254215102511696	0.284548277886421	0.260853443837979	0.221233867898641	0.294724840457996	0.276028810891239	0.339520170577782	0.295545538337338	0.170856514561861	0.295726193428945	0.192137661291681	0.113082365324819	0.13633394216861	0.233582896530329	0.177848284618698	0.128393513441159	0.31834431575473	0.237518437618458	0.23764393665378	0.141684141481049	0.264690789271118	0.136275054050371	0.204304247267304	0.107437328807078	0.223565865674231	0.232008841301565	0.103072578054632	0.156651317084278	0.209676708330935	0.0972784608505983	0.164970191803894	0.211635021551517	0.242908721258706	0.283042177840348	0.337221821593163	0.231777777317197	0.383219329794826	0.0795479774806249	0.212843291678719	0.307291982448639	0.168840244376888	0.250312185544835
700099448	0.229128734507904	0.137120360451613	0.174653585727404	0.366302000647327	0.161392821570252	0.141791584732342	0.243647953499243	0.155899344942602	0.197146884692995	0.10725089176283	0.137502527718662	0.233420423422427	0.142340855748111	0	0.197998841438268	0.204336059003982	0.109009078580518	0.159967499804949	0.171629902494908	0.228052210386018	0.208375142801267	0.190252510368794	0.215014507762399	0.184590209910035	0.273794332785982	0.206607342622879	0.103931329701246	0.300950506135339	0.186046581101604	0.135597841254527	0.0987837477689499	0.222852829082603	0.128681396745756	0.123765920700539	0.239709340999868	0.177937818604567	0.167815367742815	0.145045657966626	0.200122984186766	0.214469801353375	0.139857503753703	0.15898956993135	0.128582809782039	0.188064443527146	0.123234141517908	0.127134472636073	0.132603330973935	0.147133481999161	0.09128931090766	0.224005473709039	0.209778407304216	0.22463353187228	0.288887059273163	0.143677769956683	0.288648356474184	0.133426344941282	0.170383870933872	0.225834508093768	0.179419745721316	0.205129189488073
700109870	0.336740672257849	0.240669470773734	0.174408747187016	0.432812490161952	0.273355395803077	0.17974077640065	0.333925510272045	0.120836330033788	0.301847241706094	0.147993881747165	0.23502211663081	0.211646447922537	0.131545969512072	0.197998841438268	0	0.284329782196759	0.146721535044426	0.247320636643702	0.293800817888349	0.325496046257177	0.285991086174771	0.263170813752071	0.31779297246868	0.317550658583129	0.370565152967651	0.329563024523985	0.213939510602795	0.357978706138683	0.243059905333422	0.164384248682689	0.201158645402269	0.266595889832698	0.240426551329366	0.216660538450468	0.352549302102629	0.277518900294892	0.282195731420042	0.14058802281047	0.304440521234653	0.163718339565864	0.26304066784222	0.180176034580401	0.271052628929343	0.271677229773351	0.175055612483291	0.172161121622205	0.2593718180072	0.12624512181931	0.209301955275171	0.224407907524154	0.275197416853059	0.326778035849633	0.367473143756746	0.27202827016449	0.391913717810996	0.145364304695289	0.233386367231829	0.346040043267386	0.19035225390335	0.29331113031219
700033928	0.239605630997197	0.245714862519229	0.132247332625354	0.370629399672792	0.23122212073931	0.150085041725858	0.234571239631372	0.264929769343528	0.171926482021508	0.220874617226134	0.116367755707036	0.142773168295548	0.241022482202535	0.204336059003982	0.284329782196759	0	0.222967270544801	0.151997763963317	0.15959554436672	0.244680983083592	0.17273322665716	0.0904230090774343	0.286851694610653	0.187070602678904	0.205636914403293	0.289816491824461	0.246024188913698	0.3628395014697	0.316368682507743	0.258792402137348	0.176024617034111	0.139945360316503	0.135067307309352	0.190158507877243	0.295280138091313	0.195517100576653	0.220378939612279	0.220184548883548	0.208587999135403	0.314033519143595	0.168262298391454	0.184677786714017	0.164217332813263	0.193231724157111	0.214993208212403	0.227433810562105	0.191780927444847	0.210115764443864	0.165522614939387	0.132522253257708	0.0889268358377515	0.237753882646604	0.30388469668253	0.160051944337489	0.305290620582946	0.201583417768605	0.227916614841558	0.194329050826005	0.130007899810316	0.208770771601896
700023693	0.285691989234465	0.152790825925428	0.16607686255842	0.400790813364748	0.190811054590525	0.140375556743433	0.280575231447361	0.0988189404067253	0.221929071919062	0.0578118881517267	0.146348270085602	0.196445603898898	0.10025442761695	0.109009078580518	0.146721535044426	0.222967270544801	0	0.170001764453609	0.220579499853239	0.254728481997838	0.222048832953718	0.204749416591055	0.263334546357416	0.244528754485147	0.315133333639713	0.265149297184717	0.13825620172943	0.305295447741105	0.181830535093427	0.124336301380168	0.100270548747643	0.217001584886119	0.149390752317832	0.128523007024105	0.285063179169161	0.20581668680642	0.196441385446235	0.146533307028336	0.232106279570597	0.146876871330156	0.16891413189452	0.133706617061146	0.179319341252637	0.205485331091131	0.103502826920753	0.117296045234049	0.159423506912083	0.100534361367745	0.124683778257813	0.210700445710656	0.234268643664565	0.257114283682737	0.316204101240154	0.190175760902579	0.349820146442324	0.0977761609541816	0.170949771528315	0.28289233739935	0.18565016941501	0.231463504394362
700109627	0.281679349562528	0.247598837547379	0.132116131756919	0.430546839993981	0.224118945478807	0.0904921753050223	0.310303370510732	0.225141082076917	0.242383029149914	0.177871899467794	0.111247854297295	0.157370875941701	0.199251815017093	0.159967499804949	0.247320636643702	0.151997763963317	0.170001764453609	0	0.216503178708825	0.3014779487491	0.246158130681411	0.151115011621097	0.314064256344481	0.239365348292196	0.274898436553443	0.296019592240647	0.192231111904483	0.367019097566277	0.314033979583813	0.210769597480245	0.100300408677894	0.194651217838334	0.163131870165033	0.147532192931525	0.318474994249549	0.218166451963649	0.161979703991841	0.136138304233934	0.268164304518393	0.281278828820441	0.224387880154048	0.158370693233302	0.170141479708953	0.22210613805248	0.217465458958706	0.228739306393176	0.230134351383283	0.193306194988152	0.113095667359313	0.174061199946619	0.162171684824978	0.30790411765918	0.364550870016685	0.191129451070665	0.338243939210678	0.182019210556533	0.240218573849811	0.266479659587606	0.153356864440391	0.277039343321519
700095416	0.148873440407641	0.187027342264454	0.234246758773583	0.321755498546665	0.161529799298916	0.224250406771318	0.15109154709156	0.274717087829331	0.111133624454052	0.223786403240638	0.148396074934567	0.253909033844843	0.254215102511696	0.171629902494908	0.293800817888349	0.15959554436672	0.220579499853239	0.216503178708825	0	0.182117058867245	0.1173080412888	0.141540856559166	0.18974336402459	0.0961401552387437	0.16240243420176	0.215390550875074	0.202831004565733	0.351396686968506	0.277065140499326	0.260328097457121	0.18911722625491	0.160764330332747	0.148820453452702	0.228867660806356	0.200835849665066	0.115136556591265	0.195398921267459	0.226524475676622	0.128534045177918	0.327870765991807	0.112838451633396	0.264688351210269	0.0944104314068335	0.14432520131105	0.221942468552675	0.206918389034111	0.136192628902304	0.22310152998536	0.156617311905912	0.245757843038816	0.204478129826461	0.166806349048471	0.228362399682315	0.0658751011593787	0.202550798037282	0.232600415886641	0.156132820288013	0.145886460567122	0.220521461910324	0.135402563252461
700110425	0.125842971904591	0.200948754372482	0.30717690698329	0.189546602155474	0.194684324282658	0.310067396303743	0.103097354584996	0.294881075124305	0.159666127580951	0.261897006896144	0.220660364951643	0.330266519042428	0.284548277886421	0.228052210386018	0.325496046257177	0.244680983083592	0.254728481997838	0.3014779487491	0.182117058867245	0	0.17172231225151	0.232593054972998	0.12188311819358	0.126717864185221	0.156802090490979	0.233125067778938	0.249040000826582	0.332237063867995	0.297313304452553	0.283791231366573	0.262977833100336	0.263540601996683	0.189269935169257	0.273420034197106	0.1819537647839	0.154141168984821	0.261452702035147	0.317127877317729	0.123226307331713	0.342770030278986	0.150368241895497	0.296402388884544	0.193936088758282	0.170970780646595	0.247026022093075	0.243715653619589	0.165348580067379	0.273382898855489	0.248333195342015	0.3286186635666	0.278896484390671	0.0907134373220039	0.0909902268927462	0.175632221872814	0.169137601754696	0.272976039058355	0.129409124238053	0.120769426650492	0.298011824338639	0.141642101870938
700111580	0.174282418395445	0.220377859877095	0.245035843527158	0.302115056430987	0.192705898187255	0.235429348326815	0.145077600625909	0.285926376783342	0.15256351803376	0.237572946361539	0.165735768622289	0.240115095429006	0.260853443837979	0.208375142801267	0.285991086174771	0.17273322665716	0.222048832953718	0.246158130681411	0.1173080412888	0.17172231225151	0	0.144018568996534	0.204761885951636	0.137412675065334	0.125276802473883	0.277023097313121	0.267702793514755	0.391050521542336	0.267723531913515	0.289306223829956	0.21112318827758	0.147976636580935	0.152745262832541	0.24511298948172	0.247555974937313	0.123144228611605	0.262326689443532	0.244339382090531	0.150086091816888	0.312055771261752	0.149361063317003	0.256200577345885	0.140034110854232	0.155712471168524	0.200305061935133	0.20023475498849	0.18653235979703	0.20672697824742	0.16456658961303	0.228765478682342	0.206488921405338	0.164243775243613	0.222033808367817	0.104421610106648	0.234656254851036	0.223224166635585	0.113337837222733	0.119390206509732	0.20277533943914	0.129326861330136
700111302	0.244695215846298	0.202830446897972	0.126503558238223	0.373443842238692	0.215612748223899	0.143301769116855	0.216287628799563	0.245342148422347	0.173587471126616	0.20596624633094	0.0852732327493651	0.138508665610743	0.221233867898641	0.190252510368794	0.263170813752071	0.0904230090774343	0.204749416591055	0.151115011621097	0.141540856559166	0.232593054972998	0.144018568996534	0	0.272877221579249	0.191164471017787	0.176013451334419	0.284155729617294	0.230457437868952	0.361330462207519	0.297306286602574	0.243134668555373	0.157652837554647	0.0900512767927918	0.0982321807750983	0.166097108928939	0.277654415767305	0.139357330175919	0.228501431780801	0.20500571954498	0.204914226214673	0.293285650811918	0.166993785017616	0.161545396093327	0.13261161319479	0.160646487135203	0.189383555962039	0.217653130016443	0.193433217761039	0.179211724098414	0.144264430020096	0.130171697754368	0.105398574252745	0.233176601560206	0.285948973045073	0.116242271485423	0.301147363780226	0.178885593485471	0.187291781815261	0.195728312057277	0.111182167480605	0.200137894407254
700098605	0.133668825622712	0.179094768821651	0.326279737169986	0.214676542758083	0.194201429157781	0.305798525701165	0.144734983357316	0.298075067386831	0.19419794780495	0.270493246375566	0.251546535151925	0.357294752883437	0.294724840457996	0.215014507762399	0.31779297246868	0.286851694610653	0.263334546357416	0.314064256344481	0.18974336402459	0.12188311819358	0.204761885951636	0.272877221579249	0	0.150167487727697	0.222715332751137	0.202366184971012	0.2216382459316	0.327858379837169	0.269650611035804	0.29639522602335	0.259151976310867	0.285393561594632	0.224564852722608	0.288728189810352	0.163573628969043	0.185076263185758	0.271947840500518	0.305693596426055	0.144906036631118	0.317873628716845	0.174117030744199	0.317117849782843	0.209044252334681	0.211397410218679	0.27493012392165	0.217198629999403	0.172746833392479	0.284849619840524	0.247788884008721	0.352290515734064	0.319529196862138	0.145463935526011	0.123002245427771	0.189565045548048	0.136462909625352	0.291731883821127	0.18705702313552	0.17333078152684	0.31994353269442	0.155640802573534
700111991	0.080798451241323	0.191505828560829	0.27586193927892	0.266745393485342	0.164564707080847	0.269029107031251	0.124407690499779	0.29805673160833	0.107305293163571	0.247920522478712	0.17901487154388	0.306945973703068	0.276028810891239	0.184590209910035	0.317550658583129	0.187070602678904	0.244528754485147	0.239365348292196	0.0961401552387437	0.126717864185221	0.137412675065334	0.191164471017787	0.150167487727697	0	0.162770456677475	0.186218742381476	0.211285072281652	0.334961560255867	0.295796390214485	0.280693506420174	0.221071110559282	0.220526880009029	0.167556559781042	0.254221953286809	0.155970751474435	0.130472786431474	0.201648812759197	0.267442169621334	0.0803692805124381	0.349109102128956	0.119268614392493	0.292562027129624	0.132725986290185	0.139771465042955	0.243401407356355	0.224352474036209	0.138805110888256	0.250871037963018	0.20292167740174	0.294704348686769	0.243890532701395	0.112882210164291	0.177360109154496	0.116326706821365	0.143382947796777	0.263256335604455	0.159368312070087	0.103616837071054	0.268951853190501	0.118366377495656
700108960	0.181813160069711	0.274833109531921	0.282877526951261	0.286905051325636	0.267571539506372	0.286929732496307	0.121256769283349	0.361466900415876	0.15411557908797	0.318314675858543	0.197813907166974	0.292740556794395	0.339520170577782	0.273794332785982	0.370565152967651	0.205636914403293	0.315133333639713	0.274898436553443	0.16240243420176	0.156802090490979	0.125276802473883	0.176013451334419	0.222715332751137	0.162770456677475	0	0.321382358720831	0.319007008215918	0.419767518681649	0.36445652861876	0.346144848626453	0.268795352951275	0.153530827009189	0.201318827916406	0.286583330596607	0.269582471432063	0.143255071468406	0.298469083756976	0.313882088335926	0.168539768508348	0.404790525924369	0.2114312940767	0.308191723940627	0.195273392371543	0.158041595795162	0.296136035440275	0.306203790036032	0.250139744315313	0.299802060867821	0.239110784532223	0.267390988653488	0.233925288330958	0.177849444495908	0.19575873082572	0.158758713997778	0.187762347800034	0.299166182103906	0.188668130262963	0.114889539113278	0.248711254737618	0.150482428983479
700024452	0.184262594360207	0.162241275905904	0.321513006286563	0.276355570975814	0.182267154976738	0.311194148045034	0.252906353255026	0.28043524029668	0.224400758283821	0.269713529634601	0.255567228137418	0.363837269379751	0.295545538337338	0.206607342622879	0.329563024523985	0.289816491824461	0.265149297184717	0.296019592240647	0.215390550875074	0.233125067778938	0.277023097313121	0.284155729617294	0.202366184971012	0.186218742381476	0.321382358720831	0	0.186286295011692	0.27443293828954	0.199898652766658	0.262081657895056	0.266874743534311	0.316812550781882	0.230364096934495	0.259732935678985	0.0911627091107341	0.235135200913039	0.261355572493521	0.302232579235061	0.189815454195457	0.307878710177309	0.179752477238006	0.301789303268378	0.225038596650681	0.24503557095785	0.263279901148458	0.217417282064636	0.165010049856371	0.296715005656403	0.245682706661092	0.356502248676243	0.319801601012626	0.181362379672196	0.2160756043898	0.218008477113059	0.210588496960292	0.286567488982418	0.242756465532752	0.24105564711661	0.316796291860191	0.23777083219317
700032931	0.23172891476426	0.125748884633915	0.20973648102935	0.37675867807906	0.165363793356911	0.188294276089571	0.284551753783818	0.162973057086674	0.21755666893571	0.14402865159278	0.171080354309621	0.270505403677618	0.170856514561861	0.103931329701246	0.213939510602795	0.246024188913698	0.13825620172943	0.192231111904483	0.202831004565733	0.249040000826582	0.267702793514755	0.230457437868952	0.2216382459316	0.211285072281652	0.319007008215918	0.186286295011692	0	0.266028472262563	0.202022858350501	0.161855004428704	0.13869840307885	0.265157358371064	0.165583728344703	0.155773068996178	0.229106255319612	0.218151424454585	0.168096816698092	0.178161384713356	0.225174266827237	0.209164994656015	0.172468594123102	0.194788441294035	0.172111540742138	0.210093116764456	0.171821399761637	0.148995413226629	0.149916719305442	0.172258859426175	0.155908910745712	0.263102838979388	0.263771074773209	0.239987246163804	0.284360225187357	0.193074188768171	0.279214929905031	0.153633478283716	0.221535356072731	0.274325392573632	0.229196591223415	0.247781416327238
700095837	0.34825848318433	0.24833171742156	0.367131369708502	0.42424473504405	0.322468669282115	0.373454425953267	0.379301811404531	0.298128147050116	0.331394337439039	0.297718329941131	0.309533509334938	0.400281104762808	0.295726193428945	0.300950506135339	0.357978706138683	0.3628395014697	0.305295447741105	0.367019097566277	0.351396686968506	0.332237063867995	0.391050521542336	0.361330462207519	0.327858379837169	0.334961560255867	0.419767518681649	0.27443293828954	0.266028472262563	0	0.221356252424502	0.254738402769222	0.321944395823953	0.397729519471888	0.296600393388581	0.265730313670368	0.282489550817345	0.34331605295689	0.337189273982371	0.377288076655695	0.326001120503149	0.336696750325933	0.296799954879638	0.303299091420422	0.341631146158848	0.325688741085674	0.283508569115877	0.307425961346375	0.275681779554385	0.332193607430318	0.342458443473747	0.409974669026123	0.384974294493508	0.324753994897258	0.349356497977624	0.345904740946607	0.385336966361771	0.308933279316859	0.352839529278873	0.374408113385487	0.380572931159076	0.361498107704127
700024548	0.312262713105918	0.169924580376213	0.28895558846988	0.374325297406744	0.232319854114832	0.276144628665784	0.325053069381311	0.189130162712355	0.297056585190338	0.186765095982106	0.257505440644873	0.316168015301957	0.192137661291681	0.186046581101604	0.243059905333422	0.316368682507743	0.181830535093427	0.314033979583813	0.277065140499326	0.297313304452553	0.267723531913515	0.297306286602574	0.269650611035804	0.295796390214485	0.36445652861876	0.199898652766658	0.202022858350501	0.221356252424502	0	0.174951030946831	0.239456229574696	0.323728996545752	0.229873129971493	0.191258706585777	0.224256201776773	0.261204256375255	0.309115634982373	0.275233364390127	0.274806840084521	0.182172325732895	0.219735680031346	0.211329257001213	0.256655680184576	0.287603080524355	0.136829710803001	0.126842266803296	0.206098714079821	0.207017663478043	0.231725965833499	0.330982029157624	0.316679748559955	0.275116831567976	0.308268417417399	0.250836927984747	0.336025149154516	0.215540569805475	0.2265607080968	0.322173016765382	0.286577829343356	0.286546626605621
700110161	0.320809295814377	0.19273067510354	0.175214675698804	0.414242088874838	0.229261466191583	0.169839884046516	0.317059274711955	0.092920073781317	0.260947416229685	0.10527609406465	0.192942927023628	0.24843778007155	0.113082365324819	0.135597841254527	0.164384248682689	0.258792402137348	0.124336301380168	0.210769597480245	0.260328097457121	0.283791231366573	0.289306223829956	0.243134668555373	0.29639522602335	0.280693506420174	0.346144848626453	0.262081657895056	0.161855004428704	0.254738402769222	0.174951030946831	0	0.148653465453145	0.265362077173032	0.194199473297251	0.100248295485733	0.285772471426111	0.248295374738848	0.231583907452766	0.147056491221915	0.274940478642945	0.183761093688306	0.21026467540005	0.130954166627741	0.222558499973174	0.241938594586684	0.138717537916109	0.186357760428569	0.196526567990157	0.151940366990235	0.170633059094331	0.246680282679106	0.266497912407643	0.277923397406097	0.338410393478289	0.225544110938649	0.380014919597644	0.12968157251403	0.235170369133618	0.30722221913533	0.204137141117453	0.278603989412457
700023496	0.27073299820112	0.169682851432468	0.132512110121624	0.402697092650795	0.193018571455868	0.0933122272842429	0.275929918362364	0.158520724588101	0.206232253796125	0.106663372041604	0.099781383866557	0.167966967642517	0.13633394216861	0.0987837477689499	0.201158645402269	0.176024617034111	0.100270548747643	0.100300408677894	0.18911722625491	0.262977833100336	0.21112318827758	0.157652837554647	0.259151976310867	0.221071110559282	0.268795352951275	0.266874743534311	0.13869840307885	0.321944395823953	0.239456229574696	0.148653465453145	0	0.185979092801128	0.111839971972187	0.0925054669418508	0.281648487664923	0.191096720346687	0.167143998391663	0.119208224004038	0.235128249991358	0.214758714773669	0.162745770845943	0.1219199744347	0.132967817533746	0.190998768714558	0.134526308812048	0.161522141226084	0.1676516486806	0.128306685755619	0.0800672150318793	0.182043243561277	0.183287267687381	0.267154973469649	0.325240158290266	0.156669988805688	0.33547490260651	0.106276888525524	0.198529420909081	0.240934814954928	0.160202165627877	0.238184027923696
700034628	0.270685156832051	0.241012559550913	0.179586953435565	0.397759388348907	0.246934677735312	0.173872548267526	0.210904681353871	0.257776493155849	0.164618771058574	0.22384865626975	0.130893224336126	0.172398687502338	0.233582896530329	0.222852829082603	0.266595889832698	0.139945360316503	0.217001584886119	0.194651217838334	0.160764330332747	0.263540601996683	0.147976636580935	0.0900512767927918	0.285393561594632	0.220526880009029	0.153530827009189	0.316812550781882	0.265157358371064	0.397729519471888	0.323728996545752	0.265362077173032	0.185979092801128	0	0.147636099766435	0.202504080557698	0.310077310266113	0.149813038139066	0.262901796263376	0.219687210300966	0.226726552070561	0.297354747928423	0.201983165560932	0.190753153218108	0.166403206379258	0.146272621345927	0.211680878872468	0.241145019355236	0.225796824845095	0.188639971415122	0.172093666668333	0.155464347901743	0.164793242972273	0.248744748564997	0.307446554398499	0.150495180688798	0.312114517105779	0.188726840008821	0.203230367032354	0.198356681772844	0.150721498703858	0.17055975218293
700023645	0.218849825965035	0.134718637242896	0.158328102729228	0.342930688444426	0.170808266797661	0.16273603289649	0.211875854235963	0.197320144815189	0.14862151289858	0.150759723642777	0.0753946914943556	0.192611094347957	0.177848284618698	0.128681396745756	0.240426551329366	0.135067307309352	0.149390752317832	0.163131870165033	0.148820453452702	0.189269935169257	0.152745262832541	0.0982321807750983	0.224564852722608	0.167556559781042	0.201318827916406	0.230364096934495	0.165583728344703	0.296600393388581	0.229873129971493	0.194199473297251	0.111839971972187	0.147636099766435	0	0.125178795298111	0.234108926103504	0.129182729891303	0.198341715492026	0.195746260282799	0.173040928272329	0.252598906779971	0.110050155187028	0.150926995722168	0.11267359896689	0.140608215343454	0.141183215164092	0.162483047452843	0.128080359880227	0.153735622144988	0.130545509985873	0.197041840266649	0.154758476430333	0.194104165792656	0.25226346482748	0.12299070786732	0.28487150739824	0.133716972203489	0.166388649130142	0.174842912059831	0.164704458501512	0.181374892155226
700038744	0.304223597291533	0.184627006441161	0.138131393125992	0.403289501568054	0.21678317978941	0.126471477709284	0.295265296660074	0.143096319172462	0.231827871527415	0.113340842861862	0.117763108917678	0.186146520695256	0.128393513441159	0.123765920700539	0.216660538450468	0.190158507877243	0.128523007024105	0.147532192931525	0.228867660806356	0.273420034197106	0.24511298948172	0.166097108928939	0.288728189810352	0.254221953286809	0.286583330596607	0.259732935678985	0.155773068996178	0.265730313670368	0.191258706585777	0.100248295485733	0.0925054669418508	0.202504080557698	0.125178795298111	0	0.280170562561259	0.214301359669567	0.216502869587416	0.16274141240108	0.263210567266707	0.20917324006196	0.185542723362915	0.081757102976776	0.175971838410032	0.21153842655069	0.113094218057403	0.187516493998973	0.184036192875028	0.149121306471475	0.132491687676216	0.194645275805957	0.19951388630888	0.271588242998713	0.328050495183538	0.190287421289109	0.367877799072836	0.111984747637738	0.230943289044318	0.258432108099289	0.170560689982849	0.266588018264946
700038485	0.162715130811187	0.173465028705203	0.34074825850739	0.238421126511957	0.201889320883714	0.332758973818502	0.202976449982316	0.302009806520769	0.191768752699763	0.291485188797614	0.256408821136174	0.375510351437304	0.31834431575473	0.239709340999868	0.352549302102629	0.295280138091313	0.285063179169161	0.318474994249549	0.200835849665066	0.1819537647839	0.247555974937313	0.277654415767305	0.163573628969043	0.155970751474435	0.269582471432063	0.0911627091107341	0.229106255319612	0.282489550817345	0.224256201776773	0.285772471426111	0.281648487664923	0.310077310266113	0.234108926103504	0.280170562561259	0	0.19688479031829	0.28069313528218	0.339293013166893	0.146228816047676	0.329239989331632	0.18720427775223	0.321895666381927	0.226731878885715	0.211060819344641	0.282543168170146	0.237005307722309	0.170756602236885	0.318746906222638	0.27329758355703	0.377659868177699	0.322743916428494	0.13362755112987	0.157079421444879	0.208011145076011	0.173470458090107	0.306467768350668	0.221238739205067	0.193365498993381	0.339257448140636	0.197414724313078
700024743	0.169355118649871	0.170963088484913	0.216975149198562	0.301688526900241	0.196831449316451	0.219467920475357	0.131382514114235	0.251982570797203	0.119253270513813	0.206720317122072	0.135901256944131	0.23953387880604	0.237518437618458	0.177937818604567	0.277518900294892	0.195517100576653	0.20581668680642	0.218166451963649	0.115136556591265	0.154141168984821	0.123144228611605	0.139357330175919	0.185076263185758	0.130472786431474	0.143255071468406	0.235135200913039	0.218151424454585	0.34331605295689	0.261204256375255	0.248295374738848	0.191096720346687	0.149813038139066	0.129182729891303	0.214301359669567	0.19688479031829	0	0.225076534943851	0.228537724582808	0.127818852989444	0.305302145730763	0.133976100551563	0.243272397648516	0.133858060509812	0.0940124188908447	0.20558885447987	0.203763045512005	0.169347041692266	0.198939905915942	0.158538380998183	0.241535500069678	0.203890566230527	0.151622219920856	0.202472319710496	0.0883447964731277	0.205238128298536	0.218102819823875	0.123860837526493	0.131397106656054	0.208651624550477	0.103350052679747
