700108602	700014971	700033565	700109389	700023058	700023927	700106341	700114221	700023543	700023439	700016978	700024192	700113058	700099448	700109870	700033928	700023693	700109627	700095416	700110425	700111580	700111302	700098605	700111991	700108960	700024452	700032931	700095837	700024548	700110161	700023496	700034628	700023645	700038744	700038485	700024743	700099596	700110760	700101587	700106399	700032322	700095653	700021312	700101230	700023590	700038905	700033136	700023382	700096424	700105469	700016908	700096053	700108479	700109569	700033814	700016125	700109756	700102665	700101777	700109455
700108602	0	-0.172131755498231	-0.199383171245818	-0.124968682648124	-0.141634742240842	-0.199322592620696	-0.0714006620232757	-0.22724313331726	-0.0944740798625299	-0.215091922648694	-0.149477664650831	-0.208708969308845	-0.224294689528342	-0.177870013167677	-0.219606867731929	-0.122552952627018	-0.218971747358632	-0.185610150659996	-0.0936552997294711	-0.0931622984423876	-0.108217893010371	-0.141907675612019	-0.11116424976267	-0.0680039933064991	-0.0974635107955597	-0.137003387666712	-0.179751069163588	-0.180301942641108	-0.199845603249712	-0.217555277286646	-0.194658509150854	-0.147272859518593	-0.155372990316794	-0.189541619486139	-0.133465652962784	-0.122131232536167	-0.175225145763596	-0.214695110311188	-0.086449399840836	-0.255457480548485	-0.0883328862209129	-0.218655734354734	-0.1454089763434	-0.130241114270691	-0.195892874787213	-0.157101493002019	-0.114311654551236	-0.204853110959966	-0.171985665308005	-0.183967982374328	-0.137364300224819	-0.0797950837030508	-0.0862149700985592	-0.113313243257649	-0.0837239989930111	-0.207905331359237	-0.12272099661524	-0.0796588789461295	-0.176250314277407	-0.101552677370226
700014971	-0.172131755498231	0	-0.173980225297066	-0.223556162638524	-0.120376833415946	-0.147004251319999	-0.176609562658268	-0.146018214534078	-0.140966057282341	-0.127958427863949	-0.11279408373176	-0.193356838869147	-0.133999611182388	-0.121201334334119	-0.16467152369007	-0.151921324961186	-0.11840257509485	-0.16996599432793	-0.162729368246803	-0.16247756437051	-0.164253314751478	-0.137400870800132	-0.136737501812173	-0.165777429628536	-0.193567612434207	-0.159062414740891	-0.110785438461388	-0.114673544422774	-0.126572988748982	-0.130210619950599	-0.121199804123137	-0.170168218375905	-0.122169869529281	-0.120269486281431	-0.147487300472926	-0.145348899951608	-0.165789347971825	-0.17288695849262	-0.13850181703827	-0.164255853831031	-0.142185327524513	-0.131249026926462	-0.131511253748074	-0.160825938792013	-0.120321612379937	-0.121650692854602	-0.108884911508775	-0.137631895200832	-0.138472152664977	-0.161956075043762	-0.171775767470998	-0.164762422144755	-0.175727600636379	-0.116307352322186	-0.184567373593307	-0.141688233786387	-0.155690742680541	-0.178036183483121	-0.162064622845574	-0.172172080487951
700033565	-0.199383171245818	-0.173980225297066	0	-0.228314435318012	-0.193792527960667	-0.07913413125059	-0.188995138756042	-0.105585292613734	-0.174950138235152	-0.0781639044887775	-0.105007101730526	-0.0624729348136027	-0.103151756269653	-0.143396289818455	-0.10055995328464	-0.125380762508791	-0.119703418847216	-0.104924568260212	-0.166804388693977	-0.174460284858569	-0.163903536415711	-0.0916784732730538	-0.182235153666208	-0.187850891683949	-0.172318991707953	-0.199761113744061	-0.15162423809851	-0.179915134691482	-0.166987183799964	-0.112277484128426	-0.104478495052335	-0.130473222468856	-0.122672624680488	-0.0861718465506219	-0.200263259373191	-0.132462095731281	-0.161541016327378	-0.0994185110648586	-0.178000796727092	-0.14476846436007	-0.171638403769068	-0.0869419321231717	-0.165979961727024	-0.145353669041337	-0.114415799015942	-0.143486089923932	-0.160535977391295	-0.0809721134269279	-0.118784210710511	-0.0641887335219681	-0.0966614111208811	-0.213120589821767	-0.198377639008043	-0.143683187189398	-0.227582689928171	-0.0881070947814272	-0.14005675579528	-0.202509014005976	-0.0731069392698012	-0.184123355356717
700109389	-0.124968682648124	-0.223556162638524	-0.228314435318012	0	-0.196426686255338	-0.243318332717627	-0.10201958017091	-0.250194173991735	-0.176326094191995	-0.240860659042081	-0.199482904123741	-0.233084455041152	-0.242477378877523	-0.22606399481309	-0.232632563353859	-0.170208862575334	-0.250251114696185	-0.245955189046193	-0.184072227338859	-0.120276738946449	-0.147171300543327	-0.196972303073119	-0.143449458201799	-0.152810805132917	-0.13284144551436	-0.157997448329389	-0.243268980903953	-0.213228412125852	-0.191580320442219	-0.243047058815728	-0.241218441012206	-0.206557848459035	-0.191571705576469	-0.222639453860109	-0.158040713479677	-0.170777270979432	-0.245494857135472	-0.261101349441021	-0.160020232054631	-0.245318279072918	-0.150348810840346	-0.241656472580338	-0.209581734237528	-0.189109292086789	-0.214144430816376	-0.194998654570907	-0.194072956931266	-0.226155686404259	-0.224966718895107	-0.218104120702607	-0.171121972991645	-0.11100527247165	-0.0746305781228299	-0.187371992738622	-0.129103709671833	-0.237640305836574	-0.133246226068939	-0.112822174195026	-0.196081192658142	-0.151119923564266
700023058	-0.141634742240842	-0.120376833415946	-0.193792527960667	-0.196426686255338	0	-0.159742384117096	-0.152892364380366	-0.186569059773219	-0.112331483171863	-0.179641165506303	-0.138753690904513	-0.206717578302459	-0.178584893538839	-0.133859383907571	-0.18935737443196	-0.137793826240239	-0.164237076230631	-0.161939143259893	-0.137358943557772	-0.155223652055969	-0.161528961095299	-0.158930693474441	-0.135574560328068	-0.135039759510666	-0.178059145849033	-0.130522731926982	-0.140197687020823	-0.144539422531484	-0.166405522136952	-0.170053568613061	-0.150864480839094	-0.178310087618621	-0.140639536747745	-0.154333658912479	-0.12533982832513	-0.158590998701212	-0.132996348579871	-0.156202892793845	-0.113307106535355	-0.212594248798272	-0.131234859116946	-0.179411713902254	-0.125308583902929	-0.16069099790679	-0.157677598104881	-0.136603306907256	-0.10870716435348	-0.170841678300656	-0.137551643784115	-0.18164028513797	-0.172829281421418	-0.139043135255096	-0.147213225493775	-0.114040200378131	-0.147516024458169	-0.177253977567456	-0.160599748659528	-0.156978738309729	-0.178824635236433	-0.147326554784994
700023927	-0.199322592620696	-0.147004251319999	-0.07913413125059	-0.243318332717627	-0.159742384117096	0	-0.205310482223126	-0.118966195385723	-0.170680008786814	-0.08700823967949	-0.110140397222247	-0.100566166977353	-0.114112993273653	-0.0998115232569722	-0.114344368360268	-0.143272493160642	-0.0993117854720312	-0.07963599513853	-0.160885398927401	-0.184272764706335	-0.168227426373663	-0.118590534703804	-0.170598183525543	-0.189771921502314	-0.187485890896805	-0.194205683728538	-0.134763092696894	-0.179102556861294	-0.159363970616488	-0.107626157170447	-0.0667190748583154	-0.159414844868416	-0.134489176897602	-0.074826726109352	-0.193985344864969	-0.152229353992568	-0.140733829681732	-0.0790037547298007	-0.175530936118942	-0.152384143776044	-0.155954656645931	-0.103376861024981	-0.129087363253707	-0.172517244086807	-0.110821460347335	-0.123545900430897	-0.143380334242985	-0.103250204206465	-0.0728240111486588	-0.0932245322003437	-0.120347494329452	-0.214926556530799	-0.212844120343233	-0.11910698005498	-0.218791249468355	-0.104846426831574	-0.139452081200536	-0.207945421565776	-0.0942898898448553	-0.188770200961748
700106341	-0.0714006620232757	-0.176609562658268	-0.188995138756042	-0.10201958017091	-0.152892364380366	-0.205310482223126	0	-0.215902955007784	-0.102914652950761	-0.201840577116877	-0.140685728031509	-0.185398304089863	-0.203969333171448	-0.194249591459225	-0.206058260757014	-0.124198463940002	-0.214901745252021	-0.208623556057024	-0.119376235388857	-0.0750723865870634	-0.0930305522554147	-0.12738027934219	-0.117893228223183	-0.104920290860761	-0.0821890610054053	-0.166779835196992	-0.213311137733945	-0.194643508524618	-0.190689256018976	-0.218246169422498	-0.191600541482742	-0.116845611662925	-0.147151589703685	-0.181673508370457	-0.152950316156968	-0.108866261082204	-0.199714332842108	-0.224676193198711	-0.0982048515125997	-0.239738718771356	-0.110068778450652	-0.20378462571579	-0.149518324708914	-0.121750977127762	-0.177955777005107	-0.167034448834928	-0.139007294554745	-0.183845836194027	-0.183213162816493	-0.164027819219785	-0.135622346912478	-0.0655989977111928	-0.0699737651775637	-0.127061689420137	-0.120498435774646	-0.185713778270832	-0.0977006093554701	-0.0761745665727294	-0.160097708495314	-0.0816448566254687
700114221	-0.22724313331726	-0.146018214534078	-0.105585292613734	-0.250194173991735	-0.186569059773219	-0.118966195385723	-0.215902955007784	0	-0.200296029671238	-0.0725607211356883	-0.144986375498192	-0.121618059641614	-0.0811289319319504	-0.128657166285663	-0.0760542326326381	-0.164082462372853	-0.0698504330585585	-0.156185623862702	-0.205242700754525	-0.202811957407923	-0.191481245326536	-0.158958867404271	-0.193993037021317	-0.212775844324799	-0.229067940752057	-0.21419507317793	-0.129340394414214	-0.166010717472006	-0.137110616334772	-0.0989183531942689	-0.111495768383769	-0.184335862724556	-0.135873289044095	-0.107323197821464	-0.211243063461304	-0.171042013977052	-0.1766278208623	-0.105042910979905	-0.196641090236101	-0.0854748257264501	-0.176826458621414	-0.0858817186817857	-0.182424135880679	-0.184139125142072	-0.0917578319359029	-0.12625529787225	-0.161984702504174	-0.0667928962383484	-0.145342538689618	-0.121601891798879	-0.162664232248916	-0.225692460120708	-0.220805895113278	-0.163745388041157	-0.249756912043381	-0.083055937929822	-0.167422633711996	-0.232463942010873	-0.126268935650924	-0.208653172859724
700023543	-0.0944740798625299	-0.140966057282341	-0.174950138235152	-0.176326094191995	-0.112331483171863	-0.170680008786814	-0.102914652950761	-0.200296029671238	0	-0.180199113508832	-0.117386761371721	-0.189097625066609	-0.194729926176227	-0.159174726771071	-0.19996040572383	-0.0972590698296966	-0.189703888379981	-0.167612762561378	-0.0947091431277349	-0.115170914133285	-0.119338832184391	-0.114812447798008	-0.115737732634395	-0.0889195913666121	-0.118323908059373	-0.138328229220058	-0.163576281722474	-0.153878742134354	-0.202742305468429	-0.181281163774611	-0.159931155467561	-0.113820491253354	-0.131144629755587	-0.157641238546622	-0.124190321293166	-0.11213354880343	-0.156459994140549	-0.192292279692555	-0.0787481532229728	-0.236402934058522	-0.0955217983916711	-0.18887030291755	-0.129149893178454	-0.0935313965360841	-0.173816920856088	-0.145803730266787	-0.0909329186904619	-0.174139635313392	-0.160359003856441	-0.153749175320347	-0.139456317687958	-0.0925288980368364	-0.117569887796613	-0.111993394349719	-0.118177068964276	-0.176575148528229	-0.140313714270427	-0.0861801051485348	-0.157691818305705	-0.0887598046915758
700023439	-0.215091922648694	-0.127958427863949	-0.0781639044887775	-0.240860659042081	-0.179641165506303	-0.08700823967949	-0.201840577116877	-0.0725607211356883	-0.180199113508832	0	-0.109242234071535	-0.110339426235996	-0.0670295361803239	-0.115434518553809	-0.0883125884327067	-0.14166074318588	-0.0805129732401079	-0.128227638046009	-0.180686264840778	-0.189226667249246	-0.17070555888488	-0.128650994893471	-0.178801836838744	-0.194284473989351	-0.201332552231787	-0.20661736326296	-0.126032250283725	-0.163042789284734	-0.14180590634763	-0.0960445733486513	-0.0826540895814092	-0.162362572307534	-0.109681545354421	-0.0701571672399624	-0.203442679592301	-0.152235342739092	-0.159741309662287	-0.0953539572473592	-0.182996697867061	-0.100922504462766	-0.157962697710689	-0.0757355521365516	-0.163002691557307	-0.169023518270981	-0.0876745988730336	-0.12355631211808	-0.144861828853866	-0.0649665975547024	-0.109984251316272	-0.0985936472669681	-0.129883788961177	-0.214255131273406	-0.209237255007813	-0.139496870455514	-0.235288032894525	-0.0700177423370603	-0.149755823712438	-0.207935896945314	-0.0974437330698991	-0.192222528717714
700016978	-0.149477664650831	-0.11279408373176	-0.105007101730526	-0.199482904123741	-0.138753690904513	-0.110140397222247	-0.140685728031509	-0.144986375498192	-0.117386761371721	-0.109242234071535	0	-0.121564811451583	-0.128834229517999	-0.127958862563056	-0.155494426474619	-0.0873235319585011	-0.134320217630108	-0.11143272437791	-0.125328258023485	-0.123409595160396	-0.127225537298556	-0.0636546309503666	-0.136321334653917	-0.131252620524625	-0.134102559903902	-0.177347777736471	-0.132590463276953	-0.138140441703919	-0.159698368221866	-0.132190067331458	-0.0932305329431751	-0.110267068515782	-0.0766155927517731	-0.0814691260920409	-0.161428211558691	-0.0989449499068877	-0.137537650412948	-0.144744646077932	-0.122957739517133	-0.177090140769244	-0.121966327320128	-0.120064851041788	-0.104701455178206	-0.108392480037426	-0.119099535142828	-0.129005819131391	-0.111036790454251	-0.111534241336217	-0.105887059942349	-0.0982359361216577	-0.100259947105143	-0.153858745881672	-0.153375684374796	-0.0979595133947208	-0.169532931550055	-0.110269189737248	-0.124449383149245	-0.144001467548899	-0.108391619704825	-0.144938400736263
700024192	-0.208708969308845	-0.193356838869147	-0.0624729348136027	-0.233084455041152	-0.206717578302459	-0.100566166977353	-0.185398304089863	-0.121618059641614	-0.189097625066609	-0.110339426235996	-0.121564811451583	0	-0.115957806994845	-0.172888791000207	-0.107703890625352	-0.137141775895066	-0.14619944006571	-0.122492750035091	-0.169145910642048	-0.175937156223593	-0.161676196712264	-0.104455303332597	-0.192778181615586	-0.207977892080917	-0.172374670648607	-0.224213656847297	-0.180561783177739	-0.201800910913233	-0.182757998754968	-0.145678158696494	-0.120418839415469	-0.117320394194023	-0.133460220223393	-0.111694348840443	-0.22026608470012	-0.145471477941048	-0.181548406738523	-0.127128524891154	-0.194983069262538	-0.154656890780125	-0.180097650187108	-0.0917189180402179	-0.177260040279792	-0.145817402710522	-0.12092535569616	-0.161881304787525	-0.177893713789037	-0.0916890947921302	-0.146863426810983	-0.0682889302339572	-0.110943211093582	-0.222096103267161	-0.206565995722951	-0.159386545886743	-0.248021358005309	-0.0953839601419733	-0.138509504874523	-0.210227879947853	-0.0914697274027109	-0.186689113601525
700113058	-0.224294689528342	-0.133999611182388	-0.103151756269653	-0.242477378877523	-0.178584893538839	-0.114112993273653	-0.203969333171448	-0.0811289319319504	-0.194729926176227	-0.0670295361803239	-0.128834229517999	-0.115957806994845	0	-0.11955397120526	-0.0820637994088347	-0.155745246521696	-0.0927356590331352	-0.152382536955551	-0.197571718579767	-0.191250671149765	-0.189033671856502	-0.147169261900949	-0.192848466783447	-0.211511484751958	-0.216018508028479	-0.208927167820569	-0.126443630852018	-0.151163495624568	-0.134185747982781	-0.0856585907582667	-0.104507955083042	-0.166667497138829	-0.123274107328176	-0.0908032640705419	-0.211360206046784	-0.172409354139348	-0.174889911170286	-0.114332319588111	-0.190921708197779	-0.106572042949138	-0.17725234309875	-0.061662715745337	-0.186044990922714	-0.172603053195023	-0.0757422927836467	-0.134768463176602	-0.168359861659536	-0.0718695378465538	-0.135872003335985	-0.106111149596798	-0.156774600531164	-0.21622432357628	-0.21374650474529	-0.164104063436789	-0.251838432582571	-0.0607199372263064	-0.155506661291073	-0.221729771134375	-0.113553361574742	-0.194368337241555
700099448	-0.177870013167677	-0.121201334334119	-0.143396289818455	-0.22606399481309	-0.133859383907571	-0.0998115232569722	-0.194249591459225	-0.128657166285663	-0.159174726771071	-0.115434518553809	-0.127958862563056	-0.172888791000207	-0.11955397120526	0	-0.139024353840202	-0.148565230437784	-0.0995665016327641	-0.129882029321218	-0.148975453689171	-0.174296913582891	-0.17338860988312	-0.154365904157065	-0.148264764422296	-0.158080121171463	-0.20291381576547	-0.149221429988973	-0.0961724451595947	-0.149434032281944	-0.133643935453903	-0.100713862186795	-0.0938785302660882	-0.193017265358747	-0.12745502620941	-0.102482803731155	-0.151393323383419	-0.166017469323572	-0.140602176189858	-0.121144449034402	-0.153787767614335	-0.160404396233969	-0.145354602909955	-0.125166301207699	-0.126057891918579	-0.183781608082517	-0.102446634124094	-0.108096922178121	-0.114750919457842	-0.127600334028422	-0.0840640366148466	-0.148616324325758	-0.145939836205556	-0.175225976530781	-0.194435310268811	-0.120889913364374	-0.186773308335501	-0.129163517328449	-0.144899824285653	-0.191615432030383	-0.129612320378316	-0.183050760814684
700109870	-0.219606867731929	-0.16467152369007	-0.10055995328464	-0.232632563353859	-0.18935737443196	-0.114344368360268	-0.206058260757014	-0.0760542326326381	-0.19996040572383	-0.0883125884327067	-0.155494426474619	-0.107703890625352	-0.0820637994088347	-0.139024353840202	0	-0.175262859688362	-0.0990098226353579	-0.165056700054421	-0.205123063381604	-0.187922401662045	-0.178716311061184	-0.157574737436716	-0.181978011580774	-0.220563794650713	-0.214298191713202	-0.211053568121637	-0.150489287755621	-0.175771870196404	-0.141766492808149	-0.102335574269878	-0.125049146685353	-0.173447475493668	-0.153568070407062	-0.117172499923192	-0.216771056586088	-0.181814294026219	-0.194300113191981	-0.101316058606345	-0.19971280514863	-0.101473622925767	-0.1890603404946	-0.087595730643158	-0.20338116906806	-0.17535612672267	-0.0929926199196322	-0.126561689701395	-0.176628707669897	-0.0708698401642862	-0.146114264425352	-0.110640061908555	-0.16227064148223	-0.222140630354032	-0.206599064722003	-0.175356279586418	-0.246447395654269	-0.0829697634400359	-0.15081073765693	-0.229052900064475	-0.112495062479179	-0.197632658313922
700033928	-0.122552952627018	-0.151921324961186	-0.125380762508791	-0.170208862575334	-0.137793826240239	-0.143272493160642	-0.124198463940002	-0.164082462372853	-0.0972590698296966	-0.14166074318588	-0.0873235319585011	-0.137141775895066	-0.155745246521696	-0.148565230437784	-0.175262859688362	0	-0.164992641603572	-0.131922806665353	-0.107462320025579	-0.13217495836258	-0.123745095158982	-0.0929343577959463	-0.133958850050646	-0.101598509934379	-0.136675883554603	-0.145743561944197	-0.152772317511941	-0.144032126242418	-0.177625970428291	-0.159090215365444	-0.130939180968217	-0.125719599052477	-0.0899910699729052	-0.122253467097574	-0.13456891312772	-0.123766036579886	-0.137888992323494	-0.173065868464451	-0.110176605800939	-0.204487916100475	-0.0932110377593787	-0.139937140248165	-0.122964100860067	-0.122543873363472	-0.139542215741592	-0.137118359863726	-0.107509077243334	-0.139561764278133	-0.141913989565386	-0.116854203119314	-0.0932710354458873	-0.127788586836993	-0.130519903583431	-0.109740716689016	-0.159429179218039	-0.133652211364149	-0.135574041326244	-0.119714863325117	-0.127391159057756	-0.129813107399465
700023693	-0.218971747358632	-0.11840257509485	-0.119703418847216	-0.250251114696185	-0.164237076230631	-0.0993117854720312	-0.214901745252021	-0.0698504330585585	-0.189703888379981	-0.0805129732401079	-0.134320217630108	-0.14619944006571	-0.0927356590331352	-0.0995665016327641	-0.0990098226353579	-0.164992641603572	0	-0.131221936141102	-0.195145836626107	-0.20356852979713	-0.186741499003388	-0.156185181935223	-0.178678453208159	-0.20314943657553	-0.230887257333915	-0.19829746796901	-0.109729641655132	-0.160816829685837	-0.126349420956977	-0.0930913336781956	-0.084842725542302	-0.187317672239311	-0.136719550432654	-0.0901143247141316	-0.196063043557819	-0.1722801144884	-0.155340317946779	-0.109489000453241	-0.182586030830435	-0.0951305080135629	-0.174016646940307	-0.101247414825999	-0.157212816998176	-0.188878993858386	-0.0880571981278766	-0.109858484971963	-0.147038158961239	-0.0835749335246122	-0.114564144727991	-0.130591196919481	-0.164387658249767	-0.220203114664258	-0.217918163681474	-0.142536781943159	-0.231753417701933	-0.0990898443439015	-0.165821364416928	-0.229757936734798	-0.135224035158209	-0.207938621933301
700109627	-0.185610150659996	-0.16996599432793	-0.104924568260212	-0.245955189046193	-0.161939143259893	-0.07963599513853	-0.208623556057024	-0.156185623862702	-0.167612762561378	-0.128227638046009	-0.11143272437791	-0.122492750035091	-0.152382536955551	-0.129882029321218	-0.165056700054421	-0.131922806665353	-0.131221936141102	0	-0.151320225177618	-0.1904878826457	-0.184242349009503	-0.118508938880566	-0.179936583767395	-0.164232244796796	-0.19031384869786	-0.194680647547392	-0.125316834589318	-0.187665765973005	-0.206202230473562	-0.138942849583675	-0.0943703713610904	-0.159624101523593	-0.136701626901761	-0.108070888274154	-0.193595037644515	-0.155815611492805	-0.108348820166165	-0.0964459775170383	-0.177222519435209	-0.194841214595892	-0.166190694448841	-0.143651681201119	-0.125026255507709	-0.162008768057918	-0.159498066782224	-0.162020412172464	-0.151511252161151	-0.139721532827952	-0.0815475492070767	-0.111636142887016	-0.117741074114297	-0.21705611280504	-0.210650010546419	-0.120332639118093	-0.199389125138529	-0.136166043926435	-0.174027044859833	-0.204767292673909	-0.125707701078555	-0.20304230766977
700095416	-0.0936552997294711	-0.162729368246803	-0.166804388693977	-0.184072227338859	-0.137358943557772	-0.160885398927401	-0.119376235388857	-0.205242700754525	-0.0947091431277349	-0.180686264840778	-0.125328258023485	-0.169145910642048	-0.197571718579767	-0.148975453689171	-0.205123063381604	-0.107462320025579	-0.195145836626107	-0.151320225177618	0	-0.130722286871204	-0.109182117387311	-0.119645555949208	-0.127365181146567	-0.0875700150017363	-0.125148605376827	-0.137431114402012	-0.159217171251411	-0.173908136725516	-0.196135352080118	-0.191148088415385	-0.15496796628994	-0.129554081322092	-0.126941326000374	-0.162035391853184	-0.132554299986996	-0.125896062777772	-0.147358212695501	-0.178918211854327	-0.10996473348096	-0.240909686412686	-0.0872895743701042	-0.189177729005499	-0.108032747572121	-0.130468655613658	-0.170303778570729	-0.140834922659071	-0.0994594767523492	-0.180198617408483	-0.140107778910439	-0.155003717469678	-0.118071333878127	-0.128292425556258	-0.140975302860621	-0.0940470494309952	-0.130509250127996	-0.17516690972847	-0.133595761919491	-0.117803386508213	-0.149822825324042	-0.127676348312539
700110425	-0.0931622984423876	-0.16247756437051	-0.174460284858569	-0.120276738946449	-0.155223652055969	-0.184272764706335	-0.0750723865870634	-0.202811957407923	-0.115170914133285	-0.189226667249246	-0.123409595160396	-0.175937156223593	-0.191250671149765	-0.174296913582891	-0.187922401662045	-0.13217495836258	-0.20356852979713	-0.1904878826457	-0.130722286871204	0	-0.0898486590257404	-0.125387230936067	-0.104115622688483	-0.119827872972155	-0.0755041845088157	-0.171069693431106	-0.190665868989151	-0.174743381685697	-0.175956063033765	-0.189787667871534	-0.183298740612035	-0.136719020605608	-0.129712639124347	-0.169497802379119	-0.151254589581466	-0.0918716920787481	-0.183292183364271	-0.208083192279515	-0.112280502847367	-0.228116210094143	-0.117797460006094	-0.185821138056899	-0.146096088831958	-0.104192236782631	-0.162966641161317	-0.154301140995579	-0.133222458560013	-0.173377931177965	-0.161696373246439	-0.151882311567217	-0.135292741054112	-0.0916639080446869	-0.0693423167869005	-0.124041852372651	-0.128105183072679	-0.179350164472382	-0.068673609026221	-0.0871994495717794	-0.140461299933338	-0.0961460107521543
700111580	-0.108217893010371	-0.164253314751478	-0.163903536415711	-0.147171300543327	-0.161528961095299	-0.168227426373663	-0.0930305522554147	-0.191481245326536	-0.119338832184391	-0.17070555888488	-0.127225537298556	-0.161676196712264	-0.189033671856502	-0.17338860988312	-0.178716311061184	-0.123745095158982	-0.186741499003388	-0.184242349009503	-0.109182117387311	-0.0898486590257404	0	-0.10547615004749	-0.104972181404872	-0.121712024982297	-0.0784034882453552	-0.183451192584826	-0.199307434947242	-0.195757069232207	-0.160861527201581	-0.20368408077218	-0.168391245716068	-0.116008544092261	-0.132649470954909	-0.16567477235654	-0.17648462733831	-0.100677203743856	-0.195349264041313	-0.194857778864788	-0.124983862046487	-0.218032314676467	-0.100248226410488	-0.172726427379492	-0.136919987685053	-0.119553740369273	-0.145008289407104	-0.134680517723449	-0.122750545451926	-0.155299810055902	-0.151588126702843	-0.143260943187875	-0.115442897852509	-0.10741593655952	-0.11354981539713	-0.102284591901882	-0.147836881825327	-0.169359083406944	-0.0762164904070805	-0.0884038462317966	-0.127964675673689	-0.0968285432741165
700111302	-0.141907675612019	-0.137400870800132	-0.0916784732730538	-0.196972303073119	-0.158930693474441	-0.118590534703804	-0.12738027934219	-0.158958867404271	-0.114812447798008	-0.128650994893471	-0.0636546309503666	-0.104455303332597	-0.147169261900949	-0.154365904157065	-0.157574737436716	-0.0929343577959463	-0.156185181935223	-0.118508938880566	-0.119645555949208	-0.125387230936067	-0.10547615004749	0	-0.146472977768278	-0.134517290798743	-0.11280696842134	-0.187376670918158	-0.159465790823835	-0.165290867592044	-0.182315683901983	-0.158908928551705	-0.117124818662331	-0.0713853478350829	-0.090734267559129	-0.103343800183978	-0.177259011292731	-0.0961001041994897	-0.160668548663588	-0.158733237698229	-0.128125907150894	-0.191781652571922	-0.126945918693848	-0.127660886050393	-0.124800202113296	-0.102163303834012	-0.130192816225689	-0.152933810569316	-0.118595313706919	-0.12188729593081	-0.123933873480872	-0.075372020702344	-0.0836897989968864	-0.14811378946801	-0.146922622427703	-0.105616877995119	-0.185390935317122	-0.119882759173872	-0.114640035227505	-0.142001631037194	-0.092556355569954	-0.129425369672336
700098605	-0.11116424976267	-0.136737501812173	-0.182235153666208	-0.143449458201799	-0.135574560328068	-0.170598183525543	-0.117893228223183	-0.193993037021317	-0.115737732634395	-0.178801836838744	-0.136321334653917	-0.192778181615586	-0.192848466783447	-0.148264764422296	-0.181978011580774	-0.133958850050646	-0.178678453208159	-0.179936583767395	-0.127365181146567	-0.104115622688483	-0.104972181404872	-0.146472977768278	0	-0.120125296514752	-0.140478554859684	-0.146788072252152	-0.166764619694673	-0.157493743319865	-0.163898183555147	-0.183052401437649	-0.166421453212309	-0.162605350376755	-0.152229420354612	-0.161474325252779	-0.134675348390591	-0.124486978264743	-0.174158101901689	-0.183963286676663	-0.104952702450735	-0.207315022823461	-0.107948561967626	-0.187076418350162	-0.143608182939563	-0.136840296210126	-0.170556697608523	-0.125140842180357	-0.120262836960572	-0.171401480280308	-0.153022872723032	-0.168792974435884	-0.155408309898305	-0.112603932886683	-0.109245167296323	-0.105998024586914	-0.110930339247599	-0.18087123892335	-0.119776053584787	-0.122905071240874	-0.16305527569238	-0.110515172966692
700111991	-0.0680039933064991	-0.165777429628536	-0.187850891683949	-0.152810805132917	-0.135039759510666	-0.189771921502314	-0.104920290860761	-0.212775844324799	-0.0889195913666121	-0.194284473989351	-0.131252620524625	-0.207977892080917	-0.211511484751958	-0.158080121171463	-0.220563794650713	-0.101598509934379	-0.20314943657553	-0.164232244796796	-0.0875700150017363	-0.119827872972155	-0.121712024982297	-0.134517290798743	-0.120125296514752	0	-0.125317334382832	-0.130478126063794	-0.158455909837344	-0.16780038454684	-0.202573109995727	-0.205807357801751	-0.174363832330823	-0.159096709713559	-0.144094415214366	-0.174043244092715	-0.123521669270863	-0.127815788354778	-0.155830091278234	-0.201278476166384	-0.0899057450523962	-0.250051185867624	-0.0860805696617676	-0.208011056487987	-0.128497912247126	-0.13694695015456	-0.188826773812818	-0.151580660636921	-0.095014749045479	-0.193044613720786	-0.163157661067451	-0.181935120953218	-0.137543006612539	-0.10687488414903	-0.1147307491332	-0.106467834496655	-0.0885424244977632	-0.19703415167023	-0.143117943033845	-0.0958151045929851	-0.176158650912714	-0.117027992976041
700108960	-0.0974635107955597	-0.193567612434207	-0.172318991707953	-0.13284144551436	-0.178059145849033	-0.187485890896805	-0.0821890610054053	-0.229067940752057	-0.118323908059373	-0.201332552231787	-0.134102559903902	-0.172374670648607	-0.216018508028479	-0.20291381576547	-0.214298191713202	-0.136675883554603	-0.230887257333915	-0.19031384869786	-0.125148605376827	-0.0755041845088157	-0.0784034882453552	-0.11280696842134	-0.140478554859684	-0.125317334382832	0	-0.200205172771242	-0.223530312710114	-0.208263702398584	-0.201374201312373	-0.215069417454935	-0.195367560218598	-0.104992184755098	-0.152415614384478	-0.183854109607926	-0.185117572708595	-0.095894660351157	-0.210477687898691	-0.221707862365719	-0.123102323085747	-0.254489230059287	-0.130291895758518	-0.198364139157782	-0.152579773862072	-0.103773580368662	-0.183475301083943	-0.186418295472075	-0.154127417960003	-0.193128567388665	-0.174131032622616	-0.149101804096499	-0.108852795956214	-0.104115077665554	-0.091922857698991	-0.126760836874908	-0.133478067412299	-0.197438118074854	-0.0934895506238404	-0.0785259610377676	-0.140278439011176	-0.0932526122208984
700024452	-0.137003387666712	-0.159062414740891	-0.199761113744061	-0.157997448329389	-0.130522731926982	-0.194205683728538	-0.166779835196992	-0.21419507317793	-0.138328229220058	-0.20661736326296	-0.177347777736471	-0.224213656847297	-0.208927167820569	-0.149221429988973	-0.211053568121637	-0.145743561944197	-0.19829746796901	-0.194680647547392	-0.137431114402012	-0.171069693431106	-0.183451192584826	-0.187376670918158	-0.146788072252152	-0.130478126063794	-0.200205172771242	0	-0.15579085472058	-0.142529936255115	-0.157751305904872	-0.186804024130807	-0.186598537563654	-0.216913228499502	-0.172362723167564	-0.184580595425831	-0.067782453445271	-0.176873106734092	-0.18322437221951	-0.201234433839638	-0.130841734935231	-0.222741226593104	-0.129708227694231	-0.202109688374593	-0.165940042010227	-0.189205915023104	-0.182681520772768	-0.136499104582549	-0.114442227694893	-0.201440024753984	-0.167200310430277	-0.192474163458671	-0.176718369274279	-0.134054784571379	-0.145030826494266	-0.150394443505295	-0.123586159049571	-0.204754934017249	-0.167991576120863	-0.163916047019863	-0.179206694270939	-0.184670792914781
700032931	-0.179751069163588	-0.110785438461388	-0.15162423809851	-0.243268980903953	-0.140197687020823	-0.134763092696894	-0.213311137733945	-0.129340394414214	-0.163576281722474	-0.126032250283725	-0.132590463276953	-0.180561783177739	-0.126443630852018	-0.0961724451595947	-0.150489287755621	-0.152772317511941	-0.109729641655132	-0.125316834589318	-0.159217171251411	-0.190665868989151	-0.199307434947242	-0.159465790823835	-0.166764619694673	-0.158455909837344	-0.223530312710114	-0.15579085472058	0	-0.133241125763269	-0.162896021642211	-0.117693432045664	-0.103324671452376	-0.197383216559617	-0.130906864272826	-0.109862514189939	-0.169496633151131	-0.183921374050736	-0.132105094420832	-0.133443026502128	-0.164032311553005	-0.162392896938743	-0.153550268015569	-0.135867936012563	-0.138706707293934	-0.185523711875322	-0.125389682695271	-0.127393786709823	-0.127787591711345	-0.124910139737817	-0.108417978356768	-0.145611275401872	-0.171293878698842	-0.201008154564777	-0.207004949161271	-0.132651150868834	-0.189011966138278	-0.129775619014845	-0.178161813747532	-0.211448991675834	-0.147288828511386	-0.205195440576622
700095837	-0.180301942641108	-0.114673544422774	-0.179915134691482	-0.213228412125852	-0.144539422531484	-0.179102556861294	-0.194643508524618	-0.166010717472006	-0.153878742134354	-0.163042789284734	-0.138140441703919	-0.201800910913233	-0.151163495624568	-0.149434032281944	-0.175771870196404	-0.144032126242418	-0.160816829685837	-0.187665765973005	-0.173908136725516	-0.174743381685697	-0.195757069232207	-0.165290867592044	-0.157493743319865	-0.16780038454684	-0.208263702398584	-0.142529936255115	-0.133241125763269	0	-0.116102421946329	-0.121113412580514	-0.157132494087903	-0.199341231991348	-0.132457375256891	-0.13488718389604	-0.142628914268221	-0.175876009820761	-0.171174895953569	-0.193781797005945	-0.150197495981053	-0.186120667174994	-0.154401412441805	-0.141487928981506	-0.173228599937203	-0.170603303589128	-0.139400166005067	-0.141367462868551	-0.147883035167467	-0.154458458701185	-0.170008593685677	-0.171964790441685	-0.175279941790284	-0.178752541164223	-0.174978740346298	-0.163774950222103	-0.184688883872768	-0.162881922028789	-0.178378608138538	-0.193640211775705	-0.174304770107866	-0.194450117875253
700024548	-0.199845603249712	-0.126572988748982	-0.166987183799964	-0.191580320442219	-0.166405522136952	-0.159363970616488	-0.190689256018976	-0.137110616334772	-0.202742305468429	-0.14180590634763	-0.159698368221866	-0.182757998754968	-0.134185747982781	-0.133643935453903	-0.141766492808149	-0.177625970428291	-0.126349420956977	-0.206202230473562	-0.196135352080118	-0.175956063033765	-0.160861527201581	-0.182315683901983	-0.163898183555147	-0.202573109995727	-0.201374201312373	-0.157751305904872	-0.162896021642211	-0.116102421946329	0	-0.131305041885237	-0.15015885537532	-0.214755703691848	-0.146590856172106	-0.140734665775723	-0.154611066347128	-0.163693790752993	-0.206159741292703	-0.177211448104256	-0.173867445432033	-0.133690599376613	-0.161500813578773	-0.119680712616774	-0.182593248567674	-0.206897310041816	-0.0965405451097977	-0.0960498859247556	-0.16775481794369	-0.131636714789158	-0.155726643342494	-0.178827374074168	-0.164406953853064	-0.185019553293916	-0.177352176805049	-0.155384547876411	-0.193689026263313	-0.152983432349089	-0.142376047525036	-0.204212348898172	-0.155485056348753	-0.201607006577079
700110161	-0.217555277286646	-0.130210619950599	-0.112277484128426	-0.243047058815728	-0.170053568613061	-0.107626157170447	-0.218246169422498	-0.0989183531942689	-0.181281163774611	-0.0960445733486513	-0.132190067331458	-0.145678158696494	-0.0856585907582667	-0.100713862186795	-0.102335574269878	-0.159090215365444	-0.0930913336781956	-0.138942849583675	-0.191148088415385	-0.189787667871534	-0.20368408077218	-0.158908928551705	-0.183052401437649	-0.205807357801751	-0.215069417454935	-0.186804024130807	-0.117693432045664	-0.121113412580514	-0.131305041885237	0	-0.103855524164466	-0.188049468988337	-0.134378067148104	-0.0904867142200414	-0.188974427109415	-0.178725997555687	-0.159836209058001	-0.106286177984067	-0.183529037641132	-0.138555166819865	-0.177142973804306	-0.0839473966232231	-0.172889194852181	-0.177154053906073	-0.103344015752265	-0.13808238033838	-0.163782820987231	-0.100827746374114	-0.117511820758943	-0.12349345199155	-0.158609400688813	-0.209975465541752	-0.214021331025741	-0.159137831281823	-0.231131196735611	-0.102963192920872	-0.165102773010786	-0.214684828689046	-0.125648975611344	-0.204217350439914
700023496	-0.194658509150854	-0.121199804123137	-0.104478495052335	-0.241218441012206	-0.150864480839094	-0.0667190748583154	-0.191600541482742	-0.111495768383769	-0.159931155467561	-0.0826540895814092	-0.0932305329431751	-0.120418839415469	-0.104507955083042	-0.0938785302660882	-0.125049146685353	-0.130939180968217	-0.084842725542302	-0.0943703713610904	-0.15496796628994	-0.183298740612035	-0.168391245716068	-0.117124818662331	-0.166421453212309	-0.174363832330823	-0.195367560218598	-0.186598537563654	-0.103324671452376	-0.157132494087903	-0.15015885537532	-0.103855524164466	0	-0.153713112959876	-0.107161493371517	-0.0631996923394528	-0.184491590141615	-0.152120390245652	-0.12771277505011	-0.0966180590044767	-0.165087205491739	-0.147411550336007	-0.144169304079658	-0.0958623966008601	-0.114341082478151	-0.164921429858086	-0.0961892225660256	-0.111375984011151	-0.133150665384145	-0.0900550963014952	-0.0749782898621068	-0.104058998321938	-0.128836603440686	-0.2055443170573	-0.206073023693149	-0.11169390773651	-0.216579086768633	-0.0894493637221006	-0.144933485515222	-0.201320967186383	-0.116731254680529	-0.189405776360779
700034628	-0.147272859518593	-0.170168218375905	-0.130473222468856	-0.206557848459035	-0.178310087618621	-0.159414844868416	-0.116845611662925	-0.184335862724556	-0.113820491253354	-0.162362572307534	-0.110267068515782	-0.117320394194023	-0.166667497138829	-0.193017265358747	-0.173447475493668	-0.125719599052477	-0.187317672239311	-0.159624101523593	-0.129554081322092	-0.136719020605608	-0.116008544092261	-0.0713853478350829	-0.162605350376755	-0.159096709713559	-0.104992184755098	-0.216913228499502	-0.197383216559617	-0.199341231991348	-0.214755703691848	-0.188049468988337	-0.153713112959876	0	-0.129803820024788	-0.144242059131613	-0.201583723688133	-0.0987230745816885	-0.191614360867792	-0.17946710262685	-0.151525787235091	-0.21095988633924	-0.156126769215255	-0.149018602852613	-0.15065321691322	-0.079326342154343	-0.157861139874725	-0.187465931604445	-0.145438807184103	-0.142244826428114	-0.165922147500615	-0.100494449387284	-0.119554389829091	-0.151183102105946	-0.158869577301273	-0.133479213059283	-0.202939169921448	-0.138263294600858	-0.129946367070777	-0.135860095564459	-0.124932567323123	-0.101519800862007
700023645	-0.155372990316794	-0.122169869529281	-0.122672624680488	-0.191571705576469	-0.140639536747745	-0.134489176897602	-0.147151589703685	-0.135873289044095	-0.131144629755587	-0.109681545354421	-0.0766155927517731	-0.133460220223393	-0.123274107328176	-0.12745502620941	-0.153568070407062	-0.0899910699729052	-0.136719550432654	-0.136701626901761	-0.126941326000374	-0.129712639124347	-0.132649470954909	-0.090734267559129	-0.152229420354612	-0.144094415214366	-0.152415614384478	-0.172362723167564	-0.130906864272826	-0.132457375256891	-0.146590856172106	-0.134378067148104	-0.107161493371517	-0.129803820024788	0	-0.0922636248222154	-0.158965319389115	-0.111751981110056	-0.139576104463927	-0.159512033922128	-0.129988825702974	-0.168467234119506	-0.128882848408451	-0.110882496508922	-0.120305611419001	-0.129389974953988	-0.102259018897047	-0.124317392749329	-0.118470180784821	-0.104958251466655	-0.122926723408169	-0.104519669537866	-0.101019328045226	-0.152514761058244	-0.157714665680505	-0.117943459261914	-0.185318567273327	-0.105683223150328	-0.122666488325366	-0.14816128936374	-0.110221330904617	-0.154882862216766
700038744	-0.189541619486139	-0.120269486281431	-0.0861718465506219	-0.222639453860109	-0.154333658912479	-0.074826726109352	-0.181673508370457	-0.107323197821464	-0.157641238546622	-0.0701571672399624	-0.0814691260920409	-0.111694348840443	-0.0908032640705419	-0.102482803731155	-0.117172499923192	-0.122253467097574	-0.0901143247141316	-0.108070888274154	-0.162035391853184	-0.169497802379119	-0.16567477235654	-0.103343800183978	-0.161474325252779	-0.174043244092715	-0.183854109607926	-0.184580595425831	-0.109862514189939	-0.13488718389604	-0.140734665775723	-0.0904867142200414	-0.0631996923394528	-0.144242059131613	-0.0922636248222154	0	-0.184453910062959	-0.140074260919962	-0.13406397973363	-0.103266090639793	-0.155538630792394	-0.133110236480482	-0.149853813591166	-0.0837341331603719	-0.133049639865687	-0.158671658606606	-0.0880523003563161	-0.119001583753824	-0.136587973388802	-0.0679862622674356	-0.0840269305532777	-0.0855336522857713	-0.116423304581453	-0.196417477533862	-0.193775164931553	-0.117562790560263	-0.208044447638494	-0.0802022948772265	-0.139886467913377	-0.189806065924358	-0.0956001579756551	-0.181538280643179
