700108602	700014971	700033565	700109389	700023058	700023927	700106341	700114221	700023543	700023439	700016978	700024192	700113058	700099448	700109870	700033928	700023693	700109627	700095416	700110425	700111580	700111302	700098605	700111991	700108960	700024452	700032931	700095837	700024548	700110161	700023496	700034628	700023645	700038744	700038485	700024743	700099596	700110760	700101587	700106399	700032322	700095653	700021312	700101230	700023590	700038905	700033136	700023382	700096424	700105469	700016908	700096053	700108479	700109569	700033814	700016125	700109756	700102665	700101777	700109455
700108602	0	-0.167656945048406	-0.198434695097709	-0.10946029803665	-0.141155302900594	-0.201351943180173	-0.0712329596917901	-0.215024327143618	-0.0969667939627415	-0.205798879187328	-0.142878543787974	-0.207911484093794	-0.214635523259737	-0.175745764335586	-0.211233950106767	-0.10853717861938	-0.211617198092299	-0.200219868912754	-0.102212041946786	-0.0857582704107993	-0.109182653138056	-0.146876704866552	-0.107506896013424	-0.058697737804253	-0.101901801026119	-0.115901310790353	-0.180582050284102	-0.183890195687635	-0.185395834858534	-0.206481226525506	-0.189630291743837	-0.159346096937323	-0.147135980085089	-0.179657179955185	-0.112984384454367	-0.12723193752862	-0.159138895753771	-0.219752499589414	-0.0848600441337383	-0.244373494385022	-0.106839178933556	-0.209809832806875	-0.138328766184707	-0.144069011977371	-0.181683964829249	-0.159438924417581	-0.123916997597156	-0.201233244297801	-0.164391619032056	-0.176664067801823	-0.145002070974948	-0.0749219911996659	-0.0834612358316116	-0.12644282787382	-0.0883749678304996	-0.195574739887574	-0.114659252841526	-0.0712828550469522	-0.169472146607916	-0.10662395060809
700014971	-0.167656945048406	0	-0.178221682002363	-0.215562512181633	-0.13944001731662	-0.150712869421793	-0.184693092962673	-0.156900121134855	-0.146981229761086	-0.128940635336844	-0.131153948407137	-0.204839878282598	-0.15050800476629	-0.116802215526318	-0.177571997375729	-0.177900964227372	-0.141108422239998	-0.177028858323745	-0.157026078096996	-0.168914179499566	-0.178247936770348	-0.155773440372561	-0.127360234612153	-0.167416306197524	-0.200026227413455	-0.139685347518991	-0.111510756193189	-0.128084996479227	-0.11562363746769	-0.131704683688421	-0.131574096422896	-0.1655856851433	-0.123783385336216	-0.141918271535577	-0.137094048245201	-0.135638489403643	-0.155017917192013	-0.192183114643245	-0.140707788941289	-0.162484702951157	-0.136011779758967	-0.153633789387657	-0.128838146210579	-0.16599521883589	-0.138360240447163	-0.125782137876383	-0.105104476458545	-0.160669417370765	-0.122246613788773	-0.183464245221111	-0.174623791404564	-0.163539964180003	-0.173593254772258	-0.125350988495045	-0.162480128653754	-0.131092767767082	-0.16722989732814	-0.180434188209187	-0.166786790601455	-0.165281815140604
700033565	-0.198434695097709	-0.178221682002363	0	-0.231539576753088	-0.17473734478487	-0.076716735448826	-0.19805668344449	-0.0971342591468947	-0.178779117498294	-0.0907216835602569	-0.0915990433153509	-0.0677081360610877	-0.0986475091975913	-0.145950611320189	-0.0967952614782032	-0.137621483406404	-0.108518476913562	-0.097784173670001	-0.174113535625831	-0.174046573695549	-0.172418224291261	-0.0903385032187068	-0.18657501671801	-0.189363418129628	-0.177907217290593	-0.205562318924472	-0.14770276019823	-0.177780811702879	-0.165763758295774	-0.11485287187048	-0.109190395656164	-0.124626470544105	-0.115193498582889	-0.0872548021084977	-0.201755148418731	-0.134453138910147	-0.166734153861674	-0.104230872083491	-0.177426596838454	-0.135287523966541	-0.156961021867805	-0.0745629400963677	-0.152514311292388	-0.145647832685729	-0.1152782716675	-0.145625547031096	-0.15664412846733	-0.0916178983344745	-0.119055424269137	-0.0876849841898472	-0.0893556506996051	-0.214592885590054	-0.208673401437785	-0.135629081695103	-0.225952889543851	-0.104251411300228	-0.15122683566183	-0.204137021489064	-0.0916158299876041	-0.185675220279083
700109389	-0.10946029803665	-0.215562512181633	-0.231539576753088	0	-0.194499627433579	-0.251985709476429	-0.100778545889246	-0.246046153317023	-0.1700599521715	-0.245644109819986	-0.191647937762506	-0.234398769965485	-0.248880186904116	-0.232494373202391	-0.233511429710088	-0.162235297465727	-0.256405010277375	-0.255677439156625	-0.185724612205631	-0.114086589655749	-0.147475411842223	-0.201607151261252	-0.148951027811637	-0.138391593236887	-0.137844771156456	-0.144012868525963	-0.238739815232183	-0.220944996064213	-0.198339016567906	-0.234613649833932	-0.24504954155042	-0.212656272850786	-0.184099173779649	-0.231941664785625	-0.136790325537809	-0.169960106571207	-0.230172095680483	-0.265050225699348	-0.149357486494078	-0.247136722459302	-0.158183604920082	-0.238454973018416	-0.205643939437194	-0.187157766095114	-0.213060324156861	-0.203396909551812	-0.196703929144169	-0.23237274976146	-0.220355501390646	-0.217269775689275	-0.185834296902137	-0.118329647166193	-0.0820374235322691	-0.190993550979047	-0.130756384759225	-0.235454106758686	-0.128147876897484	-0.11202135159957	-0.192046770546865	-0.154950326481056
700023058	-0.141155302900594	-0.13944001731662	-0.17473734478487	-0.194499627433579	0	-0.151404005024639	-0.160150163994553	-0.172628181073507	-0.118274976415721	-0.155849808900986	-0.132500974112804	-0.190233243010794	-0.177497862706599	-0.126152638969024	-0.179505486564896	-0.136820062467756	-0.167172495438396	-0.148794370012261	-0.132071496913978	-0.159304995309315	-0.169745687408738	-0.146998077573997	-0.140010061647513	-0.146783115914216	-0.19165039359395	-0.124326574808388	-0.138610825293735	-0.170078253059067	-0.163812101688077	-0.16708609039115	-0.146275911987044	-0.171140416312355	-0.134032459949748	-0.145055178966824	-0.126597046296242	-0.15676788502052	-0.108436869268682	-0.148584597749113	-0.118013948969006	-0.19766276624361	-0.126082245004354	-0.17123918187842	-0.125057778139648	-0.164907820612152	-0.161803592714344	-0.141144397422052	-0.112561407464917	-0.173492178120594	-0.132756974901746	-0.183047059940793	-0.157490748982886	-0.143998109260952	-0.156552229433066	-0.126451797575621	-0.163011658725175	-0.16155643694018	-0.164191916807602	-0.164821801800653	-0.166170385375135	-0.151132202737613
700023927	-0.201351943180173	-0.150712869421793	-0.076716735448826	-0.251985709476429	-0.151404005024639	0	-0.217488060221067	-0.100656480080493	-0.182405755596156	-0.0677263546443838	-0.109904211087159	-0.105723081585276	-0.0907350858114398	-0.0987075329986191	-0.0955330860738927	-0.154394739119112	-0.0915746213007996	-0.0753603062995063	-0.173662041887791	-0.192305339634448	-0.180758577017283	-0.1287701941398	-0.171352857045048	-0.194540990747046	-0.203702453607436	-0.201988799742415	-0.110286758354578	-0.17909005832344	-0.149296975613342	-0.106953307026073	-0.063909927794545	-0.15754347418505	-0.12322077655033	-0.0612003413369591	-0.196566501021496	-0.159055370481427	-0.139903932358346	-0.0728389931287044	-0.184016016094876	-0.129586020692892	-0.152763323856009	-0.0822099025068163	-0.13079929214536	-0.175917549404758	-0.110761165632099	-0.124525409778576	-0.140412716221647	-0.0967327168744072	-0.0695972221980604	-0.116206668424649	-0.126360352310713	-0.219885670043569	-0.227509250179615	-0.120123962990936	-0.224815732218944	-0.101618384294327	-0.160453981609032	-0.217883468210235	-0.110979145479326	-0.192819848345262
700106341	-0.0712329596917901	-0.184693092962673	-0.19805668344449	-0.100778545889246	-0.160150163994553	-0.217488060221067	0	-0.215272937476535	-0.0918288562373903	-0.214622517603175	-0.145340324886065	-0.190788938269411	-0.213446848915457	-0.198810188199603	-0.207270642831935	-0.120295984782785	-0.216039335185977	-0.225868741814776	-0.11841423303267	-0.0730107151980677	-0.0910796748322975	-0.136355595770518	-0.113587929805965	-0.0996483502255932	-0.0830010522429084	-0.158827815895066	-0.209353729004224	-0.20972688648042	-0.196160315049111	-0.215199453963534	-0.198494936919158	-0.128781139188723	-0.140186311907013	-0.196013639867025	-0.147458234791251	-0.110251751091427	-0.19620134710048	-0.232929849916305	-0.0973841705486274	-0.243458182772317	-0.122245489059671	-0.206660935968411	-0.142624421595533	-0.121490362422611	-0.178245101086601	-0.180217536678099	-0.149665730456942	-0.191011491906308	-0.180741926549472	-0.169193381998711	-0.153359580166922	-0.0770420757823737	-0.0786246984945633	-0.140650509160375	-0.11474219196083	-0.197790429930086	-0.0996913956402437	-0.0675426535474829	-0.157660305030085	-0.0822286344344894
700114221	-0.215024327143618	-0.156900121134855	-0.0971342591468947	-0.246046153317023	-0.172628181073507	-0.100656480080493	-0.215272937476535	0	-0.193549047304973	-0.0743749303543075	-0.13881186618948	-0.119259758673	-0.0756194730651909	-0.135165353190555	-0.0705104184442638	-0.176534760268755	-0.0732758135294315	-0.143716785013591	-0.202048246281561	-0.193434951891785	-0.194433580781076	-0.144795258638657	-0.189120688559444	-0.211644044490912	-0.22434108758402	-0.213679889381175	-0.129129543457902	-0.165896180150237	-0.138555752278341	-0.100387098633628	-0.115215984827086	-0.16416559641038	-0.120226995008409	-0.118277285970098	-0.20727200927718	-0.154713514697268	-0.173748045151776	-0.114465858832709	-0.191453490150721	-0.0858153563953285	-0.161213143596109	-0.0765550192449168	-0.165149891757394	-0.183242245569333	-0.0930380098338592	-0.131583126305006	-0.140965554466436	-0.0775779287638523	-0.13740054149604	-0.132446442401373	-0.145100002457638	-0.221879794345207	-0.217267691668404	-0.15892662476676	-0.242342630072496	-0.0783430638044235	-0.163044906053677	-0.230251887054174	-0.127970713807263	-0.193727971575418
700023543	-0.0969667939627415	-0.146981229761086	-0.178779117498294	-0.1700599521715	-0.118274976415721	-0.182405755596156	-0.0918288562373903	-0.193549047304973	0	-0.176244406175685	-0.126907010806079	-0.183311963374459	-0.192856515490306	-0.157147276582429	-0.190041602152678	-0.0964356558335897	-0.185729031824432	-0.193225901426719	-0.0922881467813582	-0.126636433925704	-0.1221102070756	-0.118116716998718	-0.112618085270181	-0.104230867778201	-0.122135752378916	-0.13252864745549	-0.162331917657621	-0.176150419193023	-0.193254186750876	-0.188585245469175	-0.161946904373473	-0.10949523115864	-0.133915764825483	-0.162592319521001	-0.119946649058037	-0.12527601987841	-0.155975802782443	-0.199329479748383	-0.0768553948169021	-0.224774414575405	-0.109114367020649	-0.184409141597266	-0.126317666873337	-0.104524489504159	-0.175742025429011	-0.158524044675584	-0.116041016356822	-0.173759545811506	-0.161158500327297	-0.147591909040467	-0.144251380335601	-0.0852420296033852	-0.113415019966181	-0.115311528063437	-0.125811608802807	-0.167810180860148	-0.148369063551598	-0.0986290954727813	-0.1573878748634	-0.0901185172210195
700023439	-0.205798879187328	-0.128940635336844	-0.0907216835602569	-0.245644109819986	-0.155849808900986	-0.0677263546443838	-0.214622517603175	-0.0743749303543075	-0.176244406175685	0	-0.113452046945192	-0.11949069796955	-0.0611862433311916	-0.103996256323886	-0.100361606732404	-0.156709837589424	-0.0658824321240803	-0.112826329334228	-0.179343440050805	-0.190529182539848	-0.180035676859014	-0.132897713425586	-0.17537648451205	-0.193028312510659	-0.212078852421562	-0.201328221595537	-0.109100696097854	-0.151583396412139	-0.129730897042309	-0.0857699131779894	-0.0803508904435835	-0.157728761116337	-0.103304459759033	-0.0837742421937548	-0.191887039001293	-0.155909846341507	-0.151740197571809	-0.103480625172991	-0.180825873602137	-0.103296931523658	-0.138885658913818	-0.067144079218083	-0.142763384277567	-0.177998109181196	-0.0919950430638412	-0.120867572304028	-0.130320274614278	-0.0862959750692901	-0.101473946921638	-0.1264647247133	-0.128582595473129	-0.208657628393961	-0.218357160242268	-0.131949227054737	-0.228400178736682	-0.068304611311313	-0.162954184849153	-0.211008470589643	-0.114345232993941	-0.189345069043725
700016978	-0.142878543787974	-0.131153948407137	-0.0915990433153509	-0.191647937762506	-0.132500974112804	-0.109904211087159	-0.145340324886065	-0.13881186618948	-0.126907010806079	-0.113452046945192	0	-0.117884930841556	-0.126134308194485	-0.128103156497056	-0.153375526065604	-0.0927105285974352	-0.12527126073702	-0.113061663812389	-0.121994945620581	-0.124250351510935	-0.123744432628456	-0.0669824084505129	-0.134190377091592	-0.131631232430889	-0.130104325921196	-0.157559140389428	-0.130880447780508	-0.144706850066194	-0.150485248338603	-0.132250747522035	-0.0958777470577944	-0.101055397132208	-0.0804532025695217	-0.0807319418847629	-0.156607184434358	-0.093101059543119	-0.126686975516238	-0.143525521172459	-0.116708144478595	-0.173203717892747	-0.0995648700377744	-0.115617311688345	-0.093842133629595	-0.111681280732158	-0.114275790132301	-0.126952666934651	-0.102657319685991	-0.125153020320401	-0.0924425933578577	-0.10329778946437	-0.0767796805392299	-0.154378856550508	-0.155934220270758	-0.0873219601765756	-0.16729869753377	-0.11501939980569	-0.118863941665488	-0.146391460354169	-0.0983566959000644	-0.136487829175832
700024192	-0.207911484093794	-0.204839878282598	-0.0677081360610877	-0.234398769965485	-0.190233243010794	-0.105723081585276	-0.190788938269411	-0.119259758673	-0.183311963374459	-0.11949069796955	-0.117884930841556	0	-0.106560751624566	-0.171066768199544	-0.103688859716205	-0.140020011351532	-0.133424239384923	-0.125228705813422	-0.172473462438644	-0.179944286224477	-0.160476928545254	-0.0917175793949483	-0.194049783726833	-0.208106591525084	-0.174111216538095	-0.221044020907263	-0.178238018563607	-0.193873868415064	-0.17693601040874	-0.147287057364648	-0.120614035636173	-0.11241672347883	-0.126045476546019	-0.109384330009845	-0.217186832686883	-0.149576481274413	-0.188431643327899	-0.110795727763303	-0.194988809298844	-0.149129131958959	-0.171746667576436	-0.0791834589790636	-0.175062629128034	-0.144417003290818	-0.117721726212017	-0.156215559297524	-0.172139157676009	-0.0933716728456578	-0.143551895124749	-0.0848974296243959	-0.0974648363679341	-0.219845509847303	-0.216997658811341	-0.142994637425854	-0.246917039665257	-0.111029635465243	-0.139731514091254	-0.210456589098746	-0.0981535706135771	-0.184802389094872
700113058	-0.214635523259737	-0.15050800476629	-0.0986475091975913	-0.248880186904116	-0.177497862706599	-0.0907350858114398	-0.213446848915457	-0.0756194730651909	-0.192856515490306	-0.0611862433311916	-0.126134308194485	-0.106560751624566	0	-0.126442783192053	-0.0907214802232983	-0.165514474135092	-0.0834191080806494	-0.142628571875187	-0.200060730892821	-0.188191246868645	-0.1867804683575	-0.130071347121817	-0.192429764143674	-0.21282792948288	-0.21265359972527	-0.215120811088819	-0.121558203736821	-0.152046988029764	-0.136207409791351	-0.100944649177698	-0.0999279388279054	-0.154920269069435	-0.105537077062198	-0.104638883554252	-0.215189476023024	-0.157305825527831	-0.171496628038245	-0.125276826526457	-0.190717927725731	-0.103208991713411	-0.159999476900679	-0.0619691827041851	-0.167494730456879	-0.178145121024959	-0.0845928006259256	-0.142122181560788	-0.151318885559956	-0.0680126347745941	-0.12502203819002	-0.116944377961788	-0.13511601709375	-0.219780842854315	-0.220451191825016	-0.157893633661589	-0.246748210431083	-0.0607139006913264	-0.159348993572277	-0.222087762809069	-0.118403881470323	-0.18399010965524
700099448	-0.175745764335586	-0.116802215526318	-0.145950611320189	-0.232494373202391	-0.126152638969024	-0.0987075329986191	-0.198810188199603	-0.135165353190555	-0.157147276582429	-0.103996256323886	-0.128103156497056	-0.171066768199544	-0.126442783192053	0	-0.147044114603599	-0.157556738203039	-0.11440060242121	-0.119530576150455	-0.146452043576726	-0.174253725545046	-0.171898156705941	-0.15640235784933	-0.146367261523943	-0.160074547429976	-0.204012481803016	-0.153998218944365	-0.0947014615342091	-0.157691534420487	-0.126865370287739	-0.116521498483577	-0.0975846393520338	-0.180341406824581	-0.114444011462784	-0.0991019740425851	-0.155533425000298	-0.156311080749377	-0.122075251979556	-0.125931904902879	-0.153546474912914	-0.162402299859287	-0.136288321992166	-0.127724920222111	-0.112944165481399	-0.190728026109532	-0.10744042082158	-0.120298788803528	-0.109984718473266	-0.135863478731735	-0.0718405749854513	-0.159302694059825	-0.147761760251832	-0.177377305307952	-0.202496042248316	-0.120302442232603	-0.184124058263589	-0.121193441224472	-0.152039918648384	-0.193946031961416	-0.141033572748323	-0.178048277648885
700109870	-0.211233950106767	-0.177571997375729	-0.0967952614782032	-0.233511429710088	-0.179505486564896	-0.0955330860738927	-0.207270642831935	-0.0705104184442638	-0.190041602152678	-0.100361606732404	-0.153375526065604	-0.103688859716205	-0.0907214802232983	-0.147044114603599	0	-0.174508162231845	-0.104160184757712	-0.151359624139058	-0.200742459402886	-0.186066538617841	-0.182361732857676	-0.14494955619503	-0.181061501777617	-0.219350871575105	-0.212332128457992	-0.213539932228948	-0.145924861830755	-0.180525551455923	-0.141478299365684	-0.102813254266664	-0.125509651785737	-0.162742494530794	-0.13883945113162	-0.125784385484328	-0.210798198765684	-0.164266067048056	-0.182594831424308	-0.104413259056711	-0.194109028114319	-0.103384652988985	-0.180486531262997	-0.084136723148001	-0.183029688678023	-0.181413714752508	-0.104221329835221	-0.131989186724318	-0.157879871647904	-0.0767328288954163	-0.138597667411264	-0.126224932090107	-0.14484152043855	-0.21593696173197	-0.214708391030471	-0.160104117461058	-0.240820157607575	-0.103639185149705	-0.15174350301461	-0.226075021779999	-0.118066577332051	-0.187606260145687
700033928	-0.10853717861938	-0.177900964227372	-0.137621483406404	-0.162235297465727	-0.136820062467756	-0.154394739119112	-0.120295984782785	-0.176534760268755	-0.0964356558335897	-0.156709837589424	-0.0927105285974352	-0.140020011351532	-0.165514474135092	-0.157556738203039	-0.174508162231845	0	-0.170034957789902	-0.151247849795996	-0.108782962760105	-0.121244228304951	-0.116954919356486	-0.101366850961858	-0.138767647044163	-0.107096231990585	-0.124770591154885	-0.148345018352274	-0.166894649818566	-0.156259496404764	-0.18056001027107	-0.166971722568816	-0.142550766524457	-0.118875495986285	-0.105935626118393	-0.136081487544384	-0.136564093830097	-0.131111472129904	-0.146322420276283	-0.180447551803866	-0.108162253514797	-0.208853189635364	-0.0987191931981118	-0.144423463786957	-0.137170371165256	-0.118464745876726	-0.139780804045743	-0.147921131114517	-0.126015627328298	-0.158968799771514	-0.138500483854774	-0.118284770611425	-0.0958518324039933	-0.120167489566179	-0.129227837937878	-0.119245166744032	-0.157308324948817	-0.147395117308434	-0.134477895209931	-0.109171319894955	-0.124768338901736	-0.120658676342606
700023693	-0.211617198092299	-0.141108422239998	-0.108518476913562	-0.256405010277375	-0.167172495438396	-0.0915746213007996	-0.216039335185977	-0.0732758135294315	-0.185729031824432	-0.0658824321240803	-0.12527126073702	-0.133424239384923	-0.0834191080806494	-0.11440060242121	-0.104160184757712	-0.170034957789902	0	-0.131917963716939	-0.187193235535714	-0.193539687744284	-0.17895789741645	-0.146202943306714	-0.182364502399141	-0.203677089687688	-0.223988690509138	-0.210187676640503	-0.125186344465393	-0.171850239497199	-0.13498652315387	-0.111614348661236	-0.0895515678563196	-0.16873790756455	-0.117744085418169	-0.106143516246059	-0.205275526928384	-0.156129316423421	-0.156204317774865	-0.123804281788004	-0.186556923077519	-0.09119490493265	-0.151931521659595	-0.0986460348085687	-0.151577684139464	-0.188362940399827	-0.0948396599974949	-0.114445853706666	-0.126692546139828	-0.0877583166394855	-0.111759024218471	-0.13994252486065	-0.14339338528246	-0.21868032302071	-0.225214457348199	-0.140818335874027	-0.236920282226575	-0.0847686529575216	-0.162866846398586	-0.224444942136962	-0.137558148127354	-0.194148044789293
700109627	-0.200219868912754	-0.177028858323745	-0.097784173670001	-0.255677439156625	-0.148794370012261	-0.0753603062995063	-0.225868741814776	-0.143716785013591	-0.193225901426719	-0.112826329334228	-0.113061663812389	-0.125228705813422	-0.142628571875187	-0.119530576150455	-0.151359624139058	-0.151247849795996	-0.131917963716939	0	-0.170974747376578	-0.195638409322009	-0.19814565285962	-0.136145746432983	-0.192853273432432	-0.178988494273694	-0.20017881540709	-0.203739847425151	-0.128994633789855	-0.184699882634626	-0.189236287191664	-0.141689396993819	-0.0971582562459804	-0.163504619774008	-0.149270098393235	-0.0880101714910988	-0.195358495925401	-0.168879455215822	-0.118736361186334	-0.0822401123471904	-0.190120921536936	-0.177184855378767	-0.163969922376582	-0.124195937234258	-0.135485508151086	-0.173481226452674	-0.154657141915653	-0.157315132389029	-0.161959658676793	-0.141009078320321	-0.0900731197830153	-0.132758869777848	-0.121478728447173	-0.226884949187684	-0.230920170212421	-0.134563799164778	-0.213618253244565	-0.139512087475264	-0.183940438970473	-0.217632441509613	-0.139094222325288	-0.209235159431979
700095416	-0.102212041946786	-0.157026078096996	-0.174113535625831	-0.185724612205631	-0.132071496913978	-0.173662041887791	-0.11841423303267	-0.202048246281561	-0.0922881467813582	-0.179343440050805	-0.121994945620581	-0.172473462438644	-0.200060730892821	-0.146452043576726	-0.200742459402886	-0.108782962760105	-0.187193235535714	-0.170974747376578	0	-0.125098925223647	-0.105477619750781	-0.125107646606903	-0.122241293738931	-0.0879525072514578	-0.118219719800764	-0.1289995306285	-0.158955298001664	-0.183360516981127	-0.180204510134157	-0.195911432557391	-0.156121371729123	-0.121372954678416	-0.126831777404648	-0.154635625032772	-0.121586471168376	-0.126493766000853	-0.142954881591717	-0.179392546488544	-0.0994493564822417	-0.232767427275222	-0.0987549764030841	-0.190703190187743	-0.110591853659866	-0.130525782006846	-0.167679813941312	-0.138858384266913	-0.109320971615899	-0.185142266434631	-0.139493833625525	-0.149869198574943	-0.126375825539921	-0.125003741868611	-0.140451382918039	-0.0843855738366851	-0.123149562862531	-0.175881040495622	-0.131952407999872	-0.121380502549052	-0.150666917432123	-0.124418079397951
700110425	-0.0857582704107993	-0.168914179499566	-0.174046573695549	-0.114086589655749	-0.159304995309315	-0.192305339634448	-0.0730107151980677	-0.193434951891785	-0.126636433925704	-0.190529182539848	-0.124250351510935	-0.179944286224477	-0.188191246868645	-0.174253725545046	-0.186066538617841	-0.121244228304951	-0.193539687744284	-0.195638409322009	-0.125098925223647	0	-0.0953430858017113	-0.126082269761527	-0.107967529731016	-0.10502681975428	-0.0768827662232172	-0.160544657603354	-0.180439238317638	-0.177535706160876	-0.176802235240661	-0.180542384687886	-0.180354377033097	-0.145912936191082	-0.121762530226396	-0.176079616747604	-0.144275225009388	-0.0934395739576172	-0.167995905113418	-0.214068459469564	-0.104194238971307	-0.225474541349154	-0.112839570773039	-0.179171030313707	-0.130757508867321	-0.110515823530588	-0.149887544025304	-0.161173154460325	-0.126375074697961	-0.175002706229931	-0.154832444512574	-0.165294790462896	-0.135869937018114	-0.0931016712110578	-0.0742966806389781	-0.127150173166036	-0.12076020756881	-0.175913052624015	-0.0743460998526296	-0.0840924451658049	-0.146405354933677	-0.105616917346664
700111580	-0.109182653138056	-0.178247936770348	-0.172418224291261	-0.147475411842223	-0.169745687408738	-0.180758577017283	-0.0910796748322975	-0.194433580781076	-0.1221102070756	-0.180035676859014	-0.123744432628456	-0.160476928545254	-0.1867804683575	-0.171898156705941	-0.182361732857676	-0.116954919356486	-0.17895789741645	-0.19814565285962	-0.105477619750781	-0.0953430858017113	0	-0.116965475295105	-0.105335515536092	-0.113216606685421	-0.078091831493793	-0.171134926164338	-0.190116571505369	-0.207243503032555	-0.162636670099693	-0.200444131874439	-0.165362472192392	-0.114024172117322	-0.118837386322371	-0.173210568700168	-0.166211620285879	-0.111360156759033	-0.190963407588219	-0.187092734579539	-0.123200898328509	-0.21363210143993	-0.113213655852568	-0.172149264983293	-0.135223363464388	-0.118372427016597	-0.135451025716862	-0.144002771232754	-0.124385503506238	-0.161019845050162	-0.14834392619508	-0.135987179580712	-0.122226399352664	-0.108603829669075	-0.117213018175211	-0.103047376631464	-0.140733370097226	-0.164381902958969	-0.0861604957526932	-0.0887094116696442	-0.122144981261828	-0.0949542378308081
700111302	-0.146876704866552	-0.155773440372561	-0.0903385032187068	-0.201607151261252	-0.146998077573997	-0.1287701941398	-0.136355595770518	-0.144795258638657	-0.118116716998718	-0.132897713425586	-0.0669824084505129	-0.0917175793949483	-0.130071347121817	-0.15640235784933	-0.14494955619503	-0.101366850961858	-0.146202943306714	-0.136145746432983	-0.125107646606903	-0.126082269761527	-0.116965475295105	0	-0.143100225302274	-0.147823257878526	-0.11870195821119	-0.181931735685545	-0.152953745015015	-0.162703349431248	-0.180893868412235	-0.150597654639773	-0.120611566167458	-0.0637110809221171	-0.0893933684238853	-0.102861578620389	-0.17885072915006	-0.0973242375421411	-0.150026752606734	-0.15349568360312	-0.129403673400787	-0.177347737438458	-0.131683428513659	-0.11775994108809	-0.117263898438503	-0.097134968471485	-0.126119774916534	-0.154519497907188	-0.127527026624977	-0.117383238832795	-0.122610524375932	-0.0778871068152624	-0.0768548518360769	-0.157368700138018	-0.158641896504164	-0.100162263931237	-0.184336035408329	-0.112188131372731	-0.11851482725393	-0.148598453238821	-0.0878941158952565	-0.12262816682357
700098605	-0.107506896013424	-0.127360234612153	-0.18657501671801	-0.148951027811637	-0.140010061647513	-0.171352857045048	-0.113587929805965	-0.189120688559444	-0.112618085270181	-0.17537648451205	-0.134190377091592	-0.194049783726833	-0.192429764143674	-0.146367261523943	-0.181061501777617	-0.138767647044163	-0.182364502399141	-0.192853273432432	-0.122241293738931	-0.107967529731016	-0.105335515536092	-0.143100225302274	0	-0.111639423676436	-0.142878266393307	-0.133807232893239	-0.154937184899066	-0.169331201850077	-0.158861144351424	-0.181854225385956	-0.162142390954797	-0.157352297008372	-0.137328550279123	-0.167351214080876	-0.126829242110375	-0.124183026205892	-0.155318064125994	-0.190722055069022	-0.100736614183639	-0.202248428112339	-0.105979967947094	-0.18487959885876	-0.134407425482313	-0.140711391464022	-0.170601034693173	-0.127924464761988	-0.112317878576908	-0.179704526844222	-0.147345028973996	-0.172312262878597	-0.15695459299252	-0.116937675903911	-0.113128077343835	-0.114656296700926	-0.0990573655184146	-0.170384598821806	-0.11605726414773	-0.124809572197226	-0.158312265809714	-0.104918014387951
700111991	-0.058697737804253	-0.167416306197524	-0.189363418129628	-0.138391593236887	-0.146783115914216	-0.194540990747046	-0.0996483502255932	-0.211644044490912	-0.104230867778201	-0.193028312510659	-0.131631232430889	-0.208106591525084	-0.21282792948288	-0.160074547429976	-0.219350871575105	-0.107096231990585	-0.203677089687688	-0.178988494273694	-0.0879525072514578	-0.10502681975428	-0.113216606685421	-0.147823257878526	-0.111639423676436	0	-0.119523441603482	-0.115268181300486	-0.165544193584201	-0.179555263968325	-0.185155886787745	-0.205071289109787	-0.180485728234531	-0.157541491844734	-0.142803699514237	-0.169682213262802	-0.111140806446146	-0.12723741710774	-0.156066813094926	-0.208885934718097	-0.0888052146890362	-0.243456139170401	-0.0988497695828437	-0.207768422004628	-0.131323885014001	-0.143119878858223	-0.183057834437888	-0.150530945362874	-0.113636540633803	-0.203945725314129	-0.154913334295639	-0.170330754233899	-0.140742469100141	-0.103234569006904	-0.112808176136721	-0.119115485323734	-0.0820293639629792	-0.190332404641653	-0.130993505926734	-0.0974650715773817	-0.161750131660554	-0.113006002095275
700108960	-0.101901801026119	-0.200026227413455	-0.177907217290593	-0.137844771156456	-0.19165039359395	-0.203702453607436	-0.0830010522429084	-0.22434108758402	-0.122135752378916	-0.212078852421562	-0.130104325921196	-0.174111216538095	-0.21265359972527	-0.204012481803016	-0.212332128457992	-0.124770591154885	-0.223988690509138	-0.20017881540709	-0.118219719800764	-0.0768827662232172	-0.078091831493793	-0.11870195821119	-0.142878266393307	-0.119523441603482	0	-0.190044324842465	-0.216733126977817	-0.21419196650963	-0.207956823539727	-0.214005733376025	-0.1992194882314	-0.114668897861188	-0.147018619614155	-0.188262699644615	-0.170293125241573	-0.110061390372229	-0.203174902584753	-0.22043048775038	-0.125065535234908	-0.254444939478905	-0.140991779437298	-0.196140752614305	-0.146040374989439	-0.0955215179044479	-0.174778164428981	-0.196822713562345	-0.16596249234186	-0.198358649866181	-0.169835761694802	-0.13994864717563	-0.118259772550552	-0.106931280116976	-0.0947247757049072	-0.127759563445901	-0.132646166591799	-0.201502903157651	-0.0971276993948903	-0.0758821287802098	-0.135599754867586	-0.0967195203775534
700024452	-0.115901310790353	-0.139685347518991	-0.205562318924472	-0.144012868525963	-0.124326574808388	-0.201988799742415	-0.158827815895066	-0.213679889381175	-0.13252864745549	-0.201328221595537	-0.157559140389428	-0.221044020907263	-0.215120811088819	-0.153998218944365	-0.213539932228948	-0.148345018352274	-0.210187676640503	-0.203739847425151	-0.1289995306285	-0.160544657603354	-0.171134926164338	-0.181931735685545	-0.133807232893239	-0.115268181300486	-0.190044324842465	0	-0.162290026091334	-0.166981587444277	-0.144556657799727	-0.191779588703503	-0.193810339165856	-0.201459064878185	-0.157719800593956	-0.18289185424753	-0.0643173579065658	-0.153586124758919	-0.168526454046554	-0.210337161957642	-0.106788045044803	-0.220331419202799	-0.12868161036251	-0.207755352105115	-0.1604183118847	-0.186640901016897	-0.185382881876565	-0.139289661356884	-0.130829881350238	-0.207812640554401	-0.168930345806692	-0.201495557161718	-0.179692064889823	-0.112762926800378	-0.134580501910012	-0.135705999546258	-0.110822658278401	-0.195379744416616	-0.164443178728839	-0.156000425379669	-0.183615151138005	-0.168943625984056
700032931	-0.180582050284102	-0.111510756193189	-0.14770276019823	-0.238739815232183	-0.138610825293735	-0.110286758354578	-0.209353729004224	-0.129129543457902	-0.162331917657621	-0.109100696097854	-0.130880447780508	-0.178238018563607	-0.121558203736821	-0.0947014615342091	-0.145924861830755	-0.166894649818566	-0.125186344465393	-0.128994633789855	-0.158955298001664	-0.180439238317638	-0.190116571505369	-0.152953745015015	-0.154937184899066	-0.165544193584201	-0.216733126977817	-0.162290026091334	0	-0.139150874132263	-0.146990917356706	-0.126861385879999	-0.110308776618544	-0.177869748203267	-0.126356562792465	-0.113431518236077	-0.170069506987041	-0.163742771198697	-0.125210940687581	-0.1459278032642	-0.156370886739625	-0.152972419503896	-0.137504200330468	-0.125098006373632	-0.126186398699112	-0.185317797584352	-0.118840713538298	-0.123990670891965	-0.113713264921005	-0.12566912768839	-0.101621094752787	-0.150854300318496	-0.16250031445121	-0.188534913917539	-0.201979582235291	-0.126765555011968	-0.186390987432248	-0.109452047990579	-0.173470852089421	-0.208436296777757	-0.147042533188109	-0.191867403236321
700095837	-0.183890195687635	-0.128084996479227	-0.177780811702879	-0.220944996064213	-0.170078253059067	-0.17909005832344	-0.20972688648042	-0.165896180150237	-0.176150419193023	-0.151583396412139	-0.144706850066194	-0.193873868415064	-0.152046988029764	-0.157691534420487	-0.180525551455923	-0.156259496404764	-0.171850239497199	-0.184699882634626	-0.183360516981127	-0.177535706160876	-0.207243503032555	-0.162703349431248	-0.169331201850077	-0.179555263968325	-0.21419196650963	-0.166981587444277	-0.139150874132263	0	-0.119159674233391	-0.118516730377005	-0.166071182770758	-0.195946587231255	-0.135428816097942	-0.148993254991208	-0.163476754842628	-0.165221017775034	-0.154456336701023	-0.215244584860191	-0.158811541431825	-0.184033003722063	-0.15384210214874	-0.150917272043317	-0.17333219787412	-0.186830964935582	-0.145057814156748	-0.155766404212348	-0.151453372376749	-0.15931935549428	-0.167324480863302	-0.186732576341275	-0.166583973893028	-0.183428179528757	-0.192165116640959	-0.172168349275893	-0.198863095068256	-0.136934740836829	-0.189159715502399	-0.203350129645981	-0.176345741530052	-0.200174737556773
700024548	-0.185395834858534	-0.11562363746769	-0.165763758295774	-0.198339016567906	-0.163812101688077	-0.149296975613342	-0.196160315049111	-0.138555752278341	-0.193254186750876	-0.129730897042309	-0.150485248338603	-0.17693601040874	-0.136207409791351	-0.126865370287739	-0.141478299365684	-0.18056001027107	-0.13498652315387	-0.189236287191664	-0.180204510134157	-0.176802235240661	-0.162636670099693	-0.180893868412235	-0.158861144351424	-0.185155886787745	-0.207956823539727	-0.144556657799727	-0.146990917356706	-0.119159674233391	0	-0.114911615142737	-0.146261827742295	-0.202999134513549	-0.12504930371996	-0.144980630275962	-0.146721779680843	-0.150002354487333	-0.185728498817787	-0.174044071896079	-0.164614607412073	-0.139546103705725	-0.144481305929509	-0.127239267756094	-0.161165128658486	-0.211524184698833	-0.0932018331016816	-0.0967719158581942	-0.1346787130489	-0.130490553292599	-0.140532234659525	-0.19297630905784	-0.170778286161401	-0.180910049783816	-0.18257460608785	-0.145809248292463	-0.192291680583795	-0.131951837692539	-0.148752772018017	-0.202796732084817	-0.159258068548867	-0.195116362190406
700110161	-0.206481226525506	-0.131704683688421	-0.11485287187048	-0.234613649833932	-0.16708609039115	-0.106953307026073	-0.215199453963534	-0.100387098633628	-0.188585245469175	-0.0857699131779894	-0.132250747522035	-0.147287057364648	-0.100944649177698	-0.116521498483577	-0.102813254266664	-0.166971722568816	-0.111614348661236	-0.141689396993819	-0.195911432557391	-0.180542384687886	-0.200444131874439	-0.150597654639773	-0.181854225385956	-0.205071289109787	-0.214005733376025	-0.191779588703503	-0.126861385879999	-0.118516730377005	-0.114911615142737	0	-0.12341827393193	-0.176912453513252	-0.128109474292878	-0.109132039169345	-0.19230182110458	-0.161043445313257	-0.158968934389141	-0.13461927512985	-0.183627658496803	-0.133422714942425	-0.168917213702695	-0.0961936727964811	-0.160002061009095	-0.180198006287635	-0.113996974139128	-0.152714428141367	-0.153721360947393	-0.106506476410661	-0.120513709404645	-0.13876881498781	-0.148710911776186	-0.201064043319843	-0.212835183057625	-0.156710450089044	-0.231485103249646	-0.104554678086079	-0.164232335844959	-0.215010750936592	-0.129549886496944	-0.198977842893411
700023496	-0.189630291743837	-0.131574096422896	-0.109190395656164	-0.24504954155042	-0.146275911987044	-0.063909927794545	-0.198494936919158	-0.115215984827086	-0.161946904373473	-0.0803508904435835	-0.0958777470577944	-0.120614035636173	-0.0999279388279054	-0.0975846393520338	-0.125509651785737	-0.142550766524457	-0.0895515678563196	-0.0971582562459804	-0.156121371729123	-0.180354377033097	-0.165362472192392	-0.120611566167458	-0.162142390954797	-0.180485728234531	-0.1992194882314	-0.193810339165856	-0.110308776618544	-0.166071182770758	-0.146261827742295	-0.12341827393193	0	-0.14622481242625	-0.0984205901457579	-0.0661690465224271	-0.189974741643495	-0.144524875046725	-0.134756012057763	-0.113863989863183	-0.167711644277011	-0.13951219843955	-0.128494785775079	-0.10189097911762	-0.116103071408867	-0.16740535823295	-0.102792462170268	-0.116006299496171	-0.119055036240085	-0.1031936414916	-0.0692349106313753	-0.12444194357129	-0.120185515883758	-0.2049927106048	-0.212713949257451	-0.107608738489825	-0.214277388767225	-0.0915547730126959	-0.14972639001429	-0.204097534985395	-0.130263231390929	-0.18321042326707
700034628	-0.159346096937323	-0.1655856851433	-0.124626470544105	-0.212656272850786	-0.171140416312355	-0.15754347418505	-0.128781139188723	-0.16416559641038	-0.10949523115864	-0.157728761116337	-0.101055397132208	-0.11241672347883	-0.154920269069435	-0.180341406824581	-0.162742494530794	-0.118875495986285	-0.16873790756455	-0.163504619774008	-0.121372954678416	-0.145912936191082	-0.114024172117322	-0.0637110809221171	-0.157352297008372	-0.157541491844734	-0.114668897861188	-0.201459064878185	-0.177869748203267	-0.195946587231255	-0.202999134513549	-0.176912453513252	-0.14622481242625	0	-0.116597050445526	-0.136936723297775	-0.191491475812044	-0.100296103830754	-0.183968850083409	-0.166610912463905	-0.153554016151995	-0.1960954433153	-0.1554013452108	-0.139165677064438	-0.13061525448537	-0.0829402516016389	-0.151901528953974	-0.177243587820263	-0.143743406843874	-0.136423919851188	-0.151932461589449	-0.0841368079226901	-0.108510429969987	-0.158266592200109	-0.161392961506104	-0.113374507039058	-0.187943036022092	-0.134033521354231	-0.133769955733782	-0.137150742429081	-0.107532253779171	-0.107916468148721
700023645	-0.147135980085089	-0.123783385336216	-0.115193498582889	-0.184099173779649	-0.134032459949748	-0.12322077655033	-0.140186311907013	-0.120226995008409	-0.133915764825483	-0.103304459759033	-0.0804532025695217	-0.126045476546019	-0.105537077062198	-0.114444011462784	-0.13883945113162	-0.105935626118393	-0.117744085418169	-0.149270098393235	-0.126831777404648	-0.121762530226396	-0.118837386322371	-0.0893933684238853	-0.137328550279123	-0.142803699514237	-0.147018619614155	-0.157719800593956	-0.126356562792465	-0.135428816097942	-0.12504930371996	-0.128109474292878	-0.0984205901457579	-0.116597050445526	0	-0.0951009463062825	-0.156481481655332	-0.0977540684201117	-0.139770308939468	-0.160726830127054	-0.127073495326455	-0.146826865128727	-0.100101657838486	-0.0993649266706453	-0.104705180265215	-0.132378939576298	-0.0799849445977764	-0.109717898696704	-0.0907127426104927	-0.0998018909046451	-0.101213043279248	-0.10803972197716	-0.0977038071088343	-0.148776662353835	-0.153382135626123	-0.108538856170867	-0.179668108362087	-0.0850137812499249	-0.1070299573129	-0.146313791098266	-0.102373875268364	-0.136867903956324
700038744	-0.179657179955185	-0.141918271535577	-0.0872548021084977	-0.231941664785625	-0.145055178966824	-0.0612003413369591	-0.196013639867025	-0.118277285970098	-0.162592319521001	-0.0837742421937548	-0.0807319418847629	-0.109384330009845	-0.104638883554252	-0.0991019740425851	-0.125784385484328	-0.136081487544384	-0.106143516246059	-0.0880101714910988	-0.154635625032772	-0.176079616747604	-0.173210568700168	-0.102861578620389	-0.167351214080876	-0.169682213262802	-0.188262699644615	-0.18289185424753	-0.113431518236077	-0.148993254991208	-0.144980630275962	-0.109132039169345	-0.0661690465224271	-0.136936723297775	-0.0951009463062825	0	-0.180705400060485	-0.13596786777863	-0.120267938092025	-0.102092486217128	-0.162196217562007	-0.142433933863693	-0.132959771890168	-0.0920736859062273	-0.110724034442272	-0.16353392738277	-0.108828407618129	-0.119722873641044	-0.131064769329754	-0.100224705037787	-0.0742468346694236	-0.105275996474768	-0.107185653176622	-0.201118087872389	-0.208047550857588	-0.112222749574839	-0.206450522858562	-0.0914926184195475	-0.154604867843697	-0.196941981230267	-0.106624152653859	-0.186125414554092
