700108602	700014971	700033565	700109389	700023058	700023927	700106341	700114221	700023543	700023439	700016978	700024192	700113058	700099448	700109870	700033928	700023693	700109627	700095416	700110425	700111580	700111302	700098605	700111991	700108960	700024452	700032931	700095837	700024548	700110161	700023496	700034628	700023645	700038744	700038485	700024743	700099596	700110760	700101587	700106399	700032322	700095653	700021312	700101230	700023590	700038905	700033136	700023382	700096424	700105469	700016908	700096053	700108479	700109569	700033814	700016125	700109756	700102665	700101777	700109455
700108602	0	0.22663908763596	0.34498920925238	0.205847499505094	0.193868094847139	0.31297774755856	0.0858668236516416	0.314532778278496	0.137110661311156	0.30681892745431	0.218977983058705	0.358607326953907	0.327280126972071	0.229172049544012	0.349766253760305	0.219765365559965	0.301291748887688	0.298651698210817	0.14953300802151	0.108955718820139	0.175197035764639	0.259331505552081	0.113469661635347	0.0896598765450369	0.158165709237912	0.195566469104581	0.251277519307267	0.334727580163299	0.312886721070046	0.331274621518062	0.276957573545623	0.26472237867781	0.229987674407166	0.288021077241266	0.190245828636333	0.164982617475654	0.252720836613386	0.323991207935827	0.107985419238594	0.369597951048184	0.161240687605102	0.335523541775737	0.204824237251844	0.198432344834932	0.29936391112412	0.242734108404423	0.204171594299758	0.310640646072925	0.255545094699938	0.331032645660986	0.309093826025438	0.0889406813726266	0.106238793719365	0.147019783141608	0.123684600794886	0.307545634133603	0.16513826058387	0.106387761884159	0.309550428337935	0.159867271576281
700014971	0.22663908763596	0	0.291628363551543	0.34399432644637	0.126843951529714	0.233665826643791	0.232921400621199	0.163929771038547	0.199701701644688	0.164674203583991	0.177018431070931	0.305744308837842	0.183295660850279	0.15425842213633	0.261841037273799	0.227463075694287	0.160876799779109	0.258017753316147	0.213022060803823	0.218881960795398	0.231050934369073	0.248728393818934	0.183993205945252	0.20963202077149	0.290856167604364	0.196477194960452	0.136293758728158	0.220394485111658	0.169669373298213	0.18631682605415	0.156591672075929	0.255652061504368	0.167830342263774	0.158651902939128	0.185301798684757	0.169817309918236	0.217106816918489	0.254291717294703	0.170694576331113	0.230579358607378	0.151498079773338	0.211295761246354	0.179273127792626	0.219929085569551	0.167507886192729	0.156374192840899	0.149861973230035	0.19838557803404	0.182985594228885	0.283749457322006	0.288050839455718	0.206744881191714	0.247824469431461	0.149347705015435	0.296714658000895	0.185731286288396	0.226320062170737	0.250039677350535	0.26438953027772	0.225679295375262
700033565	0.34498920925238	0.291628363551543	0	0.44999401835151	0.307985159033106	0.104630677020593	0.32603019263353	0.198226639788424	0.280212521384106	0.156328690079726	0.161017097641531	0.0693506138623286	0.183477375377733	0.217891088980728	0.197909923711651	0.153182996540458	0.196109919730353	0.112351404528121	0.235285776383844	0.29725851778444	0.239031017258102	0.112829609511419	0.326816228240045	0.289341932198334	0.277530682068241	0.357413892222228	0.231274762127221	0.367631672697824	0.291277600367046	0.229726064687125	0.16802914121761	0.165444923659031	0.170782037297004	0.1573203641727	0.340898130270205	0.241352372545141	0.252362796013957	0.152842201740963	0.295860295474061	0.252563185494244	0.241481139618898	0.112662988812161	0.219252378463779	0.230729692178351	0.194329395175595	0.237032657594658	0.230661265809745	0.159180284275885	0.177026034362682	0.0636950042318776	0.11157892892262	0.332857041141922	0.353148334625969	0.232596767466833	0.411058584208081	0.158568754260386	0.221936222630956	0.296418966083148	0.082548979117966	0.269988299168327
700109389	0.205847499505094	0.34399432644637	0.44999401835151	0	0.315013111845816	0.43534564701701	0.196297168794511	0.411274467041182	0.297810953122727	0.412560435294261	0.354581688746075	0.457454523224709	0.420953565359606	0.366945905509641	0.441889050759327	0.353160685950804	0.412150140523071	0.430663436512114	0.318634342093101	0.219924522457077	0.303869315759114	0.395710498951754	0.236644308504961	0.269208669320718	0.281667076917307	0.267691908499196	0.378173237823642	0.419364963882795	0.36341829333977	0.418436845108575	0.394394398075125	0.397085580046214	0.346148093257614	0.390742807209209	0.265884536962869	0.299253332453906	0.389898926840736	0.444450265557657	0.248100930449259	0.421404513861102	0.294947639099865	0.4275308194496	0.342037431240435	0.337349891414483	0.393590202171327	0.347367272076954	0.348740159450355	0.410415312679568	0.385364746677074	0.437037397757395	0.418423025005148	0.199775200112621	0.156640323886482	0.295879761191616	0.201496177894562	0.410876272238932	0.264931538827218	0.2432942262783	0.411812858670617	0.296045561850028
700023058	0.193868094847139	0.126843951529714	0.307985159033106	0.315013111845816	0	0.23796758920837	0.216603428591731	0.221325642181984	0.177830047593393	0.223387163927673	0.189812683264745	0.322252386844733	0.251000349322795	0.15913747367088	0.297724059637192	0.22226558445747	0.215672029193196	0.248294560868991	0.195234751982014	0.206109449746493	0.241411344086473	0.259850370459233	0.180974060566237	0.176828096641273	0.283132423732672	0.148330381831151	0.153643619929395	0.25633537149128	0.224129912765425	0.228734441536438	0.206921296862553	0.271473770037939	0.182846988044803	0.207461576008854	0.149442812065368	0.183368224231228	0.179389702362319	0.23411926876258	0.139064795244472	0.294569930628762	0.146867248614684	0.264849702445339	0.156814144045641	0.220298707255792	0.218495762799029	0.184173813256961	0.147139576021639	0.246086889890501	0.173350107484012	0.306206834127725	0.298546138126839	0.173327835906539	0.226011716360637	0.149627431278285	0.248205579742541	0.237168967302826	0.23044462528716	0.231325988149021	0.283393374246744	0.228042530115168
700023927	0.31297774755856	0.233665826643791	0.104630677020593	0.43534564701701	0.23796758920837	0	0.317646009990168	0.158525585028658	0.254916360897539	0.102998917124033	0.149358142702619	0.142120215552597	0.141771617961518	0.135570091291824	0.184283794765849	0.162158487404825	0.137017846521823	0.0785803771936253	0.223785034351104	0.272112655567959	0.230294663900463	0.176152112280688	0.269257216301793	0.256959397732387	0.280492823028149	0.312828730782812	0.173565799682166	0.33744189528604	0.25020194141091	0.190400784828468	0.104060531931079	0.182574132954688	0.142479197593828	0.111619447359206	0.304932021272617	0.211457424638468	0.186152099456367	0.087263586739262	0.269566242713258	0.209778463324286	0.206955982512717	0.100872352434543	0.157912182896098	0.211838209042811	0.150193172576715	0.179486499432352	0.173847672338283	0.122070684024146	0.0879250687315485	0.134600042860708	0.181111730573658	0.307436298096511	0.335768560181975	0.202191990137675	0.373254222339262	0.11511436963438	0.208403246889732	0.276809538273433	0.131558437722902	0.257833091318132
700106341	0.0858668236516416	0.232921400621199	0.32603019263353	0.196297168794511	0.216603428591731	0.317646009990168	0	0.30818651304033	0.139995690094479	0.305282985392156	0.21527445041109	0.331473628988372	0.315746265979457	0.250731749625889	0.339025751226086	0.235061213365715	0.301276359775414	0.325014772526203	0.157467998812975	0.097190421699404	0.158297089514105	0.25102838440763	0.128435864935749	0.132327201144611	0.126344475181076	0.238934062313725	0.28746503010341	0.349827490134307	0.312006959571376	0.334455721407718	0.279139984708586	0.226301617635754	0.22803762278475	0.287942274635102	0.231245181786951	0.148528277918144	0.283292917305179	0.323772503971294	0.124070047642634	0.362869228706216	0.179749125962759	0.325243969846562	0.218974975653261	0.17933421364655	0.28951694832963	0.263248937661252	0.230271128840643	0.298174847839054	0.262690653084671	0.307167494996283	0.304495658748288	0.10588077777865	0.0827728199370768	0.143988407424501	0.143355833284024	0.298237687852434	0.145528095613854	0.0998770892549289	0.29072512746687	0.124057380036331
700114221	0.314532778278496	0.163929771038547	0.198226639788424	0.411274467041182	0.221325642181984	0.158525585028658	0.30818651304033	0	0.27555160750066	0.0779721188816399	0.198832611664835	0.227890476346104	0.0762874574862583	0.157523122425505	0.148196919652947	0.242793998381591	0.0752195764175482	0.213406483000695	0.275074831464486	0.284363214456513	0.282655585030734	0.258707829896171	0.282111776280486	0.28976198500787	0.350500850308138	0.290188396847892	0.126981946270931	0.260101668755901	0.167080475722642	0.117198488644894	0.141402257560456	0.254595730350878	0.184115021292151	0.123343662656543	0.274559938423177	0.224277864036975	0.232509549437282	0.140737514449998	0.252571657452459	0.131311598225025	0.215944405919751	0.111252628758999	0.239801549631801	0.245605389692209	0.10728510028536	0.161548010490235	0.187162057384102	0.108664302737942	0.176957990336774	0.224882575138214	0.271644087535879	0.291100817559058	0.326245659650814	0.22375880719441	0.393821455752573	0.0959070622714595	0.250106897594338	0.333427549915731	0.205715365585402	0.287369744449396
700023543	0.137110661311156	0.199701701644688	0.280212521384106	0.297810953122727	0.177830047593393	0.254916360897539	0.139995690094479	0.27555160750066	0	0.236684684781505	0.152816228803484	0.296922443493942	0.270429842372829	0.207552663837321	0.319486272126855	0.164836530803051	0.252660819489443	0.252985021982775	0.110828987642056	0.137169297026492	0.150710514884761	0.198828983085908	0.169145725333512	0.119197725003127	0.160498877855026	0.226633902835676	0.227203896944521	0.314837992938707	0.308635109135582	0.279462221729074	0.207543186854003	0.176008238844225	0.169244262870872	0.21900372869646	0.210673199191118	0.123281769795338	0.21394239270177	0.267637295437728	0.10038545350379	0.336590921531216	0.11274574343149	0.269736031618183	0.148577839452058	0.0992412058330375	0.240842383810568	0.236332825288403	0.159006651813627	0.241931407377626	0.212249177028874	0.265818536379307	0.268455929539156	0.123714316335818	0.169256796569916	0.131584076486194	0.19444888434074	0.241409422953805	0.172948433462137	0.109071503686836	0.253071091497801	0.116742745760892
700023439	0.30681892745431	0.164674203583991	0.156328690079726	0.412560435294261	0.223387163927673	0.102998917124033	0.305282985392156	0.0779721188816399	0.236684684781505	0	0.15617651345498	0.195709492673217	0.0715074668702604	0.125885808381429	0.172109429490893	0.195612554320074	0.0704389780565058	0.156380493986186	0.230783258817359	0.255256973471637	0.240800909440019	0.219026691239049	0.270249957002904	0.262686173567085	0.313928994730133	0.291211104725656	0.130591534021374	0.272352932326079	0.180757718874232	0.123932392651603	0.0881403803741356	0.220226633835518	0.144274640004621	0.0766386983420866	0.273969715642275	0.190024015607633	0.200101560905325	0.116083065685449	0.241081746009429	0.14930890663228	0.182144204233043	0.0861569385763029	0.188888108085805	0.213469589602248	0.090652021584748	0.153376326659081	0.163606437500021	0.0832730158043247	0.123455407301699	0.186488107591035	0.231580579947401	0.275123646165079	0.32814279050418	0.202649339231603	0.382138697963782	0.0643396787879787	0.214911519323502	0.286181844320347	0.174404673554139	0.255758544680527
700016978	0.218977983058705	0.177018431070931	0.161017097641531	0.354581688746075	0.189812683264745	0.149358142702619	0.21527445041109	0.198832611664835	0.152816228803484	0.15617651345498	0	0.185966454715758	0.195582710678634	0.153144515420726	0.24666825764977	0.117695051012045	0.17834829664461	0.158936066774107	0.118282638493482	0.175695278399908	0.133946403549986	0.111898073472997	0.220547940385738	0.15758341606945	0.181948767281446	0.257922288233046	0.178865301071807	0.291426538713447	0.243769812098949	0.207382317484626	0.117629298915988	0.131328229043083	0.0880525101088353	0.12467503494881	0.22935201448114	0.124070205737422	0.181499368593926	0.182325883286273	0.160965709164666	0.263955719931286	0.124902592276965	0.176383528569561	0.106115787646277	0.114772442263791	0.169127190047333	0.178320010096213	0.138359795366667	0.160266478367525	0.115903944691497	0.15826115165635	0.159096615046135	0.208655832991347	0.233513844607692	0.114727705247969	0.291908763655594	0.155720437455748	0.121715617157089	0.1756641250656	0.13782229212828	0.169343263267621
700024192	0.358607326953907	0.305744308837842	0.0693506138623286	0.457454523224709	0.322252386844733	0.142120215552597	0.331473628988372	0.227890476346104	0.296922443493942	0.195709492673217	0.185966454715758	0	0.205265784476145	0.243909297883601	0.212301497570418	0.171540464348046	0.216541117814817	0.133918238400449	0.254971781855515	0.302747990194605	0.242539516181558	0.122136338906233	0.334303249802764	0.310436162832718	0.290634312334551	0.377028960835852	0.269583424707642	0.374543428090858	0.31179704326312	0.271911773383473	0.179280451731704	0.172066822698282	0.176836611105006	0.1837876486393	0.367363403047283	0.250324122959728	0.272161660007411	0.18714607815087	0.315868599182034	0.268071582789501	0.264880639234093	0.136823080515639	0.242994917410749	0.237546907452061	0.205785359808435	0.257613419007307	0.248372017275593	0.166082462680073	0.203703398673929	0.0659300580229242	0.105783407423224	0.349526260160036	0.364451529133584	0.249504574985714	0.430937655239719	0.176611336897557	0.234391614860814	0.309515767050585	0.125847968949155	0.279929301559504
700113058	0.327280126972071	0.183295660850279	0.183477375377733	0.420953565359606	0.251000349322795	0.141771617961518	0.315746265979457	0.0762874574862583	0.270429842372829	0.0715074668702604	0.195582710678634	0.205265784476145	0	0.157180252442209	0.146376968159436	0.237293459951448	0.0979401252250091	0.199565594128381	0.2680296537999	0.277671600684824	0.26672327707293	0.245938443272773	0.292228600215627	0.289382899523383	0.342137761861441	0.314471461718138	0.160820317075026	0.267994317199388	0.175153495195133	0.131705595395452	0.1236585852766	0.238476071585533	0.179464110633515	0.110035178795052	0.30045972207611	0.226056366092485	0.232517139499898	0.137891591241972	0.261429654306289	0.138385695652719	0.217494829343118	0.0885743157291299	0.237503716640361	0.241314260574656	0.0917137367105288	0.171174251846428	0.19585241386455	0.085515230948166	0.169518193415577	0.203613635425489	0.254419333258658	0.293692996634915	0.34133245774578	0.233680896499511	0.40831830780918	0.0696290063247241	0.242853222180293	0.32506040141184	0.184674100040381	0.275131466344643
700099448	0.229172049544012	0.15425842213633	0.217891088980728	0.366945905509641	0.15913747367088	0.135570091291824	0.250731749625889	0.157523122425505	0.207552663837321	0.125885808381429	0.153144515420726	0.243909297883601	0.157180252442209	0	0.213221473335357	0.188705789828749	0.124394438474986	0.175590532348395	0.178046485024331	0.216141731697074	0.211732769731377	0.231720162184811	0.192490738114671	0.186907866814498	0.279905049874841	0.216381827073467	0.114790457746431	0.279304281294354	0.183120578668801	0.170313997411745	0.11272405322325	0.23532834828321	0.148669308434124	0.128241580079353	0.222155850122784	0.168034407018632	0.142379434983927	0.142008465989618	0.193334630839252	0.217083042699591	0.146268786694794	0.175286361154586	0.133955935817275	0.211540020017657	0.132799775575016	0.120164464610531	0.104650200847936	0.15359744358762	0.0829146902181059	0.222347031920715	0.234124192166067	0.225617967756157	0.271854638559362	0.145487378931148	0.289076520893262	0.145076926317421	0.186452497842142	0.244769035959618	0.204746153077218	0.219192314516525
700109870	0.349766253760305	0.261841037273799	0.197909923711651	0.441889050759327	0.297724059637192	0.184283794765849	0.339025751226086	0.148196919652947	0.319486272126855	0.172109429490893	0.24666825764977	0.212301497570418	0.146376968159436	0.213221473335357	0	0.282586320017027	0.153606659248648	0.248249044368768	0.309485169318623	0.324755344196991	0.287067443510322	0.287350485072405	0.30453318538476	0.327513328458836	0.375472428217833	0.351625289634282	0.221608696400865	0.345903147285023	0.216567436239009	0.215239624072248	0.198552121567211	0.275464890965086	0.246938937576454	0.213891717764314	0.345715703819387	0.274520930574841	0.283807699681238	0.149734838597306	0.305314337235873	0.158131911498789	0.280353386443881	0.174695402726492	0.294118814031843	0.28698647538828	0.160428054477008	0.177297885590865	0.242579372763437	0.134598207473776	0.215362364287743	0.220647931593949	0.28175322657016	0.347145313267447	0.349042125560484	0.265565034380624	0.413025034662118	0.157976541084128	0.282282889164346	0.359621886269009	0.21613354988136	0.311079749175271
700033928	0.219765365559965	0.227463075694287	0.153182996540458	0.353160685950804	0.22226558445747	0.162158487404825	0.235061213365715	0.242793998381591	0.164836530803051	0.195612554320074	0.117695051012045	0.171540464348046	0.237293459951448	0.188705789828749	0.282586320017027	0	0.223817074336851	0.118448387888943	0.152671354194992	0.201217284244622	0.169871473345955	0.0926578044138738	0.238917312729867	0.173466771096096	0.20038252986154	0.273989224564684	0.22221336927606	0.31527190254317	0.286942557791283	0.253732231739637	0.160440588130051	0.151558189531546	0.0901528347642385	0.155408931059938	0.262839527393011	0.182700486679239	0.201939998564797	0.22192265572602	0.177872670222012	0.305658858604846	0.133276425357138	0.169820495325377	0.136344518594787	0.166690779744451	0.202340875702828	0.214492204016852	0.164768699602614	0.206141125329026	0.166201365511474	0.140885850400806	0.130459810181213	0.214580085281035	0.252358636686711	0.176010428838772	0.296711760547994	0.196250205883022	0.170440394745477	0.182934339633577	0.132905079795917	0.198637567551055
700023693	0.301291748887688	0.160876799779109	0.196109919730353	0.412150140523071	0.215672029193196	0.137017846521823	0.301276359775414	0.0752195764175482	0.252660819489443	0.0704389780565058	0.17834829664461	0.216541117814817	0.0979401252250091	0.124394438474986	0.153606659248648	0.223817074336851	0	0.190284838213418	0.251451760647014	0.271502028569887	0.240238026115594	0.247852125178451	0.255146422278859	0.267040430061844	0.337454216715764	0.286867577802061	0.128277197661126	0.273447373799044	0.161998424675103	0.136762891529113	0.0991990552524291	0.242721378499666	0.169165530282531	0.115783198697966	0.267078747092641	0.211492106901782	0.19975860726287	0.150338979672029	0.236332711074495	0.133265168486896	0.192746954888634	0.12961853154151	0.207974612382863	0.23411040143542	0.0857149824210298	0.120756045260415	0.149712321361166	0.086137850195923	0.142922517885024	0.217591945607024	0.259175609012541	0.281351453972099	0.320637128802349	0.196027805196041	0.379446436761658	0.0936746144090546	0.236190648497833	0.311135959579439	0.213271839858714	0.265923062582908
700109627	0.298651698210817	0.258017753316147	0.112351404528121	0.430663436512114	0.248294560868991	0.0785803771936253	0.325014772526203	0.213406483000695	0.252985021982775	0.156380493986186	0.158936066774107	0.133918238400449	0.199565594128381	0.175590532348395	0.248249044368768	0.118448387888943	0.190284838213418	0	0.225490197342082	0.266771331669354	0.25193855089717	0.135889900379253	0.290409714390078	0.244681214032624	0.273957184223204	0.325805182585081	0.202925315821629	0.336217946950735	0.308467796194983	0.228085430860905	0.132449011613797	0.187006683021524	0.143328160480044	0.14127377004645	0.311077062097165	0.218111903837825	0.177110456726664	0.148381245254325	0.269520560958236	0.269571015861139	0.217790992735597	0.139240342619002	0.157718434872623	0.213347365956487	0.205302512573021	0.229357352072451	0.194525440247107	0.180805759528802	0.131978842241433	0.133378787025294	0.140922751813874	0.306881830906465	0.338331305456554	0.22079200412313	0.362722873390513	0.172987660533882	0.225320591406572	0.276570051002457	0.136746977545791	0.2787366955261
700095416	0.14953300802151	0.213022060803823	0.235285776383844	0.318634342093101	0.195234751982014	0.223785034351104	0.157467998812975	0.275074831464486	0.110828987642056	0.230783258817359	0.118282638493482	0.254971781855515	0.2680296537999	0.178046485024331	0.309485169318623	0.152671354194992	0.251451760647014	0.225490197342082	0	0.146976020078475	0.10508355484136	0.162133544654202	0.181374117617174	0.0999628416163559	0.143445500482145	0.227790755149063	0.226072253709601	0.335708596029475	0.282798680462358	0.282942617704488	0.194551768017651	0.157244515215137	0.150292564323539	0.211048637078569	0.216925698917053	0.133254394810501	0.208520917279652	0.240784663840382	0.125005007143545	0.334483315979183	0.109905603416741	0.262449048425752	0.116080458074206	0.140724841291427	0.234628504687215	0.206552104239055	0.144024525429686	0.240733931490703	0.176872209703089	0.226568952735727	0.213532950677903	0.159120040993319	0.193926041181872	0.092927466491593	0.223856511393666	0.231916182252391	0.125834898422146	0.129874167516519	0.208369829195201	0.12194562146748
700110425	0.108955718820139	0.218881960795398	0.29725851778444	0.219924522457077	0.206109449746493	0.272112655567959	0.097190421699404	0.284363214456513	0.137169297026492	0.255256973471637	0.175695278399908	0.302747990194605	0.277671600684824	0.216141731697074	0.324755344196991	0.201217284244622	0.271502028569887	0.266771331669354	0.146976020078475	0	0.142486143868732	0.220688385843387	0.126504762877434	0.125205992881226	0.118126758424173	0.248037121211895	0.252294221217436	0.318011270952032	0.29096668854695	0.290083112859876	0.226987084249353	0.228014064310802	0.173390116627035	0.237632308969658	0.226946139572082	0.11173292819328	0.2373393601724	0.285765463694826	0.129311092180375	0.34209648175873	0.15077000927668	0.274745408309864	0.170980706762708	0.150021175191711	0.242594936682828	0.235327672238033	0.194188234401623	0.251997519840337	0.216707020023602	0.281151249471324	0.271631638243419	0.114587998086466	0.10625503098892	0.13043753616743	0.181562869531516	0.252118575528965	0.107795688808101	0.098931954180512	0.262614976565987	0.131972880372835
700111580	0.175197035764639	0.231050934369073	0.239031017258102	0.303869315759114	0.241411344086473	0.230294663900463	0.158297089514105	0.282655585030734	0.150710514884761	0.240800909440019	0.133946403549986	0.242539516181558	0.26672327707293	0.211732769731377	0.287067443510322	0.169871473345955	0.240238026115594	0.25193855089717	0.10508355484136	0.142486143868732	0	0.169281307757653	0.175061225663031	0.141529571828404	0.121866793457054	0.267291328208525	0.276616679760624	0.367601324217951	0.258570323966552	0.303726663457632	0.195970959158634	0.152996762565008	0.154139282394092	0.224663446457319	0.268584341060198	0.14482925075925	0.267037340406448	0.255672789178363	0.158301767209718	0.31433492241735	0.148508448953651	0.248437465294254	0.156200482726656	0.144625652015332	0.209522302402077	0.204948357729425	0.178528641363775	0.215622863801863	0.189101820136444	0.213219732159479	0.220163956626247	0.162419867860017	0.199327964748914	0.118193280672001	0.251894779734549	0.229429237969129	0.0926063716510632	0.119559266305383	0.197958088412382	0.110889788338795
700111302	0.259331505552081	0.248728393818934	0.112829609511419	0.395710498951754	0.259850370459233	0.176152112280688	0.25102838440763	0.258707829896171	0.198828983085908	0.219026691239049	0.111898073472997	0.122136338906233	0.245938443272773	0.231720162184811	0.287350485072405	0.0926578044138738	0.247852125178451	0.135889900379253	0.162133544654202	0.220688385843387	0.169281307757653	0	0.275354039343918	0.210975488640898	0.191807196463241	0.327190016189197	0.259527954850247	0.351803807537692	0.322282338733475	0.281427553185294	0.189659195225529	0.107888628007978	0.123106614255396	0.180862154518444	0.310907549857088	0.193392721057461	0.237972748630649	0.229718008251033	0.22558214619545	0.313635551886154	0.19667825758792	0.178530976394945	0.16929034881888	0.171817684990477	0.224674432023476	0.260707740312625	0.209978342314579	0.208357006108928	0.195334752504065	0.0901478973835093	0.096325045726392	0.257813242153842	0.281946273908801	0.182659893185385	0.339906474591486	0.202980162238133	0.183229352254987	0.215432595307277	0.112537369273778	0.203283057760951
700098605	0.113469661635347	0.183993205945252	0.326816228240045	0.236644308504961	0.180974060566237	0.269257216301793	0.128435864935749	0.282111776280486	0.169145725333512	0.270249957002904	0.220547940385738	0.334303249802764	0.292228600215627	0.192490738114671	0.30453318538476	0.238917312729867	0.255146422278859	0.290409714390078	0.181374117617174	0.126504762877434	0.175061225663031	0.275354039343918	0	0.137965398534147	0.207400084120733	0.199874242205725	0.223471046751816	0.32436980426903	0.266191928925654	0.306503555618805	0.237529727372528	0.266011218490933	0.224880945867445	0.265016222103639	0.203391591206708	0.158490145854706	0.244961453032698	0.281031459517883	0.14949158666349	0.314371676209856	0.167769957299519	0.30711055741571	0.194418530824806	0.206589527603647	0.265172154413367	0.189890396709353	0.173052580734055	0.273456901607541	0.221131858451192	0.315013665298464	0.321673299094832	0.145058117068874	0.135392630685751	0.136377811917404	0.152861225403623	0.274511962993161	0.175770634344043	0.160012161897829	0.302050805247583	0.153664470477933
700111991	0.0896598765450369	0.20963202077149	0.289341932198334	0.269208669320718	0.176828096641273	0.256959397732387	0.132327201144611	0.28976198500787	0.119197725003127	0.262686173567085	0.15758341606945	0.310436162832718	0.289382899523383	0.186907866814498	0.327513328458836	0.173466771096096	0.267040430061844	0.244681214032624	0.0999628416163559	0.125205992881226	0.141529571828404	0.210975488640898	0.137965398534147	0	0.160865186404823	0.201446758710624	0.222357521980709	0.315644627103966	0.296666917438071	0.29595760679424	0.233532105075553	0.222824523260794	0.18571803903872	0.247507925425156	0.192813240343752	0.136012202026666	0.203708853045845	0.272567088629636	0.0964941279469816	0.350107690162555	0.128230473853825	0.300874145623823	0.153208213821948	0.163208918094554	0.26415936064781	0.218676845661728	0.154105446938396	0.274584421286445	0.202407006097949	0.279193096158153	0.256295817025977	0.111806493742277	0.151072524021772	0.104570983478975	0.160892385432843	0.271985932706684	0.141400473445946	0.121051846283527	0.255942045740951	0.139023734534884
700108960	0.158165709237912	0.290856167604364	0.277530682068241	0.281667076917307	0.283132423732672	0.280492823028149	0.126344475181076	0.350500850308138	0.160498877855026	0.313928994730133	0.181948767281446	0.290634312334551	0.342137761861441	0.279905049874841	0.375472428217833	0.20038252986154	0.337454216715764	0.273957184223204	0.143445500482145	0.118126758424173	0.121866793457054	0.191807196463241	0.207400084120733	0.160865186404823	0	0.316498589113773	0.322750030625745	0.394679599621685	0.353501186761901	0.355437794392531	0.273452953656615	0.154961041629495	0.204271699641276	0.272055191912888	0.303324813463019	0.159323755499693	0.299496972836581	0.3229782829574	0.184263416773824	0.40265480533209	0.208938114888795	0.296919743867633	0.195970650889816	0.153148953578688	0.304560463161552	0.304260539081446	0.256037105393651	0.306286095557781	0.257007792782863	0.25690752536219	0.238459504438229	0.175982615068803	0.15323112432285	0.169203872144259	0.201863668111398	0.306410230831647	0.137014195714008	0.0978066458140707	0.229691851832164	0.119269567589671
700024452	0.195566469104581	0.196477194960452	0.357413892222228	0.267691908499196	0.148330381831151	0.312828730782812	0.238934062313725	0.290188396847892	0.226633902835676	0.291211104725656	0.257922288233046	0.377028960835852	0.314471461718138	0.216381827073467	0.351625289634282	0.273989224564684	0.286867577802061	0.325805182585081	0.227790755149063	0.248037121211895	0.267291328208525	0.327190016189197	0.199874242205725	0.201446758710624	0.316498589113773	0	0.220756126184759	0.27939356742331	0.212313988526535	0.277007055707361	0.276988489803183	0.318376495510908	0.248654588229469	0.278005482116036	0.0756860430509448	0.235516767747893	0.264003477054757	0.316395452763606	0.174974113406795	0.325834706859024	0.187357716609113	0.326389383627724	0.229435329328183	0.274908141345709	0.281517889830252	0.209621401726486	0.190513146070872	0.312274162168423	0.248223115099455	0.350101097482711	0.344141232042921	0.178090309242054	0.237357427063058	0.197027508428468	0.21303729524979	0.300658668702406	0.244506757159042	0.257725740936294	0.326523798417532	0.268213417036917
700032931	0.251277519307267	0.136293758728158	0.231274762127221	0.378173237823642	0.153643619929395	0.173565799682166	0.28746503010341	0.126981946270931	0.227203896944521	0.130591534021374	0.178865301071807	0.269583424707642	0.160820317075026	0.114790457746431	0.221608696400865	0.22221336927606	0.128277197661126	0.202925315821629	0.226072253709601	0.252294221217436	0.276616679760624	0.259527954850247	0.223471046751816	0.222357521980709	0.322750030625745	0.220756126184759	0	0.224900258710362	0.178794979338085	0.146469423473327	0.142693720751043	0.274720461059284	0.175056891794579	0.125701049482379	0.203880876067845	0.20357666068471	0.164657053674929	0.181901450623069	0.21481574349473	0.205036084198804	0.186437207536835	0.177150497353231	0.171348024121773	0.229812271465416	0.143041524309273	0.140577871720215	0.135236033810976	0.156610852477568	0.142943747129382	0.249512839249371	0.272099770015322	0.249598152797079	0.288210844942269	0.191102855785776	0.314493877099938	0.141960958092948	0.24427039189135	0.287637364770432	0.230304977433733	0.277208647573995
700095837	0.334727580163299	0.220394485111658	0.367631672697824	0.419364963882795	0.25633537149128	0.33744189528604	0.349827490134307	0.260101668755901	0.314837992938707	0.272352932326079	0.291426538713447	0.374543428090858	0.267994317199388	0.279304281294354	0.345903147285023	0.31527190254317	0.273447373799044	0.336217946950735	0.335708596029475	0.318011270952032	0.367601324217951	0.351803807537692	0.32436980426903	0.315644627103966	0.394679599621685	0.27939356742331	0.224900258710362	0	0.233737206885721	0.186539102563538	0.277164327946955	0.370652893174503	0.276124048976719	0.24458365968818	0.251328918036268	0.296766048836431	0.29079504335915	0.346977219181653	0.289256590491793	0.328379655807907	0.287682474124432	0.290861759859988	0.31130056883357	0.313831623664291	0.26272959410068	0.292598954195855	0.279398644960719	0.289358134590121	0.304433242775112	0.360662328009501	0.365922952131255	0.314805777850677	0.349568433342086	0.301579876095933	0.404260871618212	0.277484289676723	0.337650024814406	0.364292765526736	0.356103490923936	0.357785289845939
700024548	0.312886721070046	0.169669373298213	0.291277600367046	0.36341829333977	0.224129912765425	0.25020194141091	0.312006959571376	0.167080475722642	0.308635109135582	0.180757718874232	0.243769812098949	0.31179704326312	0.175153495195133	0.183120578668801	0.216567436239009	0.286942557791283	0.161998424675103	0.308467796194983	0.282798680462358	0.29096668854695	0.258570323966552	0.322282338733475	0.266191928925654	0.296666917438071	0.353501186761901	0.212313988526535	0.178794979338085	0.233737206885721	0	0.155384138285825	0.208824196494668	0.319764624659018	0.228702919637025	0.192236930883702	0.207587714179981	0.241370577449066	0.295298068904123	0.252406536429596	0.25180835725124	0.166274586644567	0.235487336112509	0.208122527304987	0.265686850599553	0.292566073608019	0.136417796595848	0.11282146130561	0.222223032197594	0.177778648350697	0.22221464333303	0.309918207959703	0.321756369605363	0.28231681687283	0.314113306382694	0.229260670468846	0.349379715223087	0.192722167664649	0.257680490631806	0.33307379960086	0.276634946705544	0.296424427596132
700110161	0.331274621518062	0.18631682605415	0.229726064687125	0.418436845108575	0.228734441536438	0.190400784828468	0.334455721407718	0.117198488644894	0.279462221729074	0.123932392651603	0.207382317484626	0.271911773383473	0.131705595395452	0.170313997411745	0.215239624072248	0.253732231739637	0.136762891529113	0.228085430860905	0.282942617704488	0.290083112859876	0.303726663457632	0.281427553185294	0.306503555618805	0.29595760679424	0.355437794392531	0.277007055707361	0.146469423473327	0.186539102563538	0.155384138285825	0	0.164394917860185	0.288554781829369	0.205683549695837	0.128667743656798	0.253471226697503	0.240127989000346	0.235485198774567	0.188779002868821	0.26707685863834	0.210228873423964	0.231733915468133	0.158639351683098	0.238537540782519	0.256820056224875	0.148438413047289	0.200894240322246	0.209639868374517	0.161848102306462	0.183788139324314	0.258445432603125	0.291247384387581	0.294026172733133	0.347011855632769	0.238957178807502	0.402165472001496	0.146191027077637	0.265143856684364	0.33173134344563	0.232938627934654	0.309619384965522
700023496	0.276957573545623	0.156591672075929	0.16802914121761	0.394394398075125	0.206921296862553	0.104060531931079	0.279139984708586	0.141402257560456	0.207543186854003	0.0881403803741356	0.117629298915988	0.179280451731704	0.1236585852766	0.11272405322325	0.198552121567211	0.160440588130051	0.0991990552524291	0.132449011613797	0.194551768017651	0.226987084249353	0.195970959158634	0.189659195225529	0.237529727372528	0.233532105075553	0.273452953656615	0.276988489803183	0.142693720751043	0.277164327946955	0.208824196494668	0.164394917860185	0	0.190037308346166	0.108312127305762	0.0798411516283383	0.263234155255552	0.16733868961767	0.171995899111797	0.140507771686757	0.21743608896235	0.194294518070729	0.150119467606421	0.122052891212217	0.137499980853089	0.180357500299031	0.106189323875253	0.139685268871904	0.129812612805846	0.0981129880579128	0.0916378883768646	0.175291680466202	0.201184781138096	0.256202898415189	0.301004390816591	0.166782018913066	0.355333447720058	0.0959416669948621	0.177855220245984	0.246977336732235	0.175869541659767	0.225855990565157
700034628	0.26472237867781	0.255652061504368	0.165444923659031	0.397085580046214	0.271473770037939	0.182574132954688	0.226301617635754	0.254595730350878	0.176008238844225	0.220226633835518	0.131328229043083	0.172066822698282	0.238476071585533	0.23532834828321	0.275464890965086	0.151558189531546	0.242721378499666	0.187006683021524	0.157244515215137	0.228014064310802	0.152996762565008	0.107888628007978	0.266011218490933	0.222824523260794	0.154961041629495	0.318376495510908	0.274720461059284	0.370652893174503	0.319764624659018	0.288554781829369	0.190037308346166	0	0.14781739814353	0.191105683278361	0.310373258432135	0.160933901829519	0.264260387801292	0.225128206057514	0.233075217900001	0.305154094098215	0.210389439357277	0.182705820056217	0.192764352966599	0.130967657355693	0.221627276609081	0.259988587707202	0.206656941325654	0.198932653757778	0.199741670689984	0.141959039304213	0.164118088966827	0.259763845082082	0.270459910019391	0.182513510368542	0.329667685508462	0.195521333529772	0.170736854506316	0.18966441728387	0.134673866643176	0.149485998182156
700023645	0.229987674407166	0.167830342263774	0.170782037297004	0.346148093257614	0.182846988044803	0.142479197593828	0.22803762278475	0.184115021292151	0.169244262870872	0.144274640004621	0.0880525101088353	0.176836611105006	0.179464110633515	0.148669308434124	0.246938937576454	0.0901528347642385	0.169165530282531	0.143328160480044	0.150292564323539	0.173390116627035	0.154139282394092	0.123106614255396	0.224880945867445	0.18571803903872	0.204271699641276	0.248654588229469	0.175056891794579	0.276124048976719	0.228702919637025	0.205683549695837	0.108312127305762	0.14781739814353	0	0.106250905975005	0.239748877260596	0.130322171733707	0.18347800062121	0.192354086929711	0.173545196104949	0.250150470021325	0.126081825588806	0.139427709948537	0.108058593715643	0.140691592828089	0.145024550806233	0.163864885253691	0.125852792083196	0.144073886455577	0.127452906884876	0.158078981298662	0.155594159767005	0.209783587322804	0.25127658983663	0.147405268014716	0.313968655442381	0.136427306065118	0.139242854665488	0.193173561535231	0.142585964716537	0.190455633031549
700038744	0.288021077241266	0.158651902939128	0.1573203641727	0.390742807209209	0.207461576008854	0.111619447359206	0.287942274635102	0.123343662656543	0.21900372869646	0.0766386983420866	0.12467503494881	0.1837876486393	0.110035178795052	0.128241580079353	0.213891717764314	0.155408931059938	0.115783198697966	0.14127377004645	0.211048637078569	0.237632308969658	0.224663446457319	0.180862154518444	0.265016222103639	0.247507925425156	0.272055191912888	0.278005482116036	0.125701049482379	0.24458365968818	0.192236930883702	0.128667743656798	0.0798411516283383	0.191105683278361	0.106250905975005	0	0.257289714774885	0.175738121945111	0.1885513079643	0.156284957967748	0.225691144244388	0.194389908411533	0.17540294930673	0.0881968911504912	0.15944695099816	0.191617784503887	0.0995042243821057	0.1646679099932	0.166790275449671	0.101198321127339	0.118901611871538	0.166892782261181	0.200224501631992	0.257575547430316	0.310844337095497	0.189378353765699	0.364563653862824	0.0936076292018459	0.195783214398186	0.256397355629632	0.161621455149879	0.250867387794296
700038485	0.190245828636333	0.185301798684757	0.340898130270205	0.265884536962869	0.149442812065368	0.304932021272617	0.231245181786951	0.274559938423177	0.210673199191118	0.273969715642275	0.22935201448114	0.367363403047283	0.30045972207611	0.222155850122784	0.345715703819387	0.262839527393011	0.267078747092641	0.311077062097165	0.216925698917053	0.226946139572082	0.268584341060198	0.310907549857088	0.203391591206708	0.192813240343752	0.303324813463019	0.0756860430509448	0.203880876067845	0.251328918036268	0.207587714179981	0.253471226697503	0.263234155255552	0.310373258432135	0.239748877260596	0.257289714774885	0	0.214489084674107	0.254325547834962	0.319381406989575	0.155611032913896	0.315303730490595	0.184465151519588	0.31675215303447	0.224361588097107	0.248669125436065	0.270103192261431	0.194616206614708	0.20605710211387	0.301260946819219	0.248934393677845	0.344251508663559	0.327538042227097	0.165052475234334	0.224019388547277	0.183500885962117	0.2325123243611	0.286785043380597	0.248923461517537	0.245082690980988	0.31628723274203	0.261206773858321
700024743	0.164982617475654	0.169817309918236	0.241352372545141	0.299253332453906	0.183368224231228	0.211457424638468	0.148528277918144	0.224277864036975	0.123281769795338	0.190024015607633	0.124070205737422	0.250324122959728	0.226056366092485	0.168034407018632	0.274520930574841	0.182700486679239	0.211492106901782	0.218111903837825	0.133254394810501	0.11173292819328	0.14482925075925	0.193392721057461	0.158490145854706	0.136012202026666	0.159323755499693	0.235516767747893	0.20357666068471	0.296766048836431	0.241370577449066	0.240127989000346	0.16733868961767	0.160933901829519	0.130322171733707	0.175738121945111	0.214489084674107	0	0.211841978875152	0.22426936298509	0.137364760214575	0.288388210572699	0.137684131705059	0.222275215932127	0.146764947831652	0.0960794169774278	0.19154499562837	0.18601555896577	0.161287265000387	0.193921556216815	0.165223425064308	0.237941659147586	0.230380792739136	0.161876434720386	0.177609000898572	0.102065865465255	0.224820162640415	0.199308632394434	0.122101718476313	0.128317220745298	0.216847788895262	0.107520362231345
