700108602	700014971	700033565	700109389	700023058	700023927	700106341	700114221	700023543	700023439	700016978	700024192	700113058	700099448	700109870	700033928	700023693	700109627	700095416	700110425	700111580	700111302	700098605	700111991	700108960	700024452	700032931	700095837	700024548	700110161	700023496	700034628	700023645	700038744	700038485	700024743	700099596	700110760	700101587	700106399	700032322	700095653	700021312	700101230	700023590	700038905	700033136	700023382	700096424	700105469	700016908	700096053	700108479	700109569	700033814	700016125	700109756	700102665	700101777	700109455
700108602	0	-0.166373228237158	-0.203235703634976	-0.12515196283399	-0.152639542250898	-0.204130666565817	-0.0848281974468212	-0.232321469660174	-0.10391920363407	-0.212674278765968	-0.141201880682197	-0.209925067056378	-0.219560288355679	-0.162729248463994	-0.220461951191552	-0.115978526500432	-0.219171695423694	-0.201223909110672	-0.0999371113108988	-0.104914415027833	-0.113550744913754	-0.138095140494749	-0.109080152087647	-0.0596317901626108	-0.106055534759352	-0.126246888819575	-0.167131608647006	-0.179022946829094	-0.191169981412208	-0.215624985936837	-0.193829635103007	-0.151266141367426	-0.154653189420194	-0.19413580735776	-0.133402309903489	-0.121298435261733	-0.163295931348762	-0.213125415194861	-0.0979521455828126	-0.255832859518098	-0.108995367462166	-0.211536385123283	-0.152240334628212	-0.145999551153395	-0.200827032690032	-0.15770585898928	-0.129945889196146	-0.210863531328669	-0.16407545615366	-0.178919925328044	-0.149536232081833	-0.0823255055973008	-0.0943834012803793	-0.112807840834292	-0.0795541878471063	-0.207147758024283	-0.126944452524727	-0.091501713188236	-0.181466017794845	-0.111711225625408
700014971	-0.166373228237158	0	-0.180903299222658	-0.218121770149855	-0.126691368567934	-0.150263063391905	-0.17365878202454	-0.154705701429252	-0.136765926635748	-0.123088197007832	-0.118887116703338	-0.187220352038112	-0.151887777862156	-0.119852810928337	-0.169070239419057	-0.16525513939291	-0.130603118244297	-0.180212612390826	-0.161037377519066	-0.171475459777302	-0.171749335806078	-0.155043548867552	-0.125969919155338	-0.167980952781019	-0.193109325198785	-0.144260315517247	-0.0968136538941017	-0.125070552305493	-0.127512598652475	-0.132784319297553	-0.127273472917325	-0.168889134599408	-0.129771657651558	-0.12412010507784	-0.136378695626196	-0.136939382886144	-0.15950017609901	-0.171019615888361	-0.145445962647473	-0.150854688975401	-0.135974423360123	-0.140217564421588	-0.135999528321615	-0.144946447461849	-0.125556186604398	-0.132702860358978	-0.107554044627727	-0.148515096103555	-0.136206024023631	-0.178349808097614	-0.168691576271491	-0.161144733819144	-0.171710917647625	-0.125640100770274	-0.180262567365101	-0.140443967914637	-0.174598011894632	-0.183258797107495	-0.172909258276282	-0.164336895098048
700033565	-0.203235703634976	-0.180903299222658	0	-0.229476539431273	-0.190099967715377	-0.073366755297829	-0.202991423915315	-0.11265789437712	-0.174862872517164	-0.101386111007529	-0.115902784729028	-0.0558965160266484	-0.11228931740152	-0.143100981207223	-0.104992554793189	-0.137503736468276	-0.114544051441435	-0.106552035808791	-0.169920264135536	-0.178515790833305	-0.168694399564273	-0.0997872221387493	-0.185377555303599	-0.184432342984933	-0.176376217399161	-0.199437814304041	-0.146987866618669	-0.187138778526934	-0.158116187610312	-0.123488067908179	-0.112930303054121	-0.130486331945592	-0.114334638146688	-0.0957795933555215	-0.198802525385551	-0.142797075410836	-0.162843301453755	-0.105858638788452	-0.197049339377548	-0.151385424498254	-0.164581936771155	-0.0830249086221268	-0.163118579835711	-0.152085322468234	-0.130609064652484	-0.128212529410978	-0.172956975240017	-0.0990517715068635	-0.119286935844632	-0.0779261339260924	-0.0923878037868177	-0.215603553258088	-0.199911014451987	-0.135031296469659	-0.235439033476525	-0.0993258615752901	-0.147090738002055	-0.194986250849671	-0.0805390495530614	-0.19155862302948
700109389	-0.12515196283399	-0.218121770149855	-0.229476539431273	0	-0.194604472169024	-0.243614504630575	-0.112744055756468	-0.246742550454137	-0.170214400120284	-0.23957295767638	-0.194081147310636	-0.225588358747183	-0.240750842656273	-0.211663064121671	-0.226359843640869	-0.169034152614354	-0.24321765982311	-0.254674083179793	-0.179611928800645	-0.11491374760164	-0.145138507675875	-0.189622405619691	-0.1480967100107	-0.146406191206212	-0.134816688814727	-0.161314712420411	-0.227683171643255	-0.208073920847234	-0.193666779300934	-0.234044238008588	-0.242072110587751	-0.207445309574485	-0.188267929505836	-0.2265226465193	-0.151688665987261	-0.167841364339244	-0.229702541873659	-0.259647989060205	-0.147159130747262	-0.245341933750062	-0.160293535192062	-0.237200970032125	-0.214305932613257	-0.183285778509821	-0.215071193638892	-0.198772876165722	-0.21044743206175	-0.224997525363608	-0.214568796568662	-0.215521862263309	-0.182250164566245	-0.118033287791365	-0.0806081468943366	-0.182712264771002	-0.12226289983416	-0.242338388136269	-0.137689479662315	-0.116266513205394	-0.196951661392638	-0.147509468005076
700023058	-0.152639542250898	-0.126691368567934	-0.190099967715377	-0.194604472169024	0	-0.167651547195843	-0.157070733916125	-0.185736383390526	-0.12638800551602	-0.163653414042848	-0.134054404646949	-0.196024118173041	-0.181476634332537	-0.127894855467004	-0.189049978444794	-0.147898950268819	-0.166155256352902	-0.167619980272935	-0.147230540458078	-0.160312610938648	-0.171082796709425	-0.161515955451287	-0.144809087819318	-0.143579763034377	-0.192135978777215	-0.11674390197733	-0.128624935018912	-0.150165963310924	-0.160097511487655	-0.159212539161977	-0.158292270538386	-0.19320768129156	-0.139556299906976	-0.149252941510933	-0.116233033638423	-0.159454717020073	-0.120111914822584	-0.157319249339793	-0.120519320894717	-0.205825482769194	-0.128306802851663	-0.16936439292402	-0.127620714355344	-0.161030742291112	-0.159431825127327	-0.15561301155086	-0.112686438444701	-0.168143277643343	-0.145563500533469	-0.194695996516585	-0.170111130432926	-0.140834133635132	-0.1572604556036	-0.128007728850567	-0.165013787136526	-0.186602436130807	-0.180132163523117	-0.167511531134407	-0.188719449692233	-0.156260380508213
700023927	-0.204130666565817	-0.150263063391905	-0.073366755297829	-0.243614504630575	-0.167651547195843	0	-0.216098730204463	-0.114724999694065	-0.175568299131718	-0.0855625414033906	-0.110395695506642	-0.0835100218535538	-0.108121472392626	-0.103281770804852	-0.108251224125189	-0.143049808641454	-0.101571814271184	-0.0823296982459974	-0.170016527458217	-0.188460660391831	-0.173594716358412	-0.126264914523484	-0.169947109860081	-0.183906869131298	-0.192335414726045	-0.198642953640427	-0.127532083842672	-0.191770925565769	-0.151920424359789	-0.117274521217451	-0.066659974509951	-0.154240158988933	-0.120332525216326	-0.0738301690872861	-0.190040131944298	-0.155497553769226	-0.13948858472095	-0.0763922227280567	-0.192014632055704	-0.144837228190213	-0.150186529813206	-0.0860670908021864	-0.130864215200714	-0.167037114748579	-0.12488893674628	-0.11352428428095	-0.149405825157472	-0.104664457091938	-0.0731637654722659	-0.0987791261186645	-0.113293642655315	-0.217711054544745	-0.210453871240803	-0.118773244753454	-0.230139040537211	-0.094072030878578	-0.148861471614576	-0.207363329236724	-0.0974754696527589	-0.192699850048957
700106341	-0.0848281974468212	-0.17365878202454	-0.202991423915315	-0.112744055756468	-0.157070733916125	-0.216098730204463	0	-0.222851897521498	-0.0992574329035677	-0.215312544539116	-0.135183240021359	-0.193610630874538	-0.212478056973665	-0.1769308794481	-0.208277734428744	-0.132916691746654	-0.213820663378441	-0.234152304390643	-0.118962408655235	-0.0892702385938976	-0.105183437225901	-0.134653899851947	-0.117127541575516	-0.110308416773104	-0.0882238520397427	-0.151473439461467	-0.192205642705231	-0.188451099897205	-0.185539876842292	-0.216611072474491	-0.20427722819037	-0.12087997371691	-0.152854775869479	-0.205272581834399	-0.137390406821408	-0.104216821105739	-0.189960098545209	-0.235667599298276	-0.0927754342144865	-0.245225080119808	-0.130598779075523	-0.20588926804884	-0.154393630517451	-0.116395262917762	-0.185675186675795	-0.168011493416978	-0.155270750805256	-0.195788609769414	-0.180072774401718	-0.174085699034843	-0.155461138487162	-0.0720064834747749	-0.078758147145457	-0.130882590724963	-0.107639256010411	-0.205743273541653	-0.112768480026917	-0.0687322266769432	-0.173717725599086	-0.074751356466017
700114221	-0.232321469660174	-0.154705701429252	-0.11265789437712	-0.246742550454137	-0.185736383390526	-0.114724999694065	-0.222851897521498	0	-0.199723668856363	-0.0710413932559089	-0.148008888843558	-0.114700087127622	-0.0795449300554783	-0.141258262915304	-0.0893336632004167	-0.179747087099163	-0.0710813293137145	-0.15908131193589	-0.211745098371285	-0.197971977493723	-0.197550419535809	-0.164572481044632	-0.197698911276877	-0.220526471860692	-0.226350533504436	-0.207050585630288	-0.129595909780145	-0.168760365324662	-0.127081379817416	-0.106123150067886	-0.121404038546634	-0.180810269395019	-0.125878419542457	-0.104584075500423	-0.214265041615231	-0.158073723114639	-0.190348021979182	-0.103499167116342	-0.207638249189335	-0.0892251761229182	-0.159373170905939	-0.07317978473444	-0.180806198840163	-0.167268302414366	-0.105575240588045	-0.124676945979074	-0.162093897061891	-0.0790283629276773	-0.151914622802589	-0.129983671066768	-0.155885983029534	-0.227983992911115	-0.216958000386152	-0.174588182383519	-0.261132739053511	-0.0935733029400555	-0.167401132422645	-0.232034080984255	-0.130450258370161	-0.201147413294117
700023543	-0.10391920363407	-0.136765926635748	-0.174862872517164	-0.170214400120284	-0.12638800551602	-0.175568299131718	-0.0992574329035677	-0.199723668856363	0	-0.176816143859254	-0.101682824376828	-0.185528542629655	-0.191168316969302	-0.14332883105587	-0.199658717617197	-0.0963363314023773	-0.178429060081554	-0.192879413298736	-0.0883659682158394	-0.122733324311603	-0.124825578008902	-0.113167179534486	-0.122800090269128	-0.0985976100638936	-0.125453420690042	-0.133687750549232	-0.139186013759489	-0.152504243376126	-0.19355934352348	-0.182896063927951	-0.16602426074742	-0.111612453630257	-0.132111254671037	-0.160608071236504	-0.112152599283503	-0.121020738115639	-0.144226426504329	-0.196046652809729	-0.0867241523043075	-0.231493340836727	-0.104484428195459	-0.177867886025631	-0.127815784636839	-0.091881550186009	-0.175878952562732	-0.149296186787252	-0.105392268797186	-0.178425901634134	-0.156279677510466	-0.152355766535802	-0.138743198658797	-0.0967841590784157	-0.113110649243602	-0.103508658531619	-0.127347173407873	-0.182352829955923	-0.150323744840527	-0.102020240803015	-0.161814239574614	-0.0947801772134986
700023439	-0.212674278765968	-0.123088197007832	-0.101386111007529	-0.23957295767638	-0.163653414042848	-0.0855625414033906	-0.215312544539116	-0.0710413932559089	-0.176816143859254	0	-0.121388181353755	-0.119251842586219	-0.072416827378649	-0.109792561972688	-0.101917779434429	-0.158051323469461	-0.0672442331619473	-0.126615867931639	-0.186555559280064	-0.186724738628881	-0.184561707122177	-0.152413173224642	-0.178838742428217	-0.193196013707972	-0.212762699424655	-0.192118893571503	-0.113930457261912	-0.155059566496163	-0.118366176505355	-0.0887346916800472	-0.0940675289696475	-0.173061100592086	-0.107740355742423	-0.0747944746463354	-0.193216185290089	-0.151326602391385	-0.157322710714481	-0.0960619593294058	-0.1918462046518	-0.0966638036389878	-0.14465734580166	-0.0715968939066833	-0.155637354504123	-0.164892024951494	-0.0999235740110282	-0.110783846432511	-0.146366532036846	-0.0878941790159551	-0.113748832020394	-0.128452547547886	-0.136269401279192	-0.209088562199135	-0.207403258128093	-0.142634114900215	-0.237517845242983	-0.0904413678037209	-0.160060738029304	-0.214394627815859	-0.116912494289663	-0.191945955365347
700016978	-0.141201880682197	-0.118887116703338	-0.115902784729028	-0.194081147310636	-0.134054404646949	-0.110395695506642	-0.135183240021359	-0.148008888843558	-0.101682824376828	-0.121388181353755	0	-0.118963259672641	-0.136411191681398	-0.106510198450286	-0.150640212222673	-0.102715627662583	-0.126182297867104	-0.136156142656726	-0.112150965884504	-0.119121761147545	-0.116247030853291	-0.0740659737446955	-0.121929037271574	-0.128623676239961	-0.121320859896487	-0.160263419603025	-0.113849623799783	-0.139111126592212	-0.144934568030281	-0.136522651512092	-0.102611893913235	-0.0937420509258764	-0.0790620537458034	-0.0934523927958582	-0.147469852719617	-0.0880147233152815	-0.125109073555343	-0.138521500429115	-0.124811562070259	-0.182459401611555	-0.105747878890109	-0.108770639696248	-0.0951095959540854	-0.0956469200314713	-0.115724116462569	-0.117595688575258	-0.105331826873496	-0.123322152195258	-0.102668836938332	-0.113120088518778	-0.0962041862398098	-0.145366405916173	-0.13827844150474	-0.0736552444327628	-0.162535902381427	-0.118799159998376	-0.125679600785563	-0.130013972635535	-0.11402195740703	-0.126567165252982
700024192	-0.209925067056378	-0.187220352038112	-0.0558965160266484	-0.225588358747183	-0.196024118173041	-0.0835100218535538	-0.193610630874538	-0.114700087127622	-0.185528542629655	-0.119251842586219	-0.118963259672641	0	-0.0977839416214504	-0.150855356117128	-0.0978970308734455	-0.139749978106716	-0.127320854302889	-0.124575374732024	-0.173108017359242	-0.172440018059597	-0.165167598626629	-0.103036165881737	-0.190135296406355	-0.199838224898997	-0.174008538795751	-0.210183507887412	-0.163155174676989	-0.189108237762828	-0.159714154342209	-0.144396565787687	-0.11441735640953	-0.118521341935547	-0.108609668854006	-0.103537708925952	-0.214955226712803	-0.145458892958289	-0.176827551319884	-0.115483324009699	-0.204933505730544	-0.147267909286755	-0.161446565802851	-0.0747229964176879	-0.167094951239731	-0.142625818227872	-0.111776895133769	-0.135946943694567	-0.180468708665544	-0.086763669493493	-0.134587696791476	-0.0738523579297073	-0.0989927175407827	-0.22220691069829	-0.205062380869218	-0.144154781208237	-0.252454247476838	-0.0858414436152961	-0.137059886200429	-0.196833629284536	-0.0848862034369845	-0.185190077673138
700113058	-0.219560288355679	-0.151887777862156	-0.11228931740152	-0.240750842656273	-0.181476634332537	-0.108121472392626	-0.212478056973665	-0.0795449300554783	-0.191168316969302	-0.072416827378649	-0.136411191681398	-0.0977839416214504	0	-0.134820195203849	-0.07717228727414	-0.167501521567535	-0.0993672879587775	-0.15652458943763	-0.201566700742767	-0.188164845890558	-0.187286129699885	-0.149579338773454	-0.190104111532007	-0.215103467198957	-0.216579990755975	-0.208741399873206	-0.138990473928344	-0.161426164390209	-0.125308268103788	-0.114989803143173	-0.117053165953615	-0.166020508715506	-0.113696197996887	-0.0961912483980834	-0.215649688407721	-0.157754835674481	-0.184748672644901	-0.112560758745955	-0.201899782073084	-0.108138029507325	-0.154307482040912	-0.0770271643183818	-0.184171627069945	-0.164326753302744	-0.106470126282343	-0.120812442553062	-0.169095981158451	-0.074548126842049	-0.143257867165716	-0.118722152640134	-0.143789253079323	-0.218672840358088	-0.210816958683629	-0.168841244595869	-0.255269490381122	-0.0743290723363419	-0.160482386268894	-0.220852446113434	-0.116646701871525	-0.186336076501816
700099448	-0.162729248463994	-0.119852810928337	-0.143100981207223	-0.211663064121671	-0.127894855467004	-0.103281770804852	-0.1769308794481	-0.141258262915304	-0.14332883105587	-0.109792561972688	-0.106510198450286	-0.150855356117128	-0.134820195203849	0	-0.141146244338305	-0.131456834231515	-0.107946516610835	-0.131969248301802	-0.137582276786245	-0.148510028885337	-0.146622486667901	-0.142420834889268	-0.129889705901178	-0.138552479218729	-0.176715205228924	-0.145287325431587	-0.0967535379746126	-0.159217231147688	-0.127850240543796	-0.118290726689827	-0.0936661257834285	-0.165945953583728	-0.101659921331561	-0.0964814495384536	-0.143307698299139	-0.143352800926025	-0.12367524875209	-0.120706794465297	-0.151367824430494	-0.170261410126492	-0.120142086010135	-0.119111388059227	-0.105722887577706	-0.157629791535182	-0.112561118586803	-0.10913550944271	-0.101583734239045	-0.123495982604791	-0.0714701762059084	-0.144168859148065	-0.12862376693484	-0.166867111466846	-0.175301605290395	-0.105360321378853	-0.181641218838619	-0.130046232704358	-0.125700272019808	-0.173294336435797	-0.13152425506393	-0.161436966084192
700109870	-0.220461951191552	-0.169070239419057	-0.104992554793189	-0.226359843640869	-0.189049978444794	-0.108251224125189	-0.208277734428744	-0.0893336632004167	-0.199658717617197	-0.101917779434429	-0.150640212222673	-0.0978970308734455	-0.07717228727414	-0.141146244338305	0	-0.177754325493528	-0.107676481653464	-0.164944222675656	-0.207581134915522	-0.188804193914245	-0.181293657398767	-0.159363033145266	-0.17953034134978	-0.219867923036151	-0.212789127011021	-0.208007599636814	-0.156427212481004	-0.186004375958291	-0.125680818924011	-0.103477048142702	-0.13476104099872	-0.169624665449726	-0.139222339921653	-0.126148382815147	-0.214140405175229	-0.172531634399779	-0.192226306045023	-0.0948270798628513	-0.213695070681608	-0.104306948298246	-0.175640735052351	-0.0854677813134441	-0.19128610266425	-0.165267746158598	-0.114838876086455	-0.10951313559264	-0.165226073124091	-0.0780394259499442	-0.147174311357097	-0.120040729617558	-0.153505231178572	-0.222390987641511	-0.201300807879185	-0.174589276433671	-0.248797874026869	-0.0882447114460594	-0.1460654519017	-0.22426616406651	-0.10779457205146	-0.190165248539692
700033928	-0.115978526500432	-0.16525513939291	-0.137503736468276	-0.169034152614354	-0.147898950268819	-0.143049808641454	-0.132916691746654	-0.179747087099163	-0.0963363314023773	-0.158051323469461	-0.102715627662583	-0.139749978106716	-0.167501521567535	-0.131456834231515	-0.177754325493528	0	-0.168362630104176	-0.157662621762172	-0.0950278009612051	-0.132948768949332	-0.111392984924642	-0.0941360348482044	-0.127932868464637	-0.0938826958053974	-0.133025846777375	-0.146468469405325	-0.141668715056959	-0.148055581191855	-0.173201566199483	-0.173956529652746	-0.139022471887984	-0.119746063603221	-0.0951365101535041	-0.138130000787736	-0.146186768868391	-0.130987969423494	-0.137853148264705	-0.175210492021571	-0.114235141188583	-0.213690276284472	-0.0810133699054943	-0.141963358400841	-0.135935447832787	-0.132203129909568	-0.145523309154717	-0.127412455316152	-0.126288967524808	-0.16020047710347	-0.137026263305456	-0.111725512277236	-0.0928456468270002	-0.124294823669113	-0.132994291849318	-0.109988862904458	-0.153031376559451	-0.141523138212152	-0.132362508557214	-0.116298928109496	-0.120667111419521	-0.112069337342999
700023693	-0.219171695423694	-0.130603118244297	-0.114544051441435	-0.24321765982311	-0.166155256352902	-0.101571814271184	-0.213820663378441	-0.0710813293137145	-0.178429060081554	-0.0672442331619473	-0.126182297867104	-0.127320854302889	-0.0993672879587775	-0.107946516610835	-0.107676481653464	-0.168362630104176	0	-0.137531565372214	-0.189355929593561	-0.187667137709028	-0.176136448458913	-0.154731613786406	-0.176456140230411	-0.197585170368227	-0.21757561443772	-0.195483473861544	-0.114700452544982	-0.164628436785414	-0.122701584278214	-0.103387579506463	-0.0950030535631738	-0.173810886737493	-0.116209343651766	-0.0902868017715141	-0.194762060629956	-0.151688717070395	-0.158657527101105	-0.111226366412628	-0.192083569219534	-0.102950573886029	-0.148412942631307	-0.0809689880907836	-0.148828376769348	-0.164080464208125	-0.0944854628071119	-0.111178388015105	-0.135289841430889	-0.0789141837164232	-0.116045038588288	-0.133958739729116	-0.146239419584281	-0.214525433786693	-0.207957043973929	-0.146572541499057	-0.239174495320636	-0.102094121609879	-0.153528381428275	-0.219846560165828	-0.140364881856575	-0.194710466180313
700109627	-0.201223909110672	-0.180212612390826	-0.106552035808791	-0.254674083179793	-0.167619980272935	-0.0823296982459974	-0.234152304390643	-0.15908131193589	-0.192879413298736	-0.126615867931639	-0.136156142656726	-0.124575374732024	-0.15652458943763	-0.131969248301802	-0.164944222675656	-0.157662621762172	-0.137531565372214	0	-0.183306026200432	-0.196511042643969	-0.202550596976883	-0.143184435696692	-0.198215067019642	-0.174247840218767	-0.205370563128564	-0.207589012275412	-0.14998403662556	-0.204807248886617	-0.201250532910753	-0.157335289925131	-0.102119351981976	-0.178825941131475	-0.14038292230178	-0.109779267183923	-0.200373287858996	-0.166804908018604	-0.120068791853476	-0.0945234038837614	-0.209745861597448	-0.188009609691752	-0.179467263500294	-0.135795025241017	-0.133788854000242	-0.181581799016254	-0.166443263897103	-0.162834956354778	-0.160224969352127	-0.158828706837404	-0.10560551554626	-0.138655422869082	-0.123698631747261	-0.231922111113081	-0.22743688184377	-0.14081943879456	-0.220954614831494	-0.140524308023226	-0.189233116533919	-0.218062585983019	-0.140051773061093	-0.219522460921614
700095416	-0.0999371113108988	-0.161037377519066	-0.169920264135536	-0.179611928800645	-0.147230540458078	-0.170016527458217	-0.118962408655235	-0.211745098371285	-0.0883659682158394	-0.186555559280064	-0.112150965884504	-0.173108017359242	-0.201566700742767	-0.137582276786245	-0.207581134915522	-0.0950278009612051	-0.189355929593561	-0.183306026200432	0	-0.129601411205003	-0.101960510139734	-0.119843444727762	-0.120113339467156	-0.0821343088825059	-0.117511458501065	-0.139726291827334	-0.147088525204523	-0.179817036605687	-0.187178478870692	-0.199453503557402	-0.162155645509104	-0.123308568038834	-0.123598854626362	-0.170902633536332	-0.133082548256054	-0.125533117631627	-0.140321556369143	-0.1890164294593	-0.10277351101062	-0.244530384303866	-0.0950782430166403	-0.182105164069196	-0.113996951363872	-0.13653040741446	-0.172887509537702	-0.143226750621689	-0.108428051587927	-0.185379458911357	-0.137142077788709	-0.150378933325675	-0.122860494351305	-0.122660821434901	-0.13295441299873	-0.0827430654004435	-0.125523109838845	-0.184025593828634	-0.130449322339644	-0.115100038072858	-0.156446817967102	-0.121135921070069
700110425	-0.104914415027833	-0.171475459777302	-0.178515790833305	-0.11491374760164	-0.160312610938648	-0.188460660391831	-0.0892702385938976	-0.197971977493723	-0.122733324311603	-0.186724738628881	-0.119121761147545	-0.172440018059597	-0.188164845890558	-0.148510028885337	-0.188804193914245	-0.132948768949332	-0.187667137709028	-0.196511042643969	-0.129601411205003	0	-0.101984424683704	-0.12693537660507	-0.121367851297614	-0.107817672612106	-0.0809073330253573	-0.158822548848776	-0.16176372408127	-0.160934972890297	-0.167106832366491	-0.184467913765013	-0.180485825916454	-0.14365189595442	-0.127000719325083	-0.173734054081429	-0.142040480991267	-0.101660583900502	-0.171097441668597	-0.207714877662856	-0.12968675655077	-0.229009665700928	-0.123070577432801	-0.176543308442899	-0.141177048966436	-0.0959424538435411	-0.156022673794493	-0.151869572850316	-0.140230613327684	-0.171365571119977	-0.15445088663452	-0.1598884887291	-0.140710884902107	-0.10343630395504	-0.07269977132169	-0.12556318517149	-0.138711472810475	-0.182865882420546	-0.0845858972355165	-0.0870728895463416	-0.150008128059237	-0.1138788125253
700111580	-0.113550744913754	-0.171749335806078	-0.168694399564273	-0.145138507675875	-0.171082796709425	-0.173594716358412	-0.105183437225901	-0.197550419535809	-0.124825578008902	-0.184561707122177	-0.116247030853291	-0.165167598626629	-0.187286129699885	-0.146622486667901	-0.181293657398767	-0.111392984924642	-0.176136448458913	-0.202550596976883	-0.101960510139734	-0.101984424683704	0	-0.108001020809588	-0.101335261306516	-0.107124923406469	-0.0802783606402479	-0.175277356555493	-0.179033682110682	-0.193146756411611	-0.154196713646687	-0.202119699746619	-0.16500285423567	-0.115085786144891	-0.127167526191331	-0.178385112278184	-0.16991532906176	-0.105829311343493	-0.175704974471939	-0.196148249889766	-0.135489020723982	-0.219219681828365	-0.110969317471585	-0.166965822578236	-0.14084184661853	-0.132945770747119	-0.143062165487868	-0.129751210194986	-0.128956284094151	-0.157727169046908	-0.139040641704365	-0.139724824089119	-0.122090242652381	-0.112956401569374	-0.113582187631337	-0.0973357773152198	-0.144743082541167	-0.167736130199413	-0.0756876806414938	-0.0823911541835702	-0.136961017685781	-0.0957826808654643
700111302	-0.138095140494749	-0.155043548867552	-0.0997872221387493	-0.189622405619691	-0.161515955451287	-0.126264914523484	-0.134653899851947	-0.164572481044632	-0.113167179534486	-0.152413173224642	-0.0740659737446955	-0.103036165881737	-0.149579338773454	-0.142420834889268	-0.159363033145266	-0.0941360348482044	-0.154731613786406	-0.143184435696692	-0.119843444727762	-0.12693537660507	-0.108001020809588	0	-0.143744555005772	-0.134478060383031	-0.103340890363012	-0.183927530894679	-0.148872891764553	-0.16613828887226	-0.180390926354516	-0.169668468806626	-0.132897023451352	-0.0704111440789927	-0.100596563407434	-0.122875763945056	-0.178508654801026	-0.0984015443735189	-0.144491225892211	-0.169105391854848	-0.142223836099829	-0.199587630363954	-0.134441997845478	-0.126679329126748	-0.126746278516093	-0.109282680325343	-0.132513666804325	-0.14852338272231	-0.133638561038992	-0.134515694906034	-0.123147208608751	-0.070744428013576	-0.0740283704421865	-0.15098522711251	-0.146208708335691	-0.0932520367557998	-0.187388369756109	-0.123881410097989	-0.12051031039697	-0.129158426232797	-0.0911511436703349	-0.123830450272137
700098605	-0.109080152087647	-0.125969919155338	-0.185377555303599	-0.1480967100107	-0.144809087819318	-0.169947109860081	-0.117127541575516	-0.197698911276877	-0.122800090269128	-0.178838742428217	-0.121929037271574	-0.190135296406355	-0.190104111532007	-0.129889705901178	-0.17953034134978	-0.127932868464637	-0.176456140230411	-0.198215067019642	-0.120113339467156	-0.121367851297614	-0.101335261306516	-0.143744555005772	0	-0.119443427661498	-0.139855635493098	-0.139768225816926	-0.152176869745266	-0.16184044872877	-0.157611593756043	-0.174902134983027	-0.161032215910787	-0.155793484084305	-0.143410629125738	-0.169746136883627	-0.138763441319244	-0.120228755218896	-0.156417820508135	-0.18230513408704	-0.113920980704539	-0.20821926735696	-0.112960086086808	-0.17684981999613	-0.146228340647803	-0.135662370782782	-0.174579040760625	-0.12773022812413	-0.12368307647555	-0.175583901725443	-0.144026070796726	-0.180303296354633	-0.157434558731775	-0.109703658068198	-0.111396491993896	-0.102414112749049	-0.111947805735939	-0.181552907234135	-0.1291400677476	-0.128196310605744	-0.172943792332043	-0.100379006707685
700111991	-0.0596317901626108	-0.167980952781019	-0.184432342984933	-0.146406191206212	-0.143579763034377	-0.183906869131298	-0.110308416773104	-0.220526471860692	-0.0985976100638936	-0.193196013707972	-0.128623676239961	-0.199838224898997	-0.215103467198957	-0.138552479218729	-0.219867923036151	-0.0938826958053974	-0.197585170368227	-0.174247840218767	-0.0821343088825059	-0.107817672612106	-0.107124923406469	-0.134478060383031	-0.119443427661498	0	-0.113484202751368	-0.123357718115839	-0.151331523391406	-0.174189023004236	-0.188486971484841	-0.205232433000953	-0.170676778624605	-0.154854805863385	-0.143371063385026	-0.176164412601375	-0.124556919310842	-0.120573219314236	-0.142852368074545	-0.194383382867957	-0.0998275756202779	-0.2514108377468	-0.0972424519084272	-0.195921372125078	-0.127077155617109	-0.142667624789589	-0.183938305145149	-0.152545380106741	-0.112432418452804	-0.199500861501406	-0.14536542745397	-0.169877919785288	-0.130233837491677	-0.109444288281384	-0.114076592792117	-0.101557254052196	-0.0864218842701426	-0.199932552518068	-0.134134161019146	-0.0988827424401267	-0.170014838379929	-0.113328925888744
700108960	-0.106055534759352	-0.193109325198785	-0.176376217399161	-0.134816688814727	-0.192135978777215	-0.192335414726045	-0.0882238520397427	-0.226350533504436	-0.125453420690042	-0.212762699424655	-0.121320859896487	-0.174008538795751	-0.216579990755975	-0.176715205228924	-0.212789127011021	-0.133025846777375	-0.21757561443772	-0.205370563128564	-0.117511458501065	-0.0809073330253573	-0.0802783606402479	-0.103340890363012	-0.139855635493098	-0.113484202751368	0	-0.198914942276955	-0.197217392123645	-0.205362526133621	-0.196965242759648	-0.217248043663405	-0.195345947690247	-0.0991146505284099	-0.151290373971713	-0.193562069172686	-0.172780087915745	-0.100761762562704	-0.188955904361156	-0.223771975188223	-0.137557504620936	-0.257596269761307	-0.148975999836813	-0.194408365200656	-0.152046718577803	-0.114306131101114	-0.177912922886729	-0.180343930782933	-0.165289732711573	-0.196457000484818	-0.160195739509722	-0.141540709045915	-0.122349534620651	-0.111941908064057	-0.0986836514828796	-0.110776671296902	-0.137179805902678	-0.198968319173391	-0.0902846777940989	-0.0693108671722317	-0.142264087120562	-0.0983679170779286
700024452	-0.126246888819575	-0.144260315517247	-0.199437814304041	-0.161314712420411	-0.11674390197733	-0.198642953640427	-0.151473439461467	-0.207050585630288	-0.133687750549232	-0.192118893571503	-0.160263419603025	-0.210183507887412	-0.208741399873206	-0.145287325431587	-0.208007599636814	-0.146468469405325	-0.195483473861544	-0.207589012275412	-0.139726291827334	-0.158822548848776	-0.175277356555493	-0.183927530894679	-0.139768225816926	-0.123357718115839	-0.198914942276955	0	-0.15058480164711	-0.1489277384241	-0.152728192977373	-0.182729333077203	-0.188327775972163	-0.206727363834046	-0.153023341627145	-0.180677253117301	-0.0803512917493986	-0.162829047779879	-0.17833583402054	-0.205644632911438	-0.110095673107786	-0.208452891728514	-0.125271975640401	-0.198411978515272	-0.165151237978452	-0.173630752112067	-0.182540467238884	-0.14785338248904	-0.123528326009631	-0.196332248322341	-0.166073857099559	-0.200640038771845	-0.176891134465321	-0.126556482341883	-0.137416404515109	-0.142028804538973	-0.125375016621099	-0.204890888408921	-0.170920864430171	-0.169283803533793	-0.188028575273246	-0.170304655801486
700032931	-0.167131608647006	-0.0968136538941017	-0.146987866618669	-0.227683171643255	-0.128624935018912	-0.127532083842672	-0.192205642705231	-0.129595909780145	-0.139186013759489	-0.113930457261912	-0.113849623799783	-0.163155174676989	-0.138990473928344	-0.0967535379746126	-0.156427212481004	-0.141668715056959	-0.114700452544982	-0.14998403662556	-0.147088525204523	-0.16176372408127	-0.179033682110682	-0.148872891764553	-0.152176869745266	-0.151331523391406	-0.197217392123645	-0.15058480164711	0	-0.121485686601836	-0.133062374618251	-0.112604404927706	-0.119056089592342	-0.172709336326788	-0.120786301442076	-0.101473711815058	-0.143373007553675	-0.153291876515408	-0.128146359667419	-0.13632962086699	-0.14707315934476	-0.157121131763757	-0.130069850567275	-0.11965053865209	-0.113193057247595	-0.145185910946136	-0.123470630138895	-0.130120070949515	-0.106711527773625	-0.128328321431938	-0.114524753514689	-0.146276835255372	-0.152437995585203	-0.176515733896825	-0.186922278386887	-0.126339786399031	-0.186687012852128	-0.139443339726148	-0.171896350259628	-0.196106764349863	-0.150306331489802	-0.179915854110154
700095837	-0.179022946829094	-0.125070552305493	-0.187138778526934	-0.208073920847234	-0.150165963310924	-0.191770925565769	-0.188451099897205	-0.168760365324662	-0.152504243376126	-0.155059566496163	-0.139111126592212	-0.189108237762828	-0.161426164390209	-0.159217231147688	-0.186004375958291	-0.148055581191855	-0.164628436785414	-0.204807248886617	-0.179817036605687	-0.160934972890297	-0.193146756411611	-0.16613828887226	-0.16184044872877	-0.174189023004236	-0.205362526133621	-0.1489277384241	-0.121485686601836	0	-0.121726834831939	-0.124727752247019	-0.178886603772399	-0.192517455076145	-0.137202723253896	-0.144221218723313	-0.157145132779985	-0.161369807312291	-0.171683848305213	-0.205255245415622	-0.156312736458319	-0.171942607008527	-0.143714430763395	-0.154061706085218	-0.177857936381458	-0.150856602968658	-0.140025607744918	-0.159919024173553	-0.158893793363308	-0.160093829382267	-0.18054988020796	-0.184279510341191	-0.162086235464067	-0.174534967481915	-0.170894701583115	-0.169812422844288	-0.197758893967302	-0.170884217011321	-0.194740269105347	-0.191565584737884	-0.181911664773452	-0.183375825068594
700024548	-0.191169981412208	-0.127512598652475	-0.158116187610312	-0.193666779300934	-0.160097511487655	-0.151920424359789	-0.185539876842292	-0.127081379817416	-0.19355934352348	-0.118366176505355	-0.144934568030281	-0.159714154342209	-0.125308268103788	-0.127850240543796	-0.125680818924011	-0.173201566199483	-0.122701584278214	-0.201250532910753	-0.187178478870692	-0.167106832366491	-0.154196713646687	-0.180390926354516	-0.157611593756043	-0.188486971484841	-0.196965242759648	-0.152728192977373	-0.133062374618251	-0.121726834831939	0	-0.11233828333901	-0.152757403540984	-0.20314430255018	-0.125782365397404	-0.131003138754947	-0.156188333851334	-0.1490058639873	-0.191378026232961	-0.158501245062985	-0.174691401409495	-0.107928732985903	-0.140017677655779	-0.113540130580122	-0.176696441144826	-0.184899789339177	-0.0854601882977153	-0.0896970129093401	-0.157149954871805	-0.107390207215543	-0.145323840409889	-0.173813278359393	-0.159305310811924	-0.184502779608839	-0.168171552222587	-0.154545898829348	-0.202181744467751	-0.140256471220866	-0.135692871352466	-0.197487031309916	-0.149339127453496	-0.189087207208202
700110161	-0.215624985936837	-0.132784319297553	-0.123488067908179	-0.234044238008588	-0.159212539161977	-0.117274521217451	-0.216611072474491	-0.106123150067886	-0.182896063927951	-0.0887346916800472	-0.136522651512092	-0.144396565787687	-0.114989803143173	-0.118290726689827	-0.103477048142702	-0.173956529652746	-0.103387579506463	-0.157335289925131	-0.199453503557402	-0.184467913765013	-0.202119699746619	-0.169668468806626	-0.174902134983027	-0.205232433000953	-0.217248043663405	-0.182729333077203	-0.112604404927706	-0.124727752247019	-0.11233828333901	0	-0.133451360454387	-0.18657548342618	-0.142089314562022	-0.0995727478574171	-0.182217781908264	-0.175276126594695	-0.168297654492612	-0.117815935429763	-0.196651907694838	-0.123253567593454	-0.173067536064347	-0.100701566793608	-0.171440888822452	-0.16937273912845	-0.119934630433418	-0.132835654244916	-0.163660477761902	-0.110482028359244	-0.130160038756554	-0.144118287322842	-0.15945768954911	-0.206740645355425	-0.203358789957854	-0.159763542940647	-0.235853958510519	-0.132300391202566	-0.168456431564296	-0.220298006526234	-0.124862020408848	-0.202500154325685
700023496	-0.193829635103007	-0.127273472917325	-0.112930303054121	-0.242072110587751	-0.158292270538386	-0.066659974509951	-0.20427722819037	-0.121404038546634	-0.16602426074742	-0.0940675289696475	-0.102611893913235	-0.11441735640953	-0.117053165953615	-0.0936661257834285	-0.13476104099872	-0.139022471887984	-0.0950030535631738	-0.102119351981976	-0.162155645509104	-0.180485825916454	-0.16500285423567	-0.132897023451352	-0.161032215910787	-0.170676778624605	-0.195345947690247	-0.188327775972163	-0.119056089592342	-0.178886603772399	-0.152757403540984	-0.133451360454387	0	-0.155446670906316	-0.10380889465022	-0.0828620453170519	-0.182991373052659	-0.143867901218609	-0.130291028164903	-0.0977443677051942	-0.182260849225197	-0.15236217866589	-0.134431989053025	-0.101638045323374	-0.108517032014589	-0.161367167498177	-0.103667063465497	-0.113366647285154	-0.126984040340099	-0.113886108540783	-0.0792872020779755	-0.120822938326362	-0.118871776132868	-0.208983903221476	-0.205407131379408	-0.112149982046315	-0.225192296997543	-0.0933646392530519	-0.146738695936926	-0.202614147393098	-0.13079079429996	-0.183923708107305
700034628	-0.151266141367426	-0.168889134599408	-0.130486331945592	-0.207445309574485	-0.19320768129156	-0.154240158988933	-0.12087997371691	-0.180810269395019	-0.111612453630257	-0.173061100592086	-0.0937420509258764	-0.118521341935547	-0.166020508715506	-0.165945953583728	-0.169624665449726	-0.119746063603221	-0.173810886737493	-0.178825941131475	-0.123308568038834	-0.14365189595442	-0.115085786144891	-0.0704111440789927	-0.155793484084305	-0.154854805863385	-0.0991146505284099	-0.206727363834046	-0.172709336326788	-0.192517455076145	-0.20314430255018	-0.18657548342618	-0.155446670906316	0	-0.127137601907128	-0.152344700480653	-0.196103776549471	-0.102505587057424	-0.181609892188094	-0.182537877245847	-0.164981298931616	-0.214908773538931	-0.155304615866331	-0.142669852257453	-0.143908507192116	-0.088907711074535	-0.155130463898156	-0.169857285152165	-0.154157021028971	-0.150164283209992	-0.148934139014686	-0.0886514786792679	-0.114638827764434	-0.158620899592865	-0.161542757369756	-0.11673024870266	-0.200585964618005	-0.140543740648635	-0.130017497958321	-0.119058275684851	-0.119037068160684	-0.100548415631661
700023645	-0.154653189420194	-0.129771657651558	-0.114334638146688	-0.188267929505836	-0.139556299906976	-0.120332525216326	-0.152854775869479	-0.125878419542457	-0.132111254671037	-0.107740355742423	-0.0790620537458034	-0.108609668854006	-0.113696197996887	-0.101659921331561	-0.139222339921653	-0.0951365101535041	-0.116209343651766	-0.14038292230178	-0.123598854626362	-0.127000719325083	-0.127167526191331	-0.100596563407434	-0.143410629125738	-0.143371063385026	-0.151290373971713	-0.153023341627145	-0.120786301442076	-0.137202723253896	-0.125782365397404	-0.142089314562022	-0.10380889465022	-0.127137601907128	0	-0.0931556213463328	-0.158558286565136	-0.0985621694713435	-0.142216915544781	-0.145215059438649	-0.144155078522066	-0.157620181397753	-0.0990177851809958	-0.0998399093193062	-0.116106883802466	-0.12103709138693	-0.0918471575589051	-0.100347747160592	-0.119704891110355	-0.106522431611942	-0.116320542277594	-0.106477958876174	-0.0856951415375379	-0.155044127572645	-0.154263224465262	-0.105920984736097	-0.191676424431111	-0.0984337341570871	-0.118732903315397	-0.145266501392512	-0.105217283800533	-0.144734401633554
700038744	-0.19413580735776	-0.12412010507784	-0.0957795933555215	-0.2265226465193	-0.149252941510933	-0.0738301690872861	-0.205272581834399	-0.104584075500423	-0.160608071236504	-0.0747944746463354	-0.0934523927958582	-0.103537708925952	-0.0961912483980834	-0.0964814495384536	-0.126148382815147	-0.138130000787736	-0.0902868017715141	-0.109779267183923	-0.170902633536332	-0.173734054081429	-0.178385112278184	-0.122875763945056	-0.169746136883627	-0.176164412601375	-0.193562069172686	-0.180677253117301	-0.101473711815058	-0.144221218723313	-0.131003138754947	-0.0995727478574171	-0.0828620453170519	-0.152344700480653	-0.0931556213463328	0	-0.17546646155519	-0.140990362582752	-0.133177918139592	-0.100855511179939	-0.174958892885653	-0.136948905560903	-0.139078037546883	-0.0749596565279575	-0.128590808388072	-0.148451383673191	-0.101435208987472	-0.123051654290965	-0.139425601075761	-0.0855323390640519	-0.0958753822846238	-0.105211929438176	-0.11482646432703	-0.201041501129208	-0.197765677357075	-0.12102524982653	-0.222359590921099	-0.094398392352179	-0.157167625207767	-0.197392087438807	-0.11015657545919	-0.189782119453906
