700108602	700014971	700033565	700109389	700023058	700023927	700106341	700114221	700023543	700023439	700016978	700024192	700113058	700099448	700109870	700033928	700023693	700109627	700095416	700110425	700111580	700111302	700098605	700111991	700108960	700024452	700032931	700095837	700024548	700110161	700023496	700034628	700023645	700038744	700038485	700024743	700099596	700110760	700101587	700106399	700032322	700095653	700021312	700101230	700023590	700038905	700033136	700023382	700096424	700105469	700016908	700096053	700108479	700109569	700033814	700016125	700109756	700102665	700101777	700109455
700108602	0	0.235457803650579	0.321337224671353	0.236740085989906	0.212531938603345	0.291878645164968	0.104323863764035	0.318763210976931	0.135874627401325	0.301693518086879	0.202527512977489	0.333039874380507	0.3109041200831	0.226839674938427	0.334512653306905	0.196074273653937	0.296469564389507	0.277532475987408	0.135495815299542	0.133696471817909	0.158385459485083	0.237589142034691	0.135894223172768	0.0744487359859308	0.15842765098558	0.204408026835462	0.233191222284047	0.318370760375945	0.302785499225342	0.328173240776803	0.258644193229807	0.245235633148983	0.230766391239172	0.286000871436881	0.179556393089776	0.139453520915321	0.229240542970403	0.296381009068882	0.118217320311017	0.37412403172122	0.156684191460914	0.327607438067306	0.196198053827864	0.190665584650475	0.305927073908228	0.226867856268888	0.173852984472481	0.31419480149779	0.230023667575286	0.306592965596388	0.283706151927278	0.101053967293585	0.133168755294034	0.14307210915993	0.123433833450658	0.302741835451671	0.167743133383525	0.132497768394987	0.297906808374771	0.142236453080123
700014971	0.235457803650579	0	0.299310385571278	0.34222782715912	0.143038952192723	0.246198281406999	0.244580444673636	0.196908088259967	0.186985270868671	0.175134002224199	0.178035793674523	0.31431399403698	0.220858540433262	0.163599906050681	0.271447528166041	0.244667611814806	0.175200988112613	0.270988797466788	0.228937253500016	0.230896484624697	0.262415040479774	0.261143799684228	0.201340012297021	0.235325165413966	0.307816507068135	0.163741641269058	0.118348376345115	0.191592767377089	0.163465226150641	0.193908354478171	0.191575508029259	0.273730169319536	0.183426517495424	0.185936430649835	0.167085139694418	0.199032156505011	0.23073631053219	0.260391709110712	0.184771977761201	0.216230842798292	0.180673511575152	0.217519210878364	0.179874760590632	0.207577328992904	0.186338649018751	0.202853110047088	0.140323238673695	0.222623342334862	0.214648754120816	0.304408477567751	0.302038630371662	0.206187130560876	0.245025741033963	0.195571914810378	0.282842580001858	0.22446728508249	0.26243069020663	0.263457806194734	0.287959704918487	0.240797602544485
700033565	0.321337224671353	0.299310385571278	0	0.441663636319787	0.30388022621438	0.094330922731703	0.325728485571893	0.192704959077899	0.282386890459475	0.166420084505896	0.176353005095122	0.0513547516888149	0.175111441120761	0.209022937128873	0.190638097554817	0.163583974331382	0.198439363462863	0.134296464803334	0.241983820033034	0.295898840663144	0.244995779474061	0.119670427102212	0.325667243925531	0.283236505236409	0.282226641601478	0.343134975633599	0.235719072862371	0.370506455647844	0.293152227343036	0.231582319390623	0.169050445201231	0.172726781745933	0.170572620873227	0.141718489976752	0.33286318619274	0.251945966170354	0.252410197072485	0.152483085094754	0.322683482376838	0.261466582537993	0.243234463569236	0.129895711833731	0.233638541189054	0.267445243120683	0.212116223551631	0.196800243115968	0.262564105884685	0.173283422387147	0.150491755963126	0.0686901318616154	0.111143630565688	0.325866321160544	0.355057963394059	0.221276082143033	0.403567550133395	0.137249058776181	0.224952358994426	0.274338215160044	0.0844503390087742	0.286365015153636
700109389	0.236740085989906	0.34222782715912	0.441663636319787	0	0.341103494438114	0.425852808926312	0.205149134053915	0.418114076013163	0.292392595455438	0.406432569698399	0.345239255869505	0.448486432417717	0.418135282877964	0.364504624677509	0.431860848404201	0.342019893842514	0.407372346178136	0.432448043041739	0.322290672033898	0.224509825024853	0.297949142017209	0.384841076597589	0.220896525567614	0.272562239105431	0.274927001569618	0.29866813340126	0.366554923916248	0.40996587967014	0.372687209635004	0.423283877463688	0.393982480611361	0.39195616806314	0.351813892422711	0.399338463668059	0.265043930673456	0.279562290198269	0.380021681944328	0.436111005087608	0.249037553550044	0.423454891553409	0.293465161652966	0.426382069306783	0.349093586686697	0.319802090367631	0.398840398662348	0.356656885950284	0.341613540409613	0.414733125160433	0.382870482374723	0.432106456545883	0.413199635581541	0.217401946563721	0.147750102761786	0.315223730219199	0.181169811719838	0.418496115181636	0.286622600062107	0.254599187674725	0.415631727653817	0.272574849220195
700023058	0.212531938603345	0.143038952192723	0.30388022621438	0.341103494438114	0	0.247857436957901	0.219975786438062	0.221115533800756	0.173484868267477	0.212913049755148	0.186487750579585	0.313471978553284	0.241725030496133	0.161267826738652	0.285480696095377	0.220495738611592	0.201661883229028	0.241612498290598	0.201096105996832	0.222659617332592	0.245460587652056	0.261224362446701	0.217893698427964	0.195326525779015	0.298689169606043	0.150093972012392	0.153715693240756	0.235213374918383	0.209744339042636	0.215846228560501	0.202753347859292	0.288046528876972	0.185266335237179	0.208686081864022	0.163201590392922	0.214406078698525	0.171770942930261	0.223202629496464	0.165220415647083	0.281508080523123	0.156056724249219	0.241725172825874	0.148725926661863	0.220528413173012	0.210292964340828	0.217225452683634	0.124041300404439	0.236078355539213	0.206541738339923	0.311944554324734	0.298647779834033	0.183788441762807	0.2455098845338	0.180499222184333	0.278052511511155	0.250417075366236	0.258108919479601	0.239602733318509	0.296274995457915	0.218406238251468
700023927	0.291878645164968	0.246198281406999	0.094330922731703	0.425852808926312	0.247857436957901	0	0.304705820740454	0.158138615307529	0.253153958802337	0.12068175196855	0.145212694706433	0.110381770440197	0.135236469014921	0.139551003208782	0.175351068278995	0.146786515706202	0.152834115533686	0.0908149494514649	0.21651086678745	0.271966657247431	0.223577915092716	0.159131081450645	0.277376769283167	0.249330164412697	0.274249327868765	0.307719678647729	0.187819227879932	0.345816051489067	0.254052440518217	0.198477139924438	0.0920868709191212	0.17222436320034	0.139609921934167	0.0883458549659049	0.293413545228446	0.227035846792457	0.204525633453278	0.097398684387703	0.28842651941981	0.224743581657722	0.200285434012347	0.0944454681018849	0.176605091427818	0.245062854129311	0.170380319136927	0.153413444576984	0.208553235211226	0.144139117981693	0.0882631021131854	0.120107044424843	0.161016325692891	0.29844986709863	0.333344065810966	0.185451840167877	0.37121422948089	0.09228389686503	0.201349525974692	0.252933644603304	0.109605156534473	0.255979468475674
700106341	0.104323863764035	0.244580444673636	0.325728485571893	0.205149134053915	0.219975786438062	0.304705820740454	0	0.300048734878484	0.124452993613236	0.293134948468082	0.197712230888597	0.326131095689916	0.297252329796399	0.238496806864005	0.320821509833307	0.213169079303005	0.283500108838097	0.318975481166409	0.164501206426905	0.107994975344199	0.160668958139706	0.243556670674953	0.120481159251568	0.135900738423976	0.130400877252942	0.244189153321899	0.254702206477464	0.329040860407086	0.293420374670781	0.32402865469692	0.265203059841324	0.215451378059852	0.22371696472944	0.288692645233331	0.193744902488467	0.117478300011782	0.260416503471893	0.317641125564344	0.123479054445498	0.359074675960402	0.16595955108965	0.312583182826413	0.203203572371835	0.157877345178071	0.285356222585749	0.234839877727432	0.195605406826216	0.294460985382832	0.25516833131989	0.306037500192589	0.299631474564234	0.0962551215095162	0.0921008686603341	0.164232604135044	0.135927422666282	0.293375640658858	0.161313944392976	0.105573517311149	0.298781001615201	0.0962929186808413
700114221	0.318763210976931	0.196908088259967	0.192704959077899	0.418114076013163	0.221115533800756	0.158138615307529	0.300048734878484	0	0.260682055519472	0.0723859779659323	0.203681595850876	0.203123951546333	0.0802653461647647	0.153392097790912	0.135492244893614	0.240367904016026	0.0743135536740153	0.224173809937681	0.272727256914628	0.269661104388909	0.27159344117008	0.251040584022866	0.293599676394451	0.297221475895752	0.343788863786443	0.280577871745008	0.137682315314004	0.277653716985613	0.173634769211143	0.121652964329205	0.151639588333716	0.25407171514931	0.164767543397102	0.129885311527427	0.278214597309309	0.238783824409041	0.249507190943516	0.127113901191264	0.27370159548346	0.126175295984849	0.202196614804236	0.107414925110267	0.22067220130612	0.241618055799231	0.128840878098227	0.148307902449102	0.198486830119308	0.0975027566870229	0.183456984482346	0.220084207168997	0.271301257146779	0.288914925290104	0.324075115418208	0.246142395045333	0.397739291967116	0.120260785942431	0.227683056448737	0.312762297900741	0.193460651504033	0.270638547297443
700023543	0.135874627401325	0.186985270868671	0.282386890459475	0.292392595455438	0.173484868267477	0.253153958802337	0.124452993613236	0.260682055519472	0	0.238149079248925	0.134212261091258	0.298559280996115	0.253898942918329	0.188527016701608	0.294688627956673	0.163993808987411	0.234440549747129	0.259823581995823	0.116168271051037	0.156922142632003	0.16954621107625	0.198424678997112	0.176442719861617	0.117410372483094	0.173080959146447	0.20992048832774	0.185480819453524	0.282763959790449	0.287561699556855	0.272868817153139	0.205445470895097	0.179261367051169	0.18282580688245	0.226338764567496	0.157471042015842	0.130999631945897	0.193273691657515	0.267095228358591	0.105573824273219	0.33022084364631	0.124381184281178	0.26686814574372	0.151961853908042	0.106250985210357	0.254830676461664	0.210799241996748	0.131395588180751	0.25472230036062	0.212948886735932	0.268155919040405	0.261409948174116	0.112553809804586	0.162982260273925	0.12030419237133	0.202055763940825	0.248605818902168	0.194828909240087	0.131401855321562	0.26834868622985	0.110061537127874
700023439	0.301693518086879	0.175134002224199	0.166420084505896	0.406432569698399	0.212913049755148	0.12068175196855	0.293134948468082	0.0723859779659323	0.238149079248925	0	0.171991982342203	0.193650498190579	0.0752397569617193	0.116747483267293	0.151133065535059	0.209743491458534	0.0818004230033839	0.180428323543454	0.242048749380904	0.247415018336613	0.251014022645095	0.233149217812323	0.278976680101342	0.26072135269119	0.320353451102153	0.275900210948484	0.13280671951824	0.271240681748811	0.177099416892585	0.117414939621021	0.11102971450692	0.240819005087662	0.137857223306113	0.0909164996508291	0.268867761241144	0.217180088453197	0.211246533359411	0.117814982962121	0.258556464269356	0.134116028212283	0.177984971684509	0.0930115681745175	0.183915847557062	0.225217465692628	0.124409062811525	0.141434843111431	0.187694117602074	0.0957869590019084	0.136471857087957	0.204212871748003	0.240499179095525	0.266879894347488	0.314546597614129	0.208884823373305	0.375693885162343	0.108632775387235	0.212778586184889	0.284388848273001	0.17695103148934	0.253490518278132
700016978	0.202527512977489	0.178035793674523	0.176353005095122	0.345239255869505	0.186487750579585	0.145212694706433	0.197712230888597	0.203681595850876	0.134212261091258	0.171991982342203	0	0.188401625793398	0.193018237032247	0.132618123584112	0.247145168478132	0.117244575598271	0.176647942429801	0.160088218394289	0.123615295807889	0.166975805940321	0.143269374128387	0.115949431658897	0.207149096725077	0.163459338434469	0.175103401752703	0.239900381412247	0.162304888458953	0.27620047140129	0.239157725263983	0.222950966479343	0.11540928264344	0.131901850515767	0.0827639002657117	0.12342612230632	0.219177435327571	0.118278233059489	0.170233831009151	0.188614985608165	0.176236800993303	0.278460380876121	0.119293064002948	0.158014468950436	0.106409408729571	0.131454970822148	0.164370704160548	0.170569298549308	0.133843062739793	0.185138400240076	0.127689307019444	0.182071388173252	0.173331205669164	0.19007756398882	0.223333984579297	0.101545100302298	0.27374206764362	0.148645953111358	0.164720419777836	0.148535882616871	0.171797469994669	0.165534398242721
700024192	0.333039874380507	0.31431399403698	0.0513547516888149	0.448486432417717	0.313471978553284	0.110381770440197	0.326131095689916	0.203123951546333	0.298559280996115	0.193650498190579	0.188401625793398	0	0.179517952816816	0.219147367068413	0.191222165417171	0.172523948736813	0.203230435806798	0.151035187152016	0.25571227581354	0.298266073519193	0.2425988777418	0.129494366831334	0.332548838112472	0.30088813586645	0.290311237112852	0.358149754766572	0.254181066684994	0.377683158284339	0.296605799549765	0.261334995337091	0.174008058230663	0.171680103565474	0.175375784160176	0.15512903978189	0.35282756837894	0.259767112478569	0.271291377070722	0.169391155473694	0.33732610397105	0.2657434569669	0.252387695394192	0.126801191855561	0.246491123963609	0.268428469853743	0.198330399972368	0.210506683574104	0.271751038339553	0.170590910411547	0.173587134046943	0.0742433376245862	0.117567241179105	0.338775918181814	0.364503098594512	0.238635883311129	0.422667914714656	0.129210632995874	0.220842150665088	0.28346574417185	0.105592035240295	0.288692430008802
700113058	0.3109041200831	0.220858540433262	0.175111441120761	0.418135282877964	0.241725030496133	0.135236469014921	0.297252329796399	0.0802653461647647	0.253898942918329	0.0752397569617193	0.193018237032247	0.179517952816816	0	0.145737775134493	0.115245230991355	0.228447307600322	0.112093168319327	0.206276114308528	0.260722421899321	0.262133903913783	0.259306720693101	0.237413241907224	0.286751899766026	0.28711576338556	0.332238259026497	0.303134035336662	0.172686673542769	0.299661161896979	0.200975370277849	0.151486502399363	0.135472466071101	0.239417741583683	0.152846714344386	0.126192476683177	0.300046553596285	0.233242394830863	0.240384323886459	0.115166557845011	0.279843504748437	0.153960809109762	0.193327763024856	0.113068383290017	0.216141331716022	0.236471272610361	0.150236994766416	0.146876184111884	0.212939497628556	0.0952923568495532	0.165068150610635	0.196517315363761	0.246869303914732	0.284080657693487	0.324399036999008	0.238232988310928	0.392067200569213	0.0862598680688929	0.219097788321466	0.301838722635775	0.163930912750294	0.257563943678378
700099448	0.226839674938427	0.163599906050681	0.209022937128873	0.364504624677509	0.161267826738652	0.139551003208782	0.238496806864005	0.153392097790912	0.188527016701608	0.116747483267293	0.132618123584112	0.219147367068413	0.145737775134493	0	0.202855511267443	0.165346566131596	0.116191036332677	0.173345975188299	0.168653567320027	0.189674981687032	0.189906285863905	0.208440206377252	0.208665379278167	0.179996654461574	0.261366962789902	0.21129656079941	0.110437368889132	0.269381871057429	0.180544338333876	0.170554733450666	0.0988266968361592	0.219945023885938	0.102122331927987	0.106891952784893	0.205310971506575	0.176127280299011	0.1607886258364	0.144509964173251	0.203025830743505	0.221468906259047	0.124940338121449	0.147397714417891	0.106574088737837	0.188724875584799	0.132526037076327	0.133939372063254	0.122625234441744	0.141594692252416	0.0945238425904542	0.21637975451886	0.217258042479295	0.210742588932223	0.264342671118193	0.143907276985732	0.299080297864568	0.142874430861437	0.161617359183134	0.222241723795783	0.197612964264751	0.197935494215795
700109870	0.334512653306905	0.271447528166041	0.190638097554817	0.431860848404201	0.285480696095377	0.175351068278995	0.320821509833307	0.135492244893614	0.294688627956673	0.151133065535059	0.247145168478132	0.191222165417171	0.115245230991355	0.202855511267443	0	0.270019783651796	0.148360346429668	0.250929924445952	0.298581802921638	0.310386154466491	0.2757318112394	0.277730414350702	0.304056650697606	0.322580074544287	0.362799381684676	0.336531813641113	0.22074917832843	0.348399672296722	0.223692844627833	0.174884923750326	0.199856054223001	0.275173533811619	0.219971422472024	0.195895628171382	0.333294222889951	0.27967162915496	0.284739716747044	0.136174067099213	0.320299726159447	0.173269062393922	0.253639243393284	0.162889816873741	0.27009451129084	0.285868134335814	0.190341222890444	0.154658316579102	0.243238815156441	0.126832583351821	0.210074371981899	0.216266686814204	0.279801618715001	0.327214026224435	0.345769094592562	0.276473047067777	0.408409554017724	0.148036368600381	0.24164002518557	0.335740707212124	0.186365531929878	0.294885729201693
700033928	0.196074273653937	0.244667611814806	0.163583974331382	0.342019893842514	0.220495738611592	0.146786515706202	0.213169079303005	0.240367904016026	0.163993808987411	0.209743491458534	0.117244575598271	0.172523948736813	0.228447307600322	0.165346566131596	0.270019783651796	0	0.222956494263849	0.147618445086241	0.128536521321486	0.209374637244971	0.150072351578583	0.0976671036759982	0.231825750743858	0.149610682191287	0.194995856544434	0.253154313276513	0.210503040027657	0.315531076142295	0.280446634632002	0.26029546218341	0.159914479256446	0.129601998849973	0.10811226822107	0.152009192521211	0.252254297606562	0.184884557413457	0.195071081407402	0.212758537478611	0.195578458396442	0.311332202468082	0.122061366007479	0.173591054979867	0.155825591886581	0.201725721676126	0.196478654424103	0.179058736726639	0.173680932355521	0.224559222793779	0.148359863924835	0.142697515400094	0.136754962247568	0.19488735729387	0.246713020976092	0.141827026340901	0.284780506255175	0.175828397349627	0.173604109096882	0.151578921256355	0.140961052095098	0.167190022996164
700023693	0.296469564389507	0.175200988112613	0.198439363462863	0.407372346178136	0.201661883229028	0.152834115533686	0.283500108838097	0.0743135536740153	0.234440549747129	0.0818004230033839	0.176647942429801	0.203230435806798	0.112093168319327	0.116191036332677	0.148360346429668	0.222956494263849	0	0.198084586777359	0.244630388188114	0.252869051001123	0.23352121662245	0.243656029806622	0.261524295363978	0.269289736657999	0.327972144333389	0.26449351680995	0.121677105433006	0.270678562677426	0.162783215146844	0.134312158352733	0.121143291591466	0.247766107715484	0.144577136916103	0.119162386663981	0.257223447882062	0.220496925508439	0.218107349505004	0.145515662124805	0.250406001688987	0.139497015350928	0.181064724503226	0.114476048243569	0.185969931455773	0.227233007791276	0.114736578886245	0.126992677446684	0.157851627328309	0.0967424068455467	0.152503222239831	0.224161756352182	0.257448798201856	0.271009212672115	0.306833852202578	0.214513119794702	0.370047205412825	0.120837937333247	0.199357255477175	0.291972230480494	0.217557977591181	0.254907395129505
700109627	0.277532475987408	0.270988797466788	0.134296464803334	0.432448043041739	0.241612498290598	0.0908149494514649	0.318975481166409	0.224173809937681	0.259823581995823	0.180428323543454	0.160088218394289	0.151035187152016	0.206276114308528	0.173345975188299	0.250929924445952	0.147618445086241	0.198084586777359	0	0.219625900236339	0.27222925158927	0.248652130448225	0.157976701720624	0.304094703004981	0.22939048867441	0.274921852617587	0.315344680374361	0.215248655721608	0.351268683707908	0.316902147922168	0.248260143616573	0.127170219646879	0.194099655047521	0.15733736122711	0.129437874938043	0.305804231310001	0.234744598291033	0.171493388909117	0.131493208344264	0.295760186973435	0.288684780192554	0.227146979867415	0.161324405766581	0.177749000659107	0.250475556610573	0.21840399613927	0.217151761866059	0.226175158546594	0.218738057305937	0.122699439352379	0.162483062106487	0.162116374235907	0.307332510563469	0.344463439164637	0.201140057014644	0.349955157567666	0.160675813632506	0.239101635066769	0.255397614137595	0.155402982919795	0.281100456462338
700095416	0.135495815299542	0.228937253500016	0.241983820033034	0.322290672033898	0.201096105996832	0.21651086678745	0.164501206426905	0.272727256914628	0.116168271051037	0.242048749380904	0.123615295807889	0.25571227581354	0.260722421899321	0.168653567320027	0.298581802921638	0.128536521321486	0.244630388188114	0.219625900236339	0	0.174834935316118	0.114814186959307	0.165446364816824	0.183788580771809	0.100338352622126	0.158248784220584	0.226544461725591	0.199735206377847	0.324315083797003	0.283557387063934	0.285851138069474	0.186089519525036	0.157588372182995	0.154446050873605	0.214839363624023	0.199482914982373	0.147269444851564	0.188244183950852	0.237780183218601	0.144210612207811	0.343370808118713	0.111317331011563	0.253191084849948	0.123724692717884	0.169911952919054	0.237417599276001	0.196913325390944	0.137371480787619	0.25453589254671	0.156889436216268	0.226774901751405	0.212873139584991	0.157275255049151	0.209864826601007	0.0719762748636588	0.215719353150837	0.233457141142083	0.153168203603131	0.13760952357624	0.222958410888155	0.134932061220665
700110425	0.133696471817909	0.230896484624697	0.295898840663144	0.224509825024853	0.222659617332592	0.271966657247431	0.107994975344199	0.269661104388909	0.156922142632003	0.247415018336613	0.166975805940321	0.298266073519193	0.262133903913783	0.189674981687032	0.310386154466491	0.209374637244971	0.252869051001123	0.27222925158927	0.174834935316118	0	0.156203676027835	0.230363336859942	0.152079460329665	0.129284532500661	0.134547810615106	0.246023053919756	0.21748173578825	0.294599440075624	0.272077209462931	0.288184885884638	0.22413226707873	0.232516870085017	0.178938842002717	0.236104237806389	0.196482084974713	0.110221403062693	0.235377263187715	0.284007207726642	0.15791864023272	0.339036994354683	0.15491231370895	0.263692185590688	0.168955945935773	0.121183391478348	0.235512866219422	0.23247225720895	0.185984415579287	0.251489990791111	0.225718439489562	0.285718034869523	0.275543951043439	0.117501224608179	0.112145266886015	0.161651948184407	0.188989316941927	0.253837214856432	0.131479735404404	0.120277098244353	0.272317032169969	0.140337853024265
700111580	0.158385459485083	0.262415040479774	0.244995779474061	0.297949142017209	0.245460587652056	0.223577915092716	0.160668958139706	0.27159344117008	0.16954621107625	0.251014022645095	0.143269374128387	0.2425988777418	0.259306720693101	0.189906285863905	0.2757318112394	0.150072351578583	0.23352121662245	0.248652130448225	0.114814186959307	0.156203676027835	0	0.164431950120223	0.175815116746342	0.127752035154957	0.126365274029274	0.281567256163498	0.255643981623555	0.35631870776336	0.249794838301299	0.306137517810781	0.191402703074559	0.154059096476712	0.163180197484369	0.229856062289745	0.2490219062249	0.140837873145497	0.24273617233721	0.244492961052365	0.183558726420505	0.317416746754723	0.139901059559607	0.237856767037228	0.171382763318548	0.179159558354187	0.198795322513029	0.181289838513682	0.173914921091893	0.225582589142839	0.168848504922004	0.218090395882039	0.220223190265986	0.159224322106071	0.202509622713364	0.110193218527255	0.242372884422538	0.218345286753776	0.0832487428208735	0.116664914282949	0.209995635845498	0.122733766457185
700111302	0.237589142034691	0.261143799684228	0.119670427102212	0.384841076597589	0.261224362446701	0.159131081450645	0.243556670674953	0.251040584022866	0.198424678997112	0.233149217812323	0.115949431658897	0.129494366831334	0.237413241907224	0.208440206377252	0.277730414350702	0.0976671036759982	0.243656029806622	0.157976701720624	0.165446364816824	0.230363336859942	0.164431950120223	0	0.27214493098995	0.207741754381516	0.182634618484137	0.312590250465695	0.241679021967568	0.346219558471521	0.316082257353471	0.286224921826568	0.184789965194377	0.0956146126485004	0.146567083396459	0.171056794855144	0.298849684313562	0.189394918664612	0.227008052714133	0.230271651452401	0.243109191027601	0.322691967421535	0.195425227050385	0.18399821458047	0.181653743933277	0.203669225973029	0.212105282748563	0.223332768234179	0.206488227068128	0.228367462654407	0.163232957107011	0.0884779035480291	0.0997154004412528	0.244759934265894	0.282877547394164	0.150383892766541	0.332453518880866	0.18352367244892	0.183999233289897	0.188993142772415	0.117598360546462	0.20720194336537
700098605	0.135894223172768	0.201340012297021	0.325667243925531	0.220896525567614	0.217893698427964	0.277376769283167	0.120481159251568	0.293599676394451	0.176442719861617	0.278976680101342	0.207149096725077	0.332548838112472	0.286751899766026	0.208665379278167	0.304056650697606	0.231825750743858	0.261524295363978	0.304094703004981	0.183788580771809	0.152079460329665	0.175815116746342	0.27214493098995	0	0.158551570500118	0.196396862973853	0.232608598588774	0.231514631138925	0.310035214391686	0.26690170078488	0.30597261466284	0.239468905908109	0.26414437944516	0.232011127217149	0.274910894547342	0.19685622231845	0.152611067926356	0.246444606715164	0.280203616663474	0.154311233253869	0.326142888261118	0.165723179528993	0.301208529025016	0.204974363950272	0.19880060207492	0.282817038397153	0.206812799153921	0.164154277018966	0.288124289650425	0.239249015737656	0.327011027547813	0.313019402458484	0.147982442549154	0.122733814886887	0.164926725128796	0.139071515358953	0.28084175150749	0.189244692452699	0.184226572529447	0.313313864442032	0.141721554868007
700111991	0.0744487359859308	0.235325165413966	0.283236505236409	0.272562239105431	0.195326525779015	0.249330164412697	0.135900738423976	0.297221475895752	0.117410372483094	0.26072135269119	0.163459338434469	0.30088813586645	0.28711576338556	0.179996654461574	0.322580074544287	0.149610682191287	0.269289736657999	0.22939048867441	0.100338352622126	0.129284532500661	0.127752035154957	0.207741754381516	0.158551570500118	0	0.15660222653686	0.206131057127244	0.214202480947213	0.315016098535788	0.297290760772281	0.307595295658246	0.212711937516975	0.215815554165145	0.190396299910716	0.242619242752256	0.177566691271607	0.125095941637893	0.188972397567155	0.252243390710265	0.120616450515642	0.365726246560028	0.122456288935786	0.285110985026899	0.144351205398465	0.166384687845656	0.262658399494559	0.218398339715452	0.147817884455728	0.279156709832127	0.192749924331408	0.271229424424291	0.247509765138722	0.120819958930064	0.172264888028583	0.111402128338934	0.152227183674545	0.26939051642029	0.156375817224414	0.120154077301727	0.264543349363993	0.125288970740944
700108960	0.15842765098558	0.307816507068135	0.282226641601478	0.274927001569618	0.298689169606043	0.274249327868765	0.130400877252942	0.343788863786443	0.173080959146447	0.320353451102153	0.175103401752703	0.290311237112852	0.332238259026497	0.261366962789902	0.362799381684676	0.194995856544434	0.327972144333389	0.274921852617587	0.158248784220584	0.134547810615106	0.126365274029274	0.182634618484137	0.196396862973853	0.15660222653686	0	0.329325631687392	0.298631894569863	0.384004203822499	0.345850677987223	0.361508806265403	0.267118719462934	0.148165796830535	0.219215949275714	0.274913085398729	0.268159304778407	0.140267923643198	0.281762896947568	0.317435623064316	0.207133016647442	0.408608377434583	0.210771877262819	0.298603854150321	0.21518011411485	0.160421370150289	0.288987772071579	0.284316305062337	0.247661231474282	0.319658217735741	0.231592560796986	0.243537712769411	0.241975993622001	0.170378597169954	0.164173472924433	0.152169587641618	0.204811542138701	0.289726609342836	0.151758102596713	0.0963847215842234	0.2451997760435	0.129842424385338
700024452	0.204408026835462	0.163741641269058	0.343134975633599	0.29866813340126	0.150093972012392	0.307719678647729	0.244189153321899	0.280577871745008	0.20992048832774	0.275900210948484	0.239900381412247	0.358149754766572	0.303134035336662	0.21129656079941	0.336531813641113	0.253154313276513	0.26449351680995	0.315344680374361	0.226544461725591	0.246023053919756	0.281567256163498	0.312590250465695	0.232608598588774	0.206131057127244	0.329325631687392	0	0.199898969429286	0.239164660304704	0.209354947863096	0.259934229258881	0.268377425624283	0.324423823077196	0.23571339466191	0.271350665799246	0.108380546129587	0.24700058329176	0.265562028788166	0.306550621870296	0.167741199353973	0.297195359525097	0.186712653525752	0.30283405520257	0.224466839209994	0.259355366468811	0.266977864015937	0.233985927974008	0.17486478960406	0.296961003142932	0.254198505404404	0.343258712611751	0.334076415197964	0.194124702537387	0.230331592699542	0.223579939047756	0.234228260705176	0.303940691566457	0.270674165338972	0.268699188138604	0.322463648391175	0.260201811902387
700032931	0.233191222284047	0.118348376345115	0.235719072862371	0.366554923916248	0.153715693240756	0.187819227879932	0.254702206477464	0.137682315314004	0.185480819453524	0.13280671951824	0.162304888458953	0.254181066684994	0.172686673542769	0.110437368889132	0.22074917832843	0.210503040027657	0.121677105433006	0.215248655721608	0.199735206377847	0.21748173578825	0.255643981623555	0.241679021967568	0.231514631138925	0.214202480947213	0.298631894569863	0.199898969429286	0	0.205980928430779	0.172458281920067	0.146340662141878	0.156168114672188	0.262093608969572	0.154785645703338	0.129984339535765	0.177937976745632	0.203736640632035	0.178206598941539	0.190633162943445	0.191762815750858	0.206764990993882	0.16216508268073	0.164781248539108	0.143281111903003	0.199398124417006	0.159608450040931	0.165083053301062	0.129057299015575	0.165575258011712	0.155122195991316	0.240540982530886	0.260738558635417	0.221414280901006	0.269468453050465	0.185528846183606	0.304524645072242	0.182464164032875	0.234129682436671	0.259634326008392	0.234669767114488	0.2446780905366
700095837	0.318370760375945	0.191592767377089	0.370506455647844	0.40996587967014	0.235213374918383	0.345816051489067	0.329040860407086	0.277653716985613	0.282763959790449	0.271240681748811	0.27620047140129	0.377683158284339	0.299661161896979	0.269381871057429	0.348399672296722	0.315531076142295	0.270678562677426	0.351268683707908	0.324315083797003	0.294599440075624	0.35631870776336	0.346219558471521	0.310035214391686	0.315016098535788	0.384004203822499	0.239164660304704	0.205980928430779	0	0.195764763095142	0.205703641267855	0.302494631069235	0.36782082904803	0.265961713085492	0.272593155049662	0.262431770019161	0.29597555031397	0.30681529233743	0.350488104235708	0.274151469551688	0.289207562466175	0.269457759862002	0.291985863016381	0.289916267595531	0.290614614020908	0.25122331243779	0.299211242506736	0.264460528963794	0.297102905136049	0.317510099409316	0.373573831281597	0.361851879706168	0.297437369798849	0.323854052358593	0.311342781415654	0.377323508963944	0.315911909657745	0.351640584548771	0.342223525362999	0.362100600145406	0.333982168056139
700024548	0.302785499225342	0.163465226150641	0.293152227343036	0.372687209635004	0.209744339042636	0.254052440518217	0.293420374670781	0.173634769211143	0.287561699556855	0.177099416892585	0.239157725263983	0.296605799549765	0.200975370277849	0.180544338333876	0.223692844627833	0.280446634632002	0.162783215146844	0.316902147922168	0.283557387063934	0.272077209462931	0.249794838301299	0.316082257353471	0.26690170078488	0.297290760772281	0.345850677987223	0.209354947863096	0.172458281920067	0.195764763095142	0	0.148974471346717	0.230515609419076	0.322501324717609	0.204793159334132	0.212408302654451	0.219761900339581	0.254022631444463	0.298100919928533	0.24514931070556	0.261619608618653	0.148476820972034	0.213222502901505	0.197425960199453	0.249122620696629	0.286906000071798	0.137173491756022	0.139236970295202	0.214622705474473	0.168633322896767	0.233984830766231	0.311864389224343	0.324491212457711	0.270995365599581	0.293492078442971	0.257963653478624	0.350167371677511	0.224414399618539	0.230869677512274	0.309712030836558	0.280306770879872	0.285314387437045
700110161	0.328173240776803	0.193908354478171	0.231582319390623	0.423283877463688	0.215846228560501	0.198477139924438	0.32402865469692	0.121652964329205	0.272868817153139	0.117414939621021	0.222950966479343	0.261334995337091	0.151486502399363	0.170554733450666	0.174884923750326	0.26029546218341	0.134312158352733	0.248260143616573	0.285851138069474	0.288184885884638	0.306137517810781	0.286224921826568	0.30597261466284	0.307595295658246	0.361508806265403	0.259934229258881	0.146340662141878	0.205703641267855	0.148974471346717	0	0.192114714183918	0.295268234058892	0.201992862013116	0.154714482130069	0.262384152484295	0.272953250047906	0.256439082497884	0.174246487124816	0.285810294460858	0.16724840976652	0.236413439807335	0.164024497761916	0.235478242553999	0.269463042132633	0.162367181105295	0.189903512431882	0.220484025393549	0.162303960692876	0.197895833218061	0.260877305633889	0.298901056816613	0.294390997808025	0.338028224263966	0.257524229809722	0.397864146958533	0.193633014312283	0.263803965801619	0.327529938768964	0.219656480460525	0.304211983135449
700023496	0.258644193229807	0.191575508029259	0.169050445201231	0.393982480611361	0.202753347859292	0.0920868709191212	0.265203059841324	0.151639588333716	0.205445470895097	0.11102971450692	0.11540928264344	0.174008058230663	0.135472466071101	0.0988266968361592	0.199856054223001	0.159914479256446	0.121143291591466	0.127170219646879	0.186089519525036	0.22413226707873	0.191402703074559	0.184789965194377	0.239468905908109	0.212711937516975	0.267118719462934	0.268377425624283	0.156168114672188	0.302494631069235	0.230515609419076	0.192114714183918	0	0.193090930726737	0.105102911851412	0.0960260313430518	0.262210958720676	0.182442415105882	0.16284419882105	0.1205043035651	0.240080598784531	0.219527468831061	0.146474591008871	0.132165201127592	0.1234402124816	0.199556382607868	0.128530714279511	0.140528178504566	0.15079446907803	0.141749139648697	0.0839236072635206	0.183493153362989	0.193825889525756	0.251722425094014	0.293870099367075	0.149699142620778	0.339429056385889	0.103275322060888	0.174526660963188	0.239991005325748	0.17848621946519	0.220364113349186
700034628	0.245235633148983	0.273730169319536	0.172726781745933	0.39195616806314	0.288046528876972	0.17222436320034	0.215451378059852	0.25407171514931	0.179261367051169	0.240819005087662	0.131901850515767	0.171680103565474	0.239417741583683	0.219945023885938	0.275173533811619	0.129601998849973	0.247766107715484	0.194099655047521	0.157588372182995	0.232516870085017	0.154059096476712	0.0956146126485004	0.26414437944516	0.215815554165145	0.148165796830535	0.324423823077196	0.262093608969572	0.36782082904803	0.322501324717609	0.295268234058892	0.193090930726737	0	0.165343529787968	0.188083404434713	0.294287433812016	0.172068757584979	0.259940873478991	0.23026792843827	0.251827749553771	0.322068755217192	0.208821683066803	0.186069698637131	0.196369854932239	0.165359687833254	0.220558675200932	0.229719479114398	0.222132866557626	0.229015383097974	0.178183377399372	0.131795593884356	0.166239610522515	0.24309128136893	0.27817586180764	0.157871495686275	0.327321468502199	0.186069690202009	0.170868805788439	0.165987000505869	0.150623291843045	0.162614147998137
700023645	0.230766391239172	0.183426517495424	0.170572620873227	0.351813892422711	0.185266335237179	0.139609921934167	0.22371696472944	0.164767543397102	0.18282580688245	0.137857223306113	0.0827639002657117	0.175375784160176	0.152846714344386	0.102122331927987	0.219971422472024	0.10811226822107	0.144577136916103	0.15733736122711	0.154446050873605	0.178938842002717	0.163180197484369	0.146567083396459	0.232011127217149	0.190396299910716	0.219215949275714	0.23571339466191	0.154785645703338	0.265961713085492	0.204793159334132	0.201992862013116	0.105102911851412	0.165343529787968	0	0.0968439043956444	0.237975906089727	0.146107796130365	0.18499422732085	0.175060473708602	0.203103422323046	0.238802955177487	0.115595748067596	0.128095678009293	0.12477513812966	0.166343780292296	0.12325441090455	0.143811858842828	0.153978254588508	0.151648298136095	0.124423787651419	0.172956237372483	0.162345108138366	0.206841477380308	0.251921665262462	0.143162410807755	0.313656920380769	0.110506805911524	0.158866430164866	0.175172885694231	0.160154113042532	0.191327869380312
700038744	0.286000871436881	0.185936430649835	0.141718489976752	0.399338463668059	0.208686081864022	0.0883458549659049	0.288692645233331	0.129885311527427	0.226338764567496	0.0909164996508291	0.12342612230632	0.15512903978189	0.126192476683177	0.106891952784893	0.195895628171382	0.152009192521211	0.119162386663981	0.129437874938043	0.214839363624023	0.236104237806389	0.229856062289745	0.171056794855144	0.274910894547342	0.242619242752256	0.274913085398729	0.271350665799246	0.129984339535765	0.272593155049662	0.212408302654451	0.154714482130069	0.0960260313430518	0.188083404434713	0.0968439043956444	0	0.2587727178839	0.207797536708025	0.191110934405164	0.133695341576554	0.249179197499715	0.198420067184456	0.178272961241078	0.0795452658276717	0.160628978472564	0.210084778888731	0.125246453441186	0.167124031011416	0.191603509640769	0.117252951624925	0.111122530201242	0.15597949256851	0.185090106281771	0.260986200203033	0.307184328981968	0.183568036314164	0.360391116039995	0.0992122549972319	0.208931664422241	0.237065014624243	0.149953078801889	0.252073077356853
700038485	0.179556393089776	0.167085139694418	0.33286318619274	0.265043930673456	0.163201590392922	0.293413545228446	0.193744902488467	0.278214597309309	0.157471042015842	0.268867761241144	0.219177435327571	0.35282756837894	0.300046553596285	0.205310971506575	0.333294222889951	0.252254297606562	0.257223447882062	0.305804231310001	0.199482914982373	0.196482084974713	0.2490219062249	0.298849684313562	0.19685622231845	0.177566691271607	0.268159304778407	0.108380546129587	0.177937976745632	0.262431770019161	0.219761900339581	0.262384152484295	0.262210958720676	0.294287433812016	0.237975906089727	0.2587727178839	0	0.192193508762203	0.256721267447397	0.302586921882467	0.117392478362497	0.294615452465386	0.187051137199143	0.299303982402055	0.210702652858227	0.205719615131201	0.27152760512638	0.22335009026128	0.17620520896769	0.297156250435216	0.239241970646253	0.336587832132101	0.325600552111786	0.14598337457033	0.177906860646939	0.185864524443302	0.19395054270999	0.29865574681211	0.242596974193839	0.21235003959755	0.317097178194178	0.213572619393131
700024743	0.139453520915321	0.199032156505011	0.251945966170354	0.279562290198269	0.214406078698525	0.227035846792457	0.117478300011782	0.238783824409041	0.130999631945897	0.217180088453197	0.118278233059489	0.259767112478569	0.233242394830863	0.176127280299011	0.27967162915496	0.184884557413457	0.220496925508439	0.234744598291033	0.147269444851564	0.110221403062693	0.140837873145497	0.189394918664612	0.152611067926356	0.125095941637893	0.140267923643198	0.24700058329176	0.203736640632035	0.29597555031397	0.254022631444463	0.272953250047906	0.182442415105882	0.172068757584979	0.146107796130365	0.207797536708025	0.192193508762203	0	0.204819650599925	0.243189688140554	0.146379148336191	0.310572749540079	0.135808678163261	0.242600082835137	0.15081822511794	0.0938801046423097	0.21925506601069	0.194239479372452	0.167274793655984	0.2307868009214	0.188247212810947	0.252518443981103	0.232861062830539	0.136406157394114	0.162661186112792	0.1097549508892	0.207269552937794	0.222090520096792	0.151875655919969	0.107117125344407	0.236998607796576	0.0941367521371761
