700108602	700014971	700033565	700109389	700023058	700023927	700106341	700114221	700023543	700023439	700016978	700024192	700113058	700099448	700109870	700033928	700023693	700109627	700095416	700110425	700111580	700111302	700098605	700111991	700108960	700024452	700032931	700095837	700024548	700110161	700023496	700034628	700023645	700038744	700038485	700024743	700099596	700110760	700101587	700106399	700032322	700095653	700021312	700101230	700023590	700038905	700033136	700023382	700096424	700105469	700016908	700096053	700108479	700109569	700033814	700016125	700109756	700102665	700101777	700109455
700108602	0	0.229206899382307	0.349106796803098	0.194400316858242	0.211922227391339	0.321126142536197	0.102946125637151	0.325115223637123	0.139446039278366	0.294793600425545	0.233515942374229	0.365974276702678	0.327563510066811	0.245251261597622	0.350055034029136	0.230976620670642	0.310510454563582	0.317215771906767	0.174335070589321	0.114480421298709	0.185648212806169	0.278935830684158	0.132509971293923	0.0936127050306398	0.166571488569542	0.193138178129738	0.236434540910633	0.336678731679233	0.264102035403921	0.337473613604547	0.287220537913252	0.269507188315163	0.258713158228017	0.290440681234167	0.15999112749552	0.159278757166448	0.261955728401363	0.334237399182813	0.0982718890858436	0.363400545452622	0.164774404236775	0.330258446495726	0.208934484312335	0.192757096410306	0.287470841446508	0.230428125248747	0.209996114603282	0.32369578371411	0.277877176894164	0.34820990640923	0.307242547721081	0.0956067874895461	0.115202899238824	0.145039291120518	0.10952652632956	0.31445597994039	0.183184753447907	0.103093019151392	0.301358086431479	0.154086212433544
700014971	0.229206899382307	0	0.296347917533966	0.335656744257687	0.145160510156303	0.249534235820221	0.267914271644122	0.181529130924978	0.211383855405319	0.168504206883273	0.187387001717263	0.315387202114323	0.192520539042924	0.153379165187173	0.274720356788631	0.247524044464425	0.180057686302004	0.267290682389517	0.227402154343874	0.227630208707234	0.259170247136433	0.260861228441734	0.212022898497492	0.238359883457105	0.309517516241929	0.163760099475483	0.121419574948041	0.229904316080065	0.156869414439185	0.196041466732262	0.18839440956459	0.273553228338729	0.213316394255963	0.181378633024344	0.175663047520316	0.2090448906885	0.202424160947588	0.260352636231015	0.184640007344374	0.238898667668831	0.168817827442033	0.246606404794301	0.172564662768702	0.242671078946967	0.181932346275225	0.182266902623616	0.14287233449295	0.241725583630625	0.209737909793941	0.302616078828895	0.28483632294372	0.21609526129518	0.267095192893717	0.201823941753579	0.282201459334025	0.214053660121983	0.238357728840463	0.254967147646798	0.266103941205444	0.259618983601137
700033565	0.349106796803098	0.296347917533966	0	0.43723838485351	0.279485668620039	0.0947885456090166	0.322505013730753	0.183043708803345	0.276455700727534	0.170246675818364	0.152825853294286	0.0712624237892756	0.174254580610804	0.215654633046556	0.170787543978338	0.148846694084848	0.184257586173159	0.12491523738609	0.232769340343886	0.292931297877189	0.23958411910427	0.104722136500607	0.324335378253994	0.303394962004742	0.271271129519916	0.325563505846299	0.240048526730845	0.390763986412594	0.303225645920939	0.229519492606691	0.160846668207157	0.158432413179869	0.136675388647165	0.131934717590155	0.352931695575643	0.229534135154806	0.263517450088429	0.145778439701029	0.296453842007453	0.238940969273254	0.252975581174277	0.0879414500957658	0.231690959710196	0.246870682697473	0.226291685635666	0.209670168088307	0.226881306062492	0.138999414033341	0.154252132930618	0.0468713323270458	0.107867671101053	0.330065758893014	0.372213549498415	0.234505733820519	0.401429257333133	0.13905988332503	0.216384266529761	0.317323112516329	0.0935835510254674	0.267821317847859
700109389	0.194400316858242	0.335656744257687	0.43723838485351	0	0.323694544627619	0.424810842760285	0.199370871821774	0.412787904393657	0.291311349211149	0.399868329064495	0.348564485985739	0.448171110204308	0.41076377204812	0.360546426950182	0.432352904056905	0.343742078369196	0.408116037861617	0.430213148967752	0.318416456202509	0.218369354956292	0.297039264017727	0.389265713250454	0.219630581864165	0.248306912235254	0.271430318174503	0.274897708070004	0.362832478558731	0.419031351624819	0.344227995699379	0.419580581234376	0.397230397014184	0.391977181444572	0.36117237220924	0.38846880333095	0.25422996715427	0.28415263173832	0.383443755798999	0.433321680883626	0.249552544830341	0.420452504443744	0.278960813705745	0.418587335148155	0.336191145643406	0.322279832255172	0.370901496090056	0.339163070157876	0.341684374340899	0.415004503225665	0.387723176573023	0.436334752725461	0.403187310871617	0.209223091515166	0.132949774137035	0.283361475030526	0.193282574545065	0.408278247255684	0.267791770640547	0.212406868806622	0.394633809201009	0.281741476135139
700023058	0.211922227391339	0.145160510156303	0.279485668620039	0.323694544627619	0	0.220703594815491	0.218891815624342	0.194796204841062	0.166685919163856	0.182830942580497	0.170462091548679	0.292205041965872	0.221814416387787	0.146323929621049	0.263122020279114	0.198455957033208	0.189705716898583	0.227567353656209	0.168106675396608	0.206458502322218	0.214272815459618	0.237705736949074	0.20530822316084	0.187694439261019	0.277458317222939	0.156251627915828	0.150475389309239	0.287873343841271	0.191640412098851	0.214688542380822	0.182563502245316	0.257661701059664	0.200920464979695	0.199150035028663	0.17755296809275	0.208276030779081	0.156526775103823	0.210025583030288	0.16218894850334	0.284950115660521	0.122736421508316	0.243599315660361	0.120186494762848	0.218065788215812	0.184814815909515	0.163322096986971	0.111110900670082	0.228524798310215	0.171864841386796	0.285904230912883	0.265206374673443	0.175044768388606	0.262183312423003	0.174817042073164	0.27137715291765	0.221446573258653	0.212035271058292	0.211148060993081	0.251248488193743	0.211884108318457
700023927	0.321126142536197	0.249534235820221	0.0947885456090166	0.424810842760285	0.220703594815491	0	0.313461949589211	0.150538449886122	0.2533374434736	0.110529448804658	0.129931850697326	0.126423353870342	0.151394894159788	0.148984188324094	0.162753828380905	0.153982530189446	0.13923683535312	0.0888504399678798	0.204986131330127	0.273056938109233	0.216064250844336	0.155688019187319	0.276354791554814	0.273120320504462	0.265988716457481	0.289676072510728	0.190027638040345	0.367957463809141	0.255833004702231	0.204380855304494	0.093847563450352	0.166554856454114	0.134618229344303	0.0941189075374811	0.318263819496224	0.212763716996509	0.214879286429454	0.0950351835722074	0.268038471300087	0.209751693618588	0.215805410454095	0.0908436284888306	0.183060527551984	0.230861121106686	0.184742013091346	0.158226772986923	0.179774223506513	0.11586869940898	0.0918855764096213	0.11399688029931	0.160422501434804	0.303222466238955	0.356172604714257	0.207465520182387	0.373533964663149	0.108316678078815	0.186675662358404	0.296353222554439	0.118087926324303	0.248068417419474
700106341	0.102946125637151	0.267914271644122	0.322505013730753	0.199370871821774	0.218891815624342	0.313461949589211	0	0.316188403448285	0.13599761404464	0.299703487878811	0.234687340208996	0.33272818879686	0.313756441632203	0.255602960184592	0.332565085061133	0.228946635208522	0.309171921145485	0.332627476169199	0.170708966700638	0.110841779701868	0.158918776497073	0.258869607540606	0.149813259364507	0.129574580689525	0.121324987748607	0.233597118364367	0.279634505244861	0.382191855628353	0.292637693173789	0.33945898863184	0.287558569766315	0.216726054065556	0.253881365879584	0.28507839114886	0.206354447168937	0.128670774254715	0.282805153889178	0.328140450676308	0.137439907753017	0.370139579713867	0.172554170973568	0.318118470254969	0.214173129953381	0.159185200754541	0.273670139825323	0.243663041405746	0.224895324042799	0.309782293564553	0.276137761613203	0.317864683444401	0.295388585783311	0.107597323584462	0.111330172891009	0.143992628155683	0.146703602554839	0.302296552654207	0.166485724694837	0.0960200530397083	0.280183575007815	0.105577564983261
700114221	0.325115223637123	0.181529130924978	0.183043708803345	0.412787904393657	0.194796204841062	0.150538449886122	0.316188403448285	0	0.262714650706777	0.0839416624101171	0.191138082106565	0.216479258597984	0.0762243406454908	0.154077927768752	0.13763532987196	0.231488639696689	0.0596822986204979	0.205243739153588	0.259464780232535	0.274740852175731	0.273532771396888	0.248352379975842	0.29436164540284	0.299066685317575	0.345414267100498	0.259603243180631	0.142085531142912	0.291705816166731	0.184859705477169	0.117579768909846	0.13431802339091	0.249166679547125	0.190050748295551	0.123476924568495	0.292488069525972	0.238330443157507	0.20694771393742	0.134824582636027	0.265275386947652	0.138485948487221	0.20044725895342	0.117090061167297	0.220482223349227	0.265592289538856	0.123403622410061	0.156802268723954	0.160818958072059	0.116432901236192	0.17892237480229	0.202510765998211	0.252728645716181	0.289017134029374	0.354912992506789	0.252370020846459	0.391016241948383	0.0922588228008423	0.228599779102888	0.313889135051821	0.206206420324977	0.29234725604043
700023543	0.139446039278366	0.211383855405319	0.276455700727534	0.291311349211149	0.166685919163856	0.2533374434736	0.13599761404464	0.262714650706777	0	0.229377072214801	0.15611021398341	0.294147354964429	0.257472196852068	0.196829231705258	0.291963174793713	0.156986769826677	0.251822718737329	0.258331719473294	0.118898715946356	0.138671073321683	0.157845537293791	0.204521781642218	0.194399663757196	0.114339126019036	0.159071826951164	0.203421421886313	0.203333995128127	0.325052505316662	0.275876886734265	0.280435408745769	0.212813748082012	0.176025515016134	0.195588183094126	0.216820181523671	0.178055032050692	0.136520219686549	0.209121506799638	0.269323547300955	0.0932060987610232	0.330792764100548	0.130707291448152	0.25637690253057	0.150206672995658	0.102964692846658	0.23359488615631	0.204203509039699	0.145894285785519	0.247845055450025	0.217766165104517	0.273276215527037	0.246199388449674	0.115566012990967	0.176938816902643	0.122508100869588	0.190609799842238	0.240121004467212	0.171432424914944	0.112523674262249	0.240184409329255	0.109956855243293
700023439	0.294793600425545	0.168504206883273	0.170246675818364	0.399868329064495	0.182830942580497	0.110529448804658	0.299703487878811	0.0839416624101171	0.229377072214801	0	0.158516549426945	0.205961796186269	0.0796134699119753	0.0958010102185892	0.156558365465486	0.202188685433039	0.0805020446283936	0.149456294267224	0.211606147088872	0.243774049497793	0.246663483988883	0.224479105858537	0.266593585682544	0.250493120997822	0.313165556907401	0.248584744037558	0.121170621215113	0.299473341125487	0.193547142796099	0.136069066244569	0.0917887460419702	0.230708845833142	0.161736715150255	0.0870796418222842	0.276882190520588	0.207485686121648	0.165372048418451	0.112559207429386	0.23924107251549	0.160847284325617	0.174186596418	0.117932776332833	0.170982186672369	0.239214501762797	0.131102716951883	0.142405132987207	0.143477281081673	0.116468968771702	0.117568272955742	0.187509875277768	0.22603773381637	0.264649227641319	0.339580380935896	0.203085246403594	0.355395910753808	0.0932945690797155	0.200410853335614	0.276569203763106	0.182069417149413	0.261295604458031
700016978	0.233515942374229	0.187387001717263	0.152825853294286	0.348564485985739	0.170462091548679	0.129931850697326	0.234687340208996	0.191138082106565	0.15611021398341	0.158516549426945	0	0.167681680368052	0.178985029981434	0.147707822292565	0.226318919426467	0.0973851619775322	0.17539957501496	0.137598431246085	0.14380891307079	0.172743924730891	0.153694224212015	0.101550628970891	0.239637629926201	0.189656972938721	0.185701152825149	0.232051173202741	0.168720505215429	0.314057054657277	0.237863360349297	0.215851026667903	0.117098029623539	0.123193790311487	0.0748936845846255	0.0947699962905479	0.245604501894951	0.132930383984217	0.189862746422083	0.177462157504803	0.174352982702419	0.258157228122247	0.141223845103691	0.131718702448065	0.117987143584124	0.144766114621867	0.157582144767033	0.149570808523969	0.12421804664061	0.147914785352451	0.115620316780206	0.158295179754672	0.141673934920177	0.216690295050837	0.271166926211631	0.147570132231307	0.294634317890654	0.148018010155036	0.14111803621869	0.203392108978707	0.135683856236395	0.179508475797706
700024192	0.365974276702678	0.315387202114323	0.0712624237892756	0.448171110204308	0.292205041965872	0.126423353870342	0.33272818879686	0.216479258597984	0.294147354964429	0.205961796186269	0.167681680368052	0	0.205019853785247	0.237221156743395	0.18598082476196	0.168341726414115	0.204588488370813	0.149057410422702	0.250245640748622	0.298990621309535	0.242896988281611	0.118334880485931	0.336403256958695	0.323800158189633	0.286412518033939	0.345975852865287	0.268247855487906	0.399758802543824	0.304587310924592	0.274679390925255	0.162736152199483	0.174808908722048	0.146325223191843	0.156906516186227	0.375112659238769	0.238086960495596	0.279517414393476	0.176730294732793	0.318317355770549	0.256204808332513	0.26467387095575	0.119063200964951	0.253365284943556	0.256837511292388	0.210171583030316	0.224157903997136	0.240039274443276	0.147172560201067	0.186837302380933	0.0754031757901723	0.108561365811935	0.346765697268752	0.384790599018725	0.258534121337521	0.42038398029436	0.165560582686718	0.23070225436632	0.332418060486451	0.135580254044541	0.282242933797392
700113058	0.327563510066811	0.192520539042924	0.174254580610804	0.41076377204812	0.221814416387787	0.151394894159788	0.313756441632203	0.0762243406454908	0.257472196852068	0.0796134699119753	0.178985029981434	0.205019853785247	0	0.149842763674267	0.148674871287825	0.226778297389211	0.0980897732161168	0.194038529582806	0.255261971216838	0.260732183152357	0.273845317234852	0.2334367172726	0.308664284783297	0.292555234124082	0.331061200392669	0.277995313328279	0.163025126446691	0.292300545977731	0.204313847893228	0.13561676648764	0.133318091246524	0.236706383409352	0.179001261002518	0.114432971160707	0.3125279356869	0.22604716169706	0.209183720048589	0.151713565862464	0.267945376286499	0.157671023807246	0.200031145057445	0.112798259121007	0.221852042373623	0.25347315263609	0.127474762556852	0.179361904969078	0.187063669701644	0.115692369712961	0.17061133797516	0.186450805743476	0.242678322523534	0.289127246007858	0.356596195164353	0.251849559807144	0.395638447544695	0.0791459892582344	0.221893450615393	0.302390712465098	0.19648661587936	0.281687353528584
700099448	0.245251261597622	0.153379165187173	0.215654633046556	0.360546426950182	0.146323929621049	0.148984188324094	0.255602960184592	0.154077927768752	0.196829231705258	0.0958010102185892	0.147707822292565	0.237221156743395	0.149842763674267	0	0.204248416026273	0.186737851686338	0.140799372954856	0.156424641640701	0.16374193028735	0.202243128647914	0.212807956702638	0.217824672944662	0.221612038014803	0.197404696721273	0.272341740569013	0.202047989467484	0.113804506525198	0.294595517623627	0.179148927368544	0.177123019821345	0.11461699667875	0.227509100804131	0.145259594410095	0.117601068088838	0.235603504665903	0.180144482615724	0.140918183431958	0.147520222707067	0.195602602781873	0.223094815292211	0.149244082574923	0.16941910574225	0.135087456181551	0.217076812604257	0.132339146041084	0.132928713363352	0.117961459379388	0.172490053331626	0.102822595947082	0.224415660401326	0.218150812575564	0.220877801737161	0.29777036426219	0.168211011754748	0.29405153937917	0.148921203499549	0.168113044375402	0.234764111125814	0.190553270991604	0.222437093140167
700109870	0.350055034029136	0.274720356788631	0.170787543978338	0.432352904056905	0.263122020279114	0.162753828380905	0.332565085061133	0.13763532987196	0.291963174793713	0.156558365465486	0.226318919426467	0.18598082476196	0.148674871287825	0.204248416026273	0	0.251202989288718	0.128936150263071	0.228725469013175	0.278546514421691	0.302239554428797	0.26262957544542	0.259035792889289	0.305918128201084	0.322425701339292	0.351615645056844	0.318974984428929	0.224952057948538	0.371475470607421	0.238120308813292	0.191569998325362	0.16682151832902	0.262364956089727	0.225181752632416	0.182354719406591	0.354365252797277	0.259586309977878	0.266287520167368	0.13922464214319	0.300792985033696	0.152770842369164	0.254725601929429	0.125224771084548	0.272653438867108	0.284172527981457	0.173713066805018	0.169079004977753	0.216850447312047	0.11498494382853	0.203487584345628	0.182233979545103	0.258186811666162	0.330912932495349	0.367969340465435	0.272441038858776	0.406336108361346	0.123627260641098	0.242468716890616	0.345316881534908	0.203635647267145	0.304216525954581
700033928	0.230976620670642	0.247524044464425	0.148846694084848	0.343742078369196	0.198455957033208	0.153982530189446	0.228946635208522	0.231488639696689	0.156986769826677	0.202188685433039	0.0973851619775322	0.168341726414115	0.226778297389211	0.186737851686338	0.251202989288718	0	0.221469575618614	0.144006724237764	0.144413457051822	0.21016115354994	0.166477940201193	0.094911730898449	0.258161105099141	0.183456658505982	0.197532787336782	0.251359933762748	0.215389903623345	0.341058988912489	0.285275360084557	0.261577668751216	0.157823642758422	0.129994213579727	0.0778653590895108	0.140970972336576	0.261632767422336	0.191507641128175	0.208136402845473	0.202402902351173	0.191251930488925	0.299102404481637	0.16163945619532	0.150459137480919	0.157395590054865	0.176097741478685	0.196017810191463	0.189457378217246	0.154029580779092	0.19518387212558	0.158020735260256	0.149336253653799	0.12030903125714	0.210468956732689	0.267308657035268	0.175947228372615	0.301818414774412	0.188567482819079	0.176306896544022	0.1969613270879	0.123550132727793	0.175990710742757
700023693	0.310510454563582	0.180057686302004	0.184257586173159	0.408116037861617	0.189705716898583	0.13923683535312	0.309171921145485	0.0596822986204979	0.251822718737329	0.0805020446283936	0.17539957501496	0.204588488370813	0.0980897732161168	0.140799372954856	0.128936150263071	0.221469575618614	0	0.189876419373105	0.246201096589789	0.264896329561646	0.242254441317965	0.237426924939469	0.274718746588051	0.285059547273482	0.333238037742228	0.258670532717248	0.133722525957883	0.307223209130348	0.178019290274483	0.138489575541575	0.100931077642981	0.241276534813641	0.177259189079327	0.115076888377035	0.290752471814959	0.223869323612059	0.191954164519215	0.135576814786121	0.249689569338809	0.136866170910934	0.188997300842231	0.123163915031788	0.200376494319456	0.251505719691779	0.119177064555422	0.123410442666854	0.139053175499749	0.098165883107139	0.160108033752627	0.200837753494254	0.243849786153115	0.284976862164477	0.342048512639499	0.236285521958306	0.37717102608628	0.0950904060734596	0.213372479067822	0.307781050646009	0.19975973090606	0.278862696810564
700109627	0.317215771906767	0.267290682389517	0.12491523738609	0.430213148967752	0.227567353656209	0.0888504399678798	0.332627476169199	0.205243739153588	0.258331719473294	0.149456294267224	0.137598431246085	0.149057410422702	0.194038529582806	0.156424641640701	0.228725469013175	0.144006724237764	0.189876419373105	0	0.221337328395115	0.272996301754689	0.254497232254508	0.154831316355864	0.308801272086312	0.260045818157136	0.274712865896552	0.303725988892201	0.199626399198694	0.367106353226265	0.297816069714378	0.241003010707825	0.129382004603029	0.186077753130681	0.134597335761102	0.128642654991401	0.322038539927216	0.231989920450518	0.184039721019956	0.122842590652803	0.270467546097697	0.271239227164762	0.241925294522605	0.135348238251477	0.182273357688157	0.234125019193382	0.227620961407722	0.201962242348588	0.209029445773768	0.185093272927381	0.0994325520327045	0.147597877089655	0.151405336793368	0.310461122556456	0.363919311072949	0.230354211636972	0.356493672668536	0.174064084488541	0.222186789000745	0.29851904073385	0.152001300566832	0.274783729793239
700095416	0.174335070589321	0.227402154343874	0.232769340343886	0.318416456202509	0.168106675396608	0.204986131330127	0.170708966700638	0.259464780232535	0.118898715946356	0.211606147088872	0.14380891307079	0.250245640748622	0.255261971216838	0.16374193028735	0.278546514421691	0.144413457051822	0.246201096589789	0.221337328395115	0	0.166882881791919	0.118493560656012	0.175954631907335	0.18494511372188	0.108104826554312	0.162512791431288	0.200893495431144	0.202236358545157	0.351657813590828	0.255527985063994	0.281696012106398	0.18644521442343	0.159613045752349	0.166212526951225	0.203307183587023	0.204464953140853	0.138254466520082	0.200181476754726	0.225041729195748	0.13193482184423	0.326018853610991	0.119618336111363	0.23846443585819	0.115605723208081	0.14601099486739	0.21161532032028	0.182968551058527	0.134969230456849	0.229192816566462	0.167261675995877	0.233235660295299	0.206513310520422	0.161495475553718	0.231325017791264	0.0968604696719685	0.213009959485661	0.222314621408877	0.146727377942613	0.150868273521846	0.200183852935983	0.125172155045468
700110425	0.114480421298709	0.227630208707234	0.292931297877189	0.218369354956292	0.206458502322218	0.273056938109233	0.110841779701868	0.274740852175731	0.138671073321683	0.243774049497793	0.172743924730891	0.298990621309535	0.260732183152357	0.202243128647914	0.302239554428797	0.21016115354994	0.264896329561646	0.272996301754689	0.166882881791919	0	0.15225697562065	0.226806381594662	0.154939610251033	0.119573459613433	0.123480090165113	0.227288868215148	0.227800427017679	0.332370497729551	0.253945258674453	0.289098384357166	0.230522292680035	0.227240613249668	0.196137443236001	0.225793883049902	0.201732520823213	0.105460466802492	0.232041748007093	0.282999332265179	0.131620253491802	0.332701840038621	0.142234606229497	0.259661329045434	0.167115608274977	0.134397979302176	0.2201240770701	0.216962268534159	0.178130810104624	0.254114470185994	0.232155464289985	0.286621474451413	0.25895479269656	0.110202324868314	0.131079763215445	0.128485227446194	0.173856646048419	0.24560425239661	0.118329124953932	0.0953160274384085	0.255095341797751	0.134992388440681
700111580	0.185648212806169	0.259170247136433	0.23958411910427	0.297039264017727	0.214272815459618	0.216064250844336	0.158918776497073	0.273532771396888	0.157845537293791	0.246663483988883	0.153694224212015	0.242896988281611	0.273845317234852	0.212807956702638	0.26262957544542	0.166477940201193	0.242254441317965	0.254497232254508	0.118493560656012	0.15225697562065	0	0.170113226367096	0.182645847725278	0.144876982992209	0.122464040693835	0.255989859977781	0.265803669784885	0.396794185340059	0.235645511270897	0.307055573082532	0.185862585445272	0.159462124839332	0.178434509003366	0.215626367850098	0.245838376172663	0.129504392139634	0.271761842865909	0.239979339522239	0.169504952299559	0.310668097781321	0.145052310297829	0.238286425878007	0.167765536147834	0.159156237863936	0.193794775794131	0.167648347888988	0.165077474256129	0.208163894045261	0.189013209080812	0.225144522546259	0.215860015547225	0.161792377319741	0.22209156859955	0.0963147847319677	0.243274833190962	0.229037629365247	0.100720013375669	0.143155801104543	0.174463315242667	0.117802436255727
700111302	0.278935830684158	0.260861228441734	0.104722136500607	0.389265713250454	0.237705736949074	0.155688019187319	0.258869607540606	0.248352379975842	0.204521781642218	0.224479105858537	0.101550628970891	0.118334880485931	0.2334367172726	0.217824672944662	0.259035792889289	0.094911730898449	0.237426924939469	0.154831316355864	0.175954631907335	0.226806381594662	0.170113226367096	0	0.282955831618789	0.235042057699234	0.189009566170995	0.302101599758123	0.242247232776978	0.378176056274074	0.311945978407635	0.285452660557669	0.173628488841633	0.102226342345103	0.103566367432345	0.151491930555564	0.309711859418251	0.183632680807168	0.241896139659552	0.216121835213497	0.230303239875424	0.301476931297059	0.208085089212888	0.161341627979772	0.182035639775965	0.186537561392773	0.218512025069297	0.217025311443082	0.189703463332623	0.194128756647894	0.170679417406274	0.0870374859634764	0.0840217069322086	0.260208206240628	0.308473083648172	0.18156618465257	0.340947463437477	0.193382771417433	0.189974612336153	0.245720945541227	0.103099001687824	0.204336330140004
700098605	0.132509971293923	0.212022898497492	0.324335378253994	0.219630581864165	0.20530822316084	0.276354791554814	0.149813259364507	0.29436164540284	0.194399663757196	0.266593585682544	0.239637629926201	0.336403256958695	0.308664284783297	0.221612038014803	0.305918128201084	0.258161105099141	0.274718746588051	0.308801272086312	0.18494511372188	0.154939610251033	0.182645847725278	0.282955831618789	0	0.153883035511767	0.202768720019038	0.210467296749797	0.229705479838209	0.345529385560505	0.242890138710239	0.314964278556079	0.254064142517915	0.2768011670566	0.256764899365909	0.273713440217933	0.207823394826236	0.166031367821267	0.264111979488114	0.285154827521213	0.147114097001345	0.319598185053731	0.175545064203014	0.308851616379327	0.209336608073209	0.212416661694906	0.268907073777948	0.199496176648676	0.19009784476782	0.290614867030558	0.248173234914834	0.325284102881571	0.305804453093644	0.164387964293982	0.151229054484914	0.16239312361428	0.152612388331646	0.288646089779192	0.18335652054542	0.185658028190006	0.284230800706421	0.17067120814544
700111991	0.0936127050306398	0.238359883457105	0.303394962004742	0.248306912235254	0.187694439261019	0.273120320504462	0.129574580689525	0.299066685317575	0.114339126019036	0.250493120997822	0.189656972938721	0.323800158189633	0.292555234124082	0.197404696721273	0.322425701339292	0.183456658505982	0.285059547273482	0.260045818157136	0.108104826554312	0.119573459613433	0.144876982992209	0.235042057699234	0.153883035511767	0	0.155977549218507	0.189818985818016	0.221307131060679	0.343723083483896	0.271561429660071	0.313164312358561	0.242598439206328	0.232137174122684	0.214712354516604	0.251408070239495	0.173099155550925	0.133947673724901	0.213447711405113	0.279428872441243	0.091753758605447	0.362272529643286	0.127032309210145	0.292118253511306	0.152828123549138	0.156534447419972	0.249566244617568	0.211818528896792	0.169819467215335	0.28373002142879	0.223674381457588	0.301708658766918	0.262488502696856	0.0972397049641356	0.168733724394604	0.108688281148566	0.137322896042814	0.276607937624198	0.161022647173139	0.101211609210384	0.260521880139739	0.13685530444595
700108960	0.166571488569542	0.309517516241929	0.271271129519916	0.271430318174503	0.277458317222939	0.265988716457481	0.121324987748607	0.345414267100498	0.159071826951164	0.313165556907401	0.185701152825149	0.286412518033939	0.331061200392669	0.272341740569013	0.351615645056844	0.197532787336782	0.333238037742228	0.274712865896552	0.162512791431288	0.123480090165113	0.122464040693835	0.189009566170995	0.202768720019038	0.155977549218507	0	0.301865962739341	0.309104892772774	0.422038798783064	0.323496044678415	0.360281612785334	0.27079354968604	0.148935233552233	0.212603027931714	0.256554619181131	0.27005080929082	0.134220558010146	0.305543854147132	0.310094106506643	0.178972301614798	0.39930640254107	0.208242560562377	0.282006201200428	0.206998003767983	0.149078210556506	0.288154914546078	0.268785629730061	0.245680605598827	0.298243078640381	0.245008160462031	0.256007053280832	0.238047665234739	0.17087223408124	0.165816572446822	0.135335422774965	0.191582930138275	0.298673192042534	0.148082835279458	0.127282191502094	0.211291658143938	0.112495491248669
700024452	0.193138178129738	0.163760099475483	0.325563505846299	0.274897708070004	0.156251627915828	0.289676072510728	0.233597118364367	0.259603243180631	0.203421421886313	0.248584744037558	0.232051173202741	0.345975852865287	0.277995313328279	0.202047989467484	0.318974984428929	0.251359933762748	0.258670532717248	0.303725988892201	0.200893495431144	0.227288868215148	0.255989859977781	0.302101599758123	0.210467296749797	0.189818985818016	0.301865962739341	0	0.181631321136871	0.259957664307777	0.173759388894831	0.240641325460564	0.267787480739958	0.293738543886678	0.258518631709088	0.255529786582423	0.0801340840354427	0.223645803405318	0.246323337014722	0.295205368640918	0.167578226523111	0.307237063565011	0.165125583883205	0.298007587472168	0.201907597145282	0.255179376566052	0.238664108882847	0.200023252822902	0.177738671510271	0.290988748562105	0.242820711713722	0.325921093706675	0.313499349292687	0.171317603073432	0.238096698635867	0.20280094025939	0.230021506488615	0.284455719755969	0.223663527351606	0.21435521887792	0.285697292024443	0.249748484780034
700032931	0.236434540910633	0.121419574948041	0.240048526730845	0.362832478558731	0.150475389309239	0.190027638040345	0.279634505244861	0.142085531142912	0.203333995128127	0.121170621215113	0.168720505215429	0.268247855487906	0.163025126446691	0.113804506525198	0.224952057948538	0.215389903623345	0.133722525957883	0.199626399198694	0.202236358545157	0.227800427017679	0.265803669784885	0.242247232776978	0.229705479838209	0.221307131060679	0.309104892772774	0.181631321136871	0	0.239992941379028	0.179801306978871	0.163090777909301	0.155577142334931	0.255000238614997	0.193845002972992	0.137433000972874	0.211853082735023	0.207124746836469	0.135769661129178	0.190767974187012	0.192839693316738	0.214994246142002	0.170749013334619	0.195830360728282	0.150350451992423	0.228028289044764	0.174257363752925	0.164538173500526	0.130509979507619	0.188581168715417	0.153999969215189	0.247994502758224	0.260297207248214	0.226295005812691	0.291150486910334	0.201386749218392	0.292393575139418	0.165128342327874	0.228877289132966	0.263009982627021	0.236890610758401	0.265759962543529
700095837	0.336678731679233	0.229904316080065	0.390763986412594	0.419031351624819	0.287873343841271	0.367957463809141	0.382191855628353	0.291705816166731	0.325052505316662	0.299473341125487	0.314057054657277	0.399758802543824	0.292300545977731	0.294595517623627	0.371475470607421	0.341058988912489	0.307223209130348	0.367106353226265	0.351657813590828	0.332370497729551	0.396794185340059	0.378176056274074	0.345529385560505	0.343723083483896	0.422038798783064	0.259957664307777	0.239992941379028	0	0.229121625512126	0.212667115621099	0.320736382813817	0.396628925630499	0.32972302229039	0.292186134810104	0.270856429793488	0.345600812273525	0.290900884770201	0.366989957054847	0.300406734896911	0.348596165436823	0.294363777913051	0.348363603606474	0.314138798028192	0.349536557364735	0.2887611497045	0.321639313016076	0.285201782919585	0.348990120200974	0.340654223586929	0.400700472239054	0.382588205116403	0.331300137662679	0.371020247841176	0.351915237410097	0.386782793779459	0.329102985552918	0.368305791928382	0.358943024770349	0.388780708706008	0.382749382568377
700024548	0.264102035403921	0.156869414439185	0.303225645920939	0.344227995699379	0.191640412098851	0.255833004702231	0.292637693173789	0.184859705477169	0.275876886734265	0.193547142796099	0.237863360349297	0.304587310924592	0.204313847893228	0.179148927368544	0.238120308813292	0.285275360084557	0.178019290274483	0.297816069714378	0.255527985063994	0.253945258674453	0.235645511270897	0.311945978407635	0.242890138710239	0.271561429660071	0.323496044678415	0.173759388894831	0.179801306978871	0.229121625512126	0	0.163838677054554	0.210527768856437	0.315378411655431	0.244747450091334	0.209704854143871	0.205387823222019	0.233165662272736	0.260906596011359	0.248059781002414	0.238249358854903	0.213996959842902	0.193572361980204	0.24709747277172	0.22728401341001	0.295388944962443	0.129163068739838	0.136087292317041	0.182419139566626	0.216895286033417	0.236195592239838	0.314496048150165	0.31404692381387	0.245732297941179	0.295199911667483	0.223637886310008	0.312920566846989	0.233234070880118	0.218592462161161	0.280887578350316	0.272860360885682	0.295113977813439
700110161	0.337473613604547	0.196041466732262	0.229519492606691	0.419580581234376	0.214688542380822	0.204380855304494	0.33945898863184	0.117579768909846	0.280435408745769	0.136069066244569	0.215851026667903	0.274679390925255	0.13561676648764	0.177123019821345	0.191569998325362	0.261577668751216	0.138489575541575	0.241003010707825	0.281696012106398	0.289098384357166	0.307055573082532	0.285452660557669	0.314964278556079	0.313164312358561	0.360281612785334	0.240641325460564	0.163090777909301	0.212667115621099	0.163838677054554	0	0.188209165126452	0.291057720173108	0.2261240547081	0.159928815812871	0.271357534252399	0.265446997498563	0.221455017604189	0.187882013406111	0.283396860516564	0.213781751329673	0.231767798945578	0.173519355239972	0.230768787847516	0.284226784709394	0.174977740477766	0.19758472215089	0.20218346329492	0.185636562607604	0.200445314283897	0.245750344168872	0.290210307616793	0.297914149783031	0.370240850820113	0.265420516711724	0.39999077238055	0.163230492770531	0.254694713102002	0.322272397491628	0.250650732786268	0.314959477783922
700023496	0.287220537913252	0.18839440956459	0.160846668207157	0.397230397014184	0.182563502245316	0.093847563450352	0.287558569766315	0.13431802339091	0.212813748082012	0.0917887460419702	0.117098029623539	0.162736152199483	0.133318091246524	0.11461699667875	0.16682151832902	0.157823642758422	0.100931077642981	0.129382004603029	0.18644521442343	0.230522292680035	0.185862585445272	0.173628488841633	0.254064142517915	0.242598439206328	0.27079354968604	0.267787480739958	0.155577142334931	0.320736382813817	0.210527768856437	0.188209165126452	0	0.185758123647268	0.115970716266582	0.083396313843903	0.285916230259693	0.196353194114356	0.168746503432671	0.1084325134421	0.230627318170278	0.188703598985124	0.169047577772021	0.117232733342153	0.145063801889825	0.203368477553108	0.126648329108643	0.126763691313135	0.125855057144689	0.0931118233220365	0.101408217216514	0.170672650445349	0.184977467790271	0.263337933709176	0.332951190092349	0.189652191416058	0.352525384131658	0.0922560910305519	0.174729708605579	0.258196643533236	0.170908409801725	0.225218039795444
700034628	0.269507188315163	0.273553228338729	0.158432413179869	0.391977181444572	0.257661701059664	0.166554856454114	0.216726054065556	0.249166679547125	0.176025515016134	0.230708845833142	0.123193790311487	0.174808908722048	0.236706383409352	0.227509100804131	0.262364956089727	0.129994213579727	0.241276534813641	0.186077753130681	0.159613045752349	0.227240613249668	0.159462124839332	0.102226342345103	0.2768011670566	0.232137174122684	0.148935233552233	0.293738543886678	0.255000238614997	0.396628925630499	0.315378411655431	0.291057720173108	0.185758123647268	0	0.138247592744298	0.162227636787215	0.29348485778275	0.158863483524115	0.271220221266417	0.222021330308738	0.230188869686563	0.305154917212384	0.215169563302203	0.171885903872228	0.199758456692865	0.149873929910506	0.230374847123112	0.222057046062574	0.202945318494788	0.198643104121443	0.184145306337384	0.144733845544891	0.166761964781483	0.253886976035403	0.288958067028793	0.174393629892033	0.319667466056916	0.194893160610469	0.181288723354663	0.22252321118989	0.120893228960593	0.156096318419704
700023645	0.258713158228017	0.213316394255963	0.136675388647165	0.36117237220924	0.200920464979695	0.134618229344303	0.253881365879584	0.190050748295551	0.195588183094126	0.161736715150255	0.0748936845846255	0.146325223191843	0.179001261002518	0.145259594410095	0.225181752632416	0.0778653590895108	0.177259189079327	0.134597335761102	0.166212526951225	0.196137443236001	0.178434509003366	0.103566367432345	0.256764899365909	0.214712354516604	0.212603027931714	0.258518631709088	0.193845002972992	0.32972302229039	0.244747450091334	0.2261240547081	0.115970716266582	0.138247592744298	0	0.0977186221476711	0.27641449732315	0.166434712732695	0.196471246852187	0.178644853059396	0.206537546077335	0.253395227617217	0.157236671836312	0.118217769252071	0.139302012302126	0.181644615917686	0.145082654418928	0.159351560577132	0.145147887272785	0.148479164093225	0.135736648685447	0.141227682306786	0.112401704305358	0.239627694222281	0.296045928969842	0.181720803425293	0.324396537031938	0.141022330720012	0.159753641553378	0.225387733337599	0.118284347029235	0.200532776959589
700038744	0.290440681234167	0.181378633024344	0.131934717590155	0.38846880333095	0.199150035028663	0.0941189075374811	0.28507839114886	0.123476924568495	0.216820181523671	0.0870796418222842	0.0947699962905479	0.156906516186227	0.114432971160707	0.117601068088838	0.182354719406591	0.140970972336576	0.115076888377035	0.128642654991401	0.203307183587023	0.225793883049902	0.215626367850098	0.151491930555564	0.273713440217933	0.251408070239495	0.256554619181131	0.255529786582423	0.137433000972874	0.292186134810104	0.209704854143871	0.159928815812871	0.083396313843903	0.162227636787215	0.0977186221476711	0	0.283524528619818	0.18582302600485	0.175498501909068	0.131966359277032	0.232349552545577	0.194233957766245	0.1742608713423	0.0883939504984296	0.161582942963073	0.206470243822748	0.135653495295237	0.151698332100487	0.151533166887005	0.11083687889251	0.103782838557703	0.147077739176997	0.16692898186545	0.261690787973041	0.326298786993761	0.198858954768027	0.354926637622219	0.0999012296725647	0.179490373250138	0.255472919837644	0.142158612805085	0.2316508801204
700038485	0.15999112749552	0.175663047520316	0.352931695575643	0.25422996715427	0.17755296809275	0.318263819496224	0.206354447168937	0.292488069525972	0.178055032050692	0.276882190520588	0.245604501894951	0.375112659238769	0.3125279356869	0.235603504665903	0.354365252797277	0.261632767422336	0.290752471814959	0.322038539927216	0.204464953140853	0.201732520823213	0.245838376172663	0.309711859418251	0.207823394826236	0.173099155550925	0.27005080929082	0.0801340840354427	0.211853082735023	0.270856429793488	0.205387823222019	0.271357534252399	0.285916230259693	0.29348485778275	0.27641449732315	0.283524528619818	0	0.205211058218974	0.259789091145369	0.327440320264017	0.140342556260399	0.339848034903363	0.186745927919156	0.331940278470986	0.216503366012553	0.230963048585353	0.268069645919773	0.227363904056644	0.203376334750142	0.324935030127367	0.273188172173161	0.356271781195724	0.324357154454412	0.142714159627658	0.196027099764409	0.180237920007587	0.200663303809924	0.316523314495821	0.229593853685697	0.181678443546865	0.312697178356839	0.22656809971915
700024743	0.159278757166448	0.2090448906885	0.229534135154806	0.28415263173832	0.208276030779081	0.212763716996509	0.128670774254715	0.238330443157507	0.136520219686549	0.207485686121648	0.132930383984217	0.238086960495596	0.22604716169706	0.180144482615724	0.259586309977878	0.191507641128175	0.223869323612059	0.231989920450518	0.138254466520082	0.105460466802492	0.129504392139634	0.183632680807168	0.166031367821267	0.133947673724901	0.134220558010146	0.223645803405318	0.207124746836469	0.345600812273525	0.233165662272736	0.265446997498563	0.196353194114356	0.158863483524115	0.166434712732695	0.18582302600485	0.205211058218974	0	0.235961154345393	0.23348168342642	0.132102345353701	0.297582067085637	0.13977276236215	0.222889785981412	0.158485510145116	0.099506121184677	0.191386555896056	0.172603360600917	0.162731655145659	0.209840490390773	0.174162775355649	0.229928684319189	0.218036754338118	0.15659561293962	0.185117088441772	0.0970408948865276	0.210237309477621	0.208778119054098	0.110184898020497	0.129326931663144	0.196540362360691	0.105233674322839
