700108602	700014971	700033565	700109389	700023058	700023927	700106341	700114221	700023543	700023439	700016978	700024192	700113058	700099448	700109870	700033928	700023693	700109627	700095416	700110425	700111580	700111302	700098605	700111991	700108960	700024452	700032931	700095837	700024548	700110161	700023496	700034628	700023645	700038744	700038485	700024743	700099596	700110760	700101587	700106399	700032322	700095653	700021312	700101230	700023590	700038905	700033136	700023382	700096424	700105469	700016908	700096053	700108479	700109569	700033814	700016125	700109756	700102665	700101777	700109455
700108602	0	0.14420271710022	0.152930519607621	0.0939387838430682	0.127737366580838	0.160586003460554	0.0865949540769678	0.181332681579528	0.102466196719817	0.160037697066412	0.120342423809365	0.151060011716086	0.154240648536918	0.147934754712175	0.152628675633595	0.105372724741724	0.17020189578593	0.160459503524773	0.0917959787982376	0.092061769919185	0.0914961221487584	0.10861236305445	0.110978923616008	0.0705905960545099	0.0968920701331044	0.110358902962104	0.149308021546525	0.130902284044537	0.144461388527649	0.16457604534571	0.161621244711268	0.132444659111026	0.116241749457497	0.140344498872973	0.116436338998962	0.116180676133048	0.140396721985429	0.166552901481333	0.0881037814709391	0.173915138487896	0.0896709602511851	0.153819311128579	0.133878300401731	0.120197598097191	0.139007339164216	0.128410450655727	0.12363974639778	0.15023896754991	0.135063337508831	0.128270882388081	0.123656371460135	0.0941729369649657	0.0964252372142958	0.0993214284522282	0.0861008762144738	0.148163882818993	0.102619232575898	0.0844137226528408	0.128998578455528	0.104141310418076
700014971	0.14420271710022	0	0.147012339503563	0.153258524351791	0.13392206926961	0.143779586056679	0.163702230971082	0.137324774471003	0.143183778137396	0.134156617392421	0.1289442653685	0.155043583871638	0.141362123426969	0.11662258262449	0.147786297637423	0.148428228065643	0.130662956292665	0.149152140189102	0.149017884697376	0.14547237865202	0.137715844017481	0.131144513372844	0.122644073449323	0.148861262206905	0.154676696646282	0.139978055506606	0.105591006166104	0.139530573962753	0.128936536649281	0.143767418269479	0.131510572068381	0.148213620471782	0.114681247706506	0.126196100658452	0.125156631417664	0.129699576542308	0.143498830289503	0.157106544158578	0.139572134944157	0.148039215890205	0.135079242661753	0.141941980758798	0.13751034894034	0.147641117022089	0.129324744961386	0.12349474243026	0.107967260395056	0.139335162649859	0.127780772768482	0.133159712765485	0.141868199635667	0.153700241580307	0.143784737756111	0.126381646957536	0.151409566631528	0.142103205710258	0.142777437648343	0.143788432266144	0.133670999677117	0.148619722623363
700033565	0.152930519607621	0.147012339503563	0	0.142384912617163	0.16135566768968	0.0756362472781795	0.144186572374109	0.104182836772657	0.151594128223689	0.0916742286244304	0.0983309100183272	0.0512933351712882	0.0989560199203353	0.126259763883569	0.0834366200075112	0.118709319107374	0.104275940660087	0.101818082191434	0.140141216907757	0.13643296768104	0.131725769160486	0.0891449993732	0.13020837846501	0.14885604907613	0.126226878297407	0.156326814537606	0.131677360059045	0.137813054078027	0.116681796772376	0.102713279735242	0.104565233022751	0.0996112571946417	0.110615366263735	0.0916122138604371	0.150455468064448	0.103197776040986	0.131528241492273	0.0809798693990169	0.155449033615478	0.108415873670598	0.138733290217543	0.0782552754014127	0.126471674296768	0.120573112531023	0.0996674092861966	0.119019964603381	0.135174432471876	0.0827286514232894	0.0977026186564857	0.0683634371732158	0.0703098626535343	0.160977176866229	0.143698579177344	0.116070297034567	0.16708008761128	0.106748765829247	0.117308924667838	0.147749099603593	0.0877247493215121	0.131653123392835
700109389	0.0939387838430682	0.153258524351791	0.142384912617163	0	0.144558327388146	0.170817569189205	0.0879189826686406	0.178577995745693	0.133535878957286	0.168188826828807	0.14315763970665	0.145888864656234	0.171031606757262	0.158057092570193	0.152510912506331	0.135823812019577	0.185219392968776	0.185298696834288	0.134757521920687	0.0918886045740042	0.104673488545354	0.134911548901176	0.0996851404207676	0.119228400703618	0.100520825436169	0.116889501889176	0.171733215510471	0.148264129806673	0.131550981645701	0.158541746274944	0.170128848006309	0.139745281799698	0.138546691245202	0.155014001529243	0.117046565172857	0.111577830058385	0.178753750298633	0.163723808799708	0.124438040555409	0.167496642365599	0.122055567483458	0.15930385504519	0.146296080074042	0.123474961228994	0.148446953219681	0.139081902650732	0.139444099533964	0.155331863137013	0.15071290685077	0.135854127287131	0.120069452317001	0.104694567026781	0.0651563744510273	0.131372582936303	0.0961971516322156	0.167263814225195	0.105534458883802	0.0891954529481625	0.123014087146608	0.0982027569437096
700023058	0.127737366580838	0.13392206926961	0.16135566768968	0.144558327388146	0	0.155912620365293	0.12988707516035	0.168643519103509	0.123664360994281	0.154336499626493	0.137253330980935	0.161152954701393	0.161240548376884	0.135385918036081	0.157018708610019	0.141558654715699	0.158021732243595	0.167624500919952	0.13830248343184	0.136102689067875	0.133319294760838	0.141800654449869	0.131877820065809	0.141133910505837	0.144186475518973	0.115704465978139	0.148123404263865	0.138570171398633	0.132754182836051	0.144532944503431	0.160647173155874	0.158694643486609	0.133596356221018	0.144218439391532	0.121547658912834	0.142701661333633	0.13198637758544	0.153640210722346	0.116779527308295	0.167543843619503	0.128087033992483	0.14939621179558	0.133776539249275	0.147601600705577	0.133563342064295	0.125716282195297	0.13428973140586	0.155256157704534	0.140193755955483	0.149590545517222	0.141158250649243	0.133526350415718	0.130247347582849	0.135890841904807	0.14095011582275	0.163171576020453	0.134788502074229	0.137746788843459	0.146021750430862	0.136430476875082
700023927	0.160586003460554	0.143779586056679	0.0756362472781795	0.170817569189205	0.155912620365293	0	0.161298354592601	0.105762808659164	0.159635499082984	0.0884485772578195	0.102935813356503	0.090083429849915	0.108831687891543	0.101447339125599	0.0856541767641952	0.132226667810966	0.0871309750796116	0.0792450813659599	0.149850369561996	0.150105657013874	0.143253556983339	0.114923264102042	0.14246616623718	0.155805606252355	0.139946151383929	0.164921533533137	0.135195918406917	0.15585705704161	0.120605805890036	0.0974522259587227	0.0848028325055776	0.124014917863274	0.120428035653894	0.0863122521325425	0.157038823630818	0.127591588258981	0.122780223670243	0.0678720846481475	0.162684526885823	0.111063910039228	0.146820555359843	0.0871254327482413	0.11405765753765	0.134739587361085	0.105213123510794	0.110698829969932	0.143381864410544	0.0856750305769108	0.0755944049288409	0.0901684632444355	0.100454607503344	0.173857732824713	0.163212030820129	0.120930873644079	0.177784046362108	0.110353413442014	0.127342420839893	0.159668104589246	0.107468830464534	0.146413207112724
700106341	0.0865949540769678	0.163702230971082	0.144186572374109	0.0879189826686406	0.12988707516035	0.161298354592601	0	0.182629795111347	0.0770757938593854	0.167869802782351	0.125902806706663	0.136175864382106	0.165024490994127	0.14914901049188	0.147023234367738	0.114037338995195	0.178704129017255	0.177873203182332	0.10693740460847	0.0798464227603826	0.0860065063505685	0.106070483522109	0.109506632174558	0.108858425949293	0.0728927847948712	0.120002251197636	0.173667646428402	0.152507233617513	0.149143230085256	0.158241191511304	0.165178639758685	0.0938652971120198	0.125962232672799	0.150381389471271	0.129228861091158	0.0903357951029822	0.164195644000156	0.165793495663288	0.0963491175657304	0.174243453307405	0.124659913226558	0.154181981463958	0.126446539012178	0.0886146738690641	0.141893520998898	0.140672934478503	0.139311754688362	0.14254510152107	0.142033783211251	0.121425814275517	0.117135450481105	0.0651952881703484	0.0817672360951101	0.110847493038161	0.105214310147921	0.158091195566064	0.0937377917907076	0.0685850612367356	0.114684356762443	0.0727644914549612
700114221	0.181332681579528	0.137324774471003	0.104182836772657	0.178577995745693	0.168643519103509	0.105762808659164	0.182629795111347	0	0.17621041929855	0.0868035081866041	0.133533133295875	0.11342398624683	0.0992566517736843	0.141471421146103	0.103568394120361	0.157145110760672	0.0747863206058318	0.130594998730712	0.16901630392112	0.173260425134514	0.162544750866238	0.138000442918454	0.166685638072871	0.183650490837005	0.176178943887127	0.180078965970055	0.141119017796464	0.14799738226656	0.117097118200566	0.120052793879778	0.115177352040682	0.146064848988265	0.123705863922427	0.115401764913126	0.166146669124756	0.126767433621961	0.151356543233249	0.108420004633794	0.179670712103919	0.0905911094974948	0.148280187920414	0.0884754369962392	0.150343444855251	0.157244585066174	0.10395111999281	0.124021328163623	0.137374216497472	0.0916558690051253	0.132269690658291	0.113256394569528	0.12900675978103	0.192220721183864	0.173866344755811	0.139396039992147	0.198594414718667	0.103988473583287	0.149720852615987	0.186337587692678	0.129681467660759	0.168507797674863
700023543	0.102466196719817	0.143183778137396	0.151594128223689	0.133535878957286	0.123664360994281	0.159635499082984	0.0770757938593854	0.17621041929855	0	0.154742497200344	0.121490431795163	0.150623736581237	0.158524939552289	0.144039947258706	0.152904706141944	0.0989088505654641	0.168072417938189	0.16685583018362	0.0990153288958083	0.103248646287619	0.101474108499773	0.109261705936691	0.113950959004851	0.101342390284315	0.111231772776622	0.118444823462112	0.147611189973468	0.121407604761482	0.164743720960907	0.154278892799013	0.159724079245417	0.100488865321155	0.115084316708445	0.145365887213442	0.118287761165122	0.121765800701739	0.138913043104885	0.167896950284416	0.0867669042389142	0.176314554448078	0.11846674963896	0.155769409934297	0.128646501147952	0.0972181872370712	0.143537059992494	0.133708957509245	0.118178620176097	0.150204712014117	0.143385685874394	0.127486171722233	0.122161683407565	0.0787998423722405	0.107534433731891	0.114834310547497	0.117656373502074	0.155555436592095	0.119104451106902	0.0913220221316642	0.130806082985291	0.0868999199300164
700023439	0.160037697066412	0.134156617392421	0.0916742286244304	0.168188826828807	0.154336499626493	0.0884485772578195	0.167869802782351	0.0868035081866041	0.154742497200344	0	0.114149799908894	0.100796447297212	0.081731743007048	0.121388670505124	0.0929625991632293	0.142348998783573	0.0781439509201138	0.115524844669582	0.153299366710188	0.153545845794835	0.138406546814872	0.116817443229079	0.1451149865928	0.152284620541057	0.155453180930484	0.167456548897284	0.128282322148795	0.13806608880095	0.110399125553768	0.09630098472292	0.105835546923701	0.134368272508874	0.107452100633026	0.0861967361159803	0.156280575069539	0.123875593968141	0.133060774576491	0.0958422670487761	0.160192529767486	0.0872442752644835	0.134673802138707	0.0786842293692771	0.142882176343627	0.144785277498042	0.0943652047646398	0.104157561223751	0.129658114601575	0.080022711801374	0.10545076074453	0.103695761765849	0.110828027220512	0.172464652254505	0.161934426057884	0.121086197758921	0.173908105894441	0.0939283659800054	0.129101346801512	0.162733591867107	0.10591550197132	0.148913965509729
700016978	0.120342423809365	0.1289442653685	0.0983309100183272	0.14315763970665	0.137253330980935	0.102935813356503	0.125902806706663	0.133533133295875	0.121490431795163	0.114149799908894	0	0.104565124224576	0.112513337536914	0.120390832521068	0.126994492437643	0.10838411126022	0.109353949077801	0.109291905945292	0.120339994135053	0.114808555189704	0.109387607468813	0.0775440473215418	0.124429675366925	0.120124029545027	0.10714283482099	0.153833777323671	0.128708384815821	0.120209368435079	0.129728845612322	0.11480029592764	0.0919260220012879	0.0979166833019282	0.089519047927096	0.0798321315587485	0.141372947587353	0.100759111095564	0.107727832743789	0.118124652871611	0.120774348902613	0.141049810973445	0.112854039425566	0.101388456027217	0.0931068260671083	0.108739991610401	0.104547650019578	0.116848850069255	0.125374135915459	0.108463572351421	0.0970578819284904	0.0957622764432993	0.093530976869528	0.135354898340168	0.133667978121547	0.0834623778067609	0.140616812788253	0.112779362239931	0.105760288668111	0.124066703941215	0.102404459356017	0.122810143494812
700024192	0.151060011716086	0.155043583871638	0.0512933351712882	0.145888864656234	0.161152954701393	0.090083429849915	0.136175864382106	0.11342398624683	0.150623736581237	0.100796447297212	0.104565124224576	0	0.090618069894354	0.139863667008555	0.0886621188836911	0.116783973734911	0.117061710326265	0.121261775517545	0.134848761364586	0.134078501265619	0.129494711490619	0.0844702811173968	0.136142115364228	0.160148190587769	0.122745146437433	0.153310888679571	0.13797036296135	0.136252570911924	0.118885090213688	0.11471800022423	0.107183808044299	0.089273295837568	0.106507218047347	0.0886739612450439	0.155265739789242	0.10270655166688	0.139933769493081	0.0862030845438613	0.155779586073202	0.0992504739877506	0.136981484175262	0.0673843737672463	0.138174454454615	0.113594170461015	0.0944550556978955	0.121321051990488	0.140306081610228	0.0729301482288482	0.116938379267063	0.0680778264279444	0.0690529167704864	0.161261907356481	0.145387761779024	0.121802933320783	0.172936949926209	0.100009828836882	0.115977971472096	0.147223573165059	0.0879601867518562	0.128628237253406
700113058	0.154240648536918	0.141362123426969	0.0989560199203353	0.171031606757262	0.161240548376884	0.108831687891543	0.165024490994127	0.0992566517736843	0.158524939552289	0.081731743007048	0.112513337536914	0.090618069894354	0	0.13107391105438	0.0910950089234698	0.137374775994671	0.102047284308853	0.124632313160466	0.153506579808648	0.150650109476158	0.145883936585569	0.107890978494369	0.156840698924524	0.167157180092588	0.154994828572647	0.170084818877242	0.132255528639808	0.121753569450773	0.111513143145467	0.10312575444085	0.0983816154802704	0.118286847573005	0.115291543932669	0.0892409971963105	0.164452052243517	0.126128354476456	0.135535608945297	0.113778772177592	0.158273899928013	0.0984176828558301	0.135119529798122	0.0699110381099717	0.147560472154841	0.139848693663884	0.0963525408926618	0.116851022249274	0.141312783824183	0.0839363976110754	0.116772104226932	0.0958581557289405	0.108537086678537	0.168952940260371	0.166463172915689	0.135753860920269	0.186913496248458	0.0806491105449075	0.130977008379436	0.171979831058873	0.111317038590606	0.148481088109666
700099448	0.147934754712175	0.11662258262449	0.126259763883569	0.158057092570193	0.135385918036081	0.101447339125599	0.14914901049188	0.141471421146103	0.144039947258706	0.121388670505124	0.120390832521068	0.139863667008555	0.13107391105438	0	0.121210635665904	0.140308886133701	0.121417607742983	0.112840126087388	0.142112739661649	0.137635764277098	0.131724703010266	0.129384532157752	0.114802301462047	0.140910387733145	0.146362663831426	0.135721495066169	0.121815316930185	0.144135090566615	0.122132247812558	0.0928781597043073	0.109778779863324	0.13785163561014	0.123926340838158	0.104157944698384	0.130406346638355	0.128468413253412	0.125700529589241	0.120029462360241	0.150502327623701	0.144196740871083	0.1497243323687	0.125945538590907	0.126811756990676	0.141428986793764	0.117877630847556	0.120917517298552	0.136771857287445	0.123442434844781	0.0779184931853852	0.120467967037185	0.128474445836967	0.144584492913524	0.150435030164048	0.128429035906545	0.151542446138771	0.137713332593844	0.12426424585839	0.141922570103493	0.110405635514383	0.13495733661048
700109870	0.152628675633595	0.147786297637423	0.0834366200075112	0.152510912506331	0.157018708610019	0.0856541767641952	0.147023234367738	0.103568394120361	0.152904706141944	0.0929625991632293	0.126994492437643	0.0886621188836911	0.0910950089234698	0.121210635665904	0	0.136567160162764	0.101067665629671	0.125055511288348	0.146324230809511	0.134612811940514	0.127837801198878	0.109083721633959	0.135227072303665	0.157379649549534	0.135661551283538	0.157971215978114	0.14025021926496	0.145595627618158	0.108073993873764	0.0936885939893242	0.125633326593108	0.112972541812854	0.13137105678911	0.117314700292316	0.158626922571016	0.117711694413477	0.145572674568417	0.083084372272739	0.161091761543748	0.0973802720831916	0.148541691863557	0.0864085448811757	0.144463057642007	0.123716040173167	0.100563195669815	0.112249206810405	0.141154328778795	0.085653496048095	0.104007535294052	0.0833772673852061	0.103528771565709	0.1606644461873	0.147824921323306	0.129938938409702	0.171699524888161	0.0968993856270964	0.111891500277235	0.153313162678981	0.0966707718564505	0.133319032270556
700033928	0.105372724741724	0.148428228065643	0.118709319107374	0.135823812019577	0.141558654715699	0.132226667810966	0.114037338995195	0.157145110760672	0.0989088505654641	0.142348998783573	0.10838411126022	0.116783973734911	0.137374775994671	0.140308886133701	0.136567160162764	0	0.148103512321986	0.129523173364761	0.10056937475327	0.116261803907688	0.105237034985733	0.094585132549056	0.127491947881643	0.0980386946120667	0.109058428791382	0.133822933611314	0.142086640228943	0.106778165089365	0.144959784111905	0.142091064872198	0.128317463304998	0.105941514508302	0.103000224371469	0.126346771357037	0.131866165377326	0.125915577919606	0.119392635404261	0.146111530686853	0.100703890328062	0.160699756235223	0.103899538461638	0.118225367958437	0.122182384946366	0.116786432803815	0.119716240562679	0.126150187580131	0.119241430024707	0.126933828797823	0.127025337230575	0.10507417520214	0.0976428138822251	0.112997521185584	0.120584652733871	0.116014042937572	0.132563847937682	0.130869789348646	0.11579083575294	0.102765097987635	0.113738669000434	0.108597751388862
700023693	0.17020189578593	0.130662956292665	0.104275940660087	0.185219392968776	0.158021732243595	0.0871309750796116	0.178704129017255	0.0747863206058318	0.168072417938189	0.0781439509201138	0.109353949077801	0.117061710326265	0.102047284308853	0.121417607742983	0.101067665629671	0.148103512321986	0	0.111529341003251	0.164730080855236	0.162586599554359	0.153561287067267	0.132304339959964	0.157870240816436	0.169638134616022	0.166192312602489	0.179015843837786	0.131545650074437	0.146955174958651	0.11843179062175	0.10682093754858	0.100610333262097	0.139693395740473	0.125048161319534	0.0990898555238468	0.162959020402814	0.125003568106683	0.127803156760628	0.110227362900152	0.172513155747069	0.103746843600868	0.142557743802858	0.0989231271404104	0.127844961336193	0.153719264878159	0.106967818809857	0.121006197303125	0.134562442976255	0.0992380934420241	0.103538770840533	0.104985820245043	0.126232991276502	0.182842785351466	0.174132169946834	0.124106504522121	0.193106494645903	0.106958936659977	0.13894429664723	0.180490686621057	0.12969599530969	0.161661184713079
700109627	0.160459503524773	0.149152140189102	0.101818082191434	0.185298696834288	0.167624500919952	0.0792450813659599	0.177873203182332	0.130594998730712	0.16685583018362	0.115524844669582	0.109291905945292	0.121261775517545	0.124632313160466	0.112840126087388	0.125055511288348	0.129523173364761	0.111529341003251	0	0.152843760950286	0.162225657553702	0.156855173127284	0.123610863741023	0.157316285140186	0.150794342472858	0.16041580868952	0.170001319387414	0.135585846227152	0.148764160507661	0.151205518569673	0.122838658681755	0.100952024141767	0.135323335490803	0.123783428957206	0.109132782122884	0.161766901136505	0.145702906247637	0.107182825322226	0.0987508211939871	0.168299984005379	0.145873130586496	0.147047503640718	0.110807933100492	0.116470182322646	0.14758177831217	0.13516297892123	0.136259606560962	0.149071469288154	0.129380747729464	0.0962162971932643	0.11723158715211	0.114787021570111	0.183613038294669	0.177544453802383	0.130889513029315	0.179249448519601	0.130147388231476	0.15547302067593	0.172784124179013	0.131277593367688	0.166383403568066
700095416	0.0917959787982376	0.149017884697376	0.140141216907757	0.134757521920687	0.13830248343184	0.149850369561996	0.10693740460847	0.16901630392112	0.0990153288958083	0.153299366710188	0.120339994135053	0.134848761364586	0.153506579808648	0.142112739661649	0.146324230809511	0.10056937475327	0.164730080855236	0.152843760950286	0	0.109816747391147	0.0980078511287922	0.11013445798428	0.112215914760618	0.0921104934142597	0.112952817419466	0.115158778853611	0.142028672098496	0.138092477236624	0.144926441238877	0.150729821579459	0.149341884840921	0.108880836295086	0.112624058944438	0.146637482764393	0.124176803644545	0.121030727964894	0.121415127870118	0.153204114067504	0.0983695500326058	0.170221469106707	0.104164902158193	0.142241549597051	0.112565757711859	0.119543633197568	0.129646550484052	0.116271080178806	0.106314268828926	0.145901159884857	0.12601349682616	0.123384740639865	0.12027487970347	0.109095868763482	0.127407858513679	0.106719505095144	0.104409559092837	0.146314732774682	0.108997975695507	0.10375474004087	0.121691415288626	0.115504865291732
700110425	0.092061769919185	0.14547237865202	0.13643296768104	0.0918886045740042	0.136102689067875	0.150105657013874	0.0798464227603826	0.173260425134514	0.103248646287619	0.153545845794835	0.114808555189704	0.134078501265619	0.150650109476158	0.137635764277098	0.134612811940514	0.116261803907688	0.162586599554359	0.162225657553702	0.109816747391147	0	0.0734840770076533	0.0995469460941382	0.0933847742916113	0.107031462515747	0.0622399470076871	0.13134397807742	0.150825850971081	0.132265754560609	0.138876599436591	0.137256874893446	0.156389171099454	0.105548059362282	0.117154337314883	0.136319725922293	0.12760466583382	0.0885997113589719	0.152229446716159	0.157596765816745	0.111699624525405	0.164082897738554	0.118929334673351	0.13630734862872	0.125933914532198	0.0831588786585781	0.12581183734759	0.129446428838703	0.128477298018316	0.132003420123115	0.123712486132861	0.110484243031117	0.111157028729933	0.0781836589468486	0.065828940059037	0.107084072700552	0.106561100244924	0.147201979091781	0.0667209322859655	0.075154501892147	0.0980101658804348	0.074892763944412
700111580	0.0914961221487584	0.137715844017481	0.131725769160486	0.104673488545354	0.133319294760838	0.143253556983339	0.0860065063505685	0.162544750866238	0.101474108499773	0.138406546814872	0.109387607468813	0.129494711490619	0.145883936585569	0.131724703010266	0.127837801198878	0.105237034985733	0.153561287067267	0.156855173127284	0.0980078511287922	0.0734840770076533	0	0.0903798473607537	0.0975276195573097	0.0991326264761534	0.0696343948233391	0.13768848639218	0.150240866119145	0.142482887709517	0.130607072525363	0.146412818611263	0.148992420890636	0.0972606109593827	0.104309901721012	0.131312168253892	0.135163327778892	0.0939208827461182	0.157256657575287	0.146210969152422	0.12022161730806	0.154945199641489	0.111588432085946	0.13033300053757	0.121304734984322	0.104464352204223	0.113563260355171	0.113374724532839	0.116998203914984	0.123022071687974	0.116912816387603	0.106497176602047	0.1125528698343	0.0923319471431564	0.0944648643347514	0.0914650006832423	0.109311492338776	0.140008283214804	0.0681529775518499	0.0735985000612234	0.0922239117344024	0.083142597853961
700111302	0.10861236305445	0.131144513372844	0.0891449993732	0.134911548901176	0.141800654449869	0.114923264102042	0.106070483522109	0.138000442918454	0.109261705936691	0.116817443229079	0.0775440473215418	0.0844702811173968	0.107890978494369	0.129384532157752	0.109083721633959	0.094585132549056	0.132304339959964	0.123610863741023	0.11013445798428	0.0995469460941382	0.0903798473607537	0	0.12285751379671	0.113363255788259	0.0898203322375656	0.149629764758394	0.131240813769481	0.126202680136387	0.133457341344927	0.128083092714456	0.112292701741114	0.0693076267908869	0.0846445213463888	0.0900511563209876	0.139990671754075	0.0921692236648234	0.131801817308939	0.125785766806305	0.123685024602715	0.134042275098605	0.126483013603729	0.0935145186398871	0.117700529476187	0.0895254093892967	0.103414214893397	0.127582291849049	0.127127290149399	0.0916163847292308	0.106727312939004	0.0723709621717871	0.0852611408870998	0.12278933887915	0.122594371392856	0.090957902070974	0.138010687037251	0.104436558066815	0.0975369078178213	0.113608274581754	0.0833478568313607	0.107132825776087
700098605	0.110978923616008	0.122644073449323	0.13020837846501	0.0996851404207676	0.131877820065809	0.14246616623718	0.109506632174558	0.166685638072871	0.113950959004851	0.1451149865928	0.124429675366925	0.136142115364228	0.156840698924524	0.114802301462047	0.135227072303665	0.127491947881643	0.157870240816436	0.157316285140186	0.112215914760618	0.0933847742916113	0.0975276195573097	0.12285751379671	0	0.116521262749915	0.108394250180162	0.117550112956683	0.129856101080374	0.13720489850211	0.134114940267174	0.135713134862278	0.154665648546095	0.116213902698652	0.118257536863708	0.134299650904364	0.116907531114369	0.108798850305417	0.145265008645337	0.135931928314251	0.119751037378779	0.157546220218563	0.118331279753194	0.147387895200715	0.126468942352541	0.103338059750682	0.143924671044989	0.112854441178931	0.119818783669985	0.140159466650949	0.123532068965443	0.118378230896643	0.115877279581254	0.106625207289193	0.0922992327486295	0.117462574716848	0.101596550523983	0.153831610307905	0.109639352227139	0.0958337216404481	0.112159053836311	0.080847654171334
700111991	0.0705905960545099	0.148861262206905	0.14885604907613	0.119228400703618	0.141133910505837	0.155805606252355	0.108858425949293	0.183650490837005	0.101342390284315	0.152284620541057	0.120124029545027	0.160148190587769	0.167157180092588	0.140910387733145	0.157379649549534	0.0980386946120667	0.169638134616022	0.150794342472858	0.0921104934142597	0.107031462515747	0.0991326264761534	0.113363255788259	0.116521262749915	0	0.107213809044674	0.12125725077511	0.143692537834761	0.130838448243089	0.154210208669585	0.163747029285478	0.16020326342528	0.132550936262503	0.123152713604781	0.143578114862432	0.117251832171309	0.122592959340087	0.13758721277612	0.162698562305148	0.105048710507901	0.18353472405856	0.107264959624059	0.162717684048542	0.125237061270338	0.123841119510921	0.140824956835205	0.126985039729673	0.118382964644668	0.157225844108603	0.131378077528048	0.138586563177514	0.124564104156861	0.114198118360197	0.116270651219841	0.0959954896708527	0.0882621462638613	0.164247584764608	0.113973545393657	0.0950588724683367	0.131412033580988	0.109577248106573
700108960	0.0968920701331044	0.154676696646282	0.126226878297407	0.100520825436169	0.144186475518973	0.139946151383929	0.0728927847948712	0.176178943887127	0.111231772776622	0.155453180930484	0.10714283482099	0.122745146437433	0.154994828572647	0.146362663831426	0.135661551283538	0.109058428791382	0.166192312602489	0.16041580868952	0.112952817419466	0.0622399470076871	0.0696343948233391	0.0898203322375656	0.108394250180162	0.107213809044674	0	0.148673662784898	0.168895905232177	0.151451705036178	0.143159567732198	0.14394927272039	0.155063613554686	0.0925411026332392	0.116517000977385	0.134163670453896	0.147755577409788	0.0896656240305833	0.158478197881041	0.14928695102111	0.117963124184035	0.16833212019762	0.130558317797935	0.132212028304764	0.123617385774867	0.0904634385960346	0.131051661532691	0.140844639022647	0.139664053036837	0.13013714032693	0.122524914870711	0.102588339115058	0.108122314324345	0.0877050137233391	0.0770422601074329	0.101900915286933	0.110000656032364	0.149694451178332	0.0701316011432262	0.0700311729844172	0.0946805306078946	0.0779891716644718
700024452	0.110358902962104	0.139978055506606	0.156326814537606	0.116889501889176	0.115704465978139	0.164921533533137	0.120002251197636	0.180078965970055	0.118444823462112	0.167456548897284	0.153833777323671	0.153310888679571	0.170084818877242	0.135721495066169	0.157971215978114	0.133822933611314	0.179015843837786	0.170001319387414	0.115158778853611	0.13134397807742	0.13768848639218	0.149629764758394	0.117550112956683	0.12125725077511	0.148673662784898	0	0.145727263260754	0.130121552318115	0.113376351302097	0.15385337144619	0.16519501127477	0.14937542835054	0.133600848704823	0.152338503328553	0.0675818587914328	0.129481125704118	0.145485062472431	0.158101681893368	0.106977749988846	0.171416959055654	0.115977938039	0.164494490210915	0.152382641286086	0.134723544482389	0.144822702093026	0.111077664170398	0.114671815215236	0.167137284059276	0.146702598857406	0.150357116454334	0.127746869473972	0.104048394920627	0.115387677630664	0.137866234372038	0.111231318856752	0.16537965687274	0.12991972431496	0.127197886403437	0.131983236226888	0.134462874710365
700032931	0.149308021546525	0.105591006166104	0.131677360059045	0.171733215510471	0.148123404263865	0.135195918406917	0.173667646428402	0.141119017796464	0.147611189973468	0.128282322148795	0.128708384815821	0.13797036296135	0.132255528639808	0.121815316930185	0.14025021926496	0.142086640228943	0.131545650074437	0.135585846227152	0.142028672098496	0.150825850971081	0.150240866119145	0.131240813769481	0.129856101080374	0.143692537834761	0.168895905232177	0.145727263260754	0	0.123324111742203	0.136143090266184	0.136375821283811	0.129322856358632	0.146246696042011	0.121667153206018	0.119044627725542	0.1466803158056	0.140379148203598	0.125412108840629	0.134301312797534	0.145154293185787	0.141428604921411	0.134177718428389	0.127432839057253	0.131100652211469	0.140274775537128	0.135753252373712	0.123522994458561	0.11850131348562	0.133505387628347	0.123177619339168	0.133013629029296	0.129005751043439	0.159723696846366	0.1548326449115	0.127844000858275	0.146702479052351	0.141915906815074	0.146880264042977	0.15822841262983	0.127494665084346	0.153106306637128
700095837	0.130902284044537	0.139530573962753	0.137813054078027	0.148264129806673	0.138570171398633	0.15585705704161	0.152507233617513	0.14799738226656	0.121407604761482	0.13806608880095	0.120209368435079	0.136252570911924	0.121753569450773	0.144135090566615	0.145595627618158	0.106778165089365	0.146955174958651	0.148764160507661	0.138092477236624	0.132265754560609	0.142482887709517	0.126202680136387	0.13720489850211	0.130838448243089	0.151451705036178	0.130121552318115	0.123324111742203	0	0.110885358505158	0.12919950296406	0.145830059442319	0.139873766007403	0.121350726687365	0.12194678051464	0.13412117209155	0.136000989654453	0.132578403696653	0.160234083913943	0.122771326121657	0.147358166263059	0.112623046875282	0.121809452054525	0.143952314782902	0.132277400228868	0.117065649788659	0.121223845446981	0.119201873657477	0.131232526322767	0.141926146568437	0.134031148598561	0.113545375997631	0.13276716658196	0.130018801019463	0.140428079584515	0.142918863199478	0.140164911393282	0.140394780501376	0.142839043456476	0.135226824622941	0.140779484884261
700024548	0.144461388527649	0.128936536649281	0.116681796772376	0.131550981645701	0.132754182836051	0.120605805890036	0.149143230085256	0.117097118200566	0.164743720960907	0.110399125553768	0.129728845612322	0.118885090213688	0.111513143145467	0.122132247812558	0.108073993873764	0.144959784111905	0.11843179062175	0.151205518569673	0.144926441238877	0.138876599436591	0.130607072525363	0.133457341344927	0.134114940267174	0.154210208669585	0.143159567732198	0.113376351302097	0.136143090266184	0.110885358505158	0	0.108959656525695	0.120357353724	0.14280983927111	0.124312148502586	0.107828517130723	0.118720393431298	0.101408077741307	0.146529704406424	0.123132611155771	0.14591590767364	0.112114978225868	0.124787604646667	0.105111436719158	0.143295325802295	0.146505006562304	0.0846348067041068	0.0857575424484008	0.117379285967013	0.113338755448039	0.114857448193574	0.119377970074525	0.117114625274388	0.151715929153221	0.129123647631277	0.125552232679382	0.149967257964135	0.123435547003259	0.120660378417892	0.149968280897044	0.106994372408244	0.14683805526725
700110161	0.16457604534571	0.143767418269479	0.102713279735242	0.158541746274944	0.144532944503431	0.0974522259587227	0.158241191511304	0.120052793879778	0.154278892799013	0.09630098472292	0.11480029592764	0.11471800022423	0.10312575444085	0.0928781597043073	0.0936885939893242	0.142091064872198	0.10682093754858	0.122838658681755	0.150729821579459	0.137256874893446	0.146412818611263	0.128083092714456	0.135713134862278	0.163747029285478	0.14394927272039	0.15385337144619	0.136375821283811	0.12919950296406	0.108959656525695	0	0.10711037959299	0.125671201493088	0.131899803631071	0.0933556446163712	0.152233387149963	0.128708519956624	0.127397848722647	0.100356437029745	0.159158092894004	0.1183764352947	0.147076086244677	0.0915879745929204	0.134086470023469	0.130774002711127	0.109486914319094	0.11775212425487	0.143001968467626	0.104125094366043	0.0911193201592402	0.103475428180386	0.117922173398786	0.157413550967599	0.15167836183984	0.133532325147127	0.16915691848489	0.114050208954569	0.117634693241495	0.156300041700093	0.108483488873876	0.139339982562914
700023496	0.161621244711268	0.131510572068381	0.104565233022751	0.170128848006309	0.160647173155874	0.0848028325055776	0.165178639758685	0.115177352040682	0.159724079245417	0.105835546923701	0.0919260220012879	0.107183808044299	0.0983816154802704	0.109778779863324	0.125633326593108	0.128317463304998	0.100610333262097	0.100952024141767	0.149341884840921	0.156389171099454	0.148992420890636	0.112292701741114	0.154665648546095	0.16020326342528	0.155063613554686	0.16519501127477	0.129322856358632	0.145830059442319	0.120357353724	0.10711037959299	0	0.123627696672654	0.111706654003315	0.0820631366616844	0.15766110978165	0.130207259763542	0.118215498694446	0.105222324727828	0.158748086805462	0.134689360328642	0.13924170928002	0.0930310871813054	0.106486019884161	0.144660050060971	0.103039561110998	0.1130360220673	0.134325519138174	0.108082758043703	0.100875722326623	0.113923556225753	0.112205488615738	0.177914741749499	0.165580160056337	0.112992425060462	0.184467899336758	0.106635837854584	0.140650018646623	0.165567459755312	0.128966523892308	0.159560717507464
700034628	0.132444659111026	0.148213620471782	0.0996112571946417	0.139745281799698	0.158694643486609	0.124014917863274	0.0938652971120198	0.146064848988265	0.100488865321155	0.134368272508874	0.0979166833019282	0.089273295837568	0.118286847573005	0.13785163561014	0.112972541812854	0.105941514508302	0.139693395740473	0.135323335490803	0.108880836295086	0.105548059362282	0.0972606109593827	0.0693076267908869	0.116213902698652	0.132550936262503	0.0925411026332392	0.14937542835054	0.146246696042011	0.139873766007403	0.14280983927111	0.125671201493088	0.123627696672654	0	0.10080947832754	0.116539797762892	0.149029288403884	0.0778986153503542	0.138092570294506	0.127045256691109	0.134201266900799	0.144921494147718	0.137608888389286	0.108088626701608	0.113397000422888	0.0741867371800584	0.117537764460091	0.131858283975023	0.13093886855783	0.10583938682591	0.121486963274825	0.0724383207972673	0.0971412712889057	0.11060336309348	0.123262706641573	0.112846636712927	0.145708719039308	0.115696097141006	0.0984441992975342	0.1060584325118	0.089335600949586	0.0859312857320266
700023645	0.116241749457497	0.114681247706506	0.110615366263735	0.138546691245202	0.133596356221018	0.120428035653894	0.125962232672799	0.123705863922427	0.115084316708445	0.107452100633026	0.089519047927096	0.106507218047347	0.115291543932669	0.123926340838158	0.13137105678911	0.103000224371469	0.125048161319534	0.123783428957206	0.112624058944438	0.117154337314883	0.104309901721012	0.0846445213463888	0.118257536863708	0.123152713604781	0.116517000977385	0.133600848704823	0.121667153206018	0.121350726687365	0.124312148502586	0.131899803631071	0.111706654003315	0.10080947832754	0	0.0959014725769986	0.126046598091894	0.0978946813791488	0.119829284440529	0.137223357587377	0.125091416861934	0.13174507276241	0.113499541967452	0.107992940734731	0.109858541573755	0.104046162532915	0.101249252910238	0.0969103466570361	0.1047147087283	0.0961470746031247	0.115892520925263	0.0924435325065499	0.0947983479366685	0.126931831952784	0.128172211070517	0.104598469867115	0.140549637359637	0.10336764305886	0.106853266118168	0.117223300911447	0.0940898446123501	0.116585412662931
700038744	0.140344498872973	0.126196100658452	0.0916122138604371	0.155014001529243	0.144218439391532	0.0863122521325425	0.150381389471271	0.115401764913126	0.145365887213442	0.0861967361159803	0.0798321315587485	0.0886739612450439	0.0892409971963105	0.104157944698384	0.117314700292316	0.126346771357037	0.0990898555238468	0.109132782122884	0.146637482764393	0.136319725922293	0.131312168253892	0.0900511563209876	0.134299650904364	0.143578114862432	0.134163670453896	0.152338503328553	0.119044627725542	0.12194678051464	0.107828517130723	0.0933556446163712	0.0820631366616844	0.116539797762892	0.0959014725769986	0	0.143328742921739	0.105352932359304	0.11252611542493	0.0909576063723296	0.145627896269653	0.107507886559394	0.130037287862118	0.0775648704916589	0.122556592721733	0.128097272663454	0.0928588251549969	0.106619524587381	0.135001874848365	0.0788464570979773	0.0892168213396926	0.089403553357834	0.0967977495222738	0.159020059692892	0.148047618723654	0.109117618540626	0.164051027596873	0.100022346840648	0.120477737440457	0.151318365217212	0.098806613944164	0.139774606956281
700038485	0.116436338998962	0.125156631417664	0.150455468064448	0.117046565172857	0.121547658912834	0.157038823630818	0.129228861091158	0.166146669124756	0.118287761165122	0.156280575069539	0.141372947587353	0.155265739789242	0.164452052243517	0.130406346638355	0.158626922571016	0.131866165377326	0.162959020402814	0.161766901136505	0.124176803644545	0.12760466583382	0.135163327778892	0.139990671754075	0.116907531114369	0.117251832171309	0.147755577409788	0.0675818587914328	0.1466803158056	0.13412117209155	0.118720393431298	0.152233387149963	0.15766110978165	0.149029288403884	0.126046598091894	0.143328742921739	0	0.122476930422023	0.143890475526181	0.162149940171787	0.10854603155748	0.160665788014807	0.120328877436162	0.162243552391363	0.142836219721055	0.135474065028178	0.147852426342264	0.110437250432461	0.110241882991248	0.156860359236777	0.142292835068308	0.144364922791084	0.125121970984485	0.1146177662832	0.119508875471096	0.132698691316387	0.105237426999863	0.162721395668308	0.134872062035109	0.130172499189008	0.134977781639722	0.127437665394357
700024743	0.116180676133048	0.129699576542308	0.103197776040986	0.111577830058385	0.142701661333633	0.127591588258981	0.0903357951029822	0.126767433621961	0.121765800701739	0.123875593968141	0.100759111095564	0.10270655166688	0.126128354476456	0.128468413253412	0.117711694413477	0.125915577919606	0.125003568106683	0.145702906247637	0.121030727964894	0.0885997113589719	0.0939208827461182	0.0921692236648234	0.108798850305417	0.122592959340087	0.0896656240305833	0.129481125704118	0.140379148203598	0.136000989654453	0.101408077741307	0.128708519956624	0.130207259763542	0.0778986153503542	0.0978946813791488	0.105352932359304	0.122476930422023	0	0.14523619495034	0.126626311173038	0.122624316142868	0.12590291536761	0.120097792539591	0.112739789028712	0.119194011985159	0.0897139313362804	0.107043652336536	0.111550190610224	0.119567449376229	0.10424334610518	0.11582794585232	0.0898885301695306	0.103265422177592	0.106648015228613	0.0981479408762506	0.100853703120032	0.120665219684631	0.128156717327835	0.0881000125412114	0.0961164385776677	0.0840375242085818	0.0924267326776699
