700108602	700014971	700033565	700109389	700023058	700023927	700106341	700114221	700023543	700023439	700016978	700024192	700113058	700099448	700109870	700033928	700023693	700109627	700095416	700110425	700111580	700111302	700098605	700111991	700108960	700024452	700032931	700095837	700024548	700110161	700023496	700034628	700023645	700038744	700038485	700024743	700099596	700110760	700101587	700106399	700032322	700095653	700021312	700101230	700023590	700038905	700033136	700023382	700096424	700105469	700016908	700096053	700108479	700109569	700033814	700016125	700109756	700102665	700101777	700109455
700108602	0	-0.144604660526535	-0.198468591114359	-0.122372686691644	-0.131211225963901	-0.197115608641619	-0.090074377741699	-0.220396701901731	-0.0987053340454919	-0.206285099157737	-0.128476414064774	-0.199291171762779	-0.208891269608042	-0.151617486602275	-0.206295846384832	-0.113276035016401	-0.206644431207723	-0.187949079126728	-0.0928710117282262	-0.092487456800022	-0.111852350790407	-0.13601018380977	-0.117217829518785	-0.0658901865993458	-0.108518003985179	-0.115712374801666	-0.153785895106646	-0.185477163703762	-0.183656669056803	-0.196309457353906	-0.178656996870211	-0.155086504936041	-0.134007622159018	-0.190771282296571	-0.118705135325199	-0.11698139703461	-0.159274135591695	-0.208215342044698	-0.0858765409747166	-0.236566076113542	-0.111503341123662	-0.199338849713339	-0.142686087583113	-0.126897265704726	-0.185029985693669	-0.150723276055678	-0.119845203779807	-0.199500902016598	-0.171548333489908	-0.176566655611271	-0.139701566980889	-0.0812646568008708	-0.0907459579778364	-0.11140660438226	-0.0806999378040329	-0.198204966554732	-0.123502523125499	-0.0870623284419173	-0.163316587673011	-0.112983480962427
700014971	-0.144604660526535	0	-0.183329299919791	-0.197017613793561	-0.126027495475565	-0.166569536916616	-0.162289099028972	-0.155298914161256	-0.142629078754281	-0.13010452353067	-0.113608714099929	-0.191651151359352	-0.147799705546421	-0.116390598215617	-0.174505650106811	-0.166564665822743	-0.141626332412059	-0.188980823913531	-0.149260199909445	-0.138942620209574	-0.151398470320511	-0.151109866860698	-0.12056138569696	-0.142645458383491	-0.17513323783731	-0.141213899452767	-0.104373591796202	-0.143910878220978	-0.114278461693245	-0.145218785183004	-0.142770319708157	-0.166221596414464	-0.123278440195067	-0.128670454620066	-0.125129645401661	-0.112924375235851	-0.172557902854256	-0.194552446925992	-0.121917798769318	-0.148016074277838	-0.104673675209751	-0.138462560084391	-0.142745601881395	-0.147076988015606	-0.127554248746899	-0.115900741551372	-0.10125466285588	-0.152327103914804	-0.143532550724835	-0.174767926847189	-0.161103930315184	-0.150959427778422	-0.152800923303923	-0.114053995963683	-0.152862950836105	-0.146049230645034	-0.14850385621232	-0.150789901677598	-0.16026312247421	-0.161920757499779
700033565	-0.198468591114359	-0.183329299919791	0	-0.231943732119901	-0.186995534361899	-0.0623926755946222	-0.192485467271925	-0.117150174090484	-0.179401694024138	-0.0959415242862904	-0.103587263244152	-0.060439554647978	-0.112582331999861	-0.144693682838196	-0.0953212748530549	-0.126706556352864	-0.110614246192886	-0.0996084574348283	-0.167259326763493	-0.178478589772138	-0.172555310434977	-0.092083975625471	-0.188743257316226	-0.190219342200322	-0.180062222719481	-0.203981169991309	-0.15608472892124	-0.184636603662211	-0.162652817492731	-0.128006772764276	-0.106374217763815	-0.133934476649219	-0.114175335847919	-0.101615849262907	-0.199824346863595	-0.136999086294401	-0.162412576664441	-0.0923211475489969	-0.188588966940104	-0.146301803042519	-0.165124246509173	-0.0833369719448468	-0.156894695162703	-0.150065859903574	-0.125259215624926	-0.132614707392302	-0.170781214751404	-0.0910289355152482	-0.123864339277187	-0.0636189446934148	-0.0891390808471696	-0.207165741418333	-0.21621270532436	-0.151798771609734	-0.228405700778917	-0.103666509918658	-0.138321832510666	-0.2028548986758	-0.0905567568300716	-0.190681171312107
700109389	-0.122372686691644	-0.197017613793561	-0.231943732119901	0	-0.192675233601765	-0.249103656957904	-0.118427041301831	-0.24615829368334	-0.175141636729626	-0.243337016007954	-0.188717364371636	-0.22728010163865	-0.236721087919849	-0.218113606413396	-0.229102344889466	-0.16295176154643	-0.243465358553855	-0.253074012668619	-0.181927737584823	-0.118876341103423	-0.148170525530979	-0.194833530064894	-0.145044039422094	-0.163198305872775	-0.137222436999422	-0.146864304609485	-0.22780626429721	-0.21270289166397	-0.192280817846548	-0.234664900920066	-0.243638660228707	-0.210368980399838	-0.188777821834989	-0.234054963884863	-0.143303981363232	-0.164478151838261	-0.242906040516887	-0.261617545316905	-0.1594563301461	-0.2485567000136	-0.164864005838034	-0.231126382681071	-0.206303789939143	-0.185188091688997	-0.211356460222446	-0.19851636404882	-0.197600259988144	-0.234046418309414	-0.232232237078265	-0.219615590372656	-0.181255324823747	-0.113125954244179	-0.0756322318520957	-0.192806192830797	-0.128342299844009	-0.236028901753965	-0.132601340134461	-0.110423871171365	-0.187385835826396	-0.144509370720477
700023058	-0.131211225963901	-0.126027495475565	-0.186995534361899	-0.192675233601765	0	-0.16259861891848	-0.151546832589449	-0.180969519668109	-0.124103968439312	-0.157905663779792	-0.118642527179352	-0.187096175626172	-0.169792942632101	-0.121197315633012	-0.175515447261692	-0.145143881464709	-0.168317775579333	-0.165284356917447	-0.142697238244313	-0.141677537923307	-0.160382822859023	-0.15113119469899	-0.137283670536477	-0.139800568123444	-0.184841321595122	-0.129229378726135	-0.122346468318806	-0.159407704937059	-0.156253559540693	-0.143368847861231	-0.136724217795087	-0.178091196898915	-0.131753365751723	-0.140514074961766	-0.126642074226127	-0.146034907905492	-0.131406688497467	-0.161376522730083	-0.10886726069226	-0.1975672026582	-0.11549562721069	-0.154936929518462	-0.115638616476958	-0.153437686602285	-0.154457302316931	-0.135354514378087	-0.0986002817337511	-0.169623700204373	-0.138624021600588	-0.181330722459733	-0.155588409725837	-0.132612801531885	-0.152000360891178	-0.105255953411171	-0.152982905072472	-0.174470623894843	-0.165802863989776	-0.149583728801614	-0.168938873157064	-0.150351870661628
700023927	-0.197115608641619	-0.166569536916616	-0.0623926755946222	-0.249103656957904	-0.16259861891848	0	-0.20886630951398	-0.12180620063909	-0.184434002987383	-0.0849632589414458	-0.104711621312622	-0.0987654721850306	-0.110597570343947	-0.111026222194082	-0.104592790974458	-0.147264760479903	-0.105352441588549	-0.0727213827548481	-0.172518324890794	-0.188132024069369	-0.185655336966416	-0.124208726155464	-0.182474037040986	-0.18750367873459	-0.199435341748358	-0.199751565996335	-0.131440850028237	-0.19334202931595	-0.164789537737361	-0.108191739710251	-0.0655936216793372	-0.163519495533372	-0.120243178558202	-0.0755827426443139	-0.192684658008434	-0.147570760182039	-0.135806571772956	-0.0776639922753234	-0.186749105668052	-0.143286798256501	-0.160425190718933	-0.0933481402177076	-0.125612070060696	-0.17065740628066	-0.128329917112573	-0.12869038959904	-0.151891098493778	-0.10216362156783	-0.0825537782711032	-0.0938549595841151	-0.116778037130891	-0.209847244625197	-0.229781608826243	-0.129612412161968	-0.2271665838982	-0.106293778076839	-0.151736596899393	-0.211013767992902	-0.113144277173069	-0.20399189135143
700106341	-0.090074377741699	-0.162289099028972	-0.192485467271925	-0.118427041301831	-0.151546832589449	-0.20886630951398	0	-0.21882931881612	-0.0962855392715695	-0.21256282982493	-0.133848212164086	-0.180606863873267	-0.208597362885815	-0.191425008559937	-0.20283410918993	-0.10876875453732	-0.209832464966371	-0.216034656891046	-0.112900494015224	-0.0790300776154801	-0.0862159022115699	-0.128152089833801	-0.124674385974891	-0.106440599064899	-0.0743012318682979	-0.162469538433009	-0.20191234617744	-0.210998864046624	-0.195764238111788	-0.212901119695098	-0.191435387690408	-0.111808318861251	-0.139187953656911	-0.200509061331914	-0.155891222348792	-0.096077213996112	-0.20401161221777	-0.225015080064702	-0.102158806641918	-0.24249919478244	-0.128645452662091	-0.195618162199607	-0.142938390629992	-0.108480722167538	-0.177486036925413	-0.176474407772984	-0.152316055238998	-0.186864817252223	-0.189452060168475	-0.164183013411204	-0.141130101895268	-0.0723131109386381	-0.0917540264569457	-0.1228932176861	-0.116572691169283	-0.190761566755152	-0.107318660842927	-0.0654651454501668	-0.153973434989855	-0.0700771203089893
700114221	-0.220396701901731	-0.155298914161256	-0.117150174090484	-0.24615829368334	-0.180969519668109	-0.12180620063909	-0.21882931881612	0	-0.20528346140579	-0.0694282390916908	-0.150474664745824	-0.114856060837361	-0.0773799873026139	-0.149141832218869	-0.0866713671147518	-0.179058655747697	-0.0741778378284968	-0.165185887085071	-0.205843481920688	-0.192466304569513	-0.194428454816564	-0.152780094511934	-0.204555685013821	-0.225361939012861	-0.224925219163167	-0.221253841249015	-0.141826673594776	-0.164197012267746	-0.12742036170912	-0.110465190688102	-0.130742405926617	-0.17769193101286	-0.133893663964334	-0.108398718237914	-0.216573118210254	-0.165451438148895	-0.192332683692582	-0.119083619657027	-0.205403186953501	-0.0839299524902972	-0.151470408455595	-0.0713607388139001	-0.190139145984967	-0.17792932685948	-0.0820291801566084	-0.117211752200673	-0.148878641132503	-0.0742297331576851	-0.158170473482849	-0.118456603603652	-0.150142643857345	-0.218049875630212	-0.224843883378777	-0.180374021781734	-0.258110896181296	-0.0848076554550387	-0.153897989204225	-0.226099974926077	-0.130411227384245	-0.206848962638318
700023543	-0.0987053340454919	-0.142629078754281	-0.179401694024138	-0.175141636729626	-0.124103968439312	-0.184434002987383	-0.0962855392715695	-0.20528346140579	0	-0.187445104393481	-0.116248678349327	-0.182002380114354	-0.193600448472895	-0.162398894593153	-0.193439893506767	-0.100677815430241	-0.186162907380967	-0.191627370328623	-0.0890218598398334	-0.116181780474527	-0.118506332207982	-0.117986791243325	-0.128929854053829	-0.098150240769099	-0.119173000428279	-0.127659296375603	-0.157080806657468	-0.17703961657463	-0.198802365804685	-0.181809630770224	-0.166457259705234	-0.110436953919665	-0.118831167487469	-0.175949109111393	-0.129684824807667	-0.116181351346624	-0.16572360045566	-0.203230850087316	-0.0767341071501132	-0.227003989642969	-0.118745237829962	-0.179439598092334	-0.132421046716919	-0.0897240922526277	-0.175154855344895	-0.15339980328967	-0.114052267090668	-0.178628797381612	-0.174587276501899	-0.157201673073248	-0.136264711530288	-0.0824842949000078	-0.116625548139278	-0.111871480850433	-0.115313123888009	-0.180520951005446	-0.14885974042155	-0.101249655480597	-0.150099268890981	-0.0948590883490705
700023439	-0.206285099157737	-0.13010452353067	-0.0959415242862904	-0.243337016007954	-0.157905663779792	-0.0849632589414458	-0.21256282982493	-0.0694282390916908	-0.187445104393481	0	-0.114206749373679	-0.113934207474163	-0.0771845775999624	-0.117661333983654	-0.103255814246775	-0.162063183113196	-0.0731355946403964	-0.126644188247628	-0.186126510418412	-0.191715738324534	-0.183093751513131	-0.139787511334887	-0.184059735459581	-0.199215437083527	-0.212891051413456	-0.196363859199775	-0.118718942492762	-0.150668369504831	-0.121952222676435	-0.0883003324634872	-0.0965554727573881	-0.168543750313964	-0.111368163541494	-0.071201440719809	-0.189402007359121	-0.150839131159089	-0.1631359857648	-0.102462110194102	-0.185955420025194	-0.0945530175377953	-0.137991360169202	-0.0565690917050969	-0.156392318741007	-0.170699569409584	-0.0963043677416932	-0.114029146886448	-0.134471748275934	-0.0800471260906698	-0.11936159406054	-0.108622548645914	-0.132073511534949	-0.201399061963169	-0.222767540381016	-0.147483952094556	-0.23796168360957	-0.0864192410569134	-0.151475046695698	-0.205421192996289	-0.124593889205933	-0.201413620204973
700016978	-0.128476414064774	-0.113608714099929	-0.103587263244152	-0.188717364371636	-0.118642527179352	-0.104711621312622	-0.133848212164086	-0.150474664745824	-0.116248678349327	-0.114206749373679	0	-0.115903299118391	-0.140099649292306	-0.114325123135372	-0.14590197608668	-0.0910650264953866	-0.130005102929429	-0.121857170672538	-0.115279091574804	-0.112004887758865	-0.120478403121376	-0.0679798381120103	-0.13587455169642	-0.124233002925349	-0.125836570097589	-0.157184346600378	-0.114085027219071	-0.148997998164092	-0.148073296499378	-0.133039031096789	-0.0938198798756845	-0.113977538560017	-0.0663791669098304	-0.101582651128913	-0.143698074413713	-0.093285428104541	-0.135970358082434	-0.144254486523358	-0.118747470085501	-0.168276774589398	-0.100621269757818	-0.110616031552174	-0.0916460067652058	-0.109015887062491	-0.11887482187202	-0.11856141981178	-0.0994050259056479	-0.115685631330485	-0.109502260974519	-0.101199173047855	-0.0827119954561669	-0.139062581396691	-0.155439752256576	-0.0883423030960905	-0.161573949248121	-0.119547773774983	-0.122975832427095	-0.132619268096608	-0.0999045774214589	-0.136286519059644
700024192	-0.199291171762779	-0.191651151359352	-0.060439554647978	-0.22728010163865	-0.187096175626172	-0.0987654721850306	-0.180606863873267	-0.114856060837361	-0.182002380114354	-0.113934207474163	-0.115903299118391	0	-0.114207550202362	-0.171560525828186	-0.0938499261319977	-0.133690126563075	-0.125038988732322	-0.122868273106572	-0.16755097546234	-0.168221413683646	-0.161435344220129	-0.086938542262485	-0.196178815614193	-0.203778259733199	-0.170583997181584	-0.220645509612756	-0.177260178345619	-0.190948576992012	-0.169735581631451	-0.150945105448877	-0.114324010522986	-0.121858288800813	-0.110956113431329	-0.120914728548233	-0.216529736553018	-0.141411859008522	-0.179935180309185	-0.111989916667875	-0.194983334530457	-0.147433181369131	-0.164132775742716	-0.0848117406446431	-0.167896244443572	-0.139913381149471	-0.110513028538408	-0.146652972395787	-0.172896002542219	-0.0916914283057279	-0.146646564752741	-0.0688604019005936	-0.0878615259784404	-0.206766675075151	-0.213307445049436	-0.152986139326531	-0.243098920214004	-0.1012023425341	-0.131983413483406	-0.201772319553109	-0.104685296130675	-0.186413546177843
700113058	-0.208891269608042	-0.147799705546421	-0.112582331999861	-0.236721087919849	-0.169792942632101	-0.110597570343947	-0.208597362885815	-0.0773799873026139	-0.193600448472895	-0.0771845775999624	-0.140099649292306	-0.114207550202362	0	-0.13505473290516	-0.0846614053228549	-0.171662138210042	-0.0826055110990958	-0.154588765338872	-0.200360083960621	-0.182627848228757	-0.201236775619936	-0.145844636663566	-0.201258540702984	-0.218734232375433	-0.215722522394292	-0.212683256271665	-0.134438196885874	-0.148453110097719	-0.122986233945631	-0.101067038708796	-0.128779562642794	-0.168174476122087	-0.132375713506936	-0.0904697174512695	-0.209038186132149	-0.160981822495138	-0.178127644277131	-0.134520334653927	-0.188560002598537	-0.103177469515945	-0.155951149491601	-0.0679687841723439	-0.182965590171153	-0.171057396604588	-0.0996236462713425	-0.131379245939174	-0.166833531018038	-0.0915556349306953	-0.143082175064124	-0.113813691247117	-0.137727756270197	-0.206750521488232	-0.215747452670177	-0.181433053799847	-0.250245583125569	-0.0752422302865729	-0.154584570024947	-0.220735427343313	-0.125237591528782	-0.194877139539798
700099448	-0.151617486602275	-0.116390598215617	-0.144693682838196	-0.218113606413396	-0.121197315633012	-0.111026222194082	-0.191425008559937	-0.149141832218869	-0.162398894593153	-0.117661333983654	-0.114325123135372	-0.171560525828186	-0.13505473290516	0	-0.146058659596395	-0.156710340494079	-0.119341930025781	-0.12620499853835	-0.15073468863117	-0.162093523763551	-0.169845335275609	-0.154166183297794	-0.142610950098864	-0.146450151100258	-0.1985938559465	-0.150409262560001	-0.0892487794346515	-0.165625056173071	-0.131370441794998	-0.109094560032194	-0.105150760480628	-0.186057205249781	-0.117461157751256	-0.101238311784791	-0.157602103484163	-0.143371211555065	-0.124085463017374	-0.126917325114155	-0.147917017756197	-0.159092734560734	-0.13353368484193	-0.126274220466395	-0.118243894367872	-0.175977840521562	-0.124447204290944	-0.113005404973425	-0.109070221609575	-0.136202173722578	-0.0861357820292549	-0.150301783714595	-0.140801326411265	-0.168004213615334	-0.195812769228977	-0.112194551312468	-0.173157535208369	-0.137661531762622	-0.137672475385776	-0.17990128755164	-0.1342334899385	-0.184808072499071
700109870	-0.206295846384832	-0.174505650106811	-0.0953212748530549	-0.229102344889466	-0.175515447261692	-0.104592790974458	-0.20283410918993	-0.0866713671147518	-0.193439893506767	-0.103255814246775	-0.14590197608668	-0.0938499261319977	-0.0846614053228549	-0.146058659596395	0	-0.168829932317508	-0.0933644363898933	-0.155423334724169	-0.200805597373752	-0.177220902647828	-0.178786612841992	-0.138139652335419	-0.182711513067353	-0.216199781926368	-0.207339755418523	-0.211392310458932	-0.163209724748474	-0.186600913161611	-0.137388223638306	-0.113302394681494	-0.127141632319118	-0.165050414685735	-0.141348889796554	-0.130924063209336	-0.214371115187231	-0.153925980057131	-0.183064534897851	-0.103534103939205	-0.19621896198004	-0.113603668601309	-0.162264109394509	-0.087176358301422	-0.189497800145318	-0.169517751752961	-0.109446720307444	-0.114061435178172	-0.163710624429387	-0.0822847752399961	-0.146243925486452	-0.096578620027544	-0.133112318655095	-0.211021065014421	-0.212893705582226	-0.166020385211042	-0.240688758538204	-0.0972816897521274	-0.131835537587324	-0.217540083219641	-0.112410344741642	-0.197943339989364
700033928	-0.113276035016401	-0.166564665822743	-0.126706556352864	-0.16295176154643	-0.145143881464709	-0.147264760479903	-0.10876875453732	-0.179058655747697	-0.100677815430241	-0.162063183113196	-0.0910650264953866	-0.133690126563075	-0.171662138210042	-0.156710340494079	-0.168829932317508	0	-0.16592350609216	-0.143153293176208	-0.0994334701199292	-0.119377901130437	-0.109932334434898	-0.0852667642559408	-0.143543090830286	-0.10829075267172	-0.114786185837178	-0.161429431256266	-0.155653532966021	-0.16168789952452	-0.180419515900334	-0.176015614989833	-0.132836704268999	-0.121442222058938	-0.0902493417755135	-0.150252819342984	-0.151492168260393	-0.128087067240211	-0.15022479968341	-0.179166043230716	-0.112682969455396	-0.203409672448705	-0.117047362963155	-0.143830852536628	-0.121001226606056	-0.112808748422207	-0.146039425128208	-0.143249132468889	-0.125208573837238	-0.150557072436207	-0.149878972868417	-0.110382456229815	-0.085205355917343	-0.115036243462945	-0.135356823498693	-0.119337240818062	-0.149948879548179	-0.144525216829177	-0.129538458137805	-0.112529730988646	-0.114946607282994	-0.106818828501272
700023693	-0.206644431207723	-0.141626332412059	-0.110614246192886	-0.243465358553855	-0.168317775579333	-0.105352441588549	-0.209832464966371	-0.0741778378284968	-0.186162907380967	-0.0731355946403964	-0.130005102929429	-0.125038988732322	-0.0826055110990958	-0.119341930025781	-0.0933644363898933	-0.16592350609216	0	-0.143017605113298	-0.190006676539129	-0.184385347034575	-0.177344612515115	-0.142847477608407	-0.181502929929448	-0.201713560340106	-0.21642313522283	-0.20421253142545	-0.132305540393919	-0.171011884523565	-0.129413796472041	-0.112302016485523	-0.108368702957286	-0.170252974619721	-0.118407817759757	-0.0993037585316337	-0.197295395515172	-0.149350430937422	-0.165446911893391	-0.124041832771344	-0.189543384846524	-0.0947879085497321	-0.143330642377375	-0.0833268557771114	-0.162738984315424	-0.168944192036078	-0.101584880805891	-0.106157887840097	-0.134985201939014	-0.0730571354210158	-0.123348826097965	-0.112927420095116	-0.135636559587389	-0.206747736272464	-0.220090675839824	-0.158387759018309	-0.233640543359089	-0.0842532312937986	-0.146803343551184	-0.213850000519849	-0.126184425539089	-0.197154185087459
700109627	-0.187949079126728	-0.188980823913531	-0.0996084574348283	-0.253074012668619	-0.165284356917447	-0.0727213827548481	-0.216034656891046	-0.165185887085071	-0.191627370328623	-0.126644188247628	-0.121857170672538	-0.122868273106572	-0.154588765338872	-0.12620499853835	-0.155423334724169	-0.143153293176208	-0.143017605113298	0	-0.172465230637821	-0.19717241810268	-0.19514779391094	-0.129717044039449	-0.194495364756469	-0.169533163798222	-0.195906956258344	-0.209144240518107	-0.137759278440284	-0.197015908936001	-0.203044398303072	-0.143582377602242	-0.0883416807150856	-0.167623794580613	-0.139989848121556	-0.10783271675724	-0.191354294916682	-0.165789758480284	-0.116888185605992	-0.0865918123670955	-0.193468527486596	-0.184521340471198	-0.179776810278663	-0.134637028025193	-0.127138957224252	-0.168533381792235	-0.17175174220649	-0.166023315674195	-0.162899641624024	-0.147181738006332	-0.0821422597382245	-0.117657289982271	-0.11246219420181	-0.218358607438093	-0.231762542982444	-0.133466396156931	-0.215924651769476	-0.143146595713826	-0.175410598767732	-0.215631515141596	-0.135917128688094	-0.21048121687
700095416	-0.0928710117282262	-0.149260199909445	-0.167259326763493	-0.181927737584823	-0.142697238244313	-0.172518324890794	-0.112900494015224	-0.205843481920688	-0.0890218598398334	-0.186126510418412	-0.115279091574804	-0.16755097546234	-0.200360083960621	-0.15073468863117	-0.200805597373752	-0.0994334701199292	-0.190006676539129	-0.172465230637821	0	-0.122749476998634	-0.106650124810873	-0.114372846779687	-0.132602545883325	-0.0831430046051947	-0.119300788557238	-0.141084025319745	-0.156610979056898	-0.187406081136795	-0.190915528442193	-0.18807876500415	-0.151820432123967	-0.12574068192048	-0.107690131535352	-0.171735986912267	-0.141806024514902	-0.123744190764593	-0.151156255129098	-0.187730764676791	-0.0984621587925087	-0.232112983895505	-0.0999567219343536	-0.178668345601357	-0.107260592139796	-0.123154663032278	-0.170755849446586	-0.145576411116507	-0.105470446129637	-0.182605452177711	-0.156735880853526	-0.153230165773872	-0.120064169724399	-0.113538351662119	-0.14259276475294	-0.0896298157699064	-0.125216988775134	-0.176894221367486	-0.135140643787314	-0.113939700627957	-0.148715482214926	-0.125465509286603
700110425	-0.092487456800022	-0.138942620209574	-0.178478589772138	-0.118876341103423	-0.141677537923307	-0.188132024069369	-0.0790300776154801	-0.192466304569513	-0.116181780474527	-0.191715738324534	-0.112004887758865	-0.168221413683646	-0.182627848228757	-0.162093523763551	-0.177220902647828	-0.119377901130437	-0.184385347034575	-0.19717241810268	-0.122749476998634	0	-0.0949750452445334	-0.122378622323286	-0.118964342185896	-0.10611474163594	-0.0740274435613742	-0.163816484729604	-0.170319638120072	-0.176467362771475	-0.167631911367653	-0.175350531020718	-0.173103992350641	-0.140604806667875	-0.11990523489008	-0.179514500421824	-0.14103870091824	-0.0834952952779185	-0.177044438168626	-0.209012008144822	-0.107659297301226	-0.219239718218103	-0.112785362853301	-0.173779493981373	-0.142647902376485	-0.103461447400364	-0.153943302806272	-0.15045120803508	-0.129009108800925	-0.170563200000109	-0.163733899515887	-0.152910943256192	-0.124322071595797	-0.0858342218772779	-0.0718488334335161	-0.114039010877695	-0.121886276478832	-0.172376978121646	-0.0770255895705153	-0.0772142629782682	-0.141795419107902	-0.0961551968027798
700111580	-0.111852350790407	-0.151398470320511	-0.172555310434977	-0.148170525530979	-0.160382822859023	-0.185655336966416	-0.0862159022115699	-0.194428454816564	-0.118506332207982	-0.183093751513131	-0.120478403121376	-0.161435344220129	-0.201236775619936	-0.169845335275609	-0.178786612841992	-0.109932334434898	-0.177344612515115	-0.19514779391094	-0.106650124810873	-0.0949750452445334	0	-0.111015207160718	-0.112481593358405	-0.114958892307296	-0.0775561172412062	-0.170472645735619	-0.186674273362471	-0.210668527672989	-0.158228589867355	-0.20016907962489	-0.165701520088756	-0.120370322085841	-0.124096075446355	-0.183114386447173	-0.168394625279194	-0.0987867912014146	-0.200243390321986	-0.190634790143009	-0.130749720292576	-0.210976770184487	-0.107528997229345	-0.169687402330391	-0.127542884588233	-0.124076026506742	-0.146399029140031	-0.139895178207651	-0.125843036618948	-0.157102904378074	-0.158692537604358	-0.144630614632067	-0.12187101705302	-0.0957533612420393	-0.122859803726962	-0.100739764983864	-0.145288926068761	-0.175572532804816	-0.0889702943895592	-0.0835661364135894	-0.122758241311112	-0.104916011479472
700111302	-0.13601018380977	-0.151109866860698	-0.092083975625471	-0.194833530064894	-0.15113119469899	-0.124208726155464	-0.128152089833801	-0.152780094511934	-0.117986791243325	-0.139787511334887	-0.0679798381120103	-0.086938542262485	-0.145844636663566	-0.154166183297794	-0.138139652335419	-0.0852667642559408	-0.142847477608407	-0.129717044039449	-0.114372846779687	-0.122378622323286	-0.111015207160718	0	-0.156410164663972	-0.138474062698354	-0.111929871127969	-0.180339082011901	-0.150269943688778	-0.172268523712337	-0.173053820245596	-0.15938899624642	-0.118568595238805	-0.0763428139588695	-0.078825213168144	-0.12650774266588	-0.173020628315596	-0.0996324469530117	-0.159855285595328	-0.147139013600392	-0.140158197174171	-0.178141878139584	-0.139413261433687	-0.115976261832103	-0.127703918886697	-0.094052222438831	-0.127704729185542	-0.146918251809733	-0.131710563615749	-0.111852524601043	-0.140372786202896	-0.0622753952653686	-0.0762962319633179	-0.147321924263673	-0.156803411134757	-0.106323730169694	-0.185243120836174	-0.114341272601081	-0.120412992952805	-0.141273733502823	-0.078909397731867	-0.132352569380252
700098605	-0.117217829518785	-0.12056138569696	-0.188743257316226	-0.145044039422094	-0.137283670536477	-0.182474037040986	-0.124674385974891	-0.204555685013821	-0.128929854053829	-0.184059735459581	-0.13587455169642	-0.196178815614193	-0.201258540702984	-0.142610950098864	-0.182711513067353	-0.143543090830286	-0.181502929929448	-0.194495364756469	-0.132602545883325	-0.118964342185896	-0.112481593358405	-0.156410164663972	0	-0.118024442487236	-0.147654491343151	-0.14073120060534	-0.15124304678727	-0.178326582319901	-0.166279575472397	-0.180350544922204	-0.165696644748177	-0.166829006674897	-0.14298938195561	-0.175660303445211	-0.127858995325571	-0.122249075332794	-0.172827546211149	-0.189777619626349	-0.111929109285602	-0.200546644122214	-0.113322688301422	-0.184652489691568	-0.140050060873009	-0.141587810044513	-0.180626606836672	-0.138470697396788	-0.125112802131583	-0.179256180492095	-0.163959640188537	-0.180336142871105	-0.156935123347907	-0.119773815635256	-0.124366863379243	-0.115736401683536	-0.102833972296725	-0.191451392741725	-0.126346828138027	-0.120507692515862	-0.15704458230416	-0.119791486997288
700111991	-0.0658901865993458	-0.142645458383491	-0.190219342200322	-0.163198305872775	-0.139800568123444	-0.18750367873459	-0.106440599064899	-0.225361939012861	-0.098150240769099	-0.199215437083527	-0.124233002925349	-0.203778259733199	-0.218734232375433	-0.146450151100258	-0.216199781926368	-0.10829075267172	-0.201713560340106	-0.169533163798222	-0.0831430046051947	-0.10611474163594	-0.114958892307296	-0.138474062698354	-0.118024442487236	0	-0.107152437946162	-0.130296064105821	-0.146127754852184	-0.187381195934816	-0.195016000328302	-0.199420220055382	-0.169136654652212	-0.154098795039505	-0.138258293779308	-0.186026463270615	-0.125924443770432	-0.109493968969541	-0.149504595202599	-0.198053290841575	-0.0879960491153406	-0.246439528562299	-0.111009645937643	-0.202163898321151	-0.129850338881565	-0.123398639797645	-0.190579048674637	-0.152616635853156	-0.111503666238198	-0.200968938859372	-0.160996289775839	-0.17866948230819	-0.138258138599244	-0.105696578368408	-0.120123322404994	-0.097088081434907	-0.0802189303854892	-0.203709087000818	-0.140412881160883	-0.104063199097036	-0.160826242337566	-0.118933001998463
700108960	-0.108518003985179	-0.17513323783731	-0.180062222719481	-0.137222436999422	-0.184841321595122	-0.199435341748358	-0.0743012318682979	-0.224925219163167	-0.119173000428279	-0.212891051413456	-0.125836570097589	-0.170583997181584	-0.215722522394292	-0.1985938559465	-0.207339755418523	-0.114786185837178	-0.21642313522283	-0.195906956258344	-0.119300788557238	-0.0740274435613742	-0.0775561172412062	-0.111929871127969	-0.147654491343151	-0.107152437946162	0	-0.19158019667084	-0.209403976408614	-0.221712384667449	-0.201496777197573	-0.214632690059379	-0.187361307242435	-0.106355527256597	-0.144763910324783	-0.201065247031553	-0.177026557619036	-0.101343986624108	-0.207683314285051	-0.216612552292404	-0.132575363983561	-0.251576858883759	-0.141238429480078	-0.192159794535364	-0.150919204307539	-0.113703737735807	-0.180944069216113	-0.190706684584306	-0.164194959275197	-0.193215558533481	-0.182974862655837	-0.150611137771998	-0.122726935372475	-0.101825950520126	-0.0960844202266607	-0.12221875120387	-0.127956185886943	-0.191426683141083	-0.103737248329471	-0.0857422080768764	-0.13575721355849	-0.094215899371044
700024452	-0.115712374801666	-0.141213899452767	-0.203981169991309	-0.146864304609485	-0.129229378726135	-0.199751565996335	-0.162469538433009	-0.221253841249015	-0.127659296375603	-0.196363859199775	-0.157184346600378	-0.220645509612756	-0.212683256271665	-0.150409262560001	-0.211392310458932	-0.161429431256266	-0.20421253142545	-0.209144240518107	-0.141084025319745	-0.163816484729604	-0.170472645735619	-0.180339082011901	-0.14073120060534	-0.130296064105821	-0.19158019667084	0	-0.15369405257093	-0.166565131906327	-0.148822285518151	-0.178290472501732	-0.193803737049209	-0.205433076925021	-0.162157434138922	-0.187739251140742	-0.0661814787443407	-0.152601073205794	-0.183818177025566	-0.206989399423711	-0.111898033700977	-0.221236405082601	-0.135545564039988	-0.197496246129989	-0.168165218713579	-0.175946442074383	-0.187225736809003	-0.143923575441409	-0.125704310330011	-0.20770706077772	-0.178010454703263	-0.197533252502952	-0.180583716692817	-0.118864472594312	-0.132051593387133	-0.148407570991285	-0.114707232550649	-0.212244486757926	-0.163445370052631	-0.149717509705687	-0.175447397240381	-0.171744953042374
700032931	-0.153785895106646	-0.104373591796202	-0.15608472892124	-0.22780626429721	-0.122346468318806	-0.131440850028237	-0.20191234617744	-0.141826673594776	-0.157080806657468	-0.118718942492762	-0.114085027219071	-0.177260178345619	-0.134438196885874	-0.0892487794346515	-0.163209724748474	-0.155653532966021	-0.132305540393919	-0.137759278440284	-0.156610979056898	-0.170319638120072	-0.186674273362471	-0.150269943688778	-0.15124304678727	-0.146127754852184	-0.209403976408614	-0.15369405257093	0	-0.141864945933682	-0.143330473882704	-0.123082195615347	-0.119763991797473	-0.185399850626654	-0.121500002386461	-0.108573602563099	-0.155869789617844	-0.148216689752785	-0.133049157856726	-0.15081552854888	-0.141387840370574	-0.150053953297097	-0.133291466377583	-0.126310200029059	-0.133683003375391	-0.163200039627749	-0.125994935682515	-0.124438198239607	-0.105265718740523	-0.139822640674571	-0.121393085973616	-0.148766848027865	-0.151673014006602	-0.177902037289531	-0.195425229794879	-0.124652195790354	-0.173736455152963	-0.130028982870438	-0.171611714714663	-0.189027268439152	-0.147828607542582	-0.189973270600716
700095837	-0.185477163703762	-0.143910878220978	-0.184636603662211	-0.21270289166397	-0.159407704937059	-0.19334202931595	-0.210998864046624	-0.164197012267746	-0.17703961657463	-0.150668369504831	-0.148997998164092	-0.190948576992012	-0.148453110097719	-0.165625056173071	-0.186600913161611	-0.16168789952452	-0.171011884523565	-0.197015908936001	-0.187406081136795	-0.176467362771475	-0.210668527672989	-0.172268523712337	-0.178326582319901	-0.187381195934816	-0.221712384667449	-0.166565131906327	-0.141864945933682	0	-0.127067310685538	-0.127797927536208	-0.182688085728273	-0.207708716377727	-0.143142156260116	-0.145434013032724	-0.158775743133368	-0.177261937014147	-0.179826916169627	-0.217663277623904	-0.164830919997103	-0.17300513930375	-0.148776452713477	-0.148428775409199	-0.192369306635705	-0.169943416250623	-0.151799398080876	-0.154504458099311	-0.155620110038373	-0.171692584070572	-0.190695731928463	-0.177722541471091	-0.157493028649578	-0.192391866895975	-0.182939674824663	-0.193294246904055	-0.199916033809004	-0.166357334536234	-0.192274860394478	-0.198807364474606	-0.183202952363864	-0.202164508027145
700024548	-0.183656669056803	-0.114278461693245	-0.162652817492731	-0.192280817846548	-0.156253559540693	-0.164789537737361	-0.195764238111788	-0.12742036170912	-0.198802365804685	-0.121952222676435	-0.148073296499378	-0.169735581631451	-0.122986233945631	-0.131370441794998	-0.137388223638306	-0.180419515900334	-0.129413796472041	-0.203044398303072	-0.190915528442193	-0.167631911367653	-0.158228589867355	-0.173053820245596	-0.166279575472397	-0.195016000328302	-0.201496777197573	-0.148822285518151	-0.143330473882704	-0.127067310685538	0	-0.125090431314406	-0.167264204913095	-0.205277118681363	-0.140117903309648	-0.136895986293237	-0.155105838388646	-0.140569788609259	-0.2040792182396	-0.179321557563168	-0.171600280184382	-0.117269503638007	-0.128987461094791	-0.117215794567717	-0.181881276116847	-0.194323646807753	-0.0889343076937057	-0.0915030293106836	-0.144236482097275	-0.130483997972323	-0.156000884858071	-0.164184878977343	-0.154513395563949	-0.184171262926369	-0.175173129082542	-0.163721363664845	-0.191761164015317	-0.14835319079902	-0.130994736994763	-0.195580686046651	-0.151528857116618	-0.204033767356001
700110161	-0.196309457353906	-0.145218785183004	-0.128006772764276	-0.234664900920066	-0.143368847861231	-0.108191739710251	-0.212901119695098	-0.110465190688102	-0.181809630770224	-0.0883003324634872	-0.133039031096789	-0.150945105448877	-0.101067038708796	-0.109094560032194	-0.113302394681494	-0.176015614989833	-0.112302016485523	-0.143582377602242	-0.18807876500415	-0.175350531020718	-0.20016907962489	-0.15938899624642	-0.180350544922204	-0.199420220055382	-0.214632690059379	-0.178290472501732	-0.123082195615347	-0.127797927536208	-0.125090431314406	0	-0.120447316315573	-0.18460583053551	-0.135320239326851	-0.0891215542654902	-0.181141999912616	-0.157884205230642	-0.157811917748804	-0.119854547541401	-0.178129928647824	-0.145526343137764	-0.161061105924854	-0.0911953250803093	-0.159619031630249	-0.17254613490496	-0.128643609495966	-0.13380174564722	-0.150141607064054	-0.119356058364271	-0.129930200735305	-0.129419622009197	-0.150470472208929	-0.190429008398482	-0.210722486913886	-0.152050449977718	-0.222391953440129	-0.119513667016586	-0.157158750580249	-0.205133354595312	-0.131535154920603	-0.200249982088667
700023496	-0.178656996870211	-0.142770319708157	-0.106374217763815	-0.243638660228707	-0.136724217795087	-0.0655936216793372	-0.191435387690408	-0.130742405926617	-0.166457259705234	-0.0965554727573881	-0.0938198798756845	-0.114324010522986	-0.128779562642794	-0.105150760480628	-0.127141632319118	-0.132836704268999	-0.108368702957286	-0.0883416807150856	-0.151820432123967	-0.173103992350641	-0.165701520088756	-0.118568595238805	-0.165696644748177	-0.169136654652212	-0.187361307242435	-0.193803737049209	-0.119763991797473	-0.182688085728273	-0.167264204913095	-0.120447316315573	0	-0.157257186118416	-0.10476960853306	-0.0807215121623339	-0.187757498110258	-0.146118137507672	-0.118889403910158	-0.0984004626425909	-0.170197381654693	-0.147288304974532	-0.132561622627084	-0.102910684032079	-0.0997587492588731	-0.160837468152016	-0.118185924943051	-0.126118613399361	-0.123905514545168	-0.105469263565989	-0.0740711532965174	-0.110629298278415	-0.115346345816253	-0.193799779827138	-0.218896364435127	-0.100095812856576	-0.214510089015876	-0.101279245872483	-0.144959927180219	-0.1971431430336	-0.133721616439684	-0.188741072781823
700034628	-0.155086504936041	-0.166221596414464	-0.133934476649219	-0.210368980399838	-0.178091196898915	-0.163519495533372	-0.111808318861251	-0.17769193101286	-0.110436953919665	-0.168543750313964	-0.113977538560017	-0.121858288800813	-0.168174476122087	-0.186057205249781	-0.165050414685735	-0.121442222058938	-0.170252974619721	-0.167623794580613	-0.12574068192048	-0.140604806667875	-0.120370322085841	-0.0763428139588695	-0.166829006674897	-0.154098795039505	-0.106355527256597	-0.205433076925021	-0.185399850626654	-0.207708716377727	-0.205277118681363	-0.18460583053551	-0.157257186118416	0	-0.122656799984783	-0.158529344147725	-0.197974462878767	-0.101574000584078	-0.195213062684792	-0.172783232745199	-0.155522787912092	-0.203318735544867	-0.168834188317599	-0.143246024306551	-0.151917719713488	-0.0803480736470864	-0.16304543192397	-0.182415981585903	-0.161243266067632	-0.14189581935359	-0.171195642339601	-0.106504922620657	-0.12419980624169	-0.156789234803959	-0.16215295029328	-0.129479458317055	-0.192488155774185	-0.142417162522157	-0.138956177862038	-0.143180900701408	-0.116735812979798	-0.0986863380703188
700023645	-0.134007622159018	-0.123278440195067	-0.114175335847919	-0.188777821834989	-0.131753365751723	-0.120243178558202	-0.139187953656911	-0.133893663964334	-0.118831167487469	-0.111368163541494	-0.0663791669098304	-0.110956113431329	-0.132375713506936	-0.117461157751256	-0.141348889796554	-0.0902493417755135	-0.118407817759757	-0.139989848121556	-0.107690131535352	-0.11990523489008	-0.124096075446355	-0.078825213168144	-0.14298938195561	-0.138258293779308	-0.144763910324783	-0.162157434138922	-0.121500002386461	-0.143142156260116	-0.140117903309648	-0.135320239326851	-0.10476960853306	-0.122656799984783	0	-0.10709541373635	-0.149511631647822	-0.10219639022882	-0.140866585978098	-0.15461035753251	-0.129738228608136	-0.155926503213633	-0.104145662484656	-0.102352850543774	-0.112236356190531	-0.112563055725403	-0.101485382769144	-0.103805529625915	-0.10295472654094	-0.103997416798973	-0.123084131608102	-0.0975439734590384	-0.0803960456561182	-0.136925478636009	-0.164162993036101	-0.109425700872897	-0.175429406622791	-0.106433827852742	-0.115577563132178	-0.132689439635424	-0.0997323472935277	-0.145008881824054
700038744	-0.190771282296571	-0.128670454620066	-0.101615849262907	-0.234054963884863	-0.140514074961766	-0.0755827426443139	-0.200509061331914	-0.108398718237914	-0.175949109111393	-0.071201440719809	-0.101582651128913	-0.120914728548233	-0.0904697174512695	-0.101238311784791	-0.130924063209336	-0.150252819342984	-0.0993037585316337	-0.10783271675724	-0.171735986912267	-0.179514500421824	-0.183114386447173	-0.12650774266588	-0.175660303445211	-0.186026463270615	-0.201065247031553	-0.187739251140742	-0.108573602563099	-0.145434013032724	-0.136895986293237	-0.0891215542654902	-0.0807215121623339	-0.158529344147725	-0.10709541373635	0	-0.180770170857304	-0.141881515018222	-0.137443499474051	-0.109802969020493	-0.16882336506436	-0.126752823840514	-0.138260239994927	-0.0746068876760868	-0.124896529680579	-0.16456666351337	-0.102634619891604	-0.128382163973698	-0.133061185835851	-0.0948883606682744	-0.0933704925571262	-0.108932216181678	-0.124222648476346	-0.195053265856856	-0.214820784322789	-0.129211506529365	-0.221119539845067	-0.0920536516937245	-0.153508203451635	-0.200151060418411	-0.127917192478304	-0.19469127040212
