700108602	700014971	700033565	700109389	700023058	700023927	700106341	700114221	700023543	700023439	700016978	700024192	700113058	700099448	700109870	700033928	700023693	700109627	700095416	700110425	700111580	700111302	700098605	700111991	700108960	700024452	700032931	700095837	700024548	700110161	700023496	700034628	700023645	700038744	700038485	700024743	700099596	700110760	700101587	700106399	700032322	700095653	700021312	700101230	700023590	700038905	700033136	700023382	700096424	700105469	700016908	700096053	700108479	700109569	700033814	700016125	700109756	700102665	700101777	700109455
700108602	0	0.234794618477918	0.30810654356744	0.247999224487398	0.190369869956162	0.258769529174031	0.110412355186069	0.298331869245583	0.122620544825017	0.258004661228606	0.178617036796894	0.314366466060345	0.286184017092602	0.207969119335728	0.310473591964206	0.187742488452929	0.282511215315367	0.248930680200448	0.0942381590558295	0.136036900887611	0.142900726495818	0.213991478441079	0.160001206617614	0.0728709626359536	0.178770734531615	0.1789263495589	0.231286912238587	0.326599364570564	0.279182894435674	0.29767100538689	0.228063913345633	0.240639408735353	0.213327659232356	0.25373899701273	0.167958647981231	0.153904053543192	0.197895281242046	0.269500638250041	0.110170467940481	0.356316837868845	0.137735117963201	0.299173102011897	0.162155160941986	0.175220899970788	0.268459705473024	0.215062862244004	0.174595152837167	0.266838856795841	0.204311336237466	0.295188854656671	0.240931241881278	0.098449272016174	0.154674974874134	0.109779882845419	0.149813479193746	0.274668577075024	0.149341812666562	0.113613354731595	0.271214656060865	0.147433533599386
700014971	0.234794618477918	0	0.295881908626211	0.343537789176482	0.143196550866741	0.235367709998826	0.25328479227067	0.173870077198264	0.212138458696194	0.151404733881431	0.195796402370269	0.308136791925872	0.189378093338675	0.146110424154681	0.266972752629193	0.258320480315402	0.163026347413033	0.266812354246211	0.231620170581839	0.227591466868013	0.266917745749639	0.236774180831442	0.211482686844318	0.229816799321819	0.319393762216614	0.181825981919657	0.0985506872872281	0.211274096837429	0.148626196970589	0.177453371618859	0.188046556033242	0.268894511379994	0.178686920987464	0.176387512695421	0.199873113037387	0.222715474899729	0.238598942213289	0.248456454388105	0.18576678174845	0.204581145996898	0.182830678686404	0.216985104468836	0.186695591767894	0.213548472471673	0.192358087226657	0.167461150204924	0.145162828366327	0.208205639270703	0.172915508726692	0.296848979806668	0.282171421078663	0.211391323474704	0.257407161673622	0.201334445693573	0.28428928592826	0.203379675769261	0.238593984878979	0.247999275406155	0.26953051997164	0.266718466516703
700033565	0.30810654356744	0.295881908626211	0	0.451650405829939	0.320098488611996	0.108664549697513	0.308060528985359	0.207476259681136	0.273981901233621	0.195569002916059	0.176310806095547	0.0663461913931292	0.174084678097988	0.236993742758872	0.181030042913318	0.151882219721127	0.214049779037283	0.135844255913859	0.279914997775549	0.332897891533978	0.244970351903291	0.12073048609535	0.348606075489898	0.330329106160295	0.262753565194159	0.352737497907881	0.257726945508685	0.385301622418083	0.313713795153986	0.217942221420167	0.181962774876649	0.155982463795006	0.196613937610002	0.14660832419193	0.36626258498138	0.25397010109287	0.261753604642472	0.149253542134374	0.286710205156367	0.261482720907423	0.232948647084778	0.11983379820616	0.226839185302574	0.24496441864258	0.192051953418561	0.231860624498479	0.25867432998071	0.166796430352687	0.196925495541069	0.0642970295348564	0.11363028499902	0.322798268479255	0.368377536315894	0.259088159162754	0.405324584926221	0.139025316044249	0.218131530074366	0.315931794108732	0.0753706533205136	0.283159446348761
700109389	0.247999224487398	0.343537789176482	0.451650405829939	0	0.31569546778364	0.426826607532452	0.214950514488733	0.415777825311637	0.288222846660184	0.406068120364457	0.348994829960513	0.45492125750534	0.415736460870623	0.37445806106923	0.441097016309405	0.355695058917921	0.405513557036858	0.434932250774676	0.29728152094241	0.187344000344758	0.296505969476676	0.376543039510025	0.214214135559942	0.23870019840568	0.282523043244663	0.260612685958608	0.363741407327789	0.411090424979974	0.354316589860554	0.411181120797739	0.39371735895845	0.396494572430031	0.355805489362287	0.390158167105549	0.223396682367565	0.282843504853762	0.391174091833083	0.44039476115143	0.261154784358989	0.422343855495783	0.30662249366176	0.428886035887111	0.333732420933749	0.327175331733313	0.395782201369774	0.345052510734354	0.345901234297966	0.406786058375772	0.383283204801544	0.444190307004885	0.395018197886882	0.213884288623443	0.139182969628362	0.290547229197999	0.186241523462438	0.411326189079271	0.291988453784671	0.217743698743782	0.41452065889135	0.270316660631885
700023058	0.190369869956162	0.143196550866741	0.320098488611996	0.31569546778364	0	0.235473203946827	0.218856928786053	0.208461998463273	0.180437943571769	0.192835183113489	0.19698982503512	0.313781098203185	0.243308255081851	0.164170177424981	0.278018540811552	0.235251125994337	0.198431735507426	0.255117457883934	0.177226301531276	0.212615597825116	0.228331615008417	0.245346974214895	0.188883345371844	0.175583636699718	0.304985591341925	0.15877437734189	0.164114843377824	0.263310773154307	0.193322944250564	0.229535088965908	0.187001164997228	0.284263106565605	0.195992011453824	0.21698067930829	0.16871651523951	0.234294889688222	0.205593143307535	0.227675993261603	0.161126224472464	0.254617668626241	0.153826030129217	0.253133908818809	0.156239383813182	0.229129398845382	0.217342612688539	0.17247755536199	0.126088958044132	0.225996818842214	0.175544318212916	0.315949808838571	0.286640453308467	0.181219670568429	0.231419333305753	0.179293821339093	0.248118181137193	0.236719118705473	0.228746097159817	0.220784536177991	0.283938391065099	0.225929496318323
700023927	0.258769529174031	0.235367709998826	0.108664549697513	0.426826607532452	0.235473203946827	0	0.278895729039432	0.1816918248822	0.235737610926513	0.13120328113293	0.12963032530744	0.118878647093629	0.158583652839584	0.148169553191897	0.189011167485237	0.138240832399851	0.167497619586849	0.0822362840514293	0.225854620952226	0.297428133777433	0.209246870978225	0.129185381566814	0.281313899440802	0.280244299282381	0.248829522413368	0.2997175835249	0.204534009787491	0.34737851475521	0.256517031950338	0.196888805525666	0.0904358339986316	0.15190578247583	0.161744545197566	0.0905921369723687	0.313752100654512	0.220401240229532	0.197685728304091	0.102783712571383	0.249301532888884	0.236181778881382	0.183223259078614	0.105827057400793	0.159345249992629	0.212376628166392	0.139554018252535	0.174192570409891	0.187931498740489	0.128000562440831	0.104525219263939	0.118284256231311	0.144798964152442	0.287538296026947	0.340006120143616	0.202684453088384	0.357019971717949	0.114614997728698	0.170624190621568	0.281992020112329	0.107494737731725	0.247317828217894
700106341	0.110412355186069	0.25328479227067	0.308060528985359	0.214950514488733	0.218856928786053	0.278895729039432	0	0.301423223113824	0.113500181443671	0.277595260058766	0.193726384036689	0.307840740904844	0.283247248291929	0.247934941285017	0.321692484513069	0.194386621263809	0.293449950377379	0.295101817551525	0.119748723737976	0.106035214829983	0.131827886071541	0.213093914578538	0.159639227434943	0.116402359971774	0.133216022510643	0.230640854043373	0.276776819656431	0.356221042515296	0.294791158798196	0.309334897917676	0.247436968181738	0.209921800499272	0.214426198253274	0.253887805576039	0.189282873182323	0.111791454212958	0.258682668001493	0.297166520642386	0.120130893015369	0.358987635272823	0.1625658316489	0.291130104591974	0.17848880799909	0.157251523532302	0.254630153763953	0.247403970619602	0.211344805259499	0.267234654180673	0.242798362819027	0.291467974119275	0.255541275172032	0.0841569467044268	0.122603192076558	0.124631064743239	0.17412471653313	0.272630588269575	0.142619397030027	0.0725074072462991	0.270179295755927	0.0887115651945621
700114221	0.298331869245583	0.173870077198264	0.207476259681136	0.415777825311637	0.208461998463273	0.1816918248822	0.301423223113824	0	0.269969909082793	0.0864957783933991	0.22600928135342	0.226203085059429	0.0957040676310651	0.149411543936999	0.150893775317515	0.251493650255908	0.0659361428059686	0.239501517679828	0.286907062805163	0.280696216842522	0.270932923125762	0.241939359973916	0.297361730441646	0.296368043761648	0.35720839111161	0.279390958218237	0.137031743829175	0.272280826047702	0.166187810286062	0.120027176038243	0.158418002464423	0.261561793110786	0.178499999153588	0.138799050895128	0.300973811607255	0.26802626822859	0.257392834251376	0.144138432332323	0.25383933912591	0.117790356392093	0.208480942177578	0.1132783066778	0.230983492009686	0.248087383896573	0.11800256780786	0.150169183053044	0.1581486222366	0.112602739210987	0.167090039724013	0.23169071997625	0.26951639451071	0.282819426496467	0.328836524719745	0.266016500886041	0.382903763308877	0.115170364927218	0.21925636095587	0.315963779046602	0.212497755737239	0.290534492378039
700023543	0.122620544825017	0.212138458696194	0.273981901233621	0.288222846660184	0.180437943571769	0.235737610926513	0.113500181443671	0.269969909082793	0	0.22883419099006	0.144590074352945	0.280793679642619	0.252336965208807	0.204691888639066	0.299267785380074	0.154336847812588	0.255675928474139	0.24862195854086	0.0997257463876326	0.158791299477592	0.143187563917859	0.175939741181669	0.195448263872686	0.114602072507967	0.162913646248026	0.208773127640083	0.222066807828559	0.320268883809524	0.283357618770668	0.265180405343203	0.193231053753541	0.175406252997698	0.17176603904046	0.203141158355304	0.178887492673139	0.13353184990295	0.214500004883319	0.256108381401085	0.0929605467381905	0.332062581134635	0.115679478091709	0.247083947262232	0.11943361977655	0.101693926014427	0.219888273825551	0.217966903181428	0.15309667454831	0.223805335376312	0.209253897600743	0.259092753169249	0.229945771335843	0.108304081870294	0.171047054347558	0.114397906285201	0.20142340495046	0.22859468475286	0.162119718825555	0.100162650872853	0.243462152786489	0.113136032646178
700023439	0.258004661228606	0.151404733881431	0.195569002916059	0.406068120364457	0.192835183113489	0.13120328113293	0.277595260058766	0.0864957783933991	0.22883419099006	0	0.183536619229346	0.207826379674196	0.0871977902212109	0.0959011434306102	0.170230620359402	0.220857833342989	0.0700332843785444	0.180131232438305	0.2414517769885	0.261323448965806	0.244596801814642	0.214974965100975	0.265960506491643	0.253757276175252	0.326237650465894	0.263384408059877	0.129183668549952	0.269818593223348	0.170215987150562	0.116752916050955	0.099559894260641	0.235523976460082	0.147423117071585	0.0996442204357318	0.27682681893789	0.237292958014087	0.204974739248919	0.128249696122386	0.222944656260793	0.144041517399593	0.159883667333522	0.104702685567667	0.183071374972749	0.222818356159002	0.109118384496533	0.133174616897954	0.136061542110237	0.101412355145277	0.10447016865036	0.208462566989376	0.238480095899363	0.254582690691586	0.317270302273553	0.214085047178655	0.351524814833664	0.105013543709205	0.19192975011933	0.277253736083925	0.197861387219758	0.263436894491172
700016978	0.178617036796894	0.195796402370269	0.176310806095547	0.348994829960513	0.19698982503512	0.12963032530744	0.193726384036689	0.22600928135342	0.144590074352945	0.183536619229346	0	0.181024590197393	0.203787105684257	0.176538341118522	0.250670126512395	0.102289483268595	0.206644917394769	0.134096702615053	0.155659074968614	0.196292278698051	0.151834983766473	0.0834257409239911	0.23197224810222	0.18803540057744	0.162503632463708	0.249539808345987	0.200675712682217	0.300123926271376	0.252187449989466	0.224973349695786	0.122383825650042	0.135746073733365	0.091921186582728	0.109935634509391	0.238433194060824	0.140964646758303	0.190998723372452	0.1947125268436	0.15307107358738	0.285093131048825	0.131767887989908	0.156778639601939	0.102794741738698	0.123967784238466	0.162982738440346	0.177033252298948	0.157727920721172	0.171030149798084	0.151175943834528	0.179625260186093	0.130910701688032	0.195913243178925	0.241869334769436	0.14170210405053	0.270447983802143	0.157632354899446	0.135957866240323	0.179731567226055	0.152715905310176	0.183983614705614
700024192	0.314366466060345	0.308136791925872	0.0663461913931292	0.45492125750534	0.313781098203185	0.118878647093629	0.307840740904844	0.226203085059429	0.280793679642619	0.207826379674196	0.181024590197393	0	0.200190853754731	0.246190541475685	0.190696099143617	0.160330041127785	0.218282875680206	0.151969817605374	0.283609203425493	0.329109958475812	0.233545421003418	0.129122421590439	0.349832172134392	0.339168427253437	0.271394883803543	0.361568465366419	0.287191313808365	0.386646455817797	0.302102300823754	0.254071677962966	0.176581861589813	0.158331590247095	0.195533136158105	0.151580511435188	0.378808978888618	0.255148681866107	0.275394865883473	0.171295921686501	0.296522766614111	0.267592916950574	0.244147719980246	0.131554178277396	0.239558404289771	0.242945192706807	0.168728367052031	0.226534390877025	0.2557708770593	0.15975813466154	0.210307454300783	0.0684398047412716	0.108031076059988	0.327065250265165	0.371673093704821	0.272476985007478	0.417404913639928	0.154704589025231	0.213306598477685	0.321899232345229	0.104901623177481	0.278194807688566
700113058	0.286184017092602	0.189378093338675	0.174084678097988	0.415736460870623	0.243308255081851	0.158583652839584	0.283247248291929	0.0957040676310651	0.252336965208807	0.0871977902212109	0.203787105684257	0.200190853754731	0	0.144282853791194	0.150398139394243	0.230406069189351	0.113530484573785	0.206374675089511	0.272184365274962	0.273522726540107	0.272108827042028	0.218567471442844	0.302886938089681	0.289635179734962	0.337354952241598	0.303717861151631	0.15801162327463	0.287850221844441	0.207495094916462	0.124491597276413	0.140608581953247	0.239944912730131	0.167839285124906	0.112613796612616	0.320185757690498	0.253997496090593	0.245107040490827	0.135033717879309	0.245571564431809	0.147359355052207	0.194842675483483	0.0984590854436614	0.223503630838662	0.232259947315373	0.121820087522511	0.172800207420855	0.194618325670624	0.108170722243163	0.146977015618934	0.201464284131864	0.242588706085743	0.269846345470183	0.329286316126007	0.257998921647359	0.386237896591015	0.0765824350545124	0.213580578927835	0.297534131583524	0.181917837175907	0.282870074340397
700099448	0.207969119335728	0.146110424154681	0.236993742758872	0.37445806106923	0.164170177424981	0.148169553191897	0.247934941285017	0.149411543936999	0.204691888639066	0.0959011434306102	0.176538341118522	0.246190541475685	0.144282853791194	0	0.214295963371125	0.212141757269505	0.130943348980487	0.182639847330897	0.197095196777887	0.229582889099375	0.226892918518821	0.21781394959195	0.220030857548987	0.206831286117063	0.297317440096579	0.207583754695065	0.115398808053929	0.266985560376293	0.170884000385247	0.146904404449155	0.11528882372872	0.246291242640434	0.153308538366711	0.122577866044555	0.239178407658765	0.220474115280279	0.174734029654605	0.150754214537637	0.198102809980723	0.207181905190665	0.142630393288057	0.15618966386635	0.14807388266211	0.215942492298682	0.127310985648193	0.141593966624444	0.119645802082309	0.149721095204026	0.0812774106183381	0.235735975355505	0.229257464423266	0.220604570076196	0.286354653119873	0.184015940018466	0.296329463283963	0.14594265715909	0.176440691443853	0.243086860353784	0.21033641463889	0.240532032357742
700109870	0.310473591964206	0.266972752629193	0.181030042913318	0.441097016309405	0.278018540811552	0.189011167485237	0.321692484513069	0.150893775317515	0.299267785380074	0.170230620359402	0.250670126512395	0.190696099143617	0.150398139394243	0.214295963371125	0	0.270060089826639	0.148710158864449	0.248178385957022	0.302302560610014	0.318455558689242	0.269235715018759	0.255496196634473	0.32196555149084	0.336273877888004	0.363669843352496	0.341483516003431	0.231292239727933	0.357965894371163	0.23430346343546	0.181661039737325	0.194061439611462	0.262560135259585	0.254318116754129	0.193376238761178	0.361370203007368	0.291834975697561	0.278229511835599	0.11863721923601	0.286481588634587	0.168712282292492	0.250563881260428	0.156321808553915	0.273807013394519	0.274051670882063	0.16418988940127	0.164637607796315	0.232795159894163	0.118308518086747	0.188940309099678	0.206195155547763	0.267719287675407	0.321413523320103	0.357914628343944	0.282647679330857	0.400265557154829	0.147833936780836	0.235233623943324	0.348914960888719	0.198897367081102	0.301752644924044
700033928	0.187742488452929	0.258320480315402	0.151882219721127	0.355695058917921	0.235251125994337	0.138240832399851	0.194386621263809	0.251493650255908	0.154336847812588	0.220857833342989	0.102289483268595	0.160330041127785	0.230406069189351	0.212141757269505	0.270060089826639	0	0.238666216476101	0.144586509354144	0.158379942764787	0.233956799771178	0.144630166044987	0.0721232336660784	0.259887494908363	0.204390006657889	0.168584190018302	0.27277263378996	0.248673883209856	0.344466640589195	0.293625416723768	0.257226736340234	0.160702718914438	0.120171772509644	0.11926231067774	0.143506651359315	0.275983003444282	0.179470275070281	0.213152204922025	0.218868805318512	0.175599555644663	0.311148389776038	0.129885448122444	0.173067747664203	0.138275103663599	0.180874086411411	0.183234121546391	0.20685008725124	0.182436022044638	0.199760743116681	0.19292075497106	0.141902820802335	0.10630884914328	0.198070265261404	0.261772528030973	0.17426653958645	0.293994778905022	0.180720418900053	0.159801816497612	0.193378507693487	0.124156740442512	0.170283673038781
700023693	0.282511215315367	0.163026347413033	0.214049779037283	0.405513557036858	0.198431735507426	0.167497619586849	0.293449950377379	0.0659361428059686	0.255675928474139	0.0700332843785444	0.206644917394769	0.218282875680206	0.113530484573785	0.130943348980487	0.148710158864449	0.238666216476101	0	0.217137694534943	0.269394672355247	0.272953307398125	0.243678634682151	0.233484618603367	0.272666543758284	0.280425366770429	0.345939207421869	0.274764081415227	0.14156195086811	0.276754893362459	0.154778674610807	0.141252588745617	0.130741316831468	0.255637359137156	0.171089548760486	0.128712563133009	0.289665809439172	0.25602535571539	0.237221947251453	0.15222057075242	0.236847699660051	0.120446036415167	0.190376685721957	0.127918025791069	0.211988573172347	0.24179133535797	0.108732394598553	0.112696407331883	0.153837039688912	0.0959783347585012	0.142548843629274	0.228841766016374	0.257612863577607	0.271522122292101	0.314707539093159	0.247492446060706	0.361246542632704	0.119310459095333	0.208083429027942	0.305543796004191	0.217106561124173	0.278860153959427
700109627	0.248930680200448	0.266812354246211	0.135844255913859	0.434932250774676	0.255117457883934	0.0822362840514293	0.295101817551525	0.239501517679828	0.24862195854086	0.180131232438305	0.134096702615053	0.151969817605374	0.206374675089511	0.182639847330897	0.248178385957022	0.144586509354144	0.217137694534943	0	0.235359725388431	0.305509349527688	0.243769721229939	0.132295313171343	0.310750802236208	0.27355715008808	0.250486812672195	0.306462143380971	0.234935449282086	0.353175640250288	0.316245494368591	0.231235185643918	0.127960513236219	0.182488653438234	0.172008094624108	0.141130514749768	0.322267465097284	0.241288410602782	0.168070542007113	0.141475602621436	0.265404186767136	0.292581457412776	0.2078433807436	0.158752093233902	0.172697551078463	0.2174737857231	0.205076847043139	0.230371399999828	0.226734515671309	0.191565688516116	0.137840670460184	0.155984799057497	0.145815879078826	0.304337073610387	0.347895825370933	0.221674302546615	0.347823579377634	0.172338153521155	0.207203968495917	0.285025423546591	0.147470577083825	0.278666882815567
700095416	0.0942381590558295	0.231620170581839	0.279914997775549	0.29728152094241	0.177226301531276	0.225854620952226	0.119748723737976	0.286907062805163	0.0997257463876326	0.2414517769885	0.155659074968614	0.283609203425493	0.272184365274962	0.197095196777887	0.302302560610014	0.158379942764787	0.269394672355247	0.235359725388431	0	0.175506534493295	0.135783379224287	0.185670094142541	0.169524022114633	0.0990584891291243	0.175369283101328	0.203609990973633	0.22737678362962	0.33938292351169	0.282358564268177	0.288824372987893	0.203965014755808	0.198041010458165	0.200397965733467	0.23365910534508	0.175275569509834	0.144325164867137	0.192066448618019	0.253517183905944	0.0971881061997321	0.348251065778142	0.116078674380155	0.283373065785352	0.126900779118654	0.161684072288508	0.249980465290862	0.2090497639258	0.159047017597297	0.247597989202619	0.193860486448456	0.26844651483875	0.225450364564621	0.129120980439522	0.188721652085568	0.0819499650281693	0.175586045253102	0.257785664867004	0.159468888492691	0.137116338563125	0.247623674718416	0.134049858023395
700110425	0.136036900887611	0.227591466868013	0.332897891533978	0.187344000344758	0.212615597825116	0.297428133777433	0.106035214829983	0.280696216842522	0.158791299477592	0.261323448965806	0.196292278698051	0.329109958475812	0.273522726540107	0.229582889099375	0.318455558689242	0.233956799771178	0.272953307398125	0.305509349527688	0.175506534493295	0	0.177254405973786	0.236059354754595	0.126057124284764	0.126411913430552	0.157456451899072	0.230224052594724	0.246706654726594	0.316309574250515	0.275376624137717	0.282659266057083	0.25149360782147	0.263699600503997	0.206675547411917	0.24960584228443	0.186865147146183	0.136036944741514	0.257932158803421	0.309679366981219	0.129660515004958	0.339176894195036	0.173529308098324	0.282877252880395	0.190730002891219	0.166812521223387	0.247925323463758	0.233161843901695	0.189427925418107	0.268658666771919	0.242644981363144	0.320202004016897	0.272305041225776	0.109589275032295	0.078353774062584	0.150886948442151	0.154552250638583	0.268967879128006	0.149150705541353	0.111179208899902	0.294146105836814	0.142604190334038
700111580	0.142900726495818	0.266917745749639	0.244970351903291	0.296505969476676	0.228331615008417	0.209246870978225	0.131827886071541	0.270932923125762	0.143187563917859	0.244596801814642	0.151834983766473	0.233545421003418	0.272108827042028	0.226892918518821	0.269235715018759	0.144630166044987	0.243678634682151	0.243769721229939	0.135783379224287	0.177254405973786	0	0.155232920864083	0.194015156306338	0.164397874957278	0.130201662140443	0.273692203426892	0.2767663072691	0.37850596814581	0.253467894693211	0.297658026724436	0.184950164420791	0.164059279563693	0.185001508525004	0.213839966212738	0.249895305312621	0.132543839077604	0.253684456740676	0.238719813278819	0.153296175596926	0.316597814735906	0.153292827789733	0.240628955635473	0.154797829103981	0.156493755658256	0.188030325961631	0.186856283919212	0.188214047958129	0.205829468283014	0.207734623783167	0.219663776050342	0.199175173071986	0.145945132096216	0.211142281451138	0.121815276577607	0.24082634918349	0.227473473445952	0.0958298726247244	0.131933686884262	0.196848051156622	0.101979860798273
700111302	0.213991478441079	0.236774180831442	0.12073048609535	0.376543039510025	0.245346974214895	0.129185381566814	0.213093914578538	0.241939359973916	0.175939741181669	0.214974965100975	0.0834257409239911	0.129122421590439	0.218567471442844	0.21781394959195	0.255496196634473	0.0721232336660784	0.233484618603367	0.132295313171343	0.185670094142541	0.236059354754595	0.155232920864083	0	0.278044103830745	0.229805406664798	0.171728240373421	0.291491137505935	0.244744839472504	0.346315753305561	0.296820957096203	0.249555599841292	0.156903393376004	0.0949104967699389	0.114778932419024	0.132530551850577	0.286749578555177	0.165606259886378	0.213685593149957	0.20877193443315	0.19386386424971	0.297683502661994	0.16712968744137	0.157822188357802	0.140884950775182	0.161535286565691	0.174159459177853	0.21418477977274	0.192991378030133	0.183031323006867	0.186903141680856	0.109453392498596	0.0881485051149672	0.226218821790593	0.276853252625192	0.171236162692287	0.319206833483594	0.166756991750897	0.157102641398907	0.217595197636753	0.0973966428702126	0.194946962172789
700098605	0.160001206617614	0.211482686844318	0.348606075489898	0.214214135559942	0.188883345371844	0.281313899440802	0.159639227434943	0.297361730441646	0.195448263872686	0.265960506491643	0.23197224810222	0.349832172134392	0.302886938089681	0.220030857548987	0.32196555149084	0.259887494908363	0.272666543758284	0.310750802236208	0.169524022114633	0.126057124284764	0.194015156306338	0.278044103830745	0	0.152871701524925	0.223561066484166	0.205819659660991	0.221172923211098	0.327688024725639	0.264755888000453	0.306716572607676	0.241234053198523	0.292152132411186	0.253353295206986	0.268077234057028	0.179469540954115	0.170300308658393	0.260049165581688	0.295206712192954	0.154041316193534	0.327140698185337	0.184781414834645	0.312985400746117	0.203493397380265	0.216899347196421	0.289176506748572	0.208891299909614	0.189685227209759	0.279363268464449	0.230094884064285	0.337323326891756	0.30547569388759	0.167958743862308	0.134393195727458	0.156923361981627	0.137421105389624	0.288853048197025	0.200375877155531	0.176390247444268	0.311556604547095	0.157078303159838
700111991	0.0728709626359536	0.229816799321819	0.330329106160295	0.23870019840568	0.175583636699718	0.280244299282381	0.116402359971774	0.296368043761648	0.114602072507967	0.253757276175252	0.18803540057744	0.339168427253437	0.289635179734962	0.206831286117063	0.336273877888004	0.204390006657889	0.280425366770429	0.27355715008808	0.0990584891291243	0.126411913430552	0.164397874957278	0.229805406664798	0.152871701524925	0	0.187492223739628	0.164866323385727	0.22973872237284	0.318299672222785	0.281782937390455	0.296113308227416	0.24207748068889	0.256602935681379	0.213180504738334	0.253924567051607	0.132923593035894	0.160329734749034	0.222352804272933	0.294129773648553	0.102549460472225	0.356744302691849	0.141698842311615	0.299037296490368	0.162048876071511	0.174574978507102	0.266141903110729	0.228311280916034	0.169652180068554	0.276863362582675	0.225675173744804	0.316405248483389	0.26450682238886	0.0913163246051693	0.140243079210784	0.110860641484405	0.132265146390526	0.279124253919898	0.188625221007484	0.0966681816854672	0.296109850461079	0.155673571922356
700108960	0.178770734531615	0.319393762216614	0.262753565194159	0.282523043244663	0.304985591341925	0.248829522413368	0.133216022510643	0.35720839111161	0.162913646248026	0.326237650465894	0.162503632463708	0.271394883803543	0.337354952241598	0.297317440096579	0.363669843352496	0.168584190018302	0.345939207421869	0.250486812672195	0.175369283101328	0.157456451899072	0.130201662140443	0.171728240373421	0.223561066484166	0.187492223739628	0	0.324554320934413	0.330933747173052	0.41182379820508	0.349510975741233	0.354707496857231	0.266016447378492	0.147767313712217	0.217129318544598	0.254190657138263	0.27498359585933	0.13037415056386	0.296543512624899	0.319120815621501	0.189893439092495	0.410679304668872	0.22247740430719	0.282370645482854	0.196694719575533	0.163335011217483	0.280270244994022	0.295288339401359	0.269437715989263	0.307501167549758	0.279879255762112	0.236283463190349	0.208695309728732	0.179863592370385	0.179528282725692	0.158851549477943	0.206676803889904	0.291539877044047	0.162993204596837	0.134669112987984	0.219198987987255	0.11669265059668
700024452	0.1789263495589	0.181825981919657	0.352737497907881	0.260612685958608	0.15877437734189	0.2997175835249	0.230640854043373	0.279390958218237	0.208773127640083	0.263384408059877	0.249539808345987	0.361568465366419	0.303717861151631	0.207583754695065	0.341483516003431	0.27277263378996	0.274764081415227	0.306462143380971	0.203609990973633	0.230224052594724	0.273692203426892	0.291491137505935	0.205819659660991	0.164866323385727	0.324554320934413	0	0.198722842813179	0.263339113891564	0.198112142032932	0.265423022452562	0.27392283753646	0.316012021314676	0.252080108580178	0.273880988052565	0.0894778230056597	0.251646986473871	0.260093073543504	0.308203343566768	0.173867072123382	0.299623708281064	0.187692822287148	0.315173943951931	0.221556490217217	0.258564537245364	0.283712765150463	0.211328172085671	0.180520330848906	0.297485193982121	0.242638746640845	0.354473184783546	0.305908048500904	0.180556311753776	0.221739236359956	0.206234814009397	0.197463387503834	0.30091762586439	0.242524644677049	0.22352348487137	0.3188697464213	0.273123306065091
700032931	0.231286912238587	0.0985506872872281	0.257726945508685	0.363741407327789	0.164114843377824	0.204534009787491	0.276776819656431	0.137031743829175	0.222066807828559	0.129183668549952	0.200675712682217	0.287191313808365	0.15801162327463	0.115398808053929	0.231292239727933	0.248673883209856	0.14156195086811	0.234935449282086	0.22737678362962	0.246706654726594	0.2767663072691	0.244744839472504	0.221172923211098	0.22973872237284	0.330933747173052	0.198722842813179	0	0.219172086905562	0.15848374139904	0.148268787804101	0.170481400676082	0.277110171534794	0.168836965615276	0.156200759388659	0.213131642254347	0.246063651087284	0.20808610484451	0.19635322692965	0.206261115680213	0.175511203962629	0.177232145820696	0.177662982300913	0.179354595099706	0.228715940918206	0.166651486789824	0.152747095586822	0.130627019885205	0.178776827203061	0.144589379168846	0.268775884242705	0.271698585998246	0.240081104375433	0.277688500513188	0.213291857744044	0.28818596466572	0.166255431381145	0.237656445028584	0.270016829323442	0.23634275474159	0.284467898443082
700095837	0.326599364570564	0.211274096837429	0.385301622418083	0.411090424979974	0.263310773154307	0.34737851475521	0.356221042515296	0.272280826047702	0.320268883809524	0.269818593223348	0.300123926271376	0.386646455817797	0.287850221844441	0.266985560376293	0.357965894371163	0.344466640589195	0.276754893362459	0.353175640250288	0.33938292351169	0.316309574250515	0.37850596814581	0.346315753305561	0.327688024725639	0.318299672222785	0.41182379820508	0.263339113891564	0.219172086905562	0	0.2033164917189	0.215093908732503	0.304578261489047	0.389823777937018	0.270626335350557	0.271928264298893	0.285385839528068	0.342520700016424	0.323237163354659	0.349462853884142	0.29089267879142	0.299266776911927	0.285551594419258	0.30887751926533	0.309030814192694	0.317663495629043	0.281635231004975	0.283970537135901	0.254415054452263	0.307878419130907	0.299836945427244	0.389528549709721	0.359559846445841	0.317051470172762	0.341604906736409	0.331589400862868	0.375376153340011	0.301752896930253	0.339306789496674	0.341000551002705	0.362751354894628	0.376626567311115
700024548	0.279182894435674	0.148626196970589	0.313713795153986	0.354316589860554	0.193322944250564	0.256517031950338	0.294791158798196	0.166187810286062	0.283357618770668	0.170215987150562	0.252187449989466	0.302102300823754	0.207495094916462	0.170884000385247	0.23430346343546	0.293625416723768	0.154778674610807	0.316245494368591	0.282358564268177	0.275376624137717	0.253467894693211	0.296820957096203	0.264755888000453	0.281782937390455	0.349510975741233	0.198112142032932	0.15848374139904	0.2033164917189	0	0.162823690088076	0.222049066303447	0.322307436220554	0.218111605056454	0.205261327520665	0.228575457099278	0.273888567759284	0.301116071232458	0.247628704410043	0.242327658121204	0.158955776046417	0.209247234781874	0.223726474748251	0.249519519151963	0.286057973844014	0.159595226167562	0.119134711207083	0.179384211319566	0.188217326172775	0.207851611776954	0.318084446781641	0.300946158253039	0.259663149955217	0.299376741420949	0.255828880117389	0.31976092805938	0.221208054098577	0.226479906096855	0.297692933221977	0.288171975865793	0.298171770868832
700110161	0.29767100538689	0.177453371618859	0.217942221420167	0.411181120797739	0.229535088965908	0.196888805525666	0.309334897917676	0.120027176038243	0.265180405343203	0.116752916050955	0.224973349695786	0.254071677962966	0.124491597276413	0.146904404449155	0.181661039737325	0.257226736340234	0.141252588745617	0.231235185643918	0.288824372987893	0.282659266057083	0.297658026724436	0.249555599841292	0.306716572607676	0.296113308227416	0.354707496857231	0.265423022452562	0.148268787804101	0.215093908732503	0.162823690088076	0	0.175278289304726	0.276724356377524	0.192057246722198	0.145374984744394	0.28757219396267	0.276577993932923	0.248071870826266	0.157746816037948	0.260692744592571	0.169497785401771	0.21368992490444	0.148654525939853	0.227270642260841	0.25244319590241	0.161592841313864	0.194608417198203	0.190879374982677	0.158880106655086	0.162681234934837	0.249199735745326	0.271116796696222	0.27995033713418	0.341521464881554	0.257588407339755	0.383704912909818	0.143020748441084	0.238435944757937	0.307089595712909	0.225785946111058	0.309637602165026
700023496	0.228063913345633	0.188046556033242	0.181962774876649	0.39371735895845	0.187001164997228	0.0904358339986316	0.247436968181738	0.158418002464423	0.193231053753541	0.099559894260641	0.122383825650042	0.176581861589813	0.140608581953247	0.11528882372872	0.194061439611462	0.160702718914438	0.130741316831468	0.127960513236219	0.203965014755808	0.25149360782147	0.184950164420791	0.156903393376004	0.241234053198523	0.24207748068889	0.266016447378492	0.27392283753646	0.170481400676082	0.304578261489047	0.222049066303447	0.175278289304726	0	0.192047947291385	0.132459757971049	0.0905279415680245	0.279420832164855	0.194650212610077	0.17350500217998	0.116708735237245	0.203922424254047	0.217006726431237	0.133889304021692	0.130833647546409	0.123943738586798	0.183401110187427	0.115374157949631	0.144080199994235	0.13368094237663	0.106791912733487	0.078484436416162	0.182855704197622	0.181240367570827	0.245562251424885	0.301349505912759	0.178534290651859	0.323638437346145	0.11144896352711	0.147250162700101	0.241553535041736	0.169747471814359	0.219693994346742
700034628	0.240639408735353	0.268894511379994	0.155982463795006	0.396494572430031	0.284263106565605	0.15190578247583	0.209921800499272	0.261561793110786	0.175406252997698	0.235523976460082	0.135746073733365	0.158331590247095	0.239944912730131	0.246291242640434	0.262560135259585	0.120171772509644	0.255637359137156	0.182488653438234	0.198041010458165	0.263699600503997	0.164059279563693	0.0949104967699389	0.292152132411186	0.256602935681379	0.147767313712217	0.316012021314676	0.277110171534794	0.389823777937018	0.322307436220554	0.276724356377524	0.192047947291385	0	0.180270990935844	0.163667067458958	0.313470282794563	0.167488804091118	0.261702992815906	0.21845091237562	0.219757500385037	0.31221848444102	0.214794290362882	0.173779334715395	0.185716911441718	0.144919269633681	0.195471366750666	0.243155744835794	0.229984819265777	0.19887323541216	0.215763720510634	0.129227813864863	0.155498003772534	0.239416351970583	0.292734372565329	0.19513033015006	0.329258043754534	0.18285097339162	0.17583208710554	0.219210877012549	0.126637098144468	0.163988203248724
700023645	0.213327659232356	0.178686920987464	0.196613937610002	0.355805489362287	0.195992011453824	0.161744545197566	0.214426198253274	0.178499999153588	0.17176603904046	0.147423117071585	0.091921186582728	0.195533136158105	0.167839285124906	0.153308538366711	0.254318116754129	0.11926231067774	0.171089548760486	0.172008094624108	0.200397965733467	0.206675547411917	0.185001508525004	0.114778932419024	0.253353295206986	0.213180504738334	0.217129318544598	0.252080108580178	0.168836965615276	0.270626335350557	0.218111605056454	0.192057246722198	0.132459757971049	0.180270990935844	0	0.0928565645978589	0.257365433996191	0.176758278933712	0.218584615312871	0.203396863155707	0.180396108666108	0.240786309832743	0.133067980631404	0.1204151260804	0.123808539480176	0.164908938651694	0.122956808720672	0.180272510373921	0.137938076533985	0.159157533483607	0.170301495387133	0.190833562472587	0.151545226864537	0.204294951596536	0.262659911380656	0.19512098891237	0.316193129113388	0.129049262718242	0.16441219964155	0.201271351427781	0.168736619418406	0.219801656349669
700038744	0.25373899701273	0.176387512695421	0.14660832419193	0.390158167105549	0.21698067930829	0.0905921369723687	0.253887805576039	0.138799050895128	0.203141158355304	0.0996442204357318	0.109935634509391	0.151580511435188	0.112613796612616	0.122577866044555	0.193376238761178	0.143506651359315	0.128712563133009	0.141130514749768	0.23365910534508	0.24960584228443	0.213839966212738	0.132530551850577	0.268077234057028	0.253924567051607	0.254190657138263	0.273880988052565	0.156200759388659	0.271928264298893	0.205261327520665	0.145374984744394	0.0905279415680245	0.163667067458958	0.0928565645978589	0	0.291158216566945	0.210753039980877	0.21138561011683	0.137134723414141	0.210997809896349	0.192958069627336	0.152461977844577	0.0751690346569825	0.159504124352997	0.185220027257452	0.0888538826013609	0.158836846446121	0.162347012605799	0.1026389125634	0.118120227341181	0.150630215744596	0.159477359537476	0.24478453551705	0.303445297062795	0.212429530147264	0.347395006762593	0.0761915551890089	0.16728663354565	0.242745241470734	0.13292330800882	0.2457557501502
700038485	0.167958647981231	0.199873113037387	0.36626258498138	0.223396682367565	0.16871651523951	0.313752100654512	0.189282873182323	0.300973811607255	0.178887492673139	0.27682681893789	0.238433194060824	0.378808978888618	0.320185757690498	0.239178407658765	0.361370203007368	0.275983003444282	0.289665809439172	0.322267465097284	0.175275569509834	0.186865147146183	0.249895305312621	0.286749578555177	0.179469540954115	0.132923593035894	0.27498359585933	0.0894778230056597	0.213131642254347	0.285385839528068	0.228575457099278	0.28757219396267	0.279420832164855	0.313470282794563	0.257365433996191	0.291158216566945	0	0.213167876344075	0.270141080720968	0.334329353067986	0.145131303829883	0.31699461378359	0.198487711525173	0.332638490241459	0.220481967437742	0.224963990700983	0.301910811061199	0.228580341304872	0.199167210340086	0.315271988938316	0.267931484551957	0.370140730348123	0.305946019937212	0.141595685083901	0.166729719704857	0.169265209328556	0.153725984724888	0.318974761182847	0.241324627782974	0.175675144874516	0.335862729548794	0.232237055943892
700024743	0.153904053543192	0.222715474899729	0.25397010109287	0.282843504853762	0.234294889688222	0.220401240229532	0.111791454212958	0.26802626822859	0.13353184990295	0.237292958014087	0.140964646758303	0.255148681866107	0.253997496090593	0.220474115280279	0.291834975697561	0.179470275070281	0.25602535571539	0.241288410602782	0.144325164867137	0.136036944741514	0.132543839077604	0.165606259886378	0.170300308658393	0.160329734749034	0.13037415056386	0.251646986473871	0.246063651087284	0.342520700016424	0.273888567759284	0.276577993932923	0.194650212610077	0.167488804091118	0.176758278933712	0.210753039980877	0.213167876344075	0	0.23301661130658	0.254379966015795	0.129597515691655	0.326139725006619	0.155731360787468	0.251300036090934	0.149503080669733	0.112960486868358	0.223988285600182	0.213117047380212	0.192745140453098	0.222263737698406	0.201104959790516	0.249775006112942	0.207747510046638	0.150134134420534	0.17513243997367	0.10764747306007	0.208260073109815	0.233228052364816	0.13484282967826	0.133721271905566	0.222228783650516	0.0831732904399576
