700108602	700014971	700033565	700109389	700023058	700023927	700106341	700114221	700023543	700023439	700016978	700024192	700113058	700099448	700109870	700033928	700023693	700109627	700095416	700110425	700111580	700111302	700098605	700111991	700108960	700024452	700032931	700095837	700024548	700110161	700023496	700034628	700023645	700038744	700038485	700024743	700099596	700110760	700101587	700106399	700032322	700095653	700021312	700101230	700023590	700038905	700033136	700023382	700096424	700105469	700016908	700096053	700108479	700109569	700033814	700016125	700109756	700102665	700101777	700109455
700108602	0	-0.166092363432006	-0.201511308003465	-0.121988847865658	-0.134308197124326	-0.196281517091251	-0.0875582848516796	-0.214972125747022	-0.102576545056253	-0.203540940407337	-0.142671259254013	-0.198050601212268	-0.216547767508386	-0.151160968373314	-0.2077359294041	-0.11433829047939	-0.21055511084441	-0.180071225093157	-0.100321609831893	-0.0902774266851836	-0.108121383110168	-0.125402872035226	-0.105333661214335	-0.0513436861936717	-0.109884310220677	-0.123836734278404	-0.153255820142095	-0.171308598634074	-0.186673499621062	-0.206769820765132	-0.189572930426422	-0.159029153462427	-0.142273063191134	-0.18314880108519	-0.111813270247269	-0.116560200875007	-0.163399248464056	-0.207731625910723	-0.0840004031156139	-0.242759569128019	-0.107069545843062	-0.198230528037471	-0.141124556078084	-0.136187221894368	-0.182224940751482	-0.163994752121538	-0.121586757890552	-0.197915377805473	-0.167620888153556	-0.175674134287371	-0.130171130240503	-0.088105302571116	-0.0872010252269927	-0.11465068300963	-0.0814455247287016	-0.199424968473201	-0.124233938278176	-0.0800100980211309	-0.171618566049676	-0.106206252502705
700014971	-0.166092363432006	0	-0.168651176194619	-0.211331207077151	-0.121639423801671	-0.141298833946682	-0.178943328172395	-0.132780285207884	-0.145353580540271	-0.117012508568902	-0.11548637266316	-0.187337811014844	-0.127882713461895	-0.111207049312513	-0.155743241288142	-0.16251054294453	-0.116437881309899	-0.163340390442094	-0.167108491431937	-0.155572843715228	-0.163574909975005	-0.135345342286934	-0.139393244767373	-0.174723587800515	-0.188664724962196	-0.154832740072842	-0.0929863642661615	-0.137009835018528	-0.120971632873031	-0.124450218432939	-0.130345767805838	-0.163251993949177	-0.115367811921331	-0.121190399084893	-0.140225757720407	-0.121663048781637	-0.163725819498599	-0.167450731459549	-0.142346942921092	-0.14554867562506	-0.134302200631712	-0.133975505829259	-0.134139090412617	-0.156818648326802	-0.116853511649806	-0.110639832277566	-0.121156727546049	-0.134412834712972	-0.115145275024702	-0.151831788303633	-0.16020792279249	-0.169286622829614	-0.167556696512956	-0.118779674088538	-0.174798583983267	-0.118089482929162	-0.153963504633202	-0.176307790818384	-0.14576120478756	-0.166776187844382
700033565	-0.201511308003465	-0.168651176194619	0	-0.232885293236092	-0.19038496415057	-0.0843863576256733	-0.204003593897521	-0.0983229511901801	-0.177207630271133	-0.103933464344214	-0.104973966176577	-0.0640297225535903	-0.115384007365358	-0.156495643346095	-0.0940438635347472	-0.128884128571562	-0.115688245033868	-0.103345809921526	-0.174102017989418	-0.184679731806648	-0.172450005563769	-0.100374207705602	-0.198924230640937	-0.195121820272597	-0.182552465948061	-0.210551909323209	-0.159366821171598	-0.182386934164496	-0.167542408554017	-0.111067333838659	-0.115880762744779	-0.129640546163918	-0.118953098638163	-0.102234231412381	-0.20538615564857	-0.143437700759537	-0.16791626541194	-0.10853673129042	-0.186107224196551	-0.138393030553115	-0.165955156878571	-0.0755826669059928	-0.165633073285658	-0.15151825392446	-0.12434661265565	-0.145443036561597	-0.178439399792637	-0.0992320310183839	-0.141214182081107	-0.0780142931562163	-0.102407378027567	-0.214822686864772	-0.213201817035028	-0.13691025672647	-0.233316367142657	-0.108426623424916	-0.148867447877979	-0.204635842266386	-0.0868854803876591	-0.198037758636457
700109389	-0.121988847865658	-0.211331207077151	-0.232885293236092	0	-0.195467564332458	-0.248577432932999	-0.120702121487011	-0.245912884326987	-0.17619094791408	-0.244743908865491	-0.203079240173753	-0.226005798215404	-0.238841820503299	-0.211828807069263	-0.227086621196791	-0.177213800171956	-0.247250915762731	-0.235571582081926	-0.189595215792445	-0.114644765875559	-0.152681434700521	-0.19106138450006	-0.150814121686886	-0.145054264011125	-0.147459130534313	-0.148860988321875	-0.226136444158589	-0.207640113048481	-0.188534144742015	-0.231129690278068	-0.244939804013188	-0.217365369016872	-0.187760594251112	-0.231972064889037	-0.135396298845323	-0.168444733920456	-0.239219970979841	-0.257155406434197	-0.152072785594255	-0.23869019858073	-0.160415715100179	-0.230743449909062	-0.205534329741974	-0.18903245789409	-0.211652069195743	-0.19600799006531	-0.196862068111602	-0.227920564184441	-0.221097163748868	-0.218994011883409	-0.170336705633465	-0.120506259733121	-0.0761434129808183	-0.182181841310558	-0.134043068515275	-0.235135286201328	-0.13807461150533	-0.127636400020692	-0.191783609246099	-0.15412862046332
700023058	-0.134308197124326	-0.121639423801671	-0.19038496415057	-0.195467564332458	0	-0.149459869122661	-0.152582054151559	-0.17810060721982	-0.121185224000074	-0.1604131179048	-0.124693665872363	-0.193865264971608	-0.183800156293839	-0.124151096193821	-0.180789553811248	-0.148923708059471	-0.164401866186953	-0.155643503264825	-0.141138547226692	-0.147986793627489	-0.158907206927376	-0.143543805452611	-0.136414130199182	-0.139123920462374	-0.177792202719865	-0.144753842250168	-0.122960946054329	-0.164055991342973	-0.162099303507702	-0.171500548976282	-0.14416640920078	-0.180003103525867	-0.133095446812594	-0.146032671208668	-0.128613047237859	-0.138672487237132	-0.126144321874658	-0.148501371781526	-0.112193317296316	-0.200851369030229	-0.115975142144216	-0.174857151303785	-0.113463882334445	-0.161798666880968	-0.154491310276592	-0.143446042611971	-0.107262846153065	-0.170946823476414	-0.124829199890642	-0.179803520911368	-0.159910211540414	-0.149378590426701	-0.149645627877451	-0.12385848040555	-0.148473335110154	-0.173062455112188	-0.158514208194008	-0.153428292548494	-0.168732544467233	-0.149498538426685
700023927	-0.196281517091251	-0.141298833946682	-0.0843863576256733	-0.248577432932999	-0.149459869122661	0	-0.21863256177879	-0.0973964272882721	-0.184286126847909	-0.0720955988430998	-0.107881213695389	-0.10110139422242	-0.111675486846008	-0.0994819175999958	-0.0962821283977547	-0.152539694294725	-0.0974772822704325	-0.0863607481923375	-0.180874905466818	-0.19823447612791	-0.182914797302462	-0.143256157286681	-0.173856826047804	-0.195578416001836	-0.210476157561949	-0.206656462321559	-0.125863534944293	-0.180558329029971	-0.15567032119227	-0.0970360454782831	-0.0611624639426225	-0.159629097562063	-0.120835789679499	-0.0589063784713649	-0.201504341587733	-0.15144579161112	-0.124150499316996	-0.0632431372822058	-0.189879376795195	-0.137717401225399	-0.1588589796218	-0.0834066041314535	-0.132770885920236	-0.172900300261404	-0.115177712633402	-0.126643793379802	-0.150415274303426	-0.0943179166909119	-0.0729409260427277	-0.10589376079581	-0.133967756565895	-0.225220409074129	-0.227451954277424	-0.141770670742938	-0.221456776940642	-0.102943690839116	-0.157862084467007	-0.212852804385609	-0.112291644836176	-0.204633722914686
700106341	-0.0875582848516796	-0.178943328172395	-0.204003593897521	-0.120702121487011	-0.152582054151559	-0.21863256177879	0	-0.219128096046895	-0.082612812456221	-0.215648465201052	-0.148635276138627	-0.187248761929853	-0.217993865926181	-0.182932171139354	-0.208834679902842	-0.133248698380274	-0.220392967052578	-0.214578135166715	-0.117861457763184	-0.0821269748893787	-0.0924883144993027	-0.12404468171653	-0.131287746366758	-0.104486660484656	-0.0758749913028932	-0.160378345239636	-0.203237487369076	-0.204914559942704	-0.196758982361133	-0.216730218517476	-0.208084409811857	-0.119785571553996	-0.149921051027644	-0.199022860804371	-0.137941386973452	-0.101594443681855	-0.199728675603952	-0.228813126007247	-0.0831991945822906	-0.247005715466095	-0.121807352242109	-0.198480988604709	-0.137996770560346	-0.114030755135351	-0.182652737613908	-0.18266263685255	-0.160246675985013	-0.194993184966698	-0.187570997487509	-0.168944593295235	-0.144928630414444	-0.0713505514315355	-0.0910217401847239	-0.116886026291945	-0.11686208434033	-0.203443663317208	-0.113586589364831	-0.0697744525262069	-0.165336308155277	-0.0734715805721874
700114221	-0.214972125747022	-0.132780285207884	-0.0983229511901801	-0.245912884326987	-0.17810060721982	-0.0973964272882721	-0.219128096046895	0	-0.194015722348962	-0.0703483589052392	-0.13518114912918	-0.120886568827804	-0.0761770174376149	-0.131465196194628	-0.0838313958842948	-0.173952491311188	-0.0688290141315009	-0.148489562343731	-0.199104539587256	-0.199980541362261	-0.195912190460723	-0.162334641160297	-0.20084235963749	-0.214289886879147	-0.229392449360492	-0.210513117371249	-0.133583565201462	-0.171020888396626	-0.138562092400419	-0.0956588409174865	-0.117416837992959	-0.173480647898475	-0.124204352118812	-0.104726649607019	-0.209558795063162	-0.157148320220385	-0.167842820685933	-0.0984087951809022	-0.192810950343583	-0.100608186642101	-0.15076246555283	-0.0828128998755237	-0.172846528236889	-0.182623324475413	-0.104393775592857	-0.121854624222621	-0.151250162453364	-0.0806670049377126	-0.128094343209944	-0.122045713338754	-0.152762631056125	-0.224387800832269	-0.222684056823882	-0.155919954680804	-0.243120503275322	-0.0785150595187798	-0.160006240320634	-0.226523197669584	-0.123168963869209	-0.205167046733552
700023543	-0.102576545056253	-0.145353580540271	-0.177207630271133	-0.17619094791408	-0.121185224000074	-0.184286126847909	-0.082612812456221	-0.194015722348962	0	-0.179840505516499	-0.111324808633648	-0.181164164704441	-0.201751914380312	-0.153007850215567	-0.192273585914173	-0.097294705163113	-0.190946339269623	-0.172880400685213	-0.0869271921287895	-0.111910948709998	-0.115595618631287	-0.100665321467037	-0.12253114485489	-0.105942763305564	-0.102195632691372	-0.137350989817706	-0.158306470443967	-0.168866614040437	-0.195410565344406	-0.18361391241024	-0.171597307264439	-0.106067202812928	-0.127589635739351	-0.170624695422803	-0.118369544340103	-0.104243713661808	-0.153783026368432	-0.197905468492184	-0.0753944794117205	-0.23345335851584	-0.112124387592017	-0.180514310917364	-0.119454460963921	-0.0902076527004668	-0.170006252203907	-0.158553442215781	-0.129468930267536	-0.179802525810238	-0.16101973009498	-0.149393765236756	-0.126285672125749	-0.0873804052632939	-0.1170915437811	-0.0980943251140545	-0.121112093262985	-0.18249748940681	-0.138311893978022	-0.0857249117039956	-0.155169965859071	-0.0832667909728769
700023439	-0.203540940407337	-0.117012508568902	-0.103933464344214	-0.244743908865491	-0.1604131179048	-0.0720955988430998	-0.215648465201052	-0.0703483589052392	-0.179840505516499	0	-0.114437555159129	-0.116592428325281	-0.0892761163483072	-0.108137948447058	-0.101632370334849	-0.157101603915973	-0.0758908027303446	-0.113717213681914	-0.185506160915152	-0.19694466799255	-0.176281440971998	-0.150496137900243	-0.185391759243394	-0.19939815824847	-0.212887362572792	-0.203670490508674	-0.119848398333335	-0.169157428045424	-0.13849705923614	-0.0922017156650098	-0.0788544664137805	-0.163796908689345	-0.110970705139366	-0.0756996603731084	-0.19786000205216	-0.151049856554633	-0.139696670410715	-0.0944090939960127	-0.181559097693351	-0.113672430255626	-0.141005104158359	-0.0801567063526888	-0.144634213599349	-0.172306532319028	-0.0965234574098676	-0.10217215514371	-0.135551401339186	-0.0782422528806185	-0.0928958237137195	-0.113707895739938	-0.137241944584937	-0.217929135608125	-0.220859405376499	-0.135166168303709	-0.229605038123392	-0.0814862841966664	-0.151054975647668	-0.20740301975812	-0.112869302383387	-0.197592054157337
700016978	-0.142671259254013	-0.11548637266316	-0.104973966176577	-0.203079240173753	-0.124693665872363	-0.107881213695389	-0.148635276138627	-0.13518114912918	-0.111324808633648	-0.114437555159129	0	-0.107749553118474	-0.13916691527625	-0.12157601959428	-0.141073071485653	-0.0829249072872684	-0.129365638085286	-0.105525059918126	-0.126978054118729	-0.125098362059546	-0.125487498615082	-0.0599861883579365	-0.139859014325632	-0.137185500983527	-0.133463561898793	-0.172859761265826	-0.123136526998369	-0.150164356421838	-0.157148539516727	-0.126608217445919	-0.0987519416607369	-0.0979606353694816	-0.074484889916572	-0.0925738397284826	-0.152986519124625	-0.0873126848743372	-0.129531455581743	-0.143497362275765	-0.120023029379474	-0.169981118400876	-0.101035075054635	-0.102774962765083	-0.0981370345191898	-0.106155820798702	-0.120778197509988	-0.127768840983281	-0.126615316803662	-0.109402710624873	-0.108740699079844	-0.091697047422014	-0.0917428428474621	-0.148875848872745	-0.154287916115748	-0.0775832259991665	-0.16888008020528	-0.114311468548745	-0.128971329361496	-0.141003543254993	-0.106876845798979	-0.140872087923324
700024192	-0.198050601212268	-0.187337811014844	-0.0640297225535903	-0.226005798215404	-0.193865264971608	-0.10110139422242	-0.187248761929853	-0.120886568827804	-0.181164164704441	-0.116592428325281	-0.107749553118474	0	-0.117857562551957	-0.167257874737662	-0.0979888992178737	-0.130207913818725	-0.134609702092702	-0.123311927284756	-0.171282462381731	-0.176811225304582	-0.163429852703178	-0.105126806572238	-0.199619827996251	-0.200331076764039	-0.174734597626594	-0.226217911440822	-0.180381527467996	-0.189487755878974	-0.175042764497412	-0.135892209512884	-0.117107625113362	-0.111941752326111	-0.112996385085954	-0.108467243633447	-0.218547727730112	-0.14204832895805	-0.171785313028162	-0.122323698842006	-0.192972609216001	-0.147607839595002	-0.158841270187946	-0.0782940228764762	-0.166860400055313	-0.141282836415266	-0.116582527450383	-0.152572731232649	-0.182983971312851	-0.096814837532538	-0.15085665961598	-0.0779650806328792	-0.108741732189739	-0.216556093086444	-0.211294842061006	-0.141317383261522	-0.240488428599541	-0.109587268714241	-0.136522849207956	-0.202358056421048	-0.0972238233360056	-0.194093359619863
700113058	-0.216547767508386	-0.127882713461895	-0.115384007365358	-0.238841820503299	-0.183800156293839	-0.111675486846008	-0.217993865926181	-0.0761770174376149	-0.201751914380312	-0.0892761163483072	-0.13916691527625	-0.117857562551957	0	-0.140156068903884	-0.089065591163937	-0.177570547967302	-0.100860637590328	-0.159731796241123	-0.210386968169051	-0.198233993224088	-0.201828402303346	-0.166076896991164	-0.210447561610733	-0.224210459523615	-0.227464844669193	-0.213267669390689	-0.135854549128784	-0.14678062417119	-0.124779083427261	-0.0862312220377429	-0.124297939527268	-0.171403837051168	-0.128140941830356	-0.108082068502629	-0.216634898110048	-0.166444703240891	-0.180079941623376	-0.123029533389773	-0.200310296384802	-0.101721168876357	-0.158491697719326	-0.0739770060974011	-0.192443365849415	-0.181723627210093	-0.0941513568080804	-0.128126153428994	-0.171312693851916	-0.0829514565413873	-0.136776692067031	-0.121010977520229	-0.161672961926919	-0.224498880029535	-0.220223831331135	-0.175091558169256	-0.25501342745569	-0.0656395010306516	-0.159543697143919	-0.231353271540486	-0.125495207071671	-0.205399658782537
700099448	-0.151160968373314	-0.111207049312513	-0.156495643346095	-0.211828807069263	-0.124151096193821	-0.0994819175999958	-0.182932171139354	-0.131465196194628	-0.153007850215567	-0.108137948447058	-0.12157601959428	-0.167257874737662	-0.140156068903884	0	-0.140492086556055	-0.144750342648029	-0.118145511457875	-0.126396108447494	-0.143481122717916	-0.162937489715896	-0.156457193582961	-0.148897493899159	-0.131169490021357	-0.148851021177815	-0.194095065181214	-0.154320303769179	-0.0953173392853057	-0.159497872514358	-0.132881486150536	-0.119676387982692	-0.106289349397307	-0.172153062910291	-0.109325474529773	-0.0952543481692293	-0.150792386322096	-0.137830351621446	-0.121593450730995	-0.1210519846854	-0.148765449067136	-0.168037414819994	-0.128422438869943	-0.129619043732144	-0.111015416396467	-0.173736588232499	-0.118806441551809	-0.112517880689838	-0.0967697703782903	-0.128471544382345	-0.0705081837010579	-0.146078964168545	-0.137512612820502	-0.175957247596774	-0.187293966643779	-0.123810729942747	-0.16885878308632	-0.127053579102862	-0.130520462068391	-0.173371643822858	-0.13179752817689	-0.172180828429589
700109870	-0.2077359294041	-0.155743241288142	-0.0940438635347472	-0.227086621196791	-0.180789553811248	-0.0962821283977547	-0.208834679902842	-0.0838313958842948	-0.192273585914173	-0.101632370334849	-0.141073071485653	-0.0979888992178737	-0.089065591163937	-0.140492086556055	0	-0.169357391228315	-0.105938487529262	-0.156010896467124	-0.19905981565625	-0.188107374642856	-0.177942207655547	-0.156397198932231	-0.188661515153667	-0.215267375542735	-0.214203598501713	-0.212548472619392	-0.15718604460777	-0.176844273191441	-0.137947700385237	-0.0974884247794572	-0.127977537782384	-0.158490916320498	-0.139550987697153	-0.121075684299268	-0.212616475541239	-0.15188127953739	-0.177852132422384	-0.0913243766106505	-0.197721549449326	-0.112403763465863	-0.1700292221649	-0.0777291087492029	-0.189662793650286	-0.171510449189431	-0.109469017734956	-0.123300750412008	-0.167366314079032	-0.0829448043837806	-0.135228627842794	-0.107066594002346	-0.153679835017987	-0.217836996174617	-0.208261680832524	-0.160569422911554	-0.235565436635016	-0.0964728958674728	-0.13996449718067	-0.223208471542121	-0.109753362599679	-0.199413330151675
700033928	-0.11433829047939	-0.16251054294453	-0.128884128571562	-0.177213800171956	-0.148923708059471	-0.152539694294725	-0.133248698380274	-0.173952491311188	-0.097294705163113	-0.157101603915973	-0.0829249072872684	-0.130207913818725	-0.177570547967302	-0.144750342648029	-0.169357391228315	0	-0.171702895213146	-0.132660728893949	-0.0946530898855036	-0.124805894717421	-0.10833336699545	-0.0781792469980478	-0.13593701647399	-0.103061192917897	-0.119043495349503	-0.156535208080527	-0.155056087542783	-0.150637729419083	-0.185782999553617	-0.163459450080726	-0.143329565094858	-0.118050911846473	-0.0921141515185118	-0.138962870972217	-0.147821035596184	-0.126526475703197	-0.135157441898238	-0.17618087158394	-0.109829437321791	-0.21244708154484	-0.089526805676932	-0.134397674403386	-0.117389727424428	-0.121261236615266	-0.144339663256616	-0.147500634433191	-0.128400364319702	-0.150221468402652	-0.148233923239894	-0.108160530933236	-0.0719006409842479	-0.129714316746838	-0.14144991300417	-0.104169975455114	-0.152579754401714	-0.152181464196239	-0.129270364460264	-0.115078457639286	-0.119844618756492	-0.124540984743187
700023693	-0.21055511084441	-0.116437881309899	-0.115688245033868	-0.247250915762731	-0.164401866186953	-0.0974772822704325	-0.220392967052578	-0.0688290141315009	-0.190946339269623	-0.0758908027303446	-0.129365638085286	-0.134609702092702	-0.100860637590328	-0.118145511457875	-0.105938487529262	-0.171702895213146	0	-0.143745490806181	-0.197149569454806	-0.199762627169778	-0.180776886097266	-0.162362074799508	-0.190962685721237	-0.207916624103935	-0.22838049558171	-0.208037779704237	-0.125519590634651	-0.163237969681504	-0.120216573200354	-0.0927606181894846	-0.103701273971194	-0.175223850575469	-0.125034140963086	-0.10158604520656	-0.198022901674176	-0.15517744826909	-0.156324138784883	-0.115172945948011	-0.192169056048378	-0.0988836096560984	-0.151846778272905	-0.0909374878210843	-0.160886958442298	-0.183328014547223	-0.08567386552425	-0.107076868823147	-0.130583306388646	-0.0797525323832842	-0.115780107973829	-0.131464589679807	-0.157287412684411	-0.219621588895694	-0.22122886542671	-0.147356238850565	-0.237383269302031	-0.0901580709064618	-0.152229105910395	-0.221989464694503	-0.136769302365603	-0.209502607498659
700109627	-0.180071225093157	-0.163340390442094	-0.103345809921526	-0.235571582081926	-0.155643503264825	-0.0863607481923375	-0.214578135166715	-0.148489562343731	-0.172880400685213	-0.113717213681914	-0.105525059918126	-0.123311927284756	-0.159731796241123	-0.126396108447494	-0.156010896467124	-0.132660728893949	-0.143745490806181	0	-0.164702118417062	-0.185577410805946	-0.184822471063858	-0.124403977514851	-0.17576952212287	-0.16807228957875	-0.190226424941569	-0.207263379077962	-0.139648615403993	-0.190184840138274	-0.208170970113973	-0.139738494281838	-0.0867802717837752	-0.154767129720811	-0.132277324464768	-0.103410942516135	-0.19072777806071	-0.16390613832565	-0.117466939288979	-0.108631560396527	-0.177680894614118	-0.196370632027489	-0.171613884127988	-0.135507725093844	-0.126024283359809	-0.160378956947309	-0.169434640269132	-0.158868281864461	-0.150255796739434	-0.148300653719571	-0.0983723006165231	-0.121029440656923	-0.108288121864069	-0.212420467644705	-0.216033064917858	-0.139933845263672	-0.201570401080696	-0.146027859378622	-0.172638979514497	-0.198510846049979	-0.130076509871977	-0.200725956654246
700095416	-0.100321609831893	-0.167108491431937	-0.174102017989418	-0.189595215792445	-0.141138547226692	-0.180874905466818	-0.117861457763184	-0.199104539587256	-0.0869271921287895	-0.185506160915152	-0.126978054118729	-0.171282462381731	-0.210386968169051	-0.143481122717916	-0.19905981565625	-0.0946530898855036	-0.197149569454806	-0.164702118417062	0	-0.128844676945342	-0.111506193594111	-0.109155618298589	-0.126615770660466	-0.0969293748464106	-0.113773609335167	-0.140147304114201	-0.156771578759266	-0.180949846657426	-0.194694390089394	-0.1934131782921	-0.167266650297965	-0.122717324321177	-0.120909945606048	-0.170594648775874	-0.133362208390274	-0.125474453904227	-0.149140576187623	-0.191120489843029	-0.102488938350516	-0.240800797149208	-0.113329268690348	-0.185132266795925	-0.108107069969725	-0.131511566464114	-0.1715674454184	-0.156370100706705	-0.121115729465721	-0.187670613464302	-0.158162243901527	-0.149668847255078	-0.111106420137957	-0.125667132287636	-0.141621756992486	-0.09113224196987	-0.129150207902753	-0.183833626369509	-0.133798115756533	-0.112884076977519	-0.148646201279239	-0.124470413517298
700110425	-0.0902774266851836	-0.155572843715228	-0.184679731806648	-0.114644765875559	-0.147986793627489	-0.19823447612791	-0.0821269748893787	-0.199980541362261	-0.111910948709998	-0.19694466799255	-0.125098362059546	-0.176811225304582	-0.198233993224088	-0.162937489715896	-0.188107374642856	-0.124805894717421	-0.199762627169778	-0.185577410805946	-0.128844676945342	0	-0.0914861961379838	-0.113394796310755	-0.115041786450115	-0.0997710136532832	-0.0772403232987511	-0.159979816254849	-0.175069634211509	-0.171835544429353	-0.176984985569221	-0.189229672103937	-0.189884867531233	-0.143473886461784	-0.129542048923575	-0.183619352207655	-0.137292350156772	-0.0853609050373433	-0.178412458304055	-0.211560223960737	-0.0960472587705351	-0.229284026743629	-0.111905307162924	-0.177487201548883	-0.133479256873114	-0.102268124603816	-0.164685424179468	-0.158324612530947	-0.149507346390808	-0.178940952798417	-0.164088056717236	-0.159938023253221	-0.128014910630569	-0.0826028632081253	-0.0723232455268568	-0.108330216373543	-0.112953012758522	-0.185224063345385	-0.0833125900303349	-0.0797513345748008	-0.151563638232565	-0.104159503763625
700111580	-0.108121383110168	-0.163574909975005	-0.172450005563769	-0.152681434700521	-0.158907206927376	-0.182914797302462	-0.0924883144993027	-0.195912190460723	-0.115595618631287	-0.176281440971998	-0.125487498615082	-0.163429852703178	-0.201828402303346	-0.156457193582961	-0.177942207655547	-0.10833336699545	-0.180776886097266	-0.184822471063858	-0.111506193594111	-0.0914861961379838	0	-0.0981934652256576	-0.112748997800065	-0.109228607085017	-0.0754323651230762	-0.178225151467577	-0.181919619607301	-0.203276963579563	-0.158479334594693	-0.196657551271169	-0.172958768715928	-0.116808703618996	-0.123660922274558	-0.175104353763591	-0.156944910320419	-0.0996776720119676	-0.18410534474265	-0.194163937457892	-0.114281349477204	-0.217596446168842	-0.103543661440642	-0.168900335806957	-0.127571331751676	-0.123184589694856	-0.142587677467139	-0.141728330880818	-0.141277096621822	-0.156175292639376	-0.154619882849239	-0.137454175251651	-0.10752861699496	-0.104056846703111	-0.121179455889802	-0.0869976244108332	-0.141294469801691	-0.171849481020465	-0.0764882025044323	-0.0845270845657575	-0.123389963129569	-0.0972264984070741
700111302	-0.125402872035226	-0.135345342286934	-0.100374207705602	-0.19106138450006	-0.143543805452611	-0.143256157286681	-0.12404468171653	-0.162334641160297	-0.100665321467037	-0.150496137900243	-0.0599861883579365	-0.105126806572238	-0.166076896991164	-0.148897493899159	-0.156397198932231	-0.0781792469980478	-0.162362074799508	-0.124403977514851	-0.109155618298589	-0.113394796310755	-0.0981934652256576	0	-0.145181169299285	-0.12697621125835	-0.100226596574062	-0.179890093250799	-0.154910234465751	-0.174010308760517	-0.175333666487921	-0.162363796259292	-0.133879057607029	-0.0737473023023309	-0.0887424211551712	-0.127489004893209	-0.160392807857412	-0.0911965989559612	-0.14889039653322	-0.170729859526565	-0.117223303249653	-0.194708571769442	-0.116294053823585	-0.122890642935255	-0.111333467085961	-0.101278905377946	-0.128490839483545	-0.154151619409624	-0.145675131067786	-0.131819980418222	-0.137734848157127	-0.0828956440048136	-0.0753430755718512	-0.134198927793296	-0.143933905682877	-0.0758330316873051	-0.16696255087175	-0.137383287727286	-0.112023966273838	-0.125108727134798	-0.0937431951386428	-0.124230604206652
700098605	-0.105333661214335	-0.139393244767373	-0.198924230640937	-0.150814121686886	-0.136414130199182	-0.173856826047804	-0.131287746366758	-0.20084235963749	-0.12253114485489	-0.185391759243394	-0.139859014325632	-0.199619827996251	-0.210447561610733	-0.131169490021357	-0.188661515153667	-0.13593701647399	-0.190962685721237	-0.17576952212287	-0.126615770660466	-0.115041786450115	-0.112748997800065	-0.145181169299285	0	-0.115230323725898	-0.145400946827538	-0.137315991922075	-0.14027731035908	-0.178381127338224	-0.169810547110684	-0.18942327407768	-0.169997822196704	-0.169235581863908	-0.150604702714389	-0.17192424929653	-0.123437728856964	-0.123993558139146	-0.164141150902815	-0.184034617322339	-0.111614461169787	-0.218577525794719	-0.127035351368881	-0.191451690233462	-0.136999149110066	-0.143715519291119	-0.18586239092986	-0.141589760777501	-0.131102548598896	-0.19013385635991	-0.154047742566582	-0.175382317178751	-0.150493891391405	-0.128321551327607	-0.122147956850001	-0.11713274354107	-0.0956337639512438	-0.197900113908925	-0.135190456889546	-0.121196608395703	-0.165880910843851	-0.115275648861507
700111991	-0.0513436861936717	-0.174723587800515	-0.195121820272597	-0.145054264011125	-0.139123920462374	-0.195578416001836	-0.104486660484656	-0.214289886879147	-0.105942763305564	-0.19939815824847	-0.137185500983527	-0.200331076764039	-0.224210459523615	-0.148851021177815	-0.215267375542735	-0.103061192917897	-0.207916624103935	-0.16807228957875	-0.0969293748464106	-0.0997710136532832	-0.109228607085017	-0.12697621125835	-0.115230323725898	0	-0.115003300389459	-0.133492087624504	-0.16050774169718	-0.180491685463344	-0.191683337851694	-0.208214062118237	-0.185336086696829	-0.165483377254333	-0.138345599089875	-0.185440851401321	-0.121949640242438	-0.116884009934345	-0.158612027702314	-0.204354526507066	-0.0917900700206012	-0.249466527530014	-0.10443696541809	-0.196902425695536	-0.123392353957483	-0.138325908876871	-0.180815683833952	-0.168580794315455	-0.113370375213683	-0.19568676321446	-0.165205695470364	-0.177352670551898	-0.12495229219663	-0.102814929276974	-0.113068258569293	-0.11280390701054	-0.0871275928770544	-0.200719937660438	-0.132772484214072	-0.0845553819257194	-0.170708558967521	-0.115913920507221
700108960	-0.109884310220677	-0.188664724962196	-0.182552465948061	-0.147459130534313	-0.177792202719865	-0.210476157561949	-0.0758749913028932	-0.229392449360492	-0.102195632691372	-0.212887362572792	-0.133463561898793	-0.174734597626594	-0.227464844669193	-0.194095065181214	-0.214203598501713	-0.119043495349503	-0.22838049558171	-0.190226424941569	-0.113773609335167	-0.0772403232987511	-0.0754323651230762	-0.100226596574062	-0.145400946827538	-0.115003300389459	0	-0.196570200585887	-0.211274973903291	-0.210701708853998	-0.207611126853826	-0.215935866271796	-0.199865186066897	-0.103699443185038	-0.144793072966425	-0.197258201284575	-0.167980952513664	-0.101547178569653	-0.198068575026556	-0.228409400926088	-0.111041205213805	-0.257734692198462	-0.13550673464229	-0.190546660855936	-0.144248825352627	-0.0978693998921122	-0.187329923389209	-0.191505774220923	-0.185350245485282	-0.198720663163327	-0.183830046167162	-0.145709370825719	-0.117027510152057	-0.0971526410879374	-0.1061652120157	-0.105890212995041	-0.129759107001771	-0.205035395196063	-0.104000623439478	-0.0728630809868073	-0.14381171809591	-0.0894620873262543
700024452	-0.123836734278404	-0.154832740072842	-0.210551909323209	-0.148860988321875	-0.144753842250168	-0.206656462321559	-0.160378345239636	-0.210513117371249	-0.137350989817706	-0.203670490508674	-0.172859761265826	-0.226217911440822	-0.213267669390689	-0.154320303769179	-0.212548472619392	-0.156535208080527	-0.208037779704237	-0.207263379077962	-0.140147304114201	-0.159979816254849	-0.178225151467577	-0.179890093250799	-0.137315991922075	-0.133492087624504	-0.196570200585887	0	-0.152948654991671	-0.146878259629362	-0.153632957666031	-0.194925466040909	-0.201277525126944	-0.20477414113078	-0.161705483090256	-0.189230282570599	-0.0601404608129675	-0.157351437966117	-0.195367161516901	-0.217488139584416	-0.121461377532599	-0.221826133295473	-0.13742482767025	-0.208451057369124	-0.155887319479501	-0.179600441548747	-0.185673142951772	-0.1458532301384	-0.118425880394218	-0.210145613658853	-0.179293375351455	-0.201458501060496	-0.174177922233684	-0.133199903204671	-0.132612340754	-0.155742454400105	-0.119517083682949	-0.203335028527113	-0.172956775864965	-0.157520698254094	-0.181344471566911	-0.170382885001531
700032931	-0.153255820142095	-0.0929863642661615	-0.159366821171598	-0.226136444158589	-0.122960946054329	-0.125863534944293	-0.203237487369076	-0.133583565201462	-0.158306470443967	-0.119848398333335	-0.123136526998369	-0.180381527467996	-0.135854549128784	-0.0953173392853057	-0.15718604460777	-0.155056087542783	-0.125519590634651	-0.139648615403993	-0.156771578759266	-0.175069634211509	-0.181919619607301	-0.154910234465751	-0.14027731035908	-0.16050774169718	-0.211274973903291	-0.152948654991671	0	-0.132873311054451	-0.13934394896223	-0.132748657091516	-0.121250821316737	-0.181550781773823	-0.116373730937739	-0.117070465708889	-0.152919718410205	-0.148025491782259	-0.130344133924941	-0.145128154870108	-0.150296083457238	-0.149122948109095	-0.136424288172299	-0.130766969366653	-0.132731258328749	-0.173858987894407	-0.122185062561791	-0.116977042703083	-0.10577917083489	-0.13249117903173	-0.10957954310682	-0.151923028927191	-0.157806012598836	-0.189172096258765	-0.187201860264033	-0.14161082385554	-0.170888956298925	-0.119863717257446	-0.168341616842944	-0.192326823081862	-0.15157116753343	-0.18553537319243
700095837	-0.171308598634074	-0.137009835018528	-0.182386934164496	-0.207640113048481	-0.164055991342973	-0.180558329029971	-0.204914559942704	-0.171020888396626	-0.168866614040437	-0.169157428045424	-0.150164356421838	-0.189487755878974	-0.14678062417119	-0.159497872514358	-0.176844273191441	-0.150637729419083	-0.163237969681504	-0.190184840138274	-0.180949846657426	-0.171835544429353	-0.203276963579563	-0.174010308760517	-0.178381127338224	-0.180491685463344	-0.210701708853998	-0.146878259629362	-0.132873311054451	0	-0.124194546446976	-0.128830785326956	-0.183120087806517	-0.199120154101437	-0.1338429621878	-0.150544512927457	-0.151233616153749	-0.169366507458922	-0.169949177409896	-0.201123119142523	-0.164257009229525	-0.175455670143511	-0.149218684042322	-0.152573611931205	-0.18138128749688	-0.170807565975331	-0.137650998639191	-0.15998904823465	-0.156656894548564	-0.158117373426348	-0.168516314432549	-0.176215825168579	-0.164106024666697	-0.18603658250957	-0.178133082324586	-0.176790999330553	-0.192025622404062	-0.14829876192686	-0.187646895089186	-0.191618508540506	-0.175977827851629	-0.195102452145851
700024548	-0.186673499621062	-0.120971632873031	-0.167542408554017	-0.188534144742015	-0.162099303507702	-0.15567032119227	-0.196758982361133	-0.138562092400419	-0.195410565344406	-0.13849705923614	-0.157148539516727	-0.175042764497412	-0.124779083427261	-0.132881486150536	-0.137947700385237	-0.185782999553617	-0.120216573200354	-0.208170970113973	-0.194694390089394	-0.176984985569221	-0.158479334594693	-0.175333666487921	-0.169810547110684	-0.191683337851694	-0.207611126853826	-0.153632957666031	-0.13934394896223	-0.124194546446976	0	-0.12452083660131	-0.164023896155076	-0.205676610791259	-0.129669616881697	-0.147742915350596	-0.148414526787446	-0.139684755113746	-0.193228505505692	-0.165486666605897	-0.16807657254552	-0.119951499898441	-0.138628744647219	-0.129476858492689	-0.176406805499627	-0.204979966443736	-0.0859106257196127	-0.0940561728580361	-0.14648909105985	-0.120271895430073	-0.147359588192084	-0.176480908977146	-0.164487544358465	-0.190522862183481	-0.175875170420352	-0.1495601014755	-0.189856683899221	-0.12983747502322	-0.131329176845549	-0.201134647607896	-0.147065018599507	-0.202287458669883
700110161	-0.206769820765132	-0.124450218432939	-0.111067333838659	-0.231129690278068	-0.171500548976282	-0.0970360454782831	-0.216730218517476	-0.0956588409174865	-0.18361391241024	-0.0922017156650098	-0.126608217445919	-0.135892209512884	-0.0862312220377429	-0.119676387982692	-0.0974884247794572	-0.163459450080726	-0.0927606181894846	-0.139738494281838	-0.1934131782921	-0.189229672103937	-0.196657551271169	-0.162363796259292	-0.18942327407768	-0.208214062118237	-0.215935866271796	-0.194925466040909	-0.132748657091516	-0.128830785326956	-0.12452083660131	0	-0.119573003270044	-0.174055687938064	-0.123023591955583	-0.0913651242637238	-0.191351847409179	-0.154603881000818	-0.151889912848862	-0.107764382495022	-0.189007011387399	-0.126540094485528	-0.16585990250343	-0.0879602225574921	-0.165652266882186	-0.174287274681655	-0.109953530042948	-0.138344028872568	-0.162738924663816	-0.100655807308193	-0.10866726363181	-0.124285551045491	-0.149809891666902	-0.207435701967146	-0.211862353339596	-0.151062470118764	-0.230766854511086	-0.0962514748217624	-0.158927340246737	-0.208369416942138	-0.124983387444688	-0.199319510958387
700023496	-0.189572930426422	-0.130345767805838	-0.115880762744779	-0.244939804013188	-0.14416640920078	-0.0611624639426225	-0.208084409811857	-0.117416837992959	-0.171597307264439	-0.0788544664137805	-0.0987519416607369	-0.117107625113362	-0.124297939527268	-0.106289349397307	-0.127977537782384	-0.143329565094858	-0.103701273971194	-0.0867802717837752	-0.167266650297965	-0.189884867531233	-0.172958768715928	-0.133879057607029	-0.169997822196704	-0.185336086696829	-0.199865186066897	-0.201277525126944	-0.121250821316737	-0.183120087806517	-0.164023896155076	-0.119573003270044	0	-0.152563186128873	-0.112105375697106	-0.0741167409883236	-0.191702937481407	-0.142032742887013	-0.11965857171753	-0.0967854075388114	-0.175323391731912	-0.156483486387261	-0.141113103961537	-0.106343174735074	-0.118534501577321	-0.171430134754391	-0.115535084332603	-0.116823734909017	-0.136022356299466	-0.108553089829652	-0.0736525391689934	-0.113372345085096	-0.130066066627143	-0.214220057283118	-0.219206549748844	-0.12209690619159	-0.218096932577523	-0.110662184013302	-0.149982488785011	-0.204324186497327	-0.124790755316246	-0.197474975461714
700034628	-0.159029153462427	-0.163251993949177	-0.129640546163918	-0.217365369016872	-0.180003103525867	-0.159629097562063	-0.119785571553996	-0.173480647898475	-0.106067202812928	-0.163796908689345	-0.0979606353694816	-0.111941752326111	-0.171403837051168	-0.172153062910291	-0.158490916320498	-0.118050911846473	-0.175223850575469	-0.154767129720811	-0.122717324321177	-0.143473886461784	-0.116808703618996	-0.0737473023023309	-0.169235581863908	-0.165483377254333	-0.103699443185038	-0.20477414113078	-0.181550781773823	-0.199120154101437	-0.205676610791259	-0.174055687938064	-0.152563186128873	0	-0.120786008632421	-0.142961801227437	-0.190614216484631	-0.101547545316827	-0.184178581107531	-0.176361873644209	-0.152703100983409	-0.205214816599727	-0.152588494217512	-0.132956419233142	-0.142824741840855	-0.0791543639271913	-0.156269847687219	-0.179385496045761	-0.178279595157512	-0.142329685813883	-0.162023616890833	-0.0860045755091315	-0.125500627224432	-0.14711882325698	-0.166419117701442	-0.107678154612953	-0.196532526501676	-0.143329029446278	-0.131759566663927	-0.13377172991209	-0.111249587747722	-0.113042042065246
700023645	-0.142273063191134	-0.115367811921331	-0.118953098638163	-0.187760594251112	-0.133095446812594	-0.120835789679499	-0.149921051027644	-0.124204352118812	-0.127589635739351	-0.110970705139366	-0.074484889916572	-0.112996385085954	-0.128140941830356	-0.109325474529773	-0.139550987697153	-0.0921141515185118	-0.125034140963086	-0.132277324464768	-0.120909945606048	-0.129542048923575	-0.123660922274558	-0.0887424211551712	-0.150604702714389	-0.138345599089875	-0.144793072966425	-0.161705483090256	-0.116373730937739	-0.1338429621878	-0.129669616881697	-0.123023591955583	-0.112105375697106	-0.120786008632421	0	-0.0966910925673319	-0.150547504445949	-0.0949205610404915	-0.123661253893177	-0.154993684554305	-0.128021142602765	-0.156751371738027	-0.0959449904693243	-0.0926842775714991	-0.106541113389309	-0.124867494551289	-0.0906325264400849	-0.11485819404862	-0.119461667552568	-0.101555300340355	-0.112965976504875	-0.0986565288361283	-0.0821767164025041	-0.147212340996219	-0.157775582715931	-0.10088061962116	-0.182705788339538	-0.0982108328284	-0.116468694407901	-0.142300819841793	-0.106495410195906	-0.140548534134921
700038744	-0.18314880108519	-0.121190399084893	-0.102234231412381	-0.231972064889037	-0.146032671208668	-0.0589063784713649	-0.199022860804371	-0.104726649607019	-0.170624695422803	-0.0756996603731084	-0.0925738397284826	-0.108467243633447	-0.108082068502629	-0.0952543481692293	-0.121075684299268	-0.138962870972217	-0.10158604520656	-0.103410942516135	-0.170594648775874	-0.183619352207655	-0.175104353763591	-0.127489004893209	-0.17192424929653	-0.185440851401321	-0.197258201284575	-0.189230282570599	-0.117070465708889	-0.150544512927457	-0.147742915350596	-0.0913651242637238	-0.0741167409883236	-0.142961801227437	-0.0966910925673319	0	-0.186270621790629	-0.140502424705869	-0.122133407273012	-0.0973574637605106	-0.172206152779549	-0.138550168020105	-0.138866302221032	-0.0797706616076838	-0.121368615873831	-0.162112991150158	-0.0991935754215054	-0.126033710333079	-0.142591871560997	-0.0825231899818898	-0.0724537326066199	-0.100205449259611	-0.126923703560538	-0.207945597125752	-0.210910977406121	-0.1276164845804	-0.214922416513504	-0.0916185062456215	-0.150211267342668	-0.196462740505453	-0.1100398009372	-0.190873127076917
