700108602	700014971	700033565	700109389	700023058	700023927	700106341	700114221	700023543	700023439	700016978	700024192	700113058	700099448	700109870	700033928	700023693	700109627	700095416	700110425	700111580	700111302	700098605	700111991	700108960	700024452	700032931	700095837	700024548	700110161	700023496	700034628	700023645	700038744	700038485	700024743	700099596	700110760	700101587	700106399	700032322	700095653	700021312	700101230	700023590	700038905	700033136	700023382	700096424	700105469	700016908	700096053	700108479	700109569	700033814	700016125	700109756	700102665	700101777	700109455
700108602	0	0.267850526505456	0.337308979948311	0.212694042846962	0.20237258656346	0.331055678982004	0.103069061296768	0.34235880396765	0.149238161921079	0.320993488675758	0.221793414464621	0.36645256108025	0.348288758388871	0.261452028807655	0.356638876454487	0.210000270835078	0.322159493411174	0.299057709140645	0.157007415341881	0.13166865463239	0.189342021946618	0.270830077096721	0.118895262129223	0.0840917347513585	0.178002745467145	0.185465635946372	0.250550251294446	0.333110582362338	0.309964878990057	0.349907409630469	0.291155588553623	0.272346290186999	0.250291088401005	0.305529558929796	0.177497872338567	0.166392814968424	0.253484844591701	0.330398107273642	0.124385433815174	0.384891923050304	0.158156507744047	0.353440948895199	0.20846396316034	0.202345964234612	0.314698791519491	0.251269220417509	0.219305373847198	0.318691021400565	0.266800427619422	0.337247639751055	0.324401345920412	0.131859513059014	0.124900064162627	0.180550928178779	0.091692053460231	0.316194877796418	0.184053410228896	0.134919478421938	0.315845225828671	0.156786541809157
700014971	0.267850526505456	0	0.278184157123209	0.355665150249625	0.146761014257812	0.279275822881394	0.266958837184842	0.163595558324998	0.230764935447596	0.191389122562883	0.191497847323702	0.313484791630313	0.185538761012895	0.184354105188317	0.25528096011158	0.251196259061495	0.162177331753898	0.268861744375263	0.259856745885995	0.246421237046127	0.247421605551943	0.253822065475059	0.205368040878607	0.242113556882332	0.318519989464555	0.19174159201873	0.161812182854585	0.201286855182158	0.146690412552159	0.197268768811995	0.179431926691756	0.275901073856494	0.182903515270318	0.218980286632447	0.200338321498903	0.185989768466496	0.258939145504802	0.264253937786994	0.203317264632029	0.235863195517639	0.176396267858825	0.205369838979102	0.203502325657213	0.25384027282546	0.163594632549815	0.182968300472986	0.142760574778274	0.216384699570556	0.227610610790917	0.286543576893062	0.325801557788841	0.23540865553763	0.263850721969868	0.218186661952976	0.304812808044129	0.215323245875996	0.228466169831097	0.252913735403381	0.260580288911777	0.24722283747059
700033565	0.337308979948311	0.278184157123209	0	0.434011202800896	0.257917435477863	0.0696402464208318	0.307262181470005	0.170953873231263	0.262436916506552	0.135972806388525	0.149637403514647	0.097251453583859	0.157289655927302	0.173570922161349	0.160611765153211	0.159368341082292	0.178047552735213	0.124226409281278	0.239792378993125	0.300514641829131	0.23282685762188	0.120686128944468	0.31040175956566	0.296869758378749	0.26518943903148	0.331349140196789	0.196732972535	0.319202604722667	0.283297863330715	0.191761130342433	0.148936721125377	0.168100278989686	0.146250258533707	0.0940836064977675	0.331156181916784	0.240025560259317	0.22611506026043	0.128651483394952	0.266594168335633	0.23197504079473	0.245607103428602	0.111466136893161	0.20536147710604	0.232346552797288	0.189594416515945	0.198296890268009	0.220971573331908	0.123127165499236	0.130762877609045	0.0840090435946112	0.144990795617497	0.317008962168498	0.360176558278892	0.20717893263926	0.384646603813772	0.106866399181073	0.224515407851832	0.29602080885213	0.0702383393007477	0.267668847883107
700109389	0.212694042846962	0.355665150249625	0.434011202800896	0	0.327796145745743	0.442417472753711	0.201125428920994	0.423934845666889	0.299796189141083	0.417949878307507	0.346445041306736	0.457477259765086	0.429446984817841	0.387512539416872	0.436171680969082	0.329238264522157	0.413432478045024	0.433046345767335	0.327885935312895	0.191731633711075	0.300772745475603	0.386544729722067	0.225722213144931	0.266640543145083	0.280375160807535	0.274517271898084	0.379180328301304	0.426980521181776	0.380500389036042	0.430442962952507	0.400660835950929	0.390111881620632	0.361329196631599	0.405598847955565	0.265460828950388	0.283662109852879	0.394211711993128	0.445701599827803	0.270610000433086	0.434308777775834	0.287581812327401	0.432771971217351	0.340205730055726	0.327560383517103	0.394799759019509	0.362961979847994	0.35125634833691	0.413528760443179	0.396793274860084	0.434727381857506	0.42308563759299	0.218523627483264	0.145106056902906	0.327460115485696	0.190218845546826	0.416573727582006	0.274560500291267	0.224934449111925	0.41327872970788	0.275510623937047
700023058	0.20237258656346	0.146761014257812	0.257917435477863	0.327796145745743	0	0.245729899128482	0.208788442468516	0.200462872337796	0.16690902315787	0.198280727364161	0.14819516501828	0.293367135307657	0.212803580081206	0.149491060548355	0.256787705730252	0.190453194771601	0.182012782784007	0.215439348657232	0.183501378863642	0.202519201662257	0.212332850449128	0.231095674047933	0.188460699084175	0.155127864030009	0.276098008321442	0.153579763209718	0.144477460496576	0.250723954891242	0.208575235921776	0.220058971331815	0.173839925238196	0.253930733488598	0.154498895604116	0.201279949006689	0.164102538705206	0.167995463218698	0.177419210996848	0.214698062480691	0.137904661410928	0.284277759293525	0.117809188239457	0.217931679061982	0.1338407841922	0.220112117616604	0.180078181523959	0.169297623927613	0.103860308858687	0.214486138781155	0.18357418022683	0.268482360983737	0.292166160200094	0.176955606655002	0.21906567262591	0.147536916585295	0.254280794410006	0.220565150498796	0.201098079248405	0.19057569406841	0.246534447485942	0.196411810274664
700023927	0.331055678982004	0.279275822881394	0.0696402464208318	0.442417472753711	0.245729899128482	0	0.316218253340398	0.178429767304393	0.25826396879507	0.120574968823967	0.157762468123846	0.12948883990903	0.160612810560168	0.149268570461238	0.175534627320976	0.163984939437635	0.176325194141689	0.105315430557876	0.224464403214184	0.312821839754197	0.220442292260151	0.144308444864443	0.295658301849081	0.288855908190903	0.260375413997129	0.314497671321528	0.188523928483915	0.336220245045474	0.282542256226565	0.195381310937533	0.131984895221437	0.168033291148728	0.158797417263977	0.0931549335667105	0.321579251553305	0.254433956104903	0.208379299209845	0.102661214373379	0.259881072450959	0.231703889621796	0.234489783473144	0.117174039673056	0.190378629815087	0.238911209376191	0.196679090972339	0.191927582005609	0.207444094533222	0.132720036584083	0.0933792746734663	0.0977746503389342	0.168725239958851	0.318488348413458	0.366239960838783	0.176528340401827	0.376900809572483	0.107250438799641	0.217666648999685	0.296169085906382	0.0773590067753604	0.264460514239573
700106341	0.103069061296768	0.266958837184842	0.307262181470005	0.201125428920994	0.208788442468516	0.316218253340398	0	0.320192173248828	0.121272430103064	0.296934717348723	0.201803941159335	0.333074446450674	0.317347055195445	0.266234243891998	0.329916111579637	0.188067913795342	0.297442218447699	0.315224442353865	0.16789085069621	0.0811312805308356	0.157853484954021	0.23709422690311	0.128466805193709	0.13673126521357	0.121644968877883	0.230955685924353	0.261596566388452	0.346450086939852	0.31938090317367	0.330278589432377	0.268309426328232	0.217483299664869	0.229516698294054	0.286148170870265	0.212594827307968	0.138109837096879	0.270757743335917	0.326237762687678	0.133495175933802	0.377778941933878	0.154923871501538	0.322001810621436	0.197946723780068	0.160862635323944	0.283399865785161	0.257774856950555	0.211262028610521	0.285359990940548	0.264021861490747	0.299386494911615	0.304202325404217	0.0909660032268719	0.0970699699924911	0.179961430946828	0.128429835296501	0.290311544121086	0.143782317426843	0.101943132860816	0.285394689241381	0.104861032178118
700114221	0.34235880396765	0.163595558324998	0.170953873231263	0.423934845666889	0.200462872337796	0.178429767304393	0.320192173248828	0	0.285125456793467	0.0885044382564828	0.213331494138996	0.234161147799451	0.0612892876196464	0.149722460629225	0.133302838889262	0.25568144482299	0.0667568788747657	0.21360078202111	0.29225949692783	0.297555952331434	0.282455512868871	0.250152028430732	0.295076996123532	0.297873384522677	0.359269520740965	0.274378335741095	0.137235855000026	0.234515191696923	0.173232771650358	0.0983905303699463	0.147125144279626	0.263441843869487	0.188496136022258	0.146744554963571	0.280244838849175	0.233565547679673	0.260357970486253	0.148218930591633	0.262689207425826	0.145413985327042	0.218131284563103	0.0973987468650508	0.23772730475722	0.285428283633832	0.118483317371719	0.151074613152079	0.175577055498997	0.128820750077201	0.188859725066718	0.218358098932752	0.296049152356773	0.297794980939103	0.329983345020332	0.243187325790114	0.394774712102094	0.123124152079979	0.234511201985353	0.308897304125977	0.190250435205668	0.291380405398397
700023543	0.149238161921079	0.230764935447596	0.262436916506552	0.299796189141083	0.16690902315787	0.25826396879507	0.121272430103064	0.285125456793467	0	0.244256548151675	0.142861628024536	0.293872589705709	0.279539610440532	0.21620910953114	0.297065514850817	0.14509393792516	0.261270103937984	0.254505348297942	0.120890878015664	0.16282925865533	0.151728481142182	0.191040211225949	0.171345850567648	0.121828747562038	0.156885121433773	0.220496366003807	0.208383930692988	0.309781929162655	0.303272427994136	0.285065394251314	0.212019852024417	0.163633236409606	0.183900200586763	0.231887661020557	0.192444246564118	0.133701204779832	0.20712055291456	0.275230313879754	0.104654251774558	0.351665725376507	0.133151610478056	0.281279038811855	0.155425121392996	0.0997970674063343	0.250868434928316	0.227742378667602	0.160121047463521	0.244114921079353	0.212666095560491	0.253810000178816	0.264017368699824	0.123236812658362	0.186413944787539	0.133014772712341	0.196209540973777	0.244596880050252	0.16665197221879	0.119462577720325	0.242969921679447	0.0992105181449864
700023439	0.320993488675758	0.191389122562883	0.135972806388525	0.417949878307507	0.198280727364161	0.120574968823967	0.296934717348723	0.0885044382564828	0.244256548151675	0	0.158768253531212	0.188096451223578	0.0751259403417664	0.100927928627939	0.127100506331291	0.206212612658862	0.0798974786034842	0.147052137250648	0.242077826310669	0.268181102894629	0.23510540363181	0.20684734729169	0.273451069950922	0.267194066655329	0.313892048277733	0.283916686487036	0.134867179309084	0.266642445608664	0.205290774813813	0.129804169316658	0.0882339886323844	0.219365101250719	0.142440655023605	0.0904061529126015	0.290976099628325	0.192049727241648	0.202198888518196	0.104481605212038	0.230159534589251	0.157623617073745	0.195062682317817	0.0891325952030317	0.183552186371947	0.24380151499607	0.118422846590315	0.132164434930936	0.153499653436641	0.0866763927600919	0.123369045734845	0.171518130971504	0.245162330019783	0.279149580294939	0.330428346789905	0.186291806018975	0.370632853694879	0.0854285833142112	0.194742743238723	0.267510781802872	0.148088873965202	0.249662440028985
700016978	0.221793414464621	0.191497847323702	0.149637403514647	0.346445041306736	0.14819516501828	0.157762468123846	0.201803941159335	0.213331494138996	0.142861628024536	0.158768253531212	0	0.187681744139781	0.206375816482828	0.148576406691296	0.235990476232091	0.0995894977540761	0.186972111605595	0.138109690585281	0.134010082061218	0.190064490815331	0.145450326507048	0.107367191338564	0.213181668048369	0.169938284836474	0.18011317602124	0.239282443148352	0.155947073008662	0.279586110373561	0.253408564514561	0.213688185548552	0.11096149767202	0.134070398953503	0.0694209710473108	0.110969937216912	0.224935653299945	0.137374788403586	0.156662715160033	0.183105010316167	0.141426775214686	0.283780567903458	0.135194070473293	0.163610491729507	0.0963729842361147	0.133683679309964	0.169746900699539	0.169469152454892	0.128115290440043	0.14858283939213	0.118082835653374	0.167075857263339	0.18482327744839	0.196461958715424	0.24496107374519	0.108533587733867	0.269582230682751	0.149521899301086	0.154851843847758	0.17617031394421	0.149198610796012	0.174368464613663
700024192	0.36645256108025	0.313484791630313	0.097251453583859	0.457477259765086	0.293367135307657	0.12948883990903	0.333074446450674	0.234161147799451	0.293872589705709	0.188096451223578	0.187681744139781	0	0.213020521301576	0.237378190894958	0.205060144965394	0.184070405420624	0.223513291480761	0.159277693842849	0.268818999116861	0.324395231595092	0.244679353275001	0.135116920539316	0.336351627682082	0.334074561870211	0.284980659770725	0.371110543585782	0.2576240585979	0.366094563353944	0.323681263618849	0.269484234468837	0.180707778309048	0.192502709591445	0.178272172675008	0.155337259792437	0.36994416709974	0.275186702660959	0.265122967589117	0.17962130758614	0.302790979927808	0.270754100076305	0.278620683215504	0.153671122147569	0.241637113984381	0.255076290438895	0.206824012677072	0.241862836655637	0.255271275456671	0.154456260168077	0.189033445035379	0.0761523179755414	0.115959848310577	0.343288047743848	0.385103161473597	0.238361669877597	0.419958787936705	0.154475804271595	0.242173910589215	0.321997731479228	0.128909546702201	0.29625529553335
700113058	0.348288758388871	0.185538761012895	0.157289655927302	0.429446984817841	0.212803580081206	0.160612810560168	0.317347055195445	0.0612892876196464	0.279539610440532	0.0751259403417664	0.206375816482828	0.213020521301576	0	0.145001920610055	0.121811669335665	0.24729187615206	0.0929427307634095	0.199947272788908	0.285905783837421	0.287307593206578	0.272449564792833	0.240340277973693	0.303727412759634	0.304817591542984	0.347755842208598	0.297766117567836	0.157539187643438	0.248638269830948	0.19154528518596	0.115907807811125	0.137056896336656	0.25063221839691	0.183354896433987	0.137550375240593	0.305185092491177	0.233034919556442	0.255256265994155	0.141269817187859	0.260175051716215	0.148626580975731	0.219177868595731	0.0802149151942031	0.237032882705836	0.277521213629254	0.1100178393514	0.162809450911686	0.187207678733592	0.11603102801644	0.173477553056371	0.200557190503027	0.278816171860767	0.292394343573569	0.338993051455049	0.241528735610004	0.403079558284589	0.0959813478913631	0.226221566135935	0.302058494772125	0.172688791833931	0.279781398686612
700099448	0.261452028807655	0.184354105188317	0.173570922161349	0.387512539416872	0.149491060548355	0.149268570461238	0.266234243891998	0.149722460629225	0.21620910953114	0.100927928627939	0.148576406691296	0.237378190894958	0.145001920610055	0	0.180286457490899	0.192603874847203	0.125955789553236	0.14616967514585	0.193878648898801	0.237544126569361	0.218466345335091	0.212911684855734	0.231439215057667	0.202203215056743	0.287742279442522	0.216369249610378	0.101968434615978	0.255374987627611	0.193783375366257	0.151689121619799	0.108925886994474	0.230772006023016	0.133900076812488	0.111348298063956	0.236281623960442	0.17266948537006	0.154244547576545	0.127739191506584	0.185360116304152	0.218969319446407	0.162150073110305	0.147558741870412	0.133276245337149	0.23355369060721	0.134955438802124	0.131964776128769	0.125331466829526	0.139452013962206	0.091901637267206	0.199386128016447	0.247236521553854	0.241535019281623	0.297715711026502	0.154723415437353	0.304388010097901	0.143134194090097	0.178721935265414	0.236211437351996	0.16756950271991	0.228635608855215
700109870	0.356638876454487	0.25528096011158	0.160611765153211	0.436171680969082	0.256787705730252	0.175534627320976	0.329916111579637	0.133302838889262	0.297065514850817	0.127100506331291	0.235990476232091	0.205060144965394	0.121811669335665	0.180286457490899	0	0.268151276007201	0.135745838734953	0.231695217119354	0.307787989420011	0.310270793940687	0.267984032927745	0.261022730029324	0.308675663153385	0.32290098145944	0.361316424061721	0.332785948296754	0.199082110379154	0.315331102789741	0.226376084227937	0.164679731352611	0.186907779430758	0.275266605950219	0.225023909280815	0.176956216168019	0.340751870843915	0.261527791285967	0.284896964146503	0.149229493610023	0.285437533464595	0.153118650112902	0.25728247717653	0.14185255760372	0.264227536372041	0.294481455481141	0.154580454167605	0.158498070781133	0.222249489635841	0.121725726350191	0.205330761358749	0.199475677612592	0.281854729318243	0.32860510502327	0.36473572298184	0.258999017737016	0.407951733344704	0.12037919453796	0.235778493378959	0.329005727645201	0.182882343345544	0.302633446637648
700033928	0.210000270835078	0.251196259061495	0.159368341082292	0.329238264522157	0.190453194771601	0.163984939437635	0.188067913795342	0.25568144482299	0.14509393792516	0.206212612658862	0.0995894977540761	0.184070405420624	0.24729187615206	0.192603874847203	0.268151276007201	0	0.234174840915271	0.158457746226616	0.129628553424932	0.201624770627551	0.132920130969089	0.100894990121898	0.221445056091848	0.17027467596121	0.163821253298873	0.241642591066897	0.204242362695838	0.318206965027537	0.287712535460402	0.257985201583912	0.164972711040156	0.131759676980184	0.0999520646892557	0.13960972726971	0.236279398567256	0.180503958722379	0.188526747673871	0.214930070864244	0.143925696076864	0.320998549792923	0.139508710719274	0.188310592041401	0.135625911469167	0.154522464964952	0.203827724524316	0.197602534362239	0.16630694645629	0.194326466316337	0.156516979243281	0.149737458742154	0.158242627504401	0.182597604004169	0.241569574373839	0.123205264995236	0.271932623450191	0.189524925249998	0.166235630768184	0.163199664316658	0.143620399730989	0.158794310642946
700023693	0.322159493411174	0.162177331753898	0.178047552735213	0.413432478045024	0.182012782784007	0.176325194141689	0.297442218447699	0.0667568788747657	0.261270103937984	0.0798974786034842	0.186972111605595	0.223513291480761	0.0929427307634095	0.125955789553236	0.135745838734953	0.234174840915271	0	0.195254889388685	0.269200342721687	0.276310803795755	0.245882871278302	0.237717534520693	0.269440316943453	0.271994192227326	0.339044472808834	0.265937795738051	0.12018363012276	0.241021600994515	0.167611123252262	0.126669087196981	0.124857160701462	0.252894993066209	0.164637289697115	0.138043295312076	0.272714347504562	0.210313241856441	0.237506897497064	0.153610443589209	0.239377621543966	0.149777396220244	0.195228777237357	0.110946414969893	0.213637930863567	0.265969402349311	0.113524022325877	0.122132082570062	0.148509775779197	0.113399025316672	0.168524938394936	0.211192049823684	0.284837961206095	0.281486210632195	0.317587311586872	0.218265737569063	0.372895883818277	0.116940381934933	0.204797769291691	0.292817536136861	0.189240411089177	0.269299902559573
700109627	0.299057709140645	0.268861744375263	0.124226409281278	0.433046345767335	0.215439348657232	0.105315430557876	0.315224442353865	0.21360078202111	0.254505348297942	0.147052137250648	0.138109690585281	0.159277693842849	0.199947272788908	0.14616967514585	0.231695217119354	0.158457746226616	0.195254889388685	0	0.224217914083635	0.287004058952017	0.251265768265545	0.155729908155622	0.302229988709415	0.245266411086353	0.268239027567193	0.29930319925871	0.182108823632139	0.315895548402411	0.303858639996821	0.211628134419987	0.121840114243667	0.195709747774303	0.140735655624806	0.104289283151647	0.304127853477374	0.232964337271482	0.154200872378218	0.134936020111292	0.237818707199844	0.279839633464772	0.231801613402442	0.153561711901089	0.16777037896637	0.226940070891492	0.207554552650876	0.208604550739304	0.198160949515164	0.168839318908673	0.102577665697612	0.152043215495208	0.188430713926031	0.306394814312188	0.34975050879817	0.200798492663312	0.344673127615944	0.15750903652935	0.236598436147083	0.279410959671048	0.146219600817019	0.282576604657224
700095416	0.157007415341881	0.259856745885995	0.239792378993125	0.327885935312895	0.183501378863642	0.224464403214184	0.16789085069621	0.29225949692783	0.120890878015664	0.242077826310669	0.134010082061218	0.268818999116861	0.285905783837421	0.193878648898801	0.307787989420011	0.129628553424932	0.269200342721687	0.224217914083635	0	0.190098571519912	0.119598282416353	0.161615590899507	0.190793808850157	0.117424380698276	0.152037519970639	0.213720354210889	0.204558468262394	0.333614852116108	0.293623357006359	0.291169552697369	0.200557130271735	0.154593899615107	0.162417660841915	0.222561687829545	0.208614798968191	0.167467284489955	0.185843929488743	0.250475836267945	0.116849902850393	0.358753633339036	0.126730076723641	0.271276962142244	0.113341128490827	0.159938615913532	0.243251594397663	0.216521652766725	0.156054570462942	0.238155993835991	0.175489172217426	0.23201545857217	0.22139767397264	0.169517883490851	0.23258189615849	0.0815642557486138	0.208814790499954	0.236045915745084	0.166625242801001	0.150556735923356	0.218342196645154	0.148519459443136
700110425	0.13166865463239	0.246421237046127	0.300514641829131	0.191731633711075	0.202519201662257	0.312821839754197	0.0811312805308356	0.297555952331434	0.16282925865533	0.268181102894629	0.190064490815331	0.324395231595092	0.287307593206578	0.237544126569361	0.310270793940687	0.201624770627551	0.276310803795755	0.287004058952017	0.190098571519912	0	0.169793616966954	0.240515197143494	0.121611707264196	0.14947076988911	0.142824563673558	0.239804062245112	0.233283915701719	0.317429455557927	0.297280942746339	0.298330332669457	0.245053869021358	0.252050807579169	0.203413767744241	0.256709729867192	0.217741405365656	0.120908920105518	0.247691332415334	0.3118574647207	0.135914249432699	0.355880210105385	0.149880161522988	0.289875189666486	0.188478880758311	0.174147228051578	0.251860013483389	0.240100834418035	0.196338618458424	0.26249263861132	0.255668622055073	0.298183018692026	0.302664794321736	0.111083473139222	0.0871975367833005	0.185448768138576	0.164493543975241	0.272546234256321	0.12775098223746	0.111950100601773	0.28108531859242	0.144352775468372
700111580	0.189342021946618	0.247421605551943	0.23282685762188	0.300772745475603	0.212332850449128	0.220442292260151	0.157853484954021	0.282455512868871	0.151728481142182	0.23510540363181	0.145450326507048	0.244679353275001	0.272449564792833	0.218466345335091	0.267984032927745	0.132920130969089	0.245882871278302	0.251265768265545	0.119598282416353	0.169793616966954	0	0.163382009449567	0.176582899253563	0.168833844073602	0.127602441183229	0.258090360149391	0.244748846075677	0.358207332303915	0.262796416381774	0.30415885320338	0.192562146429383	0.160074787656688	0.161777260752216	0.222844534143835	0.255141651161694	0.157647059160567	0.235854112204936	0.244753132647973	0.16020740029785	0.321730818052333	0.152088090221122	0.240170132154613	0.148000618999782	0.151248386798008	0.202140034635492	0.195007205735632	0.175009603401214	0.196858137346773	0.182250887028095	0.207708602922251	0.225002419166697	0.149715300901384	0.217896678723439	0.107126409601277	0.238956381756354	0.206058254933081	0.0986139396388496	0.133629234750876	0.188948625136884	0.126873732541175
700111302	0.270830077096721	0.253822065475059	0.120686128944468	0.386544729722067	0.231095674047933	0.144308444864443	0.23709422690311	0.250152028430732	0.191040211225949	0.20684734729169	0.107367191338564	0.135116920539316	0.240340277973693	0.212911684855734	0.261022730029324	0.100894990121898	0.237717534520693	0.155729908155622	0.161615590899507	0.240515197143494	0.163382009449567	0	0.269334533999089	0.233750015073983	0.172217131056952	0.300535362843096	0.219164907887963	0.337114628264442	0.317848246892013	0.26700448367647	0.171870165675898	0.0943637766697957	0.127058599447171	0.13530333916447	0.289377978932475	0.20069127048385	0.215498385301584	0.213505160481393	0.205363919184247	0.3084456883854	0.211728587412989	0.177568579133917	0.169743707435629	0.164118283133752	0.205984523546966	0.227748146113509	0.195325156391319	0.177000309291751	0.158708572039818	0.0953271413291358	0.11696584768013	0.246766595627369	0.296305631676124	0.145725735655733	0.325854035690423	0.179746739408637	0.190787563571582	0.226625006192938	0.111398483365863	0.20750419660074
700098605	0.118895262129223	0.205368040878607	0.31040175956566	0.225722213144931	0.188460699084175	0.295658301849081	0.128466805193709	0.295076996123532	0.171345850567648	0.273451069950922	0.213181668048369	0.336351627682082	0.303727412759634	0.231439215057667	0.308675663153385	0.221445056091848	0.269440316943453	0.302229988709415	0.190793808850157	0.121611707264196	0.176582899253563	0.269334533999089	0	0.147622950780402	0.201626881262112	0.197510208212909	0.225948010440136	0.325339803392884	0.26232385725834	0.319921820899589	0.247230996550956	0.268210439681057	0.228257672195701	0.281178946084901	0.191776775323718	0.159979016959921	0.258702181925157	0.290909353876098	0.151852259376952	0.326991590762332	0.14998506801573	0.307481133222185	0.198375428157718	0.206007005538947	0.270909074904363	0.206668318009193	0.175811785915924	0.270194115087714	0.247870905370945	0.304809286001587	0.324603380751739	0.174574906909132	0.146765755852899	0.174131690927566	0.134336255254965	0.27162681226756	0.159574123722238	0.176871335704647	0.280569104704588	0.148660389362413
700111991	0.0840917347513585	0.242113556882332	0.296869758378749	0.266640543145083	0.155127864030009	0.288855908190903	0.13673126521357	0.297873384522677	0.121828747562038	0.267194066655329	0.169938284836474	0.334074561870211	0.304817591542984	0.202203215056743	0.32290098145944	0.17027467596121	0.271994192227326	0.245266411086353	0.117424380698276	0.14947076988911	0.168833844073602	0.233750015073983	0.147622950780402	0	0.19555570884865	0.160497794878646	0.199005561293884	0.30757351593737	0.288144966398723	0.301943848701868	0.234597734628364	0.239665704557147	0.202322883460577	0.253268836139468	0.156373817193025	0.144176316706019	0.190507969501453	0.284784811291527	0.0887511571239865	0.362096486866029	0.112953820632415	0.309597217786814	0.152964602098513	0.182568976524425	0.271073119284316	0.214254992247978	0.161613619946091	0.272146289372156	0.227489665343973	0.298732721925788	0.289504277894805	0.131956870711145	0.164438731354888	0.142106946410414	0.135609732213163	0.27873160426216	0.179324582360942	0.132573292641992	0.280793473261408	0.151743891664086
700108960	0.178002745467145	0.318519989464555	0.26518943903148	0.280375160807535	0.276098008321442	0.260375413997129	0.121644968877883	0.359269520740965	0.156885121433773	0.313892048277733	0.18011317602124	0.284980659770725	0.347755842208598	0.287742279442522	0.361316424061721	0.163821253298873	0.339044472808834	0.268239027567193	0.152037519970639	0.142824563673558	0.127602441183229	0.172217131056952	0.201626881262112	0.19555570884865	0	0.312848198572265	0.299871533704448	0.39032595750873	0.358541743445077	0.357851862986222	0.271137324377966	0.1367992716675	0.209906122201329	0.255959977191033	0.28713617982232	0.169062916916674	0.272932736507097	0.314160299898252	0.196183110527228	0.413052931250635	0.215784308138023	0.29143938367358	0.19666394878756	0.138104353838592	0.299965131004336	0.301840199086159	0.257716056634302	0.291018644423785	0.242031349059019	0.2448960813083	0.235390163152325	0.16230138625224	0.17644372397735	0.168926450782051	0.200848293495169	0.289966551223513	0.170477856032184	0.135941527406421	0.234095074851713	0.127700091163706
700024452	0.185465635946372	0.19174159201873	0.331349140196789	0.274517271898084	0.153579763209718	0.314497671321528	0.230955685924353	0.274378335741095	0.220496366003807	0.283916686487036	0.239282443148352	0.371110543585782	0.297766117567836	0.216369249610378	0.332785948296754	0.241642591066897	0.265937795738051	0.29930319925871	0.213720354210889	0.239804062245112	0.258090360149391	0.300535362843096	0.197510208212909	0.160497794878646	0.312848198572265	0	0.203510631492846	0.26049469903968	0.195739213478622	0.265056122791506	0.268446762284535	0.300286451145371	0.238270080846837	0.275355678079193	0.0580899352758097	0.207612615560219	0.268736825987351	0.309131345153928	0.15701856314846	0.320555309759199	0.152228464040433	0.305189312150331	0.215695662858295	0.270634156079064	0.264046141252388	0.21428513138132	0.179907519465698	0.300142835036123	0.252291978741847	0.330346792877774	0.352366990260064	0.183194537110244	0.212488134553568	0.200590205437878	0.20472648374703	0.30345866362223	0.239389353113115	0.207011306128066	0.303065614610008	0.246497018430597
700032931	0.250550251294446	0.161812182854585	0.196732972535	0.379180328301304	0.144477460496576	0.188523928483915	0.261596566388452	0.137235855000026	0.208383930692988	0.134867179309084	0.155947073008662	0.2576240585979	0.157539187643438	0.101968434615978	0.199082110379154	0.204242362695838	0.12018363012276	0.182108823632139	0.204558468262394	0.233283915701719	0.244748846075677	0.219164907887963	0.225948010440136	0.199005561293884	0.299871533704448	0.203510631492846	0	0.212912391875013	0.187446276697675	0.150695641910313	0.135724858656875	0.24491174753202	0.142201232083238	0.126613147972197	0.204423068664874	0.173505310930115	0.176985687543554	0.172129233209388	0.180186858428065	0.223534604046086	0.153068241750178	0.16766232650647	0.153363919178991	0.227736536487543	0.156863637578393	0.135338255361602	0.106809493627864	0.157268608966515	0.144061034969603	0.220368059776557	0.275351660558189	0.240241522332075	0.273814263623044	0.174916662026	0.30045637041085	0.161754935169852	0.21053996368742	0.244428654545648	0.194643666782913	0.249133002212608
700095837	0.333110582362338	0.201286855182158	0.319202604722667	0.426980521181776	0.250723954891242	0.336220245045474	0.346450086939852	0.234515191696923	0.309781929162655	0.266642445608664	0.279586110373561	0.366094563353944	0.248638269830948	0.255374987627611	0.315331102789741	0.318206965027537	0.241021600994515	0.315895548402411	0.333614852116108	0.317429455557927	0.358207332303915	0.337114628264442	0.325339803392884	0.30757351593737	0.39032595750873	0.26049469903968	0.212912391875013	0	0.172138738886444	0.18938571540191	0.278262224786474	0.361564716191233	0.264051338704517	0.26022651880622	0.258319230502175	0.274008500128395	0.298984991864419	0.320622660514453	0.276464723522972	0.316460728954491	0.262416878476724	0.262336312578026	0.300436729108785	0.327669268839349	0.24051793327126	0.263208179925996	0.256540972934299	0.285041788113707	0.295348729729608	0.338661070353953	0.378002809319365	0.315920270741151	0.337588647035426	0.315477014143941	0.386319281613685	0.291004724621826	0.327795560129962	0.325387231036952	0.324226618385881	0.350558311026754
700024548	0.309964878990057	0.146690412552159	0.283297863330715	0.380500389036042	0.208575235921776	0.282542256226565	0.31938090317367	0.173232771650358	0.303272427994136	0.205290774813813	0.253408564514561	0.323681263618849	0.19154528518596	0.193783375366257	0.226376084227937	0.287712535460402	0.167611123252262	0.303858639996821	0.293623357006359	0.297280942746339	0.262796416381774	0.317848246892013	0.26232385725834	0.288144966398723	0.358541743445077	0.195739213478622	0.187446276697675	0.172138738886444	0	0.159082094272743	0.228879027993555	0.336132023860571	0.22771296741148	0.227436095579772	0.210399475295337	0.233448714198165	0.310227218403917	0.258274527311606	0.251658059103632	0.208747972768112	0.215892517522036	0.20965267083905	0.249765900847534	0.322870707089125	0.149937388908769	0.140590533817353	0.201714048584092	0.216745984955274	0.244202150192985	0.310733919408008	0.351488015579876	0.286682637143651	0.31167272144505	0.247164539937561	0.337995047510602	0.234429594945696	0.236120916559703	0.298917664269889	0.274357058282243	0.304166046489479
700110161	0.349907409630469	0.197268768811995	0.191761130342433	0.430442962952507	0.220058971331815	0.195381310937533	0.330278589432377	0.0983905303699463	0.285065394251314	0.129804169316658	0.213688185548552	0.269484234468837	0.115907807811125	0.151689121619799	0.164679731352611	0.257985201583912	0.126669087196981	0.211628134419987	0.291169552697369	0.298330332669457	0.30415885320338	0.26700448367647	0.319921820899589	0.301943848701868	0.357851862986222	0.265056122791506	0.150695641910313	0.18938571540191	0.159082094272743	0	0.167678312334601	0.282590449887845	0.20252925788445	0.152962727250824	0.268701975744281	0.238855486602913	0.254563893951765	0.182885285168818	0.265532195775552	0.209362178847286	0.237453053684971	0.144819476777063	0.240156033761949	0.289417678459934	0.159316262537218	0.192618990817866	0.202050826197292	0.179632722703835	0.185063879228932	0.245580989515602	0.304616673852137	0.296541436429654	0.342255028530587	0.251869190715945	0.396633664115006	0.168413200913426	0.257057757711862	0.301479891349118	0.217102167588893	0.306472263156248
700023496	0.291155588553623	0.179431926691756	0.148936721125377	0.400660835950929	0.173839925238196	0.131984895221437	0.268309426328232	0.147125144279626	0.212019852024417	0.0882339886323844	0.11096149767202	0.180707778309048	0.137056896336656	0.108925886994474	0.186907779430758	0.164972711040156	0.124857160701462	0.121840114243667	0.200557130271735	0.245053869021358	0.192562146429383	0.171870165675898	0.247230996550956	0.234597734628364	0.271137324377966	0.268446762284535	0.135724858656875	0.278262224786474	0.228879027993555	0.167678312334601	0	0.19471091448017	0.0994485035061813	0.0932696721960601	0.273707693898377	0.177236299470195	0.162561355938877	0.139076467967355	0.199272786663168	0.219681349202829	0.163245914731413	0.129141198739681	0.132396487783128	0.203544278067847	0.121193411140547	0.143322175213006	0.127425701106952	0.0979255831046337	0.0994105184389974	0.162250955875605	0.217543556899352	0.252312457596397	0.303919314697627	0.153794220767896	0.343207698574807	0.105888921629951	0.167980575010968	0.23689331244059	0.160042446451366	0.223096490811183
700034628	0.272346290186999	0.275901073856494	0.168100278989686	0.390111881620632	0.253930733488598	0.168033291148728	0.217483299664869	0.263441843869487	0.163633236409606	0.219365101250719	0.134070398953503	0.192502709591445	0.25063221839691	0.230772006023016	0.275266605950219	0.131759676980184	0.252894993066209	0.195709747774303	0.154593899615107	0.252050807579169	0.160074787656688	0.0943637766697957	0.268210439681057	0.239665704557147	0.1367992716675	0.300286451145371	0.24491174753202	0.361564716191233	0.336132023860571	0.282590449887845	0.19471091448017	0	0.157024878997517	0.164647866259906	0.288578927603061	0.188326976018394	0.246965884176862	0.22883514325019	0.217323475356976	0.321324987258923	0.220356551838845	0.196828697280163	0.186292415714671	0.126844377454756	0.227629609609062	0.247400309903816	0.220912533185506	0.194277935002116	0.181661371954772	0.150617768471155	0.187586462479414	0.235677605765513	0.291562991355377	0.155591943188247	0.312896334088113	0.190608657536518	0.197348708421541	0.207056197293922	0.147920113867409	0.15545354748732
700023645	0.250291088401005	0.182903515270318	0.146250258533707	0.361329196631599	0.154498895604116	0.158797417263977	0.229516698294054	0.188496136022258	0.183900200586763	0.142440655023605	0.0694209710473108	0.178272172675008	0.183354896433987	0.133900076812488	0.225023909280815	0.0999520646892557	0.164637289697115	0.140735655624806	0.162417660841915	0.203413767744241	0.161777260752216	0.127058599447171	0.228257672195701	0.202322883460577	0.209906122201329	0.238270080846837	0.142201232083238	0.264051338704517	0.22771296741148	0.20252925788445	0.0994485035061813	0.157024878997517	0	0.0910964559332831	0.239803262122761	0.145795996623617	0.168653084646077	0.174580597581685	0.164074232418546	0.261717488752647	0.128058886390596	0.130124512277837	0.118101658667934	0.172330859049411	0.136261279829091	0.147423756550943	0.113247071592807	0.132608513444738	0.128019220616769	0.158109918986504	0.1789327734282	0.205338006968159	0.261909040215873	0.138380530981488	0.306443551153584	0.138071193956292	0.164513667166887	0.191827282027464	0.14089114900637	0.200759379891797
700038744	0.305529558929796	0.218980286632447	0.0940836064977675	0.405598847955565	0.201279949006689	0.0931549335667105	0.286148170870265	0.146744554963571	0.231887661020557	0.0904061529126015	0.110969937216912	0.155337259792437	0.137550375240593	0.111348298063956	0.176956216168019	0.13960972726971	0.138043295312076	0.104289283151647	0.222561687829545	0.256709729867192	0.222844534143835	0.13530333916447	0.281178946084901	0.253268836139468	0.255959977191033	0.275355678079193	0.126613147972197	0.26022651880622	0.227436095579772	0.152962727250824	0.0932696721960601	0.164647866259906	0.0910964559332831	0	0.277502246419713	0.182287470550596	0.18252207699446	0.117514108135748	0.217003522436916	0.214911015000386	0.193750288597365	0.0846928593849011	0.16466424331337	0.215119247674069	0.135830725496529	0.151933587952194	0.171181337236979	0.100417279596675	0.100865870862747	0.126375457165487	0.182966665569279	0.26983583243149	0.318182300979733	0.18404033058084	0.355542290422319	0.106838087149609	0.205113562594158	0.250335653373833	0.110431896362572	0.255275921657493
700038485	0.177497872338567	0.200338321498903	0.331156181916784	0.265460828950388	0.164102538705206	0.321579251553305	0.212594827307968	0.280244838849175	0.192444246564118	0.290976099628325	0.224935653299945	0.36994416709974	0.305185092491177	0.236281623960442	0.340751870843915	0.236279398567256	0.272714347504562	0.304127853477374	0.208614798968191	0.217741405365656	0.255141651161694	0.289377978932475	0.191776775323718	0.156373817193025	0.28713617982232	0.0580899352758097	0.204423068664874	0.258319230502175	0.210399475295337	0.268701975744281	0.273707693898377	0.288578927603061	0.239803262122761	0.277502246419713	0	0.181327981872226	0.273007189664065	0.325536476897439	0.145805204676598	0.329337072036263	0.161440023095778	0.31108242094815	0.219313590555101	0.240029731535149	0.269325901237963	0.223437066329383	0.188475630370011	0.306861091009503	0.26655209664855	0.337508405259089	0.347880399251376	0.161936172173622	0.185069410559805	0.200248991605506	0.197925425946422	0.310770804620643	0.237363735551582	0.184424417284625	0.314163913860139	0.233494241873896
700024743	0.166392814968424	0.185989768466496	0.240025560259317	0.283662109852879	0.167995463218698	0.254433956104903	0.138109837096879	0.233565547679673	0.133701204779832	0.192049727241648	0.137374788403586	0.275186702660959	0.233034919556442	0.17266948537006	0.261527791285967	0.180503958722379	0.210313241856441	0.232964337271482	0.167467284489955	0.120908920105518	0.157647059160567	0.20069127048385	0.159979016959921	0.144176316706019	0.169062916916674	0.207612615560219	0.173505310930115	0.274008500128395	0.233448714198165	0.238855486602913	0.177236299470195	0.188326976018394	0.145795996623617	0.182287470550596	0.181327981872226	0	0.217501909273383	0.243706514539303	0.124845068429841	0.302667830737889	0.126491192123135	0.225645562510736	0.153005151654267	0.12156159900004	0.18941097191232	0.188907483474146	0.157037909756468	0.20389660168184	0.199538553852596	0.258395506728026	0.270034435477518	0.121742392050584	0.170236119364806	0.143504716844522	0.204464961950813	0.221938728540202	0.139191960440586	0.105417613185116	0.233323574994693	0.121597420940002
