700108602	700014971	700033565	700109389	700023058	700023927	700106341	700114221	700023543	700023439	700016978	700024192	700113058	700099448	700109870	700033928	700023693	700109627	700095416	700110425	700111580	700111302	700098605	700111991	700108960	700024452	700032931	700095837	700024548	700110161	700023496	700034628	700023645	700038744	700038485	700024743	700099596	700110760	700101587	700106399	700032322	700095653	700021312	700101230	700023590	700038905	700033136	700023382	700096424	700105469	700016908	700096053	700108479	700109569	700033814	700016125	700109756	700102665	700101777	700109455
700108602	0	0.270117359370393	0.331200823238235	0.214546757750724	0.237457753804519	0.31679068929462	0.0856913448953583	0.337545858179333	0.147418306451503	0.318974763437256	0.230531281451155	0.346164196749338	0.335242061172188	0.253406137302452	0.345433620933296	0.21685646727919	0.317845093284299	0.301996053272478	0.143149933072669	0.118609447120616	0.163636800860873	0.250875463162889	0.123733272775993	0.107547138786182	0.141011664645138	0.200021791783685	0.259446849059292	0.352770109739326	0.325592244547773	0.338968603069754	0.298979753576108	0.252225097183097	0.254827594941377	0.30137578927984	0.184977045368033	0.148819642279968	0.250948345878923	0.326565656837018	0.112762932309619	0.382006971467426	0.19535828812201	0.354950315870791	0.213316040235101	0.177727868772207	0.304392525788046	0.240429964691451	0.214414516283553	0.316333888135062	0.25816946561199	0.318830856043198	0.301714629906183	0.11218948591946	0.113669659913285	0.130690870842189	0.109876711084079	0.315798628979367	0.15672459807757	0.133963762617634	0.296829549078452	0.150511391149868
700014971	0.270117359370393	0	0.314721616051496	0.339340330379538	0.131286180496384	0.256045878046407	0.261814778970532	0.203517097041398	0.218572813546115	0.227096788207221	0.213497150315761	0.32531680963339	0.234110225373775	0.174233881314546	0.294753768592794	0.272053977826682	0.202562742089487	0.277045225564229	0.247935349092327	0.246039296356045	0.261815697875578	0.27855553069737	0.207773212051918	0.256056357452559	0.327882508070398	0.184375750548127	0.176535999671013	0.214092090710587	0.152986993782209	0.203913363373425	0.215675040417752	0.287720674233411	0.205617565322108	0.208180508527858	0.18697616662231	0.207285955327277	0.2297519664338	0.267680179413685	0.215352180316324	0.221539759779319	0.205967515657517	0.242391804397268	0.196151920858365	0.248231686854225	0.184974227601367	0.189515800843749	0.149935717204224	0.2365252335891	0.19495804240738	0.316384958423087	0.310070599640903	0.240653983996237	0.256038466360917	0.200480183548165	0.292148156759261	0.215462334928736	0.253787741223343	0.247982686148545	0.283228528430098	0.255208444334183
700033565	0.331200823238235	0.314721616051496	0	0.43418189408923	0.290299271795929	0.0958347385831359	0.2818540284582	0.177565527335382	0.265697715670183	0.117242948593988	0.14500890136608	0.0748173957432966	0.140458194867778	0.205152787216031	0.155898028639209	0.148877091288838	0.176941979007771	0.120922570509709	0.2487645279908	0.291172679194709	0.248137322903473	0.121741857324259	0.328118220747337	0.262039547732084	0.291042106798831	0.332085320400515	0.213725325288712	0.372871067888024	0.29797426885164	0.182439516085623	0.140094138978931	0.156424219089768	0.151190515991022	0.126871081375881	0.332939954054342	0.244709663394389	0.25936649076301	0.116492712366514	0.301382043467063	0.245331865145188	0.218850529279791	0.103514095397103	0.213856091113494	0.270605944168102	0.201359557840755	0.224276915370953	0.224889796259165	0.153138918546234	0.16618117696533	0.0764699992539779	0.109052183453511	0.316028052362986	0.360800116218866	0.238369834223179	0.395102929755328	0.131414473775642	0.242798750852155	0.30299600015551	0.0822036489811143	0.252280699804752
700109389	0.214546757750724	0.339340330379538	0.43418189408923	0	0.341815238786091	0.424716136524966	0.229206410641052	0.410518550261128	0.293012457392209	0.408390345373691	0.344793903152349	0.443917380735543	0.414988611286281	0.361102983896024	0.435302268341632	0.343641486103008	0.40754064890173	0.41679753632373	0.322615506367372	0.205672986922031	0.293862237852591	0.380528625015288	0.201747197585612	0.268814827786428	0.27551446681987	0.25718816088251	0.374714079309524	0.405403655143986	0.363305677145363	0.41110385470853	0.403856905457312	0.390792805364844	0.348693895707485	0.390315966956056	0.243231658001521	0.268180547935418	0.368552648678319	0.432464717503197	0.246017115809563	0.418117249468056	0.304438446005473	0.426331183510498	0.335134324700102	0.29994876450851	0.376249470620987	0.328176619214927	0.334021050565798	0.402841668298034	0.370652751693088	0.426703816551059	0.409771955764866	0.20518626597146	0.137486682516398	0.286851635004363	0.194241485304933	0.399640166005614	0.256504839853984	0.230769454694112	0.406506914638565	0.284788353015961
700023058	0.237457753804519	0.131286180496384	0.290299271795929	0.341815238786091	0	0.221183463920027	0.231236459694374	0.207044146398709	0.182151276210579	0.219121671990501	0.195528291124845	0.297929703014165	0.231870111631299	0.149619845819665	0.274188677535369	0.225744963325408	0.195653684111469	0.229515187491032	0.208421515750478	0.221769527316299	0.233653927030663	0.255538090633685	0.222411450208535	0.209102908369004	0.304479911542137	0.16872283965111	0.155563984613749	0.255317754713342	0.199178267762824	0.206085383184546	0.209918614732302	0.274756317001524	0.184171232705203	0.198723766905315	0.198143791503192	0.200794584909305	0.160020524328486	0.215950802173255	0.19062248066242	0.259167713935477	0.170464441855366	0.233556178733784	0.160438546532658	0.225174720344182	0.179673178543088	0.194556118117875	0.125417874543733	0.222184424377058	0.173042276189427	0.298088190291576	0.284458304702343	0.209241989688093	0.24130286994341	0.182526892490759	0.285056637567378	0.214674226880851	0.231941572931189	0.215898014891218	0.26681508428265	0.223791130801045
700023927	0.31679068929462	0.256045878046407	0.0958347385831359	0.424716136524966	0.221183463920027	0	0.277427686053367	0.156361525094043	0.249295066161627	0.0867812696901871	0.13481514543442	0.126433724494102	0.122460885168711	0.135087486984845	0.161540692820743	0.168436277703443	0.138363930733318	0.073260308750885	0.234158135849948	0.277002256416913	0.23075637443628	0.163612656155296	0.293948943547446	0.235769132667754	0.292219512453862	0.295626738826148	0.153649512643091	0.35222623007407	0.260349337429993	0.167859783080342	0.0799663224546209	0.181275415782611	0.137749107909667	0.093511686155182	0.307131713762169	0.225554234371891	0.203102171574127	0.0656877636705277	0.284634454995325	0.211972283787604	0.201597839837909	0.093445582242393	0.17176984281787	0.259112553760647	0.16274257867714	0.181398495689628	0.17762662411164	0.124464570915901	0.0910727154300276	0.131750636237417	0.162992095431701	0.301686871054455	0.350487140155114	0.22372825530404	0.364738632051605	0.100648223298774	0.223878132455561	0.290465837616794	0.108526989810062	0.239369847272327
700106341	0.0856913448953583	0.261814778970532	0.2818540284582	0.229206410641052	0.231236459694374	0.277427686053367	0	0.302242827219626	0.111930438221531	0.262334651076978	0.188742490651454	0.284826985489859	0.271903471073518	0.239542174371328	0.309461180652439	0.187161741159499	0.281531030948811	0.278995298019632	0.116414522869464	0.0906575740785006	0.113049793893018	0.209101407861602	0.145715007219584	0.110200524752096	0.111602227969833	0.223958804502233	0.263994656926247	0.365353916471612	0.301359529515815	0.298922934048559	0.246834876395631	0.186161264556553	0.199115313637717	0.248717165359986	0.205546191690414	0.104190902149943	0.254961871224586	0.286247702757372	0.11780613182074	0.346747510219936	0.153266644998706	0.294686887411976	0.175205854348647	0.132461972598764	0.244713131292619	0.222777184664159	0.189861980624008	0.256588435241873	0.22015602326761	0.261861784804718	0.260947691287241	0.0940102103691892	0.130201428219286	0.111933382672238	0.175597471802712	0.256175956584582	0.122159696729875	0.101856692143664	0.244363075877954	0.0854258234645348
700114221	0.337545858179333	0.203517097041398	0.177565527335382	0.410518550261128	0.207044146398709	0.156361525094043	0.302242827219626	0	0.263918199987967	0.0926963714065025	0.21886785437057	0.213006412071011	0.0922992817915443	0.146955379431095	0.136635533421696	0.256088258537798	0.0761637996199734	0.21079070149642	0.281724012361143	0.290188296074292	0.282325235887289	0.249550208007125	0.301467891936296	0.307014132326431	0.36466823888152	0.275790638503026	0.151713681195106	0.288903924864091	0.192888964877275	0.10707545160413	0.149483590728697	0.260526689409662	0.186136077299333	0.135918325949315	0.281714650143973	0.238863515141508	0.247113258372732	0.125293316422135	0.285092485817823	0.118770320096642	0.219260335304747	0.106275267457417	0.234670117230006	0.282556136917199	0.124259698019794	0.176047851773094	0.179309742612822	0.112783894967918	0.166398331442459	0.216129798943565	0.255625746606572	0.30486423589145	0.321749917098559	0.254197323944868	0.393144125466499	0.10403437783736	0.236921810111404	0.311349422546669	0.194650731448666	0.286425461422011
700023543	0.147418306451503	0.218572813546115	0.265697715670183	0.293012457392209	0.182151276210579	0.249295066161627	0.111930438221531	0.263918199987967	0	0.229006461499204	0.161600723136938	0.282401134654096	0.245243193228201	0.203617496022043	0.283462770610359	0.161396484923394	0.239978745983912	0.243170863490054	0.111168896233577	0.151401892413839	0.157835622342038	0.194237654324708	0.185895249046296	0.126216412158289	0.169521506692084	0.188673749574842	0.206733931273655	0.311096706082987	0.290761372853827	0.251580426371325	0.211135638508978	0.176288835417737	0.172506138388801	0.211518325954662	0.177554390842798	0.127854242266391	0.201611648924843	0.259710953114532	0.0966726058155283	0.313954946195717	0.131867515913108	0.267293587112407	0.156620144655437	0.102929576813434	0.228791355425809	0.210972429965426	0.145289137296674	0.226580456903554	0.195423020372267	0.254517801002183	0.248889050952825	0.113798568244145	0.183464597809248	0.103824897782565	0.201774736626177	0.224815132366641	0.167816173447779	0.116878035169119	0.238454975598497	0.107227212682803
700023439	0.318974763437256	0.227096788207221	0.117242948593988	0.408390345373691	0.219121671990501	0.0867812696901871	0.262334651076978	0.0926963714065025	0.229006461499204	0	0.161768628798318	0.160381807936569	0.0616672110272304	0.128750881253174	0.128775626225987	0.200471015829442	0.0864551624880674	0.140831281728229	0.236463372067709	0.251973135383567	0.226802253517918	0.192240602262196	0.285007703151427	0.24546518178578	0.311803982996103	0.290417031702346	0.152725177233338	0.319739681010853	0.223307413426413	0.123563058871546	0.0850175285424148	0.211144277818099	0.144868714119372	0.0966390577652012	0.293694284135908	0.208184790645333	0.215936565651133	0.0786993384966869	0.26533850056428	0.161572484021363	0.175509421349098	0.0823086764591289	0.18030789962143	0.238640690033736	0.120883426786287	0.16208613015397	0.156023081158109	0.0841669550857981	0.101131967526809	0.159518013481155	0.191053517992747	0.277235259270943	0.324853069717396	0.215671944484919	0.373719309126174	0.065394191170974	0.20666085854404	0.271053123182033	0.130861033752267	0.235807519264276
700016978	0.230531281451155	0.213497150315761	0.14500890136608	0.344793903152349	0.195528291124845	0.13481514543442	0.188742490651454	0.21886785437057	0.161600723136938	0.161768628798318	0	0.170550119033486	0.187693504067073	0.166583151160141	0.245337185284746	0.0884708475230716	0.189257989142075	0.116084939053698	0.152091771466431	0.178294380096262	0.155730384426686	0.0972706777108273	0.240586833350046	0.153159977204811	0.192430457405148	0.249934936800329	0.177613414023048	0.313488552132652	0.262563959601379	0.201768732329709	0.122188274713248	0.135922272096487	0.0626618407776067	0.106695311894731	0.248763485908244	0.152512120875485	0.183678122734845	0.184549443146076	0.186168912165997	0.270396783081847	0.11462733423006	0.157346033596778	0.103033620893731	0.167545438969709	0.165242975691581	0.1760708712617	0.136318110515254	0.177046579152474	0.121119216441051	0.159394465460531	0.138897101500644	0.20230092924254	0.253116914423156	0.145207270042582	0.293125211721355	0.153607409007204	0.18143568139048	0.18963265396266	0.133494426798957	0.161719714914154
700024192	0.346164196749338	0.32531680963339	0.0748173957432966	0.443917380735543	0.297929703014165	0.126433724494102	0.284826985489859	0.213006412071011	0.282401134654096	0.160381807936569	0.170550119033486	0	0.174257251660379	0.235100197040454	0.181172270399587	0.162615280388178	0.205210048997535	0.148814252831498	0.257158874580992	0.299959008235333	0.246171952001925	0.13623966800205	0.343935641138839	0.285621164744388	0.299956801793666	0.354974033838998	0.238847281219492	0.381424704258289	0.311996189500485	0.235786559604802	0.146970905831279	0.158718291496189	0.161503918691716	0.146820021855949	0.356236118386768	0.252095746017907	0.281758960810493	0.155067874785282	0.320182353569365	0.258392816634455	0.237014813378301	0.128517959186664	0.241801698749177	0.279436598973457	0.193616565172259	0.240190442801766	0.243293273525345	0.165544495839826	0.188110220954086	0.0823327120706341	0.0937866711043768	0.331349109534115	0.372868693578296	0.262068440596729	0.413970823449709	0.156159933086815	0.247567806483944	0.317272020029443	0.112005054864033	0.264302422442455
700113058	0.335242061172188	0.234110225373775	0.140458194867778	0.414988611286281	0.231870111631299	0.122460885168711	0.271903471073518	0.0922992817915443	0.245243193228201	0.0616672110272304	0.187693504067073	0.174257251660379	0	0.138180117631889	0.143827971843411	0.225868031433328	0.109736843171446	0.173650450054163	0.256094779097728	0.263778985358972	0.259546415726284	0.217492826421033	0.304718623526349	0.276988836237605	0.332109481528391	0.305492011502355	0.175417368948902	0.31347861902439	0.228468493063118	0.126221416916559	0.115499153463442	0.230422214092221	0.163132165412972	0.107839841336346	0.308644548746996	0.22221501186463	0.236208808956906	0.119572044829493	0.281670318939281	0.163370737193005	0.199375740063952	0.0913392884433325	0.210612157227931	0.252052005206541	0.131903464181483	0.190131294010072	0.189305801518827	0.0959838668554702	0.137505185951261	0.17688708895982	0.219116553661659	0.287131634754752	0.331824571341564	0.240713439046237	0.396121937937177	0.0661182986706034	0.225841692798082	0.287551463506251	0.155344013170422	0.254826581933141
700099448	0.253406137302452	0.174233881314546	0.205152787216031	0.361102983896024	0.149619845819665	0.135087486984845	0.239542174371328	0.146955379431095	0.203617496022043	0.128750881253174	0.166583151160141	0.235100197040454	0.138180117631889	0	0.201025970212668	0.20728815896854	0.122203082448418	0.163064937294958	0.192963197422933	0.222367692791437	0.223165149654552	0.219652831425061	0.229977214662344	0.203917701344297	0.298634179450308	0.201675906966143	0.100520004660074	0.279771485397123	0.180872623311402	0.139045436021166	0.134199101253466	0.244643232973709	0.151089163469638	0.125662564192209	0.219956704761426	0.188238194207585	0.157608354105496	0.146237334792433	0.216449633810886	0.198212128587822	0.161707158279556	0.163808136348814	0.146027126659257	0.241396161926233	0.129925773683971	0.139900175238303	0.112687995971585	0.150711544744132	0.0885801905748628	0.21956559425259	0.237877055846209	0.223835824063188	0.273370395166879	0.175479419439535	0.300725253284264	0.135020753458412	0.182138488079129	0.237004291359924	0.180974118175676	0.222186243172778
700109870	0.345433620933296	0.294753768592794	0.155898028639209	0.435302268341632	0.274188677535369	0.161540692820743	0.309461180652439	0.136635533421696	0.283462770610359	0.128775626225987	0.245337185284746	0.181172270399587	0.143827971843411	0.201025970212668	0	0.263852066855577	0.142958390523633	0.226343221954483	0.287270630547483	0.316093965101594	0.26459005379748	0.250993105224935	0.319808961757996	0.314383368202629	0.364211710681448	0.333259144630219	0.211103068123473	0.370429786272632	0.255696742373135	0.185314258034206	0.178119025089322	0.260412718112443	0.234053576932997	0.198428554425297	0.340698860239889	0.263836322074947	0.276565556336328	0.124050232109741	0.3098523213872	0.186783063001146	0.263514394557616	0.150139015823815	0.273346306991564	0.3049994497318	0.184636759850907	0.188406734466206	0.227214906641891	0.124378763720587	0.190281372171008	0.191576737191853	0.244355916947691	0.335192368532814	0.365835540943693	0.259623168093516	0.400357814167213	0.15030158183284	0.239004941849769	0.344373444543231	0.185039099089482	0.295218716590013
700033928	0.21685646727919	0.272053977826682	0.148877091288838	0.343641486103008	0.225744963325408	0.168436277703443	0.187161741159499	0.256088258537798	0.161396484923394	0.200471015829442	0.0884708475230716	0.162615280388178	0.225868031433328	0.20728815896854	0.263852066855577	0	0.234447898084414	0.142143328031758	0.150055314216179	0.210088722459055	0.163610767328679	0.0818047539042733	0.249682818958913	0.143027339725521	0.20409406351687	0.255059202441269	0.220173025145204	0.339273969048649	0.30793955429761	0.240806324770408	0.165072223320728	0.122060531681741	0.102709833061966	0.15054494405773	0.258797212526974	0.198825334788896	0.210614311129571	0.208140104755497	0.194720208058387	0.305787228655766	0.120662297499659	0.188056261063656	0.146854885282991	0.19723268659099	0.199335343816974	0.210185343695553	0.16769463283348	0.215383517884057	0.170922474852491	0.142177420158625	0.126604586342616	0.197836032576177	0.259370099164302	0.168139234297505	0.290687296600974	0.188684275599222	0.19682558273677	0.188801307962211	0.128361981929032	0.158241951711843
700023693	0.317845093284299	0.202562742089487	0.176941979007771	0.40754064890173	0.195653684111469	0.138363930733318	0.281531030948811	0.0761637996199734	0.239978745983912	0.0864551624880674	0.189257989142075	0.205210048997535	0.109736843171446	0.122203082448418	0.142958390523633	0.234447898084414	0	0.183549264804829	0.256011759617081	0.26933856937278	0.242645129342104	0.23297584054544	0.284101807829478	0.277120648176403	0.343122208720202	0.268432854104065	0.13015389550232	0.302488133459559	0.186549647081491	0.128451606534404	0.115087240921272	0.247687545564308	0.164265124604647	0.122298353495616	0.273813381877464	0.219316040758163	0.217823129934419	0.133772705547499	0.268050800139947	0.122304321238776	0.192216581894049	0.12322492590349	0.200463854387758	0.260757786744372	0.118121766218648	0.143451655489608	0.146675388123199	0.0951867633125788	0.130173846385457	0.206298981729657	0.241295012164948	0.288416175827875	0.314144002220054	0.223115646813166	0.376248439902894	0.102163079488085	0.207747743700421	0.291414324166289	0.183861135370518	0.264082227563725
700109627	0.301996053272478	0.277045225564229	0.120922570509709	0.41679753632373	0.229515187491032	0.073260308750885	0.278995298019632	0.21079070149642	0.243170863490054	0.140831281728229	0.116084939053698	0.148814252831498	0.173650450054163	0.163064937294958	0.226343221954483	0.142143328031758	0.183549264804829	0	0.23276468215742	0.26317523510757	0.248355702125187	0.149057220581604	0.310903586906844	0.218784179217093	0.27994808910518	0.292864016821396	0.170722122607968	0.349733874351779	0.307382637086141	0.195789589491153	0.103842814742403	0.181738978571101	0.132391737917562	0.115030858614547	0.307482338373154	0.236395004734729	0.183170406076469	0.116085879714901	0.272984750788721	0.265859303732417	0.198761742335011	0.146233827403316	0.162021689040394	0.248549111871989	0.200177363155684	0.214831804866386	0.190868904743824	0.186849357483314	0.111390593282294	0.162029512866825	0.149491465072474	0.288234204177477	0.341454548333078	0.22706539188967	0.349101286378261	0.15778702857389	0.245694448238173	0.279416144934981	0.139613788869093	0.247291665431729
700095416	0.143149933072669	0.247935349092327	0.2487645279908	0.322615506367372	0.208421515750478	0.234158135849948	0.116414522869464	0.281724012361143	0.111168896233577	0.236463372067709	0.152091771466431	0.257158874580992	0.256094779097728	0.192963197422933	0.287270630547483	0.150055314216179	0.256011759617081	0.23276468215742	0	0.175708242209093	0.11264460487482	0.151617657658159	0.193847000661018	0.108276744064522	0.153046368299657	0.212082136267663	0.212633683722619	0.352176630011738	0.296411806153079	0.270673627359898	0.205389713194289	0.150477445770817	0.168586032822772	0.216562286674485	0.209099479120822	0.149520740194418	0.21130556924198	0.245381611246685	0.142651754471846	0.331368240544822	0.120933403456654	0.269337131384294	0.132622698857232	0.169104856203133	0.225692720397112	0.205176479206367	0.148461628466822	0.24047155853759	0.181906429250881	0.21784967030977	0.225020912682388	0.152574293658358	0.220704482676268	0.0855983477967601	0.227108895937526	0.226207105763061	0.150740036591969	0.146049891198796	0.208275667416913	0.120656696852395
700110425	0.118609447120616	0.246039296356045	0.291172679194709	0.205672986922031	0.221769527316299	0.277002256416913	0.0906575740785006	0.290188296074292	0.151401892413839	0.251973135383567	0.178294380096262	0.299959008235333	0.263778985358972	0.222367692791437	0.316093965101594	0.210088722459055	0.26933856937278	0.26317523510757	0.175708242209093	0	0.149608959490492	0.233275341744268	0.146500810414615	0.132681991020724	0.140228160177323	0.223366158122458	0.248211741542132	0.323653888870022	0.286545224413587	0.271040205497887	0.239947572018329	0.236017576062458	0.183945631518536	0.233249913849148	0.202483513851171	0.102388244842998	0.23676081425504	0.287537747141447	0.136204013989421	0.33530612177098	0.15424474761178	0.277839585494005	0.175418233628516	0.127428645089737	0.226405224559488	0.225184431976244	0.170885839798646	0.250145959333378	0.213619060221486	0.288312501281601	0.273062202030778	0.093735323636453	0.100839132168852	0.142787245651926	0.177692448162666	0.248021949300107	0.118518528193562	0.111983366104273	0.262093810273351	0.140636329366898
700111580	0.163636800860873	0.261815697875578	0.248137322903473	0.293862237852591	0.233653927030663	0.23075637443628	0.113049793893018	0.282325235887289	0.157835622342038	0.226802253517918	0.155730384426686	0.246171952001925	0.259546415726284	0.223165149654552	0.26459005379748	0.163610767328679	0.242645129342104	0.248355702125187	0.11264460487482	0.149608959490492	0	0.163753469002894	0.191121510665709	0.114080346170984	0.132195224030682	0.244645805889746	0.253545800201022	0.381633374784341	0.263419973393939	0.287946531118607	0.194921744991183	0.161522239059116	0.169804099837855	0.217192323878562	0.238591461822798	0.138029341564708	0.261002558763327	0.237635641638151	0.167614514535263	0.30717142897618	0.136576069615009	0.24563884085355	0.160555475920259	0.180987183784356	0.190987364304749	0.176373658732833	0.172586119887349	0.214743624343323	0.186551089359215	0.213049113015501	0.228597757432336	0.14955668912343	0.209960140860125	0.108577140215885	0.245022860194425	0.224456531164241	0.100737588894833	0.133655610086762	0.193947563554733	0.106052026321812
700111302	0.250875463162889	0.27855553069737	0.121741857324259	0.380528625015288	0.255538090633685	0.163612656155296	0.209101407861602	0.249550208007125	0.194237654324708	0.192240602262196	0.0972706777108273	0.13623966800205	0.217492826421033	0.219652831425061	0.250993105224935	0.0818047539042733	0.23297584054544	0.149057220581604	0.151617657658159	0.233275341744268	0.163753469002894	0	0.284032295404226	0.194154403518812	0.191432380577414	0.284523621322451	0.226956742445206	0.357902206179337	0.31698647566744	0.245768904265682	0.164314802445828	0.0702551854949317	0.113090660797193	0.147690165120067	0.287379691933445	0.201200941177856	0.243237754321646	0.202978666136689	0.233420856282959	0.300803531466404	0.167206315151381	0.17822447414219	0.175488938214006	0.218606517311253	0.205693302560479	0.228460689662361	0.188801301005943	0.199911885868847	0.173072860091257	0.0935505534588896	0.105137247805393	0.238442821150271	0.294525603975377	0.167681083934566	0.330783686772937	0.17499110512237	0.198565185958424	0.22744615114535	0.0985512006913105	0.188693402947689
700098605	0.123733272775993	0.207773212051918	0.328118220747337	0.201747197585612	0.222411450208535	0.293948943547446	0.145715007219584	0.301467891936296	0.185895249046296	0.285007703151427	0.240586833350046	0.343935641138839	0.304718623526349	0.229977214662344	0.319808961757996	0.249682818958913	0.284101807829478	0.310903586906844	0.193847000661018	0.146500810414615	0.191121510665709	0.284032295404226	0	0.168655671931244	0.207822069135044	0.192298325592986	0.237639226220813	0.329839353166263	0.278506143764532	0.315370170950811	0.275855644270528	0.283433511697665	0.250862896673799	0.279827662386586	0.179720920259153	0.158919043936778	0.250355346047699	0.305431544158098	0.13833354884941	0.320354558040636	0.201216512117232	0.329727845531324	0.220677624480184	0.198930204033273	0.286317351989351	0.206210639460321	0.201303079853119	0.291145466008475	0.24379751709083	0.322787639229081	0.314934231647468	0.16118089104606	0.128537600180446	0.160131899909949	0.140776483664897	0.285158528087918	0.181802299861745	0.191614691184593	0.292018762328318	0.168608085209672
700111991	0.107547138786182	0.256056357452559	0.262039547732084	0.268814827786428	0.209102908369004	0.235769132667754	0.110200524752096	0.307014132326431	0.126216412158289	0.24546518178578	0.153159977204811	0.285621164744388	0.276988836237605	0.203917701344297	0.314383368202629	0.143027339725521	0.277120648176403	0.218784179217093	0.108276744064522	0.132681991020724	0.114080346170984	0.194154403518812	0.168655671931244	0	0.149726765766594	0.182965923233049	0.221138236720688	0.3416022990382	0.296541268436888	0.283391202935026	0.216987454985305	0.209327330837367	0.177612479220126	0.222848021745458	0.179845493046889	0.139179280163838	0.203962453226854	0.248861254817854	0.127281535327551	0.354565246504163	0.123805098290578	0.283740497322425	0.128820578463139	0.164646201578707	0.240282256176356	0.208405748578577	0.154765767510135	0.2635621971822	0.184324475359503	0.260085681044448	0.241271771718291	0.112132141960803	0.183365894013471	0.112012919370073	0.17809160111433	0.25014956851988	0.149003898608674	0.115446258695384	0.23585244398456	0.118345614176411
700108960	0.141011664645138	0.327882508070398	0.291042106798831	0.27551446681987	0.304479911542137	0.292219512453862	0.111602227969833	0.36466823888152	0.169521506692084	0.311803982996103	0.192430457405148	0.299956801793666	0.332109481528391	0.298634179450308	0.364211710681448	0.20409406351687	0.343122208720202	0.27994808910518	0.153046368299657	0.140228160177323	0.132195224030682	0.191432380577414	0.207822069135044	0.149726765766594	0	0.299856079045412	0.322638849071256	0.4172293521769	0.360112646515289	0.346365871799913	0.279860704214911	0.167200724867939	0.221015662048411	0.267969402923893	0.275793736490241	0.154657901232321	0.31010257621711	0.317488151718442	0.168113196778086	0.40521766384111	0.208801415912622	0.310750201809488	0.213512524198396	0.151981439949414	0.296328413000482	0.290741657480469	0.257097276119357	0.316484372093562	0.267089830468914	0.257069423361836	0.266801833591297	0.157801353594711	0.181242665344085	0.15713203838656	0.190135323176732	0.300828466212603	0.17780011991537	0.141438234728244	0.252454074921625	0.127619043197862
700024452	0.200021791783685	0.184375750548127	0.332085320400515	0.25718816088251	0.16872283965111	0.295626738826148	0.223958804502233	0.275790638503026	0.188673749574842	0.290417031702346	0.249934936800329	0.354974033838998	0.305492011502355	0.201675906966143	0.333259144630219	0.255059202441269	0.268432854104065	0.292864016821396	0.212082136267663	0.223366158122458	0.244645805889746	0.284523621322451	0.192298325592986	0.182965923233049	0.299856079045412	0	0.197674657222972	0.2688342623566	0.210990376331214	0.268302829470434	0.281270720242054	0.297416660201557	0.237136853360978	0.265031950757399	0.0692760288393135	0.207926635430672	0.241338280803161	0.299234350002078	0.170479996957098	0.298080762778207	0.188789076989738	0.310028206913365	0.217746404835035	0.257795241726647	0.248088824188168	0.201001992940233	0.172412827953633	0.293828374460939	0.238091783392306	0.333219155483092	0.324508242311119	0.176667979765148	0.191046824104351	0.180249546024587	0.203447512280826	0.284906006214341	0.221384989471095	0.188922180056961	0.303349089067672	0.230396553454673
700032931	0.259446849059292	0.176535999671013	0.213725325288712	0.374714079309524	0.155563984613749	0.153649512643091	0.263994656926247	0.151713681195106	0.206733931273655	0.152725177233338	0.177613414023048	0.238847281219492	0.175417368948902	0.100520004660074	0.211103068123473	0.220173025145204	0.13015389550232	0.170722122607968	0.212633683722619	0.248211741542132	0.253545800201022	0.226956742445206	0.237639226220813	0.221138236720688	0.322638849071256	0.197674657222972	0	0.264926958782992	0.2051859625703	0.163807236400573	0.145736969229256	0.254972056245171	0.15982535668981	0.139720026225562	0.218574623047904	0.202608031750858	0.151636436080102	0.159293510274753	0.229670567254838	0.198251045656157	0.168830201388386	0.190235922008022	0.154805696438951	0.247216232935076	0.162938005974123	0.14407187783677	0.11629483549335	0.15418658975512	0.109967206329721	0.227210450754574	0.240738658370458	0.255958550724365	0.274316088024212	0.190774962858233	0.298768951757543	0.151334379290857	0.214140630620552	0.265497788500638	0.199658087683553	0.249677685091321
700095837	0.352770109739326	0.214092090710587	0.372871067888024	0.405403655143986	0.255317754713342	0.35222623007407	0.365353916471612	0.288903924864091	0.311096706082987	0.319739681010853	0.313488552132652	0.381424704258289	0.31347861902439	0.279771485397123	0.370429786272632	0.339273969048649	0.302488133459559	0.349733874351779	0.352176630011738	0.323653888870022	0.381633374784341	0.357902206179337	0.329839353166263	0.3416022990382	0.4172293521769	0.2688342623566	0.264926958782992	0	0.185739123076383	0.237907782751422	0.325711807049879	0.385561946781752	0.287281195513116	0.284546163928984	0.261613494599305	0.313975286163468	0.307977408647173	0.358223344720585	0.31282342756644	0.30712828103582	0.295740971573252	0.317655264376894	0.313202365519641	0.331118712744248	0.266434959887372	0.307365125616223	0.265505359422497	0.321435177291808	0.307610459364315	0.385070505267778	0.366568923240212	0.326230264529553	0.336068876100849	0.329978216438512	0.374087640606787	0.306038423911844	0.353409891033039	0.337067688370052	0.355847185775111	0.366404737671352
700024548	0.325592244547773	0.152986993782209	0.29797426885164	0.363305677145363	0.199178267762824	0.260349337429993	0.301359529515815	0.192888964877275	0.290761372853827	0.223307413426413	0.262563959601379	0.311996189500485	0.228468493063118	0.180872623311402	0.255696742373135	0.30793955429761	0.186549647081491	0.307382637086141	0.296411806153079	0.286545224413587	0.263419973393939	0.31698647566744	0.278506143764532	0.296541268436888	0.360112646515289	0.210990376331214	0.2051859625703	0.185739123076383	0	0.176323282403505	0.245048152262904	0.336619645744189	0.23891856399939	0.223550021158346	0.211574296705588	0.244782091267839	0.294989916315407	0.259255838184394	0.275818217848388	0.190509486003433	0.233135835494081	0.223645440216086	0.25305607379583	0.321093775539404	0.150157404895803	0.153006557494926	0.201013355242735	0.214989792052308	0.221719881850878	0.31988325180473	0.332666148068832	0.288308518870218	0.299588156012945	0.247607040304766	0.341070031297381	0.226850218215177	0.239654268406136	0.295014297869739	0.280263231049014	0.300848482950196
700110161	0.338968603069754	0.203913363373425	0.182439516085623	0.41110385470853	0.206085383184546	0.167859783080342	0.298922934048559	0.10707545160413	0.251580426371325	0.123563058871546	0.201768732329709	0.235786559604802	0.126221416916559	0.139045436021166	0.185314258034206	0.240806324770408	0.128451606534404	0.195789589491153	0.270673627359898	0.271040205497887	0.287946531118607	0.245768904265682	0.315370170950811	0.283391202935026	0.346365871799913	0.268302829470434	0.163807236400573	0.237907782751422	0.176323282403505	0	0.158795332215031	0.269827089884148	0.181975470881768	0.125976642613501	0.264598935842767	0.238584808186776	0.22939466078317	0.150616752167409	0.283773437108799	0.182626791971252	0.212192322061866	0.133617798777955	0.209993232670533	0.269975839757373	0.138332116410568	0.210766596193071	0.184313415028014	0.150971231578203	0.151530939107091	0.228763577555173	0.251140175105648	0.284367826572164	0.325298990325652	0.242986404788605	0.389663266709459	0.131376146551128	0.246689725003977	0.282232413183326	0.202158439439918	0.282079251683685
700023496	0.298979753576108	0.215675040417752	0.140094138978931	0.403856905457312	0.209918614732302	0.0799663224546209	0.246834876395631	0.149483590728697	0.211135638508978	0.0850175285424148	0.122188274713248	0.146970905831279	0.115499153463442	0.134199101253466	0.178119025089322	0.165072223320728	0.115087240921272	0.103842814742403	0.205389713194289	0.239947572018329	0.194921744991183	0.164314802445828	0.275855644270528	0.216987454985305	0.279860704214911	0.281270720242054	0.145736969229256	0.325711807049879	0.245048152262904	0.158795332215031	0	0.182067859415623	0.113248890046966	0.0871554992671801	0.288713488773951	0.196475448933313	0.193096972866691	0.10827527975101	0.254177225702052	0.204030398393838	0.153532163781948	0.119795638779498	0.139782608995191	0.224517253006789	0.130367828828541	0.160204973980063	0.139622978332908	0.112505332870453	0.0837106928476136	0.166106383309392	0.173320682893586	0.262150756294914	0.316302206000117	0.194501125924305	0.36056843785144	0.0941827102307674	0.19563668573001	0.251861020530384	0.147243588277793	0.210697993715628
700034628	0.252225097183097	0.287720674233411	0.156424219089768	0.390792805364844	0.274756317001524	0.181275415782611	0.186161264556553	0.260526689409662	0.176288835417737	0.211144277818099	0.135922272096487	0.158718291496189	0.230422214092221	0.244643232973709	0.260412718112443	0.122060531681741	0.247687545564308	0.181738978571101	0.150477445770817	0.236017576062458	0.161522239059116	0.0702551854949317	0.283433511697665	0.209327330837367	0.167200724867939	0.297416660201557	0.254972056245171	0.385561946781752	0.336619645744189	0.269827089884148	0.182067859415623	0	0.150417459595921	0.177167889658096	0.297190787195785	0.181624873024165	0.276947626627544	0.215040106626344	0.224583074481256	0.307792520615557	0.19627836931265	0.190092110898618	0.19530417687096	0.181296667938215	0.225216023288124	0.247470924251668	0.208574666735994	0.207917285963687	0.198699084824603	0.119696122728829	0.153901923292201	0.243368470646423	0.296974222749446	0.176465458989585	0.321383617633288	0.191060073062857	0.198275688006446	0.212758756999696	0.127704338764858	0.146225731851105
700023645	0.254827594941377	0.205617565322108	0.151190515991022	0.348693895707485	0.184171232705203	0.137749107909667	0.199115313637717	0.186136077299333	0.172506138388801	0.144868714119372	0.0626618407776067	0.161503918691716	0.163132165412972	0.151089163469638	0.234053576932997	0.102709833061966	0.164265124604647	0.132391737917562	0.168586032822772	0.183945631518536	0.169804099837855	0.113090660797193	0.250862896673799	0.177612479220126	0.221015662048411	0.237136853360978	0.15982535668981	0.287281195513116	0.23891856399939	0.181975470881768	0.113248890046966	0.150417459595921	0	0.0809921057038967	0.243272644441155	0.149247635765529	0.1884897323387	0.173454670150308	0.20721789639681	0.237577416918719	0.099082340188384	0.131796267547196	0.111674002086579	0.18072862696758	0.129224669612813	0.173926421186033	0.115092057548374	0.153954346119682	0.125164042543924	0.160633948199727	0.142981007542375	0.207486158970373	0.252566183873596	0.171143471714859	0.318221762375744	0.122763336827166	0.181672629485817	0.191037382593363	0.13310988728427	0.170844815400287
700038744	0.30137578927984	0.208180508527858	0.126871081375881	0.390315966956056	0.198723766905315	0.093511686155182	0.248717165359986	0.135918325949315	0.211518325954662	0.0966390577652012	0.106695311894731	0.146820021855949	0.107839841336346	0.125662564192209	0.198428554425297	0.15054494405773	0.122298353495616	0.115030858614547	0.216562286674485	0.233249913849148	0.217192323878562	0.147690165120067	0.279827662386586	0.222848021745458	0.267969402923893	0.265031950757399	0.139720026225562	0.284546163928984	0.223550021158346	0.125976642613501	0.0871554992671801	0.177167889658096	0.0809921057038967	0	0.267555249644945	0.186794305504764	0.195468904532971	0.127455586264265	0.248130286604838	0.187039487502462	0.150061387811636	0.0935766192148958	0.148653079005441	0.223012029518685	0.117174958750937	0.172381102816454	0.151091628035602	0.118715024928183	0.103016778220339	0.15376133199239	0.16017154536011	0.254773912703999	0.302981099710919	0.19997665651986	0.358024753681478	0.0839582667598516	0.211918092031963	0.239833486481453	0.126020815188142	0.216293945199907
700038485	0.184977045368033	0.18697616662231	0.332939954054342	0.243231658001521	0.198143791503192	0.307131713762169	0.205546191690414	0.281714650143973	0.177554390842798	0.293694284135908	0.248763485908244	0.356236118386768	0.308644548746996	0.219956704761426	0.340698860239889	0.258797212526974	0.273813381877464	0.307482338373154	0.209099479120822	0.202483513851171	0.238591461822798	0.287379691933445	0.179720920259153	0.179845493046889	0.275793736490241	0.0692760288393135	0.218574623047904	0.261613494599305	0.211574296705588	0.264598935842767	0.288713488773951	0.297190787195785	0.243272644441155	0.267555249644945	0	0.194510034481861	0.256904909521246	0.319076264532988	0.147598680240307	0.304733469180679	0.200299710677673	0.316812259733299	0.226483275860654	0.232907233430824	0.256884957136416	0.200886155719448	0.185472330287053	0.3001555456664	0.246318863075883	0.336733847151256	0.325532739871038	0.151977256401441	0.164222316633404	0.168577755090925	0.199475552361839	0.286007796398759	0.215325422460846	0.164677790092762	0.307200457446217	0.215646504668295
700024743	0.148819642279968	0.207285955327277	0.244709663394389	0.268180547935418	0.200794584909305	0.225554234371891	0.104190902149943	0.238863515141508	0.127854242266391	0.208184790645333	0.152512120875485	0.252095746017907	0.22221501186463	0.188238194207585	0.263836322074947	0.198825334788896	0.219316040758163	0.236395004734729	0.149520740194418	0.102388244842998	0.138029341564708	0.201200941177856	0.158919043936778	0.139179280163838	0.154657901232321	0.207926635430672	0.202608031750858	0.313975286163468	0.244782091267839	0.238584808186776	0.196475448933313	0.181624873024165	0.149247635765529	0.186794305504764	0.194510034481861	0	0.221370259822138	0.236587582552966	0.11355926169064	0.287891415572776	0.144466941597243	0.238465776296733	0.162202524444954	0.105046816566496	0.189821582475496	0.181883432326771	0.154907997732758	0.199111393929165	0.172063423069087	0.250451105637249	0.239948170861372	0.130844067616879	0.168266495869753	0.099924350475531	0.195235408745179	0.204315116544241	0.128410789213475	0.124375405173833	0.222236806396251	0.106234796102254
