700108602	700014971	700033565	700109389	700023058	700023927	700106341	700114221	700023543	700023439	700016978	700024192	700113058	700099448	700109870	700033928	700023693	700109627	700095416	700110425	700111580	700111302	700098605	700111991	700108960	700024452	700032931	700095837	700024548	700110161	700023496	700034628	700023645	700038744	700038485	700024743	700099596	700110760	700101587	700106399	700032322	700095653	700021312	700101230	700023590	700038905	700033136	700023382	700096424	700105469	700016908	700096053	700108479	700109569	700033814	700016125	700109756	700102665	700101777	700109455
700108602	0	-0.16436701743454	-0.20725588158299	-0.118305731901491	-0.140438474725049	-0.208921165354632	-0.0740083174841324	-0.226338337021129	-0.0972528956504462	-0.214959345791802	-0.15630265142886	-0.207837215230212	-0.225756842437745	-0.16581938146258	-0.216437458325998	-0.115891252389257	-0.21438264008153	-0.198612228206701	-0.0977167505118365	-0.0919753010794888	-0.115700043995238	-0.145574485133865	-0.102522092495743	-0.0600694438861362	-0.101230383775546	-0.116630441708592	-0.163558314191637	-0.174639892398306	-0.185405960253269	-0.212903330248892	-0.188138550948139	-0.159890864046126	-0.156730200156666	-0.196159120692526	-0.11949548542356	-0.122594237372538	-0.163679220184346	-0.215323761318638	-0.0976566487237253	-0.250108824263663	-0.112210124530359	-0.212168271983127	-0.150401185416039	-0.135684805429827	-0.19294392016211	-0.154714739579857	-0.135699957154808	-0.197792002407138	-0.172317352668053	-0.194084723775693	-0.14998476197371	-0.0864798281940449	-0.0853534684496982	-0.117322400356215	-0.0778835949962466	-0.205870033590204	-0.117298938856193	-0.0850545196723538	-0.172701754407896	-0.10225711742073
700014971	-0.16436701743454	0	-0.172701888658394	-0.214926957949671	-0.122566936740914	-0.15611406635501	-0.18099760766171	-0.140995684704691	-0.153536866710259	-0.111974409358651	-0.115694745737768	-0.191588630574646	-0.144277740513515	-0.113076703441531	-0.156952910925792	-0.162947389460199	-0.123773462001913	-0.172873725733965	-0.154926962289012	-0.163721342284554	-0.160236662550584	-0.135747860425665	-0.138011202054042	-0.172462691240995	-0.187465676310013	-0.155307598658751	-0.105992937500141	-0.134278994345054	-0.120222390397601	-0.129785516478053	-0.115707741962827	-0.166106041235421	-0.115215517275703	-0.121806220237677	-0.148922977846128	-0.130197490427742	-0.166545310867641	-0.171763454282318	-0.13693075086794	-0.138146051564688	-0.136385012858532	-0.142760625658161	-0.134117888438371	-0.158566825858889	-0.127373951786702	-0.119794931403459	-0.109181461907895	-0.131950643208827	-0.126607991364817	-0.163256577239628	-0.161382759593181	-0.167893001490324	-0.167586259563934	-0.121915779125238	-0.183948386140201	-0.129875382279101	-0.163480817391456	-0.182554648599799	-0.15677687051338	-0.165924370930735
700033565	-0.20725588158299	-0.172701888658394	0	-0.233664608349172	-0.193557673381167	-0.0633978309796837	-0.202120083180234	-0.109865609925077	-0.179017531412134	-0.108902575618111	-0.0942586968061634	-0.069546202516239	-0.108202973426036	-0.138371996300023	-0.103714128967318	-0.137240819285199	-0.103623512645554	-0.102869409829323	-0.172030172331403	-0.177400311823891	-0.171522716048053	-0.0931443408666708	-0.191056171917829	-0.193940429566488	-0.175506939846723	-0.203966702857174	-0.157080020003822	-0.183300675654095	-0.162051365387043	-0.123535722743493	-0.115412667309683	-0.140051368801735	-0.115226173619005	-0.0935531781401543	-0.202522085018002	-0.128781868887831	-0.170427871411007	-0.100969885161848	-0.18785462002276	-0.14808911487995	-0.166023796047644	-0.0741095525189035	-0.151522507275884	-0.161097773247608	-0.128911906623171	-0.146732728386991	-0.164646448991385	-0.101046989655769	-0.13825183246674	-0.0810555549823628	-0.0946992839449077	-0.215347751419293	-0.200698822376277	-0.142595785408481	-0.23124917099721	-0.104537805086079	-0.151608770894699	-0.196092655684489	-0.0824943915590173	-0.189979291372821
700109389	-0.118305731901491	-0.214926957949671	-0.233664608349172	0	-0.188532465095147	-0.25376107315472	-0.10712551745852	-0.252216988407656	-0.176415207469837	-0.242328113680361	-0.200510363223439	-0.228667619693514	-0.248641055095637	-0.215754394779962	-0.23083950330466	-0.169050182997544	-0.247451543420124	-0.250642584244229	-0.173808360800982	-0.116873856426742	-0.146295448551692	-0.190213665557549	-0.148456752025082	-0.140608907002068	-0.140359402842495	-0.155446279443379	-0.229077003068115	-0.19904423980651	-0.185479523210737	-0.237890087652894	-0.234047325793824	-0.207405513047657	-0.192102950780626	-0.228688184567615	-0.145394059719827	-0.167984743438181	-0.231510937637979	-0.261599955135367	-0.148186865990726	-0.250942431652311	-0.15873047587729	-0.233113309876456	-0.209780122073316	-0.17527392500418	-0.214673997385236	-0.188583407303366	-0.201616457004235	-0.228267468041575	-0.227347262508493	-0.227548566502255	-0.190276155456878	-0.112611454581388	-0.08659069959861	-0.185544592759915	-0.117428556551946	-0.234431077056205	-0.119150465231417	-0.131793889500867	-0.189513294652383	-0.149060230877458
700023058	-0.140438474725049	-0.122566936740914	-0.193557673381167	-0.188532465095147	0	-0.174915491995344	-0.152413553699966	-0.186728945787184	-0.127394125274403	-0.167034985086247	-0.143831991761551	-0.202285341743459	-0.191443719317739	-0.129502849480585	-0.18428242751326	-0.142180263216676	-0.168304357876826	-0.163047824134742	-0.132521860245088	-0.160601159510287	-0.161697517465212	-0.157363245821858	-0.148046054642669	-0.132555970228015	-0.185758161043422	-0.125012200236627	-0.13753478193476	-0.163784605393034	-0.163897579474583	-0.172796221223482	-0.147971191247165	-0.186293727367483	-0.147997508712357	-0.157324394632775	-0.120971236973303	-0.156581143120403	-0.135498440123127	-0.162706350473509	-0.103588471850985	-0.199253642032086	-0.120224785938153	-0.179865460464057	-0.116424720448572	-0.150334157131083	-0.159498002148572	-0.131450374080066	-0.111228097918238	-0.171135575509064	-0.128705690386803	-0.189679270854492	-0.170005242524566	-0.13567303919629	-0.145978612967538	-0.128500072124568	-0.151356881771528	-0.175708642008134	-0.169498853518103	-0.162387284150187	-0.167124485431298	-0.15110227360469
700023927	-0.208921165354632	-0.15611406635501	-0.0633978309796837	-0.25376107315472	-0.174915491995344	0	-0.222193127197396	-0.106056189727729	-0.18194627415356	-0.10063782360372	-0.111178834892415	-0.102643811770386	-0.108865409354873	-0.107045690855052	-0.102753258837194	-0.149276209653567	-0.0906299169294876	-0.0791723755323745	-0.172212218268311	-0.195109170184703	-0.180623683533098	-0.128897385861496	-0.183546556262679	-0.197889408834789	-0.196356431200712	-0.204343272533378	-0.13903928426603	-0.196641322555816	-0.165815051297688	-0.113471546624285	-0.0812202410716412	-0.162187542505767	-0.129942501900934	-0.0830920291361547	-0.202510643777934	-0.152586864523096	-0.155099321307982	-0.0704133647391	-0.194069319990801	-0.145721670302268	-0.164182030899013	-0.0782293692435944	-0.124704371949756	-0.174416759405686	-0.131786894499603	-0.138314076438845	-0.148415056179218	-0.106741751437764	-0.0995455016471683	-0.0979537047310472	-0.114141017743809	-0.222922624814661	-0.214948442409352	-0.133196099651439	-0.234158574339475	-0.102666626797373	-0.158626588169157	-0.20560020568607	-0.0962471961666858	-0.196981138261883
700106341	-0.0740083174841324	-0.18099760766171	-0.202120083180234	-0.10712551745852	-0.152413553699966	-0.222193127197396	0	-0.221630957417018	-0.100398595028923	-0.219554370629	-0.157150801321507	-0.190675789581457	-0.218316978622298	-0.181572198371141	-0.211692433788929	-0.126644424466843	-0.216862613094673	-0.218646257467942	-0.115311075432863	-0.0736722183229269	-0.0979621695721956	-0.135766343356794	-0.116105983675064	-0.10979234637719	-0.0803031694950555	-0.155642185109316	-0.204271723268734	-0.189283774998327	-0.189775905144379	-0.220230230063022	-0.196235322293147	-0.127510793119147	-0.151474267186107	-0.202894841601381	-0.141792343298629	-0.105255144032725	-0.200281875157109	-0.23414418855767	-0.0873282448730964	-0.251858405719273	-0.132358788854109	-0.202880645443665	-0.156094156617358	-0.114293911760734	-0.185694331803947	-0.167825101108848	-0.161938494735085	-0.185413834125825	-0.190816142813647	-0.182757684668509	-0.156956578639197	-0.0691538859407823	-0.0780416330954946	-0.131647605294322	-0.109022105322003	-0.199775520854707	-0.105960196451365	-0.0806361899969559	-0.163528797164538	-0.0797856302767846
700114221	-0.226338337021129	-0.140995684704691	-0.109865609925077	-0.252216988407656	-0.186728945787184	-0.106056189727729	-0.221630957417018	0	-0.20202832976907	-0.0856537449322486	-0.132711637594414	-0.12422476814173	-0.0660194274411863	-0.140572392159614	-0.0811004925472666	-0.177502150047595	-0.0719910009394808	-0.157751792784362	-0.201131338278491	-0.201728364571852	-0.198006490015195	-0.152564218071421	-0.207611801094299	-0.214560160037565	-0.222200947785259	-0.220972611784484	-0.142630991580264	-0.173960839805144	-0.141023805255979	-0.109775410960767	-0.124646433206563	-0.177043024456024	-0.126775357994137	-0.105323019885444	-0.218262358597624	-0.160251880652905	-0.193806565084171	-0.108912335026097	-0.203446132123154	-0.102301850452013	-0.160130637132135	-0.0701984840153008	-0.175772668791539	-0.173662691075926	-0.0950820310951536	-0.133582571496916	-0.150516397850172	-0.0790520609799684	-0.151797314106255	-0.107052518095568	-0.161066675071516	-0.226537465457593	-0.211043436225748	-0.172280963501679	-0.253697271686499	-0.0807227361515643	-0.173560019326081	-0.2358246092256	-0.125200017794155	-0.203293788657459
700023543	-0.0972528956504462	-0.153536866710259	-0.179017531412134	-0.176415207469837	-0.127394125274403	-0.18194627415356	-0.100398595028923	-0.20202832976907	0	-0.18393377849973	-0.124327757467018	-0.183355393104334	-0.20284242572001	-0.14972163860186	-0.200966975710478	-0.0938640447784541	-0.183455161107818	-0.179282604961647	-0.0737996159254553	-0.123039495329975	-0.12650067716455	-0.117215154468968	-0.12118227494909	-0.0980986191652518	-0.124596144492091	-0.132808239852991	-0.15612012010935	-0.174424552395169	-0.209971476788871	-0.188458035682257	-0.16280805570615	-0.106996479049954	-0.133174629477915	-0.166474218093465	-0.123228177792915	-0.128969183910225	-0.151738485667122	-0.198529845580532	-0.0900727165265865	-0.233417811539944	-0.113978584525657	-0.183387940381855	-0.131460198511577	-0.0917600898903955	-0.178810606557233	-0.158848203111772	-0.117121627930477	-0.170593323603929	-0.169811890621211	-0.162074461525262	-0.13889676896692	-0.105418863289856	-0.120315733223698	-0.11171019656017	-0.122370981350429	-0.175752247111483	-0.149906884236369	-0.100052255435613	-0.163465615410467	-0.0983438484680416
700023439	-0.214959345791802	-0.111974409358651	-0.108902575618111	-0.242328113680361	-0.167034985086247	-0.10063782360372	-0.219554370629	-0.0856537449322486	-0.18393377849973	0	-0.109146184491672	-0.133741779455663	-0.0824779596834499	-0.108994817144221	-0.110600107591414	-0.158114858176058	-0.070867438462725	-0.134970828005734	-0.181412308437807	-0.198143367201656	-0.184423131680026	-0.141666865243307	-0.18825173488914	-0.20068421697168	-0.210061488405623	-0.198756114592663	-0.12286882447444	-0.160300427164331	-0.128697382940384	-0.096792673195568	-0.0927549779404871	-0.174522744813074	-0.110459613691284	-0.0730113813363329	-0.196482929270054	-0.148834606392906	-0.174296704502571	-0.10500756661482	-0.180377046828348	-0.102219700664217	-0.152693024140743	-0.0852484791194903	-0.153223746505529	-0.170632610297904	-0.103626607212311	-0.119494613330145	-0.136068235748695	-0.0980545830311896	-0.115460052949343	-0.118824084840163	-0.133548504200455	-0.21097463973233	-0.20603909535275	-0.146903216252649	-0.232649187452813	-0.0999193660245526	-0.163144168266792	-0.212106512467008	-0.119857169869281	-0.196289618188673
700016978	-0.15630265142886	-0.115694745737768	-0.0942586968061634	-0.200510363223439	-0.143831991761551	-0.111178834892415	-0.157150801321507	-0.132711637594414	-0.124327757467018	-0.109146184491672	0	-0.115348867689238	-0.127784481112051	-0.108539557197635	-0.143563995496324	-0.0939182663696529	-0.110442323415022	-0.111763631159612	-0.126538798866707	-0.132354961177781	-0.135987792861064	-0.0652199993244406	-0.151571925078446	-0.143737681398541	-0.137250566844193	-0.170090455552763	-0.122078940566444	-0.136523209995503	-0.153495624591885	-0.130408095183748	-0.0899008148187007	-0.107759902022634	-0.063547610464148	-0.0828093260658487	-0.156378790100446	-0.0944168043437564	-0.135906237810174	-0.139648875860373	-0.136050183542584	-0.166695505230951	-0.123817439460642	-0.102269529994352	-0.104785745983779	-0.109765910023285	-0.110115594282604	-0.128932621708146	-0.112038266825608	-0.10323383601963	-0.115426705521304	-0.103659158081694	-0.0915436011664153	-0.164112217639605	-0.154502769760279	-0.099605468517267	-0.179299314046704	-0.106734962366428	-0.131314153522512	-0.142703242340646	-0.103920243382923	-0.148099685699332
700024192	-0.207837215230212	-0.191588630574646	-0.069546202516239	-0.228667619693514	-0.202285341743459	-0.102643811770386	-0.190675789581457	-0.12422476814173	-0.183355393104334	-0.133741779455663	-0.115348867689238	0	-0.11743608849976	-0.169673207093349	-0.115711920080741	-0.140514967466335	-0.131613818803939	-0.129241577439325	-0.168502736056147	-0.17619944421043	-0.158563176152342	-0.0903987172888565	-0.190749460762752	-0.204193088336176	-0.163395224031469	-0.220226894255516	-0.189229696259735	-0.201239338530342	-0.1803185668354	-0.159773628466645	-0.123687047097846	-0.118288704541285	-0.118091929592598	-0.114671624734352	-0.22218668105297	-0.14045600015193	-0.194166870750923	-0.122881839137332	-0.199004944588921	-0.16192696580766	-0.169003957959655	-0.0860591079927861	-0.164741408208708	-0.152113619252949	-0.119685913297872	-0.161145025096516	-0.171049478718444	-0.102904566850416	-0.16040340113121	-0.067986312687173	-0.0956299030369103	-0.216301905995474	-0.199120046280208	-0.140293349416693	-0.245678404430053	-0.109023953613822	-0.138877434467469	-0.197283043744047	-0.0928668458802021	-0.184719362071437
700113058	-0.225756842437745	-0.144277740513515	-0.108202973426036	-0.248641055095637	-0.191443719317739	-0.108865409354873	-0.218316978622298	-0.0660194274411863	-0.20284242572001	-0.0824779596834499	-0.127784481112051	-0.11743608849976	0	-0.137618933171192	-0.0842956071565588	-0.176912043922031	-0.0921291038435565	-0.159023625055262	-0.202797373071822	-0.200617520318005	-0.201092655850468	-0.149109229719134	-0.206833897564127	-0.218455175534531	-0.221922366080053	-0.219942485905951	-0.144386558604345	-0.166621108734706	-0.137963385407047	-0.115124122774182	-0.121715306085503	-0.173094633399393	-0.122826942371506	-0.0983525371433065	-0.220721338098728	-0.161226553459444	-0.195115915215361	-0.120918423590837	-0.200593079527399	-0.113273066698146	-0.170387980044206	-0.076865360636309	-0.185921190480278	-0.175615159314537	-0.104437506475757	-0.132808466791795	-0.158624535987156	-0.0811855568893528	-0.148958959273932	-0.115682854994022	-0.157983590665405	-0.227170918602164	-0.212414009001962	-0.180160422578517	-0.25199530468811	-0.0777162177421256	-0.173724671414315	-0.235410699191945	-0.125514234969007	-0.199864139924653
700099448	-0.16581938146258	-0.113076703441531	-0.138371996300023	-0.215754394779962	-0.129502849480585	-0.107045690855052	-0.181572198371141	-0.140572392159614	-0.14972163860186	-0.108994817144221	-0.108539557197635	-0.169673207093349	-0.137618933171192	0	-0.140747227628394	-0.138542913867156	-0.10675674877058	-0.12200167443429	-0.142166610255011	-0.160477669264162	-0.155333758172284	-0.136059051983715	-0.147396866295783	-0.150052838330476	-0.179991417370666	-0.151652698314163	-0.0982670124082041	-0.156798443191476	-0.137026021783646	-0.119324572955659	-0.0884569637572823	-0.168287764185977	-0.106494246409449	-0.0949763912657718	-0.152815947281825	-0.135241288877789	-0.130194565823008	-0.12268190094857	-0.147623179132526	-0.169486488874188	-0.135562742727216	-0.122339479925636	-0.102289458650309	-0.167308529881392	-0.112414719102998	-0.112154379641623	-0.100640145453593	-0.128153477565353	-0.0768079191754286	-0.139500410398583	-0.126368767060259	-0.172037624153464	-0.175415973965728	-0.119823363479763	-0.179495583424036	-0.128920307576588	-0.135203522840579	-0.171897624251269	-0.1197551874903	-0.163545084897894
700109870	-0.216437458325998	-0.156952910925792	-0.103714128967318	-0.23083950330466	-0.18428242751326	-0.102753258837194	-0.211692433788929	-0.0811004925472666	-0.200966975710478	-0.110600107591414	-0.143563995496324	-0.115711920080741	-0.0842956071565588	-0.140747227628394	0	-0.179041265840808	-0.0905979170962295	-0.158457217937896	-0.204110635227673	-0.19305178762253	-0.179973017788079	-0.154867454471671	-0.19046586154285	-0.214591471555138	-0.214971898945189	-0.211393004216803	-0.153314149507715	-0.178151460658228	-0.126328651862392	-0.104744574427588	-0.134509992205371	-0.180020678737119	-0.142668762039209	-0.122927533460518	-0.209532713341354	-0.163566646312023	-0.202149533578218	-0.101550680567048	-0.198429166238946	-0.105724062891162	-0.179286158028396	-0.0749598312536189	-0.192343152704282	-0.176946518671537	-0.102374906184279	-0.121533955566739	-0.158517136350621	-0.0746498209535144	-0.15160470094791	-0.112778268912726	-0.153356586880643	-0.215960071972024	-0.199100996214547	-0.174528575796463	-0.240691173235491	-0.0910588493989139	-0.164154747921047	-0.229405751277728	-0.112602482849668	-0.194872650682776
700033928	-0.115891252389257	-0.162947389460199	-0.137240819285199	-0.169050182997544	-0.142180263216676	-0.149276209653567	-0.126644424466843	-0.177502150047595	-0.0938640447784541	-0.158114858176058	-0.0939182663696529	-0.140514967466335	-0.176912043922031	-0.138542913867156	-0.179041265840808	0	-0.162145039799751	-0.142250724854272	-0.0882622610693254	-0.121442850500732	-0.119813510085491	-0.0972317327424118	-0.137700404110477	-0.094274566595507	-0.122385532273863	-0.141185479584802	-0.154218828555701	-0.146100457013089	-0.182745050972462	-0.167328587124191	-0.134591763947298	-0.122102807797412	-0.0957590796845118	-0.134694631497961	-0.140495054836355	-0.129017202361802	-0.141479937495947	-0.17861509236288	-0.10771867239862	-0.21616927371278	-0.0840149505830318	-0.144699433253774	-0.122070094106729	-0.118575096772446	-0.144681611106855	-0.132632384930737	-0.112539077911234	-0.15674061559056	-0.146509260772141	-0.128195060680657	-0.0908141289633245	-0.126726929320814	-0.12678295202119	-0.106228390080318	-0.148136542558701	-0.149004624794817	-0.132727570466687	-0.104289171971836	-0.124658138635913	-0.117407359445671
700023693	-0.21438264008153	-0.123773462001913	-0.103623512645554	-0.247451543420124	-0.168304357876826	-0.0906299169294876	-0.216862613094673	-0.0719910009394808	-0.183455161107818	-0.070867438462725	-0.110442323415022	-0.131613818803939	-0.0921291038435565	-0.10675674877058	-0.0905979170962295	-0.162145039799751	0	-0.131721852196863	-0.181841668168496	-0.193211520032996	-0.170160314522855	-0.140539738633631	-0.187517455910307	-0.199105878364483	-0.209773570501541	-0.201566209440386	-0.133860922030776	-0.171110116017778	-0.130988524920678	-0.104820509063167	-0.101982207860585	-0.168570393229067	-0.11524948243905	-0.0936362699827156	-0.199034764093041	-0.146395913445281	-0.171465946236869	-0.106765166865466	-0.187801660929909	-0.103646109369844	-0.155073980795831	-0.0824661542347418	-0.145816043443459	-0.168215996677195	-0.096195364515342	-0.115065875001779	-0.123526558522735	-0.078312766089782	-0.121801104002626	-0.114157461942411	-0.135012656469205	-0.212739385973017	-0.201448288684682	-0.148318856916405	-0.234929043978559	-0.0880385828625116	-0.159408676184663	-0.214250542584316	-0.115892260274869	-0.192813819738623
700109627	-0.198612228206701	-0.172873725733965	-0.102869409829323	-0.250642584244229	-0.163047824134742	-0.0791723755323745	-0.218646257467942	-0.157751792784362	-0.179282604961647	-0.134970828005734	-0.111763631159612	-0.129241577439325	-0.159023625055262	-0.12200167443429	-0.158457217937896	-0.142250724854272	-0.131721852196863	0	-0.17323830795394	-0.190986519516348	-0.197012532475416	-0.13069497651554	-0.196904656755169	-0.175558766043257	-0.195565632041923	-0.1967512845567	-0.140754368791136	-0.19220643425945	-0.205415973799119	-0.145261175010632	-0.0968740529534632	-0.164927270396803	-0.137157912590178	-0.114533814439574	-0.196428333285735	-0.160955991956925	-0.115252349094201	-0.0901189834493582	-0.194140016603957	-0.190034275573372	-0.172322119034168	-0.123352718587028	-0.106252888621128	-0.174375654918582	-0.159626436907536	-0.165367532557452	-0.150032778663083	-0.156249859441519	-0.0897487073949225	-0.131730764958671	-0.107492877181615	-0.224352448362138	-0.214636961558915	-0.146974146695271	-0.216957435283149	-0.145682818437557	-0.177402274764861	-0.201169872729548	-0.136957359219368	-0.20482685082648
700095416	-0.0977167505118365	-0.154926962289012	-0.172030172331403	-0.173808360800982	-0.132521860245088	-0.172212218268311	-0.115311075432863	-0.201131338278491	-0.0737996159254553	-0.181412308437807	-0.126538798866707	-0.168502736056147	-0.202797373071822	-0.142166610255011	-0.204110635227673	-0.0882622610693254	-0.181841668168496	-0.17323830795394	0	-0.120987295865271	-0.107581597980049	-0.11843235194998	-0.111920397830834	-0.0911450681394534	-0.115699655432133	-0.136223622901919	-0.154943529820122	-0.17444269732489	-0.196324109401207	-0.192698539799424	-0.146811098137716	-0.118083732744403	-0.122156406210279	-0.163831957312393	-0.128854363612184	-0.121103255579655	-0.148607587075331	-0.190255086221419	-0.100732630368354	-0.234152849347125	-0.0884429366102885	-0.183685619838105	-0.112898503037159	-0.123179144141989	-0.168902672158072	-0.145213994684471	-0.105998236699612	-0.175592212858678	-0.148830994485455	-0.155217319521308	-0.123426408183682	-0.124720770509824	-0.126426459398168	-0.0864874655739739	-0.12046678524789	-0.172437875104031	-0.132368637741814	-0.0958986566635119	-0.150633561566001	-0.108635964130278
700110425	-0.0919753010794888	-0.163721342284554	-0.177400311823891	-0.116873856426742	-0.160601159510287	-0.195109170184703	-0.0736722183229269	-0.201728364571852	-0.123039495329975	-0.198143367201656	-0.132354961177781	-0.17619944421043	-0.200617520318005	-0.160477669264162	-0.19305178762253	-0.121442850500732	-0.193211520032996	-0.190986519516348	-0.120987295865271	0	-0.0905928324954628	-0.116474603732282	-0.108323994417318	-0.117306499259315	-0.0698597712827693	-0.160833864062247	-0.181345139285106	-0.169763924781449	-0.173975354950571	-0.190789976242669	-0.179077161362425	-0.130891279798635	-0.131770699321785	-0.18023601184499	-0.145168562139785	-0.0868992266726376	-0.178535986424286	-0.209540653278637	-0.106527902746895	-0.237652630760494	-0.129479135674655	-0.1784312450971	-0.148713957201757	-0.105137037976708	-0.165357464033692	-0.152809252930915	-0.143110091718972	-0.169157613576596	-0.164028188214495	-0.166799266252559	-0.141287805603891	-0.0843015877715918	-0.0669460452398247	-0.123474282751744	-0.123151841191492	-0.182085678809577	-0.0686974860994137	-0.0819579495944258	-0.138419246275979	-0.0889679576299852
700111580	-0.115700043995238	-0.160236662550584	-0.171522716048053	-0.146295448551692	-0.161697517465212	-0.180623683533098	-0.0979621695721956	-0.198006490015195	-0.12650067716455	-0.184423131680026	-0.135987792861064	-0.158563176152342	-0.201092655850468	-0.155333758172284	-0.179973017788079	-0.119813510085491	-0.170160314522855	-0.197012532475416	-0.107581597980049	-0.0905928324954628	0	-0.105484632765918	-0.0968387694040747	-0.123416482412427	-0.0754594631901441	-0.178855074388742	-0.188863686709332	-0.19832170188404	-0.154502563048335	-0.206469582783065	-0.163357929074243	-0.118059306180925	-0.121872840506777	-0.178433504053384	-0.172018777320406	-0.102237813034943	-0.195549377075731	-0.193155598927219	-0.124927776020522	-0.219878687613928	-0.115886658896968	-0.173625592365799	-0.134231151099974	-0.128590494236836	-0.144811192452398	-0.132921801447484	-0.114852138469714	-0.149455746518135	-0.153663700515523	-0.139369871838854	-0.128000157570559	-0.10934673145828	-0.114145456073944	-0.0888223141406013	-0.148155415142472	-0.167726433724386	-0.0831891974251637	-0.0831117363498664	-0.123228255875681	-0.0984637770884134
700111302	-0.145574485133865	-0.135747860425665	-0.0931443408666708	-0.190213665557549	-0.157363245821858	-0.128897385861496	-0.135766343356794	-0.152564218071421	-0.117215154468968	-0.141666865243307	-0.0652199993244406	-0.0903987172888565	-0.149109229719134	-0.136059051983715	-0.154867454471671	-0.0972317327424118	-0.140539738633631	-0.13069497651554	-0.11843235194998	-0.116474603732282	-0.105484632765918	0	-0.135962988906601	-0.145914012568456	-0.108223270175173	-0.175231352645297	-0.151443592657309	-0.164312428200041	-0.17229941161748	-0.161469247159721	-0.118658066306423	-0.0805467080656172	-0.0745151482396789	-0.113163105922595	-0.169994506522349	-0.0874455620544854	-0.155805547785227	-0.156052094157201	-0.134598406107317	-0.189020877794375	-0.128823208062416	-0.114025993348624	-0.111711566919378	-0.106169818072497	-0.125027544941098	-0.149434782459863	-0.124303431534855	-0.113481258550567	-0.137539897893233	-0.0831891280261973	-0.0789933607872371	-0.152382686131691	-0.143959837169133	-0.0908287764060455	-0.181527426026661	-0.120890211719062	-0.110938248427752	-0.131293319708039	-0.0861447170168639	-0.125806935381273
700098605	-0.102522092495743	-0.138011202054042	-0.191056171917829	-0.148456752025082	-0.148046054642669	-0.183546556262679	-0.116105983675064	-0.207611801094299	-0.12118227494909	-0.18825173488914	-0.151571925078446	-0.190749460762752	-0.206833897564127	-0.147396866295783	-0.19046586154285	-0.137700404110477	-0.187517455910307	-0.196904656755169	-0.111920397830834	-0.108323994417318	-0.0968387694040747	-0.135962988906601	0	-0.121900024029062	-0.128254127024908	-0.144065095577059	-0.157569972300924	-0.180560413391056	-0.169455344524119	-0.196525021454334	-0.168454932947394	-0.144436180657739	-0.146035298633024	-0.179666235608799	-0.136177280565999	-0.119944643348696	-0.174125223771807	-0.193515800569445	-0.112003150203281	-0.214541886447917	-0.126358309292344	-0.192439302649671	-0.152706064303667	-0.14326636934859	-0.172094005266407	-0.142788372981596	-0.131658766278724	-0.177321681581302	-0.162886753611267	-0.166403768669113	-0.148328561212343	-0.113989277425871	-0.11365332582617	-0.105331093869794	-0.114926770760794	-0.184527700778708	-0.112005713331889	-0.114254454180909	-0.153702424629848	-0.0964131523187177
700111991	-0.0600694438861362	-0.172462691240995	-0.193940429566488	-0.140608907002068	-0.132555970228015	-0.197889408834789	-0.10979234637719	-0.214560160037565	-0.0980986191652518	-0.20068421697168	-0.143737681398541	-0.204193088336176	-0.218455175534531	-0.150052838330476	-0.214591471555138	-0.094274566595507	-0.199105878364483	-0.175558766043257	-0.0911450681394534	-0.117306499259315	-0.123416482412427	-0.145914012568456	-0.121900024029062	0	-0.127027700367678	-0.097814236744075	-0.153597223259388	-0.169638901333769	-0.186536599152028	-0.203702143897509	-0.17416128522067	-0.164119568640164	-0.148673314572168	-0.181683351379527	-0.113456790238667	-0.131837864888065	-0.147610933311269	-0.201125630277027	-0.0999254981586421	-0.247604206893799	-0.0940833845058349	-0.202136905736448	-0.137054137335192	-0.142287596306227	-0.1841051962059	-0.150475142172508	-0.125389835849287	-0.196389374438466	-0.15800677433033	-0.18558153048981	-0.141768707630395	-0.102960447359627	-0.10368620625889	-0.112305960164331	-0.0957040506167698	-0.196275475005402	-0.13544463676602	-0.10506072624468	-0.169406144023402	-0.121670435800566
700108960	-0.101230383775546	-0.187465676310013	-0.175506939846723	-0.140359402842495	-0.185758161043422	-0.196356431200712	-0.0803031694950555	-0.222200947785259	-0.124596144492091	-0.210061488405623	-0.137250566844193	-0.163395224031469	-0.221922366080053	-0.179991417370666	-0.214971898945189	-0.122385532273863	-0.209773570501541	-0.195565632041923	-0.115699655432133	-0.0698597712827693	-0.0754594631901441	-0.108223270175173	-0.128254127024908	-0.127027700367678	0	-0.192309571281149	-0.210298288796972	-0.200826999942342	-0.195881232429207	-0.215904175297538	-0.186759863932167	-0.0986559573514693	-0.137411377462789	-0.190382190465182	-0.172433386597714	-0.0977463726138413	-0.201756462946874	-0.219596413800093	-0.127056143216007	-0.259899912454102	-0.147057122528003	-0.186666583025122	-0.147530947762982	-0.112063135574034	-0.182099340819201	-0.181496542894916	-0.158874326240162	-0.184883751868651	-0.177393373183482	-0.152373474518254	-0.122529444108258	-0.106214825054957	-0.100732073680646	-0.108207581769019	-0.134237285716682	-0.195272007799238	-0.091185577569704	-0.0731568695991911	-0.133507268338982	-0.0925437713294438
700024452	-0.116630441708592	-0.155307598658751	-0.203966702857174	-0.155446279443379	-0.125012200236627	-0.204343272533378	-0.155642185109316	-0.220972611784484	-0.132808239852991	-0.198756114592663	-0.170090455552763	-0.220226894255516	-0.219942485905951	-0.151652698314163	-0.211393004216803	-0.141185479584802	-0.201566209440386	-0.1967512845567	-0.136223622901919	-0.160833864062247	-0.178855074388742	-0.175231352645297	-0.144065095577059	-0.097814236744075	-0.192309571281149	0	-0.147965476268204	-0.152928520758901	-0.15195895559973	-0.18517966371048	-0.187284466004513	-0.2083763410002	-0.172258963470202	-0.182810458272005	-0.0662022674677427	-0.155929912437864	-0.169042195430782	-0.2015577233275	-0.110598628046165	-0.218741061195779	-0.126171056558631	-0.205263326917986	-0.159191489626424	-0.175520242073967	-0.185158812229898	-0.139787701231111	-0.13781077224405	-0.205206868011826	-0.171534399799535	-0.20667069172107	-0.171759074212694	-0.12472734066384	-0.13296066046262	-0.15281424633314	-0.119831379701087	-0.199290961512486	-0.165455942879903	-0.163458835531002	-0.175668686868088	-0.168993551177783
700032931	-0.163558314191637	-0.105992937500141	-0.157080020003822	-0.229077003068115	-0.13753478193476	-0.13903928426603	-0.204271723268734	-0.142630991580264	-0.15612012010935	-0.12286882447444	-0.122078940566444	-0.189229696259735	-0.144386558604345	-0.0982670124082041	-0.153314149507715	-0.154218828555701	-0.133860922030776	-0.140754368791136	-0.154943529820122	-0.181345139285106	-0.188863686709332	-0.151443592657309	-0.157569972300924	-0.153597223259388	-0.210298288796972	-0.147965476268204	0	-0.139183334269179	-0.147521634389937	-0.128317651540379	-0.117702828751541	-0.184853149809993	-0.121279191587195	-0.108059853201288	-0.16001623281621	-0.153514347659698	-0.134757202852748	-0.139535274046973	-0.15614323756805	-0.16390517688772	-0.14258778552285	-0.133553673384222	-0.126162257399903	-0.167531798398166	-0.130497550230178	-0.133480846724989	-0.115675821297624	-0.133555932205582	-0.117890828639057	-0.1549149872885	-0.155346583763595	-0.188724379243888	-0.185773189455572	-0.143729864154749	-0.178680543287884	-0.133841984914311	-0.176001067627527	-0.199650456370323	-0.151085059268621	-0.187167432895143
700095837	-0.174639892398306	-0.134278994345054	-0.183300675654095	-0.19904423980651	-0.163784605393034	-0.196641322555816	-0.189283774998327	-0.173960839805144	-0.174424552395169	-0.160300427164331	-0.136523209995503	-0.201239338530342	-0.166621108734706	-0.156798443191476	-0.178151460658228	-0.146100457013089	-0.171110116017778	-0.19220643425945	-0.17444269732489	-0.169763924781449	-0.19832170188404	-0.164312428200041	-0.180560413391056	-0.169638901333769	-0.200826999942342	-0.152928520758901	-0.139183334269179	0	-0.126434007860387	-0.123059693811948	-0.167376515434295	-0.197299020880704	-0.136137930629406	-0.147023066166329	-0.145163501334947	-0.161226684675836	-0.170941140368292	-0.208572728361609	-0.16018600580432	-0.181967226944229	-0.151145960231984	-0.156467543473279	-0.181119352262357	-0.162794959669384	-0.145160856428034	-0.147978566343801	-0.15481715465411	-0.164986333948239	-0.174833858647485	-0.190903299402994	-0.16133076702094	-0.17726705393182	-0.163079884074783	-0.184909657664348	-0.187680447298554	-0.162387328098426	-0.177481879071068	-0.193933191386619	-0.163733328999726	-0.183056969039835
700024548	-0.185405960253269	-0.120222390397601	-0.162051365387043	-0.185479523210737	-0.163897579474583	-0.165815051297688	-0.189775905144379	-0.141023805255979	-0.209971476788871	-0.128697382940384	-0.153495624591885	-0.1803185668354	-0.137963385407047	-0.137026021783646	-0.126328651862392	-0.182745050972462	-0.130988524920678	-0.205415973799119	-0.196324109401207	-0.173975354950571	-0.154502563048335	-0.17229941161748	-0.169455344524119	-0.186536599152028	-0.195881232429207	-0.15195895559973	-0.147521634389937	-0.126434007860387	0	-0.124836060113208	-0.156647685570797	-0.21106153603215	-0.144029074659076	-0.13376086120509	-0.149795613257505	-0.143640712470999	-0.211528655855611	-0.167156662603089	-0.165612183886456	-0.113454533733404	-0.14799999501514	-0.127085509253203	-0.181371426854106	-0.196614756589226	-0.0992256393323057	-0.0935267219173808	-0.146761335551003	-0.126955385158303	-0.158567579147966	-0.174113810476651	-0.172845208176877	-0.176594537613722	-0.162618014476882	-0.16170022552691	-0.185593223632748	-0.140862124907244	-0.146628153528403	-0.20011715524315	-0.1421815314979	-0.193134928064209
700110161	-0.212903330248892	-0.129785516478053	-0.123535722743493	-0.237890087652894	-0.172796221223482	-0.113471546624285	-0.220230230063022	-0.109775410960767	-0.188458035682257	-0.096792673195568	-0.130408095183748	-0.159773628466645	-0.115124122774182	-0.119324572955659	-0.104744574427588	-0.167328587124191	-0.104820509063167	-0.145261175010632	-0.192698539799424	-0.190789976242669	-0.206469582783065	-0.161469247159721	-0.196525021454334	-0.203702143897509	-0.215904175297538	-0.18517966371048	-0.128317651540379	-0.123059693811948	-0.124836060113208	0	-0.123845180012872	-0.190576919952851	-0.142696661183094	-0.0928084292599839	-0.184092989928612	-0.166850215703182	-0.172455951482604	-0.124099712350177	-0.180513831597064	-0.130742687109623	-0.171526997842349	-0.0957130612259216	-0.170994136718682	-0.174811357347863	-0.128729722216965	-0.139960996632487	-0.161071143755737	-0.117259390626607	-0.132385266554148	-0.142314721528117	-0.152437515504508	-0.203632277406718	-0.203084281194204	-0.168605119937466	-0.23029454848309	-0.116104386529406	-0.177477832460108	-0.217730412396984	-0.134612622937858	-0.202727640205734
700023496	-0.188138550948139	-0.115707741962827	-0.115412667309683	-0.234047325793824	-0.147971191247165	-0.0812202410716412	-0.196235322293147	-0.124646433206563	-0.16280805570615	-0.0927549779404871	-0.0899008148187007	-0.123687047097846	-0.121715306085503	-0.0884569637572823	-0.134509992205371	-0.134591763947298	-0.101982207860585	-0.0968740529534632	-0.146811098137716	-0.179077161362425	-0.163357929074243	-0.118658066306423	-0.168454932947394	-0.17416128522067	-0.186759863932167	-0.187284466004513	-0.117702828751541	-0.167376515434295	-0.156647685570797	-0.123845180012872	0	-0.153015293674405	-0.0930480513758582	-0.0723002752356803	-0.186295069795916	-0.139168269219423	-0.138976527735259	-0.108229918465257	-0.167852136266725	-0.153170682289479	-0.129374627477662	-0.102133981437638	-0.101015580926276	-0.158019632501187	-0.100989492511698	-0.124429534836806	-0.117073377942884	-0.105624528082682	-0.0739950785023855	-0.120064821773558	-0.114954293011836	-0.200239205392508	-0.193925252757454	-0.109191648023557	-0.214254833217734	-0.0992322010244928	-0.146816443201454	-0.191338679353809	-0.122175544098446	-0.18352342239628
700034628	-0.159890864046126	-0.166106041235421	-0.140051368801735	-0.207405513047657	-0.186293727367483	-0.162187542505767	-0.127510793119147	-0.177043024456024	-0.106996479049954	-0.174522744813074	-0.107759902022634	-0.118288704541285	-0.173094633399393	-0.168287764185977	-0.180020678737119	-0.122102807797412	-0.168570393229067	-0.164927270396803	-0.118083732744403	-0.130891279798635	-0.118059306180925	-0.0805467080656172	-0.144436180657739	-0.164119568640164	-0.0986559573514693	-0.2083763410002	-0.184853149809993	-0.197299020880704	-0.21106153603215	-0.190576919952851	-0.153015293674405	0	-0.111199752269764	-0.157260933924986	-0.19178483637669	-0.098763198785112	-0.191029116110741	-0.185535571057829	-0.152064245653859	-0.215359255155017	-0.153044989585652	-0.148176362939794	-0.140985111966844	-0.0867523634770045	-0.16078795918863	-0.180532955974905	-0.153259036967544	-0.140882009718163	-0.170125955080892	-0.105000766329228	-0.115824457472951	-0.160125373947519	-0.159446680389236	-0.11296945890293	-0.195348658996329	-0.142919746607976	-0.133840972941412	-0.12303369545804	-0.124176018043482	-0.10395726501764
700023645	-0.156730200156666	-0.115215517275703	-0.115226173619005	-0.192102950780626	-0.147997508712357	-0.129942501900934	-0.151474267186107	-0.126775357994137	-0.133174629477915	-0.110459613691284	-0.063547610464148	-0.118091929592598	-0.122826942371506	-0.106494246409449	-0.142668762039209	-0.0957590796845118	-0.11524948243905	-0.137157912590178	-0.122156406210279	-0.131770699321785	-0.121872840506777	-0.0745151482396789	-0.146035298633024	-0.148673314572168	-0.137411377462789	-0.172258963470202	-0.121279191587195	-0.136137930629406	-0.144029074659076	-0.142696661183094	-0.0930480513758582	-0.111199752269764	0	-0.0875146588145746	-0.168422977014217	-0.0988612701203377	-0.15196095663332	-0.152541726025788	-0.134822847425369	-0.161057056017996	-0.110642494209971	-0.0992685124882611	-0.101168440439407	-0.115207369476973	-0.100711130977513	-0.113914458044225	-0.0968367432395476	-0.0950151179555577	-0.121527783779642	-0.0990185694178237	-0.0932960169153658	-0.156858368122101	-0.1520210163966	-0.107110181413281	-0.184415494520715	-0.0941565986309408	-0.115444423796914	-0.139713321552996	-0.0995914743623403	-0.140428242044811
700038744	-0.196159120692526	-0.121806220237677	-0.0935531781401543	-0.228688184567615	-0.157324394632775	-0.0830920291361547	-0.202894841601381	-0.105323019885444	-0.166474218093465	-0.0730113813363329	-0.0828093260658487	-0.114671624734352	-0.0983525371433065	-0.0949763912657718	-0.122927533460518	-0.134694631497961	-0.0936362699827156	-0.114533814439574	-0.163831957312393	-0.18023601184499	-0.178433504053384	-0.113163105922595	-0.179666235608799	-0.181683351379527	-0.190382190465182	-0.182810458272005	-0.108059853201288	-0.147023066166329	-0.13376086120509	-0.0928084292599839	-0.0723002752356803	-0.157260933924986	-0.0875146588145746	0	-0.181036549364518	-0.131729954434149	-0.145712790056608	-0.103627101544423	-0.16619025683464	-0.136433708063307	-0.141085447586929	-0.0772631507166946	-0.125561143176541	-0.157215817215565	-0.0949117380838729	-0.118678256445344	-0.13008510955538	-0.0942953590622987	-0.105177298226249	-0.105585293430756	-0.111844819416326	-0.203614996281183	-0.194173351607565	-0.128299012819947	-0.218088174838655	-0.0899053733306082	-0.156486845081989	-0.194827771084655	-0.108320806662686	-0.190105712611356
