700108602	700014971	700033565	700109389	700023058	700023927	700106341	700114221	700023543	700023439	700016978	700024192	700113058	700099448	700109870	700033928	700023693	700109627	700095416	700110425	700111580	700111302	700098605	700111991	700108960	700024452	700032931	700095837	700024548	700110161	700023496	700034628	700023645	700038744	700038485	700024743	700099596	700110760	700101587	700106399	700032322	700095653	700021312	700101230	700023590	700038905	700033136	700023382	700096424	700105469	700016908	700096053	700108479	700109569	700033814	700016125	700109756	700102665	700101777	700109455
700108602	0	0.227721776042894	0.324294358837161	0.225968610525341	0.192249703638737	0.295107309442301	0.105131325614738	0.307823154400198	0.11941379453283	0.283938298019002	0.225071266235011	0.345581039584113	0.326413062029155	0.219597583362062	0.335397319913509	0.211025234049516	0.293246102577683	0.27745867418862	0.133338668431114	0.11529140966068	0.161225328715846	0.242517429175601	0.122470849449702	0.0712287188992391	0.150470580948403	0.201579331866675	0.259797838649885	0.319543863296051	0.313268514914191	0.313272489689408	0.276479630914675	0.251267320630629	0.216096312341046	0.278163429056295	0.159527988914771	0.170336021952012	0.2606220502904	0.321585881952021	0.104730731617546	0.363165369194857	0.138525660459274	0.327631114113082	0.213966886881177	0.176235561816866	0.297476342346937	0.242208349250001	0.207851698128867	0.294007880984297	0.240797338129684	0.330293904139713	0.292037200517802	0.0982973570349205	0.132825022712958	0.145652142773759	0.13103606753168	0.289423231196028	0.172172259433886	0.106379695426713	0.291275327959701	0.137758492724503
700014971	0.227721776042894	0	0.298379100024151	0.340401664288106	0.130028392748315	0.252913980709809	0.243518145358529	0.211083249281764	0.191038826984159	0.187635764761657	0.217584457782193	0.326190292997471	0.190683623421557	0.158567100839539	0.277210970078315	0.241501734825629	0.190522325490897	0.262285936181636	0.215541852889961	0.242311585391771	0.249596905898473	0.234308400033114	0.192231725055916	0.224688872080932	0.298236369325017	0.167086025758843	0.124162316682583	0.194570194526056	0.18298520444731	0.184559407718082	0.17371274650446	0.2612717307745	0.1884167513896	0.198556414326121	0.189746606332769	0.196646696465726	0.244507685246607	0.295298857868317	0.176229613119054	0.214057598700482	0.163122894844804	0.24316928616474	0.148737822594128	0.226040709745795	0.167177336756281	0.183854525484773	0.135468333660737	0.214519667448384	0.179490955870697	0.316874322734755	0.293689614464635	0.200949380420717	0.238446543414268	0.182384370183816	0.290114405021148	0.204676710547434	0.223118963888944	0.248049796336782	0.26934813732553	0.234328179087568
700033565	0.324294358837161	0.298379100024151	0	0.441065072498771	0.307374956691342	0.085152909327781	0.294050188423975	0.176490074819001	0.276934588011204	0.143051637133944	0.13516515623926	0.0635187713858696	0.181811218139837	0.207548882237429	0.185369047135059	0.147976617340315	0.184443987684596	0.11735916414698	0.239815337682397	0.297870775272487	0.249447715672492	0.1192519005951	0.310794663734661	0.283844848120127	0.27832340121425	0.334841146010361	0.234402851586673	0.354901077779455	0.319944956188437	0.185897018766167	0.16139137722516	0.170424017701302	0.159351982952464	0.131057997579189	0.361880910974885	0.198708184747458	0.22431826921674	0.128342743489868	0.304138330901258	0.246145973925917	0.255673428008065	0.103184492190612	0.243272678617384	0.243303155882296	0.206956871593602	0.217455383611154	0.227675950524901	0.153650866978861	0.164343326867564	0.0730318129785553	0.110433279857178	0.316865801547166	0.359656330996461	0.243801075885665	0.395581077785086	0.139925863484753	0.222341722488641	0.291835468915486	0.091618945380923	0.272128907701451
700109389	0.225968610525341	0.340401664288106	0.441065072498771	0	0.317093063388508	0.43274916145877	0.244223087265462	0.417644252861634	0.302274183842656	0.40552456272327	0.370190442945395	0.45747152624871	0.422946357093776	0.362043695571472	0.436763529031824	0.351001557790879	0.411253601752837	0.423566864023965	0.316648239368334	0.195707958355624	0.30302295588056	0.38051053500494	0.22761396714086	0.257976698123533	0.275991282334764	0.283752555221424	0.389244586861637	0.410132059353679	0.369110074714314	0.415153832855607	0.403425234707009	0.395432323568422	0.349572532497992	0.404356390733738	0.240177015691475	0.318045296248828	0.407402279421462	0.452930286114096	0.25455108216172	0.42118268820096	0.285376952883986	0.433108067473577	0.35715597350434	0.324644820986133	0.397719292678403	0.349714163330383	0.347772983874602	0.407006887475524	0.379126693999161	0.447864341149706	0.419396414354639	0.219364046102581	0.146315267952688	0.312552549046091	0.199972568753619	0.410389325952295	0.293413407894635	0.241798214512996	0.408460258305706	0.28323211649903
700023058	0.192249703638737	0.130028392748315	0.307374956691342	0.317093063388508	0	0.246992233381836	0.209699555366472	0.235787278137761	0.167259964760314	0.225176564820174	0.232608418014116	0.326836736431049	0.24328667177149	0.166961737406528	0.288601785242961	0.226468049048251	0.21786515733183	0.245476224272163	0.181963865764641	0.226763813996426	0.228176060480555	0.243003648293614	0.164672003013442	0.191256312053917	0.283136598851042	0.144202734406789	0.170760227192651	0.247070163246687	0.2265562894546	0.229724072641022	0.199358374771764	0.260031085877484	0.199967873951056	0.218069716919814	0.162437644683529	0.204424424430809	0.20199953082607	0.250460937994467	0.154183421561196	0.259374586514998	0.146708152790416	0.262558879528012	0.144734205939738	0.222989666399089	0.209181368392861	0.187468843779076	0.138491044945307	0.233112459715358	0.18785174021124	0.321203874416437	0.295185030895084	0.175815515029553	0.215754356839028	0.155417749994697	0.248583178917824	0.231813996671838	0.215068909482018	0.221526367531929	0.283507718637822	0.209544889721825
700023927	0.295107309442301	0.252913980709809	0.085152909327781	0.43274916145877	0.246992233381836	0	0.288128688774927	0.143673995342138	0.254408553683935	0.0963244956916604	0.133783573704141	0.130065844284292	0.151939549994102	0.141049016202752	0.174107051407915	0.153386060406406	0.143307368970064	0.08819904643332	0.216971460442987	0.286627739382551	0.236143901196166	0.152722212316566	0.264934520040841	0.256698144086817	0.277318697307272	0.294492389918679	0.181149819686666	0.336088184774896	0.290376136997185	0.147556164982596	0.109533500823295	0.17249642371561	0.143989811870222	0.079594467838305	0.32726204110807	0.191619741961768	0.173146493170492	0.0823713996665727	0.281369681131801	0.214746771668315	0.223002566131452	0.0897753155326917	0.193162639784592	0.231790775636241	0.177425558040476	0.180242582308719	0.187503289773599	0.127839971431377	0.0941266333667197	0.122747303569612	0.167689188788419	0.298840003211434	0.345712876851981	0.206524471946689	0.369895359620493	0.108011592090979	0.197241465579144	0.274273771254688	0.115335548351847	0.25456674544001
700106341	0.105131325614738	0.243518145358529	0.294050188423975	0.244223087265462	0.209699555366472	0.288128688774927	0	0.287306559310106	0.121573988905577	0.263390875925863	0.2039776879991	0.299186055678577	0.293590460136624	0.222697606938637	0.319142339248294	0.193195726991034	0.266664793881882	0.288698847076085	0.126042224330475	0.107245719865655	0.119382321701308	0.202643938557484	0.154576843286603	0.109580887359077	0.113153562877276	0.246014612711159	0.283818204849483	0.343753079064348	0.309505767746721	0.297016933802498	0.250816934469693	0.180246243805289	0.200078273555843	0.264018000413909	0.194361679487012	0.121466505779426	0.269369092345062	0.301546820665541	0.128968824614406	0.348202542649857	0.139825912386247	0.288026106287183	0.199471381985418	0.128652847913703	0.25566303448813	0.240977785065019	0.200148776578397	0.252148794398754	0.235106054315582	0.289120449489546	0.274221741968273	0.105062666771981	0.143073807593288	0.129963154434656	0.176018878852667	0.258504156388597	0.148550045488926	0.0797233591438592	0.260569521798531	0.0736978338471319
700114221	0.307823154400198	0.211083249281764	0.176490074819001	0.417644252861634	0.235787278137761	0.143673995342138	0.287306559310106	0	0.255127544899288	0.0876265413203616	0.211106557177642	0.196007284938331	0.0989128578319771	0.167802032459311	0.120395878797773	0.231969123461054	0.064474642259757	0.209414626796041	0.263222142749385	0.295360916826808	0.255562745868391	0.227511955751776	0.271138736917538	0.283199468735554	0.342561272461774	0.283455423487868	0.151571942724335	0.285328682416325	0.216198737000752	0.117553535165602	0.137100648327001	0.233691936123914	0.186868256516492	0.130846253693332	0.319893576317551	0.21753196741271	0.233792882182597	0.158390739753377	0.261142042695354	0.10592754495918	0.214132504691249	0.106585178224583	0.207498188567393	0.258624116044884	0.124041828460711	0.13190664188746	0.156024348376595	0.065153250939452	0.133817738149143	0.198135516348632	0.258394474265926	0.280688412495591	0.328061634432039	0.225676185367922	0.392522804778166	0.0856039145747073	0.197097754665487	0.316600574503788	0.1989123069765	0.272153867596667
700023543	0.11941379453283	0.191038826984159	0.276934588011204	0.302274183842656	0.167259964760314	0.254408553683935	0.121573988905577	0.255127544899288	0	0.225503204093688	0.183056398501652	0.29855183281791	0.269224491756841	0.181103326364154	0.294747760386728	0.173721042947606	0.233363595741804	0.243884822765021	0.114007571892917	0.166610250041652	0.170858527543605	0.196101644255693	0.175207956553561	0.110707711468026	0.179280191550833	0.199581037597336	0.215609070709217	0.284502287980308	0.305583385051978	0.255766443994885	0.216168329186271	0.175863004151244	0.174712197295113	0.222727739610822	0.173579336521319	0.139673432048543	0.21890889127461	0.282366374061527	0.1000770419063	0.318003307021801	0.118533159320257	0.27200412691699	0.170052668403076	0.104092072075728	0.246025380358773	0.219281558997557	0.151674521474875	0.236319958685764	0.20109685727087	0.280187197597552	0.258948701391229	0.117225019318052	0.174313250189807	0.122456547495562	0.19957272046323	0.230709056740156	0.176469329519618	0.12713779398004	0.248197708632188	0.120911874356193
700023439	0.283938298019002	0.187635764761657	0.143051637133944	0.40552456272327	0.225176564820174	0.0963244956916604	0.263390875925863	0.0876265413203616	0.225503204093688	0	0.160070116017153	0.18412057877504	0.0911524183005801	0.112516945345131	0.159578967423518	0.180248305085145	0.0779672741362266	0.1448574897457	0.213279283114006	0.260671857793604	0.229699501506276	0.187949659029478	0.252791288430327	0.237904334555347	0.295791946973959	0.267068774045258	0.138526550342875	0.27651215173704	0.235213660543375	0.0950211667133626	0.0901953474395308	0.206154273035418	0.134533692036779	0.0746307930894791	0.302704030705332	0.171759209827787	0.171092682002044	0.137460902138598	0.241360523225307	0.156850216887582	0.17861893835668	0.0977123103815619	0.168668056721639	0.216576271959249	0.121069091260609	0.139433002261084	0.140388956871575	0.0749471889453883	0.0754171787627603	0.176721838853383	0.213517694882845	0.25841907568604	0.314885240036468	0.188533649918473	0.365303000104786	0.0742400498646277	0.179140399021913	0.260814684744443	0.158693432891025	0.234402830430136
700016978	0.225071266235011	0.217584457782193	0.13516515623926	0.370190442945395	0.232608418014116	0.133783573704141	0.2039776879991	0.211106557177642	0.183056398501652	0.160070116017153	0	0.162747899995799	0.212931661317215	0.158811517838722	0.257310590462868	0.0968452206282724	0.18360553027661	0.111281968941175	0.142500831434664	0.206784825259413	0.157807898536187	0.0714922640227362	0.244832821453136	0.179506414394117	0.17543552833993	0.266265543565768	0.212871572746942	0.305072895092962	0.296814906302416	0.205057290471882	0.127111810802529	0.10839442445688	0.0838449301639989	0.124104530475215	0.275322151690824	0.122007352821957	0.186310726706839	0.176582880502526	0.203788444989017	0.2760673590536	0.165188227366424	0.15652484468434	0.165650745308625	0.15400259477509	0.178714610312614	0.190601729529789	0.16492155903646	0.176080887683814	0.140928868162879	0.150618438532983	0.132960810118821	0.224613788489795	0.274396348085643	0.147067535841741	0.301615160590993	0.15470663825452	0.155527046714103	0.196926233766475	0.113810472331756	0.183694319295335
700024192	0.345581039584113	0.326190292997471	0.0635187713858696	0.45747152624871	0.326836736431049	0.130065844284292	0.299186055678577	0.196007284938331	0.29855183281791	0.18412057877504	0.162747899995799	0	0.214556890719293	0.238523740998058	0.191747124705289	0.166434528048459	0.198209976744741	0.149577604394135	0.258323453757398	0.314789213419748	0.237965554780477	0.1278200876683	0.329363072891297	0.307747934782975	0.283712810348056	0.357804273277942	0.267098576375787	0.380468848061657	0.319732729455036	0.230519004347522	0.185082300264789	0.167226996858858	0.185413753704583	0.158722093430823	0.388067711726417	0.220990306310586	0.252951650550694	0.144869178508892	0.331865624282829	0.254248770490639	0.2784993266289	0.126066737198598	0.274020873295884	0.257490588359023	0.199849841966321	0.224421656240474	0.251004105148205	0.158967791805877	0.196385156821507	0.0817908073610251	0.122272167422338	0.336492132568319	0.376758805885182	0.25648134125761	0.421334775414839	0.161766668080338	0.219679423712484	0.311496057099424	0.111822050040659	0.284757186602112
700113058	0.326413062029155	0.190683623421557	0.181811218139837	0.422946357093776	0.24328667177149	0.151939549994102	0.293590460136624	0.0989128578319771	0.269224491756841	0.0911524183005801	0.212931661317215	0.214556890719293	0	0.166672183257562	0.173242749737293	0.232551042829542	0.112647753057544	0.211752365989279	0.265276077230357	0.292558585771585	0.278454607719961	0.232333882735977	0.298729960820227	0.285801317740605	0.338748245063847	0.279810211792496	0.138407392382829	0.240839961785347	0.205697379969199	0.0731211319560722	0.139408142103391	0.240449807800289	0.188112508147398	0.130792948477389	0.317994466485465	0.224261686949279	0.235904526521258	0.187997157829447	0.28278866045964	0.134545443419235	0.223551998123466	0.108172390942667	0.199967459166597	0.258021870144905	0.108607910251321	0.182147553422545	0.177585881704788	0.0992185002423735	0.13780319735473	0.205909769889907	0.262441695073317	0.281254412485919	0.343977839488869	0.246980822843382	0.414497348108627	0.0968793257321219	0.217700025575879	0.311395586062178	0.203584485717558	0.27365439881231
700099448	0.219597583362062	0.158567100839539	0.207548882237429	0.362043695571472	0.166961737406528	0.141049016202752	0.222697606938637	0.167802032459311	0.181103326364154	0.112516945345131	0.158811517838722	0.238523740998058	0.166672183257562	0	0.220937138418463	0.168207553757084	0.133051597428098	0.150004992412451	0.159654614489761	0.21490732213127	0.205000559691394	0.188682972522239	0.193638616416322	0.181813454620749	0.260262522905467	0.198688493121552	0.11952676111139	0.267763926927631	0.227903924082669	0.14333888040667	0.118657537848237	0.216615878277608	0.125446831230883	0.110814755909296	0.23884745948303	0.155423886487167	0.147554665242644	0.178236056589278	0.194782489864691	0.229273633513779	0.145047862688215	0.177734893989311	0.119094794637905	0.206048773940137	0.14841436034029	0.14574282796567	0.112469176691216	0.143780954121698	0.0719756963384527	0.229938586263897	0.221378066046103	0.208141946531153	0.268171130573944	0.150070374771826	0.288683704291804	0.142760276518128	0.156981340740812	0.218282015534611	0.188790958401468	0.205327674952962
700109870	0.335397319913509	0.277210970078315	0.185369047135059	0.436763529031824	0.288601785242961	0.174107051407915	0.319142339248294	0.120395878797773	0.294747760386728	0.159578967423518	0.257310590462868	0.191747124705289	0.173242749737293	0.220937138418463	0	0.267213645657306	0.147259518009473	0.252434948610599	0.296340661605835	0.328337982301199	0.275574624346268	0.267458247312109	0.296712492229213	0.321661704393709	0.367229922145751	0.329431297077489	0.220571176572766	0.340802639189972	0.250589536435899	0.172129499641451	0.210599104661734	0.267389480240515	0.244536024429964	0.191521327870655	0.365711325322862	0.260797056607744	0.281536475413066	0.164053377297074	0.310528462049707	0.153986173978976	0.275547938256658	0.14859139731525	0.274937157795303	0.292149726640843	0.182154857482188	0.167311793312712	0.228971692432648	0.12904179606681	0.187401799932484	0.200664740203654	0.2781858216903	0.324575786748123	0.353495773589282	0.264455211956632	0.411588441404538	0.155031742399793	0.225842727483435	0.345901067922742	0.220052855538198	0.30765196921636
700033928	0.211025234049516	0.241501734825629	0.147976617340315	0.351001557790879	0.226468049048251	0.153386060406406	0.193195726991034	0.231969123461054	0.173721042947606	0.180248305085145	0.0968452206282724	0.166434528048459	0.232551042829542	0.168207553757084	0.267213645657306	0	0.209921073629654	0.129904629935261	0.142774013886301	0.213500063168769	0.165803290234181	0.0821330451829109	0.228558830356506	0.165582538308408	0.200048377966408	0.255024539270813	0.228460747192418	0.313525979103028	0.3084690888509	0.221845009953033	0.138888345250653	0.139020094942724	0.0937875811293446	0.142643652935317	0.268254621496684	0.164432194479756	0.193285157704001	0.203619121988731	0.196052902513441	0.294165196278939	0.141659238878072	0.167616975468824	0.177496485893791	0.169366127210838	0.195533346391693	0.203446376278929	0.163417559246954	0.195867230865291	0.166414950566078	0.149211736031571	0.126351518039062	0.199168521157697	0.261747327357868	0.165815988495883	0.300774774197929	0.17180346589231	0.174347814194249	0.175282849962487	0.121802130776808	0.173555915344227
700023693	0.293246102577683	0.190522325490897	0.184443987684596	0.411253601752837	0.21786515733183	0.143307368970064	0.266664793881882	0.064474642259757	0.233363595741804	0.0779672741362266	0.18360553027661	0.198209976744741	0.112647753057544	0.133051597428098	0.147259518009473	0.209921073629654	0	0.182181019713496	0.233395735625305	0.273130079020167	0.226092332262348	0.213184599065108	0.252354115004724	0.256757344213607	0.320611931098759	0.268470584921657	0.141784247764884	0.275139068341545	0.203559291660701	0.116067666955306	0.106534787495017	0.224532060984103	0.158654977958588	0.113376184524603	0.303428426434351	0.194995593211916	0.207608909234709	0.168758464202404	0.244657092466759	0.128097998819483	0.184741935555611	0.12291027306228	0.177202697047709	0.239201899022054	0.1067690919819	0.116531367062282	0.131041759324622	0.079014795081674	0.106477009561572	0.213063229216552	0.245281477149501	0.261991422163805	0.31777455948471	0.194057874687555	0.376324939892884	0.0887568770595729	0.168738401514242	0.290221687063049	0.20027780123823	0.24895234348451
700109627	0.27745867418862	0.262285936181636	0.11735916414698	0.423566864023965	0.245476224272163	0.08819904643332	0.288698847076085	0.209414626796041	0.243884822765021	0.1448574897457	0.111281968941175	0.149577604394135	0.211752365989279	0.150004992412451	0.252434948610599	0.129904629935261	0.182181019713496	0	0.211088112001834	0.271919516354694	0.245193213977301	0.129920527608626	0.278014642645961	0.234401812830806	0.261665392593628	0.297464774806118	0.199409004319011	0.332806344289425	0.330030553650777	0.190273355554071	0.119588828037838	0.181702310718076	0.136967334974497	0.105289067382205	0.315596016233474	0.201412841579693	0.148148863355412	0.141592904902758	0.267447212271479	0.274640938326195	0.225077923950198	0.150916313730248	0.184905009092575	0.222938218866408	0.204338620886784	0.219701412220944	0.195919048773287	0.184886673996602	0.125643956620403	0.154175912642645	0.141027335368161	0.292310877911031	0.341055820376139	0.214843710206949	0.348513672528285	0.159482010916978	0.21222343959218	0.262236993057121	0.130997213909485	0.264281184950833
700095416	0.133338668431114	0.215541852889961	0.239815337682397	0.316648239368334	0.181963865764641	0.216971460442987	0.126042224330475	0.263222142749385	0.114007571892917	0.213279283114006	0.142500831434664	0.258323453757398	0.265276077230357	0.159654614489761	0.296340661605835	0.142774013886301	0.233395735625305	0.211088112001834	0	0.16241748582002	0.113709813645203	0.154594542987906	0.170595459718335	0.0940926742765952	0.155444816171875	0.209058763206527	0.216265200516376	0.317410130800625	0.293764502422366	0.255298276120072	0.195055362178554	0.160131995122782	0.140509717152223	0.204867630043959	0.198477498881652	0.112685286920784	0.190224390575425	0.232736653862317	0.136033485957271	0.32611988656137	0.10123188090716	0.256533048053497	0.137678781694947	0.142472060224065	0.229297761533333	0.205945187687134	0.146740663408122	0.227407066724357	0.175780692736747	0.241194034824383	0.214040785806879	0.151831455531009	0.213384697689576	0.0786619336588798	0.206914519889564	0.21619954331528	0.145977575870243	0.136124659496772	0.209810975606805	0.124789790460337
700110425	0.11529140966068	0.242311585391771	0.297870775272487	0.195707958355624	0.226763813996426	0.286627739382551	0.107245719865655	0.295360916826808	0.166610250041652	0.260671857793604	0.206784825259413	0.314789213419748	0.292558585771585	0.21490732213127	0.328337982301199	0.213500063168769	0.273130079020167	0.271919516354694	0.16241748582002	0	0.152104063359697	0.216618331858319	0.123240891816044	0.116462380923007	0.114919201380302	0.258649529047665	0.276814621143032	0.326135744279692	0.310012539442959	0.285120353770771	0.252230884948734	0.237385636931658	0.194109696445684	0.259163382760086	0.21162572053159	0.150061799591679	0.252884080471931	0.314711331614539	0.146256809576334	0.354617186321454	0.153936037761561	0.28863403111747	0.204010804338107	0.154948151600873	0.255666310468712	0.246198827282491	0.203568237913201	0.258929549034405	0.22698065483743	0.311963757420416	0.274924867858184	0.116198633605482	0.10118902748164	0.156075175160473	0.175879066159509	0.260842869129566	0.132249673233865	0.111686239553298	0.271144189627896	0.132655190625642
700111580	0.161225328715846	0.249596905898473	0.249447715672492	0.30302295588056	0.228176060480555	0.236143901196166	0.119382321701308	0.255562745868391	0.170858527543605	0.229699501506276	0.157807898536187	0.237965554780477	0.278454607719961	0.205000559691394	0.275574624346268	0.165803290234181	0.226092332262348	0.245193213977301	0.113709813645203	0.152104063359697	0	0.151000191419218	0.181217544447033	0.130151625668395	0.120239863460694	0.268165791769391	0.273499225946443	0.35918973470695	0.266874747955529	0.275670905601134	0.203664589188981	0.158855554501805	0.161999090686193	0.224167504450075	0.244319860174079	0.1106521977231	0.244076192193499	0.229817057170628	0.17560492407682	0.30569869369457	0.144710804343052	0.241670927440529	0.204867918738916	0.147397424294864	0.198729126018825	0.192088291781716	0.187079680760987	0.216271234866622	0.194722059120416	0.225087763648842	0.22225126139651	0.152018434861669	0.21184635154777	0.113952262819903	0.237336607686813	0.21186352010058	0.0957005381694535	0.122655758496443	0.194022209741493	0.116329836897126
700111302	0.242517429175601	0.234308400033114	0.1192519005951	0.38051053500494	0.243003648293614	0.152722212316566	0.202643938557484	0.227511955751776	0.196101644255693	0.187949659029478	0.0714922640227362	0.1278200876683	0.232333882735977	0.188682972522239	0.267458247312109	0.0821330451829109	0.213184599065108	0.129920527608626	0.154594542987906	0.216618331858319	0.151000191419218	0	0.251888282146557	0.204407806855325	0.176333391883239	0.29251210365248	0.248949243956389	0.338325420846075	0.315843824158208	0.233393714892935	0.15142023942105	0.091473140757099	0.102418402723539	0.149477708258047	0.298260204331623	0.139207068806637	0.210872170753967	0.18597510610135	0.225781678485874	0.29230524688581	0.185627462510117	0.164118793814301	0.18750441243886	0.168153312536127	0.195435316291838	0.219991876154453	0.188544897064648	0.186164726660968	0.172215169281305	0.116255822211515	0.100957599751668	0.23358721807685	0.28635933383833	0.16301593299101	0.322544439374053	0.172927522841546	0.1712019177514	0.208604143431357	0.0865251506061691	0.187425011326909
700098605	0.122470849449702	0.192231725055916	0.310794663734661	0.22761396714086	0.164672003013442	0.264934520040841	0.154576843286603	0.271138736917538	0.175207956553561	0.252791288430327	0.244832821453136	0.329363072891297	0.298729960820227	0.193638616416322	0.296712492229213	0.228558830356506	0.252354115004724	0.278014642645961	0.170595459718335	0.123240891816044	0.181217544447033	0.251888282146557	0	0.145728328733484	0.202988351629633	0.203065812889342	0.225533344647398	0.293787055473796	0.269582443298304	0.281514693321309	0.241425687351307	0.265599115950827	0.220661817439781	0.252904084343664	0.179949235450183	0.176991556291255	0.256975841768878	0.287614150068656	0.145193626811536	0.305141174323369	0.15953797263882	0.296099546719998	0.206498862250112	0.203145653499706	0.266633746862988	0.200174361950775	0.180244947551271	0.26135823090557	0.214119139078645	0.319367601882969	0.29919397908646	0.156540298928989	0.135147530838629	0.147002173441974	0.15920857696479	0.257968428155619	0.172075859438693	0.178123781092888	0.287540194006919	0.156514911628316
700111991	0.0712287188992391	0.224688872080932	0.283844848120127	0.257976698123533	0.191256312053917	0.256698144086817	0.109580887359077	0.283199468735554	0.110707711468026	0.237904334555347	0.179506414394117	0.307747934782975	0.285801317740605	0.181813454620749	0.321661704393709	0.165582538308408	0.256757344213607	0.234401812830806	0.0940926742765952	0.116462380923007	0.130151625668395	0.204407806855325	0.145728328733484	0	0.150654442571405	0.196006711677221	0.236713580807788	0.307020105413133	0.300102667908617	0.278196958062891	0.229196382526335	0.222069984403016	0.170835134857416	0.235926761403719	0.162991538212024	0.139438680129465	0.216174391963559	0.283528994558888	0.104470973927507	0.346347238429406	0.0970364156102764	0.286491753978712	0.168115264429863	0.153562203056509	0.253577988455301	0.22728883706154	0.168030878899245	0.249804189951046	0.200931109835997	0.289099378126791	0.251174181260077	0.106878019563199	0.170138434634827	0.110269939288165	0.16658323981131	0.246350493591618	0.146122713149855	0.108654312056291	0.255531064439851	0.133113820538173
700108960	0.150470580948403	0.298236369325017	0.27832340121425	0.275991282334764	0.283136598851042	0.277318697307272	0.113153562877276	0.342561272461774	0.179280191550833	0.295791946973959	0.17543552833993	0.283712810348056	0.338748245063847	0.260262522905467	0.367229922145751	0.200048377966408	0.320611931098759	0.261665392593628	0.155444816171875	0.114919201380302	0.120239863460694	0.176333391883239	0.202988351629633	0.150654442571405	0	0.316187670418753	0.327657647971956	0.390925606918597	0.355529598682757	0.332053926442317	0.256848640176727	0.159313333426517	0.200209827140326	0.265917554604089	0.258444355868651	0.151304456435215	0.27630029422197	0.289750376082562	0.185469885535139	0.398975527480127	0.201303521018605	0.292168553789923	0.247809301925303	0.146150297661403	0.293145782698288	0.29634650572393	0.257068644021126	0.302251046952685	0.263413343757385	0.250998545444873	0.242693086176583	0.165176634804481	0.172940002486771	0.169237867119318	0.187530864361075	0.288887142784381	0.16687650177559	0.102267362043062	0.223787869344366	0.123268594962087
700024452	0.201579331866675	0.167086025758843	0.334841146010361	0.283752555221424	0.144202734406789	0.294492389918679	0.246014612711159	0.283455423487868	0.199581037597336	0.267068774045258	0.266265543565768	0.357804273277942	0.279810211792496	0.198688493121552	0.329431297077489	0.255024539270813	0.268470584921657	0.297464774806118	0.209058763206527	0.258649529047665	0.268165791769391	0.29251210365248	0.203065812889342	0.196006711677221	0.316187670418753	0	0.194809512948072	0.241232257783887	0.199640592255687	0.260226225880319	0.267681873364989	0.303258854912028	0.241102024734379	0.262831698345954	0.10084554948393	0.23052719693	0.278015780006375	0.312149676505147	0.170286051330976	0.288173243089213	0.164504556777522	0.314421203600735	0.200594552341991	0.266133434522618	0.254605231087419	0.209534513091601	0.176827857659945	0.286489713620567	0.235418187503109	0.351282409598853	0.335370200747724	0.180669333719878	0.219887715393605	0.208994085826345	0.229667218851713	0.279910762362905	0.234703594708747	0.243412766942812	0.301357848863947	0.256905809448544
700032931	0.259797838649885	0.124162316682583	0.234402851586673	0.389244586861637	0.170760227192651	0.181149819686666	0.283818204849483	0.151571942724335	0.215609070709217	0.138526550342875	0.212871572746942	0.267098576375787	0.138407392382829	0.11952676111139	0.220571176572766	0.228460747192418	0.141784247764884	0.199409004319011	0.216265200516376	0.276814621143032	0.273499225946443	0.248949243956389	0.225533344647398	0.236713580807788	0.327657647971956	0.194809512948072	0	0.202289229333407	0.192164806966238	0.127815074361174	0.137174802608617	0.266303600910578	0.185516616206811	0.138649076502604	0.23460791279786	0.215916790982124	0.190051643454208	0.222244548926228	0.225097596377675	0.179490793003816	0.188236497155955	0.183419937064962	0.135015975685029	0.249369102179084	0.131200533411037	0.165366317522144	0.121944829898109	0.155458191071875	0.123745664051924	0.261177550338417	0.272950614175611	0.24436299720787	0.295739785547661	0.204737672025245	0.333289436166695	0.156193129546704	0.22169103270896	0.284514982275779	0.237153513978468	0.266471128158699
700095837	0.319543863296051	0.194570194526056	0.354901077779455	0.410132059353679	0.247070163246687	0.336088184774896	0.343753079064348	0.285328682416325	0.284502287980308	0.27651215173704	0.305072895092962	0.380468848061657	0.240839961785347	0.267763926927631	0.340802639189972	0.313525979103028	0.275139068341545	0.332806344289425	0.317410130800625	0.326135744279692	0.35918973470695	0.338325420846075	0.293787055473796	0.307020105413133	0.390925606918597	0.241232257783887	0.202289229333407	0	0.189798679745283	0.229570986995802	0.273295071733452	0.355121208288537	0.277470895418188	0.274712769011547	0.272724346121194	0.307658922024813	0.311539345085648	0.371375603602552	0.270426521734728	0.284329294963434	0.268505818819241	0.306496813174926	0.246377041863915	0.315171809106087	0.242920701952889	0.270773162617734	0.229075341152664	0.285213243476728	0.277899777625481	0.381863178197971	0.359820784328649	0.296585500774039	0.328065145583777	0.306534705010611	0.382413123989565	0.285633121399471	0.320642969726616	0.339863396284863	0.345944046689966	0.340436285015682
700024548	0.313268514914191	0.18298520444731	0.319944956188437	0.369110074714314	0.2265562894546	0.290376136997185	0.309505767746721	0.216198737000752	0.305583385051978	0.235213660543375	0.296814906302416	0.319732729455036	0.205697379969199	0.227903924082669	0.250589536435899	0.3084690888509	0.203559291660701	0.330030553650777	0.293764502422366	0.310012539442959	0.266874747955529	0.315843824158208	0.269582443298304	0.300102667908617	0.355529598682757	0.199640592255687	0.192164806966238	0.189798679745283	0	0.204741574762014	0.25342251670988	0.334973190777485	0.254861768447386	0.250490157790383	0.245405885641635	0.261027531491199	0.323705637315347	0.309186007890545	0.274195167683115	0.173436931040947	0.247900469496318	0.252817335302032	0.250428946678965	0.322574586223636	0.168979544366829	0.149147475336892	0.208676979106437	0.219699210749489	0.230139920598144	0.343746752819337	0.352504218830127	0.276060668329283	0.300631355912341	0.256079343089675	0.352318335401348	0.24215186060184	0.221400024078687	0.322497723740907	0.309614540333708	0.30903889233011
700110161	0.313272489689408	0.184559407718082	0.185897018766167	0.415153832855607	0.229724072641022	0.147556164982596	0.297016933802498	0.117553535165602	0.255766443994885	0.0950211667133626	0.205057290471882	0.230519004347522	0.0731211319560722	0.14333888040667	0.172129499641451	0.221845009953033	0.116067666955306	0.190273355554071	0.255298276120072	0.285120353770771	0.275670905601134	0.233393714892935	0.281514693321309	0.278196958062891	0.332053926442317	0.260226225880319	0.127815074361174	0.229570986995802	0.204741574762014	0	0.128408040616152	0.246231027251007	0.184527442838092	0.119657349325796	0.296458866660285	0.2205044875203	0.216385638671742	0.167518166891895	0.271019078132265	0.142493467265164	0.215083872015345	0.127726380937562	0.183500249114938	0.253782079414451	0.123540569253208	0.181297537004001	0.165394280631349	0.115651599024779	0.119386673458999	0.212077319075979	0.259315246959567	0.269337186703784	0.334170676576111	0.229553310042028	0.392615436492012	0.121488140913834	0.213797127999663	0.295559786535168	0.202027100612128	0.27387981865176
700023496	0.276479630914675	0.17371274650446	0.16139137722516	0.403425234707009	0.199358374771764	0.109533500823295	0.250816934469693	0.137100648327001	0.216168329186271	0.0901953474395308	0.127111810802529	0.185082300264789	0.139408142103391	0.118657537848237	0.210599104661734	0.138888345250653	0.106534787495017	0.119588828037838	0.195055362178554	0.252230884948734	0.203664589188981	0.15142023942105	0.241425687351307	0.229196382526335	0.256848640176727	0.267681873364989	0.137174802608617	0.273295071733452	0.25342251670988	0.128408040616152	0	0.178217003233721	0.0956272429495683	0.0659155928115462	0.285321940681479	0.174971925186507	0.151151554758568	0.157392662519206	0.236148017082914	0.200072154094578	0.166984330033956	0.107952234579399	0.133583780553337	0.198048813861397	0.114059776709721	0.17097485872506	0.124054861153435	0.111677323401409	0.0916633744184919	0.178160010380314	0.180426576812916	0.247210223611152	0.310228357976265	0.174189928906522	0.364261035892278	0.0933467265504163	0.17771916667382	0.237046334393649	0.172078923981244	0.224409047782892
700034628	0.251267320630629	0.2612717307745	0.170424017701302	0.395432323568422	0.260031085877484	0.17249642371561	0.180246243805289	0.233691936123914	0.175863004151244	0.206154273035418	0.10839442445688	0.167226996858858	0.240449807800289	0.216615878277608	0.267389480240515	0.139020094942724	0.224532060984103	0.181702310718076	0.160131995122782	0.237385636931658	0.158855554501805	0.091473140757099	0.265599115950827	0.222069984403016	0.159313333426517	0.303258854912028	0.266303600910578	0.355121208288537	0.334973190777485	0.246231027251007	0.178217003233721	0	0.149153293258296	0.167844114645757	0.304467512192317	0.123347656228778	0.245591872146045	0.194200899353203	0.231693156123323	0.298980739097302	0.208493609742264	0.17446047983285	0.224353532347108	0.144514138978547	0.217090507251324	0.238056172783384	0.213981643842131	0.190872091369153	0.196290934649673	0.1327762319047	0.173404200142546	0.235885484509851	0.285650275695121	0.180346895718871	0.314782059300001	0.176739041601903	0.180396135447553	0.19414949270842	0.127211584177252	0.154744402114053
700023645	0.216096312341046	0.1884167513896	0.159351982952464	0.349572532497992	0.199967873951056	0.143989811870222	0.200078273555843	0.186868256516492	0.174712197295113	0.134533692036779	0.0838449301639989	0.185413753704583	0.188112508147398	0.125446831230883	0.244536024429964	0.0937875811293446	0.158654977958588	0.136967334974497	0.140509717152223	0.194109696445684	0.161999090686193	0.102418402723539	0.220661817439781	0.170835134857416	0.200209827140326	0.241102024734379	0.185516616206811	0.277470895418188	0.254861768447386	0.184527442838092	0.0956272429495683	0.149153293258296	0	0.105364447165627	0.255138645528556	0.123328058535103	0.157685147109511	0.19692598120599	0.185852701600009	0.251026991380372	0.134714322981714	0.143653766752799	0.136909123817315	0.160200493302893	0.146518119909929	0.154230091451078	0.124493315810289	0.148953305881433	0.120224707375903	0.184986756104354	0.148681866523915	0.197954496740887	0.258674224092701	0.15200773815354	0.308841372634217	0.123760914635357	0.140679963206589	0.185269143620767	0.142414170144313	0.182554258396484
700038744	0.278163429056295	0.198556414326121	0.131057997579189	0.404356390733738	0.218069716919814	0.079594467838305	0.264018000413909	0.130846253693332	0.222727739610822	0.0746307930894791	0.124104530475215	0.158722093430823	0.130792948477389	0.110814755909296	0.191521327870655	0.142643652935317	0.113376184524603	0.105289067382205	0.204867630043959	0.259163382760086	0.224167504450075	0.149477708258047	0.252904084343664	0.235926761403719	0.265917554604089	0.262831698345954	0.138649076502604	0.274712769011547	0.250490157790383	0.119657349325796	0.0659155928115462	0.167844114645757	0.105364447165627	0	0.298138609162016	0.170862284122357	0.1542056335435	0.133830461597094	0.243936916767616	0.195076866730234	0.185262171938419	0.0929192805626759	0.153302387912693	0.210073873780852	0.127454709178226	0.161194688828076	0.150697522924567	0.102916608764472	0.0796177451085685	0.162531398347311	0.178349500288042	0.261074684057241	0.316920003142484	0.191884763242905	0.362490714674724	0.0894659398772646	0.184853036981577	0.247773014126574	0.139758656073509	0.236293127642752
700038485	0.159527988914771	0.189746606332769	0.361880910974885	0.240177015691475	0.162437644683529	0.32726204110807	0.194361679487012	0.319893576317551	0.173579336521319	0.302704030705332	0.275322151690824	0.388067711726417	0.317994466485465	0.23884745948303	0.365711325322862	0.268254621496684	0.303428426434351	0.315596016233474	0.198477498881652	0.21162572053159	0.244319860174079	0.298260204331623	0.179949235450183	0.162991538212024	0.258444355868651	0.10084554948393	0.23460791279786	0.272724346121194	0.245405885641635	0.296458866660285	0.285321940681479	0.304467512192317	0.255138645528556	0.298138609162016	0	0.210294944767464	0.293012370438661	0.351179593411476	0.121889427429567	0.326073602594468	0.17876247786533	0.346667072881385	0.218285882842554	0.221141601974993	0.290556994306562	0.247619143384333	0.205673176701022	0.318794009513053	0.268487280690276	0.377589792205611	0.343264109701175	0.140852149403455	0.15796434112995	0.192737174690384	0.18011704885895	0.315684797121424	0.238325603633836	0.188920954547335	0.333236921922451	0.214098253810224
700024743	0.170336021952012	0.196646696465726	0.198708184747458	0.318045296248828	0.204424424430809	0.191619741961768	0.121466505779426	0.21753196741271	0.139673432048543	0.171759209827787	0.122007352821957	0.220990306310586	0.224261686949279	0.155423886487167	0.260797056607744	0.164432194479756	0.194995593211916	0.201412841579693	0.112685286920784	0.150061799591679	0.1106521977231	0.139207068806637	0.176991556291255	0.139438680129465	0.151304456435215	0.23052719693	0.215916790982124	0.307658922024813	0.261027531491199	0.2205044875203	0.174971925186507	0.123347656228778	0.123328058535103	0.170862284122357	0.210294944767464	0	0.213163483738481	0.214873254138714	0.143685896026918	0.280135667473968	0.136786444152726	0.210168427933862	0.175303207389902	0.0979873613399346	0.184538726384378	0.178398379979604	0.153955758734433	0.180274386677129	0.150238950735815	0.215838475543135	0.207185818904392	0.15797921095925	0.201444287417019	0.104525287409809	0.235231629570577	0.171962026463363	0.109532926830094	0.131952989979054	0.173759655562064	0.0985461372931324
