700108602	700014971	700033565	700109389	700023058	700023927	700106341	700114221	700023543	700023439	700016978	700024192	700113058	700099448	700109870	700033928	700023693	700109627	700095416	700110425	700111580	700111302	700098605	700111991	700108960	700024452	700032931	700095837	700024548	700110161	700023496	700034628	700023645	700038744	700038485	700024743	700099596	700110760	700101587	700106399	700032322	700095653	700021312	700101230	700023590	700038905	700033136	700023382	700096424	700105469	700016908	700096053	700108479	700109569	700033814	700016125	700109756	700102665	700101777	700109455
700108602	0	0.245356671716842	0.324438384576446	0.227042178574705	0.234245093881409	0.292377989862239	0.0852541833707134	0.31765467355893	0.146717870708333	0.305012274306509	0.200770589070069	0.337628924067637	0.319713041350538	0.247624271400636	0.343061695008189	0.202495302590574	0.310005474428507	0.292096696730766	0.122652901728848	0.10623904559169	0.153075311926971	0.22773404094546	0.117074395647776	0.0895239998954569	0.144893328689105	0.20242508179209	0.250683625858694	0.317823521923195	0.320004056086665	0.31424760303507	0.276362751110644	0.22990611503316	0.239889142781617	0.293599570542325	0.186898492377995	0.1494915912546	0.244656418683046	0.311948794901411	0.109576447104793	0.375595922164598	0.157630602225472	0.329738341679794	0.226856421881201	0.188723846833845	0.31393964293415	0.254841632026564	0.186114649488285	0.303219889758962	0.249212213574816	0.324987413388729	0.29262796771632	0.0939014930938741	0.118344301087852	0.13374823162254	0.124397550877166	0.293541724080715	0.152665911572486	0.100163396831566	0.301447889063315	0.141020590760906
700014971	0.245356671716842	0	0.298057620637749	0.343363144281184	0.144726755947762	0.221914110111317	0.256271005954458	0.170784016833899	0.201272954022846	0.189581414228492	0.188743700573228	0.314540667833508	0.188740866262536	0.156359911298665	0.240598406925471	0.22458587472183	0.143753290899677	0.253721924272965	0.218823145002746	0.230314662807706	0.245549945475609	0.24182505686549	0.185199247419263	0.222198567909023	0.305209664494441	0.194210949026131	0.121881227268723	0.194843181256883	0.17106261517836	0.190573885289098	0.17835623829549	0.256613165971324	0.180159178627843	0.182092198290282	0.191386368691933	0.182375444847646	0.225673283378933	0.262077338532762	0.179445654204163	0.212962992825846	0.145353030717427	0.218614273985312	0.152128381307982	0.236566287544509	0.166184557516347	0.161997683758707	0.134268015212721	0.187255043637237	0.191788622038325	0.297786222742193	0.298958036449476	0.224692741165556	0.230350089075731	0.207038063259112	0.281808968548022	0.207320206733223	0.218583030207657	0.265821622239774	0.263758232860686	0.246349893325945
700033565	0.324438384576446	0.298057620637749	0	0.452971346255427	0.312481915753724	0.117971802595158	0.324026937018298	0.190820314212297	0.274409617107303	0.141813479802051	0.169750311048714	0.0638115992947852	0.196744713579023	0.216958575605075	0.185962785443452	0.172771523669984	0.222154700244761	0.126010945973643	0.242759036237699	0.321079956261507	0.246064661785618	0.122224226219458	0.325192218333813	0.287002790447492	0.261875800927155	0.363621332071633	0.250740115565226	0.372445415906553	0.324757148105391	0.209310550643514	0.171414033171066	0.168682667341652	0.167231552171136	0.153878287315813	0.347163595497627	0.247213113700476	0.257211188428873	0.143564721936696	0.302285457953583	0.270668311938702	0.270584882929046	0.114662271894389	0.247418240764404	0.263637704308508	0.24201749706254	0.217038157454573	0.253451021907847	0.182657679924573	0.178567251592509	0.0502194085340329	0.106894084226786	0.326810340534815	0.356807485220459	0.231721204899204	0.404006060765434	0.140449499926316	0.231963864915626	0.30805882434619	0.0650316410156925	0.277976997635833
700109389	0.227042178574705	0.343363144281184	0.452971346255427	0	0.325607005313343	0.428827433507516	0.216472827191441	0.413041323012009	0.313774277098828	0.421345970602442	0.35236086864615	0.461438879654495	0.415963263642007	0.37357900224635	0.435278525941489	0.340803513034773	0.407933864750635	0.429061348688894	0.318182347556454	0.206232866108932	0.307343540796464	0.387383236214851	0.224388622591638	0.280892079522059	0.303199901799346	0.254293875567056	0.373064485601644	0.394325893237461	0.36741928749589	0.404299953950478	0.407679982035179	0.386039833226884	0.359649968499211	0.401817579386267	0.242252724335428	0.291923115360044	0.391249923136002	0.450916859117161	0.262484274610208	0.417011880388818	0.286778915472851	0.424168845428419	0.355192422542792	0.326530915055476	0.393707134626402	0.360244931649498	0.330237175909474	0.400835827951469	0.396700085313203	0.455481099744527	0.42866100382573	0.212994427762541	0.156420567466987	0.309416920842334	0.19900650746584	0.415120725959434	0.275339985140404	0.241893658377373	0.424726066149926	0.298291793077555
700023058	0.234245093881409	0.144726755947762	0.312481915753724	0.325607005313343	0	0.237016587343606	0.2335493251947	0.220717620000557	0.198584324910864	0.236145635276796	0.206781961902753	0.32847717916779	0.2407289900107	0.157818934811135	0.274608832890851	0.210492284157709	0.19960631724556	0.247004394299394	0.200297231928754	0.232353547352072	0.247479854561488	0.264301347297865	0.197515251237301	0.203381795058117	0.306863429581632	0.162975901908878	0.161296146302851	0.234868179716417	0.214106391676331	0.203967741017827	0.197180882428945	0.278884390137436	0.200415400580785	0.212435912491636	0.178789825735922	0.213137307099202	0.177341498573273	0.228948769151136	0.169635245052522	0.270148534555484	0.140160823902006	0.255255876196552	0.141154660314059	0.253399609473699	0.195168654051635	0.184285628986959	0.141347034999425	0.229935902823805	0.183120316712812	0.317253193322662	0.302811684462945	0.201806058478002	0.224269798533684	0.208164306018786	0.262926239595761	0.240061785220771	0.229781986765851	0.248405607452707	0.285633911384715	0.235093999082414
700023927	0.292377989862239	0.221914110111317	0.117971802595158	0.428827433507516	0.237016587343606	0	0.298588038315261	0.137611803783833	0.232895088719781	0.0694699298309646	0.13506381488199	0.152235379793819	0.139106724235129	0.13515041679776	0.162183630293885	0.159067176914111	0.152153074530171	0.0868603999542693	0.20668694329533	0.28099275125246	0.22499365366179	0.160291035006484	0.266502325443743	0.243329408640951	0.260030809140662	0.318126746222892	0.177543038521734	0.325524005946408	0.268764672377921	0.148129208516258	0.0713795814316318	0.174222189169765	0.124733768763048	0.0761591405985278	0.300183636536912	0.199719771975446	0.187427362310506	0.0919553867786265	0.255362126836947	0.219097767060179	0.209175329821343	0.0903130740289522	0.170985086408851	0.230197179008187	0.183082610285704	0.155724038275785	0.19668695030876	0.139998034621728	0.0895416359726234	0.13304321252784	0.178373453945604	0.292100214336673	0.322765049397816	0.207171289653504	0.361665517421538	0.0952761825823772	0.189487579185122	0.269029128052492	0.124163241276664	0.248118973379789
700106341	0.0852541833707134	0.256271005954458	0.324026937018298	0.216472827191441	0.2335493251947	0.298588038315261	0	0.299596214655836	0.139663257937567	0.297506827204434	0.195335150951002	0.322277893033184	0.303285528567553	0.254231196420876	0.319227845053363	0.201738099116673	0.295172132071134	0.313917314963234	0.145589770782589	0.0939005659658562	0.142884382987041	0.235436648435773	0.137465296133947	0.122754389165396	0.132671780531012	0.232924013606216	0.282019911053023	0.346130307568511	0.308608811281711	0.31147306184821	0.278177251052921	0.20164915122987	0.22711737074617	0.286116703508205	0.21420916794173	0.140721744377471	0.272216289351263	0.317730677971909	0.132467872702376	0.36116434867426	0.160820758965838	0.304778305075968	0.219368629074611	0.1641758621327	0.289410921997815	0.257438296294926	0.202690629382605	0.277842818942902	0.259153002151565	0.311863163777834	0.303469248962208	0.088802284495329	0.107625838784758	0.142625733690821	0.152803641972422	0.281746560892413	0.147423538390646	0.0908602070387027	0.294004271122469	0.111867960028626
700114221	0.31765467355893	0.170784016833899	0.190820314212297	0.413041323012009	0.220717620000557	0.137611803783833	0.299596214655836	0	0.248763340146129	0.0929923251666356	0.198140787449346	0.224033284160411	0.0797947144474623	0.136974318509289	0.119268330798849	0.226074904525422	0.0693522052566197	0.193750517787196	0.252330709973248	0.272829362443888	0.264188967015469	0.234678552218405	0.274490358725225	0.277438417695609	0.331568469014837	0.301976594676984	0.140891219414865	0.263581282710568	0.190409857380605	0.0850788580042104	0.137154429640079	0.239692580131342	0.171240367745761	0.117674732519177	0.282593569566633	0.210484930446986	0.227967889582692	0.143205661673977	0.26023187425348	0.132100126285667	0.190526722221051	0.0992553532675745	0.195325985645465	0.251080755157315	0.104639824729551	0.130960743513954	0.177295140485765	0.0813012565117303	0.157919497086235	0.197451752213897	0.261019839060831	0.282305680957729	0.305355401197266	0.246450094252607	0.381360580953012	0.103689230077681	0.211269118361165	0.317892105997833	0.18752448702181	0.276026150248485
700023543	0.146717870708333	0.201272954022846	0.274409617107303	0.313774277098828	0.198584324910864	0.232895088719781	0.139663257937567	0.248763340146129	0	0.227623863843838	0.132750764583712	0.294062208482781	0.264518689320321	0.204000771760401	0.278657773232441	0.148625874851963	0.244086983843527	0.238685603196286	0.108457073385641	0.153338995721825	0.156209504240747	0.188360368521758	0.176813871637858	0.0945612421469849	0.160997297498472	0.214046611076993	0.212969352119182	0.289740764276319	0.301943912137749	0.254076966851954	0.211290500871593	0.148037295341749	0.18517707385874	0.226557863696789	0.190136320920028	0.123024018262512	0.194200211320273	0.267722270373754	0.102850388645928	0.325513963432829	0.13866391325126	0.25978196695212	0.175498191606823	0.10669747745082	0.252781972458784	0.218573659135714	0.134952454389578	0.23830385055708	0.209221638837123	0.272563531392936	0.260169448133607	0.118334850112805	0.175247307914616	0.115812534752501	0.202803550729323	0.223061447964587	0.162892176156849	0.13305364314066	0.255219452027793	0.103292410385147
700023439	0.305012274306509	0.189581414228492	0.141813479802051	0.421345970602442	0.236145635276796	0.0694699298309646	0.297506827204434	0.0929923251666356	0.227623863843838	0	0.153226481971375	0.178177721518414	0.0911464288695302	0.12961759423506	0.135852828440005	0.176738267403798	0.112412553569806	0.129100283502768	0.219100679573321	0.271781041839197	0.22444648933218	0.188865565142188	0.26206282991514	0.251763656446902	0.286729110364722	0.316015500854553	0.169930947848537	0.303272684998208	0.23917531275874	0.127116594309378	0.0854406668037587	0.196888914049663	0.127704197762829	0.089154245998979	0.295780042502865	0.191100741534143	0.201203104256208	0.105188792956466	0.245065889469844	0.179051483957237	0.192711352356031	0.0783609978268865	0.175403251060399	0.223912265179949	0.151910398146107	0.12601597384216	0.183479262397457	0.107467103872955	0.10486255902577	0.150226929529317	0.207313203773843	0.279084932438101	0.31293796927966	0.214518620920758	0.36528267794331	0.0711675465971424	0.187858977874751	0.271939171644195	0.141665398561592	0.244690206261688
700016978	0.200770589070069	0.188743700573228	0.169750311048714	0.35236086864615	0.206781961902753	0.13506381488199	0.195335150951002	0.198140787449346	0.132750764583712	0.153226481971375	0	0.183500243260148	0.214846894695781	0.163577086599639	0.23449000335062	0.0933276528486051	0.191980208779724	0.149327777404793	0.112659083087234	0.187630260479953	0.132544371451273	0.0907026990810497	0.210267128098965	0.150611523113757	0.158802802105305	0.25247569528099	0.194959100262785	0.28867943323931	0.267540851405621	0.217256867866492	0.125628406963357	0.103775814945454	0.0825417838577305	0.133115691381085	0.235374617413513	0.119446857611799	0.183436502910745	0.188337188916354	0.158258767250227	0.276706563205819	0.148429573767405	0.158928833544085	0.136272829675037	0.141991500639806	0.198180190467034	0.175773693198969	0.138929456369982	0.186096525113817	0.142721653822344	0.18059535528105	0.168574970634416	0.189665156293138	0.221728737483244	0.114857469682538	0.274499222261463	0.14980858586106	0.134402209854231	0.17777215693758	0.157342866726871	0.155498266728428
700024192	0.337628924067637	0.314540667833508	0.0638115992947852	0.461438879654495	0.32847717916779	0.152235379793819	0.322277893033184	0.224033284160411	0.294062208482781	0.178177721518414	0.183500243260148	0	0.222466614206958	0.246676215278546	0.206252274562811	0.184202899742486	0.236090506460521	0.147038226658897	0.256263663938571	0.328209057219813	0.240596724179677	0.134074705606905	0.338455470547342	0.304907889890069	0.270214616071791	0.384438241323534	0.283889778572583	0.389105446236623	0.33202050987741	0.259194113793009	0.179405447048086	0.174676579904326	0.166014236068564	0.175816802123441	0.369810919032637	0.261270431583413	0.278757545190064	0.17817652000274	0.318104749625987	0.284928435325105	0.282721013278616	0.138021753860581	0.263419944023036	0.270853718247897	0.24216372493349	0.234845531310778	0.266109927256247	0.200006893113417	0.205608407478282	0.0706252733412326	0.0983438606336713	0.344397237462477	0.36812389081992	0.254378816272592	0.424272538693457	0.158793447211197	0.235804363068374	0.320423423567357	0.102602578965915	0.287562238229626
700113058	0.319713041350538	0.188740866262536	0.196744713579023	0.415963263642007	0.2407289900107	0.139106724235129	0.303285528567553	0.0797947144474623	0.264518689320321	0.0911464288695302	0.214846894695781	0.222466614206958	0	0.157011538809611	0.108733080889384	0.237248147670462	0.110233597029826	0.199713035179023	0.268239366731716	0.281912452830929	0.277780816201486	0.244637220325581	0.277267198994198	0.290419047269849	0.338803293490254	0.323420547707592	0.165813628274622	0.280949355638616	0.209825971577413	0.109645689148454	0.151925018791566	0.24930604297768	0.183855059074579	0.130343351931421	0.305042827764055	0.229947866945991	0.24320343517162	0.151373047313117	0.257450716324222	0.155316654319257	0.213038326688971	0.107687034177963	0.230152253053565	0.264143500012456	0.14017839137225	0.134536354799854	0.216308583877798	0.0912562116581886	0.166255180075307	0.194269930930604	0.263933705871988	0.290973382854557	0.308500127588242	0.267679171133761	0.385621948689527	0.104731249872459	0.221253433203872	0.329037992314261	0.183045138566798	0.284891127522622
700099448	0.247624271400636	0.156359911298665	0.216958575605075	0.37357900224635	0.157818934811135	0.13515041679776	0.254231196420876	0.136974318509289	0.204000771760401	0.12961759423506	0.163577086599639	0.246676215278546	0.157011538809611	0	0.181126209731106	0.181475606633685	0.13180492736661	0.167236202774978	0.178164611109068	0.223383970913909	0.210988229942708	0.206905945546397	0.217436824619457	0.192518095525055	0.272013754928725	0.233679196800171	0.112549079685351	0.263642435083737	0.19891792384894	0.133928221941679	0.11908234730169	0.221624008349869	0.13975290594774	0.108650655906535	0.23279306681912	0.172272901129675	0.156621349532454	0.141931475148744	0.206692390953039	0.217463127082383	0.146441600790322	0.148011533192622	0.12751542776581	0.217387161497874	0.140653409926459	0.127644111334253	0.134782599964575	0.134336280144809	0.0900120334678344	0.219752236520386	0.238902668891585	0.228234272488809	0.262638207127466	0.181836782590925	0.287395423725557	0.150962131623028	0.157331360815331	0.238055118415607	0.190730585388377	0.226251296674368
700109870	0.343061695008189	0.240598406925471	0.185962785443452	0.435278525941489	0.274608832890851	0.162183630293885	0.319227845053363	0.119268330798849	0.278657773232441	0.135852828440005	0.23449000335062	0.206252274562811	0.108733080889384	0.181126209731106	0	0.254541116819831	0.142635493539497	0.223428483798131	0.284298669695219	0.302499019040012	0.272079261022537	0.260141252456948	0.300837914414515	0.308115938971539	0.349173786951508	0.349702165447654	0.212996330735815	0.330848348950742	0.235531925327907	0.140735354757091	0.181351395284976	0.262174160744716	0.208625748560866	0.169022678194465	0.338026236732899	0.249092568116418	0.26680791834725	0.143107350217735	0.293961953633152	0.174236755800345	0.244135729424302	0.120479892041417	0.257854606890674	0.276005206724722	0.161386506694049	0.158474953467957	0.23472521043271	0.0995670496248661	0.192568109042483	0.187371011960494	0.263139506230987	0.318696204109874	0.335671998144291	0.279068917768839	0.402880582077504	0.110408842501747	0.234980376172883	0.33885696749195	0.178116345201323	0.29851551430508
700033928	0.202495302590574	0.22458587472183	0.172771523669984	0.340803513034773	0.210492284157709	0.159067176914111	0.201738099116673	0.226074904525422	0.148625874851963	0.176738267403798	0.0933276528486051	0.184202899742486	0.237248147670462	0.181475606633685	0.254541116819831	0	0.22569069583418	0.139633760094651	0.127519609263675	0.20768259323274	0.152026477208513	0.0911492032081425	0.219658588477821	0.151667248986358	0.171223937338865	0.250480098170308	0.220439340407566	0.30401616912088	0.292949272878379	0.239267510380643	0.160421065734322	0.123392910112448	0.0878231483595141	0.15380692704035	0.247431217164159	0.169015176921582	0.197037794152143	0.214129990189657	0.170280876029425	0.300309567413575	0.152696771440189	0.161295850943647	0.157410416063244	0.183373823371895	0.221277319949569	0.189956429115403	0.144173977342037	0.212839942201954	0.17753928107355	0.168128691575522	0.152177929978112	0.187289914646392	0.232751731970191	0.158154283700983	0.280827476332921	0.173262498130762	0.165840887669958	0.170548957576692	0.15947262614034	0.164343020724879
700023693	0.310005474428507	0.143753290899677	0.222154700244761	0.407933864750635	0.19960631724556	0.152153074530171	0.295172132071134	0.0693522052566197	0.244086983843527	0.112412553569806	0.191980208779724	0.236090506460521	0.110233597029826	0.13180492736661	0.142635493539497	0.22569069583418	0	0.197845835544531	0.247742935533722	0.270006704464072	0.249173205368245	0.245241408257159	0.258888687627758	0.271763531211733	0.330918933800052	0.28511943979899	0.127924089942215	0.256959652371874	0.169645974046338	0.118781163960207	0.131696668750584	0.247761722141707	0.173141867949083	0.12298002181037	0.265168879991065	0.205314154291227	0.224195101561969	0.17576917000676	0.245944803852156	0.15072681206993	0.184708287409388	0.132006533987181	0.18097662670275	0.249097309698252	0.0990424600240473	0.118223833269698	0.163485426787423	0.106958507244487	0.155084494425814	0.226232314353454	0.272970616667446	0.280223137087317	0.295333909329573	0.241768044557577	0.36958983402035	0.126205891984607	0.207156858643465	0.3152896622704	0.217042606210021	0.272974543868411
700109627	0.292096696730766	0.253721924272965	0.126010945973643	0.429061348688894	0.247004394299394	0.0868603999542693	0.313917314963234	0.193750517787196	0.238685603196286	0.129100283502768	0.149327777404793	0.147038226658897	0.199713035179023	0.167236202774978	0.223428483798131	0.139633760094651	0.197845835544531	0	0.214569571977085	0.276837193454395	0.248749118980515	0.130160737476629	0.288626086557071	0.234127040847633	0.254989408904025	0.31452863793513	0.191845681412093	0.32619179877278	0.31795215174208	0.195448387717981	0.100140265749376	0.177906860366481	0.13418230060683	0.11167366861066	0.300768283090644	0.215898415617789	0.16923555375734	0.14031417067719	0.25753305368439	0.273665704862792	0.226216709742994	0.129828279627043	0.179907476997871	0.228979112960062	0.226455431143706	0.203667636850379	0.215505757227427	0.198750493836815	0.12233219299703	0.146257157330827	0.148733267113706	0.291033219124492	0.330547909143326	0.223630825197625	0.348727712245581	0.151430435670683	0.219313580029442	0.272968560968645	0.138095082418667	0.26915384362001
700095416	0.122652901728848	0.218823145002746	0.242759036237699	0.318182347556454	0.200297231928754	0.20668694329533	0.145589770782589	0.252330709973248	0.108457073385641	0.219100679573321	0.112659083087234	0.256263663938571	0.268239366731716	0.178164611109068	0.284298669695219	0.127519609263675	0.247742935533722	0.214569571977085	0	0.164129559272851	0.114398594759464	0.155185655292181	0.173883312234825	0.0844845429244247	0.152383159568761	0.203335218559951	0.208757227687155	0.308885880924249	0.285849054538887	0.254546674518545	0.184282531030646	0.147593987512556	0.149620768769447	0.208519282723826	0.191703225532121	0.127136575973699	0.186413711953261	0.231847256702894	0.119644511809662	0.328753326970162	0.118256131940671	0.247024189790006	0.142188668565208	0.158026149210672	0.247871050973754	0.206047280503532	0.120097513819057	0.238919527088497	0.173421551586112	0.24364523514394	0.22233096625069	0.141949649626977	0.197622585151241	0.0851502557155408	0.212601645858503	0.214786107799223	0.138841263674205	0.130607254800467	0.226741191211808	0.125057491365138
700110425	0.10623904559169	0.230314662807706	0.321079956261507	0.206232866108932	0.232353547352072	0.28099275125246	0.0939005659658562	0.272829362443888	0.153338995721825	0.271781041839197	0.187630260479953	0.328209057219813	0.281912452830929	0.223383970913909	0.302499019040012	0.20768259323274	0.270006704464072	0.276837193454395	0.164129559272851	0	0.169374671591293	0.230529954067861	0.128003635906337	0.130090843871837	0.147563290856006	0.22536242859695	0.244094393957333	0.299540788578109	0.2855090217135	0.279529177973714	0.254163415495906	0.225887468464062	0.204747587258364	0.257138354317304	0.203066202696087	0.123452133233641	0.242677826450588	0.311123185220494	0.133359279895684	0.342636841097679	0.155073974892685	0.279474128048908	0.205084595318297	0.147835306793482	0.258806417425455	0.234998277922937	0.185043590305673	0.255873089104596	0.244407252696334	0.320164973988955	0.297281393972015	0.0987310379252331	0.0793070225626297	0.160287132316099	0.159279837385944	0.264812670900514	0.127610299103691	0.11476453625535	0.292440056537302	0.151416409343964
700111580	0.153075311926971	0.245549945475609	0.246064661785618	0.307343540796464	0.247479854561488	0.22499365366179	0.142884382987041	0.264188967015469	0.156209504240747	0.22444648933218	0.132544371451273	0.240596724179677	0.277780816201486	0.210988229942708	0.272079261022537	0.152026477208513	0.249173205368245	0.248749118980515	0.114398594759464	0.169374671591293	0	0.157627108153427	0.17710844342657	0.141126968510624	0.119096561553128	0.266427733025166	0.273173803005725	0.357576983106894	0.264632609821849	0.2862125574147	0.201183463573522	0.14187704103173	0.156842174790708	0.228353499310026	0.254415801099322	0.137605248251221	0.256252412932076	0.23929552397397	0.169205543892125	0.313251262972017	0.152931491542388	0.234921124570015	0.183901865838071	0.174201609510054	0.230394964925099	0.197791653535899	0.16026464286714	0.227230008593115	0.194768504380118	0.222669685378452	0.227737599223317	0.154447558480479	0.2023199824487	0.0985894770463786	0.242189640279495	0.195230709192455	0.109041562971618	0.128467459681815	0.20312067496284	0.123733232172976
700111302	0.22773404094546	0.24182505686549	0.122224226219458	0.387383236214851	0.264301347297865	0.160291035006484	0.235436648435773	0.234678552218405	0.188360368521758	0.188865565142188	0.0907026990810497	0.134074705606905	0.244637220325581	0.206905945546397	0.260141252456948	0.0911492032081425	0.245241408257159	0.130160737476629	0.155185655292181	0.230529954067861	0.157627108153427	0	0.26745730163361	0.190050064641182	0.161755474003763	0.299920216783065	0.242038981479033	0.32960596669848	0.316573104367733	0.256066984064091	0.171488515447292	0.0884343720388165	0.106445840096846	0.164861323516512	0.287611043424551	0.17987733892397	0.223757340797005	0.20936298724718	0.216002900225285	0.304541050850036	0.211581583066364	0.16760244285062	0.190405272633317	0.19103820867702	0.237608733960042	0.216910384580876	0.189669930912242	0.214964496279908	0.179085534220141	0.114775562916879	0.114792363963122	0.234319897341046	0.275621801328589	0.150050553831712	0.321796620530369	0.173424451059419	0.183165040458397	0.215936933366545	0.110202847423044	0.196683980277667
700098605	0.117074395647776	0.185199247419263	0.325192218333813	0.224388622591638	0.197515251237301	0.266502325443743	0.137465296133947	0.274490358725225	0.176813871637858	0.26206282991514	0.210267128098965	0.338455470547342	0.277267198994198	0.217436824619457	0.300837914414515	0.219658588477821	0.258888687627758	0.288626086557071	0.173883312234825	0.128003635906337	0.17710844342657	0.26745730163361	0	0.148778109307038	0.212046062450027	0.208937981224764	0.222036070596328	0.295098624456066	0.271165838820884	0.271074010651034	0.242797259336817	0.253379052410628	0.220155428424824	0.260408811623845	0.193593156880822	0.156778923181413	0.241578525340943	0.290593973471422	0.129332265939184	0.310647628637297	0.135642485589745	0.290773940981049	0.207338301086976	0.20200180505287	0.274242056983625	0.206729355976248	0.167505381758258	0.263413953878874	0.231936264187661	0.322427153839259	0.312037854053245	0.147570290081532	0.124766690342455	0.162766308403953	0.154352862549049	0.258737753125374	0.163300439358366	0.160288477371252	0.289701482302591	0.162342919743428
700111991	0.0895239998954569	0.222198567909023	0.287002790447492	0.280892079522059	0.203381795058117	0.243329408640951	0.122754389165396	0.277438417695609	0.0945612421469849	0.251763656446902	0.150611523113757	0.304907889890069	0.290419047269849	0.192518095525055	0.308115938971539	0.151667248986358	0.271763531211733	0.234127040847633	0.0844845429244247	0.130090843871837	0.141126968510624	0.190050064641182	0.148778109307038	0	0.149933495263547	0.186589645188964	0.217263391230985	0.300029919734564	0.301073242087788	0.27792200491993	0.224894496068563	0.189967580801475	0.193624078342645	0.24352487876247	0.166614443558607	0.107888096992217	0.188715710301763	0.267558602894173	0.0937463927536083	0.349685786736612	0.127654831166965	0.282908088143016	0.178529054555228	0.148603208816953	0.271398906562203	0.22809139878288	0.13940054776828	0.262358058753421	0.203699752956138	0.288194903944668	0.258515874145004	0.103921342062134	0.158397955192974	0.0968970732484344	0.153150049528627	0.250425270847879	0.14947606493162	0.10322581571195	0.268275611178838	0.12228576401468
700108960	0.144893328689105	0.305209664494441	0.261875800927155	0.303199901799346	0.306863429581632	0.260030809140662	0.132671780531012	0.331568469014837	0.160997297498472	0.286729110364722	0.158802802105305	0.270214616071791	0.338803293490254	0.272013754928725	0.349173786951508	0.171223937338865	0.330918933800052	0.254989408904025	0.152383159568761	0.147563290856006	0.119096561553128	0.161755474003763	0.212046062450027	0.149933495263547	0	0.304300845075217	0.312831819506971	0.382677103028038	0.346123156342571	0.338979813758087	0.265034407201387	0.133293261426866	0.197237361298373	0.26297820797337	0.280910684478718	0.160370456734795	0.284922793463429	0.300648917985559	0.190669810098035	0.396734899222335	0.221147682797794	0.275410449792794	0.228771295481013	0.153759857689596	0.317022590418246	0.29324562008772	0.235476432484695	0.311079373078812	0.25418883425216	0.245511142040622	0.238816313227896	0.160692861075538	0.186097051786516	0.129004567071437	0.219142683322105	0.277640523544619	0.165175198790564	0.116576401597623	0.233937289323556	0.122384774366044
700024452	0.20242508179209	0.194210949026131	0.363621332071633	0.254293875567056	0.162975901908878	0.318126746222892	0.232924013606216	0.301976594676984	0.214046611076993	0.316015500854553	0.25247569528099	0.384438241323534	0.323420547707592	0.233679196800171	0.349702165447654	0.250480098170308	0.28511943979899	0.31452863793513	0.203335218559951	0.22536242859695	0.266427733025166	0.299920216783065	0.208937981224764	0.186589645188964	0.304300845075217	0	0.216494799504607	0.239489972232925	0.226522857994439	0.283012276007708	0.28844544716333	0.301910917300683	0.263201245515259	0.289115967896009	0.0727764652079914	0.217710957255571	0.269901908259782	0.332877333058217	0.163237030667275	0.319724890561377	0.17626963049951	0.333930345793071	0.231677048165933	0.270128242513189	0.271786607018469	0.249717617112772	0.187116691957126	0.308776176975639	0.26887947385921	0.37668362285791	0.349795899975135	0.17754439732376	0.194192722915871	0.221275306894621	0.190075888624562	0.319672384356764	0.238448150876886	0.231868753072049	0.34281105205769	0.264184558051283
700032931	0.250683625858694	0.121881227268723	0.250740115565226	0.373064485601644	0.161296146302851	0.177543038521734	0.282019911053023	0.140891219414865	0.212969352119182	0.169930947848537	0.194959100262785	0.283889778572583	0.165813628274622	0.112549079685351	0.212996330735815	0.220439340407566	0.127924089942215	0.191845681412093	0.208757227687155	0.244094393957333	0.273173803005725	0.242038981479033	0.222036070596328	0.217263391230985	0.312831819506971	0.216494799504607	0	0.211155745830891	0.198401562330443	0.140825338202046	0.161678958773554	0.259470958309543	0.191309998096962	0.138076011317938	0.208016197322449	0.196274145755081	0.174460376810602	0.203946356944684	0.199251018891425	0.20592114572295	0.170773408962885	0.187485708517803	0.149297268354348	0.233879721094041	0.15813251265431	0.150741121697858	0.153676329996431	0.153640200473063	0.146717823553616	0.267955967538096	0.278545010206525	0.243790473862755	0.26215337180739	0.216698232502032	0.292015125788094	0.179950152226809	0.225371367764221	0.274754111376002	0.24244060832741	0.270038670080538
700095837	0.317823521923195	0.194843181256883	0.372445415906553	0.394325893237461	0.234868179716417	0.325524005946408	0.346130307568511	0.263581282710568	0.289740764276319	0.303272684998208	0.28867943323931	0.389105446236623	0.280949355638616	0.263642435083737	0.330848348950742	0.30401616912088	0.256959652371874	0.32619179877278	0.308885880924249	0.299540788578109	0.357576983106894	0.32960596669848	0.295098624456066	0.300029919734564	0.382677103028038	0.239489972232925	0.211155745830891	0	0.162848772921479	0.23180244117808	0.298923780800372	0.354137324136615	0.287682087469822	0.265304700626423	0.244007956146558	0.282610594578583	0.294986426523045	0.355026311761576	0.263200962879348	0.289391700055248	0.251736212544126	0.313098314757894	0.258458991295201	0.312079240804149	0.223822554572191	0.268339389353712	0.257652717000585	0.280886398663677	0.304559730096772	0.388144589747856	0.368513529090999	0.29625518652948	0.307910913417131	0.317571454702521	0.353653850812968	0.307934578096815	0.322928105351438	0.339508271119582	0.359650578017426	0.347635112857693
700024548	0.320004056086665	0.17106261517836	0.324757148105391	0.36741928749589	0.214106391676331	0.268764672377921	0.308608811281711	0.190409857380605	0.301943912137749	0.23917531275874	0.267540851405621	0.33202050987741	0.209825971577413	0.19891792384894	0.235531925327907	0.292949272878379	0.169645974046338	0.31795215174208	0.285849054538887	0.2855090217135	0.264632609821849	0.316573104367733	0.271165838820884	0.301073242087788	0.346123156342571	0.226522857994439	0.198401562330443	0.162848772921479	0	0.185063122440011	0.252620364815122	0.326749618364563	0.235852426181171	0.223939753112876	0.229342871711061	0.236465331557752	0.318386629699662	0.285640041567529	0.265814806698598	0.185603963555035	0.213637472425956	0.237155836875367	0.242509094114789	0.30614575931736	0.12361854098005	0.154698541132494	0.216944497200808	0.189291763401892	0.243953274562109	0.324672912285	0.349935157719988	0.291243208809732	0.284147652509949	0.272826330230776	0.34829598473256	0.230013803801229	0.235638163889847	0.332537301449773	0.290808184982084	0.308520050072403
700110161	0.31424760303507	0.190573885289098	0.209310550643514	0.404299953950478	0.203967741017827	0.148129208516258	0.31147306184821	0.0850788580042104	0.254076966851954	0.127116594309378	0.217256867866492	0.259194113793009	0.109645689148454	0.133928221941679	0.140735354757091	0.239267510380643	0.118781163960207	0.195448387717981	0.254546674518545	0.279529177973714	0.2862125574147	0.256066984064091	0.271074010651034	0.27792200491993	0.338979813758087	0.283012276007708	0.140825338202046	0.23180244117808	0.185063122440011	0	0.150601902117519	0.260341849461243	0.198421527423036	0.115572339680038	0.268257713703936	0.231820971984625	0.220868786413606	0.154590222205929	0.256237765180794	0.156569360371659	0.202306844029751	0.14097530458897	0.194953233572196	0.26554823987205	0.120088538253782	0.155615037177172	0.194301779907103	0.121073082958524	0.151605280442749	0.225654879177503	0.280327857889922	0.282165837687599	0.308793566262721	0.246679808441607	0.371282027700232	0.140695993691378	0.227389932215288	0.315854184157186	0.208271748524038	0.286397144077192
700023496	0.276362751110644	0.17835623829549	0.171414033171066	0.407679982035179	0.197180882428945	0.0713795814316318	0.278177251052921	0.137154429640079	0.211290500871593	0.0854406668037587	0.125628406963357	0.179405447048086	0.151925018791566	0.11908234730169	0.181351395284976	0.160421065734322	0.131696668750584	0.100140265749376	0.184282531030646	0.254163415495906	0.201183463573522	0.171488515447292	0.242797259336817	0.224894496068563	0.265034407201387	0.28844544716333	0.161678958773554	0.298923780800372	0.252620364815122	0.150601902117519	0	0.182213153200356	0.105345616425411	0.0789842700976469	0.279895594467837	0.181201764575545	0.158031208935841	0.114173319972178	0.227464095003771	0.219055798857933	0.171452162447952	0.118244315058433	0.1301411705386	0.213615476545308	0.159070864104732	0.140003473110569	0.153014771583646	0.135492731951635	0.0844765513291897	0.178622270393143	0.197210047730786	0.265562041274848	0.2968166154779	0.188830497590466	0.337400238606461	0.0992256782913661	0.179908440980379	0.253834326946479	0.170703373834959	0.229126978859656
700034628	0.22990611503316	0.256613165971324	0.168682667341652	0.386039833226884	0.278884390137436	0.174222189169765	0.20164915122987	0.239692580131342	0.148037295341749	0.196888914049663	0.103775814945454	0.174676579904326	0.24930604297768	0.221624008349869	0.262174160744716	0.123392910112448	0.247761722141707	0.177906860366481	0.147593987512556	0.225887468464062	0.14187704103173	0.0884343720388165	0.253379052410628	0.189967580801475	0.133293261426866	0.301910917300683	0.259470958309543	0.354137324136615	0.326749618364563	0.260341849461243	0.182213153200356	0	0.124393264816961	0.177682648756703	0.286203127546371	0.153085935976227	0.254001304406353	0.215181110677599	0.2090308058589	0.307560609670259	0.215974800924758	0.175874388436594	0.202945179579969	0.132974326092734	0.246443616597454	0.231721694395633	0.200972012547415	0.222656510974227	0.194192968709108	0.147574210145304	0.183083509451681	0.231336684188602	0.261944787751182	0.138872910956117	0.308071622455819	0.183390088172699	0.171324112124422	0.184000240078862	0.151498262553328	0.134533082189113
700023645	0.239889142781617	0.180159178627843	0.167231552171136	0.359649968499211	0.200415400580785	0.124733768763048	0.22711737074617	0.171240367745761	0.18517707385874	0.127704197762829	0.0825417838577305	0.166014236068564	0.183855059074579	0.13975290594774	0.208625748560866	0.0878231483595141	0.173141867949083	0.13418230060683	0.149620768769447	0.204747587258364	0.156842174790708	0.106445840096846	0.220155428424824	0.193624078342645	0.197237361298373	0.263201245515259	0.191309998096962	0.287682087469822	0.235852426181171	0.198421527423036	0.105345616425411	0.124393264816961	0	0.106445694298653	0.258593397147239	0.136438406832825	0.194851143471497	0.173158141683895	0.192449394716502	0.245083459274816	0.146287329986342	0.115842587407961	0.132821756118829	0.180851971828387	0.161634206865629	0.136011512840858	0.139120023836423	0.154520520410115	0.137433351752028	0.162475713022817	0.158449624505565	0.219757305025389	0.247263785969228	0.163315329894563	0.305855262828882	0.121188189473553	0.143953472461036	0.211058024440691	0.138587926080964	0.191412049781015
700038744	0.293599570542325	0.182092198290282	0.153878287315813	0.401817579386267	0.212435912491636	0.0761591405985278	0.286116703508205	0.117674732519177	0.226557863696789	0.089154245998979	0.133115691381085	0.175816802123441	0.130343351931421	0.108650655906535	0.169022678194465	0.15380692704035	0.12298002181037	0.11167366861066	0.208519282723826	0.257138354317304	0.228353499310026	0.164861323516512	0.260408811623845	0.24352487876247	0.26297820797337	0.289115967896009	0.138076011317938	0.265304700626423	0.223939753112876	0.115572339680038	0.0789842700976469	0.177682648756703	0.106445694298653	0	0.271132505005831	0.189255973931436	0.185854911805225	0.136265209408663	0.235589528835736	0.192067746497927	0.179393367899021	0.0837227330388816	0.14292131038904	0.22420607872572	0.133803824282274	0.142903445045681	0.182095384975281	0.112989364169487	0.10938639471546	0.169783204885177	0.192572076538443	0.267868602337608	0.296618597653794	0.207683420658506	0.354609509424466	0.110328379774317	0.191113527942107	0.259911910243852	0.155165468911391	0.247826371403009
700038485	0.186898492377995	0.191386368691933	0.347163595497627	0.242252724335428	0.178789825735922	0.300183636536912	0.21420916794173	0.282593569566633	0.190136320920028	0.295780042502865	0.235374617413513	0.369810919032637	0.305042827764055	0.23279306681912	0.338026236732899	0.247431217164159	0.265168879991065	0.300768283090644	0.191703225532121	0.203066202696087	0.254415801099322	0.287611043424551	0.193593156880822	0.166614443558607	0.280910684478718	0.0727764652079914	0.208016197322449	0.244007956146558	0.229342871711061	0.268257713703936	0.279895594467837	0.286203127546371	0.258593397147239	0.271132505005831	0	0.186944844640863	0.271296384620058	0.329850875366193	0.138445362859399	0.30079827031633	0.173918841623427	0.319376516970105	0.227999633347049	0.236521267927024	0.263645620598192	0.230916394780106	0.186122455671169	0.29572146309885	0.26696803995419	0.363665368321148	0.342379966134235	0.154211783636195	0.17561808097153	0.199064495289742	0.183350221572339	0.30220274968983	0.22163853987858	0.213384632044345	0.329733139620408	0.238162685533927
700024743	0.1494915912546	0.182375444847646	0.247213113700476	0.291923115360044	0.213137307099202	0.199719771975446	0.140721744377471	0.210484930446986	0.123024018262512	0.191100741534143	0.119446857611799	0.261270431583413	0.229947866945991	0.172272901129675	0.249092568116418	0.169015176921582	0.205314154291227	0.215898415617789	0.127136575973699	0.123452133233641	0.137605248251221	0.17987733892397	0.156778923181413	0.107888096992217	0.160370456734795	0.217710957255571	0.196274145755081	0.282610594578583	0.236465331557752	0.231820971984625	0.181201764575545	0.153085935976227	0.136438406832825	0.189255973931436	0.186944844640863	0	0.203018207935711	0.234290499730293	0.116238865938818	0.283960750943445	0.131026674107009	0.219490316763015	0.1655841268669	0.104774159363294	0.209307912976563	0.174286680382843	0.155054967762767	0.203674853375238	0.169942280583051	0.258158717486837	0.242225271755828	0.133422497547987	0.167798858908732	0.0927484804272588	0.210038352587552	0.188753641392833	0.115921359827882	0.130452145789212	0.225682346860682	0.117953730936712
