700108602	700014971	700033565	700109389	700023058	700023927	700106341	700114221	700023543	700023439	700016978	700024192	700113058	700099448	700109870	700033928	700023693	700109627	700095416	700110425	700111580	700111302	700098605	700111991	700108960	700024452	700032931	700095837	700024548	700110161	700023496	700034628	700023645	700038744	700038485	700024743	700099596	700110760	700101587	700106399	700032322	700095653	700021312	700101230	700023590	700038905	700033136	700023382	700096424	700105469	700016908	700096053	700108479	700109569	700033814	700016125	700109756	700102665	700101777	700109455
700108602	0	0.158861818490318	0.164349097709977	0.102004950757588	0.128955142366309	0.172879965586595	0.0909695986879145	0.189404005966547	0.106244251299225	0.161328795390428	0.13494986292821	0.16342551998695	0.16721596195597	0.155043414017062	0.162966574313537	0.104287775772449	0.176605021035438	0.156965626825575	0.0980814373873847	0.105019363204929	0.100693359212092	0.11755358292753	0.113525597955699	0.074791495249847	0.105967692619618	0.115112617598601	0.144373298724827	0.123547144096806	0.1438359042424	0.170905614698029	0.171544065495745	0.131650209287787	0.128236090216433	0.159339555329369	0.124982881271776	0.126473440178439	0.14286081193427	0.172336437042312	0.0956823530898136	0.188210186870117	0.0908944837288161	0.160328223667621	0.134672615937822	0.131003809333971	0.158157443810874	0.132038414455298	0.125275136515928	0.162501401862702	0.151825842144966	0.153701748023922	0.126637660727581	0.0985212289912956	0.0916605975864638	0.111665859631404	0.101073915548422	0.161065568207936	0.115367221394252	0.0855209479386122	0.140585006781906	0.11375678524246
700014971	0.158861818490318	0	0.153352790605654	0.158972072043426	0.131235214541147	0.140705897807006	0.1483612166672	0.132213519590515	0.143196128293677	0.123749691090527	0.121609529465156	0.157546363808124	0.131437663244332	0.12438364055616	0.140444871318336	0.149714512675054	0.136196853725901	0.149636167443752	0.150680359348916	0.136152128145975	0.134369200137298	0.127030467195144	0.126299666743045	0.153704851105991	0.147634999380665	0.147686695526339	0.120830811833454	0.140108528157965	0.128523344954329	0.135438101850468	0.127000877326344	0.145200870378224	0.104182669753296	0.132747268015484	0.13334486231772	0.12033205504656	0.154404084421417	0.150556622974204	0.136988531547334	0.143549047234192	0.136845177084342	0.12755147993741	0.124116374123411	0.137468553366748	0.1326471416337	0.125458497035335	0.108884447441487	0.137987878887547	0.127783464922965	0.126213124042032	0.133270582525012	0.147253213197052	0.139441922676807	0.122826616528674	0.170327447019099	0.118672026285656	0.132735351245208	0.15449253684946	0.124922645522932	0.145170507670514
700033565	0.164349097709977	0.153352790605654	0	0.148314436169307	0.15170697540348	0.0725257059613247	0.143533301421189	0.114408091685242	0.153172935615925	0.095867202772831	0.0982873197500631	0.062465332876637	0.106178036799905	0.128026666288311	0.0867713843827865	0.121724412646113	0.0943149535817738	0.0934252746255482	0.148075972350486	0.150226205777315	0.141103708958921	0.0965591126891632	0.134868974520682	0.149882341504228	0.133082777977437	0.163396639123709	0.13790467092852	0.147472591705295	0.111778779924787	0.0957337280012026	0.0978776609658351	0.108953202451411	0.112620729857121	0.0859893114528376	0.161563551758067	0.107067773606494	0.135203095530292	0.0760924785880112	0.156396475084115	0.125069265792901	0.142886888160991	0.0833131309018141	0.125849347153177	0.133047391759621	0.100366638876509	0.118862128158275	0.141269199516629	0.0915262126455683	0.0990532142665465	0.0888917910284422	0.0744442658958899	0.169194979062956	0.152254778550873	0.118555505008482	0.181011195423593	0.119262390444485	0.129206226481627	0.158896099500898	0.0845481407287823	0.147832670430139
700109389	0.102004950757588	0.158972072043426	0.148314436169307	0	0.143055619740977	0.165577150476336	0.0840471891533069	0.183371822795714	0.133907202491497	0.167849648709425	0.148339513682974	0.142628075432226	0.163756997148846	0.155348741065017	0.139934261643962	0.127904386831616	0.17908486162234	0.176294048031228	0.14204689753362	0.0916677449724095	0.106432585241159	0.132184200279081	0.109473252787636	0.111935842274524	0.101791185600684	0.120123509524726	0.170770562171127	0.141813962725686	0.125082631996473	0.154906035033275	0.171368381003321	0.136826512383246	0.133230546283486	0.158924875060503	0.127802733242046	0.117131834349818	0.173230295352663	0.161264867684652	0.118061834062547	0.171506402453002	0.122177924529212	0.15090766478071	0.152195456419844	0.128179609105956	0.145102640521343	0.138215644469308	0.144476021591318	0.155843141071191	0.155188772005576	0.146609469394863	0.118225636871176	0.0989212987443778	0.0749897954422879	0.136766936307294	0.113227093633343	0.168619321490948	0.112138621786273	0.0991472042974118	0.120160722796547	0.104026973245268
700023058	0.128955142366309	0.131235214541147	0.15170697540348	0.143055619740977	0	0.147374054543765	0.119902331531889	0.162424842883254	0.118679001321957	0.143807007500965	0.137208416602851	0.154583297484066	0.154263756525121	0.127389057497263	0.146601345137487	0.124662298426871	0.156048207520608	0.156866185427183	0.12835942168685	0.126708030703109	0.130742072650914	0.133082251685728	0.121635695969069	0.135490876391024	0.136913453897242	0.10436266149706	0.146948243553596	0.131880429320854	0.122385068132611	0.14086635873559	0.152998820992416	0.148294817304643	0.127719457685732	0.144707312018561	0.125519422798932	0.138013869820415	0.132928598226752	0.144913631108222	0.106731670815158	0.165111129982734	0.127263193011734	0.140178968696692	0.120895258403143	0.137863644972912	0.129589792374352	0.135736762833501	0.106082622882435	0.144640093506791	0.133702399955764	0.14365555300204	0.134786435728204	0.121482644323105	0.124575477339507	0.122654483914365	0.147475243919218	0.14594258558133	0.13255171357877	0.132772471279596	0.136735043762632	0.132615073016313
700023927	0.172879965586595	0.140705897807006	0.0725257059613247	0.165577150476336	0.147374054543765	0	0.153140521888164	0.106732036899583	0.155388480453498	0.0854130669961149	0.107043804700957	0.0922280896848207	0.0966487905145517	0.103757901435269	0.0843166490777896	0.122141728438328	0.0953240709083675	0.0765343139959346	0.150642127260128	0.144531261650645	0.142210705586195	0.115557834674173	0.125617988165905	0.15853830573704	0.134131463261461	0.172404930543997	0.129117009707531	0.155173367761348	0.115852500760068	0.0779939921084913	0.076525041456702	0.126806901560521	0.112213824104977	0.077198167978967	0.16818034897515	0.121890964934272	0.117314703142525	0.0621295935353656	0.160875996384033	0.116375317077744	0.146538567702081	0.0783739756542478	0.118522805766519	0.133245961185736	0.104047057896642	0.121129811550892	0.137215537574686	0.09001990920364	0.07112498254104	0.0952134328819036	0.0985029357341254	0.168406769005859	0.153441714877651	0.113941883289698	0.18637045575886	0.10624385885147	0.131617232988697	0.157584902670499	0.0987368661881123	0.144807387829004
700106341	0.0909695986879145	0.1483612166672	0.143533301421189	0.0840471891533069	0.119902331531889	0.153140521888164	0	0.177588094426409	0.0835041369830896	0.161553863043387	0.124793296006889	0.131683455539495	0.154811037640781	0.143849392837615	0.137102371830651	0.10315763918075	0.169657273130568	0.166387930655405	0.106083452001014	0.0689551125748971	0.0859802988137639	0.102002312937588	0.101374185813467	0.103304530421431	0.0705300080314401	0.120188211443622	0.16836550382634	0.144610583498252	0.133200088998533	0.148728028468685	0.162706888518528	0.088378319005248	0.11451350310887	0.149833309782017	0.131687754466614	0.08824086682437	0.153678207140058	0.15781828260964	0.0831302181389212	0.17748690186708	0.112097556931958	0.139739305967902	0.127533764235375	0.0942046694668628	0.138202039114814	0.134149447575179	0.124900626786408	0.133101858556172	0.142756908317929	0.122270701555365	0.107941997083275	0.0711622625512149	0.0668795076078532	0.113161917263836	0.112609001992404	0.156945666799237	0.0949387417990577	0.0681578973042779	0.112832077963348	0.0659971982127887
700114221	0.189404005966547	0.132213519590515	0.114408091685242	0.183371822795714	0.162424842883254	0.106732036899583	0.177588094426409	0	0.176708194639469	0.0797553254469563	0.133986395898035	0.118854978178501	0.0917705756996544	0.147709920267986	0.0939894969229134	0.1579188043711	0.0773436832649227	0.135957712033354	0.174710264801942	0.169537590539184	0.163368371537166	0.1451522528589	0.161173400945991	0.177931565550796	0.170413900265754	0.18471803758644	0.147876074340076	0.158450644489395	0.12491065119358	0.112035636673646	0.123568410142764	0.149257530161798	0.123520387602934	0.117588641628435	0.184103412444817	0.135067747092072	0.163002435661675	0.0988512508949289	0.17725101519605	0.0926070442406892	0.158692499701039	0.0891358081231121	0.156666925382657	0.148510210887913	0.105503901139702	0.137517936478981	0.139319989727056	0.0905995050383973	0.134588977774693	0.113816652205952	0.135766947885992	0.193457563101663	0.175105817487431	0.150358934371267	0.217784972756308	0.0980477704068968	0.147584279373577	0.193786096121844	0.123839823946613	0.168456597782864
700023543	0.106244251299225	0.143196128293677	0.153172935615925	0.133907202491497	0.118679001321957	0.155388480453498	0.0835041369830896	0.176708194639469	0	0.14608714755317	0.124135077651082	0.142576986301598	0.154946991432727	0.150582972795941	0.151701852485982	0.0904606314156956	0.16393419951495	0.155189036835218	0.0927629396288823	0.109905901932135	0.105348193592935	0.102373235557858	0.110474858513528	0.11238563830619	0.106186726357327	0.115229017703789	0.15029233887875	0.13128993734262	0.156412403631849	0.150687343437085	0.154198369268101	0.0942299012188829	0.119223475603694	0.145438635289607	0.117206971274469	0.117679550448814	0.133983352212029	0.163885870066273	0.0870358127817053	0.17961356600349	0.11268290199732	0.144449824870169	0.129419815858003	0.0967164053463887	0.150944615854885	0.135777793982291	0.113474667584903	0.137770992661051	0.154625390497189	0.126770729150966	0.125984110533221	0.0821045950828317	0.102628486589332	0.125374014141847	0.121665711214909	0.144728646828646	0.12554408730026	0.0960872162604241	0.137479518986457	0.0871711002431646
700023439	0.161328795390428	0.123749691090527	0.095867202772831	0.167849648709425	0.143807007500965	0.0854130669961149	0.161553863043387	0.0797553254469563	0.14608714755317	0	0.105466685431649	0.109079070956803	0.0854686594936176	0.122866613824256	0.0918975451660867	0.126245137101223	0.0742347430264084	0.101915252892122	0.145001743254717	0.149943175123547	0.135964137993876	0.119641307108956	0.135853272058985	0.143941175187601	0.148597489793846	0.161833073039237	0.125941607420799	0.132304238467639	0.105434726374161	0.0931126524793808	0.100736987820524	0.133094512828252	0.101440950972352	0.0920284006448311	0.156128485078496	0.114015690545264	0.129084449996916	0.0817641343350117	0.157088263969821	0.0927269461649304	0.135906505493596	0.0744038909054142	0.121263262892822	0.132202658773438	0.100031838227739	0.108800583842442	0.125704123857918	0.0903450781973977	0.105827440597089	0.10729298329914	0.112870407950146	0.16511160260902	0.153161661032258	0.120014530379264	0.182537463003986	0.0910508052883309	0.12882736097864	0.162874258409245	0.108970324649838	0.147328066049754
700016978	0.13494986292821	0.121609529465156	0.0982873197500631	0.148339513682974	0.137208416602851	0.107043804700957	0.124793296006889	0.133986395898035	0.124135077651082	0.105466685431649	0	0.102618939555755	0.106025215343212	0.126761844483951	0.123823230182362	0.103556989557695	0.120375219864489	0.106672839637685	0.121725795491865	0.127572023338029	0.110946499151516	0.0799760074166505	0.126069968988705	0.128395553968264	0.109159422129195	0.150597075413581	0.135054296481736	0.124930199737952	0.129205345647659	0.11508848277568	0.10292693349516	0.102808334366952	0.0828872172280867	0.0948007512266544	0.152009826825909	0.103623308611321	0.118359017193063	0.123926653946183	0.12338495630878	0.140115538267485	0.104374515473966	0.0955828938110888	0.0987546348812831	0.116481299591786	0.117381706957196	0.113409716902605	0.118615416179656	0.110184875616548	0.11198647579909	0.0988378068706363	0.0877166594198133	0.145641789218737	0.129021557970018	0.0980061380251449	0.157402566764934	0.109588018969264	0.107501315987832	0.13373171846117	0.100337447281094	0.128490987898408
700024192	0.16342551998695	0.157546363808124	0.062465332876637	0.142628075432226	0.154583297484066	0.0922280896848207	0.131683455539495	0.118854978178501	0.142576986301598	0.109079070956803	0.102618939555755	0	0.0917310485117381	0.148106651428011	0.0819438736972344	0.112664313352463	0.112772049559457	0.115418501207993	0.138582307797592	0.139981639606791	0.129386648541726	0.0922766079820811	0.136549085343921	0.156455065493088	0.124095869292244	0.170109124160654	0.149793844482685	0.145917175606078	0.114401568170736	0.11567476043976	0.107820054052051	0.0920664630975668	0.103177880114637	0.0971285837764619	0.168365968064718	0.102091004304066	0.142993005121393	0.0988086208611534	0.15408731943084	0.11148361207017	0.133401452584129	0.0732199953905934	0.135884590928709	0.117520901636749	0.090231745348744	0.126653111978279	0.145836186304657	0.0754727899352781	0.12475193584289	0.0728535884799994	0.0744750024079165	0.164027989471752	0.145646856901284	0.134939837308902	0.190355088513637	0.109603700044531	0.120804444620444	0.155268731403388	0.0804700050081334	0.135059912064318
700113058	0.16721596195597	0.131437663244332	0.106178036799905	0.163756997148846	0.154263756525121	0.0966487905145517	0.154811037640781	0.0917705756996544	0.154946991432727	0.0854686594936176	0.106025215343212	0.0917310485117381	0	0.133695524567234	0.083807489939282	0.130490317006086	0.104705317048665	0.122147637086601	0.153643168107977	0.148994345323974	0.141232858345429	0.114704963195027	0.143110374259853	0.153502706831891	0.146136413603783	0.168882987587888	0.138731616148371	0.127793843705446	0.103623978657416	0.0965484320108312	0.104033226066821	0.120749943226167	0.103687388094427	0.0850243179608008	0.167650805867289	0.122527862327739	0.141056773392489	0.0998782495949282	0.154553222626492	0.0904917284651178	0.130340854867991	0.0704100473181347	0.151833045210913	0.124252947658629	0.0891461588737374	0.112259695981181	0.143195948442993	0.0794044039947967	0.112956927922207	0.0904838354897138	0.108227449236101	0.169354170344717	0.155584159327897	0.145963259410837	0.194254080604114	0.0786090812210757	0.133444060525301	0.16735342424103	0.0991130584778202	0.140220771686161
700099448	0.155043414017062	0.12438364055616	0.128026666288311	0.155348741065017	0.127389057497263	0.103757901435269	0.143849392837615	0.147709920267986	0.150582972795941	0.122866613824256	0.126761844483951	0.148106651428011	0.133695524567234	0	0.12599830648087	0.136365986127601	0.134999175378914	0.126149962919999	0.140787825360943	0.138764425859544	0.137453743023608	0.132245713174319	0.109393684857474	0.142136740210844	0.144975732917771	0.137924431840091	0.128053955898506	0.145827935607443	0.116315508196382	0.101580129212868	0.116387924073861	0.150990195578463	0.125183032582499	0.115353360321829	0.141919193863123	0.124598770172132	0.128197265283182	0.114489228887286	0.148671793269541	0.1581047537283	0.151170830165928	0.127649009543626	0.11838977176374	0.150094263304432	0.12220259947737	0.123124768387741	0.112122152492255	0.136332243167312	0.0851307764884753	0.138526701593424	0.116844911933237	0.138373896006763	0.145135885617055	0.123550013279835	0.155172837791138	0.133094714386399	0.125579673826775	0.138926705079012	0.113032936716571	0.141554510460694
700109870	0.162966574313537	0.140444871318336	0.0867713843827865	0.139934261643962	0.146601345137487	0.0843166490777896	0.137102371830651	0.0939894969229134	0.151701852485982	0.0918975451660867	0.123823230182362	0.0819438736972344	0.083807489939282	0.12599830648087	0	0.131136169035095	0.0981574903488903	0.128939435118471	0.154109158637791	0.134977677995987	0.131122420538158	0.117487865437137	0.121292100731519	0.161122667130615	0.135303998450355	0.165658908229528	0.142643009306184	0.14114842192441	0.0981274252494391	0.0827994512953301	0.11769284352927	0.115824249096742	0.115354213032439	0.108383334309802	0.166878712019944	0.119261842586783	0.150940839217992	0.0718413658009846	0.155801653283914	0.0951385403030111	0.145866850759782	0.0642080094307796	0.150339047924003	0.12574096291964	0.0899215778728809	0.114927937454781	0.134546341166117	0.0738575992213144	0.110006792163674	0.0916536872213747	0.101666025520322	0.160764660022045	0.139498369637566	0.137528624936519	0.186166779518755	0.0946531465827847	0.113806103250785	0.157854616894839	0.0844021625503658	0.132790338968919
700033928	0.104287775772449	0.149714512675054	0.121724412646113	0.127904386831616	0.124662298426871	0.122141728438328	0.10315763918075	0.1579188043711	0.0904606314156956	0.126245137101223	0.103556989557695	0.112664313352463	0.130490317006086	0.136365986127601	0.131136169035095	0	0.144184614005897	0.124726987060076	0.0916578610742901	0.110909103461722	0.0942179295434483	0.0823479608664221	0.112595521751574	0.0909060621639541	0.099358095157876	0.129106740481827	0.134771143744507	0.110602683666178	0.132820208703423	0.132788663351987	0.12701127722629	0.112110125789128	0.0917253487192838	0.120287576103895	0.131034968760685	0.117419568876111	0.11764777762457	0.142392489154138	0.103281126727965	0.160317177840782	0.0900353957739856	0.110965354061877	0.120909763729282	0.114146086407083	0.122265385402222	0.118474715631896	0.116960215968252	0.118837692374327	0.125216939098659	0.106076922729229	0.0885087685239938	0.113572442768816	0.100907425696249	0.116338292697131	0.132646374187857	0.12680881471079	0.109278624215576	0.0995236923140536	0.112327554212185	0.10298479372182
700023693	0.176605021035438	0.136196853725901	0.0943149535817738	0.17908486162234	0.156048207520608	0.0953240709083675	0.169657273130568	0.0773436832649227	0.16393419951495	0.0742347430264084	0.120375219864489	0.112772049559457	0.104705317048665	0.134999175378914	0.0981574903488903	0.144184614005897	0	0.10754758640945	0.169479372682103	0.163638194057699	0.151032885597677	0.124496490204567	0.153447378057577	0.165669723048491	0.164318168172709	0.183709670420887	0.138548985466788	0.156080486862918	0.118184449485865	0.110856307678897	0.10324562748571	0.137286939155526	0.11967620451152	0.115287967066997	0.179740498268677	0.118548869829763	0.14749300106669	0.0954489600014766	0.173170913314333	0.0985125432734872	0.153669021404479	0.0937000595436567	0.128248984523238	0.142023736975196	0.10851537117603	0.12600808484219	0.140599934361554	0.0978476043980285	0.113044158743412	0.113906017669106	0.11956230999086	0.187962264668472	0.171889417254893	0.134000894835819	0.203495578129756	0.105851450449468	0.139583984078143	0.185547936604856	0.114229622917953	0.163011227520035
700109627	0.156965626825575	0.149636167443752	0.0934252746255482	0.176294048031228	0.156866185427183	0.0765343139959346	0.166387930655405	0.135957712033354	0.155189036835218	0.101915252892122	0.106672839637685	0.115418501207993	0.122147637086601	0.126149962919999	0.128939435118471	0.124726987060076	0.10754758640945	0	0.148561411581325	0.162965482041108	0.151341857066696	0.113834158413211	0.147656423623524	0.146278261469449	0.150379012712671	0.174087330178204	0.12782031429042	0.148433316132694	0.145624525184215	0.111766527877838	0.0891317533755051	0.133786188064044	0.114570605634267	0.0931979798280872	0.167298498517462	0.135316233920038	0.11043589628526	0.0945354974079522	0.158838328724573	0.135831355227616	0.141554680111747	0.112606696502702	0.103924089835896	0.134742592779465	0.133469492781758	0.136273551610229	0.144186856352805	0.119545898421699	0.0897315474108502	0.119535593261192	0.108429705448129	0.178414427048832	0.166069098006849	0.120102191228868	0.179072694913658	0.121358961572414	0.14981332828499	0.169371636988698	0.12215400925172	0.163341941365794
700095416	0.0980814373873847	0.150680359348916	0.148075972350486	0.14204689753362	0.12835942168685	0.150642127260128	0.106083452001014	0.174710264801942	0.0927629396288823	0.145001743254717	0.121725795491865	0.138582307797592	0.153643168107977	0.140787825360943	0.154109158637791	0.0916578610742901	0.169479372682103	0.148561411581325	0	0.119249351821653	0.101569371229735	0.107028098900126	0.116050733438002	0.100279571444289	0.105633325592293	0.119895630843846	0.145275710951933	0.132977469319054	0.145080238548944	0.152473452825384	0.148111324801931	0.120772880117354	0.112388611875088	0.142650675028547	0.128249378784811	0.127411615567198	0.116509459100986	0.156911046112766	0.103596336414965	0.179641716447542	0.102030867844644	0.13692666947662	0.113108577779529	0.124687498205969	0.142428614605055	0.122031102323403	0.122210451473952	0.143731194868334	0.138195575985627	0.127089728161368	0.112139795571201	0.112630903627539	0.11588549497948	0.117061338421328	0.128219374958499	0.145239611845958	0.120368543233214	0.097800222810707	0.134122212440597	0.11768115686164
700110425	0.105019363204929	0.136152128145975	0.150226205777315	0.0916677449724095	0.126708030703109	0.144531261650645	0.0689551125748971	0.169537590539184	0.109905901932135	0.149943175123547	0.127572023338029	0.139981639606791	0.148994345323974	0.138764425859544	0.134977677995987	0.110909103461722	0.163638194057699	0.162965482041108	0.119249351821653	0	0.0836325928613806	0.109196933028407	0.0954014617530863	0.113609149137276	0.069276631466278	0.123555381302463	0.147245096965752	0.130402461695914	0.129336482236785	0.128582210097682	0.155895442005451	0.113246796662498	0.106736058944592	0.142764634048706	0.134596700236091	0.0866241789046175	0.148709591037384	0.156242513883592	0.10214244901413	0.169068258624914	0.121301785286934	0.126756321477537	0.126554105865335	0.0847674323162209	0.126252956451301	0.129597324304848	0.120895363580251	0.130044791932677	0.130531377117701	0.130757925052423	0.111410132181135	0.0791193591866162	0.0568587277706358	0.118945756968641	0.125888556188882	0.153124603813401	0.0799849580412638	0.0808880738461244	0.109857327471181	0.0804144018899091
700111580	0.100693359212092	0.134369200137298	0.141103708958921	0.106432585241159	0.130742072650914	0.142210705586195	0.0859802988137639	0.163368371537166	0.105348193592935	0.135964137993876	0.110946499151516	0.129386648541726	0.141232858345429	0.137453743023608	0.131122420538158	0.0942179295434483	0.151032885597677	0.151341857066696	0.101569371229735	0.0836325928613806	0	0.0881061398979891	0.091474894634004	0.0964398790812092	0.0633443142187911	0.138748223889593	0.150883144712226	0.142965280076173	0.123352168449816	0.141140248532532	0.146310695379294	0.105117416989638	0.0981741120807874	0.138583948835926	0.143101636510768	0.0946385160513379	0.148473765221603	0.145644657737215	0.110015090936596	0.157605310758244	0.105790940858118	0.118060208509441	0.120901625393983	0.106834307470516	0.117836402573201	0.110893221161717	0.114446981840863	0.120821451859572	0.123247168414677	0.115359016856528	0.105155812214826	0.0937601003052816	0.0864874579048328	0.100040934082707	0.123058416062526	0.137220125819746	0.0698436523584325	0.0780058598155212	0.100253482116534	0.0823987967209678
700111302	0.11755358292753	0.127030467195144	0.0965591126891632	0.132184200279081	0.133082251685728	0.115557834674173	0.102002312937588	0.1451522528589	0.102373235557858	0.119641307108956	0.0799760074166505	0.0922766079820811	0.114704963195027	0.132245713174319	0.117487865437137	0.0823479608664221	0.124496490204567	0.113834158413211	0.107028098900126	0.109196933028407	0.0881061398979891	0	0.118986057081069	0.10819548179577	0.0858410646821414	0.146711777900151	0.136830613361735	0.137236245905328	0.123070439599907	0.124864208955401	0.117157716757094	0.0816728991535434	0.0766602222817951	0.107349898639642	0.143217027342225	0.0912944347952897	0.127508334805165	0.13426535163951	0.111583618183981	0.143260712935462	0.107102214743827	0.0945427938049323	0.10652554477971	0.100915764278332	0.107222696186915	0.126060905320967	0.115069505408741	0.102423636723084	0.113634534608832	0.0860270995262295	0.0794458097907892	0.124650637426442	0.112433777626903	0.0981056292628675	0.148306589815929	0.111958203481193	0.0963047022035037	0.109964517618283	0.0906820548927709	0.109666230845345
700098605	0.113525597955699	0.126299666743045	0.134868974520682	0.109473252787636	0.121635695969069	0.125617988165905	0.101374185813467	0.161173400945991	0.110474858513528	0.135853272058985	0.126069968988705	0.136549085343921	0.143110374259853	0.109393684857474	0.121292100731519	0.112595521751574	0.153447378057577	0.147656423623524	0.116050733438002	0.0954014617530863	0.091474894634004	0.118986057081069	0	0.105353262464106	0.106735506163228	0.124089095253659	0.131465821267123	0.130288180203462	0.121027565297983	0.122140038021163	0.140727601044915	0.116205107808207	0.119527910577199	0.133828012488665	0.122542836845685	0.107985141650975	0.128369083016653	0.131984791158364	0.110265365846868	0.158874244679149	0.125352120523204	0.131941045022987	0.128179356832545	0.113140471492954	0.132948166004521	0.113544149890597	0.114507261013645	0.135812352284244	0.121149334454004	0.12415946543708	0.110455260530083	0.105163023850401	0.0951058983028179	0.113186225355181	0.114020114043036	0.138001144587323	0.115017356227165	0.0965028153968239	0.10834948708898	0.0783036375724245
700111991	0.074791495249847	0.153704851105991	0.149882341504228	0.111935842274524	0.135490876391024	0.15853830573704	0.103304530421431	0.177931565550796	0.11238563830619	0.143941175187601	0.128395553968264	0.156455065493088	0.153502706831891	0.142136740210844	0.161122667130615	0.0909060621639541	0.165669723048491	0.146278261469449	0.100279571444289	0.113609149137276	0.0964398790812092	0.10819548179577	0.105353262464106	0	0.102015644899096	0.11516127407469	0.137996341763089	0.119528965423601	0.141467155786532	0.158793081761679	0.152320237296549	0.134042551807698	0.120946525315932	0.148184038807651	0.116159351612111	0.113440067943249	0.1334900870811	0.158568720345454	0.108977701077198	0.179445641696786	0.10862803167355	0.147584689991759	0.1283006246122	0.126647869054852	0.152449974876474	0.121201921689984	0.126471532302287	0.156241214309254	0.141752946149907	0.143692317812721	0.113944832823295	0.111084580013156	0.0993088644468215	0.117977261130989	0.0964768877171004	0.153448283246932	0.127148739318525	0.0890560451096626	0.132663526927068	0.103796735443539
700108960	0.105967692619618	0.147634999380665	0.133082777977437	0.101791185600684	0.136913453897242	0.134131463261461	0.0705300080314401	0.170413900265754	0.106186726357327	0.148597489793846	0.109159422129195	0.124095869292244	0.146136413603783	0.144975732917771	0.135303998450355	0.099358095157876	0.164318168172709	0.150379012712671	0.105633325592293	0.069276631466278	0.0633443142187911	0.0858410646821414	0.106735506163228	0.102015644899096	0	0.143529848910624	0.168505322675224	0.144476427470751	0.133098616647298	0.134298115121387	0.151101499879174	0.0956506046576787	0.103375243825237	0.135880269220579	0.146922807875432	0.0945246941228158	0.147241902553504	0.149868643748211	0.103290481228146	0.166372813361724	0.114774227522806	0.113890328193652	0.123091672599758	0.0966075296701506	0.125209851291521	0.135376610380557	0.132783011881859	0.124632011895656	0.125825041944792	0.111643143713216	0.0952027547450984	0.0904059500565842	0.0728303795019575	0.104035291770896	0.122846029424744	0.148961040219494	0.0736752594092834	0.0755801658769801	0.102942714646997	0.0858183487543512
700024452	0.115112617598601	0.147686695526339	0.163396639123709	0.120123509524726	0.10436266149706	0.172404930543997	0.120188211443622	0.18471803758644	0.115229017703789	0.161833073039237	0.150597075413581	0.170109124160654	0.168882987587888	0.137924431840091	0.165658908229528	0.129106740481827	0.183709670420887	0.174087330178204	0.119895630843846	0.123555381302463	0.138748223889593	0.146711777900151	0.124089095253659	0.11516127407469	0.143529848910624	0	0.146536650809164	0.126483399474766	0.119328846272326	0.158351844785142	0.175973720685154	0.156369185554356	0.142453227704486	0.161843118690407	0.0667387956688196	0.130658485726457	0.150324303176365	0.16971324320649	0.110425129387554	0.181782314658974	0.127908596356425	0.161623788341863	0.139055870182437	0.140603309879223	0.156442431227785	0.118526178572953	0.114300579637142	0.170991170411843	0.154356248442646	0.157907268599751	0.139266689171994	0.0953591844087746	0.110047546824697	0.147645275183675	0.104248689833798	0.170666704596368	0.13669861091225	0.119657229452583	0.140123020104254	0.139069410673276
700032931	0.144373298724827	0.120830811833454	0.13790467092852	0.170770562171127	0.146948243553596	0.129117009707531	0.16836550382634	0.147876074340076	0.15029233887875	0.125941607420799	0.135054296481736	0.149793844482685	0.138731616148371	0.128053955898506	0.142643009306184	0.134771143744507	0.138548985466788	0.12782031429042	0.145275710951933	0.147245096965752	0.150883144712226	0.136830613361735	0.131465821267123	0.137996341763089	0.168505322675224	0.146536650809164	0	0.12674651327632	0.13591892933291	0.132840659552502	0.12945360322758	0.151718042518887	0.12526713355909	0.128067914862237	0.149119260830434	0.133758424196857	0.13750208051921	0.128867619102268	0.150904761469087	0.150627154753616	0.14371613645779	0.131195614441287	0.134016825466236	0.139988215103129	0.129501844452712	0.128943802830777	0.114110662686402	0.139182375118125	0.121476008186385	0.134816159146965	0.132545875276884	0.163333336664218	0.151318790260208	0.122779423041701	0.160580402566206	0.11909471687027	0.148831217619967	0.166733422188025	0.128160120700889	0.157199860889444
700095837	0.123547144096806	0.140108528157965	0.147472591705295	0.141813962725686	0.131880429320854	0.155173367761348	0.144610583498252	0.158450644489395	0.13128993734262	0.132304238467639	0.124930199737952	0.145917175606078	0.127793843705446	0.145827935607443	0.14114842192441	0.110602683666178	0.156080486862918	0.148433316132694	0.132977469319054	0.130402461695914	0.142965280076173	0.137236245905328	0.130288180203462	0.119528965423601	0.144476427470751	0.126483399474766	0.12674651327632	0	0.107662467045168	0.124623767643994	0.146330709247132	0.149512822382163	0.108941593570866	0.118413539388287	0.123952085084337	0.135383723766679	0.137691871794577	0.15278997463175	0.122182953797249	0.150634697250706	0.120754034754838	0.131412067325571	0.142343704393461	0.12684865402339	0.117145790787839	0.116960581004481	0.130755971767572	0.140081896733939	0.141051262995074	0.142674874169178	0.119943895494867	0.143387861378556	0.129791444577384	0.146183433946615	0.140897404888753	0.128649268468541	0.140804149389241	0.141147001579215	0.129656714334701	0.141920976607829
700024548	0.1438359042424	0.128523344954329	0.111778779924787	0.125082631996473	0.122385068132611	0.115852500760068	0.133200088998533	0.12491065119358	0.156412403631849	0.105434726374161	0.129205345647659	0.114401568170736	0.103623978657416	0.116315508196382	0.0981274252494391	0.132820208703423	0.118184449485865	0.145624525184215	0.145080238548944	0.129336482236785	0.123352168449816	0.123070439599907	0.121027565297983	0.141467155786532	0.133098616647298	0.119328846272326	0.13591892933291	0.107662467045168	0	0.102159700763881	0.127798341988195	0.140174311369931	0.105100592862842	0.111278917717447	0.12399249268665	0.103061447567542	0.148531143728064	0.107555958578927	0.133437530493253	0.114415226158325	0.129528883725064	0.100164767050134	0.134831696821471	0.138624997427205	0.0754245165653264	0.0864548475003173	0.119529670601089	0.106477535947565	0.116060084706762	0.117871157530262	0.103750082555697	0.137458425410808	0.127907424389687	0.125344318661431	0.151678006397084	0.117577842891388	0.116693786244697	0.144707092701275	0.100628119945765	0.143452251158262
700110161	0.170905614698029	0.135438101850468	0.0957337280012026	0.154906035033275	0.14086635873559	0.0779939921084913	0.148728028468685	0.112035636673646	0.150687343437085	0.0931126524793808	0.11508848277568	0.11567476043976	0.0965484320108312	0.101580129212868	0.0827994512953301	0.132788663351987	0.110856307678897	0.111766527877838	0.152473452825384	0.128582210097682	0.141140248532532	0.124864208955401	0.122140038021163	0.158793081761679	0.134298115121387	0.158351844785142	0.132840659552502	0.124623767643994	0.102159700763881	0	0.109224207695845	0.129981759640549	0.11403537318118	0.0822744878028414	0.162928808410788	0.125105748918095	0.130811910793157	0.0877285846504149	0.1561131495398	0.122681513885984	0.151414335812952	0.0833092748202042	0.13134620860952	0.128078120814279	0.0992407324836965	0.123277632067898	0.139889750593916	0.0960851451287881	0.0839181055240935	0.109983147557401	0.110819066732432	0.155899948184255	0.146152742663883	0.128747390904987	0.182703170096244	0.112978055840541	0.117914641589495	0.154474303060762	0.100141178726732	0.141315484447356
700023496	0.171544065495745	0.127000877326344	0.0978776609658351	0.171368381003321	0.152998820992416	0.076525041456702	0.162706888518528	0.123568410142764	0.154198369268101	0.100736987820524	0.10292693349516	0.107820054052051	0.104033226066821	0.116387924073861	0.11769284352927	0.12701127722629	0.10324562748571	0.0891317533755051	0.148111324801931	0.155895442005451	0.146310695379294	0.117157716757094	0.140727601044915	0.152320237296549	0.151101499879174	0.175973720685154	0.12945360322758	0.146330709247132	0.127798341988195	0.109224207695845	0	0.134013636829636	0.108479719868939	0.0786350583179312	0.171097956027487	0.120993586352746	0.13200653677232	0.100844646043238	0.163250616190115	0.131006154382175	0.141749680008436	0.100226565396625	0.117136833631052	0.137974933048994	0.103970342558088	0.122315430584242	0.137069804268873	0.112156034443274	0.0865483662449846	0.107044687737931	0.109316546606733	0.180835706615815	0.166205787236712	0.117120282814814	0.192355243102644	0.101193589839635	0.139927346668156	0.169773044059871	0.119639213623078	0.161464562685196
700034628	0.131650209287787	0.145200870378224	0.108953202451411	0.136826512383246	0.148294817304643	0.126806901560521	0.088378319005248	0.149257530161798	0.0942299012188829	0.133094512828252	0.102808334366952	0.0920664630975668	0.120749943226167	0.150990195578463	0.115824249096742	0.112110125789128	0.137286939155526	0.133786188064044	0.120772880117354	0.113246796662498	0.105117416989638	0.0816728991535434	0.116205107808207	0.134042551807698	0.0956506046576787	0.156369185554356	0.151718042518887	0.149512822382163	0.140174311369931	0.129981759640549	0.134013636829636	0	0.105969630557289	0.120468812607473	0.160686556610791	0.0900170890178133	0.143167403053931	0.125794938210612	0.126948969603237	0.148054178450451	0.122728103032195	0.108933431109876	0.136497997340722	0.0776386171074551	0.117703879818009	0.142017108997076	0.135354527909215	0.105589706093393	0.137002273077319	0.0856989966858985	0.100146149418713	0.129406864169726	0.116061031482311	0.124139739465601	0.160716067002106	0.123962720231078	0.114255103425864	0.113457153016298	0.0920630432558161	0.0858654430043211
700023645	0.128236090216433	0.104182669753296	0.112620729857121	0.133230546283486	0.127719457685732	0.112213824104977	0.11451350310887	0.123520387602934	0.119223475603694	0.101440950972352	0.0828872172280867	0.103177880114637	0.103687388094427	0.125183032582499	0.115354213032439	0.0917253487192838	0.11967620451152	0.114570605634267	0.112388611875088	0.106736058944592	0.0981741120807874	0.0766602222817951	0.119527910577199	0.120946525315932	0.103375243825237	0.142453227704486	0.12526713355909	0.108941593570866	0.105100592862842	0.11403537318118	0.108479719868939	0.105969630557289	0	0.0919669341507409	0.129290673093693	0.0895950993783687	0.130263452106979	0.121842243629529	0.113793041035808	0.122677586211911	0.105450123570557	0.0850808703094044	0.102029253957604	0.10098964987293	0.0904822706903585	0.10739685350306	0.112474889189706	0.0879080895652666	0.110455492237371	0.0871121749371423	0.0816522437384664	0.130865818392963	0.112711812025944	0.111494207843808	0.15519251391113	0.0860501032908237	0.0943516506725654	0.117586292748741	0.0909291138558433	0.117486247202815
700038744	0.159339555329369	0.132747268015484	0.0859893114528376	0.158924875060503	0.144707312018561	0.077198167978967	0.149833309782017	0.117588641628435	0.145438635289607	0.0920284006448311	0.0948007512266544	0.0971285837764619	0.0850243179608008	0.115353360321829	0.108383334309802	0.120287576103895	0.115287967066997	0.0931979798280872	0.142650675028547	0.142764634048706	0.138583948835926	0.107349898639642	0.133828012488665	0.148184038807651	0.135880269220579	0.161843118690407	0.128067914862237	0.118413539388287	0.111278917717447	0.0822744878028414	0.0786350583179312	0.120468812607473	0.0919669341507409	0	0.156455614150942	0.113859383533265	0.121701908842282	0.0892076137765199	0.145453831368993	0.112304681191546	0.131443121742741	0.0868062964123744	0.12214566323066	0.121828137189687	0.0946277613763724	0.109549973763229	0.141496043366447	0.0896464397163063	0.0865843359209365	0.0992156553840999	0.0970615873457	0.166619545095222	0.155158596369356	0.11793191933795	0.178283696561608	0.0940421527773128	0.128879633668201	0.156223006412433	0.10011839094026	0.150464837563785
700038485	0.124982881271776	0.13334486231772	0.161563551758067	0.127802733242046	0.125519422798932	0.16818034897515	0.131687754466614	0.184103412444817	0.117206971274469	0.156128485078496	0.152009826825909	0.168365968064718	0.167650805867289	0.141919193863123	0.166878712019944	0.131034968760685	0.179740498268677	0.167298498517462	0.128249378784811	0.134596700236091	0.143101636510768	0.143217027342225	0.122542836845685	0.116159351612111	0.146922807875432	0.0667387956688196	0.149119260830434	0.123952085084337	0.12399249268665	0.162928808410788	0.171097956027487	0.160686556610791	0.129290673093693	0.156455614150942	0	0.136296146139206	0.146949188236975	0.16979468360706	0.105052051536028	0.177206664932061	0.135546837428788	0.163103691925737	0.143178298950524	0.149350079484321	0.157283445787674	0.119972867629521	0.120322833302741	0.16750185897465	0.153950595318611	0.155373024016607	0.134625640825159	0.113036149805219	0.11974683068938	0.145314121622866	0.102479127823832	0.160948541078935	0.152624891088439	0.132594369744004	0.147575626523402	0.140492249554907
700024743	0.126473440178439	0.12033205504656	0.107067773606494	0.117131834349818	0.138013869820415	0.121890964934272	0.08824086682437	0.135067747092072	0.117679550448814	0.114015690545264	0.103623308611321	0.102091004304066	0.122527862327739	0.124598770172132	0.119261842586783	0.117419568876111	0.118548869829763	0.135316233920038	0.127411615567198	0.0866241789046175	0.0946385160513379	0.0912944347952897	0.107985141650975	0.113440067943249	0.0945246941228158	0.130658485726457	0.133758424196857	0.135383723766679	0.103061447567542	0.125105748918095	0.120993586352746	0.0900170890178133	0.0895950993783687	0.113859383533265	0.136296146139206	0	0.142468524861657	0.125660502892699	0.116638987288681	0.137890331586633	0.124686372179145	0.104984976927103	0.106476703114043	0.0791358448350052	0.101032856088816	0.109472738563798	0.121539076545525	0.099733599437676	0.117543691704337	0.103286737995288	0.0910605815856084	0.114941632387351	0.099358920206831	0.107646636777826	0.139416955337706	0.122120302330808	0.0924500881800613	0.100307024268218	0.0882548920777751	0.0967893714201197
