700108602	700014971	700033565	700109389	700023058	700023927	700106341	700114221	700023543	700023439	700016978	700024192	700113058	700099448	700109870	700033928	700023693	700109627	700095416	700110425	700111580	700111302	700098605	700111991	700108960	700024452	700032931	700095837	700024548	700110161	700023496	700034628	700023645	700038744	700038485	700024743	700099596	700110760	700101587	700106399	700032322	700095653	700021312	700101230	700023590	700038905	700033136	700023382	700096424	700105469	700016908	700096053	700108479	700109569	700033814	700016125	700109756	700102665	700101777	700109455
700108602	0	0.223043906037014	0.316460864190765	0.244664981378182	0.206898828803459	0.276620832657996	0.106518097669627	0.297728768151672	0.135722790019929	0.271057731027016	0.203094902928094	0.337971972486423	0.298970222776777	0.204594295038517	0.31546909587905	0.19268475689013	0.29182799900455	0.27099340027658	0.133496163781901	0.105559260627498	0.151845696960244	0.22395126976192	0.134790493558057	0.0552056682128048	0.156481020480797	0.176442071446402	0.237897552741344	0.321314417521935	0.293340374413729	0.287509221548937	0.254058932956489	0.242371160127344	0.206510426723783	0.276814055544342	0.171792076733471	0.136266934422661	0.224863193930187	0.3063310973344	0.107473266143572	0.370379563537821	0.135068419799686	0.31047145348414	0.178865363316233	0.169567786882136	0.274972724297895	0.207048953060234	0.164267828526515	0.287430935816008	0.22270448244404	0.301962243396343	0.263483858219112	0.0733235998168399	0.128212040167608	0.122940736847889	0.135708257670944	0.289397699198957	0.151519446959348	0.0956062926052397	0.29463098879721	0.154109349603409
700014971	0.223043906037014	0	0.267634724814593	0.352418654531882	0.145723953853646	0.209511601142881	0.249402124510641	0.150938976801504	0.198466817445435	0.163172346066738	0.164603097178187	0.290725849134061	0.168728123031327	0.122863775995355	0.228212793837599	0.226011621851184	0.144496592292607	0.217954056882023	0.224880689087102	0.22126953397556	0.233875894120003	0.226871121174626	0.202163945731411	0.214325952453577	0.29570409463788	0.186928014435695	0.091774839643533	0.227411442243735	0.174844563882404	0.170237877473053	0.141864585515634	0.242340059713216	0.16128096013472	0.158273717146278	0.203740135407804	0.169957268685192	0.186066227888902	0.257424176565208	0.17599937870016	0.211260926480787	0.171943998253585	0.187264553467189	0.173710862768888	0.217657582323558	0.155740605033503	0.163112387098722	0.124195593175566	0.183150620981183	0.142828546215115	0.253425812240668	0.262839382859395	0.219984968121661	0.24321305861325	0.175609627555132	0.286389634891881	0.154603370681831	0.200474987171423	0.236121332614403	0.237713044687033	0.229961740723281
700033565	0.316460864190765	0.267634724814593	0	0.45432012953436	0.314994633311833	0.114303539560809	0.311932677380273	0.193001065031703	0.261125966511236	0.142887954761945	0.151874889349958	0.0783162103452694	0.174705051987404	0.21256668292894	0.179544936714165	0.159122303989734	0.207604320904209	0.159932080176022	0.237201994000791	0.311404884612641	0.247510292161746	0.129068907019453	0.340229008937933	0.306458363418759	0.277868084313279	0.334279259958517	0.249558306783989	0.393890318724408	0.319926390307672	0.206351887711559	0.166876624064205	0.167196707857339	0.185359270734187	0.150708133094245	0.35651160678447	0.255400325272116	0.254430745975788	0.13424567748669	0.316518143023982	0.281265979456632	0.250426457592557	0.135115618700231	0.211941323216403	0.265276352963607	0.2084510781968	0.238853512215727	0.261457781499437	0.160621741335104	0.17273655257127	0.0699928691732794	0.107219832730192	0.320713773154544	0.372295011455619	0.235165413169061	0.395861515570924	0.174624612933374	0.249389840986139	0.298294403176361	0.0751683656805822	0.253075540108432
700109389	0.244664981378182	0.352418654531882	0.45432012953436	0	0.339160022445151	0.4358757932818	0.228223233163174	0.41822442360786	0.326188303571286	0.415921238719198	0.367467121895636	0.467181527714301	0.422461528832232	0.364173798384814	0.441192521499251	0.36370381307468	0.417042848187584	0.429114674358773	0.336974346366297	0.21733121972037	0.309861730843462	0.393284716167021	0.220077995634455	0.268656662752358	0.28796565513457	0.252884096195921	0.380450181493124	0.403010749194114	0.362839339771244	0.397237450367177	0.401503600447183	0.401797739886136	0.345691482279602	0.40341729710456	0.243611833062487	0.29211992463354	0.389810542271343	0.459441081439384	0.253544487061261	0.426702772671261	0.288944590540026	0.425528858296345	0.356129738554995	0.330328493053859	0.393239249918546	0.340887176966195	0.327548725526837	0.418913939346456	0.379116961885758	0.441588593281786	0.413995160277617	0.220248536305749	0.157024797552796	0.320049309074667	0.207156608829232	0.410482081920412	0.277718562359905	0.245846890613216	0.427292220478577	0.31588956136301
700023058	0.206898828803459	0.145723953853646	0.314994633311833	0.339160022445151	0	0.232772680128248	0.232840363875791	0.220732952438828	0.19547256080546	0.218459782059372	0.204880341072818	0.333873005443322	0.235821941557112	0.164729983202837	0.275620022674759	0.232541698568619	0.218792064749033	0.222216486014393	0.205273062196226	0.224871263950814	0.238682282176279	0.263424935201564	0.21438593041829	0.200891449935953	0.302378360003462	0.176223198027915	0.159606186594342	0.251704418127447	0.204239916241261	0.206544959938755	0.193318247751513	0.287639696828865	0.190550029460805	0.212481457827335	0.171946197425131	0.217009867814692	0.178142376444776	0.255707626690247	0.165499200470786	0.282710182252384	0.170957412540853	0.23713095542258	0.175234137468861	0.241414161515089	0.207417955339374	0.215946313804501	0.122575090001134	0.236913512057506	0.190918337420494	0.31121478223174	0.293610539499812	0.211960320902178	0.250301827157703	0.189734365580341	0.269614127145176	0.219635489785589	0.224098789877635	0.230620795055589	0.291909233897674	0.235588486108396
700023927	0.276620832657996	0.209511601142881	0.114303539560809	0.4358757932818	0.232772680128248	0	0.293088278060933	0.1542643527863	0.230283186580393	0.0857641710377778	0.1192797089612	0.15299011758507	0.137897901363536	0.141341439886018	0.163560739189691	0.160646259093583	0.145417468221547	0.0972906619971055	0.205023024254475	0.282222874718843	0.219385573345975	0.160483702776584	0.286469308240113	0.263252124702142	0.275419588453744	0.28849791905957	0.179789827417796	0.364656825566685	0.270008284079051	0.174431882042349	0.0903563301912728	0.17461690915782	0.162177605625332	0.0996911166919545	0.307063729388539	0.221447916436754	0.184064530128573	0.0954340885321073	0.28307222033997	0.234291105927425	0.203725569411511	0.104694399211819	0.146834414434188	0.236906579851216	0.15465045597138	0.179009695980696	0.202075140138452	0.131824646515438	0.0976747587516258	0.128556181510786	0.168254604499801	0.293545372427081	0.346493676076135	0.194496956369271	0.354842668613635	0.119434094259311	0.201841915878851	0.269298796435182	0.109764914028304	0.226401477079539
700106341	0.106518097669627	0.249402124510641	0.311932677380273	0.228223233163174	0.232840363875791	0.293088278060933	0	0.303539492441906	0.128475523821948	0.282466452034616	0.22330353666887	0.315642188435704	0.29976980288462	0.240660228249435	0.313677209334607	0.206087338786948	0.293851477201598	0.310778285398153	0.147206540490507	0.0870687712935524	0.131580965774975	0.220980995788421	0.132183416302735	0.132714469006466	0.107782007334442	0.245944945510491	0.296376236069048	0.364357976484447	0.317089234413011	0.310592789177281	0.271445119467141	0.2063439658618	0.220097749502964	0.294242339028683	0.237137425519	0.1272886435782	0.276913951776277	0.311432192075934	0.145376549675617	0.376549562551058	0.146109214377163	0.309245640269236	0.194537237498924	0.160396049742711	0.269438072772484	0.23197961867714	0.192844600918384	0.283024636271806	0.2456467130488	0.287761076388772	0.277951649092961	0.0829102906694862	0.113068383772303	0.157504392544762	0.15603146398315	0.288275810591999	0.148223839462812	0.0856236351633662	0.283060260739218	0.116542156598036
700114221	0.297728768151672	0.150938976801504	0.193001065031703	0.41822442360786	0.220732952438828	0.1542643527863	0.303539492441906	0	0.266984537540196	0.0930195665587619	0.196704077186828	0.228370259547474	0.0691241249193929	0.12944152520647	0.115076689271643	0.241366794055069	0.072306579954861	0.199694863696728	0.278289874771327	0.278936735992415	0.273067720629201	0.240783135972471	0.297331993352415	0.290549426034373	0.347452366909359	0.280566958713743	0.141093685497937	0.301618362982887	0.210045146105855	0.108675047222307	0.134469635197266	0.244938416495749	0.189273304016254	0.116055338489389	0.302812111779308	0.219966646813983	0.215269907919306	0.152539339737458	0.258740356979422	0.143965432491724	0.215602163050596	0.0975257428118839	0.213443290776744	0.26226217663568	0.111021424266109	0.184784483644559	0.184793364621182	0.0880448602931324	0.153666493162595	0.205802986273155	0.258189275934447	0.295316073807103	0.326205975866792	0.234913617639529	0.383658060722734	0.0909300974159711	0.21851536417816	0.305305970349455	0.165941418802613	0.273934026201104
700023543	0.135722790019929	0.198466817445435	0.261125966511236	0.326188303571286	0.19547256080546	0.230283186580393	0.128475523821948	0.266984537540196	0	0.216849006990541	0.155401262639116	0.281115096825078	0.253348565555713	0.206240990054247	0.279561939040779	0.14802492833605	0.254208365809429	0.244506434572602	0.0948128737278401	0.152552572858942	0.134226980022119	0.167429775882948	0.179502462455132	0.127161144754011	0.147854246210085	0.23110670946891	0.236035922075965	0.329010612844817	0.302408089931345	0.256439435966454	0.207613602007874	0.150717561740783	0.172051179673309	0.226279498018647	0.220603892046436	0.132625326736217	0.220338314718753	0.260731876087992	0.136203436220682	0.347263730148636	0.11486150255167	0.257196242183049	0.142557611400747	0.105914230671245	0.23394569984375	0.213923217179838	0.147772352212554	0.234811741619477	0.19240943481971	0.241949985404593	0.229944592457109	0.122288705104583	0.191581450315879	0.137934326538956	0.204073334178232	0.238769569230853	0.162976926889156	0.103011574193073	0.246738509749896	0.101423399614194
700023439	0.271057731027016	0.163172346066738	0.142887954761945	0.415921238719198	0.218459782059372	0.0857641710377778	0.282466452034616	0.0930195665587619	0.216849006990541	0	0.14056356327714	0.189350598646724	0.0828000920061742	0.109456785532158	0.129548886470212	0.184037568172969	0.0869473696431064	0.126948810671824	0.219637144273354	0.256404632616813	0.221820333482596	0.19450051245158	0.271092763443457	0.260233824617916	0.297299094031007	0.275739835600532	0.152582177350978	0.321040124053666	0.228205985598446	0.123170789473746	0.0717825004728427	0.202730787463152	0.149516745779697	0.0817128886485265	0.294671778089437	0.188509858008979	0.17969727460488	0.118149514791878	0.253990111471083	0.180527486135708	0.173790539283401	0.0883732635123535	0.15079936384623	0.216731403918824	0.112348312596965	0.159252295721347	0.171695467743926	0.0814465391826583	0.0821666334600671	0.160701854632345	0.199882883669914	0.271181807514203	0.321918217233208	0.200120287246088	0.351763035818064	0.0837123090707161	0.18040709825679	0.254533184586735	0.136076063468646	0.228873141923165
700016978	0.203094902928094	0.164603097178187	0.151874889349958	0.367467121895636	0.204880341072818	0.1192797089612	0.22330353666887	0.196704077186828	0.155401262639116	0.14056356327714	0	0.180557708234686	0.185226464178398	0.152723778179949	0.219671628874042	0.0973073999699256	0.18284283623128	0.121512708767136	0.153000135576289	0.193274069103112	0.161943538671604	0.0929565300816461	0.235790355207217	0.192605581216134	0.193936653635242	0.251911610651551	0.1948887687308	0.295936924351657	0.270058151582085	0.190339771501102	0.113430898811068	0.131821956801871	0.0841225669850617	0.122378019827593	0.251292086939792	0.146170852383245	0.176652906491209	0.193418369802541	0.191223334158313	0.280395067027535	0.137413793875778	0.145737015674544	0.0981415856491985	0.1508552314066	0.161520631241983	0.174062378291722	0.155234280393698	0.168226145032154	0.105706751919472	0.151860304444022	0.136060013163959	0.210625239770975	0.261460892020866	0.156037264551408	0.290250600285513	0.154489262517573	0.153599479835196	0.190861088518287	0.136986645947562	0.164413102672287
700024192	0.337971972486423	0.290725849134061	0.0783162103452694	0.467181527714301	0.333873005443322	0.15299011758507	0.315642188435704	0.228370259547474	0.281115096825078	0.189350598646724	0.180557708234686	0	0.207525766347016	0.252714636717297	0.203480218385285	0.179508417688845	0.218182340579388	0.19306010755582	0.257487566723932	0.326061092832697	0.237134627365703	0.141591744146449	0.35789785934899	0.333129571024518	0.289068517873493	0.363188887271124	0.297150641069138	0.415702006387205	0.33900356096936	0.266470238801813	0.192825983403628	0.169889112675784	0.20456927207422	0.198540892287588	0.387362870811388	0.271070985494527	0.289431368574686	0.173146234020339	0.342658170906733	0.294715701263367	0.257929438367457	0.165179462903013	0.230354674542458	0.277394269951703	0.205538579920647	0.249314493001489	0.28017306152779	0.181777712150504	0.206388511030342	0.088332418460254	0.107412419345956	0.340972546030531	0.383159296704582	0.254136335194682	0.423640731623316	0.190981182976129	0.249466994372028	0.315498386933448	0.115518237291526	0.258677873867871
700113058	0.298970222776777	0.168728123031327	0.174705051987404	0.422461528832232	0.235821941557112	0.137897901363536	0.29976980288462	0.0691241249193929	0.253348565555713	0.0828000920061742	0.185226464178398	0.207525766347016	0	0.132071817064469	0.0993046700836738	0.227242332229767	0.0830918935405057	0.183714083681482	0.26265482277526	0.275254972539567	0.257456265037812	0.222567594486115	0.299759539488909	0.293926260897872	0.334174115741439	0.302052134872756	0.167799082599938	0.315148885990958	0.227857793927757	0.121226091050522	0.122440669591646	0.231583493363995	0.175379194718738	0.10980820879535	0.322220544178095	0.214370941223805	0.217531758175995	0.140510827982109	0.264713198171515	0.169806726799832	0.201936409875986	0.0854213396150169	0.206722529410997	0.251360867867114	0.114722004202356	0.189675445539386	0.203956150078509	0.0806154785744765	0.143721102173381	0.183969312137388	0.24286619181204	0.292457540851993	0.332450464619766	0.244175533671398	0.386386794543886	0.0725098089605842	0.208306196404643	0.288708228100736	0.144696562214266	0.259443875725889
700099448	0.204594295038517	0.122863775995355	0.21256668292894	0.364173798384814	0.164729983202837	0.141341439886018	0.240660228249435	0.12944152520647	0.206240990054247	0.109456785532158	0.152723778179949	0.252714636717297	0.132071817064469	0	0.171856556881919	0.192586314777499	0.121048447493766	0.173677379122559	0.180313512752987	0.21661413120787	0.203395684658586	0.215084048646077	0.213028915954743	0.19438443012621	0.281025542850328	0.204726874333388	0.107250342091036	0.282815459484586	0.169668506381748	0.127788545242347	0.114950577792593	0.229143335660064	0.141737409854379	0.118766090560985	0.225834603940958	0.16757759677638	0.162940363979068	0.176998342244397	0.199311955713952	0.205502396648862	0.150795908905163	0.142588272388285	0.128987236719368	0.223600052004801	0.121585183226899	0.130270412939015	0.117906523140275	0.134314139552536	0.0915325877592036	0.215159518956819	0.223837939546589	0.216456814719529	0.267228449595896	0.148849393279262	0.285453903126513	0.12544741126031	0.152029214336865	0.224553116002688	0.181908679319231	0.21134975783094
700109870	0.31546909587905	0.228212793837599	0.179544936714165	0.441192521499251	0.275620022674759	0.163560739189691	0.313677209334607	0.115076689271643	0.279561939040779	0.129548886470212	0.219671628874042	0.203480218385285	0.0993046700836738	0.171856556881919	0	0.256447047691709	0.130803584469597	0.226414904710064	0.289866964320007	0.298326029587813	0.266007185472123	0.251510335362689	0.316713959759595	0.313642117059874	0.352153311076448	0.329596317406397	0.218685007128244	0.361776407645956	0.251377262807942	0.157929150053637	0.175597106728239	0.255488154699821	0.224709740728822	0.16905153411696	0.351874632384616	0.242450273432094	0.254538096926631	0.137904854787821	0.306394823717604	0.189473840637835	0.238918787842741	0.128289288080024	0.234110947174746	0.273061914384623	0.150479484646105	0.194442688079168	0.230799314552681	0.0991461347544895	0.177035833775992	0.192206990122568	0.266232670157062	0.312800499466641	0.355922415231733	0.259630967406702	0.396447241793807	0.133605659537011	0.226899746173215	0.315465416066023	0.156468222901443	0.28433789494491
700033928	0.19268475689013	0.226011621851184	0.159122303989734	0.36370381307468	0.232541698568619	0.160646259093583	0.206087338786948	0.241366794055069	0.14802492833605	0.184037568172969	0.0973073999699256	0.179508417688845	0.227242332229767	0.192586314777499	0.256447047691709	0	0.229403621953088	0.157902014230367	0.137699020859688	0.211811461433795	0.157353908899362	0.0904251923910646	0.250316109477071	0.190274106133881	0.193774791599976	0.263363788610841	0.246245906442422	0.335541928069036	0.310095823235197	0.234167172957507	0.166867543588496	0.129744122374155	0.0975273209221108	0.170716388824999	0.275375837826984	0.198634929884122	0.219218069777919	0.221534694302853	0.207313292705347	0.321433006558501	0.143180724015219	0.187737637760805	0.143015409940732	0.187587091880509	0.197730866638798	0.204645719513057	0.171460673724914	0.209917006259008	0.152180433122769	0.136836202133283	0.117210259362904	0.196120859319527	0.260881992277086	0.181834511856064	0.295399812693794	0.193051114611767	0.189035075895911	0.171094412642841	0.146326329115801	0.152836430060779
700023693	0.29182799900455	0.144496592292607	0.207604320904209	0.417042848187584	0.218792064749033	0.145417468221547	0.293851477201598	0.072306579954861	0.254208365809429	0.0869473696431064	0.18284283623128	0.218182340579388	0.0830918935405057	0.121048447493766	0.130803584469597	0.229403621953088	0	0.180991651622617	0.264618739876366	0.267784523324124	0.236078505743021	0.233675484096882	0.287355970363716	0.280228808000191	0.335455344079278	0.284118599668875	0.152924381352807	0.308446750114382	0.201621018052732	0.135312665946654	0.112228931155709	0.240609855167509	0.176246395261599	0.118346753813503	0.307147117045052	0.20945742219592	0.198865481384174	0.171070671231581	0.252876497884574	0.140264840030763	0.2019920229007	0.10688368548948	0.196979300157527	0.2514126282614	0.0933078276320235	0.159803984021909	0.174651571983188	0.0827528830247674	0.13624542416194	0.207615372829251	0.249758743243985	0.286261910210782	0.323896736702993	0.228126274614709	0.378412281209985	0.0857474050072177	0.198611327953727	0.290743292259838	0.189521708550559	0.260848968876899
700109627	0.27099340027658	0.217954056882023	0.159932080176022	0.429114674358773	0.222216486014393	0.0972906619971055	0.310778285398153	0.199694863696728	0.244506434572602	0.126948810671824	0.121512708767136	0.19306010755582	0.183714083681482	0.173677379122559	0.226414904710064	0.157902014230367	0.180991651622617	0	0.222175018261299	0.270451813542233	0.256757111964952	0.174355702583359	0.307094668611324	0.251676076837511	0.279530537329641	0.293987035707717	0.193495757182055	0.339479573322506	0.309921716514548	0.192002300569152	0.0995127969269672	0.205459857413798	0.142626645449027	0.127907179303485	0.297911144152478	0.22575419993944	0.138740497951328	0.154211661721194	0.265547279336302	0.280851907579616	0.21968392418659	0.14632997068484	0.161317821020995	0.233139024129474	0.196456016922138	0.230644274128338	0.211135651106066	0.184243810421255	0.117185857597045	0.185042526976017	0.173005231570239	0.291812002365812	0.340778655887815	0.226802014155843	0.339313616451339	0.166427583734705	0.226881032171317	0.275487844170019	0.1679593584198	0.254732570092388
700095416	0.133496163781901	0.224880689087102	0.237201994000791	0.336974346366297	0.205273062196226	0.205023024254475	0.147206540490507	0.278289874771327	0.0948128737278401	0.219637144273354	0.153000135576289	0.257487566723932	0.26265482277526	0.180313512752987	0.289866964320007	0.137699020859688	0.264618739876366	0.222175018261299	0	0.172249457900621	0.110376983378715	0.152393935994939	0.195574320887223	0.120974355596571	0.152459702152965	0.218903099120053	0.230376722066362	0.351183647077228	0.296381860610578	0.263878701491578	0.195518704396227	0.157823612216056	0.158109392927768	0.227432570385291	0.219717449507301	0.157714369839264	0.209893620014826	0.226372428758399	0.161210371370267	0.356302682323482	0.116059375020654	0.2569838690298	0.114269952119573	0.159470736287589	0.230143760635624	0.202950166444261	0.145072383303469	0.245175685124424	0.17822274578681	0.224035195200785	0.19778563280546	0.157034097095514	0.224506472223459	0.101209452512241	0.214877544508487	0.240832238847544	0.160707394371645	0.126673742261532	0.223489268617889	0.1189464857339
700110425	0.105559260627498	0.22126953397556	0.311404884612641	0.21733121972037	0.224871263950814	0.282222874718843	0.0870687712935524	0.278936735992415	0.152552572858942	0.256404632616813	0.193274069103112	0.326061092832697	0.275254972539567	0.21661413120787	0.298326029587813	0.211811461433795	0.267784523324124	0.270451813542233	0.172249457900621	0	0.151073389510063	0.222271103588023	0.129356599338623	0.119180350762844	0.125804962375315	0.224539097047757	0.260959870139881	0.321339115225463	0.294055572302357	0.270618528735802	0.24321556773351	0.231642142478499	0.186860346712003	0.257482248068771	0.203130697190275	0.111928212969031	0.238330112614167	0.314769822853359	0.125574672055835	0.355579285657769	0.141026965628843	0.280292577415861	0.177431021556812	0.133529958644019	0.240478537104509	0.225797379522388	0.16402846706425	0.258138507847807	0.218971882826214	0.294679610134276	0.270105396936993	0.0802852694118691	0.0941606839703596	0.167484566522835	0.158542365943949	0.262328942700759	0.111757440370653	0.0961369264762251	0.279327627725525	0.141852439884992
700111580	0.151845696960244	0.233875894120003	0.247510292161746	0.309861730843462	0.238682282176279	0.219385573345975	0.131580965774975	0.273067720629201	0.134226980022119	0.221820333482596	0.161943538671604	0.237134627365703	0.257456265037812	0.203395684658586	0.266007185472123	0.157353908899362	0.236078505743021	0.256757111964952	0.110376983378715	0.151073389510063	0	0.15723698923763	0.191531029751149	0.158487778765503	0.126470439365345	0.261365785703946	0.279159701169963	0.375010459261601	0.268232957101648	0.283933504155983	0.212402453417688	0.157586720177727	0.163076090279108	0.239016543598467	0.262758883247813	0.139648374356948	0.270920031368967	0.231125078773849	0.187179847525877	0.323230153265762	0.115857446275106	0.243765772007165	0.145772967490956	0.16190324989537	0.195362576808948	0.17252478691613	0.163886327907683	0.214117077238779	0.183504656667836	0.213773483247427	0.213071079280258	0.152698597419922	0.207507134883542	0.122874770225483	0.243133314282884	0.224323820034468	0.10833108063039	0.114670345463424	0.209068540512485	0.099783444683007
700111302	0.22395126976192	0.226871121174626	0.129068907019453	0.393284716167021	0.263424935201564	0.160483702776584	0.220980995788421	0.240783135972471	0.167429775882948	0.19450051245158	0.0929565300816461	0.141591744146449	0.222567594486115	0.215084048646077	0.251510335362689	0.0904251923910646	0.233675484096882	0.174355702583359	0.152393935994939	0.222271103588023	0.15723698923763	0	0.27348064349903	0.217752829141071	0.173281078815884	0.292396328256343	0.257141185165575	0.356609109301511	0.326907076609866	0.247457573356633	0.176854030974473	0.0756505635083466	0.122661709558964	0.177107459064269	0.299121384303039	0.184378517916693	0.23905641692573	0.206628381461991	0.235540540577965	0.320597986774285	0.181299098615911	0.182887078076536	0.153297053260238	0.180399486528708	0.202452262367334	0.225300308945927	0.206138388605717	0.202400451346245	0.168607369738358	0.0951351236087895	0.113783678846803	0.227786339382858	0.280193746235774	0.160262801930832	0.318012789714111	0.189511910384281	0.196102021782554	0.203751797258776	0.130700585165609	0.161701769280205
700098605	0.134790493558057	0.202163945731411	0.340229008937933	0.220077995634455	0.21438593041829	0.286469308240113	0.132183416302735	0.297331993352415	0.179502462455132	0.271092763443457	0.235790355207217	0.35789785934899	0.299759539488909	0.213028915954743	0.316713959759595	0.250316109477071	0.287355970363716	0.307094668611324	0.195574320887223	0.129356599338623	0.191531029751149	0.27348064349903	0	0.134261236674624	0.198439910604589	0.20774394519921	0.231821644101682	0.319327419702626	0.27740737956123	0.297051615655665	0.260655203036253	0.273443230344051	0.234489835364381	0.287269209520854	0.192963020406384	0.160498130004791	0.260336613212787	0.318784438601777	0.145622903351815	0.338242668566875	0.165511376772053	0.310598454313802	0.214413288676358	0.194721569814555	0.282951466607495	0.196204043651072	0.180121981698639	0.292025719095019	0.234696134187394	0.327095258663838	0.306690542022799	0.130007624158608	0.125275517022164	0.172294760797489	0.132543378747547	0.291205995932554	0.179354547359055	0.155241878629165	0.309392471925158	0.174109679068586
700111991	0.0552056682128048	0.214325952453577	0.306458363418759	0.268656662752358	0.200891449935953	0.263252124702142	0.132714469006466	0.290549426034373	0.127161144754011	0.260233824617916	0.192605581216134	0.333129571024518	0.293926260897872	0.19438443012621	0.313642117059874	0.190274106133881	0.280228808000191	0.251676076837511	0.120974355596571	0.119180350762844	0.158487778765503	0.217752829141071	0.134261236674624	0	0.167871112110304	0.171052419658832	0.220923208594335	0.311214364749134	0.288842531867625	0.280775948151579	0.245164636263641	0.232462759161385	0.199515721712934	0.268476026236436	0.165152117524606	0.12625854007702	0.209881879087086	0.291865521422539	0.0941499729437442	0.363634636267064	0.132890309822286	0.302736642373092	0.168089204955102	0.159392381895594	0.268159486513773	0.198747239866227	0.155209850473421	0.280973417238008	0.215698617416719	0.295121954487627	0.254485130468973	0.0985105026430482	0.145557103898498	0.116784128591828	0.120153955623649	0.284654776578931	0.164810224757094	0.117175077703417	0.286089877422689	0.1496190906643
700108960	0.156481020480797	0.29570409463788	0.277868084313279	0.28796565513457	0.302378360003462	0.275419588453744	0.107782007334442	0.347452366909359	0.147854246210085	0.297299094031007	0.193936653635242	0.289068517873493	0.334174115741439	0.281025542850328	0.352153311076448	0.193774791599976	0.335455344079278	0.279530537329641	0.152459702152965	0.125804962375315	0.126470439365345	0.173281078815884	0.198439910604589	0.167871112110304	0	0.306016011784822	0.333447570800032	0.399651823599426	0.361359466438665	0.336854394125592	0.275103124218658	0.152273554529031	0.208180976517069	0.283367892820899	0.293411202893009	0.151928064671261	0.3048973373858	0.307899735582014	0.196776353358993	0.418946944861708	0.190670893962221	0.304208984405662	0.205710831125175	0.14581251401064	0.293977560403159	0.281041019449909	0.240487376645354	0.309341807453546	0.244795875452334	0.241705727339703	0.238517130248612	0.142797233571854	0.163467974394955	0.176928910225929	0.189575275751231	0.300357604622532	0.176732705465207	0.113994910848008	0.254254538900428	0.115280153825382
700024452	0.176442071446402	0.186928014435695	0.334279259958517	0.252884096195921	0.176223198027915	0.28849791905957	0.245944945510491	0.280566958713743	0.23110670946891	0.275739835600532	0.251911610651551	0.363188887271124	0.302052134872756	0.204726874333388	0.329596317406397	0.263363788610841	0.284118599668875	0.293987035707717	0.218903099120053	0.224539097047757	0.261365785703946	0.292396328256343	0.20774394519921	0.171052419658832	0.306016011784822	0	0.181442698929895	0.262835839699086	0.18901401215347	0.255077948583778	0.255544199219027	0.305295533572791	0.240355618078012	0.265382364769657	0.0786099112430488	0.214309126998822	0.241644104054807	0.314568009698371	0.161768720781028	0.30013491642795	0.191556684717985	0.299798689241346	0.221929386100847	0.266351310772668	0.264298974258293	0.198156607717765	0.16375165714977	0.297316584035602	0.235862712454575	0.335113010352723	0.312790937028657	0.198706722957528	0.205624509264536	0.184464845954123	0.203518854470529	0.285779666806637	0.229556503004136	0.224101951402706	0.314902234596724	0.263614111392193
700032931	0.237897552741344	0.091774839643533	0.249558306783989	0.380450181493124	0.159606186594342	0.179789827417796	0.296376236069048	0.141093685497937	0.236035922075965	0.152582177350978	0.1948887687308	0.297150641069138	0.167799082599938	0.107250342091036	0.218685007128244	0.246245906442422	0.152924381352807	0.193495757182055	0.230376722066362	0.260959870139881	0.279159701169963	0.257141185165575	0.231821644101682	0.220923208594335	0.333447570800032	0.181442698929895	0	0.239574394171524	0.173630756658516	0.141208660900777	0.139330393486533	0.27726011251612	0.187632330786165	0.130576478755937	0.207491979890068	0.213904792439447	0.159529321265776	0.21943170050484	0.211798090226025	0.200238174137508	0.211068836343163	0.174234561659885	0.188445885892032	0.253531047075784	0.157189039691713	0.172931450151709	0.148423474244437	0.172912539993861	0.141952862350703	0.249032209662824	0.276692420660101	0.258991482681563	0.280376841694632	0.189472836015483	0.293858349675162	0.151770895506133	0.233074044707754	0.276289430515538	0.234487179532105	0.274742040922617
700095837	0.321314417521935	0.227411442243735	0.393890318724408	0.403010749194114	0.251704418127447	0.364656825566685	0.364357976484447	0.301618362982887	0.329010612844817	0.321040124053666	0.295936924351657	0.415702006387205	0.315148885990958	0.282815459484586	0.361776407645956	0.335541928069036	0.308446750114382	0.339479573322506	0.351183647077228	0.321339115225463	0.375010459261601	0.356609109301511	0.319327419702626	0.311214364749134	0.399651823599426	0.262835839699086	0.239574394171524	0	0.205660559350439	0.244724369494673	0.305726497471697	0.383261765788513	0.290869554375906	0.279743248893889	0.258047853860938	0.308771264382865	0.297259838380457	0.396932959704136	0.265334020356866	0.322500153872685	0.302632140281204	0.314429209125679	0.317091756168165	0.330202274658031	0.286791963227262	0.307648582943823	0.270425265697162	0.325251490393845	0.301932499352322	0.391798348031976	0.370213421294384	0.32721553080087	0.332885927510882	0.326744179564773	0.368675381331629	0.298237450357296	0.338023626992114	0.35343233681292	0.374071879829543	0.362028461746103
700024548	0.293340374413729	0.174844563882404	0.319926390307672	0.362839339771244	0.204239916241261	0.270008284079051	0.317089234413011	0.210045146105855	0.302408089931345	0.228205985598446	0.270058151582085	0.33900356096936	0.227857793927757	0.169668506381748	0.251377262807942	0.310095823235197	0.201621018052732	0.309921716514548	0.296381860610578	0.294055572302357	0.268232957101648	0.326907076609866	0.27740737956123	0.288842531867625	0.361359466438665	0.18901401215347	0.173630756658516	0.205660559350439	0	0.179468813613998	0.237195394902393	0.340257173731379	0.240602831751426	0.208958907189117	0.212707948079453	0.244252248906946	0.286328005302724	0.291364513986738	0.250133022361337	0.188546545472248	0.237652896028875	0.221756137805451	0.252275408500006	0.317338368820873	0.163841821054846	0.153482468985735	0.191540994991333	0.212255305725555	0.223641035159591	0.331453444853294	0.33353941834232	0.29179651561215	0.306274168124235	0.239607020340087	0.327214952950147	0.215182813987395	0.235652744674909	0.307949772263169	0.291174503541737	0.310210782811134
700110161	0.287509221548937	0.170237877473053	0.206351887711559	0.397237450367177	0.206544959938755	0.174431882042349	0.310592789177281	0.108675047222307	0.256439435966454	0.123170789473746	0.190339771501102	0.266470238801813	0.121226091050522	0.127788545242347	0.157929150053637	0.234167172957507	0.135312665946654	0.192002300569152	0.263878701491578	0.270618528735802	0.283933504155983	0.247457573356633	0.297051615655665	0.280775948151579	0.336854394125592	0.255077948583778	0.141208660900777	0.244724369494673	0.179468813613998	0	0.138287810926525	0.261841051209536	0.190867898073155	0.101755796414869	0.269484508074506	0.224038682418965	0.192472386529814	0.17904928133955	0.253936965791722	0.182513690542732	0.228283162124447	0.131622738183582	0.202413796843525	0.257612685693171	0.144750430003489	0.207114831359547	0.192418074480554	0.14391779216676	0.141326157887694	0.230653820615754	0.260292271517312	0.282368711375322	0.322442654798641	0.233532677048387	0.367417663012835	0.129813513346909	0.232572525681887	0.288570169203348	0.19391146330613	0.280909697382848
700023496	0.254058932956489	0.141864585515634	0.166876624064205	0.401503600447183	0.193318247751513	0.0903563301912728	0.271445119467141	0.134469635197266	0.207613602007874	0.0717825004728427	0.113430898811068	0.192825983403628	0.122440669591646	0.114950577792593	0.175597106728239	0.166867543588496	0.112228931155709	0.0995127969269672	0.195518704396227	0.24321556773351	0.212402453417688	0.176854030974473	0.260655203036253	0.245164636263641	0.275103124218658	0.255544199219027	0.139330393486533	0.305726497471697	0.237195394902393	0.138287810926525	0	0.193124410483421	0.116659466392284	0.0750402361073027	0.269649068746049	0.181676589376485	0.150595987135567	0.150066651493965	0.234502105041999	0.219049373023819	0.170586691409898	0.111972124027743	0.125837015488707	0.208529549628658	0.114895443648386	0.171357169203058	0.156808723377662	0.119206519420252	0.0568736024520648	0.178424765292195	0.19284270586917	0.262406330746941	0.307950306412469	0.18573094798003	0.338603879999219	0.101394685722174	0.176616857866285	0.241963366928101	0.159561799434316	0.214626201203808
700034628	0.242371160127344	0.242340059713216	0.167196707857339	0.401797739886136	0.287639696828865	0.17461690915782	0.2063439658618	0.244938416495749	0.150717561740783	0.202730787463152	0.131821956801871	0.169889112675784	0.231583493363995	0.229143335660064	0.255488154699821	0.129744122374155	0.240609855167509	0.205459857413798	0.157823612216056	0.231642142478499	0.157586720177727	0.0756505635083466	0.273443230344051	0.232462759161385	0.152273554529031	0.305295533572791	0.27726011251612	0.383261765788513	0.340257173731379	0.261841051209536	0.193124410483421	0	0.158785999338651	0.196640477072158	0.311162707549601	0.162706961337701	0.269465958600319	0.213180117027168	0.251736430806664	0.323011557365352	0.196778722244415	0.193030563049793	0.165597629025078	0.145455026309248	0.213856583200836	0.239246693136507	0.225886770721043	0.209144059135952	0.186657315156252	0.120445006600757	0.170503414702229	0.231245740641127	0.281987854427862	0.172339128651057	0.317561628513317	0.195213923897689	0.200702571668186	0.19617982317574	0.153543486880632	0.123091474837095
700023645	0.206510426723783	0.16128096013472	0.185359270734187	0.345691482279602	0.190550029460805	0.162177605625332	0.220097749502964	0.189273304016254	0.172051179673309	0.149516745779697	0.0841225669850617	0.20456927207422	0.175379194718738	0.141737409854379	0.224709740728822	0.0975273209221108	0.176246395261599	0.142626645449027	0.158109392927768	0.186860346712003	0.163076090279108	0.122661709558964	0.234489835364381	0.199515721712934	0.208180976517069	0.240355618078012	0.187632330786165	0.290869554375906	0.240602831751426	0.190867898073155	0.116659466392284	0.158785999338651	0	0.120286307539364	0.252089894706479	0.152563059874397	0.190683385154728	0.229811215253193	0.181491499302455	0.271468507789222	0.128889288483161	0.138978356484075	0.121124320555336	0.175557344636012	0.14003536542162	0.181674086095933	0.130227549297588	0.160706209096482	0.113490613007515	0.172026976941835	0.150727725927413	0.203519690371935	0.249791432684254	0.182718651050951	0.29861954285484	0.14132519969107	0.153411680151651	0.183169622184897	0.159441922900556	0.174528672196866
700038744	0.276814055544342	0.158273717146278	0.150708133094245	0.40341729710456	0.212481457827335	0.0996911166919545	0.294242339028683	0.116055338489389	0.226279498018647	0.0817128886485265	0.122378019827593	0.198540892287588	0.10980820879535	0.118766090560985	0.16905153411696	0.170716388824999	0.118346753813503	0.127907179303485	0.227432570385291	0.257482248068771	0.239016543598467	0.177107459064269	0.287269209520854	0.268476026236436	0.283367892820899	0.265382364769657	0.130576478755937	0.279743248893889	0.208958907189117	0.101755796414869	0.0750402361073027	0.196640477072158	0.120286307539364	0	0.280131132662535	0.197849636989241	0.180614557446456	0.160924719671183	0.239476881118764	0.185534160383497	0.197910390691082	0.069329936545351	0.164673983901159	0.225999164129347	0.100702353014662	0.187183905375095	0.183007918862909	0.10907400035894	0.0967962851167814	0.165244919452509	0.194466216087061	0.272178412090068	0.314632666802018	0.216816060160897	0.357751726503306	0.0722922602469556	0.204960528458909	0.25532621026616	0.147135673687592	0.23487639649909
700038485	0.171792076733471	0.203740135407804	0.35651160678447	0.243611833062487	0.171946197425131	0.307063729388539	0.237137425519	0.302812111779308	0.220603892046436	0.294671778089437	0.251292086939792	0.387362870811388	0.322220544178095	0.225834603940958	0.351874632384616	0.275375837826984	0.307147117045052	0.297911144152478	0.219717449507301	0.203130697190275	0.262758883247813	0.299121384303039	0.192963020406384	0.165152117524606	0.293411202893009	0.0786099112430488	0.207491979890068	0.258047853860938	0.212707948079453	0.269484508074506	0.269649068746049	0.311162707549601	0.252089894706479	0.280131132662535	0	0.206512877275653	0.24526884149857	0.336607432172938	0.134643592315394	0.321230313192423	0.204722781935745	0.323221729727217	0.225907974397612	0.248562717445181	0.287396582319389	0.216561367354641	0.184296159399273	0.323579222767433	0.25686955796716	0.364799189606209	0.324023710505437	0.184123731901755	0.190763016592359	0.181703056736628	0.18802469577059	0.306268625546782	0.231946885618974	0.217812860800511	0.337144094943835	0.253349374104442
700024743	0.136266934422661	0.169957268685192	0.255400325272116	0.29211992463354	0.217009867814692	0.221447916436754	0.1272886435782	0.219966646813983	0.132625326736217	0.188509858008979	0.146170852383245	0.271070985494527	0.214370941223805	0.16757759677638	0.242450273432094	0.198634929884122	0.20945742219592	0.22575419993944	0.157714369839264	0.111928212969031	0.139648374356948	0.184378517916693	0.160498130004791	0.12625854007702	0.151928064671261	0.214309126998822	0.213904792439447	0.308771264382865	0.244252248906946	0.224038682418965	0.181676589376485	0.162706961337701	0.152563059874397	0.197849636989241	0.206512877275653	0	0.213598400032508	0.258236359788149	0.140008232077526	0.299211867204337	0.121413207003864	0.224212364394477	0.149151767488316	0.0988536934772084	0.187572528993467	0.175639324839271	0.154043842948399	0.197178025421233	0.156384572299512	0.24343150568771	0.236625745602276	0.123016908197736	0.167216215807427	0.131254111045967	0.201646906064509	0.204738075686875	0.117483505404238	0.109853460286377	0.223312591298428	0.108175696400246
