700108602	700014971	700033565	700109389	700023058	700023927	700106341	700114221	700023543	700023439	700016978	700024192	700113058	700099448	700109870	700033928	700023693	700109627	700095416	700110425	700111580	700111302	700098605	700111991	700108960	700024452	700032931	700095837	700024548	700110161	700023496	700034628	700023645	700038744	700038485	700024743	700099596	700110760	700101587	700106399	700032322	700095653	700021312	700101230	700023590	700038905	700033136	700023382	700096424	700105469	700016908	700096053	700108479	700109569	700033814	700016125	700109756	700102665	700101777	700109455
700108602	0	0.152811491569734	0.164945018588211	0.101650017940895	0.126892157720845	0.168676253605767	0.0870375790554678	0.185286159450799	0.0972705534853541	0.159668437101797	0.114822328139579	0.154061876753377	0.155471437826695	0.153696451063815	0.158788283246393	0.106570314661986	0.178398901913837	0.154337791902052	0.0868596891137233	0.0986523467839578	0.091244452638199	0.108920287413757	0.105298571306339	0.0855089436701047	0.0946021457764477	0.106515082004925	0.145889430589346	0.132872105121506	0.147565317224861	0.157734741547566	0.156170598782016	0.119816433878808	0.113988288484333	0.145838325432264	0.115333232161261	0.12073991795928	0.137369657476022	0.171538042886994	0.0983333169298713	0.182534125961645	0.092880518463089	0.158728361931648	0.139921481725251	0.118513319194766	0.139318504224016	0.138734381653946	0.130041050360389	0.153886073716362	0.148797731461068	0.138484927763767	0.116883851440097	0.0858575557077497	0.0944394200151615	0.112486584890731	0.0965222982545154	0.150771649554097	0.115767999362957	0.0831744489172752	0.128609673187122	0.103675760346726
700014971	0.152811491569734	0	0.150130781798839	0.156529806521544	0.146695829573859	0.152588353359026	0.152426353678168	0.148852357516092	0.148223147424743	0.131028921193033	0.124489958586414	0.161123870822884	0.138422939219208	0.134035225068618	0.145051427279261	0.158107962462484	0.1399690529302	0.153232656581897	0.154794474328727	0.139375564618959	0.136853971260622	0.135852764663878	0.117879908217952	0.161658788599851	0.151318888189374	0.139707359828132	0.121818173715977	0.128376546755082	0.123869860820764	0.126478532483778	0.142776785051258	0.145486814938123	0.115843993770988	0.128621465409726	0.140299104049883	0.130776447993115	0.150665198797226	0.157579355649703	0.143765352785899	0.141229488441334	0.133565068765463	0.13597159880965	0.135573293729827	0.133272430920996	0.123140815109535	0.124485506211839	0.115120843679791	0.143965424041078	0.133661910599626	0.142811705229142	0.140603681577339	0.150705103951324	0.141558651448624	0.132855300510208	0.163582171286395	0.130411994667168	0.140307899159656	0.149982715759541	0.122521780153509	0.14523634521806
700033565	0.164945018588211	0.150130781798839	0	0.152259151590545	0.15688207485081	0.0747497581564734	0.145074566447556	0.108137771649665	0.153616757121771	0.098762896873348	0.101036543827393	0.0590742460079557	0.094693938431209	0.127175139059421	0.0789416519246476	0.114100384322724	0.109221611941381	0.0899127845232715	0.150630040061255	0.149196413339078	0.142460754323563	0.0967612185222151	0.134111779014021	0.153988763209865	0.134595028570853	0.158407651552103	0.127451640063401	0.148528152023007	0.120259076432941	0.107522017504098	0.0935352531613073	0.106837591177526	0.100110336422548	0.0944260748918541	0.156352243308316	0.104900228697618	0.127051870632382	0.0759298327405133	0.162994242890163	0.112459600102932	0.140726215082944	0.0824440133709892	0.141917370612949	0.124705573609941	0.101922580924743	0.116998423548239	0.140217056580766	0.0807987328324777	0.109691471466264	0.0742887906287566	0.0838996754622205	0.169111022230492	0.162180603517741	0.134208662428953	0.183901430220306	0.0974936022625805	0.128015922680196	0.156026867344956	0.0930530453118249	0.13540461342632
700109389	0.101650017940895	0.156529806521544	0.152259151590545	0	0.13253338043704	0.17213521514447	0.0955133235124467	0.183152293982229	0.135862170074051	0.166172544364971	0.143183885491864	0.143166438372782	0.162699695539148	0.162520716212498	0.144216502555006	0.135153286130871	0.184800964356674	0.177812634376611	0.136497935646211	0.105674925679055	0.108842680256267	0.137088931710899	0.107905092510066	0.128482602434953	0.100492757210252	0.114763341075262	0.177237809685268	0.153013361948723	0.133862934980612	0.155650983799263	0.173365093593713	0.142807156496741	0.131253372503061	0.154084018821102	0.118930607914835	0.120367435001979	0.171313617690998	0.159261359230802	0.138114402733749	0.17131794375578	0.1267584400343	0.158867653719855	0.158290038537326	0.134830697460032	0.143644084556137	0.144930075664271	0.154528003229182	0.157569797376105	0.163670246390194	0.138430525621275	0.116779027990245	0.100620816217349	0.0820675477098369	0.148750019380867	0.113804738614493	0.163318764167977	0.109345800631374	0.0896902490585778	0.120382600883632	0.10485850345067
700023058	0.126892157720845	0.146695829573859	0.15688207485081	0.13253338043704	0	0.150026548712596	0.119990229447363	0.168554471951574	0.11734629353322	0.150140085774521	0.130475225226857	0.155737535528211	0.154095739821938	0.13180745644266	0.14579977813305	0.130947570300711	0.163677893702766	0.155011789051125	0.123352967721514	0.128345846949234	0.127740742854357	0.136532202205952	0.122678342685347	0.116529823773731	0.132617881225321	0.107722901639076	0.16001700836436	0.140119912370174	0.123076487523622	0.137255605978344	0.14208136702905	0.15031301098203	0.13119662536372	0.136826256204665	0.104136671261836	0.139946384341465	0.137499236650442	0.144621559567281	0.100301567990533	0.165465337063312	0.117747670809034	0.143907146934429	0.131959248165727	0.141411843038444	0.132317152376718	0.126427806246702	0.123907239593242	0.148390310887995	0.131087584392215	0.142661777858338	0.132587567419312	0.115915516018265	0.119781565817003	0.129388350441015	0.124215267387649	0.155277920394868	0.133797698120807	0.122710351263558	0.13070880240323	0.132783859551173
700023927	0.168676253605767	0.152588353359026	0.0747497581564734	0.17213521514447	0.150026548712596	0	0.155911701412504	0.111864142286112	0.16126095131406	0.0907328793165433	0.115224142072212	0.0937329532379406	0.102740408733737	0.100129477369695	0.0890760054767499	0.129892960678281	0.0910535475127482	0.0716115177544627	0.154999307209911	0.15403305947549	0.14410735877597	0.116887584766463	0.133563436375034	0.162286146507284	0.13837804272143	0.171509052078499	0.13381934893093	0.162109525768242	0.130507762000477	0.096498029204067	0.079761959569118	0.122625761425319	0.119174116295532	0.0829102748686646	0.166257781840797	0.132711032813597	0.120103553307073	0.0654744342893021	0.169031823613491	0.117219333716942	0.150251244775917	0.094096230939793	0.13331400368115	0.139672108585257	0.10182640147812	0.120705886214626	0.142571202188662	0.0852476400255031	0.0797265165747742	0.093017977795663	0.113268948905151	0.172231244346519	0.171232772874447	0.124678912873659	0.187703513502685	0.0973274166093591	0.123386798255107	0.16234666809396	0.101548790252126	0.14513444425962
700106341	0.0870375790554678	0.152426353678168	0.145074566447556	0.0955133235124467	0.119990229447363	0.155911701412504	0	0.182453849152455	0.0765957408806924	0.157614793048271	0.111636502071732	0.130364876271382	0.151494921927812	0.148242539259229	0.140080961553923	0.113006132320497	0.181269890263815	0.163998858763398	0.103241769289094	0.0845868658969846	0.0821309333056342	0.0967922398542722	0.103337921273973	0.104038415591497	0.0676988371001216	0.117615893556295	0.169332255309474	0.157298931579052	0.143305500432828	0.153201937323622	0.15503308849119	0.0834336340763171	0.109111951072157	0.137980822916697	0.12435682778886	0.0905261157518621	0.16472620814907	0.157699817456974	0.0979305269744762	0.176943280005136	0.122597694051962	0.152102987315929	0.13131281682175	0.102612305306754	0.134098569698249	0.145509514566282	0.142252041006517	0.137967998739686	0.148160706868485	0.11289461378584	0.10547218287322	0.0694639188868674	0.089535923563633	0.119264518298948	0.106349355035766	0.150392879809868	0.0924494463115827	0.0631320516919449	0.106569803786423	0.074112382708784
700114221	0.185286159450799	0.148852357516092	0.108137771649665	0.183152293982229	0.168554471951574	0.111864142286112	0.182453849152455	0	0.181689351779419	0.0851254971137068	0.141744847789751	0.116870702448706	0.102265319793877	0.155612228143742	0.0995250243531487	0.159192762715259	0.0809506898989254	0.139749249898832	0.184488761019184	0.174010364629729	0.167255235005596	0.141564305719083	0.162553177621171	0.191123798884103	0.175481826817538	0.185053309936405	0.137651311866618	0.151040064806007	0.118840989800076	0.125414833066783	0.117289066522198	0.153197616023552	0.124676692688653	0.116457639675952	0.185917608188205	0.141321454046811	0.15785204991077	0.103091220135973	0.192690225119163	0.0813027500433064	0.15579442290919	0.0971731633171988	0.163228940976154	0.152228035584619	0.108204090066756	0.125431222290532	0.130243994505844	0.0859415088082456	0.145928194519468	0.120679210385828	0.138091557778334	0.196895870263721	0.183609009945468	0.159062352277002	0.208859394989722	0.0932536884585829	0.143447772929982	0.193847253543594	0.124191454735713	0.16883209930817
700023543	0.0972705534853541	0.148223147424743	0.153616757121771	0.135862170074051	0.11734629353322	0.16126095131406	0.0765957408806924	0.181689351779419	0	0.159486727033549	0.114945382054593	0.143707892959276	0.153998581755668	0.145567808001399	0.14811972818075	0.107029661703721	0.178447519651239	0.153482642192129	0.0901460406222048	0.105629231815164	0.0991313042261803	0.100368002285707	0.108189118290726	0.0961105575082547	0.104182594599608	0.0972615436268632	0.149995438930262	0.130706517582068	0.156228934651789	0.151763688996417	0.155310971100061	0.0975598339621266	0.11067978437913	0.137212101979187	0.106944146597379	0.111973705789422	0.147358914689993	0.165679045368262	0.0854641616107625	0.181036188269806	0.111166265026592	0.153015987098485	0.125053306379062	0.0963774899166383	0.133559995085501	0.134469251771932	0.118469998532362	0.14479325612299	0.153421920930845	0.121079690767065	0.12489873794476	0.0883308510230543	0.108423820092701	0.117185914941911	0.103287399268972	0.152265034827287	0.118342408297835	0.0839050659732233	0.124036711666516	0.0960674591878615
700023439	0.159668437101797	0.131028921193033	0.098762896873348	0.166172544364971	0.150140085774521	0.0907328793165433	0.157614793048271	0.0851254971137068	0.159486727033549	0	0.113307210966762	0.102083314700705	0.0744027724111211	0.131158512613828	0.0872299764869661	0.133622489839577	0.0881714986065011	0.111119291717182	0.156271006744246	0.15143736962774	0.135924272631766	0.11602042211242	0.142054099170214	0.161848922830603	0.144130995827118	0.165058105246681	0.139234820892477	0.135046617857728	0.110845304462632	0.102425622014435	0.0922519229909675	0.125667143521404	0.0996020678689267	0.0885762412956161	0.165854426061397	0.121933766400874	0.135754461844749	0.0940876042075881	0.163998476608013	0.085667918317118	0.127464188125091	0.0761356763857843	0.148434865810303	0.13309002491178	0.0841534571035568	0.10657488706125	0.128791533512612	0.0863209239449291	0.11229461576792	0.0959257731195075	0.110440409338909	0.171464996228451	0.168917186117453	0.139124548773162	0.188231522652346	0.0757030906087109	0.121018108145365	0.165043187634997	0.0951837954242287	0.145765481418042
700016978	0.114822328139579	0.124489958586414	0.101036543827393	0.143183885491864	0.130475225226857	0.115224142072212	0.111636502071732	0.141744847789751	0.114945382054593	0.113307210966762	0	0.102473420318489	0.114077383071119	0.129543111255212	0.123635791945853	0.104505268573923	0.133028282057285	0.109439087399103	0.114055591865897	0.109008731265439	0.103579890523454	0.0724804536321637	0.118110914945568	0.11837352064607	0.100482754430321	0.131247077808769	0.121229168641853	0.121289570560183	0.121395709861356	0.114562769240831	0.102878451844606	0.0940131073835731	0.0803500930066372	0.0907532500388769	0.139728227492985	0.0949515707347584	0.114231137666268	0.126278503079999	0.11053331360858	0.1432193763737	0.099023018925591	0.105154642253529	0.109022591643033	0.107072926989845	0.0992606914991934	0.116739428714171	0.132987794614223	0.0993028456170373	0.110158775951429	0.0991955328132549	0.0885754130180301	0.132115964793969	0.125917892922158	0.0931705846903721	0.142060583402321	0.112367992427324	0.108241205738792	0.124616277457985	0.0912701863980124	0.119652366058263
700024192	0.154061876753377	0.161123870822884	0.0590742460079557	0.143166438372782	0.155737535528211	0.0937329532379406	0.130364876271382	0.116870702448706	0.143707892959276	0.102083314700705	0.102473420318489	0	0.0864126317758418	0.139905431282507	0.0822045630679048	0.108263311422818	0.12785777123148	0.113674284984923	0.136896168195017	0.140851485573343	0.128009501395015	0.0901813219955049	0.131104563526905	0.160720055220479	0.119705679389348	0.15783969958716	0.142313405843255	0.148115937233927	0.125029642983717	0.122845960826557	0.104839728500697	0.0877548384411996	0.0960525325821433	0.0976556704703443	0.161107910187393	0.109446082099279	0.141384524055663	0.0931112161997269	0.160862700896452	0.10844688842153	0.131650592364372	0.0730884011154442	0.14379983701411	0.114715012993275	0.0911801483825506	0.121598815518064	0.146917939802905	0.0836263641028196	0.131434835790222	0.0613753859996739	0.0767232254737041	0.159497872661574	0.15529197042489	0.134667243880268	0.183653739539972	0.0841123671455584	0.110327698509715	0.147376220504424	0.0885576859735913	0.123338792141364
700113058	0.155471437826695	0.138422939219208	0.094693938431209	0.162699695539148	0.154095739821938	0.102740408733737	0.151494921927812	0.102265319793877	0.153998581755668	0.0744027724111211	0.114077383071119	0.0864126317758418	0	0.125885121952962	0.0838794735895498	0.12761180574865	0.113426915127851	0.120152048133336	0.158068903468534	0.140491176075504	0.13779768881703	0.115552277087828	0.138493143099304	0.16663020427383	0.143717043953177	0.155344845132732	0.128846307273362	0.126635621529753	0.107088515746768	0.0986248437186006	0.105714220546314	0.119024972321768	0.100759035098778	0.0834577408855485	0.162896448324295	0.125108104530959	0.141879897451248	0.102531667905405	0.161200977405883	0.084589945555357	0.133232643008672	0.0675064751567605	0.155749529840717	0.119409738894751	0.0813161205346093	0.109311640123279	0.142778472680845	0.0811968758404229	0.118304498872638	0.091709544021072	0.112045559367441	0.165728996062158	0.161395580949587	0.141799434401634	0.185359679791009	0.0604373628474931	0.119808113989203	0.162857654247993	0.0977356952527225	0.137508352178854
700099448	0.153696451063815	0.134035225068618	0.127175139059421	0.162520716212498	0.13180745644266	0.100129477369695	0.148242539259229	0.155612228143742	0.145567808001399	0.131158512613828	0.129543111255212	0.139905431282507	0.125885121952962	0	0.119374632876709	0.139019027033771	0.125706471709519	0.104499770758911	0.140300838001185	0.142163557088392	0.136507977724824	0.136997725591719	0.1086229725672	0.147818609972093	0.142500693162674	0.140472810385413	0.128337992753318	0.139188748443878	0.122951418508722	0.0933576697574538	0.111136534190632	0.139222094899024	0.123180280664077	0.10524736511705	0.133354298420509	0.130682471475173	0.115310942381542	0.109353941343142	0.147255354718378	0.148369603419569	0.143591234585996	0.127437077978643	0.126638131392623	0.146539356764609	0.111803591031632	0.12091868859283	0.127258884613718	0.124949628297483	0.0765316488328182	0.123304381861687	0.131100363833798	0.141336951357318	0.150576867307179	0.122495422190094	0.157058045037515	0.13006392600468	0.123999114197152	0.137144551317189	0.104641633976698	0.138605158714276
700109870	0.158788283246393	0.145051427279261	0.0789416519246476	0.144216502555006	0.14579977813305	0.0890760054767499	0.140080961553923	0.0995250243531487	0.14811972818075	0.0872299764869661	0.123635791945853	0.0822045630679048	0.0838794735895498	0.119374632876709	0	0.130985269087376	0.110039004178897	0.121091855681272	0.152416903521835	0.135952852153088	0.127756902494715	0.114749666522947	0.120537853825432	0.162985230708087	0.130717456754695	0.1571786563447	0.133639917376497	0.138929743385561	0.103594052863676	0.0877581202561026	0.11519472116022	0.110635296859602	0.116098826793194	0.101749189369312	0.160774960999243	0.121261519035257	0.147886074072426	0.0774804282315415	0.165481308803259	0.0966624378126905	0.145021462469074	0.0787878878155693	0.158487031328815	0.121840967630607	0.088336487750209	0.111622593421596	0.141257924892142	0.0755460819180978	0.118825932837707	0.0779637146841972	0.109292978327591	0.15583842097118	0.151065090438629	0.13894934906659	0.180982650151598	0.0901163808668884	0.0991703006155098	0.147009382107154	0.0884778961274946	0.124827243515805
700033928	0.106570314661986	0.158107962462484	0.114100384322724	0.135153286130871	0.130947570300711	0.129892960678281	0.113006132320497	0.159192762715259	0.107029661703721	0.133622489839577	0.104505268573923	0.108263311422818	0.12761180574865	0.139019027033771	0.130985269087376	0	0.149864272274538	0.120846051651814	0.100507208085105	0.119616281276106	0.108114571505183	0.0971997426718609	0.120067999484369	0.108020660174257	0.11105543921965	0.131964312020974	0.151053148369872	0.127223192006372	0.143512809248394	0.138368914712418	0.130123595713057	0.104533176304531	0.0956277443262204	0.123952787546071	0.131553845240976	0.126162272003908	0.124059783471423	0.140770240918181	0.111919813211083	0.159253876220613	0.0893169078071791	0.119000532514378	0.13919316421172	0.112325431276459	0.112795562787198	0.130540739576364	0.131177958163958	0.124425583867952	0.136817576433485	0.104616119251497	0.0931257713987263	0.128799891762343	0.124556721522857	0.12299713860671	0.134023201954196	0.120576395784854	0.121058454939929	0.115155093166861	0.113752593087602	0.111391259044772
700023693	0.178398901913837	0.1399690529302	0.109221611941381	0.184800964356674	0.163677893702766	0.0910535475127482	0.181269890263815	0.0809506898989254	0.178447519651239	0.0881714986065011	0.133028282057285	0.12785777123148	0.113426915127851	0.125706471709519	0.110039004178897	0.149864272274538	0	0.112450511953257	0.175690854236977	0.175701305363527	0.162721124659313	0.142732648276517	0.151959426689537	0.178731976045723	0.175612346258173	0.180931607033385	0.139691890502038	0.150588416100645	0.117504510063	0.106657434108749	0.0886643350221483	0.152239005793606	0.127286378866231	0.096545223941118	0.173576222112192	0.133079083224961	0.12796393924074	0.0954317697434804	0.178209166281272	0.0967190076437428	0.152160717207927	0.10578418595811	0.131913321530993	0.15265057985944	0.106023557411506	0.108118408039665	0.130580161469889	0.0963274173617932	0.104568325759323	0.121426718506282	0.134788115650409	0.193109351574572	0.187962326798632	0.142419629016718	0.203917185767108	0.0999722224286718	0.143039357413578	0.19001552953678	0.126619884618513	0.16689813112864
700109627	0.154337791902052	0.153232656581897	0.0899127845232715	0.177812634376611	0.155011789051125	0.0716115177544627	0.163998858763398	0.139749249898832	0.153482642192129	0.111119291717182	0.109439087399103	0.113674284984923	0.120152048133336	0.104499770758911	0.121091855681272	0.120846051651814	0.112450511953257	0	0.146832930806402	0.152667025259858	0.143371174346039	0.122928403782748	0.135974175789304	0.148343590309329	0.149408920552806	0.157588018538616	0.119881046767161	0.149925967156869	0.146032177896291	0.110535785091566	0.0917098752257763	0.132133335316335	0.114187105048783	0.0967726853589861	0.153094039537989	0.133929461580314	0.104518328894557	0.0871093329348124	0.159826250106956	0.140343962010764	0.146871038313378	0.111058785113212	0.128184752243608	0.13979099507769	0.117941341971912	0.127515711510058	0.134099447053337	0.11611685239584	0.0860159318873028	0.116148822538334	0.115653748674525	0.173207956485864	0.165119020092052	0.120184822085222	0.168934264233044	0.118716902810816	0.138477110052572	0.163014740387392	0.116468559144635	0.155117935810037
700095416	0.0868596891137233	0.154794474328727	0.150630040061255	0.136497935646211	0.123352967721514	0.154999307209911	0.103241769289094	0.184488761019184	0.0901460406222048	0.156271006744246	0.114055591865897	0.136896168195017	0.158068903468534	0.140300838001185	0.152416903521835	0.100507208085105	0.175690854236977	0.146832930806402	0	0.114178519856762	0.0973616643243572	0.107806759359662	0.11464426351151	0.0915167146135853	0.1068299165385	0.112173515571719	0.14892873792673	0.129562694826532	0.152347820652059	0.153489613082727	0.145529380834842	0.106177066506272	0.110307470601104	0.140123160803392	0.123142523804848	0.121054617093042	0.129565710240735	0.159383708060951	0.0897740962824556	0.183538526837388	0.0970916274106298	0.150906626312797	0.117544802251688	0.114372672616135	0.137146907007432	0.133794319031082	0.124154089236604	0.150415257968543	0.138283586308547	0.126728778041655	0.10837164311976	0.111562842630896	0.11551500123809	0.10688893434213	0.106547567816821	0.150540190611275	0.116632336152572	0.101027925504863	0.124782776119154	0.114740415800637
700110425	0.0986523467839578	0.139375564618959	0.149196413339078	0.105674925679055	0.128345846949234	0.15403305947549	0.0845868658969846	0.174010364629729	0.105629231815164	0.15143736962774	0.109008731265439	0.140851485573343	0.140491176075504	0.142163557088392	0.135952852153088	0.119616281276106	0.175701305363527	0.152667025259858	0.114178519856762	0	0.0820498073470518	0.108281535789198	0.100461624641174	0.121979230617794	0.069677214886109	0.115549638252754	0.14400637003722	0.1380385061122	0.129275153190347	0.125795532958151	0.154869394653838	0.110468060210229	0.103309094032403	0.134185175302595	0.123104859192259	0.0957535065720232	0.156062376297745	0.162692456531425	0.121804381978279	0.16453386250484	0.115342517986309	0.135837450832252	0.136260863604272	0.0902423633650556	0.122630131905084	0.139355265585796	0.141213628932415	0.132065298457586	0.14025016858071	0.12579053818024	0.113847066088918	0.0904165268603657	0.0724132781267384	0.117309007072112	0.126598858217028	0.142387612753981	0.0762714346859799	0.0740879316515109	0.107897145793223	0.0893550203712465
700111580	0.091244452638199	0.136853971260622	0.142460754323563	0.108842680256267	0.127740742854357	0.14410735877597	0.0821309333056342	0.167255235005596	0.0991313042261803	0.135924272631766	0.103579890523454	0.128009501395015	0.13779768881703	0.136507977724824	0.127756902494715	0.108114571505183	0.162721124659313	0.143371174346039	0.0973616643243572	0.0820498073470518	0	0.0881523408573191	0.0897347855386872	0.105041415151546	0.0651125006601839	0.128580485866669	0.148275460412464	0.15119202236131	0.121813844671625	0.137593511146982	0.138945391091882	0.0992546619781003	0.0932426948389497	0.124263362339372	0.133627847965138	0.100667552230104	0.158790408545133	0.144481980310641	0.123156035330583	0.155715735150749	0.110416817857321	0.131984078801753	0.132963621100488	0.106751529796907	0.109110811487359	0.118742598292145	0.130743800082074	0.123391223627452	0.130575311334065	0.106865640486659	0.104525958295315	0.0928150452593301	0.0995245422083004	0.101953406865269	0.117468201906374	0.135051000533661	0.0721828924961421	0.0767947950363746	0.0906653681757805	0.0852202143255296
700111302	0.108920287413757	0.135852764663878	0.0967612185222151	0.137088931710899	0.136532202205952	0.116887584766463	0.0967922398542722	0.141564305719083	0.100368002285707	0.11602042211242	0.0724804536321637	0.0901813219955049	0.115552277087828	0.136997725591719	0.114749666522947	0.0971997426718609	0.142732648276517	0.122928403782748	0.107806759359662	0.108281535789198	0.0881523408573191	0	0.119382780561031	0.11420742762058	0.0845540028033446	0.141819703338357	0.138219822270908	0.142924491451649	0.125702491370016	0.126011565299625	0.112905173201509	0.0680914648885063	0.074255053559464	0.0960365411189297	0.144948871072462	0.0919292313590956	0.135283918392983	0.125151620132171	0.12631279711692	0.138259727733683	0.118076926407743	0.108559932686849	0.122863109725503	0.0963372862770988	0.0952324795072065	0.128558468282227	0.135145552215615	0.0962335731711354	0.118098514861369	0.0717450334156474	0.0850672162589451	0.118507127173666	0.123758104863102	0.0999751082132402	0.140455411851558	0.106290434329757	0.100376605694078	0.108535189541394	0.0858418906869021	0.102549604369237
700098605	0.105298571306339	0.117879908217952	0.134111779014021	0.107905092510066	0.122678342685347	0.133563436375034	0.103337921273973	0.162553177621171	0.108189118290726	0.142054099170214	0.118110914945568	0.131104563526905	0.138493143099304	0.1086229725672	0.120537853825432	0.120067999484369	0.151959426689537	0.135974175789304	0.11464426351151	0.100461624641174	0.0897347855386872	0.119382780561031	0	0.112178498983712	0.104895996775129	0.109922911597434	0.123677777554181	0.132365802822497	0.131211811573071	0.124086436005162	0.137480613317842	0.112222538357334	0.108496050740457	0.125372787127449	0.112186263043708	0.0983170565882586	0.136218015457468	0.125580054119343	0.118349767107634	0.154732835345551	0.118329688246691	0.137223243222084	0.133474107305317	0.10627691670193	0.125068034238176	0.113706802810353	0.119043391025521	0.129020175445223	0.127660844249485	0.107434632257017	0.113444032040248	0.0929688817662384	0.0995820727544235	0.115224427081093	0.10673871043977	0.136761871203883	0.105468947464712	0.0900225733665787	0.101189731112866	0.077300852726728
700111991	0.0855089436701047	0.161658788599851	0.153988763209865	0.128482602434953	0.116529823773731	0.162286146507284	0.104038415591497	0.191123798884103	0.0961105575082547	0.161848922830603	0.11837352064607	0.160720055220479	0.16663020427383	0.147818609972093	0.162985230708087	0.108020660174257	0.178731976045723	0.148343590309329	0.0915167146135853	0.121979230617794	0.105041415151546	0.11420742762058	0.112178498983712	0	0.112409482606672	0.100171802562028	0.147892133510285	0.138271058695908	0.148750881525107	0.166405356198315	0.152538761990724	0.134903204138145	0.120874398306154	0.146936331027456	0.108487417701829	0.118715955164376	0.131832608740781	0.161259489509781	0.0955235887261003	0.190074762995316	0.110624553344822	0.171512392819109	0.136884045608236	0.135784732137725	0.142921339017832	0.136213834620306	0.119048900755137	0.155116215030066	0.145266679532571	0.138998422760418	0.118186324942491	0.110823554034158	0.115438050960221	0.111140826342903	0.0907083147239924	0.165295606468828	0.136360460528758	0.101355495007674	0.13682616954053	0.11874600935166
700108960	0.0946021457764477	0.151318888189374	0.134595028570853	0.100492757210252	0.132617881225321	0.13837804272143	0.0676988371001216	0.175481826817538	0.104182594599608	0.144130995827118	0.100482754430321	0.119705679389348	0.143717043953177	0.142500693162674	0.130717456754695	0.11105543921965	0.175612346258173	0.149408920552806	0.1068299165385	0.069677214886109	0.0651125006601839	0.0845540028033446	0.104895996775129	0.112409482606672	0	0.133454066093778	0.164585249637954	0.154300058288144	0.134957707321014	0.136242152075962	0.144870343697993	0.0856168214449666	0.104154102450143	0.133102697483559	0.138935420436355	0.0950608385627018	0.158032616342166	0.148383252856355	0.125369744153014	0.167238832803141	0.125534792938529	0.133738819635465	0.136838155047032	0.0956752096746884	0.122222048385025	0.143157008567091	0.151555120015101	0.129547311421014	0.133995659960298	0.102022471025277	0.0933409855855216	0.0907706850614159	0.0832470643616439	0.113165752282359	0.116752738375816	0.142520642466706	0.076507493886902	0.0698085509898349	0.0885958797551679	0.0830383427707925
700024452	0.106515082004925	0.139707359828132	0.158407651552103	0.114763341075262	0.107722901639076	0.171509052078499	0.117615893556295	0.185053309936405	0.0972615436268632	0.165058105246681	0.131247077808769	0.15783969958716	0.155344845132732	0.140472810385413	0.1571786563447	0.131964312020974	0.180931607033385	0.157588018538616	0.112173515571719	0.115549638252754	0.128580485866669	0.141819703338357	0.109922911597434	0.100171802562028	0.133454066093778	0	0.140608948554405	0.111695857818862	0.117816381287312	0.152974473335573	0.168182597249066	0.145838023123459	0.125596568395096	0.143370917566232	0.0644978481102874	0.124741985810012	0.147453254147511	0.162650370495163	0.0971030181871616	0.169929048518686	0.113347396468423	0.157963018555879	0.138364556947108	0.125780503976442	0.139815716554679	0.120671357307874	0.114389466734093	0.154336836906025	0.154866143426617	0.150314249565213	0.127159277962073	0.0971998732542088	0.103132315343647	0.136888637241712	0.10246777156124	0.158533946534071	0.130611630927291	0.11304361456397	0.125241892742243	0.134198530244536
700032931	0.145889430589346	0.121818173715977	0.127451640063401	0.177237809685268	0.16001700836436	0.13381934893093	0.169332255309474	0.137651311866618	0.149995438930262	0.139234820892477	0.121229168641853	0.142313405843255	0.128846307273362	0.128337992753318	0.133639917376497	0.151053148369872	0.139691890502038	0.119881046767161	0.14892873792673	0.14400637003722	0.148275460412464	0.138219822270908	0.123677777554181	0.147892133510285	0.164585249637954	0.140608948554405	0	0.132053707167077	0.146954102959215	0.126762276104369	0.128166448696804	0.144520855885882	0.121873189923132	0.125701506847798	0.147228041894185	0.138884016876431	0.135173577595555	0.135964067655322	0.149629948659342	0.146490783462564	0.141188626024921	0.12928927772914	0.135942413416824	0.135490364834501	0.126995162088436	0.134724245788972	0.112495140738583	0.132698904947912	0.132644393416663	0.130941578878832	0.145787297158801	0.162274892387811	0.148313188384615	0.121997691909669	0.1581164138761	0.128339209207209	0.144618808597294	0.164782579658887	0.13282158890973	0.15183108136735
700095837	0.132872105121506	0.128376546755082	0.148528152023007	0.153013361948723	0.140119912370174	0.162109525768242	0.157298931579052	0.151040064806007	0.130706517582068	0.135046617857728	0.121289570560183	0.148115937233927	0.126635621529753	0.139188748443878	0.138929743385561	0.127223192006372	0.150588416100645	0.149925967156869	0.129562694826532	0.1380385061122	0.15119202236131	0.142924491451649	0.132365802822497	0.138271058695908	0.154300058288144	0.111695857818862	0.132053707167077	0	0.108738912470707	0.122215487475138	0.150647950281597	0.145999998032074	0.118579586793134	0.12507851983815	0.12844861578031	0.143727319658207	0.124633796344892	0.159195228196336	0.129684451227146	0.153488252754115	0.113162835600959	0.125204022239819	0.141043027452194	0.127149349011669	0.121387802946577	0.121869632410742	0.124378765296542	0.140783762994292	0.145811061610414	0.140299867042229	0.133270924190817	0.150346039929833	0.145845504857812	0.152197863783621	0.144915881231721	0.132733344337808	0.14391120243563	0.150433103321287	0.133064210655014	0.151278183027246
700024548	0.147565317224861	0.123869860820764	0.120259076432941	0.133862934980612	0.123076487523622	0.130507762000477	0.143305500432828	0.118840989800076	0.156228934651789	0.110845304462632	0.121395709861356	0.125029642983717	0.107088515746768	0.122951418508722	0.103594052863676	0.143512809248394	0.117504510063	0.146032177896291	0.152347820652059	0.129275153190347	0.121813844671625	0.125702491370016	0.131211811573071	0.148750881525107	0.134957707321014	0.117816381287312	0.146954102959215	0.108738912470707	0	0.114670902972358	0.130157093996899	0.149026469767835	0.109888823313804	0.105214987497447	0.121935470138615	0.10934333759381	0.148235976032138	0.124914309322926	0.156327071624578	0.108173982638639	0.13093011559898	0.0929718472099342	0.14677109758878	0.143674639380832	0.0805468640920212	0.0902843992527589	0.127869540023798	0.100205160263243	0.127762984348366	0.12510811263751	0.110717754209584	0.143984181946393	0.138835470852875	0.140561608936846	0.160053740307521	0.111591196596168	0.103641611986588	0.144763433196105	0.103415030826859	0.147239172601398
700110161	0.157734741547566	0.126478532483778	0.107522017504098	0.155650983799263	0.137255605978344	0.096498029204067	0.153201937323622	0.125414833066783	0.151763688996417	0.102425622014435	0.114562769240831	0.122845960826557	0.0986248437186006	0.0933576697574538	0.0877581202561026	0.138368914712418	0.106657434108749	0.110535785091566	0.153489613082727	0.125795532958151	0.137593511146982	0.126011565299625	0.124086436005162	0.166405356198315	0.136242152075962	0.152974473335573	0.126762276104369	0.122215487475138	0.114670902972358	0	0.103374496840851	0.129274008910034	0.112883991067857	0.0849200595741336	0.151385378160125	0.127843641628004	0.123872525317065	0.100438011641964	0.156942331661593	0.117887171762741	0.14147094068118	0.094137186779093	0.135644945768979	0.127435725234351	0.104454513321314	0.115234565472622	0.147443978282015	0.0968362289365179	0.0822270672510725	0.106010904593688	0.125560704690276	0.152187955208849	0.1516661176615	0.127504769005638	0.173299223487138	0.109604440521542	0.111286033736135	0.148791493630609	0.098333670063677	0.138519433684503
700023496	0.156170598782016	0.142776785051258	0.0935352531613073	0.173365093593713	0.14208136702905	0.079761959569118	0.15503308849119	0.117289066522198	0.155310971100061	0.0922519229909675	0.102878451844606	0.104839728500697	0.105714220546314	0.111136534190632	0.11519472116022	0.130123595713057	0.0886643350221483	0.0917098752257763	0.145529380834842	0.154869394653838	0.138945391091882	0.112905173201509	0.137480613317842	0.152538761990724	0.144870343697993	0.168182597249066	0.128166448696804	0.150647950281597	0.130157093996899	0.103374496840851	0	0.127657914375587	0.10637368872327	0.0797587989291397	0.160900694671396	0.123297654630317	0.111279470668974	0.0936399373420329	0.156665530841754	0.119786066405392	0.132845861040133	0.100727448021684	0.120461826990381	0.140261066987958	0.0964011333481067	0.118533803190426	0.122130278887645	0.093568937220445	0.0854253099084778	0.100844135482058	0.110977721966043	0.171213469809796	0.170755609474302	0.109660227738782	0.18335161513627	0.093780969921947	0.13055725587656	0.165097874836547	0.114153430405469	0.153034765834231
700034628	0.119816433878808	0.145486814938123	0.106837591177526	0.142807156496741	0.15031301098203	0.122625761425319	0.0834336340763171	0.153197616023552	0.0975598339621266	0.125667143521404	0.0940131073835731	0.0877548384411996	0.119024972321768	0.139222094899024	0.110635296859602	0.104533176304531	0.152239005793606	0.132133335316335	0.106177066506272	0.110468060210229	0.0992546619781003	0.0680914648885063	0.112222538357334	0.134903204138145	0.0856168214449666	0.145838023123459	0.144520855885882	0.145999998032074	0.149026469767835	0.129274008910034	0.127657914375587	0	0.0960515480362841	0.114502158386358	0.14704262398613	0.0876358027334853	0.150023880713351	0.126812875799327	0.129659652392735	0.146014780812193	0.124481381416181	0.113742629647483	0.128538269205866	0.0781898792292381	0.113226323432599	0.137686501387479	0.149277356178027	0.106532082660077	0.131272823771007	0.0686447578626129	0.0982203137446308	0.116776930150884	0.12375493760804	0.120190766389922	0.152203334984945	0.109825545754977	0.101634121257341	0.103569508292415	0.0893702992513704	0.078689556297208
700023645	0.113988288484333	0.115843993770988	0.100110336422548	0.131253372503061	0.13119662536372	0.119174116295532	0.109111951072157	0.124676692688653	0.11067978437913	0.0996020678689267	0.0803500930066372	0.0960525325821433	0.100759035098778	0.123180280664077	0.116098826793194	0.0956277443262204	0.127286378866231	0.114187105048783	0.110307470601104	0.103309094032403	0.0932426948389497	0.074255053559464	0.108496050740457	0.120874398306154	0.104154102450143	0.125596568395096	0.121873189923132	0.118579586793134	0.109888823313804	0.112883991067857	0.10637368872327	0.0960515480362841	0	0.0809334856322415	0.128096132860743	0.0865324911758885	0.125500903325082	0.120286696761981	0.120238957631927	0.116574639109487	0.105365996248895	0.0943452753028779	0.116762438887349	0.102374404071085	0.0774899525349396	0.102155435114538	0.111175615800466	0.0931220811274585	0.116419632128821	0.085117141013406	0.0828985063681329	0.122066088441907	0.124142063711099	0.107190660744544	0.144708258264052	0.0866547185923465	0.0999964392051465	0.116403457359316	0.0767473009503874	0.112217406164778
700038744	0.145838325432264	0.128621465409726	0.0944260748918541	0.154084018821102	0.136826256204665	0.0829102748686646	0.137980822916697	0.116457639675952	0.137212101979187	0.0885762412956161	0.0907532500388769	0.0976556704703443	0.0834577408855485	0.10524736511705	0.101749189369312	0.123952787546071	0.096545223941118	0.0967726853589861	0.140123160803392	0.134185175302595	0.124263362339372	0.0960365411189297	0.125372787127449	0.146936331027456	0.133102697483559	0.143370917566232	0.125701506847798	0.12507851983815	0.105214987497447	0.0849200595741336	0.0797587989291397	0.114502158386358	0.0809334856322415	0	0.151109022105268	0.108026376275021	0.114515819604454	0.0907526346716465	0.147220193738269	0.102849794265388	0.127135190536512	0.087838644829539	0.112129447912269	0.124454388660354	0.0817713859523513	0.101504251364356	0.126265437331092	0.0721852585333318	0.0900017410169068	0.0895814576122554	0.102469328041369	0.157674204928877	0.1536275686344	0.102364712004237	0.171710775502227	0.0817182405380145	0.118941681451662	0.149363905181645	0.0897390988687468	0.139031983101663
700038485	0.115333232161261	0.140299104049883	0.156352243308316	0.118930607914835	0.104136671261836	0.166257781840797	0.12435682778886	0.185917608188205	0.106944146597379	0.165854426061397	0.139728227492985	0.161107910187393	0.162896448324295	0.133354298420509	0.160774960999243	0.131553845240976	0.173576222112192	0.153094039537989	0.123142523804848	0.123104859192259	0.133627847965138	0.144948871072462	0.112186263043708	0.108487417701829	0.138935420436355	0.0644978481102874	0.147228041894185	0.12844861578031	0.121935470138615	0.151385378160125	0.160900694671396	0.14704262398613	0.128096132860743	0.151109022105268	0	0.124797292982171	0.138850079926078	0.160364744422681	0.103752547952323	0.170842530152217	0.125031738295158	0.159827659562727	0.144349055170301	0.131140264863824	0.141894389001012	0.120718543518729	0.115447662092891	0.163016151137245	0.147690852167031	0.153371443191516	0.131777421913503	0.102996707782022	0.107223459625575	0.141782261407583	0.0964702915796949	0.160788051914287	0.135260786707968	0.122889669895684	0.132939286188686	0.139816274441341
700024743	0.12073991795928	0.130776447993115	0.104900228697618	0.120367435001979	0.139946384341465	0.132711032813597	0.0905261157518621	0.141321454046811	0.111973705789422	0.121933766400874	0.0949515707347584	0.109446082099279	0.125108104530959	0.130682471475173	0.121261519035257	0.126162272003908	0.133079083224961	0.133929461580314	0.121054617093042	0.0957535065720232	0.100667552230104	0.0919292313590956	0.0983170565882586	0.118715955164376	0.0950608385627018	0.124741985810012	0.138884016876431	0.143727319658207	0.10934333759381	0.127843641628004	0.123297654630317	0.0876358027334853	0.0865324911758885	0.108026376275021	0.124797292982171	0	0.141714466047407	0.125123468114902	0.125590524010652	0.140636151047573	0.129948639106036	0.119536913537268	0.119053294697646	0.0995460595789271	0.105170045999432	0.10930959821042	0.127907039010072	0.106435682809172	0.123685111881693	0.095600362406732	0.0825495368100371	0.111394213775016	0.111547552603082	0.110183198447133	0.13305951103005	0.119780052164487	0.101299844184726	0.0973287028581516	0.0871829397984648	0.0947100602165568
