700108602	700014971	700033565	700109389	700023058	700023927	700106341	700114221	700023543	700023439	700016978	700024192	700113058	700099448	700109870	700033928	700023693	700109627	700095416	700110425	700111580	700111302	700098605	700111991	700108960	700024452	700032931	700095837	700024548	700110161	700023496	700034628	700023645	700038744	700038485	700024743	700099596	700110760	700101587	700106399	700032322	700095653	700021312	700101230	700023590	700038905	700033136	700023382	700096424	700105469	700016908	700096053	700108479	700109569	700033814	700016125	700109756	700102665	700101777	700109455
700108602	0	0.151328598159576	0.153553853190959	0.102050204965469	0.142115942732794	0.164226759415255	0.0830213339797364	0.187078171076914	0.0879585744099288	0.155818488549269	0.113606792640573	0.155263445953624	0.159655468821039	0.147556605280085	0.157403737852609	0.10814131636852	0.181172637675474	0.151808413844644	0.085102191098959	0.0906691169797289	0.0895809568166554	0.111277734486873	0.110203724984305	0.0752312010871818	0.0955030174543228	0.113513418350151	0.14979758572933	0.128550493924734	0.13890251898972	0.158039404035769	0.156484021609609	0.117471694413043	0.12126248058595	0.151368372472044	0.117157202548151	0.118994406788449	0.131430539138234	0.171293983650431	0.0898681994064328	0.176283474851763	0.0950251996104589	0.149163342604722	0.131862748210194	0.119110045656548	0.149414515107451	0.128923361956173	0.111688642539062	0.149748881715768	0.156134472434598	0.133034493154873	0.111873439442945	0.0915918094132959	0.0927098065680957	0.102091225636034	0.101929086696554	0.150644359338115	0.11124427728922	0.0790813334678952	0.129168100154955	0.0959380352976043
700014971	0.151328598159576	0	0.139996072731415	0.154074023800186	0.130515223294794	0.145010853061152	0.152776283074806	0.145997160746215	0.152740025474867	0.125627993932427	0.124219380095888	0.159866799898946	0.138049819979316	0.121911800849087	0.14374649349519	0.157995248323303	0.135083631557145	0.149498630175013	0.147287743606859	0.149404168269395	0.141983394154481	0.138630058702425	0.119551181790221	0.155031609693564	0.155572671140047	0.137765444682431	0.121745416002507	0.143524312648767	0.120371734538273	0.135741577440236	0.125988516181259	0.143685074541143	0.133156314743207	0.116938380899563	0.134727324707435	0.128795822735248	0.147176182856563	0.154499366886463	0.142381843008813	0.136142556018373	0.142708795119848	0.13449152916824	0.134680633876385	0.136828178931622	0.137551210212911	0.126108022960046	0.105015742716973	0.143182437269145	0.126446512515689	0.137675389366227	0.136991895367915	0.152012631705848	0.148764938317307	0.134281772286757	0.156213385971711	0.122780149680253	0.149008178189372	0.155809709521585	0.133230399251618	0.148622477270216
700033565	0.153553853190959	0.139996072731415	0	0.140886096068125	0.148528200663193	0.0763205260487261	0.140312408953368	0.116926284842137	0.146625348828206	0.101610565877944	0.0992162787535825	0.0673629957587313	0.109728036141842	0.126267108818023	0.0865433793637851	0.122548485458604	0.105939382934643	0.099412037107591	0.134067110381043	0.139172462976288	0.139462025934917	0.0956783498506318	0.124860100247642	0.148385384766284	0.127422579207012	0.149250072429007	0.123551078927615	0.140585423384563	0.118468798215768	0.098763886816807	0.0978180794723968	0.10075292042556	0.106121384848047	0.0920801797116652	0.144155033239105	0.107900465259449	0.127221900429081	0.0849943897577177	0.1520774135436	0.112195954182525	0.136102508988812	0.077077557893144	0.133344593775367	0.129285839177887	0.105460173610018	0.117099196843927	0.129979360636466	0.0874968599139184	0.114859704977181	0.0796205637093529	0.0731488484415	0.158797653764319	0.14535333880163	0.128615029403824	0.171540318169675	0.111246089717023	0.129816116371239	0.155344871019852	0.091434708909455	0.139765766192949
700109389	0.102050204965469	0.154074023800186	0.140886096068125	0	0.158012969150484	0.169093509105401	0.0985342925012311	0.186235961922616	0.138358809147774	0.169800961298182	0.141840445024494	0.147875443751485	0.16957353248794	0.157453845028266	0.146135013654963	0.134080733070883	0.184727585376185	0.182129950073398	0.136548900302184	0.0873113822963714	0.106680060592524	0.135815720270864	0.0990335447750035	0.11626148317152	0.102669851887374	0.123866108299168	0.170984567576075	0.151965358882068	0.138662199664697	0.154744186666415	0.172588979669225	0.138132081124205	0.136365640915163	0.158479529649706	0.115645500493232	0.113640656787574	0.170512850831593	0.165957853756793	0.124957175625131	0.163028309095717	0.132375811236148	0.151517145559772	0.150436271775311	0.1388173087991	0.15872534598443	0.144364233248052	0.143717723654913	0.15837866227854	0.162412704490445	0.138951705204891	0.118692792061583	0.0972075314383924	0.0737623630449873	0.147099680370006	0.113405737903567	0.169377760064018	0.108275975011765	0.0885848808810515	0.120189210627905	0.10156525243805
700023058	0.142115942732794	0.130515223294794	0.148528200663193	0.158012969150484	0	0.148970964137588	0.138844855102656	0.169820919743426	0.123263224988375	0.147061445561616	0.140137624863426	0.165327733496744	0.161787197598241	0.127738510982181	0.153277650716911	0.137770562076286	0.151492756195481	0.15524875301296	0.139708793533618	0.140442845201265	0.147817698570482	0.157683711740897	0.134736251557921	0.151370633365688	0.155239848958268	0.113783093966484	0.141141640398439	0.136385488947519	0.135439008623434	0.139961362206083	0.157805182354319	0.154677466206303	0.138868373029262	0.14064283143533	0.11216621797756	0.140224402698529	0.132102425326708	0.159114167193307	0.118447843299681	0.152347650589388	0.143417499079345	0.14231856408868	0.137070065649603	0.157859261001842	0.14640448842805	0.133666760281511	0.115679273258429	0.140283524290761	0.142562921655539	0.148817406954295	0.137362670978212	0.140482493385125	0.137075236410397	0.146143802792364	0.13689556627752	0.153098638332409	0.141464585004638	0.148776054263294	0.149660986635503	0.142559082395728
700023927	0.164226759415255	0.145010853061152	0.0763205260487261	0.169093509105401	0.148970964137588	0	0.154269513278341	0.115932841053058	0.15581564664456	0.0887271064776826	0.101735130889104	0.0957046185373136	0.110811047569194	0.108416881235275	0.0892541520957316	0.139298088738381	0.0966181176103096	0.0789670232683896	0.146333357691657	0.152197534235306	0.144921676387085	0.116442925542424	0.133672200422699	0.160825422063736	0.134185966177882	0.162784033028187	0.127529034107399	0.163774900141482	0.120154621428924	0.0878068383869684	0.0892061608652775	0.121981405315936	0.11479905596667	0.0802582919574001	0.159603537539193	0.113041559859321	0.119548114842596	0.0627082837688466	0.164503936180188	0.111321738839502	0.150837271173691	0.0812767189244599	0.12563197645577	0.14036855710476	0.113623766421125	0.11657546413822	0.13911302175248	0.0894160250329418	0.0743870787026915	0.0934842189490165	0.0992361365671037	0.166143533364909	0.162008932807341	0.119549566238885	0.182754866744981	0.118120020226554	0.132750916609968	0.16312464805472	0.100112310977499	0.151041873610853
700106341	0.0830213339797364	0.152776283074806	0.140312408953368	0.0985342925012311	0.138844855102656	0.154269513278341	0	0.184111946381284	0.0810250701860427	0.162866845685554	0.120510324723979	0.134214597650218	0.159468644307717	0.144520437724013	0.142131797465653	0.109707935528543	0.180321247075916	0.168651910645397	0.101725406156522	0.0799387671508575	0.0847156486510454	0.101847127744737	0.109634571592719	0.101233988881439	0.0673952657433079	0.121296895882615	0.17118174120174	0.160748029217846	0.146013277042192	0.14884298085466	0.15225907419272	0.0884251089829703	0.120218691949432	0.142022073321062	0.121369886261468	0.092624149135293	0.143175250945555	0.159852765207346	0.0848226034403215	0.163519923432646	0.121372895962015	0.134540123733735	0.124191215973103	0.10014256669621	0.139576449244141	0.13924655807488	0.129027208714583	0.14040039748637	0.152010825977703	0.113998984501155	0.102581370139101	0.0658578100438674	0.0899270832893257	0.118435669664972	0.117256130960621	0.155072232269606	0.0964308451421824	0.0701334079354331	0.116520357222575	0.0656212519504026
700114221	0.187078171076914	0.145997160746215	0.116926284842137	0.186235961922616	0.169820919743426	0.115932841053058	0.184111946381284	0	0.184674168313026	0.103107231846188	0.142388715061817	0.115623320591477	0.0938704976604339	0.160206615806367	0.104440489496358	0.166659147008575	0.0809603524061145	0.146655376495296	0.176879756700858	0.17532969601271	0.171876577099923	0.141372152602972	0.165547399089963	0.191254986597676	0.179441936767399	0.190138452405081	0.136496647528344	0.159877468470676	0.123562268813109	0.124267179170175	0.11233878080538	0.150470875495569	0.126951899405065	0.125547575996358	0.187247259119679	0.137537368915531	0.168152962541966	0.109141239426864	0.183454078070283	0.0799388371502247	0.155459514440168	0.093964023420622	0.179159455099357	0.155299389934899	0.112081908292767	0.132851756817158	0.137259011961446	0.0804541436132082	0.155349036716506	0.118036880615609	0.142162325728045	0.202095375206962	0.185546517859461	0.154190176777899	0.213536618140156	0.097656366637021	0.152975843303812	0.20149894680663	0.131142867980801	0.180733955302898
700023543	0.0879585744099288	0.152740025474867	0.146625348828206	0.138358809147774	0.123263224988375	0.15581564664456	0.0810250701860427	0.184674168313026	0	0.15375876470784	0.125525203816731	0.143662443603452	0.156142022184312	0.139373341616202	0.149511277818257	0.105162255636747	0.171264027389537	0.151016760117567	0.0960974088855919	0.104714328612991	0.104902304893626	0.113411292351583	0.110631870710955	0.100839011255259	0.108647016480752	0.102876121833295	0.151151307409983	0.130447072292368	0.15040973581752	0.146931218757807	0.146837290911735	0.0949315473725539	0.124957769438809	0.143884012201522	0.111516960352469	0.117168891412392	0.127257364236277	0.162875775812847	0.0848740621945896	0.172214070445057	0.120536894210759	0.140699524538358	0.124490026868119	0.0903908248029271	0.143466689249764	0.134218796047887	0.110204853179023	0.137915494250108	0.163233753334443	0.121652889921346	0.116884881736789	0.0801955075062396	0.112998779611425	0.126286567596821	0.119061318773313	0.147790462536556	0.123039012748044	0.0946232321510137	0.127851224101683	0.092789024760188
700023439	0.155818488549269	0.125627993932427	0.101610565877944	0.169800961298182	0.147061445561616	0.0887271064776826	0.162866845685554	0.103107231846188	0.15375876470784	0	0.100276267393406	0.110278661214836	0.0992899195985385	0.124289051289502	0.1066405409014	0.139323239070801	0.0842911152788062	0.11029879854298	0.139340808440943	0.158290896138708	0.138389780439282	0.120454932709098	0.139857016979182	0.156028359251879	0.14845885837413	0.156828544378286	0.116683023815215	0.148870695280393	0.111222714981736	0.102384588232479	0.0873816949656228	0.134932510369709	0.0992372421073812	0.0938181469289934	0.152057515137645	0.117190943267481	0.120943573166113	0.0864817978380124	0.152024390689692	0.0944907385077919	0.124351109035248	0.0929777816118186	0.142917056690277	0.143928923110833	0.0988661481411589	0.100077177218105	0.115678913411325	0.0858836572294629	0.10395275781903	0.103738839886421	0.110415399918867	0.171238816214199	0.162747681683786	0.113322446930683	0.176125261534823	0.0930234511990193	0.131120651252164	0.162673627663751	0.105061905653484	0.157263171378175
700016978	0.113606792640573	0.124219380095888	0.0992162787535825	0.141840445024494	0.140137624863426	0.101735130889104	0.120510324723979	0.142388715061817	0.125525203816731	0.100276267393406	0	0.107578183103349	0.123223149977528	0.119021142286601	0.125356389993655	0.103598061206089	0.120054949366889	0.101177747901427	0.108353395708624	0.123068102877185	0.109229690304424	0.0860340850659032	0.119450029367849	0.123017826714454	0.105132429920505	0.13952431496096	0.119017084920618	0.13085100758646	0.120286722263801	0.112890117989308	0.102851286418591	0.10113105744257	0.0845320798800075	0.0886746734733812	0.142593233065137	0.102975983034103	0.110227721726836	0.118958204728282	0.119999370924144	0.136875133809491	0.111732357855242	0.1015506992521	0.103365074834382	0.111314047027337	0.112718377449868	0.11813782597008	0.114706644707765	0.103127875803719	0.106946784383356	0.0979816405779564	0.0860808584918126	0.135721292231648	0.1347155405089	0.0815858392582059	0.142696590965388	0.116559018071956	0.113075623981478	0.126355558314336	0.0933187555431158	0.127483703319462
700024192	0.155263445953624	0.159866799898946	0.0673629957587313	0.147875443751485	0.165327733496744	0.0957046185373136	0.134214597650218	0.115623320591477	0.143662443603452	0.110278661214836	0.107578183103349	0	0.097022380125898	0.143971000923532	0.0856533049069659	0.115227695737724	0.120009195191981	0.119491096484745	0.131197341579147	0.14228679145913	0.130602256043711	0.0886035521257369	0.131818492910242	0.158766446428475	0.118239103929296	0.160988956451634	0.14188801848144	0.155964065332449	0.126143675950085	0.11369079015642	0.101710291163675	0.0924595385284668	0.104557096163719	0.0999242398774576	0.162785780519288	0.111515482582137	0.146227428995041	0.0935255744231179	0.159136352664308	0.10638356256907	0.130871738004282	0.0716235527144242	0.146988252271091	0.119201260105219	0.0934306821851455	0.129027148281417	0.144950063661	0.0832945405759962	0.130236174309383	0.0689065194609598	0.0749177038284494	0.160873595178588	0.15062580934431	0.135930811627574	0.183901407701585	0.109558620806034	0.123544208761614	0.152285390984604	0.0933214657738248	0.13655940214451
700113058	0.159655468821039	0.138049819979316	0.109728036141842	0.16957353248794	0.161787197598241	0.110811047569194	0.159468644307717	0.0938704976604339	0.156142022184312	0.0992899195985385	0.123223149977528	0.097022380125898	0	0.137372186628137	0.0913968612735361	0.141075942345165	0.104301473428199	0.132208300589576	0.147732129902356	0.155262420535886	0.143629686547691	0.118685386204027	0.146137020685039	0.17059522011414	0.151158106445472	0.164426619438625	0.127672780687211	0.138590947609941	0.111398977517507	0.109998105992755	0.0937368684580706	0.124960270044823	0.109449792596473	0.102891941593047	0.16587215619453	0.123800757333195	0.141239478095324	0.111776191273136	0.1544595186568	0.0970055851044494	0.13746527904548	0.0818117483373554	0.162121182433503	0.137155826682027	0.0981343081902635	0.117301029484062	0.137117183948493	0.0834720102660118	0.126505255034699	0.0967610536983904	0.121311263436933	0.17592589568659	0.163550645319058	0.145287539525684	0.188162256855373	0.0736608458804153	0.137262098986634	0.171044131996156	0.110466577061671	0.150701611690815
700099448	0.147556605280085	0.121911800849087	0.126267108818023	0.157453845028266	0.127738510982181	0.108416881235275	0.144520437724013	0.160206615806367	0.139373341616202	0.124289051289502	0.119021142286601	0.143971000923532	0.137372186628137	0	0.120974709109369	0.146022283785052	0.136020945211052	0.121683078636774	0.131259038349683	0.141363368060549	0.128960330224095	0.137693365435058	0.105156047600654	0.143966664163029	0.139662313246883	0.126053138995424	0.119563122253194	0.147019404511883	0.107887140919871	0.103008591272037	0.115912501483563	0.14046171837493	0.131573318092325	0.112027049080734	0.129588507965353	0.124981666792126	0.12570189157218	0.124017910225148	0.136817514159117	0.14014603768598	0.155816265344625	0.121228755658894	0.132668296130152	0.151779012913778	0.126449384482811	0.117021383732718	0.121661207055398	0.125306038879895	0.0837381747377129	0.126898967169713	0.116269515614585	0.131978351561382	0.146564745871727	0.129003863443634	0.144061855229946	0.133530096083194	0.12680667059789	0.144566464692456	0.109153099043609	0.138239246015671
700109870	0.157403737852609	0.14374649349519	0.0865433793637851	0.146135013654963	0.153277650716911	0.0892541520957316	0.142131797465653	0.104440489496358	0.149511277818257	0.1066405409014	0.125356389993655	0.0856533049069659	0.0913968612735361	0.120974709109369	0	0.135209716726727	0.103092904532889	0.122899924309662	0.148072460517794	0.135745204860683	0.126831034024202	0.114320160521029	0.118689694847793	0.161102038558005	0.129817358484568	0.157187050255566	0.136616346468612	0.15028756979889	0.101601477311549	0.0810623966466466	0.100855756776138	0.111038208677124	0.121149928986206	0.112402138757139	0.157991208049893	0.109979559119154	0.144278871998437	0.0760461750050992	0.157007712933058	0.0896840689217776	0.143471796984463	0.069861988701087	0.154694917204026	0.128367441406272	0.0987820184333956	0.110335745471473	0.137205398602569	0.0779262274552843	0.114672512945036	0.0856681756402379	0.0971956251570086	0.15457022416482	0.140739965276215	0.139798856086022	0.178655759440697	0.0992955479452074	0.109810970570012	0.154409634470511	0.0945333815575021	0.127283183904869
700033928	0.10814131636852	0.157995248323303	0.122548485458604	0.134080733070883	0.137770562076286	0.139298088738381	0.109707935528543	0.166659147008575	0.105162255636747	0.139323239070801	0.103598061206089	0.115227695737724	0.141075942345165	0.146022283785052	0.135209716726727	0	0.162035719260216	0.133640361628495	0.103355913138946	0.123162007760385	0.103450551640464	0.0927449474805411	0.124853615111361	0.100008503451222	0.105816460959278	0.125637392387598	0.144542917394994	0.129220138981034	0.145823400030237	0.144835463463171	0.139382796403529	0.0969176873676445	0.103115256446319	0.130572432788761	0.125655024753177	0.118070231240902	0.130433266925587	0.147187789135624	0.112557829404157	0.149771563483118	0.109309732063047	0.11586881889064	0.124466895849502	0.115375309119914	0.130305119952439	0.135163133722563	0.125288679444818	0.123213298272882	0.150725805929514	0.102027984967129	0.0939516493299515	0.124706051411591	0.114744961776197	0.12318003771904	0.131085866454585	0.131164552728219	0.114244657142375	0.111337523192744	0.108244643268713	0.110204267265126
700023693	0.181172637675474	0.135083631557145	0.105939382934643	0.184727585376185	0.151492756195481	0.0966181176103096	0.180321247075916	0.0809603524061145	0.171264027389537	0.0842911152788062	0.120054949366889	0.120009195191981	0.104301473428199	0.136020945211052	0.103092904532889	0.162035719260216	0	0.123377935915623	0.164190196062879	0.171295969900214	0.16047876919256	0.133781709151081	0.148309185461847	0.176800593318076	0.17382324627685	0.174530233552237	0.119574108346685	0.157300840111893	0.116664099784488	0.106741463361049	0.098035008438212	0.141896013025154	0.12234722961444	0.103578399711406	0.168116090446685	0.125065362656623	0.142809334715252	0.101358531688494	0.170948483674474	0.0931741033728975	0.150967641637469	0.0938077527600605	0.154140103191913	0.156279262496418	0.106291760139728	0.114051354572947	0.1301429976769	0.0837680204042732	0.122432071915067	0.121014349949985	0.131818546886717	0.189474666113374	0.1791492532667	0.132516827261086	0.198554444908504	0.107578426123	0.149139516224517	0.189641216550723	0.129275164383975	0.17366782681183
700109627	0.151808413844644	0.149498630175013	0.099412037107591	0.182129950073398	0.15524875301296	0.0789670232683896	0.168651910645397	0.146655376495296	0.151016760117567	0.11029879854298	0.101177747901427	0.119491096484745	0.132208300589576	0.121683078636774	0.122899924309662	0.133640361628495	0.123377935915623	0	0.141449503753393	0.158525184364189	0.149483971994443	0.118227716468106	0.148906719841357	0.146666307169672	0.148881286380042	0.166009230549667	0.11995837812018	0.156111642703109	0.148141339491286	0.122111411451848	0.10239253858662	0.129025934242251	0.128265026061639	0.105517471720815	0.164564642320428	0.13755850722169	0.11029547270415	0.0975298675514611	0.162567016815896	0.1446156926194	0.149637116917591	0.10921689276811	0.124664819206831	0.14208579884148	0.140837981747579	0.133801646162554	0.135794941393127	0.119819315988285	0.0992604806709429	0.112845453216767	0.11174228750557	0.175830075835286	0.164939952479614	0.119622501797991	0.176593141031526	0.138279927632025	0.151020250702482	0.170260544358806	0.128708331545093	0.16479817462349
700095416	0.085102191098959	0.147287743606859	0.134067110381043	0.136548900302184	0.139708793533618	0.146333357691657	0.101725406156522	0.176879756700858	0.0960974088855919	0.139340808440943	0.108353395708624	0.131197341579147	0.147732129902356	0.131259038349683	0.148072460517794	0.103355913138946	0.164190196062879	0.141449503753393	0	0.11885030098854	0.0916536969496864	0.102093516319345	0.113577913935995	0.0918259398981433	0.103309413663185	0.111693686388961	0.133179087487282	0.126940418464377	0.125568203790693	0.149536835979491	0.141858493967162	0.104723808472854	0.104913579993064	0.140913309451393	0.124862349252984	0.111045504636208	0.109805628324991	0.149640554663076	0.0992670693298897	0.165186078092636	0.0991186206144023	0.135643481115883	0.105337814881771	0.12020980436219	0.135850727983614	0.115372546276127	0.100601931238719	0.134448068718792	0.142370212254917	0.12350455758842	0.0934076261118977	0.113341719177438	0.121858055806853	0.0973651643255165	0.112297658298226	0.138842176166348	0.120174688699939	0.104498788884903	0.121125234983547	0.117352280433919
700110425	0.0906691169797289	0.149404168269395	0.139172462976288	0.0873113822963714	0.140442845201265	0.152197534235306	0.0799387671508575	0.17532969601271	0.104714328612991	0.158290896138708	0.123068102877185	0.14228679145913	0.155262420535886	0.141363368060549	0.135745204860683	0.123162007760385	0.171295969900214	0.158525184364189	0.11885030098854	0	0.0872159420021315	0.10949723335234	0.0959172307115978	0.106388787323254	0.0720646817306421	0.12554802160587	0.156638577375137	0.128820228881741	0.133714469292295	0.126733712247946	0.153421651535934	0.110850185202113	0.109824875598038	0.143657017606622	0.117710935183188	0.0913525961259635	0.145553662088855	0.161513611249127	0.109611317398175	0.160236318578869	0.121293729570236	0.129690693464299	0.131556495000642	0.0993622320643472	0.133486149167383	0.129275671068127	0.123664844033618	0.137789367107265	0.144068575846167	0.121942785240191	0.11570292590878	0.0776828321261029	0.0580286627413864	0.130675832772297	0.121252067468084	0.151031271057165	0.0858707615452765	0.0686531353166292	0.106523039631607	0.0805852683238857
700111580	0.0895809568166554	0.141983394154481	0.139462025934917	0.106680060592524	0.147817698570482	0.144921676387085	0.0847156486510454	0.171876577099923	0.104902304893626	0.138389780439282	0.109229690304424	0.130602256043711	0.143629686547691	0.128960330224095	0.126831034024202	0.103450551640464	0.16047876919256	0.149483971994443	0.0916536969496864	0.0872159420021315	0	0.0930723605907919	0.0928096004567049	0.0953640194373554	0.066543691464864	0.136522151757661	0.150565073061883	0.148307878855886	0.121775665523137	0.135272108482381	0.141526907332712	0.0969548793712392	0.105151522993873	0.135440669290326	0.135410375802809	0.0904412840054225	0.145962241856359	0.145505588267481	0.112584429479454	0.152304622852416	0.109860526296701	0.125592612867851	0.126621526314289	0.100790560668144	0.123290337590037	0.113672944395792	0.116717321571743	0.121989028990087	0.132388416612852	0.107007063847903	0.103977189895327	0.0921222974054717	0.0983488602241399	0.104384464616313	0.119867577749927	0.141147559179271	0.0692393932128771	0.0704377643744084	0.0954013091108057	0.0821725284828704
700111302	0.111277734486873	0.138630058702425	0.0956783498506318	0.135815720270864	0.157683711740897	0.116442925542424	0.101847127744737	0.141372152602972	0.113411292351583	0.120454932709098	0.0860340850659032	0.0886035521257369	0.118685386204027	0.137693365435058	0.114320160521029	0.0927449474805411	0.133781709151081	0.118227716468106	0.102093516319345	0.10949723335234	0.0930723605907919	0	0.124307899103191	0.116849170068757	0.0839914399351629	0.152333891742552	0.142034967548055	0.150245938995563	0.134145476226014	0.125375222677097	0.113260038957661	0.0666659167585838	0.0823900060988457	0.0994160118597265	0.151283038110251	0.0924773471491609	0.128710799108962	0.125824452408239	0.124692805534399	0.132575675154771	0.124860899490767	0.0913714224311979	0.123287119413938	0.096121950606614	0.102685878856884	0.126632102161302	0.124573081165921	0.0965684378771041	0.124191334791338	0.06995218591938	0.0800159691616417	0.130619895615319	0.123520665538298	0.105552353038767	0.153697202112203	0.113350646082497	0.10276343814256	0.115359911841664	0.0887517854898059	0.111590872221909
700098605	0.110203724984305	0.119551181790221	0.124860100247642	0.0990335447750035	0.134736251557921	0.133672200422699	0.109634571592719	0.165547399089963	0.110631870710955	0.139857016979182	0.119450029367849	0.131818492910242	0.146137020685039	0.105156047600654	0.118689694847793	0.124853615111361	0.148309185461847	0.148906719841357	0.113577913935995	0.0959172307115978	0.0928096004567049	0.124307899103191	0	0.107757540174007	0.106873635817391	0.124258350644596	0.129545156068952	0.130460358735081	0.119527194865864	0.119367087208372	0.138698286483945	0.114237714492087	0.122689336322913	0.127001298823657	0.119287136977184	0.096523530187071	0.132673584636676	0.132683906367795	0.114051724807169	0.144281586749236	0.124806885919296	0.127908350436244	0.129160900875166	0.111831393820992	0.138976562369844	0.113256748139848	0.113140393935893	0.129429885260512	0.128613995722223	0.117928097095635	0.101771665402818	0.093245778511287	0.100252182549513	0.116962070630624	0.111478836525729	0.136994439380434	0.111303354774627	0.100652696510376	0.103503804424519	0.0844173024248004
700111991	0.0752312010871818	0.155031609693564	0.148385384766284	0.11626148317152	0.151370633365688	0.160825422063736	0.101233988881439	0.191254986597676	0.100839011255259	0.156028359251879	0.123017826714454	0.158766446428475	0.17059522011414	0.143966664163029	0.161102038558005	0.100008503451222	0.176800593318076	0.146666307169672	0.0918259398981433	0.106388787323254	0.0953640194373554	0.116849170068757	0.107757540174007	0	0.0993649667035659	0.105017631117852	0.140634252244549	0.128028650595538	0.138345366536509	0.163354392055937	0.164248196907608	0.126068447759331	0.125622546229369	0.151989123170634	0.11554417385313	0.110497917672096	0.139783192148677	0.163868785458717	0.102572013585097	0.180174621809633	0.110365051995565	0.15510032358399	0.12864762875999	0.128340215670363	0.150451816288684	0.129911162480219	0.11501377135025	0.153680448980179	0.152445628240144	0.140218554166117	0.122226763460156	0.0998875332662675	0.107470457749963	0.117383594940381	0.091628301927583	0.163425020811434	0.122437632246779	0.0893708492132916	0.125458169544317	0.107603335403508
700108960	0.0955030174543228	0.155572671140047	0.127422579207012	0.102669851887374	0.155239848958268	0.134185966177882	0.0673952657433079	0.179441936767399	0.108647016480752	0.14845885837413	0.105132429920505	0.118239103929296	0.151158106445472	0.139662313246883	0.129817358484568	0.105816460959278	0.17382324627685	0.148881286380042	0.103309413663185	0.0720646817306421	0.066543691464864	0.0839914399351629	0.106873635817391	0.0993649667035659	0	0.14404629168935	0.16894784393544	0.156917874473957	0.137424729620912	0.13261542219371	0.146208230680284	0.0860329876576988	0.110817401222455	0.135066632838457	0.139353415334434	0.0883014764804014	0.150188175498822	0.147268963919271	0.110975844564332	0.156820542934068	0.126013260645521	0.11835500254477	0.13463630897581	0.099367978237942	0.132400684259094	0.139095762664156	0.135841505497161	0.132912975900201	0.135466927730906	0.096165408289144	0.0935856305726449	0.0823513034599295	0.0842151290438264	0.115075824875941	0.120665882264122	0.149139507898554	0.075803286644591	0.0671675629365013	0.0944096410202081	0.075437008069473
700024452	0.113513418350151	0.137765444682431	0.149250072429007	0.123866108299168	0.113783093966484	0.162784033028187	0.121296895882615	0.190138452405081	0.102876121833295	0.156828544378286	0.13952431496096	0.160988956451634	0.164426619438625	0.126053138995424	0.157187050255566	0.125637392387598	0.174530233552237	0.166009230549667	0.111693686388961	0.12554802160587	0.136522151757661	0.152333891742552	0.124258350644596	0.105017631117852	0.14404629168935	0	0.146224418874446	0.112347642346343	0.10988282171551	0.150596677553297	0.160004128791181	0.15014954311335	0.130418715042046	0.147713330735065	0.0700998862991001	0.12712597566562	0.138902171518441	0.168209360003291	0.0996198985148482	0.168129751037005	0.12455294125996	0.151558094154827	0.13389356169862	0.142839569445062	0.1483980167812	0.113009616350388	0.106945198059804	0.155022746745067	0.150230878725909	0.149348325096262	0.128565206695095	0.106629075549715	0.109651184974216	0.137392604758842	0.105083364737588	0.155289235667812	0.140747008198516	0.123070005240211	0.13163787137715	0.138143962105432
700032931	0.14979758572933	0.121745416002507	0.123551078927615	0.170984567576075	0.141141640398439	0.127529034107399	0.17118174120174	0.136496647528344	0.151151307409983	0.116683023815215	0.119017084920618	0.14188801848144	0.127672780687211	0.119563122253194	0.136616346468612	0.144542917394994	0.119574108346685	0.11995837812018	0.133179087487282	0.156638577375137	0.150565073061883	0.142034967548055	0.129545156068952	0.140634252244549	0.16894784393544	0.146224418874446	0	0.130450781114908	0.131288321083807	0.131646119328761	0.124024844942218	0.144016855456567	0.129086567071106	0.119919670752576	0.152726366582743	0.134236834506025	0.122991287724947	0.131258141224428	0.14206849794425	0.139692737960209	0.131120388402563	0.125864534985243	0.138905205587879	0.149732887629771	0.131533912539092	0.121105489073111	0.113520995502035	0.124027020073096	0.122415153175238	0.127537379606685	0.130298664321022	0.167056844383608	0.160258989735231	0.124753103144281	0.154098393141947	0.125268264181709	0.150354659286314	0.168494208907716	0.120631084150032	0.158836155500344
700095837	0.128550493924734	0.143524312648767	0.140585423384563	0.151965358882068	0.136385488947519	0.163774900141482	0.160748029217846	0.159877468470676	0.130447072292368	0.148870695280393	0.13085100758646	0.155964065332449	0.138590947609941	0.147019404511883	0.15028756979889	0.129220138981034	0.157300840111893	0.156111642703109	0.126940418464377	0.128820228881741	0.148307878855886	0.150245938995563	0.130460358735081	0.128028650595538	0.156917874473957	0.112347642346343	0.130450781114908	0	0.106884889227235	0.125994193536761	0.150344457436553	0.151376877444097	0.125963992565332	0.138311646373571	0.125319663441708	0.140610480045567	0.123906003811974	0.16756612445237	0.127731035657952	0.152878985085583	0.124291606490103	0.132767488230978	0.145155554299528	0.139728625545461	0.135649398040172	0.128166499435731	0.12289476294446	0.139464015244843	0.158111409446613	0.148579790912555	0.130606379683065	0.144212767960163	0.13344860028675	0.150212604095247	0.136141443890446	0.133503416838927	0.148023131960018	0.147639713872125	0.132470443171707	0.15095305467808
700024548	0.13890251898972	0.120371734538273	0.118468798215768	0.138662199664697	0.135439008623434	0.120154621428924	0.146013277042192	0.123562268813109	0.15040973581752	0.111222714981736	0.120286722263801	0.126143675950085	0.111398977517507	0.107887140919871	0.101601477311549	0.145823400030237	0.116664099784488	0.148141339491286	0.125568203790693	0.133714469292295	0.121775665523137	0.134145476226014	0.119527194865864	0.138345366536509	0.137424729620912	0.10988282171551	0.131288321083807	0.106884889227235	0	0.0934448102885784	0.113119436304801	0.140606759458542	0.107224676565647	0.114902371283223	0.123832859364886	0.114609076235019	0.138247361758199	0.122686708942641	0.133305581612012	0.101922740395328	0.121458300873751	0.0952432915419035	0.142721214683604	0.146319553188263	0.0982373256005427	0.0884415690531918	0.11790564912766	0.0998343198783182	0.110282936881463	0.121065929013961	0.113226152778717	0.141011143152706	0.130193479718699	0.124625403330167	0.144912590495864	0.108751882708641	0.116123299536601	0.1454887843269	0.101061253770303	0.149138173894933
700110161	0.158039404035769	0.135741577440236	0.098763886816807	0.154744186666415	0.139961362206083	0.0878068383869684	0.14884298085466	0.124267179170175	0.146931218757807	0.102384588232479	0.112890117989308	0.11369079015642	0.109998105992755	0.103008591272037	0.0810623966466466	0.144835463463171	0.106741463361049	0.122111411451848	0.149536835979491	0.126733712247946	0.135272108482381	0.125375222677097	0.119367087208372	0.163354392055937	0.13261542219371	0.150596677553297	0.131646119328761	0.125994193536761	0.0934448102885784	0	0.0966249323388107	0.119551293517973	0.119285891704401	0.0917038307358888	0.152917188808837	0.121816391563516	0.124192770525862	0.0948768295097609	0.158730317760212	0.106402424780141	0.144685624718691	0.0794962695248404	0.140981644564404	0.130409902195258	0.109029628482498	0.118669348060224	0.141116791340855	0.0920669865200711	0.0902241098388403	0.0996972326168928	0.107875364936648	0.152105811212599	0.140488864437964	0.129400543628995	0.1762599384802	0.105650736859329	0.114420113267931	0.150294781638175	0.0982408614199264	0.137824655497256
700023496	0.156484021609609	0.125988516181259	0.0978180794723968	0.172588979669225	0.157805182354319	0.0892061608652775	0.15225907419272	0.11233878080538	0.146837290911735	0.0873816949656228	0.102851286418591	0.101710291163675	0.0937368684580706	0.115912501483563	0.100855756776138	0.139382796403529	0.098035008438212	0.10239253858662	0.141858493967162	0.153421651535934	0.141526907332712	0.113260038957661	0.138698286483945	0.164248196907608	0.146208230680284	0.160004128791181	0.124024844942218	0.150344457436553	0.113119436304801	0.0966249323388107	0	0.12130109301184	0.108436813988078	0.0919547308776824	0.162846970037863	0.123701988740362	0.12328019604826	0.102217589004812	0.157979422565906	0.107599827232146	0.12820825563696	0.0864127959104149	0.134058704796121	0.126714642649036	0.0959650710607128	0.111061657374525	0.130375817410292	0.0873739571734767	0.0929513579034798	0.0982388040047706	0.110213133744279	0.174303873053086	0.162565574028821	0.125340226594408	0.187740933851781	0.0925847035080951	0.127625611150167	0.168680821150789	0.11786264331616	0.156281290012729
700034628	0.117471694413043	0.143685074541143	0.10075292042556	0.138132081124205	0.154677466206303	0.121981405315936	0.0884251089829703	0.150470875495569	0.0949315473725539	0.134932510369709	0.10113105744257	0.0924595385284668	0.124960270044823	0.14046171837493	0.111038208677124	0.0969176873676445	0.141896013025154	0.129025934242251	0.104723808472854	0.110850185202113	0.0969548793712392	0.0666659167585838	0.114237714492087	0.126068447759331	0.0860329876576988	0.15014954311335	0.144016855456567	0.151376877444097	0.140606759458542	0.119551293517973	0.12130109301184	0	0.10169908162371	0.10812519611722	0.150020220354044	0.0825441846601221	0.133733815122014	0.125830395054289	0.128920742733488	0.134537931602145	0.132520983939458	0.0921856051868479	0.127863526631138	0.0784080146744812	0.117745459215102	0.139827803820009	0.129627495821465	0.102780424821429	0.140606589932344	0.0704490705090501	0.092740107365845	0.114359460632445	0.124049691103319	0.119704535990529	0.156957724223339	0.11529852279383	0.113049108836119	0.105135244561589	0.0956583699682217	0.0868787839897852
700023645	0.12126248058595	0.133156314743207	0.106121384848047	0.136365640915163	0.138868373029262	0.11479905596667	0.120218691949432	0.126951899405065	0.124957769438809	0.0992372421073812	0.0845320798800075	0.104557096163719	0.109449792596473	0.131573318092325	0.121149928986206	0.103115256446319	0.12234722961444	0.128265026061639	0.104913579993064	0.109824875598038	0.105151522993873	0.0823900060988457	0.122689336322913	0.125622546229369	0.110817401222455	0.130418715042046	0.129086567071106	0.125963992565332	0.107224676565647	0.119285891704401	0.108436813988078	0.10169908162371	0	0.103298691673124	0.131781778247657	0.0791658734400909	0.123308054636341	0.128091524798431	0.122273845736146	0.11472412264382	0.104243931694651	0.0890848724147122	0.117297647037599	0.111851635715003	0.0914995169497211	0.10188300539829	0.105572384990485	0.0933540510141577	0.120878800104978	0.0993729141702862	0.0789020202642502	0.133825405638288	0.124106191740979	0.107520632393413	0.147080622733775	0.104347332927802	0.104666682119717	0.119732914357635	0.0901708848102451	0.126644551907771
700038744	0.151368372472044	0.116938380899563	0.0920801797116652	0.158479529649706	0.14064283143533	0.0802582919574001	0.142022073321062	0.125547575996358	0.143884012201522	0.0938181469289934	0.0886746734733812	0.0999242398774576	0.102891941593047	0.112027049080734	0.112402138757139	0.130572432788761	0.103578399711406	0.105517471720815	0.140913309451393	0.143657017606622	0.135440669290326	0.0994160118597265	0.127001298823657	0.151989123170634	0.135066632838457	0.147713330735065	0.119919670752576	0.138311646373571	0.114902371283223	0.0917038307358888	0.0919547308776824	0.10812519611722	0.103298691673124	0	0.150622762640707	0.107379771056199	0.113498021775384	0.0957488255218039	0.147928147497027	0.108244658940919	0.145813662915614	0.0791802891422975	0.115846057755621	0.123705405983232	0.0989124792048637	0.119781810959688	0.136337209161117	0.085983750885909	0.0871509933732841	0.0913825921252713	0.1045219244486	0.162669021059291	0.157922698040957	0.117249594350197	0.172982824837411	0.0929807271037602	0.132542202774885	0.158296251897471	0.103027481639121	0.146586198476282
700038485	0.117157202548151	0.134727324707435	0.144155033239105	0.115645500493232	0.11216621797756	0.159603537539193	0.121369886261468	0.187247259119679	0.111516960352469	0.152057515137645	0.142593233065137	0.162785780519288	0.16587215619453	0.129588507965353	0.157991208049893	0.125655024753177	0.168116090446685	0.164564642320428	0.124862349252984	0.117710935183188	0.135410375802809	0.151283038110251	0.119287136977184	0.11554417385313	0.139353415334434	0.0700998862991001	0.152726366582743	0.125319663441708	0.123832859364886	0.152917188808837	0.162846970037863	0.150020220354044	0.131781778247657	0.150622762640707	0	0.117803957923853	0.13743262005446	0.167073191305374	0.103091613488234	0.164208447343804	0.130882374210159	0.151662727013616	0.135925991388482	0.144040299562836	0.153397061985114	0.114014766685998	0.109743405948279	0.158029820332459	0.152976629182948	0.15295629263903	0.129245373029913	0.103456018262699	0.101070341528421	0.137286456102969	0.0982068299174995	0.16145637922615	0.136179112884614	0.121516167671706	0.136089935684776	0.129213929156669
700024743	0.118994406788449	0.128795822735248	0.107900465259449	0.113640656787574	0.140224402698529	0.113041559859321	0.092624149135293	0.137537368915531	0.117168891412392	0.117190943267481	0.102975983034103	0.111515482582137	0.123800757333195	0.124981666792126	0.109979559119154	0.118070231240902	0.125065362656623	0.13755850722169	0.111045504636208	0.0913525961259635	0.0904412840054225	0.0924773471491609	0.096523530187071	0.110497917672096	0.0883014764804014	0.12712597566562	0.134236834506025	0.140610480045567	0.114609076235019	0.121816391563516	0.123701988740362	0.0825441846601221	0.0791658734400909	0.107379771056199	0.117803957923853	0	0.140113630341203	0.122947613279813	0.113946942854411	0.122608018057121	0.120803783499217	0.100710472207735	0.112912526920728	0.0923666151437688	0.109291392847846	0.10664439101347	0.108104108595623	0.0972986828201419	0.121399235389177	0.0930396271100882	0.0932597120731113	0.0991760410476674	0.10547961994501	0.106214631367237	0.129397614750331	0.12240415146787	0.0941818248471171	0.0929623335416652	0.0775388749944235	0.0908513250421449
