700108602	700014971	700033565	700109389	700023058	700023927	700106341	700114221	700023543	700023439	700016978	700024192	700113058	700099448	700109870	700033928	700023693	700109627	700095416	700110425	700111580	700111302	700098605	700111991	700108960	700024452	700032931	700095837	700024548	700110161	700023496	700034628	700023645	700038744	700038485	700024743	700099596	700110760	700101587	700106399	700032322	700095653	700021312	700101230	700023590	700038905	700033136	700023382	700096424	700105469	700016908	700096053	700108479	700109569	700033814	700016125	700109756	700102665	700101777	700109455
700108602	0	0.258804905589607	0.325390685935922	0.227968499638772	0.193821834258383	0.296230794141973	0.10912329833455	0.308568875988851	0.140553664842629	0.289567497183026	0.216910954828696	0.341035162266041	0.31653103979501	0.215200275621543	0.333716809282217	0.217983639306551	0.284885011287553	0.273604792382897	0.115086222238978	0.125192313899645	0.16196561967416	0.277584245724613	0.147649691633091	0.0671012311204812	0.175177753309646	0.168778061247324	0.230213126256322	0.310223570687837	0.305941698974811	0.301233149294894	0.256589001489448	0.242315036930656	0.233015679702274	0.271513506595077	0.181324932228282	0.161625590433089	0.22401687397138	0.300262539318699	0.105791673457765	0.371659215740209	0.171645680627457	0.316670616220099	0.202094546863613	0.194538432956692	0.278611542924538	0.209533568123993	0.182517847829656	0.29500704521403	0.230836683787827	0.300482713706108	0.284032097687729	0.0949422809715968	0.139155307258894	0.15070210304156	0.139463266180545	0.282721505663369	0.170446489220328	0.118162160578386	0.292545858484437	0.138057277831755
700014971	0.258804905589607	0	0.296739920777658	0.355215480968603	0.154454589558281	0.254770405726974	0.274736786199894	0.184234913543606	0.237033925261395	0.194105113135699	0.214559103399527	0.320505666149094	0.172430639211259	0.166307724706778	0.271012954438669	0.227008987572878	0.180415694218188	0.254803742050738	0.233082962467209	0.23622866703853	0.272042342699716	0.283853884650506	0.245789006797116	0.257649706187985	0.33068801797743	0.191426156138061	0.145902482311307	0.165431231958021	0.153638942639681	0.151732624202079	0.187208372022448	0.272196605154344	0.175467546193225	0.203574231016185	0.177363735644594	0.235736226792437	0.226328892397222	0.263438130289265	0.203013624416928	0.223438278472078	0.174433354069942	0.229551268233439	0.186470085419501	0.229303694030487	0.144790675919578	0.190731733544045	0.143059102870489	0.217469816429377	0.190022710463722	0.283199067419722	0.293190198635333	0.237645005146624	0.271139941752388	0.187554333085007	0.330004495927418	0.200432152575929	0.247005485871129	0.286058011168542	0.272453903034263	0.253053561344478
700033565	0.325390685935922	0.296739920777658	0	0.447068766349241	0.297652966976449	0.0868602508654974	0.299365944256905	0.19543603787542	0.276003194236225	0.162686104689844	0.143797237917969	0.0744521774026309	0.208058044815269	0.215641008389062	0.198639010349945	0.164676136340754	0.176685917919988	0.130346020933791	0.251271546163537	0.318677553614012	0.24423037753238	0.0946444295001906	0.328319256461081	0.296914826596613	0.264666641245457	0.349835040651647	0.215716964946229	0.362167867162839	0.320426429976657	0.194466693355953	0.156477896808203	0.167241190123724	0.186492820184606	0.132137484929044	0.326605111407554	0.22430844805393	0.247514247806305	0.165842150423638	0.30964305950478	0.268439375505839	0.241668778571391	0.120340925383314	0.235909575814348	0.253698917922937	0.221532321051049	0.249615947541913	0.253500219523384	0.167993546251097	0.180049280348684	0.0695837577014385	0.107497210973503	0.321471297193786	0.373231497484197	0.232637636237687	0.400394340150118	0.155219402997417	0.220334752068918	0.312676495951455	0.0836038178166414	0.281084441810815
700109389	0.227968499638772	0.355215480968603	0.447068766349241	0	0.324535174153685	0.436592818696512	0.226749840796734	0.416035810951179	0.307245408957856	0.406076131356866	0.360594991781294	0.456686088180687	0.41319642454055	0.362854428294029	0.436102696634026	0.344287878413329	0.406976828869994	0.425485625446385	0.301359305191766	0.204611298217758	0.296830386372623	0.408954258671656	0.208662807156565	0.267218085795508	0.282995270029243	0.25932205669315	0.374729162258596	0.405364110103396	0.367515285190332	0.400545991738596	0.396708545684802	0.380920766865916	0.353809791662257	0.403550539695168	0.267521614843562	0.296114988291747	0.383961367995224	0.441806505717947	0.251381088074113	0.420666269646609	0.310587077780749	0.425588685335534	0.353415648868892	0.328279362408429	0.378161433185045	0.329373290922647	0.335014346769839	0.409509179110102	0.383304896824931	0.426152892634122	0.413327101660332	0.212197888600217	0.134953003033216	0.321767099012641	0.198877546552175	0.40160432235457	0.292803960662724	0.226406125797278	0.410139712716943	0.269823061803691
700023058	0.193821834258383	0.154454589558281	0.297652966976449	0.324535174153685	0	0.240435435720777	0.220891747451225	0.204751317137513	0.203541444754743	0.210219211297969	0.200574722666352	0.313975819311002	0.212637047330108	0.142979753377164	0.276480675910121	0.190096865747602	0.194723650681798	0.224237482688705	0.169943311002032	0.202303648326101	0.229672322088772	0.276992760844103	0.215604716402833	0.184603040232711	0.295238449537401	0.162666165141677	0.161914487169066	0.248819080553435	0.220743338272028	0.206974492218578	0.187918073802756	0.267865930162699	0.173340137378049	0.200716568717854	0.159505775909946	0.227248110038428	0.165037261887835	0.209289996001303	0.153032122355033	0.268700163467603	0.128822475813616	0.241674303724392	0.121603253096257	0.223891617399727	0.180283715000682	0.164645595907866	0.106344063028089	0.223539295548361	0.162123196243403	0.285741160281956	0.286060532009073	0.18686430356283	0.236458243004665	0.134923921011424	0.278302218973455	0.21038150435861	0.215717602636858	0.239985368057609	0.259149092552929	0.208917859545061
700023927	0.296230794141973	0.254770405726974	0.0868602508654974	0.436592818696512	0.240435435720777	0	0.287699904550729	0.168949194393358	0.25833887892677	0.134485349328574	0.122774960865142	0.124515161570301	0.180869381032219	0.153342791789207	0.189829946683343	0.151973135501993	0.146812194207751	0.0842183939069922	0.226261258330085	0.297533237097491	0.22904262796667	0.14185399081594	0.294607278084129	0.270952841662119	0.26490658426353	0.312117387028083	0.172098872086946	0.336144636670813	0.2865670705385	0.170650608995414	0.0976529304380585	0.170040348462049	0.163251304059742	0.0809670523345081	0.295192463392804	0.208026014858558	0.200812647661852	0.113260011333059	0.288406839168532	0.247719706817576	0.206182837359531	0.098313859406737	0.189987273068975	0.233476032661318	0.187146326456936	0.203350711443077	0.203909834203679	0.141813404497011	0.109259474384609	0.100497021813401	0.151249856037091	0.301187635715796	0.35737905359382	0.179659528905936	0.374070365304295	0.117175519318018	0.194063037379793	0.298208244490141	0.0976290984911246	0.258613893411203
700106341	0.10912329833455	0.274736786199894	0.299365944256905	0.226749840796734	0.220891747451225	0.287699904550729	0	0.311312919214966	0.122489264618942	0.281420564896462	0.201614120196443	0.306031341836294	0.315657299816865	0.236518422202964	0.339212260122427	0.202643746388544	0.28138857919856	0.29084100764984	0.127815809926538	0.107785135227784	0.124456565043087	0.253848072688797	0.157261900491156	0.1159873828817	0.115793759333976	0.228368201344482	0.269725240874298	0.353802484236156	0.317123733825856	0.293968251367994	0.243363720908999	0.184869497501888	0.214469453883149	0.260005165597321	0.216494241492442	0.11494222739153	0.256469700876476	0.300684348230802	0.127721704369977	0.370969440245696	0.171724399624586	0.285796363385922	0.199692976681025	0.148477478898621	0.249965879507472	0.239098361687353	0.212081129894345	0.266443220090063	0.237439354120076	0.268328657725429	0.274075840052415	0.0812106348899594	0.127192692723992	0.158492799164156	0.181086705732877	0.258095679396353	0.143541240572063	0.0621604486268732	0.26415183777614	0.0740383454831417
700114221	0.308568875988851	0.184234913543606	0.19543603787542	0.416035810951179	0.204751317137513	0.168949194393358	0.311312919214966	0	0.280094373610226	0.0536584126174651	0.212534704615165	0.228320018278771	0.0741727140125806	0.145924287057567	0.142883412050328	0.219628112285649	0.0569637034244611	0.206460850700201	0.267482957267467	0.276315214975869	0.273218621671869	0.252138695058687	0.294561792031497	0.302599149762691	0.359532878110838	0.280711949727984	0.120134199413776	0.263976211348396	0.190151042716881	0.113738775385986	0.155646135753655	0.253143779460276	0.16981827263195	0.135397140174746	0.260853959025361	0.248880307819035	0.239672955527334	0.127062808356415	0.257063935053204	0.131755930400986	0.192899600362647	0.109015400858203	0.218391759925115	0.250855679597072	0.123353119806926	0.166393547006571	0.160174404481536	0.101458227622667	0.183325177231296	0.203221704936175	0.265481037502679	0.290500606000868	0.329955546607471	0.217348948997857	0.395737759033676	0.112778190534687	0.220185951942797	0.330762786733307	0.186773722741159	0.286736190310425
700023543	0.140553664842629	0.237033925261395	0.276003194236225	0.307245408957856	0.203541444754743	0.25833887892677	0.122489264618942	0.280094373610226	0	0.249805334391087	0.168124668388427	0.292545301239778	0.290616038791841	0.217532748105061	0.310958200030435	0.183919143300022	0.248364267177259	0.252303807236117	0.100915015064484	0.167320477030733	0.154243683714309	0.224725355497035	0.185187220555437	0.120617547169632	0.159863210812984	0.225953487861643	0.220457092279778	0.309424334288258	0.316898913343707	0.261260358470952	0.215678464517137	0.152500017000605	0.202328614957838	0.237973613648087	0.199691356282488	0.133291289881247	0.202926532509902	0.273176243358441	0.116161210329131	0.350957511355481	0.150683048725459	0.273538624653423	0.185303363183716	0.103916029381119	0.252994321504316	0.231383542597751	0.174613724857457	0.252991708131007	0.215363895246089	0.246672575736472	0.251158768263558	0.121720319010903	0.195665230463625	0.125864431955989	0.200913454834516	0.239648285043979	0.179531306949732	0.1266764782182	0.253730187566478	0.106153669392957
700023439	0.289567497183026	0.194105113135699	0.162686104689844	0.406076131356866	0.210219211297969	0.134485349328574	0.281420564896462	0.0536584126174651	0.249805334391087	0	0.180095750449668	0.198654897782794	0.0877517170295488	0.118250798653119	0.135270317671417	0.187514695513145	0.0477606617316606	0.169478397033625	0.236567020271041	0.253577898485023	0.236804240930745	0.216592896452272	0.279152471883737	0.267488536911958	0.325935615245218	0.287123364971941	0.12113333725412	0.277242840374751	0.205396998108992	0.107526376114708	0.11985407422368	0.220380161621255	0.15181020820692	0.102911685220444	0.269238242179052	0.216707025993825	0.207502953176701	0.103645470954579	0.252189325634722	0.145591840855131	0.162276026535719	0.0897518193689391	0.197532534808247	0.219852569513932	0.116058716228725	0.152226687190125	0.159331045262142	0.0737532140031572	0.146406713193855	0.170634036292713	0.23022282127993	0.266583333520826	0.320641903866932	0.184209788038611	0.378730897342624	0.0943166731427084	0.185722515741602	0.295437784598924	0.151549324255227	0.256746724161368
700016978	0.216910954828696	0.214559103399527	0.143797237917969	0.360594991781294	0.200574722666352	0.122774960865142	0.201614120196443	0.212534704615165	0.168124668388427	0.180095750449668	0	0.158215928275516	0.218717547182275	0.169140344043445	0.248613974404972	0.0815945142612106	0.177194479433863	0.116508784969649	0.154136598398919	0.203303153746622	0.156830025020899	0.106234316406923	0.241924794430183	0.193659243200866	0.177175678924518	0.253723032095357	0.178823465358528	0.294904880712491	0.278333942686864	0.189730412670451	0.112341210534342	0.107261471390601	0.0943136540399511	0.117546055749013	0.237369865540698	0.132436214544827	0.174824392064089	0.203948682207648	0.199097896685771	0.283264098705334	0.141678294141959	0.136062099591321	0.143647932692496	0.148916140864651	0.160475609051389	0.193735368158083	0.159617689878864	0.168139661065348	0.125846134750331	0.12855686049423	0.130172652660723	0.215603226856781	0.269117940299495	0.124240907347415	0.303320598100679	0.132507984089019	0.135208916027783	0.207307099051717	0.121187784104608	0.180632501335907
700024192	0.341035162266041	0.320505666149094	0.0744521774026309	0.456686088180687	0.313975819311002	0.124515161570301	0.306031341836294	0.228320018278771	0.292545301239778	0.198654897782794	0.158215928275516	0	0.24190135806765	0.250408979889068	0.220922502215984	0.179073313803488	0.214041373849804	0.155519654864714	0.271300526166404	0.32646175098054	0.236837090595352	0.0926032355971126	0.337465907960205	0.32168986846424	0.275992488222949	0.36471148537618	0.260260772543234	0.38250512223363	0.335876072826157	0.246911049498709	0.173570697132923	0.17834073360394	0.196761068365954	0.159678920851608	0.351490726337507	0.236700754934317	0.271762441121654	0.194939423091898	0.330049400400901	0.289918674847736	0.255550789344818	0.139846224917211	0.265819074160686	0.260368081921278	0.216914488598003	0.260324617857876	0.266285668736166	0.174579466429585	0.206741224218103	0.0934793539135692	0.0984577277198904	0.331984717477339	0.379441297608989	0.246974913938142	0.423758365120758	0.17120359551421	0.214922755979425	0.324862198481537	0.121636231878431	0.290359788917404
700113058	0.31653103979501	0.172430639211259	0.208058044815269	0.41319642454055	0.212637047330108	0.180869381032219	0.315657299816865	0.0741727140125806	0.290616038791841	0.0877517170295488	0.218717547182275	0.24190135806765	0	0.157370184992996	0.155014150237261	0.229443249346862	0.0945141043986528	0.217718798986584	0.2802548033158	0.280304633687843	0.289032904117619	0.260079414933011	0.31002451525899	0.315339892215168	0.362389731608616	0.288718029870875	0.139593310197469	0.245496535114812	0.188393663963017	0.0951776695540533	0.167415441258045	0.262530959238266	0.179272272788275	0.148548377127379	0.272388479336414	0.258603200987324	0.254591575951101	0.160242447651314	0.265869117914987	0.135706922325814	0.202715197426533	0.11892725828037	0.23662230592229	0.257161943626384	0.119935233310155	0.193123196236919	0.191443221229152	0.124507212146711	0.191601883032069	0.210489033567962	0.275728438079214	0.295972054446771	0.334444987578904	0.234570440131704	0.407811705885497	0.119533721528199	0.234780784451815	0.338056976256211	0.188778080218893	0.29152161577271
700099448	0.215200275621543	0.166307724706778	0.215641008389062	0.362854428294029	0.142979753377164	0.153342791789207	0.236518422202964	0.145924287057567	0.217532748105061	0.118250798653119	0.169140344043445	0.250408979889068	0.157370184992996	0	0.206036467220081	0.167759999779781	0.110017124291518	0.163861765170768	0.172136310734887	0.208753943439411	0.207307309835142	0.232550692774175	0.22502235394092	0.193301468649404	0.282545208299904	0.207295508477571	0.0946269551577157	0.25838827332147	0.185968678205639	0.140541738541986	0.11896945908654	0.222587020291011	0.135982376632273	0.116618355678328	0.202758069625914	0.190354144283257	0.155491935069371	0.145032632938978	0.196764960398109	0.220966262728212	0.129910283657811	0.15808645065466	0.12181358476347	0.201455022246589	0.135482346134727	0.120540239907482	0.113105694315851	0.144704978305067	0.0982261764640732	0.210140867065004	0.226249922389516	0.216334596535306	0.274521938882046	0.121987260054028	0.296787665674997	0.140760361290077	0.163647904503627	0.247445059001219	0.179470440888862	0.215042581874452
700109870	0.333716809282217	0.271012954438669	0.198639010349945	0.436102696634026	0.276480675910121	0.189829946683343	0.339212260122427	0.142883412050328	0.310958200030435	0.135270317671417	0.248613974404972	0.220922502215984	0.155014150237261	0.206036467220081	0	0.273171754943199	0.147485950574463	0.248834205908346	0.30111698151686	0.324029556804802	0.284303705349524	0.268747102134052	0.312632437054698	0.336253846223987	0.379041930804521	0.33506005599723	0.196654444624569	0.338084876468921	0.245557029796623	0.190973037602654	0.205494644821355	0.281798631881746	0.247451526783249	0.190387780632789	0.32088326483191	0.281904233656411	0.281914316197306	0.144913949131661	0.313009009460711	0.175049672063704	0.257196562989021	0.159769743440487	0.28262952867617	0.288061924505997	0.207630659573805	0.18661390351063	0.23251516036197	0.134634454063076	0.224759275425125	0.197733038753537	0.276953599271459	0.335546992349329	0.360525604377056	0.255775583445765	0.404256747572444	0.178124881289455	0.24376550764465	0.360264669469859	0.193488301612107	0.315079068150313
700033928	0.217983639306551	0.227008987572878	0.164676136340754	0.344287878413329	0.190096865747602	0.151973135501993	0.202643746388544	0.219628112285649	0.183919143300022	0.187514695513145	0.0815945142612106	0.179073313803488	0.229443249346862	0.167759999779781	0.273171754943199	0	0.188914452298554	0.125795804973557	0.168524132194772	0.208950762724727	0.178910212847229	0.124208026924532	0.254619263634743	0.192981183773197	0.206966870593976	0.247628682170509	0.184205300179318	0.291905306881111	0.280548287200429	0.194287429262919	0.135402299350327	0.15495608213038	0.0894163519734824	0.135042138794837	0.230570625750983	0.186278882867562	0.189951327731637	0.230991687101612	0.182689290792286	0.291858604229014	0.125562689211654	0.147831252942278	0.149384897882927	0.183146617388795	0.165499812023016	0.193896771053796	0.159085597969091	0.186983672573711	0.149875309133383	0.149383810577899	0.137475547602895	0.194007581076647	0.254562396291601	0.161926292738355	0.321568373134324	0.14405908276351	0.158945635680852	0.19928686494844	0.139205865524547	0.179437507406689
700023693	0.284885011287553	0.180415694218188	0.176685917919988	0.406976828869994	0.194723650681798	0.146812194207751	0.28138857919856	0.0569637034244611	0.248364267177259	0.0477606617316606	0.177194479433863	0.214041373849804	0.0945141043986528	0.110017124291518	0.147485950574463	0.188914452298554	0	0.173752821492628	0.235410705135891	0.247510886238323	0.238592856826886	0.225330850603623	0.274898378561354	0.267833508855893	0.325391082834541	0.273428524721917	0.106084700485401	0.270048246228681	0.199935182647135	0.104041836727363	0.118103749471921	0.223834926826109	0.147972590229469	0.115470792947755	0.251398493269909	0.21858284476069	0.20361042039406	0.123012318969155	0.240034196918527	0.148200909176679	0.159151973462596	0.102054461584922	0.180078892889572	0.21828474147611	0.11458059784129	0.153636228107914	0.139145188366389	0.0873942803848894	0.14557314303532	0.180337698275286	0.239747533748266	0.268448919975646	0.316555524322742	0.180015251972491	0.378480902566091	0.096406382732613	0.183516917866541	0.297741963649003	0.166925431166709	0.25563626067923
700109627	0.273604792382897	0.254803742050738	0.130346020933791	0.425485625446385	0.224237482688705	0.0842183939069922	0.29084100764984	0.206460850700201	0.252303807236117	0.169478397033625	0.116508784969649	0.155519654864714	0.217718798986584	0.163861765170768	0.248834205908346	0.125795804973557	0.173752821492628	0	0.229787504492538	0.276071628241901	0.25035277963789	0.142769064959718	0.310534913206667	0.243563231557417	0.265873412638632	0.29941598361844	0.181911858776913	0.322063192730936	0.317610661757355	0.188062169362004	0.104558475433697	0.186747411814471	0.149946202379571	0.105591367609609	0.290016279015389	0.225961801810817	0.166290565988717	0.154818980528861	0.274313242554726	0.287688771790026	0.206231957490881	0.139374855337907	0.159925321986135	0.21361150183186	0.201552216253813	0.223067900259496	0.204015826019058	0.181149375410034	0.0976611542943527	0.147943566770773	0.146680612172563	0.29188952687002	0.348531890025937	0.189046172336987	0.35255099429381	0.14967344534025	0.207963423979188	0.286873496516158	0.146255481700494	0.266765716237185
700095416	0.115086222238978	0.233082962467209	0.251271546163537	0.301359305191766	0.169943311002032	0.226261258330085	0.127815809926538	0.267482957267467	0.100915015064484	0.236567020271041	0.154136598398919	0.271300526166404	0.2802548033158	0.172136310734887	0.30111698151686	0.168524132194772	0.235410705135891	0.229787504492538	0	0.16768262204989	0.126224087144331	0.210316608382533	0.166635232036987	0.0879549992576144	0.172146558976971	0.181913036993178	0.195684653301836	0.303890693551392	0.282343334583468	0.254291685722574	0.187850166977348	0.164586875883041	0.176118213744818	0.212768178824893	0.174210784419194	0.135102822604722	0.177859497219944	0.240879724531781	0.120928228861853	0.339473601357851	0.111639948380999	0.260560852674201	0.135287819710793	0.16284651136187	0.222661821343894	0.181905825654628	0.137662780761528	0.237937802431179	0.17483515269035	0.233969451967801	0.223417617986387	0.133554860358513	0.20275272361489	0.0800650409738089	0.198991065627205	0.225337658732594	0.145897506725975	0.143971229383238	0.226730727705936	0.121488228309483
700110425	0.125192313899645	0.23622866703853	0.318677553614012	0.204611298217758	0.202303648326101	0.297533237097491	0.107785135227784	0.276315214975869	0.167320477030733	0.253577898485023	0.203303153746622	0.32646175098054	0.280304633687843	0.208753943439411	0.324029556804802	0.208950762724727	0.247510886238323	0.276071628241901	0.16768262204989	0	0.169316931766212	0.274504194879748	0.147409426383347	0.145199593445961	0.154301064820506	0.210792650703573	0.227436963937869	0.30043414381805	0.282688499919035	0.25500403062606	0.242840084721168	0.238127672567887	0.192308486991416	0.25395106134372	0.202159461498372	0.143647170761886	0.237013766480002	0.300491654003188	0.13559866436122	0.338398491331747	0.166305340444566	0.269915623782535	0.193561777079514	0.155323537176148	0.230623078920178	0.220156681007007	0.18688497229624	0.252778776541286	0.230168102995303	0.291123279008635	0.286149610672523	0.102352304190939	0.102389459001311	0.164944382604184	0.181941548012067	0.242905445253343	0.143697212708953	0.111285130108571	0.279698033867025	0.144419598831328
700111580	0.16196561967416	0.272042342699716	0.24423037753238	0.296830386372623	0.229672322088772	0.22904262796667	0.124456565043087	0.273218621671869	0.154243683714309	0.236804240930745	0.156830025020899	0.236837090595352	0.289032904117619	0.207307309835142	0.284303705349524	0.178910212847229	0.238592856826886	0.25035277963789	0.126224087144331	0.169316931766212	0	0.192173406646455	0.169748235318219	0.145695284469653	0.122414241440878	0.25620306083808	0.254311479449545	0.363325567890595	0.269012666439478	0.273673275279503	0.186092940513467	0.151687352047124	0.18007475711876	0.22116626816838	0.252437520099414	0.123161160826501	0.24673939917257	0.246601164664517	0.172376101729938	0.322337201634716	0.153363425133256	0.23747290647773	0.190397347929478	0.16547394347269	0.201237493045203	0.18857352330941	0.179792435959177	0.211985144214013	0.192177759937528	0.201075990076809	0.214706197032587	0.144849578479929	0.209587416767006	0.138409561408357	0.246148209519347	0.218148837794123	0.0899395833798288	0.13171902540076	0.189539043683295	0.125955010957263
700111302	0.277584245724613	0.283853884650506	0.0946444295001906	0.408954258671656	0.276992760844103	0.14185399081594	0.253848072688797	0.252138695058687	0.224725355497035	0.216592896452272	0.106234316406923	0.0926032355971126	0.260079414933011	0.232550692774175	0.268747102134052	0.124208026924532	0.225330850603623	0.142769064959718	0.210316608382533	0.274504194879748	0.192173406646455	0	0.302022094894248	0.255335215501207	0.205448494836775	0.330510655781211	0.237921172375972	0.353291576004814	0.344956675982345	0.242076751406718	0.162972745248961	0.125910523147229	0.155517730778117	0.157625480191468	0.315248926212399	0.199834972743777	0.222383360223263	0.230128668108866	0.272046571979446	0.317691113141505	0.215210273435439	0.160348610927564	0.215960657165808	0.221634985908958	0.217372374159343	0.266676330872022	0.226651083268772	0.19401465864294	0.17955952981549	0.0816910145375771	0.0674542668925019	0.271357661845884	0.327996017474163	0.204537436274935	0.368957382461435	0.166899836498111	0.190151983676176	0.262599560862154	0.10640887839787	0.233997373057405
700098605	0.147649691633091	0.245789006797116	0.328319256461081	0.208662807156565	0.215604716402833	0.294607278084129	0.157261900491156	0.294561792031497	0.185187220555437	0.279152471883737	0.241924794430183	0.337465907960205	0.31002451525899	0.22502235394092	0.312632437054698	0.254619263634743	0.274898378561354	0.310534913206667	0.166635232036987	0.147409426383347	0.169748235318219	0.302022094894248	0	0.165411391776418	0.202416110755322	0.217327370150967	0.249597134092435	0.323550787818736	0.291322176561643	0.311924180892106	0.252934444312388	0.25842680555538	0.255195939815345	0.277370643232074	0.210742344886888	0.182371903293452	0.25973345075293	0.29450594604207	0.156479424167938	0.345464191906213	0.184606634366094	0.313823283485451	0.236686327939134	0.224369083045687	0.279428907026433	0.198370445699868	0.18284485580458	0.29151228926886	0.251568673341845	0.301175524325201	0.305806089668339	0.156924994839982	0.126078175648351	0.165327259431189	0.150426724086885	0.286615074838347	0.191056072657501	0.175461439014071	0.279939778394093	0.162477813248568
700111991	0.0671012311204812	0.257649706187985	0.296914826596613	0.267218085795508	0.184603040232711	0.270952841662119	0.1159873828817	0.302599149762691	0.120617547169632	0.267488536911958	0.193659243200866	0.32168986846424	0.315339892215168	0.193301468649404	0.336253846223987	0.192981183773197	0.267833508855893	0.243563231557417	0.0879549992576144	0.145199593445961	0.145695284469653	0.255335215501207	0.165411391776418	0	0.168243223921581	0.174024642150957	0.224742312060247	0.31571161816527	0.308204045121444	0.28057259109055	0.228368913295204	0.214636975271796	0.217188113894359	0.246885501644358	0.178924583085249	0.149800221467762	0.190555971721153	0.268089252710556	0.113067918602829	0.373659548445327	0.153539181054785	0.298298260116226	0.167030201843849	0.171067894999435	0.259945752865153	0.210255480667307	0.171380906485699	0.27838328692042	0.203550637587919	0.280895892762716	0.261031626177079	0.114091750165322	0.176036492410515	0.123679992855244	0.158674383342734	0.268549675896057	0.171596730935683	0.116863261708342	0.271572538047676	0.123108554905242
700108960	0.175177753309646	0.33068801797743	0.264666641245457	0.282995270029243	0.295238449537401	0.26490658426353	0.115793759333976	0.359532878110838	0.159863210812984	0.325935615245218	0.177175678924518	0.275992488222949	0.362389731608616	0.282545208299904	0.379041930804521	0.206966870593976	0.325391082834541	0.265873412638632	0.172146558976971	0.154301064820506	0.122414241440878	0.205448494836775	0.202416110755322	0.168243223921581	0	0.30609005125329	0.311735141783869	0.398662360757188	0.364263889281658	0.328302519713616	0.25846556332834	0.134938424735012	0.224658485756048	0.265751565423203	0.289064875893869	0.139470754837395	0.28858092571859	0.332495817747082	0.200095049859222	0.415096182721783	0.227870797569787	0.282571464748462	0.236520523650164	0.166092678736744	0.291020213077992	0.295402014824259	0.264703926980661	0.309623255786079	0.253269197533922	0.228177854468099	0.225473016194127	0.157746418005696	0.18537661594929	0.196750966680591	0.203257007477759	0.279127284785596	0.167250338099155	0.101301043488299	0.228530625969203	0.133635471920314
700024452	0.168778061247324	0.191426156138061	0.349835040651647	0.25932205669315	0.162666165141677	0.312117387028083	0.228368201344482	0.280711949727984	0.225953487861643	0.287123364971941	0.253723032095357	0.36471148537618	0.288718029870875	0.207295508477571	0.33506005599723	0.247628682170509	0.273428524721917	0.29941598361844	0.181913036993178	0.210792650703573	0.25620306083808	0.330510655781211	0.217327370150967	0.174024642150957	0.30609005125329	0	0.217256878320338	0.236188081888089	0.203027043040865	0.267351388714936	0.271581883168378	0.289527732247054	0.233399028410629	0.278465348064399	0.0707032871680345	0.223499716763044	0.255465535086575	0.310499405178707	0.146432231612317	0.304206236419138	0.192278587604775	0.313093456054366	0.213426361621646	0.241760098295945	0.243590983123456	0.185543587179847	0.178074762205468	0.29656797372531	0.241024616031715	0.33558950729776	0.325938331183405	0.183156967779805	0.204011308499921	0.185156597100143	0.214052307690855	0.278869328990504	0.235513433824607	0.239116716688709	0.312624694508932	0.229146743266194
700032931	0.230213126256322	0.145902482311307	0.215716964946229	0.374729162258596	0.161914487169066	0.172098872086946	0.269725240874298	0.120134199413776	0.220457092279778	0.12113333725412	0.178823465358528	0.260260772543234	0.139593310197469	0.0946269551577157	0.196654444624569	0.184205300179318	0.106084700485401	0.181911858776913	0.195684653301836	0.227436963937869	0.254311479449545	0.237921172375972	0.249597134092435	0.224742312060247	0.311735141783869	0.217256878320338	0	0.2204047629294	0.200401185700966	0.123608837339409	0.142682153722516	0.233286389647173	0.144696895472874	0.125615078757806	0.197966919600821	0.211630905929525	0.169973267608961	0.165573120602897	0.198363369975304	0.196965277759352	0.158696519042536	0.154337798832415	0.149383192850235	0.20540328735045	0.150113923468157	0.143019438124551	0.113281083627522	0.139234121443775	0.134709537473501	0.201429725483701	0.248713730025179	0.241438347021362	0.284328135630263	0.159375328957921	0.315368222159556	0.128549569868069	0.214196604301929	0.277122535286167	0.202343690485148	0.245669335539663
700095837	0.310223570687837	0.165431231958021	0.362167867162839	0.405364110103396	0.248819080553435	0.336144636670813	0.353802484236156	0.263976211348396	0.309424334288258	0.277242840374751	0.294904880712491	0.38250512223363	0.245496535114812	0.25838827332147	0.338084876468921	0.291905306881111	0.270048246228681	0.322063192730936	0.303890693551392	0.30043414381805	0.363325567890595	0.353291576004814	0.323550787818736	0.31571161816527	0.398662360757188	0.236188081888089	0.2204047629294	0	0.170239179744199	0.220216379597774	0.292931547944915	0.355908705911989	0.252667365313189	0.27636031248247	0.223101968276128	0.31790392907375	0.287522642191688	0.334545999487539	0.268218937241517	0.288548326285463	0.261124235147513	0.295647582979335	0.282423420873467	0.303355251519548	0.219743879514027	0.262056422950071	0.247614115799022	0.291321424729339	0.288994012471713	0.356631343549549	0.358429404919147	0.312808726300779	0.33860444610128	0.287811314696942	0.380533509560922	0.27221877879835	0.333888602894763	0.35130584023605	0.34767930848234	0.342137098377389
700024548	0.305941698974811	0.153638942639681	0.320426429976657	0.367515285190332	0.220743338272028	0.2865670705385	0.317123733825856	0.190151042716881	0.316898913343707	0.205396998108992	0.278333942686864	0.335876072826157	0.188393663963017	0.185968678205639	0.245557029796623	0.280548287200429	0.199935182647135	0.317610661757355	0.282343334583468	0.282688499919035	0.269012666439478	0.344956675982345	0.291322176561643	0.308204045121444	0.364263889281658	0.203027043040865	0.200401185700966	0.170239179744199	0	0.191206382745091	0.25492204537051	0.331519196301402	0.221554289483337	0.239469715393796	0.206640821685308	0.264907642403684	0.304025385829603	0.2611259851632	0.261947808444032	0.179365249391436	0.222675900850736	0.240111308408696	0.25409161025651	0.296243885878618	0.145491823444812	0.139608483502804	0.20258159340181	0.206369380489145	0.252564710953507	0.316619420164926	0.329896721383968	0.28569471069764	0.310963099787275	0.243164386001972	0.351739892739054	0.235239518667009	0.242209342184498	0.332569100769266	0.280374368212047	0.30552842889468
700110161	0.301233149294894	0.151732624202079	0.194466693355953	0.400545991738596	0.206974492218578	0.170650608995414	0.293968251367994	0.113738775385986	0.261260358470952	0.107526376114708	0.189730412670451	0.246911049498709	0.0951776695540533	0.140541738541986	0.190973037602654	0.194287429262919	0.104041836727363	0.188062169362004	0.254291685722574	0.25500403062606	0.273673275279503	0.242076751406718	0.311924180892106	0.28057259109055	0.328302519713616	0.267351388714936	0.123608837339409	0.220216379597774	0.191206382745091	0	0.151716869953429	0.240640989612747	0.154028496501106	0.129970348980668	0.244165547444805	0.229613693532297	0.215565341077075	0.15408068851912	0.253134282691285	0.167523634846351	0.191758522501046	0.134151991904859	0.189628727905795	0.225306645360116	0.112977922226523	0.206705638895701	0.191762385328759	0.134324770711492	0.157479865229522	0.203230026228714	0.249586570490235	0.271339597030713	0.329175530904423	0.207756260831143	0.387311651863494	0.126512375817412	0.220522333662383	0.29850858005162	0.189757251624175	0.271741562488446
700023496	0.256589001489448	0.187208372022448	0.156477896808203	0.396708545684802	0.187918073802756	0.0976529304380585	0.243363720908999	0.155646135753655	0.215678464517137	0.11985407422368	0.112341210534342	0.173570697132923	0.167415441258045	0.11896945908654	0.205494644821355	0.135402299350327	0.118103749471921	0.104558475433697	0.187850166977348	0.242840084721168	0.186092940513467	0.162972745248961	0.252934444312388	0.228368913295204	0.25846556332834	0.271581883168378	0.142682153722516	0.292931547944915	0.25492204537051	0.151716869953429	0	0.173532635575525	0.119109321627371	0.0779638362889644	0.253884774874877	0.184624430590954	0.15723644479245	0.140094351670331	0.237274700451143	0.235780792626322	0.14290507629154	0.126001874148941	0.136590211586165	0.184063968070677	0.133395119886562	0.16148918984817	0.136956497836363	0.124652208178795	0.0665699771638008	0.155943216145094	0.175542503793638	0.25035360065975	0.309220064116713	0.131852775899874	0.344751140128253	0.104843220563513	0.14288077087333	0.252137820843067	0.148009499257941	0.21729099770349
700034628	0.242315036930656	0.272196605154344	0.167241190123724	0.380920766865916	0.267865930162699	0.170040348462049	0.184869497501888	0.253143779460276	0.152500017000605	0.220380161621255	0.107261471390601	0.17834073360394	0.262530959238266	0.222587020291011	0.281798631881746	0.15495608213038	0.223834926826109	0.186747411814471	0.164586875883041	0.238127672567887	0.151687352047124	0.125910523147229	0.25842680555538	0.214636975271796	0.134938424735012	0.289527732247054	0.233286389647173	0.355908705911989	0.331519196301402	0.240640989612747	0.173532635575525	0	0.162609654334841	0.163042864912308	0.264584868370626	0.127148480399822	0.242231272391871	0.236942304724977	0.222860901786632	0.317611819117707	0.20512187123104	0.178810120661553	0.201410350878389	0.130126733166571	0.216640989817192	0.247472636396816	0.219634377035146	0.207262140273431	0.18915225932585	0.129921208345116	0.162427320164733	0.22335800927549	0.277801271192841	0.167082104944966	0.30491837782679	0.170638149030558	0.160768836146891	0.184866068812942	0.143159194924611	0.148318736518754
700023645	0.233015679702274	0.175467546193225	0.186492820184606	0.353809791662257	0.173340137378049	0.163251304059742	0.214469453883149	0.16981827263195	0.202328614957838	0.15181020820692	0.0943136540399511	0.196761068365954	0.179272272788275	0.135982376632273	0.247451526783249	0.0894163519734824	0.147972590229469	0.149946202379571	0.176118213744818	0.192308486991416	0.18007475711876	0.155517730778117	0.255195939815345	0.217188113894359	0.224658485756048	0.233399028410629	0.144696895472874	0.252667365313189	0.221554289483337	0.154028496501106	0.119109321627371	0.162609654334841	0	0.106253833227053	0.223273965876145	0.161309380547183	0.186653983488143	0.205009943070962	0.19286818742188	0.243647932210502	0.12622363424445	0.11742721345294	0.131147320319173	0.16764586454499	0.108393168719583	0.173103340986139	0.139897487473218	0.142155618626019	0.134485613657733	0.176192039522766	0.167785594081484	0.206648143274212	0.266990870508491	0.15171980292336	0.330949136179041	0.106074581160382	0.144027580699873	0.217320799530985	0.159898267386154	0.194835590335413
700038744	0.271513506595077	0.203574231016185	0.132137484929044	0.403550539695168	0.200716568717854	0.0809670523345081	0.260005165597321	0.135397140174746	0.237973613648087	0.102911685220444	0.117546055749013	0.159678920851608	0.148548377127379	0.116618355678328	0.190387780632789	0.135042138794837	0.115470792947755	0.105591367609609	0.212768178824893	0.25395106134372	0.22116626816838	0.157625480191468	0.277370643232074	0.246885501644358	0.265751565423203	0.278465348064399	0.125615078757806	0.27636031248247	0.239469715393796	0.129970348980668	0.0779638362889644	0.163042864912308	0.106253833227053	0	0.256407301708974	0.189373608612318	0.177678617533966	0.124279808769434	0.251039625719554	0.210545338758979	0.171871631508392	0.0841964494910114	0.153618296915782	0.195838954483468	0.131207432636576	0.167564081953892	0.168900344043153	0.0993005501034513	0.0990901871301771	0.135778871037099	0.173381265139954	0.26496793500765	0.321294763339282	0.159589696624967	0.359732539045636	0.074264530176138	0.176182837983341	0.268850710472344	0.127795899108706	0.234547340668151
700038485	0.181324932228282	0.177363735644594	0.326605111407554	0.267521614843562	0.159505775909946	0.295192463392804	0.216494241492442	0.260853959025361	0.199691356282488	0.269238242179052	0.237369865540698	0.351490726337507	0.272388479336414	0.202758069625914	0.32088326483191	0.230570625750983	0.251398493269909	0.290016279015389	0.174210784419194	0.202159461498372	0.252437520099414	0.315248926212399	0.210742344886888	0.178924583085249	0.289064875893869	0.0707032871680345	0.197966919600821	0.223101968276128	0.206640821685308	0.244165547444805	0.253884774874877	0.264584868370626	0.223273965876145	0.256407301708974	0	0.203710647793807	0.242695563892432	0.303250516798112	0.132281357821272	0.296955350086327	0.184217930653576	0.296501242649517	0.208981381670802	0.218478471813378	0.228340882701965	0.178330724588422	0.168828685042672	0.280649915662783	0.240375418024061	0.317926421245552	0.307618635596978	0.164992089933398	0.193882653813841	0.168324024523524	0.23691425266872	0.262546589914932	0.232833824322645	0.221864006193639	0.297732622585139	0.212896480523127
700024743	0.161625590433089	0.235736226792437	0.22430844805393	0.296114988291747	0.227248110038428	0.208026014858558	0.11494222739153	0.248880307819035	0.133291289881247	0.216707025993825	0.132436214544827	0.236700754934317	0.258603200987324	0.190354144283257	0.281904233656411	0.186278882867562	0.21858284476069	0.225961801810817	0.135102822604722	0.143647170761886	0.123161160826501	0.199834972743777	0.182371903293452	0.149800221467762	0.139470754837395	0.223499716763044	0.211630905929525	0.31790392907375	0.264907642403684	0.229613693532297	0.184624430590954	0.127148480399822	0.161309380547183	0.189373608612318	0.203710647793807	0	0.218899434489369	0.235595185349693	0.152533371588886	0.311183845916108	0.162124011053364	0.220581333564777	0.18041949419585	0.0938035099804184	0.188943890260265	0.190643060396926	0.189114076950289	0.204740051581488	0.172216896966673	0.203199363043668	0.214045669642871	0.143075920263041	0.193431662006235	0.126315614000773	0.222655694758356	0.192055365553176	0.125661769231209	0.119303058224916	0.190162996984039	0.0994398241086083
