700108602	700014971	700033565	700109389	700023058	700023927	700106341	700114221	700023543	700023439	700016978	700024192	700113058	700099448	700109870	700033928	700023693	700109627	700095416	700110425	700111580	700111302	700098605	700111991	700108960	700024452	700032931	700095837	700024548	700110161	700023496	700034628	700023645	700038744	700038485	700024743	700099596	700110760	700101587	700106399	700032322	700095653	700021312	700101230	700023590	700038905	700033136	700023382	700096424	700105469	700016908	700096053	700108479	700109569	700033814	700016125	700109756	700102665	700101777	700109455
700108602	0	0.219287792582578	0.338883568296351	0.211249262996477	0.20618516451506	0.301918873155636	0.112615534519263	0.314325379943547	0.14255103377473	0.293838397880618	0.226389617040757	0.35990889530509	0.312410026721607	0.238603938523305	0.341329682559198	0.237503499675621	0.300568559983762	0.306533881546885	0.139196927498122	0.112930515154474	0.176763365090998	0.279055695589156	0.133198636128178	0.0767844966706717	0.169567747509475	0.190471295304493	0.237538203072162	0.330672768094889	0.316581620467195	0.31484023163308	0.262814698512747	0.263253934403822	0.22684164852898	0.293410371455127	0.148816415359712	0.143387945920093	0.231925122253384	0.329502867813602	0.100667839970671	0.357519160024566	0.163217218926648	0.327954898571676	0.216314010017167	0.197990512216749	0.293882380152768	0.222996884268654	0.188319856258102	0.301118501869634	0.247279186901652	0.336999902848736	0.295475896234862	0.0881836794940937	0.110332194509168	0.17331988625803	0.120545405171483	0.299757359513498	0.172005310791205	0.111507260360785	0.285363603763027	0.143145078996041
700014971	0.219287792582578	0	0.291471673421061	0.323512387176186	0.132177605925179	0.236818388774773	0.247869713707849	0.192037405496334	0.212552779003959	0.171947714484904	0.201309721361936	0.324151113861123	0.221133526303155	0.150544496801705	0.263839540738896	0.261499593166172	0.185282771776626	0.296926394102527	0.217415473467688	0.211113953014011	0.242885902035761	0.280628958956677	0.20440672059313	0.216600215125424	0.298275432536587	0.170292956037282	0.118874992275663	0.230973662759582	0.163503560469684	0.198461689392547	0.196594781454527	0.274068875896489	0.160365985062709	0.182709835974274	0.172295123980168	0.169866878428691	0.226829497234009	0.283730685707788	0.176241849601385	0.240761193283402	0.150637232645118	0.24496460831597	0.17736142938983	0.236185883246687	0.181740205259264	0.164969802140901	0.128361863695675	0.216530723873297	0.194215594741571	0.295212135853724	0.27315585559967	0.215985302850627	0.247085138577551	0.166954006775113	0.28581886823326	0.189548490690515	0.214046616026615	0.246282146276966	0.243196269340681	0.232181237560258
700033565	0.338883568296351	0.291471673421061	0	0.441394016181963	0.299500143943279	0.101295954741211	0.298744119635744	0.172007855740945	0.274788075194809	0.173086598325899	0.14139357965	0.0833367018661414	0.155204128195402	0.2046487424609	0.175855586837442	0.13032637672534	0.178981856907162	0.119063992908759	0.246800195673148	0.300305961219407	0.252505062228694	0.123195413089653	0.32603762446665	0.306787313597915	0.27830872739413	0.341677029836537	0.243510975530474	0.393765496229756	0.298410251176348	0.197394241972028	0.158635890196367	0.171732094107177	0.179436884561709	0.136066127237195	0.353210294048448	0.2411317292052	0.240648342808237	0.115009580147107	0.294195779520045	0.228744081018457	0.242015494137942	0.0954190939341398	0.209968366211828	0.227782734763036	0.18608491987024	0.219527446269864	0.247452110041327	0.132950671186294	0.17222498370857	0.0523657195505657	0.10609458799556	0.33596486170741	0.356259567346636	0.220268932004934	0.390021260209608	0.152775324213282	0.218519207989829	0.300313958911206	0.105547762564491	0.278015537660354
700109389	0.211249262996477	0.323512387176186	0.441394016181963	0	0.332690762689163	0.425497450661391	0.212204310094725	0.417241388707917	0.298813939024547	0.405476848106162	0.359281008842312	0.456291024910039	0.418045683972983	0.36828087082973	0.433037759795237	0.364717994809789	0.410814453528368	0.439708134178019	0.31507192664255	0.20747484052343	0.299388405582011	0.402477013280817	0.214825781196052	0.258711339643391	0.279048276781713	0.28121402356454	0.365069806701737	0.419616602523493	0.391322350941992	0.413473229778148	0.390842587769768	0.388223783633235	0.353387511951034	0.398097477267614	0.241717461838396	0.27646416737606	0.377481907012484	0.449115225954422	0.254639682252815	0.422261044019402	0.296311801672623	0.426852092810944	0.353653065536079	0.330925293127832	0.3994661676986	0.344241059973486	0.32967721136967	0.408127001611666	0.382783633080228	0.44090312654514	0.404127215782843	0.193149952411017	0.146877281690978	0.32147206871409	0.190321857124093	0.404859844362312	0.28146110763175	0.239316474318274	0.386737716374041	0.269440485901519
700023058	0.20618516451506	0.132177605925179	0.299500143943279	0.332690762689163	0	0.230025091868093	0.245445394145819	0.218017535630496	0.206126184616568	0.202037256754961	0.209187661567132	0.325019668160729	0.240760039076857	0.159993937938265	0.273765405986908	0.246537484781993	0.211526156141835	0.266553382738644	0.196702852208127	0.221941902173788	0.241503050169923	0.286097172978971	0.214687638977641	0.193034375448556	0.306814045411406	0.167410135544124	0.150892400682186	0.276860006316281	0.21185933407816	0.220514637694356	0.194384854083345	0.289597080637962	0.174784482399459	0.216207553324754	0.17925531521305	0.208361869215025	0.160645347158755	0.241778772372635	0.172963742563721	0.278938436654828	0.146809034075789	0.255903117883714	0.155042654427703	0.252309480799379	0.203543130552315	0.170207658118938	0.126413694590264	0.228271412712574	0.174771066589438	0.306900619893489	0.281175606609954	0.214408637963666	0.252175115659457	0.176811497519752	0.276940641886036	0.21351682828847	0.228467605989832	0.244762589559235	0.259861279076224	0.232327371928913
700023927	0.301918873155636	0.236818388774773	0.101295954741211	0.425497450661391	0.230025091868093	0	0.286726783739887	0.139839469509322	0.247813105766247	0.107997309573958	0.128428917112789	0.15412902146141	0.126300284052001	0.128273429564416	0.171101930297717	0.163950591655109	0.129358961437593	0.112485060274012	0.220658340087516	0.277412846487417	0.22937435330517	0.181001221167727	0.284310060876651	0.271476366006662	0.273373398420141	0.29503292663306	0.183240165221686	0.365645430554056	0.255555084004003	0.169358465713661	0.0966998743331551	0.184820681028028	0.146041980999559	0.0913286116884263	0.314193112187061	0.215345319010461	0.185511021667953	0.0885580694391744	0.260870358505206	0.193566068349658	0.201643203678042	0.0942272182302964	0.156382944619924	0.217077230201635	0.143324412985398	0.166207398320115	0.200489523944007	0.105937419287013	0.10024482449777	0.115615583257439	0.159833481534605	0.312484568428332	0.336156691007735	0.184625124394516	0.364972217920158	0.11437464430092	0.185378987143396	0.274408520915395	0.114439014742246	0.256830926877943
700106341	0.112615534519263	0.247869713707849	0.298744119635744	0.212204310094725	0.245445394145819	0.286726783739887	0	0.303053853336747	0.13254058271705	0.293091926562441	0.210180497405358	0.309213735025827	0.297906542722236	0.256303945521539	0.330053420313382	0.21260278239234	0.294795671786166	0.298909033664945	0.134738551758479	0.0937519113504826	0.129271312006721	0.23635395170214	0.148556658455488	0.142055341871698	0.112524138889448	0.245882012687494	0.286229964212483	0.384785370497948	0.325264928182273	0.312992292930777	0.243421824029261	0.207407051952725	0.214292106948323	0.270989238662857	0.206697561984404	0.133559124954641	0.256401515266052	0.304936165184233	0.12206507993742	0.360668210129124	0.165346083905394	0.294983861105043	0.201754925321158	0.165496759525437	0.269047701706684	0.249831971227254	0.213569770999807	0.270062117212208	0.241676740335716	0.290049881408908	0.262735260291606	0.0937359866511574	0.11899477635694	0.156368877405825	0.159818065510347	0.268714219177194	0.141394141926537	0.0878266328268865	0.241855263521323	0.0931499935731271
700114221	0.314325379943547	0.192037405496334	0.172007855740945	0.417241388707917	0.218017535630496	0.139839469509322	0.303053853336747	0	0.277764783761169	0.0889778908129012	0.207924601405275	0.221636844940023	0.0701675752473692	0.133444110397846	0.123588310255252	0.239729011555971	0.0673329724292115	0.233931738967933	0.269960020090073	0.272110349065313	0.270570265075149	0.256677823113331	0.305841693379851	0.289785127437635	0.345554600664699	0.281448968486392	0.149703043692376	0.324246467830837	0.192505907053155	0.126059624050514	0.155446222434257	0.24803799831275	0.173336704077614	0.119415361602797	0.29963360514467	0.225285163460914	0.227576498519177	0.151461691944102	0.25716095686148	0.127026352909809	0.196485914306089	0.108223763553787	0.201669492585861	0.255523709723586	0.124049032442162	0.14830228614942	0.166772386138698	0.0824994036731896	0.173517288569565	0.178889566879034	0.238710971272999	0.302293821466921	0.333871623330992	0.212048105164542	0.392721013530522	0.0759489316592136	0.221409501757461	0.317075738043094	0.179488117087073	0.280070510196189
700023543	0.14255103377473	0.212552779003959	0.274788075194809	0.298813939024547	0.206126184616568	0.247813105766247	0.13254058271705	0.277764783761169	0	0.248476663271369	0.160174635673988	0.298089982532501	0.272855133330447	0.219797302950863	0.309646574244577	0.18105634209785	0.260256681661734	0.258700804445414	0.0851185454259797	0.149901273427248	0.148458047850284	0.211626316720474	0.180715480516696	0.120780036954478	0.150705625404179	0.229432939766938	0.233308549301063	0.338533175875548	0.318188127309101	0.269610430456337	0.195863306184244	0.172536960248659	0.176009039401511	0.236559645184192	0.182906438752328	0.119222681108479	0.195686613003582	0.274224875782401	0.0968687702708806	0.339816788837443	0.131526102647578	0.274483246947652	0.171506079799293	0.0980030318189547	0.24407523259675	0.227376359162323	0.167657571351862	0.244493380690211	0.201877471680766	0.270421213061002	0.240268165191516	0.134690608072124	0.174063756985911	0.12408941673711	0.190182835969339	0.244580718857215	0.166910895547579	0.101116685718243	0.236116825170522	0.101878857921683
700023439	0.293838397880618	0.171947714484904	0.173086598325899	0.405476848106162	0.202037256754961	0.107997309573958	0.293091926562441	0.0889778908129012	0.248476663271369	0	0.183439556565836	0.222530121671655	0.0885603938174424	0.0931473850450716	0.15642173221041	0.227350438814413	0.0777992652673615	0.198450871448603	0.238218525697616	0.257993761757593	0.257289258904717	0.248714460041149	0.284874689720666	0.266015924918931	0.327532449361173	0.267610556529342	0.133404521249297	0.301764277899356	0.191711294161043	0.111141062954434	0.120353510567338	0.244036048732224	0.157101275947267	0.077148742057613	0.284754124129555	0.208080562288551	0.188182251617249	0.148289424693518	0.236360733157195	0.154732023802222	0.171165702356627	0.11841364627209	0.176353857725943	0.245050409096733	0.111221299878054	0.13552688942044	0.163292817418354	0.104092059375991	0.128980768374682	0.182628312274347	0.228072865854118	0.281229816462437	0.328433636051274	0.177650380532698	0.371177463548315	0.0856716664130365	0.208982677418276	0.290195986967483	0.179037065150522	0.264932834383055
700016978	0.226389617040757	0.201309721361936	0.14139357965	0.359281008842312	0.209187661567132	0.128428917112789	0.210180497405358	0.207924601405275	0.160174635673988	0.183439556565836	0	0.171920942724034	0.20306735704611	0.169651148008524	0.250556435368672	0.102263004411197	0.18700058490843	0.133063726259067	0.143664003660561	0.196072650720865	0.160665348366697	0.111462874291776	0.239995849908386	0.193097265495	0.177042064430431	0.266028960383579	0.197032767951473	0.321351523904346	0.271420009508848	0.213150930016444	0.111205771326916	0.127946240897452	0.0916622350813747	0.136191217356246	0.254627938544148	0.151378488629551	0.169566055385928	0.185352540457253	0.177100376778845	0.271162936852841	0.145809620849472	0.151104935407003	0.124098235157366	0.134485575023298	0.163930805931746	0.17739104870939	0.161503008014691	0.162022957923892	0.130190714264814	0.144256160756951	0.118447811909119	0.228433252271646	0.2539807041087	0.12446140608548	0.286735855581041	0.164186063375263	0.139201303860789	0.19187480715929	0.115506780203738	0.185673759906441
700024192	0.35990889530509	0.324151113861123	0.0833367018661414	0.456291024910039	0.325019668160729	0.15412902146141	0.309213735025827	0.221636844940023	0.298089982532501	0.222530121671655	0.171920942724034	0	0.201869730908043	0.252931126458769	0.212588100357652	0.150250816694917	0.216363206419576	0.14363265989471	0.266134042729486	0.318642118106768	0.240387599859741	0.123913337502475	0.344192534357122	0.332135342785766	0.283227019972525	0.364025576060857	0.289260648310692	0.423557518090203	0.316437934058726	0.26430277743873	0.180879251259648	0.173158585802595	0.211627166530505	0.191135053411843	0.381270599497708	0.27418682307363	0.276099126848747	0.162468086428655	0.320286203778047	0.263185940858725	0.265419696523527	0.129731228497745	0.239011781670799	0.244344438083963	0.191402827241881	0.241957942536492	0.260710851291226	0.169197326756746	0.21217714782277	0.0860382840413909	0.0944115426486601	0.355781040522583	0.372466971196755	0.237152003888164	0.411360433723671	0.191132898577381	0.228374478503641	0.319419354683184	0.134583559231004	0.295147750944419
700113058	0.312410026721607	0.221133526303155	0.155204128195402	0.418045683972983	0.240760039076857	0.126300284052001	0.297906542722236	0.0701675752473692	0.272855133330447	0.0885603938174424	0.20306735704611	0.201869730908043	0	0.143295512585458	0.100665031926681	0.234604538916566	0.0916197180605628	0.223039521636042	0.263876775787189	0.271373509937262	0.261519570826032	0.242150659902603	0.305355392905164	0.288013416841529	0.335788485909315	0.308077992031641	0.180854196660634	0.34041290208947	0.211361084881917	0.141308400972122	0.149177231195639	0.240420040140881	0.188197740804684	0.121842262504627	0.327295195743494	0.225365726968601	0.227568834651352	0.136440421681726	0.259990947868532	0.122562375117513	0.207846988000412	0.0939272707056539	0.217922377572308	0.253017546585162	0.134242902965966	0.151469832845635	0.194660197100145	0.084852622637024	0.165993233605665	0.158547205636705	0.22566688943392	0.302132180439664	0.332874075467983	0.215099391902061	0.389846685011704	0.0745247562702361	0.216556465323624	0.309681671970832	0.170000137221468	0.27431258689268
700099448	0.238603938523305	0.150544496801705	0.2046487424609	0.36828087082973	0.159993937938265	0.128273429564416	0.256303945521539	0.133444110397846	0.219797302950863	0.0931473850450716	0.169651148008524	0.252931126458769	0.143295512585458	0	0.190090030090747	0.212328362749105	0.108900154834238	0.204004022755471	0.191876842357633	0.220399712285421	0.226006597823506	0.247951374065075	0.23218773690453	0.205802465229364	0.292318316235795	0.208371348805116	0.10694160905856	0.296739141015037	0.177225185642171	0.13737419070111	0.13207250885313	0.241768998498227	0.137095275580817	0.109164581517481	0.231935011020369	0.182523214849852	0.166299677794303	0.171662165068161	0.189219150667111	0.203320592063755	0.142205041070924	0.159550859358223	0.137707445306208	0.229954124277872	0.132394207896187	0.119262375926854	0.132035513473691	0.141367677239105	0.101045781360438	0.211919806757895	0.220625627176992	0.236909459869507	0.287673309688108	0.150753523988298	0.3076898278087	0.124797169623811	0.17716899087496	0.247883531639966	0.173044497788676	0.232006416670657
700109870	0.341329682559198	0.263839540738896	0.175855586837442	0.433037759795237	0.273765405986908	0.171101930297717	0.330053420313382	0.123588310255252	0.309646574244577	0.15642173221041	0.250556435368672	0.212588100357652	0.100665031926681	0.190090030090747	0	0.273216669633631	0.135062206331408	0.265679905237209	0.302239101394593	0.311357075731875	0.286187228724736	0.277617266227543	0.327144260496524	0.324698176618083	0.367297710471638	0.329815496863439	0.226272386644591	0.377399938953217	0.240282699595867	0.17737166535387	0.204614153650087	0.275281843943291	0.243923234710259	0.182804601820746	0.352959808891582	0.267473702923436	0.280533062857191	0.150397825983661	0.302173553381366	0.153382479372787	0.255541505676203	0.12451342438569	0.266923683759809	0.288798245392684	0.172905396800567	0.18180375300555	0.222573855265778	0.124667962199499	0.214526520045943	0.182534606250014	0.262020545883525	0.339705006245747	0.352233721321905	0.251543252876126	0.407972071058946	0.137759598468736	0.252983262205269	0.342440153636482	0.202533171717517	0.309971500063264
700033928	0.237503499675621	0.261499593166172	0.13032637672534	0.364717994809789	0.246537484781993	0.163950591655109	0.21260278239234	0.239729011555971	0.18105634209785	0.227350438814413	0.102263004411197	0.150250816694917	0.234604538916566	0.212328362749105	0.273216669633631	0	0.228705585092779	0.127654741629126	0.155508073343055	0.230403361974612	0.175272934813386	0.0883844492432384	0.267087781080057	0.21056759967058	0.197416888248406	0.279878656019635	0.245001746010239	0.359471356261955	0.310203860706725	0.252409950397667	0.152500897834875	0.13916604100077	0.121402956582871	0.176717452993237	0.285010129183825	0.209062675803081	0.200107930347977	0.208615769755993	0.198449861622638	0.300693791580853	0.167274890998105	0.173734162107778	0.158152168241951	0.182867490715971	0.184529023325919	0.215186830869665	0.188947971261774	0.191598347393027	0.1794671921065	0.123293156884324	0.0872053069001133	0.233952942835126	0.267768588794674	0.170044849270388	0.306883455766818	0.195943002133551	0.169041244092686	0.200201082147174	0.113434267863204	0.189813601425427
700023693	0.300568559983762	0.185282771776626	0.178981856907162	0.410814453528368	0.211526156141835	0.129358961437593	0.294795671786166	0.0673329724292115	0.260256681661734	0.0777992652673615	0.18700058490843	0.216363206419576	0.0916197180605628	0.108900154834238	0.135062206331408	0.228705585092779	0	0.213741138140129	0.251547771418313	0.260923216906052	0.237542162315299	0.251755532164584	0.289886637639885	0.273135132995034	0.332705011970227	0.279882845044157	0.154777589737781	0.327783860947353	0.181871696686147	0.141174729040021	0.125302955342963	0.244152607547664	0.165117481569313	0.111448179145357	0.298411770924596	0.209390323382076	0.205026308196333	0.165378524880781	0.244251993904284	0.126943534730856	0.183087834570594	0.113800216373948	0.186020523658964	0.244688656875203	0.106476281520262	0.116413253358104	0.148307475162284	0.0886737375177555	0.14929187152903	0.190329512553346	0.230350975997156	0.291333542455038	0.324201542921372	0.192395741974397	0.378612118808451	0.0890078294829791	0.209330940667629	0.299958242621073	0.185838934048137	0.267271473124904
700109627	0.306533881546885	0.296926394102527	0.119063992908759	0.439708134178019	0.266553382738644	0.112485060274012	0.298909033664945	0.233931738967933	0.258700804445414	0.198450871448603	0.133063726259067	0.14363265989471	0.223039521636042	0.204004022755471	0.265679905237209	0.127654741629126	0.213741138140129	0	0.220352431727079	0.302971002261692	0.237981756477062	0.138965196225113	0.315472720971531	0.258355433295136	0.252926753886179	0.32261278514172	0.24836053318487	0.395376422388376	0.339092806345392	0.243626019340572	0.148258229531522	0.17372190532961	0.18542194551976	0.168503528105734	0.334703470187935	0.25088447503936	0.179858676661131	0.131810690049709	0.275169880052334	0.290854200855599	0.239909157546424	0.170483665352229	0.188257227935977	0.228175016253471	0.213900885831306	0.241670405788414	0.243264642094391	0.199690602540766	0.131303033519029	0.119835910109778	0.128640544880492	0.329112204801212	0.349402637014913	0.200166689900543	0.346466989374643	0.208626438782915	0.220054868457873	0.288710167465953	0.137430624256203	0.276278963555367
700095416	0.139196927498122	0.217415473467688	0.246800195673148	0.31507192664255	0.196702852208127	0.220658340087516	0.134738551758479	0.269960020090073	0.0851185454259797	0.238218525697616	0.143664003660561	0.266134042729486	0.263876775787189	0.191876842357633	0.302239101394593	0.155508073343055	0.251547771418313	0.220352431727079	0	0.165309535257247	0.130915567451163	0.188322742840594	0.181213903731027	0.119064472345388	0.15434832743103	0.210281374708005	0.213208375110031	0.347183654250587	0.299635148903193	0.262757938348576	0.175851380404634	0.164027057003446	0.156123390914361	0.224121033992023	0.188975696258752	0.13558518950758	0.180508423389167	0.238172973044809	0.111605328727783	0.332540529837656	0.117025794287297	0.261242813600324	0.135497656757598	0.134100093367227	0.225749569133413	0.208149296363242	0.151747030754051	0.233102711723853	0.174063425527268	0.241074420328251	0.211976467682959	0.163202639503829	0.192613354955333	0.089107913876014	0.193155168223641	0.228410755565213	0.143940359928324	0.128168707337328	0.202607771507376	0.120572762841818
700110425	0.112930515154474	0.211113953014011	0.300305961219407	0.20747484052343	0.221941902173788	0.277412846487417	0.0937519113504826	0.272110349065313	0.149901273427248	0.257993761757593	0.196072650720865	0.318642118106768	0.271373509937262	0.220399712285421	0.311357075731875	0.230403361974612	0.260923216906052	0.302971002261692	0.165309535257247	0	0.158797672316904	0.256757316750914	0.143629152392275	0.131807232916441	0.136640279194912	0.247384987616448	0.243231465449929	0.331807237105206	0.293192920522957	0.270790434516809	0.232928016911149	0.240052062803762	0.182394924538085	0.246062923315238	0.200206598079702	0.110916857569232	0.223866182855016	0.309095026004329	0.13047344738387	0.336251182116656	0.154206032199813	0.27424588135013	0.184261761420043	0.161513033309251	0.243827986909601	0.221807941920983	0.191343103087341	0.248030910956233	0.227036487570004	0.300102602540108	0.264302348880811	0.100187483416438	0.10757759791685	0.164914178205509	0.17032514742381	0.245838694952627	0.12795032036918	0.109597924749348	0.248893324715477	0.128783357192651
700111580	0.176763365090998	0.242885902035761	0.252505062228694	0.299388405582011	0.241503050169923	0.22937435330517	0.129271312006721	0.270570265075149	0.148458047850284	0.257289258904717	0.160665348366697	0.240387599859741	0.261519570826032	0.226006597823506	0.286187228724736	0.175272934813386	0.237542162315299	0.237981756477062	0.130915567451163	0.158797672316904	0	0.178403629356263	0.187379160631093	0.163945302632709	0.117078301954877	0.26731439459014	0.275260965006332	0.397519466749177	0.274775153292546	0.291877406311904	0.171573629996816	0.15519562651407	0.171197727515072	0.230866564510461	0.244806257292789	0.152243239860113	0.253445737001637	0.236163609901019	0.164151706489329	0.310704372279985	0.154967922439385	0.231329484413433	0.172275223966699	0.145640056576129	0.194139951273501	0.190149981294058	0.176712649758018	0.207949598579315	0.200959683861936	0.222085609888815	0.219305674275625	0.164596810607701	0.207779501106207	0.115505444093992	0.230754231185008	0.225275265098375	0.100114909073529	0.127170117350007	0.170086507766058	0.128211743489375
700111302	0.279055695589156	0.280628958956677	0.123195413089653	0.402477013280817	0.286097172978971	0.181001221167727	0.23635395170214	0.256677823113331	0.211626316720474	0.248714460041149	0.111462874291776	0.123913337502475	0.242150659902603	0.247951374065075	0.277617266227543	0.0883844492432384	0.251755532164584	0.138965196225113	0.188322742840594	0.256757316750914	0.178403629356263	0	0.294392160658056	0.255523483615743	0.178173813387061	0.326338484547372	0.28285386933586	0.397904147510137	0.340277550486978	0.27715967531484	0.179255079099067	0.0905826030665221	0.165120457485337	0.194687635227566	0.319324525734057	0.223908029883777	0.25062970485952	0.206956520987587	0.243124834148122	0.308606558421195	0.224664383466966	0.177018898522363	0.196396242839025	0.186440315699752	0.217547477769019	0.255402220065401	0.23302479328249	0.195066966931766	0.20375474164249	0.105499716779225	0.0952311409118106	0.273410104036645	0.300504889224192	0.172118813350502	0.337800502052412	0.2068775056227	0.194740720224409	0.239584908516319	0.110470129785996	0.220068547507398
700098605	0.133198636128178	0.20440672059313	0.32603762446665	0.214825781196052	0.214687638977641	0.284310060876651	0.148556658455488	0.305841693379851	0.180715480516696	0.284874689720666	0.239995849908386	0.344192534357122	0.305355392905164	0.23218773690453	0.327144260496524	0.267087781080057	0.289886637639885	0.315472720971531	0.181213903731027	0.143629152392275	0.187379160631093	0.294392160658056	0	0.147035787906781	0.199849614662261	0.222539614456017	0.233848765576998	0.350563629046659	0.303552728722859	0.31680137311149	0.251676525106387	0.268058411486992	0.244877638284717	0.295592134976246	0.194684979544561	0.157643068251378	0.256271104972405	0.302073296185235	0.156922595192186	0.33629056577254	0.179229324915778	0.322487861254033	0.233979691989209	0.208994910583163	0.293180460793058	0.220833596093197	0.200845183595491	0.294873698522832	0.240925321612216	0.319621799880304	0.295421524603849	0.163335471926829	0.129912873030913	0.17181673981065	0.131143115202431	0.294811803311177	0.193264288052975	0.175762573627699	0.27132513096407	0.147595662956084
700111991	0.0767844966706717	0.216600215125424	0.306787313597915	0.258711339643391	0.193034375448556	0.271476366006662	0.142055341871698	0.289785127437635	0.120780036954478	0.266015924918931	0.193097265495	0.332135342785766	0.288013416841529	0.205802465229364	0.324698176618083	0.21056759967058	0.273135132995034	0.258355433295136	0.119064472345388	0.131807232916441	0.163945302632709	0.255523483615743	0.147035787906781	0	0.179119541505732	0.185951978812564	0.226942209636852	0.327390463523447	0.308758516089539	0.290526810179141	0.229974010245273	0.243803799653873	0.196165212599195	0.264985627473756	0.158390486725378	0.124052478704349	0.188611173169348	0.286343048058582	0.0891951471822767	0.351477383756981	0.136920289300175	0.302549191628874	0.187754422116038	0.177258561569247	0.268652255353794	0.215229490046464	0.170113594960475	0.275071276566641	0.204244716381314	0.306477592559268	0.264381641136632	0.124304280152736	0.160030843652182	0.144129493333998	0.13927122027194	0.276717240347981	0.165628127629727	0.124760092611778	0.25429679986463	0.142190497915084
700108960	0.169567747509475	0.298275432536587	0.27830872739413	0.279048276781713	0.306814045411406	0.273373398420141	0.112524138889448	0.345554600664699	0.150705625404179	0.327532449361173	0.177042064430431	0.283227019972525	0.335788485909315	0.292318316235795	0.367297710471638	0.197416888248406	0.332705011970227	0.252926753886179	0.15434832743103	0.136640279194912	0.117078301954877	0.178173813387061	0.199849614662261	0.179119541505732	0	0.317945231020747	0.325551721525142	0.422055249744245	0.364631736471192	0.341967789604942	0.250451691557365	0.143005653991319	0.211471603831021	0.278352473430869	0.270290841233835	0.161033956258076	0.284167184124408	0.297547736028194	0.185080920003665	0.39804515823297	0.215698626300333	0.286727041249091	0.222302930285949	0.140620398780243	0.289553149657551	0.2912397630071	0.261869609280307	0.289413330534819	0.260853213799499	0.253866762119274	0.239434502282352	0.161313741355027	0.16454238534823	0.175073888269945	0.178248059176963	0.299864609317933	0.153725290474401	0.111484929258425	0.209847710024149	0.126191620577995
700024452	0.190471295304493	0.170292956037282	0.341677029836537	0.28121402356454	0.167410135544124	0.29503292663306	0.245882012687494	0.281448968486392	0.229432939766938	0.267610556529342	0.266028960383579	0.364025576060857	0.308077992031641	0.208371348805116	0.329815496863439	0.279878656019635	0.279882845044157	0.32261278514172	0.210281374708005	0.247384987616448	0.26731439459014	0.326338484547372	0.222539614456017	0.185951978812564	0.317945231020747	0	0.192950012975095	0.272744701556542	0.21699204503363	0.259498985757803	0.277197595705171	0.304254691789432	0.238507481918417	0.274418773835513	0.0995475474721388	0.225628659495117	0.264202231928558	0.315737078639494	0.172289870873882	0.316117511936007	0.17491892760933	0.317822154719226	0.230122182934832	0.277170066852194	0.267518120961408	0.207946004253867	0.170658433119156	0.295890878661923	0.244267718824893	0.340790084533704	0.320446913128524	0.200142409123116	0.238652890879535	0.211024318441148	0.237333729954584	0.280137879286326	0.234521627384486	0.244022247682637	0.284348706303625	0.24579266059305
700032931	0.237538203072162	0.118874992275663	0.243510975530474	0.365069806701737	0.150892400682186	0.183240165221686	0.286229964212483	0.149703043692376	0.233308549301063	0.133404521249297	0.197032767951473	0.289260648310692	0.180854196660634	0.10694160905856	0.226272386644591	0.245001746010239	0.154777589737781	0.24836053318487	0.213208375110031	0.243231465449929	0.275260965006332	0.28285386933586	0.233848765576998	0.226942209636852	0.325551721525142	0.192950012975095	0	0.242448454882059	0.168026252316127	0.155491223798751	0.177827785207186	0.276595610712865	0.149038126570628	0.140856288880817	0.206199277879517	0.19932285747857	0.187066117119843	0.226770983953837	0.205351599428036	0.211678999337306	0.16591324079039	0.204861906778754	0.163746188156138	0.247690714792953	0.163450831181444	0.146611191149889	0.134758305054644	0.178071225333916	0.147962528640144	0.25027533633175	0.253844984030798	0.256348685759246	0.281869007221319	0.190911303730427	0.302753520320755	0.14999595390969	0.227800355787319	0.275914833338235	0.224931337425188	0.261278928993676
700095837	0.330672768094889	0.230973662759582	0.393765496229756	0.419616602523493	0.276860006316281	0.365645430554056	0.384785370497948	0.324246467830837	0.338533175875548	0.301764277899356	0.321351523904346	0.423557518090203	0.34041290208947	0.296739141015037	0.377399938953217	0.359471356261955	0.327783860947353	0.395376422388376	0.347183654250587	0.331807237105206	0.397519466749177	0.397904147510137	0.350563629046659	0.327390463523447	0.422055249744245	0.272744701556542	0.242448454882059	0	0.200263262641562	0.24775549574306	0.342247527567504	0.406150592645769	0.285928082690513	0.29109100556037	0.280170783608943	0.320759354159152	0.318822169052496	0.401362028756831	0.307450214453966	0.364692557219476	0.298776833592989	0.359190504319313	0.312009560930442	0.357260031004124	0.301347678110312	0.311350920871138	0.282084783500181	0.341017483581631	0.333868118460274	0.406567122479123	0.372353360231208	0.341643603205776	0.361297306808507	0.340059260333429	0.381499280361842	0.31481962359096	0.364090921966238	0.368456231289083	0.379407823344487	0.370832552277912
700024548	0.316581620467195	0.163503560469684	0.298410251176348	0.391322350941992	0.21185933407816	0.255555084004003	0.325264928182273	0.192505907053155	0.318188127309101	0.191711294161043	0.271420009508848	0.316437934058726	0.211361084881917	0.177225185642171	0.240282699595867	0.310203860706725	0.181871696686147	0.339092806345392	0.299635148903193	0.293192920522957	0.274775153292546	0.340277550486978	0.303552728722859	0.308758516089539	0.364631736471192	0.21699204503363	0.168026252316127	0.200263262641562	0	0.161750558420437	0.244092104905108	0.331525522077659	0.226005503416207	0.197520054032079	0.255748775358351	0.250696642157223	0.301563457824797	0.288533222196497	0.277335871842964	0.218106704775458	0.22641258276447	0.229743188589114	0.247427246981751	0.309831809748262	0.15767091555237	0.147599716527174	0.186129088565328	0.209636010775121	0.238586274638526	0.306584817131125	0.313912709640329	0.305738345327823	0.327079272047589	0.247314360708523	0.373531885047462	0.198307080093227	0.255681488126238	0.335399630512983	0.261679672353127	0.309604812142824
700110161	0.31484023163308	0.198461689392547	0.197394241972028	0.413473229778148	0.220514637694356	0.169358465713661	0.312992292930777	0.126059624050514	0.269610430456337	0.111141062954434	0.213150930016444	0.26430277743873	0.141308400972122	0.13737419070111	0.17737166535387	0.252409950397667	0.141174729040021	0.243626019340572	0.262757938348576	0.270790434516809	0.291877406311904	0.27715967531484	0.31680137311149	0.290526810179141	0.341967789604942	0.259498985757803	0.155491223798751	0.24775549574306	0.161750558420437	0	0.185382000745415	0.272263229518685	0.182930617572529	0.111647783207938	0.27533630498462	0.234694782976984	0.223872301763415	0.176015223810725	0.261856100401699	0.212139008232314	0.21234812328187	0.166630759449917	0.200749109773061	0.261081977681643	0.152338537020191	0.191654499570899	0.199473190828677	0.142052485046657	0.173008202298885	0.21339322899037	0.255558140383401	0.295779333086873	0.342582464118178	0.219556776368272	0.38926790743678	0.128568261403383	0.236777459696571	0.305324966573223	0.210105800115784	0.288656179387381
700023496	0.262814698512747	0.196594781454527	0.158635890196367	0.390842587769768	0.194384854083345	0.0966998743331551	0.243421824029261	0.155446222434257	0.195863306184244	0.120353510567338	0.111205771326916	0.180879251259648	0.149177231195639	0.13207250885313	0.204614153650087	0.152500897834875	0.125302955342963	0.148258229531522	0.175851380404634	0.232928016911149	0.171573629996816	0.179255079099067	0.251676525106387	0.229974010245273	0.250451691557365	0.277197595705171	0.177827785207186	0.342247527567504	0.244092104905108	0.185382000745415	0	0.187489909215844	0.110339249890883	0.109720099975873	0.28395911311519	0.186558085625656	0.151692717843138	0.139726611624754	0.21350783895027	0.21251109911708	0.144583985254911	0.136712530351926	0.112968935942222	0.185014186736012	0.114165149742866	0.143123265533976	0.138869345913499	0.111692715639574	0.0900713819297368	0.162676479517872	0.164371462141085	0.266053717412289	0.300053540936697	0.131817770621235	0.333679618353432	0.122569633622523	0.141893502742236	0.230066887930253	0.151754698115525	0.215194178341173
700034628	0.263253934403822	0.274068875896489	0.171732094107177	0.388223783633235	0.289597080637962	0.184820681028028	0.207407051952725	0.24803799831275	0.172536960248659	0.244036048732224	0.127946240897452	0.173158585802595	0.240420040140881	0.241768998498227	0.275281843943291	0.13916604100077	0.244152607547664	0.17372190532961	0.164027057003446	0.240052062803762	0.15519562651407	0.0905826030665221	0.268058411486992	0.243803799653873	0.143005653991319	0.304254691789432	0.276595610712865	0.406150592645769	0.331525522077659	0.272263229518685	0.187489909215844	0	0.181495875496929	0.195635300619059	0.296152371249367	0.178333344496042	0.265270260163866	0.206082363282323	0.224442096963015	0.304972206834914	0.221062545800856	0.17850376213275	0.197430569016869	0.126401807369235	0.210183557807185	0.248498905910512	0.233938927699523	0.194821882179471	0.207028573161964	0.144884339160815	0.168036809495604	0.253389852240669	0.274845865688437	0.15293996131068	0.306981957329339	0.20080195136727	0.171941721670049	0.192668248418544	0.128073160310889	0.164836434569013
700023645	0.22684164852898	0.160365985062709	0.179436884561709	0.353387511951034	0.174784482399459	0.146041980999559	0.214292106948323	0.173336704077614	0.176009039401511	0.157101275947267	0.0916622350813747	0.211627166530505	0.188197740804684	0.137095275580817	0.243923234710259	0.121402956582871	0.165117481569313	0.18542194551976	0.156123390914361	0.182394924538085	0.171197727515072	0.165120457485337	0.244877638284717	0.196165212599195	0.211471603831021	0.238507481918417	0.149038126570628	0.285928082690513	0.226005503416207	0.182930617572529	0.110339249890883	0.181495875496929	0	0.108745921692539	0.234624693356189	0.15808799179298	0.161604016708106	0.200601951736405	0.171131170622077	0.255541209691383	0.120523367716133	0.150736164167388	0.0863539141569871	0.164316067431213	0.125129065458484	0.153651566017645	0.123418669473997	0.140369453738611	0.13778316494399	0.181503302698998	0.150306069244507	0.21634329985451	0.264213793233879	0.148223859593462	0.30824071024387	0.133175650164248	0.14088450873187	0.1892613431282	0.146319958858673	0.191879197214019
700038744	0.293410371455127	0.182709835974274	0.136066127237195	0.398097477267614	0.216207553324754	0.0913286116884263	0.270989238662857	0.119415361602797	0.236559645184192	0.077148742057613	0.136191217356246	0.191135053411843	0.121842262504627	0.109164581517481	0.182804601820746	0.176717452993237	0.111448179145357	0.168503528105734	0.224121033992023	0.246062923315238	0.230866564510461	0.194687635227566	0.295592134976246	0.264985627473756	0.278352473430869	0.274418773835513	0.140856288880817	0.29109100556037	0.197520054032079	0.111647783207938	0.109720099975873	0.195635300619059	0.108745921692539	0	0.282858747849229	0.200803969963258	0.184602292118078	0.141918733396751	0.235381895507417	0.189821347334441	0.177336702637725	0.0981058479990287	0.142960817832863	0.2115449322873	0.089741308861398	0.161881952127678	0.182778338106339	0.0868191758610169	0.12390767719937	0.147472393221722	0.178969657817773	0.277296741487518	0.3229885012551	0.186060732206576	0.369418847157303	0.0784963276073785	0.181522374444797	0.256983350024459	0.142170275761158	0.249994545753453
700038485	0.148816415359712	0.172295123980168	0.353210294048448	0.241717461838396	0.17925531521305	0.314193112187061	0.206697561984404	0.29963360514467	0.182906438752328	0.284754124129555	0.254627938544148	0.381270599497708	0.327295195743494	0.231935011020369	0.352959808891582	0.285010129183825	0.298411770924596	0.334703470187935	0.188975696258752	0.200206598079702	0.244806257292789	0.319324525734057	0.194684979544561	0.158390486725378	0.270290841233835	0.0995475474721388	0.206199277879517	0.280170783608943	0.255748775358351	0.27533630498462	0.28395911311519	0.296152371249367	0.234624693356189	0.282858747849229	0	0.17893649172555	0.268478327756459	0.344560134287366	0.135877682829284	0.335819921653505	0.183422610646758	0.339097034188583	0.232154526855689	0.231880237808691	0.287848990765742	0.224673642414622	0.182129689658489	0.313973433316603	0.26422557360704	0.356358041283754	0.320654510360431	0.150585279567126	0.184942583656261	0.192329377319429	0.19148500023304	0.299291987920644	0.230895574671767	0.196881536825639	0.303220679572011	0.204387964843064
700024743	0.143387945920093	0.169866878428691	0.2411317292052	0.27646416737606	0.208361869215025	0.215345319010461	0.133559124954641	0.225285163460914	0.119222681108479	0.208080562288551	0.151378488629551	0.27418682307363	0.225365726968601	0.182523214849852	0.267473702923436	0.209062675803081	0.209390323382076	0.25088447503936	0.13558518950758	0.110916857569232	0.152243239860113	0.223908029883777	0.157643068251378	0.124052478704349	0.161033956258076	0.225628659495117	0.19932285747857	0.320759354159152	0.250696642157223	0.234694782976984	0.186558085625656	0.178333344496042	0.15808799179298	0.200803969963258	0.17893649172555	0	0.204464957408536	0.252224218111133	0.121125247003651	0.289020820964245	0.135382822727745	0.237215456537788	0.175808076485563	0.112052991604802	0.210426858172755	0.17587783791447	0.164503158983216	0.203536897107602	0.171523853159074	0.253299519029045	0.224220916542715	0.140557712124599	0.163645828324589	0.116535150413861	0.202050363706142	0.209793026111796	0.136187049335921	0.116791241235159	0.202456858953503	0.107913111841134
