700108602	700014971	700033565	700109389	700023058	700023927	700106341	700114221	700023543	700023439	700016978	700024192	700113058	700099448	700109870	700033928	700023693	700109627	700095416	700110425	700111580	700111302	700098605	700111991	700108960	700024452	700032931	700095837	700024548	700110161	700023496	700034628	700023645	700038744	700038485	700024743	700099596	700110760	700101587	700106399	700032322	700095653	700021312	700101230	700023590	700038905	700033136	700023382	700096424	700105469	700016908	700096053	700108479	700109569	700033814	700016125	700109756	700102665	700101777	700109455
700108602	0	0.240822948310372	0.323707421884453	0.22652407517732	0.192350233524791	0.306951924604062	0.086086659205701	0.328170006376116	0.130890347158698	0.309172414497935	0.221098540047083	0.346074094660814	0.320186284252415	0.232707826497136	0.340849076277701	0.210787659889653	0.302667058962492	0.284825097440875	0.124063567945452	0.125827082637512	0.159882513595916	0.237813567537301	0.132204639294557	0.0846062658340822	0.154024155672314	0.188796082890585	0.233705213950016	0.326758986303783	0.294478173295183	0.323555223925544	0.26702713106049	0.247851704506793	0.237509925751895	0.299046414837057	0.192488088026895	0.157153509357842	0.234380721551032	0.313474614534709	0.100700640273872	0.379184967040523	0.157558126980943	0.330257415996815	0.202960719197132	0.176308765459049	0.28756728817214	0.235088689806186	0.178726065331117	0.302110669271139	0.239739739024533	0.325775635185239	0.2932061739553	0.114407988479465	0.125861508952117	0.137754600580277	0.111120340414252	0.295401796155283	0.180998671158141	0.133398461134741	0.306240261335444	0.13035623910522
700014971	0.240822948310372	0	0.270689578698773	0.345022814254207	0.163546343653715	0.218862105062688	0.251718235512987	0.18868083260752	0.185465678755877	0.195501979492639	0.180788610873658	0.30220829298709	0.184653456413846	0.157452071713408	0.249217474660247	0.257113682086168	0.175389886709879	0.243571171268012	0.221358682828825	0.230134169342732	0.251091098673201	0.227608829694522	0.214212753864287	0.212132366700887	0.312283792251112	0.171131315166743	0.135229199338684	0.204563199501738	0.141721225025138	0.163756308356171	0.180470266969638	0.273044052232874	0.169073911214297	0.155098979361937	0.198707212776183	0.200318183930833	0.203442738795393	0.257565502983008	0.192859635276744	0.202294434147106	0.17110761446883	0.230306390193024	0.15363224551528	0.209970296887599	0.16375730886863	0.173129231622729	0.125781822252691	0.209566955658145	0.166878996320217	0.29502733376948	0.288807421792267	0.217194254353926	0.242439892464983	0.201015287291048	0.290050689435785	0.199549184173351	0.237897199879379	0.254241221058654	0.266726668160848	0.245487374668586
700033565	0.323707421884453	0.270689578698773	0	0.435651822075433	0.291447443251681	0.102708119627205	0.307027090878514	0.193437163467666	0.282634464848418	0.139828029134854	0.151495798909962	0.0685873403105264	0.183224315420231	0.193302110585967	0.184282996344763	0.139541225382828	0.178939504246445	0.111529183449448	0.238324539086981	0.315281568974116	0.247082482483515	0.11355471645026	0.313860954326758	0.30705604364623	0.27541283154222	0.325621018435835	0.211159302752515	0.341986861279485	0.271349046301228	0.202844504223826	0.140132620290066	0.177695606587537	0.172175460181069	0.1457430885707	0.364798083152239	0.223445656258804	0.250520284202414	0.123266581699189	0.295322603083294	0.260541985117107	0.238129514169584	0.10389134378633	0.231708924428606	0.259009414508243	0.201392791221746	0.191826213335883	0.260152537375422	0.152020269636004	0.161939643084144	0.0699666138395553	0.112753129411665	0.342855195548144	0.359987004377421	0.232031271996279	0.390219498092217	0.122880786751486	0.215581777148412	0.256497518433122	0.081142067117456	0.276864481767082
700109389	0.22652407517732	0.345022814254207	0.435651822075433	0	0.325857376659305	0.426283534861761	0.203955480073159	0.414209445300451	0.287884000380978	0.413965788518817	0.352395827488357	0.449147638338652	0.412572859140075	0.368006644624824	0.426524266860933	0.350727860657382	0.413621381331409	0.425035257951854	0.304366000124759	0.18346731971833	0.29366461849916	0.371794506350694	0.201688772908926	0.252538039914616	0.280773778342442	0.261717974171213	0.367213414022724	0.420458294379494	0.361351594469744	0.415186457303311	0.390509438080881	0.389843839728123	0.350860085220405	0.396854169338374	0.253732372073254	0.290339432366856	0.375589502386368	0.440433141637466	0.247853754195608	0.420519900138482	0.295121640305564	0.429434372222194	0.338312862226734	0.311701800494838	0.382469476646546	0.357716584667368	0.325086811299429	0.402824022011112	0.371273909761376	0.438838400254089	0.417916606531938	0.198358941459757	0.155048791064448	0.298566631911824	0.186821044360827	0.40664019641444	0.285386181631329	0.26296152115026	0.414254171948032	0.270250834234346
700023058	0.192350233524791	0.163546343653715	0.291447443251681	0.325857376659305	0	0.232497072218046	0.20345889979636	0.241712405309843	0.148040080717671	0.238216512837257	0.189000392673899	0.316435360317884	0.241300453584368	0.166778361371298	0.278736553566356	0.232690364750349	0.216311767124586	0.24045363513126	0.182759639726042	0.214248010601541	0.218764091864065	0.235417322732211	0.211692723701717	0.155736913541139	0.287392721721234	0.17983140275003	0.183765274239221	0.289094148155833	0.229005616317253	0.244555520772714	0.208820913317485	0.266561970411122	0.195466293108898	0.223150811626911	0.209716764164451	0.213365123308607	0.145370797818083	0.233754149558036	0.141894543428782	0.286929004090705	0.143191710290317	0.264323842534402	0.143544859510918	0.20628356990269	0.223459408755303	0.18582150696274	0.11224527014469	0.240572645729864	0.181026864399023	0.302545833269957	0.29435198897473	0.195449711399731	0.222179359124094	0.168816232079062	0.249792169200895	0.239396035443504	0.227971229153546	0.217273382549602	0.273318197709077	0.205395839261113
700023927	0.306951924604062	0.218862105062688	0.102708119627205	0.426283534861761	0.232497072218046	0	0.301099149003983	0.138465946761385	0.259145380325549	0.0836689155349723	0.143588514186552	0.148495189451081	0.127643704855501	0.120866558434561	0.14648859486648	0.187558515832849	0.123801974433208	0.0922027631465989	0.231221640206591	0.300115888651464	0.238651092614628	0.167553243737293	0.29797945209786	0.279226214226894	0.286568896506831	0.290614566822294	0.15247178867346	0.314301158651614	0.21917099534496	0.145956864399715	0.101297934931598	0.19623329562491	0.145389643601617	0.0975888516649618	0.342095912148681	0.216020673596682	0.207079259911832	0.0696350669973882	0.273759881168831	0.212117481388241	0.207472373686629	0.0646978392645761	0.179361299840517	0.243928796032192	0.155487669345702	0.149665560756783	0.215702225046322	0.112294631958012	0.0929464283922316	0.139778841299059	0.189508671473379	0.328237261251976	0.346576658279986	0.214061259421166	0.372165088439045	0.0855648037286023	0.205058728818087	0.246089370437096	0.119837667911632	0.26749926938627
700106341	0.086086659205701	0.251718235512987	0.307027090878514	0.203955480073159	0.20345889979636	0.301099149003983	0	0.30644347496572	0.130278175388876	0.286472032658798	0.21736496305721	0.311559707914939	0.291911097059232	0.239085228512198	0.31558181711735	0.213092966224515	0.290043827640361	0.302353659553334	0.138258667472005	0.0932187482110824	0.139693111035421	0.224279255990907	0.141556089690654	0.130159803882706	0.13428678465255	0.215846537255262	0.270271697517276	0.340553877730486	0.288534221724808	0.313496631666287	0.254685999779667	0.217274481877612	0.218383974301393	0.284953715814152	0.21977392782692	0.137809094062403	0.258671559269129	0.309843795669443	0.10731866439581	0.357050774771373	0.161270717853649	0.300261503087083	0.195561410398692	0.154803632206966	0.254435797824712	0.236384054665188	0.192462936720798	0.269461389412505	0.245339907585695	0.298335713222168	0.293783874069085	0.110078670198205	0.105490502645473	0.130707227441578	0.154572478132587	0.272093668497983	0.144930082208525	0.120125245797165	0.283509060012333	0.103395217380542
700114221	0.328170006376116	0.18868083260752	0.193437163467666	0.414209445300451	0.241712405309843	0.138465946761385	0.30644347496572	0	0.26360620788988	0.0797738358416718	0.223019783002702	0.223182947374048	0.0717343076170806	0.160910692346696	0.101392520636576	0.267523887994273	0.091441257014085	0.216766379288753	0.284451880295521	0.29838873575817	0.282997554277211	0.243179028025188	0.314854788972874	0.299205922578342	0.364193428884277	0.283573401795848	0.160778899148021	0.268383337922288	0.170021549754981	0.112055671455958	0.174442420971397	0.26111369708034	0.189925676727779	0.142522322634185	0.326194635622458	0.248525278056529	0.251518941229013	0.144282757714099	0.275576923425488	0.128070891779487	0.224613970792625	0.111609885190524	0.231079933321163	0.25779701929157	0.139633811018815	0.150878960726843	0.203029666558959	0.112724017286078	0.181480263982682	0.215587418056964	0.279927111173611	0.305072655767761	0.322147768303409	0.264303340050075	0.395187024944415	0.119640604932279	0.237713924557219	0.320654975271749	0.191775816967724	0.295713088681508
700023543	0.130890347158698	0.185465678755877	0.282634464848418	0.287884000380978	0.148040080717671	0.259145380325549	0.130278175388876	0.26360620788988	0	0.239955078371406	0.168004700970072	0.304264625116931	0.248799319678179	0.196436185868984	0.28782805835469	0.18518354834387	0.238183912505281	0.263178094270203	0.121571827395959	0.156417199869288	0.169885309207261	0.202571429777207	0.184170085908761	0.110064047630137	0.190217622084735	0.172493717512879	0.197962184291286	0.281942013439821	0.265010995653887	0.252409268590712	0.210853172836591	0.194134611576154	0.176770889393256	0.224770521747576	0.180957020183563	0.143052737586411	0.193616090245339	0.281291510897768	0.0843990027231543	0.318115480624115	0.128525980015858	0.258989674875963	0.157923031811562	0.101638744610649	0.224131060918857	0.203535259414488	0.130287739343676	0.235270804580048	0.208834732192356	0.282023893527047	0.268372109242611	0.133225563037439	0.150559067744664	0.131134558282532	0.198445922945822	0.230610408434574	0.185897557513282	0.129419231550759	0.267006439611227	0.12133543753969
700023439	0.309172414497935	0.195501979492639	0.139828029134854	0.413965788518817	0.238216512837257	0.0836689155349723	0.286472032658798	0.0797738358416718	0.239955078371406	0	0.167495531577832	0.181262977693075	0.0689979005973525	0.121575016441974	0.113592501163626	0.216369641383804	0.0885121932855341	0.154531091517359	0.23852460505005	0.282071828445701	0.237017155840659	0.198465304319457	0.298467732697849	0.272297144541519	0.32018572699328	0.285003766405933	0.153406826224785	0.284427472741847	0.185280459882104	0.116973370210499	0.116658256359577	0.219880301597149	0.149031222798416	0.111046065992686	0.328733858541768	0.207753099114222	0.2202391613128	0.103113489392723	0.255895580801805	0.156029656349601	0.184834743226887	0.0702723444112107	0.192562965662822	0.223683574806419	0.125139341325528	0.125797246960368	0.197196099283673	0.0793932695513653	0.127608917902545	0.172130334785036	0.224091982647258	0.306552553363372	0.327213903763978	0.209304934484091	0.376633133088474	0.0779304480893536	0.195565054203399	0.268514094905737	0.146060073689842	0.257643468477783
700016978	0.221098540047083	0.180788610873658	0.151495798909962	0.352395827488357	0.189000392673899	0.143588514186552	0.21736496305721	0.223019783002702	0.168004700970072	0.167495531577832	0	0.180646107265653	0.206357028362072	0.155746166780287	0.249888998478946	0.10400735369496	0.182668222246911	0.124055561134357	0.147003251378673	0.20395626452268	0.161478309362673	0.0807502415172036	0.231771590707915	0.193306339193891	0.185583095816126	0.246861531255123	0.168809061484125	0.284538299405428	0.238378581752931	0.210624826623308	0.102497074231996	0.149563177898543	0.0829433120310062	0.12715955444279	0.260155150375585	0.13830215185852	0.169848503246069	0.184907619167254	0.175841542639074	0.275657044682535	0.135990484680731	0.147302179136788	0.129386405628665	0.162370131148476	0.159295785882517	0.161409616278091	0.15694247640191	0.170208812414586	0.118299946897196	0.174529571242902	0.153549276882651	0.23070197104793	0.252148155734356	0.144890611339518	0.291146313416328	0.135282032140309	0.163491743126675	0.149272113493087	0.15545984324168	0.190709177515454
700024192	0.346074094660814	0.30220829298709	0.0685873403105264	0.449147638338652	0.316435360317884	0.148495189451081	0.311559707914939	0.223182947374048	0.304264625116931	0.181262977693075	0.180646107265653	0	0.211453666808555	0.230817610332018	0.203582741093854	0.16174481089993	0.207333865709609	0.14658639540019	0.255643722813867	0.327495433973444	0.241981815350317	0.130445468485845	0.337286597759184	0.334123126271239	0.285708990853688	0.35727432452423	0.265558279052196	0.368349937190404	0.295273970994575	0.25417013886961	0.162017843952637	0.17865825042234	0.19109686922089	0.184511992275826	0.395923525913178	0.242364286435233	0.281062141823848	0.155032913060092	0.321217418440588	0.270438418278502	0.262952720222833	0.132811297033811	0.262753624672272	0.273607502363214	0.193972226579114	0.212160328775731	0.27864784972949	0.169632712962585	0.200010371550802	0.0766401451127985	0.11720051451629	0.361856883784429	0.373699341107957	0.249138008695643	0.418501013804429	0.155805645136114	0.217783415750986	0.276405332341447	0.108019359277117	0.289908205247367
700113058	0.320186284252415	0.184653456413846	0.183224315420231	0.412572859140075	0.241300453584368	0.127643704855501	0.291911097059232	0.0717343076170806	0.248799319678179	0.0689979005973525	0.206357028362072	0.211453666808555	0	0.148065917906251	0.123155830918401	0.252802886489481	0.104275116056757	0.194532349162696	0.270927590406667	0.284350296349685	0.274296725049618	0.230161472353658	0.310363203111963	0.284653892923201	0.34973844553515	0.285198289189095	0.156054470455507	0.264225764170662	0.175251686781545	0.118618412013546	0.151739469398816	0.254433553894243	0.172066044054129	0.123531289658952	0.329629487582594	0.240226713186776	0.238908608459822	0.156059107167067	0.260858860439013	0.141644683266063	0.208110203158355	0.0994430754218608	0.226144203854722	0.246231638793719	0.1385565564339	0.141585712655032	0.214616552617084	0.110359473609355	0.167931073541648	0.201276168950171	0.266482158981542	0.301439543934463	0.319049834780732	0.252734579189746	0.392074681081274	0.097892797194863	0.229381972027442	0.304812318542201	0.181130621860559	0.281622163175133
700099448	0.232707826497136	0.157452071713408	0.193302110585967	0.368006644624824	0.166778361371298	0.120866558434561	0.239085228512198	0.160910692346696	0.196436185868984	0.121575016441974	0.155746166780287	0.230817610332018	0.148065917906251	0	0.179750488072641	0.198126980592845	0.117798255729948	0.157726563521519	0.179808844765482	0.234582820254217	0.204607476485185	0.196619128572916	0.228268039396453	0.188808622565093	0.287022718262129	0.212385062695609	0.112149626492829	0.272208651004145	0.158559654994132	0.148486533117793	0.11943068973461	0.233331645226473	0.139106717905251	0.129759468231815	0.267266579771637	0.183177593211128	0.160527605385231	0.143822195707313	0.202326197739773	0.210162829744066	0.141543746695208	0.152231978901252	0.13575059322106	0.212545383021774	0.133579795093285	0.0974248836681229	0.137891799901858	0.139781039890529	0.0759579832003466	0.210178691277007	0.230619508100394	0.256695419121565	0.280399305530075	0.170820771917797	0.294789779329016	0.136029260233048	0.168092346924238	0.230794311447056	0.180863599505613	0.222772325540995
700109870	0.340849076277701	0.249217474660247	0.184282996344763	0.426524266860933	0.278736553566356	0.14648859486648	0.31558181711735	0.101392520636576	0.28782805835469	0.113592501163626	0.249888998478946	0.203582741093854	0.123155830918401	0.179750488072641	0	0.279747545344358	0.133200011228388	0.227363673767975	0.294801809332037	0.314369857908261	0.278992479218522	0.256296441786883	0.328992075038931	0.321216435188673	0.369363292129324	0.319942019490992	0.202328525621545	0.321866061665308	0.212579274758234	0.160869193765606	0.198744491160748	0.274191492527216	0.227487037253482	0.193244923657059	0.366455226916154	0.266932807694809	0.276213823924722	0.144586287915819	0.300027836712687	0.183521473192278	0.255521279156972	0.128342393125444	0.269738253605912	0.282002704923646	0.179713585309889	0.158553377127973	0.238296937490045	0.12288995889124	0.199942097661438	0.205153797811603	0.276397609273947	0.338636526037927	0.353015874855351	0.275888661368681	0.404950022110208	0.148788387113251	0.245959390312102	0.32681586133063	0.183551730288369	0.307582481928772
700033928	0.210787659889653	0.257113682086168	0.139541225382828	0.350727860657382	0.232690364750349	0.187558515832849	0.213092966224515	0.267523887994273	0.18518354834387	0.216369641383804	0.10400735369496	0.16174481089993	0.252802886489481	0.198126980592845	0.279747545344358	0	0.238122864890546	0.139615383477408	0.140875910750653	0.235667973050688	0.164743846934327	0.071490762938389	0.249624421514992	0.196324336960656	0.187580012984505	0.271467294693235	0.226993110368713	0.321887007746729	0.284404102419123	0.260889503997514	0.16007910587687	0.140047758664826	0.118878937673909	0.182473619464299	0.295306929148179	0.183026814320857	0.216060985988861	0.209829326111473	0.201110405167351	0.323166165256748	0.157595547806163	0.185388925551237	0.176939481817016	0.207477856662905	0.192032990549065	0.196822167078861	0.192840142658	0.213645841130501	0.174199067531489	0.144557861934116	0.120365492971548	0.241757209924194	0.266204855932153	0.170734176555851	0.29080039454	0.178418999488919	0.170658754928364	0.14818005100568	0.138444666791333	0.189015684020129
700023693	0.302667058962492	0.175389886709879	0.178939504246445	0.413621381331409	0.216311767124586	0.123801974433208	0.290043827640361	0.091441257014085	0.238183912505281	0.0885121932855341	0.182668222246911	0.207333865709609	0.104275116056757	0.117798255729948	0.133200011228388	0.238122864890546	0	0.179794101306565	0.252772938950208	0.278064923500696	0.235432098563067	0.22067928860712	0.288075040512221	0.26744156218025	0.341053295749249	0.264914306412735	0.141436415038297	0.273001815009769	0.144854240842218	0.121544914294229	0.132055203750504	0.248726121172357	0.168183585829759	0.130015395577545	0.307267216928529	0.221840203392087	0.209118695656392	0.146638478809371	0.250615323661281	0.125289422645693	0.189283428612122	0.117068942544083	0.189847418306152	0.233413494234142	0.120229620638618	0.0959927957472997	0.161014315146611	0.0909820623780227	0.137565212973965	0.205748406686021	0.258019642795385	0.290570038533768	0.316469965550732	0.222764113871329	0.370868852137999	0.111329392048272	0.206735476899879	0.291052715425849	0.185580018956984	0.271619322195312
700109627	0.284825097440875	0.243571171268012	0.111529183449448	0.425035257951854	0.24045363513126	0.0922027631465989	0.302353659553334	0.216766379288753	0.263178094270203	0.154531091517359	0.124055561134357	0.14658639540019	0.194532349162696	0.157726563521519	0.227363673767975	0.139615383477408	0.179794101306565	0	0.216203391588507	0.300539076929	0.243710702381409	0.127656846160041	0.298814465901597	0.258379821887837	0.260845694783507	0.297770851427926	0.183170227238609	0.325075838648944	0.279504694062317	0.207328667603	0.107443405716832	0.187510647785923	0.164244981844156	0.133717903617739	0.339648558368929	0.218024765743968	0.191953477245715	0.11570792425189	0.274143271294984	0.266995957070792	0.217071080935953	0.136263174141062	0.195807921878531	0.24377941390949	0.20454125697802	0.190810887116555	0.239719125468734	0.184441880515207	0.110768389386758	0.14616728480521	0.151671540485884	0.328339240395666	0.347996921710361	0.217742413951072	0.346934868718299	0.139762233921411	0.214246110927252	0.240054424376501	0.133955892455899	0.273609055472186
700095416	0.124063567945452	0.221358682828825	0.238324539086981	0.304366000124759	0.182759639726042	0.231221640206591	0.138258667472005	0.284451880295521	0.121571827395959	0.23852460505005	0.147003251378673	0.255643722813867	0.270927590406667	0.179808844765482	0.294801809332037	0.140875910750653	0.252772938950208	0.216203391588507	0	0.177990861572973	0.106437650722692	0.154662958829645	0.173120185643361	0.121076413462246	0.157027100516523	0.194328758637079	0.205128914954225	0.322249774485094	0.260805184917487	0.271702390669986	0.180940861387289	0.165845341327666	0.154893823241039	0.221899591065166	0.218242894638602	0.124494496291771	0.19862809733293	0.235804012158867	0.126544044743451	0.33902314722251	0.109584000739189	0.25293290379762	0.133636951902968	0.159983101750196	0.213430164389645	0.189807809999775	0.148550981509804	0.232881364570314	0.172875162088317	0.235556375356552	0.212152553788705	0.178417972044777	0.20494467127297	0.0766574520252455	0.203267544220326	0.213623456503703	0.12755884350733	0.123072941310684	0.220440667432932	0.124896587062648
700110425	0.125827082637512	0.230134169342732	0.315281568974116	0.18346731971833	0.214248010601541	0.300115888651464	0.0932187482110824	0.29838873575817	0.156417199869288	0.282071828445701	0.20395626452268	0.327495433973444	0.284350296349685	0.234582820254217	0.314369857908261	0.235667973050688	0.278064923500696	0.300539076929	0.177990861572973	0	0.172947973214982	0.232463556207288	0.119284441804629	0.138954170598056	0.156647329701866	0.220959464478971	0.244257365508549	0.312835172400529	0.278245578189201	0.294194164010905	0.257668176659785	0.262624176748143	0.2143760112322	0.275153266454744	0.210266924585164	0.143931987549139	0.239351337511337	0.321288165653542	0.12502714842859	0.348475343217173	0.161999631227368	0.294621529455098	0.199867406301016	0.149300295927447	0.248420567630576	0.229922303076519	0.185303690102774	0.266966116008653	0.239528571786155	0.322823551165968	0.305538778079284	0.10844270751667	0.0814317261280578	0.170173239551355	0.164973744601559	0.266627404458546	0.153208469613685	0.157247690875145	0.299069598896084	0.147467246743561
700111580	0.159882513595916	0.251091098673201	0.247082482483515	0.29366461849916	0.218764091864065	0.238651092614628	0.139693111035421	0.282997554277211	0.169885309207261	0.237017155840659	0.161478309362673	0.241981815350317	0.274296725049618	0.204607476485185	0.278992479218522	0.164743846934327	0.235432098563067	0.243710702381409	0.106437650722692	0.172947973214982	0	0.162276849156038	0.189685703990803	0.160339883698793	0.131194753327295	0.249791997764075	0.260153263276744	0.363133427375572	0.243196823948587	0.290623177038769	0.190256410143213	0.15953159856445	0.1696220969975	0.233566760631612	0.266871169521813	0.131205655144011	0.257765068937731	0.233132410642153	0.154691496976512	0.316958227462221	0.148755731654692	0.236223198617224	0.179044162523978	0.178323205818096	0.18052701857946	0.184038796392822	0.173669511565165	0.206661369078967	0.186761410302963	0.221038221246756	0.225417366364554	0.179013713306261	0.208010578406675	0.0865491481070801	0.237457738677694	0.215890188357898	0.0837275472389276	0.111623171861182	0.196770592551836	0.124867640910416
700111302	0.237813567537301	0.227608829694522	0.11355471645026	0.371794506350694	0.235417322732211	0.167553243737293	0.224279255990907	0.243179028025188	0.202571429777207	0.198465304319457	0.0807502415172036	0.130445468485845	0.230161472353658	0.196619128572916	0.256296441786883	0.071490762938389	0.22067928860712	0.127656846160041	0.154662958829645	0.232463556207288	0.162276849156038	0	0.255638879971451	0.227212688552033	0.181236651913032	0.280616740853313	0.212786585340153	0.32358361935165	0.27681509835615	0.246179868849507	0.141140866598605	0.110965238649088	0.122350268164941	0.162624870398239	0.305014363772291	0.157294189621288	0.220850146111664	0.191065007874244	0.217380798301408	0.299647002402834	0.186527583754116	0.159934696320703	0.179681137005143	0.183988604145604	0.175156919345154	0.196000962808037	0.200940311271125	0.18529906728642	0.157313341908284	0.117149398259416	0.107417902658507	0.259324274687753	0.279323364860834	0.157464633595268	0.317789192333878	0.156059717404455	0.155429189860926	0.172319274182203	0.104305011852836	0.200798675798842
700098605	0.132204639294557	0.214212753864287	0.313860954326758	0.201688772908926	0.211692723701717	0.29797945209786	0.141556089690654	0.314854788972874	0.184170085908761	0.298467732697849	0.231771590707915	0.337286597759184	0.310363203111963	0.228268039396453	0.328992075038931	0.249624421514992	0.288075040512221	0.298814465901597	0.173120185643361	0.119284441804629	0.189685703990803	0.255638879971451	0	0.166029047597621	0.205772744256502	0.204349081963615	0.225610087933376	0.334896661067732	0.277502201674475	0.306482949243002	0.257383161797153	0.273561021174972	0.244828076216778	0.288620545166724	0.216316569960712	0.178233279416838	0.24496778245382	0.305009974451286	0.157061138269772	0.347844900184753	0.174088868588613	0.322064794899134	0.217517378469487	0.205190422804498	0.287932015151644	0.231401426965787	0.185716905879312	0.293703747380542	0.240912784900821	0.326187107254678	0.308870262460793	0.173907034249108	0.141003133620632	0.167155890856853	0.134655771116494	0.28738175252237	0.198482912041887	0.207507971235316	0.302894213355086	0.154329934720076
700111991	0.0846062658340822	0.212132366700887	0.30705604364623	0.252538039914616	0.155736913541139	0.279226214226894	0.130159803882706	0.299205922578342	0.110064047630137	0.272297144541519	0.193306339193891	0.334123126271239	0.284653892923201	0.188808622565093	0.321216435188673	0.196324336960656	0.26744156218025	0.258379821887837	0.121076413462246	0.138954170598056	0.160339883698793	0.227212688552033	0.166029047597621	0	0.201321543441921	0.152430359467084	0.204084842892181	0.301520314310444	0.265297427276925	0.284562427206946	0.242899712182783	0.259070301852455	0.196825790503984	0.255718359785444	0.174170425875847	0.161012323584241	0.190118159700304	0.290133607699716	0.0891493043680393	0.353464976981225	0.122972260406195	0.29358153310291	0.15578544022859	0.169922952808037	0.247895831925129	0.211616803651043	0.142572963316525	0.270034013186688	0.213900473050556	0.316430375792364	0.281888532693147	0.120057507689698	0.149599026008052	0.138286304157623	0.161026475244867	0.268125438357992	0.1813678980483	0.135716180872793	0.297371022953522	0.163661955861008
700108960	0.154024155672314	0.312283792251112	0.27541283154222	0.280773778342442	0.287392721721234	0.286568896506831	0.13428678465255	0.364193428884277	0.190217622084735	0.32018572699328	0.185583095816126	0.285708990853688	0.34973844553515	0.287022718262129	0.369363292129324	0.187580012984505	0.341053295749249	0.260845694783507	0.157027100516523	0.156647329701866	0.131194753327295	0.181236651913032	0.205772744256502	0.201321543441921	0	0.307543304051953	0.312218428841607	0.400135602598529	0.346295744283505	0.355886851748457	0.260714185130386	0.146815085553338	0.217460177352429	0.283048871264447	0.30355573885931	0.152659227709293	0.304993489718874	0.305807292130144	0.189930617141858	0.412830385203934	0.220127320718191	0.285643611837492	0.229318917546644	0.177853373229435	0.28065891353922	0.293055744780137	0.266817817222445	0.307621737615966	0.255255853325089	0.250819291534278	0.233532742702124	0.194652492195916	0.176208846505269	0.147866948008507	0.205513336685225	0.28369447162368	0.157943297689061	0.114818775499962	0.242430073320531	0.13029977523536
700024452	0.188796082890585	0.171131315166743	0.325621018435835	0.261717974171213	0.17983140275003	0.290614566822294	0.215846537255262	0.283573401795848	0.172493717512879	0.285003766405933	0.246861531255123	0.35727432452423	0.285198289189095	0.212385062695609	0.319942019490992	0.271467294693235	0.264914306412735	0.297770851427926	0.194328758637079	0.220959464478971	0.249791997764075	0.280616740853313	0.204349081963615	0.152430359467084	0.307543304051953	0	0.204368971920663	0.263279355662069	0.196204532301764	0.250147037786982	0.267720109246609	0.305057245933929	0.23838899257089	0.254727483850336	0.090272368695858	0.216614920030609	0.251000639281895	0.311032101256422	0.15391713669365	0.286692432057436	0.176787715334951	0.308753221303848	0.201537904364956	0.230924028492233	0.255905518307892	0.21198723587843	0.155087638183182	0.287240557055293	0.229185981788181	0.337902505383493	0.330289047884597	0.15270884504794	0.192111983071442	0.206535269762569	0.207753694087595	0.284021310303821	0.232643131620796	0.229746215555812	0.309442762394816	0.236328198217314
700032931	0.233705213950016	0.135229199338684	0.211159302752515	0.367213414022724	0.183765274239221	0.15247178867346	0.270271697517276	0.160778899148021	0.197962184291286	0.153406826224785	0.168809061484125	0.265558279052196	0.156054470455507	0.112149626492829	0.202328525621545	0.226993110368713	0.141436415038297	0.183170227238609	0.205128914954225	0.244257365508549	0.260153263276744	0.212786585340153	0.225610087933376	0.204084842892181	0.312218428841607	0.204368971920663	0	0.244694590790554	0.180012218164342	0.158896497461832	0.157999947493375	0.265870680086984	0.173965969546626	0.1582896565472	0.25462041407973	0.208100501170558	0.155859876361778	0.177789996804815	0.209595860877121	0.211896388739828	0.169827336734532	0.177257742636465	0.163935194255951	0.212032663672054	0.190417070587086	0.142973281496339	0.153384635760214	0.158587346074736	0.122758463740473	0.243977731077848	0.25749263288421	0.256390335168562	0.26625015362525	0.210475834868291	0.283175763726004	0.147388287801799	0.230854886277085	0.26080808371303	0.214670838928335	0.25935293561314
700095837	0.326758986303783	0.204563199501738	0.341986861279485	0.420458294379494	0.289094148155833	0.314301158651614	0.340553877730486	0.268383337922288	0.281942013439821	0.284427472741847	0.284538299405428	0.368349937190404	0.264225764170662	0.272208651004145	0.321866061665308	0.321887007746729	0.273001815009769	0.325075838648944	0.322249774485094	0.312835172400529	0.363133427375572	0.32358361935165	0.334896661067732	0.301520314310444	0.400135602598529	0.263279355662069	0.244694590790554	0	0.223466137043499	0.207698899194373	0.294472173840262	0.380118238988605	0.258433869216604	0.232006537586925	0.273014934974346	0.307686114247507	0.289148408229213	0.345348209455453	0.287592028003108	0.300215020556674	0.27308657024742	0.304272020403706	0.274981861196905	0.297912554310956	0.252237358359646	0.274025343134393	0.251443688514324	0.290183437295669	0.281911095703944	0.369838269717717	0.358469066518445	0.294958798723702	0.329397925936988	0.331073021126256	0.390599352285242	0.287695239557058	0.335724520204665	0.346615826850501	0.345537957471485	0.347104780664017
700024548	0.294478173295183	0.141721225025138	0.271349046301228	0.361351594469744	0.229005616317253	0.21917099534496	0.288534221724808	0.170021549754981	0.265010995653887	0.185280459882104	0.238378581752931	0.295273970994575	0.175251686781545	0.158559654994132	0.212579274758234	0.284404102419123	0.144854240842218	0.279504694062317	0.260805184917487	0.278245578189201	0.243196823948587	0.27681509835615	0.277502201674475	0.265297427276925	0.346295744283505	0.196204532301764	0.180012218164342	0.223466137043499	0	0.149070414311796	0.220845661413182	0.314726328782999	0.195817667667487	0.16642289032254	0.233669355421327	0.241593847484509	0.269605887774935	0.242205458016011	0.244191068410796	0.148183978320302	0.200377641955683	0.211678971783954	0.210610216228201	0.282602540993746	0.131007702857577	0.11312427023813	0.170632893888162	0.169580017715622	0.191097688547909	0.29379300905158	0.31595009694892	0.259090115367637	0.283599043917804	0.234383366482518	0.329826287767724	0.211974996855685	0.224092861726434	0.293973215420653	0.257027723947593	0.291025139666924
700110161	0.323555223925544	0.163756308356171	0.202844504223826	0.415186457303311	0.244555520772714	0.145956864399715	0.313496631666287	0.112055671455958	0.252409268590712	0.116973370210499	0.210624826623308	0.25417013886961	0.118618412013546	0.148486533117793	0.160869193765606	0.260889503997514	0.121544914294229	0.207328667603	0.271702390669986	0.294194164010905	0.290623177038769	0.246179868849507	0.306482949243002	0.284562427206946	0.355886851748457	0.250147037786982	0.158896497461832	0.207698899194373	0.149070414311796	0	0.170675687240043	0.281976687329547	0.18518890227915	0.111687821774359	0.292891041244208	0.251019425481731	0.230459763482989	0.168951592809086	0.266774005440989	0.176687610178823	0.215586302678181	0.150384535093828	0.206270496094553	0.253011944381372	0.151310764714622	0.163779572332964	0.205421433680473	0.156670426406186	0.155236073772245	0.238259085219063	0.280642055465158	0.287355410832148	0.326599564350531	0.250694505700985	0.388622055568494	0.147845611965075	0.244054795533704	0.306351959176699	0.214252941419924	0.295657308401127
700023496	0.26702713106049	0.180470266969638	0.140132620290066	0.390509438080881	0.208820913317485	0.101297934931598	0.254685999779667	0.174442420971397	0.210853172836591	0.116658256359577	0.102497074231996	0.162017843952637	0.151739469398816	0.11943068973461	0.198744491160748	0.16007910587687	0.132055203750504	0.107443405716832	0.180940861387289	0.257668176659785	0.190256410143213	0.141140866598605	0.257383161797153	0.242899712182783	0.260714185130386	0.267720109246609	0.157999947493375	0.294472173840262	0.220845661413182	0.170675687240043	0	0.178045625857984	0.12064094589484	0.103416556083833	0.298526535634484	0.167821440904005	0.178288553293009	0.127243178582432	0.224251175370902	0.222039173366263	0.151386316291807	0.128297099096541	0.148808191648136	0.2017292725911	0.13375091290075	0.131762594582118	0.174752648818408	0.131669522697678	0.0827446293032199	0.163911225158048	0.176658258392958	0.284511421518307	0.304140714548231	0.160376957466623	0.334303967001593	0.0988833192720656	0.161530159940071	0.218339747369994	0.147520433688986	0.223288306122332
700034628	0.247851704506793	0.273044052232874	0.177695606587537	0.389843839728123	0.266561970411122	0.19623329562491	0.217274481877612	0.26111369708034	0.194134611576154	0.219880301597149	0.149563177898543	0.17865825042234	0.254433553894243	0.233331645226473	0.274191492527216	0.140047758664826	0.248726121172357	0.187510647785923	0.165845341327666	0.262624176748143	0.15953159856445	0.110965238649088	0.273561021174972	0.259070301852455	0.146815085553338	0.305057245933929	0.265870680086984	0.380118238988605	0.314726328782999	0.281976687329547	0.178045625857984	0	0.175606476666818	0.206795211361951	0.330871206547729	0.160469972398266	0.271779770499594	0.215229478426197	0.234883331504826	0.319088597528789	0.221979463704969	0.185162143770015	0.219749067380589	0.176318775167884	0.216291001230187	0.2338999100724	0.234794564202814	0.20837046959	0.204210370060185	0.140365527621557	0.163691921486634	0.272466799508073	0.288097575585299	0.166533952459127	0.318274685476784	0.179925267142329	0.169974515480057	0.168410130119955	0.148446766293226	0.163124935920602
700023645	0.237509925751895	0.169073911214297	0.172175460181069	0.350860085220405	0.195466293108898	0.145389643601617	0.218383974301393	0.189925676727779	0.176770889393256	0.149031222798416	0.0829433120310062	0.19109686922089	0.172066044054129	0.139106717905251	0.227487037253482	0.118878937673909	0.168183585829759	0.164244981844156	0.154893823241039	0.2143760112322	0.1696220969975	0.122350268164941	0.244828076216778	0.196825790503984	0.217460177352429	0.23838899257089	0.173965969546626	0.258433869216604	0.195817667667487	0.18518890227915	0.12064094589484	0.175606476666818	0	0.102255397418732	0.261884307661254	0.152130775500598	0.187781252096368	0.188394001173666	0.182234096591151	0.241052675982362	0.131233391134214	0.128000944801853	0.117434748013386	0.183561573992622	0.108087104740179	0.14445337534574	0.154044440147873	0.153631297368916	0.120114409151602	0.188491037103252	0.174619490270782	0.222968272385164	0.250733148797073	0.165378718628251	0.313263948445035	0.12583077539467	0.161426594325091	0.155559434077944	0.166312167696077	0.201062091765431
700038744	0.299046414837057	0.155098979361937	0.1457430885707	0.396854169338374	0.223150811626911	0.0975888516649618	0.284953715814152	0.142522322634185	0.224770521747576	0.111046065992686	0.12715955444279	0.184511992275826	0.123531289658952	0.129759468231815	0.193244923657059	0.182473619464299	0.130015395577545	0.133717903617739	0.221899591065166	0.275153266454744	0.233566760631612	0.162624870398239	0.288620545166724	0.255718359785444	0.283048871264447	0.254727483850336	0.1582896565472	0.232006537586925	0.16642289032254	0.111687821774359	0.103416556083833	0.206795211361951	0.102255397418732	0	0.297434493282817	0.195146466076577	0.200467332906631	0.144276557298301	0.24237245115074	0.182413037787387	0.187211829316363	0.109083532951351	0.163288327815705	0.222036983120917	0.109147780923871	0.14281230791449	0.201015754062551	0.129496490242739	0.104993141828595	0.177686801398608	0.202775616674751	0.283648730450994	0.307950172225645	0.207919876104376	0.366471737321811	0.10542991920477	0.201521902449408	0.233254551310461	0.161780115724468	0.256404565175928
700038485	0.192488088026895	0.198707212776183	0.364798083152239	0.253732372073254	0.209716764164451	0.342095912148681	0.21977392782692	0.326194635622458	0.180957020183563	0.328733858541768	0.260155150375585	0.395923525913178	0.329629487582594	0.267266579771637	0.366455226916154	0.295306929148179	0.307267216928529	0.339648558368929	0.218242894638602	0.210266924585164	0.266871169521813	0.305014363772291	0.216316569960712	0.174170425875847	0.30355573885931	0.090272368695858	0.25462041407973	0.273014934974346	0.233669355421327	0.292891041244208	0.298526535634484	0.330871206547729	0.261884307661254	0.297434493282817	0	0.218865467769618	0.27832954651944	0.365596371897802	0.149408883336111	0.329573979042002	0.201330978291405	0.354850395843185	0.227421225725272	0.227846159277072	0.292223876798232	0.256661217913981	0.190431092090752	0.335698007749063	0.280075804624274	0.391360726055438	0.355575981818525	0.144292230927821	0.176452679344019	0.215124483382251	0.19632603483931	0.328123166358905	0.268024759009085	0.227235996864175	0.361747203879455	0.241012363188291
700024743	0.157153509357842	0.200318183930833	0.223445656258804	0.290339432366856	0.213365123308607	0.216020673596682	0.137809094062403	0.248525278056529	0.143052737586411	0.207753099114222	0.13830215185852	0.242364286435233	0.240226713186776	0.183177593211128	0.266932807694809	0.183026814320857	0.221840203392087	0.218024765743968	0.124494496291771	0.143931987549139	0.131205655144011	0.157294189621288	0.178233279416838	0.161012323584241	0.152659227709293	0.216614920030609	0.208100501170558	0.307686114247507	0.241593847484509	0.251019425481731	0.167821440904005	0.160469972398266	0.152130775500598	0.195146466076577	0.218865467769618	0	0.215856523961692	0.231511269400984	0.131695246225476	0.30119731674329	0.140950887732844	0.218770601256216	0.155895895159852	0.0940354474010648	0.178589408914238	0.181602978117259	0.18025592477707	0.195024775513574	0.15664667635896	0.243678580492308	0.233955318994586	0.166905645664231	0.182698280388992	0.10115088412459	0.217007875278353	0.189682276138241	0.128544654112655	0.113606390132746	0.21715153645456	0.101556996709639
