700108602	700014971	700033565	700109389	700023058	700023927	700106341	700114221	700023543	700023439	700016978	700024192	700113058	700099448	700109870	700033928	700023693	700109627	700095416	700110425	700111580	700111302	700098605	700111991	700108960	700024452	700032931	700095837	700024548	700110161	700023496	700034628	700023645	700038744	700038485	700024743	700099596	700110760	700101587	700106399	700032322	700095653	700021312	700101230	700023590	700038905	700033136	700023382	700096424	700105469	700016908	700096053	700108479	700109569	700033814	700016125	700109756	700102665	700101777	700109455
700108602	0	0.152626234216379	0.154412935882346	0.0958215007563528	0.112402738058653	0.167031287368225	0.0748122540397004	0.178667263725267	0.0847547047806588	0.16577685227075	0.112457233156141	0.151992872436826	0.162137213095547	0.145516484555691	0.155803839746613	0.105547281843437	0.178817025793509	0.155179856052203	0.0923350147088027	0.0906033814725735	0.0885185939469314	0.110277086265481	0.109963280931498	0.0855780694084104	0.0870059230344779	0.115171458421857	0.160646110462728	0.12772318011346	0.151400369548719	0.153508060135309	0.155771018877067	0.121588899498677	0.113239065383244	0.150864062611841	0.118130392368408	0.120687842605203	0.128869646678792	0.168454224211279	0.0878681249419241	0.181595585264515	0.0975263228375279	0.149884182346899	0.131243070907064	0.114882852700075	0.136452843103823	0.127822994102939	0.115337850320969	0.146001882247248	0.142315787731133	0.13396566861891	0.112826467790333	0.0861945976201948	0.0956563922332823	0.0982528031843302	0.0994513259029473	0.162832541624158	0.100844236601894	0.0807768774843949	0.131828809728478	0.0915985195823758
700014971	0.152626234216379	0	0.140087696850167	0.159327171206421	0.12475419562345	0.148345131566789	0.145359564220496	0.141314366929203	0.156006815520164	0.135117909292977	0.118941076339714	0.160488885802853	0.140162032233136	0.132068191006697	0.139343358874513	0.155306374628757	0.11973874281683	0.148332007964902	0.155016444787852	0.146032620937845	0.139520594872642	0.132036252553743	0.128057368913957	0.1622498971815	0.155162104114363	0.143775465374105	0.125046790859167	0.129641119929387	0.109826399756865	0.123674980090285	0.133239273450101	0.139305465757551	0.118661429359271	0.123843567569128	0.13101195477639	0.1218074957468	0.146978377855249	0.151321666047018	0.151404537323736	0.149207789764865	0.144103470642613	0.125857214277373	0.134294586902743	0.133380519737841	0.122463760218284	0.125431170214879	0.0970398125578223	0.129551136300096	0.119409850723082	0.134964164953737	0.136611304016338	0.15762608536928	0.145882553139139	0.110720252208156	0.17715509403798	0.129456211573249	0.136598431236631	0.14893435013041	0.129505689668978	0.144640545313627
700033565	0.154412935882346	0.140087696850167	0	0.14630073749019	0.143785947723684	0.0789069537460811	0.133615540474961	0.108447392394631	0.160672897879155	0.0968839940377511	0.0990098681378663	0.060093199677169	0.104969619481154	0.126046104457195	0.077727535816629	0.116519076001594	0.111232425315992	0.102872685078894	0.139702506431051	0.135725733491519	0.137994407449839	0.0929360165655855	0.136486152525834	0.152641563182604	0.132551229841593	0.161387888258918	0.139203915425725	0.14796387958729	0.11391214647354	0.105482879998073	0.105177244800751	0.109566572576007	0.109599841911911	0.0912304413654609	0.154284667714385	0.102907641582669	0.131672871870163	0.0841016015595377	0.164740418870443	0.120206171830686	0.138235723812124	0.0797114207282972	0.134577938096456	0.110887527564378	0.106149062287887	0.122402774472073	0.130126868751993	0.0919744778223544	0.109080286030829	0.0913096082363266	0.0745890372650873	0.16353828842655	0.150750881037332	0.123788929918577	0.185793012919605	0.0994420335095386	0.125859182653407	0.150004476148915	0.0871384907352024	0.135763559196889
700109389	0.0958215007563528	0.159327171206421	0.14630073749019	0	0.134486340077017	0.174309001793509	0.0811143249155897	0.17860506569367	0.132290509072774	0.170813439772124	0.134553127278435	0.14075358972989	0.169851012504963	0.156393852998701	0.147420525905162	0.13057297229021	0.186727667689936	0.177854065051958	0.134404778564823	0.0874727713182519	0.106309797092471	0.137701824113311	0.105478315884114	0.118464978889152	0.104193323091356	0.120400990890519	0.177385158736233	0.154683873665427	0.142888950814806	0.158140473323157	0.173537436308655	0.139054561527958	0.127969630989992	0.157704977242806	0.116211297496689	0.12180591820841	0.160232947125242	0.165323798358112	0.11802214684299	0.170629683292705	0.127395605182704	0.15073678857351	0.1465425359037	0.122528870632912	0.141594819673975	0.143931400023953	0.138793569039176	0.153325193743923	0.159727583593122	0.14337842763781	0.116755875339433	0.0973210952669878	0.0754140342458639	0.133260325892133	0.117277069965308	0.166122115164807	0.103112695181211	0.087136693630144	0.120094481121677	0.0969512808963243
700023058	0.112402738058653	0.12475419562345	0.143785947723684	0.134486340077017	0	0.145826298919757	0.114994151472101	0.15629074006656	0.109999883755983	0.140959281827561	0.111785813041951	0.148097805052081	0.151304999500151	0.120837765227416	0.142367846636731	0.133703041579711	0.153046873459687	0.142273081758546	0.117042025299465	0.115517960454125	0.122209309487938	0.129432594247794	0.120377739687573	0.138191732774822	0.126712826867267	0.100027038936827	0.153946431545818	0.130210695659651	0.127755172410963	0.129950926293518	0.140613015818873	0.137502382178178	0.11639866566577	0.132386640080235	0.104758252422452	0.114810053575444	0.115478603466053	0.139632677407445	0.104478820309105	0.158614413391979	0.123876770611568	0.134061139624487	0.0995080664814756	0.121079298052181	0.125868172952763	0.117347514001311	0.110734196486303	0.140903031924334	0.128345897548358	0.135104858258573	0.125662378748373	0.109684804671364	0.116422553964806	0.117142094416366	0.129177679288596	0.151804625738395	0.122789742275235	0.115973683947432	0.128979236209766	0.114538541950754
700023927	0.167031287368225	0.148345131566789	0.0789069537460811	0.174309001793509	0.145826298919757	0	0.152834113793513	0.104922282450869	0.166852194723845	0.093198385199231	0.120423630848629	0.100828782519054	0.107798617948453	0.103789026365386	0.0873471067650829	0.133113526302574	0.0940456724476924	0.0744375381891008	0.1496735201442	0.148849538425961	0.146051000012504	0.12534730830394	0.137861440641279	0.164346753882328	0.145729164747336	0.173682504156282	0.147262113785129	0.163641621015052	0.122495402961162	0.0863972336267762	0.0784200569800532	0.130176367825788	0.131478931502253	0.0837545811213062	0.177611441107838	0.117089195561092	0.121700010650506	0.0620813849735945	0.174922591060359	0.120051999914811	0.147801047179349	0.0848654820889847	0.130350712695193	0.127341825583545	0.113535663317896	0.121768865422745	0.144923798511728	0.0913486704560703	0.0812540025310812	0.0986366189795946	0.111882304089706	0.173068753430861	0.163502057508631	0.131216975314498	0.19661548690327	0.106474877425026	0.134732024479012	0.159129444488773	0.11056588984133	0.148531361209112
700106341	0.0748122540397004	0.145359564220496	0.133615540474961	0.0811143249155897	0.114994151472101	0.152834113793513	0	0.169608383439483	0.0917069516730841	0.154865858122077	0.109131572129793	0.120432166895523	0.152584259851	0.144222034213235	0.134331496073522	0.0981600281318471	0.17090542556388	0.160990222999107	0.105893799049333	0.0770048398104997	0.0807304833369036	0.0962134813734102	0.102442072850656	0.108139788570558	0.0728586280087294	0.122354117177202	0.173297570415465	0.149454111173321	0.142111474120725	0.147004742497629	0.148739255495324	0.0855242837876714	0.104432056822146	0.138981910401571	0.12143380043385	0.0936574307647748	0.138846248500981	0.154373258136009	0.0973796820902793	0.169438765478448	0.11468930656375	0.125533531076246	0.121404908024106	0.0923255492067798	0.123427073147718	0.133934125465811	0.119099233478733	0.124048373107172	0.146133209981864	0.106448929269011	0.0961194639016125	0.0729284827530181	0.0826143210664696	0.0975339836673524	0.125808691226627	0.145622298165301	0.0941614952445525	0.0631877712733337	0.112134472107325	0.0646607383666922
700114221	0.178667263725267	0.141314366929203	0.108447392394631	0.17860506569367	0.15629074006656	0.104922282450869	0.169608383439483	0	0.181733363963715	0.0791969177228236	0.126219482696311	0.116670681452877	0.0955416696257446	0.152617363750683	0.0974761403625358	0.152529194660184	0.084975277425204	0.134027160743726	0.162671657775601	0.168768578763173	0.160593534919508	0.136476054613306	0.166124049973628	0.18566429132165	0.17303922451473	0.184631561444044	0.152313958667204	0.149598375495581	0.112250021612319	0.112194725525492	0.117363381368051	0.146775913752236	0.120350223272472	0.112754952208348	0.180322192492969	0.124556624493772	0.152555187095958	0.0893741970397074	0.185103348650111	0.0822803637809169	0.138282892439943	0.0859106838536732	0.155955285101113	0.14560942440457	0.100030070521843	0.131515201827952	0.136391851711942	0.0897963481538288	0.139706316615806	0.110985556391477	0.128563883862822	0.190001170788068	0.17454333745212	0.142067241551838	0.207693766809913	0.102758628207616	0.142403069364421	0.18592326224884	0.119453514515665	0.165565929936896
700023543	0.0847547047806588	0.156006815520164	0.160672897879155	0.132290509072774	0.109999883755983	0.166852194723845	0.0917069516730841	0.181733363963715	0	0.162949324222705	0.115660824193762	0.150522697161549	0.165177555936333	0.139635325560067	0.157871019519767	0.106317252410525	0.174979913733717	0.162235543351371	0.0922638639778426	0.111374614265309	0.107905458643313	0.108349761785937	0.111611328750013	0.100592553719992	0.110942586628164	0.109303031970308	0.15938024070159	0.130811974563258	0.165147809842932	0.157995019413146	0.154529140588657	0.107873804385155	0.11451958004212	0.154829232676589	0.112452736660127	0.125568843744572	0.131076812212564	0.172374844369513	0.0816038796077401	0.188343850650407	0.111448989768211	0.150238451344492	0.120956148483809	0.0996253226531516	0.144994938454357	0.128370408564674	0.112106062134593	0.14441372943892	0.151777055457454	0.132083167688468	0.122385143567279	0.0928406615997298	0.113098872935351	0.112613685848492	0.115640772758088	0.159104816396366	0.126333563983082	0.0956631179675762	0.135640337698245	0.0972864445788903
700023439	0.16577685227075	0.135117909292977	0.0968839940377511	0.170813439772124	0.140959281827561	0.093198385199231	0.154865858122077	0.0791969177228236	0.162949324222705	0	0.12291005563696	0.109206918003834	0.081789522668491	0.130099344027702	0.0996577314656092	0.13552229446999	0.0920714922821277	0.106535934579098	0.142794495177306	0.15712978092888	0.139966260587083	0.117156365108886	0.144931142810242	0.15389647730634	0.158581041997287	0.166919971539082	0.139079989434978	0.143178110215239	0.10864637328313	0.0984025172915072	0.0998967822758279	0.130090302595178	0.107126302117539	0.0946120918846912	0.165216520533342	0.113719148888832	0.130615780548236	0.0788144502174754	0.176247813405979	0.0881417923305021	0.136836502675049	0.0869913160462115	0.146060664726878	0.133107286961529	0.102139015355529	0.117318993688533	0.129167677785897	0.0927071671110402	0.113466355785447	0.100109479703891	0.116649952582455	0.171403097431367	0.160134016103811	0.129947500699637	0.185878551660309	0.0895403665466942	0.130508302374798	0.158407668788627	0.106897455470533	0.153106971224784
700016978	0.112457233156141	0.118941076339714	0.0990098681378663	0.134553127278435	0.111785813041951	0.120423630848629	0.109131572129793	0.126219482696311	0.115660824193762	0.12291005563696	0	0.102836688383388	0.120572385383972	0.130569508544481	0.123426888782287	0.0939921812258521	0.124808098859751	0.116150260227929	0.106765066161094	0.113412992057364	0.102238641732025	0.0723777602946848	0.120739083048613	0.125586734038397	0.0985765394595518	0.144180376604448	0.141464722305816	0.126992640126886	0.124906630167407	0.122831352292522	0.109436878430346	0.0976926655379252	0.075782476392171	0.103999898241834	0.143680690418494	0.0910050621793561	0.109805613818842	0.13092182551213	0.117597186337796	0.140774874514702	0.108394609665722	0.0981342644984272	0.0969657968774626	0.0961441874315776	0.104729667803347	0.12041102873776	0.107967924212718	0.099278263752761	0.115561097683674	0.0921673512038717	0.0770742583763168	0.129769889902082	0.117194109377376	0.090419361048809	0.150708721091939	0.115224632457258	0.106436042263045	0.121429054442631	0.0966717712127964	0.113058103237554
700024192	0.151992872436826	0.160488885802853	0.060093199677169	0.14075358972989	0.148097805052081	0.100828782519054	0.120432166895523	0.116670681452877	0.150522697161549	0.109206918003834	0.102836688383388	0	0.101179382926922	0.144418504933873	0.0885999316828524	0.109256580330666	0.130824492314161	0.118973729854599	0.130281730707833	0.132761339554373	0.12872587069744	0.0902364960305114	0.136337985432537	0.159659896058364	0.123213725737735	0.159192335449231	0.157785417826978	0.155612950628683	0.123027674246242	0.117833332718137	0.116276438619584	0.0940436312356113	0.106207511538463	0.100676839380703	0.16209487729142	0.107974874399076	0.138101417602982	0.0971824742703955	0.163948868666727	0.112780415036012	0.130695738799661	0.075072850386036	0.141423854475898	0.105949588780711	0.0975455630325138	0.124932099788876	0.135208624293511	0.0786485106150353	0.13150910008351	0.07437274591271	0.0743385396642566	0.156719635710127	0.146959302422213	0.128742221151639	0.190727837544779	0.0936186168803528	0.115120564811986	0.144247290975691	0.0814673192577941	0.130867036372729
700113058	0.162137213095547	0.140162032233136	0.104969619481154	0.169851012504963	0.151304999500151	0.107798617948453	0.152584259851	0.0955416696257446	0.165177555936333	0.081789522668491	0.120572385383972	0.101179382926922	0	0.143447351426905	0.0965615423122445	0.133709851601625	0.114005752863807	0.133169143452789	0.146060438330069	0.148595906522526	0.145635815505287	0.117210954586423	0.1573690361749	0.168540312195435	0.153400021193763	0.175320689130604	0.142323062165593	0.137264291386292	0.114672455822782	0.104576975216029	0.110953508499929	0.125756540442393	0.11206838576444	0.0993935946855152	0.181114750065547	0.121726989190999	0.1449743700963	0.107594609495117	0.172497586193273	0.0955692705051508	0.133470272769829	0.0791417552030524	0.159529959162673	0.12939133948253	0.0996091579245108	0.12359871986286	0.139616475343939	0.0781351841110517	0.125051590565542	0.0988228520174699	0.117099282358369	0.173499057624921	0.162981382900538	0.144648039360576	0.201310817370521	0.0754846654872681	0.127900129842823	0.168536515794243	0.110032730652621	0.147246180888019
700099448	0.145516484555691	0.132068191006697	0.126046104457195	0.156393852998701	0.120837765227416	0.103789026365386	0.144222034213235	0.152617363750683	0.139635325560067	0.130099344027702	0.130569508544481	0.144418504933873	0.143447351426905	0	0.128495701881598	0.145378897930225	0.133719000691807	0.114331209944014	0.136398336958121	0.140361909451684	0.133225097063709	0.13587391515907	0.110380646085629	0.144456858885653	0.147715779095326	0.128811629535307	0.13674775097081	0.150479097054386	0.129365810644112	0.103123171029316	0.111735163889623	0.137248981542318	0.13601948439024	0.107681635816509	0.130803290802638	0.12581138778672	0.1162176361545	0.119428730556346	0.142618802411617	0.163916728072985	0.153977597133142	0.124676959630059	0.117184258433701	0.133537219402065	0.13148723865214	0.122416266932267	0.126202740357428	0.128207856880389	0.0938559046924097	0.129091746083699	0.123982078965791	0.130612994312431	0.146934852271708	0.129415897581839	0.151614679217019	0.144810905840673	0.130689560312353	0.135244078718683	0.115772469621428	0.133563790424375
700109870	0.155803839746613	0.139343358874513	0.077727535816629	0.147420525905162	0.142367846636731	0.0873471067650829	0.134331496073522	0.0974761403625358	0.157871019519767	0.0996577314656092	0.123426888782287	0.0885999316828524	0.0965615423122445	0.128495701881598	0	0.133329673951663	0.11017548897824	0.119528691994438	0.145970386346376	0.134845493184299	0.133313216846508	0.115666019407672	0.130683810894983	0.166895549823267	0.138355028743975	0.164433664682367	0.154590222247012	0.149114089245493	0.105925581398971	0.0861010576581367	0.119761347467899	0.112908288048489	0.128745585163741	0.108790916269934	0.169072490047551	0.118521501511716	0.147920194191067	0.0775864324069962	0.167869070912124	0.1033730735778	0.144370223063061	0.0750123274859149	0.154229151860636	0.119007011808024	0.104625672082781	0.12138301196067	0.134602289534338	0.0848897591469997	0.120441954259086	0.0935304705370747	0.102349529630228	0.157306198602422	0.144512111285598	0.134456180474962	0.191692622975079	0.0963634579080948	0.110898553122557	0.149516577454403	0.086921349301981	0.125922933193886
700033928	0.105547281843437	0.155306374628757	0.116519076001594	0.13057297229021	0.133703041579711	0.133113526302574	0.0981600281318471	0.152529194660184	0.106317252410525	0.13552229446999	0.0939921812258521	0.109256580330666	0.133709851601625	0.145378897930225	0.133329673951663	0	0.158366143870541	0.131210005277878	0.0968601875958669	0.115024626345545	0.102018815965036	0.0883111314970199	0.130559482051606	0.104079201700876	0.101475383586444	0.140496799226873	0.149539983694757	0.126733755121717	0.140642174236262	0.139912535260645	0.132473850337222	0.104723827363379	0.0992947138141038	0.132655141600729	0.137339050627895	0.120511918322987	0.12146636380169	0.145364212320023	0.118505344840281	0.161014037091761	0.0933458024446703	0.112375955173438	0.136919911756041	0.110066631049426	0.119831370722825	0.128044561431756	0.120394617388297	0.120243248758428	0.141377866707597	0.107350451490774	0.0838928709565998	0.122158112334825	0.112219440375869	0.116755457338542	0.138386482159607	0.124683626731581	0.119705028921732	0.10814741084334	0.109348262209364	0.104986434619708
700023693	0.178817025793509	0.11973874281683	0.111232425315992	0.186727667689936	0.153046873459687	0.0940456724476924	0.17090542556388	0.084975277425204	0.174979913733717	0.0920714922821277	0.124808098859751	0.130824492314161	0.114005752863807	0.133719000691807	0.11017548897824	0.158366143870541	0	0.115862859765287	0.162523160692838	0.172066867368167	0.15800684103284	0.143497122831806	0.157111228515321	0.178600620404973	0.17482100426749	0.18063079130362	0.145762356373628	0.154353344274056	0.114419338770177	0.104964067260321	0.104754593695592	0.148747252024099	0.135327333946237	0.106173113873087	0.169034993019511	0.122615204508506	0.140820347237	0.10255265395277	0.179312367636408	0.108216017516436	0.145680408090989	0.0961626453983376	0.141912740977852	0.147073455160995	0.108060163055164	0.124301062954638	0.129189950160582	0.101832913565412	0.106032821596152	0.122350043429319	0.132195600596959	0.191870934110933	0.177624949945268	0.129675159146254	0.205049031593192	0.104906461756948	0.142294055738669	0.182985062664334	0.134875614680236	0.16990027071294
700109627	0.155179856052203	0.148332007964902	0.102872685078894	0.177854065051958	0.142273081758546	0.0744375381891008	0.160990222999107	0.134027160743726	0.162235543351371	0.106535934579098	0.116150260227929	0.118973729854599	0.133169143452789	0.114331209944014	0.119528691994438	0.131210005277878	0.115862859765287	0	0.15063489902003	0.154358162040738	0.148402872230474	0.118916802027939	0.146197177090951	0.148667594582909	0.148163921660668	0.1710613843243	0.145395254373546	0.15400822158789	0.142966662976344	0.113878281513038	0.0834330196906082	0.133258718590512	0.126636916683663	0.10258857073248	0.170402157968731	0.128762963361354	0.116015435022794	0.0958760793856105	0.16906293855618	0.149316436293336	0.150711240503281	0.108445906469101	0.125065645105252	0.134181003604942	0.130650415156758	0.13299980709814	0.145474534937229	0.122012296179902	0.0962108591407276	0.123046023021982	0.107398096313422	0.1759329684149	0.167487633408308	0.132140748449228	0.180757018254101	0.125802919895048	0.144301440421063	0.164713530664623	0.123972799143839	0.158028893704836
700095416	0.0923350147088027	0.155016444787852	0.139702506431051	0.134404778564823	0.117042025299465	0.1496735201442	0.105893799049333	0.162671657775601	0.0922638639778426	0.142794495177306	0.106765066161094	0.130281730707833	0.146060438330069	0.136398336958121	0.145970386346376	0.0968601875958669	0.162523160692838	0.15063489902003	0	0.118748779526328	0.0978402175726548	0.104256544932118	0.109011227994191	0.108553608692707	0.111067736214091	0.122529782754954	0.160682602704581	0.127194062148049	0.144799500554387	0.147507399477947	0.136156094926339	0.112603878657404	0.110497432513329	0.148997320558051	0.126889622871997	0.124013709634026	0.112895453504454	0.152950865567928	0.103487804087702	0.1640220112899	0.0967034758624708	0.133252587732792	0.117534351817385	0.115176355477546	0.12919279142672	0.112247159510831	0.106874513297327	0.135246646429929	0.13528436581703	0.132809005471617	0.107180420882888	0.114176341035281	0.119836712633372	0.107147116343236	0.120198511534994	0.145273289781858	0.11683267147581	0.102560982630138	0.123592416093953	0.107168110312254
700110425	0.0906033814725735	0.146032620937845	0.135725733491519	0.0874727713182519	0.115517960454125	0.148849538425961	0.0770048398104997	0.168768578763173	0.111374614265309	0.15712978092888	0.113412992057364	0.132761339554373	0.148595906522526	0.140361909451684	0.134845493184299	0.115024626345545	0.172066867368167	0.154358162040738	0.118748779526328	0	0.0844086093110721	0.108853277337159	0.0982415677903646	0.118678776662817	0.0650834384058768	0.13791787130676	0.165255543875919	0.143026910458463	0.14231773415039	0.133023526055347	0.153389872352548	0.110770048374543	0.104649850918493	0.136849498101004	0.123640497208192	0.0960073373675716	0.136762891970986	0.155139323451995	0.115823799470984	0.166342530843531	0.11854241036416	0.125171131276124	0.125565589410286	0.0781899535491262	0.123926084685651	0.134443197322324	0.119190667734162	0.128473703406916	0.133246526857254	0.113502538695413	0.103548815622089	0.074592454476062	0.061142864900907	0.111535152068421	0.139368160704855	0.149701056996643	0.0719364368863974	0.0779331638391729	0.108674653377338	0.0711870777541782
700111580	0.0885185939469314	0.139520594872642	0.137994407449839	0.106309797092471	0.122209309487938	0.146051000012504	0.0807304833369036	0.160593534919508	0.107905458643313	0.139966260587083	0.102238641732025	0.12872587069744	0.145635815505287	0.133225097063709	0.133313216846508	0.102018815965036	0.15800684103284	0.148402872230474	0.0978402175726548	0.0844086093110721	0	0.0909810690929601	0.0938829028411697	0.108080681231344	0.065411365636688	0.135026154771416	0.163982691224205	0.15068713917542	0.129534317386313	0.142323151016946	0.143983630245861	0.102481486875159	0.0975131605999934	0.136869318483042	0.138567809950042	0.0997605119829068	0.137886792665364	0.149030383812105	0.122647347619935	0.158949756737752	0.111281071927161	0.124378268933154	0.12584292226965	0.0975032947024497	0.110430804534159	0.117661770941069	0.113214716233523	0.116564252142699	0.124898998407703	0.112324013185674	0.102868770107002	0.0919428739766689	0.0937040086803683	0.0895221763679033	0.126874963577736	0.140005824489146	0.0702922090508724	0.071978828749811	0.0987087558891913	0.0821473814029855
700111302	0.110277086265481	0.132036252553743	0.0929360165655855	0.137701824113311	0.129432594247794	0.12534730830394	0.0962134813734102	0.136476054613306	0.108349761785937	0.117156365108886	0.0723777602946848	0.0902364960305114	0.117210954586423	0.13587391515907	0.115666019407672	0.0883111314970199	0.143497122831806	0.118916802027939	0.104256544932118	0.108853277337159	0.0909810690929601	0	0.11977489830028	0.121559411638511	0.0876191314437276	0.150293129304839	0.146299316140379	0.138261083989116	0.137888032179202	0.125771441208238	0.119880008921182	0.073310559882606	0.0781144058706969	0.105237142475843	0.151815976859207	0.0918883226352764	0.122103099322827	0.137496849462476	0.129168647293014	0.139165838861264	0.117770164682452	0.0934353457701653	0.119707232359184	0.0884624855226033	0.108071284037558	0.129856818132326	0.115909741718115	0.0908097842634508	0.124732158823175	0.0786406576237788	0.0800977763418979	0.120634251105213	0.12169097911866	0.093809201895031	0.153783095377645	0.106359438836641	0.105128015099144	0.111458578275548	0.0897116539756405	0.101460727815541
700098605	0.109963280931498	0.128057368913957	0.136486152525834	0.105478315884114	0.120377739687573	0.137861440641279	0.102442072850656	0.166124049973628	0.111611328750013	0.144931142810242	0.120739083048613	0.136337985432537	0.1573690361749	0.110380646085629	0.130683810894983	0.130559482051606	0.157111228515321	0.146197177090951	0.109011227994191	0.0982415677903646	0.0938829028411697	0.11977489830028	0	0.116102001111386	0.108842608840092	0.124867065486225	0.144776670807414	0.142450589186378	0.142089010118681	0.125519767040655	0.142572865290679	0.111450513646771	0.119822324054256	0.134308874359327	0.114492470456573	0.107544662360313	0.125552912450804	0.136168831057424	0.119166454993992	0.1626640615258	0.129492793699491	0.137944505883686	0.125854715858657	0.104496266320135	0.140909456050057	0.115604414463916	0.111566496631029	0.134252602232752	0.129264011242483	0.123749507195216	0.113196148382663	0.0991026293314384	0.095822786825072	0.106483465795392	0.121839299603181	0.151202266922175	0.10612754143133	0.0938415532497068	0.110169534671511	0.0847594860745156
700111991	0.0855780694084104	0.1622498971815	0.152641563182604	0.118464978889152	0.138191732774822	0.164346753882328	0.108139788570558	0.18566429132165	0.100592553719992	0.15389647730634	0.125586734038397	0.159659896058364	0.168540312195435	0.144456858885653	0.166895549823267	0.104079201700876	0.178600620404973	0.148667594582909	0.108553608692707	0.118678776662817	0.108080681231344	0.121559411638511	0.116102001111386	0	0.114727238370148	0.11826364257856	0.14663825128475	0.135279645506287	0.151840497774481	0.166207971998459	0.155076324578351	0.13766010619435	0.117401493622743	0.15419668014373	0.114205017061654	0.125776683122781	0.134060399595738	0.160345900248861	0.107553169133438	0.187157799071871	0.111368216825131	0.160121551606621	0.135028887145733	0.126150700803426	0.148907863060015	0.122383540844177	0.119798926422533	0.153922808479771	0.149250531450505	0.148010656947876	0.121540337226775	0.111825169859107	0.107432904523213	0.114836829263455	0.0988027762040883	0.164408959384952	0.124099152753563	0.103167597224629	0.135819875186329	0.121053079908843
700108960	0.0870059230344779	0.155162104114363	0.132551229841593	0.104193323091356	0.126712826867267	0.145729164747336	0.0728586280087294	0.17303922451473	0.110942586628164	0.158581041997287	0.0985765394595518	0.123213725737735	0.153400021193763	0.147715779095326	0.138355028743975	0.101475383586444	0.17482100426749	0.148163921660668	0.111067736214091	0.0650834384058768	0.065411365636688	0.0876191314437276	0.108842608840092	0.114727238370148	0	0.14710354556385	0.178140380871745	0.152865624108321	0.144975341645924	0.142606329500524	0.154304591819734	0.0953099105816208	0.104681570634682	0.136457603620219	0.140698122242951	0.093997127878161	0.139342875060996	0.157079511113495	0.118098155958988	0.17001948933959	0.12342240536414	0.12375471387006	0.130202321171701	0.0821278844646185	0.12425896021661	0.145280820603869	0.132964240530197	0.128262364294085	0.134080833923749	0.102337744052728	0.0919918472217194	0.0839156004118546	0.0798882601397806	0.104713365134284	0.12446642315945	0.146194733862138	0.0810934719577593	0.0729827478880113	0.105350535813595	0.0759435716637956
700024452	0.115171458421857	0.143775465374105	0.161387888258918	0.120400990890519	0.100027038936827	0.173682504156282	0.122354117177202	0.184631561444044	0.109303031970308	0.166919971539082	0.144180376604448	0.159192335449231	0.175320689130604	0.128811629535307	0.164433664682367	0.140496799226873	0.18063079130362	0.1710613843243	0.122529782754954	0.13791787130676	0.135026154771416	0.150293129304839	0.124867065486225	0.11826364257856	0.14710354556385	0	0.154740800049158	0.118927406993707	0.125437891167459	0.157147590968894	0.169216526907021	0.155495051129279	0.13407623570057	0.157383353353046	0.0782419460394551	0.138726002467525	0.143550223340947	0.165387122549746	0.105550560349715	0.172586207844401	0.124204233167361	0.162880025368326	0.135903836420613	0.137191432877081	0.143555456128887	0.109051651696516	0.115054114325449	0.160659444049675	0.15862710989586	0.159191502905344	0.134063381732423	0.115067262076574	0.122833932621211	0.134034158307188	0.113066540845799	0.169446632293823	0.138896584276679	0.128532618739305	0.140949213037695	0.135248000920641
700032931	0.160646110462728	0.125046790859167	0.139203915425725	0.177385158736233	0.153946431545818	0.147262113785129	0.173297570415465	0.152313958667204	0.15938024070159	0.139079989434978	0.141464722305816	0.157785417826978	0.142323062165593	0.13674775097081	0.154590222247012	0.149539983694757	0.145762356373628	0.145395254373546	0.160682602704581	0.165255543875919	0.163982691224205	0.146299316140379	0.144776670807414	0.14663825128475	0.178140380871745	0.154740800049158	0	0.136776339365945	0.148509389754413	0.143552886425825	0.140333831715349	0.159072014035843	0.139534615140348	0.135648609713038	0.139162658116742	0.147098704367502	0.13848938471297	0.146545813053599	0.156125468415844	0.157539182802872	0.155084417022561	0.144107590841578	0.1526704623396	0.147508687323947	0.147196999184611	0.137931663918699	0.131471196045446	0.142305421771996	0.134058458413348	0.150362576557621	0.1462891533268	0.179601141527778	0.161858540051202	0.14218696112284	0.166882636643381	0.148928354216308	0.163050854138437	0.17495773508363	0.149179815804738	0.169164793150201
700095837	0.12772318011346	0.129641119929387	0.14796387958729	0.154683873665427	0.130210695659651	0.163641621015052	0.149454111173321	0.149598375495581	0.130811974563258	0.143178110215239	0.126992640126886	0.155612950628683	0.137264291386292	0.150479097054386	0.149114089245493	0.126733755121717	0.154353344274056	0.15400822158789	0.127194062148049	0.143026910458463	0.15068713917542	0.138261083989116	0.142450589186378	0.135279645506287	0.152865624108321	0.118927406993707	0.136776339365945	0	0.10937651736656	0.126243844465674	0.150821671000129	0.151896409711965	0.124399296590802	0.134032899960874	0.138360269552969	0.140651037684018	0.132806689744797	0.159890747037972	0.123194375447124	0.155977082684687	0.114056723791488	0.129713447174815	0.144252287491858	0.133876851709589	0.123539196119729	0.117832744380396	0.117660010025799	0.141588018326048	0.152907564011858	0.148804211012028	0.128589165709639	0.147659214211217	0.137034602207989	0.139393640947686	0.150643448276846	0.141004986180628	0.145764485723227	0.15116984237409	0.141335617207817	0.148520185903438
700024548	0.151400369548719	0.109826399756865	0.11391214647354	0.142888950814806	0.127755172410963	0.122495402961162	0.142111474120725	0.112250021612319	0.165147809842932	0.10864637328313	0.124906630167407	0.123027674246242	0.114672455822782	0.129365810644112	0.105925581398971	0.140642174236262	0.114419338770177	0.142966662976344	0.144799500554387	0.14231773415039	0.129534317386313	0.137888032179202	0.142089010118681	0.151840497774481	0.144975341645924	0.125437891167459	0.148509389754413	0.10937651736656	0	0.105793428577308	0.12741980720461	0.146541419097012	0.115509363378587	0.109021736503537	0.13448101400607	0.115581509346613	0.140725854000871	0.114619822061894	0.154062528384302	0.1119082527968	0.129218407079521	0.0999461204892308	0.140005296614114	0.140834546899804	0.0842313194510129	0.0942365326416667	0.121133498577764	0.104811964423571	0.123288651638606	0.119876052690149	0.10775825755043	0.156638125101865	0.139444137536739	0.12236321330461	0.171191429876177	0.112847605173852	0.117685433230859	0.153664030783185	0.108314652970264	0.148965984870071
700110161	0.153508060135309	0.123674980090285	0.105482879998073	0.158140473323157	0.129950926293518	0.0863972336267762	0.147004742497629	0.112194725525492	0.157995019413146	0.0984025172915072	0.122831352292522	0.117833332718137	0.104576975216029	0.103123171029316	0.0861010576581367	0.139912535260645	0.104964067260321	0.113878281513038	0.147507399477947	0.133023526055347	0.142323151016946	0.125771441208238	0.125519767040655	0.166207971998459	0.142606329500524	0.157147590968894	0.143552886425825	0.126243844465674	0.105793428577308	0	0.105332488383204	0.12660244264737	0.132004494003844	0.0844845163377836	0.161056999927371	0.114526684587738	0.12359400225472	0.0880647679092121	0.163385508221253	0.114382257476319	0.147045368380099	0.0838384971256556	0.137127538737203	0.123185332007595	0.111769344372964	0.118573106737589	0.131510331408362	0.0994420885191099	0.0933144960403891	0.103551246327243	0.118137303077197	0.157851918969372	0.145686244607236	0.129944152070977	0.184368637859171	0.108499313132417	0.118350198567382	0.15075534715841	0.10035278085121	0.136114656115426
700023496	0.155771018877067	0.133239273450101	0.105177244800751	0.173537436308655	0.140613015818873	0.0784200569800532	0.148739255495324	0.117363381368051	0.154529140588657	0.0998967822758279	0.109436878430346	0.116276438619584	0.110953508499929	0.111735163889623	0.119761347467899	0.132473850337222	0.104754593695592	0.0834330196906082	0.136156094926339	0.153389872352548	0.143983630245861	0.119880008921182	0.142572865290679	0.155076324578351	0.154304591819734	0.169216526907021	0.140333831715349	0.150821671000129	0.12741980720461	0.105332488383204	0	0.131143781835956	0.117009642703103	0.0868605946906916	0.172811043987711	0.117004727800159	0.112830414387919	0.0905890684802913	0.162000491270286	0.133884852799633	0.134022546618581	0.103215929652973	0.11464383469692	0.136858733908944	0.113725866986054	0.117262401140236	0.132123949356421	0.101545273124439	0.0893401789455707	0.11951154764071	0.111991975741268	0.175813433592653	0.165100283436489	0.118519083756547	0.190085932960338	0.114854794673842	0.13720924677935	0.166031411813594	0.125885804346187	0.152939812371776
700034628	0.121588899498677	0.139305465757551	0.109566572576007	0.139054561527958	0.137502382178178	0.130176367825788	0.0855242837876714	0.146775913752236	0.107873804385155	0.130090302595178	0.0976926655379252	0.0940436312356113	0.125756540442393	0.137248981542318	0.112908288048489	0.104723827363379	0.148747252024099	0.133258718590512	0.112603878657404	0.110770048374543	0.102481486875159	0.073310559882606	0.111450513646771	0.13766010619435	0.0953099105816208	0.155495051129279	0.159072014035843	0.151896409711965	0.146541419097012	0.12660244264737	0.131143781835956	0	0.0917664068635536	0.11645847555139	0.147175280489093	0.0854112273416003	0.134342508084068	0.130846057958296	0.136961070587245	0.151221701861675	0.132200235437331	0.0952164773520664	0.133944885021084	0.0772001031027451	0.117902323505452	0.141424428356441	0.125522451556527	0.0987355418414626	0.133339246615737	0.0733914967227005	0.099452818001682	0.116617459975652	0.121190664969817	0.109607345270643	0.169837573197999	0.111178636205567	0.111463062590889	0.0994678793662132	0.0909375724912281	0.0849683744286169
700023645	0.113239065383244	0.118661429359271	0.109599841911911	0.127969630989992	0.11639866566577	0.131478931502253	0.104432056822146	0.120350223272472	0.11451958004212	0.107126302117539	0.075782476392171	0.106207511538463	0.11206838576444	0.13601948439024	0.128745585163741	0.0992947138141038	0.135327333946237	0.126636916683663	0.110497432513329	0.104649850918493	0.0975131605999934	0.0781144058706969	0.119822324054256	0.117401493622743	0.104681570634682	0.13407623570057	0.139534615140348	0.124399296590802	0.115509363378587	0.132004494003844	0.117009642703103	0.0917664068635536	0	0.10344347755372	0.122929548447117	0.0843796686981869	0.120284194525246	0.12899023243717	0.123006706167981	0.134146089871348	0.100587734372798	0.0969640897014297	0.106555803041822	0.0939357489574245	0.0866010228175753	0.108367557112795	0.102777134642174	0.0933846520612711	0.120247716615554	0.0860261103565552	0.0817685333322708	0.122472110289894	0.117443677194743	0.0955043238782253	0.155415322943383	0.0997472549400162	0.098412915473977	0.114484896236432	0.0902266847140363	0.11602083466211
700038744	0.150864062611841	0.123843567569128	0.0912304413654609	0.157704977242806	0.132386640080235	0.0837545811213062	0.138981910401571	0.112754952208348	0.154829232676589	0.0946120918846912	0.103999898241834	0.100676839380703	0.0993935946855152	0.107681635816509	0.108790916269934	0.132655141600729	0.106173113873087	0.10258857073248	0.148997320558051	0.136849498101004	0.136869318483042	0.105237142475843	0.134308874359327	0.15419668014373	0.136457603620219	0.157383353353046	0.135648609713038	0.134032899960874	0.109021736503537	0.0844845163377836	0.0868605946906916	0.11645847555139	0.10344347755372	0	0.16135540381104	0.0985063752963432	0.112207756496822	0.0877268433549553	0.155105364301239	0.117047345745658	0.135255415621616	0.082336154441765	0.124531318926142	0.116661360802755	0.100820972930968	0.117182886759449	0.12562548698052	0.0782443308994053	0.0975952304698073	0.0852110921505332	0.104990506577987	0.165545227786857	0.153570796941815	0.121595309294515	0.187097922807763	0.0928086472332739	0.126082347920466	0.153148156459771	0.103174265201071	0.143048969912276
700038485	0.118130392368408	0.13101195477639	0.154284667714385	0.116211297496689	0.104758252422452	0.177611441107838	0.12143380043385	0.180322192492969	0.112452736660127	0.165216520533342	0.143680690418494	0.16209487729142	0.181114750065547	0.130803290802638	0.169072490047551	0.137339050627895	0.169034993019511	0.170402157968731	0.126889622871997	0.123640497208192	0.138567809950042	0.151815976859207	0.114492470456573	0.114205017061654	0.140698122242951	0.0782419460394551	0.139162658116742	0.138360269552969	0.13448101400607	0.161056999927371	0.172811043987711	0.147175280489093	0.122929548447117	0.16135540381104	0	0.126785019800583	0.144901768556317	0.166379286079429	0.106701582446181	0.177396338958041	0.128249243478028	0.162276954032243	0.137016555367064	0.128462361285581	0.150030267195608	0.118690253618747	0.105959971700915	0.165134153130628	0.15167609933792	0.158304177805377	0.131181571493852	0.103998253459213	0.104246270562752	0.13000312319782	0.112449947393591	0.169177579404906	0.136608896905038	0.118327585556038	0.140674643283561	0.125675776514672
700024743	0.120687842605203	0.1218074957468	0.102907641582669	0.12180591820841	0.114810053575444	0.117089195561092	0.0936574307647748	0.124556624493772	0.125568843744572	0.113719148888832	0.0910050621793561	0.107974874399076	0.121726989190999	0.12581138778672	0.118521501511716	0.120511918322987	0.122615204508506	0.128762963361354	0.124013709634026	0.0960073373675716	0.0997605119829068	0.0918883226352764	0.107544662360313	0.125776683122781	0.093997127878161	0.138726002467525	0.147098704367502	0.140651037684018	0.115581509346613	0.114526684587738	0.117004727800159	0.0854112273416003	0.0843796686981869	0.0985063752963432	0.126785019800583	0	0.125234727576661	0.116798392032127	0.132524466464724	0.129132169800742	0.125341531365197	0.0962662093372504	0.117826513806396	0.0792491854292302	0.0981562521929212	0.113293728043947	0.116067126365382	0.0950405697645782	0.120220685459354	0.0955047700090449	0.091869257202738	0.117353854242675	0.11139043777861	0.0966606627400894	0.14749927150259	0.116223574180956	0.0960679062048883	0.100710361348819	0.0937334776360348	0.0926313788967283
