700108602	700014971	700033565	700109389	700023058	700023927	700106341	700114221	700023543	700023439	700016978	700024192	700113058	700099448	700109870	700033928	700023693	700109627	700095416	700110425	700111580	700111302	700098605	700111991	700108960	700024452	700032931	700095837	700024548	700110161	700023496	700034628	700023645	700038744	700038485	700024743	700099596	700110760	700101587	700106399	700032322	700095653	700021312	700101230	700023590	700038905	700033136	700023382	700096424	700105469	700016908	700096053	700108479	700109569	700033814	700016125	700109756	700102665	700101777	700109455
700108602	0	0.158834510480995	0.157915138063481	0.106905109781176	0.134830451569015	0.161709179545911	0.085147409171508	0.179710181584827	0.0981511850800192	0.165483769028526	0.119826466729498	0.151820270928674	0.157479365083311	0.158295935181336	0.159098183966811	0.104979760540632	0.177944474367057	0.160441321054879	0.0812055990445563	0.100013971014861	0.0949392493685401	0.116749687451879	0.109724103115267	0.0649855269767916	0.0923440879412506	0.109503777801307	0.146322855948384	0.130581086730717	0.140604623982704	0.15960970511543	0.169588088681664	0.119433263620644	0.1167969534557	0.16208887747943	0.12539963357985	0.119277467626468	0.136263368278658	0.169232271717556	0.0990608252602798	0.181741176095974	0.108493838890233	0.153159287104111	0.144690255722606	0.120065031288356	0.155478015519724	0.129638829052055	0.120559173632463	0.153170485268632	0.152041814565608	0.132639006965491	0.120172130827987	0.0863012820422846	0.0939788041435095	0.112375756975375	0.0948029232464769	0.15838145282254	0.117980094041729	0.0761014649008526	0.137728779252472	0.0964263992925576
700014971	0.158834510480995	0	0.1480862426735	0.166613213689421	0.14237524367507	0.142112799655969	0.164152353802073	0.13498497092227	0.154169454911007	0.133589032947416	0.129665257324036	0.157393182497631	0.142582178368645	0.143115222507487	0.146484358063858	0.157794987671088	0.131710719850071	0.159271430679606	0.161212475581888	0.156962768713326	0.144437921999558	0.133031405111715	0.133059354262893	0.157845593745385	0.162317858095042	0.159428094751221	0.132946475246897	0.14043279172809	0.120401675275673	0.141088830742288	0.146764046287149	0.149781158884344	0.130051747833825	0.130147903437068	0.148389810375157	0.121912817187688	0.154619968962286	0.161873443913405	0.153846546376789	0.135070396278143	0.152555317120084	0.14291849110322	0.134775508445931	0.143738827529036	0.138067720738354	0.127085806545974	0.120436981848369	0.134820275542477	0.139306214513511	0.143600794496043	0.146062663576633	0.165857646210291	0.153922985505341	0.13711484603711	0.169325217653397	0.134403861137024	0.145073324303118	0.158313907936299	0.13345318742971	0.159167394783406
700033565	0.157915138063481	0.1480862426735	0	0.148644260479859	0.153922562671885	0.0759103304928994	0.136601019388813	0.114110683941077	0.146322941564181	0.0957763727464143	0.103995860940809	0.0596748393458094	0.103370383740861	0.123192697931166	0.0816427816914969	0.122309383704242	0.101116704316535	0.0891191886675259	0.141521777759044	0.139791101172235	0.135195106648835	0.0911747761121	0.134158915753251	0.144565016559904	0.131849010547304	0.157901622913948	0.134075638286201	0.142189075732609	0.120750258500841	0.103948224307749	0.0998587197598122	0.0993241981787243	0.116760297379192	0.0875539037224895	0.148271887463772	0.108209567215664	0.127488226711562	0.0760703842854487	0.158171394265343	0.120072407606877	0.151999805021338	0.0837751921885648	0.136362047826648	0.125708117764258	0.111590005091343	0.116072772132114	0.133902420483366	0.0944620401808637	0.104833915440986	0.0774870359061372	0.071856669958099	0.166458523851994	0.150071913244962	0.122734712453395	0.176384266246383	0.115025284295565	0.120241435001365	0.149268926137683	0.0765287469103301	0.135992982385609
700109389	0.106905109781176	0.166613213689421	0.148644260479859	0	0.146374803986602	0.174041122400236	0.0869434369072578	0.179927826343356	0.137415771036568	0.176416426144667	0.134780906955403	0.143639895729828	0.165936868011273	0.164195922742061	0.143778049020172	0.140366714644244	0.178767171925972	0.181549260347032	0.136752679337099	0.0932746641739945	0.109322368243472	0.142743879113499	0.103851173106875	0.107561300370307	0.107499075822278	0.116682156061562	0.186586869182909	0.146342961622391	0.140997752981827	0.157601381742636	0.179451437504798	0.141001071874171	0.140633326091042	0.166934796880402	0.12623058180528	0.119642697404743	0.172831721278862	0.168016338284323	0.136946122144305	0.176265597250239	0.135824789276617	0.162073824105339	0.157841272057581	0.130352233602933	0.156274038945299	0.138901606066992	0.152007061630931	0.161015278780208	0.160808650804849	0.136023391544084	0.117442652268716	0.105525205117062	0.0758081578172564	0.151203816933263	0.11290765334257	0.168911216439766	0.109335691379818	0.0968663383872112	0.124979837912077	0.1072125749733
700023058	0.134830451569015	0.14237524367507	0.153922562671885	0.146374803986602	0	0.149168878071091	0.125981869312608	0.164954582388831	0.11828967835679	0.145690853237433	0.127602193156799	0.156813843713892	0.160562524611233	0.140701589640981	0.150093367736383	0.125092918230295	0.146998307436415	0.155732662642329	0.125476944128856	0.136663975748574	0.134704628223833	0.138948625578466	0.133119871007823	0.12378546862354	0.146626561608748	0.113424399348727	0.150770932884095	0.131395023333652	0.125028685544916	0.142039040681913	0.158208294511935	0.148686411379565	0.123616052566764	0.14603724092702	0.109499191621822	0.13379765352038	0.129063528017942	0.152709050901544	0.111521812391305	0.157841389597114	0.131449814081765	0.144543989031183	0.133766612188512	0.134501931469693	0.143829676353228	0.124888126239776	0.115472326508941	0.145434202063863	0.131747890009023	0.146108350514357	0.143607931391885	0.123803272325804	0.11858551913762	0.133173046307622	0.128132210324505	0.161219971150478	0.141120990228391	0.130620415131013	0.148867832213347	0.136590932322464
700023927	0.161709179545911	0.142112799655969	0.0759103304928994	0.174041122400236	0.149168878071091	0	0.155198776935314	0.107271906388367	0.156066012983648	0.0882366139980649	0.11510912570667	0.0902878936736206	0.102504036149005	0.109728621578925	0.0931385406692451	0.140652581056399	0.0982179350623429	0.082843635957367	0.146834126553178	0.146038806916868	0.140259200678283	0.108679832944852	0.143437355539059	0.14807552465897	0.140581420503479	0.168368021827355	0.133932745533847	0.155584003803879	0.114256900579601	0.0995815505188377	0.0771796505670774	0.127364522413696	0.117433260947295	0.0745756180108008	0.16734875729871	0.117542208425504	0.117529491344731	0.0660709679140715	0.164128298245049	0.114262362840359	0.157012582457485	0.0830853496629075	0.118163840677976	0.133765381768465	0.108772105047582	0.115874478962896	0.136484856050947	0.0840916227170996	0.0745710305905546	0.0926441987865157	0.106626610266267	0.1748739143884	0.164439565988651	0.115736462689817	0.181955360032133	0.108827208907908	0.117219341241324	0.155347880006539	0.103086267951032	0.153991414887079
700106341	0.085147409171508	0.164152353802073	0.136601019388813	0.0869434369072578	0.125981869312608	0.155198776935314	0	0.179665885497687	0.0833700712430092	0.166639797733765	0.108584902487869	0.125436224012672	0.156911594667505	0.150132885073979	0.141232611643477	0.111659396466505	0.171478049369503	0.165057448954252	0.0997327093702488	0.0736727496104859	0.0850793731083926	0.110229582455677	0.105455100576724	0.0894166524714452	0.0777284430312335	0.116763225270016	0.175208689348432	0.149785322606035	0.150879880744	0.157654008595553	0.163743984073304	0.0865367059955978	0.112430388177119	0.156711280267066	0.126458412134303	0.0940089629508852	0.152930136449559	0.157777477695846	0.107201028851207	0.180664934553803	0.130472096267449	0.144425267922118	0.128676421622033	0.0907462502805938	0.147258931153702	0.133035963298474	0.129736015266091	0.138883860002776	0.149545875098922	0.11193083031207	0.109295962389199	0.0708634473419918	0.0793937592284781	0.122619888625555	0.111010746466179	0.155701619253687	0.100795213213259	0.068962584256851	0.118017555065033	0.072005493501635
700114221	0.179710181584827	0.13498497092227	0.114110683941077	0.179927826343356	0.164954582388831	0.107271906388367	0.179665885497687	0	0.173029918626865	0.0911691272823297	0.128042082950877	0.110687428407062	0.0847652455981774	0.154037582283371	0.0980990695676923	0.158698031108635	0.0925627575307506	0.147735374813752	0.174673291536655	0.166699741685221	0.163136834625058	0.135310058528185	0.167109275169374	0.177405721636949	0.169515816585615	0.182962748558693	0.13879797228845	0.132613750249205	0.119709171949149	0.108677079889915	0.124781030938227	0.144827836709701	0.131606403932797	0.0990118152106422	0.174733670347944	0.131949686949891	0.161146612763191	0.107203617200434	0.17476421818525	0.0922781719103151	0.152393687118288	0.0913976109976919	0.143711596186813	0.145205363465078	0.110494471563625	0.125031789345821	0.145222710989926	0.0897025511235501	0.142498045200581	0.113498010653003	0.128112735342158	0.194757291353712	0.175852562843837	0.149974983689222	0.20385990984137	0.0934772968061368	0.138076381121639	0.184059909751993	0.115581720404946	0.169435378044587
700023543	0.0981511850800192	0.154169454911007	0.146322941564181	0.137415771036568	0.11828967835679	0.156066012983648	0.0833700712430092	0.173029918626865	0	0.155727044218191	0.111337104143658	0.140839791290276	0.15428100970185	0.143908803590249	0.151155868146605	0.111772145864841	0.161585659908277	0.161152694622239	0.0893349276347896	0.11184500461818	0.101090657077598	0.104786667090224	0.110291530102279	0.103747596616606	0.0986347686065999	0.10479332749071	0.153164167197282	0.13142306463193	0.151559175864227	0.152024799086404	0.152127209589324	0.094618964618577	0.110879893361546	0.155024250043773	0.12878763960674	0.125366226415356	0.134524966154499	0.162724868312164	0.0839201263525994	0.177761673550064	0.125255920471118	0.143377350659095	0.135479067271924	0.0887173153964642	0.156401554504517	0.132969074420775	0.110517879246965	0.143473759281118	0.152640495980907	0.122205967029006	0.128516212955402	0.0815146135848677	0.106195784351813	0.11834003194065	0.119138459455611	0.149216137073451	0.123282191652966	0.0902778331195449	0.138932067502734	0.0946806338744021
700023439	0.165483769028526	0.133589032947416	0.0957763727464143	0.176416426144667	0.145690853237433	0.0882366139980649	0.166639797733765	0.0911691272823297	0.155727044218191	0	0.112789848533738	0.103306785429022	0.0911307827991172	0.124334361847783	0.0956804130131997	0.138310495827932	0.0777402167383304	0.115437321601522	0.15160578834595	0.154600579809569	0.137683188621329	0.114796452553691	0.14268091120441	0.155069977391086	0.151887862042574	0.168837528717716	0.132569853218332	0.139146721517644	0.11451275381367	0.100537518573707	0.0888457652183672	0.131343941916772	0.107230312829915	0.0887905127919943	0.158766867770991	0.115927676510859	0.132912782411603	0.0848123653157079	0.163108117699757	0.0910629276848585	0.146821543045502	0.0803857416810072	0.135953642385608	0.142188908241576	0.107882072476045	0.112564134159746	0.125570351100226	0.0867768249968042	0.104265325269893	0.104768740737805	0.115170962190038	0.177802632082351	0.166150243375091	0.11551564010539	0.180395319145101	0.0969935606792188	0.125294919266945	0.161962691367279	0.103868360981432	0.154726893337164
700016978	0.119826466729498	0.129665257324036	0.103995860940809	0.134780906955403	0.127602193156799	0.11510912570667	0.108584902487869	0.128042082950877	0.111337104143658	0.112789848533738	0	0.097281211436015	0.106998944160913	0.1309303583586	0.121443448733032	0.0986291157902255	0.12779197540375	0.118939320351088	0.112370673173995	0.103058165648902	0.100372884643703	0.070575851840812	0.121400069342025	0.105377985281662	0.0956507617753697	0.136663798751146	0.131857964793261	0.11010297142412	0.120112651259727	0.124514369129698	0.109910517469904	0.0941689171953388	0.0767055554044627	0.108609579172675	0.137398450063055	0.0865103904096144	0.1139195283747	0.127706410396538	0.111222052838724	0.137649839719415	0.115507379035287	0.0949118565561399	0.104218791073911	0.100343027578909	0.113301389136846	0.11244716360733	0.114066091496685	0.10636180140567	0.11447270886602	0.0934059713151103	0.0858387444139009	0.126877405996128	0.117801956385436	0.0916704442460144	0.129386543826012	0.112160148208309	0.100120791591309	0.110992480670612	0.0919234298769026	0.122051837851593
700024192	0.151820270928674	0.157393182497631	0.0596748393458094	0.143639895729828	0.156813843713892	0.0902878936736206	0.125436224012672	0.110687428407062	0.140839791290276	0.103306785429022	0.097281211436015	0	0.086782613704026	0.141646113847011	0.0810410651576656	0.117293531036186	0.116850337311982	0.119359204283552	0.13410026891367	0.127366546298568	0.125344115588597	0.0900039457597675	0.134281486496101	0.147719741760374	0.122494944936888	0.1596141744852	0.147790112624373	0.133806395414907	0.124694161100462	0.112483614197706	0.100488356828919	0.0864137629256736	0.101476119510247	0.0909511666451282	0.162747752047806	0.105672585777294	0.138645547898718	0.0870208534177907	0.15292572853581	0.113685150960819	0.152189501417455	0.0677100959204972	0.149112729274899	0.109161797111268	0.0985115810311852	0.117775667771725	0.145156461041219	0.0803930939971478	0.124111882840922	0.0641495438849585	0.070596222316633	0.161902735450071	0.147717314769412	0.131170860027361	0.181458785863034	0.0926623779093246	0.103251026322699	0.143140595396568	0.0773067858462138	0.126300157925179
700113058	0.157479365083311	0.142582178368645	0.103370383740861	0.165936868011273	0.160562524611233	0.102504036149005	0.156911594667505	0.0847652455981774	0.15428100970185	0.0911307827991172	0.106998944160913	0.086782613704026	0	0.128548544474583	0.0852502096069957	0.136378253805231	0.111265016860485	0.134041473328621	0.154304987225901	0.146896428636868	0.142927846707279	0.109723138352831	0.150172638903191	0.154547296590518	0.143904553972805	0.162991200491287	0.132216970380787	0.115207381282218	0.106032439714361	0.0935297524698234	0.105971275210787	0.118800663227545	0.118369822276747	0.0932249079048426	0.165081646715977	0.117311601776284	0.148968397850923	0.105391114891667	0.155051149790903	0.0993135009823823	0.145538466974285	0.0730338096824022	0.148369182893593	0.13109076062514	0.0908730701069378	0.111168018922273	0.146257274483373	0.0818207577386424	0.124354944233708	0.0886958280911476	0.107083569584472	0.173495666034445	0.161561862615332	0.144467042816174	0.185793594307956	0.07267917679775	0.115103239605283	0.160034788660676	0.0903456767905635	0.142308583599436
700099448	0.158295935181336	0.143115222507487	0.123192697931166	0.164195922742061	0.140701589640981	0.109728621578925	0.150132885073979	0.154037582283371	0.143908803590249	0.124334361847783	0.1309303583586	0.141646113847011	0.128548544474583	0	0.118081536801527	0.154953138419543	0.132047767530962	0.120210512510465	0.143911364383343	0.141340665593514	0.141624167597872	0.136331747980538	0.113095728921034	0.140405330088636	0.151777006340049	0.125729583684924	0.130512546980463	0.147707906722088	0.113438596285212	0.112364310313519	0.112913631744466	0.14768108242144	0.13383504024023	0.119268605086547	0.142326906354941	0.127243104174	0.120128071026036	0.113457912758074	0.146164375030946	0.149715080107807	0.162332593067146	0.122311785419911	0.132615086301769	0.144868935966145	0.130119095040832	0.128060639667464	0.117386158869973	0.135404951019959	0.0861347256518259	0.132319581484287	0.126008553761678	0.133806927204512	0.154175535154908	0.135941533795068	0.15731429314433	0.144154471415077	0.128605036354488	0.138870421574381	0.109410509769391	0.147914127640494
700109870	0.159098183966811	0.146484358063858	0.0816427816914969	0.143778049020172	0.150093367736383	0.0931385406692451	0.141232611643477	0.0980990695676923	0.151155868146605	0.0956804130131997	0.121443448733032	0.0810410651576656	0.0852502096069957	0.118081536801527	0	0.141275788246684	0.100763021767276	0.123606467204255	0.152484473092325	0.133880414842423	0.13029044445721	0.12061037415619	0.130804010532971	0.152856858101388	0.139431620674851	0.159509306713852	0.146072746705371	0.135104412466314	0.103149699296825	0.0779530569357564	0.11689133285887	0.114371262876034	0.124896039688424	0.104632401669199	0.16112447111972	0.116432379181073	0.146509043027643	0.0779717937695659	0.162475986513035	0.0989728267733775	0.162248180006089	0.0710247357009939	0.153151681845275	0.122278356614418	0.0967504790440965	0.109437195019889	0.141022454693958	0.0773365308807864	0.110532556594139	0.0840855304199513	0.101920739353357	0.16129840705179	0.145293999632773	0.142532087298482	0.177299934915578	0.095410439743203	0.105868874708954	0.151760582853422	0.0800093154588429	0.129739646207114
700033928	0.104979760540632	0.157794987671088	0.122309383704242	0.140366714644244	0.125092918230295	0.140652581056399	0.111659396466505	0.158698031108635	0.111772145864841	0.138310495827932	0.0986291157902255	0.117293531036186	0.136378253805231	0.154953138419543	0.141275788246684	0	0.149038958157855	0.136628835608258	0.0980103188034874	0.120518098012425	0.10495838237527	0.0928206014273636	0.129747700225803	0.0938021696625769	0.106862894132383	0.142334700547839	0.141873916961298	0.117731131705848	0.156880195813234	0.146100434133184	0.149285027283646	0.0991205532260064	0.104215331060437	0.133784811852714	0.12326540006837	0.128479605905803	0.130940728010331	0.147893168727343	0.111838589792553	0.170310252588051	0.11642023056186	0.125738427110074	0.139988201500945	0.108483138684457	0.140907213261268	0.132907579641205	0.128760901957594	0.135568179109951	0.138862867253095	0.105418168116479	0.102087888011715	0.121580194127096	0.114104108405052	0.122554580283315	0.129976508095402	0.137790643110373	0.123182108543647	0.111481018255053	0.11639950992146	0.109592803163406
700023693	0.177944474367057	0.131710719850071	0.101116704316535	0.178767171925972	0.146998307436415	0.0982179350623429	0.171478049369503	0.0925627575307506	0.161585659908277	0.0777402167383304	0.12779197540375	0.116850337311982	0.111265016860485	0.132047767530962	0.100763021767276	0.149038958157855	0	0.121266304164874	0.162901152481756	0.165617264457512	0.15226370537869	0.121221612161634	0.152385750694592	0.165869634256836	0.167539934980773	0.175786647143911	0.141392715182085	0.149546855982834	0.115951087214263	0.111561843022283	0.101212761516297	0.136949162741956	0.128449243116485	0.0971786262184657	0.161131755480209	0.124822995019389	0.138683388305179	0.0986245587661845	0.170247653752543	0.0956167478719783	0.157438135623423	0.100926519453841	0.132831433561058	0.1500730584685	0.107050823492441	0.113103328324184	0.133936561628717	0.0950582111503144	0.106394747760792	0.113367481107014	0.124327965035888	0.189186332488725	0.17510972135249	0.135979795963562	0.190535821808356	0.118075884717359	0.129813230331756	0.175781609363019	0.109625349177319	0.163167236296153
700109627	0.160441321054879	0.159271430679606	0.0891191886675259	0.181549260347032	0.155732662642329	0.082843635957367	0.165057448954252	0.147735374813752	0.161152694622239	0.115437321601522	0.118939320351088	0.119359204283552	0.134041473328621	0.120210512510465	0.123606467204255	0.136628835608258	0.121266304164874	0	0.155146937853698	0.159975949250027	0.153226754439133	0.111841594446498	0.15015673751974	0.143868713684079	0.148919871613982	0.172786457219714	0.132101779879991	0.158102520365509	0.146538131939321	0.122196828960382	0.100936021812632	0.135098769652519	0.134835128055397	0.111280396905125	0.17251500861137	0.140953880812262	0.106738054396637	0.0908205983467911	0.170389584968955	0.149189015778122	0.166470335032175	0.116231143355939	0.122612575901491	0.145121889450447	0.152053514766239	0.147489338186793	0.139442705772507	0.134949910176931	0.0924271115255185	0.121501484051871	0.108804684720011	0.181192660378156	0.167236282013651	0.128128958611039	0.174159851720081	0.134894912690157	0.142038252213057	0.166999330556693	0.119956003862495	0.160843150501376
700095416	0.0812055990445563	0.161212475581888	0.141521777759044	0.136752679337099	0.125476944128856	0.146834126553178	0.0997327093702488	0.174673291536655	0.0893349276347896	0.15160578834595	0.112370673173995	0.13410026891367	0.154304987225901	0.143911364383343	0.152484473092325	0.0980103188034874	0.162901152481756	0.155146937853698	0	0.112931540403526	0.099011290558304	0.1106352238699	0.11898146255925	0.0908408659391816	0.10356632556791	0.105775225926259	0.146503319856953	0.128432709936269	0.134376934611864	0.153794770912804	0.151392383785468	0.112261400040171	0.104716722440707	0.151884060029625	0.120926308879009	0.125955637518398	0.118432858638218	0.154082001879009	0.101736848248681	0.175341248525769	0.10834253295055	0.142574496436371	0.130705992853903	0.115209791831808	0.143944737174431	0.125811362113495	0.108067798217504	0.141853644556078	0.138835869681587	0.123047400437313	0.114563329221448	0.110418141996981	0.115690789183841	0.110807204791905	0.113549025806896	0.148963805821241	0.118470895186864	0.0928063442506104	0.13139759740879	0.112540016321723
700110425	0.100013971014861	0.156962768713326	0.139791101172235	0.0932746641739945	0.136663975748574	0.146038806916868	0.0736727496104859	0.166699741685221	0.11184500461818	0.154600579809569	0.103058165648902	0.127366546298568	0.146896428636868	0.141340665593514	0.133880414842423	0.120518098012425	0.165617264457512	0.159975949250027	0.112931540403526	0	0.0768761658672453	0.113142637694146	0.0963976890099568	0.1064159246058	0.064601281007411	0.130518816811781	0.163739164461857	0.139473203407501	0.141542610654493	0.137422805705126	0.15741408994589	0.10739045290099	0.102895643338398	0.148504792653272	0.132757183716789	0.0887507986089124	0.148433113891057	0.154786895049702	0.12249440097863	0.171228580289304	0.134773999944341	0.131667911049096	0.131522573373303	0.0794083429897827	0.133524600339775	0.126510942650214	0.131845410562997	0.132638008768484	0.130975866924347	0.115095242208851	0.112360553478496	0.078082139984418	0.0607158902191934	0.122186573969477	0.119061137292743	0.15254036176558	0.0780794598452551	0.0718298680076264	0.107517581246398	0.079669239215253
700111580	0.0949392493685401	0.144437921999558	0.135195106648835	0.109322368243472	0.134704628223833	0.140259200678283	0.0850793731083926	0.163136834625058	0.101090657077598	0.137683188621329	0.100372884643703	0.125344115588597	0.142927846707279	0.141624167597872	0.13029044445721	0.10495838237527	0.15226370537869	0.153226754439133	0.099011290558304	0.0768761658672453	0	0.0940567599334604	0.099324277601153	0.0876648100916497	0.0643452025504599	0.131415179013732	0.158962860691957	0.145908500532631	0.123063861307468	0.142282593185854	0.143846086002953	0.100511636987748	0.091816461073708	0.147379483549824	0.140507434061848	0.10075993570235	0.142520086744848	0.146365021847537	0.125662046040869	0.158708831864071	0.126839743911799	0.119317829877173	0.137267111692225	0.102608485471075	0.127741227722391	0.115477601365785	0.120330572507754	0.120426034909869	0.126691878964216	0.108965974667909	0.109440251551813	0.0934666065923582	0.0899870084548171	0.101407106154008	0.115381945612239	0.142624161584481	0.0715452530388819	0.069576728645853	0.104928869730192	0.085584892880354
700111302	0.116749687451879	0.133031405111715	0.0911747761121	0.142743879113499	0.138948625578466	0.108679832944852	0.110229582455677	0.135310058528185	0.104786667090224	0.114796452553691	0.070575851840812	0.0900039457597675	0.109723138352831	0.136331747980538	0.12061037415619	0.0928206014273636	0.121221612161634	0.111841594446498	0.1106352238699	0.113142637694146	0.0940567599334604	0	0.12271023570335	0.104939704036918	0.0961906356344544	0.149109624764756	0.126741727357454	0.125734601832039	0.132828798537513	0.127450033388926	0.108466407851667	0.0743893989358586	0.0786575484952761	0.109973312107931	0.149362015728262	0.0982076416829367	0.117949797475951	0.1227190301728	0.123452340102634	0.137565139963437	0.128586060088858	0.0970709456817334	0.117035607364142	0.100725589668624	0.115934643919641	0.123563016987361	0.122684809154659	0.101323239863808	0.120224646503365	0.0780051916991729	0.0816512422487892	0.132620861060054	0.125260133697595	0.0943764384987167	0.144042830686661	0.112976395834718	0.102428308844183	0.118366257248818	0.093998358908828	0.114695446118301
700098605	0.109724103115267	0.133059354262893	0.134158915753251	0.103851173106875	0.133119871007823	0.143437355539059	0.105455100576724	0.167109275169374	0.110291530102279	0.14268091120441	0.121400069342025	0.134281486496101	0.150172638903191	0.113095728921034	0.130804010532971	0.129747700225803	0.152385750694592	0.15015673751974	0.11898146255925	0.0963976890099568	0.099324277601153	0.12271023570335	0	0.106803198675645	0.116196256465019	0.119979622840658	0.141122284857381	0.138913361984778	0.12896375793562	0.131012158006805	0.146707763212948	0.115993002810749	0.122114484146444	0.14188431773935	0.130847426923593	0.10112148454614	0.13115062079041	0.13621686607574	0.128558852283313	0.158783053894545	0.132763773733051	0.14324598466616	0.137954720651681	0.109979753581471	0.152668774076729	0.124310631035528	0.114990921551937	0.145088585316356	0.127825479376438	0.123363105759712	0.116217392940405	0.101702805637515	0.0954579609657416	0.123575659331094	0.113766975593833	0.153996462293723	0.118373776254008	0.0964993585449493	0.116292042270826	0.0880745535950803
700111991	0.0649855269767916	0.157845593745385	0.144565016559904	0.107561300370307	0.12378546862354	0.14807552465897	0.0894166524714452	0.177405721636949	0.103747596616606	0.155069977391086	0.105377985281662	0.147719741760374	0.154547296590518	0.140405330088636	0.152856858101388	0.0938021696625769	0.165869634256836	0.143868713684079	0.0908408659391816	0.1064159246058	0.0876648100916497	0.104939704036918	0.106803198675645	0	0.0961199332392969	0.108208990032817	0.144860055067367	0.137400295421651	0.139106306479335	0.16159565786413	0.15338418814206	0.126433314484026	0.110325598657516	0.154479207085369	0.120005340446971	0.114974702509161	0.12936950952957	0.156995961042245	0.10548736261975	0.172522666028266	0.112932896487104	0.144095988021223	0.133218211204691	0.120784809456642	0.149583656388549	0.128869178633746	0.112552211720242	0.143624673038166	0.13976507304759	0.133055486491052	0.117388002867991	0.0950726345563433	0.0921324726145321	0.103242553665828	0.0804493969686841	0.160727335192853	0.117774716865779	0.0800642618534301	0.132620233455142	0.105681759717238
700108960	0.0923440879412506	0.162317858095042	0.131849010547304	0.107499075822278	0.146626561608748	0.140581420503479	0.0777284430312335	0.169515816585615	0.0986347686065999	0.151887862042574	0.0956507617753697	0.122494944936888	0.143904553972805	0.151777006340049	0.139431620674851	0.106862894132383	0.167539934980773	0.148919871613982	0.10356632556791	0.064601281007411	0.0643452025504599	0.0961906356344544	0.116196256465019	0.0961199332392969	0	0.141934500807638	0.171226765131052	0.146858447592369	0.141539018013906	0.143900285672808	0.15272072240753	0.0927182753507283	0.106329826989409	0.148046044412749	0.144706147072223	0.100018266509731	0.141709442555708	0.151520128122012	0.121666395727498	0.172682502699751	0.144089818076676	0.129615339426604	0.133816229941254	0.0898184921783198	0.137699180066605	0.135678985451118	0.140954235242563	0.132902188661035	0.132183942268483	0.104375734572894	0.102662366110946	0.0888631478800719	0.0776235287973988	0.109831955926154	0.116951378358431	0.148114022894709	0.0784130294271003	0.0710134658685766	0.104360603396626	0.0767692191092306
700024452	0.109503777801307	0.159428094751221	0.157901622913948	0.116682156061562	0.113424399348727	0.168368021827355	0.116763225270016	0.182962748558693	0.10479332749071	0.168837528717716	0.136663798751146	0.1596141744852	0.162991200491287	0.125729583684924	0.159509306713852	0.142334700547839	0.175786647143911	0.172786457219714	0.105775225926259	0.130518816811781	0.131415179013732	0.149109624764756	0.119979622840658	0.108208990032817	0.141934500807638	0	0.159294008025311	0.13223580252161	0.115295367060163	0.154750416173571	0.164623376865201	0.151467126560346	0.131357216651136	0.165508498160858	0.0823751738685349	0.132053690146506	0.142346755574625	0.165139060011786	0.109964714236271	0.179222464087974	0.116484407300275	0.160034962554189	0.155064362868472	0.136060365741793	0.155156767809559	0.115290455736968	0.103052664810248	0.165574717627184	0.151861920347245	0.148514353277605	0.135173777545265	0.0954707967478523	0.113985164019385	0.134376291304306	0.114546669007897	0.166448628993264	0.132283903268641	0.116645874631903	0.139009746392894	0.133479651186337
700032931	0.146322855948384	0.132946475246897	0.134075638286201	0.186586869182909	0.150770932884095	0.133932745533847	0.175208689348432	0.13879797228845	0.153164167197282	0.132569853218332	0.131857964793261	0.147790112624373	0.132216970380787	0.130512546980463	0.146072746705371	0.141873916961298	0.141392715182085	0.132101779879991	0.146503319856953	0.163739164461857	0.158962860691957	0.126741727357454	0.141122284857381	0.144860055067367	0.171226765131052	0.159294008025311	0	0.135706859678787	0.144117447101579	0.1437061443057	0.134410403130313	0.149034599138838	0.138312532620153	0.146660117843773	0.161614974838755	0.14055033886712	0.127986409713726	0.140331374595855	0.151898217655499	0.152237495850023	0.145041446944364	0.135625847473388	0.134652934805025	0.150387212407418	0.148920867531773	0.140001220642834	0.113804456454662	0.138948139819362	0.118016036851586	0.136324464238216	0.143228977387071	0.173682972864313	0.164210062332021	0.125796551640705	0.163433717288647	0.143567005933484	0.154406147535494	0.168534389688212	0.135957655954504	0.167032460620345
700095837	0.130581086730717	0.14043279172809	0.142189075732609	0.146342961622391	0.131395023333652	0.155584003803879	0.149785322606035	0.132613750249205	0.13142306463193	0.139146721517644	0.11010297142412	0.133806395414907	0.115207381282218	0.147707906722088	0.135104412466314	0.117731131705848	0.149546855982834	0.158102520365509	0.128432709936269	0.139473203407501	0.145908500532631	0.125734601832039	0.138913361984778	0.137400295421651	0.146858447592369	0.13223580252161	0.135706859678787	0	0.106537264268579	0.119708483899658	0.15331411372703	0.137420865423355	0.11648865579879	0.131618800473249	0.125672603643319	0.128440292078107	0.139259168605866	0.159035054818696	0.122491641934335	0.147524206372701	0.117131472993058	0.129367246021115	0.150713264576485	0.127957408186032	0.11533676701195	0.116586370737075	0.125617152989752	0.132154364576679	0.150997297471277	0.13264524249734	0.122003574387528	0.149655794222968	0.138440388058818	0.143157439509713	0.148366131773558	0.12763559717058	0.132736110748189	0.148339990175704	0.129989609639489	0.147139692843592
700024548	0.140604623982704	0.120401675275673	0.120750258500841	0.140997752981827	0.125028685544916	0.114256900579601	0.150879880744	0.119709171949149	0.151559175864227	0.11451275381367	0.120112651259727	0.124694161100462	0.106032439714361	0.113438596285212	0.103149699296825	0.156880195813234	0.115951087214263	0.146538131939321	0.134376934611864	0.141542610654493	0.123063861307468	0.132828798537513	0.12896375793562	0.139106306479335	0.141539018013906	0.115295367060163	0.144117447101579	0.106537264268579	0	0.102877722115603	0.12585574930584	0.151530039340465	0.117152824565084	0.108856926374239	0.122482197994854	0.111983374981373	0.135142443636342	0.124737150938671	0.144222458020234	0.114194046426363	0.139191885933662	0.107167018913072	0.142009162336383	0.149810887196269	0.0882446399034905	0.080694877198488	0.123681529289881	0.104839118415455	0.118642611465309	0.128892888065226	0.119481516696729	0.14952383418501	0.138783923906151	0.12940851667382	0.147786526083119	0.122950317578327	0.106664290862539	0.14097433540015	0.10974456888094	0.154183775915167
700110161	0.15960970511543	0.141088830742288	0.103948224307749	0.157601381742636	0.142039040681913	0.0995815505188377	0.157654008595553	0.108677079889915	0.152024799086404	0.100537518573707	0.124514369129698	0.112483614197706	0.0935297524698234	0.112364310313519	0.0779530569357564	0.146100434133184	0.111561843022283	0.122196828960382	0.153794770912804	0.137422805705126	0.142282593185854	0.127450033388926	0.131012158006805	0.16159565786413	0.143900285672808	0.154750416173571	0.1437061443057	0.119708483899658	0.102877722115603	0	0.116397189986822	0.134664859499722	0.129733390861456	0.0924359031765023	0.153786568772412	0.128150633506796	0.139290725259353	0.103199582532026	0.15858433199222	0.119447113688565	0.153263740305229	0.0919927538799731	0.133813534097594	0.12760483469764	0.101371279371987	0.119112810120144	0.13972808454023	0.0992437593534143	0.101472379582613	0.10209652044269	0.1180425322357	0.162104396683333	0.146120003705532	0.137691484874288	0.180705866875484	0.106680749157127	0.113340412781223	0.154467505983687	0.0956613123906856	0.14540012445373
700023496	0.169588088681664	0.146764046287149	0.0998587197598122	0.179451437504798	0.158208294511935	0.0771796505670774	0.163743984073304	0.124781030938227	0.152127209589324	0.0888457652183672	0.109910517469904	0.100488356828919	0.105971275210787	0.112913631744466	0.11689133285887	0.149285027283646	0.101212761516297	0.100936021812632	0.151392383785468	0.15741408994589	0.143846086002953	0.108466407851667	0.146707763212948	0.15338418814206	0.15272072240753	0.164623376865201	0.134410403130313	0.15331411372703	0.12585574930584	0.116397189986822	0	0.131082553199459	0.119279446387735	0.0959162467854587	0.16643544026592	0.127591031143521	0.121410075875806	0.0933997176292498	0.160953698995345	0.115267400489827	0.14766081968127	0.0962220127671519	0.119648580605601	0.146137108743721	0.113159159104117	0.119499148509598	0.137350998578818	0.104633604831133	0.091185726299336	0.109506006834562	0.115339141765712	0.183221649572543	0.172294014023509	0.11090077861705	0.179815692682099	0.115076469342236	0.1243694536945	0.16678128397379	0.112385239417681	0.159487772452333
700034628	0.119433263620644	0.149781158884344	0.0993241981787243	0.141001071874171	0.148686411379565	0.127364522413696	0.0865367059955978	0.144827836709701	0.094618964618577	0.131343941916772	0.0941689171953388	0.0864137629256736	0.118800663227545	0.14768108242144	0.114371262876034	0.0991205532260064	0.136949162741956	0.135098769652519	0.112261400040171	0.10739045290099	0.100511636987748	0.0743893989358586	0.115993002810749	0.126433314484026	0.0927182753507283	0.151467126560346	0.149034599138838	0.137420865423355	0.151530039340465	0.134664859499722	0.131082553199459	0	0.104190924637766	0.12476873442843	0.150307150867497	0.0894995881950055	0.137519048385279	0.124795410276666	0.129079384970212	0.15359888462477	0.14620962411372	0.107410521087515	0.131832640453302	0.0752369324716101	0.131929267661247	0.132449192740396	0.133084858998536	0.111327071870289	0.132453616870779	0.0694270780723515	0.089823696524555	0.120822796446987	0.121102040149941	0.111694744303535	0.154893195375096	0.116986582737853	0.112592017906462	0.107591210798484	0.0940729485622707	0.0795530074635602
700023645	0.1167969534557	0.130051747833825	0.116760297379192	0.140633326091042	0.123616052566764	0.117433260947295	0.112430388177119	0.131606403932797	0.110879893361546	0.107230312829915	0.0767055554044627	0.101476119510247	0.118369822276747	0.13383504024023	0.124896039688424	0.104215331060437	0.128449243116485	0.134835128055397	0.104716722440707	0.102895643338398	0.091816461073708	0.0786575484952761	0.122114484146444	0.110325598657516	0.106329826989409	0.131357216651136	0.138312532620153	0.11648865579879	0.117152824565084	0.129733390861456	0.119279446387735	0.104190924637766	0	0.11383094608308	0.130002717279775	0.0968647762625054	0.115708575271694	0.135180153815363	0.121094516450501	0.132652258720886	0.112136228737659	0.100619780586635	0.111573904513369	0.0988284559947276	0.113073138377873	0.100624923624303	0.110450755195327	0.0978339636315139	0.124151907513855	0.0932589218770163	0.0936652555155037	0.123749681647271	0.121269259786071	0.102881585415388	0.134890529791191	0.10829294333592	0.0985417783824065	0.106461590026336	0.098355487136976	0.121336357848808
700038744	0.16208887747943	0.130147903437068	0.0875539037224895	0.166934796880402	0.14603724092702	0.0745756180108008	0.156711280267066	0.0990118152106422	0.155024250043773	0.0887905127919943	0.108609579172675	0.0909511666451282	0.0932249079048426	0.119268605086547	0.104632401669199	0.133784811852714	0.0971786262184657	0.111280396905125	0.151884060029625	0.148504792653272	0.147379483549824	0.109973312107931	0.14188431773935	0.154479207085369	0.148046044412749	0.165508498160858	0.146660117843773	0.131618800473249	0.108856926374239	0.0924359031765023	0.0959162467854587	0.12476873442843	0.11383094608308	0	0.16040388421342	0.109330623136118	0.127506421151877	0.086152102348299	0.157088770867463	0.112976370262176	0.153914359794768	0.0839385469366989	0.122707935815741	0.131634635360556	0.0946500611785002	0.0989314719611402	0.143138607975092	0.0903103887733592	0.098412210843247	0.102649115824478	0.103614243554179	0.177769333298996	0.162938157796813	0.125681684189796	0.187359148673572	0.0947310423526442	0.124080866585444	0.160980284508467	0.10493872104703	0.16001407953485
700038485	0.12539963357985	0.148389810375157	0.148271887463772	0.12623058180528	0.109499191621822	0.16734875729871	0.126458412134303	0.174733670347944	0.12878763960674	0.158766867770991	0.137398450063055	0.162747752047806	0.165081646715977	0.142326906354941	0.16112447111972	0.12326540006837	0.161131755480209	0.17251500861137	0.120926308879009	0.132757183716789	0.140507434061848	0.149362015728262	0.130847426923593	0.120005340446971	0.144706147072223	0.0823751738685349	0.161614974838755	0.125672603643319	0.122482197994854	0.153786568772412	0.16643544026592	0.150307150867497	0.130002717279775	0.16040388421342	0	0.120655690381962	0.147029831541938	0.171263179417915	0.113529884655474	0.168313057413347	0.120559490856822	0.162892722011529	0.146891089612456	0.136036443136745	0.147851170593178	0.10974175080638	0.116777015933631	0.169678790467927	0.153889699348801	0.155475904233753	0.134174538362336	0.111291148046845	0.110122959795046	0.141754627069983	0.111318349127919	0.170332240866153	0.146457478208813	0.127352202627828	0.138490833974795	0.143662675941029
700024743	0.119277467626468	0.121912817187688	0.108209567215664	0.119642697404743	0.13379765352038	0.117542208425504	0.0940089629508852	0.131949686949891	0.125366226415356	0.115927676510859	0.0865103904096144	0.105672585777294	0.117311601776284	0.127243104174	0.116432379181073	0.128479605905803	0.124822995019389	0.140953880812262	0.125955637518398	0.0887507986089124	0.10075993570235	0.0982076416829367	0.10112148454614	0.114974702509161	0.100018266509731	0.132053690146506	0.14055033886712	0.128440292078107	0.111983374981373	0.128150633506796	0.127591031143521	0.0894995881950055	0.0968647762625054	0.109330623136118	0.120655690381962	0	0.137438676651693	0.117283281884568	0.125684032090224	0.137453890029145	0.132680687326516	0.11402502047983	0.10786763603746	0.0906971900314343	0.11144709570442	0.0981968204260289	0.119686407190156	0.110127723575716	0.11206391976876	0.102185742976313	0.0903283502619961	0.113624485356217	0.107792512609704	0.106799055181384	0.129335907772622	0.124483881300026	0.097715704475953	0.10198850280594	0.0887060526355375	0.101969997375658
