700108602	700014971	700033565	700109389	700023058	700023927	700106341	700114221	700023543	700023439	700016978	700024192	700113058	700099448	700109870	700033928	700023693	700109627	700095416	700110425	700111580	700111302	700098605	700111991	700108960	700024452	700032931	700095837	700024548	700110161	700023496	700034628	700023645	700038744	700038485	700024743	700099596	700110760	700101587	700106399	700032322	700095653	700021312	700101230	700023590	700038905	700033136	700023382	700096424	700105469	700016908	700096053	700108479	700109569	700033814	700016125	700109756	700102665	700101777	700109455
700108602	0	0.144950028763332	0.167256003292164	0.0927887392237018	0.121787878441587	0.172784927441491	0.0857634438003366	0.183183217148821	0.0997127582302265	0.169229160726949	0.127180194883617	0.158396326316954	0.158790881644612	0.156191036373785	0.163214080297436	0.118471753842364	0.173482274024785	0.168677796959642	0.0891375148751248	0.100110043463279	0.0943980113498338	0.122091955711035	0.102856766920715	0.0780336578436714	0.0965365891925117	0.102472765796568	0.1534918097427	0.127601754431317	0.14488637532894	0.163989702878176	0.172075672979084	0.127918220624168	0.119832208329292	0.159462499335421	0.119111720290617	0.109315948175207	0.137724572062865	0.170334713825633	0.104892989071891	0.176440069876959	0.108899990990459	0.15076565116422	0.144642718204138	0.120042584638285	0.1421763365866	0.12695484862719	0.130256751457206	0.158868231695763	0.157184313735522	0.146542226371912	0.120789532981236	0.102688405073348	0.095190454033743	0.11603852735238	0.0909267545857745	0.169527288152969	0.114713988613479	0.0855014213994736	0.135784622152259	0.101972952858775
700014971	0.144950028763332	0	0.152252587463329	0.16318609485026	0.139286164601097	0.151952667912234	0.158991825705513	0.149568683380584	0.146817014610107	0.134424954125898	0.131269183335831	0.154189679740759	0.135559110454947	0.131526923720591	0.138991198458775	0.144739031681081	0.131852000025078	0.159230173800681	0.148211191329133	0.143659085016897	0.137029110378805	0.131723048278111	0.127087007638881	0.154138567575968	0.157771032963631	0.140453553965092	0.1374403421047	0.129207969926946	0.120123860915224	0.138742648647552	0.130178480103296	0.14165867722915	0.126574629239699	0.122647656196483	0.142767074401812	0.122940016563065	0.15610880991285	0.15799978573527	0.135193021667988	0.14303707267367	0.133633220225274	0.134229989727953	0.140472991026758	0.144560205853273	0.12833246592419	0.111253586826827	0.115125023899854	0.134478939362147	0.12742736181979	0.134566809200378	0.132706944229834	0.158400707703293	0.150740592542945	0.130488938019432	0.171887106989043	0.128899339845657	0.143015886978746	0.145669957815274	0.131336860234033	0.151297873275032
700033565	0.167256003292164	0.152252587463329	0	0.154192484425373	0.154157257331387	0.076236284087604	0.151447789467158	0.106055556581812	0.165226542986814	0.0967740316731052	0.109874108909787	0.0600212472594019	0.0973120813169407	0.131806678847848	0.0843491789076187	0.119370739169166	0.105621546621177	0.10434575867725	0.150403509937583	0.142863607410015	0.14460758519531	0.100020137742789	0.135320749603422	0.153013183600742	0.141544808795146	0.170764790246364	0.136961718330948	0.142102136439037	0.118420627771148	0.10886725943739	0.0998285316858257	0.113616437934956	0.100881715318185	0.0883868554342334	0.165544895962002	0.11152193657159	0.134954923378486	0.0658389760868909	0.166394738787824	0.115270404672148	0.136733899392077	0.085920730528432	0.13047388140881	0.127736305252581	0.109494593273842	0.121568285460966	0.141912706693656	0.0916703730789016	0.113559355271146	0.0821044580011391	0.080010766127101	0.172074281424219	0.163445644652147	0.122204441019709	0.190807357637832	0.117449822855197	0.128615495320936	0.153993025352068	0.088563050358619	0.139069188517365
700109389	0.0927887392237018	0.16318609485026	0.154192484425373	0	0.133608226141887	0.171076765433592	0.0836717093076722	0.184968261722859	0.138613324491093	0.176792591015125	0.138684716681684	0.145070195432975	0.166281756627743	0.15120291397707	0.13918009882032	0.132275327843123	0.170631145566191	0.179962472925581	0.124311815612188	0.0876663765136343	0.107156653873686	0.13798730832409	0.103089400513994	0.114102830890916	0.0994763155587604	0.11696943004304	0.178002159271203	0.143027707683706	0.140078259458681	0.158643836451225	0.176147437598555	0.139740758425701	0.13172480578181	0.162793916126707	0.119595732658333	0.114876233072644	0.170054037274805	0.159505604025309	0.133323668300324	0.165593465448403	0.127380646694355	0.152201920268762	0.153697407483456	0.124999521609476	0.142026499811592	0.135552001282503	0.151232484944796	0.157397063996134	0.156851797750211	0.141927902517963	0.110353218531143	0.0968061557626589	0.0779551789867227	0.142949203148496	0.112850067388208	0.173211835074551	0.102708121914253	0.079837257517249	0.122300737796798	0.106073901593387
700023058	0.121787878441587	0.139286164601097	0.154157257331387	0.133608226141887	0	0.144022919865524	0.116422283654698	0.16679760046224	0.109300250738895	0.146768418425319	0.118265552533267	0.146640588910351	0.150038631091937	0.133262635231875	0.142408900308066	0.120298018031757	0.139391135723375	0.152262713709212	0.108298041326719	0.122104057779132	0.125036610397927	0.131630336756669	0.116676055538035	0.128189600628207	0.135398281100931	0.101416139237581	0.14510865669115	0.132000261934734	0.124304520843533	0.131110188339328	0.146430275937394	0.134857100771682	0.119097269105784	0.14392062586278	0.115421353624798	0.126094465896258	0.13615675946752	0.14312492935453	0.110212258611843	0.15511760959299	0.129673000805865	0.135472074261022	0.120383005716415	0.131345218778422	0.128350123486868	0.121885018519089	0.121016079324726	0.14077927940155	0.132027484724991	0.139255657657504	0.131062160373241	0.122587015109215	0.105443285462263	0.121371200117408	0.145492690482444	0.149029761106684	0.126077796350773	0.123944078278105	0.135557857404056	0.122214717171689
700023927	0.172784927441491	0.151952667912234	0.076236284087604	0.171076765433592	0.144022919865524	0	0.160014166124887	0.117565102116607	0.168532704176525	0.0958316370168335	0.113047141833049	0.0989136824488615	0.115044220949122	0.112213461608135	0.0911384466382508	0.130804539446056	0.112947853994757	0.0850309428713857	0.151985870413883	0.143708256961256	0.147428209521902	0.111665647209511	0.136944417491438	0.155269492952425	0.146434907850664	0.176637406945064	0.140307813825955	0.160489396453289	0.123098824528952	0.10059494408722	0.0799645784812192	0.129436208698878	0.120751339530272	0.0853387615423684	0.169327160901549	0.128750300105826	0.120632875986333	0.0591420132853895	0.169223382853059	0.12347779048721	0.152806434495259	0.0950995206013187	0.112764428801408	0.140777617635625	0.110140109478992	0.125587016649739	0.149905505863371	0.0957849183188221	0.0869924742829453	0.0954754315884351	0.10589955451388	0.173774995258831	0.172013760741338	0.120894551448056	0.195293098166269	0.123604056579679	0.131019723690081	0.161187098681146	0.103100626857567	0.147068516314776
700106341	0.0857634438003366	0.158991825705513	0.151447789467158	0.0836717093076722	0.116422283654698	0.160014166124887	0	0.180501553423276	0.094763135830165	0.173644005637232	0.125039210637717	0.133738351104107	0.159441100877138	0.148648216004425	0.138763483206782	0.108058040131324	0.169394351789972	0.177846766147313	0.102131793379874	0.0720539404806428	0.0855047515349088	0.113494238764118	0.10451354126514	0.108839024233939	0.0693270737088804	0.115298400918816	0.174825282592507	0.146473588533336	0.14533677343646	0.153859793364378	0.16239487896426	0.0937843453509022	0.122078728716515	0.152305857238221	0.121828202265328	0.0937988633953829	0.154532679561224	0.158872423287832	0.10110573300327	0.172704736775238	0.12568345088284	0.141518514747343	0.127182055421129	0.0946939585522905	0.130822622982149	0.133209138312433	0.142665321579746	0.142900449999298	0.152519468035412	0.122582400559548	0.109452211454571	0.0692047246423449	0.0833969888137071	0.129573926065663	0.116202975581241	0.16521357627083	0.099339973756153	0.0691437274073368	0.116315792333672	0.0719513255321802
700114221	0.183183217148821	0.149568683380584	0.106055556581812	0.184968261722859	0.16679760046224	0.117565102116607	0.180501553423276	0	0.188189144383552	0.084996793084239	0.134700184731935	0.111331686565757	0.0839894057949051	0.155918864207501	0.0997240323143973	0.151208243939577	0.0925026087194066	0.129437838761231	0.173391632642714	0.163363694101418	0.164114664013358	0.137572784989292	0.171264424399276	0.180302430911783	0.17712521638576	0.188742074695317	0.149194688621005	0.139252762384683	0.116476007803192	0.122916406309587	0.121632080050124	0.144858916813801	0.115198665915531	0.106064518972273	0.193065863779754	0.131038812038705	0.168622138039847	0.103765633716689	0.190581496214532	0.0944511142159762	0.145310836980082	0.0897535331402341	0.162400154108749	0.149778452348987	0.0973738136275245	0.132334795604016	0.148264972459651	0.0793834781399556	0.142377027300195	0.110740554635792	0.133034638695532	0.191239293254581	0.180584549332829	0.146610026090224	0.21921433962221	0.108881553793065	0.146857538643654	0.187753827179716	0.115241905563363	0.167183979967392
700023543	0.0997127582302265	0.146817014610107	0.165226542986814	0.138613324491093	0.109300250738895	0.168532704176525	0.094763135830165	0.188189144383552	0	0.170744449748818	0.125480857554368	0.157677317125275	0.164942804882654	0.141359267175764	0.160544611495156	0.107611911837485	0.172809582596127	0.168490610282399	0.0938780719743969	0.116088731272706	0.111190910253729	0.124902742055429	0.103986047636312	0.105223302311003	0.117562593808778	0.0972667997490239	0.14714020802326	0.135607957139179	0.158088969316741	0.155535786512827	0.164907564900629	0.110397628491077	0.123669096657774	0.155465711016376	0.114356741149787	0.124985892048402	0.135371817033418	0.17067603937081	0.0765605059143504	0.188962945861061	0.124532193049808	0.152990488945058	0.138967271311383	0.115871319062358	0.148049929757685	0.130512831912787	0.119148456147855	0.161067975662387	0.160083806373924	0.139003395689745	0.12617258214654	0.0857173050160723	0.110856000778523	0.125408997655844	0.116338552753335	0.169601348119593	0.129480879153816	0.105156159284206	0.140365889505558	0.105043836093449
700023439	0.169229160726949	0.134424954125898	0.0967740316731052	0.176792591015125	0.146768418425319	0.0958316370168335	0.173644005637232	0.084996793084239	0.170744449748818	0	0.107858367813643	0.107791041332027	0.089912724406538	0.128160460191424	0.0926229729253641	0.138223689444208	0.0819846893585935	0.10438436875743	0.154841132282537	0.156305086063353	0.146862706830018	0.125872745627125	0.148910020365272	0.160141574300433	0.166292159127765	0.172097036150488	0.145279480305079	0.137676601399154	0.107442302097112	0.0982209999032174	0.0982462932091449	0.136043408343555	0.103561404168182	0.0803752473093991	0.169474697460885	0.124675778935515	0.13753312803006	0.0807029073734625	0.172038253392872	0.0898388278266177	0.135748324685009	0.0889277443139427	0.130926264164891	0.147936732554329	0.102994266860884	0.112174599847948	0.137032003893804	0.0885395334354847	0.107895735370041	0.109922013183786	0.118989895511213	0.183015088151638	0.172386020895426	0.117155478791437	0.197795993929915	0.102533576379096	0.131545563926467	0.173181492971728	0.112824022728442	0.156843203884627
700016978	0.127180194883617	0.131269183335831	0.109874108909787	0.138684716681684	0.118265552533267	0.113047141833049	0.125039210637717	0.134700184731935	0.125480857554368	0.107858367813643	0	0.103270998415347	0.109389701823489	0.119450911879526	0.122640058459956	0.105127994325661	0.122716173158761	0.106912429461434	0.119418932438174	0.106421418314322	0.11291004617973	0.0858345784463252	0.116214360529027	0.126659066045934	0.112076634195856	0.136104910949179	0.127791702252758	0.105477682384625	0.124808024386636	0.110514854904448	0.107627159626374	0.0972797913859354	0.0791856567660935	0.0932540429396049	0.145231437573106	0.0934400938334302	0.121951166784898	0.110841087867852	0.124118034784513	0.134230402077646	0.1090672707209	0.0945203585260853	0.108085456036597	0.0989985979528904	0.106031978962484	0.114079617146151	0.132437159534923	0.106565245763134	0.105132207656006	0.102178832019247	0.094564311799396	0.138106933988894	0.129256052320872	0.0938941646310368	0.151207404541296	0.129257535631085	0.11001788912703	0.125646604625728	0.102258740116615	0.123566161492478
700024192	0.158396326316954	0.154189679740759	0.0600212472594019	0.145070195432975	0.146640588910351	0.0989136824488615	0.133738351104107	0.111331686565757	0.157677317125275	0.107791041332027	0.103270998415347	0	0.0863311016444668	0.143852069132	0.0773565230502815	0.109597894631992	0.110189784857773	0.121438634846983	0.140966867110439	0.127714628461126	0.131572967567211	0.0904795273151531	0.137238042283976	0.15393458196814	0.12992450718926	0.169015386875704	0.155813278323338	0.136495851187504	0.120505433245594	0.12167615680347	0.107106633919429	0.0945567652761987	0.0872292476109434	0.0918442319364823	0.168089251548896	0.0986582885777362	0.144976503941214	0.0863732789952647	0.164191632069827	0.104682651889285	0.129235509984385	0.0684587278248633	0.138784373692264	0.110565638605438	0.0937760758408692	0.119285925971485	0.148367720332042	0.0807638459499499	0.125574115463893	0.0697755097675774	0.0720350037910288	0.156912138840708	0.157363777637916	0.129613382837991	0.191033806881089	0.105919384588472	0.111188153413418	0.145653008536741	0.0839557053044199	0.126495601283998
700113058	0.158790881644612	0.135559110454947	0.0973120813169407	0.166281756627743	0.150038631091937	0.115044220949122	0.159441100877138	0.0839894057949051	0.164942804882654	0.089912724406538	0.109389701823489	0.0863311016444668	0	0.134535653152271	0.0893589305140667	0.123223107945076	0.103165950809272	0.127409596391187	0.150602406319626	0.139807497136402	0.141397957285703	0.109229818299539	0.149575352456152	0.154015980866602	0.158049152543359	0.172273697618481	0.140251021437268	0.121177747440033	0.117467820470912	0.111638992246999	0.111934282301757	0.120769476575302	0.0960364863705629	0.0895921695671437	0.174660801093067	0.11822410015665	0.138993162345277	0.104103102255318	0.167792697897661	0.101158433074969	0.12579120071755	0.0751360504251743	0.14971115400692	0.13565989401103	0.0943310178300347	0.115884114702587	0.143993041438356	0.0889082503909983	0.118562900360436	0.0975765459422669	0.11107951729435	0.16612478202752	0.166159141677906	0.130101902297734	0.19532904386206	0.0868036714213253	0.122223040667576	0.166892703053498	0.100497590724338	0.143779064045038
700099448	0.156191036373785	0.131526923720591	0.131806678847848	0.15120291397707	0.133262635231875	0.112213461608135	0.148648216004425	0.155918864207501	0.141359267175764	0.128160460191424	0.119450911879526	0.143852069132	0.134535653152271	0	0.122804535646297	0.140841348198392	0.131059474229779	0.122286744311889	0.14165823254651	0.132483345283188	0.136516249270421	0.12991096887356	0.108074074225836	0.13935847749749	0.150248220581975	0.127725116467902	0.125759710734051	0.140099999304807	0.1164492658804	0.0999230183933055	0.124495325162009	0.141915538561482	0.125074655008223	0.113038758367543	0.128333240320469	0.125361040081426	0.130841736204932	0.113237388978857	0.140998750900539	0.148259186936253	0.144899673227143	0.126168164580387	0.109276292199755	0.146149578455001	0.126693448404468	0.117535336673347	0.121200152507752	0.129028494913505	0.0866789062609031	0.132194547127391	0.122695601765234	0.141046482116013	0.14505769686553	0.121117261524281	0.15396195707757	0.148262950315418	0.127724236097153	0.138031509452018	0.110420344675338	0.145172904394869
700109870	0.163214080297436	0.138991198458775	0.0843491789076187	0.13918009882032	0.142408900308066	0.0911384466382508	0.138763483206782	0.0997240323143973	0.160544611495156	0.0926229729253641	0.122640058459956	0.0773565230502815	0.0893589305140667	0.122804535646297	0	0.12482784464618	0.0962511814196024	0.130071928106337	0.150082839927411	0.1240219292472	0.12736969054919	0.110744898868332	0.121510877509224	0.155168512728415	0.135297367357843	0.164302982910876	0.144659080798036	0.135357639383341	0.100739199117423	0.0916324268647182	0.119572707367743	0.115545428659755	0.113548996127701	0.0986491001364728	0.16506029058673	0.113436966667621	0.145905367070486	0.066580929613907	0.162599746850828	0.0884761825828208	0.142744934925729	0.0716073428563723	0.143979867118644	0.122488254404509	0.0912224293241043	0.106681479869638	0.146897590500191	0.0744373531991411	0.116901253851333	0.0849648039494183	0.0971743819746456	0.152438380037894	0.148581799438725	0.134150880486902	0.18787950280421	0.105286021253169	0.106209937692941	0.144844869095559	0.086308012872848	0.123331621236447
700033928	0.118471753842364	0.144739031681081	0.119370739169166	0.132275327843123	0.120298018031757	0.130804539446056	0.108058040131324	0.151208243939577	0.107611911837485	0.138223689444208	0.105127994325661	0.109597894631992	0.123223107945076	0.140841348198392	0.12482784464618	0	0.143594339531603	0.1324713813148	0.0935294425241043	0.106689007292619	0.102789077067265	0.0865595333644718	0.110131200913987	0.0893356493887328	0.107785209308732	0.126745961773111	0.142187311748504	0.112859212980147	0.13488713130893	0.132175333994256	0.128581436839449	0.0932698714447849	0.0856397629671009	0.119995896504562	0.132458160300463	0.118071973092779	0.117252589629059	0.13598260833002	0.108777226079392	0.153971543937603	0.0987229955907594	0.104336247084662	0.12668598865539	0.113990145295724	0.12242754036101	0.123041115444092	0.131837211417554	0.123244790796714	0.136034024009056	0.100206490368759	0.0879389896922163	0.111588631816596	0.113731662107315	0.116472854208478	0.139010402989196	0.136138337854756	0.109406678320509	0.10667443103476	0.106250709759508	0.100992838564471
700023693	0.173482274024785	0.131852000025078	0.105621546621177	0.170631145566191	0.139391135723375	0.112947853994757	0.169394351789972	0.0925026087194066	0.172809582596127	0.0819846893585935	0.122716173158761	0.110189784857773	0.103165950809272	0.131059474229779	0.0962511814196024	0.143594339531603	0	0.124572233179468	0.15916997926656	0.154174412879088	0.149471461942695	0.12720174456106	0.147618088404421	0.167130901083473	0.1670013805564	0.177497469663447	0.1417585271894	0.142736899897046	0.1105015942971	0.113651042527681	0.111919892623474	0.136860718476204	0.109096638143054	0.107236251282831	0.177259325192686	0.123081076701149	0.141393706860727	0.104133071113576	0.168828071338478	0.0967803642880391	0.14363802187091	0.0939045884808887	0.141116894453974	0.150660964191589	0.103521798064008	0.111357558244941	0.137068058580582	0.0947790516782483	0.117866805435094	0.115001984147789	0.118866247450691	0.18293378690534	0.163115092087819	0.130999818670811	0.201716164390236	0.0993213611352237	0.131992388663244	0.177679370251353	0.116185312385349	0.156610124455395
700109627	0.168677796959642	0.159230173800681	0.10434575867725	0.179962472925581	0.152262713709212	0.0850309428713857	0.177846766147313	0.129437838761231	0.168490610282399	0.10438436875743	0.106912429461434	0.121438634846983	0.127409596391187	0.122286744311889	0.130071928106337	0.1324713813148	0.124572233179468	0	0.15749167251626	0.158229978856261	0.162508454206482	0.119738201885009	0.153286249883403	0.144725369682779	0.164934326341734	0.1763014661108	0.139936283910863	0.154841325482985	0.135049424053744	0.115428505973797	0.0935322838539002	0.142308936423678	0.117543512343168	0.10226873236228	0.172835429658473	0.138833878717018	0.121770610821619	0.0952300166593924	0.177188640690191	0.146234739514708	0.14914053518774	0.11009457342733	0.1119187822801	0.150616763620413	0.126938708757328	0.133919920366637	0.150497612396045	0.127952733679681	0.10274780242933	0.127017781113955	0.118545651019016	0.18543425033512	0.174339960097435	0.118437952499428	0.193021034690394	0.146042519533545	0.146737564085825	0.173939812992147	0.12988278896215	0.167079545393856
700095416	0.0891375148751248	0.148211191329133	0.150403509937583	0.124311815612188	0.108298041326719	0.151985870413883	0.102131793379874	0.173391632642714	0.0938780719743969	0.154841132282537	0.119418932438174	0.140966867110439	0.150602406319626	0.14165823254651	0.150082839927411	0.0935294425241043	0.15916997926656	0.15749167251626	0	0.111842593351276	0.102115950640939	0.11992896826056	0.109835830486087	0.0922931256349062	0.115299561639108	0.104221953783421	0.147117778301673	0.128692942929863	0.142791225818241	0.150995854255629	0.148223256701669	0.117776362971254	0.108138808749669	0.145214703584358	0.126856698689958	0.121704279977004	0.115589928112825	0.153671971116671	0.0973347801137033	0.173712629698551	0.101905469445729	0.135568725467741	0.114422341175462	0.121128644413666	0.133666846783077	0.127456719234485	0.115301132169979	0.152097155018577	0.147879048023637	0.135785846262848	0.107631512204017	0.107222044571613	0.119115865597399	0.104332671300213	0.121057492761755	0.160604590333125	0.119124786789237	0.100426100915053	0.131585918300605	0.113019962392677
700110425	0.100110043463279	0.143659085016897	0.142863607410015	0.0876663765136343	0.122104057779132	0.143708256961256	0.0720539404806428	0.163363694101418	0.116088731272706	0.156305086063353	0.106421418314322	0.127714628461126	0.139807497136402	0.132483345283188	0.1240219292472	0.106689007292619	0.154174412879088	0.158229978856261	0.111842593351276	0	0.0813744339840578	0.100612154353295	0.0932441100990837	0.11138950121659	0.0618325293189533	0.121847832563128	0.153979260941977	0.127994262022944	0.126191860039622	0.128058915793656	0.152897984000805	0.103625494596645	0.104932138140786	0.136967089216605	0.123801991686331	0.0847266201104583	0.148675452712672	0.148630762470894	0.120735776093701	0.153495456678285	0.111893844119282	0.120065274038714	0.125981177751193	0.0880730482673916	0.115492050001641	0.114134214566336	0.136316737759844	0.127339932363886	0.132141167120573	0.112849292703961	0.105083878246207	0.0815434515546199	0.0661137448842728	0.118011282634615	0.125170712705966	0.150581466915742	0.0693719596545349	0.0825499909763247	0.094373549539871	0.0850085276740572
700111580	0.0943980113498338	0.137029110378805	0.14460758519531	0.107156653873686	0.125036610397927	0.147428209521902	0.0855047515349088	0.164114664013358	0.111190910253729	0.146862706830018	0.11291004617973	0.131572967567211	0.141397957285703	0.136516249270421	0.12736969054919	0.102789077067265	0.149471461942695	0.162508454206482	0.102115950640939	0.0813744339840578	0	0.0942007624463671	0.0938433128013328	0.103338938135612	0.070196330462072	0.129557388297502	0.155600742448681	0.138988831820314	0.124564266312646	0.141270733087229	0.146602694362098	0.0986021712123113	0.0999632617732573	0.1375642117163	0.138486709516468	0.0948529683643408	0.156646000494055	0.147063883896721	0.124232525215367	0.15362445903193	0.108693404068946	0.116537208649981	0.12993013087013	0.109790687924981	0.110271526219673	0.110405373548736	0.131624384468135	0.125158042891952	0.128373911718101	0.112333522396561	0.104419946737123	0.0903073538722074	0.0965621985559732	0.0951943429640285	0.124464740776046	0.144305558375282	0.0734679407211118	0.0744684671267218	0.0956656358140073	0.0870781100353916
700111302	0.122091955711035	0.131723048278111	0.100020137742789	0.13798730832409	0.131630336756669	0.111665647209511	0.113494238764118	0.137572784989292	0.124902742055429	0.125872745627125	0.0858345784463252	0.0904795273151531	0.109229818299539	0.12991096887356	0.110744898868332	0.0865595333644718	0.12720174456106	0.119738201885009	0.11992896826056	0.100612154353295	0.0942007624463671	0	0.120823642548755	0.10723816373161	0.0937441956611004	0.145726243077434	0.139938751671683	0.1266321248178	0.127970319292893	0.120890813993175	0.110612612630109	0.0690362271724106	0.0795429078987203	0.0947565323050311	0.149882828190051	0.0987842423314731	0.127936027639954	0.125612334592832	0.132867885185568	0.133669140886388	0.116355594513428	0.0869029479360266	0.116601142254531	0.106217159596385	0.105458335541891	0.121500101738923	0.143087190506833	0.098621030035959	0.10953984546342	0.0722310199868698	0.0770603186622201	0.125858339928468	0.127150639018879	0.111083802462057	0.16233150716662	0.111120479441725	0.100691767579036	0.115691733739163	0.0867612640867144	0.102530421835684
700098605	0.102856766920715	0.127087007638881	0.135320749603422	0.103089400513994	0.116676055538035	0.136944417491438	0.10451354126514	0.171264424399276	0.103986047636312	0.148910020365272	0.116214360529027	0.137238042283976	0.149575352456152	0.108074074225836	0.121510877509224	0.110131200913987	0.147618088404421	0.153286249883403	0.109835830486087	0.0932441100990837	0.0938433128013328	0.120823642548755	0	0.113483726484433	0.106338431515353	0.112307587907229	0.137448275040113	0.128251146891861	0.133456296296066	0.126628805445287	0.145434621722392	0.114621164504155	0.11421970562387	0.138893602748838	0.116247470473435	0.110891393754377	0.124365671612535	0.130731734810153	0.11392288844647	0.156202590387609	0.128758938327515	0.13498927387335	0.131956624688637	0.112469514221758	0.138933489992537	0.114574407756318	0.126045628808432	0.138015019541109	0.125232523416391	0.117624321631466	0.110198198857002	0.104023674363544	0.0985446674551008	0.109392297535841	0.113045377635835	0.156629949251009	0.108583279566706	0.0925542603292323	0.111622005742637	0.0836875839975357
700111991	0.0780336578436714	0.154138567575968	0.153013183600742	0.114102830890916	0.128189600628207	0.155269492952425	0.108839024233939	0.180302430911783	0.105223302311003	0.160141574300433	0.126659066045934	0.15393458196814	0.154015980866602	0.13935847749749	0.155168512728415	0.0893356493887328	0.167130901083473	0.144725369682779	0.0922931256349062	0.11138950121659	0.103338938135612	0.10723816373161	0.113483726484433	0	0.118492410144586	0.10222583099862	0.136622685665226	0.12894722281738	0.142745492945067	0.15907769837599	0.152590781521987	0.131268903430528	0.110472654312511	0.146312821024969	0.114650157655692	0.117739482422547	0.125959137360335	0.158268229046475	0.107263770402002	0.177863381354713	0.0998032071412036	0.146107435791346	0.13106971032939	0.133932598151581	0.133697711285621	0.118436207503233	0.125762441980601	0.156783955456368	0.140643069052801	0.14180471316835	0.110589367965306	0.111136402955431	0.10634974883301	0.114459300093074	0.104893216057989	0.162069263329781	0.114759066385868	0.10096823963377	0.131909917809504	0.117878239214868
700108960	0.0965365891925117	0.157771032963631	0.141544808795146	0.0994763155587604	0.135398281100931	0.146434907850664	0.0693270737088804	0.17712521638576	0.117562593808778	0.166292159127765	0.112076634195856	0.12992450718926	0.158049152543359	0.150248220581975	0.135297367357843	0.107785209308732	0.1670013805564	0.164934326341734	0.115299561639108	0.0618325293189533	0.070196330462072	0.0937441956611004	0.106338431515353	0.118492410144586	0	0.142756438573738	0.174684360307688	0.146904815985421	0.141684110747553	0.143226939343556	0.155315256172436	0.0882857483153801	0.119263754957132	0.146535837063363	0.142595033551333	0.094215514561679	0.1589871154272	0.153454634573194	0.126391012180413	0.165448520056834	0.12620636021853	0.124535999158504	0.134359122802035	0.0917609264047925	0.126961513261231	0.137255356540816	0.15432163712511	0.138419090145635	0.141275103026423	0.108924861327805	0.102292328509436	0.0855852520237671	0.0819419708844685	0.117827066454888	0.121730783474536	0.158549364180922	0.082398067285278	0.0753058697767141	0.100630792895869	0.0715360973503458
700024452	0.102472765796568	0.140453553965092	0.170764790246364	0.11696943004304	0.101416139237581	0.176637406945064	0.115298400918816	0.188742074695317	0.0972667997490239	0.172097036150488	0.136104910949179	0.169015386875704	0.172273697618481	0.127725116467902	0.164302982910876	0.126745961773111	0.177497469663447	0.1763014661108	0.104221953783421	0.121847832563128	0.129557388297502	0.145726243077434	0.112307587907229	0.10222583099862	0.142756438573738	0	0.151081341987652	0.128492175552243	0.129798897127545	0.151968641465301	0.173594834257132	0.144474157904035	0.13013933509169	0.160467195748229	0.0832814389357114	0.127925059554213	0.143677884833897	0.172249733976406	0.0878661281690325	0.176397892739384	0.122880036798063	0.162265501247596	0.142197264360923	0.140495044017279	0.14308631171363	0.118145693091283	0.114036586511063	0.166961432963755	0.15544346512389	0.154945743167386	0.13331170426512	0.108902426051999	0.109186029480213	0.131196556542932	0.110344978611791	0.179328683999198	0.130894789504666	0.120853893200711	0.143199224124451	0.137278705108782
700032931	0.1534918097427	0.1374403421047	0.136961718330948	0.178002159271203	0.14510865669115	0.140307813825955	0.174825282592507	0.149194688621005	0.14714020802326	0.145279480305079	0.127791702252758	0.155813278323338	0.140251021437268	0.125759710734051	0.144659080798036	0.142187311748504	0.1417585271894	0.139936283910863	0.147117778301673	0.153979260941977	0.155600742448681	0.139938751671683	0.137448275040113	0.136622685665226	0.174684360307688	0.151081341987652	0	0.132427528151179	0.146951643093918	0.141557412108862	0.151108516123567	0.155783353204827	0.130668747234953	0.142052285930074	0.157270513922396	0.14442053978109	0.136887222527334	0.136508963432054	0.144684883858169	0.159412749476866	0.135865637854917	0.141040884899837	0.13884964487366	0.151437028670865	0.142102371663449	0.133970622721773	0.125048871613438	0.143375692970534	0.130293435251034	0.142270199962768	0.145311844340165	0.170092737192963	0.15561079703183	0.13425222183012	0.155990272431144	0.151168907578017	0.156660500823766	0.169576220159858	0.136156024076475	0.164805877211942
700095837	0.127601754431317	0.129207969926946	0.142102136439037	0.143027707683706	0.132000261934734	0.160489396453289	0.146473588533336	0.139252762384683	0.135607957139179	0.137676601399154	0.105477682384625	0.136495851187504	0.121177747440033	0.140099999304807	0.135357639383341	0.112859212980147	0.142736899897046	0.154841325482985	0.128692942929863	0.127994262022944	0.138988831820314	0.1266321248178	0.128251146891861	0.12894722281738	0.146904815985421	0.128492175552243	0.132427528151179	0	0.114455575633556	0.1220102972611	0.150498793198414	0.134917403112364	0.104087855637813	0.120758745148966	0.140525726428044	0.133321003233282	0.132858487055648	0.153125343082713	0.127269754506779	0.143739999479645	0.104698639804028	0.119519664666268	0.155516929117029	0.127889964573532	0.119090131175856	0.118105375209394	0.12635451177054	0.12525237479392	0.14431668462651	0.134560298105023	0.119023827971284	0.149502093406059	0.134812538685206	0.135896703890041	0.156062559629534	0.142499238550731	0.132569384532535	0.141445789805408	0.128075885707586	0.143317641233653
700024548	0.14488637532894	0.120123860915224	0.118420627771148	0.140078259458681	0.124304520843533	0.123098824528952	0.14533677343646	0.116476007803192	0.158088969316741	0.107442302097112	0.124808024386636	0.120505433245594	0.117467820470912	0.1164492658804	0.100739199117423	0.13488713130893	0.1105015942971	0.135049424053744	0.142791225818241	0.126191860039622	0.124564266312646	0.127970319292893	0.133456296296066	0.142745492945067	0.141684110747553	0.129798897127545	0.146951643093918	0.114455575633556	0	0.10628234506492	0.123175157880644	0.142576071201616	0.114868957126572	0.0972641384919133	0.139925264768243	0.0995822499247958	0.152164802188535	0.11483469206225	0.148580402280361	0.115022892079601	0.12901644767837	0.0952370698125704	0.134171335985816	0.148260899085496	0.0774399015809713	0.0849102642683886	0.133037022412663	0.09989567581441	0.121707110407056	0.121482540341801	0.107664866167571	0.153701122307767	0.13622811480262	0.118826177461471	0.170394082721407	0.133563997050862	0.106566734229663	0.144159388897605	0.110586416319708	0.148736182615735
700110161	0.163989702878176	0.138742648647552	0.10886725943739	0.158643836451225	0.131110188339328	0.10059494408722	0.153859793364378	0.122916406309587	0.155535786512827	0.0982209999032174	0.110514854904448	0.12167615680347	0.111638992246999	0.0999230183933055	0.0916324268647182	0.132175333994256	0.113651042527681	0.115428505973797	0.150995854255629	0.128058915793656	0.141270733087229	0.120890813993175	0.126628805445287	0.15907769837599	0.143226939343556	0.151968641465301	0.141557412108862	0.1220102972611	0.10628234506492	0	0.105129002412833	0.130057323554134	0.115205725149067	0.0827798025029341	0.16035273209604	0.129687260005213	0.124105930432189	0.0972825244743084	0.155518893155973	0.11257789826212	0.144143283116684	0.0920648611905117	0.127118898168711	0.135075661718299	0.109586104618851	0.115740823789111	0.14990826663842	0.1018149387128	0.100093974842913	0.112572624769553	0.117524405360788	0.158190735550762	0.14841015223893	0.120787192420453	0.179209080212873	0.127549010717255	0.118922402563035	0.152051298869719	0.103400533974202	0.140959434848777
700023496	0.172075672979084	0.130178480103296	0.0998285316858257	0.176147437598555	0.146430275937394	0.0799645784812192	0.16239487896426	0.121632080050124	0.164907564900629	0.0982462932091449	0.107627159626374	0.107106633919429	0.111934282301757	0.124495325162009	0.119572707367743	0.128581436839449	0.111919892623474	0.0935322838539002	0.148223256701669	0.152897984000805	0.146602694362098	0.110612612630109	0.145434621722392	0.152590781521987	0.155315256172436	0.173594834257132	0.151108516123567	0.150498793198414	0.123175157880644	0.105129002412833	0	0.128876228532035	0.103577487868013	0.0781594180039238	0.169502107307708	0.125702156785142	0.128598502194632	0.103340266830695	0.165244670732025	0.127710748844904	0.12709734251119	0.0964678072463538	0.112383995514888	0.143067467086395	0.102243594982512	0.10721601201802	0.139862850659339	0.108236124789774	0.0908578527833896	0.103180678285031	0.111340504902791	0.17766148127274	0.168382707758249	0.119962299993209	0.200641985670018	0.114665794963399	0.131870994432594	0.164819756221003	0.124229892994673	0.153680098801306
700034628	0.127918220624168	0.14165867722915	0.113616437934956	0.139740758425701	0.134857100771682	0.129436208698878	0.0937843453509022	0.144858916813801	0.110397628491077	0.136043408343555	0.0972797913859354	0.0945567652761987	0.120769476575302	0.141915538561482	0.115545428659755	0.0932698714447849	0.136860718476204	0.142308936423678	0.117776362971254	0.103625494596645	0.0986021712123113	0.0690362271724106	0.114621164504155	0.131268903430528	0.0882857483153801	0.144474157904035	0.155783353204827	0.134917403112364	0.142576071201616	0.130057323554134	0.128876228532035	0	0.0947492536451672	0.115251831318059	0.152139050272524	0.0871412694987539	0.141151758550031	0.128375137092816	0.131928180947796	0.141670203714771	0.125923903250754	0.0986185838168161	0.124524805187089	0.0773781509537021	0.115063479114975	0.131302165552778	0.147389387690307	0.109080115553837	0.128269719663057	0.0734491976513933	0.0929315529393447	0.112602194523547	0.125417327192994	0.119192810926192	0.165596176589766	0.119057178926804	0.108637827496557	0.109433576251342	0.0892519795118599	0.0800348623755085
700023645	0.119832208329292	0.126574629239699	0.100881715318185	0.13172480578181	0.119097269105784	0.120751339530272	0.122078728716515	0.115198665915531	0.123669096657774	0.103561404168182	0.0791856567660935	0.0872292476109434	0.0960364863705629	0.125074655008223	0.113548996127701	0.0856397629671009	0.109096638143054	0.117543512343168	0.108138808749669	0.104932138140786	0.0999632617732573	0.0795429078987203	0.11421970562387	0.110472654312511	0.119263754957132	0.13013933509169	0.130668747234953	0.104087855637813	0.114868957126572	0.115205725149067	0.103577487868013	0.0947492536451672	0	0.0918705317472369	0.135248981337662	0.0878033090919269	0.12785031181538	0.11897629473127	0.133059574908731	0.116026517744427	0.0939124289871055	0.0825883574200297	0.119242650736314	0.103749880081439	0.0880696097340992	0.0907594310483575	0.117452557878836	0.0967226334693425	0.121661443737113	0.0931864663679265	0.0780153062732859	0.127540619603779	0.121391786701998	0.0971219169539519	0.151601656032921	0.105101362205308	0.0940321697487104	0.117935696067811	0.0917965311149461	0.117290140533151
700038744	0.159462499335421	0.122647656196483	0.0883868554342334	0.162793916126707	0.14392062586278	0.0853387615423684	0.152305857238221	0.106064518972273	0.155465711016376	0.0803752473093991	0.0932540429396049	0.0918442319364823	0.0895921695671437	0.113038758367543	0.0986491001364728	0.119995896504562	0.107236251282831	0.10226873236228	0.145214703584358	0.136967089216605	0.1375642117163	0.0947565323050311	0.138893602748838	0.146312821024969	0.146535837063363	0.160467195748229	0.142052285930074	0.120758745148966	0.0972641384919133	0.0827798025029341	0.0781594180039238	0.115251831318059	0.0918705317472369	0	0.163223518130451	0.108816508077719	0.124858422955827	0.0944213690156952	0.156566559285929	0.1039587813254	0.129433953223958	0.0776757523216791	0.121491746345959	0.132778484679424	0.0907311094990232	0.101998872793936	0.145118829621197	0.0815947277553122	0.0913688231944028	0.094144650385757	0.0998666109247926	0.165743847553772	0.157946629533308	0.114827718427446	0.190206865907628	0.0987551953885769	0.122349563737672	0.153447124355049	0.103877447520403	0.145907848990906
700038485	0.119111720290617	0.142767074401812	0.165544895962002	0.119595732658333	0.115421353624798	0.169327160901549	0.121828202265328	0.193065863779754	0.114356741149787	0.169474697460885	0.145231437573106	0.168089251548896	0.174660801093067	0.128333240320469	0.16506029058673	0.132458160300463	0.177259325192686	0.172835429658473	0.126856698689958	0.123801991686331	0.138486709516468	0.149882828190051	0.116247470473435	0.114650157655692	0.142595033551333	0.0832814389357114	0.157270513922396	0.140525726428044	0.139925264768243	0.16035273209604	0.169502107307708	0.152139050272524	0.135248981337662	0.163223518130451	0	0.126108199608057	0.152412254989736	0.1651182026874	0.111275628376828	0.175053167687648	0.136904301520311	0.1670457484351	0.150722376257915	0.132501378078368	0.156172577576889	0.125101432874507	0.113585963276723	0.170326217219449	0.152946574467718	0.15241467696852	0.13284598253414	0.110353180425482	0.114284221505912	0.141840778489902	0.116239987797895	0.172884452563315	0.140376344472296	0.120365132657663	0.13951418005231	0.135309615691418
700024743	0.109315948175207	0.122940016563065	0.11152193657159	0.114876233072644	0.126094465896258	0.128750300105826	0.0937988633953829	0.131038812038705	0.124985892048402	0.124675778935515	0.0934400938334302	0.0986582885777362	0.11822410015665	0.125361040081426	0.113436966667621	0.118071973092779	0.123081076701149	0.138833878717018	0.121704279977004	0.0847266201104583	0.0948529683643408	0.0987842423314731	0.110891393754377	0.117739482422547	0.094215514561679	0.127925059554213	0.14442053978109	0.133321003233282	0.0995822499247958	0.129687260005213	0.125702156785142	0.0871412694987539	0.0878033090919269	0.108816508077719	0.126108199608057	0	0.154872018328057	0.121025003086538	0.129753948558515	0.128190355605955	0.112767837754388	0.104480174697156	0.11729644769541	0.0865450343076302	0.0958147991252575	0.100887728346451	0.127922785886502	0.105037593236094	0.121191322674913	0.101568713540092	0.0919459223603778	0.108406120778676	0.110459912184105	0.101043738846596	0.137483937867552	0.12929439066577	0.0935488529891506	0.0972861627045169	0.0875344523822059	0.0981416571006327
