700108602	700014971	700033565	700109389	700023058	700023927	700106341	700114221	700023543	700023439	700016978	700024192	700113058	700099448	700109870	700033928	700023693	700109627	700095416	700110425	700111580	700111302	700098605	700111991	700108960	700024452	700032931	700095837	700024548	700110161	700023496	700034628	700023645	700038744	700038485	700024743	700099596	700110760	700101587	700106399	700032322	700095653	700021312	700101230	700023590	700038905	700033136	700023382	700096424	700105469	700016908	700096053	700108479	700109569	700033814	700016125	700109756	700102665	700101777	700109455
700108602	0	0.227732744966797	0.320083675056874	0.253715025749794	0.177975052897294	0.293528864603809	0.108908868447016	0.315673136224974	0.118330788339244	0.276710961808231	0.206296099558811	0.335988922931131	0.307254523110046	0.214900611189096	0.330437554669759	0.186756228389051	0.295755821067628	0.273793969871104	0.122770627819957	0.128254195721922	0.154990002839713	0.24665261474871	0.142839028694241	0.0445232443428829	0.145809926901468	0.19511935958744	0.222773088783922	0.332432658252896	0.309217084185218	0.303264086776814	0.2687687747163	0.231058138221259	0.228919932840533	0.277590968863622	0.185957198591611	0.144687259469303	0.219599794331056	0.298374403845409	0.0764974428958435	0.369314493030121	0.159414155608403	0.324643252983988	0.188786353075634	0.171304412885114	0.302694303902205	0.227589935688217	0.189494673002952	0.301894632381552	0.219468124348784	0.308591087441663	0.296280159373909	0.0837720285539194	0.146883787489529	0.136292402428034	0.123857129808413	0.284532628220461	0.183355633267583	0.104367011717418	0.281382299081243	0.139992311523324
700014971	0.227732744966797	0	0.276590853847637	0.34404591372496	0.140062409637233	0.229219902461516	0.258198374885614	0.1788448092205	0.209823778933927	0.174231146502979	0.187399666292845	0.307598955371477	0.203116768705197	0.153300886604493	0.250852030082739	0.227496084990149	0.160779261194355	0.256411483922777	0.209456141553524	0.224591178678051	0.247584381854578	0.252061271316312	0.212391377749464	0.225564270843877	0.295146449469252	0.17220859958489	0.121080024558919	0.221689647360424	0.16663610659001	0.17216514624753	0.172534346608151	0.260235405732282	0.184718880974594	0.162075391221214	0.187641407933869	0.194443871009491	0.214959077349647	0.241246276138736	0.190430677851275	0.225704229235723	0.16340177466622	0.215687711841225	0.142416409620487	0.200625924201416	0.171209979374188	0.184017492994833	0.139352356611337	0.212159420327351	0.161045888791439	0.29050542696279	0.310327072262831	0.209905695335091	0.253925083551327	0.193926543672351	0.276095929211125	0.175043764087641	0.243648052401242	0.246620449816027	0.256098435447009	0.243500915104971
700033565	0.320083675056874	0.276590853847637	0	0.448620591864039	0.294850204309339	0.0781282629079391	0.288018799931206	0.18393381812938	0.272207876628149	0.137983125749672	0.147733963652093	0.0686809132727075	0.157023750233744	0.193064109819667	0.175181268117632	0.161811719879933	0.20343161694709	0.113124155952694	0.237601508430858	0.287063372580903	0.251758278820508	0.117503693575156	0.341387414348765	0.304717232710952	0.287106554240888	0.345478294990426	0.210069965911739	0.367847284242107	0.311734048994847	0.199198471897569	0.155865732437974	0.186616325365544	0.164034676212746	0.158622591216892	0.366365713883439	0.212482270754715	0.23569161913361	0.142051877913367	0.286036032879616	0.243803839188409	0.217887642724665	0.119552876106488	0.236577047684486	0.258419778480061	0.23170026726817	0.218001855360727	0.234951649036083	0.147470360127393	0.172701619716706	0.0743595308016717	0.134632636281718	0.333868242941714	0.376297259231287	0.236655229204008	0.391251140390692	0.161640893904269	0.215279429326056	0.303088197988558	0.0969703495235214	0.276502621884115
700109389	0.253715025749794	0.34404591372496	0.448620591864039	0	0.318159867875036	0.433916730286656	0.258409615603334	0.416408584749148	0.31957123180357	0.403590093927075	0.36669756049916	0.459287061024408	0.418204193410655	0.37264146972051	0.43612152098853	0.349295479711889	0.408324519270827	0.436960676277934	0.323329153794604	0.214496231777233	0.311430117396604	0.400062280337652	0.202185996314164	0.272150993243042	0.284892455374938	0.273017267804897	0.3693643644894	0.413145909414675	0.35471424187783	0.406092383426876	0.409140759120585	0.396022078589699	0.351927639061432	0.395325422717293	0.248579243530722	0.3053420932455	0.386087470828208	0.443225329368094	0.264923268697429	0.425727849515139	0.308521797891616	0.427027401812388	0.351704781810553	0.320893924188695	0.399117685974766	0.351092861892757	0.348084158510549	0.414632014683737	0.375399961196547	0.442372278662061	0.428064946773447	0.208921518766026	0.141024449076087	0.320472581251037	0.202294156940775	0.403707450249171	0.29091561158345	0.234517906519374	0.407215925601191	0.297818826147475
700023058	0.177975052897294	0.140062409637233	0.294850204309339	0.318159867875036	0	0.245923189471988	0.223889402992824	0.233289721289031	0.177512622492583	0.221462723755726	0.197569030130808	0.319574235094814	0.252942161685358	0.166742343604115	0.285982191938437	0.206224177916903	0.220523000776321	0.249473419736347	0.170688313834286	0.212632972311513	0.232502468081022	0.269712957106402	0.197042144991762	0.172092132246896	0.271176643461183	0.160991676203112	0.16042039067941	0.268847686403799	0.241161530245855	0.22998931415536	0.208526127261668	0.265035498709795	0.190587468156401	0.206453915054053	0.169193339063449	0.204168087726545	0.166474763078423	0.220762466820267	0.145124369967132	0.289206166165702	0.146006454525773	0.258587498046844	0.14123492269612	0.193859585432434	0.232783855873997	0.207526421906421	0.144992048193488	0.251408131752677	0.179828755875384	0.310366731518447	0.312643868442559	0.172692039759863	0.221501371028387	0.169817492131834	0.227195008874007	0.226020799509164	0.24707511816795	0.217046712402481	0.276223864600095	0.217058242721751
700023927	0.293528864603809	0.229219902461516	0.0781282629079391	0.433916730286656	0.245923189471988	0	0.288680102721284	0.148228428492029	0.256967928799533	0.0969119570920372	0.13444906330178	0.129753574110098	0.126533559815658	0.127760454586629	0.160350756472408	0.150180653134546	0.164603898767742	0.0810886648881824	0.224710930609408	0.26744212123625	0.242326481087834	0.154895362332776	0.307400930212018	0.283709996681781	0.286654929659724	0.309585977382573	0.162866077386138	0.343542580729139	0.27371992725545	0.159162231113802	0.102323550734122	0.190102977554229	0.141541591810162	0.112251941587571	0.333998623370099	0.209749406283423	0.196633940697075	0.0945745977973086	0.261560180443938	0.210767518088823	0.188989133665271	0.0927362289534273	0.191316296362395	0.239473967546144	0.194778268724775	0.192526901737251	0.19402246129225	0.117902725755983	0.111302602276122	0.117931423203446	0.183717206943909	0.308480754319157	0.359617670743533	0.218301493478261	0.36455522011962	0.123997192777972	0.204082473448386	0.282507074565689	0.105444830107625	0.266667447157562
700106341	0.108908868447016	0.258198374885614	0.288018799931206	0.258409615603334	0.223889402992824	0.288680102721284	0	0.319457308862551	0.114841502316373	0.272876288567637	0.196661177214496	0.289293961755972	0.29547366338711	0.242203273439867	0.328521746751147	0.184132328811467	0.295506588534854	0.286510800420411	0.118409724346137	0.105749144982031	0.110172830347878	0.209799640712	0.167035976546475	0.117766114508713	0.0829842936178573	0.267877648020722	0.267403324717223	0.366587736507508	0.321604416376128	0.316138865184415	0.258800669449757	0.163634562356058	0.211709327566917	0.269141089103017	0.252459451630596	0.104353070243057	0.249139883719107	0.297061762995668	0.112422035559342	0.368411894043462	0.160172725981603	0.301056369555173	0.200630055320087	0.139207708586677	0.291067726847498	0.240554455538217	0.203227148614183	0.27501931107949	0.224152778849018	0.264769836365714	0.267693731312919	0.125295456354203	0.147127490804164	0.120305041056971	0.162791698096772	0.26643148707125	0.139220691889118	0.0914286851048333	0.2386339524158	0.0656699036844226
700114221	0.315673136224974	0.1788448092205	0.18393381812938	0.416408584749148	0.233289721289031	0.148228428492029	0.319457308862551	0	0.279045961064481	0.0847378978534403	0.2068544412799	0.222501019922378	0.0732166230826506	0.15994204401866	0.118637744143736	0.245460552541919	0.0903682997782451	0.211050148304841	0.269606675858616	0.286836984425702	0.280882580337269	0.251808428120317	0.312069380824435	0.305612099195285	0.351402476704354	0.288670629519035	0.136112474507588	0.28197582350079	0.202419066258546	0.109057529042649	0.137149818217486	0.263290727846012	0.194718367839611	0.129812853837026	0.319073401234266	0.245278787782869	0.240600374710026	0.128140368070784	0.277453830823459	0.12615493114261	0.209213342224668	0.108577281939823	0.221848418665766	0.252713552442317	0.138868587765476	0.182710041737093	0.190861491239934	0.104400348040211	0.168010809766116	0.21118324605653	0.291364525865908	0.29724599932464	0.341954256569622	0.25518948153249	0.381835433876858	0.0952405905660505	0.238624928907698	0.323146231843587	0.197867708063001	0.298085139726411
700023543	0.118330788339244	0.209823778933927	0.272207876628149	0.31957123180357	0.177512622492583	0.256967928799533	0.114841502316373	0.279045961064481	0	0.229049587269912	0.160619340719451	0.288851046024731	0.260357457412759	0.205486138584432	0.293608988822921	0.152253354650471	0.254745203909106	0.250141601625042	0.102949697587744	0.156325214157533	0.150415407772633	0.201903181847492	0.194604856626009	0.116339034481819	0.148539695103554	0.236879428746947	0.207038183757156	0.315077669445374	0.313208770219635	0.265867746551419	0.224242348232945	0.153589638537713	0.191083568524949	0.235313408024048	0.223661519947505	0.133755747857317	0.190669411318019	0.269346939701453	0.085726806129712	0.33578967829808	0.14020776604174	0.278558999532497	0.15847564967748	0.0941019204922122	0.268845022960611	0.228963320979395	0.154693891578651	0.254014369233459	0.202291664807412	0.261694885376604	0.268217477728743	0.135425081295915	0.190842377170915	0.117496536598044	0.195259720670488	0.239319983452412	0.183643816491776	0.131272837014466	0.24305319251382	0.109308187101511
700023439	0.276710961808231	0.174231146502979	0.137983125749672	0.403590093927075	0.221462723755726	0.0969119570920372	0.272876288567637	0.0847378978534403	0.229049587269912	0	0.149518942447542	0.190926429810195	0.0718883521500963	0.104333536267194	0.134326991532394	0.186021693536711	0.0971324800007242	0.151589261373712	0.214565306472221	0.238275256566163	0.235496689283862	0.205985813937452	0.284172997290324	0.264824210219032	0.300790317979967	0.282160375572024	0.121888823887116	0.297385357062457	0.22273589298022	0.115073504620183	0.0855527555712891	0.220560316445202	0.148952921646192	0.100286048242404	0.307132709681778	0.194041867011815	0.179175999867847	0.102779270123594	0.234030554751619	0.154436506261459	0.15468533473282	0.101994943500686	0.169284638816078	0.209165056700674	0.140425709348343	0.159002106844329	0.151815895719619	0.0850717456674392	0.0978335042539634	0.173271189931358	0.241524868987932	0.272607889960257	0.324864211904288	0.195608052113081	0.350149576096317	0.070126782461612	0.188924472063335	0.265977232173215	0.152516136661696	0.248730325620566
700016978	0.206296099558811	0.187399666292845	0.147733963652093	0.36669756049916	0.197569030130808	0.13444906330178	0.196661177214496	0.2068544412799	0.160619340719451	0.149518942447542	0	0.167078643459246	0.189678197151293	0.149607201423624	0.233081007092545	0.0878941634889543	0.181282052308839	0.124923689295512	0.136342949867136	0.180515711553502	0.160173021012048	0.0989788916990501	0.254937361550802	0.197603426960252	0.186608903971032	0.257802218013227	0.161795448953446	0.290980383590236	0.270354175880196	0.197464538580137	0.124926106489983	0.126642931146971	0.0746061003401659	0.124718356211996	0.261165326086757	0.121537041755653	0.164073514127221	0.186530616702808	0.175009937471358	0.267524407425313	0.120353813835408	0.150424107632581	0.131132733060746	0.151765782179839	0.195153409955049	0.188238205576121	0.141101733760538	0.167195979352961	0.120286786349267	0.160183091364542	0.169758215240736	0.230473748479755	0.271018223715268	0.143039989383301	0.282059933996319	0.156688800224219	0.160137751747048	0.195032600328553	0.134504248606178	0.191757544915442
700024192	0.335988922931131	0.307598955371477	0.0686809132727075	0.459287061024408	0.319574235094814	0.129753574110098	0.289293961755972	0.222501019922378	0.288851046024731	0.190926429810195	0.167078643459246	0	0.193004607618552	0.234007792146689	0.199287453205158	0.178584076159498	0.210836173339186	0.138355055644495	0.25123530717408	0.297461193536084	0.237528587545784	0.124208601289087	0.357235230945228	0.327408470809912	0.287826325766877	0.364952986363741	0.259548596909594	0.385723268259564	0.328449821797991	0.257387401847122	0.172578086351801	0.185610835143558	0.17818741376812	0.191658389443651	0.391969199032479	0.22860311863003	0.262233161712274	0.18877873410068	0.306914984225716	0.262291106445646	0.238551566603718	0.158666876198986	0.268659644335952	0.267769571673114	0.228998552191857	0.237223649729898	0.249962728010847	0.162803049081197	0.201190009145303	0.0774868191417588	0.129392779014822	0.350486930411967	0.387004670176959	0.245698141811442	0.412264560925225	0.191245289300291	0.219474238908195	0.318124708678468	0.122809098095821	0.283097663030024
700113058	0.307254523110046	0.203116768705197	0.157023750233744	0.418204193410655	0.252942161685358	0.126533559815658	0.29547366338711	0.0732166230826506	0.260357457412759	0.0718883521500963	0.189678197151293	0.193004607618552	0	0.149772057928681	0.10768961751059	0.225012435064593	0.112543765354673	0.187886188591424	0.24951249804837	0.265497882344565	0.259457279513913	0.228832852527569	0.316861925546668	0.297742399801981	0.328212912815403	0.309623219269909	0.15867237121229	0.299745035031415	0.222169085690942	0.129426245483876	0.124705918258166	0.240021181260744	0.176985655451254	0.126154879007104	0.338566732687481	0.230724432530416	0.226126652582963	0.12277665108282	0.2703923556462	0.144094213180859	0.19231501519446	0.0989678500520855	0.219138993164135	0.23150061331601	0.136438378389024	0.188741859034599	0.194505838952224	0.0760206252449436	0.14769991648665	0.181458358266167	0.262539622040105	0.297391354246037	0.341831843507318	0.240518482615124	0.386059048967185	0.0712792232111082	0.218438726774424	0.302587862098075	0.169460842366819	0.273248619571093
700099448	0.214900611189096	0.153300886604493	0.193064109819667	0.37264146972051	0.166742343604115	0.127760454586629	0.242203273439867	0.15994204401866	0.205486138584432	0.104333536267194	0.149607201423624	0.234007792146689	0.149772057928681	0	0.185909142728634	0.171693003907107	0.143031142281082	0.158850165165854	0.165302430313728	0.206738644327514	0.206595718261274	0.210685790257627	0.230225690776261	0.200546006555443	0.268955248091773	0.219740826439973	0.095003178508298	0.291988225646193	0.208185487256663	0.14188091862865	0.118395988632297	0.226019631703077	0.151951230452934	0.122480555219997	0.253689244075827	0.177131689520706	0.138827975096166	0.126626566588348	0.18918101908918	0.22051466702321	0.137906273684701	0.168913735021358	0.130252974480229	0.200222378468394	0.162371759421364	0.146619574709499	0.118575263970662	0.148584155023827	0.0716119967492648	0.207890606380921	0.241496032064995	0.230366723261885	0.290837940195942	0.163320469843161	0.27820460985505	0.135457286452457	0.170880363360048	0.22923395566517	0.173962433609751	0.221415437620857
700109870	0.330437554669759	0.250852030082739	0.175181268117632	0.43612152098853	0.285982191938437	0.160350756472408	0.328521746751147	0.118637744143736	0.293608988822921	0.134326991532394	0.233081007092545	0.199287453205158	0.10768961751059	0.185909142728634	0	0.262188414729587	0.144532735516073	0.23055710415279	0.287915006966582	0.298026124050031	0.276298697636191	0.264465322877805	0.333327130072083	0.326159831978329	0.357764611559214	0.333524498206999	0.200019450990107	0.342980834794742	0.250159938430356	0.165391235202582	0.179802349304542	0.275030647846951	0.229373250293768	0.190981730260367	0.364430379378714	0.267864717688418	0.268522154858785	0.137861761231665	0.293362794234982	0.16568311891748	0.244908197962298	0.148561545132243	0.273250077630567	0.275040720527495	0.176899921283313	0.198306944106935	0.232098768596448	0.108116416937888	0.196750855132597	0.194717267700093	0.285628836455533	0.325653314135191	0.364948242299627	0.274560927839745	0.398562600354756	0.135934772722854	0.250112395164002	0.334643696355777	0.197092735360597	0.312039774771043
700033928	0.186756228389051	0.227496084990149	0.161811719879933	0.349295479711889	0.206224177916903	0.150180653134546	0.184132328811467	0.245460552541919	0.152253354650471	0.186021693536711	0.0878941634889543	0.178584076159498	0.225012435064593	0.171693003907107	0.262188414729587	0	0.226078766287358	0.13500547639715	0.125156343559213	0.193568495981946	0.154064694026667	0.106776560733322	0.24597568238463	0.177740738470285	0.189019594323041	0.255533741696952	0.195455186206684	0.31797951637698	0.297235010064147	0.232209444359904	0.160221885706617	0.137702312105967	0.0868781125832426	0.166458661745697	0.267932142577255	0.162514787736772	0.179637337073366	0.213268795453369	0.157082078948522	0.304115838638475	0.113849132350498	0.179401901465426	0.154305858103601	0.18044993706089	0.225905419416538	0.190265035434461	0.146103629840232	0.207778741180232	0.155335403074399	0.154270252853378	0.151135215090607	0.204521665355434	0.259783222767156	0.153327797181054	0.274470652657263	0.19242711048217	0.167635770392378	0.173296138495905	0.134015215083028	0.176241382082314
700023693	0.295755821067628	0.160779261194355	0.20343161694709	0.408324519270827	0.220523000776321	0.164603898767742	0.295506588534854	0.0903682997782451	0.254745203909106	0.0971324800007242	0.181282052308839	0.210836173339186	0.112543765354673	0.143031142281082	0.144532735516073	0.226078766287358	0	0.200620336519136	0.246262375016697	0.263137714119132	0.236137807465671	0.242431784886916	0.295084147619541	0.28274867219731	0.33047639331063	0.275128611760221	0.13185577864682	0.280652411609019	0.18421277094461	0.141699356841636	0.108100694367771	0.251283658747065	0.170770264738828	0.132792343615777	0.30277569162162	0.221990906028905	0.219546300176097	0.16764205908454	0.254929652118868	0.133673891714598	0.185265776487803	0.144749658467514	0.186471841354087	0.231311040551102	0.108072759350058	0.152077396644807	0.155300875568596	0.0984159602743689	0.141201672153253	0.219495439507089	0.28689992441257	0.284351710393863	0.32818409085756	0.230930045391885	0.36725079638745	0.0961577393587724	0.218398326538041	0.302913235124533	0.213044372798934	0.2743954863752
700109627	0.273793969871104	0.256411483922777	0.113124155952694	0.436960676277934	0.249473419736347	0.0810886648881824	0.286510800420411	0.211050148304841	0.250141601625042	0.151589261373712	0.124923689295512	0.138355055644495	0.187886188591424	0.158850165165854	0.23055710415279	0.13500547639715	0.200620336519136	0	0.21598637466721	0.266845662425959	0.246241344274546	0.140566839259479	0.318426902687739	0.257173197131117	0.270897052912608	0.310194184119436	0.192995290578422	0.358365568243481	0.327696731577374	0.207224883673561	0.124213987746969	0.186136313224134	0.152859328506441	0.146485746476165	0.330732271140403	0.214169074544694	0.165793413785895	0.132279406994713	0.262328985334067	0.273543915850715	0.201852932847955	0.158549508552877	0.188907478209326	0.242825010950342	0.237955723424611	0.220131631020652	0.20953806880222	0.184353472893373	0.123247306301845	0.142169171704024	0.164767465075185	0.314767180875012	0.360647134066197	0.221132500265165	0.341887598824856	0.178838687575498	0.216092029954858	0.282753160102507	0.131577014009033	0.273899257016943
700095416	0.122770627819957	0.209456141553524	0.237601508430858	0.323329153794604	0.170688313834286	0.224710930609408	0.118409724346137	0.269606675858616	0.102949697587744	0.214565306472221	0.136342949867136	0.25123530717408	0.24951249804837	0.165302430313728	0.287915006966582	0.125156343559213	0.246262375016697	0.21598637466721	0	0.158339922307689	0.113013758263589	0.172349122959503	0.193664516158838	0.113286737896713	0.152903135061521	0.214060301071547	0.1884865581955	0.327537989973678	0.287304927486883	0.254884034599518	0.194195464515563	0.149573117941783	0.161336940589852	0.208250026862739	0.217716804123523	0.126008933652617	0.173041927649187	0.236778589382857	0.103822501435939	0.328037852297857	0.0990401603929776	0.256343172863423	0.131715813146805	0.159284779443532	0.248541916223579	0.184223480012749	0.126506676746796	0.236430656139059	0.162264996990116	0.226799814596403	0.220969388028281	0.157562414388134	0.220948282413861	0.0815629354436382	0.208047370411377	0.22052465892078	0.144901760959177	0.137275881782136	0.200572811547729	0.122400940740882
700110425	0.128254195721922	0.224591178678051	0.287063372580903	0.214496231777233	0.212632972311513	0.26744212123625	0.105749144982031	0.286836984425702	0.156325214157533	0.238275256566163	0.180515711553502	0.297461193536084	0.265497882344565	0.206738644327514	0.298026124050031	0.193568495981946	0.263137714119132	0.266845662425959	0.158339922307689	0	0.14874137204758	0.230838508167728	0.146658111603683	0.145301271986211	0.123107763604102	0.240040820387553	0.223924138969711	0.317376766722231	0.288415081845375	0.271681005318794	0.237368499612613	0.223665899568655	0.187322899651944	0.243165630190242	0.215674754999174	0.125111335622976	0.221731938629206	0.281446307810239	0.133300145264979	0.339527208873289	0.145568974191907	0.275371624037721	0.176604807514518	0.132702564853414	0.257292228867886	0.235576830903546	0.173104436017807	0.256602964295483	0.202062296264655	0.283992863187724	0.283658959924477	0.120501916616556	0.116679566909762	0.154090520755695	0.16915134586643	0.243747617087336	0.124351816718438	0.0971196313813059	0.253358131990445	0.14109511360956
700111580	0.154990002839713	0.247584381854578	0.251758278820508	0.311430117396604	0.232502468081022	0.242326481087834	0.110172830347878	0.280882580337269	0.150415407772633	0.235496689283862	0.160173021012048	0.237528587545784	0.259457279513913	0.206595718261274	0.276298697636191	0.154064694026667	0.236137807465671	0.246241344274546	0.113013758263589	0.14874137204758	0	0.171462436924721	0.203195991853776	0.153904579764916	0.117581742919235	0.271101901519069	0.247044131282003	0.369483467281775	0.269383507648346	0.290092266128549	0.19797079427148	0.152038435921334	0.17526245132559	0.230647780998446	0.267831852100331	0.118683634847652	0.24071773438532	0.25360757395016	0.150263415374789	0.312634764792077	0.136918109125029	0.253987889425334	0.192022858561376	0.172097960158616	0.231196100812672	0.181712711672779	0.166170350722093	0.218009192185228	0.186574922574337	0.207921949765194	0.230154166881451	0.164781195145265	0.220942469233478	0.0959658122769341	0.236139877153221	0.226825651611626	0.0984134187045566	0.126990019191843	0.18376802317175	0.116589258033757
700111302	0.24665261474871	0.252061271316312	0.117503693575156	0.400062280337652	0.269712957106402	0.154895362332776	0.209799640712	0.251808428120317	0.201903181847492	0.205985813937452	0.0989788916990501	0.124208601289087	0.228832852527569	0.210685790257627	0.264465322877805	0.106776560733322	0.242431784886916	0.140566839259479	0.172349122959503	0.230838508167728	0.171462436924721	0	0.30355905527832	0.235852098381924	0.182906299553457	0.31738627517911	0.230979216858877	0.3559842051362	0.335282752093627	0.25978807644818	0.18155607196575	0.0978874747233312	0.127321135797641	0.187290622379931	0.332244913224031	0.170491937302255	0.221601530041308	0.22345711724796	0.219493858214162	0.301691375960309	0.188212145231124	0.181978825753021	0.199750137058101	0.206098209999183	0.247758091798862	0.231488154560293	0.203006775810169	0.203145802567425	0.180051936897977	0.0886734649367856	0.106429465630524	0.266511260181293	0.309508198066045	0.172166504950713	0.331653900743149	0.19949309759137	0.17856691595127	0.235311693890399	0.0963750362526143	0.206955926601895
700098605	0.142839028694241	0.212391377749464	0.341387414348765	0.202185996314164	0.197042144991762	0.307400930212018	0.167035976546475	0.312069380824435	0.194604856626009	0.284172997290324	0.254937361550802	0.357235230945228	0.316861925546668	0.230225690776261	0.333327130072083	0.24597568238463	0.295084147619541	0.318426902687739	0.193664516158838	0.146658111603683	0.203195991853776	0.30355905527832	0	0.155844520795161	0.210913345458291	0.207788896099263	0.23752198159025	0.339596889245613	0.28842319537035	0.318549473123348	0.28146868873311	0.284366650155589	0.263077335555841	0.295528588820361	0.201858414041215	0.187758398567285	0.265811515106202	0.307608774884121	0.150306268157998	0.338881865329421	0.197850443812517	0.337731677093623	0.232406531213261	0.216640403938471	0.314786789267735	0.224350045143876	0.208155596340023	0.311489395191712	0.244425002485224	0.33845579727688	0.346218648971487	0.160142803224066	0.129142734345217	0.185741696735397	0.128562919668913	0.296663921702389	0.217109406455198	0.175989453126662	0.306689337945952	0.178268515668002
700111991	0.0445232443428829	0.225564270843877	0.304717232710952	0.272150993243042	0.172092132246896	0.283709996681781	0.117766114508713	0.305612099195285	0.116339034481819	0.264824210219032	0.197603426960252	0.327408470809912	0.297742399801981	0.200546006555443	0.326159831978329	0.177740738470285	0.28274867219731	0.257173197131117	0.113286737896713	0.145301271986211	0.153904579764916	0.235852098381924	0.155844520795161	0	0.152050628173183	0.19553534895068	0.21127206534248	0.332589688640115	0.301976040869322	0.293426544729362	0.256959237818328	0.222062809816066	0.223044067670499	0.267341141025406	0.187855900323882	0.139059339511382	0.207225577459461	0.283388942826275	0.0753178589250407	0.362662409957661	0.154094785991804	0.318825497143111	0.178447568091098	0.169190102820689	0.2993642435163	0.213469778258381	0.182788208600043	0.295351375114865	0.207698135492404	0.301244457501526	0.281545925890301	0.108393018069858	0.161341413119676	0.12375245538031	0.12530815728731	0.279285756347349	0.186075446279974	0.122889176869299	0.268507144092388	0.133143007220144
700108960	0.145809926901468	0.295146449469252	0.287106554240888	0.284892455374938	0.271176643461183	0.286654929659724	0.0829842936178573	0.351402476704354	0.148539695103554	0.300790317979967	0.186608903971032	0.287826325766877	0.328212912815403	0.268955248091773	0.357764611559214	0.189019594323041	0.33047639331063	0.270897052912608	0.152903135061521	0.123107763604102	0.117581742919235	0.182906299553457	0.210913345458291	0.152050628173183	0	0.313163240703693	0.293738175136094	0.394755907355698	0.353738983338762	0.33798667305609	0.275142254857412	0.144479519107496	0.212445213330726	0.275333010739656	0.290538644138471	0.129074173178751	0.273538399752011	0.31754361461075	0.157421978280178	0.398400645770113	0.194172730544394	0.298586653148889	0.228275855457026	0.156459034950589	0.321045739817568	0.280290439469344	0.239634498708169	0.305657024877652	0.249324711030919	0.24673548652174	0.240159512533776	0.163803187821609	0.167087601203728	0.138717454318623	0.183598715336427	0.297697963453485	0.146062070969137	0.114188720331356	0.22694740524411	0.11041338635682
700024452	0.19511935958744	0.17220859958489	0.345478294990426	0.273017267804897	0.160991676203112	0.309585977382573	0.267877648020722	0.288670629519035	0.236879428746947	0.282160375572024	0.257802218013227	0.364952986363741	0.309623219269909	0.219740826439973	0.333524498206999	0.255533741696952	0.275128611760221	0.310194184119436	0.214060301071547	0.240040820387553	0.271101901519069	0.31738627517911	0.207788896099263	0.19553534895068	0.313163240703693	0	0.205860959827717	0.260586506767081	0.201434909500304	0.261596234184012	0.273355767092468	0.313381446722817	0.254239281527989	0.26625498826307	0.0957889748674739	0.239630461056938	0.255896043078326	0.309900093521059	0.18531226311616	0.314512006237849	0.195273305931257	0.312078093426773	0.218925229329321	0.249706631180397	0.260731050180541	0.221147475964029	0.187576543001341	0.309687093918681	0.240796069763076	0.348876937095255	0.354361356371424	0.180292455809758	0.236763651819684	0.222794662400328	0.21228770204356	0.283454402064241	0.264698309760398	0.244900756226117	0.311023710389594	0.269524021420617
700032931	0.222773088783922	0.121080024558919	0.210069965911739	0.3693643644894	0.16042039067941	0.162866077386138	0.267403324717223	0.136112474507588	0.207038183757156	0.121888823887116	0.161795448953446	0.259548596909594	0.15867237121229	0.095003178508298	0.200019450990107	0.195455186206684	0.13185577864682	0.192995290578422	0.1884865581955	0.223924138969711	0.247044131282003	0.230979216858877	0.23752198159025	0.21127206534248	0.293738175136094	0.205860959827717	0	0.243026488644016	0.199595256686324	0.129265440437505	0.142002754633967	0.248953030276136	0.156580816803119	0.127045121970442	0.224053248430593	0.195112367313035	0.159999643061441	0.167467977332192	0.19715245072593	0.20534212202513	0.151164203537465	0.173266975779493	0.133733511237755	0.201111981478963	0.166476408324993	0.167291593769727	0.122287410595456	0.157338513635904	0.120583606277087	0.231401310822881	0.272433694911287	0.230400996197008	0.282106943163294	0.193878893357799	0.285013258804316	0.131732120886808	0.21866647166814	0.252866923590003	0.20196649076595	0.25405357464933
700095837	0.332432658252896	0.221689647360424	0.367847284242107	0.413145909414675	0.268847686403799	0.343542580729139	0.366587736507508	0.28197582350079	0.315077669445374	0.297385357062457	0.290980383590236	0.385723268259564	0.299745035031415	0.291988225646193	0.342980834794742	0.31797951637698	0.280652411609019	0.358365568243481	0.327537989973678	0.317376766722231	0.369483467281775	0.3559842051362	0.339596889245613	0.332589688640115	0.394755907355698	0.260586506767081	0.243026488644016	0	0.219596210459708	0.232174597987902	0.305678845415976	0.373788131234937	0.279752563014676	0.254960360058255	0.265816520126963	0.321430501055951	0.308616557636369	0.352879606592146	0.307046776079764	0.33224269744802	0.282465003082836	0.287542130357517	0.283622499786012	0.298708928352233	0.236544680279944	0.323033972055137	0.270425227603251	0.304765791257303	0.302046874011788	0.381557812991992	0.394590476765977	0.316074426837154	0.3489916920366	0.334232739103466	0.380972098198536	0.289562698088881	0.363534776531612	0.350376275954814	0.362596548181876	0.364100741510337
700024548	0.309217084185218	0.16663610659001	0.311734048994847	0.35471424187783	0.241161530245855	0.27371992725545	0.321604416376128	0.202419066258546	0.313208770219635	0.22273589298022	0.270354175880196	0.328449821797991	0.222169085690942	0.208185487256663	0.250159938430356	0.297235010064147	0.18421277094461	0.327696731577374	0.287304927486883	0.288415081845375	0.269383507648346	0.335282752093627	0.28842319537035	0.301976040869322	0.353738983338762	0.201434909500304	0.199595256686324	0.219596210459708	0	0.186709478914362	0.241442267125787	0.343973444462598	0.256975064306943	0.207619394210156	0.220728968442851	0.260659636581089	0.307189288650176	0.279085981341097	0.275067033798078	0.200559977761844	0.223525928613529	0.227523686734794	0.25826854838948	0.299759220461602	0.129087175170548	0.161328240719654	0.221936660225605	0.208264944820417	0.231520635727329	0.32996033368771	0.363696526183876	0.283138017798006	0.317654733599914	0.26325359641092	0.327056126591688	0.221332190684846	0.260538143164256	0.317535423436521	0.292723594027791	0.314987921650016
700110161	0.303264086776814	0.17216514624753	0.199198471897569	0.406092383426876	0.22998931415536	0.159162231113802	0.316138865184415	0.109057529042649	0.265867746551419	0.115073504620183	0.197464538580137	0.257387401847122	0.129426245483876	0.14188091862865	0.165391235202582	0.232209444359904	0.141699356841636	0.207224883673561	0.254884034599518	0.271681005318794	0.290092266128549	0.25978807644818	0.318549473123348	0.293426544729362	0.33798667305609	0.261596234184012	0.129265440437505	0.232174597987902	0.186709478914362	0	0.15041950641719	0.273472729741693	0.191144595362443	0.10264876835871	0.280754955231355	0.242127255210939	0.212558503715929	0.150481706680993	0.262365103169731	0.20033946134304	0.208694725039457	0.125901899442434	0.193457234832471	0.240697240152243	0.122904458619818	0.212843299976979	0.188203770368762	0.15281862421214	0.156271563229243	0.239984153554076	0.294119985626783	0.28087623254842	0.345685560437249	0.245675334375112	0.372473505191002	0.131812217055616	0.243620609861661	0.303218348754918	0.215930971015994	0.30114913101476
700023496	0.2687687747163	0.172534346608151	0.155865732437974	0.409140759120585	0.208526127261668	0.102323550734122	0.258800669449757	0.137149818217486	0.224242348232945	0.0855527555712891	0.124926106489983	0.172578086351801	0.124705918258166	0.118395988632297	0.179802349304542	0.160221885706617	0.108100694367771	0.124213987746969	0.194195464515563	0.237368499612613	0.19797079427148	0.18155607196575	0.28146868873311	0.256959237818328	0.275142254857412	0.273355767092468	0.142002754633967	0.305678845415976	0.241442267125787	0.15041950641719	0	0.195323209637671	0.128514654926239	0.0918281912935153	0.293648848347945	0.181506123822779	0.162546878268188	0.124675305827736	0.232968956060651	0.195831224551386	0.140548372536965	0.128570568283344	0.140688937130827	0.199602259984942	0.146065153587649	0.164826356895802	0.129595829039321	0.110864470521537	0.0777501217722117	0.169232535139502	0.219834883418796	0.270753739768657	0.328307780821284	0.180005022850503	0.343737910905647	0.091796680361521	0.181016571654269	0.252419136908605	0.167803543063818	0.235719740027495
700034628	0.231058138221259	0.260235405732282	0.186616325365544	0.396022078589699	0.265035498709795	0.190102977554229	0.163634562356058	0.263290727846012	0.153589638537713	0.220560316445202	0.126642931146971	0.185610835143558	0.240021181260744	0.226019631703077	0.275030647846951	0.137702312105967	0.251283658747065	0.186136313224134	0.149573117941783	0.223665899568655	0.152038435921334	0.0978874747233312	0.284366650155589	0.222062809816066	0.144479519107496	0.313381446722817	0.248953030276136	0.373788131234937	0.343973444462598	0.273472729741693	0.195323209637671	0	0.155823639881806	0.203535992139532	0.322817257402306	0.134941806714003	0.24417233836374	0.236884833897538	0.202823572121814	0.312278993063956	0.195469213677876	0.201098073387499	0.218444642883145	0.148141069083747	0.259473063970502	0.241580766869245	0.210850009280018	0.216466445713241	0.200486410961853	0.147793823871374	0.182727306708205	0.248378424158486	0.285470424459249	0.153054753960339	0.31025796772865	0.206029979212922	0.164432426181044	0.19767926103881	0.141971740227003	0.136909355225088
700023645	0.228919932840533	0.184718880974594	0.164034676212746	0.351927639061432	0.190587468156401	0.141541591810162	0.211709327566917	0.194718367839611	0.191083568524949	0.148952921646192	0.0746061003401659	0.17818741376812	0.176985655451254	0.151951230452934	0.229373250293768	0.0868781125832426	0.170770264738828	0.152859328506441	0.161336940589852	0.187322899651944	0.17526245132559	0.127321135797641	0.263077335555841	0.223044067670499	0.212445213330726	0.254239281527989	0.156580816803119	0.279752563014676	0.256975064306943	0.191144595362443	0.128514654926239	0.155823639881806	0	0.113501662004023	0.263736457705379	0.149604434426261	0.179735342109628	0.19868201406108	0.191932439387626	0.249353818216197	0.119907429912736	0.137187982606718	0.135160747767387	0.159997126765681	0.169617889599818	0.202402271608957	0.130383971554677	0.153227154175484	0.131749493975847	0.168603159004158	0.173384076600993	0.226657142441523	0.270302980439337	0.177808777133656	0.3086897438434	0.137904520467741	0.175098521260476	0.196905297496127	0.1401760528495	0.204062581096199
700038744	0.277590968863622	0.162075391221214	0.158622591216892	0.395325422717293	0.206453915054053	0.112251941587571	0.269141089103017	0.129812853837026	0.235313408024048	0.100286048242404	0.124718356211996	0.191658389443651	0.126154879007104	0.122480555219997	0.190981730260367	0.166458661745697	0.132792343615777	0.146485746476165	0.208250026862739	0.243165630190242	0.230647780998446	0.187290622379931	0.295528588820361	0.267341141025406	0.275333010739656	0.26625498826307	0.127045121970442	0.254960360058255	0.207619394210156	0.10264876835871	0.0918281912935153	0.203535992139532	0.113501662004023	0	0.287117734638734	0.186367852521928	0.180242197415592	0.144630545952638	0.236900126222809	0.195209843050616	0.161973898578336	0.089625397576493	0.159120499289622	0.204844224719113	0.123888809388958	0.190493528490953	0.16187051686692	0.112232763884901	0.108847704040984	0.178788937878111	0.230282156790503	0.265083173507761	0.327047947979747	0.203734416027967	0.35283886601637	0.109156046760424	0.197582683605034	0.254390314805293	0.170103537741926	0.255894888255617
700038485	0.185957198591611	0.187641407933869	0.366365713883439	0.248579243530722	0.169193339063449	0.333998623370099	0.252459451630596	0.319073401234266	0.223661519947505	0.307132709681778	0.261165326086757	0.391969199032479	0.338566732687481	0.253689244075827	0.364430379378714	0.267932142577255	0.30277569162162	0.330732271140403	0.217716804123523	0.215674754999174	0.267831852100331	0.332244913224031	0.201858414041215	0.187855900323882	0.290538644138471	0.0957889748674739	0.224053248430593	0.265816520126963	0.220728968442851	0.280754955231355	0.293648848347945	0.322817257402306	0.263736457705379	0.287117734638734	0	0.228321767165042	0.273219299747293	0.340867041679239	0.170548543982859	0.343853837433785	0.212294099485294	0.338196105914619	0.223039089808903	0.232184651879013	0.287051800768733	0.246290141932807	0.207292826044311	0.33770731808837	0.263563915548517	0.385673576591391	0.367783294120321	0.162600270091381	0.201815967876629	0.211211031584502	0.189345402837106	0.311050925331922	0.273811073220305	0.224300388672686	0.344566643223205	0.264275611865333
700024743	0.144687259469303	0.194443871009491	0.212482270754715	0.3053420932455	0.204168087726545	0.209749406283423	0.104353070243057	0.245278787782869	0.133755747857317	0.194041867011815	0.121537041755653	0.22860311863003	0.230724432530416	0.177131689520706	0.267864717688418	0.162514787736772	0.221990906028905	0.214169074544694	0.126008933652617	0.125111335622976	0.118683634847652	0.170491937302255	0.187758398567285	0.139059339511382	0.129074173178751	0.239630461056938	0.195112367313035	0.321430501055951	0.260659636581089	0.242127255210939	0.181506123822779	0.134941806714003	0.149604434426261	0.186367852521928	0.228321767165042	0	0.212294554370906	0.221391090839022	0.120928001883456	0.300331410630279	0.128006293801269	0.223964696489802	0.168760873819406	0.101331812400548	0.226442258234189	0.193037614646473	0.168861717965004	0.207538826153034	0.152109393315471	0.220944632015953	0.233956524688016	0.163369759392823	0.198926282216141	0.106909693004583	0.214732220376243	0.201244926454081	0.122866988120221	0.121444357418394	0.185361485620994	0.0935944652584968
