700108602	700014971	700033565	700109389	700023058	700023927	700106341	700114221	700023543	700023439	700016978	700024192	700113058	700099448	700109870	700033928	700023693	700109627	700095416	700110425	700111580	700111302	700098605	700111991	700108960	700024452	700032931	700095837	700024548	700110161	700023496	700034628	700023645	700038744	700038485	700024743	700099596	700110760	700101587	700106399	700032322	700095653	700021312	700101230	700023590	700038905	700033136	700023382	700096424	700105469	700016908	700096053	700108479	700109569	700033814	700016125	700109756	700102665	700101777	700109455
700108602	0	0.14467200155669	0.171705978081593	0.105656348203744	0.136495362582394	0.174274330212904	0.0860006614487295	0.189179602900932	0.0987462318899158	0.170046265222647	0.127273015193988	0.16049348754215	0.16343235405704	0.156105171765598	0.165163442563865	0.119438150902117	0.181967343883781	0.166341529086756	0.0929271396821569	0.0986605353613915	0.0955056663119549	0.118166802370882	0.109780268339827	0.0893182173974213	0.101018069435414	0.118522958552143	0.152918474547028	0.135004226030707	0.144044977073808	0.166813849896948	0.163027115583301	0.126067247563543	0.134124132603667	0.15690216386122	0.121773926284265	0.122787118352286	0.132321930229434	0.179423957461954	0.0893276143777986	0.188938301153416	0.108238375685018	0.154367511882952	0.137891247246971	0.119470960405276	0.141813659529264	0.141914223326859	0.119786999827831	0.158079533309976	0.145278499443654	0.141409332814181	0.124711884416896	0.0932224713050529	0.0981765876793372	0.121081928609934	0.0979591820735314	0.161163302601573	0.115410763571891	0.0873793127102943	0.136590454339248	0.105110780287304
700014971	0.14467200155669	0	0.151341635754433	0.157830838024889	0.125229923377292	0.153492812840359	0.147064506151861	0.150578305686201	0.140476100882106	0.139958819463126	0.118709550138536	0.156109626470998	0.138775261052635	0.123117935206556	0.14588987189576	0.143206257490574	0.130549408075736	0.150065074488888	0.138602890521069	0.13753637844009	0.130620425283928	0.129951330053529	0.117252194897151	0.151973011054003	0.149000716548696	0.145543652752098	0.118690733297933	0.128011978233701	0.123567272946872	0.130946513710998	0.135897063885445	0.140530882040571	0.120969733500012	0.130141661014596	0.141826248875392	0.123135952245778	0.138468199978826	0.158938109785604	0.137239366972172	0.146469103865363	0.14162542424224	0.133083053081758	0.129408025871691	0.131219510725985	0.125735411274925	0.118975618139358	0.105634704581659	0.140892358462234	0.118730410529562	0.141195751403972	0.137738170225535	0.14189536531896	0.1400223656975	0.122504795882752	0.162204310532917	0.14116775113636	0.135140967624321	0.141733456132868	0.132156536785372	0.137710845379081
700033565	0.171705978081593	0.151341635754433	0	0.152588754520873	0.144739644860332	0.0779063565213481	0.15018123743068	0.107715147471352	0.172816811102299	0.0967619480860438	0.107572425072306	0.0718472710387996	0.11362820695872	0.128199534759622	0.0876626498144805	0.120692198687119	0.108497791621125	0.0993476821545104	0.146151896236325	0.151289203096604	0.145126567716275	0.0983117863090066	0.142759187301318	0.153641202456689	0.139367867083125	0.16496631216783	0.141735974614752	0.146283284714177	0.124704856162273	0.114030386040072	0.106888623626774	0.119368143812134	0.113094600612723	0.0949386160542758	0.162406589092539	0.103699796072623	0.143626052510674	0.0879557656513013	0.156139045321297	0.113584215077668	0.14373318663157	0.0850425765896055	0.135209561196378	0.130922619632597	0.102142351048972	0.11762108776545	0.142952810119214	0.0862294016936247	0.117907997287343	0.0921205014802468	0.0861115125644911	0.17730454037105	0.149183599321311	0.12443748667095	0.188529476291642	0.120120565527454	0.134812746382745	0.153564294913771	0.0882278667012571	0.136595089841684
700109389	0.105656348203744	0.157830838024889	0.152588754520873	0	0.139879064005615	0.164576879095622	0.0854439491184887	0.186602959080992	0.142480287921645	0.166385945825047	0.145894622307535	0.146395375883028	0.166347351811075	0.15179670289978	0.147189231240515	0.140618532829124	0.178286904546671	0.182255540193032	0.136936267485869	0.0909560226456265	0.11105342093526	0.138615296155237	0.100110798260366	0.124521944212616	0.112279489114683	0.12212156754082	0.176258726450969	0.151253791291363	0.134518666735054	0.158393776235548	0.172149136849878	0.14678591107771	0.141475745172321	0.151176577442537	0.126286961252168	0.12067176054933	0.166243218992186	0.167512741002817	0.123641320915996	0.166571690525063	0.13610126146448	0.154029460410097	0.154495804589784	0.128011657826752	0.144795006610013	0.138535318790066	0.138831884520378	0.148578292628117	0.149013015346903	0.139818446050466	0.121798635986171	0.105256094323245	0.0757273165280244	0.140539073694763	0.113196999790085	0.171288778564399	0.107918180694507	0.0906066457426329	0.117378257526261	0.108410143142397
700023058	0.136495362582394	0.125229923377292	0.144739644860332	0.139879064005615	0	0.150686521445509	0.130699026674631	0.156272983305192	0.120298015156938	0.14208350265784	0.130705237925078	0.14589347451467	0.144780366113815	0.128441228887798	0.138391601534717	0.128006610157447	0.140897861229702	0.151126976568389	0.122424100282991	0.127033917921269	0.13159905299757	0.12423431633592	0.123586715215221	0.130360920729188	0.142475153899009	0.10897459700271	0.154645002943623	0.130261505875542	0.123152316049833	0.13243725450989	0.138139051493298	0.14287800396736	0.126720352694394	0.123412414489749	0.110786517837636	0.13127380821746	0.13106705305852	0.146863295640086	0.113560075196332	0.154552549869452	0.142054330409489	0.136568961041045	0.123631198219975	0.132734046387669	0.127503962782087	0.111536070254813	0.115961986255636	0.131325696246058	0.129823661665411	0.136180219622572	0.137617782835433	0.126867746942659	0.125572183338982	0.125520388176252	0.137652321104071	0.154861997408176	0.135862692293599	0.13391274414417	0.131758607264035	0.1239845437347
700023927	0.174274330212904	0.153492812840359	0.0779063565213481	0.164576879095622	0.150686521445509	0	0.16059248209418	0.113153031597351	0.173185513931797	0.0788252038797226	0.11756408748942	0.0868633750133579	0.108947185899775	0.100990716947527	0.0930514249545938	0.136064075903765	0.113464318684422	0.0803156006983234	0.150468928575583	0.160746666948965	0.143659826501612	0.112217505730601	0.141199451005171	0.158917116311982	0.144064304291577	0.171499758822168	0.143378673412199	0.159494345533782	0.126163540663709	0.0985496945065919	0.0750980650165622	0.127857222406303	0.124160482921487	0.0792193995132288	0.165286941146447	0.119981442533905	0.122994167591582	0.0670386556188994	0.168944138509894	0.108002121017375	0.145077798646534	0.0892216412498177	0.121827639345228	0.136029294168177	0.107056294667849	0.116437124425729	0.142901449500754	0.0910245944637313	0.0914609730857538	0.0916921683116896	0.0985711348304537	0.179331387376304	0.161908409996692	0.116251018957793	0.188599250311244	0.112030567532707	0.135423441760935	0.157627358476751	0.0908304536814647	0.146030964802198
700106341	0.0860006614487295	0.147064506151861	0.15018123743068	0.0854439491184887	0.130699026674631	0.16059248209418	0	0.185637321926637	0.0993519724919267	0.159741464503324	0.12614639916102	0.129664491713186	0.160792856728139	0.14864877940405	0.14190556305918	0.127929633334596	0.173664120906912	0.177214520042947	0.105309599010247	0.078370720391803	0.0858315613605369	0.10613349561659	0.10194996518838	0.1150850592552	0.0806034925987989	0.131374473981864	0.178031872355362	0.157607564897304	0.144206552552261	0.162636119880856	0.160448124627139	0.0923507981565649	0.122048364461749	0.143023367275144	0.135581028227989	0.0968427315744644	0.153144228393504	0.165998864782831	0.093014461500984	0.172052935323521	0.125060292884417	0.142177429100889	0.135531687227084	0.103003854422146	0.134306624692914	0.136294499218326	0.130750670766515	0.135770917878689	0.148542137800911	0.11238170233374	0.113173813948991	0.0732219661086022	0.0755607599898715	0.125768464246062	0.122443714840181	0.156497197570303	0.0994627292986077	0.0661381696326259	0.115895667568312	0.0747615728612854
700114221	0.189179602900932	0.150578305686201	0.107715147471352	0.186602959080992	0.156272983305192	0.113153031597351	0.185637321926637	0	0.190061214179429	0.0869964573919065	0.138060121106915	0.121826266542967	0.10120606746134	0.154486437837095	0.103455378588078	0.151613076461173	0.069632499646729	0.131102938161474	0.177555901355078	0.174773358054762	0.170785493168844	0.142769343647047	0.165234882920408	0.17998592466237	0.180463161170649	0.183348254413775	0.144361388108423	0.149572974270461	0.122988025175848	0.114271965634108	0.116591061735499	0.156486839962256	0.137508130570864	0.125543201183155	0.190532651827041	0.12968162742925	0.160073945827033	0.107151751733146	0.176659384165623	0.104191503791023	0.155226556068101	0.100702176544791	0.157331013481103	0.150489408754099	0.10564540362518	0.134805355498892	0.152052650110232	0.0989177018558536	0.137055252258071	0.122642278141523	0.140728227630746	0.200752512001212	0.182364193971698	0.14104786606791	0.212726290094018	0.110408195768606	0.151367290995722	0.191234109450524	0.131171218311619	0.17400699148792
700023543	0.0987462318899158	0.140476100882106	0.172816811102299	0.142480287921645	0.120298015156938	0.173185513931797	0.0993519724919267	0.190061214179429	0	0.169276207346231	0.129439553850566	0.160762809629524	0.171693618166774	0.153260709466312	0.161133854099431	0.116651502957488	0.177925811460852	0.173149445349557	0.0992276045274422	0.115289692574231	0.108633158395614	0.118559830539618	0.120454551713526	0.109501780085799	0.119199527566632	0.109469570074019	0.157875784225396	0.141075832954404	0.156286869583224	0.165484936587137	0.165379785054368	0.113772414637504	0.130952767533522	0.154619280421733	0.111296515218837	0.133750223580497	0.138594495312803	0.180941371774714	0.0852201032916474	0.190388596259372	0.117205815981477	0.15655903145734	0.133139917222071	0.106947988880819	0.148926683256993	0.141197734243946	0.110245135192039	0.155885620511667	0.156964510815739	0.134591740810717	0.134100798143654	0.0803620129816072	0.115288161968996	0.130725727361821	0.110568567374833	0.162294328580528	0.133296345920904	0.0980034036414346	0.138252331515672	0.104620296126105
700023439	0.170046265222647	0.139958819463126	0.0967619480860438	0.166385945825047	0.14208350265784	0.0788252038797226	0.159741464503324	0.0869964573919065	0.169276207346231	0	0.114583455634346	0.0997866226809925	0.0859823691160183	0.125880586825841	0.0982586596867712	0.134537109019268	0.0793775620577319	0.10607242880394	0.149423795175094	0.153503318116915	0.135597424774204	0.116216275032294	0.141113907815834	0.152494836622695	0.149965661584182	0.163399989667806	0.144199363636693	0.140230369069934	0.105046657087597	0.0934287979786794	0.0909679236309663	0.129783626762264	0.104675741214489	0.0787682351199051	0.164287408210874	0.110517293645326	0.135495712332578	0.0912452133647635	0.159089542157427	0.0770440274889354	0.136310724480175	0.0785904946848975	0.133718278688709	0.130091486331336	0.0860508769677037	0.106551162619534	0.132541587442056	0.0729866013530326	0.10776542371669	0.100794212045784	0.110252321669029	0.17443271329773	0.16045422861234	0.122283400517224	0.184396537737093	0.0873089955880711	0.124605722366108	0.161927610102618	0.0994343184615128	0.146271561406907
700016978	0.127273015193988	0.118709550138536	0.107572425072306	0.145894622307535	0.130705237925078	0.11756408748942	0.12614639916102	0.138060121106915	0.129439553850566	0.114583455634346	0	0.105220724392374	0.115373110321838	0.131530465072356	0.125554932769355	0.107350399714376	0.118102708984243	0.113845647145671	0.111651772537279	0.116248764719957	0.107924836650974	0.0696475500976326	0.126248344500238	0.131832733014511	0.104218676999645	0.152590341270409	0.127504626521429	0.113933760494248	0.127859257450869	0.119842832842885	0.102255678994354	0.0956276743450767	0.0809742116759603	0.0904691853724532	0.146645322569105	0.104915809369486	0.110688614581927	0.136269492489449	0.108750764814323	0.137634265563654	0.111079307589437	0.0993286056132426	0.0999913458538739	0.0955466908662827	0.105038127378907	0.114419345260994	0.115775022008348	0.0974966282948202	0.112068764320133	0.0941996321397553	0.0912066767805731	0.13996786895828	0.130624104466032	0.0932216333571456	0.151115269229513	0.11743327843292	0.110795579336929	0.125059709787016	0.0958046715148811	0.119179414927306
700024192	0.16049348754215	0.156109626470998	0.0718472710387996	0.146395375883028	0.14589347451467	0.0868633750133579	0.129664491713186	0.121826266542967	0.160762809629524	0.0997866226809925	0.105220724392374	0	0.0871557568028909	0.138084139685754	0.0806960227864878	0.121282143968375	0.116224489444326	0.113955080123234	0.139407230057734	0.1393639954712	0.132524463540429	0.0891572062695769	0.135577397910041	0.16644500785089	0.127888774131784	0.16449937534345	0.144697907460738	0.139341001184803	0.118779349522941	0.11112034140716	0.102376998820027	0.0978750192544515	0.107817286046861	0.0909617868860413	0.170163982908867	0.106916191578097	0.143189078377117	0.0894520240072947	0.147391425484014	0.102113489156664	0.138859663285371	0.0650602031948316	0.141127511921195	0.111556015439274	0.0879262295465827	0.11645071541447	0.142780202501642	0.0777100959220632	0.126416928095999	0.068125989424421	0.0833530082770983	0.165818371368337	0.147935511579526	0.130793349121082	0.188331527084091	0.100620122771163	0.120777766256823	0.144354012602502	0.0841620421684757	0.124786756868842
700113058	0.16343235405704	0.138775261052635	0.11362820695872	0.166347351811075	0.144780366113815	0.108947185899775	0.160792856728139	0.10120606746134	0.171693618166774	0.0859823691160183	0.115373110321838	0.0871557568028909	0	0.136194614480845	0.0880620716713539	0.138829875704098	0.0919687284391166	0.125331965761302	0.160976529690982	0.1471298289802	0.141222347612616	0.117586922847545	0.144484902283557	0.173768790332913	0.150253105087064	0.173093906886461	0.134395377496546	0.116047977560523	0.0987613424342371	0.0928056828921765	0.114878755386206	0.132054827610271	0.114142298704312	0.0974711727143454	0.176636587591008	0.126624552823613	0.13974321749933	0.11309926135231	0.152696650340262	0.0866510914717211	0.142558832942817	0.0758063295121879	0.156776696967647	0.130557799995107	0.0861739096489238	0.105824263919247	0.148084398378226	0.0877868161264013	0.115891627471989	0.105665445365578	0.122062128899446	0.178725333437484	0.162747630987377	0.134332400927547	0.196126230093638	0.0833445825266459	0.120584604116624	0.168947146161455	0.10537191464337	0.147955879286197
700099448	0.156105171765598	0.123117935206556	0.128199534759622	0.15179670289978	0.128441228887798	0.100990716947527	0.14864877940405	0.154486437837095	0.153260709466312	0.125880586825841	0.131530465072356	0.138084139685754	0.136194614480845	0	0.123891975910555	0.144820702119898	0.143619491135395	0.114100113876704	0.132181629277453	0.138664530720604	0.134437796561855	0.13480564428895	0.11759074909741	0.140108895212532	0.141479128511793	0.135849507239447	0.132186095192599	0.158032120045548	0.123805274233939	0.102880727280213	0.106973497824766	0.142977564584088	0.128799992401621	0.104193635869305	0.133556174884618	0.127296189110048	0.118905373610821	0.116283088494758	0.146110836241089	0.148997812530374	0.149335008468464	0.12667678180408	0.110555665481362	0.1379142341991	0.125058254991577	0.11458759096071	0.128422790257627	0.129029198503736	0.0739827450718454	0.130578904270483	0.119835379573041	0.142495086754377	0.136827206459528	0.117927386075191	0.157691428393116	0.141567349300869	0.120656143171975	0.142440631711875	0.110499213279455	0.137309257678955
700109870	0.165163442563865	0.14588987189576	0.0876626498144805	0.147189231240515	0.138391601534717	0.0930514249545938	0.14190556305918	0.103455378588078	0.161133854099431	0.0982586596867712	0.125554932769355	0.0806960227864878	0.0880620716713539	0.123891975910555	0	0.137936543148586	0.103395006954511	0.12229767687342	0.151271516208879	0.13877429653562	0.132272482108648	0.113588170218795	0.126098150937052	0.16433420591875	0.139239668532755	0.167909277182191	0.144328623454822	0.146766066473076	0.106297146199736	0.0883311550903823	0.116521793516425	0.114000013743193	0.124812948148239	0.107230821241667	0.170905696976989	0.121939822050214	0.147273665606147	0.0798681923551793	0.154900084055953	0.0954000099344758	0.152600121028136	0.0746381396934576	0.155187988824054	0.123034644529732	0.0950803654899726	0.108644557384763	0.141922274563092	0.0802449653235799	0.118211940272336	0.0908718288112056	0.106348043145802	0.163554391238357	0.145309742242164	0.129413469660883	0.187621983093851	0.101815856609979	0.114847374822123	0.147741840500292	0.0893059346369092	0.12568196236351
700033928	0.119438150902117	0.143206257490574	0.120692198687119	0.140618532829124	0.128006610157447	0.136064075903765	0.127929633334596	0.151613076461173	0.116651502957488	0.134537109019268	0.107350399714376	0.121282143968375	0.138829875704098	0.144820702119898	0.137936543148586	0	0.142599031937481	0.124817003733261	0.10138324302554	0.126516960164569	0.115062484086908	0.0999322796017774	0.122867926858996	0.0988484031031527	0.120322692194076	0.127775465739339	0.134745515852576	0.109395572030873	0.138540758496065	0.140689401857124	0.12946499805949	0.11596859863928	0.106790159051188	0.121907651599169	0.123204387713789	0.130015160764518	0.120330539027269	0.148330292028452	0.110281922799099	0.153999118910991	0.0914341098070161	0.114783792366223	0.134415306936277	0.110991436841505	0.114165608343647	0.123601081307784	0.116352154229929	0.12066715913688	0.134626793494896	0.110807257886289	0.0947028852124963	0.129642599084929	0.124912486001869	0.12173234986197	0.137179756892613	0.126492245185856	0.12592202823259	0.119620169342157	0.115892008223958	0.116788288695018
700023693	0.181967343883781	0.130549408075736	0.108497791621125	0.178286904546671	0.140897861229702	0.113464318684422	0.173664120906912	0.069632499646729	0.177925811460852	0.0793775620577319	0.118102708984243	0.116224489444326	0.0919687284391166	0.143619491135395	0.103395006954511	0.142599031937481	0	0.122890879946246	0.162824247219316	0.161985574296767	0.152443330052328	0.128363176106125	0.149220790049045	0.168976882045459	0.169579543819504	0.174563011388788	0.136292189329895	0.136824718422975	0.106382002997186	0.110049038120613	0.102458665017853	0.14567259553461	0.11684314819496	0.107641479291818	0.174572675217521	0.121481699378214	0.153010177028704	0.108947323244057	0.164781554305702	0.0893586534274155	0.144899867194929	0.089870590324944	0.139739120353963	0.142368981091338	0.0890248143700009	0.101460280324523	0.136189238281556	0.0912851650874922	0.119179683130144	0.121374377358866	0.130774126727186	0.189036714185815	0.16866963241481	0.129750654621738	0.197476867684911	0.106421686495449	0.140329729281828	0.17980114195327	0.119390668941284	0.162098700695097
700109627	0.166341529086756	0.150065074488888	0.0993476821545104	0.182255540193032	0.151126976568389	0.0803156006983234	0.177214520042947	0.131102938161474	0.173149445349557	0.10607242880394	0.113845647145671	0.113955080123234	0.125331965761302	0.114100113876704	0.12229767687342	0.124817003733261	0.122890879946246	0	0.147877520106917	0.158604314771552	0.15012015500037	0.120145665190431	0.155525429229504	0.145416610164004	0.149925347349606	0.17349363838366	0.130869436136885	0.15035156923712	0.149420802832205	0.11366565506818	0.090234708531189	0.136867839944267	0.125266618397809	0.102083575199091	0.170823401012606	0.144530760843844	0.112435898872536	0.0965406158197034	0.167660800956212	0.139559319817957	0.147149732668274	0.107267777258263	0.118593458027884	0.134626125009054	0.119473305895015	0.136674090022487	0.151565356866109	0.124901407674505	0.094605813270619	0.121106563579832	0.113242271353392	0.18125390411256	0.164392728912097	0.116819168161053	0.185851795121091	0.127873789865291	0.152020014230882	0.168118840548644	0.126415099493331	0.159437088070192
700095416	0.0929271396821569	0.138602890521069	0.146151896236325	0.136936267485869	0.122424100282991	0.150468928575583	0.105309599010247	0.177555901355078	0.0992276045274422	0.149423795175094	0.111651772537279	0.139407230057734	0.160976529690982	0.132181629277453	0.151271516208879	0.10138324302554	0.162824247219316	0.147877520106917	0	0.116980849071925	0.0975256111645771	0.107145604700544	0.115471331883684	0.0957271555197826	0.110105090758694	0.11691012338296	0.14834297924024	0.131507396901061	0.135541508224662	0.155622366035968	0.138975941955772	0.111746665424885	0.108688087276753	0.133913918389256	0.114440913847766	0.124406713742579	0.112783256901205	0.158732927653141	0.0924287353019148	0.172799213252984	0.0999358114076326	0.13749215493217	0.106114267723815	0.110153615884188	0.127281251491828	0.121231803208296	0.107574709042475	0.142043090313803	0.13626158579384	0.124084374819717	0.102844442288909	0.112046966344362	0.114569803749338	0.107391760385982	0.115694266621637	0.1520011643391	0.117989877014492	0.102523364181873	0.125831644470717	0.114699003094813
700110425	0.0986605353613915	0.13753637844009	0.151289203096604	0.0909560226456265	0.127033917921269	0.160746666948965	0.078370720391803	0.174773358054762	0.115289692574231	0.153503318116915	0.116248764719957	0.1393639954712	0.1471298289802	0.138664530720604	0.13877429653562	0.126516960164569	0.161985574296767	0.158604314771552	0.116980849071925	0	0.0808154889562069	0.104145225733204	0.0960912811462718	0.112501346594531	0.0715779501936476	0.126511146919421	0.157875515165288	0.135855172717446	0.129543915271755	0.138133135425357	0.155542341582169	0.112115779710015	0.11027767620081	0.137720565321154	0.129884995013822	0.107031712162801	0.147217546874745	0.165152894557939	0.111216396965432	0.166653461734595	0.122027451753905	0.129088105090157	0.141063266027096	0.0892178231049584	0.124337511124007	0.124509524458326	0.120349135973781	0.133494598895531	0.132007144547838	0.119976989483486	0.117880969793348	0.0809968122343823	0.0582418394873041	0.118228880016683	0.113445617858358	0.154007121257645	0.0716253415065436	0.0710230420080657	0.103875845578528	0.0883308747535943
700111580	0.0955056663119549	0.130620425283928	0.145126567716275	0.11105342093526	0.13159905299757	0.143659826501612	0.0858315613605369	0.170785493168844	0.108633158395614	0.135597424774204	0.107924836650974	0.132524463540429	0.141222347612616	0.134437796561855	0.132272482108648	0.115062484086908	0.152443330052328	0.15012015500037	0.0975256111645771	0.0808154889562069	0	0.0913326591686842	0.0984141151905209	0.112285698844945	0.0688781454378887	0.133998437225852	0.1583068577355	0.14242645710146	0.117122690364415	0.147238272818393	0.142684183906424	0.0971036592742844	0.106953094325257	0.129369184750887	0.138588773413469	0.106059051003755	0.143251297227718	0.151021165293225	0.111546585592868	0.156465183232924	0.107364992971597	0.119374132141658	0.130935157764417	0.0980684929887885	0.107842868718413	0.112428549235412	0.112751798172084	0.118981506807559	0.119387207962462	0.109001588712396	0.106013726272345	0.0973342661395798	0.0906609812361197	0.0996503561041281	0.124523035237619	0.135933189339048	0.0741846521029361	0.0684668951828754	0.0951293601965935	0.0813485710828074
700111302	0.118166802370882	0.129951330053529	0.0983117863090066	0.138615296155237	0.12423431633592	0.112217505730601	0.10613349561659	0.142769343647047	0.118559830539618	0.116216275032294	0.0696475500976326	0.0891572062695769	0.117586922847545	0.13480564428895	0.113588170218795	0.0999322796017774	0.128363176106125	0.120145665190431	0.107145604700544	0.104145225733204	0.0913326591686842	0	0.126306840730748	0.125173281906646	0.0869290288672915	0.148674004391938	0.143051261790874	0.131949637208556	0.120944949920944	0.125483860424032	0.113160588833762	0.0743695853921361	0.0797286658980112	0.0864814949777095	0.145733427436961	0.098097257899647	0.12248592907026	0.132543765432387	0.111267315245095	0.138887291675767	0.121381556742354	0.0936282880183933	0.113055958499048	0.0905318014508556	0.0946757991280632	0.112929152750008	0.121800714621623	0.0862474670913603	0.115605477050453	0.0712422459708593	0.0784160556389612	0.125091348966409	0.120071130475604	0.0963892077787589	0.156335134235193	0.112129292074429	0.0968285129656666	0.108962286410299	0.0810197325024435	0.104223242734335
700098605	0.109780268339827	0.117252194897151	0.142759187301318	0.100110798260366	0.123586715215221	0.141199451005171	0.10194996518838	0.165234882920408	0.120454551713526	0.141113907815834	0.126248344500238	0.135577397910041	0.144484902283557	0.11759074909741	0.126098150937052	0.122867926858996	0.149220790049045	0.155525429229504	0.115471331883684	0.0960912811462718	0.0984141151905209	0.126306840730748	0	0.117037999245874	0.120767212798423	0.119155265982554	0.132918976871073	0.128398131172492	0.123757751590139	0.133112960832459	0.142985753564996	0.121876393838444	0.117142555338756	0.13211307313332	0.121476119368009	0.110578916446355	0.129913962296586	0.139094955643704	0.115886514108953	0.147681028559189	0.132314701719361	0.132515584674908	0.135687129725501	0.096969846469533	0.133093145130901	0.116944429249294	0.109265492375035	0.12922038420501	0.120120299431879	0.121161055340517	0.115758900169433	0.0992180710453015	0.0989414087666727	0.120716834405858	0.113849301563839	0.143636564165898	0.109946839868698	0.0926940143684737	0.107152093848686	0.0809693733856384
700111991	0.0893182173974213	0.151973011054003	0.153641202456689	0.124521944212616	0.130360920729188	0.158917116311982	0.1150850592552	0.17998592466237	0.109501780085799	0.152494836622695	0.131832733014511	0.16644500785089	0.173768790332913	0.140108895212532	0.16433420591875	0.0988484031031527	0.168976882045459	0.145416610164004	0.0957271555197826	0.112501346594531	0.112285698844945	0.125173281906646	0.117037999245874	0	0.119764802879767	0.105197193380556	0.143168897731777	0.134468464014071	0.138167905047286	0.160273021558162	0.150676036604389	0.139965392832804	0.126426133176045	0.141402747660985	0.104015304273833	0.127816943530586	0.12996427721948	0.166907266239856	0.112158935846931	0.185755275738908	0.104684956054102	0.158149864940056	0.125260070538679	0.130701809430004	0.135015629543402	0.132244146431439	0.107266667500013	0.150757162680528	0.140356239002598	0.147694390199448	0.122229343805393	0.109619011409357	0.108327531341422	0.110185541319413	0.092299318146118	0.164686743537333	0.125570664205426	0.102347926353689	0.140169692287026	0.128710788207793
700108960	0.101018069435414	0.149000716548696	0.139367867083125	0.112279489114683	0.142475153899009	0.144064304291577	0.0806034925987989	0.180463161170649	0.119199527566632	0.149965661584182	0.104218676999645	0.127888774131784	0.150253105087064	0.141479128511793	0.139239668532755	0.120322692194076	0.169579543819504	0.149925347349606	0.110105090758694	0.0715779501936476	0.0688781454378887	0.0869290288672915	0.120767212798423	0.119764802879767	0	0.151159015010126	0.175449444427708	0.148107476239465	0.138749227789926	0.147059206742517	0.154490790461665	0.0866974893963843	0.112527641542607	0.13261607415067	0.14742416505175	0.101970621207397	0.145537642684217	0.158839518024027	0.111198539628006	0.167328380848356	0.125931208723246	0.124056843056414	0.137594049682214	0.0895899624084582	0.125142663173616	0.136361067803152	0.135665895000416	0.128943216862199	0.134834426339938	0.0992465088909151	0.0981506350738758	0.0959218367077741	0.0764870120976421	0.110037155774989	0.125226913127736	0.147081395372614	0.0851838327912266	0.0666464214413186	0.0951975800059541	0.0800221682906827
700024452	0.118522958552143	0.145543652752098	0.16496631216783	0.12212156754082	0.10897459700271	0.171499758822168	0.131374473981864	0.183348254413775	0.109469570074019	0.163399989667806	0.152590341270409	0.16449937534345	0.173093906886461	0.135849507239447	0.167909277182191	0.127775465739339	0.174563011388788	0.17349363838366	0.11691012338296	0.126511146919421	0.133998437225852	0.148674004391938	0.119155265982554	0.105197193380556	0.151159015010126	0	0.155117163359469	0.136073119924668	0.122163339715004	0.160877397676077	0.16613875851246	0.155096451306229	0.142743422763347	0.148218560588981	0.0724651260304289	0.137050602502358	0.152527926813808	0.171779852956332	0.11348900680482	0.173881255115817	0.138416179455643	0.16247222880651	0.137124701508997	0.138946365458431	0.14180050846591	0.120501040054349	0.104426662129013	0.15817650367549	0.148168181839744	0.149936996632183	0.137335565781967	0.10959746218121	0.120642146832462	0.141680404326654	0.108518896986683	0.17194263172092	0.131654814879732	0.132643284028415	0.13479613043231	0.143797466249873
700032931	0.152918474547028	0.118690733297933	0.141735974614752	0.176258726450969	0.154645002943623	0.143378673412199	0.178031872355362	0.144361388108423	0.157875784225396	0.144199363636693	0.127504626521429	0.144697907460738	0.134395377496546	0.132186095192599	0.144328623454822	0.134745515852576	0.136292189329895	0.130869436136885	0.14834297924024	0.157875515165288	0.1583068577355	0.143051261790874	0.132918976871073	0.143168897731777	0.175449444427708	0.155117163359469	0	0.127265908487696	0.142175020788091	0.132562389125433	0.133234318762965	0.15190893474758	0.137590292236618	0.133068689896958	0.153699865051996	0.143562557168281	0.124310707869377	0.148271649965451	0.145800131528266	0.148910087647654	0.144397878925313	0.141826955978933	0.136187602337216	0.142917516269336	0.140860483337732	0.134311544390837	0.121899521467654	0.138474350528795	0.11821151455087	0.136640821288501	0.134675059278958	0.168303300739267	0.164432811333869	0.128079151394864	0.160073670802434	0.144068163052001	0.151301880674891	0.172799454623274	0.142469532736339	0.164436077171505
700095837	0.135004226030707	0.128011978233701	0.146283284714177	0.151253791291363	0.130261505875542	0.159494345533782	0.157607564897304	0.149572974270461	0.141075832954404	0.140230369069934	0.113933760494248	0.139341001184803	0.116047977560523	0.158032120045548	0.146766066473076	0.109395572030873	0.136824718422975	0.15035156923712	0.131507396901061	0.135855172717446	0.14242645710146	0.131949637208556	0.128398131172492	0.134468464014071	0.148107476239465	0.136073119924668	0.127265908487696	0	0.11534090731259	0.123899944345939	0.139499797734222	0.143357580181556	0.118554877221008	0.130658155099319	0.131257256334299	0.135968549909109	0.132062967319569	0.161487148001216	0.125176793067781	0.146029063356725	0.120607978268534	0.130718600752233	0.141120459028668	0.12007978371588	0.119157773461997	0.115398732382926	0.115844851150789	0.134130958445907	0.149357869025422	0.137095885909466	0.119768529141317	0.147607668914391	0.140326194130275	0.136620848300682	0.145289957213791	0.127727861098123	0.139411735441841	0.147096958280705	0.132393820281831	0.14834879775132
700024548	0.144044977073808	0.123567272946872	0.124704856162273	0.134518666735054	0.123152316049833	0.126163540663709	0.144206552552261	0.122988025175848	0.156286869583224	0.105046657087597	0.127859257450869	0.118779349522941	0.0987613424342371	0.123805274233939	0.106297146199736	0.138540758496065	0.106382002997186	0.149420802832205	0.135541508224662	0.129543915271755	0.117122690364415	0.120944949920944	0.123757751590139	0.138167905047286	0.138749227789926	0.122163339715004	0.142175020788091	0.11534090731259	0	0.105439549981148	0.119955003158983	0.147277404121784	0.117680180525374	0.109854983435242	0.128131985419425	0.107412433263888	0.145407208330842	0.125283470510655	0.130874934704639	0.107336707644561	0.126363993164821	0.0999734915780066	0.134857933637736	0.137020595228339	0.0758433760996576	0.0856851963008752	0.124419714019182	0.102473602041101	0.116400765719353	0.125127043051456	0.113200185573385	0.146527135054789	0.132730536671064	0.11411314884907	0.151342916029141	0.119267938864961	0.110210307702525	0.141635485066617	0.108962125703102	0.144858215078106
700110161	0.166813849896948	0.130946513710998	0.114030386040072	0.158393776235548	0.13243725450989	0.0985496945065919	0.162636119880856	0.114271965634108	0.165484936587137	0.0934287979786794	0.119842832842885	0.11112034140716	0.0928056828921765	0.102880727280213	0.0883311550903823	0.140689401857124	0.110049038120613	0.11366565506818	0.155622366035968	0.138133135425357	0.147238272818393	0.125483860424032	0.133112960832459	0.160273021558162	0.147059206742517	0.160877397676077	0.132562389125433	0.123899944345939	0.105439549981148	0	0.0991884728942491	0.132338244783194	0.127728466048947	0.091950964483351	0.163693510366324	0.12558838071836	0.130632383179106	0.0961654383260436	0.153549820506686	0.109127387653667	0.148407060663409	0.0878581337965881	0.136117890894842	0.126218497057203	0.108972041653164	0.119841277708787	0.140636212314383	0.0973335455289261	0.101020736735201	0.108429930473307	0.123008199782464	0.166090502542135	0.149652532704268	0.123936206058085	0.184574201058838	0.11075820018575	0.118659711804709	0.156780385605903	0.102777391179322	0.144138421796961
700023496	0.163027115583301	0.135897063885445	0.106888623626774	0.172149136849878	0.138139051493298	0.0750980650165622	0.160448124627139	0.116591061735499	0.165379785054368	0.0909679236309663	0.102255678994354	0.102376998820027	0.114878755386206	0.106973497824766	0.116521793516425	0.12946499805949	0.102458665017853	0.090234708531189	0.138975941955772	0.155542341582169	0.142684183906424	0.113160588833762	0.142985753564996	0.150676036604389	0.154490790461665	0.16613875851246	0.133234318762965	0.139499797734222	0.119955003158983	0.0991884728942491	0	0.12888383944672	0.115895830838533	0.0799985628294094	0.1640723539217	0.120641185207279	0.114922141251067	0.0933028319205069	0.1555706266576	0.126270948124417	0.138718073565137	0.0938341803937129	0.105085093461064	0.137189671983768	0.0978451790829431	0.111255114863555	0.136008546736658	0.0951521291353632	0.0858106849800095	0.112368667525445	0.113699756818708	0.179955314431009	0.165448069779263	0.103539026603896	0.184127436657173	0.104369132612894	0.130488574077601	0.166631474508149	0.113600280261938	0.15315206342256
700034628	0.126067247563543	0.140530882040571	0.119368143812134	0.14678591107771	0.14287800396736	0.127857222406303	0.0923507981565649	0.156486839962256	0.113772414637504	0.129783626762264	0.0956276743450767	0.0978750192544515	0.132054827610271	0.142977564584088	0.114000013743193	0.11596859863928	0.14567259553461	0.136867839944267	0.111746665424885	0.112115779710015	0.0971036592742844	0.0743695853921361	0.121876393838444	0.139965392832804	0.0866974893963843	0.155096451306229	0.15190893474758	0.143357580181556	0.147277404121784	0.132338244783194	0.12888383944672	0	0.107414196350759	0.112884847828862	0.155790228094357	0.0894465404166876	0.141826702237291	0.135541415834677	0.120315045621752	0.143515686810547	0.130914935733623	0.103175149016368	0.135553540768436	0.0731614437615992	0.119392155605019	0.132571074274984	0.132572338096572	0.100957681231438	0.136098817944717	0.0707213274437788	0.0995865754321742	0.117092080930965	0.117227336728167	0.118357868612836	0.163875914622706	0.116633224083681	0.108491009873754	0.100740010595104	0.0929061090818789	0.0803210710365845
700023645	0.134124132603667	0.120969733500012	0.113094600612723	0.141475745172321	0.126720352694394	0.124160482921487	0.122048364461749	0.137508130570864	0.130952767533522	0.104675741214489	0.0809742116759603	0.107817286046861	0.114142298704312	0.128799992401621	0.124812948148239	0.106790159051188	0.11684314819496	0.125266618397809	0.108688087276753	0.11027767620081	0.106953094325257	0.0797286658980112	0.117142555338756	0.126426133176045	0.112527641542607	0.142743422763347	0.137590292236618	0.118554877221008	0.117680180525374	0.127728466048947	0.115895830838533	0.107414196350759	0	0.0880235397523176	0.137724934673893	0.0997090760613152	0.123625910424441	0.140037008749836	0.119322572650552	0.129306173228527	0.109022571498246	0.0939208479944602	0.112435447806931	0.0995936837789538	0.0941074735451332	0.0977172672841302	0.114114723604352	0.0960246005570026	0.121898374091336	0.0957924636358584	0.0905248512477407	0.136370982483662	0.126965180202345	0.105158688221826	0.150528183074692	0.104195689274238	0.0998941719811938	0.115662591045052	0.0941056268156865	0.12394999710678
700038744	0.15690216386122	0.130141661014596	0.0949386160542758	0.151176577442537	0.123412414489749	0.0792193995132288	0.143023367275144	0.125543201183155	0.154619280421733	0.0787682351199051	0.0904691853724532	0.0909617868860413	0.0974711727143454	0.104193635869305	0.107230821241667	0.121907651599169	0.107641479291818	0.102083575199091	0.133913918389256	0.137720565321154	0.129369184750887	0.0864814949777095	0.13211307313332	0.141402747660985	0.13261607415067	0.148218560588981	0.133068689896958	0.130658155099319	0.109854983435242	0.091950964483351	0.0799985628294094	0.112884847828862	0.0880235397523176	0	0.149581653649314	0.102449000732968	0.11353927424829	0.0978130698807564	0.140900581524822	0.107530064964647	0.137053376930081	0.0879711552888549	0.108870465137628	0.122152169083234	0.0933023075515392	0.0968377219964296	0.13066481754824	0.0722200701791189	0.0888396231733413	0.0918037599248239	0.0934972818153485	0.1628199011149	0.147465721634427	0.0986244408033312	0.172962515177553	0.099337247428846	0.115857108281691	0.14879706716519	0.0874341349096806	0.139042863198111
700038485	0.121773926284265	0.141826248875392	0.162406589092539	0.126286961252168	0.110786517837636	0.165286941146447	0.135581028227989	0.190532651827041	0.111296515218837	0.164287408210874	0.146645322569105	0.170163982908867	0.176636587591008	0.133556174884618	0.170905696976989	0.123204387713789	0.174572675217521	0.170823401012606	0.114440913847766	0.129884995013822	0.138588773413469	0.145733427436961	0.121476119368009	0.104015304273833	0.14742416505175	0.0724651260304289	0.153699865051996	0.131257256334299	0.128131985419425	0.163693510366324	0.1640723539217	0.155790228094357	0.137724934673893	0.149581653649314	0	0.133672397347365	0.149461312377988	0.170078809516517	0.114343903133387	0.172621153650218	0.136671586629865	0.164870120926584	0.133657102419213	0.138019281233657	0.147497306133558	0.121357134010624	0.109324241791413	0.160516498166572	0.15167067596637	0.15767675376469	0.132308344384865	0.102710781646628	0.120674187312302	0.143584234939593	0.104750043160888	0.173040378856517	0.143723199492961	0.13061502910437	0.140644462739937	0.138771374387745
700024743	0.122787118352286	0.123135952245778	0.103699796072623	0.12067176054933	0.13127380821746	0.119981442533905	0.0968427315744644	0.12968162742925	0.133750223580497	0.110517293645326	0.104915809369486	0.106916191578097	0.126624552823613	0.127296189110048	0.121939822050214	0.130015160764518	0.121481699378214	0.144530760843844	0.124406713742579	0.107031712162801	0.106059051003755	0.098097257899647	0.110578916446355	0.127816943530586	0.101970621207397	0.137050602502358	0.143562557168281	0.135968549909109	0.107412433263888	0.12558838071836	0.120641185207279	0.0894465404166876	0.0997090760613152	0.102449000732968	0.133672397347365	0	0.133274747090019	0.127731489455907	0.113096943993493	0.128722344917583	0.12806706590223	0.109057400829107	0.122920787210095	0.0901411129889701	0.100232990473407	0.106294994924662	0.121982633361954	0.0941437381357693	0.121225077568643	0.0977920180726397	0.0910994843717976	0.123381795657372	0.114781426044836	0.0994972242599507	0.145918491068915	0.124005555455568	0.102465821821786	0.101738322194142	0.0878734285244984	0.0997949526351421
