700108602	700014971	700033565	700109389	700023058	700023927	700106341	700114221	700023543	700023439	700016978	700024192	700113058	700099448	700109870	700033928	700023693	700109627	700095416	700110425	700111580	700111302	700098605	700111991	700108960	700024452	700032931	700095837	700024548	700110161	700023496	700034628	700023645	700038744	700038485	700024743	700099596	700110760	700101587	700106399	700032322	700095653	700021312	700101230	700023590	700038905	700033136	700023382	700096424	700105469	700016908	700096053	700108479	700109569	700033814	700016125	700109756	700102665	700101777	700109455
700108602	0	-0.174405406297964	-0.202955221066565	-0.123996752078656	-0.137968703220473	-0.201212835478918	-0.0726235931973779	-0.226689454512207	-0.0864824887909327	-0.209387366456295	-0.145466773214241	-0.206538017256255	-0.225054306191086	-0.166929912183646	-0.213617718246443	-0.115600915634782	-0.220689177681905	-0.196910754305151	-0.0901040905085172	-0.0957483215329748	-0.108666588115607	-0.140940782232243	-0.109109833991852	-0.068481163470749	-0.1007668231457	-0.122366910716234	-0.162847381208706	-0.183723497963432	-0.19096927575915	-0.205198833019373	-0.193123165915423	-0.146700140140425	-0.151709443375579	-0.194209602008861	-0.124434605565125	-0.125304850650282	-0.159520988341715	-0.208632956048742	-0.0879095202686003	-0.255382013961228	-0.111832394245705	-0.207817684694923	-0.144161519664598	-0.131093391170554	-0.176769091530205	-0.162021377465057	-0.116538678327742	-0.207817154889384	-0.168979507549908	-0.176120838309664	-0.140482064686895	-0.0851299784604722	-0.0811512795792909	-0.114654355592263	-0.0908995246955093	-0.204164415479278	-0.125310747413028	-0.0784633680613278	-0.173145418659282	-0.109048025900135
700014971	-0.174405406297964	0	-0.172740701771581	-0.219774165996423	-0.128408762640951	-0.150639724064423	-0.190280416492544	-0.139773478156958	-0.141778336227823	-0.132662663223183	-0.12814686625743	-0.197861960158689	-0.146554057946485	-0.111044384705943	-0.160149953107786	-0.170001994317403	-0.140360715519838	-0.176353042295977	-0.167186143108292	-0.162033426136087	-0.171313483454208	-0.150123743096188	-0.136403264701799	-0.178260427693838	-0.201008213400772	-0.150867951435019	-0.114073328126834	-0.137308567746253	-0.10522751602571	-0.122613460578328	-0.130064780376075	-0.171756625789845	-0.146276941116958	-0.131409147004283	-0.135852852524891	-0.139093785426543	-0.164927148624611	-0.170461082179476	-0.153959924905476	-0.151689144018837	-0.145360715164643	-0.149837144559364	-0.13697176395866	-0.166673181505458	-0.131353485673634	-0.12668883117715	-0.122081367203652	-0.144017308636697	-0.134192471214911	-0.17912130558753	-0.17865563332053	-0.168841289227605	-0.181306637105893	-0.127402898583496	-0.183045242220064	-0.137564941297246	-0.159859853056298	-0.183511052817426	-0.161853691588345	-0.183701891742685
700033565	-0.202955221066565	-0.172740701771581	0	-0.23324909440185	-0.183493037778177	-0.075047101408261	-0.19531457288757	-0.103472867262863	-0.176596840431114	-0.0945749736875053	-0.0961621588178025	-0.0597017362323176	-0.11492428101634	-0.146199968083639	-0.100545715198423	-0.132498677630914	-0.0986535626817196	-0.101099911550664	-0.166535949898354	-0.185074626390532	-0.171880835226392	-0.0910189531043264	-0.184536825884665	-0.193086467371761	-0.177841762969591	-0.213471568596735	-0.151126847284088	-0.178631021598543	-0.166359415377203	-0.119073218141887	-0.103016497582629	-0.132042802734524	-0.102483435857589	-0.0837555806206122	-0.196333176746475	-0.120906485065034	-0.15837816298696	-0.0946762066313381	-0.178052778380165	-0.147036579705171	-0.156056584479197	-0.0678293841331721	-0.16322916540799	-0.149330348224509	-0.123369861763878	-0.155260383867867	-0.156604602437415	-0.093155151800744	-0.125608672168751	-0.0843569844339985	-0.0912424020379626	-0.21378956682906	-0.203204018012086	-0.134091185475407	-0.235093833276791	-0.0961064171605223	-0.145304323521057	-0.203235084582781	-0.0779874750036875	-0.183400056601756
700109389	-0.123996752078656	-0.219774165996423	-0.23324909440185	0	-0.188498181789638	-0.25307474810301	-0.113842262949913	-0.242211349114266	-0.172170212519073	-0.247556496673141	-0.196844824169698	-0.230085501418498	-0.243428552647116	-0.21859174280311	-0.227593019209894	-0.16951369835204	-0.247343665532051	-0.248577674532158	-0.181649907797904	-0.114811671349376	-0.148399622619433	-0.200689952220655	-0.142819378858371	-0.149740287153721	-0.138319294900315	-0.149454678091571	-0.231453854175982	-0.213085612659274	-0.198911853446688	-0.232188542060499	-0.24274165921975	-0.216974271090424	-0.197623951320524	-0.233707172416088	-0.164368187373283	-0.175003831246819	-0.236711149187674	-0.255615528421993	-0.146275494345149	-0.246614223366851	-0.161353278416245	-0.23871093958706	-0.20346299191605	-0.186208223416969	-0.204714458089058	-0.181990481729898	-0.193195630202742	-0.235444374730056	-0.220003856247859	-0.213627982983676	-0.180552687131702	-0.11959844347231	-0.0766315345878728	-0.193290320212102	-0.126223824539277	-0.237215621905701	-0.131454813714651	-0.119685425810068	-0.197563980723119	-0.166320451724723
700023058	-0.137968703220473	-0.128408762640951	-0.183493037778177	-0.188498181789638	0	-0.150711240618263	-0.151639845188892	-0.166673795344384	-0.115219590617116	-0.156998385327415	-0.137161396452738	-0.191418562886517	-0.18118389159022	-0.123964182612092	-0.175152664437132	-0.136764365907997	-0.168992349022014	-0.159381052160021	-0.128913125146029	-0.140528534576245	-0.156226243343822	-0.160131114777486	-0.136428334981375	-0.136873957324254	-0.185520059206769	-0.11780943805175	-0.134049085400622	-0.169121355706267	-0.150954878338193	-0.163524594526412	-0.149774773392899	-0.186282952128894	-0.137910799085737	-0.156657593292506	-0.105890028115743	-0.147550475135383	-0.128019707732428	-0.153639611655992	-0.108952505676032	-0.196158203242043	-0.116455469065161	-0.169698292722111	-0.121496564889886	-0.160058893412628	-0.144472697279032	-0.134047701223647	-0.103131025700971	-0.168344541580424	-0.12960147873723	-0.192459254129227	-0.162643019935287	-0.136026259971298	-0.148305085690189	-0.115936888375348	-0.156263324115812	-0.176233800730385	-0.153197519971486	-0.155420035854075	-0.171667097723538	-0.160434753363245
700023927	-0.201212835478918	-0.150639724064423	-0.075047101408261	-0.25307474810301	-0.150711240618263	0	-0.217396847026525	-0.109728082677613	-0.176826956410809	-0.0718089955048668	-0.106303312990475	-0.0983333109131739	-0.120659761502922	-0.107182638317153	-0.105636537364706	-0.148678483911932	-0.102141127648527	-0.0700782843958965	-0.171644959015706	-0.19421035485923	-0.179280818294746	-0.124681388286741	-0.176150327452493	-0.190621232662741	-0.199489969005072	-0.205877779604553	-0.132833836662734	-0.188955850632203	-0.154276487114164	-0.11389956741966	-0.0600526622369427	-0.159110706117764	-0.111355305338599	-0.070152157703366	-0.186874334350539	-0.14505454637273	-0.130996114307057	-0.0586785626544949	-0.18537140476864	-0.148350779778547	-0.151578160150132	-0.0780021499950884	-0.129375254401525	-0.17225563535975	-0.120291820560928	-0.142737174890447	-0.139251661708836	-0.10402022903493	-0.077964190159758	-0.110487834183962	-0.122115168568176	-0.21863275915821	-0.223064633227515	-0.123634201164413	-0.231966703294428	-0.104371112885289	-0.151966949528455	-0.212494751155764	-0.107416706596184	-0.196622054308467
700106341	-0.0726235931973779	-0.190280416492544	-0.19531457288757	-0.113842262949913	-0.151639845188892	-0.217396847026525	0	-0.224657706001708	-0.089983481074388	-0.222110274240906	-0.142619192431048	-0.189731823149962	-0.22533871474558	-0.190282277986695	-0.209416577796453	-0.119096661134851	-0.221074758796225	-0.219843575514883	-0.112246059113204	-0.0830046248872306	-0.0928530953884674	-0.138659172705433	-0.121340584071172	-0.0995602510795541	-0.0748184963807427	-0.15736343025153	-0.203275517213021	-0.202097188396831	-0.202571018215167	-0.213671655761678	-0.203024779975547	-0.126566909922241	-0.15462252189731	-0.202776273654329	-0.158149568250971	-0.107834804884623	-0.189842741487971	-0.224420387301058	-0.0927793594369252	-0.253796417505266	-0.125705657335695	-0.203232300385248	-0.146460439904315	-0.113213124568447	-0.173054408215837	-0.174946041534265	-0.143113294621565	-0.198108577881745	-0.187621485515816	-0.161831292928502	-0.147793114777193	-0.0692230611487505	-0.0830040760543793	-0.130851891440326	-0.112189945525151	-0.201936070850756	-0.105645801776428	-0.0748729688458124	-0.166459890891863	-0.0810351399350039
700114221	-0.226689454512207	-0.139773478156958	-0.103472867262863	-0.242211349114266	-0.166673795344384	-0.109728082677613	-0.224657706001708	0	-0.191822753255617	-0.0741417205895251	-0.139568666922221	-0.12150812992179	-0.0706910101994597	-0.142160401125167	-0.0709768355894522	-0.177197146350295	-0.0612171374628134	-0.157805440701385	-0.209265799069614	-0.192684128599974	-0.202480526087515	-0.159646950397569	-0.197817341257284	-0.228955540666011	-0.233658456364359	-0.215133771598223	-0.132859987267802	-0.156248526699542	-0.122417700230127	-0.101521843911079	-0.121098990173872	-0.182093305145509	-0.131118009643267	-0.0996867056786582	-0.199677759634792	-0.158779714697121	-0.180947613396254	-0.099570861905829	-0.193762596955904	-0.088732548667878	-0.163232168704185	-0.0745116459609377	-0.185663261866637	-0.185994570286218	-0.10235387172273	-0.127449672107401	-0.156817793550868	-0.0716809026265906	-0.139924859276596	-0.141605009956303	-0.157448539583167	-0.221320233546057	-0.21686245382735	-0.16554250023539	-0.252417952057961	-0.0850031200051251	-0.161849951565628	-0.233609491222527	-0.123061073099486	-0.212812429065104
700023543	-0.0864824887909327	-0.141778336227823	-0.176596840431114	-0.172170212519073	-0.115219590617116	-0.176826956410809	-0.089983481074388	-0.191822753255617	0	-0.172711662943452	-0.119886720144653	-0.181198858211702	-0.195738414910121	-0.151026459932668	-0.187523510219004	-0.0968058059930675	-0.185344174669101	-0.187143517987355	-0.0895444335780228	-0.118961505019444	-0.117621625351078	-0.117731823787219	-0.108354032779283	-0.102842752497363	-0.131144901736272	-0.131961382221381	-0.149963105618571	-0.165698888132103	-0.183031278979825	-0.176671390445577	-0.160366084808872	-0.109770516948716	-0.127366626665369	-0.159861836005081	-0.123898331196605	-0.11440250099867	-0.14540839570648	-0.184650865237757	-0.0857637617237846	-0.225224779340362	-0.105959960107291	-0.171927266435115	-0.125048369143292	-0.0966031623849222	-0.159615268009587	-0.148436729036922	-0.0976366641896226	-0.171981606283708	-0.161040657316997	-0.147247173493858	-0.137541181553624	-0.0908967473975084	-0.116112202999363	-0.0976986033949112	-0.120510881050656	-0.170536485777114	-0.140683721330419	-0.0949087855434693	-0.151815033861049	-0.0951625805012791
700023439	-0.209387366456295	-0.132662663223183	-0.0945749736875053	-0.247556496673141	-0.156998385327415	-0.0718089955048668	-0.222110274240906	-0.0741417205895251	-0.172711662943452	0	-0.118730261066864	-0.120793505906646	-0.0844008229090942	-0.111859626325636	-0.0942997294438075	-0.154132123147215	-0.0680602528816028	-0.114154135092497	-0.177809837475682	-0.192380663475604	-0.180115675777308	-0.139877928686878	-0.178071399282346	-0.193115101039208	-0.218523686732768	-0.205919457590378	-0.112185230427435	-0.162788004983969	-0.128636947816458	-0.0937796445587216	-0.0826906758067827	-0.165974558605251	-0.107857484573269	-0.0698659480775247	-0.186831990613012	-0.147271254008154	-0.146210505137343	-0.0770970007838667	-0.180293473112617	-0.110023085357125	-0.137375197972962	-0.0677718510688828	-0.150744357767816	-0.176743269394622	-0.0975150777933337	-0.117755473977147	-0.129912696942897	-0.077445018697677	-0.0969539771938005	-0.127518708176859	-0.13894938646191	-0.212979441782087	-0.219191424448599	-0.127268253701468	-0.237596611770118	-0.0792300926801004	-0.159335136823051	-0.20783474161094	-0.112959791319272	-0.201774017380569
700016978	-0.145466773214241	-0.12814686625743	-0.0961621588178025	-0.196844824169698	-0.137161396452738	-0.106303312990475	-0.142619192431048	-0.139568666922221	-0.119886720144653	-0.118730261066864	0	-0.105532625695154	-0.136676214174443	-0.124402027288888	-0.142276771263004	-0.0887387839272897	-0.126433363472879	-0.112036883985401	-0.117501186625184	-0.128263085144883	-0.127268548548142	-0.0625177298001288	-0.143218675973284	-0.137995541323108	-0.128740613189123	-0.160019209708377	-0.121148736996288	-0.141797437410919	-0.153547963666058	-0.132131216008668	-0.0918338510529432	-0.0962757960684469	-0.0736651996228151	-0.0905340855405254	-0.148994651923833	-0.0870929745599985	-0.1296574459769	-0.130345168605482	-0.117454153556055	-0.170671146412331	-0.106151035178519	-0.0955216892174434	-0.109987114918556	-0.104828379728485	-0.105814313780855	-0.127155439557828	-0.113032506998768	-0.113123144533591	-0.109187425364963	-0.103898869424467	-0.0945111030937194	-0.159333632188583	-0.15056708887077	-0.087566319941677	-0.179108750504382	-0.104863621200116	-0.117695536858364	-0.145564153191598	-0.0938144457383493	-0.137861961212669
700024192	-0.206538017256255	-0.197861960158689	-0.0597017362323176	-0.230085501418498	-0.191418562886517	-0.0983333109131739	-0.189731823149962	-0.12150812992179	-0.181198858211702	-0.120793505906646	-0.105532625695154	0	-0.125670143536817	-0.173610643200142	-0.102764414536543	-0.135956389181123	-0.123885753464459	-0.120434236329287	-0.173682508233031	-0.183937335027859	-0.161416045383547	-0.0953726542377669	-0.193964975632325	-0.20614695270447	-0.170889506491158	-0.220211294687022	-0.176670186301655	-0.18727172898485	-0.175291976254588	-0.146850921672196	-0.111553684849385	-0.130604798829827	-0.103477152440074	-0.103053934972889	-0.21299133091002	-0.137101764795836	-0.172882810221512	-0.11680857985492	-0.186426351730153	-0.15412587661744	-0.152013174081836	-0.0759927521729126	-0.177576071278468	-0.142727353371552	-0.118471976545505	-0.157946872981478	-0.17113555960153	-0.093077696812002	-0.145118413422104	-0.0811838056542998	-0.0985427699782432	-0.21748570928388	-0.208517327953097	-0.138565810299685	-0.247363760397756	-0.106738104171169	-0.135184704555566	-0.202003802168056	-0.094095979555743	-0.179618625446098
700113058	-0.225054306191086	-0.146554057946485	-0.11492428101634	-0.243428552647116	-0.18118389159022	-0.120659761502922	-0.22533871474558	-0.0706910101994597	-0.195738414910121	-0.0844008229090942	-0.136676214174443	-0.125670143536817	0	-0.148092661491507	-0.0817687660014654	-0.17572791576709	-0.0861990174169249	-0.157874385302014	-0.208306760268134	-0.191455535732161	-0.206973277678346	-0.16034060406079	-0.196005646769846	-0.230633168475725	-0.234374224933283	-0.219729310188692	-0.13504916611597	-0.150520328434189	-0.136758336041678	-0.111219374553258	-0.117393992751013	-0.17797364614055	-0.13147062785506	-0.100837062623869	-0.209590301812867	-0.166872550222945	-0.185105308967048	-0.119746933775931	-0.190461881573114	-0.102435438306679	-0.172270429598946	-0.0824478827430744	-0.190955490734677	-0.187120917767595	-0.113570857353754	-0.125809686851927	-0.169329450949505	-0.0820200650449133	-0.1394540787648	-0.14338507069689	-0.160763867621279	-0.224967902664199	-0.220368924399386	-0.174153125711828	-0.257838518138756	-0.0732223551953778	-0.171563202755855	-0.232884923908504	-0.12403205111947	-0.209838801360442
700099448	-0.166929912183646	-0.111044384705943	-0.146199968083639	-0.21859174280311	-0.123964182612092	-0.107182638317153	-0.190282277986695	-0.142160401125167	-0.151026459932668	-0.111859626325636	-0.124402027288888	-0.173610643200142	-0.148092661491507	0	-0.145322600482024	-0.153832227924603	-0.128777808357408	-0.120760730055802	-0.143422211281181	-0.160790202263826	-0.170539917772527	-0.144817175901756	-0.151110264298673	-0.151457598280619	-0.19562385452747	-0.145791242424503	-0.090092088877729	-0.167225133254998	-0.124223110497424	-0.114043973864926	-0.104046790367973	-0.179478234268831	-0.121293159693099	-0.103884761683566	-0.128754788451796	-0.141978531310209	-0.12365399006396	-0.116798280953403	-0.155725005185012	-0.177065083001842	-0.136125296515083	-0.134280380721752	-0.111801265493031	-0.178807360262982	-0.112160565011095	-0.124417195505395	-0.103998281766606	-0.136896365564019	-0.0717605992024951	-0.156416323460175	-0.148660647135522	-0.171009656145965	-0.187932876989794	-0.118056072120889	-0.184888393564633	-0.134840276653841	-0.141250161402112	-0.181723588568513	-0.133212803181666	-0.182985988780527
700109870	-0.213617718246443	-0.160149953107786	-0.100545715198423	-0.227593019209894	-0.175152664437132	-0.105636537364706	-0.209416577796453	-0.0709768355894522	-0.187523510219004	-0.0942997294438075	-0.142276771263004	-0.102764414536543	-0.0817687660014654	-0.145322600482024	0	-0.169059100331545	-0.0848035813201977	-0.156401233312177	-0.205472720185047	-0.179173395649141	-0.182184464200916	-0.148766756660038	-0.188148569050697	-0.227451781677635	-0.211851716615485	-0.217529928635467	-0.147769806992787	-0.175345024272775	-0.13729680455124	-0.10136818957621	-0.12798340368531	-0.17184009483042	-0.138639260983942	-0.111465036141024	-0.209496174896739	-0.166688252675988	-0.187102754696559	-0.0930693226840701	-0.193931209616296	-0.1152271289058	-0.171734907145987	-0.0642882646941846	-0.192193603125272	-0.172255190064198	-0.101077207639812	-0.133425404920726	-0.16354683734447	-0.0727470509873361	-0.139051315367855	-0.118052243950631	-0.144277303362058	-0.214826031661859	-0.206165644107868	-0.162306420719212	-0.246686333584011	-0.0833302845291066	-0.136840150326348	-0.219488215238334	-0.106368825378622	-0.197853862347611
700033928	-0.115600915634782	-0.170001994317403	-0.132498677630914	-0.16951369835204	-0.136764365907997	-0.148678483911932	-0.119096661134851	-0.177197146350295	-0.0968058059930675	-0.154132123147215	-0.0887387839272897	-0.135956389181123	-0.17572791576709	-0.153832227924603	-0.169059100331545	0	-0.167281641855971	-0.149756607801749	-0.102096001492718	-0.122945373831159	-0.113651105391043	-0.0840638948891793	-0.130225988500951	-0.10852974036634	-0.127375281880755	-0.157520035347391	-0.157097662396885	-0.152783031707879	-0.179374711954707	-0.16154110661113	-0.139583438021132	-0.115472103689606	-0.0887093942209935	-0.135224701746747	-0.143707972302583	-0.121282983017503	-0.132322713366326	-0.170054342167884	-0.0996743041576825	-0.208676956090181	-0.0923073637203454	-0.131749053310609	-0.12513619128982	-0.112856101545316	-0.129400301140537	-0.142306428946139	-0.115852691155187	-0.152010329085846	-0.141408904249265	-0.113084236553344	-0.0918776353532664	-0.124713612431076	-0.12767961733089	-0.107231978524443	-0.158356662891492	-0.136488877391848	-0.132630363833296	-0.111691473812469	-0.121700920653533	-0.116805895982908
700023693	-0.220689177681905	-0.140360715519838	-0.0986535626817196	-0.247343665532051	-0.168992349022014	-0.102141127648527	-0.221074758796225	-0.0612171374628134	-0.185344174669101	-0.0680602528816028	-0.126433363472879	-0.123885753464459	-0.0861990174169249	-0.128777808357408	-0.0848035813201977	-0.167281641855971	0	-0.142752171179745	-0.198877733583472	-0.188504736472325	-0.178635501377467	-0.14852751840728	-0.188972378549301	-0.216543259637297	-0.223081911459135	-0.216786381114362	-0.128991015556135	-0.169638163627602	-0.122735810251937	-0.112120687365342	-0.101487189694867	-0.177350996588036	-0.121547972098945	-0.0956419768615908	-0.200961859198252	-0.148842520191525	-0.167243201442186	-0.109533241798636	-0.187735132074242	-0.0899022849019049	-0.150322085480687	-0.0726148539459851	-0.170521189013737	-0.181321143365203	-0.0833655761806375	-0.108757109923338	-0.14062669543019	-0.0686489563560534	-0.121911291936153	-0.136514110134676	-0.145848360069249	-0.21822884459592	-0.214503792309519	-0.150352619556358	-0.248486211579874	-0.0823368931386896	-0.149210033600703	-0.222231745675183	-0.119887935749312	-0.202990900337476
700109627	-0.196910754305151	-0.176353042295977	-0.101099911550664	-0.248577674532158	-0.159381052160021	-0.0700782843958965	-0.219843575514883	-0.157805440701385	-0.187143517987355	-0.114154135092497	-0.112036883985401	-0.120434236329287	-0.157874385302014	-0.120760730055802	-0.156401233312177	-0.149756607801749	-0.142752171179745	0	-0.169750487314498	-0.198039609656964	-0.197207852534203	-0.124933134904127	-0.192486444395248	-0.173128565769816	-0.195687917508337	-0.200470427411593	-0.129740890591681	-0.188137976134552	-0.195070757532689	-0.140691258079885	-0.0873166029670261	-0.166993568279452	-0.13112057231898	-0.0984420950318945	-0.179762260125854	-0.158223929245968	-0.110373500969966	-0.0865715704267904	-0.189031080056184	-0.187742932308355	-0.167147200890838	-0.119798686658972	-0.133468094252308	-0.167319827410385	-0.157232145844255	-0.171903326032374	-0.152949100437273	-0.142684950598678	-0.0879336960948323	-0.132945661079414	-0.118406428691645	-0.224305429091037	-0.217539638599092	-0.140742012923263	-0.22345300143212	-0.13609646299417	-0.178044400556217	-0.213553764449058	-0.128045841736077	-0.208952338479673
700095416	-0.0901040905085172	-0.167186143108292	-0.166535949898354	-0.181649907797904	-0.128913125146029	-0.171644959015706	-0.112246059113204	-0.209265799069614	-0.0895444335780228	-0.177809837475682	-0.117501186625184	-0.173682508233031	-0.208306760268134	-0.143422211281181	-0.205472720185047	-0.102096001492718	-0.198877733583472	-0.169750487314498	0	-0.127281792951614	-0.107448563150195	-0.113272705478535	-0.121581592753491	-0.0786706450527317	-0.118627505133208	-0.131951262853765	-0.148912490643617	-0.180981016247287	-0.185666509224472	-0.188377485833773	-0.160356932791857	-0.125641758445439	-0.116183141773161	-0.166858192287436	-0.126658901323351	-0.111293894929242	-0.131215855102278	-0.182833408728262	-0.0947233232194824	-0.240123495582618	-0.0982708860017321	-0.17946935137601	-0.103511262604601	-0.125141776346236	-0.15943539319224	-0.154364456428186	-0.0951384497262604	-0.181589276096927	-0.147035055159721	-0.147367004508974	-0.118641696830093	-0.122208583193235	-0.130517911991503	-0.0847469852998262	-0.118820566775127	-0.173656357546281	-0.133775768049745	-0.110987779796201	-0.149379713614737	-0.112715147408605
700110425	-0.0957483215329748	-0.162033426136087	-0.185074626390532	-0.114811671349376	-0.140528534576245	-0.19421035485923	-0.0830046248872306	-0.192684128599974	-0.118961505019444	-0.192380663475604	-0.128263085144883	-0.183937335027859	-0.191455535732161	-0.160790202263826	-0.179173395649141	-0.122945373831159	-0.188504736472325	-0.198039609656964	-0.127281792951614	0	-0.105635534079088	-0.134917667214963	-0.117394652547769	-0.118721421761186	-0.100085024328833	-0.147111296386845	-0.164659563743084	-0.157949042825817	-0.167926126038423	-0.174500285046354	-0.179748460045191	-0.154587608980595	-0.13869364068293	-0.175253985338841	-0.138617544850505	-0.107566197933853	-0.172018534694907	-0.204627606210712	-0.102304953512493	-0.221586503484668	-0.115847756905756	-0.174787636666723	-0.134705605117841	-0.106050057608803	-0.143341910121914	-0.137765238077415	-0.125474957590864	-0.173846683990088	-0.159287101640712	-0.16531394349042	-0.146198592721308	-0.0794405806177809	-0.0663124738570869	-0.128311241269398	-0.124124525338728	-0.173994442798229	-0.0854544855314518	-0.0938056607593589	-0.15202461250538	-0.114799779233878
700111580	-0.108666588115607	-0.171313483454208	-0.171880835226392	-0.148399622619433	-0.156226243343822	-0.179280818294746	-0.0928530953884674	-0.202480526087515	-0.117621625351078	-0.180115675777308	-0.127268548548142	-0.161416045383547	-0.206973277678346	-0.170539917772527	-0.182184464200916	-0.113651105391043	-0.178635501377467	-0.197207852534203	-0.107448563150195	-0.105635534079088	0	-0.111521352412481	-0.106099334430861	-0.107703909296859	-0.0771021977755871	-0.175378903656639	-0.186571646740681	-0.205224320271902	-0.164950638144087	-0.196461709439934	-0.164939127800707	-0.122164074926312	-0.129410119883008	-0.179174776546712	-0.17378258653108	-0.103518628551161	-0.18268919310124	-0.194500733189055	-0.125642942659343	-0.222029464391429	-0.104347209055151	-0.166041879248641	-0.133585208587296	-0.125951029799422	-0.131142589534859	-0.139726360812919	-0.126678905714545	-0.168175112770207	-0.153617405577258	-0.131337036151561	-0.120999454485364	-0.105194372488373	-0.12188687167893	-0.100356414797667	-0.142561397694295	-0.175485028863154	-0.08271389648623	-0.0840631629836337	-0.130286912781733	-0.0928958278749661
700111302	-0.140940782232243	-0.150123743096188	-0.0910189531043264	-0.200689952220655	-0.160131114777486	-0.124681388286741	-0.138659172705433	-0.159646950397569	-0.117731823787219	-0.139877928686878	-0.0625177298001288	-0.0953726542377669	-0.16034060406079	-0.144817175901756	-0.148766756660038	-0.0840638948891793	-0.14852751840728	-0.124933134904127	-0.113272705478535	-0.134917667214963	-0.111521352412481	0	-0.141625944494885	-0.138852212733879	-0.115787893355253	-0.177256203195339	-0.140644477140255	-0.161163801247706	-0.176153198999655	-0.150136479133191	-0.117879822887611	-0.0812000092005517	-0.0827376437709325	-0.11040380860971	-0.166888365590958	-0.0970764312886237	-0.136251989150145	-0.147411840957199	-0.130840017334041	-0.193400928489018	-0.123835504567067	-0.108301146783084	-0.125586722972857	-0.109371645675822	-0.124382809430307	-0.154394243912501	-0.125407531484168	-0.125681438076051	-0.129870711610467	-0.0743845233430679	-0.0739064669600824	-0.15418354846325	-0.158552900220297	-0.0902561412902256	-0.18403581960804	-0.120963545513286	-0.120144792124142	-0.140227939171128	-0.0839211581584551	-0.129891012333551
700098605	-0.109109833991852	-0.136403264701799	-0.184536825884665	-0.142819378858371	-0.136428334981375	-0.176150327452493	-0.121340584071172	-0.197817341257284	-0.108354032779283	-0.178071399282346	-0.143218675973284	-0.193964975632325	-0.196005646769846	-0.151110264298673	-0.188148569050697	-0.130225988500951	-0.188972378549301	-0.192486444395248	-0.121581592753491	-0.117394652547769	-0.106099334430861	-0.141625944494885	0	-0.111531612137666	-0.144484159803571	-0.134136340588015	-0.153016428602933	-0.173863057974194	-0.16244988835564	-0.183499313929115	-0.164171366576744	-0.163744272612995	-0.142088946048462	-0.172513348128237	-0.135299567260448	-0.125580229934256	-0.158702063681926	-0.185081445831565	-0.118420224077962	-0.206069982003144	-0.108745833630545	-0.180465796098937	-0.144443590082017	-0.149830200740733	-0.165015441501111	-0.131041083655498	-0.117395701526916	-0.182587992684721	-0.158769718892214	-0.172809722516787	-0.154625371170289	-0.117235753793615	-0.121851399967381	-0.110187051842453	-0.104913936177145	-0.182108350443903	-0.122763933632721	-0.12918187911556	-0.159936778761859	-0.112377513272093
700111991	-0.068481163470749	-0.178260427693838	-0.193086467371761	-0.149740287153721	-0.136873957324254	-0.190621232662741	-0.0995602510795541	-0.228955540666011	-0.102842752497363	-0.193115101039208	-0.137995541323108	-0.20614695270447	-0.230633168475725	-0.151457598280619	-0.227451781677635	-0.10852974036634	-0.216543259637297	-0.173128565769816	-0.0786706450527317	-0.118721421761186	-0.107703909296859	-0.138852212733879	-0.111531612137666	0	-0.113710805404797	-0.119254700138005	-0.151018808075707	-0.186326890841112	-0.195238530780287	-0.202981939368212	-0.180635477891347	-0.160054349297954	-0.148451348258943	-0.187979839287018	-0.119013019730771	-0.121764741571935	-0.144086310037923	-0.191622396919721	-0.0953383887382604	-0.25934396782693	-0.106709140209518	-0.202328006019856	-0.123997749318861	-0.139105964946468	-0.177329533739838	-0.166012745320635	-0.102549940941331	-0.208696782867707	-0.158984776411253	-0.176934064124458	-0.139896709143545	-0.109097620527334	-0.118233991318086	-0.110642334348373	-0.0864112087222219	-0.203257447454142	-0.142093650171321	-0.0978112505541558	-0.17344113101558	-0.124609057969219
700108960	-0.1007668231457	-0.201008213400772	-0.177841762969591	-0.138319294900315	-0.185520059206769	-0.199489969005072	-0.0748184963807427	-0.233658456364359	-0.131144901736272	-0.218523686732768	-0.128740613189123	-0.170889506491158	-0.234374224933283	-0.19562385452747	-0.211851716615485	-0.127375281880755	-0.223081911459135	-0.195687917508337	-0.118627505133208	-0.100085024328833	-0.0771021977755871	-0.115787893355253	-0.144484159803571	-0.113710805404797	0	-0.194615518157699	-0.211806652631601	-0.218106177865058	-0.209498614458581	-0.213734874779545	-0.19310916342968	-0.111057442080382	-0.153879579414021	-0.194441287700766	-0.19330932280664	-0.10998658891245	-0.198946741950598	-0.219330575513154	-0.124426555175822	-0.264223718213923	-0.141790352104201	-0.190820886637715	-0.149422878754042	-0.113458081426951	-0.172304726692044	-0.194612374945847	-0.167084427334914	-0.205553318082368	-0.181378153841034	-0.132573338667951	-0.120389659642598	-0.108525280887968	-0.104054733377353	-0.123245065912291	-0.132401280491695	-0.200759168403672	-0.103037228647907	-0.082195612316112	-0.143405088160005	-0.0903143727387163
700024452	-0.122366910716234	-0.150867951435019	-0.213471568596735	-0.149454678091571	-0.11780943805175	-0.205877779604553	-0.15736343025153	-0.215133771598223	-0.131961382221381	-0.205919457590378	-0.160019209708377	-0.220211294687022	-0.219729310188692	-0.145791242424503	-0.217529928635467	-0.157520035347391	-0.216786381114362	-0.200470427411593	-0.131951262853765	-0.147111296386845	-0.175378903656639	-0.177256203195339	-0.134136340588015	-0.119254700138005	-0.194615518157699	0	-0.145049642336684	-0.167898653107136	-0.151102051060571	-0.188155841234344	-0.196639107324598	-0.201490608990878	-0.168167230284544	-0.194105357870135	-0.0578553432362078	-0.146805008811734	-0.168433928934289	-0.20304442749713	-0.111497891677629	-0.223446738473519	-0.134319144085164	-0.211579750613876	-0.162429440200554	-0.177464065195485	-0.182161687185311	-0.143982173510852	-0.109626295112528	-0.211949069101254	-0.172541432748156	-0.211767500094124	-0.186085658271317	-0.123567337819327	-0.138329760798739	-0.143322347108645	-0.112595408498848	-0.211055273659403	-0.162976033613774	-0.152047647966214	-0.188360404841015	-0.182946057769532
700032931	-0.162847381208706	-0.114073328126834	-0.151126847284088	-0.231453854175982	-0.134049085400622	-0.132833836662734	-0.203275517213021	-0.132859987267802	-0.149963105618571	-0.112185230427435	-0.121148736996288	-0.176670186301655	-0.13504916611597	-0.090092088877729	-0.147769806992787	-0.157097662396885	-0.128991015556135	-0.129740890591681	-0.148912490643617	-0.164659563743084	-0.186571646740681	-0.140644477140255	-0.153016428602933	-0.151018808075707	-0.211806652631601	-0.145049642336684	0	-0.145157173563382	-0.145308762937628	-0.122787696183184	-0.12395838335366	-0.17543058748841	-0.13068209462834	-0.107911397974961	-0.137149439872975	-0.154312215019298	-0.117550677049726	-0.127512693611208	-0.160638155358588	-0.163613416170096	-0.140809473374521	-0.131502081401924	-0.134903365585424	-0.172028384908752	-0.127471582679092	-0.133949645161738	-0.110926082739907	-0.126084919828152	-0.10702659330795	-0.155978190591517	-0.163171899693031	-0.188474142357007	-0.194945625371937	-0.129886968288043	-0.18185953560393	-0.123799588535829	-0.167545447443126	-0.196105937001865	-0.1409036029606	-0.193925656200063
700095837	-0.183723497963432	-0.137308567746253	-0.178631021598543	-0.213085612659274	-0.169121355706267	-0.188955850632203	-0.202097188396831	-0.156248526699542	-0.165698888132103	-0.162788004983969	-0.141797437410919	-0.18727172898485	-0.150520328434189	-0.167225133254998	-0.175345024272775	-0.152783031707879	-0.169638163627602	-0.188137976134552	-0.180981016247287	-0.157949042825817	-0.205224320271902	-0.161163801247706	-0.173863057974194	-0.186326890841112	-0.218106177865058	-0.167898653107136	-0.145157173563382	0	-0.122187054823042	-0.1170683042032	-0.172632669107969	-0.192999361192343	-0.144829957177419	-0.148782491261246	-0.154617974700013	-0.169638795481392	-0.168498585427391	-0.195034399507775	-0.159358261515481	-0.174807032148372	-0.164709114205264	-0.162614441022996	-0.179975120187028	-0.161881025886336	-0.152259188507945	-0.149880892781224	-0.159052271878714	-0.156450926001376	-0.177886638544718	-0.187685337576401	-0.160796001414657	-0.187714722402778	-0.176147438934756	-0.174082229211228	-0.203102053979198	-0.152507897098461	-0.188440148867516	-0.197353975224518	-0.173306120112391	-0.20273893015607
700024548	-0.19096927575915	-0.10522751602571	-0.166359415377203	-0.198911853446688	-0.150954878338193	-0.154276487114164	-0.202571018215167	-0.122417700230127	-0.183031278979825	-0.128636947816458	-0.153547963666058	-0.175291976254588	-0.136758336041678	-0.124223110497424	-0.13729680455124	-0.179374711954707	-0.122735810251937	-0.195070757532689	-0.185666509224472	-0.167926126038423	-0.164950638144087	-0.176153198999655	-0.16244988835564	-0.195238530780287	-0.209498614458581	-0.151102051060571	-0.145308762937628	-0.122187054823042	0	-0.108865041935287	-0.151333523386464	-0.211955911417418	-0.142670673957696	-0.134944062545457	-0.146580000263559	-0.149178545723989	-0.191560594631767	-0.159602182718847	-0.165326029532972	-0.129698626586514	-0.143557273409709	-0.137921585305539	-0.170450327633414	-0.204306087809961	-0.0932206140882494	-0.0805756862069396	-0.143650612564581	-0.129621123879776	-0.130501329663038	-0.186861124390953	-0.168461865955071	-0.182727714395484	-0.181753841840457	-0.149159590118274	-0.194831846128355	-0.148794108776291	-0.138825002931346	-0.198879206801299	-0.15199633126642	-0.209385163838274
700110161	-0.205198833019373	-0.122613460578328	-0.119073218141887	-0.232188542060499	-0.163524594526412	-0.11389956741966	-0.213671655761678	-0.101521843911079	-0.176671390445577	-0.0937796445587216	-0.132131216008668	-0.146850921672196	-0.111219374553258	-0.114043973864926	-0.10136818957621	-0.16154110661113	-0.112120687365342	-0.140691258079885	-0.188377485833773	-0.174500285046354	-0.196461709439934	-0.150136479133191	-0.183499313929115	-0.202981939368212	-0.213734874779545	-0.188155841234344	-0.122787696183184	-0.1170683042032	-0.108865041935287	0	-0.120485336732027	-0.179348655910785	-0.138354877650823	-0.0923969133630614	-0.175382026595543	-0.156958195555206	-0.159365734670765	-0.107254429638937	-0.18164257472975	-0.141424266986783	-0.164166066539108	-0.100197469546086	-0.163306102345951	-0.172879942186425	-0.121542927562196	-0.147833813605122	-0.157101146041433	-0.106015820382722	-0.119249114622201	-0.138035911761978	-0.150428881209854	-0.197976240299378	-0.204442423134357	-0.149790764645096	-0.234406783125165	-0.108950846361909	-0.15606761112103	-0.208040400815768	-0.118760563574782	-0.201482516200396
700023496	-0.193123165915423	-0.130064780376075	-0.103016497582629	-0.24274165921975	-0.149774773392899	-0.0600526622369427	-0.203024779975547	-0.121098990173872	-0.160366084808872	-0.0826906758067827	-0.0918338510529432	-0.111553684849385	-0.117393992751013	-0.104046790367973	-0.12798340368531	-0.139583438021132	-0.101487189694867	-0.0873166029670261	-0.160356932791857	-0.179748460045191	-0.164939127800707	-0.117879822887611	-0.164171366576744	-0.180635477891347	-0.19310916342968	-0.196639107324598	-0.12395838335366	-0.172632669107969	-0.151333523386464	-0.120485336732027	0	-0.15086556308209	-0.0971020044325246	-0.0726620822383928	-0.177892954621691	-0.135982587119584	-0.127309074173237	-0.0943857325092029	-0.171676760993427	-0.150786506174334	-0.126066799494678	-0.0893583282154271	-0.119606956245206	-0.157866511091556	-0.110946263747958	-0.129938908604206	-0.12579189945319	-0.103731459336285	-0.0798056398221507	-0.120311510581772	-0.120424255009339	-0.205411350678622	-0.210733549598491	-0.110241175977894	-0.223441313443333	-0.093881961869258	-0.143464264397771	-0.199900964019652	-0.115529819720712	-0.183792390322743
700034628	-0.146700140140425	-0.171756625789845	-0.132042802734524	-0.216974271090424	-0.186282952128894	-0.159110706117764	-0.126566909922241	-0.182093305145509	-0.109770516948716	-0.165974558605251	-0.0962757960684469	-0.130604798829827	-0.17797364614055	-0.179478234268831	-0.17184009483042	-0.115472103689606	-0.177350996588036	-0.166993568279452	-0.125641758445439	-0.154587608980595	-0.122164074926312	-0.0812000092005517	-0.163744272612995	-0.160054349297954	-0.111057442080382	-0.201490608990878	-0.17543058748841	-0.192999361192343	-0.211955911417418	-0.179348655910785	-0.15086556308209	0	-0.124347848200513	-0.147690030039994	-0.193363350614003	-0.0987136709026002	-0.173051305491066	-0.17461612282584	-0.153825472686191	-0.211879829744643	-0.152334136997909	-0.140807278722009	-0.14884640822842	-0.0849392147001061	-0.153576341000305	-0.184465795977495	-0.149119267731677	-0.149712419315485	-0.167319922826747	-0.0926160662843629	-0.124177211867565	-0.160078015392408	-0.166172091268318	-0.116712027503773	-0.196888010600112	-0.139072169732121	-0.138635930583858	-0.130394150460427	-0.12107941626751	-0.0912559958821877
700023645	-0.151709443375579	-0.146276941116958	-0.102483435857589	-0.197623951320524	-0.137910799085737	-0.111355305338599	-0.15462252189731	-0.131118009643267	-0.127366626665369	-0.107857484573269	-0.0736651996228151	-0.103477152440074	-0.13147062785506	-0.121293159693099	-0.138639260983942	-0.0887093942209935	-0.121547972098945	-0.13112057231898	-0.116183141773161	-0.13869364068293	-0.129410119883008	-0.0827376437709325	-0.142088946048462	-0.148451348258943	-0.153879579414021	-0.168167230284544	-0.13068209462834	-0.144829957177419	-0.142670673957696	-0.138354877650823	-0.0971020044325246	-0.124347848200513	0	-0.0891020884545973	-0.154190878403501	-0.10302516535433	-0.127700596530182	-0.132136136668112	-0.1239438968879	-0.162029632673742	-0.0989476818768826	-0.0994894324139508	-0.115084051073469	-0.126832509649683	-0.092621328336201	-0.107068806008855	-0.105310420136718	-0.110117760621511	-0.100932803795994	-0.104856920064264	-0.0846994099519082	-0.161189271677009	-0.167370322457937	-0.0996735366617063	-0.187664227627158	-0.0952617516110302	-0.118128844688533	-0.146571779257159	-0.0960904949231008	-0.15122818693833
700038744	-0.194209602008861	-0.131409147004283	-0.0837555806206122	-0.233707172416088	-0.156657593292506	-0.070152157703366	-0.202776273654329	-0.0996867056786582	-0.159861836005081	-0.0698659480775247	-0.0905340855405254	-0.103053934972889	-0.100837062623869	-0.103884761683566	-0.111465036141024	-0.135224701746747	-0.0956419768615908	-0.0984420950318945	-0.166858192287436	-0.175253985338841	-0.179174776546712	-0.11040380860971	-0.172513348128237	-0.187979839287018	-0.194441287700766	-0.194105357870135	-0.107911397974961	-0.148782491261246	-0.134944062545457	-0.0923969133630614	-0.0726620822383928	-0.147690030039994	-0.0891020884545973	0	-0.176996909903933	-0.132068741320071	-0.131084082656456	-0.0935261055451377	-0.164575760725556	-0.128039783716167	-0.136804388981995	-0.075626321091329	-0.130450494676507	-0.156015200870354	-0.0994792425601008	-0.130452601329093	-0.138062182663484	-0.0816849135261363	-0.0887930111622292	-0.108872470525416	-0.117277398759706	-0.202282866853772	-0.206470028780709	-0.122280366096952	-0.226426450454948	-0.0792335630866621	-0.155183773142765	-0.194050881656808	-0.102522682098636	-0.189630634449746
