700108602	700014971	700033565	700109389	700023058	700023927	700106341	700114221	700023543	700023439	700016978	700024192	700113058	700099448	700109870	700033928	700023693	700109627	700095416	700110425	700111580	700111302	700098605	700111991	700108960	700024452	700032931	700095837	700024548	700110161	700023496	700034628	700023645	700038744	700038485	700024743	700099596	700110760	700101587	700106399	700032322	700095653	700021312	700101230	700023590	700038905	700033136	700023382	700096424	700105469	700016908	700096053	700108479	700109569	700033814	700016125	700109756	700102665	700101777	700109455
700108602	0	0.235983155788236	0.313429548496975	0.214801740296747	0.193957781813927	0.307122868709241	0.0967055282338842	0.314036891604221	0.138077790956514	0.295181852788532	0.223575329157785	0.335895902354379	0.319623931073359	0.221741194994189	0.33853808982362	0.196547669014293	0.302022101097734	0.289087078469058	0.134628097010305	0.103537274770088	0.165774744302708	0.237327276541544	0.134262620363845	0.0780504839808957	0.148218042122924	0.188379451388437	0.236479302192809	0.348727186363924	0.31497876123807	0.319774118330297	0.269092082740879	0.256641540962981	0.22104586997888	0.293932265318427	0.178672239737292	0.165719865199837	0.228350365360912	0.307769855943935	0.116208055289842	0.376007080500012	0.170753873103423	0.335205965459095	0.182345784800005	0.207030902472637	0.281494089755348	0.208414640337381	0.201343463882789	0.30410509465496	0.245502136496193	0.315666750904675	0.292176521781901	0.0939234594770674	0.120320470156645	0.143962066002331	0.134456311595181	0.305500308522212	0.151222082773268	0.112844304271796	0.291882441056979	0.137280131894253
700014971	0.235983155788236	0	0.27512148130207	0.342619560641053	0.133404576584744	0.231057255853592	0.242684456299828	0.201528114924605	0.18848488246462	0.200738665330415	0.18998201971522	0.298533194689127	0.204901038962047	0.140932596150993	0.257563500994078	0.233006935673322	0.193153435492165	0.264868225503478	0.22746419810718	0.22992333451927	0.249275022396575	0.240326215909854	0.203619842925869	0.219980799069975	0.299489715845149	0.182533880573654	0.12723206220482	0.237972474281598	0.18412187804197	0.207525583281037	0.188718991743944	0.255841610950858	0.16875395180048	0.205079138808628	0.178521765279934	0.169481973709698	0.197867403107169	0.266127016043008	0.179987963825014	0.233753478453274	0.156070911111932	0.231497026366655	0.159953237414758	0.221321660647467	0.180263193514059	0.183408613912709	0.126339042956349	0.211619018370206	0.170190927595349	0.29519088125513	0.286010000122775	0.227521546804214	0.244434199217162	0.196098174860052	0.289295641397334	0.176801077821344	0.225628156070709	0.240316387944628	0.261450830181983	0.244660769620313
700033565	0.313429548496975	0.27512148130207	0	0.434477528651757	0.271042969162235	0.0967167874170173	0.283126076142923	0.177698730581346	0.253611573528568	0.133424307087123	0.133379855484829	0.0680134296291382	0.161727151009529	0.207420781455122	0.185354218926769	0.150528210429208	0.17713587221028	0.116245471414049	0.264856538215143	0.289342166330444	0.249966219376914	0.133296239268345	0.312890756240233	0.278521379717741	0.288396832658843	0.329002847908419	0.220812357797638	0.360294913050017	0.278133995440307	0.195374015217061	0.128432059054815	0.169942782228263	0.16076288891675	0.120067941820672	0.327317311218096	0.23152349899651	0.266518119206128	0.143393266493898	0.289679272442972	0.247140213373948	0.232641344576464	0.114981240433808	0.22832866833985	0.220866395340268	0.201364684524828	0.219609931294295	0.248331361075589	0.141408552686216	0.162940054634308	0.0737433423140691	0.10591146719088	0.321611256349321	0.356820217523726	0.23090697298693	0.384443047854118	0.168119737830666	0.220076919618894	0.308652926386791	0.0923240644763252	0.270025627103298
700109389	0.214801740296747	0.342619560641053	0.434477528651757	0	0.323173077219618	0.430755727970255	0.232547339946536	0.417193039987377	0.303385241229654	0.41192564390907	0.357504324512652	0.448847491727038	0.424950039147916	0.360476386877874	0.43155313939511	0.342607588786235	0.421978386919032	0.432402591855371	0.317083587555228	0.205840620000232	0.299207331919461	0.373136779135062	0.212795865064487	0.270915094550903	0.259807873875855	0.27147834672717	0.37347211525092	0.432791951645587	0.372826429314084	0.423107765501923	0.398493164651343	0.392499330937525	0.348550008939626	0.415205434782042	0.253468905017443	0.287305334046111	0.370114196235752	0.444317850173263	0.255834541930311	0.424659753760135	0.304921033075681	0.42855929368369	0.338718283553685	0.335014660829949	0.379796621797911	0.338660535889883	0.34659075514935	0.407979374781094	0.384113911242446	0.438180549133051	0.421165575415961	0.195660641090093	0.153271975993608	0.300101287646762	0.200781608798027	0.412107158384098	0.273416632729622	0.214527741966446	0.409034647052883	0.273847279624332
700023058	0.193957781813927	0.133404576584744	0.271042969162235	0.323173077219618	0	0.215179554685448	0.196916908445357	0.206055490728007	0.153641917697774	0.204675657523412	0.190964754354858	0.284922794711584	0.234820047771069	0.138553842217145	0.252702962570772	0.20536972890316	0.193605196235107	0.236570714544986	0.175825394473996	0.201514502952673	0.208739082758096	0.228761468182388	0.196339167296964	0.174433041036128	0.272301179320408	0.150862123680639	0.141246428284948	0.278309940914969	0.204432013620852	0.209273794666933	0.187358510066034	0.242859124431676	0.161687454868044	0.19837767513546	0.160622273882316	0.177078423423452	0.158517285377037	0.217022657111445	0.145556657987795	0.270856738542161	0.128130616977794	0.227509093526986	0.110833560425242	0.211798923257629	0.177710287936835	0.16907036620555	0.0936883740108693	0.210045683754546	0.161834695697362	0.288417182014742	0.278031337141395	0.189597248386013	0.223964153734522	0.160654399289358	0.264990718538744	0.19021839275631	0.206089806754327	0.204675739513157	0.251912008083911	0.203447307126048
700023927	0.307122868709241	0.231057255853592	0.0967167874170173	0.430755727970255	0.215179554685448	0	0.282981991164576	0.126367468974295	0.249625952508274	0.0807466278825464	0.134830720603125	0.131887536823372	0.114755025238842	0.1421540052538	0.158239994493485	0.162590621055619	0.117758634597225	0.102454926662551	0.256369112069004	0.280533995656884	0.241908949199466	0.180010213121355	0.288638720703395	0.276096082396267	0.299705780194766	0.287332327022336	0.165915685779997	0.336874129678988	0.232030649891219	0.145153197429653	0.0850878425922715	0.179219112373754	0.138674051377927	0.0583520569951699	0.29596167972177	0.208144890457763	0.221276439178349	0.0984947891456505	0.270736199248735	0.197453360752183	0.199377487076361	0.0759261465589051	0.183757270318531	0.217511833565792	0.158363512336029	0.190637972375992	0.201441516424525	0.101453962223418	0.0988492548401728	0.123183484673711	0.17415185683524	0.309623298117631	0.347500232744238	0.221335802349598	0.382092607914962	0.11991728744629	0.20943984868629	0.296983064877448	0.112935809959577	0.262938070974681
700106341	0.0967055282338842	0.242684456299828	0.283126076142923	0.232547339946536	0.196916908445357	0.282981991164576	0	0.28619339078549	0.122911523811988	0.261170357175987	0.195966255591076	0.287077728020784	0.279731636705046	0.221669599412447	0.316143724417401	0.170165733797971	0.280149312677116	0.288796876431899	0.123846317870023	0.0927028426282499	0.119875028219552	0.193302647647568	0.149784703840054	0.118035060096018	0.109770413548931	0.222111055638778	0.261775685312792	0.36859138564426	0.299162032018277	0.309279068013309	0.235548505980238	0.191167828700332	0.190190079672819	0.264190616235168	0.209711537540188	0.116184247103957	0.262664501711633	0.287504262796152	0.117115306573615	0.353059759848286	0.151511451140533	0.287993729871314	0.162032248974754	0.153614691801344	0.234590588023974	0.219151269875445	0.202445774478722	0.254879969605499	0.231507574924675	0.269992693750102	0.2751274621537	0.0795281478065876	0.135667184122678	0.112870670527846	0.180214650248877	0.261400979447337	0.123924586992449	0.0857441115921545	0.250928547393341	0.0753883868576044
700114221	0.314036891604221	0.201528114924605	0.177698730581346	0.417193039987377	0.206055490728007	0.126367468974295	0.28619339078549	0	0.248149608002576	0.0849266032200191	0.20426150581788	0.198456397761578	0.0753434864447396	0.159852811738297	0.109920773752993	0.226152697382149	0.0844041404491756	0.220295051772718	0.277294537186842	0.279939525954651	0.2696182010558	0.238051827526691	0.295592528925253	0.292347020142239	0.344076244558007	0.278123991888314	0.152384708542993	0.301374227878848	0.180605715563832	0.103307461193663	0.142200540120826	0.233726336838974	0.181796483506289	0.131311788737537	0.285801630224351	0.215101373278299	0.238736661381092	0.12360604911488	0.262002696178587	0.127940291187259	0.194921244022493	0.107519676928708	0.214800296281796	0.242575690217892	0.133698580594412	0.186228586858039	0.187389393741006	0.0819480974887303	0.161228862889507	0.184747248388236	0.264860624592062	0.302476173496529	0.333169424369236	0.24743076913908	0.393668841583252	0.0781392023246689	0.222946886553225	0.314321933065437	0.171852057503148	0.285870040840457
700023543	0.138077790956514	0.18848488246462	0.253611573528568	0.303385241229654	0.153641917697774	0.249625952508274	0.122911523811988	0.248149608002576	0	0.225612303361626	0.156723716635085	0.276539193143558	0.250971219021746	0.180716005175224	0.281139614062591	0.156235060566951	0.232937487148205	0.245597278610863	0.111452508049113	0.146707512925177	0.167425004538825	0.175535222660749	0.196717355374205	0.123159834072582	0.174098756671403	0.194811757434316	0.19386052448467	0.316249221048514	0.292224174695001	0.257976811284881	0.197836569693878	0.168425042613258	0.165409342503597	0.23274995692427	0.177271972669743	0.140411891445528	0.207289682088136	0.261520064609036	0.0972008509409241	0.321893719916153	0.130566618035116	0.266525897891749	0.123196111381723	0.124749602461681	0.227755770841271	0.19832103200403	0.145785157728185	0.233220508098293	0.197811436971491	0.256360639825191	0.244964742064531	0.13575538468545	0.170530996320022	0.122889337459976	0.211982798427475	0.236542337879267	0.173690835340492	0.130773747282514	0.241761083769039	0.123190013069763
700023439	0.295181852788532	0.200738665330415	0.133424307087123	0.41192564390907	0.204675657523412	0.0807466278825464	0.261170357175987	0.0849266032200191	0.225612303361626	0	0.165192391686017	0.168361452837375	0.076175881035358	0.134535228799966	0.126754745129109	0.18691015709823	0.072327702879168	0.162497722925725	0.24445486886795	0.259083455413673	0.229261186216502	0.208820876575065	0.273849017186939	0.262637948458647	0.311084428869292	0.279692438799315	0.157036010190815	0.313932980328354	0.193075200561796	0.125643099968731	0.088137229520343	0.206445592619702	0.152706815615229	0.0978131886531026	0.284839614058014	0.186259382477748	0.224733172201564	0.0982226230854611	0.247410835935631	0.143482935526	0.166002941694532	0.0949452628526554	0.186960844284073	0.215749515684503	0.120963232588224	0.158756007894555	0.174990580596854	0.0623755154506442	0.103145392205505	0.155472263593223	0.216455512214282	0.288079168789733	0.3270768780774	0.201761788558517	0.372469316884216	0.0738257923284347	0.192103855754529	0.279422643655177	0.141681490873872	0.254685638642309
700016978	0.223575329157785	0.18998201971522	0.133379855484829	0.357504324512652	0.190964754354858	0.134830720603125	0.195966255591076	0.20426150581788	0.156723716635085	0.165192391686017	0	0.161623476820078	0.196003383415047	0.154339095873834	0.242210705989587	0.0972842289574934	0.185060242113682	0.119645694564299	0.177554854213713	0.189426831870415	0.160889169960578	0.0896750947772415	0.243002845171082	0.184342451972961	0.195488665810529	0.263592280182472	0.183639983615303	0.315422503446425	0.259265722963336	0.221764468500413	0.101911571776224	0.117002979016312	0.0795815307998098	0.129277371037616	0.24795747572559	0.149809406749384	0.205882477180978	0.198351160211579	0.188240539460437	0.275690817852266	0.147042307444464	0.153527948618138	0.137841565364551	0.133387213703654	0.164691945642506	0.180128514908048	0.17273076345016	0.16793398785667	0.128280984682652	0.150036056020825	0.147157682482471	0.225454498031427	0.260580642622498	0.141154210105423	0.301268966361433	0.178767604108769	0.144718022875077	0.215326328472169	0.128541214151786	0.186478935836605
700024192	0.335895902354379	0.298533194689127	0.0680134296291382	0.448847491727038	0.284922794711584	0.131887536823372	0.287077728020784	0.198456397761578	0.276539193143558	0.168361452837375	0.161623476820078	0	0.183166886223216	0.235693123482834	0.192244148226774	0.167554082215114	0.186187672959319	0.14161452304705	0.2787449684582	0.305515389174236	0.243272905124563	0.146443716778079	0.32797823657406	0.308586063338323	0.301784928012832	0.352031093603332	0.261457500769098	0.380885625063384	0.293893381167042	0.240904410085237	0.135731147716885	0.170453410206879	0.175650029550875	0.146896563230538	0.357323544826574	0.245703115899129	0.299860633772734	0.168001566617718	0.316272782028047	0.251553141450858	0.245576079944757	0.130741083314864	0.250754719159885	0.232719741715085	0.189665760433577	0.230845471616536	0.263771273015714	0.154650997623795	0.188798246141332	0.0851697704198334	0.119229878906006	0.343019234919471	0.374953187957322	0.253874558200563	0.411261787627783	0.18999148366977	0.223364147813248	0.329470279416071	0.118543381289747	0.276446393016507
700113058	0.319623931073359	0.204901038962047	0.161727151009529	0.424950039147916	0.234820047771069	0.114755025238842	0.279731636705046	0.0753434864447396	0.250971219021746	0.076175881035358	0.196003383415047	0.183166886223216	0	0.156805822369623	0.117492333060256	0.215385333655286	0.111053888190392	0.200350064499212	0.274466113473092	0.273727961724358	0.272002293909866	0.233734017213512	0.30639141729772	0.294108204169259	0.334391090523458	0.298201358303314	0.170184505584806	0.309378320553787	0.206575609320728	0.117850843427104	0.138007515984261	0.227015740186606	0.176143445013039	0.114579593499199	0.305357266179701	0.211686876794465	0.24445506811026	0.126269879757956	0.263528597981845	0.145593036809249	0.190577444883213	0.100353983299056	0.218579386066789	0.235648282859024	0.141553641893662	0.205191025086547	0.218224144029247	0.0821426121937524	0.146600471888324	0.163758546637859	0.247610827898785	0.299781263466545	0.341060257466974	0.243456407049031	0.402876848175869	0.073757461939999	0.221681264517269	0.305986779288629	0.160244347309558	0.280571460811936
700099448	0.221741194994189	0.140932596150993	0.207420781455122	0.360476386877874	0.138553842217145	0.1421540052538	0.221669599412447	0.159852811738297	0.180716005175224	0.134535228799966	0.154339095873834	0.235693123482834	0.156805822369623	0	0.202674331040334	0.177112504431634	0.135569405681599	0.183868446606399	0.176658039179092	0.209034941301627	0.20392677896347	0.206324810983253	0.213483235803091	0.185950938870435	0.270058398030048	0.179411943279305	0.0980048999828013	0.281091928936424	0.182645704653703	0.153833269996607	0.126713894820459	0.219406596325468	0.12968127023256	0.125014495214177	0.203849999112988	0.152712835746886	0.163252538668751	0.17112992223606	0.180485987906264	0.220944967386767	0.125045661272687	0.163882565298406	0.119708822612093	0.201317985738435	0.122982260812845	0.142092709733809	0.114194860554185	0.148315895196314	0.0871616133442429	0.223115107882114	0.233896428338469	0.217573523284399	0.268565317278416	0.158678450127031	0.290824658281267	0.134181944552109	0.163843216766118	0.222130644188813	0.188469103139244	0.217654569655504
700109870	0.33853808982362	0.257563500994078	0.185354218926769	0.43155313939511	0.252702962570772	0.158239994493485	0.316143724417401	0.109920773752993	0.281139614062591	0.126754745129109	0.242210705989587	0.192244148226774	0.117492333060256	0.202674331040334	0	0.261242761148797	0.135593421041149	0.24449032754809	0.306436670038057	0.31312768462335	0.274659702676345	0.273992395234424	0.314949388671292	0.321429380901565	0.369151515186696	0.320310018584806	0.210425979894818	0.344904646249248	0.204114095105359	0.142348280856067	0.181608482190433	0.263194046176595	0.237741964004428	0.174717183251969	0.33265940666587	0.256054210790531	0.285162212295829	0.13661750288587	0.301968003733974	0.153382500563172	0.247946095227225	0.140643551213673	0.268722057115901	0.277636366946686	0.168591236391704	0.192701708141304	0.245455209781567	0.110366693854732	0.199148679276836	0.188224320172596	0.270779350039613	0.33707307783437	0.355938766341875	0.279680125439908	0.410616913522475	0.134593292101652	0.256237000750075	0.341555364239474	0.184773906479873	0.313880427628492
700033928	0.196547669014293	0.233006935673322	0.150528210429208	0.342607588786235	0.20536972890316	0.162590621055619	0.170165733797971	0.226152697382149	0.156235060566951	0.18691015709823	0.0972842289574934	0.167554082215114	0.215385333655286	0.177112504431634	0.261242761148797	0	0.211566783794841	0.148513517032779	0.166086394522142	0.21078494365514	0.154220255852775	0.0983917086390902	0.243283331067352	0.180523775225714	0.199969383285508	0.247508064225894	0.220956461408286	0.340755870340841	0.277330569453807	0.242946507541393	0.130562256547794	0.125348091316307	0.0859664789078438	0.151282930181721	0.248753444480196	0.186492578813148	0.228411126895445	0.213073511344647	0.178746608482646	0.29768488549804	0.143448576970105	0.176028207410981	0.170890006213816	0.177657617651238	0.179282756108545	0.18494534734091	0.184564724501499	0.191495307371629	0.160596215880141	0.148534889219396	0.144540931858598	0.207003396325166	0.253059242424102	0.153104003444014	0.294266876972007	0.202606038657372	0.157004393143787	0.199330119190409	0.133261396812995	0.158651423071096
700023693	0.302022101097734	0.193153435492165	0.17713587221028	0.421978386919032	0.193605196235107	0.117758634597225	0.280149312677116	0.0844041404491756	0.232937487148205	0.072327702879168	0.185060242113682	0.186187672959319	0.111053888190392	0.135569405681599	0.135593421041149	0.211566783794841	0	0.184075402986735	0.259341972438089	0.269445383606665	0.231472709668273	0.232000496530909	0.280113407375677	0.2722265587987	0.332944968089111	0.272963250834914	0.149358796450421	0.312180907975728	0.180800873423377	0.13848433782429	0.105494152876387	0.229800013183754	0.165360387415231	0.123481732283646	0.278740423550184	0.20161587470322	0.216824760984041	0.13788052086281	0.247305761244218	0.139586112903977	0.172478404023397	0.123961932066557	0.190067603663011	0.233876990384815	0.113027814740461	0.143485865998453	0.171282796555543	0.0927652000253211	0.12222958182123	0.201597567455768	0.244828752886762	0.294101324636127	0.332054738445437	0.217700389418344	0.381760736817179	0.0940181386688383	0.211509767644679	0.298988944633959	0.190106611565491	0.273155658523569
700109627	0.289087078469058	0.264868225503478	0.116245471414049	0.432402591855371	0.236570714544986	0.102454926662551	0.288796876431899	0.220295051772718	0.245597278610863	0.162497722925725	0.119645694564299	0.14161452304705	0.200350064499212	0.183868446606399	0.24449032754809	0.148513517032779	0.184075402986735	0	0.244724179949707	0.279372221471369	0.250975003138097	0.154861473395638	0.307271848417495	0.244653121722373	0.283864728592197	0.302873902744818	0.201445913816755	0.361031346007562	0.31714853659509	0.218106654607564	0.116876529582667	0.184680459667689	0.159573348812175	0.119163833502654	0.312809137518065	0.238589837658641	0.200957700636438	0.139118799071479	0.273137158243844	0.284056164467525	0.221614635893852	0.164512948582258	0.19611554322019	0.216406043669077	0.216283632516483	0.223555851410512	0.231403632865501	0.192643728970397	0.124184642938882	0.147687880212431	0.147782238555913	0.313797500218338	0.349857756543992	0.220177277065355	0.349025748474913	0.204447411090086	0.223809970785857	0.299316039468914	0.143805644826625	0.273818363305788
700095416	0.134628097010305	0.22746419810718	0.264856538215143	0.317083587555228	0.175825394473996	0.256369112069004	0.123846317870023	0.277294537186842	0.111452508049113	0.24445486886795	0.177554854213713	0.2787449684582	0.274466113473092	0.176658039179092	0.306436670038057	0.166086394522142	0.259341972438089	0.244724179949707	0	0.164966861396378	0.118163489654465	0.167337729101936	0.184346912526393	0.0954297528540067	0.147286920082769	0.205928245194155	0.212534274225625	0.361402294503206	0.293339109298451	0.28694335533124	0.214550334996344	0.165405587849121	0.175559509656544	0.242339567656813	0.19752076782301	0.151407965237705	0.216704230235029	0.245422413364101	0.130811158099245	0.348249710562338	0.131172976961065	0.284600999681204	0.120983719080958	0.162995863885661	0.229762810656632	0.187730178411822	0.166301357158605	0.251725499784833	0.193567820597489	0.244057652172996	0.235401447848945	0.165376099533817	0.208461541159297	0.0770184938576355	0.193981559049192	0.257476460137445	0.15034300822305	0.150357570272271	0.227525417393719	0.131708162194913
700110425	0.103537274770088	0.22992333451927	0.289342166330444	0.205840620000232	0.201514502952673	0.280533995656884	0.0927028426282499	0.279939525954651	0.146707512925177	0.259083455413673	0.189426831870415	0.305515389174236	0.273727961724358	0.209034941301627	0.31312768462335	0.21078494365514	0.269445383606665	0.279372221471369	0.164966861396378	0	0.155820980059639	0.220910334444097	0.136639219434824	0.123856325704021	0.113371629435517	0.234481845983581	0.243347540508725	0.334414128934954	0.292099360016889	0.292383942826547	0.237903116766818	0.232919297781942	0.19032078212382	0.266006781812005	0.205397856315502	0.114008688467322	0.243270815585395	0.301504230509604	0.134373339086257	0.348017075512717	0.155010171334633	0.28707657623298	0.167528103416255	0.153659909451303	0.234126138459523	0.225286206590671	0.193922336634203	0.258959233855093	0.225250832484656	0.293346354732445	0.284910802362699	0.0852923830103103	0.0948637312559545	0.141210042953157	0.174328091300787	0.259744633514187	0.1192326184247	0.0917233523736475	0.267082542572007	0.12983779121661
700111580	0.165774744302708	0.249275022396575	0.249966219376914	0.299207331919461	0.208739082758096	0.241908949199466	0.119875028219552	0.2696182010558	0.167425004538825	0.229261186216502	0.160889169960578	0.243272905124563	0.272002293909866	0.20392677896347	0.274659702676345	0.154220255852775	0.231472709668273	0.250975003138097	0.118163489654465	0.155820980059639	0	0.14705147358327	0.182504462251015	0.144495070230953	0.120051456932176	0.250073305410663	0.263380543608168	0.389370188098323	0.258360669408774	0.29915029790627	0.184427340903984	0.151479257079769	0.15507084264569	0.23625710238539	0.247620124902904	0.144822326131502	0.275954088232376	0.243634626044936	0.168905895123104	0.316380234605461	0.150294067774287	0.245282549751448	0.169782550471222	0.153083209524356	0.185845335878074	0.167791474645642	0.191905374887198	0.218027533479505	0.199381826484097	0.214251719280467	0.227700118661627	0.161878885791299	0.216362655629771	0.0976658777048055	0.238555001793178	0.238127025544799	0.0950351822440744	0.144912046777597	0.191834349846771	0.104287515256463
700111302	0.237327276541544	0.240326215909854	0.133296239268345	0.373136779135062	0.228761468182388	0.180010213121355	0.193302647647568	0.238051827526691	0.175535222660749	0.208820876575065	0.0896750947772415	0.146443716778079	0.233734017213512	0.206324810983253	0.273992395234424	0.0983917086390902	0.232000496530909	0.154861473395638	0.167337729101936	0.220910334444097	0.14705147358327	0	0.266372662464406	0.202531935126815	0.17251870087133	0.295090909557554	0.244284574510151	0.376364415971408	0.307121291892674	0.265047388680757	0.149230014839728	0.0740319519467069	0.123502720937665	0.172935037787362	0.286615265239465	0.186708850578254	0.265021003775153	0.224524768741473	0.219308379115947	0.309361692366374	0.191936504771896	0.188260044330891	0.173511983345201	0.169823152886286	0.197601802457425	0.217407400093677	0.211405784960459	0.202859317709192	0.182589271146909	0.114010239062823	0.12219183716131	0.242064264236681	0.282771333538897	0.149577808751819	0.315948576725493	0.217616099515504	0.166064725115358	0.23172272499922	0.112705321999081	0.180543755964751
700098605	0.134262620363845	0.203619842925869	0.312890756240233	0.212795865064487	0.196339167296964	0.288638720703395	0.149784703840054	0.295592528925253	0.196717355374205	0.273849017186939	0.243002845171082	0.32797823657406	0.30639141729772	0.213483235803091	0.314949388671292	0.243283331067352	0.280113407375677	0.307271848417495	0.184346912526393	0.136639219434824	0.182504462251015	0.266372662464406	0	0.149002287996786	0.186455015941957	0.216195628205102	0.226957026400057	0.343543043948814	0.285856446165019	0.303977936136405	0.253997211737637	0.268688453199136	0.223153631813344	0.279872523931266	0.205688308307195	0.168866465990629	0.242383031867194	0.289286260239321	0.168946342849626	0.335671678865607	0.1709066923782	0.315904448869497	0.194183375948617	0.219470985406979	0.27342217680909	0.194099846132921	0.203443293464714	0.285203517170168	0.239538450560623	0.31984622967147	0.311653533179571	0.16480144404866	0.144331266756142	0.162859528229909	0.150154267921005	0.287270512363747	0.178704365591454	0.174879773976093	0.288258578772582	0.157156433780983
700111991	0.0780504839808957	0.219980799069975	0.278521379717741	0.270915094550903	0.174433041036128	0.276096082396267	0.118035060096018	0.292347020142239	0.123159834072582	0.262637948458647	0.184342451972961	0.308586063338323	0.294108204169259	0.185950938870435	0.321429380901565	0.180523775225714	0.2722265587987	0.244653121722373	0.0954297528540067	0.123856325704021	0.144495070230953	0.202531935126815	0.149002287996786	0	0.153958957647827	0.186627516064224	0.209875388196641	0.340516719560697	0.304887332663287	0.294019134870162	0.238272024123704	0.218030223112343	0.196692421918221	0.262113781001712	0.175038947238909	0.142718504887456	0.204299017246314	0.266276033035302	0.109585360345594	0.362127239796749	0.1470328218182	0.309501583392955	0.146427046883296	0.177304314169029	0.257884690003815	0.190511088210976	0.173907767721402	0.27587244443294	0.21303500039556	0.283124423176071	0.25622906138292	0.126936682341159	0.165513682433252	0.103041724079521	0.140755207849624	0.280502457316555	0.150814893687794	0.132258477174667	0.260079755389378	0.133519084906805
700108960	0.148218042122924	0.299489715845149	0.288396832658843	0.259807873875855	0.272301179320408	0.299705780194766	0.109770413548931	0.344076244558007	0.174098756671403	0.311084428869292	0.195488665810529	0.301784928012832	0.334391090523458	0.270058398030048	0.369151515186696	0.199969383285508	0.332944968089111	0.283864728592197	0.147286920082769	0.113371629435517	0.120051456932176	0.17251870087133	0.186455015941957	0.153958957647827	0	0.301923567387919	0.313617610483446	0.411581628456226	0.356307547450854	0.356865019188967	0.25383927796042	0.165732668262766	0.208388202381001	0.290631303289589	0.275487174179404	0.160662234201957	0.306533610555902	0.321158539507725	0.188366551658395	0.407379901238357	0.215612556321768	0.309383979459238	0.209637690879451	0.155938914752667	0.282863562722431	0.272459691837008	0.260688761591644	0.308564663905831	0.264350773982313	0.265098778972417	0.259735482710593	0.137582032451265	0.148033987425244	0.144032502647324	0.176185254320515	0.318995456669949	0.14497452585609	0.115188071119541	0.248534491445157	0.103755345327807
700024452	0.188379451388437	0.182533880573654	0.329002847908419	0.27147834672717	0.150862123680639	0.287332327022336	0.222111055638778	0.278123991888314	0.194811757434316	0.279692438799315	0.263592280182472	0.352031093603332	0.298201358303314	0.179411943279305	0.320310018584806	0.247508064225894	0.272963250834914	0.302873902744818	0.205928245194155	0.234481845983581	0.250073305410663	0.295090909557554	0.216195628205102	0.186627516064224	0.301923567387919	0	0.181912054483924	0.294491191468033	0.211227866375814	0.263228361000765	0.269797584300386	0.296973709619835	0.240094636754083	0.269427764055286	0.068945964350358	0.213355808384085	0.231961290949131	0.291808635420504	0.162511400460592	0.301881140707053	0.185902666975711	0.301106568984932	0.206874193499838	0.26817058513319	0.245343560778071	0.18484902919994	0.175415143985965	0.285805302902996	0.228159289340821	0.33145684253061	0.329096182312744	0.190829481064144	0.211880619364867	0.204742632449486	0.212098486940902	0.268442494689156	0.220831353988436	0.216896386004202	0.298730087430369	0.24355638996204
700032931	0.236479302192809	0.12723206220482	0.220812357797638	0.37347211525092	0.141246428284948	0.165915685779997	0.261775685312792	0.152384708542993	0.19386052448467	0.157036010190815	0.183639983615303	0.261457500769098	0.170184505584806	0.0980048999828013	0.210425979894818	0.220956461408286	0.149358796450421	0.201445913816755	0.212534274225625	0.243347540508725	0.263380543608168	0.244284574510151	0.226957026400057	0.209875388196641	0.313617610483446	0.181912054483924	0	0.245944796737887	0.189665492698376	0.156455697039068	0.161515327304103	0.253391906541933	0.166735243624023	0.143887893353698	0.201022977336116	0.188815602113723	0.150269929037192	0.188935600053252	0.207077506302929	0.21143699961365	0.162495511903289	0.185966993126521	0.149755380871909	0.224427403630709	0.163926094569922	0.162840373173563	0.134915533679466	0.162548043980065	0.127539859297404	0.244410844835108	0.264014690779455	0.256643603694895	0.27511683303742	0.201347366407064	0.295576890439605	0.142678726294428	0.224530211092124	0.266145324543432	0.222922837607885	0.264220721821593
700095837	0.348727186363924	0.237972474281598	0.360294913050017	0.432791951645587	0.278309940914969	0.336874129678988	0.36859138564426	0.301374227878848	0.316249221048514	0.313932980328354	0.315422503446425	0.380885625063384	0.309378320553787	0.281091928936424	0.344904646249248	0.340755870340841	0.312180907975728	0.361031346007562	0.361402294503206	0.334414128934954	0.389370188098323	0.376364415971408	0.343543043948814	0.340516719560697	0.411581628456226	0.294491191468033	0.245944796737887	0	0.222229463646796	0.248604925763175	0.315376181665549	0.385525370129175	0.298624100564577	0.297581815112267	0.286622663352491	0.314001704270358	0.303715535440103	0.368088675774054	0.310751698889865	0.331907744836554	0.291612428143486	0.305304833065218	0.309645427457016	0.335533831061863	0.274237990014767	0.319435255001671	0.273294570874472	0.306505710457123	0.302950602122679	0.389728591284861	0.382806785869234	0.338591286178697	0.349445592084242	0.350150451050398	0.403457203036264	0.278979210392142	0.355110545669681	0.359932131590084	0.363343381034928	0.379988154189603
700024548	0.31497876123807	0.18412187804197	0.278133995440307	0.372826429314084	0.204432013620852	0.232030649891219	0.299162032018277	0.180605715563832	0.292224174695001	0.193075200561796	0.259265722963336	0.293893381167042	0.206575609320728	0.182645704653703	0.204114095105359	0.277330569453807	0.180800873423377	0.31714853659509	0.293339109298451	0.292099360016889	0.258360669408774	0.307121291892674	0.285856446165019	0.304887332663287	0.356307547450854	0.211227866375814	0.189665492698376	0.222229463646796	0	0.159947253713608	0.230714509871368	0.315406950946113	0.228887080135056	0.220660128775363	0.22759747117695	0.23120651310676	0.290762454575336	0.246507836128674	0.269748198331543	0.175258354559157	0.217664850061087	0.192440827963754	0.252170475742993	0.296816319392425	0.1387381035301	0.157252654694195	0.205127455214366	0.173929906087032	0.22261232464183	0.293795666278613	0.334391732889832	0.297724405674641	0.306945405340779	0.259425734882725	0.352243757194101	0.168678434360111	0.239841617052933	0.315681772825367	0.254659316134397	0.30901609593278
700110161	0.319774118330297	0.207525583281037	0.195374015217061	0.423107765501923	0.209273794666933	0.145153197429653	0.309279068013309	0.103307461193663	0.257976811284881	0.125643099968731	0.221764468500413	0.240904410085237	0.117850843427104	0.153833269996607	0.142348280856067	0.242946507541393	0.13848433782429	0.218106654607564	0.28694335533124	0.292383942826547	0.29915029790627	0.265047388680757	0.303977936136405	0.294019134870162	0.356865019188967	0.263228361000765	0.156455697039068	0.248604925763175	0.159947253713608	0	0.166162050586496	0.265861054275597	0.207047394453473	0.133791289355149	0.271625837078009	0.235581768736058	0.236619086639825	0.149964566779383	0.271481608046597	0.181185912508634	0.222173333883671	0.135453408150167	0.217742558462068	0.26233743895872	0.154665838538443	0.213384645143602	0.202447972445269	0.132653676699589	0.156289601390714	0.216512135708922	0.272960321493872	0.303022054949332	0.345335729456997	0.251424734805705	0.396264254192794	0.113281665386301	0.251266443043816	0.311999766294691	0.203308240541818	0.305294365748886
700023496	0.269092082740879	0.188718991743944	0.128432059054815	0.398493164651343	0.187358510066034	0.0850878425922715	0.235548505980238	0.142200540120826	0.197836569693878	0.088137229520343	0.101911571776224	0.135731147716885	0.138007515984261	0.126713894820459	0.181608482190433	0.130562256547794	0.105494152876387	0.116876529582667	0.214550334996344	0.237903116766818	0.184427340903984	0.149230014839728	0.253997211737637	0.238272024123704	0.25383927796042	0.269797584300386	0.161515327304103	0.315376181665549	0.230714509871368	0.166162050586496	0	0.155847939656056	0.100733638399826	0.0820893498754608	0.277664029079201	0.169128370045176	0.201496223482843	0.132193353284815	0.227470923906143	0.204406159795286	0.148008296856693	0.112820794206251	0.151855962860269	0.178472567640514	0.123091530001513	0.162427157011709	0.162663657089599	0.0995222875037283	0.0769764803139936	0.14662186340554	0.16694524102666	0.269247819352101	0.309309829124535	0.169520135711476	0.352191424271774	0.114619184795034	0.161337163528863	0.255057670193623	0.136476554052884	0.216557259215745
700034628	0.256641540962981	0.255841610950858	0.169942782228263	0.392499330937525	0.242859124431676	0.179219112373754	0.191167828700332	0.233726336838974	0.168425042613258	0.206445592619702	0.117002979016312	0.170453410206879	0.227015740186606	0.219406596325468	0.263194046176595	0.125348091316307	0.229800013183754	0.184680459667689	0.165405587849121	0.232919297781942	0.151479257079769	0.0740319519467069	0.268688453199136	0.218030223112343	0.165732668262766	0.296973709619835	0.253391906541933	0.385525370129175	0.315406950946113	0.265861054275597	0.155847939656056	0	0.152542883299707	0.174415950282871	0.294607239543959	0.1753495445186	0.29179552597763	0.215438920351897	0.231668366669987	0.302763658968116	0.204360303532502	0.179789785546484	0.182736275162602	0.137135592238528	0.210012455152178	0.227456457299762	0.2271871752374	0.197246831140951	0.197102027695225	0.13163571007935	0.169817831771521	0.245540587270346	0.284951864800155	0.160203997014666	0.316478032206281	0.20643480204417	0.171750636277465	0.216656268648995	0.132792795227595	0.154422621868121
700023645	0.22104586997888	0.16875395180048	0.16076288891675	0.348550008939626	0.161687454868044	0.138674051377927	0.190190079672819	0.181796483506289	0.165409342503597	0.152706815615229	0.0795815307998098	0.175650029550875	0.176143445013039	0.12968127023256	0.237741964004428	0.0859664789078438	0.165360387415231	0.159573348812175	0.175559509656544	0.19032078212382	0.15507084264569	0.123502720937665	0.223153631813344	0.196692421918221	0.208388202381001	0.240094636754083	0.166735243624023	0.298624100564577	0.228887080135056	0.207047394453473	0.100733638399826	0.152542883299707	0	0.117239778644417	0.243448883690167	0.136344422544158	0.180992964446669	0.202096124103927	0.173736240073119	0.256882512615916	0.108829767373747	0.144829595664522	0.121225359487637	0.154448428601536	0.133874195759005	0.179952718197992	0.135588743965615	0.151082474626772	0.123147988972945	0.17346617319439	0.168828348797185	0.206582332745663	0.255687082328556	0.146170285554723	0.309278862421813	0.159187580374054	0.149373208603299	0.202343660531036	0.151525351631529	0.176672237950423
700038744	0.293932265318427	0.205079138808628	0.120067941820672	0.415205434782042	0.19837767513546	0.0583520569951699	0.264190616235168	0.131311788737537	0.23274995692427	0.0978131886531026	0.129277371037616	0.146896563230538	0.114579593499199	0.125014495214177	0.174717183251969	0.151282930181721	0.123481732283646	0.119163833502654	0.242339567656813	0.266006781812005	0.23625710238539	0.172935037787362	0.279872523931266	0.262113781001712	0.290631303289589	0.269427764055286	0.143887893353698	0.297581815112267	0.220660128775363	0.133791289355149	0.0820893498754608	0.174415950282871	0.117239778644417	0	0.276568461401147	0.191713332883915	0.204928711280628	0.128980080498086	0.25095119708679	0.196740623211811	0.182707504791433	0.0804305316295486	0.166488129124393	0.209277832520175	0.127169718271419	0.184603258803379	0.186240027305298	0.0987892994873834	0.0985633331717992	0.148886139482263	0.184562429026178	0.288039668414435	0.330830773149021	0.207518967414243	0.372725328572848	0.107926403712306	0.202236195241006	0.27892448999563	0.141826755110838	0.253453141001493
700038485	0.178672239737292	0.178521765279934	0.327317311218096	0.253468905017443	0.160622273882316	0.29596167972177	0.209711537540188	0.285801630224351	0.177271972669743	0.284839614058014	0.24795747572559	0.357323544826574	0.305357266179701	0.203849999112988	0.33265940666587	0.248753444480196	0.278740423550184	0.312809137518065	0.19752076782301	0.205397856315502	0.247620124902904	0.286615265239465	0.205688308307195	0.175038947238909	0.275487174179404	0.068945964350358	0.201022977336116	0.286622663352491	0.22759747117695	0.271625837078009	0.277664029079201	0.294607239543959	0.243448883690167	0.276568461401147	0	0.193459284794136	0.244452287811783	0.31938936648922	0.129032756810519	0.305157437878752	0.192680491243719	0.313347270165652	0.196996336254019	0.237186251072178	0.256407145439478	0.196673120314514	0.184140680190008	0.293739850234626	0.242695061862055	0.344943319246921	0.326475150833963	0.16614492071974	0.179155467414805	0.185332681438704	0.20079506341985	0.27928834779124	0.228701551821828	0.189422454989668	0.311797418032605	0.22929876629273
700024743	0.165719865199837	0.169481973709698	0.23152349899651	0.287305334046111	0.177078423423452	0.208144890457763	0.116184247103957	0.215101373278299	0.140411891445528	0.186259382477748	0.149809406749384	0.245703115899129	0.211686876794465	0.152712835746886	0.256054210790531	0.186492578813148	0.20161587470322	0.238589837658641	0.151407965237705	0.114008688467322	0.144822326131502	0.186708850578254	0.168866465990629	0.142718504887456	0.160662234201957	0.213355808384085	0.188815602113723	0.314001704270358	0.23120651310676	0.235581768736058	0.169128370045176	0.1753495445186	0.136344422544158	0.191713332883915	0.193459284794136	0	0.226105834994896	0.236581656458983	0.136867019192295	0.287623410420901	0.129045409988926	0.218759220926633	0.136139476666675	0.102918713448498	0.167999034946336	0.180296552558404	0.169941822549111	0.186136176732351	0.158393841106798	0.24996622318958	0.250438869960772	0.140186966248467	0.174918018823652	0.110097378839444	0.225535311423877	0.198824313956779	0.120347728107763	0.125478521553447	0.216479708232308	0.112199972958526
