700108602	700014971	700033565	700109389	700023058	700023927	700106341	700114221	700023543	700023439	700016978	700024192	700113058	700099448	700109870	700033928	700023693	700109627	700095416	700110425	700111580	700111302	700098605	700111991	700108960	700024452	700032931	700095837	700024548	700110161	700023496	700034628	700023645	700038744	700038485	700024743	700099596	700110760	700101587	700106399	700032322	700095653	700021312	700101230	700023590	700038905	700033136	700023382	700096424	700105469	700016908	700096053	700108479	700109569	700033814	700016125	700109756	700102665	700101777	700109455
700108602	0	0.228136823212886	0.343502778486304	0.234808731458753	0.18233412896501	0.311211227862055	0.0887598784126912	0.322302916497102	0.117108661941271	0.289582016603046	0.219436545831177	0.347349693146505	0.307755567309031	0.244266046324332	0.335634113482874	0.212597284443404	0.295568533893755	0.282924228932305	0.1630402081372	0.123443320461966	0.16704439473086	0.249003308838887	0.132285611135452	0.101371589753685	0.146349471764055	0.193186705224967	0.231802139170548	0.339882173146491	0.311237632828078	0.321731447232786	0.27591004651738	0.243946254062277	0.231731888573794	0.296263687171424	0.179610408677445	0.142167798066225	0.235258177402357	0.310906368552832	0.116353756747811	0.363623729181414	0.151160091625535	0.327931157712468	0.201197238582062	0.176114185749684	0.295654841356651	0.21096074554494	0.195645656696893	0.311559053441282	0.246573789089762	0.306262083270598	0.318480669822635	0.0876469942379066	0.115423852794017	0.142361014697778	0.117261587075737	0.312875342383776	0.179751863847863	0.103400115347151	0.29688053692693	0.139150539157925
700014971	0.228136823212886	0	0.321593574570582	0.335433534933524	0.135297126116648	0.276571881801084	0.246479344959751	0.16969847124792	0.203216847637332	0.199349045088792	0.199496650803645	0.321160330600882	0.216412390627226	0.155066540339096	0.252653294970375	0.244212186485335	0.172034798034663	0.282026557412626	0.245225867437509	0.234894292505576	0.249122153727233	0.238249794186134	0.187296586304175	0.225437433042296	0.296630287699617	0.174056966474561	0.132752868192994	0.217059895867602	0.159769715072842	0.186652467026563	0.173242168536113	0.254735057185371	0.16946529994157	0.199045512862602	0.153427240468913	0.17691309860415	0.205814490701465	0.266784790275816	0.170073088311567	0.212105270840498	0.181693304898561	0.22237969818676	0.183312412353099	0.220059343624199	0.186860592695258	0.164960531112693	0.109453962237587	0.196371764162407	0.197796853249429	0.2706555568264	0.325694782842528	0.213967599559527	0.237251082782343	0.17847490925785	0.282237960660191	0.184306250745721	0.238835225678598	0.248784619375225	0.274678848433224	0.244643038104059
700033565	0.343502778486304	0.321593574570582	0	0.452229689431238	0.317091661741008	0.0960575358169235	0.3201295195438	0.221020725792236	0.302501088884628	0.168530229441717	0.164417850229271	0.0599965434455241	0.16809905820549	0.22035748726547	0.18667208300863	0.159873689604081	0.2301738623386	0.138311154540565	0.230074738934974	0.317533219073198	0.253948714139525	0.123554959229617	0.351000166736011	0.293555894667241	0.272546580813625	0.373037640524397	0.266529047803039	0.394506711806015	0.334837175853078	0.22678317459448	0.206019679322454	0.167835444381894	0.208419298899213	0.156479566522289	0.364804564875685	0.258588673463419	0.284344804266594	0.160712262258901	0.310437963402809	0.274031232664604	0.252201529464378	0.1361647514622	0.255771588690287	0.267796041518776	0.221631024858895	0.255344788977694	0.29492620068438	0.195175345714673	0.188299008801119	0.0705421647886643	0.108520346322429	0.340962072870932	0.364670162505532	0.255195410189932	0.404781185645961	0.178739621486208	0.240509619148979	0.310731168150511	0.0788957996866044	0.282142734247395
700109389	0.234808731458753	0.335433534933524	0.452229689431238	0	0.317570780114212	0.445618364091793	0.212598839662844	0.41180415738799	0.293190131583378	0.407784728478352	0.36722911095742	0.455295419240202	0.416327343104953	0.36640866921026	0.43143719308513	0.350275346995883	0.403166638746841	0.433931119946932	0.338098532904987	0.199980684452353	0.306226418903328	0.388629357900304	0.209712208439344	0.287291007110003	0.28630224976142	0.273387659830376	0.363405580760136	0.415642737567441	0.373496655630933	0.411689094358	0.395300529264108	0.400512333145193	0.346634359773684	0.403896327077324	0.264580220091891	0.290373147244971	0.377895494993001	0.444016412249983	0.259851486100237	0.416620400497618	0.288452548399829	0.424414339323243	0.341169037762125	0.319657169002919	0.386071753095053	0.33462255613165	0.32695437903892	0.405563063780059	0.391036649106719	0.425703445912178	0.436083743932378	0.200491262366349	0.157908003885898	0.318876587999677	0.190902624820848	0.40944564031246	0.279194379345609	0.246695903174415	0.409498842137218	0.28896478011717
700023058	0.18233412896501	0.135297126116648	0.317091661741008	0.317570780114212	0	0.251769831802947	0.201578163370376	0.213377527996887	0.156526135866044	0.211232248693324	0.187082628083227	0.309919800105	0.23798034973634	0.168775282448743	0.265044337137992	0.208684582332479	0.18731656365685	0.241860362446879	0.198041383541691	0.198225444207	0.213175416361103	0.229514943398583	0.187282136465125	0.162783087922083	0.264705658923533	0.158861871099221	0.144307550005269	0.281608315185304	0.229287243687668	0.213177788377445	0.178608644617471	0.248040001379923	0.173815111331988	0.208596747937851	0.15711705128616	0.178947819911327	0.151008603929006	0.222219555917745	0.127688081519834	0.271523077374996	0.147550821959785	0.241348328374959	0.128899779610545	0.204336235237662	0.205423180567336	0.170804770892413	0.101646300824949	0.216365558848493	0.164909228672583	0.267070342601148	0.310053560652394	0.175023591249849	0.209996457814138	0.13120339209939	0.249013439871055	0.215306346830021	0.217479570024112	0.206045667004007	0.265526960187393	0.203233862523578
700023927	0.311211227862055	0.276571881801084	0.0960575358169235	0.445618364091793	0.251769831802947	0	0.309637038699829	0.192881696675239	0.277103167385646	0.134125270081056	0.146469171303729	0.114234508730615	0.15214564029373	0.160164555740238	0.18102715638983	0.147929533460418	0.174919774635075	0.0883543062619303	0.206959173069302	0.305590841292695	0.226605316366249	0.133769902132827	0.313140040960252	0.258115127963522	0.269478914232544	0.330590199090998	0.211554052520783	0.37875841840288	0.298413365183151	0.196516499364855	0.142917188422304	0.15467627375278	0.187176238038821	0.10683008444598	0.322635954059482	0.24323707896444	0.227475964831311	0.099570299936735	0.288158110950826	0.240721731923699	0.223661570904343	0.103989930769308	0.197678910695321	0.256742572943824	0.191080268890372	0.205215064741483	0.245215073704313	0.170915220101793	0.108697699812448	0.0916213972754165	0.162820860520882	0.322907959757998	0.35039024222428	0.197282460357267	0.369997111565528	0.147828719225953	0.212967819844623	0.290948922712078	0.0958258974437492	0.260047740277959
700106341	0.0887598784126912	0.246479344959751	0.3201295195438	0.212598839662844	0.201578163370376	0.309637038699829	0	0.308795052409098	0.122949683812818	0.279578372028678	0.214110753115847	0.319742646685475	0.287321333217884	0.248461947323311	0.318113678891229	0.198470849356418	0.295213008418678	0.296996642531687	0.162051248704596	0.0841275380257249	0.142621659304847	0.227629032047339	0.134574351157268	0.134908490359832	0.108983537477661	0.241909591654144	0.272175282677698	0.36387381512691	0.318351704481808	0.311395422687319	0.268722365434636	0.211052202016104	0.223650970309525	0.283267417186772	0.221940265303506	0.125740550279368	0.26378474069847	0.311496416032814	0.11963643977548	0.360184155768585	0.153192297637915	0.301440144951256	0.196330780812078	0.15538279285738	0.268294116572173	0.236966459135333	0.215634299475659	0.28329997895793	0.253020490908078	0.280363654127946	0.30436530882892	0.0801365215618313	0.0979581146989632	0.147208448962037	0.148636917393878	0.288724963635298	0.149922547505401	0.0816093467900212	0.276417900536971	0.101869184936048
700114221	0.322302916497102	0.16969847124792	0.221020725792236	0.41180415738799	0.213377527996887	0.192881696675239	0.308795052409098	0	0.280563655444381	0.0919972877180192	0.215036321667125	0.239083036777086	0.0972127192987331	0.135390481118322	0.136484730405871	0.237528629409975	0.0822962964639199	0.247203398739368	0.289002089951156	0.296108558671084	0.283900894403612	0.23050913585813	0.291338060728743	0.295721928469813	0.351144946967546	0.29167543029391	0.158254814292462	0.268348051077204	0.181186935600708	0.101351021372193	0.140012733461614	0.246557402360356	0.189259860994565	0.137633895955073	0.279878065143168	0.228456416661006	0.229747621254293	0.154618038829756	0.256842735330902	0.126682069175842	0.231641334207812	0.118061033245923	0.239910823192893	0.264192358469853	0.124665765412835	0.181173746755866	0.167987643998219	0.091374273417404	0.175164184768627	0.210993125498761	0.296730968728257	0.296342606797239	0.326602942360583	0.246855038605317	0.398834125558529	0.0916092765988817	0.23142700814475	0.323686194501522	0.214719506341046	0.29268430385283
700023543	0.117108661941271	0.203216847637332	0.302501088884628	0.293190131583378	0.156526135866044	0.277103167385646	0.122949683812818	0.280563655444381	0	0.239700238922548	0.171650762952002	0.306656914347565	0.257680331161999	0.203192846146056	0.29149202076855	0.168679932468053	0.25287798212218	0.255266347370564	0.149497858743163	0.145012971451815	0.167550368129946	0.204573381523394	0.181044722372685	0.108424746848163	0.161432009400487	0.207511457877488	0.20907680547307	0.317073828531646	0.304331313405342	0.271608204276157	0.220951992540815	0.191189827448628	0.186638751495724	0.240812177597857	0.178661942941862	0.131887184485108	0.203605623780266	0.279258369945381	0.0953960995391725	0.334097008760431	0.132632565398012	0.273477982737213	0.164478855731421	0.105846268200813	0.249963215014231	0.21526594543905	0.164663900247378	0.25759947626584	0.219234322839598	0.262653568882174	0.283417081337666	0.116211604954075	0.154923066094995	0.12676065923845	0.189124702759161	0.26000567138594	0.187539151981032	0.113143236102342	0.266240489625821	0.127571146205948
700023439	0.289582016603046	0.199349045088792	0.168530229441717	0.407784728478352	0.211232248693324	0.134125270081056	0.279578372028678	0.0919972877180192	0.239700238922548	0	0.165632890321727	0.195415191752358	0.0596631867688573	0.120336900651357	0.119213666055512	0.190636743468778	0.0885737800657017	0.176141858726181	0.235829281728444	0.256836096606005	0.237077576953269	0.186461114127225	0.26609321113498	0.24352119130874	0.306804067314191	0.299306524598132	0.164111066125681	0.3095445987938	0.222480541759903	0.11984330521735	0.092712671796392	0.205261451380856	0.176661457127726	0.106634397998253	0.288711299942543	0.184507144850774	0.192239249592858	0.0987282720617972	0.239637837768671	0.154793834913434	0.180907562871072	0.112406174995501	0.197460527333681	0.229378504486802	0.133762574387765	0.14593942162532	0.180557443979206	0.0961516041663637	0.108837515780356	0.161417477793108	0.242624486933421	0.277485428060569	0.308136163009852	0.192949170511849	0.360794902211252	0.0878667223311105	0.191414810555378	0.277534600838871	0.1617039390574	0.252000594715187
700016978	0.219436545831177	0.199496650803645	0.164417850229271	0.36722911095742	0.187082628083227	0.146469171303729	0.214110753115847	0.215036321667125	0.171650762952002	0.165632890321727	0	0.166160066765057	0.185070624945725	0.162594788945547	0.230476399699099	0.090411570886435	0.191731387169279	0.131954087724569	0.142990664212484	0.19413673328469	0.167139072808614	0.0665726207705757	0.240494191862751	0.169868758144673	0.179169619689927	0.264636545125719	0.1917078910534	0.311026487321096	0.272232128055801	0.21579610371927	0.148723409361466	0.110248151795846	0.0907430547535889	0.117798320587954	0.247238783822976	0.136417587085259	0.189998766881108	0.187907944344819	0.185281461802229	0.269873362010792	0.147650658629889	0.133324226617405	0.137040318521784	0.142687662653821	0.166852382284497	0.180805451064045	0.185908528151377	0.177985540125211	0.132524508038737	0.121199633011268	0.169939179086396	0.222438322977198	0.251357039577247	0.142478506694159	0.28834453972733	0.167410213745899	0.168480364612821	0.191209613515553	0.137683278481357	0.182023798862315
700024192	0.347349693146505	0.321160330600882	0.0599965434455241	0.455295419240202	0.309919800105	0.114234508730615	0.319742646685475	0.239083036777086	0.306656914347565	0.195415191752358	0.166160066765057	0	0.195437101845857	0.238282456312071	0.206164867173154	0.165191840742164	0.221012328954933	0.148075692140205	0.233512590440684	0.318860670783629	0.237238443749676	0.122297465858886	0.348905879134699	0.300764599369489	0.280261116867657	0.37438845819102	0.282377664396083	0.397555708866955	0.321685968785604	0.260766383457225	0.195968224674445	0.162340148522603	0.204690450705718	0.154986024874843	0.369244822417192	0.259436634001231	0.288118838325869	0.179133388128074	0.317654706820379	0.269142549073673	0.257181450818554	0.141118962321471	0.257426955210187	0.267066588031469	0.196442984572872	0.243597065596853	0.288724949726099	0.190715641469169	0.191946657508646	0.0784814559188555	0.10935757248151	0.343529991004286	0.367465439296856	0.253912865561581	0.412129694891709	0.19002762236868	0.226311650633398	0.313058831361241	0.103752012054058	0.282362346886842
700113058	0.307755567309031	0.216412390627226	0.16809905820549	0.416327343104953	0.23798034973634	0.15214564029373	0.287321333217884	0.0972127192987331	0.257680331161999	0.0596631867688573	0.185070624945725	0.195437101845857	0	0.142871249241214	0.100876119593297	0.209350637308909	0.114950250276301	0.201072621984155	0.259688107715015	0.271979183344099	0.259925804656307	0.196417983193095	0.284754373623023	0.267533327006134	0.321543567455125	0.320503279094994	0.181338812492544	0.312458780443196	0.233953763241511	0.132520602939564	0.121020894413999	0.215000042779333	0.190963801091761	0.122132254898738	0.312297001879982	0.207164244583825	0.220073022772418	0.11775029497504	0.25732157516034	0.162123547268891	0.20489168253854	0.105841100720498	0.230088510333779	0.240003204288224	0.140375117138838	0.174865960090547	0.207795239122254	0.101290555364108	0.143478191553421	0.165177261802755	0.251164727546375	0.293789696838916	0.318115874981838	0.22451009498279	0.383707929071452	0.0815040261015801	0.211122884671718	0.29843941659215	0.170373808167905	0.264952773466214
700099448	0.244266046324332	0.155066540339096	0.22035748726547	0.36640866921026	0.168775282448743	0.160164555740238	0.248461947323311	0.135390481118322	0.203192846146056	0.120336900651357	0.162594788945547	0.238282456312071	0.142871249241214	0	0.178450951889998	0.176368379317842	0.125927000361299	0.191600802987425	0.191799961759542	0.231419424514159	0.212577056517625	0.186391518779922	0.233950123989114	0.1878513348446	0.273545833152591	0.23268880366661	0.113433723711825	0.269978641745304	0.182386155725908	0.120307189135634	0.105742352506209	0.214597284906551	0.122004545481359	0.108942971180303	0.223861077381344	0.171672467936255	0.164387697477229	0.153868993921171	0.196782325076363	0.194243448740402	0.155705412820942	0.136547278240401	0.133887130219256	0.210292266939375	0.107911210445253	0.141010662074964	0.133403236820472	0.122044778129611	0.0961513006142137	0.187090154412038	0.246842623653396	0.228366803466257	0.276153665154172	0.160830323638209	0.315154194660972	0.121234617772668	0.178081201379595	0.232111603763853	0.177899399732361	0.227204727709003
700109870	0.335634113482874	0.252653294970375	0.18667208300863	0.43143719308513	0.265044337137992	0.18102715638983	0.318113678891229	0.136484730405871	0.29149202076855	0.119213666055512	0.230476399699099	0.206164867173154	0.100876119593297	0.178450951889998	0	0.249227030052782	0.140519782185801	0.250991150968331	0.296934447046154	0.30552229235113	0.275136449684263	0.238855449171412	0.307031371873891	0.309634232092048	0.354798533578031	0.341520389170395	0.214211776275853	0.344547625889216	0.242699184941159	0.155458466692666	0.171246073071061	0.249248322804602	0.229952024662964	0.163754425464512	0.336472695740645	0.249223977393021	0.263713183095292	0.128612033351164	0.290642361646921	0.169515211205457	0.258048442741816	0.140396786768826	0.271360314626195	0.278491198778721	0.159346168584292	0.189384079954344	0.229886066570803	0.119831875307906	0.186606988251791	0.189286063172798	0.267969000358322	0.318235803378561	0.339779348886654	0.260419870069045	0.402556394060955	0.133635533595505	0.228658463656598	0.327272272710777	0.194845449599327	0.30274052523214
700033928	0.212597284443404	0.244212186485335	0.159873689604081	0.350275346995883	0.208684582332479	0.147929533460418	0.198470849356418	0.237528629409975	0.168679932468053	0.190636743468778	0.090411570886435	0.165191840742164	0.209350637308909	0.176368379317842	0.249227030052782	0	0.218497252378179	0.122542743040206	0.137877583369749	0.220946853398616	0.165329276009158	0.0799649038901689	0.253140166517478	0.163841018788081	0.194986937485559	0.268335454837302	0.221795540811048	0.329491828974637	0.290833261092701	0.240338406077002	0.16992760191846	0.131009960264726	0.102606541781733	0.141949988254829	0.255233373918286	0.183379896384102	0.210881869469767	0.206236943668914	0.181651299944612	0.291585415528846	0.139986185576924	0.153149275877474	0.160859671845934	0.184101162674564	0.179901803109612	0.202790028318357	0.186387355028195	0.203808458806767	0.158577084750297	0.121355376632133	0.148134459778365	0.209987860673608	0.244322707303092	0.169425996242191	0.294550399232998	0.188658173037732	0.177894142813595	0.180006947455141	0.128316452878868	0.172930068887016
700023693	0.295568533893755	0.172034798034663	0.2301738623386	0.403166638746841	0.18731656365685	0.174919774635075	0.295213008418678	0.0822962964639199	0.25287798212218	0.0885737800657017	0.191731387169279	0.221012328954933	0.114950250276301	0.125927000361299	0.140519782185801	0.218497252378179	0	0.214260055354533	0.26246362914797	0.277677662245049	0.241019393774519	0.219559441043247	0.266235849826835	0.270544369472281	0.33464299161065	0.281040087919537	0.135912378670208	0.285432798447735	0.172234455699852	0.130218630955206	0.0969250184902859	0.2375493504074	0.176294690121096	0.125770758287121	0.266888511871143	0.209704749341045	0.1958090934662	0.144580224201144	0.232082394895646	0.133844579001086	0.203378974097797	0.130609407160766	0.205697046431664	0.249140494574899	0.118150940462582	0.126769152711447	0.151624878564775	0.0941551416538415	0.139063333204766	0.199557004071793	0.281197495710315	0.280492007953091	0.308226721745644	0.21271419304241	0.365882760832119	0.105472987184907	0.200946246288406	0.300134060746873	0.216300288108716	0.276498025479276
700109627	0.282924228932305	0.282026557412626	0.138311154540565	0.433931119946932	0.241860362446879	0.0883543062619303	0.296996642531687	0.247203398739368	0.255266347370564	0.176141858726181	0.131954087724569	0.148075692140205	0.201072621984155	0.191600802987425	0.250991150968331	0.122542743040206	0.214260055354533	0	0.198785354381267	0.28816070439637	0.235715439836126	0.112601826878798	0.314344028971606	0.222765529594152	0.252976451259603	0.326978443860532	0.222449194190855	0.36756234973104	0.336126621810616	0.236701645675306	0.146926807771363	0.182844128662425	0.169635942539737	0.13758672875392	0.320772760700268	0.2436372891492	0.196379942183762	0.154866058863236	0.272295829923299	0.296981778921438	0.211178201531029	0.162585332065743	0.182935615060624	0.243216686899891	0.225853700085007	0.237669728010535	0.246169356989715	0.225187328518585	0.122820159464769	0.116901617301464	0.153189498202328	0.308722483667622	0.342341635554183	0.192020733868598	0.340249114833301	0.193127944916818	0.235617542789419	0.275284014115543	0.138499227279424	0.259652725633303
700095416	0.1630402081372	0.245225867437509	0.230074738934974	0.338098532904987	0.198041383541691	0.206959173069302	0.162051248704596	0.289002089951156	0.149497858743163	0.235829281728444	0.142990664212484	0.233512590440684	0.259688107715015	0.191799961759542	0.296934447046154	0.137877583369749	0.26246362914797	0.198785354381267	0	0.184478640952677	0.101457810241047	0.155111949704551	0.218365367903806	0.10895760543459	0.132161384222096	0.241739202011955	0.235789419171587	0.364394602233914	0.301516451528684	0.278929498908304	0.203094190718659	0.13318610283138	0.150626967424405	0.208347578125716	0.229903520455337	0.159909997686889	0.227971991682081	0.242030767782832	0.155813576479423	0.340359002820422	0.110907964502212	0.239813364363714	0.124981910773683	0.176899534272417	0.223223089952498	0.198848489421925	0.186499755644149	0.251166052853996	0.177566532545824	0.20483855395206	0.211466177233433	0.185789666169155	0.226971549971656	0.103537715050736	0.232756578889516	0.235719985716972	0.153113151986395	0.140649429137301	0.189705402187997	0.141127281088127
700110425	0.123443320461966	0.234894292505576	0.317533219073198	0.199980684452353	0.198225444207	0.305590841292695	0.0841275380257249	0.296108558671084	0.145012971451815	0.256836096606005	0.19413673328469	0.318860670783629	0.271979183344099	0.231419424514159	0.30552229235113	0.220946853398616	0.277677662245049	0.28816070439637	0.184478640952677	0	0.155964764486851	0.223233032164936	0.119306530097435	0.141798184312911	0.124455509570142	0.248249995283859	0.251007869169389	0.343056314468115	0.303378014320042	0.292084040518262	0.251955903197509	0.23958450315271	0.203756253754031	0.269268900351431	0.226900502171697	0.117537709937294	0.237115855701454	0.301043352166239	0.140561808531465	0.348831182558298	0.149024441653074	0.28741670220026	0.184200780508524	0.15103570017228	0.252380529886867	0.218409210555659	0.203296345312938	0.272359302268637	0.234491735565065	0.276451779073055	0.303793644195574	0.0972042211388484	0.0824554756967471	0.151220610679127	0.158842726047295	0.276647506662608	0.138175788757835	0.120889947076016	0.274168163119354	0.142389141954425
700111580	0.16704439473086	0.249122153727233	0.253948714139525	0.306226418903328	0.213175416361103	0.226605316366249	0.142621659304847	0.283900894403612	0.167550368129946	0.237077576953269	0.167139072808614	0.237238443749676	0.259925804656307	0.212577056517625	0.275136449684263	0.165329276009158	0.241019393774519	0.235715439836126	0.101457810241047	0.155964764486851	0	0.172814098112212	0.19657962260847	0.132701924351947	0.122480882797763	0.275375717450945	0.266965292920444	0.384426561131496	0.268367233680004	0.290011480016337	0.210935326802405	0.1535339208419	0.174055728836382	0.227338970045399	0.263670765111324	0.140977131226866	0.267652100226981	0.238597429184449	0.164387194074553	0.309019556276978	0.13223907969939	0.245837135698204	0.161667502945275	0.16839199903361	0.188961704170374	0.174868943313318	0.19772620828651	0.224345804000395	0.187874734911276	0.216570871900744	0.240655737871576	0.161253251114038	0.198661041283237	0.124408094654437	0.234233639602438	0.235308338068518	0.0916010192035218	0.119861294067799	0.196750002085921	0.112739948263234
700111302	0.249003308838887	0.238249794186134	0.123554959229617	0.388629357900304	0.229514943398583	0.133769902132827	0.227629032047339	0.23050913585813	0.204573381523394	0.186461114127225	0.0665726207705757	0.122297465858886	0.196417983193095	0.186391518779922	0.238855449171412	0.0799649038901689	0.219559441043247	0.112601826878798	0.155111949704551	0.223233032164936	0.172814098112212	0	0.274480585447821	0.198713438480758	0.192536669315382	0.297681572232764	0.223733767734855	0.341546949221225	0.301205828790445	0.239911428309624	0.173937451205312	0.105002434860209	0.11457396101378	0.133943238906888	0.289012418146756	0.174533567285895	0.214759361225702	0.197490498154947	0.220804193273684	0.280331429945509	0.17669705707412	0.137541975958396	0.168226346136722	0.174638164234935	0.174785783417704	0.21668782899272	0.213759292680288	0.185944967028858	0.15671942618929	0.0807458064944626	0.128802520456116	0.249220180161629	0.282437246227986	0.16602932439252	0.322497285194439	0.17555024775292	0.176505042096011	0.217646255886362	0.099032209302769	0.199098326300367
700098605	0.132285611135452	0.187296586304175	0.351000166736011	0.209712208439344	0.187282136465125	0.313140040960252	0.134574351157268	0.291338060728743	0.181044722372685	0.26609321113498	0.240494191862751	0.348905879134699	0.284754373623023	0.233950123989114	0.307031371873891	0.253140166517478	0.266235849826835	0.314344028971606	0.218365367903806	0.119306530097435	0.19657962260847	0.274480585447821	0	0.177421441079722	0.202766433193475	0.220545408170144	0.223104923809203	0.316894445725394	0.270792994804487	0.295025569529994	0.255527643741816	0.27424504371906	0.237941114116948	0.274107219960729	0.201134015175675	0.161844179932651	0.255699222311116	0.301240355724564	0.156660149867422	0.313847494118348	0.176488792444111	0.30642574292569	0.219025721019767	0.199375508930608	0.275857943497947	0.18754157116007	0.183402276740244	0.286744216242539	0.241739275002074	0.304451593760133	0.34572600131676	0.147468916132343	0.112984526344173	0.171182058904176	0.146229191784682	0.28567988023042	0.197347319537842	0.170534682540624	0.304588884276043	0.160376572911004
700111991	0.101371589753685	0.225437433042296	0.293555894667241	0.287291007110003	0.162783087922083	0.258115127963522	0.134908490359832	0.295721928469813	0.108424746848163	0.24352119130874	0.169868758144673	0.300764599369489	0.267533327006134	0.1878513348446	0.309634232092048	0.163841018788081	0.270544369472281	0.222765529594152	0.10895760543459	0.141798184312911	0.132701924351947	0.198713438480758	0.177421441079722	0	0.15749065930311	0.195930033048346	0.214205096229688	0.331126545090472	0.303165740612381	0.288612454400747	0.219357450861477	0.208249848053024	0.180320787648096	0.240211253358524	0.188140236627966	0.131779767536208	0.19736905113805	0.259585396260686	0.10444381612491	0.350507827144276	0.0965218392587374	0.271855028943585	0.128111799091267	0.155029288385733	0.240057550675651	0.200173247696658	0.172956360410644	0.263781883864655	0.191528323992586	0.25757564915863	0.270180313190356	0.138057801290498	0.179430270492846	0.115766081396126	0.168128798035022	0.262209326110718	0.164749597144053	0.11182318366173	0.254015533996466	0.126821134203517
700108960	0.146349471764055	0.296630287699617	0.272546580813625	0.28630224976142	0.264705658923533	0.269478914232544	0.108983537477661	0.351144946967546	0.161432009400487	0.306804067314191	0.179169619689927	0.280261116867657	0.321543567455125	0.273545833152591	0.354798533578031	0.194986937485559	0.33464299161065	0.252976451259603	0.132161384222096	0.124455509570142	0.122480882797763	0.192536669315382	0.202766433193475	0.15749065930311	0	0.312720510668582	0.312987125124445	0.409302079140439	0.358990589301098	0.347120929250024	0.288400114805302	0.150459477051184	0.204847564187837	0.271565678681484	0.290079368858498	0.153238249069208	0.296615075601362	0.312780476823041	0.189380635505852	0.398943063311726	0.187057858652839	0.287110463321326	0.201914555643041	0.14545335928762	0.281224989337829	0.274081692885186	0.268056861926958	0.313311928854689	0.254637360884675	0.251646743868502	0.24840250286787	0.152534654454767	0.161623758266602	0.171621705421673	0.185806304026471	0.303366979876371	0.165654076926195	0.106471976775745	0.233628279816826	0.108553199783047
700024452	0.193186705224967	0.174056966474561	0.373037640524397	0.273387659830376	0.158861871099221	0.330590199090998	0.241909591654144	0.29167543029391	0.207511457877488	0.299306524598132	0.264636545125719	0.37438845819102	0.320503279094994	0.23268880366661	0.341520389170395	0.268335454837302	0.281040087919537	0.326978443860532	0.241739202011955	0.248249995283859	0.275375717450945	0.297681572232764	0.220545408170144	0.195930033048346	0.312720510668582	0	0.198198383226096	0.272447014973408	0.221918914064748	0.270482097682463	0.271981398604093	0.311351908742878	0.248065548504522	0.291059385572409	0.0607867576216363	0.222154442983912	0.247356269749809	0.317488467487201	0.165797302938135	0.316531384557155	0.196690430473305	0.32366588585143	0.226055923816035	0.262787578874795	0.283612098622782	0.212305402140965	0.175447642558544	0.304290761943303	0.261305295148589	0.334422281929084	0.369918167342358	0.191393011462333	0.219928846987137	0.20501361509276	0.218424469167392	0.299470232654476	0.262350788032785	0.242034547173294	0.327720973222331	0.271590080706693
700032931	0.231802139170548	0.132752868192994	0.266529047803039	0.363405580760136	0.144307550005269	0.211554052520783	0.272175282677698	0.158254814292462	0.20907680547307	0.164111066125681	0.1917078910534	0.282377664396083	0.181338812492544	0.113433723711825	0.214211776275853	0.221795540811048	0.135912378670208	0.222449194190855	0.235789419171587	0.251007869169389	0.266965292920444	0.223733767734855	0.223104923809203	0.214205096229688	0.312987125124445	0.198198383226096	0	0.239552573227987	0.186198633599913	0.159863325548186	0.143694486636245	0.255109479733843	0.15752451771342	0.154910502330919	0.199797280488771	0.196683107046058	0.145340002324162	0.188118414631285	0.196701089773255	0.201153251332556	0.183315127321704	0.179477250515578	0.167019845728738	0.230498008232785	0.173526692806327	0.151250228455017	0.12713782858842	0.163008908064284	0.142262377221676	0.22392893168948	0.29467798528024	0.245759379445863	0.265234785737594	0.177213025174747	0.286847014323374	0.154369158611921	0.237155402304036	0.267011659247126	0.236059617613809	0.268991746761534
700095837	0.339882173146491	0.217059895867602	0.394506711806015	0.415642737567441	0.281608315185304	0.37875841840288	0.36387381512691	0.268348051077204	0.317073828531646	0.3095445987938	0.311026487321096	0.397555708866955	0.312458780443196	0.269978641745304	0.344547625889216	0.329491828974637	0.285432798447735	0.36756234973104	0.364394602233914	0.343056314468115	0.384426561131496	0.341546949221225	0.316894445725394	0.331126545090472	0.409302079140439	0.272447014973408	0.239552573227987	0	0.183941325070721	0.229137153923817	0.289836804335366	0.380820075467978	0.277102522950421	0.290822167965629	0.26122041303239	0.31399200709102	0.293408969495357	0.362026699641558	0.291900199297135	0.313133580669345	0.2975513683915	0.316013031589542	0.320239742868926	0.328266564551512	0.28584596374937	0.298170687985185	0.250797142701673	0.290691498661202	0.317791850730953	0.358857285597397	0.400540035958805	0.328126806156401	0.347571280834469	0.33466376064532	0.392887404974068	0.285818298392843	0.360221504991966	0.365334568046009	0.374379816588164	0.372648805672672
700024548	0.311237632828078	0.159769715072842	0.334837175853078	0.373496655630933	0.229287243687668	0.298413365183151	0.318351704481808	0.181186935600708	0.304331313405342	0.222480541759903	0.272232128055801	0.321685968785604	0.233953763241511	0.182386155725908	0.242699184941159	0.290833261092701	0.172234455699852	0.336126621810616	0.301516451528684	0.303378014320042	0.268367233680004	0.301205828790445	0.270792994804487	0.303165740612381	0.358990589301098	0.221918914064748	0.186198633599913	0.183941325070721	0	0.163644008264699	0.218606699106114	0.320748167684813	0.221803221754616	0.223358489257486	0.218264123799307	0.245056343655074	0.279524223926567	0.266191626059692	0.257001779528921	0.190977632792185	0.240399420784265	0.239845320848968	0.255654021584015	0.308883407454595	0.160714253347586	0.147054360122264	0.178294751896022	0.186106430165763	0.234277428928222	0.300954445259524	0.356131793264258	0.289089012271597	0.30672963106115	0.258541479245353	0.352703589561177	0.20945222578523	0.24444782152929	0.320901957726228	0.290183053459544	0.311795683269579
700110161	0.321731447232786	0.186652467026563	0.22678317459448	0.411689094358	0.213177788377445	0.196516499364855	0.311395422687319	0.101351021372193	0.271608204276157	0.11984330521735	0.21579610371927	0.260766383457225	0.132520602939564	0.120307189135634	0.155458466692666	0.240338406077002	0.130218630955206	0.236701645675306	0.278929498908304	0.292084040518262	0.290011480016337	0.239911428309624	0.295025569529994	0.288612454400747	0.347120929250024	0.270482097682463	0.159863325548186	0.229137153923817	0.163644008264699	0	0.141921020293243	0.261779010419842	0.190973849901493	0.134431767104976	0.262962345088486	0.237651339792281	0.221482245190298	0.161338460208699	0.256602809175349	0.184813862628989	0.232687020097997	0.148766618825068	0.222215805388277	0.267804461023348	0.155094792589444	0.200619820736841	0.186876459976779	0.125648511836196	0.161479920439437	0.217757897869872	0.299270302306444	0.289731886167966	0.334089312366714	0.232982771073165	0.390350356218895	0.122907953174177	0.241410572273667	0.311187270065567	0.219107251050119	0.297210104281134
700023496	0.27591004651738	0.173242168536113	0.206019679322454	0.395300529264108	0.178608644617471	0.142917188422304	0.268722365434636	0.140012733461614	0.220951992540815	0.092712671796392	0.148723409361466	0.195968224674445	0.121020894413999	0.105742352506209	0.171246073071061	0.16992760191846	0.0969250184902859	0.146926807771363	0.203094190718659	0.251955903197509	0.210935326802405	0.173937451205312	0.255527643741816	0.219357450861477	0.288400114805302	0.271981398604093	0.143694486636245	0.289836804335366	0.218606699106114	0.141921020293243	0	0.196826098113787	0.13625744838875	0.0850352869499622	0.261827092485545	0.181512496119883	0.165046069890381	0.127748728397758	0.214387657177566	0.1877075534028	0.160868053536691	0.123788518151734	0.142664534076139	0.207947102996349	0.112169448589241	0.151341246845777	0.148827098884481	0.10698201891604	0.0849274714034748	0.17048540876465	0.234716000644285	0.266301382118961	0.301102683272743	0.168450803891908	0.348839410743694	0.0949189782435558	0.182136257810589	0.25615412203361	0.192042133641653	0.235382767707581
700034628	0.243946254062277	0.254735057185371	0.167835444381894	0.400512333145193	0.248040001379923	0.15467627375278	0.211052202016104	0.246557402360356	0.191189827448628	0.205261451380856	0.110248151795846	0.162340148522603	0.215000042779333	0.214597284906551	0.249248322804602	0.131009960264726	0.2375493504074	0.182844128662425	0.13318610283138	0.23958450315271	0.1535339208419	0.105002434860209	0.27424504371906	0.208249848053024	0.150459477051184	0.311351908742878	0.255109479733843	0.380820075467978	0.320748167684813	0.261779010419842	0.196826098113787	0	0.164581205190479	0.157198556201459	0.292876164709365	0.165264464969155	0.266068604110331	0.207508335297386	0.225858900968088	0.29166901170564	0.19313281746842	0.162572296402071	0.191137076703069	0.157045508383958	0.19682246738348	0.228140227938787	0.23673447343441	0.199526415059663	0.180013883762268	0.136678711722709	0.179393393684044	0.242004751595325	0.273031875316361	0.171031824575161	0.311310414996495	0.189764723437224	0.169689169449597	0.188975314543807	0.140189798939414	0.15641701474444
700023645	0.231731888573794	0.16946529994157	0.208419298899213	0.346634359773684	0.173815111331988	0.187176238038821	0.223650970309525	0.189259860994565	0.186638751495724	0.176661457127726	0.0907430547535889	0.204690450705718	0.190963801091761	0.122004545481359	0.229952024662964	0.102606541781733	0.176294690121096	0.169635942539737	0.150626967424405	0.203756253754031	0.174055728836382	0.11457396101378	0.237941114116948	0.180320787648096	0.204847564187837	0.248065548504522	0.15752451771342	0.277102522950421	0.221803221754616	0.190973849901493	0.13625744838875	0.164581205190479	0	0.106615619575981	0.23948200208565	0.155326613808015	0.190667897557395	0.210025987671846	0.170247468400836	0.245883822154573	0.134011875418927	0.117686300467884	0.123894306628198	0.1729732986943	0.126395021172002	0.184489292143371	0.136523606688008	0.152103939814181	0.154854435309585	0.159636154504517	0.196048516316928	0.210434489301008	0.254741833480046	0.161735124576581	0.313072195709915	0.138347451280647	0.184694062209552	0.188608258845728	0.166655271985216	0.200881912593786
700038744	0.296263687171424	0.199045512862602	0.156479566522289	0.403896327077324	0.208596747937851	0.10683008444598	0.283267417186772	0.137633895955073	0.240812177597857	0.106634397998253	0.117798320587954	0.154986024874843	0.122132254898738	0.108942971180303	0.163754425464512	0.141949988254829	0.125770758287121	0.13758672875392	0.208347578125716	0.269268900351431	0.227338970045399	0.133943238906888	0.274107219960729	0.240211253358524	0.271565678681484	0.291059385572409	0.154910502330919	0.290822167965629	0.223358489257486	0.134431767104976	0.0850352869499622	0.157198556201459	0.106615619575981	0	0.282964928269588	0.196583419163308	0.193219994220377	0.128584459101159	0.239414075866474	0.187814240238055	0.188442937488136	0.0662116239368279	0.168437992177792	0.217078511900987	0.110496544920714	0.175598930131447	0.184404104864963	0.102889180705533	0.106333291232631	0.119045433011138	0.19878206896093	0.280856669469828	0.31391616198512	0.195835869315329	0.368671573551753	0.0866906899349245	0.206752983914542	0.259488169254831	0.143113951705549	0.246168343676395
700038485	0.179610408677445	0.153427240468913	0.364804564875685	0.264580220091891	0.15711705128616	0.322635954059482	0.221940265303506	0.279878065143168	0.178661942941862	0.288711299942543	0.247238783822976	0.369244822417192	0.312297001879982	0.223861077381344	0.336472695740645	0.255233373918286	0.266888511871143	0.320772760700268	0.229903520455337	0.226900502171697	0.263670765111324	0.289012418146756	0.201134015175675	0.188140236627966	0.290079368858498	0.0607867576216363	0.199797280488771	0.26122041303239	0.218264123799307	0.262962345088486	0.261827092485545	0.292876164709365	0.23948200208565	0.282964928269588	0	0.19990832015816	0.247928653512872	0.322283236095961	0.139835748021575	0.308056307309279	0.190408600357804	0.314876915114536	0.217311505555083	0.235418203842508	0.276766168935049	0.204384720588842	0.162356965760589	0.297134659651418	0.255992534390945	0.327014767427313	0.358874459512979	0.170505735646709	0.196424456365916	0.181461681779742	0.211557052319464	0.289321786194811	0.250008677959846	0.221660900887978	0.320393004331958	0.246379720374652
700024743	0.142167798066225	0.17691309860415	0.258588673463419	0.290373147244971	0.178947819911327	0.24323707896444	0.125740550279368	0.228456416661006	0.131887184485108	0.184507144850774	0.136417587085259	0.259436634001231	0.207164244583825	0.171672467936255	0.249223977393021	0.183379896384102	0.209704749341045	0.2436372891492	0.159909997686889	0.117537709937294	0.140977131226866	0.174533567285895	0.161844179932651	0.131779767536208	0.153238249069208	0.222154442983912	0.196683107046058	0.31399200709102	0.245056343655074	0.237651339792281	0.181512496119883	0.165264464969155	0.155326613808015	0.196583419163308	0.19990832015816	0	0.207338511265799	0.233411081571328	0.127653894036942	0.283563146426981	0.118246191043503	0.220184426034616	0.149405945936931	0.0984527865568573	0.19166083287918	0.162477852096231	0.167393733364276	0.200442529842533	0.172202176081003	0.217159045566811	0.262827605942673	0.137417609337164	0.16558961323918	0.113158420308721	0.217015374973428	0.208786105566949	0.135239818711801	0.116866134584263	0.216829488908102	0.113792522210612
