700108602	700014971	700033565	700109389	700023058	700023927	700106341	700114221	700023543	700023439	700016978	700024192	700113058	700099448	700109870	700033928	700023693	700109627	700095416	700110425	700111580	700111302	700098605	700111991	700108960	700024452	700032931	700095837	700024548	700110161	700023496	700034628	700023645	700038744	700038485	700024743	700099596	700110760	700101587	700106399	700032322	700095653	700021312	700101230	700023590	700038905	700033136	700023382	700096424	700105469	700016908	700096053	700108479	700109569	700033814	700016125	700109756	700102665	700101777	700109455
700108602	0	0.227425330321029	0.338806505340403	0.220817810393105	0.166072464478684	0.307991476041265	0.0963885740888901	0.322387045719181	0.127439351907917	0.294285365630462	0.219448210604044	0.352520780333973	0.322357353280062	0.243444960362022	0.337085839082098	0.213416014304328	0.304324709663129	0.298970159359309	0.139048656218051	0.13258704869501	0.171881712608181	0.247589878070678	0.121229820160899	0.0794736740807561	0.16576863738224	0.189936445560429	0.246946445582075	0.333618486980578	0.306633464509102	0.321208830004507	0.267878329927192	0.243498488540113	0.242474172179508	0.289782391994665	0.153911604847094	0.139251101590347	0.233379105042788	0.313310953076444	0.0985321694501596	0.361629550364471	0.167603512512616	0.335441185983092	0.205661638927573	0.18407764920323	0.291620405595033	0.223916773266148	0.212156148848501	0.317446983960831	0.244514827078711	0.324427539869256	0.290834820386569	0.103810513714979	0.127783848990157	0.159061303386307	0.131013134889299	0.289716647855389	0.191937765726698	0.113514325694416	0.300155192226996	0.147742694592974
700014971	0.227425330321029	0	0.296050510650228	0.334971766893318	0.12114593891583	0.239237170388534	0.244360997329598	0.203847016867735	0.207148700043868	0.178127356581023	0.181992397701069	0.316359867219395	0.19035453871905	0.141435436994443	0.252588867944985	0.223165357126007	0.189643165813658	0.275107671836273	0.211191131058213	0.226806976370831	0.242920265076967	0.232787454833004	0.194118629309362	0.215810704436081	0.298342314267754	0.166608486844232	0.108046965726768	0.216518938714048	0.168959331867649	0.188265623363634	0.187787606802182	0.259967077401231	0.158543023044806	0.17584198847205	0.189644775898033	0.186571411993561	0.20243429023388	0.256371997149877	0.186109468383954	0.229054221438729	0.168040986636093	0.226923728232123	0.179923708579461	0.23436825485734	0.19576611651437	0.172974144632275	0.125093610367042	0.228766760712934	0.160907182916461	0.294637312324237	0.286926407399982	0.213252318202022	0.233696216580729	0.185921387822554	0.298346452101508	0.188964665747599	0.233589777050634	0.2263251916979	0.268188319598767	0.241000546822938
700033565	0.338806505340403	0.296050510650228	0	0.441508063030163	0.296643606135965	0.0887158084872812	0.315720094628461	0.176919523248696	0.274015479103456	0.147676213060756	0.161215040664442	0.068148860006525	0.172561724063198	0.216861270060361	0.186577541595794	0.162705307099677	0.192272665141321	0.110253025180722	0.248279388325392	0.299840355523366	0.257194511158368	0.115807851707889	0.331908697734487	0.286758534184225	0.26601107628513	0.344661686842739	0.248435584115385	0.361529508230509	0.314269786550074	0.203141623193599	0.150145064849861	0.186820273896865	0.187428205832551	0.156963050688025	0.362339933214715	0.240076627472485	0.247651640888221	0.1449177864655	0.318412105828658	0.245582590284938	0.245441899396469	0.116394554593133	0.221574637229975	0.235873265720304	0.185924568932004	0.234925662681938	0.247538131982533	0.148522696192017	0.204474832089141	0.0680530769348801	0.109057953323044	0.317992268235442	0.360912870104829	0.236555324673112	0.405347491026644	0.147785847281009	0.236269355744243	0.299676815876945	0.0946985832580169	0.286338367907476
700109389	0.220817810393105	0.334971766893318	0.441508063030163	0	0.307681554788827	0.429021102759485	0.221235385355943	0.415493784516657	0.292948240857611	0.397265836827592	0.350186015383732	0.450764083327282	0.408577851288989	0.370426544721424	0.426377653725772	0.336032506951712	0.401175698126799	0.433953502687786	0.308603488497925	0.197153606311234	0.294098494078838	0.378089450088726	0.224323776945122	0.263168531048471	0.277882982336838	0.263065497818937	0.369235837046422	0.407119095392108	0.354047560856272	0.399265562710104	0.396105024119022	0.381393850843944	0.345853260254049	0.398235429615201	0.224595709441087	0.279971417533571	0.373107868708318	0.437769634031953	0.240805688470101	0.415816413277699	0.301789147388411	0.421448623606034	0.340904247447523	0.324304926267157	0.383398419865879	0.324130541632744	0.339033994748609	0.409580342806611	0.366763527964904	0.429779718961124	0.401554713278407	0.201298448787367	0.142138816166742	0.312211190792903	0.185358009118098	0.391441767832771	0.281411503766398	0.238591535322875	0.401542672425167	0.284046747286899
700023058	0.166072464478684	0.12114593891583	0.296643606135965	0.307681554788827	0	0.233415203335817	0.191307540423385	0.22302469994912	0.159126816438676	0.203640758179215	0.176978754848776	0.309791248627216	0.229526525889719	0.158002681301434	0.265741681328077	0.201811749363291	0.212281877626363	0.255501975855787	0.159368633466223	0.190847712989695	0.213616123782071	0.234116270613347	0.163354817893805	0.156449940821366	0.258951295462798	0.147379618693688	0.148459257430116	0.268940038037702	0.222592666808573	0.227178725719831	0.197202138823795	0.234977995864203	0.166917126798115	0.195349079622163	0.158084849657349	0.164875371641623	0.168643845279373	0.230589376478266	0.122653917434449	0.262177336939838	0.137524318613683	0.246178863603301	0.154673711923106	0.20275634419601	0.211480484821596	0.174811343770429	0.120073387722341	0.239172720269828	0.151885812911546	0.298274075101196	0.283775588849141	0.173234980366795	0.192512538414636	0.14609162813342	0.240355327633596	0.20730503278386	0.214434342570073	0.177394848161722	0.270788597715638	0.189065865138843
700023927	0.307991476041265	0.239237170388534	0.0887158084872812	0.429021102759485	0.233415203335817	0	0.294655001978581	0.135923755754515	0.25569235257766	0.094479938769302	0.137271573784684	0.128442151589644	0.134479544874555	0.14743907842595	0.159361879434625	0.159665281191601	0.145743015072172	0.0975113634839341	0.22410074597655	0.283432427410104	0.239983401053908	0.15627974723903	0.28450662438953	0.25514306887891	0.267587912755496	0.299217561217263	0.19240335336691	0.339974849373111	0.266563058508658	0.166554927136541	0.0878279634944231	0.184586916978498	0.149539270107055	0.0948796718048958	0.322251122839387	0.218701341648696	0.195632237792746	0.0848393431307547	0.292610170006534	0.201283181683622	0.194793457817236	0.0821951721004279	0.166855503788078	0.217797688885809	0.142080031283426	0.193398140427491	0.199133333621997	0.108917763702205	0.128273788425573	0.114008018819142	0.16820604587221	0.295585982788329	0.341532824541131	0.20787727084362	0.380267770168318	0.103609293585803	0.213444487948329	0.27199452167451	0.110154595310542	0.266547392290062
700106341	0.0963885740888901	0.244360997329598	0.315720094628461	0.221235385355943	0.191307540423385	0.294655001978581	0	0.302284267394415	0.10347118948284	0.268698606215996	0.205606748297705	0.311937019518393	0.293809495407174	0.250966386186117	0.330044219936475	0.198348010730415	0.275921709489092	0.30305315817817	0.125723485037274	0.0938299944613551	0.128085324150079	0.220657741767325	0.139345310129744	0.106079563002382	0.11479369604052	0.239253639175971	0.283683872963177	0.35189323333312	0.312472853980389	0.31126875241877	0.248663101274053	0.192294050076019	0.208138335002356	0.270787019530475	0.197051047380968	0.102178869846384	0.249763922355085	0.303347823277944	0.121566595552846	0.357060114494159	0.1590039155192	0.296305681930138	0.188218927051127	0.147777748124367	0.252362454830443	0.233928611553693	0.197514817172037	0.277441812716486	0.235408571057981	0.28898866414864	0.272445209646588	0.0845544353107843	0.125362577227824	0.142759667340578	0.175880387851264	0.255852336333317	0.154636341642942	0.0881176224457847	0.265935604574698	0.0917125444229306
700114221	0.322387045719181	0.203847016867735	0.176919523248696	0.415493784516657	0.22302469994912	0.135923755754515	0.302284267394415	0	0.273617513434339	0.0809155233801579	0.212891270195507	0.204149348322925	0.0838735512616964	0.142675801482871	0.111943100074973	0.232897221443522	0.0831536283333743	0.219163859752144	0.268515689775375	0.282327620843781	0.271544727056546	0.233692415496322	0.293115595883652	0.293593408656894	0.344880974636912	0.28583693254506	0.159219718529085	0.286162445728619	0.207995639672132	0.112920698624625	0.154562106329533	0.246961844654436	0.169434572628297	0.133116741690159	0.311991549693566	0.233000745043883	0.231361639537438	0.125944198095869	0.277663082719614	0.121750088802528	0.206714514404183	0.0872978595065043	0.237966802487859	0.261519581681324	0.117218907754187	0.156470774320882	0.17584587174271	0.0860095910787329	0.158174133563666	0.195149306273427	0.255273120594057	0.294242534909723	0.322004978400096	0.238510136704232	0.407391032164854	0.0973101505863408	0.212550845033952	0.309275417729856	0.187570351383281	0.276767638538122
700023543	0.127439351907917	0.207148700043868	0.274015479103456	0.292948240857611	0.159126816438676	0.25569235257766	0.10347118948284	0.273617513434339	0	0.229159995986108	0.148344578567443	0.287081386555473	0.261986525317471	0.219617059316263	0.303719108621588	0.149294164978501	0.24621552606397	0.257084367917667	0.102077905322791	0.143869041554503	0.14414273582788	0.180055265710504	0.169230613615477	0.094282795694213	0.151503739385238	0.227545919120666	0.232261696570708	0.317995308016032	0.310911970250671	0.272359144873457	0.204913619158191	0.152398461488913	0.178920711368627	0.231769746659763	0.198842868338215	0.116295360188149	0.19866293752423	0.267413459215016	0.109411424422847	0.33078408471383	0.143460005405356	0.267200614294194	0.157400172941537	0.0911326380834932	0.230369395093455	0.22238966313255	0.157566367975255	0.247559627751646	0.210104919038189	0.255810024822174	0.242822170406223	0.11311356996438	0.177655300093261	0.117761677527395	0.213095510013818	0.218334461957676	0.175627093892727	0.103913304765024	0.245550633957489	0.0984749838002852
700023439	0.294285365630462	0.178127356581023	0.147676213060756	0.397265836827592	0.203640758179215	0.094479938769302	0.268698606215996	0.0809155233801579	0.229159995986108	0	0.152289141874803	0.189534486664647	0.0752463782673447	0.103082813398622	0.141779548589609	0.181205891305998	0.0861972838399132	0.167218123898069	0.215603612806659	0.245948931178681	0.233810392631739	0.191991016620238	0.270766407410703	0.241223840337203	0.299393729448731	0.263805467186632	0.140619346898261	0.281820930136598	0.205201906877851	0.108182112500087	0.0968676969055497	0.213879240373645	0.12388283108068	0.0761496369587225	0.289366265359292	0.196927079896668	0.179095182806775	0.107280811437078	0.243536686215065	0.14312244794673	0.167184842229182	0.0832227934136975	0.177444469905566	0.221226935952157	0.0966295497132873	0.148454304863917	0.154170126684417	0.0869454254129648	0.105876604890347	0.165467785560816	0.215360088446478	0.256407388052122	0.303027697241935	0.185150089794947	0.371270549792914	0.0737523837904324	0.188044792579688	0.252962518562268	0.152769246782512	0.247540507855611
700016978	0.219448210604044	0.181992397701069	0.161215040664442	0.350186015383732	0.176978754848776	0.137271573784684	0.205606748297705	0.212891270195507	0.148344578567443	0.152289141874803	0	0.182798480918285	0.202043963895411	0.167481025326293	0.255284458863588	0.0822680267567247	0.183036951794823	0.140107385220847	0.140973222873883	0.177716861898921	0.165380743494329	0.0836877664791697	0.227949980776292	0.163976889815089	0.172440470740685	0.242350470953985	0.188391232632522	0.288270435751302	0.265462871819127	0.203871338040394	0.113905325272578	0.132810798449219	0.0896950118644236	0.123949237222986	0.250856163723559	0.143661547584095	0.154723716708544	0.193285598664458	0.191577395733868	0.271795105925406	0.132837412546771	0.157742870961941	0.0977044571468903	0.130748951328807	0.155896594485874	0.177275587286551	0.136242195932044	0.175464771810198	0.133279240087113	0.16494288588874	0.152187918158775	0.198352423002805	0.246079398540107	0.134024721187416	0.294981320614401	0.139126355236736	0.175318362049093	0.173354381917834	0.154660906252818	0.194086313313691
700024192	0.352520780333973	0.316359867219395	0.068148860006525	0.450764083327282	0.309791248627216	0.128442151589644	0.311937019518393	0.204149348322925	0.287081386555473	0.189534486664647	0.182798480918285	0	0.21078737849912	0.244332348038092	0.211158777841304	0.179419435136495	0.197397135552704	0.136502310029073	0.253187782624187	0.308647557915025	0.244987580443404	0.12848166737085	0.339591860742488	0.306219807647782	0.269565974593274	0.357760788923229	0.279106825577467	0.378877151360603	0.32477295676957	0.25551829151128	0.160595852911751	0.18069693462635	0.19496607379778	0.178400295044261	0.380716393087962	0.244957584237125	0.271042834965398	0.182268448653967	0.337399283587117	0.260827511402956	0.248337507325165	0.139746277168473	0.234488433353448	0.242857467132857	0.178278706741245	0.24402286684454	0.258205003341841	0.159869836898561	0.217897682689635	0.0812158163669957	0.0988055107742153	0.33115882903675	0.369701914761074	0.240866539696504	0.424850195545786	0.169827831457555	0.224856236083436	0.310767572809292	0.116429901441825	0.28357462619019
700113058	0.322357353280062	0.19035453871905	0.172561724063198	0.408577851288989	0.229526525889719	0.134479544874555	0.293809495407174	0.0838735512616964	0.261986525317471	0.0752463782673447	0.202043963895411	0.21078737849912	0	0.133617615770284	0.139281516017565	0.220760562533221	0.100436454238035	0.206041440868065	0.257069663301569	0.275316558609118	0.275079456715208	0.227554639528484	0.303569868725332	0.281339842759431	0.335544959961391	0.286852495602954	0.16031016606955	0.264991977370551	0.207184355122761	0.110413583353446	0.147595827297852	0.246359416987993	0.154996788283428	0.110544006484124	0.313665904073034	0.22814335243482	0.22200426300184	0.150358482606786	0.272431068641565	0.144950674698728	0.211301342089761	0.0915903257530362	0.23126195142739	0.253488947268625	0.132030099171033	0.174637478424415	0.194239321785443	0.108190217361665	0.162748015603637	0.192191925892244	0.248201265917427	0.278579034722004	0.318657589982235	0.240010835633605	0.405031864114227	0.0946731991938113	0.221273126350492	0.291047826411594	0.183089009177422	0.278300123607236
700099448	0.243444960362022	0.141435436994443	0.216861270060361	0.370426544721424	0.158002681301434	0.14743907842595	0.250966386186117	0.142675801482871	0.219617059316263	0.103082813398622	0.167481025326293	0.244332348038092	0.133617615770284	0	0.187163303537856	0.191263076653878	0.116938095588667	0.190629566991489	0.187967963118367	0.231408851648435	0.230615449764287	0.217770606381742	0.226809325440301	0.199579926296948	0.293730185717469	0.204551164167044	0.103481035189335	0.268023295395931	0.19022219532613	0.142251939408	0.124626038124683	0.23930697102558	0.136313693779829	0.106426061083235	0.242386902492386	0.192714069039921	0.148312406878413	0.152359554853105	0.217757963817612	0.19269821040201	0.144977860554287	0.153792170332141	0.150747935271524	0.232685526717671	0.122911882978427	0.140295823568304	0.127154310546431	0.150758549689649	0.082721483973949	0.222716785987049	0.234959445363842	0.228065235226984	0.273519269649812	0.180230098198735	0.31078982982779	0.126461686808349	0.184001245853645	0.230505656125788	0.192472379729029	0.236147663525887
700109870	0.337085839082098	0.252588867944985	0.186577541595794	0.426377653725772	0.265741681328077	0.159361879434625	0.330044219936475	0.111943100074973	0.303719108621588	0.141779548589609	0.255284458863588	0.211158777841304	0.139281516017565	0.187163303537856	0	0.270359962234494	0.138321754460285	0.246126091970521	0.296602746540653	0.31837574129537	0.281531039537568	0.264791407775411	0.3073578185715	0.32180273941353	0.367584865467967	0.322961635192099	0.214518234033074	0.329841147851887	0.231205925373803	0.159400836892473	0.195067457292913	0.278120852637499	0.227742080203877	0.188857845233209	0.348206120234253	0.269067611639532	0.273575394137207	0.149415558848051	0.308050251682695	0.152152541647122	0.247887164909231	0.126950680745325	0.279751099010899	0.292233045067895	0.154905520874742	0.177892243575836	0.239088302449542	0.118130713346468	0.199497712165831	0.20481296501639	0.271659851297811	0.321159681493733	0.343481066766434	0.270847546054381	0.412228039483322	0.155006155692104	0.235721352501587	0.337169577415079	0.206686155654357	0.305240267624236
700033928	0.213416014304328	0.223165357126007	0.162705307099677	0.336032506951712	0.201811749363291	0.159665281191601	0.198348010730415	0.232897221443522	0.149294164978501	0.181205891305998	0.0822680267567247	0.179419435136495	0.220760562533221	0.191263076653878	0.270359962234494	0	0.203273228444687	0.138178874483317	0.143484078149964	0.194513065229665	0.168540854248196	0.0921776244605112	0.233397838420058	0.159850600058505	0.180009328733796	0.246833170884457	0.223379120900373	0.310864290273128	0.294576445001729	0.233761142582767	0.145098543161112	0.144922575265006	0.100986647002353	0.156452886922717	0.260899706337281	0.180012063458006	0.180334227724187	0.223212026364914	0.189503724026977	0.291179318636347	0.144265215613997	0.177481549046971	0.129769898419196	0.15304677284204	0.171698603976569	0.192105721368404	0.151355708074783	0.198813817446519	0.164469249676034	0.151139354743095	0.131099722196569	0.188371190386868	0.244634046211431	0.163642550611618	0.307003077516228	0.157773856593634	0.189327172276287	0.165695518911175	0.136681911349335	0.185707183003175
700023693	0.304324709663129	0.189643165813658	0.192272665141321	0.401175698126799	0.212281877626363	0.145743015072172	0.275921709489092	0.0831536283333743	0.24621552606397	0.0861972838399132	0.183036951794823	0.197397135552704	0.100436454238035	0.116938095588667	0.138321754460285	0.203273228444687	0	0.199338845073305	0.237601510746022	0.255903936453456	0.222358932115803	0.20982359856251	0.271834743993268	0.262574527533693	0.317473905092326	0.276446213814956	0.162592998437186	0.284912635642799	0.193353764179155	0.139713706158709	0.126235841883934	0.22483603413789	0.140924795685716	0.112913892088409	0.304199636894235	0.202344420753002	0.20315021769341	0.156845529163681	0.256306288163754	0.121982245318223	0.180578143151197	0.109496767827733	0.205409873889384	0.234563470189433	0.0871795746303562	0.124760486656033	0.152643022443744	0.0822991409996949	0.129709575349993	0.201765035011515	0.24180221612496	0.270879160446974	0.305139477870446	0.211742071839273	0.389244715971428	0.0968966781146866	0.176976472290057	0.28052777093303	0.193905611759703	0.246505329991824
700109627	0.298970159359309	0.275107671836273	0.110253025180722	0.433953502687786	0.255501975855787	0.0975113634839341	0.30305315817817	0.219163859752144	0.257084367917667	0.167218123898069	0.140107385220847	0.136502310029073	0.206041440868065	0.190629566991489	0.246126091970521	0.138178874483317	0.199338845073305	0	0.219320254699244	0.28593445431278	0.249446692504035	0.120885475273774	0.307207903365378	0.243071342886641	0.251515387371255	0.310129972084997	0.229842858738222	0.35436673564986	0.334309421668183	0.234717512527377	0.116206243610211	0.184890985327773	0.18479829713647	0.139869144951029	0.330102827656082	0.240704109912945	0.189534765698408	0.139584371460945	0.299363367423123	0.277659538154078	0.22164243174509	0.167165167417827	0.171966160573585	0.223200399910617	0.199755946169314	0.248086005265905	0.229295537823566	0.193733091523908	0.151141337795365	0.130737732305748	0.143381145314236	0.304550254873604	0.350221617762331	0.217174391799161	0.360002972265345	0.174504614762714	0.229410512065336	0.278086282971239	0.132063068525501	0.281847705563061
700095416	0.139048656218051	0.211191131058213	0.248279388325392	0.308603488497925	0.159368633466223	0.22410074597655	0.125723485037274	0.268515689775375	0.102077905322791	0.215603612806659	0.140973222873883	0.253187782624187	0.257069663301569	0.187967963118367	0.296602746540653	0.143484078149964	0.237601510746022	0.219320254699244	0	0.160567845469988	0.117990578094659	0.160871626619215	0.169553193634537	0.0869027732067467	0.157468364460178	0.205481514777432	0.222855552565916	0.330033229574671	0.284404137174924	0.266386652809233	0.170612619047686	0.152354766215555	0.15635325088414	0.20611388769185	0.202797911716159	0.122743210575854	0.186965021503301	0.234232255553179	0.145373642679472	0.323096324773464	0.105077144074412	0.255414372295555	0.111214294254644	0.141678948702754	0.21076908900706	0.199039841277412	0.136483062415492	0.23742460656438	0.181525852109146	0.229172065090739	0.207451213534207	0.140030814205419	0.205819434884538	0.08449552950191	0.223214623227022	0.208580739590576	0.14724225585174	0.117968048884846	0.211416178652265	0.123369188723402
700110425	0.13258704869501	0.226806976370831	0.299840355523366	0.197153606311234	0.190847712989695	0.283432427410104	0.0938299944613551	0.282327620843781	0.143869041554503	0.245948931178681	0.177716861898921	0.308647557915025	0.275316558609118	0.231408851648435	0.31837574129537	0.194513065229665	0.255903936453456	0.28593445431278	0.160567845469988	0	0.153943980211673	0.215133636977327	0.132382868980674	0.127228904716778	0.133960023272955	0.236650206038484	0.251688700605107	0.317397421248078	0.290827209815656	0.282215890525266	0.240333761927028	0.232051284866762	0.190242176206077	0.2494701196004	0.199831803388138	0.116360741396803	0.217118767928844	0.295756567592354	0.143447524657952	0.338702542561209	0.16288005964656	0.274255337126627	0.184669234070413	0.158617730404258	0.232668335572848	0.214579856661607	0.181977879076104	0.26186516006972	0.213524614920298	0.289250842404806	0.263707008836449	0.0986521792366241	0.0923608428152757	0.156240193964844	0.181357702464778	0.240254905362136	0.129711360274023	0.123974257247804	0.262877256425426	0.149121291258598
700111580	0.171881712608181	0.242920265076967	0.257194511158368	0.294098494078838	0.213616123782071	0.239983401053908	0.128085324150079	0.271544727056546	0.14414273582788	0.233810392631739	0.165380743494329	0.244987580443404	0.275079456715208	0.230615449764287	0.281531039537568	0.168540854248196	0.222358932115803	0.249446692504035	0.117990578094659	0.153943980211673	0	0.167777249825094	0.167936469438013	0.133558223365798	0.119129532312089	0.26513801436366	0.276709474571505	0.367522363498343	0.261810574620994	0.294794396287223	0.185288353088359	0.153759198085117	0.16646023406499	0.229753606522554	0.242541866913334	0.120046506420944	0.250903981157913	0.249869853674382	0.184356411472313	0.306018769573757	0.133779202354936	0.240070598874183	0.153873723569129	0.146281537122062	0.183165998877968	0.17648738107943	0.169971219889018	0.214425024396926	0.188700837216968	0.221714373077287	0.214796037337498	0.14415046140159	0.206455346394897	0.0962635396690939	0.242338108126217	0.207724082459801	0.101014715155567	0.121096378365681	0.194668540017124	0.11330595210289
700111302	0.247589878070678	0.232787454833004	0.115807851707889	0.378089450088726	0.234116270613347	0.15627974723903	0.220657741767325	0.233692415496322	0.180055265710504	0.191991016620238	0.0836877664791697	0.12848166737085	0.227554639528484	0.217770606381742	0.264791407775411	0.0921776244605112	0.20982359856251	0.120885475273774	0.160871626619215	0.215133636977327	0.167777249825094	0	0.257845462091508	0.198031430007024	0.170986727018745	0.289311934003613	0.245718279680748	0.332845451458594	0.312490884144856	0.247750582920081	0.144172085151955	0.101744018901562	0.134095676984915	0.166548389839649	0.296478499665028	0.163468122861342	0.213565870681435	0.209881683896781	0.240766837563634	0.290517232600974	0.188504120646234	0.175242794766639	0.155314837658027	0.148082140162615	0.178605535677141	0.224857980944648	0.194067528153522	0.193295843535143	0.184123088244419	0.104028514663494	0.102918681418686	0.23287721428251	0.28107458125892	0.155118952393994	0.32511418761734	0.158961038618384	0.183476496021584	0.206909248340251	0.115990994562992	0.20258995069689
700098605	0.121229820160899	0.194118629309362	0.331908697734487	0.224323776945122	0.163354817893805	0.28450662438953	0.139345310129744	0.293115595883652	0.169230613615477	0.270766407410703	0.227949980776292	0.339591860742488	0.303569868725332	0.226809325440301	0.3073578185715	0.233397838420058	0.271834743993268	0.307207903365378	0.169553193634537	0.132382868980674	0.167936469438013	0.257845462091508	0	0.139305551001721	0.196272897859452	0.206903677541075	0.23334445015936	0.336056153677002	0.276145676583697	0.306230277540315	0.23970967903301	0.25360942995223	0.233993874839436	0.275111768169255	0.184075400368698	0.145166385805316	0.245766658924385	0.2895510613014	0.140103045819784	0.316685905035843	0.149603306461114	0.307569547300847	0.205075009849106	0.202475831630546	0.268175198974956	0.193905533565272	0.182181832125641	0.287633448866574	0.227065536592855	0.315832521385274	0.300650057413012	0.146791529293161	0.129238981270556	0.158805784575082	0.142800776204884	0.263583307756398	0.177760898063016	0.167998798884782	0.291628174761248	0.143703922957498
700111991	0.0794736740807561	0.215810704436081	0.286758534184225	0.263168531048471	0.156449940821366	0.25514306887891	0.106079563002382	0.293593408656894	0.094282795694213	0.241223840337203	0.163976889815089	0.306219807647782	0.281339842759431	0.199579926296948	0.32180273941353	0.159850600058505	0.262574527533693	0.243071342886641	0.0869027732067467	0.127228904716778	0.133558223365798	0.198031430007024	0.139305551001721	0	0.154384430280305	0.189350569860923	0.225435097937636	0.322313100729059	0.296029560414218	0.287301458794147	0.209059283424288	0.202330280028841	0.191805707831248	0.236980036098362	0.161600544536036	0.115566066624087	0.182366306419138	0.2606560714355	0.111462837393572	0.348268671389909	0.122365920160038	0.287385624815875	0.145972523713395	0.145873471398883	0.242894993787621	0.21007233965543	0.158300420232688	0.269865074164081	0.196060619437298	0.275109345323337	0.244058396075393	0.108947784202741	0.166618863508508	0.111709805932651	0.162773575359393	0.24366260692405	0.162709958150844	0.0962088119882143	0.252443707490275	0.131538691123258
700108960	0.16576863738224	0.298342314267754	0.26601107628513	0.277882982336838	0.258951295462798	0.267587912755496	0.11479369604052	0.344880974636912	0.151503739385238	0.299393729448731	0.172440470740685	0.269565974593274	0.335544959961391	0.293730185717469	0.367584865467967	0.180009328733796	0.317473905092326	0.251515387371255	0.157468364460178	0.133960023272955	0.119129532312089	0.170986727018745	0.196272897859452	0.154384430280305	0	0.315800124936827	0.325069272296887	0.39513709128426	0.351988327869993	0.344261248887152	0.253746336718683	0.137908497627537	0.217299918357404	0.275466347387536	0.27240108991469	0.143334695919677	0.284751964505325	0.314635246122828	0.190920015970593	0.396906703865714	0.208859684039533	0.28470476549346	0.195441287971164	0.142378339453496	0.274367273463256	0.279692927619697	0.247920284796306	0.30537974859115	0.260414406062175	0.233848605975136	0.223578500061001	0.159296015430973	0.183064820809949	0.147732820437699	0.207469381309257	0.276159135595848	0.169304522936768	0.131418203655401	0.213021681574161	0.131729675180258
700024452	0.189936445560429	0.166608486844232	0.344661686842739	0.263065497818937	0.147379618693688	0.299217561217263	0.239253639175971	0.28583693254506	0.227545919120666	0.263805467186632	0.242350470953985	0.357760788923229	0.286852495602954	0.204551164167044	0.322961635192099	0.246833170884457	0.276446213814956	0.310129972084997	0.205481514777432	0.236650206038484	0.26513801436366	0.289311934003613	0.206903677541075	0.189350569860923	0.315800124936827	0	0.181554611053213	0.262370182789973	0.198054540628033	0.257981649008123	0.260775801711231	0.301328338656129	0.228003667861052	0.258328968330128	0.0828464029131062	0.227536393883012	0.243450582138102	0.301293487923002	0.168370276025449	0.299920484250328	0.184281052343989	0.306098090762181	0.220833973815066	0.264163587784089	0.268419122993166	0.199882640360062	0.172258570330273	0.301774365785759	0.229068455492505	0.335222532925575	0.316287397043382	0.195304390781677	0.211495694290475	0.210625738723054	0.236788718804866	0.270813752115248	0.245283936115692	0.212078452239342	0.302916953566971	0.261872080923099
700032931	0.246946445582075	0.108046965726768	0.248435584115385	0.369235837046422	0.148459257430116	0.19240335336691	0.283683872963177	0.159219718529085	0.232261696570708	0.140619346898261	0.188391232632522	0.279106825577467	0.16031016606955	0.103481035189335	0.214518234033074	0.223379120900373	0.162592998437186	0.229842858738222	0.222855552565916	0.251688700605107	0.276709474571505	0.245718279680748	0.23334445015936	0.225435097937636	0.325069272296887	0.181554611053213	0	0.213936083726327	0.174876532293253	0.147463658724318	0.167083190575337	0.274359735043724	0.159633256340168	0.133955444795494	0.215558232790289	0.221727134307475	0.164537156068676	0.199863163452516	0.217422837260245	0.19835895612301	0.175931368248941	0.187400984080825	0.185746772118786	0.250097576547522	0.170773344389441	0.161021523249957	0.1406755979557	0.185181942566946	0.136207173671198	0.250865037395562	0.277372211740059	0.247281209569529	0.268641669858349	0.214824856258004	0.31540046524281	0.157376654699033	0.236309272334077	0.254585206196198	0.240128940395253	0.277546312554863
700095837	0.333618486980578	0.216518938714048	0.361529508230509	0.407119095392108	0.268940038037702	0.339974849373111	0.35189323333312	0.286162445728619	0.317995308016032	0.281820930136598	0.288270435751302	0.378877151360603	0.264991977370551	0.268023295395931	0.329841147851887	0.310864290273128	0.284912635642799	0.35436673564986	0.330033229574671	0.317397421248078	0.367522363498343	0.332845451458594	0.336056153677002	0.322313100729059	0.39513709128426	0.262370182789973	0.213936083726327	0	0.214841567785427	0.216838318997727	0.30806522588756	0.367834438659408	0.26594105829369	0.272106127697872	0.290559878037294	0.311379517715291	0.285787160883351	0.351279692534737	0.298900039762176	0.318427420272947	0.294832929820326	0.303651819390743	0.317393859513963	0.325903525803804	0.283774760496228	0.28530468390315	0.264638017589972	0.308561428515583	0.287792244342458	0.367421579491235	0.363121068885163	0.325325882067307	0.332333224555028	0.329976402938579	0.403523015620708	0.278227504656952	0.341201694358182	0.345235416792226	0.357818751082895	0.363747528245227
700024548	0.306633464509102	0.168959331867649	0.314269786550074	0.354047560856272	0.222592666808573	0.266563058508658	0.312472853980389	0.207995639672132	0.310911970250671	0.205201906877851	0.265462871819127	0.32477295676957	0.207184355122761	0.19022219532613	0.231205925373803	0.294576445001729	0.193353764179155	0.334309421668183	0.284404137174924	0.290827209815656	0.261810574620994	0.312490884144856	0.276145676583697	0.296029560414218	0.351988327869993	0.198054540628033	0.174876532293253	0.214841567785427	0	0.167456236325983	0.254693242635387	0.331889109585857	0.228907911628958	0.222896583030479	0.223357847299365	0.252956464462533	0.292835808961574	0.270802702600611	0.264615105487867	0.183203209423403	0.215229654863619	0.229228460586795	0.268715066521191	0.31563016312233	0.173523262830901	0.129436092024569	0.207817553400718	0.208916019307826	0.213996754173852	0.324787719182821	0.328078050304819	0.283446077153163	0.295109022758734	0.25288828546754	0.346886119014017	0.226885232490097	0.22836754426676	0.301994484256555	0.284415273762735	0.302642983161515
700110161	0.321208830004507	0.188265623363634	0.203141623193599	0.399265562710104	0.227178725719831	0.166554927136541	0.31126875241877	0.112920698624625	0.272359144873457	0.108182112500087	0.203871338040394	0.25551829151128	0.110413583353446	0.142251939408	0.159400836892473	0.233761142582767	0.139713706158709	0.234717512527377	0.266386652809233	0.282215890525266	0.294794396287223	0.247750582920081	0.306230277540315	0.287301458794147	0.344261248887152	0.257981649008123	0.147463658724318	0.216838318997727	0.167456236325983	0	0.177422183158704	0.269146899515001	0.180124017667288	0.134343392088399	0.278055557804415	0.248469770504796	0.221534890644915	0.163664416041019	0.274315996388468	0.186732827049977	0.224906565165949	0.142342498435327	0.236038943455471	0.265723326795071	0.169908656215233	0.197755200621543	0.193909389205319	0.157135863639741	0.169319214899282	0.223517350253618	0.2736481850845	0.281859619694685	0.321338359294926	0.251067948667514	0.396723456665018	0.142977394543911	0.240832119098472	0.295115581388972	0.217663674862398	0.30009630262575
700023496	0.267878329927192	0.187787606802182	0.150145064849861	0.396105024119022	0.197202138823795	0.0878279634944231	0.248663101274053	0.154562106329533	0.204913619158191	0.0968676969055497	0.113905325272578	0.160595852911751	0.147595827297852	0.124626038124683	0.195067457292913	0.145098543161112	0.126235841883934	0.116206243610211	0.170612619047686	0.240333761927028	0.185288353088359	0.144172085151955	0.23970967903301	0.209059283424288	0.253746336718683	0.260775801711231	0.167083190575337	0.30806522588756	0.254693242635387	0.177422183158704	0	0.166549787049745	0.116616544169256	0.0831551088304593	0.284920642451467	0.171148953502308	0.159021887568404	0.119233694337668	0.249749751812172	0.210243812557275	0.136521178229178	0.130969496538748	0.124042746764447	0.178434573632304	0.117425060810739	0.167215123433382	0.14267131615499	0.121297046818745	0.0915126706400955	0.153308414252743	0.17619156443086	0.249837930862018	0.3023988786633	0.155988930927459	0.342757569434713	0.0929979591557828	0.164929450952083	0.226600936013221	0.147975001798534	0.218086850200902
700034628	0.243498488540113	0.259967077401231	0.186820273896865	0.381393850843944	0.234977995864203	0.184586916978498	0.192294050076019	0.246961844654436	0.152398461488913	0.213879240373645	0.132810798449219	0.18069693462635	0.246359416987993	0.23930697102558	0.278120852637499	0.144922575265006	0.22483603413789	0.184890985327773	0.152354766215555	0.232051284866762	0.153759198085117	0.101744018901562	0.25360942995223	0.202330280028841	0.137908497627537	0.301328338656129	0.274359735043724	0.367834438659408	0.331889109585857	0.269146899515001	0.166549787049745	0	0.166206299917502	0.193024897540633	0.297130496981752	0.150750763349157	0.251726747923663	0.223972147005642	0.234584261118403	0.302670544072296	0.205579467377473	0.191179597377322	0.180694499410804	0.118810458549229	0.19706494147002	0.243096299831954	0.213941156942548	0.207947764753976	0.209782964269157	0.145956866835078	0.176732007686864	0.229276799986435	0.275621822206907	0.145777803588366	0.317050105660403	0.174812747415315	0.178389632902425	0.190255832119803	0.146515286672783	0.148756472026021
700023645	0.242474172179508	0.158543023044806	0.187428205832551	0.345853260254049	0.166917126798115	0.149539270107055	0.208138335002356	0.169434572628297	0.178920711368627	0.12388283108068	0.0896950118644236	0.19496607379778	0.154996788283428	0.136313693779829	0.227742080203877	0.100986647002353	0.140924795685716	0.18479829713647	0.15635325088414	0.190242176206077	0.16646023406499	0.134095676984915	0.233993874839436	0.191805707831248	0.217299918357404	0.228003667861052	0.159633256340168	0.26594105829369	0.228907911628958	0.180124017667288	0.116616544169256	0.166206299917502	0	0.0940713011496098	0.250840703338054	0.149189115284265	0.168757374159511	0.191298871730294	0.19917393820225	0.22762585374666	0.128763211714348	0.128272399246675	0.121961989709541	0.164673210112123	0.108533864756	0.15433918184353	0.115178097280819	0.144225160789105	0.113086448470226	0.172994332564464	0.164472687236071	0.201123477390646	0.246419443060054	0.157499838514747	0.329419516182566	0.0984945451275211	0.171238080907023	0.181949171257715	0.156415107458445	0.196291525477763
700038744	0.289782391994665	0.17584198847205	0.156963050688025	0.398235429615201	0.195349079622163	0.0948796718048958	0.270787019530475	0.133116741690159	0.231769746659763	0.0761496369587225	0.123949237222986	0.178400295044261	0.110544006484124	0.106426061083235	0.188857845233209	0.156452886922717	0.112913892088409	0.139869144951029	0.20611388769185	0.2494701196004	0.229753606522554	0.166548389839649	0.275111768169255	0.236980036098362	0.275466347387536	0.258328968330128	0.133955444795494	0.272106127697872	0.222896583030479	0.134343392088399	0.0831551088304593	0.193024897540633	0.0940713011496098	0	0.280506963309374	0.199454003642171	0.167467608379635	0.133342346546339	0.247666216753023	0.184923574379217	0.168989288446817	0.0945237611613857	0.149880269716932	0.204673854429749	0.103221211092031	0.173525715327457	0.159294184148053	0.113108313792056	0.0956890586689387	0.16935376114978	0.1965681735713	0.25956932159925	0.305454753815621	0.196824710453529	0.367333312780673	0.0838334616020112	0.202798604456591	0.235337183892907	0.16106198865248	0.25523873349538
700038485	0.153911604847094	0.189644775898033	0.362339933214715	0.224595709441087	0.158084849657349	0.322251122839387	0.197051047380968	0.311991549693566	0.198842868338215	0.289366265359292	0.250856163723559	0.380716393087962	0.313665904073034	0.242386902492386	0.348206120234253	0.260899706337281	0.304199636894235	0.330102827656082	0.202797911716159	0.199831803388138	0.242541866913334	0.296478499665028	0.184075400368698	0.161600544536036	0.27240108991469	0.0828464029131062	0.215558232790289	0.290559878037294	0.223357847299365	0.278055557804415	0.284920642451467	0.297130496981752	0.250840703338054	0.280506963309374	0	0.197922554054799	0.26523994348919	0.330971271755139	0.132124017378337	0.323928623786183	0.204436271449931	0.332719580911189	0.241017870942931	0.235146326868734	0.296653753187718	0.217998536020961	0.200861707832145	0.328618173069665	0.254022854712121	0.356789989109945	0.329635287108212	0.160197267260998	0.16195409566842	0.200208365466926	0.191642943370764	0.29877065533162	0.236776465240412	0.175590077850887	0.324060172284975	0.235169591248307
700024743	0.139251101590347	0.186571411993561	0.240076627472485	0.279971417533571	0.164875371641623	0.218701341648696	0.102178869846384	0.233000745043883	0.116295360188149	0.196927079896668	0.143661547584095	0.244957584237125	0.22814335243482	0.192714069039921	0.269067611639532	0.180012063458006	0.202344420753002	0.240704109912945	0.122743210575854	0.116360741396803	0.120046506420944	0.163468122861342	0.145166385805316	0.115566066624087	0.143334695919677	0.227536393883012	0.221727134307475	0.311379517715291	0.252956464462533	0.248469770504796	0.171148953502308	0.150750763349157	0.149189115284265	0.199454003642171	0.197922554054799	0	0.204969792146953	0.230249417171153	0.139994385099395	0.289422485913621	0.126363868595211	0.229328899410042	0.152306977221279	0.110436668403981	0.18853369649297	0.178352517320174	0.159012799453061	0.206240843480151	0.170343097980234	0.233176279271602	0.218488330639587	0.1305528285998	0.169482916713921	0.091883523081965	0.219563343970983	0.190404555044954	0.121949799578212	0.125000358834095	0.208427752049878	0.105178790934103
