700108602	700014971	700033565	700109389	700023058	700023927	700106341	700114221	700023543	700023439	700016978	700024192	700113058	700099448	700109870	700033928	700023693	700109627	700095416	700110425	700111580	700111302	700098605	700111991	700108960	700024452	700032931	700095837	700024548	700110161	700023496	700034628	700023645	700038744	700038485	700024743	700099596	700110760	700101587	700106399	700032322	700095653	700021312	700101230	700023590	700038905	700033136	700023382	700096424	700105469	700016908	700096053	700108479	700109569	700033814	700016125	700109756	700102665	700101777	700109455
700108602	0	-0.15791741259554	-0.207165850502173	-0.105694962568535	-0.141709186723784	-0.212698535122731	-0.0727888711556051	-0.223894182029927	-0.0957267992698517	-0.203279318307731	-0.148046731878256	-0.215235624025215	-0.222177873102761	-0.17105368980879	-0.22006128561383	-0.12854225589568	-0.21911135311604	-0.208981003682909	-0.113543618504355	-0.0920527880925567	-0.115701058433464	-0.148968976411572	-0.106097661175631	-0.0743943156650679	-0.10577191270622	-0.117714727852878	-0.171352531279467	-0.175708879331427	-0.165965338221012	-0.211716476613551	-0.198047938027098	-0.154475244613218	-0.158955399388275	-0.189476218770846	-0.108777693007653	-0.119424113766544	-0.176233811087734	-0.225367134061152	-0.082354649246834	-0.244996119947499	-0.105243055699018	-0.207824324767279	-0.143423324301002	-0.133139577003338	-0.184707645061404	-0.157148270194055	-0.133605510949677	-0.21101318876847	-0.181625800518954	-0.195869706456807	-0.154445506499995	-0.0747257634300423	-0.0818716871566465	-0.101601857591082	-0.082388421065783	-0.212370087739044	-0.130268104597194	-0.0704599935880831	-0.163565472510912	-0.109546602550932
700014971	-0.15791741259554	0	-0.180353938301109	-0.214341234533773	-0.128117470734506	-0.158501738250601	-0.186954595981473	-0.136505253250155	-0.1564949804292	-0.112227865220638	-0.126257321253323	-0.196533998252357	-0.13905418432087	-0.114071543342624	-0.173703285002543	-0.170055019936006	-0.126035205714054	-0.174669033873115	-0.162932024457938	-0.163603350899437	-0.166578700559909	-0.152272873004138	-0.137515478797885	-0.173400582375799	-0.194368889373001	-0.149473377111518	-0.102953389629328	-0.14782686974983	-0.117538391271885	-0.14003711165121	-0.124506197901814	-0.172080032301971	-0.141897572948123	-0.119718195388917	-0.145484554836338	-0.136123000778396	-0.153004891156026	-0.176150260446801	-0.136478534313975	-0.163526172288384	-0.132822523953343	-0.155315543938434	-0.134413153732316	-0.169382686166483	-0.12515964722927	-0.124697272664365	-0.107982298188553	-0.161192033744304	-0.135262493897277	-0.181228074479357	-0.160838200688906	-0.167286693326735	-0.179830538081637	-0.131987308766351	-0.181307774510662	-0.139194985255838	-0.160691664384971	-0.183324297165443	-0.151288149196393	-0.181458505000559
700033565	-0.207165850502173	-0.180353938301109	0	-0.226922715631879	-0.183378842128697	-0.0752319996022583	-0.205051968139125	-0.111083951873891	-0.174029337472515	-0.113536240292029	-0.0980297245326261	-0.0620742971086194	-0.114870330227203	-0.150023380634425	-0.09773383931446	-0.12593034605162	-0.108620936143238	-0.101042477922984	-0.16452988333973	-0.180714336689907	-0.165911968452128	-0.0931485576344771	-0.187799870635106	-0.192383288431022	-0.174535657865225	-0.196354465924143	-0.158677570172308	-0.191365381598903	-0.17387661705044	-0.127062522026562	-0.109616350626763	-0.119520652745351	-0.106082385364408	-0.0859862122740615	-0.2057457515817	-0.13711030118648	-0.16880005883051	-0.105264020992085	-0.183578588767751	-0.14694205045149	-0.167739093811582	-0.0653654799508424	-0.155346649591794	-0.148191020838729	-0.13972887685924	-0.132171840503704	-0.152293412727609	-0.0848248440640943	-0.1169815547994	-0.0563082436201997	-0.0840208309200135	-0.217529343918877	-0.208546300707087	-0.142845615719934	-0.228109315396044	-0.104839229055235	-0.138380235992997	-0.212035965353046	-0.0916591693721915	-0.18610500105272
700109389	-0.105694962568535	-0.214341234533773	-0.226922715631879	0	-0.182940465633198	-0.248809853070667	-0.105035441052743	-0.246619135627463	-0.171193645234452	-0.241923264746031	-0.190007902764784	-0.227482453888001	-0.239819530148659	-0.219041936336042	-0.228722359023743	-0.171486398362767	-0.246320425837157	-0.249398632833246	-0.183083021986003	-0.120548463382791	-0.146941095898893	-0.190434851680761	-0.152158072824558	-0.139318627871781	-0.13282732804839	-0.145131622510051	-0.236570395953545	-0.211130876683125	-0.183799631618305	-0.233596300213173	-0.240285073566066	-0.213385127190582	-0.187820773341653	-0.219358712140114	-0.14138636744748	-0.16540527633855	-0.235771409948192	-0.255733019075526	-0.153245269323349	-0.242803588552239	-0.14611335558756	-0.229501871287693	-0.198569696432607	-0.186705786801068	-0.203848839193572	-0.189799027989152	-0.198960200584739	-0.230498927033658	-0.221083914980369	-0.218355099532252	-0.179096445934029	-0.118354633262125	-0.0771749035521251	-0.16337717760606	-0.131367282037018	-0.238012666526212	-0.127442171625239	-0.101045024633589	-0.185362867453502	-0.153098644032712
700023058	-0.141709186723784	-0.128117470734506	-0.183378842128697	-0.182940465633198	0	-0.158724020050896	-0.153322308374881	-0.165054346905403	-0.125762783831051	-0.146031412048272	-0.127707213107849	-0.184183534022371	-0.176883308196011	-0.12341218326209	-0.175950453325576	-0.134788546095126	-0.157892356624827	-0.157543096500359	-0.132731401247026	-0.15042635250757	-0.155311890372411	-0.148776990491919	-0.148419530787601	-0.142685367209552	-0.183197225492154	-0.122365667330296	-0.137109608322423	-0.169069968583637	-0.144187314470939	-0.158614225355258	-0.14092004692128	-0.179097933148609	-0.142514652373719	-0.147914237870539	-0.126733560703529	-0.156373053913687	-0.127978162522864	-0.146271428773857	-0.115524137165988	-0.203599061673594	-0.109597277660955	-0.164496617089406	-0.109478000433721	-0.157427493431335	-0.148834670673932	-0.125118821531847	-0.108072350242372	-0.168229847032004	-0.123319776960324	-0.179599652482135	-0.153110305985209	-0.140120864313447	-0.159447708242285	-0.130033391681241	-0.163977946525165	-0.17289473344255	-0.156935751414275	-0.158155361628696	-0.164399270788357	-0.15415843317332
700023927	-0.212698535122731	-0.158501738250601	-0.0752319996022583	-0.248809853070667	-0.158724020050896	0	-0.228482176504426	-0.110564147387163	-0.184875019201161	-0.0877542031477338	-0.117290616852599	-0.0904684925343796	-0.122610491686355	-0.112523251855643	-0.108792404378799	-0.148680834507533	-0.0995493507019306	-0.0763765044472994	-0.16612086683628	-0.195910964353692	-0.174094500937303	-0.125523383087025	-0.174228126619563	-0.199940073558499	-0.199320420151102	-0.198217349424955	-0.137746028835369	-0.198425474994444	-0.163076058670582	-0.123989513993503	-0.0747577937425991	-0.151648370649038	-0.123641213801154	-0.0848850246652779	-0.205785237238865	-0.157727497085115	-0.147718476646226	-0.083430095914855	-0.186515062835655	-0.146732990334977	-0.162554215612314	-0.0873914245553503	-0.132324646338487	-0.171964902049043	-0.136725401609372	-0.115893174936803	-0.141639246717254	-0.0974959003632982	-0.0844663326168221	-0.0897870137264997	-0.11886145428548	-0.2234122078817	-0.22700049002556	-0.137664856568531	-0.23520838563191	-0.104819806441352	-0.14737449706398	-0.225132696092467	-0.112893533683365	-0.199095773240735
700106341	-0.0727888711556051	-0.186954595981473	-0.205051968139125	-0.105035441052743	-0.153322308374881	-0.228482176504426	0	-0.230341611966482	-0.0997736736933624	-0.227867560024298	-0.150837703773861	-0.202766987179163	-0.223614384612179	-0.195689019495339	-0.217528250795558	-0.140540008479149	-0.22599499694227	-0.237936613897256	-0.139300013578689	-0.0923507781173798	-0.105552283307696	-0.14526193117924	-0.135705691766143	-0.110118867910752	-0.0879124441271346	-0.147215947514128	-0.208604590500313	-0.214579149446481	-0.191267376591269	-0.223104295410611	-0.207682764792035	-0.128478642878419	-0.158754423027722	-0.19595866563214	-0.138052098070042	-0.105333453117704	-0.209443325314341	-0.23966241711378	-0.106199249914371	-0.25051822333747	-0.131067731334506	-0.205686197962794	-0.154111835037989	-0.111556200106729	-0.183148808760428	-0.172082915644292	-0.162614842977879	-0.202768874602073	-0.201393143540623	-0.187751879924558	-0.163377165511104	-0.0820588724360744	-0.082745705427784	-0.118687514122969	-0.11914139007197	-0.211524318460857	-0.124347974449397	-0.0702879224008738	-0.166314719608929	-0.0815311101362216
700114221	-0.223894182029927	-0.136505253250155	-0.111083951873891	-0.246619135627463	-0.165054346905403	-0.110564147387163	-0.230341611966482	0	-0.194413434097951	-0.0766475164860876	-0.138933375804079	-0.126144690917538	-0.0760281629000257	-0.135932665275076	-0.0924823116660856	-0.170322450594788	-0.0564592840828632	-0.147283029095655	-0.193398017203872	-0.201513103341801	-0.198112463063192	-0.160257218083801	-0.195728761617382	-0.218204972999384	-0.229924574292599	-0.20208338008067	-0.121889149195472	-0.16229421684188	-0.137260165842883	-0.0988364016738301	-0.104940559094564	-0.174713088233074	-0.138980985960845	-0.0996828322943722	-0.211028964358442	-0.165190424639566	-0.160826917996698	-0.107044156896607	-0.190354755163295	-0.0971170496174744	-0.152529784684553	-0.07823502530212	-0.173732522674659	-0.184832729605644	-0.101114841280178	-0.123249904292746	-0.133918162209222	-0.0878123023232788	-0.140698710582818	-0.11906578757337	-0.147323935492986	-0.224034002105879	-0.229905421875006	-0.17437530484879	-0.251687570127071	-0.0830954813069871	-0.169213803790883	-0.231037966197298	-0.143940709968125	-0.213883807956459
700023543	-0.0957267992698517	-0.1564949804292	-0.174029337472515	-0.171193645234452	-0.125762783831051	-0.184875019201161	-0.0997736736933624	-0.194413434097951	0	-0.17970497272623	-0.116212843288185	-0.184760605669109	-0.195010415883352	-0.155273903989735	-0.194406119231592	-0.0901005549856142	-0.190975777303188	-0.190498942423153	-0.101943228805053	-0.109912457045968	-0.117181568037727	-0.117176135288104	-0.12646205928826	-0.10041438486888	-0.11488794059447	-0.129645115564907	-0.153411283360961	-0.169075319294433	-0.187747088391606	-0.187308379075819	-0.16567368767486	-0.108580394167349	-0.136943355671391	-0.158213134992276	-0.12050775784971	-0.118171979952647	-0.161559838578924	-0.197905815044711	-0.0779392222377298	-0.232511319781468	-0.115570252188617	-0.172157594834871	-0.129378095897909	-0.0859348438875146	-0.172060645107881	-0.151396970466334	-0.107823984077472	-0.177616755725394	-0.165360554176698	-0.159062303322013	-0.13178262574905	-0.084714493331557	-0.108118928067395	-0.110510169573508	-0.118782892417287	-0.179709613030975	-0.140038157037317	-0.0903822995833753	-0.14155458071001	-0.0852606554261715
700023439	-0.203279318307731	-0.112227865220638	-0.113536240292029	-0.241923264746031	-0.146031412048272	-0.0877542031477338	-0.227867560024298	-0.0766475164860876	-0.17970497272623	0	-0.1258957747168	-0.13622721356061	-0.0840466063315672	-0.0975391040023615	-0.109791016371156	-0.159746800774831	-0.0680371276734362	-0.110771890576733	-0.169750006863844	-0.194571814036298	-0.188578363948959	-0.152109072652513	-0.175615749951672	-0.188981297819399	-0.220010399127386	-0.184064220420488	-0.100404673312916	-0.163649268479357	-0.130643541536645	-0.102285546605541	-0.0810655388283088	-0.174472243542251	-0.12565815185123	-0.077376026308498	-0.191444826009681	-0.157709377586779	-0.131136846466053	-0.0867750985348129	-0.173779603713349	-0.115234754073008	-0.142724617292638	-0.0916546667677732	-0.14193569156802	-0.184982353437058	-0.111652130406351	-0.111781465653485	-0.119439544938995	-0.10545984421845	-0.101477637727591	-0.124651458442358	-0.138278592572134	-0.211523554842506	-0.224611393913184	-0.143040288241584	-0.228034056820797	-0.0915533808860977	-0.161961931031035	-0.215933056131959	-0.130332155095178	-0.206038637659667
700016978	-0.148046731878256	-0.126257321253323	-0.0980297245326261	-0.190007902764784	-0.127707213107849	-0.117290616852599	-0.150837703773861	-0.138933375804079	-0.116212843288185	-0.1258957747168	0	-0.104073669984563	-0.128645653504374	-0.122010115677303	-0.139719103493028	-0.0883409870805461	-0.129582583679157	-0.12566471407896	-0.116762702129453	-0.119321718742052	-0.116840963316012	-0.0615166852175072	-0.142488269239654	-0.133440803112774	-0.126195631532858	-0.14955627833361	-0.126338513628151	-0.155190867922239	-0.147087339856831	-0.138145159690275	-0.101207425658407	-0.0901899159177036	-0.0661965865465734	-0.0809363309384498	-0.15765562463575	-0.0886216980474488	-0.140296201781618	-0.139049829437685	-0.11257114018711	-0.170133089850802	-0.104202195081904	-0.0979924105638066	-0.0975652978539978	-0.108039493469559	-0.112252052437963	-0.113666343678183	-0.0991980483321549	-0.101961824192103	-0.101979097604298	-0.0955012625514797	-0.0811837335410755	-0.158832420780436	-0.151148385193287	-0.0970014311172075	-0.173403782450806	-0.113587852820493	-0.110235392051661	-0.154302145085404	-0.0933707525673968	-0.132834398020984
700024192	-0.215235624025215	-0.196533998252357	-0.0620742971086194	-0.227482453888001	-0.184183534022371	-0.0904684925343796	-0.202766987179163	-0.126144690917538	-0.184760605669109	-0.13622721356061	-0.104073669984563	0	-0.116539230906982	-0.168186636428835	-0.0982632272894744	-0.136781336642844	-0.128721055581228	-0.123651838519135	-0.166453761204252	-0.176844565054651	-0.16698395451932	-0.0951890587360048	-0.196544945048774	-0.208556848421181	-0.176057600772181	-0.209572406254648	-0.179203134580517	-0.192027438790322	-0.174290916272029	-0.15481445695679	-0.111143279041359	-0.1215325459794	-0.103819658911054	-0.103316176614181	-0.223769848021363	-0.136477254720391	-0.178554977409888	-0.12037627971956	-0.195330699825948	-0.147419526327485	-0.162897051456461	-0.075047182665597	-0.166572929951925	-0.144777230850301	-0.12126446295106	-0.146047319167908	-0.158933532495347	-0.0777997415783159	-0.140948123262442	-0.07193742257508	-0.0990607124314692	-0.227021732592936	-0.214468084670584	-0.158238961276152	-0.24338950386331	-0.102979159759403	-0.139355578134385	-0.21777237254619	-0.115141078428901	-0.18940844584666
700113058	-0.222177873102761	-0.13905418432087	-0.114870330227203	-0.239819530148659	-0.176883308196011	-0.122610491686355	-0.223614384612179	-0.0760281629000257	-0.195010415883352	-0.0840466063315672	-0.128645653504374	-0.116539230906982	0	-0.135714277302437	-0.0988230359452806	-0.170240469087922	-0.0887076217990922	-0.15086787540209	-0.196093877004036	-0.189429128547375	-0.200044075792962	-0.145450434550822	-0.201651607244162	-0.216931664768592	-0.219012993985639	-0.206268866977997	-0.132375342827603	-0.149844987698227	-0.13976368864571	-0.105041042934634	-0.110952008790046	-0.161264923289881	-0.126766463913664	-0.0922794792886267	-0.220428128351248	-0.154632664564019	-0.163792227856039	-0.128645298611535	-0.187197945281852	-0.113022204273862	-0.158870464512588	-0.0805847021222151	-0.182860991982315	-0.176134075908731	-0.10427709752962	-0.138392383522616	-0.159216938410959	-0.0948088071657442	-0.143055935891066	-0.111579583986259	-0.143470504479091	-0.225371730048183	-0.226663971045325	-0.184801882102958	-0.256623438566438	-0.069968372973532	-0.164764580764664	-0.228253743851068	-0.138510979889455	-0.202528630213236
700099448	-0.17105368980879	-0.114071543342624	-0.150023380634425	-0.219041936336042	-0.12341218326209	-0.112523251855643	-0.195689019495339	-0.135932665275076	-0.155273903989735	-0.0975391040023615	-0.122010115677303	-0.168186636428835	-0.135714277302437	0	-0.148156669356283	-0.15071733207702	-0.116984453240848	-0.113682646137815	-0.140157012145314	-0.159948300269272	-0.165912408449046	-0.151807086256338	-0.144746786377788	-0.154649017417624	-0.191976262283249	-0.14909050755285	-0.101377189738335	-0.166132516145045	-0.12835524025557	-0.12511245529175	-0.0987076620914993	-0.177213531980153	-0.118397388482946	-0.104401580863221	-0.160939208199665	-0.150986849999197	-0.116237060295169	-0.122702079463757	-0.145535298166255	-0.171495974573969	-0.135490823787244	-0.130761161209283	-0.112962259597123	-0.176002366049478	-0.121485465186543	-0.116552049995924	-0.108705908819581	-0.144482436173127	-0.0851446689557144	-0.150967075468586	-0.137012566536072	-0.172331566781404	-0.198366463419216	-0.127106011592577	-0.183434589976526	-0.133899347586722	-0.138071440849449	-0.183998485432109	-0.130604293130098	-0.177276588448057
700109870	-0.22006128561383	-0.173703285002543	-0.09773383931446	-0.228722359023743	-0.175950453325576	-0.108792404378799	-0.217528250795558	-0.0924823116660856	-0.194406119231592	-0.109791016371156	-0.139719103493028	-0.0982632272894744	-0.0988230359452806	-0.148156669356283	0	-0.169773966497486	-0.0891837150407108	-0.150518560536266	-0.195571882199178	-0.18864794495045	-0.175321078858699	-0.15086582720245	-0.180844345332975	-0.216857569319651	-0.212181905899679	-0.200896302308921	-0.159756880701372	-0.18856617389626	-0.142222160898106	-0.110195363213392	-0.112058866862363	-0.167473605381352	-0.13716714421549	-0.118532158575028	-0.219376300104825	-0.164034107557019	-0.182478692535934	-0.0984538064161064	-0.199874235735128	-0.10020992922764	-0.169958490841891	-0.0667020224151777	-0.187166290297221	-0.173201621746593	-0.116139083955783	-0.115054666156237	-0.151912717229287	-0.0718966034284863	-0.14292042908169	-0.100378618671866	-0.141993745046735	-0.225497049412734	-0.212233305673721	-0.174071866022602	-0.24139146816567	-0.0845256812422026	-0.150385024889552	-0.231682212612458	-0.125586556086228	-0.199063862772444
700033928	-0.12854225589568	-0.170055019936006	-0.12593034605162	-0.171486398362767	-0.134788546095126	-0.148680834507533	-0.140540008479149	-0.170322450594788	-0.0901005549856142	-0.159746800774831	-0.0883409870805461	-0.136781336642844	-0.170240469087922	-0.15071733207702	-0.169773966497486	0	-0.165193739858132	-0.148374201226351	-0.100798719148601	-0.132757456946659	-0.121468619517883	-0.0914251509823812	-0.151126312405495	-0.10867264884267	-0.137774564907625	-0.145237193145792	-0.151755115270657	-0.156596652478493	-0.180981144852272	-0.170801917928826	-0.135355669975403	-0.116378019036222	-0.0912816156378648	-0.130995704185203	-0.141491701454633	-0.13633914357148	-0.141765705725633	-0.171297493094038	-0.113881827624721	-0.209803168910611	-0.103811123637979	-0.126121411732485	-0.122428482509508	-0.120147157212754	-0.14346870098195	-0.140889662721253	-0.112228405382506	-0.147927434220526	-0.144976491718228	-0.117336046541696	-0.0905681568341014	-0.132399532565096	-0.138924725483163	-0.122219274442028	-0.16233080203057	-0.148351500217524	-0.13617303807961	-0.12571647685459	-0.115842435485012	-0.124766204598394
700023693	-0.21911135311604	-0.126035205714054	-0.108620936143238	-0.246320425837157	-0.157892356624827	-0.0995493507019306	-0.22599499694227	-0.0564592840828632	-0.190975777303188	-0.0680371276734362	-0.129582583679157	-0.128721055581228	-0.0887076217990922	-0.116984453240848	-0.0891837150407108	-0.165193739858132	0	-0.134928800857589	-0.188908995509207	-0.19509289466925	-0.18115948750252	-0.149506313422941	-0.187765901526788	-0.211907227430834	-0.223651555642798	-0.201928103930053	-0.120187511373897	-0.172240712228192	-0.132461215515762	-0.103087831263184	-0.0789250638965336	-0.172035610670833	-0.128452020840993	-0.0852638830239026	-0.208970967029846	-0.157866584733676	-0.148925000205432	-0.108500746176188	-0.183513042056336	-0.0910250917251387	-0.149445041166133	-0.0804974618379241	-0.156682224678907	-0.177528144790438	-0.100369819128094	-0.105214872218641	-0.122016976313159	-0.0824086012497974	-0.122186283948453	-0.12072913392009	-0.140502223505213	-0.224273088618137	-0.223221169948772	-0.16401053108262	-0.247475319541268	-0.0844645521852278	-0.159828311389247	-0.228375884328102	-0.137511548501053	-0.206559486235493
700109627	-0.208981003682909	-0.174669033873115	-0.101042477922984	-0.249398632833246	-0.157543096500359	-0.0763765044472994	-0.237936613897256	-0.147283029095655	-0.190498942423153	-0.110771890576733	-0.12566471407896	-0.123651838519135	-0.15086787540209	-0.113682646137815	-0.150518560536266	-0.148374201226351	-0.134928800857589	0	-0.172842274977047	-0.195152411069674	-0.199965612475401	-0.137471871300262	-0.196739035242761	-0.186797473286944	-0.203822653148222	-0.204127588403047	-0.138521173337906	-0.19486183145096	-0.188413018166043	-0.147689095339301	-0.104423185563366	-0.166074380543948	-0.135861468202315	-0.114059083977924	-0.204166533625223	-0.169915981969129	-0.119964217821035	-0.0862363510925127	-0.189222637872619	-0.18546328234205	-0.179492284432424	-0.121008903288337	-0.126666138823045	-0.175749187005905	-0.17013725764596	-0.147087368933456	-0.156719775937295	-0.146902870946391	-0.0813748504345628	-0.124467911898916	-0.117854997468064	-0.227174980282542	-0.229355843614394	-0.152606354015915	-0.217225161738859	-0.146990040290055	-0.174863949365849	-0.226244280345695	-0.142202097063644	-0.212830469434217
700095416	-0.113543618504355	-0.162932024457938	-0.16452988333973	-0.183083021986003	-0.132731401247026	-0.16612086683628	-0.139300013578689	-0.193398017203872	-0.101943228805053	-0.169750006863844	-0.116762702129453	-0.166453761204252	-0.196093877004036	-0.140157012145314	-0.195571882199178	-0.100798719148601	-0.188908995509207	-0.172842274977047	0	-0.130357805293107	-0.109082702066145	-0.121731255896331	-0.124979683780963	-0.083091833841497	-0.126083522339972	-0.133395643147208	-0.153178282438123	-0.186032054677961	-0.175270932250057	-0.193246928299616	-0.151597068744953	-0.128808334307966	-0.11905281433643	-0.161037792275357	-0.137163395590743	-0.1279842151029	-0.144904490722241	-0.179842452880136	-0.100380894297639	-0.231743719264836	-0.0978929997482339	-0.170299989058888	-0.101815297874921	-0.126956340787344	-0.15547620166728	-0.141883748263065	-0.105795478509472	-0.171349178317301	-0.146405894073121	-0.153219787328466	-0.123536695664886	-0.125632169306373	-0.148708649142244	-0.0951652823238492	-0.125657647279049	-0.175677462133707	-0.133830434178269	-0.123211720481648	-0.144743415594055	-0.119381114376451
700110425	-0.0920527880925567	-0.163603350899437	-0.180714336689907	-0.120548463382791	-0.15042635250757	-0.195910964353692	-0.0923507781173798	-0.201513103341801	-0.109912457045968	-0.194571814036298	-0.119321718742052	-0.176844565054651	-0.189429128547375	-0.159948300269272	-0.18864794495045	-0.132757456946659	-0.19509289466925	-0.195152411069674	-0.130357805293107	0	-0.0967522051736214	-0.119504668931565	-0.124565393627905	-0.106108519807518	-0.0761714109311403	-0.155293799122079	-0.175313643719886	-0.180942920958557	-0.167166142562963	-0.186717644764332	-0.17922936388401	-0.142959813510933	-0.12544646936087	-0.164214440117089	-0.143561767227872	-0.0887870631563999	-0.178419389948503	-0.206604656074798	-0.106662342226316	-0.226918044047666	-0.115847055472919	-0.170778657301331	-0.130518200507611	-0.0972725284851292	-0.152788759294543	-0.150409514289285	-0.129927580124791	-0.17276210789958	-0.165076312693206	-0.159149475757046	-0.133503218288172	-0.092230354029022	-0.0765135791986226	-0.102360748384721	-0.124062267426385	-0.179028247157154	-0.0801398902969573	-0.0862065868402827	-0.141850734587459	-0.103928538853039
700111580	-0.115701058433464	-0.166578700559909	-0.165911968452128	-0.146941095898893	-0.155311890372411	-0.174094500937303	-0.105552283307696	-0.198112463063192	-0.117181568037727	-0.188578363948959	-0.116840963316012	-0.16698395451932	-0.200044075792962	-0.165912408449046	-0.175321078858699	-0.121468619517883	-0.18115948750252	-0.199965612475401	-0.109082702066145	-0.0967522051736214	0	-0.108876799896289	-0.110919465581633	-0.108857620034161	-0.0782020756129415	-0.16670521156079	-0.190217901858923	-0.215930555066581	-0.153252117365703	-0.202748781498612	-0.156909115501765	-0.119520815009086	-0.123730245097879	-0.166910144984886	-0.161471534336436	-0.105439881325944	-0.19772100423492	-0.192109853428083	-0.127745052990655	-0.21617090645802	-0.107586041393195	-0.166076811675188	-0.129555807738532	-0.125581279166489	-0.13644716878337	-0.127062423495267	-0.118558005725728	-0.152064637810526	-0.153487609442339	-0.145311543565358	-0.123328798106152	-0.1131108897369	-0.117277418172884	-0.0862562342729668	-0.141586060027859	-0.175249507403107	-0.086546573132644	-0.0990741657219715	-0.107818499289755	-0.0942408974919184
700111302	-0.148968976411572	-0.152272873004138	-0.0931485576344771	-0.190434851680761	-0.148776990491919	-0.125523383087025	-0.14526193117924	-0.160257218083801	-0.117176135288104	-0.152109072652513	-0.0615166852175072	-0.0951890587360048	-0.145450434550822	-0.151807086256338	-0.15086582720245	-0.0914251509823812	-0.149506313422941	-0.137471871300262	-0.121731255896331	-0.119504668931565	-0.108876799896289	0	-0.154381060737603	-0.141243479157433	-0.109793531583753	-0.178441651062135	-0.149907532963444	-0.18000048280899	-0.1822857468017	-0.166470867515683	-0.117487010052024	-0.0740317198572379	-0.0813446026278327	-0.0999082224621393	-0.177675069392814	-0.090844111069494	-0.152127356559087	-0.159878298506927	-0.12904814712539	-0.187171288552386	-0.127952818319862	-0.110183868943316	-0.116888938488278	-0.0991990918606177	-0.1318742668618	-0.143212352535002	-0.118824848920712	-0.112812818731123	-0.126265866285574	-0.075791676614218	-0.0732364094817419	-0.15831596147568	-0.155223185771519	-0.10982419012047	-0.184125072270869	-0.124496115451425	-0.117208987711164	-0.15121157646599	-0.0898112498483111	-0.127246982623792
700098605	-0.106097661175631	-0.137515478797885	-0.187799870635106	-0.152158072824558	-0.148419530787601	-0.174228126619563	-0.135705691766143	-0.195728761617382	-0.12646205928826	-0.175615749951672	-0.142488269239654	-0.196544945048774	-0.201651607244162	-0.144746786377788	-0.180844345332975	-0.151126312405495	-0.187765901526788	-0.196739035242761	-0.124979683780963	-0.124565393627905	-0.110919465581633	-0.154381060737603	0	-0.1209222317538	-0.146568719458836	-0.131940369588214	-0.157109965175989	-0.176274802184543	-0.149437046098881	-0.180851413379891	-0.169350009940499	-0.164615994803676	-0.150308343218638	-0.168565169785937	-0.139619261392874	-0.126186889776423	-0.174590134386966	-0.186186940946713	-0.110376281299912	-0.205067683968329	-0.121982429744346	-0.182081161695016	-0.141895294050987	-0.142930852182251	-0.172682211216593	-0.128389553307335	-0.122101355130197	-0.178061181879688	-0.157284658357189	-0.178867302453154	-0.157630254502595	-0.120169436178688	-0.123743474359419	-0.108736032645628	-0.110573600056003	-0.189006740903494	-0.125044203094145	-0.132983087806496	-0.148628033803977	-0.121033701059208
700111991	-0.0743943156650679	-0.173400582375799	-0.192383288431022	-0.139318627871781	-0.142685367209552	-0.199940073558499	-0.110118867910752	-0.218204972999384	-0.10041438486888	-0.188981297819399	-0.133440803112774	-0.208556848421181	-0.216931664768592	-0.154649017417624	-0.216857569319651	-0.10867264884267	-0.211907227430834	-0.186797473286944	-0.083091833841497	-0.106108519807518	-0.108857620034161	-0.141243479157433	-0.1209222317538	0	-0.110615971173144	-0.123715638356741	-0.160984005075687	-0.182342359229038	-0.178802623265564	-0.210666195762025	-0.182993648017276	-0.156575097109798	-0.144044561680296	-0.180922571930041	-0.12232745673729	-0.124572981105108	-0.159125736741445	-0.20578851896573	-0.0897548581476769	-0.252418427184168	-0.100651637556399	-0.197884410356641	-0.120856075070453	-0.137053839755497	-0.176974868457561	-0.156226980291872	-0.122865260368998	-0.199878280456538	-0.164836620135623	-0.18397612829805	-0.140943169653674	-0.0968764365478439	-0.110621041318058	-0.0971012147658955	-0.0842043912853676	-0.203233975382208	-0.13472452161243	-0.0920747714069956	-0.156509408290492	-0.11390234404169
700108960	-0.10577191270622	-0.194368889373001	-0.174535657865225	-0.13282732804839	-0.183197225492154	-0.199320420151102	-0.0879124441271346	-0.229924574292599	-0.11488794059447	-0.220010399127386	-0.126195631532858	-0.176057600772181	-0.219012993985639	-0.191976262283249	-0.212181905899679	-0.137774564907625	-0.223651555642798	-0.203822653148222	-0.126083522339972	-0.0761714109311403	-0.0782020756129415	-0.109793531583753	-0.146568719458836	-0.110615971173144	0	-0.18661725118922	-0.211930861277149	-0.226963685873353	-0.195204919483193	-0.219759466264172	-0.194326762069603	-0.106656114949336	-0.139914272073902	-0.184145703149142	-0.168935094971577	-0.0991683114796685	-0.210597249655342	-0.221814544359614	-0.1257430788886	-0.256641029432281	-0.140572809275109	-0.185910352223551	-0.141682443565722	-0.110494705733848	-0.178796772695726	-0.176047433538067	-0.165142849798091	-0.190429487920381	-0.175012870544418	-0.151795366111502	-0.125596529094638	-0.113306668241851	-0.0924660341344362	-0.0977363022749818	-0.124720269125815	-0.201934035253306	-0.0931266049959419	-0.0871091228936364	-0.126556436050638	-0.0904896741102336
700024452	-0.117714727852878	-0.149473377111518	-0.196354465924143	-0.145131622510051	-0.122365667330296	-0.198217349424955	-0.147215947514128	-0.20208338008067	-0.129645115564907	-0.184064220420488	-0.14955627833361	-0.209572406254648	-0.206268866977997	-0.14909050755285	-0.200896302308921	-0.145237193145792	-0.201928103930053	-0.204127588403047	-0.133395643147208	-0.155293799122079	-0.16670521156079	-0.178441651062135	-0.131940369588214	-0.123715638356741	-0.18661725118922	0	-0.154523664350853	-0.150311557452619	-0.132156462752964	-0.178421402997718	-0.189695271193324	-0.193002106922534	-0.165169995726759	-0.178766284158958	-0.0697479232782133	-0.155268988854963	-0.179564731419303	-0.2018477837941	-0.110212427881194	-0.217305226102906	-0.128187573538619	-0.191948445709629	-0.155588052596645	-0.170823055553369	-0.170404518236192	-0.141014026072957	-0.12597950768245	-0.201043050849091	-0.167466406789796	-0.191404817154626	-0.16960731090287	-0.119118834375581	-0.135825802768441	-0.137099828460913	-0.121986842607313	-0.204820494773633	-0.150817099023352	-0.146569084129555	-0.165579148612981	-0.166270255241873
700032931	-0.171352531279467	-0.102953389629328	-0.158677570172308	-0.236570395953545	-0.137109608322423	-0.137746028835369	-0.208604590500313	-0.121889149195472	-0.153411283360961	-0.100404673312916	-0.126338513628151	-0.179203134580517	-0.132375342827603	-0.101377189738335	-0.159756880701372	-0.151755115270657	-0.120187511373897	-0.138521173337906	-0.153178282438123	-0.175313643719886	-0.190217901858923	-0.149907532963444	-0.157109965175989	-0.160984005075687	-0.211930861277149	-0.154523664350853	0	-0.134778924303265	-0.151478751240884	-0.122707274933789	-0.115196224439224	-0.170877444413669	-0.14501675781539	-0.111698916336596	-0.171917311930621	-0.160664070513944	-0.110279624381784	-0.14042921024349	-0.143994478923118	-0.165547652100581	-0.141359618515848	-0.138975219872725	-0.126386306288046	-0.166311133490686	-0.139768092652292	-0.135644680871724	-0.116113635501876	-0.145194117518986	-0.118275239821011	-0.154055298545825	-0.163520815916769	-0.179534780802082	-0.200285768273185	-0.140450035594086	-0.18321847336823	-0.1290956153985	-0.1755533818328	-0.197646863912104	-0.153728819599624	-0.194445605040996
700095837	-0.175708879331427	-0.14782686974983	-0.191365381598903	-0.211130876683125	-0.169069968583637	-0.198425474994444	-0.214579149446481	-0.16229421684188	-0.169075319294433	-0.163649268479357	-0.155190867922239	-0.192027438790322	-0.149844987698227	-0.166132516145045	-0.18856617389626	-0.156596652478493	-0.172240712228192	-0.19486183145096	-0.186032054677961	-0.180942920958557	-0.215930555066581	-0.18000048280899	-0.176274802184543	-0.182342359229038	-0.226963685873353	-0.150311557452619	-0.134778924303265	0	-0.130536554863548	-0.119093228546132	-0.172218788454619	-0.203717052826392	-0.165577409824454	-0.143892415265441	-0.159086771738312	-0.184321395381904	-0.15463341331411	-0.202593963439956	-0.154982997169208	-0.191544536922983	-0.153031584859081	-0.171491694055585	-0.179736068267099	-0.179967271136989	-0.156374212940211	-0.167359818329843	-0.153867043831723	-0.18624541862435	-0.186419209379135	-0.192905900992939	-0.173501375291478	-0.189145279945606	-0.190704833288269	-0.18916456080923	-0.194888060868105	-0.171047060971166	-0.198810658955133	-0.203537171426122	-0.191425811554182	-0.206625716626381
700024548	-0.165965338221012	-0.117538391271885	-0.17387661705044	-0.183799631618305	-0.144187314470939	-0.163076058670582	-0.191267376591269	-0.137260165842883	-0.187747088391606	-0.130643541536645	-0.147087339856831	-0.174290916272029	-0.13976368864571	-0.12835524025557	-0.142222160898106	-0.180981144852272	-0.132461215515762	-0.188413018166043	-0.175270932250057	-0.167166142562963	-0.153252117365703	-0.1822857468017	-0.149437046098881	-0.178802623265564	-0.195204919483193	-0.132156462752964	-0.151478751240884	-0.130536554863548	0	-0.126470594755414	-0.140609351601328	-0.208111317687214	-0.148373855812366	-0.133346138024262	-0.144275830777589	-0.150857028295438	-0.18068726916736	-0.160366020101755	-0.15485273519641	-0.14981321733094	-0.132416037405222	-0.144744727378657	-0.165045907047841	-0.201773870593878	-0.090900699153528	-0.0964982011128867	-0.135467588711527	-0.148989217629261	-0.15071099528785	-0.180733063268387	-0.164381949675475	-0.172722940090067	-0.171870704725236	-0.134439495437223	-0.178882435120943	-0.161455520470546	-0.138092693979122	-0.188392010665198	-0.152227405314538	-0.206669123344004
700110161	-0.211716476613551	-0.14003711165121	-0.127062522026562	-0.233596300213173	-0.158614225355258	-0.123989513993503	-0.223104295410611	-0.0988364016738301	-0.187308379075819	-0.102285546605541	-0.138145159690275	-0.15481445695679	-0.105041042934634	-0.12511245529175	-0.110195363213392	-0.170801917928826	-0.103087831263184	-0.147689095339301	-0.193246928299616	-0.186717644764332	-0.202748781498612	-0.166470867515683	-0.180851413379891	-0.210666195762025	-0.219759466264172	-0.178421402997718	-0.122707274933789	-0.119093228546132	-0.126470594755414	0	-0.124248272750731	-0.18361397566076	-0.144804209030537	-0.0976641635045016	-0.18708859396589	-0.173630518336624	-0.149450900705227	-0.122729322585453	-0.184990457087283	-0.143370224591004	-0.162688772233134	-0.102747205961596	-0.161466647281417	-0.178459008754948	-0.133076609691356	-0.132581634809015	-0.154299116200815	-0.12546150161307	-0.128960437642967	-0.129622853545604	-0.155932066989608	-0.209005141388709	-0.218655274374728	-0.163596283917884	-0.238379368375535	-0.117149946763869	-0.162166349409025	-0.21816049613998	-0.147970126444454	-0.205118366361802
700023496	-0.198047938027098	-0.124506197901814	-0.109616350626763	-0.240285073566066	-0.14092004692128	-0.0747577937425991	-0.207682764792035	-0.104940559094564	-0.16567368767486	-0.0810655388283088	-0.101207425658407	-0.111143279041359	-0.110952008790046	-0.0987076620914993	-0.112058866862363	-0.135355669975403	-0.0789250638965336	-0.104423185563366	-0.151597068744953	-0.17922936388401	-0.156909115501765	-0.117487010052024	-0.169350009940499	-0.182993648017276	-0.194326762069603	-0.189695271193324	-0.115196224439224	-0.172218788454619	-0.140609351601328	-0.124248272750731	0	-0.145553887390581	-0.0996321668758714	-0.0752306649501834	-0.192474204251183	-0.14768616231001	-0.123086170341959	-0.0998106875859981	-0.166799548003848	-0.13509789233945	-0.129804066320307	-0.0911285196658057	-0.111978446435634	-0.161173991105695	-0.10485850950885	-0.0996668049122946	-0.109719180871677	-0.087787820490967	-0.0931418822256835	-0.112046344720697	-0.118908696571046	-0.20523991545978	-0.216400732671821	-0.12941193320877	-0.228771096931375	-0.086275282692502	-0.145686187934303	-0.209281742188436	-0.132018207575638	-0.186569582414193
700034628	-0.154475244613218	-0.172080032301971	-0.119520652745351	-0.213385127190582	-0.179097933148609	-0.151648370649038	-0.128478642878419	-0.174713088233074	-0.108580394167349	-0.174472243542251	-0.0901899159177036	-0.1215325459794	-0.161264923289881	-0.177213531980153	-0.167473605381352	-0.116378019036222	-0.172035610670833	-0.166074380543948	-0.128808334307966	-0.142959813510933	-0.119520815009086	-0.0740317198572379	-0.164615994803676	-0.156575097109798	-0.106656114949336	-0.193002106922534	-0.170877444413669	-0.203717052826392	-0.208111317687214	-0.18361397566076	-0.145553887390581	0	-0.114039903197832	-0.128822594699242	-0.184996190074596	-0.0964301464918141	-0.185156270064862	-0.178142049064379	-0.152164102885047	-0.20657924765348	-0.154457603683739	-0.131287364090711	-0.141013114531457	-0.0834741949649477	-0.161816573393127	-0.163730502322363	-0.139096910764732	-0.130687858569766	-0.153831406885782	-0.0972447451851268	-0.118587488043705	-0.16736468478286	-0.16283628998735	-0.124229432254475	-0.189647051824964	-0.137292016841398	-0.135660373159515	-0.15004550849373	-0.104875045636577	-0.104145720013535
700023645	-0.158955399388275	-0.141897572948123	-0.106082385364408	-0.187820773341653	-0.142514652373719	-0.123641213801154	-0.158754423027722	-0.138980985960845	-0.136943355671391	-0.12565815185123	-0.0661965865465734	-0.103819658911054	-0.126766463913664	-0.118397388482946	-0.13716714421549	-0.0912816156378648	-0.128452020840993	-0.135861468202315	-0.11905281433643	-0.12544646936087	-0.123730245097879	-0.0813446026278327	-0.150308343218638	-0.144044561680296	-0.139914272073902	-0.165169995726759	-0.14501675781539	-0.165577409824454	-0.148373855812366	-0.144804209030537	-0.0996321668758714	-0.114039903197832	0	-0.0902327846294359	-0.168787782360236	-0.10154022235645	-0.142254395433845	-0.144841276744329	-0.13417624118	-0.164962288153773	-0.110778520411946	-0.0975471586518888	-0.10450241504875	-0.12446392561958	-0.0967479255408381	-0.109465360415679	-0.109847979398514	-0.103418141958879	-0.113968745495426	-0.0991344735209034	-0.0684324868656878	-0.167260380780194	-0.163537837455973	-0.118144102146341	-0.189066728848645	-0.104772834694817	-0.108921651164998	-0.160227101478621	-0.0933630981549248	-0.146176722740673
700038744	-0.189476218770846	-0.119718195388917	-0.0859862122740615	-0.219358712140114	-0.147914237870539	-0.0848850246652779	-0.19595866563214	-0.0996828322943722	-0.158213134992276	-0.077376026308498	-0.0809363309384498	-0.103316176614181	-0.0922794792886267	-0.104401580863221	-0.118532158575028	-0.130995704185203	-0.0852638830239026	-0.114059083977924	-0.161037792275357	-0.164214440117089	-0.166910144984886	-0.0999082224621393	-0.168565169785937	-0.180922571930041	-0.184145703149142	-0.178766284158958	-0.111698916336596	-0.143892415265441	-0.133346138024262	-0.0976641635045016	-0.0752306649501834	-0.128822594699242	-0.0902327846294359	0	-0.186301765123014	-0.127183621101377	-0.128013192189785	-0.108996919846114	-0.157357752608456	-0.131089859305609	-0.135360344807777	-0.0755552184467004	-0.123531315160691	-0.15046217092158	-0.10694896756015	-0.11061081667046	-0.120385212637825	-0.0871611710083635	-0.0895700100310102	-0.0958505108206931	-0.105378241128217	-0.197611081284377	-0.200360534468548	-0.12918579646039	-0.218372652915267	-0.0895844968791859	-0.138923917891928	-0.197293935721047	-0.10532002514513	-0.180209811397742
