700108602	700014971	700033565	700109389	700023058	700023927	700106341	700114221	700023543	700023439	700016978	700024192	700113058	700099448	700109870	700033928	700023693	700109627	700095416	700110425	700111580	700111302	700098605	700111991	700108960	700024452	700032931	700095837	700024548	700110161	700023496	700034628	700023645	700038744	700038485	700024743	700099596	700110760	700101587	700106399	700032322	700095653	700021312	700101230	700023590	700038905	700033136	700023382	700096424	700105469	700016908	700096053	700108479	700109569	700033814	700016125	700109756	700102665	700101777	700109455
700108602	0	0.221720878057259	0.318147531768303	0.219883112824834	0.187061269474358	0.304748654539324	0.105981625477237	0.305713904275531	0.120781187667418	0.276763792554843	0.193417419552498	0.350776878066743	0.315665682552846	0.209466336790949	0.327021932073257	0.204438817053635	0.305711281735902	0.289692607130089	0.117122905810438	0.136316090060368	0.169632603419153	0.241444014651839	0.127119017107489	0.0675387306344822	0.177811660806479	0.173507947077589	0.220119726753359	0.330847853322855	0.297487911645683	0.32052085372474	0.268037636237336	0.257190935298685	0.221144024552981	0.275380969132186	0.167127860732457	0.147092509783969	0.223485850782459	0.310737095202449	0.0878384251832829	0.346339331364791	0.168250404749193	0.319569047813471	0.203023275856203	0.188999304380231	0.298992584405076	0.204084234745441	0.174641836726865	0.284249136261356	0.243509669749516	0.315564275547349	0.298090008634476	0.0877796112871483	0.114173292917972	0.150030446524739	0.115935586342722	0.28581677643673	0.17326926059791	0.123035098647313	0.282537239334304	0.143067006637816
700014971	0.221720878057259	0	0.282725776255622	0.328092329542086	0.155077293636345	0.230433226185501	0.250404467884072	0.180528603489499	0.214055016237032	0.17694903029138	0.198393653440987	0.327105056196337	0.19392006320185	0.149426450658641	0.261141842210576	0.250332883936951	0.178497101746724	0.260479217023372	0.214395081528971	0.216940374611014	0.241807811234053	0.249878933935805	0.196029573894595	0.217517498095223	0.30388856685818	0.179712532384978	0.154941399813874	0.224645794826272	0.16039525563256	0.197537006541675	0.186575705499958	0.265902042305229	0.181898735133873	0.172885098269638	0.17961740795661	0.186421205689889	0.208881356021632	0.266197467271198	0.181586535075807	0.240421668795745	0.163778746180394	0.217311911026877	0.182456801079592	0.227128789307638	0.165600419865215	0.165882807979656	0.133347034191693	0.207135653778462	0.19464843873135	0.29409931504193	0.301979414725623	0.219454842383184	0.236681267003503	0.191844562902814	0.279663332378794	0.20208319361075	0.206103376761459	0.248002591796408	0.258209830843028	0.247067199938225
700033565	0.318147531768303	0.282725776255622	0	0.429324762617404	0.25880669907563	0.0864966143919254	0.312827655047002	0.184101146418878	0.269449631326889	0.138704222357229	0.154766200869157	0.105512036643372	0.151652325396171	0.195364095024908	0.149860720257754	0.154309441675802	0.178025256994963	0.126936735973111	0.25141119036799	0.304024409682882	0.23952183584871	0.131351533124891	0.302744090655891	0.288741555152845	0.250867132685289	0.317461671804072	0.200122133650967	0.373243532654293	0.306037376745804	0.182131073694481	0.160689807339854	0.152919735001188	0.158814121678769	0.133189934556583	0.33385095818133	0.239909583817616	0.245719910320584	0.121728401708177	0.286269779487304	0.230649223061658	0.215566395732475	0.107894190467735	0.195204280284702	0.236129758275364	0.19397812668802	0.198424628350593	0.226391302376248	0.141210212440361	0.144041781455482	0.0828893714254351	0.140326019365344	0.329652194578876	0.32907812318835	0.219815735424787	0.385597793220306	0.128835870203646	0.221336786035151	0.282076675906305	0.081216451716707	0.26681769542467
700109389	0.219883112824834	0.328092329542086	0.429324762617404	0	0.32720038952504	0.420031026428533	0.205016953987239	0.406525923291852	0.290173848941097	0.393799032518516	0.336879927197904	0.451174637935077	0.41107823764688	0.344624048738725	0.426837346046948	0.336383009632929	0.407644068720117	0.425087241144569	0.285860822101104	0.192853273042402	0.291828750719443	0.372296781855344	0.213227456141201	0.252381720520046	0.277421492648556	0.26535798714329	0.370236681766087	0.41810245036128	0.36622454586683	0.413123008581015	0.392449753574516	0.383645311976421	0.343585134627459	0.386623985678101	0.253261408721789	0.273964968279847	0.370560306662474	0.435791060069667	0.244959046893772	0.417086109629932	0.288260148970234	0.412084299026233	0.348019436644852	0.316363306390802	0.387679631919016	0.329164462311414	0.318835888970209	0.393114353174407	0.381372575675223	0.425542546576947	0.410874958379394	0.183174925197677	0.164700434499498	0.303973012146637	0.172145608948411	0.395239409656434	0.271594683059591	0.237317836223064	0.389725586168661	0.27027538361351
700023058	0.187061269474358	0.155077293636345	0.25880669907563	0.32720038952504	0	0.219693932942318	0.218008773482257	0.194422842750854	0.177878138575627	0.192720751759764	0.175646922308474	0.293960642566377	0.232655216119233	0.140789525294992	0.2416443847722	0.207767973817788	0.188864331031484	0.224075774071776	0.170649939755984	0.202902214115464	0.200359894055441	0.231277043640167	0.197427832435457	0.164389436517654	0.272439484044789	0.16900371790144	0.154555926813536	0.307854161206069	0.224269510996234	0.230729092259332	0.174559419887617	0.242101489881396	0.179733118656953	0.180107942845498	0.185968076015966	0.192730779578834	0.155146888320525	0.201267751298394	0.153192944572923	0.263183143101483	0.13514691233164	0.227857684107355	0.130739471522953	0.205261308117486	0.192324845284909	0.148519016795724	0.106655950063155	0.1951049816567	0.167392252798035	0.27497762475216	0.282896470991187	0.198435976170701	0.21096617873432	0.149524883628275	0.246972929459451	0.208760471200021	0.176949301252677	0.217732336226971	0.242084058256521	0.212590345576861
700023927	0.304748654539324	0.230433226185501	0.0864966143919254	0.420031026428533	0.219693932942318	0	0.31309672177333	0.137764027149496	0.264008380312692	0.0966104966569225	0.151273897506684	0.149577084099759	0.123430995479062	0.131354742314508	0.149874957935237	0.175024639793241	0.125117415050875	0.0974936709654639	0.251873372126595	0.286781049606909	0.239922015957735	0.162157751056895	0.287796148933978	0.271569354512673	0.262721381668238	0.293297227257355	0.15515867359494	0.338816248461275	0.263642175593402	0.16424745702797	0.0973261399778832	0.173738661663584	0.13912603280714	0.087382279609417	0.310260306188134	0.217233967806272	0.205396148748714	0.11028090761282	0.268916404726862	0.18453351063807	0.190759325723242	0.0732010220352343	0.166346054814414	0.222929109290059	0.152553663705452	0.167028507239697	0.193378695113999	0.104941605224609	0.110886255208805	0.122165991989056	0.179353151296515	0.315859266357017	0.316717930434777	0.21303564335037	0.368206593274924	0.0880766236676369	0.203772656997006	0.268838999753088	0.118408116146203	0.269031878503722
700106341	0.105981625477237	0.250404467884072	0.312827655047002	0.205016953987239	0.218008773482257	0.31309672177333	0	0.310113819466727	0.113912483773997	0.2862077792311	0.190716853531601	0.333193584952335	0.310017708038481	0.234277808274677	0.330409599154585	0.203128170537779	0.30159194959164	0.319526309709805	0.120350956628203	0.103977169040408	0.149322011570839	0.235725031897452	0.131791144539533	0.122232715655593	0.130943467486958	0.229542955630781	0.276816835590451	0.38165645447173	0.324384606960143	0.325556412863137	0.278203043995454	0.217078822666169	0.226815245511823	0.276085697647146	0.222093505647386	0.128373202522491	0.264864456039966	0.322580474352985	0.106953194727403	0.361280244567165	0.170861902256839	0.307605416081625	0.220614797197522	0.160679992888006	0.288139218382663	0.236560273834411	0.197877164056081	0.276649801979241	0.261620119610127	0.299440102341015	0.297938775648015	0.0799059650323963	0.0914602410952502	0.159581406780223	0.142818735071617	0.277806283038623	0.164297413726817	0.100797710513708	0.270299520280318	0.10068911730356
700114221	0.305713904275531	0.180528603489499	0.184101146418878	0.406525923291852	0.194422842750854	0.137764027149496	0.310113819466727	0	0.276451756936391	0.087002776468441	0.227273918273922	0.23366452761839	0.0953477473154711	0.146714830349516	0.135031626629652	0.251561086199875	0.0524140376834772	0.203645609678664	0.271399247332942	0.269898572059196	0.261954941633731	0.240693667871087	0.289684312579159	0.281272309216398	0.338013801127134	0.265966461981659	0.129591245527952	0.293384019953453	0.202295723031745	0.125831932899379	0.14113747855612	0.249573738423805	0.191246753187061	0.11046197734338	0.285493968592628	0.223967908173519	0.2206107963763	0.143721222380149	0.259735550936442	0.142644042783267	0.19788710244339	0.110650655949655	0.209456197582126	0.250761920640116	0.108078658577495	0.140798687134271	0.173563641023967	0.0974809287637289	0.171731931732823	0.209362115747487	0.268146486186441	0.305288871195723	0.302476521773463	0.233949217599298	0.378008399681493	0.119749749916147	0.1900389802747	0.315018932721025	0.196257872239319	0.292948295931357
700023543	0.120781187667418	0.214055016237032	0.269449631326889	0.290173848941097	0.177878138575627	0.264008380312692	0.113912483773997	0.276451756936391	0	0.239524787959091	0.146919555677587	0.305210655522675	0.271340294923744	0.203048165301035	0.300711369556421	0.161234122256931	0.264486919082508	0.261079330895456	0.0866178780418017	0.170647797421652	0.158674680632561	0.194043179842041	0.167625768455739	0.10629355326204	0.172613337112551	0.218198032967653	0.221173167736431	0.335281715897195	0.318290767549366	0.283676396281111	0.224506095997309	0.184567501369236	0.19427806051062	0.229406934510665	0.209906619000238	0.143465634288595	0.20492646082231	0.27497874132608	0.0816072940220572	0.335458031618345	0.145860791929559	0.275916474265146	0.170686450779727	0.108773833567558	0.258155013509447	0.215188730170634	0.155131286633711	0.238551287623507	0.216055569392631	0.266039457300319	0.258507462238459	0.130496836195166	0.162475012732958	0.13780246814592	0.198392740058105	0.239575062808247	0.187440489599878	0.116937194793403	0.248642757083807	0.0997655164156634
700023439	0.276763792554843	0.17694903029138	0.138704222357229	0.393799032518516	0.192720751759764	0.0966104966569225	0.2862077792311	0.087002776468441	0.239524787959091	0	0.192150649908473	0.221941826117899	0.0803370458977685	0.105044549672986	0.131953905951554	0.223755967594091	0.0867115726068555	0.158955021413392	0.236807704947794	0.254229080438056	0.246204488834602	0.213301785727326	0.261072117234873	0.244955050676285	0.309813740280703	0.261461398350678	0.114612368999912	0.296856797480999	0.220900000040253	0.117099029893668	0.0913682728529576	0.23216637332223	0.166877713512547	0.0883837601108461	0.276958333998778	0.207311836110678	0.17865632168251	0.120065355356536	0.232309492226447	0.1532009246017	0.166318773251502	0.108143092125403	0.176134063805517	0.229544236863939	0.131501880825771	0.122762853747317	0.158779761659944	0.0914306340330692	0.119818523170884	0.185205972007254	0.237662853203237	0.281192985212458	0.287863802672938	0.19434121355146	0.345380181019881	0.0954354012833949	0.172407776844173	0.277997187653049	0.164025418185712	0.265332233721345
700016978	0.193417419552498	0.198393653440987	0.154766200869157	0.336879927197904	0.175646922308474	0.151273897506684	0.190716853531601	0.227273918273922	0.146919555677587	0.192150649908473	0	0.196256131659017	0.219948050262221	0.160327789313605	0.257905995082704	0.0948632251045414	0.208674931439696	0.153334044658964	0.133654869887575	0.199183094544102	0.140136672334126	0.0965048323060297	0.205076002991578	0.168971792591536	0.144448416595431	0.248523342711064	0.193639459936562	0.338589427765893	0.284008091995074	0.2391407629745	0.159278345027171	0.121793500032662	0.0828140795790809	0.138274547660321	0.253619931689223	0.13211605874677	0.191965702526761	0.218383582710583	0.158436162688684	0.288601374817956	0.119920133516902	0.167760602554299	0.109793006204681	0.139607988048704	0.190903433199575	0.181333879481334	0.145679393607362	0.176203140259848	0.134644585435967	0.166337410280522	0.161640201950629	0.212607504221195	0.216460965376181	0.124781769093372	0.26869867334805	0.158412411993085	0.165127272249361	0.163270043412278	0.136611691936657	0.156208105970158
700024192	0.350776878066743	0.327105056196337	0.105512036643372	0.451174637935077	0.293960642566377	0.149577084099759	0.333193584952335	0.23366452761839	0.305210655522675	0.221941826117899	0.196256131659017	0	0.221171144553503	0.25410775582604	0.212964066260727	0.17577783402487	0.214344610441957	0.166268544441472	0.282458243394706	0.329965623795439	0.238293839391292	0.140360744230254	0.337328897911043	0.326326286996103	0.255885931928408	0.362496677779199	0.271141562066316	0.416057406096329	0.34515288374236	0.273682534919581	0.201028157225193	0.156258912486311	0.194099752722381	0.187540591904389	0.375359807783227	0.271652971883227	0.293076145694268	0.195832611364074	0.32255621819388	0.267776749142996	0.251807010195191	0.156292180039899	0.236943509039328	0.260581025175876	0.218994210338284	0.239201851710422	0.266309500426539	0.181435623565758	0.192048531002811	0.0927303675863421	0.0953051408912187	0.360474203455217	0.351825242386431	0.244794436888342	0.423370446160441	0.170914085260341	0.245847333615654	0.310927433994111	0.12418867684145	0.287773545881643
700113058	0.315665682552846	0.19392006320185	0.151652325396171	0.41107823764688	0.232655216119233	0.123430995479062	0.310017708038481	0.0953477473154711	0.271340294923744	0.0803370458977685	0.219948050262221	0.221171144553503	0	0.15733464902936	0.140807827207383	0.244377701404706	0.104319493515879	0.187951902700249	0.272750059743481	0.271400392838629	0.274247238752481	0.224616951126775	0.309797085786394	0.290336658132211	0.328388163223196	0.281193516193636	0.146159939171006	0.285969234843101	0.222133739320605	0.108661253640411	0.138802932237882	0.24192508111198	0.184203788708426	0.107057157748511	0.303336862616372	0.230581770925039	0.2232160365643	0.139351573403092	0.270645996496692	0.170368043540508	0.194662351461033	0.0884708375859383	0.213074001910045	0.244948690652306	0.114598144820025	0.170992892477358	0.203397094693495	0.106500928418299	0.165290793691221	0.189570255213794	0.246333179541794	0.31432900850001	0.316900357053946	0.24294986847734	0.391652484256981	0.101137806699292	0.20496400339043	0.306402440955352	0.172482085236763	0.283133441151079
700099448	0.209466336790949	0.149426450658641	0.195364095024908	0.344624048738725	0.140789525294992	0.131354742314508	0.234277808274677	0.146714830349516	0.203048165301035	0.105044549672986	0.160327789313605	0.25410775582604	0.15733464902936	0	0.19077015677622	0.194884691454682	0.127353802881213	0.165605330656174	0.174967293947674	0.199720888732901	0.197431710919586	0.199277505159599	0.203567735330975	0.174762200594951	0.261049083186565	0.189499828860473	0.0971593337714179	0.29091210473437	0.187923067719665	0.162131509760228	0.114347885147619	0.224503448007425	0.131765347508894	0.111780762822042	0.209048106896994	0.162250886846291	0.146370536422351	0.155503368298147	0.175504022086039	0.214343248830358	0.120196680812193	0.158764442592097	0.116292277434161	0.203839020273116	0.142981118888395	0.109466601973366	0.107783787375869	0.132121577463475	0.0976170997871243	0.215404963650735	0.24029545131325	0.221823623332385	0.237006728085487	0.14154166846268	0.269693373529352	0.138281886246086	0.127607324124105	0.222410577410686	0.179389996792523	0.217835297603218
700109870	0.327021932073257	0.261141842210576	0.149860720257754	0.426837346046948	0.2416443847722	0.149874957935237	0.330409599154585	0.135031626629652	0.300711369556421	0.131953905951554	0.257905995082704	0.212964066260727	0.140807827207383	0.19077015677622	0	0.275989425426255	0.134694061835191	0.236126887110313	0.295526448997616	0.310673216530368	0.274800979970246	0.262510551737268	0.308926604144873	0.309458329831335	0.354180428407328	0.316634771831522	0.193163452156406	0.359959304598752	0.255452798636467	0.163695142142457	0.177704289424752	0.264487617665084	0.240537319472644	0.171908470316815	0.340145709283048	0.266519825815554	0.259947199928674	0.126995666883548	0.294272063571484	0.166422689434612	0.24519490839556	0.14116920955662	0.259232802003724	0.279671829429276	0.176756682790824	0.165845110110134	0.233035749603822	0.126487744406404	0.196426372802107	0.198580577658677	0.265842185751726	0.33463098194768	0.326823813588318	0.260554652151925	0.393012308708376	0.153680252896625	0.224006464036492	0.339560540920192	0.193083976875408	0.314717117201554
700033928	0.204438817053635	0.250332883936951	0.154309441675802	0.336383009632929	0.207767973817788	0.175024639793241	0.203128170537779	0.251561086199875	0.161234122256931	0.223755967594091	0.0948632251045414	0.17577783402487	0.244377701404706	0.194884691454682	0.275989425426255	0	0.235274704954819	0.152232438186422	0.154383624701756	0.230751774986093	0.151851355241759	0.0860440531227082	0.23664652625123	0.173979008782171	0.152172564233946	0.261025120367282	0.231743085810386	0.365784401918146	0.318648160257256	0.264793626124632	0.196320282054036	0.118175388497915	0.102585823539452	0.175618818512287	0.259924239278782	0.187805295903214	0.227087942469809	0.235999584247253	0.179823141830336	0.310051036527781	0.131762858359807	0.190987263077779	0.152923930333849	0.181051891571737	0.214476940664673	0.198728749933909	0.167477120019203	0.205972107550293	0.171332581672998	0.141709755962308	0.134372731030064	0.214681467494711	0.232867697542186	0.162491425658051	0.28667590136447	0.181552274297481	0.1925572702869	0.1695256726528	0.125715313581804	0.159052129258771
700023693	0.305711281735902	0.178497101746724	0.178025256994963	0.407644068720117	0.188864331031484	0.125117415050875	0.30159194959164	0.0524140376834772	0.264486919082508	0.0867115726068555	0.208674931439696	0.214344610441957	0.104319493515879	0.127353802881213	0.134694061835191	0.235274704954819	0	0.186457272458327	0.261880811542716	0.257217361594578	0.231647155070153	0.221413808989534	0.28577386642978	0.271089744902214	0.322139564492396	0.267164160054296	0.137410750997932	0.299169539752895	0.191821188783849	0.128634077576694	0.120648344637865	0.233836175308761	0.173956390384695	0.0975200390353672	0.285294902093146	0.209205602082974	0.20973445447839	0.143676891279654	0.256036561854035	0.140796852688727	0.183389763319608	0.108333305163321	0.190665875128974	0.237330698565359	0.082182484435463	0.130388851962371	0.159596652667995	0.0799224346624457	0.151020079131986	0.202220460793586	0.251082106923135	0.304420315749155	0.301689655963559	0.218139268443484	0.376084575352591	0.110610330397931	0.174225257217879	0.299461799231897	0.194587958586731	0.279737785954654
700109627	0.289692607130089	0.260479217023372	0.126936735973111	0.425087241144569	0.224075774071776	0.0974936709654639	0.319526309709805	0.203645609678664	0.261079330895456	0.158955021413392	0.153334044658964	0.166268544441472	0.187951902700249	0.165605330656174	0.236126887110313	0.152232438186422	0.186457272458327	0	0.252606624319114	0.279345695730204	0.262719908481622	0.142586874672066	0.310303072466301	0.246945722735223	0.257362308951711	0.305294407831127	0.18186999976561	0.349215589081677	0.324557530472578	0.215814518761423	0.125942721888962	0.187946831750737	0.134176875244518	0.137907126556952	0.312210787294348	0.227064159983807	0.178030889845542	0.162015348223999	0.268064748485159	0.261980286179235	0.209755579485584	0.146832618195315	0.156415926371447	0.225451433967463	0.205602090029942	0.217237447336636	0.211885714709566	0.176230564186065	0.123629805079908	0.161336067824093	0.161185236335631	0.318947794763187	0.32614571897876	0.234378991494337	0.34914341214838	0.144981337303134	0.239662620339077	0.270072418488679	0.147459586190797	0.278912787128901
700095416	0.117122905810438	0.214395081528971	0.25141119036799	0.285860822101104	0.170649939755984	0.251873372126595	0.120350956628203	0.271399247332942	0.0866178780418017	0.236807704947794	0.133654869887575	0.282458243394706	0.272750059743481	0.174967293947674	0.295526448997616	0.154383624701756	0.261880811542716	0.252606624319114	0	0.165470496655741	0.123319466230449	0.185837768710314	0.154094171164639	0.0862757882717018	0.159341379245084	0.195200575399181	0.211430121102216	0.34422366020554	0.29163215821688	0.283879811411914	0.212713452585914	0.183283693744345	0.16653336651103	0.223277702626036	0.193274593054117	0.129498117479026	0.200723465101852	0.261501357138079	0.0950758577021351	0.332810494797846	0.114707385745135	0.268184859902887	0.139857102989066	0.144213490930138	0.246110381834875	0.191036246770693	0.128200979875523	0.236935410033376	0.190968406481972	0.251089022897537	0.246654877667613	0.14040128601278	0.159371805137407	0.0994147134433793	0.183790412976174	0.233893736152512	0.154975262275115	0.117391701745672	0.227936996970928	0.119226291256529
700110425	0.136316090060368	0.216940374611014	0.304024409682882	0.192853273042402	0.202902214115464	0.286781049606909	0.103977169040408	0.269898572059196	0.170647797421652	0.254229080438056	0.199183094544102	0.329965623795439	0.271400392838629	0.199720888732901	0.310673216530368	0.230751774986093	0.257217361594578	0.279345695730204	0.165470496655741	0	0.176307548560207	0.23818366041452	0.138665620745691	0.139605754518485	0.15549059991988	0.218638016098053	0.23537789422747	0.329349384453197	0.285239844314938	0.277062121672299	0.253764446610714	0.252613850938506	0.193225573356451	0.237926954031144	0.21385801893195	0.123044084452506	0.237940581964977	0.307790424547671	0.135544462910014	0.336422413700246	0.16958675989851	0.270908728520904	0.202277551948923	0.160588535622367	0.247046151353388	0.220354143714093	0.161747142225076	0.24915208783842	0.247235397975683	0.304947180566424	0.294113845778677	0.101416715328835	0.0836262959590264	0.176744309742664	0.159051356657929	0.251543237656381	0.13040165832314	0.135931735080007	0.263416964867848	0.151766413958036
700111580	0.169632603419153	0.241807811234053	0.23952183584871	0.291828750719443	0.200359894055441	0.239922015957735	0.149322011570839	0.261954941633731	0.158674680632561	0.246204488834602	0.140136672334126	0.238293839391292	0.274247238752481	0.197431710919586	0.274800979970246	0.151851355241759	0.231647155070153	0.262719908481622	0.123319466230449	0.176307548560207	0	0.16150125753575	0.1772856978484	0.153199505484579	0.118614642417389	0.254430405317378	0.259444992199856	0.399229082709339	0.271750432393577	0.301187708420356	0.208434946927748	0.154123281887166	0.17008337483403	0.209903188265979	0.254918723604167	0.134307682896082	0.265667425467628	0.248269719690162	0.163283141094074	0.30517662361482	0.137282029524887	0.23120265475998	0.165830424034456	0.157450084778677	0.207276631602879	0.178006043856874	0.159509453943123	0.202150728159485	0.17583630116291	0.212520522874304	0.223168559917711	0.174285814569915	0.186573875545468	0.101356191170256	0.242831397296919	0.208030408061373	0.121701541023724	0.123119801519428	0.188388783379903	0.120663305062422
700111302	0.241444014651839	0.249878933935805	0.131351533124891	0.372296781855344	0.231277043640167	0.162157751056895	0.235725031897452	0.240693667871087	0.194043179842041	0.213301785727326	0.0965048323060297	0.140360744230254	0.224616951126775	0.199277505159599	0.262510551737268	0.0860440531227082	0.221413808989534	0.142586874672066	0.185837768710314	0.23818366041452	0.16150125753575	0	0.26611106824851	0.216524408588899	0.153864000467135	0.293206104682826	0.226001282252747	0.369018478577781	0.328241824557166	0.259793747793711	0.185814876810627	0.0817564835783941	0.11788692103874	0.163886797059908	0.293226219942285	0.188775393145222	0.231555278364517	0.225742639577195	0.213357812615509	0.290223235926149	0.180331383691328	0.171997629910187	0.160786567015901	0.176829084948092	0.208945756778111	0.209781706692948	0.191173584271703	0.181155227916706	0.157981800959712	0.0939538374393765	0.101665476267629	0.262030509543845	0.261055851388224	0.154012364928191	0.324377517458328	0.156949025763551	0.200495823227003	0.209660304772155	0.0990192250169568	0.194124376721925
700098605	0.127119017107489	0.196029573894595	0.302744090655891	0.213227456141201	0.197427832435457	0.287796148933978	0.131791144539533	0.289684312579159	0.167625768455739	0.261072117234873	0.205076002991578	0.337328897911043	0.309797085786394	0.203567735330975	0.308926604144873	0.23664652625123	0.28577386642978	0.310303072466301	0.154094171164639	0.138665620745691	0.1772856978484	0.26611106824851	0	0.155221119250616	0.198533045050074	0.209717340235851	0.236361252643452	0.345765314156834	0.285140449838746	0.312080660331991	0.251448984465676	0.254478025066033	0.240833393914025	0.262326439597	0.206120052100606	0.164688040221984	0.247112950646297	0.289676409047058	0.141641803589371	0.322670576828405	0.18269993661956	0.306985324983694	0.217477207588434	0.203696890347984	0.287794950861664	0.201497526946298	0.181893277184114	0.272873651488686	0.229202790003646	0.307934921920314	0.31258525789873	0.130187966856355	0.112877760358956	0.155796747778806	0.1334587846233	0.275685849754721	0.179672843534142	0.179406635237098	0.278053988615154	0.149134350258219
700111991	0.0675387306344822	0.217517498095223	0.288741555152845	0.252381720520046	0.164389436517654	0.271569354512673	0.122232715655593	0.281272309216398	0.10629355326204	0.244955050676285	0.168971792591536	0.326326286996103	0.290336658132211	0.174762200594951	0.309458329831335	0.173979008782171	0.271089744902214	0.246945722735223	0.0862757882717018	0.139605754518485	0.153199505484579	0.216524408588899	0.155221119250616	0	0.183457557206926	0.162034535898498	0.202780240236826	0.33136004483102	0.289107319190668	0.292438376765388	0.234348184484176	0.235097381869541	0.191374119252953	0.244214627977554	0.166874110495685	0.134491420471071	0.18849827253124	0.27798776386565	0.0791790595953202	0.341940287658358	0.13903177778408	0.289503672871298	0.169201386847241	0.166850965463711	0.265722599061677	0.195781701187193	0.136597771252412	0.256839749648596	0.214954835711903	0.292754634788079	0.275923435756286	0.113028824901042	0.135568213038524	0.126306773034233	0.138563309988904	0.258225070994532	0.158899700326685	0.118571254018499	0.261596789506649	0.143319592286359
700108960	0.177811660806479	0.30388856685818	0.250867132685289	0.277421492648556	0.272439484044789	0.262721381668238	0.130943467486958	0.338013801127134	0.172613337112551	0.309813740280703	0.144448416595431	0.255885931928408	0.328388163223196	0.261049083186565	0.354180428407328	0.152172564233946	0.322139564492396	0.257362308951711	0.159341379245084	0.15549059991988	0.118614642417389	0.153864000467135	0.198533045050074	0.183457557206926	0	0.303372443886405	0.308350021639449	0.430355328598883	0.355547438842295	0.344878339074651	0.280372353389801	0.135458682109316	0.188048118803448	0.26478003158465	0.300103693139871	0.15228451911026	0.301413282341105	0.318050635530043	0.183974589818877	0.387755363135912	0.204672629282545	0.271684805459731	0.209408209896925	0.165174817096172	0.295570519037673	0.27107611121576	0.230225167353904	0.285846966834498	0.242832438890103	0.21005043167534	0.214992110805912	0.157667304131314	0.158073947868109	0.156061477521008	0.217584562810834	0.268582474522115	0.172576540388702	0.116070184696068	0.197373924578907	0.121786255785702
700024452	0.173507947077589	0.179712532384978	0.317461671804072	0.26535798714329	0.16900371790144	0.293297227257355	0.229542955630781	0.265966461981659	0.218198032967653	0.261461398350678	0.248523342711064	0.362496677779199	0.281193516193636	0.189499828860473	0.316634771831522	0.261025120367282	0.267164160054296	0.305294407831127	0.195200575399181	0.218638016098053	0.254430405317378	0.293206104682826	0.209717340235851	0.162034535898498	0.303372443886405	0	0.189537687752851	0.269059049808675	0.20169205545411	0.256666242869285	0.273337737027981	0.29526273947776	0.235338802089346	0.250976373075085	0.0690500138006701	0.220166264391315	0.244560783954254	0.29520913265874	0.162435232239938	0.308769508520701	0.189314594120163	0.298650234264788	0.222898590327653	0.251646012079428	0.251580462637036	0.194787170149724	0.16279437460233	0.277675719339898	0.247814243581243	0.327321434547507	0.337272930044798	0.186596020290738	0.212034123934275	0.20146994673925	0.199907020325179	0.27943474986214	0.203946165504273	0.227287120357071	0.285487812865034	0.245880684758461
700032931	0.220119726753359	0.154941399813874	0.200122133650967	0.370236681766087	0.154555926813536	0.15515867359494	0.276816835590451	0.129591245527952	0.221173167736431	0.114612368999912	0.193639459936562	0.271141562066316	0.146159939171006	0.0971593337714179	0.193163452156406	0.231743085810386	0.137410750997932	0.18186999976561	0.211430121102216	0.23537789422747	0.259444992199856	0.226001282252747	0.236361252643452	0.202780240236826	0.308350021639449	0.189537687752851	0	0.256929921097805	0.214410660416629	0.15106779606576	0.147921765779182	0.252282380963149	0.163611550376212	0.123937531579811	0.220306798645884	0.205889020400759	0.144143669457278	0.170691915151124	0.205868306484794	0.201704574145934	0.172598438663254	0.169989979654125	0.15453382575258	0.223141889824081	0.158814241721553	0.139981082216966	0.139847019633563	0.137342541396681	0.140158285225579	0.218902804496449	0.260648656567201	0.251621282615021	0.259281230491997	0.196151992775265	0.283547874832423	0.145939173225852	0.191506836800631	0.267322272446949	0.200524297846344	0.260160330148791
700095837	0.330847853322855	0.224645794826272	0.373243532654293	0.41810245036128	0.307854161206069	0.338816248461275	0.38165645447173	0.293384019953453	0.335281715897195	0.296856797480999	0.338589427765893	0.416057406096329	0.285969234843101	0.29091210473437	0.359959304598752	0.365784401918146	0.299169539752895	0.349215589081677	0.34422366020554	0.329349384453197	0.399229082709339	0.369018478577781	0.345765314156834	0.33136004483102	0.430355328598883	0.269059049808675	0.256929921097805	0	0.190682719217312	0.233285900882571	0.321455877459334	0.399755272045581	0.306086164338968	0.279290064386513	0.267695738619144	0.333239699570997	0.302428772607016	0.367199299750881	0.30667124916367	0.341141514585299	0.30641925965895	0.316320136823409	0.322321037695913	0.342505716707823	0.273035038189225	0.300111106374814	0.288698363133461	0.316938626253409	0.327139468320609	0.391747172225243	0.391944515779143	0.344046886825429	0.357062800888862	0.357490188574071	0.376472755876408	0.32035975652753	0.34341826081796	0.372642219525764	0.368273582878427	0.383598594662163
700024548	0.297487911645683	0.16039525563256	0.306037376745804	0.36622454586683	0.224269510996234	0.263642175593402	0.324384606960143	0.202295723031745	0.318290767549366	0.220900000040253	0.284008091995074	0.34515288374236	0.222133739320605	0.187923067719665	0.255452798636467	0.318648160257256	0.191821188783849	0.324557530472578	0.29163215821688	0.285239844314938	0.271750432393577	0.328241824557166	0.285140449838746	0.289107319190668	0.355547438842295	0.20169205545411	0.214410660416629	0.190682719217312	0	0.178467168161959	0.251811959361401	0.338854569316562	0.248927940782364	0.217455583826993	0.215821061224993	0.253363748292179	0.299566957618742	0.277242137254741	0.268483656288431	0.227686747870952	0.229569881239442	0.234702060066916	0.267510256760566	0.312910802927146	0.161362624514152	0.164292466321972	0.213629391853895	0.223486884365446	0.254156116647458	0.332647074539523	0.359037815147109	0.295464726961795	0.30288063614289	0.254315413842702	0.331285855987416	0.252993305310295	0.220794770052346	0.319074108995878	0.290840747391233	0.322617114246403
700110161	0.32052085372474	0.197537006541675	0.182131073694481	0.413123008581015	0.230729092259332	0.16424745702797	0.325556412863137	0.125831932899379	0.283676396281111	0.117099029893668	0.2391407629745	0.273682534919581	0.108661253640411	0.162131509760228	0.163695142142457	0.264793626124632	0.128634077576694	0.215814518761423	0.283879811411914	0.277062121672299	0.301187708420356	0.259793747793711	0.312080660331991	0.292438376765388	0.344878339074651	0.256666242869285	0.15106779606576	0.233285900882571	0.178467168161959	0	0.175713487376206	0.276460907344832	0.206982503203173	0.129132223116034	0.269330173850992	0.251718600918851	0.228553366659328	0.16588516720227	0.274354489492921	0.21811182179656	0.226555044399292	0.148425958207552	0.220035669925972	0.265076114354746	0.141733627307394	0.197472982890379	0.210873986266537	0.155616499299157	0.189131582757862	0.238469352835376	0.284911826318144	0.311554035698236	0.322733212059539	0.253624289817298	0.382964925523988	0.167613128387518	0.223963418107819	0.316153539272547	0.213686894334272	0.303893838390064
700023496	0.268037636237336	0.186575705499958	0.160689807339854	0.392449753574516	0.174559419887617	0.0973261399778832	0.278203043995454	0.14113747855612	0.224506095997309	0.0913682728529576	0.159278345027171	0.201028157225193	0.138802932237882	0.114347885147619	0.177704289424752	0.196320282054036	0.120648344637865	0.125942721888962	0.212713452585914	0.253764446610714	0.208434946927748	0.185814876810627	0.251448984465676	0.234348184484176	0.280372353389801	0.273337737027981	0.147921765779182	0.321455877459334	0.251811959361401	0.175713487376206	0	0.205637868502989	0.146008240710546	0.0923197675911042	0.280018005025949	0.17994342985133	0.165053207019633	0.13039278735716	0.230580998601368	0.193973607216084	0.147410785207058	0.125556722960579	0.134647478717834	0.205109882862469	0.134087415963975	0.139183963211704	0.150515988938527	0.102544294120269	0.0810267203245551	0.188896823561633	0.214718150493665	0.280937493077641	0.284966140048252	0.170189089222099	0.335812613323303	0.0970993023288254	0.173081848958552	0.254564554862507	0.179165973956542	0.240732670792939
700034628	0.257190935298685	0.265902042305229	0.152919735001188	0.383645311976421	0.242101489881396	0.173738661663584	0.217078822666169	0.249573738423805	0.184567501369236	0.23216637332223	0.121793500032662	0.156258912486311	0.24192508111198	0.224503448007425	0.264487617665084	0.118175388497915	0.233836175308761	0.187946831750737	0.183283693744345	0.252613850938506	0.154123281887166	0.0817564835783941	0.254478025066033	0.235097381869541	0.135458682109316	0.29526273947776	0.252282380963149	0.399755272045581	0.338854569316562	0.276460907344832	0.205637868502989	0	0.154002416876506	0.182698168937748	0.302187282145582	0.177627038289714	0.271869978968395	0.229852738537118	0.220902217227643	0.29693940529124	0.199631398054247	0.177514929225357	0.179012430172118	0.140440612798061	0.221360117275502	0.231444596309091	0.202028900326795	0.192348130813409	0.183031248280394	0.113569429277914	0.15286557210932	0.259717880059511	0.2571474073644	0.157374786098654	0.327620571023724	0.170497529008872	0.196879552084892	0.190745418025328	0.12620286900724	0.161057035966721
700023645	0.221144024552981	0.181898735133873	0.158814121678769	0.343585134627459	0.179733118656953	0.13912603280714	0.226815245511823	0.191246753187061	0.19427806051062	0.166877713512547	0.0828140795790809	0.194099752722381	0.184203788708426	0.131765347508894	0.240537319472644	0.102585823539452	0.173956390384695	0.134176875244518	0.16653336651103	0.193225573356451	0.17008337483403	0.11788692103874	0.240833393914025	0.191374119252953	0.188048118803448	0.235338802089346	0.163611550376212	0.306086164338968	0.248927940782364	0.206982503203173	0.146008240710546	0.154002416876506	0	0.111708402276451	0.241850383801894	0.140177463659414	0.183012084085649	0.214158220942265	0.180686708289273	0.264549680256958	0.111534793335775	0.139091127144433	0.110103909399861	0.161285941941202	0.152593547151191	0.159247810636936	0.125946314995033	0.153379642771107	0.144733797856545	0.164404791541399	0.158523034608004	0.22772690895497	0.235219743725353	0.166982296934779	0.295570934768093	0.131412216303777	0.159511281534324	0.179805465137156	0.132320319541388	0.193888941526713
700038744	0.275380969132186	0.172885098269638	0.133189934556583	0.386623985678101	0.180107942845498	0.087382279609417	0.276085697647146	0.11046197734338	0.229406934510665	0.0883837601108461	0.138274547660321	0.187540591904389	0.107057157748511	0.111780762822042	0.171908470316815	0.175618818512287	0.0975200390353672	0.137907126556952	0.223277702626036	0.237926954031144	0.209903188265979	0.163886797059908	0.262326439597	0.244214627977554	0.26478003158465	0.250976373075085	0.123937531579811	0.279290064386513	0.217455583826993	0.129132223116034	0.0923197675911042	0.182698168937748	0.111708402276451	0	0.267020302516178	0.179782794129246	0.180385586444783	0.143365857394944	0.230677726337791	0.186100587494994	0.142188514170129	0.0832858558834026	0.135449822240581	0.193094972746276	0.0967445947257258	0.143107780390202	0.15165256884349	0.0879658013791021	0.103616880872743	0.153100429851444	0.197267947836443	0.277370767580168	0.282893236714205	0.182258863438803	0.344065352119078	0.0786983479710935	0.165062162513245	0.237337254453923	0.145157665173143	0.235182813434228
700038485	0.167127860732457	0.17961740795661	0.33385095818133	0.253261408721789	0.185968076015966	0.310260306188134	0.222093505647386	0.285493968592628	0.209906619000238	0.276958333998778	0.253619931689223	0.375359807783227	0.303336862616372	0.209048106896994	0.340145709283048	0.259924239278782	0.285294902093146	0.312210787294348	0.193274593054117	0.21385801893195	0.254918723604167	0.293226219942285	0.206120052100606	0.166874110495685	0.300103693139871	0.0690500138006701	0.220306798645884	0.267695738619144	0.215821061224993	0.269330173850992	0.280018005025949	0.302187282145582	0.241850383801894	0.267020302516178	0	0.218565068853934	0.258416494762635	0.325119978399509	0.158841345450426	0.328971600709547	0.198234439899328	0.319557422659085	0.227335875102357	0.250828049749371	0.270395236795565	0.215333727945128	0.1756647325625	0.300186357516274	0.263636647251883	0.347341519553643	0.340505898182548	0.174694093217987	0.202282662038894	0.198213949654026	0.193884876458579	0.298330984127529	0.216869890213925	0.221235336491265	0.310429568081847	0.237693794937777
700024743	0.147092509783969	0.186421205689889	0.239909583817616	0.273964968279847	0.192730779578834	0.217233967806272	0.128373202522491	0.223967908173519	0.143465634288595	0.207311836110678	0.13211605874677	0.271652971883227	0.230581770925039	0.162250886846291	0.266519825815554	0.187805295903214	0.209205602082974	0.227064159983807	0.129498117479026	0.123044084452506	0.134307682896082	0.188775393145222	0.164688040221984	0.134491420471071	0.15228451911026	0.220166264391315	0.205889020400759	0.333239699570997	0.253363748292179	0.251718600918851	0.17994342985133	0.177627038289714	0.140177463659414	0.179782794129246	0.218565068853934	0	0.216315814953048	0.244155321413429	0.120552904525035	0.285504790522353	0.133591587668045	0.217023180620961	0.162469232007222	0.0979681562982483	0.199448219760463	0.183901441295345	0.145449686234135	0.183329219159909	0.184559480096778	0.247298390883795	0.24379818279382	0.145890591522506	0.14720637651976	0.124534982397475	0.208106261745599	0.193466378197649	0.130559601669724	0.112030490577824	0.204857689920701	0.109105815345197
