700108602	700014971	700033565	700109389	700023058	700023927	700106341	700114221	700023543	700023439	700016978	700024192	700113058	700099448	700109870	700033928	700023693	700109627	700095416	700110425	700111580	700111302	700098605	700111991	700108960	700024452	700032931	700095837	700024548	700110161	700023496	700034628	700023645	700038744	700038485	700024743	700099596	700110760	700101587	700106399	700032322	700095653	700021312	700101230	700023590	700038905	700033136	700023382	700096424	700105469	700016908	700096053	700108479	700109569	700033814	700016125	700109756	700102665	700101777	700109455
700108602	0	0.155298667911924	0.156477877585653	0.104173148547362	0.131446070078462	0.170645203942979	0.08085024664563	0.181958109516482	0.0903797103760314	0.16022241383705	0.117547356753407	0.158192736023424	0.161862484222646	0.151696829867056	0.160766766412114	0.106992247462702	0.181636940842807	0.164917691906498	0.0877661983515008	0.0934695713822848	0.0918017989848055	0.118505718325955	0.112321373037956	0.0759207297739841	0.0936154047181754	0.119669916348234	0.15279451524752	0.136903197318949	0.146257672256662	0.164869996185006	0.160271833563741	0.118863457660916	0.118258724386181	0.154354815045789	0.130457018723322	0.121859459863285	0.13786085877593	0.175594139600708	0.0962825760837948	0.177347287799818	0.0957131268592311	0.154876642436944	0.144604981199069	0.111126345925346	0.149535619951739	0.126611643587041	0.129857846667302	0.155859600602207	0.140447825964114	0.132481524315655	0.122548947837172	0.0975729901014193	0.0896198776718509	0.0995046429896931	0.0962529774669955	0.158028279696338	0.113668248815706	0.0893907850964482	0.132962976399012	0.105697869428945
700014971	0.155298667911924	0	0.145470758590065	0.161535514500983	0.132534584809912	0.136511587492629	0.16131506158343	0.133035147412843	0.155833220760367	0.131355287433266	0.119844266120638	0.14768286440055	0.128569222999148	0.127976251011013	0.133927856781406	0.149132886123991	0.117853696190988	0.151153246848727	0.154348302573981	0.142375931694498	0.140842611105858	0.125729020728641	0.126903740338998	0.158879899126434	0.155604046935218	0.158501735126351	0.117129278713094	0.128288740110936	0.11002114855238	0.11743937324169	0.126154074285604	0.136956870626315	0.11019184036466	0.118069272495824	0.151302679384826	0.12463861997925	0.150903943542386	0.149913007497464	0.154763505360739	0.126967920383707	0.137645137789318	0.124403641693307	0.146740955930564	0.138220324503751	0.107394858459446	0.124288155548888	0.107876720470035	0.120714451513673	0.116724400695604	0.127301258786585	0.128295704012735	0.161751597367313	0.147722029790268	0.127056127803145	0.16996308590649	0.111543553941808	0.136910097422925	0.162755073013585	0.124107674816069	0.148309693395615
700033565	0.156477877585653	0.145470758590065	0	0.143600847059402	0.154655163100526	0.0774191729480786	0.141101885342038	0.111650229935712	0.153702866133204	0.0893161962868718	0.0978161730106869	0.0562256562610664	0.104574114500282	0.124565910297593	0.0832123922396342	0.116505684853851	0.113705346466305	0.105151866148971	0.141514538131635	0.142264031598663	0.135376170346131	0.0892345281204273	0.128545915084087	0.146064617390909	0.124764993996989	0.160632083171243	0.139294115982519	0.152334643155334	0.125391380528784	0.10109655025782	0.0992185672578814	0.10090263703881	0.111086337292438	0.0967581996430175	0.161597309281781	0.11262671270171	0.141254389802429	0.0838887040665031	0.155130575132753	0.118550611305672	0.136211004589124	0.0810446463583782	0.126510992422682	0.112923945277323	0.108416901349449	0.124096961108993	0.135662343814512	0.0931772662893145	0.11252948070131	0.0723143442939702	0.0726635059544554	0.156787336868591	0.147756431887631	0.111979667333451	0.177433366147112	0.100303955485613	0.11863821555585	0.156246282647149	0.084344300627317	0.132194781015723
700109389	0.104173148547362	0.161535514500983	0.143600847059402	0	0.143889032675271	0.177109140539963	0.100010771853174	0.189389501459204	0.136434001201133	0.172521519495246	0.137793146481673	0.146385294637924	0.170155565358478	0.155029823270558	0.15252383148262	0.134462770359261	0.179331234218239	0.183536841810982	0.134713546692069	0.096929241548529	0.109433449675747	0.145355166362141	0.103857830569784	0.119892707254448	0.0968907573349183	0.115539534332619	0.176241057967111	0.14871071332196	0.13649114741035	0.161378616270154	0.178037238460987	0.138195582876301	0.13871757689326	0.15416844221135	0.123432657365283	0.126037146669617	0.168064661413358	0.16962166442124	0.121953531436911	0.169683156161015	0.119790285800694	0.162047137760935	0.158362140161832	0.120597887462673	0.156146699814027	0.141507612359747	0.140053437428388	0.157597649793509	0.152718601172607	0.13289322087493	0.119769181609711	0.0875697692554545	0.077889242181308	0.143251983261958	0.117767929880532	0.161050933486489	0.104126969895077	0.0931527404089136	0.121749502501767	0.105133064994352
700023058	0.131446070078462	0.132534584809912	0.154655163100526	0.143889032675271	0	0.147793558458186	0.132592375475717	0.158155386618605	0.120991256660343	0.143801166131206	0.127646545359198	0.156752630263084	0.153326530183132	0.128458195064775	0.145790970694052	0.133178241559212	0.147040731996345	0.14741755264047	0.129634346924279	0.126920822851606	0.130491507627535	0.140408564770601	0.133128917699349	0.132045321004151	0.140134443896671	0.11698219740368	0.146385834737207	0.132864197499392	0.127096579077709	0.136908453048758	0.143373246263535	0.142365272069014	0.125171918783036	0.134876789602312	0.109685589557702	0.135111549883985	0.111601993739902	0.146256583861232	0.110055104649986	0.155564250029155	0.125694767066065	0.138395576212439	0.138204608178227	0.135515229007943	0.127591002825388	0.119001572197045	0.106260669339628	0.146114361291645	0.119731317025032	0.138107016857712	0.125858833474821	0.128980477922888	0.115973414731364	0.129515747881048	0.129673845487683	0.147220352468515	0.129628043638719	0.135835810411377	0.131290043011471	0.135076414085888
700023927	0.170645203942979	0.136511587492629	0.0774191729480786	0.177109140539963	0.147793558458186	0	0.164547765924034	0.0972727110759017	0.167966957648977	0.0782965415739937	0.112558290815909	0.0972246125406239	0.105722382712042	0.101103209751929	0.0932640239623417	0.133990967134045	0.0981217956741554	0.0739757986580323	0.15079340963441	0.156457812118583	0.145035277814427	0.112019459699286	0.150577017487346	0.156702373179804	0.145648504975518	0.174349159022485	0.142721245557746	0.161869018343233	0.118847430049681	0.0893709160836749	0.0677952302727048	0.126608650205893	0.111723589108495	0.0810902335496651	0.171113913110048	0.126880132134937	0.130930913305914	0.071326280290962	0.169080833644853	0.111947386501248	0.141924384183086	0.0875219459937898	0.114081621864965	0.138509588130063	0.104076224979368	0.122099494255796	0.139284394811782	0.0899788956096044	0.0877210266535309	0.0996244403958238	0.111630840155699	0.179478314195671	0.162266832763568	0.116219202776737	0.185520266442979	0.101485064286507	0.129750648536824	0.17248938775297	0.110882882982561	0.155924011699309
700106341	0.08085024664563	0.16131506158343	0.141101885342038	0.100010771853174	0.132592375475717	0.164547765924034	0	0.183307016325035	0.0816105252835959	0.16375328005993	0.115164936421236	0.133900587260064	0.160060525958297	0.147619271268154	0.146982878673142	0.114129336346628	0.176978845259906	0.1733401165066	0.0991469029612653	0.0839122494849142	0.0843925123546461	0.108450958727482	0.112541967059394	0.104979632611002	0.0684150047739383	0.13656701652175	0.177340278497354	0.15740822799698	0.151582483968486	0.159803669882576	0.159587783387442	0.0791509384661579	0.116634723632813	0.14619244170779	0.135522685666991	0.0941843652716791	0.151513540109988	0.163675435700257	0.0928218212927071	0.172986489252852	0.119587136659399	0.143461253058477	0.12985826803892	0.0872636534460126	0.140186564280952	0.140842113970105	0.126295144441834	0.138566882943868	0.142395812545956	0.11246640533492	0.115117793951871	0.068743969683414	0.0761081864120695	0.109857292527207	0.120343506070649	0.153057048979863	0.104551655950737	0.0714126386974125	0.119538608513489	0.0660631628679282
700114221	0.181958109516482	0.133035147412843	0.111650229935712	0.189389501459204	0.158155386618605	0.0972727110759017	0.183307016325035	0	0.184938107828596	0.0889237985197815	0.126110300261387	0.115735953805359	0.093222182339201	0.143413730396388	0.091015255055132	0.153831115121005	0.0792554410728548	0.135736177125309	0.167692403675763	0.164428833445531	0.164479093956901	0.130035119697668	0.166833724974365	0.174745525635276	0.17436965313996	0.192400834291098	0.149362115289303	0.148328739193471	0.117175149226187	0.11545272291259	0.110977552661408	0.146362030036316	0.127294975495563	0.114219171594977	0.186996114563452	0.132969571109145	0.157570780400872	0.0980782685826949	0.179284740926475	0.0984238446130459	0.151544229097222	0.0861371598937663	0.148538553869156	0.152698104330544	0.0907611838232479	0.131261096279029	0.138175713848998	0.086202056283995	0.136046743497207	0.116881363265285	0.137440180278184	0.193721112049228	0.174759659876132	0.137761771339141	0.207601499685792	0.0932777711491931	0.141962562932524	0.194776974618889	0.128555733019796	0.171743194847226
700023543	0.0903797103760314	0.155833220760367	0.153702866133204	0.136434001201133	0.120991256660343	0.167966957648977	0.0816105252835959	0.184938107828596	0	0.155011235575304	0.118099520092088	0.155507781682667	0.165064046045989	0.146354788779297	0.158489140140467	0.100498945527508	0.176166441357587	0.165099056862679	0.0953939291834007	0.111515880484122	0.100272718764803	0.124191370802558	0.116924240164031	0.0961398431702541	0.107497801340646	0.117481623758307	0.154234784508654	0.138784549408592	0.159477465028515	0.160153839118954	0.159291909233891	0.0996197556826501	0.1217078505969	0.153055031038361	0.123771005568678	0.120907876682458	0.13237924491476	0.172285179886839	0.0776055623286087	0.180421252542654	0.115692274249086	0.15405601686093	0.130061169304546	0.0903671291190473	0.152025664325657	0.136746139953606	0.112111245672925	0.153804105393515	0.149463694604248	0.128245945627702	0.12028125090936	0.0947359275007967	0.104239290286672	0.114497670992144	0.107048617593911	0.158540258719014	0.125206168888909	0.0902685515083184	0.131841567645344	0.0978022000164318
700023439	0.16022241383705	0.131355287433266	0.0893161962868718	0.172521519495246	0.143801166131206	0.0782965415739937	0.16375328005993	0.0889237985197815	0.155011235575304	0	0.110038033445824	0.106787020818876	0.0923143218500519	0.120608873510333	0.0966194501085186	0.135022964995594	0.0875753975350192	0.105917286208047	0.14909387851399	0.152421494736313	0.13532093733454	0.120439694302668	0.134959430094287	0.145861358265256	0.150962149043248	0.167255217382725	0.138422269719171	0.148322924403798	0.112283741093803	0.0936955838654877	0.0886664480641743	0.126234411322195	0.107766626211967	0.0910857535366486	0.160421383551911	0.119385894482646	0.132419008502459	0.0797550721478728	0.157700500857486	0.0986931181083909	0.125899890795045	0.087848695734065	0.128925672834981	0.132691935943035	0.0996303777499611	0.107005037140778	0.124758612603498	0.087243438985963	0.101879767252972	0.104549205676438	0.110028913306056	0.175649904196719	0.156621087946052	0.113057788322223	0.172958464420942	0.0893962614194315	0.128088442639547	0.168886927133276	0.100144249827343	0.148312856766429
700016978	0.117547356753407	0.119844266120638	0.0978161730106869	0.137793146481673	0.127646545359198	0.112558290815909	0.115164936421236	0.126110300261387	0.118099520092088	0.110038033445824	0	0.0959726390796165	0.103829830739269	0.123489892072468	0.121966449975437	0.0974193675197524	0.123079868253358	0.124410020096881	0.107808626302311	0.111516877753048	0.107463376610613	0.0776393082951425	0.123252548192165	0.118283516262096	0.102896874236198	0.146523280505231	0.129529287843582	0.112067907219252	0.122142403132838	0.113626511120224	0.102864549863477	0.0892746173088381	0.0869427818240482	0.0901717817382629	0.145322185850529	0.0912214978023609	0.121976898938626	0.126947787524004	0.111206713700489	0.12964680388654	0.103749436782727	0.0942231896090627	0.116514023806735	0.0901161765854951	0.0986827231489995	0.119803623514881	0.115674016568536	0.0964341018935665	0.108138727192541	0.090762652891326	0.0886794326118886	0.136011783620698	0.117163661790553	0.0899232673290971	0.148231110959835	0.0974266265047236	0.107639691476433	0.132104521667124	0.0969850028601725	0.118846850637661
700024192	0.158192736023424	0.14768286440055	0.0562256562610664	0.146385294637924	0.156752630263084	0.0972246125406239	0.133900587260064	0.115735953805359	0.155507781682667	0.106787020818876	0.0959726390796165	0	0.0913197973411308	0.139374527369825	0.0868013798570096	0.11344775817353	0.12308283294942	0.125443106484456	0.13677567368572	0.140070929258361	0.133600069698363	0.0910156039441227	0.132952877937797	0.159906704790367	0.124728955859434	0.16521299995471	0.14829020027014	0.144252875353344	0.124256660348129	0.115085214165849	0.109953243536212	0.0926764985861199	0.101280206285105	0.0996432202461799	0.170496494805124	0.115248007812183	0.147705398078844	0.0929139546717629	0.158380221770064	0.110745789881192	0.135747555967175	0.0751498400511923	0.136987683857525	0.107887852677528	0.0935372153831155	0.127145951561815	0.139240240766185	0.0840755165400106	0.130978893339832	0.0657628001415456	0.0792512677065844	0.157717679776646	0.145774388747288	0.130653710234141	0.188928471883703	0.0905128236147712	0.116066273267258	0.156255713584122	0.0845605771671263	0.128842764476803
700113058	0.161862484222646	0.128569222999148	0.104574114500282	0.170155565358478	0.153326530183132	0.105722382712042	0.160060525958297	0.093222182339201	0.165064046045989	0.0923143218500519	0.103829830739269	0.0913197973411308	0	0.135214734783762	0.0925058242972504	0.128264292734484	0.103836809384861	0.139630033268213	0.14808582314682	0.145601596425431	0.149444865950883	0.115105650964315	0.154206452171937	0.168490326546167	0.152536044073497	0.173499285363454	0.148082720276177	0.124783257081593	0.11481293766336	0.0971796376860289	0.105169049736887	0.124037206769335	0.101332736281918	0.0979112306547177	0.177785977308308	0.129286687337025	0.148456983400776	0.111600548703141	0.161535992642782	0.103384473168487	0.136076003146109	0.076422416954847	0.148619457399963	0.129731522894494	0.0941587392327666	0.121628768389141	0.144400441857028	0.0860299294856463	0.122454942380513	0.0997714832340144	0.119375732825505	0.177235418489561	0.158873488804496	0.138981077466835	0.194887574471707	0.0690501277350523	0.126211602535606	0.176659669191734	0.110073879094932	0.146918867923697
700099448	0.151696829867056	0.127976251011013	0.124565910297593	0.155029823270558	0.128458195064775	0.101103209751929	0.147619271268154	0.143413730396388	0.146354788779297	0.120608873510333	0.123489892072468	0.139374527369825	0.135214734783762	0	0.121278115677298	0.139159282654069	0.126308380367675	0.115182521355374	0.131545370869429	0.130658075168364	0.129408821579239	0.134569431438502	0.11355455211902	0.12730046895195	0.139341363677952	0.135579324550669	0.132148428005671	0.148039580708471	0.113788245806925	0.0927349880902448	0.104433842821792	0.13571313477806	0.114407746211753	0.107635391422553	0.134584438091411	0.118814398100917	0.122456818786423	0.111075453637411	0.146762491578854	0.146352460961404	0.137361955634272	0.126041527537415	0.114940754609844	0.135704084266116	0.118127322594128	0.114682710040773	0.124836445445224	0.131193581764669	0.0831055619787265	0.122484123059362	0.113521388495002	0.14158866873011	0.144649646283585	0.12030607850437	0.146358008503898	0.133881008239213	0.116617406898621	0.1375006147974	0.101251541369955	0.142910446591264
700109870	0.160766766412114	0.133927856781406	0.0832123922396342	0.15252383148262	0.145790970694052	0.0932640239623417	0.146982878673142	0.091015255055132	0.158489140140467	0.0966194501085186	0.121966449975437	0.0868013798570096	0.0925058242972504	0.121278115677298	0	0.136403850152909	0.0973749870006385	0.135903672597159	0.150924333233869	0.138444305155522	0.132432611786775	0.117259541574804	0.135285971612995	0.160687994451118	0.134684995464093	0.169461324612698	0.144651410483741	0.145307037370116	0.106459715080476	0.0897764578447897	0.115652496773609	0.115999452516175	0.114734190540186	0.108569680700862	0.171257386884639	0.127263278706865	0.151308870391975	0.0754246654957245	0.161151414617009	0.0956597589213292	0.146036253582787	0.0701383039041293	0.147045319469314	0.127845770742574	0.0960232510550867	0.118277795429101	0.132766959168087	0.0803954582779514	0.115405202772666	0.0841496404770799	0.113279812530549	0.156188863237703	0.144626594931935	0.130576707960105	0.184696759140396	0.0882573670186219	0.109178927467715	0.158248512027487	0.0908233754590814	0.133861348689702
700033928	0.106992247462702	0.149132886123991	0.116505684853851	0.134462770359261	0.133178241559212	0.133990967134045	0.114129336346628	0.153831115121005	0.100498945527508	0.135022964995594	0.0974193675197524	0.11344775817353	0.128264292734484	0.139159282654069	0.136403850152909	0	0.158513104375525	0.135584593234975	0.0956343645079839	0.117471875688988	0.106067887310006	0.0962674962728391	0.128654357071456	0.100474019807913	0.109384708576401	0.122905945134564	0.141772437137249	0.112672700214936	0.138478986218236	0.13730303742985	0.127963522987934	0.100219308543041	0.100611015517958	0.120282403979072	0.133276786667942	0.124385947934777	0.12490639954282	0.144923559196394	0.107105899490599	0.149637172532853	0.0944074499274446	0.117894548822885	0.128371477838096	0.100437028559125	0.119584600445587	0.122818549988762	0.109272046853292	0.124220793711731	0.133422962848198	0.104019475582031	0.0868521951923062	0.132312346415363	0.114920253756028	0.113817575304366	0.130610547453878	0.123229759906899	0.112561237102418	0.112431136476372	0.108698088196044	0.113940823031964
700023693	0.181636940842807	0.117853696190988	0.113705346466305	0.179331234218239	0.147040731996345	0.0981217956741554	0.176978845259906	0.0792554410728548	0.176166441357587	0.0875753975350192	0.123079868253358	0.12308283294942	0.103836809384861	0.126308380367675	0.0973749870006385	0.158513104375525	0	0.130720820370675	0.167435231392301	0.160634830489769	0.151041838905911	0.121915357703135	0.154310624238757	0.173801037785199	0.167394285532832	0.180039564449261	0.146317766555105	0.1517751137581	0.107692627283225	0.0982685391644196	0.101200918430938	0.142691380541438	0.111629274609989	0.0996001940727627	0.17332103692651	0.128078712966648	0.145171747601216	0.106694960776793	0.170989576397871	0.104128556905969	0.151712895539458	0.093449902626147	0.135610797103983	0.145535351105494	0.0980243697960968	0.117021982421485	0.134357185495753	0.099809459674393	0.110240510503704	0.118346243065521	0.133009825983394	0.187892351536171	0.16311319341726	0.130702789260256	0.19207723205199	0.0961966965279183	0.132327252391045	0.18603028939664	0.125394853000832	0.165044501939265
700109627	0.164917691906498	0.151153246848727	0.105151866148971	0.183536841810982	0.14741755264047	0.0739757986580323	0.1733401165066	0.135736177125309	0.165099056862679	0.105917286208047	0.124410020096881	0.125443106484456	0.139630033268213	0.115182521355374	0.135903672597159	0.135584593234975	0.130720820370675	0	0.151671235333871	0.163961746873689	0.152585355884967	0.128657574223444	0.156736586608768	0.141955393824777	0.156332266132697	0.169578506210487	0.133630507902747	0.15863240528858	0.148583319587465	0.116826668248773	0.0929160370434104	0.137500950575755	0.134141156185691	0.114712329747999	0.169463095979616	0.145777172328313	0.129257041561653	0.1011884350771	0.171581193618736	0.151651119787605	0.152310935379298	0.126385576510838	0.120938843153905	0.138299193744291	0.136038968307597	0.138748104035901	0.141041605750341	0.136214292947015	0.101041650178192	0.126110603947878	0.116156342940375	0.180422916355122	0.165248639678821	0.127182987138252	0.170828898028105	0.131903470341825	0.152955526880181	0.17711720721061	0.131029955802111	0.165472863675122
700095416	0.0877661983515008	0.154348302573981	0.141514538131635	0.134713546692069	0.129634346924279	0.15079340963441	0.0991469029612653	0.167692403675763	0.0953939291834007	0.14909387851399	0.107808626302311	0.13677567368572	0.14808582314682	0.131545370869429	0.150924333233869	0.0956343645079839	0.167435231392301	0.151671235333871	0	0.113793409167168	0.0915308499674547	0.109291831229498	0.119845055355067	0.0941900213382295	0.105308534425237	0.12567790412321	0.140216009066432	0.144266254280282	0.141919490781808	0.152898488729785	0.144000800646934	0.104535477397328	0.0959015162684932	0.141282933911961	0.132933086671059	0.119169300686461	0.110994299190878	0.157718644182449	0.0960591058827143	0.168738343222969	0.100136582638234	0.140824012623713	0.118871240340808	0.106825458549187	0.135640185173972	0.11709064557689	0.12213099747144	0.141231544094195	0.133218346187376	0.121803455718238	0.105018231973186	0.115578274442535	0.110481679640685	0.101374248614184	0.116497828050332	0.145591268191326	0.113874389658972	0.106846793696214	0.117683664809132	0.11064686074407
700110425	0.0934695713822848	0.142375931694498	0.142264031598663	0.096929241548529	0.126920822851606	0.156457812118583	0.0839122494849142	0.164428833445531	0.111515880484122	0.152421494736313	0.111516877753048	0.140070929258361	0.145601596425431	0.130658075168364	0.138444305155522	0.117471875688988	0.160634830489769	0.163961746873689	0.113793409167168	0	0.0824136955302	0.109086878518375	0.100421233274806	0.104381488705469	0.072160645607637	0.131889971667775	0.154556297995433	0.129748694967526	0.136160661754084	0.132329442498872	0.155016108900957	0.109202688003083	0.108044570319924	0.136961948601651	0.12882155091922	0.101108751472346	0.143547114742837	0.163627633763639	0.108114095223844	0.161540649843524	0.113720720675727	0.129093643821608	0.13498398734521	0.0923033533154029	0.128969971588397	0.130414926303391	0.126182336115343	0.134572631234365	0.122589104342448	0.11377510273951	0.114498807124693	0.0798607087626437	0.056741925108951	0.117844978968591	0.121647978637163	0.137755561257471	0.0822377131300349	0.0816590918000896	0.113107870450215	0.0864341092721296
700111580	0.0918017989848055	0.140842611105858	0.135376170346131	0.109433449675747	0.130491507627535	0.145035277814427	0.0843925123546461	0.164479093956901	0.100272718764803	0.13532093733454	0.107463376610613	0.133600069698363	0.149444865950883	0.129408821579239	0.132432611786775	0.106067887310006	0.151041838905911	0.152585355884967	0.0915308499674547	0.0824136955302	0	0.0979578381061769	0.0997447847717141	0.0983914677342546	0.0686561663133332	0.141860866313328	0.157053659486117	0.14740909440326	0.123980622561856	0.144803663239006	0.143732985283986	0.0964717076525037	0.0977881244477905	0.133094313196687	0.138530411111946	0.101161744334395	0.144354603575881	0.149473628796862	0.110433447624227	0.150782245957693	0.105335685540426	0.123389433948245	0.130630101834322	0.0951823396968638	0.119853230774331	0.109664031385012	0.117280005293281	0.120698901196098	0.12008446459895	0.104606040906565	0.107654286447391	0.096511442800532	0.0898879956398182	0.0937107643877972	0.118370001066888	0.133115889749813	0.0756694995589356	0.0781849963513476	0.0944381402124314	0.083439148963632
700111302	0.118505718325955	0.125729020728641	0.0892345281204273	0.145355166362141	0.140408564770601	0.112019459699286	0.108450958727482	0.130035119697668	0.124191370802558	0.120439694302668	0.0776393082951425	0.0910156039441227	0.115105650964315	0.134569431438502	0.117259541574804	0.0962674962728391	0.121915357703135	0.128657574223444	0.109291831229498	0.109086878518375	0.0979578381061769	0	0.137424689469317	0.123389582532013	0.0944159278315587	0.158634853677085	0.140513448817858	0.140270107910326	0.134279235756195	0.12366739620063	0.11143937770398	0.0704234319604944	0.0782471842113395	0.0992181476007264	0.155649869438948	0.0953469167684398	0.130649363240671	0.131933213790933	0.131723057589208	0.128656026145349	0.129348726458651	0.0882496276011242	0.123404249892602	0.0944954340162006	0.101906219550019	0.13340441396212	0.120811085913009	0.0895038484180574	0.108326726145822	0.0664803499399259	0.0835514846993582	0.138547095289329	0.120537007846424	0.0917236272934003	0.159369469279022	0.104571531524744	0.101821164906831	0.131214707693913	0.0892397519814942	0.117181678557884
700098605	0.112321373037956	0.126903740338998	0.128545915084087	0.103857830569784	0.133128917699349	0.150577017487346	0.112541967059394	0.166833724974365	0.116924240164031	0.134959430094287	0.123252548192165	0.132952877937797	0.154206452171937	0.11355455211902	0.135285971612995	0.128654357071456	0.154310624238757	0.156736586608768	0.119845055355067	0.100421233274806	0.0997447847717141	0.137424689469317	0	0.108132029008769	0.116014331479461	0.127767493800634	0.137290650216231	0.141216632472362	0.127718942235428	0.133942605551942	0.149451495844675	0.118326001194892	0.120181164022227	0.133459926887754	0.116379735479415	0.103395879316505	0.135643574854535	0.138306762215803	0.121683810307942	0.147365641822154	0.115151532269749	0.14303529214174	0.140836644572868	0.102544004633247	0.141380663872239	0.112126493104513	0.122645893315346	0.134843951022272	0.128196070078966	0.117140088358058	0.10495070635101	0.102360775726919	0.108058243113471	0.122010913168146	0.110447284166831	0.13996553280393	0.116007040813916	0.103501973195214	0.100526811488394	0.0844593443708743
700111991	0.0759207297739841	0.158879899126434	0.146064617390909	0.119892707254448	0.132045321004151	0.156702373179804	0.104979632611002	0.174745525635276	0.0961398431702541	0.145861358265256	0.118283516262096	0.159906704790367	0.168490326546167	0.12730046895195	0.160687994451118	0.100474019807913	0.173801037785199	0.141955393824777	0.0941900213382295	0.104381488705469	0.0983914677342546	0.123389582532013	0.108132029008769	0	0.105997138474736	0.113060454402391	0.141445192855308	0.136710654309383	0.144954308912486	0.15998218425804	0.15295809351854	0.125714657799124	0.11893869771033	0.147564295234031	0.118510140110195	0.113764008549982	0.124974178359771	0.157943767350396	0.107342663519322	0.179213302028571	0.102624940550087	0.153044182929667	0.132073146002849	0.112546001088208	0.14652649861886	0.122080492954115	0.119988283610175	0.153780545967843	0.138199722057516	0.136361386698915	0.114890680933779	0.107296481155449	0.105635538417274	0.104831448844461	0.0873254857662984	0.157771321451457	0.122857933875897	0.0962548797658465	0.12637694125652	0.113147587686498
700108960	0.0936154047181754	0.155604046935218	0.124764993996989	0.0968907573349183	0.140134443896671	0.145648504975518	0.0684150047739383	0.17436965313996	0.107497801340646	0.150962149043248	0.102896874236198	0.124728955859434	0.152536044073497	0.139341363677952	0.134684995464093	0.109384708576401	0.167394285532832	0.156332266132697	0.105308534425237	0.072160645607637	0.0686561663133332	0.0944159278315587	0.116014331479461	0.105997138474736	0	0.145455117146369	0.17681993844961	0.149824198999425	0.137645574618676	0.14329575426526	0.149005314492479	0.0830577060262246	0.10902890964145	0.135717523835383	0.145391602924102	0.0970286864323259	0.150688329739327	0.153141565617877	0.114892167514446	0.165101999084914	0.123966418297636	0.125317823614346	0.139906539097448	0.0872404417932438	0.134154885913563	0.138017262475986	0.133405745613466	0.131656144958474	0.124136928400377	0.0946506230161704	0.0993209565951099	0.0849648216742353	0.0686567821318284	0.105647616712179	0.117508387442163	0.142096113214878	0.0817470555187103	0.0734560256762779	0.0954857189642728	0.0773826277661377
700024452	0.119669916348234	0.158501735126351	0.160632083171243	0.115539534332619	0.11698219740368	0.174349159022485	0.13656701652175	0.192400834291098	0.117481623758307	0.167255217382725	0.146523280505231	0.16521299995471	0.173499285363454	0.135579324550669	0.169461324612698	0.122905945134564	0.180039564449261	0.169578506210487	0.12567790412321	0.131889971667775	0.141860866313328	0.158634853677085	0.127767493800634	0.113060454402391	0.145455117146369	0	0.145126912574938	0.122395041073883	0.125820689728022	0.15639468925965	0.177033263959106	0.151014901492657	0.136864976552729	0.155260504199598	0.0803465054427094	0.142793888737256	0.146456252759607	0.169409080627215	0.1104998586354	0.172571045987607	0.120483077328676	0.170850013038287	0.14919902916837	0.129715503306434	0.159143587816131	0.121339943705882	0.123378254881093	0.172145688771108	0.151529166766613	0.156059847794369	0.131317547975282	0.11260712674972	0.118816716486055	0.148990111147765	0.107245225647549	0.160400941089327	0.136143780192583	0.132702874894357	0.13711196587065	0.149843047682486
700032931	0.15279451524752	0.117129278713094	0.139294115982519	0.176241057967111	0.146385834737207	0.142721245557746	0.177340278497354	0.149362115289303	0.154234784508654	0.138422269719171	0.129529287843582	0.14829020027014	0.148082720276177	0.132148428005671	0.144651410483741	0.141772437137249	0.146317766555105	0.133630507902747	0.140216009066432	0.154556297995433	0.157053659486117	0.140513448817858	0.137290650216231	0.141445192855308	0.17681993844961	0.145126912574938	0	0.138053618343251	0.143424118118988	0.136621143953372	0.140103719590319	0.153081619199667	0.128795655424575	0.130655827258996	0.150806867944483	0.142157591986751	0.127102021748127	0.135165092812577	0.149224875129304	0.152505776212972	0.133465188573074	0.141721801108141	0.147425072355414	0.137654289594293	0.139065665871776	0.127802288088488	0.127356690798248	0.1382555074945	0.127463105359	0.138612621887982	0.127728519128915	0.174770666779955	0.158832759297326	0.129709692790758	0.149168216984528	0.134738937825928	0.155539994857838	0.178049993357278	0.134796071794518	0.166110171888032
700095837	0.136903197318949	0.128288740110936	0.152334643155334	0.14871071332196	0.132864197499392	0.161869018343233	0.15740822799698	0.148328739193471	0.138784549408592	0.148322924403798	0.112067907219252	0.144252875353344	0.124783257081593	0.148039580708471	0.145307037370116	0.112672700214936	0.1517751137581	0.15863240528858	0.144266254280282	0.129748694967526	0.14740909440326	0.140270107910326	0.141216632472362	0.136710654309383	0.149824198999425	0.122395041073883	0.138053618343251	0	0.115968195236861	0.130844105946051	0.157689948195458	0.144802500364792	0.122639612666155	0.133950368554571	0.139019134773983	0.141964796330927	0.141917264201259	0.162826559045938	0.136150845515747	0.143219536773087	0.119354162938735	0.134470916004209	0.15258173291024	0.126424914447456	0.11977007602776	0.128374224381486	0.129843165269955	0.139399161024992	0.151599097705597	0.138639841180582	0.131910997836848	0.151512856975566	0.133306280072302	0.149526050838364	0.148827204018305	0.123271625264639	0.137755724007109	0.153541465944384	0.132678634764287	0.150430541577307
700024548	0.146257672256662	0.11002114855238	0.125391380528784	0.13649114741035	0.127096579077709	0.118847430049681	0.151582483968486	0.117175149226187	0.159477465028515	0.112283741093803	0.122142403132838	0.124256660348129	0.11481293766336	0.113788245806925	0.106459715080476	0.138478986218236	0.107692627283225	0.148583319587465	0.141919490781808	0.136160661754084	0.123980622561856	0.134279235756195	0.127718942235428	0.144954308912486	0.137645574618676	0.125820689728022	0.143424118118988	0.115968195236861	0	0.110530713934103	0.123463444116968	0.143855071745921	0.104931791159209	0.103009276771422	0.124069481629457	0.106790453320837	0.135862036302942	0.117798493518499	0.148512914656159	0.107658922685366	0.119858695768857	0.101867513823206	0.143426523760234	0.138982352225248	0.0822826851970372	0.0808773451151659	0.117258065139103	0.109886032324074	0.113993873782433	0.125589064008561	0.116861928743452	0.150403839506246	0.132163084914846	0.124034772320456	0.155634455557871	0.106711781802405	0.105284699889449	0.151901872105499	0.102955349792997	0.15196444504052
700110161	0.164869996185006	0.11743937324169	0.10109655025782	0.161378616270154	0.136908453048758	0.0893709160836749	0.159803669882576	0.11545272291259	0.160153839118954	0.0936955838654877	0.113626511120224	0.115085214165849	0.0971796376860289	0.0927349880902448	0.0897764578447897	0.13730303742985	0.0982685391644196	0.116826668248773	0.152898488729785	0.132329442498872	0.144803663239006	0.12366739620063	0.133942605551942	0.15998218425804	0.14329575426526	0.15639468925965	0.136621143953372	0.130844105946051	0.110530713934103	0	0.100715694270247	0.126583129039443	0.114061624848612	0.0913163825882397	0.161558543077599	0.128759073002315	0.13231758376995	0.0989395633056398	0.154437548085272	0.112563897224677	0.147675243456753	0.0918936715728102	0.130433086943068	0.127958600946233	0.106751149338119	0.121347214762591	0.142909256703149	0.106427809506842	0.085865859568711	0.106635073726409	0.114705964580639	0.163017687545291	0.148312459567303	0.126209785270903	0.175384693898858	0.0961034792972249	0.113723083073332	0.161274996548609	0.104268722288519	0.145023878028651
700023496	0.160271833563741	0.126154074285604	0.0992185672578814	0.178037238460987	0.143373246263535	0.0677952302727048	0.159587783387442	0.110977552661408	0.159291909233891	0.0886664480641743	0.102864549863477	0.109953243536212	0.105169049736887	0.104433842821792	0.115652496773609	0.127963522987934	0.101200918430938	0.0929160370434104	0.144000800646934	0.155016108900957	0.143732985283986	0.11143937770398	0.149451495844675	0.15295809351854	0.149005314492479	0.177033263959106	0.140103719590319	0.157689948195458	0.123463444116968	0.100715694270247	0	0.124490253016296	0.109790091106569	0.0899813937949534	0.166557184874167	0.123533745422877	0.122368326898612	0.0983199331430836	0.161515438574403	0.123311420671364	0.129642892404676	0.0983657491603403	0.107242553536408	0.136569052940808	0.0992644641543227	0.115148960937397	0.129966806258615	0.106426264250137	0.0919514236721319	0.104497457229504	0.111832751365149	0.178883066127849	0.16310196449833	0.10576872676204	0.183926094159772	0.102183868673436	0.134723194381957	0.174787123411693	0.120929049674816	0.153494731914772
700034628	0.118863457660916	0.136956870626315	0.10090263703881	0.138195582876301	0.142365272069014	0.126608650205893	0.0791509384661579	0.146362030036316	0.0996197556826501	0.126234411322195	0.0892746173088381	0.0926764985861199	0.124037206769335	0.13571313477806	0.115999452516175	0.100219308543041	0.142691380541438	0.137500950575755	0.104535477397328	0.109202688003083	0.0964717076525037	0.0704234319604944	0.118326001194892	0.125714657799124	0.0830577060262246	0.151014901492657	0.153081619199667	0.144802500364792	0.143855071745921	0.126583129039443	0.124490253016296	0	0.0918201113759466	0.107529280724333	0.148484476297689	0.0870889963680215	0.137085906327011	0.128921731390953	0.121341071565251	0.142140673265344	0.130744361656978	0.0985137026892015	0.127360482921593	0.0674678640680433	0.119424174197257	0.136423953287788	0.125908546387427	0.102671409957744	0.125916283359954	0.0661762078737573	0.0893400479017603	0.115460466083746	0.111213534362916	0.102963943403957	0.154013708991368	0.113154228576714	0.108934856050869	0.104165480202209	0.0882741539107915	0.0828935458373763
700023645	0.118258724386181	0.11019184036466	0.111086337292438	0.13871757689326	0.125171918783036	0.111723589108495	0.116634723632813	0.127294975495563	0.1217078505969	0.107766626211967	0.0869427818240482	0.101280206285105	0.101332736281918	0.114407746211753	0.114734190540186	0.100611015517958	0.111629274609989	0.134141156185691	0.0959015162684932	0.108044570319924	0.0977881244477905	0.0782471842113395	0.120181164022227	0.11893869771033	0.10902890964145	0.136864976552729	0.128795655424575	0.122639612666155	0.104931791159209	0.114061624848612	0.109790091106569	0.0918201113759466	0	0.0868305822967331	0.133683459768678	0.0848047065390903	0.122267616199533	0.128295293146922	0.121306880524912	0.115933880146879	0.107423319513216	0.0875454760326063	0.108656474264085	0.0994208017966186	0.0901288243842147	0.0998950889192628	0.106869409806712	0.0912330401665439	0.107906088179646	0.090095721037516	0.0852058457738347	0.13047596316657	0.117318097743935	0.0989209362032405	0.147113584180135	0.0974050467664304	0.0947574947953607	0.11895421986864	0.086428452810281	0.120254132308549
700038744	0.154354815045789	0.118069272495824	0.0967581996430175	0.15416844221135	0.134876789602312	0.0810902335496651	0.14619244170779	0.114219171594977	0.153055031038361	0.0910857535366486	0.0901717817382629	0.0996432202461799	0.0979112306547177	0.107635391422553	0.108569680700862	0.120282403979072	0.0996001940727627	0.114712329747999	0.141282933911961	0.136961948601651	0.133094313196687	0.0992181476007264	0.133459926887754	0.147564295234031	0.135717523835383	0.155260504199598	0.130655827258996	0.133950368554571	0.103009276771422	0.0913163825882397	0.0899813937949534	0.107529280724333	0.0868305822967331	0	0.150453410485553	0.103516038698287	0.120884146279822	0.0948050756796251	0.154208881022806	0.112317903079438	0.126911933915742	0.084720735381749	0.11881242070309	0.115983578825539	0.0936652003471407	0.112143526783924	0.125973360862993	0.0820937667164083	0.0911273490810898	0.0894403294778055	0.0955742137786332	0.164314247080026	0.145817087669239	0.103710132175206	0.175591058196783	0.0858543526337688	0.122110069853519	0.157438598174406	0.0972851759043193	0.140365414745809
700038485	0.130457018723322	0.151302679384826	0.161597309281781	0.123432657365283	0.109685589557702	0.171113913110048	0.135522685666991	0.186996114563452	0.123771005568678	0.160421383551911	0.145322185850529	0.170496494805124	0.177785977308308	0.134584438091411	0.171257386884639	0.133276786667942	0.17332103692651	0.169463095979616	0.132933086671059	0.12882155091922	0.138530411111946	0.155649869438948	0.116379735479415	0.118510140110195	0.145391602924102	0.0803465054427094	0.150806867944483	0.139019134773983	0.124069481629457	0.161558543077599	0.166557184874167	0.148484476297689	0.133683459768678	0.150453410485553	0	0.126078079269162	0.1395100990971	0.169682428375805	0.119028507553567	0.174846528301878	0.128664289036359	0.164750124535448	0.142110124277587	0.12879699628948	0.15228653857116	0.116198244897198	0.115397400512763	0.167646635916875	0.147590268284191	0.153761644552768	0.130200194450299	0.109394649247758	0.120370110312642	0.137508392836001	0.11183799103853	0.163333377451131	0.13851220440618	0.121871037265522	0.133710181346778	0.141516673203565
700024743	0.121859459863285	0.12463861997925	0.11262671270171	0.126037146669617	0.135111549883985	0.126880132134937	0.0941843652716791	0.132969571109145	0.120907876682458	0.119385894482646	0.0912214978023609	0.115248007812183	0.129286687337025	0.118814398100917	0.127263278706865	0.124385947934777	0.128078712966648	0.145777172328313	0.119169300686461	0.101108751472346	0.101161744334395	0.0953469167684398	0.103395879316505	0.113764008549982	0.0970286864323259	0.142793888737256	0.142157591986751	0.141964796330927	0.106790453320837	0.128759073002315	0.123533745422877	0.0870889963680215	0.0848047065390903	0.103516038698287	0.126078079269162	0	0.135192644277713	0.127670657167695	0.123456804222658	0.136195787204279	0.117173820897969	0.112316810401998	0.122541267388113	0.0888295320359249	0.0938109140269805	0.11062507255264	0.116108188679943	0.101532135493383	0.115995486175816	0.101223365400084	0.0928227493172612	0.112952018634959	0.109046641947449	0.0993176254559713	0.136722487636383	0.124107155347507	0.101631802946804	0.102451841887918	0.090649395100253	0.102833233035111
