700108602	700014971	700033565	700109389	700023058	700023927	700106341	700114221	700023543	700023439	700016978	700024192	700113058	700099448	700109870	700033928	700023693	700109627	700095416	700110425	700111580	700111302	700098605	700111991	700108960	700024452	700032931	700095837	700024548	700110161	700023496	700034628	700023645	700038744	700038485	700024743	700099596	700110760	700101587	700106399	700032322	700095653	700021312	700101230	700023590	700038905	700033136	700023382	700096424	700105469	700016908	700096053	700108479	700109569	700033814	700016125	700109756	700102665	700101777	700109455
700108602	0	0.154263572122539	0.152612135387336	0.101690411523972	0.133113917984729	0.165060761526944	0.0767578629095123	0.181634888605396	0.0886625170902891	0.164349957114721	0.112266263581439	0.151270824614582	0.168365401702834	0.143633520922848	0.159740286060317	0.109266307521151	0.168405509034631	0.16416501539697	0.0898889363525745	0.091000323561829	0.0887775760207773	0.109288048170974	0.102179744737731	0.0799482699630952	0.0932546586526367	0.10902850568195	0.159471093958817	0.129920206464509	0.133720680023617	0.158540209191128	0.162237843829996	0.124458314204144	0.115482724196965	0.160696709630115	0.122574931533433	0.121804699460986	0.136675407182008	0.171488159220125	0.0961686766582279	0.179826786769937	0.112237262593172	0.147968151082812	0.130130265654919	0.125393291701721	0.142354719961489	0.129491431464921	0.11544833806806	0.149496623758823	0.148097693049144	0.141711640792255	0.112854585201799	0.0853679011047346	0.0914950939330837	0.103382487188515	0.0999750685421466	0.171100615666317	0.105320096797679	0.0816143275797074	0.131469228110625	0.105103711833496
700014971	0.154263572122539	0	0.146361875759274	0.161478894070499	0.143769996415346	0.148891040661087	0.157391006811369	0.146053695638037	0.146603338797985	0.141136751126031	0.135571622311755	0.165076224211367	0.146573830344644	0.125107120388435	0.152235576720421	0.146610205974437	0.135479856503861	0.154933929649408	0.155630305388031	0.151794308402767	0.142975517845437	0.140463256710602	0.121914973109337	0.150321083986385	0.166412811589765	0.149346904960652	0.123886523788559	0.13092468551839	0.122409226678004	0.13531337712527	0.129917560714316	0.158880835583593	0.121901237935092	0.139013079424331	0.13089729018156	0.134922934163425	0.14936188099399	0.159015647123936	0.139178829111416	0.15241092449532	0.145418661756593	0.141256931898284	0.132846819926356	0.136195735190555	0.124646239840286	0.121964369355344	0.121196712914172	0.137490183365473	0.132814916904527	0.148838028863308	0.133577884194948	0.15140637285507	0.151574990666992	0.13734046205141	0.168646282113874	0.130029438801849	0.142334208613323	0.152927156590448	0.141289634325808	0.150385160961218
700033565	0.152612135387336	0.146361875759274	0	0.14229790527862	0.150346216122622	0.0663098624113819	0.137390380248015	0.107297232954502	0.14567441133807	0.0922682406103223	0.0945782318764716	0.0611862926814641	0.112007394981586	0.124158140358687	0.0828216367262842	0.109907510053743	0.100536883938438	0.0870569920090334	0.141888404969601	0.140073738723452	0.136006178112936	0.0953246859195675	0.1219525434971	0.144065400994165	0.132429466079721	0.156817077655942	0.128376301084568	0.142422696929689	0.114405640660383	0.10334727211594	0.104512749100766	0.104065166919869	0.104507838950366	0.0804662611934261	0.154661732349473	0.103252106873209	0.124178851716732	0.0753290354150702	0.140788160962393	0.114788962239202	0.137598677931313	0.0749677086563185	0.130301712626064	0.118850274534822	0.108196011943931	0.113747023774205	0.13225223433062	0.0979382833890465	0.106872488329757	0.0645076138212645	0.0693532756695286	0.159612438781669	0.145473190923018	0.115643051572637	0.180404458514708	0.112544466245502	0.123683880275343	0.148687283245143	0.081434562832707	0.133548630991282
700109389	0.101690411523972	0.161478894070499	0.14229790527862	0	0.149152188091012	0.166295671124958	0.0928104907431762	0.184466202402479	0.135533470485626	0.173928482439485	0.139581904218577	0.148764421848886	0.177917134422785	0.153580713522202	0.149352987284192	0.132529811481734	0.174681233894967	0.180697260055886	0.142407316149103	0.0973480767009654	0.111739377378342	0.136534897727384	0.103638729725829	0.12616240217719	0.106698681741607	0.107822701280955	0.178556073232808	0.149823808217919	0.139578736707319	0.157125719084815	0.17786007788724	0.14537389768934	0.139868732191535	0.169355165437866	0.125798507137049	0.12246839105477	0.170422118133336	0.170679205523349	0.131239290319894	0.173275297176988	0.135308310980951	0.162251517583834	0.149882141773829	0.128240293232327	0.149930778461587	0.139158700513185	0.147941446292616	0.161111062987145	0.16209645491397	0.145125221673151	0.11618502942456	0.101176081146125	0.0729594701449686	0.145120422400788	0.122257484498019	0.176888164180565	0.108188402127429	0.0886722847718253	0.123152614549988	0.107754039171733
700023058	0.133113917984729	0.143769996415346	0.150346216122622	0.149152188091012	0	0.154755103150368	0.128292823276275	0.16360018436345	0.115219024481621	0.161118076496379	0.134832148084536	0.165029179562107	0.167350068814334	0.122148023801083	0.155118417881094	0.123758192256666	0.166406999937446	0.155353077738136	0.130316198277744	0.134758077573104	0.139336181551902	0.145418495439243	0.134063435865975	0.139645381786104	0.144648794807134	0.106787280476678	0.152162657778572	0.142340590961274	0.134520498781262	0.144643076267463	0.147545496401129	0.154625745871145	0.138236493302548	0.146530100838618	0.103326491718803	0.146355005523689	0.134338625695251	0.154907731838882	0.109503674305903	0.168548920827543	0.13459447004207	0.152300022496147	0.121564873482755	0.14849494962764	0.130108157585997	0.129654630212197	0.120072087736536	0.151097671732696	0.125832429109909	0.147373717911362	0.134738630652978	0.119858158181829	0.130658029718716	0.129978500736872	0.143815629757286	0.172217066249487	0.135042470426179	0.130560905662886	0.145339885844996	0.138119211137068
700023927	0.165060761526944	0.148891040661087	0.0663098624113819	0.166295671124958	0.154755103150368	0	0.150999687403747	0.11668349623091	0.158427280013109	0.0965307131941394	0.10437127444782	0.0914349574874955	0.113743679567192	0.110764174195916	0.081164050787251	0.121575712697667	0.104163734593517	0.0779413333273341	0.151342680178613	0.153512909179804	0.142014661261519	0.113517249475646	0.129695125687223	0.161452016330651	0.144738684336026	0.168545710804723	0.146295983198002	0.161701108131183	0.115420782017843	0.097058845046316	0.0930945094895946	0.121981208255104	0.120694581756889	0.0787411740908328	0.169772279030365	0.124952743153709	0.129575312235372	0.0566024023098131	0.15776832411396	0.123857008425817	0.150637526897875	0.0875614305214156	0.119124630472882	0.133018980595434	0.115795681437656	0.116379197809336	0.139807125329115	0.104019268068855	0.0835244987636935	0.0823571904448007	0.10083654477248	0.174026977744004	0.156821851924943	0.116780704632124	0.188710563544535	0.119885438919634	0.129092971192397	0.159685244517577	0.0954077425745816	0.146586931094473
700106341	0.0767578629095123	0.157391006811369	0.137390380248015	0.0928104907431762	0.128292823276275	0.150999687403747	0	0.176968202435554	0.0815141584607954	0.163009984405864	0.10726808113963	0.128512510496517	0.156680290852279	0.139214165688767	0.139824957706383	0.101153919975448	0.160533412063788	0.162669008434429	0.102342711839874	0.0779979963336832	0.0761414544121671	0.0871236752832347	0.1050275522498	0.108317274502782	0.0652825343167274	0.123819349684709	0.176276078470121	0.142042808669159	0.138925334558824	0.149643547591576	0.154030455893885	0.0836287800411646	0.112868660539845	0.148200465318531	0.136957976285967	0.0905024435317884	0.143365925448802	0.157326485147773	0.0930664379314641	0.16590290889423	0.120482660455502	0.132078941269021	0.120735690027879	0.0899059885033448	0.13050573914558	0.124220424912628	0.131009464348735	0.126859816567641	0.142889090471132	0.113002558471212	0.102112244556428	0.0686110848778397	0.0731290924078039	0.109486870687932	0.120242437265472	0.158999770748186	0.0910600883297673	0.0603352721557313	0.109167110980382	0.068014387094859
700114221	0.181634888605396	0.146053695638037	0.107297232954502	0.184466202402479	0.16360018436345	0.11668349623091	0.176968202435554	0	0.182441229404233	0.0907595589773278	0.136903924061062	0.112076163338683	0.108956766143784	0.155172554206208	0.0957387300202436	0.14748172045633	0.0754791293760359	0.128925287035419	0.177071359217	0.172239647808114	0.16499158712881	0.14021871576448	0.165658688659302	0.179076683144021	0.177576184257765	0.18680794472728	0.133333193100843	0.159534337624906	0.122435526266704	0.121331878567419	0.117107459969104	0.15187519590857	0.128190099463288	0.114622757114935	0.180741958957466	0.129599676223608	0.164740849945587	0.0960742532836948	0.176527609347403	0.0928497440063936	0.158356490708487	0.0958321527330312	0.154930326459118	0.153064240524218	0.108326327469092	0.128598046816125	0.140504313441356	0.0984736996413297	0.130942313375588	0.109497840352195	0.130770226160115	0.1972490381407	0.179847879709849	0.145460945110988	0.213882749321723	0.115811892537255	0.142496533939557	0.193116310204651	0.120292827147303	0.172411971853634
700023543	0.0886625170902891	0.146603338797985	0.14567441133807	0.135533470485626	0.115219024481621	0.158427280013109	0.0815141584607954	0.182441229404233	0	0.160273104016706	0.113552377268725	0.150940918809847	0.169937241414331	0.132097482966817	0.156202606118239	0.0997779113587475	0.16365847905498	0.160517705466015	0.0897611421194312	0.113630504870815	0.10192805501093	0.105611342787926	0.11001541344367	0.0886710139629369	0.108926250914134	0.10861735558844	0.14563405686389	0.132559937585488	0.147228425105648	0.155005353636234	0.151727548619943	0.106893564745681	0.117021889773431	0.156139905354157	0.121342317599684	0.125817131116247	0.129766424242931	0.168007939681662	0.0746904373578849	0.181104741410626	0.108464468201472	0.147647146771038	0.119784718656083	0.109235867379451	0.148667367289096	0.132256478541822	0.103522520440999	0.145027680792386	0.141271999701481	0.133234752724777	0.115859657074396	0.0895217146211993	0.105192910199567	0.112831488582406	0.106981529034761	0.165972290205336	0.123763818326743	0.0934896151147204	0.131560927327064	0.101274912764047
700023439	0.164349957114721	0.141136751126031	0.0922682406103223	0.173928482439485	0.161118076496379	0.0965307131941394	0.163009984405864	0.0907595589773278	0.160273104016706	0	0.117159997524246	0.112163535967842	0.092054231863667	0.135178700724033	0.0969380870837934	0.141002435445027	0.0722954978047333	0.104619240273699	0.155620464999869	0.159808585322944	0.142216830366056	0.122684131477831	0.14075818472626	0.162271729479686	0.161695762632551	0.173553170230152	0.133333748668561	0.145196198422916	0.109479437220674	0.096381694177797	0.100162475837465	0.13921270920229	0.100468115070532	0.0928963598076366	0.172661118257975	0.123154293371188	0.140980416102369	0.0882146907890267	0.15786691991914	0.083790414950221	0.13949447035994	0.0863765469889758	0.140950619650164	0.145459839860336	0.1078493636585	0.108062926600189	0.129711613137871	0.0899028305816045	0.115483115696057	0.102816226622513	0.119393934980912	0.178165498435247	0.16679279687738	0.122314511497564	0.192345757459167	0.0958170936494524	0.137531539139297	0.168765879895772	0.110788531128955	0.153113413924683
700016978	0.112266263581439	0.135571622311755	0.0945782318764716	0.139581904218577	0.134832148084536	0.10437127444782	0.10726808113963	0.136903924061062	0.113552377268725	0.117159997524246	0	0.108389104013556	0.120765115206726	0.124174063020124	0.12156486948491	0.0938032154737526	0.113613147500391	0.107338233310084	0.115022393208087	0.109249714746769	0.104625681536451	0.0811294675740243	0.116371489292638	0.11862297087266	0.0965806418292956	0.14762992584951	0.133284530822568	0.120710034381064	0.120517144785964	0.109559776510392	0.102752461839713	0.0957374616914303	0.0794104671475585	0.0981392863664288	0.15116738503114	0.0985693364906757	0.116947433963188	0.11492117126369	0.112036099701837	0.13836231953576	0.112882216603171	0.0852466472792784	0.0981443152378068	0.100490872963568	0.104476287741758	0.111605300301973	0.12195465919774	0.1024757399029	0.103903194894741	0.0906513270589248	0.0864619326584807	0.134971199217985	0.11881687363268	0.0877524765877554	0.145340347890048	0.126796726545787	0.100178898133933	0.125313981929073	0.0955412423629401	0.118644907296943
700024192	0.151270824614582	0.165076224211367	0.0611862926814641	0.148764421848886	0.165029179562107	0.0914349574874955	0.128512510496517	0.112076163338683	0.150940918809847	0.112163535967842	0.108389104013556	0	0.0992855835409307	0.142685560368461	0.0833426316617945	0.112242780744527	0.116764759488287	0.118657151779838	0.136994930684184	0.133111389932787	0.126033719026861	0.086745845960019	0.132869780351711	0.164145020841449	0.123632697222289	0.167196242932628	0.156289720290702	0.147435305742387	0.123567068519554	0.117934321921569	0.11186865140469	0.0926401825499145	0.102996305612906	0.0937176274028949	0.17511403425639	0.109168776010778	0.149178555724539	0.0992964702770607	0.153678845259416	0.108127657393986	0.147563026278146	0.0690417265901997	0.140723062172171	0.111968515071825	0.0979894537034376	0.119423283818231	0.140641983194561	0.0878781131310609	0.127949669324936	0.0602812408987624	0.0758455856939479	0.161191939070364	0.143852063457598	0.131979279669043	0.192525636743099	0.113046597791041	0.113230421012493	0.149617700204357	0.0832321885462598	0.128403521519361
700113058	0.168365401702834	0.146573830344644	0.112007394981586	0.177917134422785	0.167350068814334	0.113743679567192	0.156680290852279	0.108956766143784	0.169937241414331	0.092054231863667	0.120765115206726	0.0992855835409307	0	0.143919087404085	0.101706949988193	0.138409530580274	0.0977051083962306	0.134579332176539	0.16052201574673	0.151155567569773	0.146821369911421	0.122137756783487	0.151934546330092	0.180411202511633	0.15663715726568	0.184164891231587	0.142715351912948	0.134360069420802	0.110002388278958	0.0997294821551317	0.120384215768145	0.128740870128113	0.113075734918809	0.0945072859329524	0.185265446464987	0.129652361717113	0.158510944746717	0.11832157616444	0.156376943675726	0.0967014222001626	0.14754341619404	0.0815653379741416	0.15854941688934	0.133155865180821	0.0911032363694721	0.111028069136885	0.148254856408256	0.0842346306751186	0.12664917470248	0.092838548555979	0.125975902452348	0.179404596060482	0.167473048299175	0.150606037799481	0.204446979394129	0.0714895638868812	0.123429535833424	0.173535661700474	0.115114551807291	0.147964919455063
700099448	0.143633520922848	0.125107120388435	0.124158140358687	0.153580713522202	0.122148023801083	0.110764174195916	0.139214165688767	0.155172554206208	0.132097482966817	0.135178700724033	0.124174063020124	0.142685560368461	0.143919087404085	0	0.132860009306926	0.131820585710181	0.138269376684359	0.129074708080474	0.132784380542522	0.133905960232963	0.129949225476544	0.134799927016716	0.104407186622136	0.141102827395627	0.14024323461396	0.124988156381142	0.142197501984629	0.1474739683486	0.109297733522559	0.108445335582408	0.12635862565205	0.140180311356329	0.130999039974754	0.116616604970799	0.128259205158101	0.121328346934188	0.136642909672781	0.127890142839819	0.126611023642009	0.158162786494167	0.149365935857217	0.128410658154392	0.117592269502946	0.141839452672572	0.129110298847666	0.119421325866826	0.114593997098769	0.13361589006037	0.0802255558575411	0.12078711419736	0.118692054090738	0.122920620801309	0.138445714953554	0.124976248984169	0.151899477282287	0.148002139646552	0.115672907503656	0.123719278584801	0.113717549592257	0.136575933670029
700109870	0.159740286060317	0.152235576720421	0.0828216367262842	0.149352987284192	0.155118417881094	0.081164050787251	0.139824957706383	0.0957387300202436	0.156202606118239	0.0969380870837934	0.12156486948491	0.0833426316617945	0.101706949988193	0.132860009306926	0	0.134186614623262	0.107647571380596	0.126067381049446	0.151520558290577	0.139225952382154	0.128674554603166	0.10873083006884	0.124636990961568	0.168336358231445	0.137196612475231	0.164064885528645	0.149630630685194	0.150205332509813	0.104473277682535	0.0900763196294984	0.125437671336014	0.111447961323907	0.125178323354305	0.115730468130022	0.17413791061306	0.126403016954974	0.152953591338494	0.0818054551727747	0.157790219106868	0.0974685725103718	0.151414022239017	0.0823579122213823	0.149813399314888	0.123707768819051	0.103897964289659	0.108030086207981	0.135420566406792	0.0938693968051386	0.120439311267892	0.0744531154105429	0.10240800528536	0.159630681136602	0.142603481174969	0.135893830022189	0.189363788283052	0.113016866689616	0.11081615424176	0.152772044135032	0.0865233358382862	0.126247276968477
700033928	0.109266307521151	0.146610205974437	0.109907510053743	0.132529811481734	0.123758192256666	0.121575712697667	0.101153919975448	0.14748172045633	0.0997779113587475	0.141002435445027	0.0938032154737526	0.112242780744527	0.138409530580274	0.131820585710181	0.134186614623262	0	0.133252457512359	0.12836953916427	0.104135926817868	0.110337924705075	0.105415983154169	0.089340560435631	0.119713972093124	0.1078597663989	0.106668331879435	0.128906379816146	0.139776717385348	0.116693112379654	0.130433114795403	0.138584951476414	0.129831763968097	0.102841637023718	0.0985737738052477	0.121676965168537	0.131362240098014	0.118636385850013	0.115658210355319	0.13819912532835	0.107986374366384	0.157130843202622	0.0966267646823481	0.107021502942135	0.119627241480178	0.116211332905892	0.125163242589439	0.120730274402552	0.118891099442594	0.120415354056187	0.125344691958955	0.0964779875268164	0.0816402724681774	0.122471303816099	0.114779384224758	0.107288150276217	0.134862423051719	0.137972391194328	0.116732119151193	0.116273928702662	0.108850201465695	0.110984579639015
700023693	0.168405509034631	0.135479856503861	0.100536883938438	0.174681233894967	0.166406999937446	0.104163734593517	0.160533412063788	0.0754791293760359	0.16365847905498	0.0722954978047333	0.113613147500391	0.116764759488287	0.0977051083962306	0.138269376684359	0.107647571380596	0.133252457512359	0	0.114934513569448	0.161382120176243	0.156048364860238	0.147301554308925	0.124177976581131	0.147790591222034	0.162952853420294	0.16023472810972	0.179128852246715	0.129453721750085	0.150435905761171	0.112068433304756	0.107460451146205	0.105904946592708	0.136070622269308	0.103900063062897	0.102899236952667	0.174744576438659	0.111482264430819	0.142858767484386	0.105360040135379	0.16042431209818	0.0983904942607903	0.143631558516633	0.0903349380649545	0.136774632624942	0.13644363763619	0.112243407736027	0.120972650077965	0.133987498395678	0.0854489033359999	0.120273156477661	0.101938422928932	0.118004770226368	0.181440274720248	0.166921304700024	0.133806760849405	0.201618221985066	0.108288099835141	0.132800351878487	0.173708352049459	0.113715583368009	0.153002287435528
700109627	0.16416501539697	0.154933929649408	0.0870569920090334	0.180697260055886	0.155353077738136	0.0779413333273341	0.162669008434429	0.128925287035419	0.160517705466015	0.104619240273699	0.107338233310084	0.118657151779838	0.134579332176539	0.129074708080474	0.126067381049446	0.12836953916427	0.114934513569448	0	0.158762288976611	0.15779717478723	0.156406614295297	0.123675872666394	0.152552990567236	0.150436887305624	0.150813215422029	0.17261029233206	0.139215270047183	0.151257647711759	0.144980101293027	0.119834031569851	0.10942509146921	0.139740928708086	0.12396617438347	0.0898273584766031	0.16406070494367	0.139044502956923	0.118493572993475	0.0866032648482145	0.161681563563739	0.133792788266643	0.159541372762649	0.104349763245723	0.126078775605829	0.147710563668416	0.140326098204539	0.140111563779524	0.144184715365925	0.126829497311196	0.0950613535028877	0.107847452405012	0.115093043666044	0.185735103009063	0.168699291268936	0.126605327179353	0.182480826021744	0.135895152216848	0.144817655881947	0.173926054608959	0.118943034251497	0.166666782317924
700095416	0.0898889363525745	0.155630305388031	0.141888404969601	0.142407316149103	0.130316198277744	0.151342680178613	0.102342711839874	0.177071359217	0.0897611421194312	0.155620464999869	0.115022393208087	0.136994930684184	0.16052201574673	0.132784380542522	0.151520558290577	0.104135926817868	0.161382120176243	0.158762288976611	0	0.117309405828787	0.0996684354598514	0.106919883843213	0.114148216741893	0.0987744517135069	0.108283126810474	0.120164826500312	0.154987735242294	0.135564891667025	0.138780168198512	0.152094524573824	0.14506445874446	0.10811027915961	0.111104205063559	0.142644712404888	0.128738292336674	0.127276574056608	0.116660507716345	0.157116078270857	0.10077661039901	0.172201035103461	0.107918111745756	0.139614180143111	0.113282065546247	0.126794744694	0.131300540173348	0.123953453457917	0.111548604306205	0.147407359984736	0.138427265560997	0.123643016982639	0.10738296357401	0.111488151568902	0.123247084612592	0.107556077424856	0.121502626417055	0.159332939776251	0.122663091951985	0.106776796704415	0.130103694681911	0.118970803533684
700110425	0.091000323561829	0.151794308402767	0.140073738723452	0.0973480767009654	0.134758077573104	0.153512909179804	0.0779979963336832	0.172239647808114	0.113630504870815	0.159808585322944	0.109249714746769	0.133111389932787	0.151155567569773	0.133905960232963	0.139225952382154	0.110337924705075	0.156048364860238	0.15779717478723	0.117309405828787	0	0.082148893011118	0.101220142700186	0.102657445265789	0.120294906090959	0.0629291419940438	0.121596556530481	0.163061504298005	0.129629808597427	0.132764774867696	0.133003796431901	0.155567902855503	0.111919049907065	0.114435558561844	0.148547824822969	0.136727176223589	0.0945020157698475	0.149508688216552	0.160030881892618	0.116338575291272	0.167706181103953	0.127881335975789	0.128435052238805	0.130686075264462	0.0915600137990915	0.13126994961083	0.126045377108818	0.12958672322386	0.13424208196332	0.133942068255507	0.121821638878145	0.105454106664219	0.0879828966571156	0.0622289366014496	0.119249752709929	0.127096586125426	0.158396051761158	0.0673704994730522	0.0783746391241816	0.103420548425629	0.084537538370602
700111580	0.0887775760207773	0.142975517845437	0.136006178112936	0.111739377378342	0.139336181551902	0.142014661261519	0.0761414544121671	0.16499158712881	0.10192805501093	0.142216830366056	0.104625681536451	0.126033719026861	0.146821369911421	0.129949225476544	0.128674554603166	0.105415983154169	0.147301554308925	0.156406614295297	0.0996684354598514	0.082148893011118	0	0.0850714093389232	0.0932761597795548	0.11130676317596	0.0693059944694634	0.133515161315465	0.163688859168618	0.143682487139845	0.118070182033871	0.141231976528495	0.14769056356505	0.0994432718672718	0.102219461223067	0.147754660524402	0.146054362029605	0.0981282512710913	0.149962268962575	0.1506955149089	0.11618006303701	0.153794788687519	0.118640957465651	0.117801053012056	0.126816621572669	0.107315170393792	0.117833190606877	0.107155578169766	0.118415674990029	0.117188792611591	0.126373830438146	0.113032878562211	0.105246292203357	0.0965535884360713	0.0948445391945965	0.0970029818779407	0.126279269338837	0.14967558811186	0.0777768264449091	0.0808396521489572	0.100162815639541	0.0872505054380085
700111302	0.109288048170974	0.140463256710602	0.0953246859195675	0.136534897727384	0.145418495439243	0.113517249475646	0.0871236752832347	0.14021871576448	0.105611342787926	0.122684131477831	0.0811294675740243	0.086745845960019	0.122137756783487	0.134799927016716	0.10873083006884	0.089340560435631	0.124177976581131	0.123675872666394	0.106919883843213	0.101220142700186	0.0850714093389232	0	0.114314767337609	0.128768153485556	0.0780102836025659	0.14952323730859	0.148944612003338	0.133150904500971	0.125255889912591	0.120806021264075	0.117620011124883	0.0633582568403206	0.0859577567228828	0.108301866764384	0.155617803632819	0.0908393520526394	0.131984972471001	0.122498543447221	0.120031030649875	0.135113564594876	0.126710454436763	0.0870568069100904	0.118158599369531	0.0905770514702774	0.111879174329192	0.116903537594131	0.128687562596017	0.093022801818963	0.115135367518336	0.072966705932754	0.0812759428130972	0.122950827972167	0.111347854374382	0.0916112443654796	0.155515406023166	0.117688912287514	0.096161580342112	0.109508702813342	0.0768546174695522	0.102014225136151
700098605	0.102179744737731	0.121914973109337	0.1219525434971	0.103638729725829	0.134063435865975	0.129695125687223	0.1050275522498	0.165658688659302	0.11001541344367	0.14075818472626	0.116371489292638	0.132869780351711	0.151934546330092	0.104407186622136	0.124636990961568	0.119713972093124	0.147790591222034	0.152552990567236	0.114148216741893	0.102657445265789	0.0932761597795548	0.114314767337609	0	0.11383967964187	0.109679164380736	0.119105522956517	0.143915096448719	0.12978582013762	0.121924030096065	0.12166463419887	0.145042960389627	0.114821264329584	0.122226519804028	0.136744618651232	0.125938547745916	0.109217775393541	0.127496333459322	0.136668524778699	0.10868673250378	0.15754521451548	0.130675790827187	0.135197658774692	0.122090219917841	0.108998816549554	0.141270237801107	0.115695043322232	0.120325967780219	0.134813675136127	0.118315564367763	0.116370351339033	0.104926726889084	0.0951925551612199	0.0920067343093249	0.114145785876862	0.116755144085262	0.155561765647935	0.110513291251572	0.0921287139668419	0.112283604319952	0.0825428830641201
700111991	0.0799482699630952	0.150321083986385	0.144065400994165	0.12616240217719	0.139645381786104	0.161452016330651	0.108317274502782	0.179076683144021	0.0886710139629369	0.162271729479686	0.11862297087266	0.164145020841449	0.180411202511633	0.141102827395627	0.168336358231445	0.1078597663989	0.162952853420294	0.150436887305624	0.0987744517135069	0.120294906090959	0.11130676317596	0.128768153485556	0.11383967964187	0	0.118740822257987	0.107181157926733	0.138513438533591	0.137555171449336	0.146992688962037	0.169865000648024	0.163651798283208	0.143147080760512	0.132502344286884	0.160054940725159	0.115858690662312	0.129714399341816	0.126245231210105	0.164757673882471	0.0953920375370356	0.188218420561128	0.111396501167205	0.155407863150139	0.13163165236286	0.137716543913444	0.156960672517357	0.133001015478906	0.111350899016818	0.159121485185884	0.150041391764563	0.148627708111772	0.121086522124037	0.111956150820333	0.114419590474006	0.119701486321381	0.0962369088015557	0.174911150054958	0.132992176023254	0.107200234211589	0.14289341138415	0.123495859233298
700108960	0.0932546586526367	0.166412811589765	0.132429466079721	0.106698681741607	0.144648794807134	0.144738684336026	0.0652825343167274	0.177576184257765	0.108926250914134	0.161695762632551	0.0965806418292956	0.123632697222289	0.15663715726568	0.14024323461396	0.137196612475231	0.106668331879435	0.16023472810972	0.150813215422029	0.108283126810474	0.0629291419940438	0.0693059944694634	0.0780102836025659	0.109679164380736	0.118740822257987	0	0.141321891290195	0.175282474602439	0.147490276246725	0.136151306883492	0.143770976405784	0.157493670124008	0.0875989998160976	0.115462622278563	0.149953014989805	0.154683823076701	0.101409689925985	0.151441005290074	0.15282998234912	0.116400081663506	0.168099758649641	0.133181814882728	0.128716149872519	0.12992133702189	0.0972684514872408	0.132838898564228	0.131008082396716	0.13932000047521	0.134151212772867	0.134774001339434	0.109085503958548	0.0995476060996976	0.0914514110875005	0.0722388343026702	0.107145486590036	0.126142453037563	0.162410407561605	0.0815989388731959	0.075704348349172	0.100529454503734	0.0864794081226104
700024452	0.10902850568195	0.149346904960652	0.156817077655942	0.107822701280955	0.106787280476678	0.168545710804723	0.123819349684709	0.18680794472728	0.10861735558844	0.173553170230152	0.14762992584951	0.167196242932628	0.184164891231587	0.124988156381142	0.164064885528645	0.128906379816146	0.179128852246715	0.17261029233206	0.120164826500312	0.121596556530481	0.133515161315465	0.14952323730859	0.119105522956517	0.107181157926733	0.141321891290195	0	0.161781455295169	0.132442477769267	0.122419266926923	0.157684194786526	0.17436638923731	0.160352645650865	0.147187725148177	0.165518385833282	0.0674328656413679	0.137828215354432	0.153469036082157	0.172170503099435	0.101010033983661	0.180284091953035	0.137424407802451	0.168645070466082	0.141606380004416	0.141033224210845	0.153434341393368	0.125881978154579	0.105548945742655	0.168693975834189	0.152435596204127	0.155062848908834	0.127039759198332	0.0958223552670645	0.103996881814015	0.14371042142316	0.105260334127983	0.177961296142811	0.12985810678803	0.117668324770618	0.137661933948527	0.136683551074267
700032931	0.159471093958817	0.123886523788559	0.128376301084568	0.178556073232808	0.152162657778572	0.146295983198002	0.176276078470121	0.133333193100843	0.14563405686389	0.133333748668561	0.133284530822568	0.156289720290702	0.142715351912948	0.142197501984629	0.149630630685194	0.139776717385348	0.129453721750085	0.139215270047183	0.154987735242294	0.163061504298005	0.163688859168618	0.148944612003338	0.143915096448719	0.138513438533591	0.175282474602439	0.161781455295169	0	0.132725044639776	0.140482888843571	0.137025045496478	0.142569128784361	0.159319909360821	0.128612079745711	0.12597792036023	0.153160288338214	0.145794968071238	0.1362436790268	0.140964083009629	0.147142097924887	0.155182562614368	0.139996498105724	0.134289228330241	0.139684883175546	0.149485898474596	0.144967382713892	0.141851990999978	0.135768565839155	0.140089113867438	0.128224918254451	0.142662558765975	0.135880001214919	0.177472760677502	0.171378302325059	0.132217376863001	0.167186477882973	0.143772628247612	0.158040273985192	0.177758434297658	0.138273229232534	0.167663133631215
700095837	0.129920206464509	0.13092468551839	0.142422696929689	0.149823808217919	0.142340590961274	0.161701108131183	0.142042808669159	0.159534337624906	0.132559937585488	0.145196198422916	0.120710034381064	0.147435305742387	0.134360069420802	0.1474739683486	0.150205332509813	0.116693112379654	0.150435905761171	0.151257647711759	0.135564891667025	0.129629808597427	0.143682487139845	0.133150904500971	0.12978582013762	0.137555171449336	0.147490276246725	0.132442477769267	0.132725044639776	0	0.117673069854642	0.118758397924958	0.151404282675561	0.142326955157435	0.123691002689146	0.135160251166436	0.131101501782182	0.130849690812071	0.13023870734763	0.162593239491744	0.130066336948336	0.151917054967093	0.131441591182946	0.131689490061355	0.146706238754216	0.120667985151336	0.127257944971827	0.130643029675836	0.128992874462457	0.132252680622101	0.146038125041298	0.134139074272784	0.125482684708126	0.148849282133289	0.132240300193152	0.147694279925565	0.141102017219308	0.134422912704917	0.132467379714772	0.148088276778102	0.135235369115217	0.142074657776513
700024548	0.133720680023617	0.122409226678004	0.114405640660383	0.139578736707319	0.134520498781262	0.115420782017843	0.138925334558824	0.122435526266704	0.147228425105648	0.109479437220674	0.120517144785964	0.123567068519554	0.110002388278958	0.109297733522559	0.104473277682535	0.130433114795403	0.112068433304756	0.144980101293027	0.138780168198512	0.132764774867696	0.118070182033871	0.125255889912591	0.121924030096065	0.146992688962037	0.136151306883492	0.122419266926923	0.140482888843571	0.117673069854642	0	0.102150570125928	0.126026016252788	0.143975023143419	0.116920507211865	0.11090348151824	0.129611061621024	0.108740239174675	0.14650985519095	0.119111895611011	0.130104105601514	0.116996115678925	0.126367604290851	0.0991903718318243	0.137504191240467	0.142463618496158	0.0849617840885533	0.0790932649107923	0.111790523540764	0.104048678438675	0.114183660900868	0.113212800986181	0.109519902064192	0.144617450164905	0.134740869863744	0.122888869349394	0.15657925917109	0.123722447389081	0.105687732614905	0.139564008680147	0.112536375371972	0.149427306729761
700110161	0.158540209191128	0.13531337712527	0.10334727211594	0.157125719084815	0.144643076267463	0.097058845046316	0.149643547591576	0.121331878567419	0.155005353636234	0.096381694177797	0.109559776510392	0.117934321921569	0.0997294821551317	0.108445335582408	0.0900763196294984	0.138584951476414	0.107460451146205	0.119834031569851	0.152094524573824	0.133003796431901	0.141231976528495	0.120806021264075	0.12166463419887	0.169865000648024	0.143770976405784	0.157684194786526	0.137025045496478	0.118758397924958	0.102150570125928	0	0.112331623593367	0.129697162003541	0.124057992571367	0.0869911450423101	0.165567729644601	0.126931018467555	0.136899987546012	0.0995328664946235	0.151948074555989	0.115450281255708	0.154056477890134	0.0956282186796763	0.132509596132165	0.125255545188531	0.11331818885726	0.118455029294457	0.142340354777764	0.101978019588898	0.0912641279294464	0.0987979739517935	0.116302970804382	0.159795412655617	0.144771996660776	0.13138460222109	0.177876197633016	0.115593857744517	0.109346484150269	0.154344871343191	0.104351175217351	0.141633930508186
700023496	0.162237843829996	0.129917560714316	0.104512749100766	0.17786007788724	0.147545496401129	0.0930945094895946	0.154030455893885	0.117107459969104	0.151727548619943	0.100162475837465	0.102752461839713	0.11186865140469	0.120384215768145	0.12635862565205	0.125437671336014	0.129831763968097	0.105904946592708	0.10942509146921	0.14506445874446	0.155567902855503	0.14769056356505	0.117620011124883	0.145042960389627	0.163651798283208	0.157493670124008	0.17436638923731	0.142569128784361	0.151404282675561	0.126026016252788	0.112331623593367	0	0.131252969530866	0.103115297588605	0.0818210204994659	0.161624696540691	0.122223681835532	0.132115319853954	0.116366768309171	0.155659017019557	0.128260215729837	0.138237866810212	0.105293462617422	0.113826553153603	0.136834098115359	0.108055284182979	0.114234647895592	0.140587323725016	0.0994313226075423	0.0956888033325242	0.107464623118542	0.119749094880435	0.182130005081134	0.165080540709029	0.110716156845057	0.194991647149587	0.118088528917131	0.131486566754225	0.169605122879016	0.125243201911079	0.16125997047024
700034628	0.124458314204144	0.158880835583593	0.104065166919869	0.14537389768934	0.154625745871145	0.121981208255104	0.0836287800411646	0.15187519590857	0.106893564745681	0.13921270920229	0.0957374616914303	0.0926401825499145	0.128740870128113	0.140180311356329	0.111447961323907	0.102841637023718	0.136070622269308	0.139740928708086	0.10811027915961	0.111919049907065	0.0994432718672718	0.0633582568403206	0.114821264329584	0.143147080760512	0.0875989998160976	0.160352645650865	0.159319909360821	0.142326955157435	0.143975023143419	0.129697162003541	0.131252969530866	0	0.104140891067083	0.121963400642885	0.170143952252262	0.0894649644485867	0.141189851944894	0.127748001751135	0.132090803747762	0.143590786196563	0.137300952397728	0.100874092607091	0.131181864437812	0.0762578649686952	0.125716852562551	0.132110635858357	0.142500369723378	0.101532692091028	0.128628857299035	0.0727684317081901	0.0947744229580628	0.115565969208134	0.115552506083246	0.116162851136181	0.165542963657813	0.131570495268461	0.110078365480898	0.10742586653167	0.0912329967063267	0.0783412240947639
700023645	0.115482724196965	0.121901237935092	0.104507838950366	0.139868732191535	0.138236493302548	0.120694581756889	0.112868660539845	0.128190099463288	0.117021889773431	0.100468115070532	0.0794104671475585	0.102996305612906	0.113075734918809	0.130999039974754	0.125178323354305	0.0985737738052477	0.103900063062897	0.12396617438347	0.111104205063559	0.114435558561844	0.102219461223067	0.0859577567228828	0.122226519804028	0.132502344286884	0.115462622278563	0.147187725148177	0.128612079745711	0.123691002689146	0.116920507211865	0.124057992571367	0.103115297588605	0.104140891067083	0	0.101575587198363	0.149911190122589	0.0910315984227324	0.131643794750403	0.127840771854847	0.123824390243046	0.121511969667929	0.105785113270053	0.0882579348465633	0.108745349450394	0.104617048388785	0.0973232772161235	0.102180698654081	0.118559763914323	0.0847421793997782	0.121388610646107	0.0943162556511036	0.0841827412669913	0.135261231755076	0.128518198129636	0.100634874193413	0.161177509731441	0.111278956235618	0.100688491137204	0.127513338332736	0.0935608913902461	0.119523049313351
700038744	0.160696709630115	0.139013079424331	0.0804662611934261	0.169355165437866	0.146530100838618	0.0787411740908328	0.148200465318531	0.114622757114935	0.156139905354157	0.0928963598076366	0.0981392863664288	0.0937176274028949	0.0945072859329524	0.116616604970799	0.115730468130022	0.121676965168537	0.102899236952667	0.0898273584766031	0.142644712404888	0.148547824822969	0.147754660524402	0.108301866764384	0.136744618651232	0.160054940725159	0.149953014989805	0.165518385833282	0.12597792036023	0.135160251166436	0.11090348151824	0.0869911450423101	0.0818210204994659	0.121963400642885	0.101575587198363	0	0.159609686195602	0.112090006963146	0.121863547579245	0.0809227070765571	0.14985028131966	0.110987683457219	0.142817433765508	0.0778306569438239	0.116055720514154	0.128853364651599	0.0973642069429187	0.111053744098608	0.142952180345039	0.0885502780352198	0.0908130115796461	0.0894735969014697	0.105358068880898	0.177213292181314	0.163271738572506	0.117589965080965	0.191861635754705	0.0992275512501334	0.127466093710767	0.163820760007267	0.105611640382282	0.156135269335525
700038485	0.122574931533433	0.13089729018156	0.154661732349473	0.125798507137049	0.103326491718803	0.169772279030365	0.136957976285967	0.180741958957466	0.121342317599684	0.172661118257975	0.15116738503114	0.17511403425639	0.185265446464987	0.128259205158101	0.17413791061306	0.131362240098014	0.174744576438659	0.16406070494367	0.128738292336674	0.136727176223589	0.146054362029605	0.155617803632819	0.125938547745916	0.115858690662312	0.154683823076701	0.0674328656413679	0.153160288338214	0.131101501782182	0.129611061621024	0.165567729644601	0.161624696540691	0.170143952252262	0.149911190122589	0.159609686195602	0	0.135966466236518	0.14274033142605	0.173729280701283	0.10902914925672	0.182166616147243	0.138864120215763	0.172855831671826	0.129544704703295	0.142338069477219	0.153283249783673	0.121250833002939	0.110781861467258	0.174896264825225	0.152690420498243	0.163911916816437	0.132172516652108	0.11575301817889	0.125109345385702	0.143437658636185	0.111668730283492	0.168580177626058	0.145030373055862	0.133772051313679	0.149429314314485	0.148650266423326
700024743	0.121804699460986	0.134922934163425	0.103252106873209	0.12246839105477	0.146355005523689	0.124952743153709	0.0905024435317884	0.129599676223608	0.125817131116247	0.123154293371188	0.0985693364906757	0.109168776010778	0.129652361717113	0.121328346934188	0.126403016954974	0.118636385850013	0.111482264430819	0.139044502956923	0.127276574056608	0.0945020157698475	0.0981282512710913	0.0908393520526394	0.109217775393541	0.129714399341816	0.101409689925985	0.137828215354432	0.145794968071238	0.130849690812071	0.108740239174675	0.126931018467555	0.122223681835532	0.0894649644485867	0.0910315984227324	0.112090006963146	0.135966466236518	0	0.146860349463947	0.12800130207831	0.118039728264941	0.132280449803178	0.1298568609959	0.105109738343312	0.125895264361487	0.0806042454660833	0.111422534029731	0.105974173168793	0.12934753133326	0.0936526465104525	0.121817363352211	0.103251660980072	0.0948135030652871	0.112392465993972	0.107980275742062	0.107185308207672	0.143477956256238	0.135216094711626	0.092544052722945	0.101080812207413	0.0873081512460222	0.0998286127481239
