700108602	700014971	700033565	700109389	700023058	700023927	700106341	700114221	700023543	700023439	700016978	700024192	700113058	700099448	700109870	700033928	700023693	700109627	700095416	700110425	700111580	700111302	700098605	700111991	700108960	700024452	700032931	700095837	700024548	700110161	700023496	700034628	700023645	700038744	700038485	700024743	700099596	700110760	700101587	700106399	700032322	700095653	700021312	700101230	700023590	700038905	700033136	700023382	700096424	700105469	700016908	700096053	700108479	700109569	700033814	700016125	700109756	700102665	700101777	700109455
700108602	0	0.212240893363458	0.327024863291744	0.221738797565698	0.236025626050482	0.309812759932184	0.0779367500705636	0.325778722516138	0.139180988123958	0.304704127874526	0.229832629824723	0.352380588887863	0.321176891648413	0.21754862809812	0.342913145762651	0.223934946806594	0.307524873545252	0.294228909442426	0.137911301028561	0.109935163607157	0.167364967225744	0.244048257360401	0.124517970140571	0.0787172690511941	0.15912340181403	0.194773410769245	0.249063107367401	0.357277720368883	0.309594645883701	0.329215622090862	0.273584252450285	0.265741269368057	0.246252431249933	0.300103885988119	0.188041349303481	0.157474294835648	0.247941927882846	0.321864251462336	0.104439364318491	0.384943287474711	0.158751778355563	0.343897823106749	0.211108122470422	0.194815067733865	0.322134362253395	0.254473884217204	0.201583129059264	0.324491475470963	0.253249999144455	0.310078626650553	0.294062908323924	0.0911315655229801	0.101017312083076	0.170263448896864	0.10376370399965	0.298732698004653	0.17671760304366	0.110180162313123	0.310800135380673	0.130823378210115
700014971	0.212240893363458	0	0.269770444018514	0.329987375148853	0.140922775784844	0.223670503211503	0.219432411687428	0.171582659596191	0.176548699840934	0.191639254358339	0.189898784278917	0.305793940212374	0.201076305184013	0.126880967971549	0.248814090987222	0.232967207909782	0.167932142972914	0.241009413070309	0.188112823863418	0.197333540608034	0.228362074291548	0.226094411505515	0.194777924539407	0.186218268351425	0.286074571665795	0.158964800358697	0.104457325496052	0.240193858282085	0.162940600218996	0.191018404005314	0.17275019422871	0.24180993339444	0.15755832366247	0.181687469484772	0.159771372050487	0.158986155794761	0.204612895916014	0.243776969688353	0.158929347897432	0.230400867714535	0.145022637620635	0.219831872364137	0.121875157553956	0.194613439173668	0.188948381989292	0.124264732133338	0.130668388574443	0.20233576136084	0.155959305985227	0.253977116456137	0.288519067108934	0.194538361600819	0.224663767982824	0.157156954461965	0.240126778258721	0.180995579509163	0.211378902801442	0.223270900817502	0.260958995767226	0.216494409590632
700033565	0.327024863291744	0.269770444018514	0	0.45251876798187	0.297161040771851	0.0808547142046131	0.307775763095366	0.196229996472166	0.268145989059871	0.15411336758882	0.143310383831874	0.107425732435807	0.163219065661412	0.201605998500171	0.183280970290274	0.144192473494769	0.187169034951134	0.131034225073979	0.230881957234212	0.305547395145848	0.244367911064736	0.120736143223698	0.325876020613482	0.294169833322773	0.262356830073808	0.329049880070749	0.227844064984288	0.371252601448228	0.322231496361617	0.203891948329565	0.15198488418043	0.161969260166472	0.197250288731684	0.128134792525654	0.340830794719526	0.247569554037907	0.243447465234578	0.115350776274704	0.302004056910329	0.263222154484473	0.262251784717907	0.125048577558199	0.234629881429852	0.250039215583649	0.206942884325683	0.252290498069973	0.233239329030961	0.165045502610091	0.162978457903979	0.0793294812484836	0.136597707454103	0.330799046374651	0.362708864019745	0.203699360228896	0.379670148500506	0.155185339659234	0.218599768817205	0.281142017821059	0.0798045438716975	0.280410253478791
700109389	0.221738797565698	0.329987375148853	0.45251876798187	0	0.32215245681206	0.44457756405863	0.223698372255709	0.411274686732843	0.317942662176264	0.421450706711783	0.367960426458796	0.464787169496941	0.42364074941186	0.360947149882168	0.446082455110279	0.375680285660234	0.411765342006351	0.438901728011522	0.329443932945409	0.204820657500899	0.311666577356039	0.390272932243349	0.21384589956409	0.261664754859933	0.302651454819999	0.247857845600625	0.366311626128481	0.413980180144116	0.356597105600304	0.407650397500256	0.404012164631055	0.413687642709848	0.348909347851	0.411711850212734	0.227042936499156	0.297825985537482	0.392533043563917	0.454262448209174	0.248665228221081	0.421015540585951	0.278690774341825	0.428088319252915	0.33462226389709	0.330673839063962	0.404234196546064	0.337797171781518	0.338015798119505	0.419338660920573	0.394068961344541	0.434235166708732	0.419222280878999	0.21072906539277	0.154609332709875	0.334881047611707	0.190529202907974	0.406880514416846	0.297834507286065	0.255013876652858	0.423520305909717	0.280657140840903
700023058	0.236025626050482	0.140922775784844	0.297161040771851	0.32215245681206	0	0.249596017643001	0.228361969989208	0.216620764504612	0.199429157420514	0.223266441162833	0.216306258557592	0.323042713970361	0.239802151052812	0.160016651265701	0.275915856402691	0.240052382383287	0.211330523898659	0.234041869057534	0.201687550438089	0.216100893786476	0.251500635304118	0.259247635075176	0.227825726902989	0.200742908670565	0.321071478800983	0.147675957188536	0.153064580575941	0.259252765196453	0.18525588363524	0.202003012167039	0.199051493959276	0.296705286431879	0.182385726839683	0.220328676629795	0.164120042893794	0.222411014449943	0.174802490728558	0.227527097576209	0.179001286742448	0.27670186328051	0.162224550401983	0.255405406184812	0.135961198803783	0.236668994332586	0.209218650123051	0.164647274247024	0.126318941214066	0.236193473664477	0.175241596916304	0.285466347887149	0.30400813404089	0.204376236480984	0.235670116988199	0.181966045116061	0.271831663312669	0.223342621708946	0.25270843475984	0.243709096878293	0.295751706062957	0.237543522648133
700023927	0.309812759932184	0.223670503211503	0.0808547142046131	0.44457756405863	0.249596017643001	0	0.297465470715185	0.167072157769063	0.249713393090981	0.101295626871562	0.123707706708176	0.129696737034408	0.138595214748642	0.148979155597326	0.175803670064772	0.137150207840261	0.134622818223667	0.0836038058047697	0.218132799871248	0.284127926420124	0.238172164665104	0.149755368896705	0.299271552399617	0.27625378406119	0.269767422046466	0.308260521600997	0.193075736144088	0.34814951424047	0.281858210081314	0.189576045852217	0.096858649623827	0.174321028481886	0.166539457321799	0.0831756976695287	0.321451216061092	0.2253235139661	0.201646066993071	0.0906472192117835	0.286196255509033	0.223736839644371	0.22735063626214	0.0997237245436216	0.198476998584089	0.232127089233169	0.167717244692497	0.212699109603414	0.196037649823827	0.138020419680362	0.104355529895436	0.0969913661041762	0.166221016491565	0.312510049241243	0.349572415753725	0.188525652702086	0.362747017438648	0.117245788261252	0.204716211916688	0.268609947720121	0.116789206578174	0.265465045171708
700106341	0.0779367500705636	0.219432411687428	0.307775763095366	0.223698372255709	0.228361969989208	0.297465470715185	0	0.300426884778303	0.118956751517749	0.276958898519485	0.214151736668888	0.310475283551197	0.28491425242084	0.210524629506979	0.319525134857664	0.211776155788426	0.275584985179616	0.302389128246602	0.141116283457865	0.0951437613353843	0.135503949538696	0.216755342578394	0.139295664615879	0.114970702019004	0.136812425440538	0.222976156476222	0.268580718884418	0.368619908941334	0.299260970100463	0.314941843058337	0.255737698532991	0.221544491933373	0.215285413921225	0.275788787913591	0.205754347132138	0.12916847469399	0.259204364828463	0.304887389010028	0.120464913111927	0.359943906183085	0.138581982221693	0.308370426316423	0.189996441553782	0.168066553058322	0.282006191646907	0.249478426869225	0.19912953758701	0.283479853515931	0.241492591225604	0.273590281268306	0.278352469727997	0.0772698790156255	0.104683202815375	0.155051759805819	0.15376403970938	0.262960087532697	0.145055542791088	0.0978304105739213	0.28047356806645	0.0905705859056359
700114221	0.325778722516138	0.171582659596191	0.196229996472166	0.411274686732843	0.216620764504612	0.167072157769063	0.300426884778303	0	0.269172493163285	0.103232621151842	0.211662752018162	0.233639488180091	0.0762194248269485	0.172830422719037	0.13744304773323	0.240631727928124	0.0869822655727748	0.218952297527218	0.270478256055718	0.273200608013832	0.283187807546057	0.249839786908009	0.302525297321954	0.292429359034891	0.35803704582119	0.276823324260363	0.140142479492224	0.277515404821522	0.20928927655365	0.126236243593558	0.156733298997459	0.265294239019517	0.170669382314518	0.129420124293769	0.287743576770931	0.231171298072488	0.246805740258432	0.146493241298272	0.277188330364372	0.128705474084756	0.213291302620825	0.122021018105209	0.199005149704512	0.259098548901692	0.13191028262687	0.158239620317324	0.190303928664815	0.0956948753247947	0.16448055548496	0.200565602620103	0.279647278570246	0.298289553321605	0.317022171512698	0.238389315480496	0.371882467725502	0.095098111436523	0.221127275980266	0.327665085829651	0.216404286307462	0.293600256039241
700023543	0.139180988123958	0.176548699840934	0.268145989059871	0.317942662176264	0.199429157420514	0.249713393090981	0.118956751517749	0.269172493163285	0	0.229990456515868	0.169751658218065	0.288176429185306	0.255205514637229	0.184563221050656	0.286946857380612	0.163547053086391	0.235460607737665	0.254307472726359	0.108886252498823	0.16064951991153	0.144606208919671	0.180666214672308	0.184842301786247	0.111991440576641	0.166769354917303	0.212882058883448	0.220323244898164	0.335212723374529	0.288336597710455	0.272003068200729	0.209809852009567	0.172478277419438	0.192219649015004	0.229438283714479	0.191998200633902	0.116248115942346	0.215068090577843	0.262729104293369	0.123487544447978	0.333614885753179	0.130704571326927	0.274460376822318	0.165372189433965	0.102023209030963	0.252332907073378	0.234307072803302	0.153506550775415	0.25394522837964	0.198271051236179	0.238413232154781	0.248254832966783	0.123725027528355	0.175310779435138	0.12484354904761	0.203159247337982	0.228063911452317	0.172304894741829	0.125107025945312	0.248480848677991	0.100229440271002
700023439	0.304704127874526	0.191639254358339	0.15411336758882	0.421450706711783	0.223266441162833	0.101295626871562	0.276958898519485	0.103232621151842	0.229990456515868	0	0.161543301732963	0.1819752353115	0.0829296046953651	0.130435968604572	0.133687602117231	0.186545145846911	0.0652083848263499	0.154484420043868	0.222525696799186	0.255335907615985	0.221057626249617	0.202836243905019	0.285027830247701	0.256083957026617	0.311927694794099	0.289602940603815	0.16628630582221	0.308596461865575	0.221733508984544	0.154771126486906	0.0973240365902263	0.217125834937737	0.158565363487649	0.0843175029425357	0.299047183916655	0.204263415630391	0.192556000201779	0.106630934655375	0.266744645722473	0.151604275931042	0.186498004883149	0.120868345245179	0.177667148810033	0.218938725955427	0.115437268085474	0.152400710106068	0.158169985084284	0.0801681897872774	0.102362208375994	0.153146433657636	0.222149475636052	0.282959065938017	0.321978948095838	0.179842912634019	0.349477028544358	0.0766708392612376	0.17340726611207	0.278517923118545	0.171596928256853	0.254167440692959
700016978	0.229832629824723	0.189898784278917	0.143310383831874	0.367960426458796	0.216306258557592	0.123707706708176	0.214151736668888	0.211662752018162	0.169751658218065	0.161543301732963	0	0.15953586715474	0.194759677569487	0.146454040115993	0.240916750658147	0.0813589779856934	0.167961527993592	0.118608136127958	0.14626227452838	0.194379737557886	0.160110334453426	0.0765709181400084	0.250341078043846	0.193171645513974	0.178824468373683	0.2505745022243	0.18548826800514	0.312063216062808	0.269040794781246	0.221672944999085	0.112384946668775	0.130815054119319	0.0949240104544586	0.113270224099159	0.256636195770766	0.149557262331624	0.175202298245827	0.181150984484632	0.206517964886593	0.280251866884524	0.154818863627465	0.144635082491308	0.149773916894628	0.145328602701235	0.167769262650352	0.204194671866426	0.152969071466751	0.180172983895399	0.120116225536601	0.117517324092468	0.13501625918934	0.233219303688096	0.258985103912115	0.135468858964432	0.290542290531711	0.152830478849629	0.166909522535919	0.184278833801803	0.13250847554404	0.196367993862235
700024192	0.352380588887863	0.305793940212374	0.107425732435807	0.464787169496941	0.323042713970361	0.129696737034408	0.310475283551197	0.233639488180091	0.288176429185306	0.1819752353115	0.15953586715474	0	0.204444855352693	0.24189443017627	0.215447832118374	0.162376398170668	0.204892369695369	0.169144339862288	0.251625702337425	0.312607373648092	0.246409929270091	0.133461502193283	0.347662668493226	0.322691621600693	0.276213768375222	0.361883388270124	0.286527008322209	0.390933116604088	0.33444062697417	0.277559230554838	0.180933926198334	0.174005233317105	0.200160886710165	0.158657771144664	0.370583961995128	0.255763437202567	0.275760965508607	0.178055270741239	0.337250959356377	0.281363180159602	0.273176261498877	0.150732108199352	0.26638342619116	0.255761058334532	0.203686676271939	0.27812511583315	0.258507149609969	0.182946024619611	0.202523927389161	0.0884714539881741	0.102821310243194	0.348207733591855	0.374624781862511	0.239538020455979	0.413898203736458	0.186591994171158	0.234765783800435	0.303191814664083	0.106811199226425	0.291937274401212
700113058	0.321176891648413	0.201076305184013	0.163219065661412	0.42364074941186	0.239802151052812	0.138595214748642	0.28491425242084	0.0762194248269485	0.255205514637229	0.0829296046953651	0.194759677569487	0.204444855352693	0	0.15976376635848	0.120866926374313	0.220208460197115	0.100777997715188	0.199393266027757	0.254686489305172	0.265260997331571	0.266865808364919	0.227556557277647	0.308445275088314	0.281745797360643	0.337050589862082	0.303506677106495	0.172791917805661	0.297532264028928	0.235803984549536	0.13993439682829	0.133895625703186	0.239766732013927	0.170227894002795	0.110404099760901	0.315071091837989	0.222354372384914	0.232530975641708	0.125849952846734	0.280944129457072	0.141047653850346	0.200784935837122	0.109072319777326	0.208154719272219	0.241935617725015	0.135774170193712	0.182109549460059	0.198436726299387	0.0832123508797921	0.148596766439619	0.169910580057125	0.252249276762672	0.294034598086865	0.325512376203854	0.22716974819734	0.37799719622147	0.0633989484000365	0.205821417175644	0.309089540238406	0.186779464611605	0.276494108651814
700099448	0.21754862809812	0.126880967971549	0.201605998500171	0.360947149882168	0.160016651265701	0.148979155597326	0.210524629506979	0.172830422719037	0.184563221050656	0.130435968604572	0.146454040115993	0.24189443017627	0.15976376635848	0	0.206864793846553	0.177441588604077	0.123743022081363	0.156280744798621	0.145127489089874	0.19292619648661	0.188320483832783	0.194466644842363	0.208844501457438	0.171728115100456	0.25667970663553	0.194313757807999	0.117331033707164	0.287182326083268	0.188346954774257	0.172468673642512	0.113705182788699	0.219867803326607	0.129460199926045	0.128948027527805	0.224802365864691	0.155630557379528	0.144708652889619	0.155162386669569	0.188409281430872	0.236787752974674	0.137115964809396	0.18940880704011	0.10851243202044	0.195942170939069	0.159162859345812	0.126522107046583	0.098118526721393	0.164845607396192	0.0757781356398587	0.192366865465653	0.224011321234674	0.215827202072786	0.257412537556571	0.123922163501369	0.2587179054007	0.14068060056838	0.145579947159449	0.212523409673014	0.199998091395599	0.201257340795478
700109870	0.342913145762651	0.248814090987222	0.183280970290274	0.446082455110279	0.275915856402691	0.175803670064772	0.319525134857664	0.13744304773323	0.286946857380612	0.133687602117231	0.240916750658147	0.215447832118374	0.120866926374313	0.206864793846553	0	0.261307627266894	0.148550020057721	0.239054255680562	0.288822529790343	0.314342045459295	0.275328909474434	0.267847042661106	0.321580504374859	0.316835254162953	0.36868459257239	0.332565999409535	0.225071843621535	0.352249186325272	0.255888269783666	0.197430505432216	0.204877798591676	0.273796466365934	0.242122342667728	0.188084176678124	0.345913908983375	0.265321196527512	0.281733381692307	0.147620919451742	0.320129020586253	0.168392237586461	0.265121272789856	0.172323771796439	0.264748049826535	0.290436743651271	0.1789808250756	0.194910486227534	0.236389474721565	0.122644169281103	0.196714892269483	0.198124687894686	0.283143970926311	0.328886553254142	0.35627593629297	0.261276097268083	0.393199394168688	0.141429945381434	0.234625360928702	0.344925257725583	0.208828342896714	0.31013766779993
700033928	0.223934946806594	0.232967207909782	0.144192473494769	0.375680285660234	0.240052382383287	0.137150207840261	0.211776155788426	0.240631727928124	0.163547053086391	0.186545145846911	0.0813589779856934	0.162376398170668	0.220208460197115	0.177441588604077	0.261307627266894	0	0.202227214149343	0.145211168087547	0.135568202946407	0.215796221782787	0.167142524672426	0.0826648428225689	0.253362680586721	0.185412446979067	0.191291542579358	0.257810132940761	0.221234395902569	0.337037301573295	0.3020964717678	0.254965203065701	0.144717090881026	0.127862048693647	0.125371482526641	0.139050899380843	0.270791588843623	0.193330721753595	0.197317829001961	0.196793358051166	0.213031675506249	0.301065437073442	0.171813735092003	0.164968587699579	0.176966866956347	0.177577087835777	0.195776140397285	0.232475871432943	0.161412830542728	0.204737038421863	0.157231869595074	0.115601469942242	0.117192940059372	0.227513693770816	0.26491850821681	0.161188720720908	0.297301116738315	0.1749295785878	0.182441372214672	0.176170887907304	0.128249142525624	0.185966984707706
700023693	0.307524873545252	0.167932142972914	0.187169034951134	0.411765342006351	0.211330523898659	0.134622818223667	0.275584985179616	0.0869822655727748	0.235460607737665	0.0652083848263499	0.167961527993592	0.204892369695369	0.100777997715188	0.123743022081363	0.148550020057721	0.202227214149343	0	0.17732615834189	0.2293741098235	0.240964834556028	0.224979070334902	0.213680161639248	0.289556445414083	0.260215117641009	0.320947843628453	0.277092850571964	0.149712482635566	0.289448844377467	0.196730142340778	0.14257396286953	0.108912502925904	0.234892844091434	0.143831946807461	0.0980161475365621	0.285117002635526	0.202442188699832	0.196938063070014	0.140923517819828	0.255097089037393	0.153131985159326	0.182087251872781	0.126031420681486	0.160360213276231	0.224059483467141	0.100747525396277	0.137491407619221	0.147802193179729	0.0812298482298091	0.119590777758126	0.175002014414619	0.24477578696683	0.281179841395939	0.313803022057251	0.193792175826215	0.356972334584964	0.0937195349728894	0.17684383743202	0.287840509014131	0.202098180222932	0.26021216124119
700109627	0.294228909442426	0.241009413070309	0.131034225073979	0.438901728011522	0.234041869057534	0.0836038058047697	0.302389128246602	0.218952297527218	0.254307472726359	0.154484420043868	0.118608136127958	0.169144339862288	0.199393266027757	0.156280744798621	0.239054255680562	0.145211168087547	0.17732615834189	0	0.214880329642007	0.277722538100281	0.253533753653454	0.161002321004638	0.313223350283354	0.257290406093065	0.260576736155077	0.292348034422525	0.197050176830092	0.341689133554836	0.307347975118556	0.21698688974071	0.119311748881204	0.202387998489975	0.172636459670735	0.115327686289252	0.318678919971799	0.234731383948571	0.143263210940035	0.114726961968078	0.277615034026845	0.280187555446224	0.239594043030941	0.158637439360244	0.203806009698975	0.224328878150471	0.201143559630384	0.239026265263079	0.196188701559963	0.195385897164238	0.111149529414114	0.150288000061884	0.17821702794439	0.316461904096597	0.345129427935693	0.203684736018638	0.338708576279434	0.173005619172627	0.234017432786595	0.262535135915685	0.164786185514667	0.278953367372668
700095416	0.137911301028561	0.188112823863418	0.230881957234212	0.329443932945409	0.201687550438089	0.218132799871248	0.141116283457865	0.270478256055718	0.108886252498823	0.222525696799186	0.14626227452838	0.251625702337425	0.254686489305172	0.145127489089874	0.288822529790343	0.135568202946407	0.2293741098235	0.214880329642007	0	0.163824823066906	0.118245950192318	0.156896709172089	0.184699952569042	0.101437313842029	0.170860279408028	0.190384208322714	0.207309087926009	0.347279716049792	0.277540940790907	0.272459201651297	0.181912597559652	0.168617709696493	0.156045182899848	0.210829808629245	0.211471010394504	0.140533709027261	0.183819615340611	0.222737377056381	0.141844658634339	0.33495761002377	0.120689104414784	0.255038607913464	0.134254606902106	0.146766157072269	0.235456354935793	0.209092879397042	0.128969824657169	0.241760650736304	0.165313660527748	0.211009335757586	0.207626952610903	0.163469824891133	0.206000669143888	0.0831351055469927	0.206039432580583	0.212211456339908	0.145456107438098	0.13216049599085	0.218494115532608	0.130738435555343
700110425	0.109935163607157	0.197333540608034	0.305547395145848	0.204820657500899	0.216100893786476	0.284127926420124	0.0951437613353843	0.273200608013832	0.16064951991153	0.255335907615985	0.194379737557886	0.312607373648092	0.265260997331571	0.19292619648661	0.314342045459295	0.215796221782787	0.240964834556028	0.277722538100281	0.163824823066906	0	0.159824349675058	0.226340867713239	0.160389052910417	0.127119181553004	0.161426761271359	0.20437659637017	0.226916367205729	0.319952637033594	0.268982403629368	0.274087980795044	0.231783018238065	0.254999202599461	0.178831618271897	0.244329528192206	0.189693189738666	0.128412847528796	0.227449670543245	0.297863929631953	0.135600333953984	0.332367026758762	0.128490432114738	0.266838454916579	0.161975378266803	0.148893449233289	0.244641812063282	0.218645752926076	0.171666754172432	0.255807791531646	0.22275177981694	0.274636465128223	0.276538665237259	0.106542114342923	0.0939780617166162	0.174777996038029	0.170919577971832	0.241922781244967	0.141269628871557	0.121555544152944	0.27650130421297	0.133957392571359
700111580	0.167364967225744	0.228362074291548	0.244367911064736	0.311666577356039	0.251500635304118	0.238172164665104	0.135503949538696	0.283187807546057	0.144606208919671	0.221057626249617	0.160110334453426	0.246409929270091	0.266865808364919	0.188320483832783	0.275328909474434	0.167142524672426	0.224979070334902	0.253533753653454	0.118245950192318	0.159824349675058	0	0.156197674654368	0.184913610249921	0.150767280003932	0.130239391184418	0.261253658814509	0.269811207557502	0.387233641905883	0.266334181819521	0.30497417732237	0.199827558678908	0.168433504330285	0.171184228518076	0.227311092115936	0.254516997264345	0.144643095558083	0.250616576050174	0.242354029944334	0.174516056224496	0.319079838109476	0.142142576761501	0.259530389948222	0.188166161318003	0.155985731797438	0.209562997868899	0.205293230996426	0.176995635115379	0.226486377037011	0.190006227878977	0.201252514768116	0.213248048162364	0.15991078376642	0.203785313180372	0.111054380315155	0.236671688490111	0.225715705632517	0.105134428684558	0.12225716394071	0.20858139371357	0.116352560346266
700111302	0.244048257360401	0.226094411505515	0.120736143223698	0.390272932243349	0.259247635075176	0.149755368896705	0.216755342578394	0.249839786908009	0.180666214672308	0.202836243905019	0.0765709181400084	0.133461502193283	0.227556557277647	0.194466644842363	0.267847042661106	0.0826648428225689	0.213680161639248	0.161002321004638	0.156896709172089	0.226340867713239	0.156197674654368	0	0.269990505180237	0.214716501765466	0.167447701091724	0.289260254948925	0.241060505506117	0.362884047917704	0.318714653416231	0.270372193227182	0.164408962246348	0.0918147141071766	0.143541463401117	0.155338483160093	0.291670518326558	0.178631022506818	0.221575127093171	0.208228330349583	0.230237434156323	0.309444048275414	0.201679818715676	0.168952981102169	0.193757525231643	0.162332284875328	0.199250952530387	0.256891085009094	0.197465391423969	0.207437918911654	0.172943063583368	0.08705135634782	0.107409094606574	0.247052095773217	0.276157436357088	0.13976315396941	0.311317350072659	0.184740403772269	0.179982752595245	0.196911217054317	0.104535139668326	0.194037636577673
700098605	0.124517970140571	0.194777924539407	0.325876020613482	0.21384589956409	0.227825726902989	0.299271552399617	0.139295664615879	0.302525297321954	0.184842301786247	0.285027830247701	0.250341078043846	0.347662668493226	0.308445275088314	0.208844501457438	0.321580504374859	0.253362680586721	0.289556445414083	0.313223350283354	0.184699952569042	0.160389052910417	0.184913610249921	0.269990505180237	0	0.149117779977922	0.219155583047441	0.207645285487039	0.243652760737542	0.352391429201158	0.277841832469577	0.324078582005935	0.26595529357134	0.287439521082631	0.255129255063276	0.292430650299256	0.203930637709225	0.171681813432396	0.270882009558139	0.299739101300507	0.15768247500141	0.341225942672323	0.172874517476172	0.338252862412443	0.220695758251373	0.221482225464513	0.311692813502992	0.223012604952094	0.194998595359649	0.309410571800736	0.242455430945345	0.303413058976757	0.312039325153513	0.154314109006412	0.140254157038093	0.178954584759288	0.12662879143601	0.285288946216152	0.19983965837131	0.185559091803297	0.309391499674273	0.14867444367423
700111991	0.0787172690511941	0.186218268351425	0.294169833322773	0.261664754859933	0.200742908670565	0.27625378406119	0.114970702019004	0.292429359034891	0.111991440576641	0.256083957026617	0.193171645513974	0.322691621600693	0.281745797360643	0.171728115100456	0.316835254162953	0.185412446979067	0.260215117641009	0.257290406093065	0.101437313842029	0.127119181553004	0.150767280003932	0.214716501765466	0.149117779977922	0	0.177877923878322	0.158954263620839	0.209082562605677	0.327869415066148	0.279200507680685	0.289687254933864	0.228987604275006	0.237710246642738	0.201318765540046	0.253737918955887	0.159967694504167	0.133380612387312	0.200127746207832	0.283721416026158	0.0795507160168266	0.35618541898215	0.117348318051793	0.301573586343558	0.160092099965096	0.15373082768159	0.279131813899156	0.222369908180834	0.146912352401336	0.281894238048711	0.211064937325243	0.27840969109162	0.263060245422573	0.107265215606139	0.139022906507608	0.135304093307392	0.134189943740925	0.257433708902117	0.176407508538358	0.110632544571379	0.27808087098505	0.130687805832471
700108960	0.15912340181403	0.286074571665795	0.262356830073808	0.302651454819999	0.321071478800983	0.269767422046466	0.136812425440538	0.35803704582119	0.166769354917303	0.311927694794099	0.178824468373683	0.276213768375222	0.337050589862082	0.25667970663553	0.36868459257239	0.191291542579358	0.320947843628453	0.260576736155077	0.170860279408028	0.161426761271359	0.130239391184418	0.167447701091724	0.219155583047441	0.177877923878322	0	0.308129880613768	0.31937091750846	0.421257471820869	0.358741919644296	0.359661643189331	0.266106689517615	0.148503958800154	0.22212340550215	0.269553441609823	0.28781515404498	0.167823469078601	0.285985275114216	0.313162825153934	0.205420237196564	0.411712208111295	0.215522169912362	0.290832452833073	0.238868888818354	0.155467129171129	0.304830886727283	0.311415595910955	0.259558413240482	0.320507330900866	0.262003356449324	0.231341547286362	0.222885395625156	0.177643812810782	0.179030956464656	0.174547365888989	0.208452197367481	0.300555087762112	0.17798912735128	0.116870118481695	0.230554280048008	0.12197339230859
700024452	0.194773410769245	0.158964800358697	0.329049880070749	0.247857845600625	0.147675957188536	0.308260521600997	0.222976156476222	0.276823324260363	0.212882058883448	0.289602940603815	0.2505745022243	0.361883388270124	0.303506677106495	0.194313757807999	0.332565999409535	0.257810132940761	0.277092850571964	0.292348034422525	0.190384208322714	0.20437659637017	0.261253658814509	0.289260254948925	0.207645285487039	0.158954263620839	0.308129880613768	0	0.184394917752323	0.261757226350145	0.191988459839697	0.249665899266554	0.268506684124539	0.306026410793	0.229097966111538	0.278765797592986	0.0742555946205989	0.208928796690888	0.255164627872941	0.306936918305484	0.150744419192534	0.310093412430453	0.167687807529338	0.305800929104413	0.191908413879895	0.249152935986832	0.273875420705599	0.187908257951366	0.181653358120533	0.299542548237825	0.243661226671058	0.320531931146157	0.323649843121868	0.184015769281486	0.198551951830247	0.207234312028818	0.196719361253843	0.281418942659296	0.241587785116535	0.226021412747215	0.311561906652085	0.249558468915764
700032931	0.249063107367401	0.104457325496052	0.227844064984288	0.366311626128481	0.153064580575941	0.193075736144088	0.268580718884418	0.140142479492224	0.220323244898164	0.16628630582221	0.18548826800514	0.286527008322209	0.172791917805661	0.117331033707164	0.225071843621535	0.221234395902569	0.149712482635566	0.197050176830092	0.207309087926009	0.226916367205729	0.269811207557502	0.241060505506117	0.243652760737542	0.209082562605677	0.31937091750846	0.184394917752323	0	0.23044443689037	0.188601200428043	0.148585356653626	0.15966011783211	0.273363930646275	0.157083325611152	0.159991954451566	0.212628056349804	0.20537106678765	0.166851444947965	0.19492961939512	0.204474883672068	0.213910180410001	0.185691486403613	0.184886016553377	0.13831920538345	0.22646352666641	0.1711396766894	0.138320000200037	0.127618977707513	0.171509328037661	0.136331479306234	0.231985954432988	0.277537584196631	0.250427050928343	0.265629309580098	0.19440538473237	0.274402547155863	0.15899397434999	0.229710437598552	0.266009615154502	0.235671666638642	0.267064093889636
700095837	0.357277720368883	0.240193858282085	0.371252601448228	0.413980180144116	0.259252765196453	0.34814951424047	0.368619908941334	0.277515404821522	0.335212723374529	0.308596461865575	0.312063216062808	0.390933116604088	0.297532264028928	0.287182326083268	0.352249186325272	0.337037301573295	0.289448844377467	0.341689133554836	0.347279716049792	0.319952637033594	0.387233641905883	0.362884047917704	0.352391429201158	0.327869415066148	0.421257471820869	0.261757226350145	0.23044443689037	0	0.18418827610374	0.201369602718279	0.306263252814164	0.395002650177051	0.270338396718552	0.287333684760585	0.275614408078109	0.321294162283348	0.309811970634803	0.361095493105935	0.314218835394803	0.309826044858701	0.293012813438639	0.297014350134901	0.276378623615217	0.334786444658262	0.253389006191513	0.264318835982298	0.289809180956407	0.304487410091022	0.29497386153665	0.358688340682779	0.381955094161721	0.340233535228782	0.349660567359721	0.344099841861322	0.383402184721552	0.289884712044904	0.355663198180206	0.372430998293128	0.365312870393671	0.375974654453366
700024548	0.309594645883701	0.162940600218996	0.322231496361617	0.356597105600304	0.18525588363524	0.281858210081314	0.299260970100463	0.20928927655365	0.288336597710455	0.221733508984544	0.269040794781246	0.33444062697417	0.235803984549536	0.188346954774257	0.255888269783666	0.3020964717678	0.196730142340778	0.307347975118556	0.277540940790907	0.268982403629368	0.266334181819521	0.318714653416231	0.277841832469577	0.279200507680685	0.358741919644296	0.191988459839697	0.188601200428043	0.18418827610374	0	0.156501468071778	0.23822089655085	0.340810259817674	0.206866780705296	0.23434177837787	0.204217181206724	0.239973042102725	0.283013462902676	0.284209018792079	0.254860505252743	0.207706938188405	0.214773240475941	0.245502839624463	0.199764716314514	0.302913924855795	0.159723351294882	0.114482975581551	0.20721389479876	0.215552268019397	0.22681266321197	0.313206618396887	0.339605205398438	0.280327460466122	0.29946873674964	0.244667695152229	0.321612751633803	0.239869137490891	0.244859851306486	0.312698578704293	0.314058411514727	0.302034808815589
700110161	0.329215622090862	0.191018404005314	0.203891948329565	0.407650397500256	0.202003012167039	0.189576045852217	0.314941843058337	0.126236243593558	0.272003068200729	0.154771126486906	0.221672944999085	0.277559230554838	0.13993439682829	0.172468673642512	0.197430505432216	0.254965203065701	0.14257396286953	0.21698688974071	0.272459201651297	0.274087980795044	0.30497417732237	0.270372193227182	0.324078582005935	0.289687254933864	0.359661643189331	0.249665899266554	0.148585356653626	0.201369602718279	0.156501468071778	0	0.175116012083691	0.294110224076608	0.18683874555722	0.151484391803946	0.26193313483736	0.251263732500146	0.23463461486896	0.182299576026402	0.275089260803857	0.189949578100222	0.235891468139142	0.149243191631137	0.193040264639262	0.26967274583887	0.145183917553843	0.188580463727266	0.204961241063441	0.155458836354497	0.168875244731431	0.239363775076526	0.296469019610435	0.298312072182733	0.33279146433408	0.241491721317976	0.374831099398607	0.148985518181946	0.244802859590451	0.318435038698495	0.240673637532599	0.305085151168446
700023496	0.273584252450285	0.17275019422871	0.15198488418043	0.404012164631055	0.199051493959276	0.096858649623827	0.255737698532991	0.156733298997459	0.209809852009567	0.0973240365902263	0.112384946668775	0.180933926198334	0.133895625703186	0.113705182788699	0.204877798591676	0.144717090881026	0.108912502925904	0.119311748881204	0.181912597559652	0.231783018238065	0.199827558678908	0.164408962246348	0.26595529357134	0.228987604275006	0.266106689517615	0.268506684124539	0.15966011783211	0.306263252814164	0.23822089655085	0.175116012083691	0	0.193689668319873	0.113606647849192	0.0748601224679464	0.272703424162781	0.1882341243152	0.155583308848599	0.128577813331219	0.234704604882576	0.220301028648891	0.1693321459504	0.136506638044837	0.138075393883402	0.185236207470531	0.125146985755045	0.168534791796904	0.139888845641986	0.133548941265094	0.0669171678195993	0.150961520449113	0.193939813201184	0.264233221688551	0.298960164679145	0.151153081868017	0.324557039281982	0.102723588402723	0.1866290689468	0.235583901272282	0.172702094651375	0.230763115935247
700034628	0.265741269368057	0.24180993339444	0.161969260166472	0.413687642709848	0.296705286431879	0.174321028481886	0.221544491933373	0.265294239019517	0.172478277419438	0.217125834937737	0.130815054119319	0.174005233317105	0.239766732013927	0.219867803326607	0.273796466365934	0.127862048693647	0.234892844091434	0.202387998489975	0.168617709696493	0.254999202599461	0.168433504330285	0.0918147141071766	0.287439521082631	0.237710246642738	0.148503958800154	0.306026410793	0.273363930646275	0.395002650177051	0.340810259817674	0.294110224076608	0.193689668319873	0	0.187559558478312	0.175444590402461	0.309248920895754	0.176854650357488	0.270021833099025	0.215894615219038	0.258159397104707	0.316942403083643	0.22661974465444	0.185073367408812	0.228584921498589	0.157838441324005	0.225129547670432	0.27914191199688	0.22968418798364	0.216009871514944	0.197056719247762	0.123686815158999	0.168689077334652	0.254682674772991	0.292034385934099	0.165027960051564	0.324997634886796	0.194920516058747	0.18828112676992	0.193881926814871	0.149733868446871	0.173955673751558
700023645	0.246252431249933	0.15755832366247	0.197250288731684	0.348909347851	0.182385726839683	0.166539457321799	0.215285413921225	0.170669382314518	0.192219649015004	0.158565363487649	0.0949240104544586	0.200160886710165	0.170227894002795	0.129460199926045	0.242122342667728	0.125371482526641	0.143831946807461	0.172636459670735	0.156045182899848	0.178831618271897	0.171184228518076	0.143541463401117	0.255129255063276	0.201318765540046	0.22212340550215	0.229097966111538	0.157083325611152	0.270338396718552	0.206866780705296	0.18683874555722	0.113606647849192	0.187559558478312	0	0.104866074835135	0.23481654473294	0.165499903749108	0.177107988494996	0.201559349825194	0.200270843553852	0.239956309271946	0.138077782508248	0.123039708437118	0.110716456122023	0.161948501892209	0.121274294208641	0.150069762156318	0.131492697407724	0.143794311179673	0.131444335454287	0.166011653135924	0.176273788799066	0.219498673392967	0.246295152893316	0.156127497487972	0.306040521433695	0.136290779702443	0.172662467886454	0.191793960397812	0.176080780860734	0.202169600500476
700038744	0.300103885988119	0.181687469484772	0.128134792525654	0.411711850212734	0.220328676629795	0.0831756976695287	0.275788787913591	0.129420124293769	0.229438283714479	0.0843175029425357	0.113270224099159	0.158657771144664	0.110404099760901	0.128948027527805	0.188084176678124	0.139050899380843	0.0980161475365621	0.115327686289252	0.210829808629245	0.244329528192206	0.227311092115936	0.155338483160093	0.292430650299256	0.253737918955887	0.269553441609823	0.278765797592986	0.159991954451566	0.287333684760585	0.23434177837787	0.151484391803946	0.0748601224679464	0.175444590402461	0.104866074835135	0	0.287194729039962	0.201777671027063	0.181218291886358	0.131835476001674	0.252374682919532	0.1933130599991	0.183026304973699	0.0874183637975502	0.163808986768128	0.200219793705205	0.118119838912491	0.171288099942923	0.168718296244533	0.101334382367637	0.0963448260864966	0.123954482513981	0.183994197746558	0.278995238734807	0.31320801527931	0.185361392543955	0.349636948378474	0.0790312880547846	0.198016874206042	0.247556109862268	0.149751062808591	0.251795811841301
700038485	0.188041349303481	0.159771372050487	0.340830794719526	0.227042936499156	0.164120042893794	0.321451216061092	0.205754347132138	0.287743576770931	0.191998200633902	0.299047183916655	0.256636195770766	0.370583961995128	0.315071091837989	0.224802365864691	0.345913908983375	0.270791588843623	0.285117002635526	0.318678919971799	0.211471010394504	0.189693189738666	0.254516997264345	0.291670518326558	0.203930637709225	0.159967694504167	0.28781515404498	0.0742555946205989	0.212628056349804	0.275614408078109	0.204217181206724	0.26193313483736	0.272703424162781	0.309248920895754	0.23481654473294	0.287194729039962	0	0.184695358424749	0.274204896077048	0.333388287123953	0.128596195555984	0.315637867876799	0.177959713098426	0.318636097911864	0.19706808039643	0.221500439328952	0.285622940286232	0.199206797283305	0.202928283498734	0.309838706076091	0.264915860218226	0.335877932494158	0.333984426300847	0.1659478948181	0.171381645742519	0.212411339412614	0.177626244748817	0.293595581949533	0.250411844989165	0.211008779742495	0.330605309168096	0.227358306999377
700024743	0.157474294835648	0.158986155794761	0.247569554037907	0.297825985537482	0.222411014449943	0.2253235139661	0.12916847469399	0.231171298072488	0.116248115942346	0.204263415630391	0.149557262331624	0.255763437202567	0.222354372384914	0.155630557379528	0.265321196527512	0.193330721753595	0.202442188699832	0.234731383948571	0.140533709027261	0.128412847528796	0.144643095558083	0.178631022506818	0.171681813432396	0.133380612387312	0.167823469078601	0.208928796690888	0.20537106678765	0.321294162283348	0.239973042102725	0.251263732500146	0.1882341243152	0.176854650357488	0.165499903749108	0.201777671027063	0.184695358424749	0	0.21969022992381	0.236933585301491	0.140005447899812	0.298132563667714	0.123225337219909	0.243615376293757	0.153925505719385	0.104413126955962	0.225185853294007	0.19017328964243	0.162987529197092	0.219176808218429	0.176666197580982	0.216949543985955	0.239293097371422	0.146153389283618	0.177478997170848	0.119622147494363	0.202413373314005	0.20214161713476	0.140756875892843	0.133494304201096	0.218882016048873	0.10367074467214
