700108602	700014971	700033565	700109389	700023058	700023927	700106341	700114221	700023543	700023439	700016978	700024192	700113058	700099448	700109870	700033928	700023693	700109627	700095416	700110425	700111580	700111302	700098605	700111991	700108960	700024452	700032931	700095837	700024548	700110161	700023496	700034628	700023645	700038744	700038485	700024743	700099596	700110760	700101587	700106399	700032322	700095653	700021312	700101230	700023590	700038905	700033136	700023382	700096424	700105469	700016908	700096053	700108479	700109569	700033814	700016125	700109756	700102665	700101777	700109455
700108602	0	0.153582055374642	0.157951977909481	0.104779455668244	0.118704251119286	0.16885165262026	0.0820138019187609	0.182904315852054	0.0823458206016012	0.158051613730112	0.117275860305374	0.159293063539543	0.157536112188584	0.146733944530885	0.157667094473245	0.100432536473113	0.187611894482805	0.162780435153508	0.0920756486169718	0.0950617164384934	0.0878662083141369	0.107612617333565	0.112818527193555	0.07540809230276	0.0869314643825326	0.120364933237282	0.15002125454588	0.136811826989509	0.150482795281524	0.165639805526414	0.162837345132325	0.113165264861678	0.114440111880726	0.150181167601952	0.124809073719708	0.118659926235583	0.134370391966318	0.171957720890001	0.0913665068969717	0.177074344517404	0.095101748082826	0.156887858077376	0.140247515216315	0.126300764988785	0.150361001316303	0.131366466382139	0.12941833147971	0.143681146050123	0.146341029004212	0.138002644798843	0.114447186108581	0.0841911473627668	0.0962820391130039	0.103491132095355	0.106184875694083	0.153628473663393	0.102226935914879	0.0795731534781529	0.137463077177519	0.0989511894942724
700014971	0.153582055374642	0	0.147461319916985	0.159031453772942	0.135838010628709	0.148136632822729	0.15247621841938	0.149757407527958	0.150526337892096	0.135394315941787	0.132345346568607	0.16444601120398	0.143682344421301	0.133278990433946	0.145243671614602	0.153492240595944	0.135990849203318	0.157427741939307	0.157691194157995	0.140153360614535	0.140051520800012	0.12831055279452	0.129503951650804	0.149891787166425	0.152510793302245	0.16320203617434	0.124123329846648	0.12867909236854	0.135285802722343	0.1357112256541	0.131339222898422	0.142807620916233	0.130069645251435	0.12745412626041	0.148597069877036	0.133069533597874	0.161897184566375	0.159542489341172	0.148986015588657	0.141876011514737	0.136957672885623	0.143466696227854	0.139488054562907	0.131802330370321	0.133999440181857	0.130369456328299	0.121201323517079	0.141252781770369	0.136460283911833	0.13932295173	0.134418727277448	0.158143097742555	0.14310180946239	0.136231137836617	0.171168603246219	0.137433485578535	0.135148603216782	0.148246962041588	0.135018128348687	0.142089687555763
700033565	0.157951977909481	0.147461319916985	0	0.146893955423016	0.156379143611228	0.0811354202516615	0.141340334584179	0.110798220459502	0.154349172272466	0.0852227617543191	0.106080786522877	0.0611218153299311	0.104974389193993	0.121634989261756	0.0852723990055674	0.109604207329481	0.113314170349328	0.0938329086850436	0.147313586264878	0.141442047489287	0.137507995049979	0.0926508510514825	0.135125112804474	0.141513515929074	0.13401855663053	0.16624643023499	0.139856697505789	0.142407048242649	0.132383502433655	0.101220779520827	0.096683398019444	0.100649574729794	0.10207400537703	0.084898281478473	0.151210167436147	0.10711386167228	0.138174427624166	0.0808710606476082	0.160260496947389	0.104224723153733	0.147973210932996	0.0747250878536964	0.12953301173744	0.116749555490528	0.112193797586408	0.119512243082345	0.13307184841111	0.0848218291749995	0.105934044645369	0.0790534372571051	0.0801733466648731	0.171522086319189	0.150437285852726	0.122060936801738	0.181092108939447	0.108110835401833	0.122672406765221	0.155934566206329	0.0735795817447429	0.129773063870121
700109389	0.104779455668244	0.159031453772942	0.146893955423016	0	0.131885272609572	0.166271869378782	0.0855071094278942	0.1815852764511	0.127128724373083	0.17189475449775	0.14486993880682	0.146569978036172	0.172265489837359	0.150520296271025	0.145012011329372	0.133256165386102	0.186695956950264	0.182182850834373	0.135672234925157	0.0949646454863839	0.10759983853748	0.133967125857931	0.102582273659651	0.10981252618766	0.102444979149809	0.115783158967905	0.171237992406523	0.143081932320525	0.13286246719683	0.159683160477558	0.176392330878892	0.141088665667341	0.13763479007149	0.157566302537924	0.119476520231228	0.119665681369576	0.171248638346846	0.162918124519504	0.128046498082885	0.168931314255958	0.125396291763507	0.155950613604686	0.155602596596432	0.123569673435533	0.152282304846987	0.14698031438649	0.15180050391603	0.155124541584904	0.155929994444523	0.141471310141737	0.118941000392391	0.103670254553513	0.0684813756629754	0.133911475619352	0.115133090930086	0.176515273563183	0.103659636957623	0.0918713227989152	0.123942897108908	0.102783171296877
700023058	0.118704251119286	0.135838010628709	0.156379143611228	0.131885272609572	0	0.143990313154835	0.113729768870284	0.158674133701182	0.114101992270935	0.14344546490634	0.122016823512893	0.157846712293904	0.156685827885135	0.12431584775625	0.147252048900989	0.128209079241581	0.151475755716992	0.150987174388437	0.121943327810911	0.11996978464324	0.118610977773722	0.127408311314448	0.120911523698803	0.122630299652587	0.13040067311566	0.105717551843321	0.140006761811884	0.129458949138821	0.123307778787471	0.141790760467479	0.147483133935105	0.146130305751477	0.122921988457864	0.130556347208822	0.1043616903572	0.123080950395069	0.127517856839231	0.148383273606632	0.107452947031583	0.158259503207413	0.122528137936925	0.143057154995989	0.119668127318405	0.127250915214866	0.135503278534474	0.12100020376099	0.115838077233771	0.135358537140527	0.122670285765909	0.153575358816952	0.129186810329187	0.115306201988612	0.114996108458614	0.12031092674485	0.127733605992789	0.161003337354047	0.117413451107002	0.12262665524259	0.135786434734635	0.123756792293766
700023927	0.16885165262026	0.148136632822729	0.0811354202516615	0.166271869378782	0.143990313154835	0	0.15646952655964	0.127836665768033	0.166593505329383	0.0937447233150807	0.108745497715509	0.0983580987668798	0.114289838519046	0.0998697618449165	0.0927404256540998	0.127608120888592	0.108239833814771	0.0793958639681702	0.152284822629554	0.144005646397051	0.144990401383594	0.116634226598875	0.13598392472095	0.160692054813306	0.139984985748283	0.165722438654657	0.141594192189022	0.149740876767961	0.12552680654298	0.0868903082889794	0.0830659779261832	0.131366602680978	0.120748837687337	0.0885613882677464	0.152372342865182	0.120750931526792	0.118885403146273	0.0683827547780348	0.165888797781638	0.120042459043084	0.158538654590977	0.0891924637088194	0.114686276805136	0.127670324574586	0.113353140394407	0.121434309337563	0.141574450690272	0.0990555900692577	0.0704879649134398	0.0987054992114021	0.107676309698455	0.17395251241447	0.160225861156055	0.117958507736326	0.181244305245672	0.115102536734575	0.126611502489704	0.160031555228293	0.100360083305201	0.141429991539526
700106341	0.0820138019187609	0.15247621841938	0.141340334584179	0.0855071094278942	0.113729768870284	0.15646952655964	0	0.183501558399588	0.082128362844617	0.166287107795915	0.120793248802462	0.125859783693965	0.160384078560504	0.139127607226991	0.135324874634551	0.10788083529484	0.183385687659791	0.167744086253124	0.105441522054587	0.0778117183901373	0.0856394399860531	0.106246588321736	0.102432227469809	0.103024891989293	0.073823903098784	0.127678417679043	0.166963612594489	0.148814557376264	0.148091588102192	0.157829482814331	0.155921756317924	0.0830968156938856	0.120092872033983	0.146768127115658	0.131331833099857	0.0933998442861783	0.155344148052053	0.157172626296917	0.0993151462812141	0.168364784416506	0.121784238566068	0.140655943778428	0.129040913370053	0.0935267160658183	0.138711544108576	0.148728422798203	0.137830920232941	0.13448071470186	0.145729271578013	0.120104430777531	0.104816738714643	0.0756362473932414	0.0746381270264979	0.112284829336301	0.119863845644483	0.160691478874973	0.0909734979327746	0.066489191824327	0.117903757669944	0.0672087281101508
700114221	0.182904315852054	0.149757407527958	0.110798220459502	0.1815852764511	0.158674133701182	0.127836665768033	0.183501558399588	0	0.183453846073021	0.0918917769589913	0.143427452131422	0.123786317477226	0.102147712435114	0.146911390716357	0.110028946862241	0.158974244954308	0.0836941270567779	0.152576574985942	0.178238060161774	0.172220453444784	0.168482720150981	0.138082607159246	0.169428486022873	0.17445417119287	0.179963985975955	0.184920799966324	0.137906257610378	0.138012971964832	0.125455110437873	0.120581491931752	0.121107102104343	0.15462547568308	0.123947108737654	0.111305122805074	0.17196258921067	0.140134257562313	0.163793591191488	0.106394534023869	0.183405893795187	0.0993597349215549	0.154506540384636	0.104189155933672	0.157670525935363	0.142659001138782	0.11589259512077	0.132633549183552	0.143917062044132	0.0954366566799281	0.136282855834849	0.127538771762525	0.141784755556847	0.200923324094239	0.175697919697414	0.15060924549888	0.206642445106341	0.116056759166742	0.148994829790717	0.193583634986167	0.121333305839844	0.171689841568166
700023543	0.0823458206016012	0.150526337892096	0.154349172272466	0.127128724373083	0.114101992270935	0.166593505329383	0.082128362844617	0.183453846073021	0	0.164143133775998	0.119166566969483	0.150203641720785	0.158955999815057	0.141736648413929	0.153937804598987	0.0939622361876336	0.184687881899881	0.161862072335339	0.097669827407244	0.10033030204926	0.103562437569036	0.107101600654357	0.116881907473865	0.0987711842341689	0.094591897171202	0.11617511748972	0.154978855986094	0.132317739813604	0.160939222332766	0.161880133365896	0.161026777137867	0.0995605982272005	0.118085147208183	0.149389927370714	0.120825360919606	0.120674533269022	0.137277851014378	0.170566220561782	0.0844351001344068	0.176166694017949	0.11743402878249	0.150790568016859	0.128636995627599	0.101190185736997	0.148644398352994	0.137163500655257	0.114981302094195	0.141780658619886	0.154546567138973	0.132304938187174	0.116484208215431	0.0790667518721764	0.104118132297055	0.118313554168278	0.117174350988465	0.154575630709303	0.119904239623188	0.0852803981387162	0.133080914993202	0.0876605050091407
700023439	0.158051613730112	0.135394315941787	0.0852227617543191	0.17189475449775	0.14344546490634	0.0937447233150807	0.166287107795915	0.0918917769589913	0.164143133775998	0	0.110727963526015	0.112136645493217	0.0972301869402822	0.128223244895895	0.105967562200208	0.131655471586527	0.0803875926600306	0.103473275184542	0.150144417345085	0.154202655429036	0.142238225279442	0.115142128819576	0.143765790373298	0.154625466837371	0.154396237749555	0.167671712787553	0.135135784483351	0.1394126774431	0.125615798508879	0.10226385129368	0.0872233491017306	0.132760394735605	0.106114211839105	0.0843844293524085	0.152757860798741	0.115160650900952	0.128191040500305	0.0761407368118706	0.164946972881699	0.0893853666785245	0.13612597701337	0.087548503920328	0.132331560750694	0.133328385987581	0.107626740711561	0.109369094034444	0.117337348653797	0.0880382985666271	0.101649033206003	0.104354046609964	0.118093120471367	0.180291887881291	0.162321658545323	0.114711820380379	0.179458813329522	0.0986873721262789	0.130250957697424	0.167531278077417	0.100187107042106	0.150730914767915
700016978	0.117275860305374	0.132345346568607	0.106080786522877	0.14486993880682	0.122016823512893	0.108745497715509	0.120793248802462	0.143427452131422	0.119166566969483	0.110727963526015	0	0.106653945953761	0.11528799145222	0.114390650409139	0.125104427571186	0.0969690974959878	0.129059207306563	0.109947241540313	0.125855742244705	0.11256929472871	0.106300442140004	0.0692651798245884	0.124730603500064	0.12452208582518	0.1032682713328	0.152312343469966	0.130314044458862	0.117304863731412	0.131672603023645	0.11033692463944	0.0971035111730966	0.0988928553445861	0.0850915645230443	0.0913380523377869	0.140606510117209	0.0959154690411709	0.109862456377918	0.116530665108874	0.119847552121757	0.137629967872258	0.111592733130352	0.096645246811458	0.108609114699266	0.105109696603927	0.112694744586859	0.116245978970314	0.119722034501445	0.0942508224559027	0.10009105065386	0.102652684847671	0.0835755636955427	0.140723445881655	0.127836818529656	0.068631972233842	0.145144795442557	0.118327791193845	0.104414878562652	0.126467016499086	0.0980592548047053	0.121140798057075
700024192	0.159293063539543	0.16444601120398	0.0611218153299311	0.146569978036172	0.157846712293904	0.0983580987668798	0.125859783693965	0.123786317477226	0.150203641720785	0.112136645493217	0.106653945953761	0	0.0989998540036189	0.134813329368913	0.0808249680375775	0.10592486487588	0.129690366358503	0.112713941879001	0.133659499896925	0.136112991305991	0.129023707042187	0.0837981095378394	0.138437545515239	0.154613764213647	0.122875220400783	0.164272190121797	0.149595674295161	0.141322190267462	0.129180348318305	0.114572274362893	0.102359044730703	0.0938440217089377	0.100588232975464	0.105008728028039	0.159005032081199	0.11491608692792	0.14853951635416	0.0901170644737227	0.160944802434449	0.0994733196383396	0.148177745083928	0.0639437634897448	0.136690087616628	0.105253223981098	0.0949350618593317	0.133226969099666	0.142643482984764	0.0799597166054016	0.119881457368935	0.0716116120556061	0.0811874158117628	0.165229717781457	0.145711703590835	0.128009902589151	0.185353935374004	0.0998083728786567	0.112696316037148	0.149134057203634	0.0758441517322399	0.124052374710382
700113058	0.157536112188584	0.143682344421301	0.104974389193993	0.172265489837359	0.156685827885135	0.114289838519046	0.160384078560504	0.102147712435114	0.158955999815057	0.0972301869402822	0.11528799145222	0.0989998540036189	0	0.131833596511475	0.090128165865198	0.129582333722166	0.113236512566301	0.127626427074337	0.154162750075511	0.143865653354635	0.145910022125367	0.105099706699929	0.155264475297446	0.158653226474051	0.151736521351662	0.172581394267572	0.133843386039754	0.117036212332578	0.122938100866215	0.100285243585227	0.0972972140403301	0.126023955615204	0.111409616166044	0.0973437522330542	0.166955807734132	0.13336125838908	0.139758688281146	0.107926659109932	0.163893483942817	0.0925365287210941	0.139070015649919	0.0776458304128792	0.153445467614128	0.126786774618159	0.0974034461487289	0.118046063289907	0.149491636436551	0.0861232881481926	0.115977998341512	0.103089361935503	0.116052504010835	0.179178846889734	0.162126367568871	0.131515943300568	0.191404539924313	0.074747061787239	0.129367404405987	0.167971681534774	0.105046106455717	0.14431942434461
700099448	0.146733944530885	0.133278990433946	0.121634989261756	0.150520296271025	0.12431584775625	0.0998697618449165	0.139127607226991	0.146911390716357	0.141736648413929	0.128223244895895	0.114390650409139	0.134813329368913	0.131833596511475	0	0.118721931507002	0.135493597813461	0.128542508960428	0.121731762887328	0.137462021567253	0.127630270807973	0.123960405430728	0.123861302803708	0.106662910701325	0.133529198452861	0.137666478148841	0.13125642890802	0.129363307969778	0.137843499779067	0.109951141701236	0.102177119986168	0.111638980724777	0.142447541153509	0.119633116251263	0.111056892136253	0.123663613962831	0.116888782387933	0.126728887468731	0.120522976779134	0.139050045032156	0.144695302397882	0.143813606381413	0.118750818919583	0.118681598853285	0.134240583610652	0.118813839355168	0.11898528634151	0.119516420355728	0.119507104270772	0.0789808889487527	0.125439135050329	0.119030556363141	0.127726002747268	0.140689237193914	0.117668974229062	0.142447277314118	0.140219912817841	0.114538980091049	0.127718709669058	0.105773038458438	0.131660277103038
700109870	0.157667094473245	0.145243671614602	0.0852723990055674	0.145012011329372	0.147252048900989	0.0927404256540998	0.135324874634551	0.110028946862241	0.153937804598987	0.105967562200208	0.125104427571186	0.0808249680375775	0.090128165865198	0.118721931507002	0	0.123475751259946	0.116206407093356	0.127582884614644	0.15033555997107	0.130650063112001	0.132972428187159	0.115453698637674	0.127263901379105	0.158238860240226	0.136548074801069	0.164697582738466	0.138199288145296	0.131098481649378	0.112968874380814	0.0867503116543666	0.111691821609084	0.116485232481879	0.122513924170069	0.110084535318494	0.158711295171221	0.126427890288332	0.149886465371647	0.0790347258662989	0.161225605679961	0.0894129441939398	0.154792288574531	0.0721898953806859	0.147026112842194	0.112246360718081	0.0981073741842228	0.12005417198638	0.143636771960176	0.0781959994321946	0.110576015316997	0.0901924749261991	0.108190735880778	0.162317303276985	0.1440079660343	0.136544582323979	0.186400591269521	0.096727144186412	0.111090076303746	0.15534474986584	0.0808995389771066	0.121220951892453
700033928	0.100432536473113	0.153492240595944	0.109604207329481	0.133256165386102	0.128209079241581	0.127608120888592	0.10788083529484	0.158974244954308	0.0939622361876336	0.131655471586527	0.0969690974959878	0.10592486487588	0.129582333722166	0.135493597813461	0.123475751259946	0	0.157429469627758	0.117513148333061	0.0994511238302599	0.11125765510033	0.100068385398669	0.0804148011571308	0.123634897028977	0.0942706573609414	0.0941848499907798	0.134784387338873	0.145525125061574	0.11858146501762	0.138281174704693	0.129702446443077	0.12388650666737	0.0973707241182606	0.0928085252165069	0.122081147138778	0.123245062281495	0.118570527764727	0.108730620719572	0.135505664825717	0.110183372250199	0.145316118488732	0.106294370690189	0.104302704877487	0.121565321429959	0.107443904702849	0.121079572649698	0.128764822911861	0.121988876797038	0.111027261434392	0.123694594463744	0.0942171425261228	0.0863831253505917	0.116666889314147	0.117638209056865	0.112682605321786	0.136451130962574	0.125930923188858	0.109096419869214	0.105895398957145	0.105073311323719	0.0992628281924867
700023693	0.187611894482805	0.135990849203318	0.113314170349328	0.186695956950264	0.151475755716992	0.108239833814771	0.183385687659791	0.0836941270567779	0.184687881899881	0.0803875926600306	0.129059207306563	0.129690366358503	0.113236512566301	0.128542508960428	0.116206407093356	0.157429469627758	0	0.120912266337587	0.173295483124883	0.172813553581853	0.167973238661985	0.137711441049354	0.161835669626992	0.175529391672928	0.18006979700015	0.186580048848717	0.138555728706948	0.150874374362663	0.120337235143991	0.110455863050849	0.0955741477858379	0.156930863003744	0.12227850247385	0.0957723468606742	0.170491914365107	0.133190225630643	0.150780412310778	0.103512170810616	0.181659366217659	0.103565950508022	0.159188500965774	0.101388026230306	0.134626192315053	0.146406231428497	0.111353287238245	0.12514989623695	0.135436771430076	0.109649025008316	0.119935337442693	0.13350842735587	0.139241895427474	0.199735859641295	0.177200122429769	0.139412473836499	0.202609244812694	0.12387117143155	0.150440486633907	0.190501961607916	0.12442325654394	0.16923201513301
700109627	0.162780435153508	0.157427741939307	0.0938329086850436	0.182182850834373	0.150987174388437	0.0793958639681702	0.167744086253124	0.152576574985942	0.161862072335339	0.103473275184542	0.109947241540313	0.112713941879001	0.127626427074337	0.121731762887328	0.127582884614644	0.117513148333061	0.120912266337587	0	0.145458495313049	0.155336063364084	0.148150578660432	0.10995422374385	0.146311384741447	0.1490077066579	0.145080679677076	0.171532766369357	0.138476151138177	0.152852039103253	0.150952898576019	0.117408877188104	0.0976318780160475	0.136484501879367	0.12281481352507	0.105095593786837	0.15310781219331	0.140730967760057	0.11229573745043	0.094166282050405	0.169669413429943	0.138645776557856	0.152469402184885	0.107103434486485	0.107164037417484	0.13902618135136	0.1387702267804	0.136566863396211	0.136741076038696	0.123518657000609	0.0873326045502074	0.118136637741158	0.111845162055101	0.177524098502319	0.171597550109469	0.115899410949149	0.174603615012565	0.132242404983594	0.147070384925282	0.168998824861529	0.121935891196233	0.157294407511911
700095416	0.0920756486169718	0.157691194157995	0.147313586264878	0.135672234925157	0.121943327810911	0.152284822629554	0.105441522054587	0.178238060161774	0.097669827407244	0.150144417345085	0.125855742244705	0.133659499896925	0.154162750075511	0.137462021567253	0.15033555997107	0.0994511238302599	0.173295483124883	0.145458495313049	0	0.116740940766439	0.10064184309951	0.105952215039211	0.119499366426958	0.100325812348992	0.105994145471152	0.111246140427849	0.140700673521736	0.131980744037653	0.138394542668362	0.15830808549417	0.143587166096206	0.117914732657843	0.108960377160935	0.14686300342069	0.117629750220447	0.123652514203907	0.116823543118447	0.154407271418327	0.0969575834731048	0.162203556211324	0.0942609370259797	0.141111108121659	0.108679683506764	0.125537337086681	0.135606167849167	0.118344674052817	0.1098204820563	0.140589839249637	0.135614654542074	0.132436372245773	0.112282040308143	0.112136465872213	0.124104092943034	0.10636967149292	0.110909787702011	0.147321752897339	0.115114570187157	0.107043543242641	0.132022158587237	0.119857297012453
700110425	0.0950617164384934	0.140153360614535	0.141442047489287	0.0949646454863839	0.11996978464324	0.144005646397051	0.0778117183901373	0.172220453444784	0.10033030204926	0.154202655429036	0.11256929472871	0.136112991305991	0.143865653354635	0.127630270807973	0.130650063112001	0.11125765510033	0.172813553581853	0.155336063364084	0.116740940766439	0	0.0806568572617455	0.103977273785975	0.0897850451434081	0.107958492985486	0.0575569146418437	0.126512480657226	0.14079083024591	0.127987454995233	0.131779812597886	0.129956368508642	0.151274616184425	0.111027649501763	0.11583797743921	0.141153545000765	0.135949833910939	0.0910269378604145	0.145080608669309	0.155294032001949	0.120462885640603	0.162770593524656	0.117208123950855	0.131748137172545	0.132690182973057	0.0824610595923126	0.127863109216711	0.139778329306144	0.141214242754435	0.127113158420622	0.126338837270035	0.123543881850957	0.104929186452843	0.0813290877753541	0.0640072527691816	0.111016036670277	0.122438454586755	0.149258301010037	0.0761919064558947	0.0712565050680385	0.110758055184285	0.0742847116067513
700111580	0.0878662083141369	0.140051520800012	0.137507995049979	0.10759983853748	0.118610977773722	0.144990401383594	0.0856394399860531	0.168482720150981	0.103562437569036	0.142238225279442	0.106300442140004	0.129023707042187	0.145910022125367	0.123960405430728	0.132972428187159	0.100068385398669	0.167973238661985	0.148150578660432	0.10064184309951	0.0806568572617455	0	0.0865541041934188	0.0973862973930848	0.098084648461116	0.0644162652438809	0.135666877884877	0.144966948956937	0.136015501829257	0.123754898560885	0.144340925595973	0.143091260309711	0.0982485593135194	0.103545278149285	0.134100982492243	0.136833582543234	0.0974105220563765	0.143991659189493	0.14755336964628	0.118688436993999	0.150032191787873	0.110852453729375	0.124857946962782	0.131553620821976	0.106259693931703	0.116579999371397	0.12157568315031	0.11808431576527	0.114054897754856	0.121190368908143	0.112627242195035	0.101016710596291	0.0956118477399478	0.0923517145309391	0.0949293698078638	0.119560330120638	0.142813262790416	0.066430608642756	0.0778556694108143	0.103133689016522	0.0809915977426643
700111302	0.107612617333565	0.12831055279452	0.0926508510514825	0.133967125857931	0.127408311314448	0.116634226598875	0.106246588321736	0.138082607159246	0.107101600654357	0.115142128819576	0.0692651798245884	0.0837981095378394	0.105099706699929	0.123861302803708	0.115453698637674	0.0804148011571308	0.137711441049354	0.10995422374385	0.105952215039211	0.103977273785975	0.0865541041934188	0	0.124766572550097	0.112306444003299	0.0874145601687254	0.145971856551588	0.124422392011358	0.119855071332455	0.124683337490759	0.124517352442837	0.103970396548732	0.0750412854615521	0.0708328394917415	0.0919469434948384	0.13670505998887	0.0902295251813136	0.123860138006494	0.122230411174768	0.122721851589416	0.122002436196618	0.112354526142261	0.0854711840779207	0.117774582033472	0.0897373810226527	0.0969826360269724	0.117846053393542	0.11932715493692	0.081440764625397	0.108640086089938	0.0809190576607781	0.0712967710040865	0.129244510751189	0.120241818002154	0.0854605871033729	0.14704960305328	0.108335836820389	0.0908675626860261	0.114051789604718	0.0832351100801151	0.109389154599802
700098605	0.112818527193555	0.129503951650804	0.135125112804474	0.102582273659651	0.120911523698803	0.13598392472095	0.102432227469809	0.169428486022873	0.116881907473865	0.143765790373298	0.124730603500064	0.138437545515239	0.155264475297446	0.106662910701325	0.127263901379105	0.123634897028977	0.161835669626992	0.146311384741447	0.119499366426958	0.0897850451434081	0.0973862973930848	0.124766572550097	0	0.114716265498733	0.112110076924351	0.11699794073021	0.130497041645151	0.132955401759305	0.127746273071441	0.13019032022242	0.144541453299758	0.121663306480671	0.124420803304756	0.135179804243121	0.121276462983376	0.100798007899497	0.134559390501846	0.13023653530497	0.122452766348028	0.153635806003154	0.124087060758833	0.138779152379134	0.125626070333604	0.107850809099823	0.144587545963117	0.120077454973186	0.120933690262158	0.135386887210333	0.121475467963604	0.126401979036948	0.113591718906467	0.100454885744279	0.097405619097828	0.109769510948224	0.105739063698592	0.15624753604491	0.108794408720219	0.0954171421181552	0.106286479774464	0.0834072496040932
700111991	0.07540809230276	0.149891787166425	0.141513515929074	0.10981252618766	0.122630299652587	0.160692054813306	0.103024891989293	0.17445417119287	0.0987711842341689	0.154625466837371	0.12452208582518	0.154613764213647	0.158653226474051	0.133529198452861	0.158238860240226	0.0942706573609414	0.175529391672928	0.1490077066579	0.100325812348992	0.107958492985486	0.098084648461116	0.112306444003299	0.114716265498733	0	0.098494227787508	0.107955312100818	0.133762849757156	0.129281963873749	0.138622716463597	0.16252503750111	0.157004167493904	0.128951830815659	0.116425411102727	0.142865548580854	0.115405918301388	0.114289575646245	0.130549571926749	0.158743867739747	0.109142147701709	0.172812334764684	0.0982633910540714	0.150466750060657	0.129545909025997	0.121296708751626	0.146555371432299	0.126839045161477	0.118269112524585	0.147615221249637	0.140564490642115	0.14096278980739	0.112734255270824	0.105125107271453	0.102721651487069	0.10892120954023	0.0936116875736393	0.159769218596702	0.113860492773135	0.0963056842578529	0.130802856503717	0.106546488551361
700108960	0.0869314643825326	0.152510793302245	0.13401855663053	0.102444979149809	0.13040067311566	0.139984985748283	0.073823903098784	0.179963985975955	0.094591897171202	0.154396237749555	0.1032682713328	0.122875220400783	0.151736521351662	0.137666478148841	0.136548074801069	0.0941848499907798	0.18006979700015	0.145080679677076	0.105994145471152	0.0575569146418437	0.0644162652438809	0.0874145601687254	0.112110076924351	0.098494227787508	0	0.141631186856748	0.16293005383055	0.140352200288657	0.136487244785281	0.13984836547395	0.153266620775816	0.0905778671304158	0.113593907275151	0.141907164672096	0.143475755906107	0.0984337133824359	0.143333657999639	0.153899047892209	0.119272196977635	0.162528646313523	0.120538792932231	0.125157084841462	0.134742351219517	0.0955442015442367	0.128280575774876	0.145047583352757	0.141567928167553	0.126064519605682	0.129509795979683	0.107596584842826	0.0940892135494425	0.0873261286127001	0.0780242859968797	0.104316637031287	0.119298056014332	0.150735461279225	0.0721086515009712	0.0718105487539395	0.106775688770359	0.0772217929591937
700024452	0.120364933237282	0.16320203617434	0.16624643023499	0.115783158967905	0.105717551843321	0.165722438654657	0.127678417679043	0.184920799966324	0.11617511748972	0.167671712787553	0.152312343469966	0.164272190121797	0.172581394267572	0.13125642890802	0.164697582738466	0.134784387338873	0.186580048848717	0.171532766369357	0.111246140427849	0.126512480657226	0.135666877884877	0.145971856551588	0.11699794073021	0.107955312100818	0.141631186856748	0	0.148094749562368	0.127274757470349	0.120888675365596	0.158468328452315	0.172886917699311	0.165200923897534	0.140717633928595	0.163869332674497	0.0771560072407322	0.135761652653416	0.146176189023887	0.164896665684045	0.104847781622518	0.177029980812048	0.122024037389006	0.162176769232478	0.140684367832954	0.138906713571988	0.153848728414212	0.127225838222276	0.118128384895114	0.167815743867268	0.150368478515745	0.166511995789938	0.136862179853386	0.0981035011905288	0.111600216856158	0.134124214251357	0.107915606702866	0.173909489759229	0.128369931360493	0.118874602221923	0.142950347621889	0.138867669415971
700032931	0.15002125454588	0.124123329846648	0.139856697505789	0.171237992406523	0.140006761811884	0.141594192189022	0.166963612594489	0.137906257610378	0.154978855986094	0.135135784483351	0.130314044458862	0.149595674295161	0.133843386039754	0.129363307969778	0.138199288145296	0.145525125061574	0.138555728706948	0.138476151138177	0.140700673521736	0.14079083024591	0.144966948956937	0.124422392011358	0.130497041645151	0.133762849757156	0.16293005383055	0.148094749562368	0	0.121541216720779	0.13807988861186	0.136212360358289	0.135163927987972	0.149554147736019	0.131322356770026	0.121929665925425	0.14713476923192	0.130778948778733	0.139889214692975	0.139398210297381	0.149927669196689	0.144947969152929	0.133011088172833	0.130976001309251	0.130220326910364	0.131738720897636	0.138847417613055	0.126984058006579	0.120777128656112	0.129267274983548	0.12764524598031	0.144716388159528	0.135497148869152	0.163099647511047	0.15307595801816	0.125760623112101	0.155920937451678	0.143209534741218	0.143190107666599	0.160591277136031	0.128431714387544	0.154039039642556
700095837	0.136811826989509	0.12867909236854	0.142407048242649	0.143081932320525	0.129458949138821	0.149740876767961	0.148814557376264	0.138012971964832	0.132317739813604	0.1394126774431	0.117304863731412	0.141322190267462	0.117036212332578	0.137843499779067	0.131098481649378	0.11858146501762	0.150874374362663	0.152852039103253	0.131980744037653	0.127987454995233	0.136015501829257	0.119855071332455	0.132955401759305	0.129281963873749	0.140352200288657	0.127274757470349	0.121541216720779	0	0.106149365499341	0.117269340321389	0.138693693031	0.142444963451293	0.118226776991508	0.124967728534214	0.130063957221899	0.13401354918018	0.130077572306044	0.150757815255311	0.126793998952722	0.143250416110237	0.108681310368359	0.125609929960549	0.134342757347987	0.118982565255545	0.113326205465956	0.118369085258862	0.129769703673143	0.128184754917339	0.140287097042691	0.129641959051624	0.119790192408832	0.14773232303184	0.1330744837193	0.131408379257794	0.147130325261988	0.127233193120215	0.130285559987409	0.146289147448684	0.127828841462021	0.139493747347351
700024548	0.150482795281524	0.135285802722343	0.132383502433655	0.13286246719683	0.123307778787471	0.12552680654298	0.148091588102192	0.125455110437873	0.160939222332766	0.125615798508879	0.131672603023645	0.129180348318305	0.122938100866215	0.109951141701236	0.112968874380814	0.138281174704693	0.120337235143991	0.150952898576019	0.138394542668362	0.131779812597886	0.123754898560885	0.124683337490759	0.127746273071441	0.138622716463597	0.136487244785281	0.120888675365596	0.13807988861186	0.106149365499341	0	0.103196775328433	0.125582225559041	0.154083587565363	0.108921540850495	0.117076471763318	0.127671924889198	0.112384376061404	0.141133516259959	0.120399572682041	0.145862421258457	0.117489726931848	0.127311726788583	0.105122649124167	0.142878066511963	0.132570252997121	0.0833417460677183	0.0903445173741114	0.132073550320125	0.117781034676315	0.114609994252797	0.133017083175592	0.121459779445005	0.146836843927183	0.125911693543989	0.125869166345179	0.15069173684186	0.134533807296616	0.111071480540526	0.147066847268173	0.11096468104167	0.147654760843677
700110161	0.165639805526414	0.1357112256541	0.101220779520827	0.159683160477558	0.141790760467479	0.0868903082889794	0.157829482814331	0.120581491931752	0.161880133365896	0.10226385129368	0.11033692463944	0.114572274362893	0.100285243585227	0.102177119986168	0.0867503116543666	0.129702446443077	0.110455863050849	0.117408877188104	0.15830808549417	0.129956368508642	0.144340925595973	0.124517352442837	0.13019032022242	0.16252503750111	0.13984836547395	0.158468328452315	0.136212360358289	0.117269340321389	0.103196775328433	0	0.0994917926707843	0.134205577190669	0.124060504177995	0.0908848190376667	0.155486237472246	0.124092055640939	0.126262608553108	0.0948853459239563	0.160029100570136	0.117552959739352	0.154975592431622	0.0918624715730453	0.136286473143091	0.126299950751602	0.103154724484698	0.121969760458211	0.145307138746923	0.101445448724741	0.0850314954261951	0.106626347801922	0.122534798803199	0.163519371258022	0.148946196768019	0.125644412259489	0.176633470494024	0.113562084557321	0.11482469204752	0.156459901691435	0.102001759938453	0.139753114774624
700023496	0.162837345132325	0.131339222898422	0.096683398019444	0.176392330878892	0.147483133935105	0.0830659779261832	0.155921756317924	0.121107102104343	0.161026777137867	0.0872233491017306	0.0971035111730966	0.102359044730703	0.0972972140403301	0.111638980724777	0.111691821609084	0.12388650666737	0.0955741477858379	0.0976318780160475	0.143587166096206	0.151274616184425	0.143091260309711	0.103970396548732	0.144541453299758	0.157004167493904	0.153266620775816	0.172886917699311	0.135163927987972	0.138693693031	0.125582225559041	0.0994917926707843	0	0.126911470508539	0.102697255375377	0.0888955670313368	0.157245444348168	0.120017153716437	0.125985400805449	0.10039831753834	0.16172749156298	0.106050509966658	0.143081901508281	0.085850823504291	0.113833605263041	0.128669547459086	0.0990161557277931	0.113241297962158	0.136749931662207	0.0883916404705212	0.0875548051287184	0.110485523276672	0.114724664649889	0.180276334635258	0.16335838377164	0.111800521132885	0.186817838198563	0.103762792596326	0.132338084427406	0.166758640122752	0.111005481740703	0.153542742422558
700034628	0.113165264861678	0.142807620916233	0.100649574729794	0.141088665667341	0.146130305751477	0.131366602680978	0.0830968156938856	0.15462547568308	0.0995605982272005	0.132760394735605	0.0988928553445861	0.0938440217089377	0.126023955615204	0.142447541153509	0.116485232481879	0.0973707241182606	0.156930863003744	0.136484501879367	0.117914732657843	0.111027649501763	0.0982485593135194	0.0750412854615521	0.121663306480671	0.128951830815659	0.0905778671304158	0.165200923897534	0.149554147736019	0.142444963451293	0.154083587565363	0.134205577190669	0.126911470508539	0	0.0996507751256743	0.113808337484486	0.151034679003239	0.0898729762488108	0.139515162378257	0.128260557133827	0.130028857502437	0.139737624820194	0.13664580242023	0.105627688471841	0.131502328162967	0.0800187117470601	0.124492744200641	0.145279421520579	0.134052150892751	0.100587674799138	0.134914402232855	0.0744904905320859	0.0849896197260869	0.124047933732364	0.121797604713753	0.115044064979589	0.161065004177549	0.115161615203084	0.108598648147196	0.11054447885251	0.0952642085911812	0.0797506752302602
700023645	0.114440111880726	0.130069645251435	0.10207400537703	0.13763479007149	0.122921988457864	0.120748837687337	0.120092872033983	0.123947108737654	0.118085147208183	0.106114211839105	0.0850915645230443	0.100588232975464	0.111409616166044	0.119633116251263	0.122513924170069	0.0928085252165069	0.12227850247385	0.12281481352507	0.108960377160935	0.11583797743921	0.103545278149285	0.0708328394917415	0.124420803304756	0.116425411102727	0.113593907275151	0.140717633928595	0.131322356770026	0.118226776991508	0.108921540850495	0.124060504177995	0.102697255375377	0.0996507751256743	0	0.0889542246363392	0.12849745668426	0.0862985912571403	0.120631320116621	0.120729017531429	0.12776407651405	0.117153896731401	0.105687994861033	0.0891975343957558	0.112973258243549	0.104268885606754	0.0949146726338147	0.102871761613175	0.11511591596246	0.0870431717694768	0.11387050008035	0.0970166396564222	0.0811127502507288	0.135561593379528	0.12346872517367	0.0938313627607521	0.148891933811213	0.108422815433812	0.100289731808953	0.121321636910796	0.0907729178740028	0.119146036228848
700038744	0.150181167601952	0.12745412626041	0.084898281478473	0.157566302537924	0.130556347208822	0.0885613882677464	0.146768127115658	0.111305122805074	0.149389927370714	0.0843844293524085	0.0913380523377869	0.105008728028039	0.0973437522330542	0.111056892136253	0.110084535318494	0.122081147138778	0.0957723468606742	0.105095593786837	0.14686300342069	0.141153545000765	0.134100982492243	0.0919469434948384	0.135179804243121	0.142865548580854	0.141907164672096	0.163869332674497	0.121929665925425	0.124967728534214	0.117076471763318	0.0908848190376667	0.0888955670313368	0.113808337484486	0.0889542246363392	0	0.150055023811033	0.106481720612951	0.118945066425677	0.0940530601458531	0.150157065182736	0.100409593551423	0.135254980441635	0.0820363696954374	0.116161029984294	0.118133931729086	0.0973188316831562	0.10401358916708	0.12497850636576	0.0797527159743023	0.0870967581335049	0.0943315829354367	0.104697148571022	0.16690430880695	0.151924056407892	0.103779962593791	0.173751245767866	0.101970096358396	0.125422929676908	0.154029690256326	0.0990778503611525	0.139176810364131
700038485	0.124809073719708	0.148597069877036	0.151210167436147	0.119476520231228	0.1043616903572	0.152372342865182	0.131331833099857	0.17196258921067	0.120825360919606	0.152757860798741	0.140606510117209	0.159005032081199	0.166955807734132	0.123663613962831	0.158711295171221	0.123245062281495	0.170491914365107	0.15310781219331	0.117629750220447	0.135949833910939	0.136833582543234	0.13670505998887	0.121276462983376	0.115405918301388	0.143475755906107	0.0771560072407322	0.14713476923192	0.130063957221899	0.127671924889198	0.155486237472246	0.157245444348168	0.151034679003239	0.12849745668426	0.150055023811033	0	0.128163085725009	0.134985709112947	0.15401424822753	0.108269771783744	0.161161862648509	0.120359313757831	0.153820603411794	0.131910717722939	0.129885713135131	0.150039953464964	0.119478344231406	0.115785751604884	0.158075347571032	0.141077165928913	0.150694377850333	0.122496385825654	0.106111913434469	0.117547082278832	0.125968889293542	0.112746872086343	0.167394611610425	0.14094906795377	0.126644199879507	0.140917505252128	0.133534229163924
700024743	0.118659926235583	0.133069533597874	0.10711386167228	0.119665681369576	0.123080950395069	0.120750931526792	0.0933998442861783	0.140134257562313	0.120674533269022	0.115160650900952	0.0959154690411709	0.11491608692792	0.13336125838908	0.116888782387933	0.126427890288332	0.118570527764727	0.133190225630643	0.140730967760057	0.123652514203907	0.0910269378604145	0.0974105220563765	0.0902295251813136	0.100798007899497	0.114289575646245	0.0984337133824359	0.135761652653416	0.130778948778733	0.13401354918018	0.112384376061404	0.124092055640939	0.120017153716437	0.0898729762488108	0.0862985912571403	0.106481720612951	0.128163085725009	0	0.141683132060622	0.121831921006923	0.124897934820004	0.133802409370747	0.122190670947386	0.109804437299228	0.126580465978228	0.0809294233751793	0.110436568435064	0.118807442100987	0.123331634847512	0.104605561510534	0.115679576290733	0.107646854825674	0.0881717182591305	0.113367737639374	0.0969448451396988	0.090677350069051	0.129853156287899	0.135248395294514	0.0938997714507757	0.0998185283883489	0.0888840291785289	0.0924028387088322
