700108602	700014971	700033565	700109389	700023058	700023927	700106341	700114221	700023543	700023439	700016978	700024192	700113058	700099448	700109870	700033928	700023693	700109627	700095416	700110425	700111580	700111302	700098605	700111991	700108960	700024452	700032931	700095837	700024548	700110161	700023496	700034628	700023645	700038744	700038485	700024743	700099596	700110760	700101587	700106399	700032322	700095653	700021312	700101230	700023590	700038905	700033136	700023382	700096424	700105469	700016908	700096053	700108479	700109569	700033814	700016125	700109756	700102665	700101777	700109455
700108602	0	-0.161793682358696	-0.203133939803305	-0.135225214401943	-0.135214082356463	-0.202792924174301	-0.0789353785204964	-0.229023912287618	-0.0951775269943096	-0.205696250989334	-0.146043813895303	-0.211069962104477	-0.221025474974277	-0.160469119165412	-0.219943315125894	-0.113750777539587	-0.221924381580459	-0.192312754541559	-0.0895496988513246	-0.0993505501112299	-0.109459006749111	-0.143268034343672	-0.10627670247622	-0.0454361567671628	-0.0967535537037555	-0.122202237307804	-0.15913744261652	-0.180878279996028	-0.200512612737546	-0.208861574058544	-0.195408320154977	-0.146427027140245	-0.148613503058947	-0.193033213154064	-0.126846170304845	-0.116305435036462	-0.160532903155476	-0.214136201843686	-0.0709490416321751	-0.251102437799961	-0.117146328912119	-0.211807641241538	-0.148306038478514	-0.130611003143036	-0.200400898890332	-0.159720414508117	-0.131040841707054	-0.207974047797546	-0.164270280687722	-0.183469303053389	-0.149000462303141	-0.0776785259255835	-0.0958481747480933	-0.109133718711518	-0.0857443758306143	-0.201486514531289	-0.136320656693135	-0.0762011560972742	-0.171402852026458	-0.108263342212031
700014971	-0.161793682358696	0	-0.174830202898557	-0.218415881402105	-0.119915611580597	-0.150228933764515	-0.176982720535307	-0.134716562089321	-0.154238200128882	-0.118978288997045	-0.125465682542546	-0.194862140699109	-0.144433525621535	-0.113336231416625	-0.165054727396971	-0.156970442588013	-0.126243224028791	-0.166902871022886	-0.150763793506663	-0.159581685728782	-0.163082017248291	-0.149595272350914	-0.140906047182289	-0.163628927635328	-0.187632049688775	-0.156090653710554	-0.0990297690028286	-0.137907591134296	-0.129104227847597	-0.127262904772334	-0.117945215955803	-0.166729522268009	-0.131720764602814	-0.116942926002509	-0.149125690091196	-0.12831301562551	-0.152598845362141	-0.163937515834744	-0.139507976126727	-0.158737659861555	-0.12571507103472	-0.142022876313893	-0.11252143196443	-0.141789299838619	-0.121560433299115	-0.125908555683507	-0.109862601091748	-0.143629179389127	-0.111591335897873	-0.169106776440425	-0.173734545418586	-0.161241179799272	-0.174323101870093	-0.126794681091265	-0.179493649465261	-0.123167510562618	-0.161950833597453	-0.174060741133914	-0.154107426742856	-0.168544489031962
700033565	-0.203133939803305	-0.174830202898557	0	-0.236004511424946	-0.188192250053122	-0.0589173916648752	-0.191745676613902	-0.11293472153804	-0.172296003416617	-0.0935666056194394	-0.0923172628714675	-0.0602147759928488	-0.103947248071578	-0.134613117139657	-0.0955371067780694	-0.131284861484992	-0.115097806785076	-0.08936655352362	-0.167497205412826	-0.169474335851353	-0.17450884259735	-0.0974514273178719	-0.192965950780803	-0.195037428322433	-0.182833838468861	-0.204827585895912	-0.136426802028646	-0.174717635757494	-0.169754284122422	-0.113773812052559	-0.103237680747661	-0.135710262576091	-0.116006598368669	-0.10096981517049	-0.207502280035313	-0.128479833843164	-0.152362115173133	-0.0965027765732173	-0.182984506528005	-0.143122862173893	-0.147882546323558	-0.0799041537200045	-0.155757267447613	-0.150844704011538	-0.133190852281031	-0.138692937846075	-0.156462120536634	-0.0921300007025616	-0.12272363014371	-0.0810764948144068	-0.101079656210888	-0.217037494569662	-0.209903612542944	-0.142358928932092	-0.227472921773889	-0.10632674157351	-0.141083866741981	-0.205763236327065	-0.0917316653654791	-0.191097851238592
700109389	-0.135225214401943	-0.218415881402105	-0.236004511424946	0	-0.190261562588655	-0.247278106903512	-0.135413558619677	-0.248154741140685	-0.190160062229093	-0.243137842626356	-0.203540439968	-0.233637974537985	-0.24750068277162	-0.221235778384404	-0.230898219628115	-0.178361430885356	-0.247757224521957	-0.253419410690231	-0.180807413909981	-0.120081309752366	-0.1553612487505	-0.199278525449053	-0.139558883479384	-0.15246131666914	-0.14305418532498	-0.148033509567175	-0.228452127134327	-0.212155956089723	-0.191747953823821	-0.233197804618468	-0.24615077360862	-0.215037461252716	-0.180608048157583	-0.227657225325376	-0.144634932635496	-0.17521578684075	-0.240753226420978	-0.261478073953464	-0.155739729487731	-0.240278456892124	-0.176343336648545	-0.23745289580215	-0.217467860303501	-0.188673281524966	-0.220467313989818	-0.188954769492639	-0.202708577233429	-0.234517301526691	-0.216844744280791	-0.219344206674801	-0.184056552074982	-0.113623477919623	-0.0802896682676948	-0.183589401761015	-0.138102050743809	-0.234740975038383	-0.140883381333516	-0.11877740186296	-0.191536624338899	-0.165234796538825
700023058	-0.135214082356463	-0.119915611580597	-0.188192250053122	-0.190261562588655	0	-0.163811024608899	-0.158847035406031	-0.181767489139737	-0.134627474675716	-0.164328798977476	-0.135154299214047	-0.203287511944665	-0.187945733015255	-0.131620722363916	-0.190928026540233	-0.135182192813963	-0.177533983884445	-0.169300949589225	-0.130722385810779	-0.153864480104052	-0.168211613287309	-0.172412861678318	-0.137369188112581	-0.137193711824395	-0.182932879278101	-0.121769630078783	-0.132763957671272	-0.151647731149658	-0.167092253415589	-0.161946656410774	-0.160039359225512	-0.185663002909092	-0.134714680398655	-0.152316574957018	-0.115022118043966	-0.150055543122865	-0.124592551173547	-0.151084961133571	-0.107418000967396	-0.206092730182801	-0.118493407822847	-0.178308584588099	-0.118007739562947	-0.148673089901083	-0.161741389511927	-0.14445123193484	-0.115659190472489	-0.177071365549511	-0.138944990145681	-0.194187561583582	-0.173182950673754	-0.143190945386574	-0.1455323284274	-0.12825394514521	-0.146994098021299	-0.175715423834751	-0.174559859443042	-0.164257639812036	-0.17453682426621	-0.158530219513694
700023927	-0.202792924174301	-0.150228933764515	-0.0589173916648752	-0.247278106903512	-0.163811024608899	0	-0.206472421794242	-0.109069399048811	-0.177090113353967	-0.0825666633517477	-0.106774322491522	-0.0955611390367275	-0.105621068035076	-0.0956172564289946	-0.100542173163814	-0.139111973406876	-0.111945076717808	-0.0754275363988186	-0.170843999111015	-0.180790699831194	-0.181841201260887	-0.12582692346057	-0.182751596467863	-0.193358284686367	-0.198066329870462	-0.199053252095878	-0.119177645866166	-0.18074311755278	-0.161963241535786	-0.093989522125959	-0.0744420810234048	-0.161629184494687	-0.124776428775887	-0.0834774146324445	-0.201521918029661	-0.148194270263775	-0.136891078359285	-0.066631254698696	-0.182514146086217	-0.144302408925212	-0.145779619465711	-0.0891329587365368	-0.135188593869184	-0.162801971643776	-0.13158512198201	-0.130827830048373	-0.144378262493375	-0.0998109536339986	-0.0833106332550827	-0.0996788073843132	-0.122477195692194	-0.217249727754331	-0.222524247394623	-0.137517991754439	-0.224657307368497	-0.109104545642655	-0.146812626038718	-0.212450822877896	-0.101447559518598	-0.194009433457165
700106341	-0.0789353785204964	-0.176982720535307	-0.191745676613902	-0.135413558619677	-0.158847035406031	-0.206472421794242	0	-0.227885418549821	-0.0876205976943449	-0.207913166763954	-0.140861240919097	-0.183441575679564	-0.211722462374821	-0.187801989741159	-0.211961117408035	-0.121539823716671	-0.214654147432965	-0.211115603208518	-0.0994756561224726	-0.0863506103543648	-0.0830005079573571	-0.124018791540424	-0.121601393693808	-0.097618979707202	-0.070535938022191	-0.170504661857822	-0.19350175391407	-0.19764906079592	-0.210367437888817	-0.215817707067797	-0.196523544053056	-0.104665641240001	-0.134495276947107	-0.194940435631672	-0.163116698321075	-0.0933027707706086	-0.190280126712786	-0.225626682322315	-0.0898635577160931	-0.243710399554587	-0.134057023608784	-0.202125341602883	-0.151322697534426	-0.104411784185134	-0.191120968754839	-0.170293811882246	-0.146405836487046	-0.189829519569068	-0.174899926247301	-0.161721996175469	-0.138427936735474	-0.0893423148344357	-0.093150143238217	-0.112444471079866	-0.124016603234592	-0.192302582381874	-0.109524551147759	-0.0746662624997002	-0.150147479420595	-0.0614874572588687
700114221	-0.229023912287618	-0.134716562089321	-0.11293472153804	-0.248154741140685	-0.181767489139737	-0.109069399048811	-0.227885418549821	0	-0.205020985313299	-0.0679179125313584	-0.141076809985313	-0.127146820488446	-0.0696942365098846	-0.141436534150364	-0.0865481877462397	-0.179109320754778	-0.0727384154750967	-0.147628281728883	-0.203220690006441	-0.201042938096986	-0.201647548041271	-0.163960509846859	-0.205416730838029	-0.221169605558809	-0.231293314492601	-0.211941327615594	-0.120032362979855	-0.153312355518252	-0.136867667166609	-0.0999287141823239	-0.110089678856851	-0.189217041459427	-0.143210584684228	-0.101832067035807	-0.220566832508445	-0.164962598780787	-0.183763344234955	-0.107703353347727	-0.203579161277187	-0.0900737677960588	-0.154883701978652	-0.0785873428505314	-0.174552867243437	-0.1753383963996	-0.106248848221062	-0.14280474373221	-0.156491513192621	-0.0844360695540308	-0.137468071814264	-0.131278611319624	-0.162677488022019	-0.225704517996885	-0.224553138934278	-0.174295599228437	-0.250818056290474	-0.0942365030298555	-0.172559468877859	-0.237603198584885	-0.135957362376127	-0.214136318713235
700023543	-0.0951775269943096	-0.154238200128882	-0.172296003416617	-0.190160062229093	-0.134627474675716	-0.177090113353967	-0.0876205976943449	-0.205020985313299	0	-0.175046120602202	-0.118334728696047	-0.180676763598198	-0.191944366720084	-0.160435300886619	-0.197190302260212	-0.0916104046582201	-0.192215668439533	-0.182311140447368	-0.0818030339717906	-0.12059818552477	-0.116520113113051	-0.116015630394656	-0.120637583491133	-0.102134944701932	-0.113079754523604	-0.151863711312861	-0.152036391194802	-0.162845104812003	-0.212783162972892	-0.184027232767075	-0.167749663932669	-0.0991622131184967	-0.128454724172047	-0.167575522954613	-0.145633709825984	-0.111898291597674	-0.146905386130133	-0.197506465580891	-0.0792726621136809	-0.228292180121048	-0.117610656317058	-0.185183998167096	-0.130294180717525	-0.0818089944469321	-0.184322585454172	-0.161491487026371	-0.111690555810088	-0.177437236977182	-0.165339169963527	-0.152956773662622	-0.137779706702352	-0.102931777310192	-0.123769643857877	-0.111478207381935	-0.130213588210022	-0.175424912272435	-0.146135411631717	-0.100075888259354	-0.149305380737303	-0.0910864833453476
700023439	-0.205696250989334	-0.118978288997045	-0.0935666056194394	-0.243137842626356	-0.164328798977476	-0.0825666633517477	-0.207913166763954	-0.0679179125313584	-0.175046120602202	0	-0.10832159113599	-0.124261544921885	-0.0740700846806768	-0.105539113038208	-0.0979136150641203	-0.146932672085793	-0.0746997115607919	-0.114942696268384	-0.174308533507009	-0.183680070267161	-0.179563703755585	-0.140003289055756	-0.184893011797817	-0.195012149916942	-0.208498175470407	-0.198145134887973	-0.104092244697926	-0.158397565361343	-0.140580580048813	-0.090023145163328	-0.0777056252171391	-0.170541640712121	-0.116304987815417	-0.0808347194670681	-0.199257870486443	-0.14171330810036	-0.146288890893	-0.0887599458602877	-0.177051048488963	-0.105476444204486	-0.128166689133505	-0.0764288573114662	-0.136439543645815	-0.157295566361552	-0.106229319612067	-0.119748034745652	-0.125500953633765	-0.0777052982691042	-0.0931544964131042	-0.115599333855552	-0.135136527560684	-0.210047844313278	-0.21165245104646	-0.138856672513838	-0.227749349172739	-0.0747639683910999	-0.148298437846882	-0.205756911936901	-0.110865399062801	-0.191575429869729
700016978	-0.146043813895303	-0.125465682542546	-0.0923172628714675	-0.203540439968	-0.135154299214047	-0.106774322491522	-0.140861240919097	-0.141076809985313	-0.118334728696047	-0.10832159113599	0	-0.111036700481294	-0.133189054371333	-0.116141672871335	-0.147703901485438	-0.0904576921920868	-0.126466899320493	-0.115937640250737	-0.113624741187027	-0.128257304072685	-0.129580920270787	-0.0684975939746989	-0.150387532806366	-0.140080073010252	-0.133167777089851	-0.164045942783127	-0.115794035497803	-0.137630148652661	-0.159528056931252	-0.12918519283785	-0.100787768338437	-0.102282892038856	-0.0685170034303258	-0.0928704727830931	-0.156342022238928	-0.0831115478858694	-0.12844367952371	-0.14037955017968	-0.123022940846222	-0.168302264401544	-0.103428639293811	-0.108029137034089	-0.0991590509580216	-0.107054845787503	-0.127858167976804	-0.134315120540794	-0.107882579427711	-0.112238239373453	-0.101968529193856	-0.106292643206712	-0.098478215026603	-0.164183758238815	-0.156464260273482	-0.0954877389167278	-0.169198286471657	-0.11277932385643	-0.127104630187621	-0.147805686276691	-0.0976715235295629	-0.146265793554263
700024192	-0.211069962104477	-0.194862140699109	-0.0602147759928488	-0.233637974537985	-0.203287511944665	-0.0955611390367275	-0.183441575679564	-0.127146820488446	-0.180676763598198	-0.124261544921885	-0.111036700481294	0	-0.11362461345868	-0.163539784435198	-0.102381410899312	-0.139816401812797	-0.129830611389234	-0.115196087790447	-0.170947738410336	-0.170891566722605	-0.162593355799132	-0.0986619775895852	-0.201793191544075	-0.2133597998637	-0.173731097040755	-0.217733148557642	-0.168540806739957	-0.183925333668461	-0.184803375518738	-0.151698264317141	-0.113463280844738	-0.126470881045561	-0.117733735533504	-0.119144598219366	-0.227246017832919	-0.13348133305044	-0.173284234973836	-0.125803270104523	-0.196704933686792	-0.145812624729141	-0.157437713917031	-0.0947147273998194	-0.177033211692228	-0.148945348554283	-0.130638610688811	-0.157818958770065	-0.166947695804019	-0.0933435952727692	-0.144847837467304	-0.0717910217064153	-0.107615461834972	-0.226484134765382	-0.213649809061324	-0.146944980520008	-0.245075966626793	-0.116609018804517	-0.135536251312096	-0.210744582959347	-0.099159545766316	-0.187838212809954
700113058	-0.221025474974277	-0.144433525621535	-0.103947248071578	-0.24750068277162	-0.187945733015255	-0.105621068035076	-0.211722462374821	-0.0696942365098846	-0.191944366720084	-0.0740700846806768	-0.133189054371333	-0.11362461345868	0	-0.137718326386383	-0.0801754393710489	-0.165874736268491	-0.0867629220848103	-0.145305681322729	-0.192132347247353	-0.188078642418897	-0.189957195210727	-0.150766022771252	-0.20787682410477	-0.213783042438067	-0.21732043953182	-0.215460132371759	-0.125848958767271	-0.152922417688446	-0.137529352223017	-0.104545180896318	-0.10465451667599	-0.170920454787222	-0.128216214839236	-0.0984916540537007	-0.223874581923197	-0.159486868081628	-0.180358343284988	-0.114384996859883	-0.201909714796117	-0.104443659252706	-0.14821790786014	-0.0707480613215104	-0.175098141999064	-0.161471788078463	-0.0983738199747623	-0.142853407838911	-0.16334749397019	-0.0673437248918316	-0.126579731249608	-0.118352919935421	-0.153122321671382	-0.224814471293288	-0.219734194900866	-0.172693813983562	-0.25377970215968	-0.0651740282009222	-0.159887335686634	-0.227188914519536	-0.124602059927047	-0.195936248133989
700099448	-0.160469119165412	-0.113336231416625	-0.134613117139657	-0.221235778384404	-0.131620722363916	-0.0956172564289946	-0.187801989741159	-0.141436534150364	-0.160435300886619	-0.105539113038208	-0.116141672871335	-0.163539784435198	-0.137718326386383	0	-0.138582799130539	-0.135928695084999	-0.126127617247715	-0.113672407287418	-0.136898500213616	-0.158097996104715	-0.158335378780682	-0.1440147193536	-0.145886226627439	-0.148666923931458	-0.188690603839574	-0.152059721987802	-0.0864283713462204	-0.164297297895309	-0.141774208417266	-0.104148452730713	-0.0951641421650287	-0.174699362896461	-0.126198844765589	-0.100485051675621	-0.161319078368653	-0.141351959925641	-0.111946290156766	-0.103925634438262	-0.147904625413924	-0.169486722557352	-0.124881976391125	-0.130587475191126	-0.106451366534531	-0.157509997566017	-0.127241576303126	-0.118492059897997	-0.105556293849853	-0.12849239886065	-0.0677385905682195	-0.144556689251016	-0.139893112666751	-0.176617643889967	-0.192331060439054	-0.117297048660298	-0.173247821005711	-0.130034499278157	-0.132287873450801	-0.176317103355241	-0.121226212791712	-0.176381439043353
700109870	-0.219943315125894	-0.165054727396971	-0.0955371067780694	-0.230898219628115	-0.190928026540233	-0.100542173163814	-0.211961117408035	-0.0865481877462397	-0.197190302260212	-0.0979136150641203	-0.147703901485438	-0.102381410899312	-0.0801754393710489	-0.138582799130539	0	-0.172057259537352	-0.103243974580339	-0.152645749153969	-0.203715903583794	-0.182232030470032	-0.18135382410675	-0.153823429573632	-0.195203464489944	-0.218987189210134	-0.212169913562463	-0.209372743130027	-0.139839866092911	-0.173062432893045	-0.145626759598964	-0.109072884638936	-0.121439305305657	-0.171179568172999	-0.142683158397605	-0.128924664786284	-0.220567853109384	-0.164647020590055	-0.189405193017626	-0.100111395423162	-0.198594640992803	-0.103500509033287	-0.166972715108081	-0.0830072390177975	-0.193632731755751	-0.162755494245806	-0.110319254786521	-0.136801369112313	-0.162977209727815	-0.0763512339641445	-0.14050966738267	-0.109754365086567	-0.153954319074388	-0.221326565035614	-0.211008376412641	-0.171393097562767	-0.242625969254097	-0.0885713895150887	-0.149250727519161	-0.226087252892647	-0.118795594720021	-0.201158406334162
700033928	-0.113750777539587	-0.156970442588013	-0.131284861484992	-0.178361430885356	-0.135182192813963	-0.139111973406876	-0.121539823716671	-0.179109320754778	-0.0916104046582201	-0.146932672085793	-0.0904576921920868	-0.139816401812797	-0.165874736268491	-0.135928695084999	-0.172057259537352	0	-0.168287980393573	-0.138848165675155	-0.0914002655699327	-0.1197710098234	-0.11532949322125	-0.0971332606057604	-0.128646233487591	-0.108549021879206	-0.129394269908343	-0.147219626965741	-0.13667403847304	-0.146508578143178	-0.184956659647858	-0.161641232929973	-0.134911559521523	-0.120875845377729	-0.0865754702219517	-0.1399836245289	-0.146441826736544	-0.118071286713738	-0.130718612791592	-0.170587119732018	-0.0969678311748536	-0.207401879494646	-0.0862686548318979	-0.141289246901869	-0.120573469737378	-0.116397009769626	-0.154637929033814	-0.135913375347963	-0.104542461696273	-0.153983905252848	-0.136440136358379	-0.119829306501246	-0.0966407831493266	-0.127974613274574	-0.138013893867513	-0.107666506426747	-0.151497742405972	-0.144463304756903	-0.128853122674961	-0.116609513610994	-0.118142412738126	-0.123066707818773
700023693	-0.221924381580459	-0.126243224028791	-0.115097806785076	-0.247757224521957	-0.177533983884445	-0.111945076717808	-0.214654147432965	-0.0727384154750967	-0.192215668439533	-0.0746997115607919	-0.126466899320493	-0.129830611389234	-0.0867629220848103	-0.126127617247715	-0.103243974580339	-0.168287980393573	0	-0.138362111078908	-0.193123527155671	-0.189834207742359	-0.180204656560344	-0.149199492756912	-0.199846654439718	-0.211150769929483	-0.221786231338524	-0.211850454329676	-0.126044748139488	-0.159536606521102	-0.130758111850695	-0.113235238715948	-0.0857099543274575	-0.177442281413756	-0.127670228492738	-0.102704992858339	-0.216294228834435	-0.154087724513414	-0.170664041712726	-0.126197206866801	-0.19301719186627	-0.0847782695662807	-0.147051326947074	-0.092092854242835	-0.15076161152494	-0.167808465942984	-0.0871367843633827	-0.123937284108569	-0.139563969258755	-0.0701731402696645	-0.11695500871629	-0.129568754999376	-0.152378124137538	-0.224070262325589	-0.218119908774583	-0.161593557192861	-0.245763090735601	-0.0851055519093715	-0.162794484272901	-0.227236429993258	-0.135741295092471	-0.20277025249346
700109627	-0.192312754541559	-0.166902871022886	-0.08936655352362	-0.253419410690231	-0.169300949589225	-0.0754275363988186	-0.211115603208518	-0.147628281728883	-0.182311140447368	-0.114942696268384	-0.115937640250737	-0.115196087790447	-0.145305681322729	-0.113672407287418	-0.152645749153969	-0.138848165675155	-0.138362111078908	0	-0.171594269322614	-0.184547755269623	-0.193717048881067	-0.127023362315678	-0.197781790267068	-0.178538462106209	-0.196966184620971	-0.201389871171313	-0.128457721649571	-0.190867746064014	-0.204674359748438	-0.129624068388003	-0.0907116863993083	-0.162817287429951	-0.142635102715939	-0.11283347372038	-0.198530624668924	-0.154057413849836	-0.116519844197104	-0.0900031068425073	-0.190914430225941	-0.184501635606168	-0.158890203973926	-0.131456724416169	-0.131858027578922	-0.169358989049222	-0.168984727202737	-0.159074418535505	-0.153407797549724	-0.140861085169059	-0.0926923709174675	-0.125032003226013	-0.115820721899763	-0.225961812546786	-0.224068635154249	-0.147414082739436	-0.212087908835385	-0.143434911928876	-0.1680692682637	-0.216691267583214	-0.125153740541572	-0.206886748246346
700095416	-0.0895496988513246	-0.150763793506663	-0.167497205412826	-0.180807413909981	-0.130722385810779	-0.170843999111015	-0.0994756561224726	-0.203220690006441	-0.0818030339717906	-0.174308533507009	-0.113624741187027	-0.170947738410336	-0.192132347247353	-0.136898500213616	-0.203715903583794	-0.0914002655699327	-0.193123527155671	-0.171594269322614	0	-0.11546995942392	-0.10303273188895	-0.122269594649336	-0.120855982701955	-0.0904158725080911	-0.116845332019072	-0.135242922150027	-0.141657714264328	-0.17318139686629	-0.193814841935464	-0.186188489204675	-0.15900588696807	-0.122851302882114	-0.11933093827388	-0.163214931313017	-0.135769948876402	-0.114480824738589	-0.134308360523613	-0.189401746801594	-0.0797042694506116	-0.231349055741376	-0.0929842870444138	-0.185145602887681	-0.111115341292239	-0.127879333074019	-0.179706462770121	-0.137178641132819	-0.0996673504714718	-0.179529554789331	-0.141862360788001	-0.152814237098156	-0.123097649146513	-0.118912180789624	-0.134585202695665	-0.0873121906649849	-0.124306402243808	-0.175192259848591	-0.130956165984824	-0.107277305336856	-0.142024267938919	-0.114604176473243
700110425	-0.0993505501112299	-0.159581685728782	-0.169474335851353	-0.120081309752366	-0.153864480104052	-0.180790699831194	-0.0863506103543648	-0.201042938096986	-0.12059818552477	-0.183680070267161	-0.128257304072685	-0.170891566722605	-0.188078642418897	-0.158097996104715	-0.182232030470032	-0.1197710098234	-0.189834207742359	-0.184547755269623	-0.11546995942392	0	-0.0928970718400136	-0.125814127412127	-0.114042433143513	-0.112458481168811	-0.0757097924274819	-0.155505489915205	-0.160346817418953	-0.163100381921862	-0.181460956094988	-0.178023767578617	-0.175055521646776	-0.142367669767715	-0.115083316613633	-0.173716410870786	-0.141307807883552	-0.0960096982299089	-0.165474338118632	-0.200943425662226	-0.110119029069029	-0.221438454755898	-0.113467561085517	-0.176103282100912	-0.14039367690168	-0.100520609987486	-0.162871739377648	-0.151130780566375	-0.126991712939764	-0.173435145521967	-0.150695768419376	-0.156184448774281	-0.136272415523772	-0.0988158518349399	-0.0766758797323865	-0.113931451178587	-0.12387688187225	-0.171373416590343	-0.0776649790269459	-0.0854935676016761	-0.138802644020086	-0.10871239814665
700111580	-0.109459006749111	-0.163082017248291	-0.17450884259735	-0.1553612487505	-0.168211613287309	-0.181841201260887	-0.0830005079573571	-0.201647548041271	-0.116520113113051	-0.179563703755585	-0.129580920270787	-0.162593355799132	-0.189957195210727	-0.158335378780682	-0.18135382410675	-0.11532949322125	-0.180204656560344	-0.193717048881067	-0.10303273188895	-0.0928970718400136	0	-0.111376778101671	-0.115091449028802	-0.115706198531839	-0.0748456413751669	-0.174339927161976	-0.172509671183282	-0.196554668725895	-0.172422716122044	-0.200558507126154	-0.163185002939004	-0.118467540432097	-0.122311826693756	-0.179118334786082	-0.171445120477901	-0.0988849540005586	-0.181908806470288	-0.199119526824846	-0.116469531436016	-0.214253470482138	-0.112718332707364	-0.176523744873834	-0.145852315083532	-0.125665894246954	-0.157324360176942	-0.135492444566724	-0.12125228661998	-0.161900435751953	-0.14620391520788	-0.133516488630991	-0.124328917910632	-0.110652430858849	-0.118516129623381	-0.0847067500448993	-0.143940165082656	-0.167902891372079	-0.0856116809382636	-0.0878793995567737	-0.118994165241449	-0.0965416697848772
700111302	-0.143268034343672	-0.149595272350914	-0.0974514273178719	-0.199278525449053	-0.172412861678318	-0.12582692346057	-0.124018791540424	-0.163960509846859	-0.116015630394656	-0.140003289055756	-0.0684975939746989	-0.0986619775895852	-0.150766022771252	-0.1440147193536	-0.153823429573632	-0.0971332606057604	-0.149199492756912	-0.127023362315678	-0.122269594649336	-0.125814127412127	-0.111376778101671	0	-0.161023594311021	-0.14096686715832	-0.107172172822201	-0.187874341402819	-0.14298252822709	-0.164263355447183	-0.193186793402713	-0.159734231105423	-0.127157303345757	-0.0742002723979005	-0.0861751232924217	-0.123537133935016	-0.190447367399557	-0.0883712762830642	-0.146959353615211	-0.166281568755479	-0.128593031534684	-0.183267997624147	-0.132850379229096	-0.122000584471206	-0.128965086735857	-0.110148384399168	-0.145116584929457	-0.159447156933597	-0.127317548891395	-0.125036528278275	-0.125903885188694	-0.0786785722508743	-0.0757930139563056	-0.159563378977809	-0.154786373481328	-0.108477908834266	-0.184274245363396	-0.128469951990698	-0.117509185508731	-0.147396245739233	-0.0787945151695037	-0.129833272567572
700098605	-0.10627670247622	-0.140906047182289	-0.192965950780803	-0.139558883479384	-0.137369188112581	-0.182751596467863	-0.121601393693808	-0.205416730838029	-0.120637583491133	-0.184893011797817	-0.150387532806366	-0.201793191544075	-0.20787682410477	-0.145886226627439	-0.195203464489944	-0.128646233487591	-0.199846654439718	-0.197781790267068	-0.120855982701955	-0.114042433143513	-0.115091449028802	-0.161023594311021	0	-0.112477764001591	-0.144124873979267	-0.120710276717411	-0.146138070603836	-0.170380742685385	-0.172904021971553	-0.186962761416513	-0.177806066902111	-0.17022478456294	-0.146933079156755	-0.180981450603426	-0.125157368213472	-0.125433439871398	-0.165546595527709	-0.195899145672625	-0.101744502055204	-0.211695686244717	-0.126520768513989	-0.200479487626826	-0.155213157695193	-0.136286212675163	-0.192358216091508	-0.133488969136787	-0.126260697322987	-0.194968055584691	-0.158693765694025	-0.18174528179973	-0.168252602022022	-0.11280551265801	-0.111103679097313	-0.114655367901309	-0.0995233944727271	-0.191443188701903	-0.14132527232166	-0.116583604101085	-0.16192294206969	-0.116439489251852
700111991	-0.0454361567671628	-0.163628927635328	-0.195037428322433	-0.15246131666914	-0.137193711824395	-0.193358284686367	-0.097618979707202	-0.221169605558809	-0.102134944701932	-0.195012149916942	-0.140080073010252	-0.2133597998637	-0.213783042438067	-0.148666923931458	-0.218987189210134	-0.108549021879206	-0.211150769929483	-0.178538462106209	-0.0904158725080911	-0.112458481168811	-0.115706198531839	-0.14096686715832	-0.112477764001591	0	-0.107024824279268	-0.125184544062054	-0.147085448618857	-0.180589364667612	-0.196061039084247	-0.202769807173213	-0.184373289953209	-0.154701443691931	-0.147497276646747	-0.186279828358421	-0.126653542594754	-0.120337703431598	-0.153261924579907	-0.204063160239704	-0.0746744003536816	-0.248286939259126	-0.117092835980976	-0.211353062318974	-0.140429345323297	-0.136109315483797	-0.203249912373047	-0.149879467479608	-0.126215734350664	-0.205310687993278	-0.153167668019466	-0.185938966353145	-0.141552467028094	-0.0982671818018124	-0.106424010846741	-0.105924192252969	-0.0790909823637281	-0.199296782741258	-0.145159986784726	-0.0960036696528749	-0.166162459078145	-0.114376531574874
700108960	-0.0967535537037555	-0.187632049688775	-0.182833838468861	-0.14305418532498	-0.182932879278101	-0.198066329870462	-0.070535938022191	-0.231293314492601	-0.113079754523604	-0.208498175470407	-0.133167777089851	-0.173731097040755	-0.21732043953182	-0.188690603839574	-0.212169913562463	-0.129394269908343	-0.221786231338524	-0.196966184620971	-0.116845332019072	-0.0757097924274819	-0.0748456413751669	-0.107172172822201	-0.144124873979267	-0.107024824279268	0	-0.195088115900117	-0.195712403997942	-0.207106634201994	-0.214979470325072	-0.213206098642142	-0.196127835719237	-0.104270304867156	-0.139403164281666	-0.192304001169016	-0.18052656602878	-0.0977661540666056	-0.194477487895356	-0.223528741353345	-0.115937721255381	-0.24878836059354	-0.140963559364669	-0.192916581209749	-0.161576545801077	-0.111499905403864	-0.193470481362138	-0.185879207161981	-0.161470586708686	-0.196529121746565	-0.171364042446485	-0.14456495312464	-0.11777006127656	-0.107437244913323	-0.0940789729338126	-0.105216696959002	-0.126109359124736	-0.195191706043386	-0.0915933884962543	-0.0818484141472388	-0.136840633248509	-0.0924531587845874
700024452	-0.122202237307804	-0.156090653710554	-0.204827585895912	-0.148033509567175	-0.121769630078783	-0.199053252095878	-0.170504661857822	-0.211941327615594	-0.151863711312861	-0.198145134887973	-0.164045942783127	-0.217733148557642	-0.215460132371759	-0.152059721987802	-0.209372743130027	-0.147219626965741	-0.211850454329676	-0.201389871171313	-0.135242922150027	-0.155505489915205	-0.174339927161976	-0.187874341402819	-0.120710276717411	-0.125184544062054	-0.195088115900117	0	-0.15200393638943	-0.157139117206684	-0.150043934576482	-0.186127613163435	-0.195032202941339	-0.20577632538863	-0.162685644851806	-0.186769591547791	-0.0725670720733544	-0.157102713634567	-0.172087227213901	-0.205582052037557	-0.116160230740355	-0.218489338474349	-0.134527103391213	-0.208593465768997	-0.163826082474579	-0.170392635725427	-0.18967640128512	-0.13787458148569	-0.125278907040976	-0.209639620773967	-0.167878013222381	-0.204304166806412	-0.18603178992688	-0.119737820971226	-0.141518727287281	-0.14362324565833	-0.114561806807945	-0.204415818370242	-0.171693010644322	-0.162268913880231	-0.17831589943821	-0.179656762431583
700032931	-0.15913744261652	-0.0990297690028286	-0.136426802028646	-0.228452127134327	-0.132763957671272	-0.119177645866166	-0.19350175391407	-0.120032362979855	-0.152036391194802	-0.104092244697926	-0.115794035497803	-0.168540806739957	-0.125848958767271	-0.0864283713462204	-0.139839866092911	-0.13667403847304	-0.126044748139488	-0.128457721649571	-0.141657714264328	-0.160346817418953	-0.172509671183282	-0.14298252822709	-0.146138070603836	-0.147085448618857	-0.195712403997942	-0.15200393638943	0	-0.134235885443853	-0.148648728467609	-0.106511111553068	-0.112436618411766	-0.169840757426323	-0.122847220962912	-0.100267792443379	-0.156729263795677	-0.143639810364734	-0.122927887939804	-0.122168883590755	-0.144367990958268	-0.154584619791276	-0.120426306323412	-0.123440813965844	-0.117057465360485	-0.148257693531803	-0.129090294064333	-0.1301612520219	-0.107794115786455	-0.121173744064886	-0.101501800533118	-0.143282619761989	-0.156555396455673	-0.175938873228231	-0.18585329869002	-0.131644357088641	-0.176032917603221	-0.120326678109485	-0.16102063354424	-0.186393837817562	-0.131311866802545	-0.179557802835971
700095837	-0.180878279996028	-0.137907591134296	-0.174717635757494	-0.212155956089723	-0.151647731149658	-0.18074311755278	-0.19764906079592	-0.153312355518252	-0.162845104812003	-0.158397565361343	-0.137630148652661	-0.183925333668461	-0.152922417688446	-0.164297297895309	-0.173062432893045	-0.146508578143178	-0.159536606521102	-0.190867746064014	-0.17318139686629	-0.163100381921862	-0.196554668725895	-0.164263355447183	-0.170380742685385	-0.180589364667612	-0.207106634201994	-0.157139117206684	-0.134235885443853	0	-0.130159615195713	-0.127610806813507	-0.170051856522099	-0.190639764000497	-0.131716570103086	-0.129402941454252	-0.155704834850651	-0.159920362302918	-0.166169478932609	-0.195012447066756	-0.16193266219388	-0.178194661156574	-0.144943195890845	-0.142490167475991	-0.16808053708178	-0.147137947560775	-0.127738795712699	-0.169420215211407	-0.151185677420104	-0.149159867129015	-0.169272665083084	-0.17818857640939	-0.174609638142801	-0.180799623581699	-0.175762282967449	-0.175930759136177	-0.194773313725008	-0.154033688006339	-0.190819029181283	-0.194077862864537	-0.170607376009026	-0.194372697871399
700024548	-0.200512612737546	-0.129104227847597	-0.169754284122422	-0.191747953823821	-0.167092253415589	-0.161963241535786	-0.210367437888817	-0.136867667166609	-0.212783162972892	-0.140580580048813	-0.159528056931252	-0.184803375518738	-0.137529352223017	-0.141774208417266	-0.145626759598964	-0.184956659647858	-0.130758111850695	-0.204674359748438	-0.193814841935464	-0.181460956094988	-0.172422716122044	-0.193186793402713	-0.172904021971553	-0.196061039084247	-0.214979470325072	-0.150043934576482	-0.148648728467609	-0.130159615195713	0	-0.134858176506906	-0.158360722332769	-0.222663904167901	-0.160493961610087	-0.135523374182127	-0.152865217175129	-0.160058885630633	-0.204177479974239	-0.1766643939537	-0.179705620089094	-0.135558477334286	-0.143318982793838	-0.137108364792974	-0.184987752646264	-0.202169514314838	-0.095906693131885	-0.102835078989991	-0.160574383123254	-0.13385594427621	-0.146533270747954	-0.192635151746379	-0.186278534422292	-0.193158517501572	-0.18749975295994	-0.156737092042586	-0.193509100913035	-0.147713797857452	-0.154135416201284	-0.21027739007261	-0.160106908989489	-0.215146211996517
700110161	-0.208861574058544	-0.127262904772334	-0.113773812052559	-0.233197804618468	-0.161946656410774	-0.093989522125959	-0.215817707067797	-0.0999287141823239	-0.184027232767075	-0.090023145163328	-0.12918519283785	-0.151698264317141	-0.104545180896318	-0.104148452730713	-0.109072884638936	-0.161641232929973	-0.113235238715948	-0.129624068388003	-0.186188489204675	-0.178023767578617	-0.200558507126154	-0.159734231105423	-0.186962761416513	-0.202769807173213	-0.213206098642142	-0.186127613163435	-0.106511111553068	-0.127610806813507	-0.134858176506906	0	-0.108523521584449	-0.18258668480102	-0.13959663126348	-0.0767240227043731	-0.187999725554069	-0.162325366486811	-0.149186760118224	-0.104304636663926	-0.182263304462778	-0.14016244375497	-0.156494295443433	-0.0941562781829405	-0.147890241842665	-0.157869678417014	-0.108440043652861	-0.148635121889228	-0.152489139589822	-0.113997220902104	-0.110190783092665	-0.141981712397728	-0.155417431000766	-0.20163585098762	-0.211043466482577	-0.157486824946372	-0.225046590261362	-0.109244501592421	-0.163051924897545	-0.213448128303185	-0.131226541839118	-0.203873261761624
700023496	-0.195408320154977	-0.117945215955803	-0.103237680747661	-0.24615077360862	-0.160039359225512	-0.0744420810234048	-0.196523544053056	-0.110089678856851	-0.167749663932669	-0.0777056252171391	-0.100787768338437	-0.113463280844738	-0.10465451667599	-0.0951641421650287	-0.121439305305657	-0.134911559521523	-0.0857099543274575	-0.0907116863993083	-0.15900588696807	-0.175055521646776	-0.163185002939004	-0.127157303345757	-0.177806066902111	-0.184373289953209	-0.196127835719237	-0.195032202941339	-0.112436618411766	-0.170051856522099	-0.158360722332769	-0.108523521584449	0	-0.153044593499525	-0.118368881696732	-0.0870789158761222	-0.1924164187907	-0.143229432274445	-0.127171579662612	-0.100489841454271	-0.175994999602386	-0.140463896576044	-0.121911180195247	-0.104694715186027	-0.114596759771902	-0.154221684544889	-0.111968512135575	-0.121621454298645	-0.115824795997014	-0.0951174320604185	-0.0700229695322682	-0.108912779355739	-0.125618224970116	-0.208343102489065	-0.212390310480898	-0.122467670306154	-0.218949345519671	-0.0899244285009648	-0.147154755044817	-0.203603652608421	-0.122563456741244	-0.187795916761926
700034628	-0.146427027140245	-0.166729522268009	-0.135710262576091	-0.215037461252716	-0.185663002909092	-0.161629184494687	-0.104665641240001	-0.189217041459427	-0.0991622131184967	-0.170541640712121	-0.102282892038856	-0.126470881045561	-0.170920454787222	-0.174699362896461	-0.171179568172999	-0.120875845377729	-0.177442281413756	-0.162817287429951	-0.122851302882114	-0.142367669767715	-0.118467540432097	-0.0742002723979005	-0.17022478456294	-0.154701443691931	-0.104270304867156	-0.20577632538863	-0.169840757426323	-0.190639764000497	-0.222663904167901	-0.18258668480102	-0.153044593499525	0	-0.117393782438825	-0.155118782270741	-0.208014875167791	-0.0890032694217799	-0.175075909443665	-0.185306189416872	-0.144791773034278	-0.204668939292035	-0.153954706246891	-0.148127465545288	-0.15168529421259	-0.0824828986186167	-0.172899247552564	-0.186189673461349	-0.148857649749382	-0.146348183590359	-0.161517181238063	-0.102137145601307	-0.118921920407902	-0.165207683060461	-0.162023262816416	-0.123032305350614	-0.196217617708208	-0.143093423312057	-0.133363703557153	-0.135087169294955	-0.115993623517818	-0.0920373081453783
700023645	-0.148613503058947	-0.131720764602814	-0.116006598368669	-0.180608048157583	-0.134714680398655	-0.124776428775887	-0.134495276947107	-0.143210584684228	-0.128454724172047	-0.116304987815417	-0.0685170034303258	-0.117733735533504	-0.128216214839236	-0.126198844765589	-0.142683158397605	-0.0865754702219517	-0.127670228492738	-0.142635102715939	-0.11933093827388	-0.115083316613633	-0.122311826693756	-0.0861751232924217	-0.146933079156755	-0.147497276646747	-0.139403164281666	-0.162685644851806	-0.122847220962912	-0.131716570103086	-0.160493961610087	-0.13959663126348	-0.118368881696732	-0.117393782438825	0	-0.0962828723125689	-0.160213696764538	-0.0918278828519216	-0.138509582298838	-0.155524473243327	-0.127896636205395	-0.160775027914715	-0.104850706213081	-0.106496610164241	-0.108139401591084	-0.105075203006129	-0.111315363976215	-0.135642991159358	-0.103201820064239	-0.102102067157219	-0.112781476332099	-0.107776597655773	-0.0975755651917482	-0.159279260956151	-0.147830567870266	-0.119063368830955	-0.179769072054224	-0.104332010565442	-0.123903060084385	-0.141343732469322	-0.0989305280603986	-0.139107186824364
700038744	-0.193033213154064	-0.116942926002509	-0.10096981517049	-0.227657225325376	-0.152316574957018	-0.0834774146324445	-0.194940435631672	-0.101832067035807	-0.167575522954613	-0.0808347194670681	-0.0928704727830931	-0.119144598219366	-0.0984916540537007	-0.100485051675621	-0.128924664786284	-0.1399836245289	-0.102704992858339	-0.11283347372038	-0.163214931313017	-0.173716410870786	-0.179118334786082	-0.123537133935016	-0.180981450603426	-0.186279828358421	-0.192304001169016	-0.186769591547791	-0.100267792443379	-0.129402941454252	-0.135523374182127	-0.0767240227043731	-0.0870789158761222	-0.155118782270741	-0.0962828723125689	0	-0.187486050777012	-0.131843440094978	-0.134743003545481	-0.106267874946554	-0.167321496477373	-0.131425971187756	-0.136289648966146	-0.0785576020999339	-0.125445072944966	-0.150108899635951	-0.100255532534965	-0.13567754089805	-0.134298878289636	-0.0794819371140955	-0.0909497802555536	-0.110276641560632	-0.133045176571173	-0.199106512979232	-0.206361079779046	-0.134019979026081	-0.220564677721293	-0.100048556250498	-0.155186203047208	-0.198690673497312	-0.116130729651346	-0.193567196586755
