700108602	700014971	700033565	700109389	700023058	700023927	700106341	700114221	700023543	700023439	700016978	700024192	700113058	700099448	700109870	700033928	700023693	700109627	700095416	700110425	700111580	700111302	700098605	700111991	700108960	700024452	700032931	700095837	700024548	700110161	700023496	700034628	700023645	700038744	700038485	700024743	700099596	700110760	700101587	700106399	700032322	700095653	700021312	700101230	700023590	700038905	700033136	700023382	700096424	700105469	700016908	700096053	700108479	700109569	700033814	700016125	700109756	700102665	700101777	700109455
700108602	0	0.148342802248946	0.160126302015282	0.100100388428961	0.128741559325073	0.166034968412894	0.0754924370585715	0.16805857080637	0.0895481273769995	0.167728406611085	0.118649416279635	0.157417614135706	0.154156399167738	0.161292778226574	0.15787912752432	0.106371138408904	0.17869285883329	0.162816645088524	0.0910798083964365	0.0921934436723527	0.0907433405348842	0.109735645893744	0.111084988923203	0.0759520562597821	0.0940536276721048	0.111480891288485	0.150419879630105	0.130268393146662	0.151595605238818	0.159527442421075	0.159586178157462	0.120887217793745	0.117773726574694	0.149237474948963	0.116661030636666	0.11843948494718	0.126258356994992	0.169353990050938	0.0888509755776914	0.17296093520086	0.107254905239907	0.153772649513608	0.137421967603316	0.111221576228935	0.141576848769872	0.136662824753062	0.123875888633262	0.146885038965363	0.149020327530859	0.13302164522519	0.121103751909536	0.0839745572628409	0.0964090842926137	0.0968103024943123	0.100246738015754	0.163084674484092	0.110499770267076	0.0788594874546627	0.13129903091459	0.0929082967445
700014971	0.148342802248946	0	0.145218638106904	0.175121678968045	0.126597220398272	0.14029763786593	0.156294140959933	0.143434166361199	0.139181450162163	0.130649499248832	0.133055662845584	0.153880297982229	0.139007287745066	0.13125552955918	0.147979842554279	0.158446208957651	0.134559278452496	0.143209932061704	0.152365960979253	0.152348429204228	0.148577890696185	0.125573479352823	0.122457112262164	0.161718851516072	0.163820868560855	0.15194500021875	0.129313005541765	0.142770449481716	0.13833532873087	0.133150216934605	0.139563945622059	0.136887169959069	0.129651011724365	0.121816186351054	0.138058145429025	0.124443682165424	0.141215822369059	0.152250623853082	0.149550156704652	0.133182454833114	0.145309590057499	0.141769133013182	0.135713163759772	0.138302466740517	0.129814306149995	0.128156596992072	0.106609171748772	0.129335885397283	0.135653817835757	0.133196402841497	0.140790456000733	0.153103749396741	0.155690028990254	0.130686245227312	0.170113375469717	0.121447971769925	0.152860128586301	0.1546478909798	0.139837679616856	0.154825725662467
700033565	0.160126302015282	0.145218638106904	0	0.147209682876494	0.151382956447012	0.0637063235467088	0.143095007972955	0.103776388832774	0.152973900885026	0.0982883836404097	0.0999216791590738	0.0704274324500502	0.100410996164337	0.127307668198306	0.0847637563300854	0.117769362804441	0.113395700261227	0.0853122968729909	0.141896159513182	0.138406782588733	0.138995857589132	0.102799219898517	0.125447939959849	0.152638489636043	0.136423929306473	0.161035793138234	0.144041156799777	0.147192299383363	0.117339761418902	0.0966610732454418	0.0920024746185413	0.106020809016755	0.116128142894073	0.0806651324478689	0.154611229283965	0.112298576632977	0.131819191763519	0.0713552236642273	0.158642289601585	0.109514814029929	0.131766052533644	0.0784391584042465	0.12416843800174	0.124312199959108	0.108452177892657	0.116391595951185	0.140885926480347	0.0907132985631504	0.103095132407567	0.0819163537831495	0.0770821634400909	0.162194704686067	0.151849458453894	0.119879766243043	0.181526324923807	0.115607007245216	0.128657193758237	0.150674257370534	0.0874184445935551	0.136742105646416
700109389	0.100100388428961	0.175121678968045	0.147209682876494	0	0.144316457267457	0.159795403767597	0.0860038333834035	0.178500276727143	0.141491638119547	0.168722325995968	0.13934973631223	0.146186331053588	0.157780712904897	0.155819224708553	0.147783844530517	0.133933406200714	0.182158125972908	0.178966572984569	0.133041374120974	0.0928964523028328	0.109189231888273	0.136376917344179	0.106525025608862	0.112442095081488	0.10469330183392	0.120706777399014	0.178456037459073	0.146365930131717	0.134361639853092	0.157116187836272	0.176409302487947	0.145050114066642	0.137357591023683	0.150397603360253	0.118361447253972	0.126413902809477	0.166467359797733	0.161396047521893	0.122294182647613	0.160305750995963	0.136855440154294	0.150896419484568	0.149233786266673	0.131963210098737	0.148051790639268	0.140598369637686	0.151522417257809	0.150062120064918	0.160633005919181	0.143484298895377	0.120536938054315	0.101305085081078	0.0745683605769652	0.140256346565061	0.122470423578784	0.171718985272922	0.105947402007003	0.0876701844510599	0.119764251600109	0.104226412540602
700023058	0.128741559325073	0.126597220398272	0.151382956447012	0.144316457267457	0	0.150177781935086	0.124533060687612	0.160145227788827	0.121721468632732	0.14865398525135	0.130417995946785	0.156677837966667	0.151213085381068	0.134788671767915	0.15026113363983	0.139316451141307	0.159041072400061	0.149806512502448	0.132904212273155	0.135042908159293	0.132713244015766	0.139933344604197	0.129558122179468	0.140591110817607	0.144549351179727	0.112542108878608	0.162435029286664	0.141883822617372	0.1264087950283	0.136651704526176	0.148412439037813	0.156092264290541	0.129613607680854	0.140761257380795	0.108709422538106	0.138018214475169	0.128671772055059	0.148170185317083	0.116686811022699	0.155037900465832	0.135733691482628	0.145427429367704	0.124597852091304	0.146919505498757	0.134182193436874	0.124319561611987	0.109804499988077	0.140833355268255	0.137642602928969	0.146905828121522	0.135129756407089	0.128813565165838	0.130275691990329	0.137307351142958	0.142080019919643	0.160365936081277	0.140540711340625	0.133883658869637	0.139308995221879	0.134609286910549
700023927	0.166034968412894	0.14029763786593	0.0637063235467088	0.159795403767597	0.150177781935086	0	0.154772548804919	0.101215188890741	0.161485353413585	0.096163194061962	0.106400486227357	0.0907327095251863	0.100971789504403	0.109881658103609	0.0830220754531459	0.124221623577037	0.100915872974191	0.0791054499658522	0.150113614746221	0.145430366977154	0.14418007634374	0.119939887982027	0.130343471367254	0.167282877342399	0.144573878168793	0.169394976866959	0.140192884595276	0.155720796176091	0.118251379136885	0.0938153091195257	0.0845431727149379	0.127727192157135	0.118208027316049	0.0744851198468602	0.163663082127643	0.117031052466238	0.125038233238311	0.06505296127457	0.166803174420564	0.110364481795633	0.144107766945599	0.0848299977494694	0.112430769005344	0.136082993467559	0.108290647666179	0.119550766773831	0.140661082159773	0.0914868509299009	0.0892762753492977	0.0953197710333561	0.0953176464408269	0.169445456714403	0.160024367311347	0.123919482322381	0.182499571618186	0.117978245930223	0.134626918811774	0.157642328305579	0.0977741222525949	0.144112201028222
700106341	0.0754924370585715	0.156294140959933	0.143095007972955	0.0860038333834035	0.124533060687612	0.154772548804919	0	0.168789589541102	0.0865270053852754	0.165311225504051	0.11951454388045	0.130277648406197	0.150756590732064	0.15319039105639	0.136714948054887	0.116273912347542	0.176888251274598	0.169560161915485	0.102540634497534	0.0719185823061367	0.0846157809661319	0.105201065782823	0.102007375353138	0.100298187335121	0.0735410627620784	0.122231699232698	0.173456742972767	0.148890023351141	0.142947047717993	0.151767045899482	0.155932465109533	0.0960283392310346	0.110440923452717	0.140750022613256	0.117845332616778	0.100908833198306	0.153343776995772	0.154394076848731	0.0901627887399643	0.165802839970373	0.128419704233542	0.139880032661474	0.129086774313093	0.0944477393401116	0.137501713604202	0.137685318324798	0.138452194639254	0.130227212193656	0.150132585240325	0.116825601579155	0.112359276604299	0.0624667027166705	0.0741820328351046	0.109817518504109	0.118403099592772	0.162062869427171	0.0941670908836424	0.0634970316439536	0.108123150055024	0.0699077196908668
700114221	0.16805857080637	0.143434166361199	0.103776388832774	0.178500276727143	0.160145227788827	0.101215188890741	0.168789589541102	0	0.170336780418258	0.0789220071841182	0.127711687843742	0.113375521547519	0.0834780144921135	0.151390429509676	0.0977713322465031	0.146167544938684	0.0800497080014152	0.126051805440806	0.162582552957709	0.163899339376723	0.156346944870306	0.132867566891928	0.158163805347624	0.176461572117074	0.166474102976927	0.179405768833548	0.14244935023318	0.145003426191812	0.118917728813599	0.113817450530766	0.120074406054766	0.136908217095674	0.112094748114294	0.107643145919312	0.178631466277921	0.116101268040839	0.150816971082375	0.091017890156636	0.169148381842436	0.0906436797041409	0.146020909184559	0.0844384065430104	0.148551187463257	0.143125957169257	0.0993761511882415	0.120968449343147	0.140650890198914	0.0868741036072187	0.128603909935093	0.107705785051477	0.124102633773271	0.184961728312527	0.176682600779534	0.144912165106621	0.203265855776231	0.0971097453449493	0.141056529017114	0.177714587579657	0.11549162135393	0.16297375238832
700023543	0.0895481273769995	0.139181450162163	0.152973900885026	0.141491638119547	0.121721468632732	0.161485353413585	0.0865270053852754	0.170336780418258	0	0.1646589583321	0.117499163119749	0.149350261553362	0.157477132209713	0.15169016449142	0.15301624504685	0.0947428142401094	0.178338559760699	0.156679220774487	0.0916825516514965	0.106665927012246	0.10287267128708	0.103795625107319	0.108339993124655	0.0977491181919967	0.108189693490032	0.109557565914099	0.153250940297617	0.132451236711378	0.16882429263637	0.154383425112303	0.157907268092291	0.102232675756865	0.115107787566436	0.142447963311205	0.107744960938197	0.118327292547308	0.130186525554856	0.161678987166111	0.0924137272138315	0.174285165623921	0.121496737219242	0.149476191186701	0.129806278152958	0.0877452832224079	0.150062959963702	0.141308046602885	0.113754111572573	0.141398339195869	0.154881586508656	0.123787119455069	0.123444086146689	0.0832931405850584	0.103818400918577	0.109103844166388	0.114018498051387	0.159671736975824	0.121581719836961	0.0909632757035153	0.124971678812343	0.092994530302574
700023439	0.167728406611085	0.130649499248832	0.0982883836404097	0.168722325995968	0.14865398525135	0.096163194061962	0.165311225504051	0.0789220071841182	0.1646589583321	0	0.11162102113891	0.110116825131097	0.0760102553056203	0.133247223853482	0.0950864693116101	0.140569279460021	0.0898974728969971	0.108027693134041	0.156674123532173	0.156927481748137	0.143771216760746	0.12662094011383	0.144199176569776	0.163458248780524	0.159918167779736	0.165027967281632	0.134157729998541	0.138288111566055	0.0993770612084417	0.0996016424760474	0.104503514907677	0.128625059404657	0.109328363369489	0.098881063077294	0.161905092460974	0.113074300998419	0.140806945266512	0.0903805149763046	0.167928409553399	0.0773218973792431	0.137524779911772	0.0759837836873695	0.14838851842732	0.142743630022865	0.096230122187674	0.1073039617797	0.137957550231509	0.0856171273324928	0.116629410781363	0.103315291126084	0.114151665853711	0.172550133781917	0.16302009618085	0.135853932595147	0.19322285069181	0.0948473987157848	0.132195036854537	0.166051321850313	0.107570908108777	0.155541442802374
700016978	0.118649416279635	0.133055662845584	0.0999216791590738	0.13934973631223	0.130417995946785	0.106400486227357	0.11951454388045	0.127711687843742	0.117499163119749	0.11162102113891	0	0.0958386062190896	0.105452893663529	0.130186901719686	0.116553491841196	0.10085622603685	0.116666865294936	0.113251671110891	0.113173749299763	0.114596013982298	0.111380598565018	0.0736606232447536	0.1224948291795	0.12719896331891	0.108210117717719	0.14248128853072	0.129602808061462	0.117324458203059	0.119169584627374	0.113775575722679	0.0978919380069319	0.0991234891437533	0.0806320036668307	0.0812833320074773	0.144637303875453	0.0955110581030075	0.122897652514505	0.116049286292548	0.116631450225788	0.126730901136684	0.105876208296374	0.0925754572881123	0.109379481455909	0.0999481230449652	0.100644682609688	0.108622246176568	0.128404025517355	0.0981841702708342	0.113246872334733	0.0922009471492692	0.0920306759884505	0.137314667659089	0.129308584566285	0.0912047986064696	0.147870800099986	0.117668034915226	0.110756648785283	0.125339285831294	0.0979292080304575	0.121316011592612
700024192	0.157417614135706	0.153880297982229	0.0704274324500502	0.146186331053588	0.156677837966667	0.0907327095251863	0.130277648406197	0.113375521547519	0.149350261553362	0.110116825131097	0.0958386062190896	0	0.0827862860246195	0.149756160729263	0.0806311642245785	0.114065690217906	0.123361362304259	0.110709029251197	0.134717414648492	0.128048744775511	0.129559422557345	0.0914666105869354	0.129510975091	0.164026252640907	0.127085554132451	0.169710216217294	0.150515255559836	0.140426376248513	0.119982463002861	0.118358937308398	0.106765368135159	0.0985449189505357	0.099967533484639	0.0906445894349102	0.168035558747689	0.107465957660161	0.150354295588549	0.0888245458938805	0.158061382486086	0.108435764973365	0.133078517628932	0.0621779787774321	0.142030036064617	0.112041371023402	0.0957751598429447	0.124910109250266	0.150631727857268	0.0759920769487238	0.127786136639524	0.0732328744339257	0.0781335838423923	0.157822472878817	0.149522343404861	0.136204312594932	0.193491287803819	0.0970910471780817	0.119541450360738	0.144372293090457	0.0910000946668499	0.127486922458266
700113058	0.154156399167738	0.139007287745066	0.100410996164337	0.157780712904897	0.151213085381068	0.100971789504403	0.150756590732064	0.0834780144921135	0.157477132209713	0.0760102553056203	0.105452893663529	0.0827862860246195	0	0.132911030665777	0.0791330045180833	0.126357975011259	0.106145701224154	0.121521204458933	0.149103380860683	0.140728901740315	0.137533448240137	0.109009940722923	0.139524108323078	0.161804066427009	0.146106102985702	0.165554510480438	0.137776382191733	0.116514438731334	0.0918247752295479	0.0903340155419435	0.109772428596584	0.112187554100932	0.0998452547518351	0.0923143271773483	0.167945563510526	0.112038932984136	0.146098746591801	0.096775324427649	0.152134572832707	0.0845704807555841	0.131644438307792	0.0647938405500417	0.147679330731689	0.125004513578025	0.0851515188762197	0.107347765805118	0.147128471524864	0.0734338374333709	0.11572935517377	0.0892696077096572	0.112748221753636	0.162155342177984	0.158389110172833	0.141163639591614	0.193452940546069	0.079886769140519	0.120031869256721	0.160345894010621	0.100966667101927	0.140992480497158
700099448	0.161292778226574	0.13125552955918	0.127307668198306	0.155819224708553	0.134788671767915	0.109881658103609	0.15319039105639	0.151390429509676	0.15169016449142	0.133247223853482	0.130186901719686	0.149756160729263	0.132911030665777	0	0.13849725944941	0.150084871086994	0.126093147934091	0.12388790521091	0.152153811344971	0.142422778833829	0.142211281949819	0.140068760920211	0.109811294425286	0.148605374768698	0.154974206354685	0.133353153177889	0.138745451217433	0.148968728861943	0.123611051216209	0.104154516658067	0.119730128156837	0.150831053631127	0.133251738816789	0.107562711233886	0.129809217489262	0.127950355115385	0.138717221464321	0.12157822759822	0.150913506798124	0.147424719671353	0.150482053368171	0.129562790920134	0.124661037953917	0.154745796766541	0.128622625618094	0.128028181858487	0.126725566325951	0.131959132596548	0.0914678515996423	0.137385267468394	0.134177780352123	0.1379217162375	0.148358075030922	0.129941565331465	0.155634179307422	0.154392726761247	0.130566991225071	0.151007962124098	0.121427475160634	0.148558385393039
700109870	0.15787912752432	0.147979842554279	0.0847637563300854	0.147783844530517	0.15026113363983	0.0830220754531459	0.136714948054887	0.0977713322465031	0.15301624504685	0.0950864693116101	0.116553491841196	0.0806311642245785	0.0791330045180833	0.13849725944941	0	0.128814352430067	0.113222638276781	0.120270630705482	0.151493635665425	0.124995653202549	0.130351537779763	0.112556606274127	0.123890223346204	0.166045026250892	0.133761952762504	0.168951305369226	0.145276896559855	0.143040677340744	0.106399666833581	0.0874875511641105	0.11822462549707	0.113899782364975	0.117978933331121	0.104931826073566	0.167779536535394	0.115875152513909	0.144325865856774	0.0754660481556879	0.156639987770479	0.0863081612322785	0.146247983318499	0.070413713558471	0.148851402555752	0.1240158266314	0.099089632481416	0.115552655816206	0.14277781279992	0.0724732725204163	0.114829966859467	0.080231760567645	0.10680984432822	0.155435166000973	0.145382822976049	0.137101156988691	0.18831265590232	0.0927029727659081	0.113046571642427	0.146820286819562	0.086100329705395	0.124068559650563
700033928	0.106371138408904	0.158446208957651	0.117769362804441	0.133933406200714	0.139316451141307	0.124221623577037	0.116273912347542	0.146167544938684	0.0947428142401094	0.140569279460021	0.10085622603685	0.114065690217906	0.126357975011259	0.150084871086994	0.128814352430067	0	0.160442795831997	0.125111576247369	0.0931767905386173	0.116405456787068	0.10248316588469	0.0918137958330228	0.123532099105432	0.0949906351481136	0.111343260902015	0.125342723260108	0.135541751528845	0.118215939313971	0.14677999967224	0.142611149191113	0.127993264825517	0.103283255331205	0.104266592420721	0.116247285346286	0.130452335866971	0.119913852690458	0.118177150519511	0.136150609976813	0.102764860005171	0.147284119466357	0.091844051626432	0.113647432589278	0.123219926607641	0.101414252277281	0.121924485657963	0.129858930503506	0.132822396997514	0.123111449490237	0.137907063776233	0.10579772031261	0.0915524101335822	0.117343593317378	0.11717993708707	0.1133591673883	0.127497148502441	0.13303339541903	0.11767365202191	0.111448860743161	0.110024059992762	0.106671235143482
700023693	0.17869285883329	0.134559278452496	0.113395700261227	0.182158125972908	0.159041072400061	0.100915872974191	0.176888251274598	0.0800497080014152	0.178338559760699	0.0898974728969971	0.116666865294936	0.123361362304259	0.106145701224154	0.126093147934091	0.113222638276781	0.160442795831997	0	0.123385613862859	0.171216184910938	0.169592391528639	0.159445660842667	0.13862265607096	0.149009317293087	0.181311659835371	0.176014891304531	0.176320904150752	0.141597612071667	0.156898392908356	0.122639160005126	0.106528057656921	0.105334461894878	0.148429356836597	0.122245022489376	0.0982973581254819	0.175757281332787	0.125024661288529	0.141518307475389	0.102001916208068	0.1741416351683	0.10016991066822	0.157237773133653	0.101136506928951	0.133612728854323	0.152631670726146	0.10682941429207	0.116091655791782	0.140650606331683	0.0989777159594999	0.110368821874775	0.120098181262225	0.130580645397334	0.190193227985578	0.181702789857313	0.139454132792021	0.198148077058525	0.115128489311991	0.147290605161961	0.185341784053222	0.126934916199897	0.16911879637807
700109627	0.162816645088524	0.143209932061704	0.0853122968729909	0.178966572984569	0.149806512502448	0.0791054499658522	0.169560161915485	0.126051805440806	0.156679220774487	0.108027693134041	0.113251671110891	0.110709029251197	0.121521204458933	0.12388790521091	0.120270630705482	0.125111576247369	0.123385613862859	0	0.142985537311333	0.162521599913914	0.149529414788792	0.11831672698687	0.143445403942298	0.15605171184104	0.158149071186204	0.172480422591969	0.135676038736199	0.158058231260046	0.139667434962307	0.119494364966159	0.0846536177285428	0.130915360082242	0.125242027572467	0.0992981009260046	0.158802803252677	0.131141866870117	0.117450676817538	0.0977535992440014	0.16785023191874	0.135802289772633	0.14362716817185	0.107649575581204	0.109725679829766	0.133725045983177	0.131703783586398	0.129239729459392	0.134250533655716	0.122635885723978	0.0892322655182539	0.113802254354105	0.108408351870476	0.174510339533613	0.164537684077127	0.118112074004172	0.178955255293732	0.127967262959982	0.150266766807293	0.167644703623456	0.123697075707204	0.164875698901549
700095416	0.0910798083964365	0.152365960979253	0.141896159513182	0.133041374120974	0.132904212273155	0.150113614746221	0.102540634497534	0.162582552957709	0.0916825516514965	0.156674123532173	0.113173749299763	0.134717414648492	0.149103380860683	0.152153811344971	0.151493635665425	0.0931767905386173	0.171216184910938	0.142985537311333	0	0.114357128141657	0.0919878317401382	0.0978852319349313	0.112300427366197	0.0991574377869002	0.104345508284609	0.115810367456783	0.146852328403432	0.137479960650458	0.150349749193585	0.154822874198525	0.141356997876794	0.112382822859153	0.107040483484534	0.139922997992758	0.116563806886041	0.117862980918025	0.107833851819623	0.151807601229065	0.0994557080114985	0.164477456363448	0.10190737085623	0.142449894352399	0.110172823810063	0.10199571566927	0.132781857351873	0.132562720699623	0.120397864293077	0.140388694923765	0.136931661830867	0.124867063034212	0.100695704762145	0.106121747993631	0.119801553796105	0.0949947839765419	0.116453807219126	0.152892802585342	0.114609645393269	0.103439582138687	0.119957985654238	0.112771392993566
700110425	0.0921934436723527	0.152348429204228	0.138406782588733	0.0928964523028328	0.135042908159293	0.145430366977154	0.0719185823061367	0.163899339376723	0.106665927012246	0.156927481748137	0.114596013982298	0.128048744775511	0.140728901740315	0.142422778833829	0.124995653202549	0.116405456787068	0.169592391528639	0.162521599913914	0.114357128141657	0	0.0841432593141273	0.10435177162869	0.0946792049870967	0.110209645438073	0.0682182745969055	0.133210218318463	0.156129331838595	0.134057140327605	0.133274492905604	0.130996378638476	0.155376942412419	0.103817022500051	0.105849731291555	0.129407071709157	0.12764214701217	0.0923898361613716	0.144000015830485	0.148856033693727	0.111652246933971	0.157659856303203	0.129266162760667	0.126580082551971	0.133873600281879	0.0883516740645852	0.127013718308177	0.13622254828413	0.134257803172622	0.124465011594888	0.138325691077466	0.109315169642462	0.111344270177164	0.0721645427471608	0.0635296000252221	0.115267779400029	0.129872797123536	0.150085521485021	0.0753647973571997	0.0668508853280821	0.100391063657346	0.0677200118676436
700111580	0.0907433405348842	0.148577890696185	0.138995857589132	0.109189231888273	0.132713244015766	0.14418007634374	0.0846157809661319	0.156346944870306	0.10287267128708	0.143771216760746	0.111380598565018	0.129559422557345	0.137533448240137	0.142211281949819	0.130351537779763	0.10248316588469	0.159445660842667	0.149529414788792	0.0919878317401382	0.0841432593141273	0	0.0874831493226948	0.0946590642915734	0.106741379594105	0.0656543071394	0.131444118153959	0.159885440844278	0.145538849069055	0.12748357017746	0.14047955997706	0.14577243747041	0.0991918217568268	0.103669218175279	0.129029486840446	0.134196802957228	0.0923061503563489	0.146169327201751	0.144858334974371	0.113107641594167	0.148020046071703	0.119211269470565	0.118624624038329	0.130320366688566	0.0964749163186272	0.118655595902292	0.120258165648443	0.128442874454881	0.117295382918519	0.127244495800903	0.108292261967191	0.111051108658484	0.0875565819975957	0.0949368881432584	0.0962811375131418	0.123821921764557	0.142310660233549	0.0769616493882916	0.0725056010443657	0.0899840361981951	0.0859314113068251
700111302	0.109735645893744	0.125573479352823	0.102799219898517	0.136376917344179	0.139933344604197	0.119939887982027	0.105201065782823	0.132867566891928	0.103795625107319	0.12662094011383	0.0736606232447536	0.0914666105869354	0.109009940722923	0.140068760920211	0.112556606274127	0.0918137958330228	0.13862265607096	0.11831672698687	0.0978852319349313	0.10435177162869	0.0874831493226948	0	0.113524023617993	0.12144690865545	0.0909917788937121	0.139421940128584	0.137795955756052	0.13252730119046	0.13612152182476	0.124102441297951	0.116370460818757	0.0704668487827776	0.0770963791191994	0.0937042459157689	0.143098967757938	0.0910527676272366	0.134666063975259	0.127858586018256	0.119321952127387	0.132676830899584	0.11681164577783	0.0972665733674279	0.12313604446224	0.0811129976500945	0.102368661415452	0.122809447232734	0.124980931792509	0.0982202573947959	0.117211343038836	0.0737106044865945	0.0871675103334929	0.120564173026406	0.119216370239101	0.0883798814846297	0.151658666720731	0.105909690498363	0.0963278822542296	0.111887142780257	0.0809279043786961	0.104859706331116
700098605	0.111084988923203	0.122457112262164	0.125447939959849	0.106525025608862	0.129558122179468	0.130343471367254	0.102007375353138	0.158163805347624	0.108339993124655	0.144199176569776	0.1224948291795	0.129510975091	0.139524108323078	0.109811294425286	0.123890223346204	0.123532099105432	0.149009317293087	0.143445403942298	0.112300427366197	0.0946792049870967	0.0946590642915734	0.113524023617993	0	0.11184268701312	0.109361650615977	0.123209747252986	0.13638799242121	0.133517888874991	0.134095420388333	0.12569958065268	0.142026677054041	0.116288131311903	0.120027638662521	0.12772577548841	0.114656421961149	0.107011645216952	0.126709708509462	0.13178110255949	0.130703689704183	0.145566978295902	0.133359136300415	0.129401961029673	0.128287107570643	0.104706074422088	0.136151009470439	0.123944278849559	0.119919630871496	0.124228622321223	0.126144596968752	0.114620622316697	0.105826288199341	0.101548097307852	0.0956193896015362	0.108483578893548	0.115373293605721	0.149193545440067	0.103428447134176	0.0977923747354299	0.105562733396593	0.0918242448273893
700111991	0.0759520562597821	0.161718851516072	0.152638489636043	0.112442095081488	0.140591110817607	0.167282877342399	0.100298187335121	0.176461572117074	0.0977491181919967	0.163458248780524	0.12719896331891	0.164026252640907	0.161804066427009	0.148605374768698	0.166045026250892	0.0949906351481136	0.181311659835371	0.15605171184104	0.0991574377869002	0.110209645438073	0.106741379594105	0.12144690865545	0.11184268701312	0	0.113424333154242	0.0977910655292832	0.137759908848056	0.127511674993977	0.147745234178283	0.168784792920158	0.164094957855256	0.137943266779709	0.127463635800947	0.150260627897197	0.100779783137252	0.118891922997464	0.132552854165644	0.16120454749618	0.102552376342463	0.177246377285015	0.118032428942869	0.158550369920155	0.131900972075414	0.122022477113114	0.150180731984519	0.132295270680847	0.122266170035795	0.155468583567909	0.151728020147456	0.143605778063155	0.126351165265002	0.102616871928742	0.0992359708777854	0.105560266503594	0.0895742450640196	0.174207234995468	0.123120678565381	0.0960187301428824	0.134570811687234	0.11776137789562
700108960	0.0940536276721048	0.163820868560855	0.136423929306473	0.10469330183392	0.144549351179727	0.144573878168793	0.0735410627620784	0.166474102976927	0.108189693490032	0.159918167779736	0.108210117717719	0.127085554132451	0.146106102985702	0.154974206354685	0.133761952762504	0.111343260902015	0.176014891304531	0.158149071186204	0.104345508284609	0.0682182745969055	0.0656543071394	0.0909917788937121	0.109361650615977	0.113424333154242	0	0.146234126483595	0.174826121610993	0.151364106676366	0.141545922692702	0.145368986768541	0.155237977949383	0.0891800495431248	0.113537226489849	0.131172494357555	0.138368681197115	0.0974281912372898	0.150403174864729	0.150112795241656	0.115056814009616	0.161009550975605	0.133231449337398	0.122436734274314	0.14286072335439	0.0921865567595858	0.132917544588767	0.142466105978422	0.150213112883189	0.126982808254583	0.138713460621855	0.103422298113657	0.109828970643268	0.0821291514698766	0.0752615991209278	0.104808628863238	0.120902025811371	0.154131451161152	0.0841743929685943	0.06842925092412	0.0964968314570687	0.0765539969784003
700024452	0.111480891288485	0.15194500021875	0.161035793138234	0.120706777399014	0.112542108878608	0.169394976866959	0.122231699232698	0.179405768833548	0.109557565914099	0.165027967281632	0.14248128853072	0.169710216217294	0.165554510480438	0.133353153177889	0.168951305369226	0.125342723260108	0.176320904150752	0.172480422591969	0.115810367456783	0.133210218318463	0.131444118153959	0.139421940128584	0.123209747252986	0.0977910655292832	0.146234126483595	0	0.152048773582006	0.119890975183772	0.128889128179085	0.156528202778783	0.171887630096625	0.153856721552885	0.141443772549144	0.156240738963656	0.0683049014513609	0.13237324032399	0.142482078576275	0.170046343114264	0.105563742202608	0.166462502421072	0.126217603505998	0.161447758012428	0.142154502605689	0.138355761341298	0.150415230528919	0.132903543396672	0.107648087255559	0.160569435445915	0.160600747426115	0.15254989439311	0.134494375512285	0.108999277336404	0.121768889440316	0.134597015261028	0.115579251406117	0.172107155958602	0.136240284278556	0.131906102361391	0.142236398730542	0.139341042121129
700032931	0.150419879630105	0.129313005541765	0.144041156799777	0.178456037459073	0.162435029286664	0.140192884595276	0.173456742972767	0.14244935023318	0.153250940297617	0.134157729998541	0.129602808061462	0.150515255559836	0.137776382191733	0.138745451217433	0.145276896559855	0.135541751528845	0.141597612071667	0.135676038736199	0.146852328403432	0.156129331838595	0.159885440844278	0.137795955756052	0.13638799242121	0.137759908848056	0.174826121610993	0.152048773582006	0	0.128934013978356	0.142377151729405	0.139437084535248	0.143074555016266	0.151925628050109	0.139488167604981	0.134035021825863	0.155938254219278	0.136958629560328	0.134858474690588	0.140113872189143	0.155633447289165	0.150430151601998	0.143375661867457	0.134743992683713	0.146213841533534	0.145046606554452	0.131737127210291	0.138455736232761	0.118050838736097	0.139378182769081	0.137991840871099	0.135289329924533	0.139219590216314	0.171322099499612	0.158717598855622	0.12807897160349	0.156325074373406	0.14626156309561	0.157205591636771	0.174789887544427	0.141758088306179	0.166244491730621
700095837	0.130268393146662	0.142770449481716	0.147192299383363	0.146365930131717	0.141883822617372	0.155720796176091	0.148890023351141	0.145003426191812	0.132451236711378	0.138288111566055	0.117324458203059	0.140426376248513	0.116514438731334	0.148968728861943	0.143040677340744	0.118215939313971	0.156898392908356	0.158058231260046	0.137479960650458	0.134057140327605	0.145538849069055	0.13252730119046	0.133517888874991	0.127511674993977	0.151364106676366	0.119890975183772	0.128934013978356	0	0.113719844102628	0.130208768320709	0.161148346598345	0.151590903660592	0.112222365501893	0.130022130424879	0.132596250733409	0.128131883171778	0.134661228600838	0.15473764214766	0.132886020800101	0.140653989370732	0.123608637066036	0.126008832623548	0.147270547440515	0.12893586139451	0.126342281132657	0.12883728811635	0.132815182461861	0.129891946849577	0.154755064360458	0.135897727475971	0.128542907206124	0.145611124451036	0.137997822069436	0.14785592940957	0.145757872944326	0.137737582413967	0.13569343394903	0.146230096063298	0.131649853976124	0.144690341470881
700024548	0.151595605238818	0.13833532873087	0.117339761418902	0.134361639853092	0.1264087950283	0.118251379136885	0.142947047717993	0.118917728813599	0.16882429263637	0.0993770612084417	0.119169584627374	0.119982463002861	0.0918247752295479	0.123611051216209	0.106399666833581	0.14677999967224	0.122639160005126	0.139667434962307	0.150349749193585	0.133274492905604	0.12748357017746	0.13612152182476	0.134095420388333	0.147745234178283	0.141545922692702	0.128889128179085	0.142377151729405	0.113719844102628	0	0.110011383335019	0.128609709227418	0.144707421525658	0.119304759208214	0.113177870204858	0.129313803935993	0.104418915166658	0.160041227754732	0.113768004244366	0.155096501728329	0.101474323382639	0.136078285121929	0.0891690688360385	0.140307287997329	0.151413891450865	0.0822881700045807	0.0861575762168854	0.13509493081091	0.104161247139849	0.128423587668636	0.124025608704895	0.119279925278354	0.153359665822988	0.133897798008898	0.138530095426706	0.16899914031322	0.123820767054222	0.117441457937596	0.150852193964073	0.107838181512122	0.149030422032476
700110161	0.159527442421075	0.133150216934605	0.0966610732454418	0.157116187836272	0.136651704526176	0.0938153091195257	0.151767045899482	0.113817450530766	0.154383425112303	0.0996016424760474	0.113775575722679	0.118358937308398	0.0903340155419435	0.104154516658067	0.0874875511641105	0.142611149191113	0.106528057656921	0.119494364966159	0.154822874198525	0.130996378638476	0.14047955997706	0.124102441297951	0.12569958065268	0.168784792920158	0.145368986768541	0.156528202778783	0.139437084535248	0.130208768320709	0.110011383335019	0	0.112431091314758	0.125654130823761	0.12039949422134	0.085531482652765	0.159071127922237	0.126287419053303	0.131905910185954	0.0945504259353107	0.160743772878688	0.102333255700081	0.149116013843045	0.090812023534453	0.133158025656877	0.130217321588715	0.110786232477992	0.122706213455289	0.142164165475757	0.0968073662587146	0.0922469474022426	0.106320340469296	0.119292969524283	0.156248302689136	0.15144639437543	0.133545041672683	0.176346948960945	0.117460521179331	0.11494277236773	0.151827388067545	0.0993062822951186	0.142263582131091
700023496	0.159586178157462	0.139563945622059	0.0920024746185413	0.176409302487947	0.148412439037813	0.0845431727149379	0.155932465109533	0.120074406054766	0.157907268092291	0.104503514907677	0.0978919380069319	0.106765368135159	0.109772428596584	0.119730128156837	0.11822462549707	0.127993264825517	0.105334461894878	0.0846536177285428	0.141356997876794	0.155376942412419	0.14577243747041	0.116370460818757	0.142026677054041	0.164094957855256	0.155237977949383	0.171887630096625	0.143074555016266	0.161148346598345	0.128609709227418	0.112431091314758	0	0.126233627871517	0.112158950426723	0.0943158026031266	0.168882519390198	0.121562566739203	0.122708980228058	0.0968670573760976	0.163332046864409	0.12431590775567	0.130411096021093	0.100344064542147	0.111482757746034	0.139898083167783	0.101630252632627	0.109602911063375	0.141162079547113	0.111412869670339	0.0880773828053773	0.112493944275186	0.108283076057176	0.17593695948344	0.174400796078448	0.116777413330823	0.18832816626853	0.12153909937446	0.138065573282138	0.168503854541167	0.121933302414321	0.157818221817485
700034628	0.120887217793745	0.136887169959069	0.106020809016755	0.145050114066642	0.156092264290541	0.127727192157135	0.0960283392310346	0.136908217095674	0.102232675756865	0.128625059404657	0.0991234891437533	0.0985449189505357	0.112187554100932	0.150831053631127	0.113899782364975	0.103283255331205	0.148429356836597	0.130915360082242	0.112382822859153	0.103817022500051	0.0991918217568268	0.0704668487827776	0.116288131311903	0.137943266779709	0.0891800495431248	0.153856721552885	0.151925628050109	0.151590903660592	0.144707421525658	0.125654130823761	0.126233627871517	0	0.100301461879625	0.103195687024228	0.150549037518226	0.0894598684692895	0.141317641766761	0.127222413865079	0.12603291547712	0.135870152372266	0.132471106894241	0.0969945480866772	0.136516774488148	0.0739877624792744	0.12309099805708	0.137294603993461	0.141994006882199	0.0951453946414984	0.133770832143273	0.0723359201987794	0.0975256336815584	0.112397011835732	0.123026214089031	0.108796647544232	0.165557614707973	0.114433204856442	0.111512012389014	0.107631880075982	0.0848555156187086	0.0887415888123234
700023645	0.117773726574694	0.129651011724365	0.116128142894073	0.137357591023683	0.129613607680854	0.118208027316049	0.110440923452717	0.112094748114294	0.115107787566436	0.109328363369489	0.0806320036668307	0.099967533484639	0.0998452547518351	0.133251738816789	0.117978933331121	0.104266592420721	0.122245022489376	0.125242027572467	0.107040483484534	0.105849731291555	0.103669218175279	0.0770963791191994	0.120027638662521	0.127463635800947	0.113537226489849	0.141443772549144	0.139488167604981	0.112222365501893	0.119304759208214	0.12039949422134	0.112158950426723	0.100301461879625	0	0.0859524687847018	0.134532976059548	0.0847626532475571	0.131763609539624	0.130039376605509	0.122118622954917	0.119465676447963	0.112100754123049	0.0969891316436527	0.110055440696533	0.0958268898143335	0.0927435825397473	0.110428506967097	0.119940017181217	0.0884601705444362	0.113322835918015	0.0904258177425932	0.0853289658380894	0.125951529164498	0.125360379163218	0.113694456169392	0.155026456972401	0.103510637799688	0.0941541065414212	0.115031933083312	0.0909187423862292	0.119039740043643
700038744	0.149237474948963	0.121816186351054	0.0806651324478689	0.150397603360253	0.140761257380795	0.0744851198468602	0.140750022613256	0.107643145919312	0.142447963311205	0.098881063077294	0.0812833320074773	0.0906445894349102	0.0923143271773483	0.107562711233886	0.104931826073566	0.116247285346286	0.0982973581254819	0.0992981009260046	0.139922997992758	0.129407071709157	0.129029486840446	0.0937042459157689	0.12772577548841	0.150260627897197	0.131172494357555	0.156240738963656	0.134035021825863	0.130022130424879	0.113177870204858	0.085531482652765	0.0943158026031266	0.103195687024228	0.0859524687847018	0	0.15209872226518	0.0860573858861045	0.127625914754972	0.0911624373465295	0.144812188617295	0.107929474414715	0.12990568820077	0.0809230342110133	0.116353162826198	0.120308837339084	0.0945380078392265	0.107948296785901	0.133584496022932	0.0739534926593254	0.0857473344804812	0.082803594616773	0.0946512638056573	0.152855418629489	0.149230959891884	0.111474138722524	0.176561182013405	0.0946910955239623	0.122581545484059	0.143703076766336	0.0944811443831859	0.138586766060151
700038485	0.116661030636666	0.138058145429025	0.154611229283965	0.118361447253972	0.108709422538106	0.163663082127643	0.117845332616778	0.178631466277921	0.107744960938197	0.161905092460974	0.144637303875453	0.168035558747689	0.167945563510526	0.129809217489262	0.167779536535394	0.130452335866971	0.175757281332787	0.158802803252677	0.116563806886041	0.12764214701217	0.134196802957228	0.143098967757938	0.114656421961149	0.100779783137252	0.138368681197115	0.0683049014513609	0.155938254219278	0.132596250733409	0.129313803935993	0.159071127922237	0.168882519390198	0.150549037518226	0.134532976059548	0.15209872226518	0	0.124797513459151	0.141156137255832	0.166444587545162	0.115091240774672	0.165076988081169	0.137077681769938	0.159284931738291	0.137442748422051	0.136684566571015	0.154744122673349	0.129363751673122	0.10818191976171	0.15946606277258	0.157781766496406	0.152529307209869	0.131039577136636	0.103736763304625	0.108220646757959	0.129845602720872	0.111593361780212	0.173851963418246	0.137243109719984	0.118766045571958	0.136481399397345	0.133963756219064
700024743	0.11843948494718	0.124443682165424	0.112298576632977	0.126413902809477	0.138018214475169	0.117031052466238	0.100908833198306	0.116101268040839	0.118327292547308	0.113074300998419	0.0955110581030075	0.107465957660161	0.112038932984136	0.127950355115385	0.115875152513909	0.119913852690458	0.125024661288529	0.131141866870117	0.117862980918025	0.0923898361613716	0.0923061503563489	0.0910527676272366	0.107011645216952	0.118891922997464	0.0974281912372898	0.13237324032399	0.136958629560328	0.128131883171778	0.104418915166658	0.126287419053303	0.121562566739203	0.0894598684692895	0.0847626532475571	0.0860573858861045	0.124797513459151	0	0.144299011595783	0.120139504479518	0.123931754112434	0.122573104280156	0.127161646091685	0.0988791907047943	0.124970133683227	0.0946634011478471	0.0986254163871865	0.108935011327717	0.122210775479981	0.0891155019185946	0.116521274215134	0.0913804332283802	0.10162679665986	0.113793574010199	0.113094631040354	0.0978733679025974	0.146963132899905	0.115577194412122	0.0955734670361371	0.0979216317213178	0.0878124934467563	0.104837516252115
