700108602	700014971	700033565	700109389	700023058	700023927	700106341	700114221	700023543	700023439	700016978	700024192	700113058	700099448	700109870	700033928	700023693	700109627	700095416	700110425	700111580	700111302	700098605	700111991	700108960	700024452	700032931	700095837	700024548	700110161	700023496	700034628	700023645	700038744	700038485	700024743	700099596	700110760	700101587	700106399	700032322	700095653	700021312	700101230	700023590	700038905	700033136	700023382	700096424	700105469	700016908	700096053	700108479	700109569	700033814	700016125	700109756	700102665	700101777	700109455
700108602	0	0.244434129858153	0.311945794416043	0.227941706227313	0.227376377854586	0.28779051090742	0.0984972682272311	0.301451133597614	0.127106031625621	0.260783551779286	0.193401755134851	0.326053939593132	0.309671000275088	0.213777131031761	0.330337398735926	0.179717173193315	0.280988776412546	0.27128321924141	0.119540345989638	0.117267519501641	0.146661475823561	0.215577097041918	0.138784153085558	0.0792002620782345	0.154846987844328	0.195968045125198	0.246004202963724	0.318157158604941	0.301582525384167	0.295506204460304	0.248611990068043	0.234866553702761	0.194172113391776	0.259641169310739	0.171768620475578	0.145172733762735	0.214620242406958	0.303847545799276	0.0830818542645137	0.369215327187744	0.11832937798388	0.307310846713639	0.18459969053521	0.182805920130171	0.265187478263812	0.231351515820322	0.171814956451573	0.289919184718462	0.222934652025659	0.323092442099198	0.277578107303652	0.0953733233975712	0.133975302034636	0.134045817606633	0.146458132080302	0.271290201630665	0.163853500474699	0.0930696042756034	0.287064537507422	0.140419168681519
700014971	0.244434129858153	0	0.285078662311374	0.333308070921763	0.146926151851101	0.241502493536625	0.263990033986451	0.177963557610706	0.2357460844574	0.170860051017387	0.208030171200727	0.307140004298852	0.174700215427967	0.136748800520121	0.264489521931693	0.254363074062836	0.197027492649951	0.257894191430568	0.212480137914636	0.228690058755358	0.258668363053015	0.242677787564275	0.203305412882258	0.242742709901645	0.315533065372087	0.182005679492195	0.138471271194863	0.224222175337827	0.154678339027363	0.183218238842815	0.206421948145108	0.268834358942442	0.176109688202772	0.213096035999429	0.180113773649509	0.204358774332411	0.234345497045688	0.275393551520427	0.201978836493455	0.201216917968207	0.177790031488355	0.23192316944879	0.160103133781887	0.231807092015557	0.187288060288913	0.179381401711401	0.162050544758261	0.206396403311438	0.191975726851771	0.310458428957227	0.303340242242844	0.23115914287343	0.259527838491299	0.214992674512407	0.304962299161779	0.197810836734532	0.245358258935365	0.252595381959922	0.26410641195895	0.244870065347026
700033565	0.311945794416043	0.285078662311374	0	0.443475445150671	0.320772215067197	0.0960612164915447	0.31834878456126	0.183854046346672	0.265417535586489	0.152221223671448	0.155280724140051	0.0774575803702739	0.200552366354587	0.230479386410631	0.19234855830729	0.156327470129297	0.156735930888757	0.13394009376868	0.245159286048133	0.335627024803615	0.240744672934786	0.129696571266675	0.322289394985956	0.275045525133957	0.284176245932504	0.330620591606484	0.233613280706125	0.386067946533542	0.298511169450487	0.201236249256357	0.133519720187772	0.172002454998181	0.163368524276378	0.107054182982095	0.334080378602664	0.250123811561193	0.239476773746055	0.14914291519448	0.275795346544622	0.264575670507532	0.24504124972127	0.101111601058938	0.244652382320603	0.220714577244159	0.211509319369197	0.221324542937298	0.251959515963907	0.166447283807686	0.17482343442438	0.0739180877226738	0.123575357696349	0.338452119015326	0.361596739909632	0.220281200170136	0.395512078120152	0.147742823215408	0.230691121669448	0.312941563123128	0.08444728492186	0.267459618749688
700109389	0.227941706227313	0.333308070921763	0.443475445150671	0	0.345249789100147	0.43327493867848	0.195209905481101	0.419681735919922	0.296445667968912	0.398780888207262	0.347718391948925	0.451001828108313	0.41922287851034	0.356466983305446	0.436941491459001	0.348029563035413	0.416406051759924	0.42754206968543	0.307616111873552	0.203697679871851	0.294141137892127	0.367857037670416	0.207781046318627	0.26744998250006	0.267910882176088	0.282457480802665	0.376951194927411	0.412072222877372	0.370376474000085	0.415239863002832	0.403903185454517	0.381940084540199	0.349400887959819	0.40540731703237	0.248306518100113	0.281432170844494	0.381246538168379	0.446776446341556	0.246958565536321	0.42179566914623	0.284462573672203	0.431879195870166	0.345385956971677	0.331173618132395	0.390170938107408	0.348057724575591	0.342637421811948	0.412798217220869	0.378492304717567	0.451327146718245	0.411469923241562	0.192263442070926	0.145883105592595	0.308702463258787	0.186225600436985	0.404618633983969	0.279484918871473	0.224273461671981	0.412412326494174	0.273510468362073
700023058	0.227376377854586	0.146926151851101	0.320772215067197	0.345249789100147	0	0.265545309015174	0.264254303440631	0.240563410638113	0.236282266549356	0.228825875358193	0.22598474380947	0.33306169341642	0.241858805549895	0.159085882869178	0.300744840512138	0.247931073912305	0.246150816320965	0.237185572892843	0.19783583647318	0.22272539709573	0.274003267474462	0.256618364153294	0.21586365318724	0.212126106857703	0.325669983093448	0.175494378048382	0.16691168853216	0.246925279336879	0.210548923879165	0.214277522728134	0.243114623953005	0.30428344460116	0.207354281467439	0.239395995637072	0.186463787107157	0.246188021205131	0.167461372052411	0.239345783588361	0.197767818423745	0.280217273886138	0.183660594342087	0.275477744404314	0.152085565574367	0.261374719227109	0.225766327664074	0.219814717014871	0.152251940249436	0.252661579799509	0.193448987493669	0.345705072140439	0.321427414236315	0.223893493816654	0.246236460357531	0.214515616184406	0.293817556101169	0.250546042283072	0.278041860948987	0.245403476065347	0.303949851944404	0.246297856283292
700023927	0.28779051090742	0.241502493536625	0.0960612164915447	0.43327493867848	0.265545309015174	0	0.307656478722118	0.128854781682955	0.261154696448834	0.0958156706378315	0.148340004192954	0.134617525064882	0.146033583203185	0.162173130691963	0.154389080644206	0.173504020771528	0.0947748133949854	0.108728766893561	0.217526735848572	0.311540654244446	0.226353794787203	0.168399213625757	0.280377701342731	0.252422071597567	0.292980974816391	0.305216585489347	0.178506129428129	0.359020151793326	0.243066879266342	0.152482075162499	0.0831503919329323	0.189627363364043	0.134606859621629	0.0717226295797711	0.311650490170511	0.227291234662366	0.191241460094277	0.091443092951443	0.259361773655369	0.20642616963185	0.214037761152592	0.0725564606935862	0.195390114990022	0.205884212621179	0.154898446496806	0.16846598417468	0.195387381118674	0.117572876453581	0.111332423854157	0.144299705148008	0.193318555889053	0.325528105558924	0.349174346677809	0.198050818118373	0.380792680894802	0.0982580983608482	0.213818666121136	0.294601881229481	0.109961020986646	0.24980772833296
700106341	0.0984972682272311	0.263990033986451	0.31834878456126	0.195209905481101	0.264254303440631	0.307656478722118	0	0.306970704857237	0.125791609283513	0.275314274617601	0.201718841004556	0.318534062688839	0.316895481439709	0.248262622895828	0.329030741892422	0.20938558677453	0.290499298159346	0.316604645492676	0.148813077138394	0.0986901949040672	0.147643667508399	0.215701443414999	0.124459898674492	0.131077004261059	0.11762357157683	0.253128394042255	0.294532577457739	0.354061753037121	0.31085566585651	0.313335582082958	0.267692016398246	0.21462867411001	0.216922826807351	0.284387964753444	0.208027259024602	0.13137020839608	0.26402240732463	0.322502052507113	0.114025876044854	0.373257847485914	0.156364257989641	0.315670017943812	0.211937999162765	0.177165987290027	0.272585103860076	0.251766107225534	0.212810210185174	0.294961011049266	0.254459937142718	0.319547056265809	0.291850884382277	0.0994405993704743	0.09937510279978	0.158076844617071	0.146454903124957	0.278526845208427	0.149750155412385	0.103634408295898	0.285849281912833	0.113333841908731
700114221	0.301451133597614	0.177963557610706	0.183854046346672	0.419681735919922	0.240563410638113	0.128854781682955	0.306970704857237	0	0.279420865376844	0.0891115232592031	0.217777329123886	0.207847778919846	0.0598482352739985	0.145390500013613	0.139877447168545	0.248606276519729	0.081980996470803	0.193121998991895	0.245165543971984	0.271156425361327	0.269885917879716	0.232778874102118	0.296491872355672	0.284658734719702	0.347760779896904	0.286117674493954	0.153631541543625	0.297009631046745	0.180796963147764	0.0957341183699603	0.169151239111803	0.248707440124126	0.180229666501375	0.155378376589059	0.287650776947299	0.238932767661876	0.229727262635924	0.139493552003088	0.259740482054652	0.137598145931594	0.221063026669881	0.10797912525904	0.20127476395978	0.244325109248993	0.121429892356423	0.166472417080483	0.183013033870242	0.083978624458156	0.175220244784882	0.215313189973661	0.273709882575242	0.302988003571878	0.326437865518637	0.240601395457299	0.410127474611852	0.087661862710518	0.224915091121447	0.304793658879205	0.179416143629472	0.270993016119273
700023543	0.127106031625621	0.2357460844574	0.265417535586489	0.296445667968912	0.236282266549356	0.261154696448834	0.125791609283513	0.279420865376844	0	0.229864095814257	0.142775366151938	0.279848593900483	0.293067161706665	0.230468428284622	0.306028106146589	0.149714876125445	0.246251668296359	0.262823078232177	0.107410501907779	0.178011347631348	0.149814014386247	0.165482733894964	0.18637277825082	0.114160815691862	0.135677768986381	0.237748667250344	0.253553434931556	0.323403948709786	0.313974046497196	0.274911228898765	0.218718108948957	0.152101197990373	0.179577347608283	0.237948579463485	0.20099277338909	0.118965283413981	0.207904364234418	0.272459725342125	0.105356068581308	0.349782108936399	0.15227645593871	0.274523028400443	0.183652941614945	0.0991340540104214	0.246836897208237	0.246013322004099	0.18392595315563	0.257263345323791	0.220702427167284	0.276646365447261	0.24787684376513	0.142723981423294	0.177469332776613	0.1327848663916	0.205082009581508	0.242236524216901	0.178420567214654	0.117059093855793	0.249725671657353	0.0930010122225547
700023439	0.260783551779286	0.170860051017387	0.152221223671448	0.398780888207262	0.228825875358193	0.0958156706378315	0.275314274617601	0.0891115232592031	0.229864095814257	0	0.164426097614693	0.183110704018594	0.0974046247595077	0.12871989022311	0.154791019504718	0.196899510762026	0.0590995892146189	0.15110274652158	0.196226187524379	0.26745091684079	0.222092684071879	0.188948871634995	0.256579507422242	0.22924818677359	0.303012703018436	0.27429220556224	0.143492006898313	0.304433617652396	0.196644479347606	0.121431070985074	0.0997041864905872	0.213190295173763	0.130680445755639	0.101697049291599	0.275430760579261	0.195095335307375	0.176223556939502	0.129073863727834	0.218350105220618	0.164527576009026	0.176861981647236	0.103713282809049	0.170386081383778	0.203089067336015	0.117954992405934	0.132384333255102	0.162953585513331	0.0922576900388269	0.112555872517286	0.184829028693108	0.228023426890277	0.285237317483257	0.311504234654328	0.183650314210269	0.364550574448031	0.0745924895608204	0.187180518362649	0.266829963664691	0.155021200506588	0.230068188969364
700016978	0.193401755134851	0.208030171200727	0.155280724140051	0.347718391948925	0.22598474380947	0.148340004192954	0.201718841004556	0.217777329123886	0.142775366151938	0.164426097614693	0	0.171747031449968	0.233838405873982	0.185844577168112	0.256637306350241	0.0964972884918587	0.169131391748526	0.146554693642554	0.123188757694467	0.211548863367468	0.145965469099498	0.0689612945264796	0.224960896457168	0.153396962762053	0.170093137206484	0.248265230125938	0.212104641312024	0.302810267446193	0.261313003743444	0.216902863010543	0.113567258257363	0.117178634545716	0.0764861224583547	0.122497306537769	0.228719258245131	0.13911687079995	0.175391117017665	0.206628800238202	0.149552003240872	0.29103904898228	0.143722666928313	0.165752979468181	0.152546424710423	0.11030974006955	0.179177153091237	0.193331419784902	0.16987755062558	0.197847722234151	0.144001770539676	0.185401259390592	0.15584221258164	0.221464654249318	0.240752330438679	0.120697986722758	0.275782408674557	0.172077724042269	0.167412832818247	0.192039010258355	0.147778823665405	0.155891986649402
700024192	0.326053939593132	0.307140004298852	0.0774575803702739	0.451001828108313	0.33306169341642	0.134617525064882	0.318534062688839	0.207847778919846	0.279848593900483	0.183110704018594	0.171747031449968	0	0.223084591644722	0.259411424958362	0.197869881651882	0.170346389395506	0.171921771952943	0.151640351512957	0.255939324452875	0.336333698967494	0.237325909038489	0.140489401236538	0.336340993377362	0.293372249231399	0.295550096399789	0.360923903761164	0.272731000160454	0.391590467677288	0.305783847823463	0.247820886269782	0.150026075858574	0.185155865300634	0.168915718636691	0.137630596826505	0.363414627257788	0.260954192705812	0.255699574147158	0.178683452043274	0.291249776499898	0.274961899972207	0.259887448944149	0.124035729998923	0.262679230960246	0.229303815238191	0.190016290621274	0.232513240593217	0.256876486325375	0.174864957381514	0.207758123085861	0.0762878604251049	0.126336952227994	0.35136384076349	0.37103543680366	0.240701944840478	0.417269541293478	0.173467401734146	0.22791164749886	0.324929590440639	0.118271651141727	0.274905453633635
700113058	0.309671000275088	0.174700215427967	0.200552366354587	0.41922287851034	0.241858805549895	0.146033583203185	0.316895481439709	0.0598482352739985	0.293067161706665	0.0974046247595077	0.233838405873982	0.223084591644722	0	0.156317633089895	0.147645311005587	0.261973140124072	0.113868084475455	0.209403017189124	0.25738890498029	0.283399119987226	0.285918593883738	0.243787454070642	0.300243961648359	0.299186480378161	0.360266384930183	0.28863651589147	0.159871338369846	0.281960353418939	0.176676728896962	0.10093272274162	0.172658096039129	0.264024529022922	0.195815406951336	0.165158897057325	0.293345267205994	0.257227144460519	0.245025592572006	0.167181240756925	0.264448776268702	0.139003527297954	0.22576990327687	0.12050642180494	0.223149831910166	0.258958338304009	0.142739371004028	0.172829715679868	0.206729097926797	0.105869009533322	0.185785252246988	0.228123522072438	0.287220752991323	0.30078326022418	0.329710634999089	0.258624905394776	0.413789279570588	0.0873387670497201	0.243047529261456	0.316615984876283	0.195408380093587	0.28513346549052
700099448	0.213777131031761	0.136748800520121	0.230479386410631	0.356466983305446	0.159085882869178	0.162173130691963	0.248262622895828	0.145390500013613	0.230468428284622	0.12871989022311	0.185844577168112	0.259411424958362	0.156317633089895	0	0.214217805581556	0.207303594369494	0.142826073296112	0.174860028118754	0.161829399662361	0.219067470759849	0.221763247477573	0.217653561556105	0.203487166046681	0.189873829760133	0.291987212647127	0.188162445106172	0.0992203506440373	0.264973639522246	0.16289224306433	0.136105170756916	0.160849852240803	0.247104225770772	0.139297944682753	0.148986081394813	0.208062505646942	0.189738333681623	0.161667319387916	0.179479164825053	0.189124706086944	0.208689898685454	0.150504361837862	0.176026538819941	0.127198591677199	0.222631174083435	0.145652852563442	0.137439707438233	0.112166164015091	0.155686882395986	0.102391454379031	0.256408601625366	0.258488222420633	0.229572650349574	0.257470875982388	0.160894952455949	0.293633149703456	0.158990045453254	0.188375022657033	0.22780753596884	0.208229041824924	0.221805664775923
700109870	0.330337398735926	0.264489521931693	0.19234855830729	0.436941491459001	0.300744840512138	0.154389080644206	0.329030741892422	0.139877447168545	0.306028106146589	0.154791019504718	0.256637306350241	0.197869881651882	0.147645311005587	0.214217805581556	0	0.279985811753003	0.144373998098116	0.243206762644827	0.275433678311926	0.328645837933862	0.275506584340742	0.267374139955488	0.314356602111848	0.314796091209108	0.3692580953051	0.334457356662559	0.22268522282031	0.369587627729685	0.227561866014025	0.182328791048949	0.211606423807308	0.278689049786491	0.23325862687006	0.197754188554118	0.345663553598398	0.272717981165092	0.273478914299413	0.149414032529822	0.29044217840731	0.185189164742453	0.26457636126845	0.149625804009734	0.27639272144919	0.274773572004805	0.173224412610689	0.164225188922876	0.241179782742189	0.120030419658155	0.212465150628062	0.212442849462891	0.288994850105405	0.343754800151866	0.360242124384577	0.271766343963445	0.41285943230997	0.143931016786089	0.232417795627621	0.347740734636996	0.185369156858207	0.300934989027661
700033928	0.179717173193315	0.254363074062836	0.156327470129297	0.348029563035413	0.247931073912305	0.173504020771528	0.20938558677453	0.248606276519729	0.149714876125445	0.196899510762026	0.0964972884918587	0.170346389395506	0.261973140124072	0.207303594369494	0.279985811753003	0	0.206433274448367	0.151798513300648	0.126075807469389	0.236618864667487	0.146559103208225	0.0799724438055671	0.239052903139204	0.140473518791968	0.185484332816348	0.249066471604624	0.239574404635923	0.330514363531676	0.29594827285621	0.242655924551972	0.143608107796465	0.125961384605479	0.0962702162691535	0.135701315140888	0.254163386968447	0.198067831821759	0.186759595967453	0.221213029589646	0.163335607758049	0.321552701409277	0.150277109296519	0.177107865262144	0.168627736502263	0.159330966579248	0.198541797931648	0.205094158695022	0.168330376874675	0.229502320754305	0.169781359285895	0.169228008438397	0.132820317780337	0.221316233063223	0.256222502269432	0.143431703950886	0.285277358659663	0.197833649953229	0.178930774248986	0.183371583640165	0.143061453395919	0.161249604223608
700023693	0.280988776412546	0.197027492649951	0.156735930888757	0.416406051759924	0.246150816320965	0.0947748133949854	0.290499298159346	0.081980996470803	0.246251668296359	0.0590995892146189	0.169131391748526	0.171921771952943	0.113868084475455	0.142826073296112	0.144373998098116	0.206433274448367	0	0.15112300165244	0.213548637447681	0.272581983027824	0.214028625441563	0.193484813097258	0.276514134580018	0.24780461559304	0.311053229537428	0.286371984408785	0.160919624403361	0.319937441397894	0.189961188331434	0.13279966946512	0.1216200915913	0.214796484955378	0.138425541870498	0.114857918123068	0.287233834552279	0.212878924905936	0.192420887101876	0.128937709420931	0.238016567824449	0.150323826237391	0.198381022089496	0.0991687082557078	0.176029209247821	0.210342566264733	0.0964660125179499	0.137680445218045	0.165281472441003	0.0803498697704438	0.128227574733404	0.188336994612027	0.234048809901573	0.29415227966851	0.320319562878338	0.199292608451806	0.386018500677733	0.081416455702838	0.184988679731495	0.280145190239725	0.158017990619829	0.241623190489906
700109627	0.27128321924141	0.257894191430568	0.13394009376868	0.42754206968543	0.237185572892843	0.108728766893561	0.316604645492676	0.193121998991895	0.262823078232177	0.15110274652158	0.146554693642554	0.151640351512957	0.209403017189124	0.174860028118754	0.243206762644827	0.151798513300648	0.15112300165244	0	0.226780132979608	0.291744264138521	0.259580164128339	0.147617866479759	0.300488076932198	0.236326001472582	0.290089884206542	0.293423672723428	0.19207164012988	0.341663928363921	0.295365211709567	0.195749077257754	0.109657345918069	0.206031568430346	0.131990175359794	0.0897019467796644	0.307395078839108	0.240938696400303	0.151976270143749	0.146155707055449	0.253093003652663	0.271698647275057	0.222252489748735	0.1276719169096	0.180492507314007	0.209945227433106	0.189234512334266	0.226710284296853	0.20510258592529	0.190402287160572	0.108583224702501	0.178249232638066	0.175096949957814	0.315098750752595	0.33714242695479	0.222951601834106	0.36404935665333	0.164575245091185	0.257110795785689	0.283017840489249	0.158444575872904	0.269173932036158
700095416	0.119540345989638	0.212480137914636	0.245159286048133	0.307616111873552	0.19783583647318	0.217526735848572	0.148813077138394	0.245165543971984	0.107410501907779	0.196226187524379	0.123188757694467	0.255939324452875	0.25738890498029	0.161829399662361	0.275433678311926	0.126075807469389	0.213548637447681	0.226780132979608	0	0.181438349774872	0.138183574102812	0.151208170965968	0.171111998905489	0.0933023037260921	0.186961171625327	0.193250085663223	0.198368293512056	0.310245966490309	0.264750228225445	0.241691486542663	0.173354831263687	0.163496166475296	0.137499529343248	0.20156171707973	0.181195977429557	0.145354428839492	0.168936298108221	0.23679480219133	0.102828321340552	0.316047166362899	0.0906818638079887	0.243871134999843	0.125886199608971	0.147464889612306	0.207040712196075	0.190339286899494	0.112794701037382	0.229903018607414	0.172279576884619	0.256484872734236	0.224027354693926	0.164299985007899	0.199403033041783	0.0873625439937184	0.209430415407459	0.211846829491662	0.156644629168259	0.140832708615879	0.223936132633557	0.132481749476701
700110425	0.117267519501641	0.228690058755358	0.335627024803615	0.203697679871851	0.22272539709573	0.311540654244446	0.0986901949040672	0.271156425361327	0.178011347631348	0.26745091684079	0.211548863367468	0.336333698967494	0.283399119987226	0.219067470759849	0.328645837933862	0.236618864667487	0.272581983027824	0.291744264138521	0.181438349774872	0	0.184009350670226	0.234671508949801	0.138026629307662	0.154768220280763	0.156574127565261	0.23470692166546	0.256050742304526	0.295340179012894	0.272993860970417	0.269742840647118	0.278232073596605	0.269127787688022	0.211228753509773	0.276927154650746	0.18553364946671	0.146818378428548	0.252245863640387	0.332038054416177	0.131976204657676	0.342535731171159	0.163196883184239	0.297030577007155	0.182995891337006	0.191941092316013	0.237490203423456	0.24970473196695	0.190206850004303	0.275486156779879	0.245602452336617	0.350806890283002	0.310377536308756	0.10373770126423	0.0825910897371462	0.182171481434184	0.18284719964534	0.268550922766261	0.17108840943072	0.122754935666734	0.305665627935589	0.165289253657563
700111580	0.146661475823561	0.258668363053015	0.240744672934786	0.294141137892127	0.274003267474462	0.226353794787203	0.147643667508399	0.269885917879716	0.149814014386247	0.222092684071879	0.145965469099498	0.237325909038489	0.285918593883738	0.221763247477573	0.275506584340742	0.146559103208225	0.214028625441563	0.259580164128339	0.138183574102812	0.184009350670226	0	0.154889898004629	0.195610094402585	0.139432486484652	0.124766321840699	0.276095412541311	0.278893136749895	0.368149282428502	0.253266346190746	0.280501908385318	0.199990288153671	0.154029402088621	0.157210178112334	0.224399587058358	0.241484559319355	0.157540430062244	0.24441287695347	0.246928486217707	0.143151103641479	0.317946862064904	0.148048426034199	0.238594232536677	0.1920618913565	0.149266297203162	0.190550737577307	0.191960261808445	0.178367036788553	0.224275248127821	0.200744369952332	0.233680725741097	0.21612351314864	0.17380767373168	0.208126608812796	0.0946099065006772	0.237365742108312	0.224397076097466	0.0882842774858637	0.140576563483138	0.188927269988098	0.119130726308337
700111302	0.215577097041918	0.242677787564275	0.129696571266675	0.367857037670416	0.256618364153294	0.168399213625757	0.215701443414999	0.232778874102118	0.165482733894964	0.188948871634995	0.0689612945264796	0.140489401236538	0.243787454070642	0.217653561556105	0.267374139955488	0.0799724438055671	0.193484813097258	0.147617866479759	0.151208170965968	0.234671508949801	0.154889898004629	0	0.25300275682542	0.180695655954838	0.183421131973115	0.289813928095016	0.243093162185609	0.331284791107433	0.297359053471774	0.240818728606901	0.14154916762292	0.104141820984433	0.0979050969686007	0.125182858423443	0.272985027645007	0.181055269723028	0.202124930666967	0.221421349296544	0.177539668751826	0.305517421305386	0.176253763222297	0.165161904443452	0.174859127095244	0.144273164844694	0.194492295046414	0.218043877903661	0.194556149927089	0.211112443983964	0.176696930223589	0.14790140213401	0.126713427216053	0.243120259983275	0.264477252954924	0.14420251886375	0.307969777413312	0.179304473749019	0.183990534020266	0.213724924963454	0.126123254173439	0.171889652538173
700098605	0.138784153085558	0.203305412882258	0.322289394985956	0.207781046318627	0.21586365318724	0.280377701342731	0.124459898674492	0.296491872355672	0.18637277825082	0.256579507422242	0.224960896457168	0.336340993377362	0.300243961648359	0.203487166046681	0.314356602111848	0.239052903139204	0.276514134580018	0.300488076932198	0.171111998905489	0.138026629307662	0.195610094402585	0.25300275682542	0	0.167430405918728	0.206756029986587	0.216424251173931	0.221302297140003	0.314052423996077	0.273466415862466	0.285154632697679	0.25376092323296	0.266363689666871	0.218089983944584	0.266414728126237	0.177042451016432	0.167968075494287	0.243864578030907	0.303977087837335	0.144564147419928	0.325370183952462	0.147721648825513	0.30684437508125	0.210128140276105	0.213319899294849	0.27385453070887	0.214745081236072	0.1880068502548	0.290488528602923	0.238505528449959	0.339987653343669	0.313124181437501	0.152231283581217	0.139120365089732	0.170961659550215	0.158887692118301	0.27411012811062	0.195972280544794	0.167332684187248	0.300284597432492	0.15584192317663
700111991	0.0792002620782345	0.242742709901645	0.275045525133957	0.26744998250006	0.212126106857703	0.252422071597567	0.131077004261059	0.284658734719702	0.114160815691862	0.22924818677359	0.153396962762053	0.293372249231399	0.299186480378161	0.189873829760133	0.314796091209108	0.140473518791968	0.24780461559304	0.236326001472582	0.0933023037260921	0.154768220280763	0.139432486484652	0.180695655954838	0.167430405918728	0	0.163442368426683	0.180215000073455	0.228140859867577	0.319529186519301	0.292631676762584	0.272847477640222	0.214445935106296	0.202154400115644	0.171142822670948	0.226232540823084	0.165211305669724	0.144238093666812	0.18277770476861	0.262775977548203	0.0948278125166749	0.356050781119129	0.113635077600246	0.272708403116121	0.150848212208886	0.15518922066767	0.233454689892487	0.221889917124651	0.14606051670634	0.263149077453617	0.188386355069955	0.291256643263205	0.243820514032603	0.135441510634591	0.170227040137176	0.104512849102147	0.179799480140994	0.246552810532651	0.166761126066135	0.0981514747631334	0.255767678808403	0.120091783642806
700108960	0.154846987844328	0.315533065372087	0.284176245932504	0.267910882176088	0.325669983093448	0.292980974816391	0.11762357157683	0.347760779896904	0.135677768986381	0.303012703018436	0.170093137206484	0.295550096399789	0.360266384930183	0.291987212647127	0.3692580953051	0.185484332816348	0.311053229537428	0.290089884206542	0.186961171625327	0.156574127565261	0.124766321840699	0.183421131973115	0.206756029986587	0.163442368426683	0	0.316991475567397	0.337786110764111	0.393149776297955	0.354619195036807	0.344702626493673	0.255061453127396	0.146039177219736	0.207492671775805	0.269253242900412	0.270884228552776	0.145391200391172	0.28431498740949	0.323212902999324	0.170871272760636	0.414094651656465	0.206731351440715	0.302694072555847	0.241029837457896	0.148397284261937	0.29158027028016	0.297480119015539	0.262094608763681	0.322632480494827	0.261201035607266	0.267511452016629	0.23978951195004	0.168010940522824	0.161854074857974	0.157019743848531	0.181547283622728	0.298310688372166	0.17507147660561	0.133404553903527	0.250458791488862	0.128588912164686
700024452	0.195968045125198	0.182005679492195	0.330620591606484	0.282457480802665	0.175494378048382	0.305216585489347	0.253128394042255	0.286117674493954	0.237748667250344	0.27429220556224	0.248265230125938	0.360923903761164	0.28863651589147	0.188162445106172	0.334457356662559	0.249066471604624	0.286371984408785	0.293423672723428	0.193250085663223	0.23470692166546	0.276095412541311	0.289813928095016	0.216424251173931	0.180215000073455	0.316991475567397	0	0.189862753467421	0.263453516156765	0.214023309720179	0.256709985754784	0.284849735036766	0.307898120462719	0.239508995519525	0.27859022775408	0.0849262331085631	0.235718416839124	0.250762431834064	0.309595596235163	0.181906191790391	0.301047581369219	0.184042016537548	0.31645805080388	0.209979473986906	0.262752476959679	0.271997838748774	0.223381243327543	0.178179554636656	0.296827616934402	0.234263596440404	0.356133436368747	0.328812728995685	0.190554265338667	0.219827969169725	0.222978159760516	0.232964953180614	0.287989145123498	0.259875524798833	0.2178089207747	0.310920887889094	0.255843147675685
700032931	0.246004202963724	0.138471271194863	0.233613280706125	0.376951194927411	0.16691168853216	0.178506129428129	0.294532577457739	0.153631541543625	0.253553434931556	0.143492006898313	0.212104641312024	0.272731000160454	0.159871338369846	0.0992203506440373	0.22268522282031	0.239574404635923	0.160919624403361	0.19207164012988	0.198368293512056	0.256050742304526	0.278893136749895	0.243093162185609	0.221302297140003	0.228140859867577	0.337786110764111	0.189862753467421	0	0.255055353487475	0.183562458025711	0.151876685639975	0.17728007749403	0.273483671312983	0.17786631641168	0.164943054787115	0.214458905589007	0.22817193547587	0.171610565107372	0.194452664903538	0.221786408467944	0.192104118120496	0.178731167556122	0.188130990224111	0.156520991813579	0.241954062566996	0.174350716138016	0.159533320250941	0.137838892610462	0.164657478416442	0.137638228579346	0.267261239850298	0.293097347740082	0.268310453594576	0.288509803777221	0.211446461696185	0.303181061617912	0.159110645358275	0.248932985335169	0.276870018377013	0.228822719283801	0.269091556989989
700095837	0.318157158604941	0.224222175337827	0.386067946533542	0.412072222877372	0.246925279336879	0.359020151793326	0.354061753037121	0.297009631046745	0.323403948709786	0.304433617652396	0.302810267446193	0.391590467677288	0.281960353418939	0.264973639522246	0.369587627729685	0.330514363531676	0.319937441397894	0.341663928363921	0.310245966490309	0.295340179012894	0.368149282428502	0.331284791107433	0.314052423996077	0.319529186519301	0.393149776297955	0.263453516156765	0.255055353487475	0	0.231322534215191	0.242890297323014	0.329846331687413	0.377617226835886	0.282217274223934	0.320182742463358	0.270005972216851	0.31507846945164	0.305882746766802	0.379814607654001	0.284140747301944	0.322994345121236	0.281871509847363	0.33672900810017	0.267603622010291	0.32873114343685	0.294420736717775	0.30016650831274	0.271117032461835	0.312664921944603	0.314411243651125	0.410255276108569	0.379607015286016	0.308267233468032	0.32713845836224	0.33038120159597	0.390225576698982	0.314483668230943	0.359757567307269	0.332293649987297	0.370004517256922	0.351734031656875
700024548	0.301582525384167	0.154678339027363	0.298511169450487	0.370376474000085	0.210548923879165	0.243066879266342	0.31085566585651	0.180796963147764	0.313974046497196	0.196644479347606	0.261313003743444	0.305783847823463	0.176676728896962	0.16289224306433	0.227561866014025	0.29594827285621	0.189961188331434	0.295365211709567	0.264750228225445	0.272993860970417	0.253266346190746	0.297359053471774	0.273466415862466	0.292631676762584	0.354619195036807	0.214023309720179	0.183562458025711	0.231322534215191	0	0.155745487802635	0.263852790967841	0.323336583246232	0.223732429947899	0.244846343063112	0.220659217411332	0.248197905854439	0.294744344238063	0.266346138886241	0.25947614211771	0.151637531625314	0.228380198085878	0.221801316897548	0.228557105577016	0.291029075565062	0.147036663264391	0.114543981833337	0.201049090256967	0.169155959657749	0.225046649135353	0.321198056560025	0.333917142832767	0.282801987457768	0.300620631633939	0.248668124447982	0.355609682531828	0.219187556073853	0.221054497499007	0.306905690220176	0.261282870489186	0.293914333634523
700110161	0.295506204460304	0.183218238842815	0.201236249256357	0.415239863002832	0.214277522728134	0.152482075162499	0.313335582082958	0.0957341183699603	0.274911228898765	0.121431070985074	0.216902863010543	0.247820886269782	0.10093272274162	0.136105170756916	0.182328791048949	0.242655924551972	0.13279966946512	0.195749077257754	0.241691486542663	0.269742840647118	0.280501908385318	0.240818728606901	0.285154632697679	0.272847477640222	0.344702626493673	0.256709985754784	0.151876685639975	0.242890297323014	0.155745487802635	0	0.171758608749281	0.263943546635535	0.183185739241143	0.156091567050523	0.262581628721958	0.242628011183716	0.214473926167765	0.166080808058701	0.257669534026234	0.172080812988599	0.221184158354823	0.150466270822396	0.185864872949013	0.248274916460514	0.157693523716331	0.186176858482223	0.190061012151847	0.128325354908992	0.158908029298358	0.238306946807559	0.2839044655167	0.290394780214617	0.321458153109104	0.230238688856411	0.394865256403895	0.129734151264521	0.237653217043446	0.291696920496727	0.204319189761405	0.27598236345707
700023496	0.248611990068043	0.206421948145108	0.133519720187772	0.403903185454517	0.243114623953005	0.0831503919329323	0.267692016398246	0.169151239111803	0.218718108948957	0.0997041864905872	0.113567258257363	0.150026075858574	0.172658096039129	0.160849852240803	0.211606423807308	0.143608107796465	0.1216200915913	0.109657345918069	0.173354831263687	0.278232073596605	0.199990288153671	0.14154916762292	0.25376092323296	0.214445935106296	0.255061453127396	0.284849735036766	0.17728007749403	0.329846331687413	0.263852790967841	0.171758608749281	0	0.172454318039015	0.101396086932029	0.0786689658355632	0.277841474798688	0.203333685121024	0.160691832216583	0.146907695012765	0.217179733811638	0.242258420484368	0.170806201052362	0.132341952182972	0.158743377389938	0.178726688161184	0.151776940567489	0.182504934830583	0.174199085123939	0.155793872347359	0.0980491131476192	0.169730115448434	0.180363991839126	0.287314689155228	0.313499665541759	0.164281004191457	0.346890522266529	0.11876743958071	0.196754737874661	0.256523707914533	0.149441061846562	0.218069563495792
700034628	0.234866553702761	0.268834358942442	0.172002454998181	0.381940084540199	0.30428344460116	0.189627363364043	0.21462867411001	0.248707440124126	0.152101197990373	0.213190295173763	0.117178634545716	0.185155865300634	0.264024529022922	0.247104225770772	0.278689049786491	0.125961384605479	0.214796484955378	0.206031568430346	0.163496166475296	0.269127787688022	0.154029402088621	0.104141820984433	0.266363689666871	0.202154400115644	0.146039177219736	0.307898120462719	0.273483671312983	0.377617226835886	0.323336583246232	0.263943546635535	0.172454318039015	0	0.146626841344408	0.166624548359159	0.281831082589611	0.164834912426502	0.252381811712426	0.232536481688832	0.206761180543109	0.321444531572382	0.21274368542112	0.19068560205321	0.22284318162032	0.116941289296686	0.221021746834414	0.244727850711955	0.236919889648069	0.228053488333611	0.21036525245338	0.154439621142216	0.173399713912771	0.250050507760493	0.277257084047371	0.159479390883453	0.305371117729699	0.196674614751645	0.182059163113635	0.208296414340279	0.15192113141817	0.142841746786155
700023645	0.194172113391776	0.176109688202772	0.163368524276378	0.349400887959819	0.207354281467439	0.134606859621629	0.216922826807351	0.180229666501375	0.179577347608283	0.130680445755639	0.0764861224583547	0.168915718636691	0.195815406951336	0.139297944682753	0.23325862687006	0.0962702162691535	0.138425541870498	0.131990175359794	0.137499529343248	0.211228753509773	0.157210178112334	0.0979050969686007	0.218089983944584	0.171142822670948	0.207492671775805	0.239508995519525	0.17786631641168	0.282217274223934	0.223732429947899	0.183185739241143	0.101396086932029	0.146626841344408	0	0.0985722807024332	0.234067181914185	0.156743256394298	0.161351575352882	0.192523604875968	0.155618370214434	0.254676324863017	0.131149789166212	0.13550493529041	0.122166487670299	0.145384848039874	0.134778314880484	0.149446299479704	0.132929000277874	0.162675678690756	0.118643959956908	0.185684611247108	0.16045412868121	0.221254029963317	0.252427538066248	0.14264225151053	0.309283821445957	0.129364745416412	0.168152523888694	0.193717998711607	0.149746556887492	0.172302483259168
700038744	0.259641169310739	0.213096035999429	0.107054182982095	0.40540731703237	0.239395995637072	0.0717226295797711	0.284387964753444	0.155378376589059	0.237948579463485	0.101697049291599	0.122497306537769	0.137630596826505	0.165158897057325	0.148986081394813	0.197754188554118	0.135701315140888	0.114857918123068	0.0897019467796644	0.20156171707973	0.276927154650746	0.224399587058358	0.125182858423443	0.266414728126237	0.226232540823084	0.269253242900412	0.27859022775408	0.164943054787115	0.320182742463358	0.244846343063112	0.156091567050523	0.0786689658355632	0.166624548359159	0.0985722807024332	0	0.281414328894531	0.201446140776582	0.172357371483332	0.140541899397655	0.227344886563257	0.228030170984687	0.189488656066619	0.0914615567092894	0.168408570545282	0.18446870095089	0.149379588488503	0.168753623681649	0.191207762048431	0.139719754798771	0.0911970012694841	0.148312171065167	0.165547236977385	0.29570736718782	0.321267110648429	0.191273696993379	0.359692301577145	0.111391473665887	0.216198048332212	0.265016281618399	0.118738421526261	0.235182003151528
700038485	0.171768620475578	0.180113773649509	0.334080378602664	0.248306518100113	0.186463787107157	0.311650490170511	0.208027259024602	0.287650776947299	0.20099277338909	0.275430760579261	0.228719258245131	0.363414627257788	0.293345267205994	0.208062505646942	0.345663553598398	0.254163386968447	0.287233834552279	0.307395078839108	0.181195977429557	0.18553364946671	0.241484559319355	0.272985027645007	0.177042451016432	0.165211305669724	0.270884228552776	0.0849262331085631	0.214458905589007	0.270005972216851	0.220659217411332	0.262581628721958	0.277841474798688	0.281831082589611	0.234067181914185	0.281414328894531	0	0.193665865312818	0.264866402983192	0.334406002578274	0.142538296380506	0.303221633859956	0.16568575222047	0.323895647068813	0.208852868125063	0.225082339524846	0.271245838545704	0.22414802485306	0.193324458480877	0.305827154767333	0.250205659033605	0.362626790893243	0.32896535072129	0.142302618476734	0.167400450433837	0.193820495917041	0.207478657275977	0.288020595883533	0.232236452556063	0.175009630355781	0.319484735194756	0.211092860402968
700024743	0.145172733762735	0.204358774332411	0.250123811561193	0.281432170844494	0.246188021205131	0.227291234662366	0.13137020839608	0.238932767661876	0.118965283413981	0.195095335307375	0.13911687079995	0.260954192705812	0.257227144460519	0.189738333681623	0.272717981165092	0.198067831821759	0.212878924905936	0.240938696400303	0.145354428839492	0.146818378428548	0.157540430062244	0.181055269723028	0.167968075494287	0.144238093666812	0.145391200391172	0.235718416839124	0.22817193547587	0.31507846945164	0.248197905854439	0.242628011183716	0.203333685121024	0.164834912426502	0.156743256394298	0.201446140776582	0.193665865312818	0	0.212211665306922	0.248088357569293	0.119779724630217	0.308921866551235	0.141817286512292	0.242052625320672	0.181049821880825	0.100444181654655	0.209049090942727	0.188478301757309	0.188396472207558	0.223594896378898	0.179795933404071	0.272203339678683	0.251349092640572	0.155870414058184	0.175026087273846	0.129094382265207	0.207583944969957	0.211329454457326	0.157107186483084	0.128475435759498	0.227037706706437	0.105681428271419
