700108602	700014971	700033565	700109389	700023058	700023927	700106341	700114221	700023543	700023439	700016978	700024192	700113058	700099448	700109870	700033928	700023693	700109627	700095416	700110425	700111580	700111302	700098605	700111991	700108960	700024452	700032931	700095837	700024548	700110161	700023496	700034628	700023645	700038744	700038485	700024743	700099596	700110760	700101587	700106399	700032322	700095653	700021312	700101230	700023590	700038905	700033136	700023382	700096424	700105469	700016908	700096053	700108479	700109569	700033814	700016125	700109756	700102665	700101777	700109455
700108602	0	-0.15398807550463	-0.195605453518243	-0.118945061248704	-0.131260584665077	-0.201321648023955	-0.0697593159620375	-0.208574351264102	-0.0938028996289222	-0.199261681951207	-0.132981566052803	-0.201389302081715	-0.210600149328399	-0.160104635726074	-0.208540816578231	-0.121916737422563	-0.207449122393757	-0.193611145976099	-0.0917630772613435	-0.0884609687370212	-0.109493735107326	-0.142218883938093	-0.101643927373706	-0.0523363681167376	-0.11086151219109	-0.12870627967431	-0.179591427847358	-0.182265026214263	-0.177542217728391	-0.20215231535479	-0.188433452073526	-0.150309398749092	-0.134679771796599	-0.185586959607789	-0.119329665132436	-0.114946816335309	-0.156462804136025	-0.215931195557745	-0.074935760887087	-0.246858590929051	-0.0886332265545341	-0.202548445677672	-0.146244669363967	-0.13249164804429	-0.186868589892053	-0.14135119408313	-0.131303875211538	-0.198535158783773	-0.170270260982578	-0.177193303520561	-0.137916408262831	-0.0727380060851018	-0.0726475760182939	-0.109430017387636	-0.0921359457091195	-0.184657994855243	-0.121356374284335	-0.0741130966368811	-0.171527099671733	-0.103859744001615
700014971	-0.15398807550463	0	-0.177627430657055	-0.228149459572879	-0.127192962758555	-0.153645777808985	-0.176411598506589	-0.140571326603093	-0.139342720860602	-0.117655328113333	-0.117947955477799	-0.187634437972725	-0.143549390328133	-0.110672416323915	-0.158120759775473	-0.157930542851122	-0.130960334278299	-0.168569835061	-0.155658001263856	-0.166541593358126	-0.16825997045118	-0.152197556448623	-0.130452152160134	-0.159691166749608	-0.195054155998994	-0.161112173006145	-0.108993182944222	-0.158210331968029	-0.130884093403984	-0.133602526744505	-0.117080270031849	-0.15819207074394	-0.119791066606116	-0.117970265088397	-0.15207470382047	-0.131982419304495	-0.151949868775315	-0.16549385082896	-0.146672319523588	-0.161476278615132	-0.136970440480988	-0.142273253434385	-0.133685085360246	-0.151641497074791	-0.126532921758437	-0.123290380267878	-0.10411848268376	-0.148609141340443	-0.124188815120253	-0.159550350056097	-0.161827082235711	-0.165791261325154	-0.178143077993334	-0.115149959693168	-0.17908575806008	-0.114007037463601	-0.153947775048483	-0.171567801608813	-0.150881758190355	-0.170392280572856
700033565	-0.195605453518243	-0.177627430657055	0	-0.225136489762331	-0.191791556770177	-0.0748343724187628	-0.202246841714157	-0.101361852851771	-0.178003969267025	-0.106017521151688	-0.115443459014912	-0.0788747712239365	-0.113569855269493	-0.16045556530193	-0.100686618097003	-0.128180355269289	-0.129224723040538	-0.104430951716741	-0.168208086769655	-0.18520674362177	-0.170305833340393	-0.092836211198461	-0.19542650856507	-0.180238728050879	-0.170836614244031	-0.213296070930905	-0.170877090121659	-0.189821441796624	-0.151793794012669	-0.115900118532581	-0.122836359319453	-0.131811448628758	-0.12935675143398	-0.116734820214698	-0.205558702962662	-0.140665601329705	-0.161725322429216	-0.0961704263653767	-0.182420382270865	-0.164836433186758	-0.177173001146419	-0.0916367420423582	-0.151891811677221	-0.149792061111809	-0.128028687800166	-0.148484587877045	-0.156815932062016	-0.0925454313948769	-0.140737898649747	-0.0714535006339512	-0.0842166988466314	-0.213215021679469	-0.201401334866202	-0.136731514219217	-0.227676092129348	-0.116941194765643	-0.148451622428133	-0.195703972318486	-0.0803114438721439	-0.195780471546563
700109389	-0.118945061248704	-0.228149459572879	-0.225136489762331	0	-0.195301868830367	-0.247164520619813	-0.103487523031679	-0.244818394282081	-0.179531135881944	-0.241394074108569	-0.197387025766672	-0.225553306196556	-0.240120344092198	-0.208996421803762	-0.222072031479836	-0.179722048075265	-0.250433014741339	-0.253150869671059	-0.174123283872606	-0.116871829666714	-0.151521229965267	-0.200301653926198	-0.15531891297301	-0.14249244350644	-0.142859591818124	-0.15695045539714	-0.24501027278306	-0.219047970882821	-0.193851489357981	-0.230555495695979	-0.239478363835734	-0.214582034738098	-0.184434813867651	-0.231267931961083	-0.16174668993662	-0.173200877704893	-0.23058778225393	-0.253643806123325	-0.153330438035924	-0.24263250915913	-0.157138286965189	-0.233337069113542	-0.215186538119201	-0.195541300595713	-0.218828312358495	-0.185547438569948	-0.201968072106695	-0.231081596933334	-0.22399366125098	-0.211451952501446	-0.176396946780138	-0.114593702904678	-0.0879655500120367	-0.186191982230149	-0.137766597836861	-0.227584561303384	-0.126761886221807	-0.119451684904227	-0.201236958235268	-0.147711452891531
700023058	-0.131260584665077	-0.127192962758555	-0.191791556770177	-0.195301868830367	0	-0.167482879118557	-0.147707946677099	-0.172577650167847	-0.114805187227506	-0.168042718960471	-0.122859048791861	-0.19050977272684	-0.182345270594767	-0.122084014855609	-0.176427902597885	-0.137415933926648	-0.168382096754193	-0.158892636474977	-0.127013568240016	-0.142636456366336	-0.153234446872907	-0.157587389002547	-0.12368172407069	-0.133749062501002	-0.17457099678431	-0.129667957943051	-0.136245502955544	-0.179788272479422	-0.154376728790658	-0.172799363523223	-0.144892498787705	-0.162977704394735	-0.135332687027192	-0.152830849828097	-0.122123598412198	-0.141718396826035	-0.118564990822618	-0.158842584031554	-0.109896609256161	-0.205102616595578	-0.115678058643717	-0.173256234829765	-0.120727112406399	-0.146318776693175	-0.16142694364514	-0.13030582762159	-0.104081892641764	-0.16844723736849	-0.121670554348969	-0.178536238248324	-0.163595159226947	-0.14577423398942	-0.141676563695075	-0.106933906815473	-0.139275103019681	-0.159425182067425	-0.152143780409247	-0.153864043988997	-0.168659127869086	-0.141074362233539
700023927	-0.201321648023955	-0.153645777808985	-0.0748343724187628	-0.247164520619813	-0.167482879118557	0	-0.221501121365897	-0.105902621283889	-0.18362506564008	-0.0864807082429172	-0.112690329953371	-0.091200656140583	-0.114473865662849	-0.109736471836653	-0.111377830833766	-0.136036906410103	-0.106384059943805	-0.0679230420637963	-0.168539905854231	-0.199862485171019	-0.181297309822646	-0.122325902442651	-0.176809312834161	-0.189169460461286	-0.196998555611995	-0.20943910476285	-0.136927703661016	-0.200852040981857	-0.152921863173794	-0.114177659492671	-0.069912268472721	-0.154805025393452	-0.133287751726389	-0.0839007995591829	-0.205868958518039	-0.157447273045792	-0.135684464746848	-0.0667378857751154	-0.18848817695664	-0.158714504133629	-0.156006589527114	-0.0988117802533351	-0.1253061313762	-0.16792832002627	-0.126052305340771	-0.136355958582538	-0.139736959032007	-0.101652420813814	-0.093130908021328	-0.0952170328109145	-0.114027179744193	-0.224019565525109	-0.220992513908143	-0.122302147793731	-0.231386798491072	-0.110285587952171	-0.153249836172489	-0.210146413523494	-0.100186888298845	-0.204832495690182
700106341	-0.0697593159620375	-0.176411598506589	-0.202246841714157	-0.103487523031679	-0.147707946677099	-0.221501121365897	0	-0.215990603871012	-0.0979050654166089	-0.211736099226546	-0.143310208085284	-0.196291583360747	-0.211924820958504	-0.180745787601481	-0.211865252055835	-0.132414237809237	-0.217595297797949	-0.224236443192204	-0.119420282477287	-0.0732225555244381	-0.102331547064225	-0.142520157656755	-0.115313287540755	-0.0882135458002406	-0.0877205589974443	-0.157113871323272	-0.219088981555676	-0.202234119299846	-0.192312418525763	-0.210323972760854	-0.208187511261925	-0.132177983100973	-0.144891967446127	-0.203588769589591	-0.148188240369514	-0.106956284422102	-0.187655484248347	-0.234760598594123	-0.0834434542543863	-0.250527683803139	-0.126055877241244	-0.203937405340511	-0.157433348847939	-0.124044794625502	-0.18617225451122	-0.164355376027193	-0.156800652595757	-0.196439303784051	-0.188916023293552	-0.174005979499863	-0.148826932964858	-0.060469654009456	-0.0713424473878116	-0.13135590829715	-0.119844743213445	-0.189838181946626	-0.107620104500861	-0.0665809863335551	-0.170801155915385	-0.0792008245160812
700114221	-0.208574351264102	-0.140571326603093	-0.101361852851771	-0.244818394282081	-0.172577650167847	-0.105902621283889	-0.215990603871012	0	-0.185378874386946	-0.069874476256788	-0.135580303890152	-0.114515815093023	-0.0800519142212241	-0.14172421964029	-0.0739835717608262	-0.164834102063328	-0.0611626853419267	-0.142518234217333	-0.190719692294921	-0.195734564868749	-0.188537104275298	-0.150428990005762	-0.191709621086706	-0.203609462446619	-0.222048808549415	-0.216381622223464	-0.138014689762736	-0.173836706891873	-0.117323852479849	-0.0959195506217261	-0.105650494163946	-0.167189506398174	-0.127546668750081	-0.11239989673428	-0.212135056425373	-0.15080601155297	-0.175110698291218	-0.0922642449731645	-0.192941004780288	-0.0953823650788949	-0.167046903771806	-0.0741543528054626	-0.163072659242456	-0.174795291410533	-0.093580851935636	-0.128630866540535	-0.131373209268469	-0.0765491714615994	-0.13747837873971	-0.114660068829173	-0.14540301864472	-0.219956829704973	-0.216062082029921	-0.145901156089238	-0.242899065696147	-0.0792120358505862	-0.155608036708088	-0.220856475611469	-0.124229945905013	-0.205514252328441
700023543	-0.0938028996289222	-0.139342720860602	-0.178003969267025	-0.179531135881944	-0.114805187227506	-0.18362506564008	-0.0979050654166089	-0.185378874386946	0	-0.172850302884197	-0.117210504327526	-0.181848380387174	-0.188466122332743	-0.153148174532479	-0.187751365460768	-0.0973688645779809	-0.183110172137396	-0.185033891082756	-0.0927327368374203	-0.109479952751059	-0.124719369390454	-0.118591260162364	-0.111651638113393	-0.0929046468059699	-0.132973854546587	-0.133929943225761	-0.17116951283146	-0.165621768062529	-0.186918350264715	-0.176841806026239	-0.170130261662146	-0.109827872037274	-0.117847788933315	-0.170706361023859	-0.119032544092837	-0.117074047402074	-0.145921545337118	-0.19627204000252	-0.0716772024081125	-0.232548900273081	-0.109237077383878	-0.179339476602236	-0.134587160362898	-0.0881937903351211	-0.166805651057202	-0.145574398458519	-0.107575534334829	-0.172777260678573	-0.164453068653438	-0.151172943542981	-0.141098319479082	-0.0865644436725109	-0.105973949728868	-0.110971264916456	-0.113853851837516	-0.157511625019313	-0.141801532004328	-0.0954818006201604	-0.147349758312495	-0.0918480436618406
700023439	-0.199261681951207	-0.117655328113333	-0.106017521151688	-0.241394074108569	-0.168042718960471	-0.0864807082429172	-0.211736099226546	-0.069874476256788	-0.172850302884197	0	-0.11963976154238	-0.121954517130891	-0.0770174888204071	-0.120381800672526	-0.0997871192327709	-0.150430643592456	-0.0712595073428188	-0.116245103275975	-0.176906846578113	-0.195750307616817	-0.185911098412534	-0.141674456869573	-0.179773440722148	-0.189289178729506	-0.213573883127977	-0.206824352025654	-0.123836083655828	-0.170177997513917	-0.120995448705083	-0.0964597986061184	-0.0766616493319578	-0.167077825514913	-0.114410048804618	-0.0842465409506126	-0.199041981862705	-0.151888266940185	-0.148019038958628	-0.0929891545090933	-0.183721556511815	-0.111718136301006	-0.149497513691911	-0.0830238532108318	-0.151931773519605	-0.173295351606334	-0.0925308506178323	-0.126186044546577	-0.126383304793028	-0.0887649760727474	-0.113339599429685	-0.112373902231723	-0.132949246871681	-0.211485346241174	-0.215532713033505	-0.128252844864708	-0.231658128236131	-0.0744325863685802	-0.155948883705007	-0.206785483871341	-0.116643569703893	-0.202273507638382
700016978	-0.132981566052803	-0.117947955477799	-0.115443459014912	-0.197387025766672	-0.122859048791861	-0.112690329953371	-0.143310208085284	-0.135580303890152	-0.117210504327526	-0.11963976154238	0	-0.120714457763565	-0.139365360708264	-0.123494069482265	-0.149844627608243	-0.0923829711458347	-0.135252306852516	-0.118467287662128	-0.118775999834554	-0.118688473913791	-0.126077734575129	-0.0770374271616612	-0.131710071911552	-0.120463055998245	-0.128016829002286	-0.173288825637246	-0.136241805023159	-0.155201475332704	-0.147767073166318	-0.131001208288601	-0.103017235721976	-0.110389134923752	-0.0725952444454488	-0.102168599683185	-0.165031812998377	-0.0983952492691142	-0.117843223000117	-0.141461993772197	-0.118226422450363	-0.187914886616541	-0.114175414468184	-0.116027974386407	-0.091220983757897	-0.107674923048494	-0.116671567636574	-0.130643949851695	-0.110498764044267	-0.116783206344877	-0.110551844638395	-0.107507981420404	-0.0897011940477379	-0.149225219130925	-0.1458247347685	-0.0850813362973136	-0.169849383661777	-0.110156199230827	-0.128457136694415	-0.13360845486573	-0.115080108390565	-0.145585461659431
700024192	-0.201389302081715	-0.187634437972725	-0.0788747712239365	-0.225553306196556	-0.19050977272684	-0.091200656140583	-0.196291583360747	-0.114515815093023	-0.181848380387174	-0.121954517130891	-0.120714457763565	0	-0.11274727151542	-0.174084595052156	-0.105678748663958	-0.129864126362515	-0.139642549655639	-0.11530637512065	-0.164232123634141	-0.179604234938456	-0.161826653368854	-0.0916525307432955	-0.19369403241444	-0.196871359210281	-0.169875920266209	-0.225565013224858	-0.185114505237176	-0.191984340458153	-0.167204295814266	-0.147291608913046	-0.125917902513965	-0.121681661739672	-0.114111341667957	-0.121918884555257	-0.230424334024027	-0.139322048213228	-0.171313867201438	-0.109649820603983	-0.188292044607986	-0.161111397881832	-0.172409947120914	-0.0813350695818527	-0.153860875384519	-0.14102274191827	-0.11902950905034	-0.156858691790919	-0.161348476532447	-0.0905108913389105	-0.154334243683866	-0.0701806458203746	-0.101289553668792	-0.216424641212937	-0.203829029342647	-0.140516974467308	-0.247735367430265	-0.108244337680064	-0.138452700123239	-0.196466976980903	-0.0982939142779765	-0.188944373659775
700113058	-0.210600149328399	-0.143549390328133	-0.113569855269493	-0.240120344092198	-0.182345270594767	-0.114473865662849	-0.211924820958504	-0.0800519142212241	-0.188466122332743	-0.0770174888204071	-0.139365360708264	-0.11274727151542	0	-0.141891035885792	-0.0807646100164584	-0.168823315051525	-0.0954955544778309	-0.14612463665664	-0.197786042530622	-0.192501863760028	-0.19689561767162	-0.149988581723068	-0.200686801947908	-0.210327857581621	-0.221799293395958	-0.223339041257399	-0.145189689419775	-0.156670265355116	-0.118665938814699	-0.101354702999065	-0.105546146458146	-0.16244274007185	-0.123234310737565	-0.103586809748838	-0.223335938637287	-0.161730141883098	-0.182092035751225	-0.119087757579594	-0.19384313286332	-0.112494715816831	-0.16758473864652	-0.0703082676206853	-0.179315269322398	-0.173998882387511	-0.0899937603172908	-0.143677580099813	-0.151183884642407	-0.0930509395359556	-0.144390858199148	-0.122881212889098	-0.153890778537266	-0.220898660921627	-0.216962892608284	-0.162499512185483	-0.253226203701707	-0.0693352143482985	-0.158785632762137	-0.22301680923706	-0.122888773306309	-0.20221499109988
700099448	-0.160104635726074	-0.110672416323915	-0.16045556530193	-0.208996421803762	-0.122084014855609	-0.109736471836653	-0.180745787601481	-0.14172421964029	-0.153148174532479	-0.120381800672526	-0.123494069482265	-0.174084595052156	-0.141891035885792	0	-0.145692128673815	-0.146095290888276	-0.123530726750079	-0.121954316867346	-0.141956970866255	-0.163701429042988	-0.1615648285099	-0.153378740303257	-0.134840340350691	-0.155675668425044	-0.189898323967685	-0.14989816476476	-0.11180006261317	-0.182275825691703	-0.124967072438956	-0.124540205353089	-0.0890626738144591	-0.177489446332041	-0.117730244530525	-0.107080964248387	-0.14899719295404	-0.146880760868626	-0.12565175197216	-0.127339151491609	-0.148467906279359	-0.178831085797852	-0.125265777196855	-0.142308923180627	-0.118714096038319	-0.178526198541913	-0.1293676636418	-0.112966825417843	-0.10452520318305	-0.144715242276215	-0.0662013769983462	-0.156779314546118	-0.136592199482744	-0.169702476987396	-0.180829091356833	-0.108505475145604	-0.170839552482867	-0.126912016956001	-0.130089273366545	-0.177493267527581	-0.137197920311312	-0.177109117795706
700109870	-0.208540816578231	-0.158120759775473	-0.100686618097003	-0.222072031479836	-0.176427902597885	-0.111377830833766	-0.211865252055835	-0.0739835717608262	-0.187751365460768	-0.0997871192327709	-0.149844627608243	-0.105678748663958	-0.0807646100164584	-0.145692128673815	0	-0.168610507386458	-0.0973914557917466	-0.154084974221265	-0.196931762802557	-0.189037846326853	-0.180355083162973	-0.153099698987616	-0.182112631830014	-0.21279963420582	-0.215453861296858	-0.211312922589484	-0.155729360372572	-0.175516923967652	-0.110589746230258	-0.0945627438099659	-0.127843733644173	-0.168941822081903	-0.138859194141285	-0.131550314570551	-0.221429501531488	-0.168607893470946	-0.187685153228821	-0.0960681239318423	-0.192656047960678	-0.111957428745922	-0.180832461386761	-0.0724273700700012	-0.183028585976618	-0.172233250825111	-0.103145785686673	-0.129970731362336	-0.150277006368054	-0.0822963252976848	-0.146033178876612	-0.113245732813875	-0.147748476895032	-0.218519204098053	-0.204100270099924	-0.160242651505913	-0.239372639453042	-0.0905821895246774	-0.145809919126358	-0.219429240472368	-0.112502902960159	-0.198583096883266
700033928	-0.121916737422563	-0.157930542851122	-0.128180355269289	-0.179722048075265	-0.137415933926648	-0.136036906410103	-0.132414237809237	-0.164834102063328	-0.0973688645779809	-0.150430643592456	-0.0923829711458347	-0.129864126362515	-0.168823315051525	-0.146095290888276	-0.168610507386458	0	-0.167403685647835	-0.139864904809175	-0.0943155031444907	-0.136670970466786	-0.113494573581444	-0.0836400690888144	-0.137042591852621	-0.100776274178814	-0.134190461070137	-0.161530031732652	-0.163611247270477	-0.165621480453053	-0.172180024893539	-0.15972358622593	-0.13962879142326	-0.120079395520389	-0.0903531702320296	-0.146097493128586	-0.152379336265336	-0.13243901807994	-0.133386307104638	-0.164490413679391	-0.114089019850804	-0.214368192597586	-0.102432192150206	-0.139895572409787	-0.116424784089862	-0.12402270568796	-0.1368771933954	-0.136277666148678	-0.10582427044499	-0.147492963762216	-0.141436934775382	-0.110813332659425	-0.092109462988911	-0.130700284220844	-0.133788911675816	-0.107623665002718	-0.162117245290101	-0.136727124059873	-0.12760281104868	-0.116107121514487	-0.116405466088275	-0.120770375773715
700023693	-0.207449122393757	-0.130960334278299	-0.129224723040538	-0.250433014741339	-0.168382096754193	-0.106384059943805	-0.217595297797949	-0.0611626853419267	-0.183110172137396	-0.0712595073428188	-0.135252306852516	-0.139642549655639	-0.0954955544778309	-0.123530726750079	-0.0973914557917466	-0.167403685647835	0	-0.133953794484896	-0.192752886393393	-0.20054881445845	-0.185081117462753	-0.160148231348748	-0.184558157078999	-0.20400141669975	-0.226063740044578	-0.21607467563361	-0.133541053137519	-0.179700612130812	-0.117357365292212	-0.10217863220521	-0.0957686397436814	-0.173423703562367	-0.130317546874416	-0.109035962154798	-0.205207060269764	-0.159393153037899	-0.160911707170927	-0.11940419644032	-0.19252815012334	-0.095257977169156	-0.163861811463612	-0.0907353052076332	-0.155209800220226	-0.180943376268978	-0.0967979976198755	-0.119544053991199	-0.128910818459047	-0.0926724310061044	-0.123336295047786	-0.134004440470865	-0.15504570566825	-0.218512884159926	-0.220408854676026	-0.13935255323212	-0.242741233118687	-0.0919207702639151	-0.160765391396491	-0.222045473588315	-0.143274714758554	-0.208070711783435
700109627	-0.193611145976099	-0.168569835061	-0.104430951716741	-0.253150869671059	-0.158892636474977	-0.0679230420637963	-0.224236443192204	-0.142518234217333	-0.185033891082756	-0.116245103275975	-0.118467287662128	-0.11530637512065	-0.14612463665664	-0.121954316867346	-0.154084974221265	-0.139864904809175	-0.133953794484896	0	-0.170327827118982	-0.199115868179808	-0.194538805763844	-0.129155100890103	-0.188431205157846	-0.179555676486443	-0.198863618302628	-0.203062686038929	-0.134473036031027	-0.195490760426115	-0.190167332137129	-0.146252159089051	-0.0880688812821517	-0.164461234935441	-0.138730723703771	-0.102022119227008	-0.192098685899972	-0.166488589005168	-0.108407005593812	-0.0875284521555437	-0.191686343036545	-0.192118225722014	-0.165916058659777	-0.125568663095796	-0.130477061771157	-0.174054961079394	-0.156641439725103	-0.159528471031301	-0.149072337697622	-0.140354187346023	-0.095462539880476	-0.127227893974431	-0.115215566745187	-0.223441036771861	-0.219636192928006	-0.132136210184869	-0.218346978355513	-0.136659719381217	-0.180182430574881	-0.208946043741295	-0.139049566473963	-0.218379583662531
700095416	-0.0917630772613435	-0.155658001263856	-0.168208086769655	-0.174123283872606	-0.127013568240016	-0.168539905854231	-0.119420282477287	-0.190719692294921	-0.0927327368374203	-0.176906846578113	-0.118775999834554	-0.164232123634141	-0.197786042530622	-0.141956970866255	-0.196931762802557	-0.0943155031444907	-0.192752886393393	-0.170327827118982	0	-0.116184628183901	-0.100743147194996	-0.107230436593292	-0.118781074278524	-0.0743676138372329	-0.120289407415557	-0.132691461232471	-0.171642151230728	-0.187471047760421	-0.173594803289655	-0.190575893445381	-0.163356210967264	-0.116722248871905	-0.108792250847682	-0.165971221759003	-0.123644254086748	-0.114771480128885	-0.137945712907526	-0.179502700178798	-0.0958708257042262	-0.240716477761092	-0.0813587401358515	-0.181542485606267	-0.10628589207029	-0.113696090409116	-0.163702245688277	-0.132539163882468	-0.10551849966053	-0.174041296761638	-0.147953119487486	-0.148897204456852	-0.116863226973322	-0.115225105857595	-0.119935614666847	-0.0881417809118474	-0.124706338255588	-0.163295225567296	-0.119636102390096	-0.0994511556448018	-0.147368466054072	-0.119059992830537
700110425	-0.0884609687370212	-0.166541593358126	-0.18520674362177	-0.116871829666714	-0.142636456366336	-0.199862485171019	-0.0732225555244381	-0.195734564868749	-0.109479952751059	-0.195750307616817	-0.118688473913791	-0.179604234938456	-0.192501863760028	-0.163701429042988	-0.189037846326853	-0.136670970466786	-0.20054881445845	-0.199115868179808	-0.116184628183901	0	-0.0987759401744913	-0.136572575241321	-0.108855795174593	-0.0936646113074779	-0.0820093480721091	-0.156336089179916	-0.194845746328198	-0.171448467352031	-0.171973901529583	-0.18094815413148	-0.187698611208225	-0.14353496914943	-0.127012313822607	-0.183102056069003	-0.159372788458333	-0.0985127232962282	-0.167483683787152	-0.208463255928827	-0.0996760061998056	-0.231624645148315	-0.111596527407224	-0.17838026503422	-0.140477577469483	-0.106141459955313	-0.167360521591233	-0.151895457049691	-0.139504825522626	-0.178070056593939	-0.164319652669547	-0.160893120655385	-0.140055312268228	-0.0815078940148526	-0.0630559614252836	-0.115263681191141	-0.132138369180576	-0.172695096821903	-0.0761123606789986	-0.0779002106720458	-0.157912589410197	-0.101998626153993
700111580	-0.109493735107326	-0.16825997045118	-0.170305833340393	-0.151521229965267	-0.153234446872907	-0.181297309822646	-0.102331547064225	-0.188537104275298	-0.124719369390454	-0.185911098412534	-0.126077734575129	-0.161826653368854	-0.19689561767162	-0.1615648285099	-0.180355083162973	-0.113494573581444	-0.185081117462753	-0.194538805763844	-0.100743147194996	-0.0987759401744913	0	-0.111116995172379	-0.108741001226646	-0.0993311635416522	-0.0811267421682654	-0.180680960229569	-0.206041581504094	-0.212902505566596	-0.155688540152023	-0.199346170257555	-0.18154254830532	-0.1134533112113	-0.124696761533345	-0.187994026950254	-0.181700712425793	-0.106055918232634	-0.178152344032499	-0.191453207693435	-0.112528671423094	-0.225264419731632	-0.109048261640147	-0.167300633409133	-0.131213852545924	-0.12015822428493	-0.15018480825941	-0.1238680629561	-0.136589483021713	-0.153102267256474	-0.151670444384007	-0.136392639507335	-0.121809914129407	-0.103905806632811	-0.112824846730866	-0.10017220300124	-0.149254853330213	-0.161293629754392	-0.0807016911660619	-0.0775242015620526	-0.123952078752303	-0.0958085795321404
700111302	-0.142218883938093	-0.152197556448623	-0.092836211198461	-0.200301653926198	-0.157587389002547	-0.122325902442651	-0.142520157656755	-0.150428990005762	-0.118591260162364	-0.141674456869573	-0.0770374271616612	-0.0916525307432955	-0.149988581723068	-0.153378740303257	-0.153099698987616	-0.0836400690888144	-0.160148231348748	-0.129155100890103	-0.107230436593292	-0.136572575241321	-0.111116995172379	0	-0.15417661414853	-0.129838657384536	-0.116512745859751	-0.18933359493718	-0.168365591657367	-0.175667459234324	-0.172364988369375	-0.157465522469629	-0.132931756697718	-0.0769691383676453	-0.0815220305737827	-0.126362001123181	-0.18167424968098	-0.105791680567546	-0.138406550305063	-0.150449343098368	-0.137152068991088	-0.200837269557481	-0.137219349675665	-0.120391127996895	-0.1110206049561	-0.107468890057965	-0.124996660652555	-0.145796474938365	-0.128061359525838	-0.11800247651904	-0.138419605462425	-0.067603256831541	-0.070380296149603	-0.158388658538759	-0.150827679575431	-0.099119915895297	-0.193520360762938	-0.110864846767313	-0.12326494909554	-0.138713141156102	-0.083148361421703	-0.13959202513279
700098605	-0.101643927373706	-0.130452152160134	-0.19542650856507	-0.15531891297301	-0.12368172407069	-0.176809312834161	-0.115313287540755	-0.191709621086706	-0.111651638113393	-0.179773440722148	-0.131710071911552	-0.19369403241444	-0.200686801947908	-0.134840340350691	-0.182112631830014	-0.137042591852621	-0.184558157078999	-0.188431205157846	-0.118781074278524	-0.108855795174593	-0.108741001226646	-0.15417661414853	0	-0.109992498287078	-0.144494115316356	-0.142847791451847	-0.163470804407504	-0.177332865014231	-0.163936701410543	-0.178408184564479	-0.1702736283513	-0.150731757502547	-0.134264788388528	-0.175131883942722	-0.142074218395607	-0.119241087366312	-0.156123791930664	-0.184325882886176	-0.103937971510842	-0.221280069261657	-0.104147325579554	-0.186967419981679	-0.140864370557373	-0.124680010056938	-0.179145648785129	-0.128835697635618	-0.12560604118185	-0.181229534954747	-0.14643617680076	-0.17279765221257	-0.164846307014965	-0.109995323891075	-0.113575415682299	-0.10102393055007	-0.112980752260932	-0.172894648069366	-0.123181008374023	-0.113563420297799	-0.165043739283795	-0.100419091041932
700111991	-0.0523363681167376	-0.159691166749608	-0.180238728050879	-0.14249244350644	-0.133749062501002	-0.189169460461286	-0.0882135458002406	-0.203609462446619	-0.0929046468059699	-0.189289178729506	-0.120463055998245	-0.196871359210281	-0.210327857581621	-0.155675668425044	-0.21279963420582	-0.100776274178814	-0.20400141669975	-0.179555676486443	-0.0743676138372329	-0.0936646113074779	-0.0993311635416522	-0.129838657384536	-0.109992498287078	0	-0.10506988968306	-0.134150382961534	-0.178944468789399	-0.185732247509085	-0.18045074332535	-0.201929121551781	-0.179060874951887	-0.142479426476881	-0.129693511952519	-0.179758633283835	-0.121248920461113	-0.113028901941317	-0.147391765034717	-0.20260824804743	-0.0818087314916588	-0.252561570613851	-0.0847474205218784	-0.200547846995986	-0.127554067188235	-0.129241882687824	-0.181888013752171	-0.140216159786181	-0.115672116693679	-0.188172421558727	-0.160599068575863	-0.168403175296859	-0.126601849975472	-0.0892771564696385	-0.092034685670636	-0.0971111712109057	-0.095888041798092	-0.180901549877993	-0.117708061790989	-0.0826734310100623	-0.163233941220578	-0.105416907234628
700108960	-0.11086151219109	-0.195054155998994	-0.170836614244031	-0.142859591818124	-0.17457099678431	-0.196998555611995	-0.0877205589974443	-0.222048808549415	-0.132973854546587	-0.213573883127977	-0.128016829002286	-0.169875920266209	-0.221799293395958	-0.189898323967685	-0.215453861296858	-0.134190461070137	-0.226063740044578	-0.198863618302628	-0.120289407415557	-0.0820093480721091	-0.0811267421682654	-0.116512745859751	-0.144494115316356	-0.10506988968306	0	-0.204039007285849	-0.228192385368939	-0.225217398025084	-0.201343996432673	-0.212549990858407	-0.202095620898663	-0.110108128713131	-0.148294510265252	-0.197365643649313	-0.189884092300114	-0.105528909897756	-0.191458748617411	-0.214909535405031	-0.119426272573796	-0.260526736173869	-0.144156520560722	-0.190463460108062	-0.149014498596306	-0.11258538443975	-0.186479342141525	-0.180334588476628	-0.179057646414106	-0.191988243013104	-0.176420258853755	-0.141255382244513	-0.116615954265762	-0.106124713726258	-0.0941461943944031	-0.116930041829241	-0.144418799374977	-0.193137597299119	-0.100055054971912	-0.0774901549761244	-0.142329883938497	-0.0995269534010075
700024452	-0.12870627967431	-0.161112173006145	-0.213296070930905	-0.15695045539714	-0.129667957943051	-0.20943910476285	-0.157113871323272	-0.216381622223464	-0.133929943225761	-0.206824352025654	-0.173288825637246	-0.225565013224858	-0.223339041257399	-0.14989816476476	-0.211312922589484	-0.161530031732652	-0.21607467563361	-0.203062686038929	-0.132691461232471	-0.156336089179916	-0.180680960229569	-0.18933359493718	-0.142847791451847	-0.134150382961534	-0.204039007285849	0	-0.16390405041761	-0.162239167980144	-0.159358994134085	-0.191974540831319	-0.194298386918731	-0.205982210835366	-0.161360049188262	-0.190850425969924	-0.0647417124385222	-0.160789249562649	-0.171955174923058	-0.207576934599037	-0.128094717621717	-0.229539467030137	-0.123587341869217	-0.215653406669748	-0.170982628268778	-0.181132692592302	-0.192891673295432	-0.143972757009712	-0.122167211729714	-0.215822881541494	-0.177998760401452	-0.208440277821491	-0.177121085454443	-0.129298748635547	-0.143397048853457	-0.145117599826628	-0.111993780401808	-0.202373066763409	-0.164306143915776	-0.15881053208046	-0.19420833793409	-0.177420387745306
700032931	-0.179591427847358	-0.108993182944222	-0.170877090121659	-0.24501027278306	-0.136245502955544	-0.136927703661016	-0.219088981555676	-0.138014689762736	-0.17116951283146	-0.123836083655828	-0.136241805023159	-0.185114505237176	-0.145189689419775	-0.11180006261317	-0.155729360372572	-0.163611247270477	-0.133541053137519	-0.134473036031027	-0.171642151230728	-0.194845746328198	-0.206041581504094	-0.168365591657367	-0.163470804407504	-0.178944468789399	-0.228192385368939	-0.16390405041761	0	-0.148451546928914	-0.13470800416814	-0.120631942711567	-0.110135368445198	-0.192922126329475	-0.133295931933578	-0.112730166338286	-0.163231368246739	-0.176575286125963	-0.132531480207502	-0.13922662024125	-0.178879128046116	-0.167203527179048	-0.154478340208696	-0.138922008818243	-0.143762676653518	-0.186997468696563	-0.129842060922024	-0.145177641365218	-0.117300847430743	-0.150139869747384	-0.112260615102331	-0.158321340028636	-0.172036815575708	-0.200191817985029	-0.202923184757325	-0.142922825630962	-0.191021160313448	-0.120125945242055	-0.182802495132561	-0.214797378959028	-0.163638500507573	-0.212764052675726
700095837	-0.182265026214263	-0.158210331968029	-0.189821441796624	-0.219047970882821	-0.179788272479422	-0.200852040981857	-0.202234119299846	-0.173836706891873	-0.165621768062529	-0.170177997513917	-0.155201475332704	-0.191984340458153	-0.156670265355116	-0.182275825691703	-0.175516923967652	-0.165621480453053	-0.179700612130812	-0.195490760426115	-0.187471047760421	-0.171448467352031	-0.212902505566596	-0.175667459234324	-0.177332865014231	-0.185732247509085	-0.225217398025084	-0.162239167980144	-0.148451546928914	0	-0.142271773790962	-0.130364525940949	-0.173819974943733	-0.195496249612888	-0.140826480822197	-0.149903212834767	-0.161473175994155	-0.180931727422519	-0.173638346478274	-0.21015311483793	-0.175325293881912	-0.186909251688211	-0.169862231449196	-0.162047799254148	-0.196281579830974	-0.172125654090737	-0.144463564387545	-0.174353617069946	-0.151498809386994	-0.178214162047754	-0.195750055217685	-0.186968085927165	-0.177671746337959	-0.19200551852736	-0.183067619487532	-0.181938453329807	-0.200404100949775	-0.146665916422993	-0.193909830151901	-0.20324544611659	-0.183871432332791	-0.207384703781044
700024548	-0.177542217728391	-0.130884093403984	-0.151793794012669	-0.193851489357981	-0.154376728790658	-0.152921863173794	-0.192312418525763	-0.117323852479849	-0.186918350264715	-0.120995448705083	-0.147767073166318	-0.167204295814266	-0.118665938814699	-0.124967072438956	-0.110589746230258	-0.172180024893539	-0.117357365292212	-0.190167332137129	-0.173594803289655	-0.171973901529583	-0.155688540152023	-0.172364988369375	-0.163936701410543	-0.18045074332535	-0.201343996432673	-0.159358994134085	-0.13470800416814	-0.142271773790962	0	-0.109950043537641	-0.140493840817792	-0.196232965848931	-0.125603916482809	-0.129875172100935	-0.166902889145717	-0.149403026214338	-0.191849301625676	-0.153187056677433	-0.165608039819412	-0.122936955561285	-0.148193241267226	-0.113759883742542	-0.167456853935527	-0.19640466593929	-0.082854962425722	-0.0869396397239737	-0.132211048880361	-0.119116417898516	-0.142367531314689	-0.165417070408986	-0.150592920228379	-0.181428858152945	-0.178847045120416	-0.133699357391719	-0.190132996213365	-0.12007938141837	-0.133007853188172	-0.194381454332574	-0.142413005363456	-0.199876100196345
700110161	-0.20215231535479	-0.133602526744505	-0.115900118532581	-0.230555495695979	-0.172799363523223	-0.114177659492671	-0.210323972760854	-0.0959195506217261	-0.176841806026239	-0.0964597986061184	-0.131001208288601	-0.147291608913046	-0.101354702999065	-0.124540205353089	-0.0945627438099659	-0.15972358622593	-0.10217863220521	-0.146252159089051	-0.190575893445381	-0.18094815413148	-0.199346170257555	-0.157465522469629	-0.178408184564479	-0.201929121551781	-0.212549990858407	-0.191974540831319	-0.120631942711567	-0.130364525940949	-0.109950043537641	0	-0.110373416685433	-0.176500038681725	-0.128813958008271	-0.0954901815895125	-0.195051774743126	-0.165462147166351	-0.165527155683464	-0.117441158495222	-0.184448236642206	-0.137788314125144	-0.172658210856778	-0.0954202000374178	-0.160243812487451	-0.169808812921163	-0.105025639150422	-0.147764432663802	-0.137987390024449	-0.112698934048924	-0.12542102454117	-0.130941121522691	-0.149949369642196	-0.2013692989232	-0.208531568254102	-0.145524366442927	-0.23036486968888	-0.104414799686186	-0.158289311398065	-0.209971266776857	-0.127628816611453	-0.203243254199681
700023496	-0.188433452073526	-0.117080270031849	-0.122836359319453	-0.239478363835734	-0.144892498787705	-0.069912268472721	-0.208187511261925	-0.105650494163946	-0.170130261662146	-0.0766616493319578	-0.103017235721976	-0.125917902513965	-0.105546146458146	-0.0890626738144591	-0.127843733644173	-0.13962879142326	-0.0957686397436814	-0.0880688812821517	-0.163356210967264	-0.187698611208225	-0.18154254830532	-0.132931756697718	-0.1702736283513	-0.179060874951887	-0.202095620898663	-0.194298386918731	-0.110135368445198	-0.173819974943733	-0.140493840817792	-0.110373416685433	0	-0.162232892712285	-0.104630796684556	-0.0607510503332127	-0.185390965111856	-0.148253914445781	-0.122419949851318	-0.0966997483747024	-0.176740989762105	-0.152027180450041	-0.144189037055225	-0.100612358120945	-0.116572063568868	-0.166937051979808	-0.104953146907535	-0.134755773224622	-0.117509723776268	-0.10817194563289	-0.0819200839919648	-0.120099521697462	-0.128946150999924	-0.210487487269757	-0.210095159406063	-0.118692036106709	-0.220002110864732	-0.0931684247291761	-0.154188761231758	-0.201178581405248	-0.134692619366101	-0.201367450598126
700034628	-0.150309398749092	-0.15819207074394	-0.131811448628758	-0.214582034738098	-0.162977704394735	-0.154805025393452	-0.132177983100973	-0.167189506398174	-0.109827872037274	-0.167077825514913	-0.110389134923752	-0.121681661739672	-0.16244274007185	-0.177489446332041	-0.168941822081903	-0.120079395520389	-0.173423703562367	-0.164461234935441	-0.116722248871905	-0.14353496914943	-0.1134533112113	-0.0769691383676453	-0.150731757502547	-0.142479426476881	-0.110108128713131	-0.205982210835366	-0.192922126329475	-0.195496249612888	-0.196232965848931	-0.176500038681725	-0.162232892712285	0	-0.119709452388454	-0.158744293065903	-0.191308263472547	-0.0904936387381992	-0.170397971191101	-0.172143422627187	-0.139894632966392	-0.21203225872539	-0.158963137804034	-0.137659369477514	-0.129711785121097	-0.0718066770274143	-0.144638774277154	-0.165928545017783	-0.143444301808333	-0.136225979944601	-0.158032818959444	-0.095269046146631	-0.114095135351321	-0.152545737406017	-0.152500020335875	-0.113853360174605	-0.189288545667525	-0.130867112546581	-0.132528494600574	-0.129925747869961	-0.110574322611474	-0.103756227489118
700023645	-0.134679771796599	-0.119791066606116	-0.12935675143398	-0.184434813867651	-0.135332687027192	-0.133287751726389	-0.144891967446127	-0.127546668750081	-0.117847788933315	-0.114410048804618	-0.0725952444454488	-0.114111341667957	-0.123234310737565	-0.117730244530525	-0.138859194141285	-0.0903531702320296	-0.130317546874416	-0.138730723703771	-0.108792250847682	-0.127012313822607	-0.124696761533345	-0.0815220305737827	-0.134264788388528	-0.129693511952519	-0.148294510265252	-0.161360049188262	-0.133295931933578	-0.140826480822197	-0.125603916482809	-0.128813958008271	-0.104630796684556	-0.119709452388454	0	-0.0978355004116675	-0.161203479019946	-0.105792084871953	-0.130457536608727	-0.147666613771784	-0.124698233469039	-0.17308577111244	-0.12060797557708	-0.0949810444357952	-0.108270627770087	-0.11803629113562	-0.0878680421757353	-0.11419101010586	-0.0937904782651068	-0.113526078103529	-0.126488334700576	-0.104778782743714	-0.094372476191315	-0.141229666623684	-0.149395114744355	-0.101062364889426	-0.180866731017344	-0.0923339107317671	-0.116553309615409	-0.131061212444971	-0.112319189225408	-0.148492248684355
700038744	-0.185586959607789	-0.117970265088397	-0.116734820214698	-0.231267931961083	-0.152830849828097	-0.0839007995591829	-0.203588769589591	-0.11239989673428	-0.170706361023859	-0.0842465409506126	-0.102168599683185	-0.121918884555257	-0.103586809748838	-0.107080964248387	-0.131550314570551	-0.146097493128586	-0.109035962154798	-0.102022119227008	-0.165971221759003	-0.183102056069003	-0.187994026950254	-0.126362001123181	-0.175131883942722	-0.179758633283835	-0.197365643649313	-0.190850425969924	-0.112730166338286	-0.149903212834767	-0.129875172100935	-0.0954901815895125	-0.0607510503332127	-0.158744293065903	-0.0978355004116675	0	-0.187180027058176	-0.148328809033178	-0.126367127073683	-0.105365775439649	-0.176367180143678	-0.147258291174564	-0.153800653704437	-0.0934023393336159	-0.117437977305247	-0.16668819445116	-0.0962371310074316	-0.13975429369029	-0.125840814966487	-0.105958131117488	-0.0988845605108916	-0.119998151682379	-0.124489590392685	-0.206298364495867	-0.209038464908868	-0.124627798129575	-0.22050422713137	-0.0893061026664027	-0.155653776432984	-0.198951470904995	-0.126325499170069	-0.204850943940809
