700108602	700014971	700033565	700109389	700023058	700023927	700106341	700114221	700023543	700023439	700016978	700024192	700113058	700099448	700109870	700033928	700023693	700109627	700095416	700110425	700111580	700111302	700098605	700111991	700108960	700024452	700032931	700095837	700024548	700110161	700023496	700034628	700023645	700038744	700038485	700024743	700099596	700110760	700101587	700106399	700032322	700095653	700021312	700101230	700023590	700038905	700033136	700023382	700096424	700105469	700016908	700096053	700108479	700109569	700033814	700016125	700109756	700102665	700101777	700109455
700108602	0	0.148227911572055	0.164966637509072	0.105645088904366	0.127962229838726	0.170946283108541	0.0824867407236598	0.176572199158224	0.089573512794153	0.166858482840315	0.126877841337746	0.16165357388115	0.163128527209839	0.160133519724056	0.165556131097596	0.109895552491043	0.175301703353207	0.158939160419935	0.0929529082856854	0.0961398200826717	0.0925161409507046	0.107195737090979	0.106349386779643	0.0819604910448473	0.0915646885402194	0.122976065894959	0.154689688187495	0.134757040807226	0.156467459014101	0.163424548395807	0.163642941176819	0.120725062042339	0.12130009703977	0.16009487927876	0.121422863446989	0.118200033114585	0.128605461401376	0.169706501564962	0.0886391634675753	0.182354970255594	0.118580665704417	0.157621903777117	0.132616783422718	0.117461067995758	0.153921691834728	0.136969953273659	0.116667250937165	0.158470480424506	0.14585668085641	0.139514561508446	0.123977385300111	0.0834838735243666	0.100513013174366	0.110804877135506	0.0902643930127329	0.161915075437383	0.1199612131005	0.0856827003728848	0.135592845452862	0.0994105278320694
700014971	0.148227911572055	0	0.138330355873373	0.159895603590608	0.124297991774338	0.145781319633572	0.156136713534815	0.13060613543834	0.136601889610636	0.124569726483888	0.122274781596627	0.147312267406353	0.126277998349649	0.125228215686473	0.139328694497777	0.161245816101703	0.133438772826498	0.150386854455529	0.145072241011415	0.146790267093257	0.139452466745726	0.129928891348006	0.121369958194445	0.151805602184255	0.150272234421862	0.137359474794753	0.121327732294883	0.136027236961516	0.123164079395628	0.131282127551582	0.126816836425586	0.133068865650403	0.110408643788434	0.115602681151132	0.141553252132239	0.127302058194183	0.145726858084453	0.148167321331297	0.138985770515629	0.135474260286885	0.138361301955034	0.130802868219431	0.131173820288582	0.133211535634971	0.119010340789863	0.108244384956102	0.102597533804115	0.124953353484068	0.117063029044665	0.130234971465328	0.128231492326468	0.151641318771742	0.151692936519614	0.112657875134976	0.158026156258753	0.118676563999473	0.140791089149909	0.150144757372445	0.126226507655367	0.148968031894684
700033565	0.164966637509072	0.138330355873373	0	0.14864025376557	0.15102019507982	0.0695860953788228	0.153765142877993	0.103356576700731	0.157805348275996	0.0875422808027359	0.0973834033806193	0.0577151564062468	0.104237289390261	0.131259391712082	0.0980275207999045	0.136284250521916	0.10929684648067	0.0904828003692706	0.13686234369769	0.14403863841268	0.142943162332423	0.106289254481536	0.127905758431474	0.148849215696334	0.141700031533603	0.163730590636968	0.139800574409913	0.146434022850187	0.123731447091476	0.0994975511364287	0.0903108609508533	0.107972486611942	0.0995827310306461	0.0854895650904348	0.158801908144365	0.109800551012854	0.118896566673993	0.0763293941643907	0.155015830820722	0.113142239405599	0.138279143273139	0.08097951517568	0.124600474359034	0.122464662552248	0.104153007163218	0.11011376682965	0.13848671340298	0.0892317137763634	0.105455200027085	0.0769525776334926	0.071310169297744	0.167272998073895	0.158157935575415	0.120073387896392	0.176761344190914	0.100523268171567	0.122123835932863	0.156524448920803	0.0922557716971161	0.136654411061256
700109389	0.105645088904366	0.159895603590608	0.14864025376557	0	0.140886158433485	0.166919792414366	0.0885928789870663	0.176468346388715	0.122692673184642	0.166788375932489	0.137277754938965	0.139151165160176	0.170221423947049	0.159850185647935	0.145910199142363	0.14530822085969	0.182231455041414	0.176026189980922	0.136798534583208	0.0846380997286804	0.102064137458851	0.133860023780904	0.108133588659949	0.115803383481277	0.0995921536573986	0.126890134717624	0.178822284748283	0.15555810478626	0.140981849523972	0.16251823660594	0.174043138498283	0.134073609431962	0.131829834944979	0.160953855063957	0.127060739318723	0.10671986709778	0.168716355456688	0.157305774611507	0.130007395293787	0.166373707091966	0.138463923956597	0.151953362912832	0.150444039688982	0.122965662177128	0.152486181508669	0.146397501575685	0.143155544591064	0.15540640607687	0.15657695839637	0.13545906697375	0.119890353835139	0.097321193406227	0.0675555192640958	0.13892190223404	0.111050801126728	0.166431725692874	0.107158689842421	0.0873146359658857	0.118632080990445	0.0925248786511913
700023058	0.127962229838726	0.124297991774338	0.15102019507982	0.140886158433485	0	0.14599938373082	0.12056708162217	0.159370313138063	0.10752114818186	0.143230834470395	0.126173878523506	0.153222225236539	0.148333729500211	0.111843212011672	0.14521271862901	0.137459498279299	0.154819472895168	0.147553062498408	0.120148661594198	0.129100808559845	0.129020549880908	0.132581068542025	0.118062964807428	0.130106335163923	0.140339852231739	0.108649585560705	0.151753211087673	0.13237924540132	0.13721372967732	0.13864232594644	0.142006090377995	0.137670262177603	0.12625068540019	0.14115130760535	0.120386235874613	0.13208414963922	0.131184496583172	0.140878084676796	0.106936486071501	0.152737441522176	0.136157761602709	0.138317403088175	0.126834431971831	0.126694443504758	0.137267992798225	0.128897749046544	0.104294114522202	0.139908625969339	0.132540016519616	0.138296274144315	0.138100798488753	0.116211415941632	0.122198272614103	0.132054811480837	0.138641270676257	0.151651945738275	0.131407833766677	0.123104236097336	0.136460265790443	0.125407071905918
700023927	0.170946283108541	0.145781319633572	0.0695860953788228	0.166919792414366	0.14599938373082	0	0.164114686849976	0.111576724365574	0.165234059514991	0.0941864814423875	0.109155394934132	0.0938483083393027	0.115949146599039	0.104201975697321	0.0895052123378992	0.144654079980909	0.106476350915586	0.068421826104975	0.150680705413825	0.149840257039043	0.141931812850145	0.117087611837119	0.127543953405995	0.164016022156055	0.146932058028708	0.174478898664084	0.143680762416001	0.160115550253649	0.118264355660308	0.0978648689432079	0.0847970300814872	0.121751639764997	0.119338425327217	0.0903359192216166	0.175151725413099	0.123200192742487	0.115179683573406	0.0640988687543156	0.160146352543721	0.116107879775313	0.152581335214585	0.0851964933318733	0.117749070162967	0.134255296258434	0.105764606807557	0.115273282171503	0.144762587789858	0.0986300799911322	0.0832643614133246	0.0983119507813322	0.100518061896178	0.172073928123749	0.162854729247767	0.119825583402209	0.178849405532494	0.107460691508569	0.116305482515549	0.160969809335035	0.0996692974044571	0.145779914450005
700106341	0.0824867407236598	0.156136713534815	0.153765142877993	0.0885928789870663	0.12056708162217	0.164114686849976	0	0.173151174161862	0.0809251016836202	0.162144221866356	0.123972181388248	0.139826924207986	0.154893882019531	0.148856223819593	0.14960982013849	0.119691140254133	0.174355331241917	0.173047907835348	0.111402783707389	0.0767399418837398	0.0890382619560397	0.10441088586416	0.108050585246381	0.110655196960951	0.0758099246460911	0.130704805301461	0.182853043744614	0.156466901592339	0.151152906969409	0.161528173339997	0.157228025742294	0.0911735848216637	0.121034171152663	0.152386653122709	0.127651142276364	0.089702484961977	0.154221755549396	0.16416345458795	0.106703365151772	0.171518223511216	0.131772417444403	0.143417543994795	0.132166493548456	0.101915478454722	0.143044342631805	0.143599233955586	0.123790349849796	0.142094307034188	0.154596745636034	0.125869315698936	0.114018790215649	0.0679903935193337	0.0801066155982201	0.122003885454568	0.11633543874033	0.15707200171283	0.0994687302849266	0.072176717108745	0.117931278396982	0.0764160797649295
700114221	0.176572199158224	0.13060613543834	0.103356576700731	0.176468346388715	0.159370313138063	0.111576724365574	0.173151174161862	0	0.177249830454959	0.0825252790674906	0.124918108515548	0.103904231133361	0.075292107590662	0.158429409251465	0.0856221242412928	0.162662596119573	0.0817425658768071	0.131639358616068	0.171011869858307	0.164059463061152	0.158757717044246	0.125244520313136	0.157561358164605	0.18254139509535	0.168917394138918	0.179859024997476	0.156355482775104	0.144290951906031	0.106651096791631	0.11148024498203	0.106478075600215	0.134962933740147	0.117147400900064	0.10557115766192	0.182600025868844	0.131072880576831	0.150415152398204	0.102864676106959	0.172680884931911	0.0835498067624021	0.157289623112476	0.0807152832436604	0.15945648141872	0.138761288401768	0.0911168740593485	0.117443109628412	0.136203953113271	0.0737854974919973	0.136035552038678	0.104438342685321	0.124687330883167	0.190236642792853	0.177137380369991	0.148540394530556	0.202615123035858	0.0844095475210491	0.130299825643287	0.184197467366022	0.115150350042881	0.162924096932178
700023543	0.089573512794153	0.136601889610636	0.157805348275996	0.122692673184642	0.10752114818186	0.165234059514991	0.0809251016836202	0.177249830454959	0	0.156269801558687	0.114880254698969	0.15138326083367	0.163750985107828	0.147718242201872	0.160244291922209	0.105357301596223	0.175413448278223	0.158311597279788	0.0957856754386479	0.101976576383565	0.094085566884569	0.100724446474024	0.106645039820934	0.104279532477635	0.0992556355857242	0.102643030032874	0.15851078464279	0.127501758929213	0.159360841009154	0.158228712277225	0.155470937966794	0.102186257354993	0.111497638460233	0.15331603230362	0.107704073994708	0.101953658872654	0.14360033732089	0.165938124153848	0.0922427235999362	0.175684878086995	0.111886276889873	0.14424434793658	0.129523921379706	0.0934462266903638	0.146457210764269	0.132542641978249	0.103089092182198	0.148877878209532	0.149189373580495	0.132043959279057	0.119668039942451	0.0769749706845259	0.10139645822035	0.119076069201963	0.108814152834744	0.158088387523908	0.123203275573497	0.0820345500777884	0.12536109957315	0.0960873954860628
700023439	0.166858482840315	0.124569726483888	0.0875422808027359	0.166788375932489	0.143230834470395	0.0941864814423875	0.162144221866356	0.0825252790674906	0.156269801558687	0	0.105655408145822	0.103932501984775	0.0892400784412941	0.126090638844227	0.099346565761034	0.140122361246465	0.0868907516761731	0.107352715161416	0.144742747908234	0.155350605238386	0.13801540117401	0.11304570738318	0.1348017644257	0.1584179870769	0.151331179020499	0.163155912218316	0.140248443400699	0.139866857325366	0.103641761880464	0.101445747046899	0.0881354920868268	0.12943122885846	0.099285294174231	0.0851509191901089	0.16915415614131	0.117047789630281	0.127883084069074	0.0903067279306962	0.159680402277198	0.0986729997152794	0.138160421404083	0.0879834745617202	0.138250550317456	0.134655219448577	0.0964042894269588	0.103645927679224	0.127724349869508	0.0870367833148539	0.102381418498175	0.106471209161621	0.1029021705749	0.167002847806921	0.158868156498556	0.122548606847711	0.173163740458953	0.0918551377064669	0.123523526087813	0.160352216206102	0.104389575952898	0.151054880525023
700016978	0.126877841337746	0.122274781596627	0.0973834033806193	0.137277754938965	0.126173878523506	0.109155394934132	0.123972181388248	0.124918108515548	0.114880254698969	0.105655408145822	0	0.0995430081336392	0.118456798462698	0.134793892619896	0.122373451305465	0.119709677492651	0.122512488101623	0.109497133118675	0.117591805486805	0.112462164306023	0.106562256652816	0.0789234619416991	0.109679606288442	0.12076722875426	0.10423773448001	0.138759743308027	0.124521130402251	0.118188722985078	0.12341763760921	0.112374916972644	0.0993416341446399	0.0935865282231368	0.0783216039292255	0.0932814710592292	0.145377217819602	0.0895614543272062	0.121918860020488	0.1169174800245	0.114345086518952	0.137278254143542	0.104351430795574	0.0940726347606391	0.0995106434349831	0.0944984126892334	0.108153533644218	0.118109845095248	0.116672475422053	0.102764225729981	0.101198592399694	0.0924214181878478	0.0886480014089726	0.132362539578434	0.123480935543358	0.0928288749302802	0.135294629908319	0.110829792721084	0.103182797777966	0.121568971024242	0.0904630244644043	0.120388877476269
700024192	0.16165357388115	0.147312267406353	0.0577151564062468	0.139151165160176	0.153222225236539	0.0938483083393027	0.139826924207986	0.103904231133361	0.15138326083367	0.103932501984775	0.0995430081336392	0	0.0960380617326466	0.147783034812736	0.0853405631886516	0.130520060077006	0.121191918657412	0.114947923951908	0.135649957995103	0.134586404968607	0.131161515610192	0.0918942526420391	0.129241740082371	0.159124225225247	0.129275724479803	0.164510684471227	0.150807592904504	0.145040664217885	0.118585096656606	0.115668602685818	0.0958657087101354	0.0895280534120634	0.0962357745407748	0.0907761742505929	0.171600194146129	0.0992199776268438	0.142612710519946	0.0883715465718689	0.158975385428654	0.102268962897645	0.13831911823663	0.0642668905217973	0.146814658711943	0.110652191238262	0.089197309493744	0.11821251715711	0.143343959409314	0.075208084840752	0.12756339037675	0.0584223520949792	0.0649984908332827	0.161698947903319	0.149553637335929	0.131306049723305	0.182369885952534	0.0876465696652936	0.107514388395556	0.149823160789119	0.0830263034825652	0.125872990186355
700113058	0.163128527209839	0.126277998349649	0.104237289390261	0.170221423947049	0.148333729500211	0.115949146599039	0.154893882019531	0.075292107590662	0.163750985107828	0.0892400784412941	0.118456798462698	0.0960380617326466	0	0.14379587647176	0.0899063563067491	0.146746322396904	0.0982722535144446	0.13282138608361	0.151440271489402	0.15250985895798	0.14949232278725	0.118938282137628	0.150548492179374	0.173036627795371	0.156132521702622	0.172041546972405	0.144713140326243	0.128883245675624	0.105166777737994	0.102000001491784	0.0967469884474201	0.12299982361573	0.105342802299941	0.0867416875645377	0.17346351030939	0.128910222158546	0.136164903079118	0.114305451289319	0.156460835682319	0.0956318367505483	0.149245569733493	0.0756386600419531	0.15908046721417	0.132828476231225	0.0862439623229417	0.107721331178806	0.145056836395262	0.0861851217626664	0.120618673333532	0.101820144840506	0.111505158548322	0.173417788349097	0.170325988918853	0.141350360506679	0.195928148956579	0.0777306649881111	0.12908772838449	0.171658534027874	0.106068962655676	0.152298628949984
700099448	0.160133519724056	0.125228215686473	0.131259391712082	0.159850185647935	0.111843212011672	0.104201975697321	0.148856223819593	0.158429409251465	0.147718242201872	0.126090638844227	0.134793892619896	0.147783034812736	0.14379587647176	0	0.127987061404742	0.15887089120818	0.138436053249353	0.120385349864021	0.14339978148785	0.142987558555548	0.140123748663534	0.138967182581742	0.112985477449044	0.154533388016536	0.150785121557719	0.147207138575423	0.135036801956112	0.157034430070961	0.126604473259974	0.107005372076731	0.120090360280227	0.145423690341083	0.129232984322563	0.109184918919679	0.150868762452567	0.136276595399264	0.120785928079286	0.11676709057283	0.144024635560231	0.155322785206193	0.162202383635807	0.129560584121048	0.127051208928598	0.150589431405995	0.122302637280561	0.121653798476617	0.128883351445915	0.138590135897381	0.0770707177795156	0.13121594689302	0.130614923934417	0.136477122764693	0.147493954857136	0.130076128575033	0.162719940965938	0.144641039890574	0.119373330595755	0.144241997782396	0.12252652131497	0.143438369975028
700109870	0.165556131097596	0.139328694497777	0.0980275207999045	0.145910199142363	0.14521271862901	0.0895052123378992	0.14960982013849	0.0856221242412928	0.160244291922209	0.099346565761034	0.122373451305465	0.0853405631886516	0.0899063563067491	0.127987061404742	0	0.149546358082534	0.108893063129623	0.12575163313175	0.157470142769659	0.132675712355203	0.13159969587397	0.118370275977764	0.123471432069243	0.17196205823202	0.138662134421878	0.166844837674781	0.154926015607171	0.137361839405974	0.0968509287796248	0.0869074025681296	0.111881433757459	0.107294882286095	0.122610076654476	0.109038119159732	0.177367604491809	0.117080802660145	0.14994637910392	0.0819166358610911	0.166677352503042	0.0902904349390599	0.162373957490622	0.0672008227976331	0.162896588164372	0.120356177601707	0.0826860129209205	0.118575823344313	0.142044116138064	0.0774490775837027	0.118270667537167	0.0880556681075026	0.107659414650909	0.159253685850752	0.143652147037664	0.139138104406216	0.185743080181535	0.0857765127003049	0.09958015764904	0.151980342914723	0.087562235179145	0.130406617426787
700033928	0.109895552491043	0.161245816101703	0.136284250521916	0.14530822085969	0.137459498279299	0.144654079980909	0.119691140254133	0.162662596119573	0.105357301596223	0.140122361246465	0.119709677492651	0.130520060077006	0.146746322396904	0.15887089120818	0.149546358082534	0	0.159870223244576	0.133561316683653	0.104541239781521	0.132844172569692	0.120933313359919	0.107316524729875	0.131580371010725	0.098220603046369	0.125351708176703	0.14008771427977	0.152588508412697	0.123656093553808	0.153811924825389	0.149311261038031	0.133136891169376	0.123783210353594	0.116770475004969	0.134863625893193	0.132582140417277	0.136390876435885	0.131281125504018	0.150095707027578	0.108424142714431	0.165559857412818	0.0953676899170266	0.125036335334918	0.141799093471064	0.127432503608024	0.139482725324596	0.13250899576454	0.129965216126861	0.145653656388696	0.144693202140652	0.123591693153078	0.10487578394756	0.126804987615557	0.136846060601152	0.124583416800336	0.133932034648799	0.14051694221831	0.126623166752919	0.122059772423165	0.131102496599863	0.120503848462251
700023693	0.175301703353207	0.133438772826498	0.10929684648067	0.182231455041414	0.154819472895168	0.106476350915586	0.174355331241917	0.0817425658768071	0.175413448278223	0.0868907516761731	0.122512488101623	0.121191918657412	0.0982722535144446	0.138436053249353	0.108893063129623	0.159870223244576	0	0.120132157893829	0.163609662958796	0.170618787718732	0.157098248928784	0.132506528922931	0.144794489196794	0.178175649095072	0.171855947185789	0.17926050119311	0.145475096365426	0.158102781359256	0.115627360576795	0.112749031293715	0.0997260921212013	0.142654479082629	0.127015170488776	0.106507508149832	0.175340363513496	0.13925091336025	0.130478547924245	0.105090575292367	0.168403543738681	0.11115415110406	0.159204001482942	0.0992270804815721	0.14669061817792	0.148945045862382	0.111450797694078	0.113052229976526	0.12476774600574	0.103377083142193	0.113431551023889	0.120511641470726	0.125604048249282	0.186234999414828	0.175819592752775	0.126449367474494	0.193706767669306	0.10944306558452	0.138748546175502	0.183352501134356	0.125813592610719	0.166887503089788
700109627	0.158939160419935	0.150386854455529	0.0904828003692706	0.176026189980922	0.147553062498408	0.068421826104975	0.173047907835348	0.131639358616068	0.158311597279788	0.107352715161416	0.109497133118675	0.114947923951908	0.13282138608361	0.120385349864021	0.12575163313175	0.133561316683653	0.120132157893829	0	0.142815843200004	0.158838263542851	0.148636195302328	0.118911434952519	0.140997740088125	0.148241806054724	0.147922710996934	0.167465092810716	0.130618419581144	0.151110393687689	0.141791528352483	0.115783086235754	0.0996988713956407	0.13712347000765	0.113405789221257	0.102807353694711	0.166311662674266	0.140662213047934	0.102676493214019	0.0888939938000889	0.156503763413254	0.141312534743741	0.149167668005041	0.108541977810017	0.109163036690163	0.134347366381134	0.128121592255765	0.129415594761248	0.145173588671246	0.126148965696497	0.0923126569195157	0.117503126481922	0.108882056528276	0.175127959235011	0.168004187772758	0.12308113447764	0.170189787935407	0.129649352814947	0.140515787913586	0.164930797762729	0.123357581821053	0.159057964184082
700095416	0.0929529082856854	0.145072241011415	0.13686234369769	0.136798534583208	0.120148661594198	0.150680705413825	0.111402783707389	0.171011869858307	0.0957856754386479	0.144742747908234	0.117591805486805	0.135649957995103	0.151440271489402	0.14339978148785	0.157470142769659	0.104541239781521	0.163609662958796	0.142815843200004	0	0.122808029930474	0.0970438789835279	0.106702966138884	0.114837256431131	0.0961217063079059	0.108377985224024	0.122561993283982	0.149441708126692	0.136212291276623	0.147427532899447	0.158025269752549	0.138619407919704	0.115419734847688	0.105755242533167	0.139894707504333	0.124457101204163	0.114267083225492	0.113941672408196	0.149688139755264	0.0921567808703978	0.168580962482584	0.104967953925269	0.133741650475654	0.11142037530111	0.118508387192689	0.132937256956507	0.119692647887115	0.110550574513446	0.14442813874152	0.139085744900663	0.135465991211893	0.101032040058015	0.110556797598865	0.128039173472251	0.105988627814686	0.123529996999851	0.147223212435355	0.118585912568537	0.108305052844583	0.125922251821422	0.11634260021057
700110425	0.0961398200826717	0.146790267093257	0.14403863841268	0.0846380997286804	0.129100808559845	0.149840257039043	0.0767399418837398	0.164059463061152	0.101976576383565	0.155350605238386	0.112462164306023	0.134586404968607	0.15250985895798	0.142987558555548	0.132675712355203	0.132844172569692	0.170618787718732	0.158838263542851	0.122808029930474	0	0.0851405080351283	0.105772020293606	0.0948552314425903	0.120441275021565	0.0688104066060632	0.130061566459842	0.163271309151632	0.135740698422394	0.138459547831997	0.139652455235156	0.154454128340461	0.103147987419461	0.107065775220199	0.147124137467607	0.131898916284651	0.0823352204939448	0.150796390061628	0.152701613396883	0.118615913806778	0.161797358938686	0.126521507537376	0.132743430856998	0.132369602247799	0.0840315724391766	0.133159921023462	0.139711042256763	0.125331585568554	0.138198929108584	0.140643182356167	0.113865834521553	0.109621459406462	0.079707960515801	0.0538793903075755	0.123848805508862	0.121395258379519	0.144446832628262	0.0850654449176429	0.0710871404286403	0.0974279229522214	0.0772330776861538
700111580	0.0925161409507046	0.139452466745726	0.142943162332423	0.102064137458851	0.129020549880908	0.141931812850145	0.0890382619560397	0.158757717044246	0.094085566884569	0.13801540117401	0.106562256652816	0.131161515610192	0.14949232278725	0.140123748663534	0.13159969587397	0.120933313359919	0.157098248928784	0.148636195302328	0.0970438789835279	0.0851405080351283	0	0.0856513540219978	0.0883223909979941	0.107231266763531	0.0653573900302179	0.136928982727114	0.161600074665013	0.151013834122469	0.125744014469807	0.140525627754033	0.139451927904651	0.0981540536365301	0.100680076242056	0.136033617796938	0.143229501116344	0.0877732068730587	0.145466264713337	0.144561989044481	0.125435841640096	0.15122652354324	0.112804076543563	0.121937994153647	0.126572003343159	0.100690123746711	0.119254664168628	0.121418033124094	0.108189333576303	0.122326465464514	0.12519604230511	0.112579663259921	0.108209631840345	0.0872120665376333	0.0940249206281423	0.0949006052304681	0.11869024976962	0.137930458327965	0.072617879210695	0.0706880002719435	0.092595250363776	0.0779611137359009
700111302	0.107195737090979	0.129928891348006	0.106289254481536	0.133860023780904	0.132581068542025	0.117087611837119	0.10441088586416	0.125244520313136	0.100724446474024	0.11304570738318	0.0789234619416991	0.0918942526420391	0.118938282137628	0.138967182581742	0.118370275977764	0.107316524729875	0.132506528922931	0.118911434952519	0.106702966138884	0.105772020293606	0.0856513540219978	0	0.10818906039401	0.121697444010864	0.0807504232064602	0.148544922588727	0.152116391930994	0.135411237212721	0.125674075571086	0.122368937206202	0.109407770812384	0.0676867231887597	0.0731891560088405	0.0978286920765463	0.148667417112045	0.0855038060130231	0.12690657137227	0.123586487616968	0.123013947111813	0.131376118324174	0.120583408786819	0.0928815347821503	0.124065201378311	0.0938998095753315	0.102208626344902	0.124454428685607	0.11752174682309	0.0970662679564486	0.113138623383203	0.0758828459588364	0.0783828975717877	0.11710507490328	0.115948084445609	0.0937744385365648	0.142306331316418	0.103610970136124	0.0902867213185492	0.106814717641382	0.0800118016409342	0.0998532778296829
700098605	0.106349386779643	0.121369958194445	0.127905758431474	0.108133588659949	0.118062964807428	0.127543953405995	0.108050585246381	0.157561358164605	0.106645039820934	0.1348017644257	0.109679606288442	0.129241740082371	0.150548492179374	0.112985477449044	0.123471432069243	0.131580371010725	0.144794489196794	0.140997740088125	0.114837256431131	0.0948552314425903	0.0883223909979941	0.10818906039401	0	0.115252076829928	0.103273156071689	0.126623954836944	0.133687577893692	0.135229019662632	0.131504889591253	0.124301982112542	0.138983098849909	0.101238215454596	0.116154771005634	0.126842224825939	0.130313994260146	0.0993451940301739	0.126719697713413	0.121141432678296	0.116708179662382	0.150942321198995	0.129991473367674	0.127732547725794	0.122189015688991	0.102852200208672	0.13337377973333	0.111479660215309	0.111288430612223	0.131787741321533	0.118423034500972	0.106388169902858	0.108081010915973	0.0959618919210399	0.0980073249627954	0.104076505504771	0.109457022343997	0.139750286188888	0.103724518784942	0.0930277010191102	0.107189048276964	0.0749400527424412
700111991	0.0819604910448473	0.151805602184255	0.148849215696334	0.115803383481277	0.130106335163923	0.164016022156055	0.110655196960951	0.18254139509535	0.104279532477635	0.1584179870769	0.12076722875426	0.159124225225247	0.173036627795371	0.154533388016536	0.17196205823202	0.098220603046369	0.178175649095072	0.148241806054724	0.0961217063079059	0.120441275021565	0.107231266763531	0.121697444010864	0.115252076829928	0	0.109532831503812	0.118063226363491	0.141865396843687	0.140642320527547	0.151617395643387	0.1692517956163	0.157413467952705	0.139864002608688	0.119465358118517	0.152175367890075	0.111625437763085	0.116478291870861	0.132384755880721	0.162115108490127	0.098723226340487	0.178981894209734	0.100197450152927	0.152288336897127	0.123972366530156	0.131255235100212	0.153311835226264	0.127208783091161	0.1179281464001	0.153918633297589	0.144931786987542	0.148890809496946	0.121679016140348	0.104880052453556	0.111548528492368	0.113129647354596	0.0881157478759172	0.163236194143632	0.127277882815561	0.104348731941851	0.133420977125331	0.11722585343718
700108960	0.0915646885402194	0.150272234421862	0.141700031533603	0.0995921536573986	0.140339852231739	0.146932058028708	0.0758099246460911	0.168917394138918	0.0992556355857242	0.151331179020499	0.10423773448001	0.129275724479803	0.156132521702622	0.150785121557719	0.138662134421878	0.125351708176703	0.171855947185789	0.147922710996934	0.108377985224024	0.0688104066060632	0.0653573900302179	0.0807504232064602	0.103273156071689	0.109532831503812	0	0.148813575715405	0.172427558023297	0.152267885182802	0.137411385225617	0.141590273831295	0.147419290386932	0.0922086390866049	0.107066846765043	0.14192763919659	0.151731970526081	0.0822536805431471	0.150247997829119	0.149383302915111	0.126809048239072	0.162970573240569	0.132591761580684	0.12582141678	0.131039473141244	0.0856553502175307	0.13085708155688	0.149177291457555	0.132581289743289	0.134012095833756	0.136724337852256	0.107980482846005	0.103442611804632	0.0850700916657307	0.0757461060124631	0.102256973829139	0.113314243685325	0.144597478179578	0.0733516710137902	0.0690447094392072	0.0985420967295161	0.0781326496494777
700024452	0.122976065894959	0.137359474794753	0.163730590636968	0.126890134717624	0.108649585560705	0.174478898664084	0.130704805301461	0.179859024997476	0.102643030032874	0.163155912218316	0.138759743308027	0.164510684471227	0.172041546972405	0.147207138575423	0.166844837674781	0.14008771427977	0.17926050119311	0.167465092810716	0.122561993283982	0.130061566459842	0.136928982727114	0.148544922588727	0.126623954836944	0.118063226363491	0.148813575715405	0	0.151249189034039	0.120393284755195	0.133000719425243	0.160176637801887	0.166339582553334	0.154060061031361	0.130406612439625	0.153740150861251	0.077723994759643	0.12977756351863	0.158160839405108	0.170012984788697	0.104469478707107	0.172814883108404	0.13202620874821	0.156606671564841	0.137910686317405	0.139666465036585	0.149835199564414	0.117978073654071	0.108194823562362	0.160490429701858	0.155153530057795	0.151311434780021	0.141336973179899	0.11224553543964	0.120058803104186	0.145408258293778	0.11759176676985	0.154242288112833	0.143952878093949	0.131277311685808	0.143508025562091	0.145780337588259
700032931	0.154689688187495	0.121327732294883	0.139800574409913	0.178822284748283	0.151753211087673	0.143680762416001	0.182853043744614	0.156355482775104	0.15851078464279	0.140248443400699	0.124521130402251	0.150807592904504	0.144713140326243	0.135036801956112	0.154926015607171	0.152588508412697	0.145475096365426	0.130618419581144	0.149441708126692	0.163271309151632	0.161600074665013	0.152116391930994	0.133687577893692	0.141865396843687	0.172427558023297	0.151249189034039	0	0.142707569620877	0.148165350239489	0.143005108395605	0.132085293929114	0.155412668167079	0.13391793239633	0.124142576275671	0.154944435653065	0.157411787377426	0.130068337249549	0.143160642272204	0.129839614646321	0.154695095091807	0.144691083195268	0.14411472341344	0.139716688867791	0.14838029658862	0.146260570930299	0.130280122902386	0.13030681822435	0.142048592517682	0.124291862485058	0.135971541165492	0.140151414283275	0.172785524808621	0.169127456953831	0.127364379637432	0.147280018434927	0.143684468394244	0.15470729610236	0.173920070245389	0.143154323718249	0.168715565070726
700095837	0.134757040807226	0.136027236961516	0.146434022850187	0.15555810478626	0.13237924540132	0.160115550253649	0.156466901592339	0.144290951906031	0.127501758929213	0.139866857325366	0.118188722985078	0.145040664217885	0.128883245675624	0.157034430070961	0.137361839405974	0.123656093553808	0.158102781359256	0.151110393687689	0.136212291276623	0.135740698422394	0.151013834122469	0.135411237212721	0.135229019662632	0.140642320527547	0.152267885182802	0.120393284755195	0.142707569620877	0	0.114359173323741	0.122131644638911	0.146852618144109	0.14777621479238	0.119704232788059	0.128938440523895	0.12954036702983	0.140048214925534	0.13800360967932	0.156940753778359	0.122488566170605	0.150035751811527	0.122351287452881	0.126823115366312	0.140780855368938	0.127494979546931	0.127603874912721	0.121786912260347	0.129593235301941	0.140168571140448	0.147333072323991	0.138199896601524	0.129966279907947	0.151601517503042	0.142289190450007	0.150400051209338	0.148455332647642	0.134125018516965	0.144505949305912	0.149832013258581	0.134078691624674	0.153179291364068
700024548	0.156467459014101	0.123164079395628	0.123731447091476	0.140981849523972	0.13721372967732	0.118264355660308	0.151152906969409	0.106651096791631	0.159360841009154	0.103641761880464	0.12341763760921	0.118585096656606	0.105166777737994	0.126604473259974	0.0968509287796248	0.153811924825389	0.115627360576795	0.141791528352483	0.147427532899447	0.138459547831997	0.125744014469807	0.125674075571086	0.131504889591253	0.151617395643387	0.137411385225617	0.133000719425243	0.148165350239489	0.114359173323741	0	0.103171923406365	0.11435948582783	0.146182269366935	0.113172929809483	0.104659234839155	0.141638051698729	0.114391721403838	0.146034263586018	0.120801173378981	0.14875286463714	0.106842939781694	0.139813372034675	0.0968632943359325	0.137635225264211	0.142665635766533	0.0827373915262459	0.0893497502916306	0.126109535264863	0.106223034516688	0.121461529394825	0.119402778296548	0.110529708197528	0.151039819443862	0.139409902788666	0.129256097828128	0.162972401150537	0.100102568168874	0.102584125404282	0.147069731613095	0.111326535999931	0.150731851263396
700110161	0.163424548395807	0.131282127551582	0.0994975511364287	0.16251823660594	0.13864232594644	0.0978648689432079	0.161528173339997	0.11148024498203	0.158228712277225	0.101445747046899	0.112374916972644	0.115668602685818	0.102000001491784	0.107005372076731	0.0869074025681296	0.149311261038031	0.112749031293715	0.115783086235754	0.158025269752549	0.139652455235156	0.140525627754033	0.122368937206202	0.124301982112542	0.1692517956163	0.141590273831295	0.160176637801887	0.143005108395605	0.122131644638911	0.103171923406365	0	0.101201729814552	0.128171883396898	0.119925736657994	0.0901682464007118	0.165525117638649	0.134246881734648	0.128984807144506	0.0972908424821853	0.159845260605408	0.118926147465706	0.158701614876565	0.0926161939788822	0.138134035236584	0.124182924801022	0.103435504234232	0.120790180445791	0.14267648098576	0.104640987192213	0.0894008297205792	0.100856761551104	0.118552780474338	0.157721994825875	0.155618605527334	0.132575294145511	0.177422159341605	0.0998920785842346	0.10666017169336	0.151032745510725	0.10051054607477	0.141309921981639
700023496	0.163642941176819	0.126816836425586	0.0903108609508533	0.174043138498283	0.142006090377995	0.0847970300814872	0.157228025742294	0.106478075600215	0.155470937966794	0.0881354920868268	0.0993416341446399	0.0958657087101354	0.0967469884474201	0.120090360280227	0.111881433757459	0.133136891169376	0.0997260921212013	0.0996988713956407	0.138619407919704	0.154454128340461	0.139451927904651	0.109407770812384	0.138983098849909	0.157413467952705	0.147419290386932	0.166339582553334	0.132085293929114	0.146852618144109	0.11435948582783	0.101201729814552	0	0.117085149214065	0.109175480288766	0.0768347694056662	0.170563109673602	0.12119297394653	0.120155123032783	0.103853531060953	0.152207906009116	0.109888132937718	0.140165732714391	0.0879405012527891	0.117153084478418	0.132839698004704	0.0956275897520926	0.107756887499528	0.126566307373458	0.0916737475578491	0.0892356586042646	0.0969181255367559	0.101611457733143	0.168458008848897	0.167351080974139	0.112354572674439	0.180059127994573	0.0884046824238057	0.120915439008942	0.161662771233264	0.116557328560926	0.150783680535823
700034628	0.120725062042339	0.133068865650403	0.107972486611942	0.134073609431962	0.137670262177603	0.121751639764997	0.0911735848216637	0.134962933740147	0.102186257354993	0.12943122885846	0.0935865282231368	0.0895280534120634	0.12299982361573	0.145423690341083	0.107294882286095	0.123783210353594	0.142654479082629	0.13712347000765	0.115419734847688	0.103147987419461	0.0981540536365301	0.0676867231887597	0.101238215454596	0.139864002608688	0.0922086390866049	0.154060061031361	0.155412668167079	0.14777621479238	0.146182269366935	0.128171883396898	0.117085149214065	0	0.10025390755119	0.115517217742403	0.156543344259625	0.0723938078401272	0.141821751311604	0.121823995067695	0.135924974652313	0.138459024292801	0.135374803403022	0.0973307973955971	0.129621284874088	0.0731006798242986	0.116485430076077	0.133548285763748	0.127679636146317	0.103323959677595	0.127391310606427	0.0735654634816123	0.0886502118311106	0.116176794053925	0.116400860672455	0.110422747148236	0.154031683018581	0.108698067578754	0.0930118071575232	0.0991341906743523	0.0828897226293056	0.0781342594057051
700023645	0.12130009703977	0.110408643788434	0.0995827310306461	0.131829834944979	0.12625068540019	0.119338425327217	0.121034171152663	0.117147400900064	0.111497638460233	0.099285294174231	0.0783216039292255	0.0962357745407748	0.105342802299941	0.129232984322563	0.122610076654476	0.116770475004969	0.127015170488776	0.113405789221257	0.105755242533167	0.107065775220199	0.100680076242056	0.0731891560088405	0.116154771005634	0.119465358118517	0.107066846765043	0.130406612439625	0.13391793239633	0.119704232788059	0.113172929809483	0.119925736657994	0.109175480288766	0.10025390755119	0	0.0880133503541556	0.135218246383233	0.082140305527773	0.12151853293593	0.123240974913361	0.121011115422623	0.120362786072554	0.107669096648783	0.0896940318802279	0.113061019135471	0.0930906330709306	0.0876693818540803	0.103877559618823	0.109977293491835	0.0895341607045303	0.108244301291186	0.08882835343613	0.0734869702301411	0.127758679627683	0.125536101345555	0.114752502452409	0.143505639575224	0.0967849488249476	0.101445319943423	0.116131358432478	0.0825556600526703	0.118548883072982
700038744	0.16009487927876	0.115602681151132	0.0854895650904348	0.160953855063957	0.14115130760535	0.0903359192216166	0.152386653122709	0.10557115766192	0.15331603230362	0.0851509191901089	0.0932814710592292	0.0907761742505929	0.0867416875645377	0.109184918919679	0.109038119159732	0.134863625893193	0.106507508149832	0.102807353694711	0.139894707504333	0.147124137467607	0.136033617796938	0.0978286920765463	0.126842224825939	0.152175367890075	0.14192763919659	0.153740150861251	0.124142576275671	0.128938440523895	0.104659234839155	0.0901682464007118	0.0768347694056662	0.115517217742403	0.0880133503541556	0	0.159991325554464	0.115293287505144	0.117696525081589	0.0950524143450447	0.144879895278782	0.111626254251572	0.138339162708204	0.0794076663629294	0.122984025775215	0.125095701147176	0.0808214015592163	0.10235236305276	0.130119346706824	0.0842832394062494	0.0803830524803203	0.0894397385915281	0.0959313065072371	0.16448988172594	0.162001953752971	0.110122867020412	0.173437328875374	0.0853858210376715	0.120205958403915	0.156860407831978	0.102284918505863	0.144571090089046
700038485	0.121422863446989	0.141553252132239	0.158801908144365	0.127060739318723	0.120386235874613	0.175151725413099	0.127651142276364	0.182600025868844	0.107704073994708	0.16915415614131	0.145377217819602	0.171600194146129	0.17346351030939	0.150868762452567	0.177367604491809	0.132582140417277	0.175340363513496	0.166311662674266	0.124457101204163	0.131898916284651	0.143229501116344	0.148667417112045	0.130313994260146	0.111625437763085	0.151731970526081	0.077723994759643	0.154944435653065	0.12954036702983	0.141638051698729	0.165525117638649	0.170563109673602	0.156543344259625	0.135218246383233	0.159991325554464	0	0.137964890484738	0.149466265656405	0.172488800897047	0.102397104409574	0.179089181143629	0.127549086022048	0.168916069948769	0.133968488867295	0.14619793470976	0.159406039508401	0.110837548326892	0.119786521517632	0.173100829495052	0.156522807009133	0.161816772589814	0.1362232134063	0.111604104916092	0.124264707411431	0.142022105488902	0.114363681874439	0.168861331705007	0.147492903436452	0.129801256692064	0.14860362873558	0.14157276724289
700024743	0.118200033114585	0.127302058194183	0.109800551012854	0.10671986709778	0.13208414963922	0.123200192742487	0.089702484961977	0.131072880576831	0.101953658872654	0.117047789630281	0.0895614543272062	0.0992199776268438	0.128910222158546	0.136276595399264	0.117080802660145	0.136390876435885	0.13925091336025	0.140662213047934	0.114267083225492	0.0823352204939448	0.0877732068730587	0.0855038060130231	0.0993451940301739	0.116478291870861	0.0822536805431471	0.12977756351863	0.157411787377426	0.140048214925534	0.114391721403838	0.134246881734648	0.12119297394653	0.0723938078401272	0.082140305527773	0.115293287505144	0.137964890484738	0	0.141349233512699	0.125904930168463	0.127830774716165	0.128518859875107	0.117845789152566	0.102454405210752	0.120640231505912	0.0801374013620381	0.105504797986155	0.12215648674965	0.112042286516783	0.0959181275093119	0.123119426893371	0.094444043540739	0.0857697240749588	0.106968858717646	0.0952804434994566	0.103082560343878	0.126381189672477	0.119654719040256	0.0844900189983487	0.0847046061208035	0.0757411695785775	0.0869795389577481
