700108602	700014971	700033565	700109389	700023058	700023927	700106341	700114221	700023543	700023439	700016978	700024192	700113058	700099448	700109870	700033928	700023693	700109627	700095416	700110425	700111580	700111302	700098605	700111991	700108960	700024452	700032931	700095837	700024548	700110161	700023496	700034628	700023645	700038744	700038485	700024743	700099596	700110760	700101587	700106399	700032322	700095653	700021312	700101230	700023590	700038905	700033136	700023382	700096424	700105469	700016908	700096053	700108479	700109569	700033814	700016125	700109756	700102665	700101777	700109455
700108602	0	0.241256422225741	0.335779710770042	0.233787953906269	0.189250586982745	0.28397232067139	0.101648603632649	0.302210931413318	0.140414841701047	0.285269810211977	0.209885644133684	0.338040059778568	0.31168224927946	0.217743821057813	0.3217855264692	0.172454801525	0.292118662689592	0.276358693269284	0.130838448268721	0.113252326515451	0.161553712129564	0.246596915652941	0.149450560586422	0.0791282581515849	0.158673508902294	0.174585488215348	0.210844374306585	0.309122965960565	0.269898608938117	0.311241276131112	0.265058053581889	0.26913375198995	0.24003480517048	0.254542071485661	0.163993011770689	0.154935329516777	0.220499094251314	0.290401911197687	0.0841433083396609	0.36139165899074	0.149007767678939	0.319843793401552	0.21157211768412	0.186596296705162	0.29409638878044	0.221257103156086	0.185944199651359	0.288736204049205	0.220085026532672	0.294279316637463	0.287986775083579	0.0862387496464019	0.144736636405543	0.149373110952959	0.146668679429809	0.282128326578759	0.157687817079692	0.107092892984143	0.270268825358687	0.147585716546904
700014971	0.241256422225741	0	0.316079337545596	0.342423058112169	0.133449516184594	0.243936632821587	0.258474691667514	0.197181088513912	0.208716794631356	0.176730342541582	0.185702939396562	0.32264560261901	0.179496436494461	0.153135464786438	0.266807240081899	0.242823163774901	0.177369597199484	0.28252712665018	0.235820654111044	0.220992130273513	0.257754411341144	0.248815415119384	0.213656207320376	0.247359333897229	0.305009509464869	0.196095340169825	0.153340916231631	0.18101321251796	0.149947463159045	0.18015122673128	0.188225006788307	0.283559520616434	0.170322391412713	0.185093679719814	0.185220661943736	0.18596175529747	0.237662884148326	0.249981374823219	0.213189115808203	0.2406128378953	0.20871584031543	0.192889982002157	0.180109555884382	0.237008850909566	0.183443634049767	0.185090671929726	0.126537366242107	0.225711555625627	0.188765267256504	0.270126119405786	0.300547430205039	0.208830194381108	0.249625594458272	0.207726632593064	0.295863636848022	0.207473091982684	0.237814000176981	0.250991925459935	0.252806380429824	0.255345295476972
700033565	0.335779710770042	0.316079337545596	0	0.457990604036398	0.333822258264778	0.135936689989404	0.318676657329831	0.188698556714916	0.294220933511382	0.181251296966922	0.185845558542312	0.0556910601936085	0.218734887954294	0.229745091354496	0.203475995845115	0.194320591971539	0.226874175945448	0.139458296030898	0.258027179248338	0.326426323360004	0.250822607066714	0.113830860380022	0.330938374912425	0.299655356162438	0.288514076604497	0.364885391396807	0.249335171881075	0.374753149383246	0.320511759408808	0.245716961914003	0.165833860121723	0.148266787672008	0.187959232553657	0.162660882584411	0.363945866705857	0.267480367545321	0.279544952460375	0.188508573291147	0.321284109818978	0.270754054526264	0.236940397687647	0.171469203483032	0.246410197124734	0.256657917075105	0.216708152111355	0.23649452401665	0.277434772013574	0.169469385447808	0.194814785728582	0.0862026250500703	0.0966864815679036	0.337228528716189	0.381202694839153	0.232265830425655	0.414400934580817	0.170657005359547	0.237515363067987	0.313025542171107	0.101983746464298	0.299237667270143
700109389	0.233787953906269	0.342423058112169	0.457990604036398	0	0.325553684895051	0.436752133876003	0.218546352403036	0.421754027898919	0.294296626675456	0.409124984784549	0.350581110448778	0.459606631601698	0.41799755545487	0.372941525194525	0.438015647817972	0.33258383037415	0.405042005093726	0.439175185517437	0.310048973513072	0.213791761404482	0.301619680469636	0.386986087776981	0.224722435867701	0.270884655709924	0.271327066621321	0.268702680821286	0.371854009077974	0.394530183317297	0.349289129602048	0.420209585501668	0.407206058881895	0.412938990496007	0.366108890806083	0.390468712297476	0.255557988845748	0.283328249156731	0.389814225087668	0.440643816248756	0.242908389091437	0.424132039707299	0.306537011328644	0.424851079827378	0.363342936807734	0.327008657810154	0.403961659715997	0.352572262237303	0.336666736898251	0.409431958741801	0.382413922220692	0.425569442767063	0.418400072515783	0.211329867533277	0.13949336942165	0.315400314008898	0.172452670022543	0.406067938958036	0.275601564253404	0.233897706870425	0.396022149153373	0.276315184183232
700023058	0.189250586982745	0.133449516184594	0.333822258264778	0.325553684895051	0	0.230215566684408	0.221116791826476	0.219769231024575	0.172710141097782	0.211422218649244	0.180628848187414	0.325069558346016	0.231264681733126	0.160360617182174	0.272412285607956	0.218840983999011	0.200335511716973	0.262539226980007	0.195707844664832	0.188023025048385	0.230389229581823	0.249577724025285	0.192985120789471	0.197772099261766	0.28057279304466	0.167061896532558	0.152871878560108	0.230774362251121	0.181799712635995	0.224483860721859	0.212363895914992	0.282632906630622	0.184553141651073	0.200786941074932	0.162456934108863	0.186202809670358	0.192818251340084	0.223613244817477	0.165052664028393	0.278096727756534	0.185432577525967	0.227736145340451	0.139473272118597	0.218588977825441	0.209453900925402	0.186484997710826	0.108558992086034	0.235749340137169	0.17499754030141	0.278746156448118	0.304583927708884	0.174299186369982	0.22223388857415	0.183062266665627	0.258252424689158	0.227129106878564	0.227487160148017	0.222456366172194	0.268375202514307	0.224121437665485
700023927	0.28397232067139	0.243936632821587	0.135936689989404	0.436752133876003	0.230215566684408	0	0.294158539765586	0.113184919637503	0.259682959175064	0.0985118867264667	0.142441694669168	0.15796936571869	0.149735116700764	0.135730789335655	0.153658569101029	0.192509272614385	0.158780835291665	0.111049041979099	0.237311194034107	0.292001786434074	0.237662754232308	0.169668463093853	0.28402214827495	0.251007808366003	0.294591642651317	0.303990366275352	0.160480733506933	0.32708495444255	0.253114020837704	0.168164702478214	0.0855480034531415	0.192389526590504	0.149895608257753	0.0899271121087923	0.312266893605742	0.222597951898352	0.193321305485314	0.0696754964278933	0.28300267438041	0.20660071092033	0.201435097926725	0.108544224446664	0.15450742550401	0.223776732865226	0.155692943743946	0.178157730778841	0.20903532879762	0.10645039144505	0.0985959379996387	0.126367512216389	0.197423963498608	0.302488191341488	0.353671227343404	0.209668187725297	0.363351990273644	0.111402002474028	0.215429629760473	0.280167568154804	0.133965697534694	0.271821361441462
700106341	0.101648603632649	0.258474691667514	0.318676657329831	0.218546352403036	0.221116791826476	0.294158539765586	0	0.284459949791533	0.12221155963384	0.279723721772414	0.206466623611392	0.309736414772513	0.308566747932141	0.245189273679275	0.318253946983622	0.179940988946845	0.292954660647856	0.306356998442784	0.127062992206208	0.084613946394388	0.130978370064968	0.223710611725507	0.129823972160849	0.117599797912217	0.113658488795787	0.242856803530919	0.267610583671586	0.336396771865439	0.279859554788164	0.325090124130054	0.256681264466888	0.224319356846181	0.226746288130657	0.257002976215474	0.211346003125529	0.12645656674644	0.264092968145149	0.29817370526155	0.11360833342202	0.356775625246286	0.14775465701524	0.298613767594704	0.210904131413317	0.160982308624917	0.272509501319499	0.242696649429955	0.19963593169463	0.266611296789883	0.228988939682756	0.270206023516865	0.285524312910183	0.100334944417372	0.125681750279591	0.146576295849826	0.167219483210636	0.263913572083055	0.129674845556887	0.0873951896022297	0.258291319424711	0.0875415507917011
700114221	0.302210931413318	0.197181088513912	0.188698556714916	0.421754027898919	0.219769231024575	0.113184919637503	0.284459949791533	0	0.242750617559946	0.0653803210250554	0.174900305609874	0.195711840379329	0.0862491334985608	0.136063226906474	0.134709786888372	0.226514185948036	0.0924936527828588	0.210237044271294	0.257805153881962	0.262575496337567	0.253862918062406	0.205348136614052	0.285022645417157	0.279173181261919	0.325655859054782	0.292170879813522	0.163598353036782	0.26973100068407	0.190028181173046	0.119226615352735	0.122446790580799	0.228265674496768	0.134352765255216	0.123994028905477	0.295724348557589	0.198822063435724	0.232679413881324	0.0997064418266827	0.270929645706488	0.144837650517718	0.215754704325457	0.06519058988235	0.186119197863673	0.237726148961862	0.0984053545046828	0.166138869237345	0.170958828694908	0.075867449912019	0.15242351328389	0.156061991670643	0.246766294920146	0.280107255195086	0.331578017449341	0.227065115420282	0.388933376077377	0.091315103125518	0.219526868136538	0.287581284637928	0.172446906677073	0.274467302563257
700023543	0.140414841701047	0.208716794631356	0.294220933511382	0.294296626675456	0.172710141097782	0.259682959175064	0.12221155963384	0.242750617559946	0	0.223097353871183	0.157767770686464	0.297692059991531	0.262506141450735	0.201319536467958	0.295046833377551	0.150948143161386	0.248783453760937	0.267647079083966	0.104036991181627	0.135826441793508	0.163761867207183	0.199460388650196	0.171023679693716	0.118302515760282	0.165623864687418	0.209048832323892	0.198514774485284	0.289573744188324	0.270151643507098	0.267563959917763	0.214711982501924	0.20797369322964	0.184046619349253	0.209215893396701	0.171115666088329	0.132633993666967	0.205053219060015	0.269015396114157	0.0903971511677926	0.320750733994732	0.137959642919872	0.260945178595716	0.170337320969145	0.102312722028013	0.24237004296891	0.214536756541151	0.1409692160302	0.23614061609256	0.211084808646735	0.248243284808337	0.270391154713508	0.109497691002188	0.178202896835188	0.134771192411617	0.206692358521414	0.221651246524584	0.178827452762611	0.113829111028709	0.247072551635206	0.106890591400108
700023439	0.285269810211977	0.176730342541582	0.181251296966922	0.409124984784549	0.211422218649244	0.0985118867264667	0.279723721772414	0.0653803210250554	0.223097353871183	0	0.152276221100664	0.202633962780892	0.0867038263276546	0.101197248132337	0.160277057936638	0.205345239899537	0.10236212811234	0.17586424422456	0.235867737893777	0.252954145370485	0.244121463497404	0.19817424068767	0.274438765406176	0.249091376007921	0.30875905308985	0.279546879636505	0.134344069668254	0.261047770909024	0.19197827150258	0.112466427040423	0.0925367712429053	0.226355379732631	0.119747444615952	0.0857557040374315	0.279141395530099	0.184417178594051	0.202483679431065	0.109962106753661	0.250032749296742	0.152253921888886	0.190024215475633	0.0864220598476343	0.159981113125601	0.22512100749544	0.109660664366369	0.157369549104454	0.164986514359704	0.0967953330954169	0.120591629588236	0.163875093144702	0.235038867424404	0.26309822160778	0.320769672212222	0.199663261300778	0.363279962326563	0.0949131108963635	0.211132193469058	0.263929301923668	0.164428843793525	0.261370876082154
700016978	0.209885644133684	0.185702939396562	0.185845558542312	0.350581110448778	0.180628848187414	0.142441694669168	0.206466623611392	0.174900305609874	0.157767770686464	0.152276221100664	0	0.185214203741866	0.203039728631342	0.152981227363247	0.238346421444468	0.0944325502311219	0.184228742179271	0.152397629879299	0.153609718818722	0.184832465207199	0.161848933860816	0.0973073840705537	0.215987092706472	0.165256742467476	0.197979138671487	0.256238872431979	0.156588551247999	0.263426024452863	0.234120471248238	0.20976011474946	0.105270520811827	0.152362035310454	0.0789130229055832	0.0938772327823267	0.237985384104375	0.140617478120849	0.175950496357952	0.197571112079587	0.178039739704034	0.26309400672696	0.128946292874018	0.155907736388543	0.111787019941564	0.121279899218254	0.159430922072065	0.172072585855722	0.141736800212885	0.155063814651314	0.120989859642442	0.146290252208592	0.166841302917878	0.205040368569434	0.253923658770071	0.137518258718378	0.288888721552047	0.145657556901899	0.159829605630993	0.182151239816052	0.131952435873591	0.193505557686612
700024192	0.338040059778568	0.32264560261901	0.0556910601936085	0.459606631601698	0.325069558346016	0.15796936571869	0.309736414772513	0.195711840379329	0.297692059991531	0.202633962780892	0.185214203741866	0	0.230745287911583	0.245522533385767	0.206696745174527	0.197706595673183	0.230885785733194	0.152619242355255	0.263887441480627	0.320824702850881	0.244522045875299	0.11554284390733	0.325341589428136	0.306349211695849	0.298786744576974	0.369779437967884	0.264517990880855	0.373770240403662	0.312495080078119	0.268140400407772	0.163374556675306	0.154216558666205	0.180808026633241	0.17118217480481	0.372900921604843	0.257854333669123	0.282918623546406	0.19126614615346	0.327119539159493	0.26884370742012	0.242389990503419	0.178350446432129	0.246736347313597	0.249701029844334	0.194483830657808	0.238562332094446	0.278471695486024	0.167078436651	0.196485522239776	0.0908229934307644	0.108385877573992	0.340959955645671	0.38271327456272	0.249087813998772	0.42315354118853	0.166402806523668	0.234406241198829	0.315329139489079	0.11862819032118	0.303155880653375
700113058	0.31168224927946	0.179496436494461	0.218734887954294	0.41799755545487	0.231264681733126	0.149735116700764	0.308566747932141	0.0862491334985608	0.262506141450735	0.0867038263276546	0.203039728631342	0.230745287911583	0	0.152719171972491	0.16271175694855	0.25666323346607	0.124991647244975	0.236889585619713	0.284150110090408	0.275816146652096	0.289597747199211	0.239283464093791	0.301891357989554	0.307033441157633	0.351476730502143	0.292169032662847	0.17092188057985	0.234627868853807	0.179947664976372	0.108170235431624	0.149169155076383	0.259679607275785	0.160859621740685	0.145691020969401	0.294430220652565	0.224120652073516	0.250476926389665	0.15538213945844	0.278914360856904	0.162629782759041	0.243028421978264	0.0866050873586489	0.2227851447502	0.26519176650595	0.126247269906855	0.184608333375431	0.198937954473716	0.120189931008056	0.185549129171313	0.19931855271073	0.275757251364731	0.284108424592671	0.333247396962484	0.257143320516454	0.394961732069008	0.117764417746368	0.255456419627447	0.312241936655106	0.199755062598256	0.296351888726708
700099448	0.217743821057813	0.153135464786438	0.229745091354496	0.372941525194525	0.160360617182174	0.135730789335655	0.245189273679275	0.136063226906474	0.201319536467958	0.101197248132337	0.152981227363247	0.245522533385767	0.152719171972491	0	0.20504999852456	0.188510244331044	0.138872394666	0.178661367331739	0.192080328731874	0.215036499269059	0.220418804293148	0.209143058007086	0.233581177256055	0.20017067010296	0.280680112325788	0.214874395013992	0.0975730778749123	0.251456096205548	0.172694183288948	0.156638826891859	0.118041036116046	0.243635832077854	0.131588107520922	0.106987348603578	0.224619304297082	0.169431726122199	0.161814022114858	0.143809464722174	0.198688960435013	0.212101029211963	0.161623599732356	0.15363341203822	0.124273055525527	0.217943539208191	0.141057474077546	0.13393176671925	0.131593800637232	0.15752553318897	0.0963226241581372	0.202366865756344	0.23372757980962	0.216577322061314	0.27951195340361	0.170422114601817	0.299618009106434	0.145322133528899	0.187487437417617	0.230433902488821	0.180404382610555	0.233201207900605
700109870	0.3217855264692	0.266807240081899	0.203475995845115	0.438015647817972	0.272412285607956	0.153658569101029	0.318253946983622	0.134709786888372	0.295046833377551	0.160277057936638	0.238346421444468	0.206696745174527	0.16271175694855	0.20504999852456	0	0.274408912382716	0.140340770478642	0.248228085597963	0.29909408310571	0.309802452685097	0.272208947737992	0.251050451964028	0.296984950774314	0.326454218048086	0.361373331054626	0.338377618526693	0.214034056239712	0.329709981222682	0.231908923651087	0.169904677033708	0.189012499464134	0.258998300991204	0.219183464968908	0.189549963533303	0.347049279523924	0.254656005728858	0.280885469944573	0.116933207654396	0.312112059001745	0.172620026294807	0.270220915728928	0.159758157071129	0.261250331688557	0.287130367504333	0.170880575191679	0.174268459538437	0.249006838519409	0.110134259015434	0.198807536174082	0.179628854045682	0.272570057046216	0.318620821282678	0.358107873388154	0.273738112186646	0.399593155897514	0.14595469556927	0.257152047281389	0.335012783389162	0.207559510829945	0.311675405324388
700033928	0.172454801525	0.242823163774901	0.194320591971539	0.33258383037415	0.218840983999011	0.192509272614385	0.179940988946845	0.226514185948036	0.150948143161386	0.205345239899537	0.0944325502311219	0.197706595673183	0.25666323346607	0.188510244331044	0.274408912382716	0	0.242150930484913	0.155882379191849	0.136752442525116	0.193299574396177	0.148296486593192	0.11292827085273	0.227155164914721	0.131176323718341	0.185369911772452	0.252611682836607	0.208647789536156	0.302497166070531	0.269460384714107	0.259288901531154	0.161032716071943	0.147088606711556	0.11753683775391	0.150353091304136	0.234389885948231	0.18299264808802	0.200960367777921	0.240561946613801	0.160659104844801	0.315114816859359	0.115811194662552	0.208661296754532	0.151276544906836	0.149135239303242	0.203676431022295	0.192513571490918	0.164338404368492	0.209143514527287	0.161246241138938	0.154390144885275	0.156752653435099	0.182279486936558	0.246534548989629	0.15108487881215	0.275121491233136	0.194970684556049	0.161942752151311	0.150838950667682	0.141169061053294	0.171071765213043
700023693	0.292118662689592	0.177369597199484	0.226874175945448	0.405042005093726	0.200335511716973	0.158780835291665	0.292954660647856	0.0924936527828588	0.248783453760937	0.10236212811234	0.184228742179271	0.230885785733194	0.124991647244975	0.138872394666	0.140340770478642	0.242150930484913	0	0.229637642760586	0.268093729327221	0.264081476627911	0.241170414364103	0.235608368590216	0.25890554623218	0.292011230780052	0.341444894474563	0.27566548439791	0.138103670182254	0.256479894420978	0.146968536325455	0.142279235942199	0.141874113167851	0.259305723448655	0.152380674778335	0.137487481948457	0.277947073416976	0.210697329763764	0.236516311726007	0.143327102422238	0.26565901306773	0.115904058990273	0.230017116110318	0.124581593725139	0.193132929948616	0.254362180129991	0.107067223879975	0.110090397947458	0.178269673352749	0.110364001372633	0.15780789172936	0.190351572854994	0.273544444972853	0.272548183973748	0.313889498914066	0.235564267394716	0.36368104910153	0.114992453163962	0.228724088454513	0.303879786449024	0.20874247003071	0.283472892500324
700109627	0.276358693269284	0.28252712665018	0.139458296030898	0.439175185517437	0.262539226980007	0.111049041979099	0.306356998442784	0.210237044271294	0.267647079083966	0.17586424422456	0.152397629879299	0.152619242355255	0.236889585619713	0.178661367331739	0.248228085597963	0.155882379191849	0.229637642760586	0	0.237666061644237	0.298194917422816	0.254624620238522	0.13842398696426	0.310602269517529	0.242752250204501	0.286605935417006	0.313652845327008	0.193848557920279	0.347389747757736	0.314697130763141	0.23419280036698	0.131800443859415	0.189321253469962	0.17012564193537	0.132992077427401	0.308029649565227	0.253427700780029	0.173637064530748	0.154483930462376	0.278826810135707	0.29267812232507	0.213783601838524	0.192694462178954	0.174588931051396	0.229235827968878	0.214622529557099	0.228658695962249	0.236627155251553	0.204152296772335	0.129779942293398	0.141218721315216	0.154769550644871	0.311320865561827	0.360382901936013	0.22326007479718	0.359702842025107	0.186063348544901	0.233645299749305	0.280022072210375	0.132003070295695	0.291299506124817
700095416	0.130838448268721	0.235820654111044	0.258027179248338	0.310048973513072	0.195707844664832	0.237311194034107	0.127062992206208	0.257805153881962	0.104036991181627	0.235867737893777	0.153609718818722	0.263887441480627	0.284150110090408	0.192080328731874	0.29909408310571	0.136752442525116	0.268093729327221	0.237666061644237	0	0.155182553506061	0.105172938929576	0.165958760384916	0.168617203560264	0.0892018305501142	0.133909299936011	0.22409610126257	0.207570487847605	0.320349583198335	0.264340654335081	0.287876160005046	0.204998258597936	0.184920837003996	0.183312111924518	0.20355140144507	0.185127305502727	0.137399065832113	0.204246358007953	0.257140088651556	0.111283167847294	0.34184729648541	0.0852220503502252	0.268805628569416	0.159939481422947	0.143848615048423	0.242734423673265	0.193127213488003	0.160574105877046	0.245002961759446	0.175844494536055	0.220375490704425	0.222258052379241	0.145877796195384	0.205823624553701	0.0756925482727099	0.209613753198716	0.2284843371407	0.13237282230426	0.120976948490686	0.210632405388521	0.123389163255791
700110425	0.113252326515451	0.220992130273513	0.326426323360004	0.213791761404482	0.188023025048385	0.292001786434074	0.084613946394388	0.262575496337567	0.135826441793508	0.252954145370485	0.184832465207199	0.320824702850881	0.275816146652096	0.215036499269059	0.309802452685097	0.193299574396177	0.264081476627911	0.298194917422816	0.155182553506061	0	0.157736837864078	0.230664227978366	0.13430498140167	0.131081764016334	0.129919373645313	0.213440546405557	0.225913174942638	0.291270239232972	0.250613994843932	0.280852658801141	0.249821633339054	0.257723249253325	0.200819319552794	0.238666499371629	0.184539899740268	0.113906635877802	0.239736968489299	0.298446637928746	0.101637018530551	0.329652452476845	0.166579946986395	0.276376999576342	0.200446374112013	0.144878759114828	0.252272301053117	0.226136367995535	0.165424349304813	0.256730166183334	0.22474205280414	0.279804444784799	0.284311440910261	0.0902485090407862	0.101009112410865	0.157911203810427	0.165051289161354	0.249079812867123	0.129831233141365	0.105127315051434	0.246632382470612	0.127841298808508
700111580	0.161553712129564	0.257754411341144	0.250822607066714	0.301619680469636	0.230389229581823	0.237662754232308	0.130978370064968	0.253862918062406	0.163761867207183	0.244121463497404	0.161848933860816	0.244522045875299	0.289597747199211	0.220418804293148	0.272208947737992	0.148296486593192	0.241170414364103	0.254624620238522	0.105172938929576	0.157736837864078	0	0.163558009728294	0.166771657176855	0.123196828133261	0.118610437088737	0.272468971072686	0.255417576001155	0.351943098084938	0.234764605841433	0.308881324902328	0.204330332638249	0.17550416609509	0.182056345000465	0.214989490864702	0.256302717857424	0.145519703339887	0.259353346616298	0.252968216455918	0.163315286662732	0.312182229058519	0.111524520398519	0.249296130056059	0.184892893602599	0.147056116598963	0.200541862262362	0.183876641310798	0.191447729135367	0.212055132739271	0.169963939021591	0.191567539958266	0.217787395236894	0.155798508631963	0.217303783698585	0.104496891865397	0.245539665766406	0.212914312983372	0.0814329206376099	0.130893286104043	0.194786063634592	0.126986674987393
700111302	0.246596915652941	0.248815415119384	0.113830860380022	0.386986087776981	0.249577724025285	0.169668463093853	0.223710611725507	0.205348136614052	0.199460388650196	0.19817424068767	0.0973073840705537	0.11554284390733	0.239283464093791	0.209143058007086	0.251050451964028	0.11292827085273	0.235608368590216	0.13842398696426	0.165958760384916	0.230664227978366	0.163558009728294	0	0.253400411552022	0.208877002511651	0.200256495630631	0.305966167632739	0.222838205910785	0.324588621390101	0.293218427708707	0.260779639135657	0.152987549749024	0.0890558786529628	0.118158834913115	0.14429462449029	0.288454499885356	0.188844746447324	0.232420920640504	0.217675802482472	0.230969274581376	0.288647398392575	0.162701116719913	0.183539513304534	0.172783085645351	0.163009325230454	0.183985387415524	0.212485600905718	0.201161253516408	0.175244669963296	0.160448594328268	0.0839056604646279	0.107826156049611	0.248099858505031	0.294503709254416	0.154199175304159	0.336181313490047	0.168547256913832	0.164983723483726	0.221889281643252	0.0854457553939762	0.213159625143648
700098605	0.149450560586422	0.213656207320376	0.330938374912425	0.224722435867701	0.192985120789471	0.28402214827495	0.129823972160849	0.285022645417157	0.171023679693716	0.274438765406176	0.215987092706472	0.325341589428136	0.301891357989554	0.233581177256055	0.296984950774314	0.227155164914721	0.25890554623218	0.310602269517529	0.168617203560264	0.13430498140167	0.166771657176855	0.253400411552022	0	0.163666547306728	0.173456019164546	0.233458038562397	0.225201767893348	0.309277370611811	0.2469323816073	0.308475588454406	0.254611069007969	0.263911875236174	0.245347994982372	0.259350294904708	0.212233847832972	0.153068093102474	0.256306726043332	0.283037758041226	0.146985389144032	0.317070002135368	0.169250405573003	0.299154058372025	0.230393713329663	0.193934013292033	0.279562954319769	0.192711398885797	0.193122024658648	0.270989814886363	0.219872238088922	0.272425337520033	0.302608467366658	0.14144996382882	0.130266410130673	0.164957236168316	0.15070311074743	0.261229041848525	0.160003383335843	0.164342620215323	0.269574099325953	0.142799086628105
700111991	0.0791282581515849	0.247359333897229	0.299655356162438	0.270884655709924	0.197772099261766	0.251007808366003	0.117599797912217	0.279173181261919	0.118302515760282	0.249091376007921	0.165256742467476	0.306349211695849	0.307033441157633	0.20017067010296	0.326454218048086	0.131176323718341	0.292011230780052	0.242752250204501	0.0892018305501142	0.131081764016334	0.123196828133261	0.208877002511651	0.163666547306728	0	0.140281756558912	0.199880754760772	0.209782309540576	0.313898253595343	0.280708737998468	0.305293058211065	0.226101481255515	0.229139921962369	0.206837432861855	0.221485772719846	0.17483011825133	0.14309473777608	0.20335614494046	0.271938079044421	0.0821056030813448	0.36384560750247	0.1075787941288	0.288483170138171	0.169163637403314	0.148359994344216	0.262012724045758	0.217299339733567	0.166945415611997	0.262696161454189	0.188665884637222	0.261740986141827	0.254283354465707	0.118567991583943	0.184539561202159	0.123530978241577	0.163606238398365	0.254638698891773	0.143743613312483	0.0926953503736958	0.237767747319312	0.120353986870938
700108960	0.158673508902294	0.305009509464869	0.288514076604497	0.271327066621321	0.28057279304466	0.294591642651317	0.113658488795787	0.325655859054782	0.165623864687418	0.30875905308985	0.197979138671487	0.298786744576974	0.351476730502143	0.280680112325788	0.361373331054626	0.185369911772452	0.341444894474563	0.286605935417006	0.133909299936011	0.129919373645313	0.118610437088737	0.200256495630631	0.173456019164546	0.140281756558912	0	0.307026926159535	0.30062427784295	0.373061086898791	0.326283561472588	0.35792745325211	0.264991649662257	0.185928920503608	0.234743736003711	0.264150261874247	0.26621357466254	0.162643158793223	0.289029682809035	0.330943061941174	0.167188257618926	0.402723842109666	0.171714268210787	0.310545488596668	0.23126309089814	0.142385216840121	0.294652328679472	0.285856255437739	0.25355107959142	0.296632814747191	0.242736638771719	0.252811780303822	0.245325120737833	0.163770327851384	0.169737012996331	0.142505694799591	0.189080501674418	0.290965997686971	0.142374742932056	0.108467706830381	0.238678158441269	0.119234379116851
700024452	0.174585488215348	0.196095340169825	0.364885391396807	0.268702680821286	0.167061896532558	0.303990366275352	0.242856803530919	0.292170879813522	0.209048832323892	0.279546879636505	0.256238872431979	0.369779437967884	0.292169032662847	0.214874395013992	0.338377618526693	0.252611682836607	0.27566548439791	0.313652845327008	0.22409610126257	0.213440546405557	0.272468971072686	0.305966167632739	0.233458038562397	0.199880754760772	0.307026926159535	0	0.194663353332115	0.240071161043528	0.198132176300649	0.264197713434112	0.289558204120404	0.32960839680371	0.254146255718182	0.265259337957251	0.0820911324550655	0.21951722532137	0.26604225652554	0.303732138171981	0.170440800737869	0.314975031573909	0.210021865924615	0.29652340060137	0.238893462957682	0.263888290103104	0.285789693467721	0.215122619188912	0.184092545973062	0.307064102344115	0.254834650494017	0.3278566124057	0.342278718578598	0.179224757710683	0.207768119958716	0.228235551832962	0.207883841270461	0.293975586454665	0.255029206206255	0.22498305632288	0.29762504664364	0.259429418059933
700032931	0.210844374306585	0.153340916231631	0.249335171881075	0.371854009077974	0.152871878560108	0.160480733506933	0.267610583671586	0.163598353036782	0.198514774485284	0.134344069668254	0.156588551247999	0.264517990880855	0.17092188057985	0.0975730778749123	0.214034056239712	0.208647789536156	0.138103670182254	0.193848557920279	0.207570487847605	0.225913174942638	0.255417576001155	0.222838205910785	0.225201767893348	0.209782309540576	0.30062427784295	0.194663353332115	0	0.231504139827517	0.194578980342911	0.167618129603451	0.143765579995008	0.25564057271743	0.153139219649981	0.122742884006536	0.211341155839079	0.187000578390902	0.149870721304577	0.165472607856733	0.202523609024254	0.211549453307108	0.182749669708695	0.182034417042184	0.141802740140351	0.222865102344329	0.183187309563656	0.138300349152706	0.141120890066157	0.168297499849941	0.135127464467148	0.209043346002531	0.262827290294866	0.2244286931197	0.274868144903757	0.191814222905292	0.28147188759095	0.147510826764651	0.227580750774978	0.257191940929345	0.197697239732583	0.257280191813593
700095837	0.309122965960565	0.18101321251796	0.374753149383246	0.394530183317297	0.230774362251121	0.32708495444255	0.336396771865439	0.26973100068407	0.289573744188324	0.261047770909024	0.263426024452863	0.373770240403662	0.234627868853807	0.251456096205548	0.329709981222682	0.302497166070531	0.256479894420978	0.347389747757736	0.320349583198335	0.291270239232972	0.351943098084938	0.324588621390101	0.309277370611811	0.313898253595343	0.373061086898791	0.240071161043528	0.231504139827517	0	0.188341335067385	0.202887133922606	0.294246390256399	0.36166510490103	0.244754576790634	0.262788276184104	0.235637851115541	0.278767059349647	0.300144568360259	0.327616356040162	0.276621783610478	0.306452590280124	0.292224660709596	0.254267478516039	0.274742980977886	0.30964221689449	0.254976532474275	0.271467584375173	0.230325546424037	0.289851119824013	0.291848056254736	0.338721859332908	0.365714437665375	0.292801151076153	0.319789620732105	0.317742369698348	0.360489436778649	0.282470810977814	0.332354549582158	0.325698458928353	0.319943691506551	0.340294612484697
700024548	0.269898608938117	0.149947463159045	0.320511759408808	0.349289129602048	0.181799712635995	0.253114020837704	0.279859554788164	0.190028181173046	0.270151643507098	0.19197827150258	0.234120471248238	0.312495080078119	0.179947664976372	0.172694183288948	0.231908923651087	0.269460384714107	0.146968536325455	0.314697130763141	0.264340654335081	0.250613994843932	0.234764605841433	0.293218427708707	0.2469323816073	0.280708737998468	0.326283561472588	0.198132176300649	0.194578980342911	0.188341335067385	0	0.15929415094418	0.227712915420403	0.314700605175096	0.208638762442844	0.211156845967034	0.21171078344363	0.205998639039131	0.294611116624488	0.233887801371142	0.249947004791623	0.198089303521402	0.228121220872666	0.187261716552152	0.231994611310504	0.288508813143365	0.149423475087122	0.129833663260217	0.193265630285477	0.203544043425169	0.213763938200341	0.277349996226619	0.319745856029816	0.240900995448588	0.271434224700789	0.234736769301038	0.314512009580424	0.215699637520318	0.225734005804884	0.279240815805314	0.262740514613596	0.292366625810642
700110161	0.311241276131112	0.18015122673128	0.245716961914003	0.420209585501668	0.224483860721859	0.168164702478214	0.325090124130054	0.119226615352735	0.267563959917763	0.112466427040423	0.20976011474946	0.268140400407772	0.108170235431624	0.156638826891859	0.169904677033708	0.259288901531154	0.142279235942199	0.23419280036698	0.287876160005046	0.280852658801141	0.308881324902328	0.260779639135657	0.308475588454406	0.305293058211065	0.35792745325211	0.264197713434112	0.167618129603451	0.202887133922606	0.15929415094418	0	0.176738499674694	0.288201386849165	0.18407139919285	0.153792430510993	0.265643625403015	0.240308915632911	0.243821491129447	0.156358288420706	0.280273591357835	0.208138111933923	0.256278866894971	0.119647928095032	0.215099110728629	0.272795112772637	0.163285265643937	0.199394471622306	0.197407907760627	0.156041813127964	0.190015908811567	0.232501246739711	0.289910482987385	0.285723858925798	0.338286682303625	0.258851348782211	0.386975268305411	0.168124382354524	0.271317434318735	0.310899406245783	0.221563117966844	0.316341585008025
700023496	0.265058053581889	0.188225006788307	0.165833860121723	0.407206058881895	0.212363895914992	0.0855480034531415	0.256681264466888	0.122446790580799	0.214711982501924	0.0925367712429053	0.105270520811827	0.163374556675306	0.149169155076383	0.118041036116046	0.189012499464134	0.161032716071943	0.141874113167851	0.131800443859415	0.204998258597936	0.249821633339054	0.204330332638249	0.152987549749024	0.254611069007969	0.226101481255515	0.264991649662257	0.289558204120404	0.143765579995008	0.294246390256399	0.227712915420403	0.176738499674694	0	0.180460553786434	0.105379010991866	0.0651512934227404	0.279170784580272	0.17950031084031	0.18163743635891	0.133503611560842	0.24009642373567	0.205067799740958	0.163188280806492	0.116588274456764	0.13245081592603	0.188483132106198	0.117536933436728	0.154044893998872	0.165337406894084	0.112333641155337	0.08695064082303	0.135943929518281	0.19116502795794	0.260084390840216	0.315798276167195	0.177933579112676	0.348340147604625	0.0953755770335506	0.182091109108646	0.244889842187518	0.148345984443697	0.243640577065087
700034628	0.26913375198995	0.283559520616434	0.148266787672008	0.412938990496007	0.282632906630622	0.192389526590504	0.224319356846181	0.228265674496768	0.20797369322964	0.226355379732631	0.152362035310454	0.154216558666205	0.259679607275785	0.243635832077854	0.258998300991204	0.147088606711556	0.259305723448655	0.189321253469962	0.184920837003996	0.257723249253325	0.17550416609509	0.0890558786529628	0.263911875236174	0.229139921962369	0.185928920503608	0.32960839680371	0.25564057271743	0.36166510490103	0.314700605175096	0.288201386849165	0.180460553786434	0	0.167175809107921	0.180034117404992	0.30906063194346	0.194186818628157	0.274770409304115	0.232019754432612	0.255345811828903	0.30354948436999	0.195704902056853	0.204225984007392	0.210338533356	0.164875397466001	0.215179099294283	0.237171078640321	0.238127497440076	0.189359765874111	0.188425121487697	0.102849977433281	0.153701489817825	0.263951022211017	0.3132364465011	0.168757842135986	0.350366441249554	0.181540231248675	0.188144580020295	0.217651776095577	0.125847971069263	0.197149313987212
700023645	0.24003480517048	0.170322391412713	0.187959232553657	0.366108890806083	0.184553141651073	0.149895608257753	0.226746288130657	0.134352765255216	0.184046619349253	0.119747444615952	0.0789130229055832	0.180808026633241	0.160859621740685	0.131588107520922	0.219183464968908	0.11753683775391	0.152380674778335	0.17012564193537	0.183312111924518	0.200819319552794	0.182056345000465	0.118158834913115	0.245347994982372	0.206837432861855	0.234743736003711	0.254146255718182	0.153139219649981	0.244754576790634	0.208638762442844	0.18407139919285	0.105379010991866	0.167175809107921	0	0.0834137598139438	0.250843586695828	0.142958450172922	0.201144691447855	0.187252343326457	0.205384792941787	0.225527100905263	0.149047300788194	0.11702225642697	0.115724484701006	0.158478992497754	0.111144419886811	0.169687895563379	0.136375709141483	0.131046229984014	0.126134966888651	0.140056034689936	0.170971205518245	0.219236801011237	0.272448477526719	0.174966614878267	0.328563340998581	0.122285263836249	0.165907862289996	0.211072465167028	0.124246498498972	0.219223859144275
700038744	0.254542071485661	0.185093679719814	0.162660882584411	0.390468712297476	0.200786941074932	0.0899271121087923	0.257002976215474	0.123994028905477	0.209215893396701	0.0857557040374315	0.0938772327823267	0.17118217480481	0.145691020969401	0.106987348603578	0.189549963533303	0.150353091304136	0.137487481948457	0.132992077427401	0.20355140144507	0.238666499371629	0.214989490864702	0.14429462449029	0.259350294904708	0.221485772719846	0.264150261874247	0.265259337957251	0.122742884006536	0.262788276184104	0.211156845967034	0.153792430510993	0.0651512934227404	0.180034117404992	0.0834137598139438	0	0.263565967742276	0.164983171306816	0.177500611248221	0.132772587735761	0.226761733604624	0.203056823009523	0.164205246962913	0.105044648093159	0.130262081423948	0.188925358280174	0.120252315276265	0.150859718614686	0.163497635161719	0.105885613638566	0.0920999804246174	0.134087499680005	0.181871870871088	0.250928278928243	0.304708571292591	0.17810592678713	0.334679434251865	0.103563076624801	0.190047800872732	0.238602149162234	0.12703706030294	0.242627892491767
700038485	0.163993011770689	0.185220661943736	0.363945866705857	0.255557988845748	0.162456934108863	0.312266893605742	0.211346003125529	0.295724348557589	0.171115666088329	0.279141395530099	0.237985384104375	0.372900921604843	0.294430220652565	0.224619304297082	0.347049279523924	0.234389885948231	0.277947073416976	0.308029649565227	0.185127305502727	0.184539899740268	0.256302717857424	0.288454499885356	0.212233847832972	0.17483011825133	0.26621357466254	0.0820911324550655	0.211341155839079	0.235637851115541	0.21171078344363	0.265643625403015	0.279170784580272	0.30906063194346	0.250843586695828	0.263565967742276	0	0.201474335071469	0.260548917327637	0.320679275926893	0.133424219397139	0.324192221713378	0.207589281601111	0.299741864680955	0.232440600261087	0.229827152365423	0.28719226309974	0.217895755834653	0.179166224083769	0.313047593294637	0.25076945112407	0.329825442185155	0.329437057874902	0.156140465467571	0.177290972950625	0.199751008004356	0.193289673648239	0.295152812224838	0.243266547946869	0.189253563099235	0.303116690493879	0.224400569088292
700024743	0.154935329516777	0.18596175529747	0.267480367545321	0.283328249156731	0.186202809670358	0.222597951898352	0.12645656674644	0.198822063435724	0.132633993666967	0.184417178594051	0.140617478120849	0.257854333669123	0.224120652073516	0.169431726122199	0.254656005728858	0.18299264808802	0.210697329763764	0.253427700780029	0.137399065832113	0.113906635877802	0.145519703339887	0.188844746447324	0.153068093102474	0.14309473777608	0.162643158793223	0.21951722532137	0.187000578390902	0.278767059349647	0.205998639039131	0.240308915632911	0.17950031084031	0.194186818628157	0.142958450172922	0.164983171306816	0.201474335071469	0	0.227973770134524	0.229172616627435	0.132404772383295	0.278531166129472	0.138401202013855	0.215147144762268	0.167211930168366	0.109465266498752	0.190391535965032	0.184284931972295	0.161433516903903	0.185710261034558	0.171286758929501	0.220549182601687	0.250973989071588	0.139859642354929	0.177791754480502	0.128320159991861	0.218493587427109	0.188255771054824	0.131324411856803	0.12225021726941	0.195126771621577	0.119245147869592
