700108602	700014971	700033565	700109389	700023058	700023927	700106341	700114221	700023543	700023439	700016978	700024192	700113058	700099448	700109870	700033928	700023693	700109627	700095416	700110425	700111580	700111302	700098605	700111991	700108960	700024452	700032931	700095837	700024548	700110161	700023496	700034628	700023645	700038744	700038485	700024743	700099596	700110760	700101587	700106399	700032322	700095653	700021312	700101230	700023590	700038905	700033136	700023382	700096424	700105469	700016908	700096053	700108479	700109569	700033814	700016125	700109756	700102665	700101777	700109455
700108602	0	-0.165370879597791	-0.206874051498229	-0.122923074561557	-0.143512343501131	-0.212111577648656	-0.0764593688279562	-0.228392922406059	-0.0943761739217958	-0.21097281841798	-0.147096161417687	-0.214985174223431	-0.225539914709918	-0.168685056861524	-0.227566571219156	-0.115261945759115	-0.216297666553575	-0.193457726376478	-0.097711833672048	-0.0913363803576623	-0.112762659944722	-0.134254622429714	-0.105914233157529	-0.058396706569625	-0.0997032478181974	-0.1307130508416	-0.169351008951069	-0.182653165020331	-0.194453936774853	-0.21364876258664	-0.201110031492542	-0.154358075663345	-0.149598460410241	-0.201315743266852	-0.121163543282008	-0.12788834709664	-0.167661136948563	-0.213118540101641	-0.0842216522232036	-0.251188091269017	-0.128909380643297	-0.218208315221255	-0.134026583958003	-0.14040963874897	-0.198675239174989	-0.16285137686953	-0.135020916605625	-0.209508265975439	-0.173943751741632	-0.186596091885587	-0.154774686477471	-0.0754409347168741	-0.0905830751502164	-0.116197751065467	-0.0755262185085197	-0.211482330098545	-0.141283872279156	-0.0823143882067381	-0.177508436505631	-0.105309547664325
700014971	-0.165370879597791	0	-0.17556882134544	-0.216803552248203	-0.123696922414229	-0.154606833980527	-0.178029551687374	-0.134116234890226	-0.139978839010883	-0.121705739055127	-0.115573383378341	-0.188923996824032	-0.128974791221765	-0.107985683151974	-0.151875394191552	-0.158789396480675	-0.130024129788176	-0.162498729238893	-0.158889004129638	-0.165870553368769	-0.161895789929439	-0.147977800686945	-0.127703905324561	-0.162455725882794	-0.187018928642486	-0.140758761926311	-0.104724231570596	-0.136662232512702	-0.12108422358463	-0.128769291289191	-0.115013999525299	-0.158848891811623	-0.119229550928211	-0.114735441113065	-0.143078713219406	-0.141223673566798	-0.160969389307906	-0.164669637762454	-0.135094990671629	-0.153181450132718	-0.131800771515393	-0.137423988636172	-0.129279784159291	-0.150728279914048	-0.120790589473874	-0.113839900286783	-0.0992546131835482	-0.13554211839702	-0.114683923436576	-0.164381773610877	-0.159479048412885	-0.163948427432305	-0.176799176109966	-0.114139463192514	-0.170398503339262	-0.129198211550078	-0.15753402423239	-0.176596412906164	-0.15366985646668	-0.173900090430824
700033565	-0.206874051498229	-0.17556882134544	0	-0.232076619249551	-0.193934874004996	-0.07064629174082	-0.206570679664186	-0.117373054349866	-0.179905280792405	-0.0930283821053736	-0.10274277422398	-0.0582840855533885	-0.118943803773676	-0.153560453716766	-0.120125480770045	-0.142264595655937	-0.120228302980603	-0.0966573009807157	-0.163019937971768	-0.187554852672763	-0.173888029670426	-0.106801346858159	-0.182047626733229	-0.186229218974608	-0.180600868434166	-0.207092803357874	-0.162170866131083	-0.186408198152091	-0.167325010716612	-0.11241064998634	-0.0937065567189047	-0.132255470770368	-0.106741704609945	-0.0934343214676152	-0.203334931747021	-0.147963117002482	-0.146063258651402	-0.103267850197686	-0.186796825362633	-0.146814839515096	-0.156355999458648	-0.0899189028400786	-0.154523224710737	-0.15352121196448	-0.122819597977172	-0.135783527027021	-0.1585607461067	-0.104860265258562	-0.117522389861444	-0.0740788492150924	-0.0806850500133592	-0.214662096904661	-0.210919089819536	-0.138439933711354	-0.22132314898182	-0.102587278397607	-0.144434051406919	-0.203027330465175	-0.087506193803788	-0.195346768658634
700109389	-0.122923074561557	-0.216803552248203	-0.232076619249551	0	-0.194988004878113	-0.25052764688415	-0.0996205657264866	-0.24430711231491	-0.163251228755372	-0.237397639408522	-0.191822541337335	-0.228141619826046	-0.246412645989603	-0.219247532366336	-0.22688195049582	-0.168321917580172	-0.248816802714099	-0.243909889852236	-0.181963475773255	-0.106814345854667	-0.143672749010173	-0.188004540391496	-0.152825802480038	-0.143442761809332	-0.13161002552406	-0.161142764946977	-0.23427539160405	-0.213079031375958	-0.195143697748824	-0.238877766745754	-0.239704517266633	-0.206654453875599	-0.181011488643223	-0.229109631343125	-0.154090176017372	-0.162051544716675	-0.239084667452623	-0.25242689867149	-0.159606914003268	-0.239241038184569	-0.170965330872039	-0.237665449877533	-0.197713864114751	-0.183568933315666	-0.218855688658862	-0.197434475237792	-0.193276917798649	-0.227305212396631	-0.221799725906222	-0.217268483734224	-0.184552695366365	-0.114321296438793	-0.0745553436203106	-0.181886480628333	-0.125519328987737	-0.235119193745531	-0.142285228336384	-0.120244153607797	-0.190152390602795	-0.14432912890313
700023058	-0.143512343501131	-0.123696922414229	-0.193934874004996	-0.194988004878113	0	-0.166517854249839	-0.156596719254955	-0.184427174273559	-0.128814952188363	-0.168808429380402	-0.133886644510882	-0.207385946631555	-0.183000353543723	-0.119928621457384	-0.184602692143856	-0.145893620682606	-0.171006449850668	-0.158865505810768	-0.138409380573374	-0.158752971712681	-0.167418461206302	-0.16665851250576	-0.143115000425467	-0.136426293641165	-0.190582147562509	-0.123508759990505	-0.140372767662873	-0.162108446500077	-0.166830477831886	-0.169339673039397	-0.159514356254245	-0.180842195651463	-0.15435918448399	-0.160496521661794	-0.125618349881809	-0.161899962909053	-0.13688218621955	-0.156143835369577	-0.101400141905694	-0.202616425717089	-0.137714976513369	-0.179389494309153	-0.125272284396859	-0.157134981885465	-0.167660424470034	-0.151008835517629	-0.11378803803317	-0.174310029386878	-0.143406839052131	-0.189870640748222	-0.178649566644555	-0.142765793956418	-0.155260247083477	-0.135912680643609	-0.155094749143171	-0.181255990585907	-0.17852795848327	-0.159877469724213	-0.178117419668982	-0.155026333359502
700023927	-0.212111577648656	-0.154606833980527	-0.07064629174082	-0.25052764688415	-0.166517854249839	0	-0.22569763864622	-0.116886831019131	-0.193490932115769	-0.0910769875916951	-0.116561424250582	-0.0978999604424545	-0.122636532020522	-0.10679275340111	-0.113475821218522	-0.158998319140276	-0.10375760719456	-0.0731181411237445	-0.174587171011072	-0.201980813676477	-0.175861793803481	-0.139881187887582	-0.174185323931347	-0.199852216146165	-0.202859859448068	-0.200357967305233	-0.142306650420876	-0.19949776952313	-0.15865192387175	-0.105623819464162	-0.078329510124747	-0.15319096349301	-0.132080271460844	-0.0907098887728098	-0.204382469698298	-0.164407810044279	-0.131449818644127	-0.0693678226524991	-0.182009172412268	-0.141804085671276	-0.154106508188849	-0.0931215243875695	-0.134114552538973	-0.172059027013828	-0.119269242283823	-0.123648709054781	-0.145485977496826	-0.109624969276723	-0.0759012931840334	-0.101017410407645	-0.115484817695094	-0.223749399569934	-0.225200670590508	-0.129372799418448	-0.224019848660737	-0.102878386063491	-0.144040776959724	-0.218351749729256	-0.102903856292267	-0.199234780005641
700106341	-0.0764593688279562	-0.178029551687374	-0.206570679664186	-0.0996205657264866	-0.156596719254955	-0.22569763864622	0	-0.218581464325379	-0.0925750215765606	-0.210197484977005	-0.143008572428881	-0.198061718156376	-0.214606662928335	-0.188085734807787	-0.216301201870477	-0.124075725535608	-0.215323936769415	-0.222099010225833	-0.127023898169667	-0.0763200218533141	-0.0995020708618359	-0.132753611226957	-0.118398011042037	-0.102364058195862	-0.0829259916766139	-0.162535102132661	-0.207165096066094	-0.199101961870671	-0.191315785651958	-0.216905365470794	-0.19952047360081	-0.132300557275399	-0.150365820047964	-0.200121042375336	-0.143246537654772	-0.109964938663674	-0.202862863264962	-0.232361986660305	-0.113203739712711	-0.237062550981482	-0.133132482942321	-0.209407880384014	-0.141636118135572	-0.128088259939683	-0.188993290144983	-0.178446293680468	-0.148985276776541	-0.192885696716726	-0.192052034165571	-0.179954548967763	-0.156298888914072	-0.0701484006080576	-0.0741708660693306	-0.129396847858926	-0.109769146393717	-0.202853679609138	-0.121614869535458	-0.0740308463527799	-0.167647677742787	-0.0801134841725628
700114221	-0.228392922406059	-0.134116234890226	-0.117373054349866	-0.24430711231491	-0.184427174273559	-0.116886831019131	-0.218581464325379	0	-0.206507804691416	-0.0751400608286786	-0.143608224364552	-0.12121976332612	-0.063502615446072	-0.144794209566916	-0.062075712343553	-0.184421499633846	-0.0701058775254685	-0.151172993677508	-0.216389590100942	-0.201688208092812	-0.195998897886376	-0.164546877334114	-0.198724788188759	-0.222072288061449	-0.227484674278758	-0.207261322467915	-0.146122857644515	-0.167169196482595	-0.117121099723081	-0.0988425770139927	-0.109699455323534	-0.172007498047106	-0.13355830820251	-0.0994606427831099	-0.218049001986412	-0.170327267596242	-0.185654003160605	-0.111129138651498	-0.195950452602066	-0.0841979326581072	-0.172709914268375	-0.0672109534519267	-0.190876051137318	-0.173426390356468	-0.0806469286820772	-0.126221579959572	-0.144371356570356	-0.0664479295254655	-0.138363047913439	-0.120720336428341	-0.149996495794784	-0.227558707780918	-0.220655331283704	-0.172765727065839	-0.250252740082818	-0.0743794002559072	-0.15629826218539	-0.235127974193363	-0.126528831569074	-0.208188340622962
700023543	-0.0943761739217958	-0.139978839010883	-0.179905280792405	-0.163251228755372	-0.128814952188363	-0.193490932115769	-0.0925750215765606	-0.206507804691416	0	-0.176131626381841	-0.112419274737773	-0.189692924086433	-0.200499665833308	-0.159845996703632	-0.2063478935745	-0.088808312179577	-0.191390439215764	-0.184995387436497	-0.103958992265246	-0.110421535268388	-0.114537925871673	-0.107332007584373	-0.115996915720826	-0.0915180033004546	-0.11350271402716	-0.13038899569003	-0.164580575675362	-0.160540975592405	-0.193728146656371	-0.186858134809493	-0.169118203783095	-0.108499480252585	-0.125285964522992	-0.16985201764739	-0.118261019152627	-0.103849045846339	-0.16196297672019	-0.200628807983504	-0.0921635202076478	-0.2284169247296	-0.112816169838159	-0.185802194422265	-0.127542854626648	-0.0877064468405621	-0.170507396287908	-0.155015271033596	-0.107987320438426	-0.178839570464076	-0.163434529282098	-0.160306694253771	-0.132403113423477	-0.0838198085163143	-0.107695991861564	-0.113261801978198	-0.113856535707649	-0.18396190588395	-0.149634316748052	-0.0801256563916241	-0.151953101858259	-0.0929669023188215
700023439	-0.21097281841798	-0.121705739055127	-0.0930283821053736	-0.237397639408522	-0.168808429380402	-0.0910769875916951	-0.210197484977005	-0.0751400608286786	-0.176131626381841	0	-0.108828845074456	-0.119132392616166	-0.0724794668152302	-0.117403681179405	-0.0990006181956845	-0.14632397635744	-0.0762235307760462	-0.115193577969907	-0.176342621880808	-0.194406018745247	-0.1780871097134	-0.139315926593621	-0.176060552867462	-0.193573847371847	-0.204065379409788	-0.189355335311809	-0.12582179127752	-0.15732419526815	-0.124977410587885	-0.0829513704656943	-0.0720249884235397	-0.160580471475211	-0.104064886081998	-0.0668597921472637	-0.198907723575331	-0.150748506982004	-0.152440386474096	-0.0943557735661884	-0.173318337843517	-0.11214121870861	-0.137538176815045	-0.0777617497033523	-0.155757003464683	-0.161217749898497	-0.089165297337194	-0.119578668685956	-0.135209803739657	-0.0859821982757615	-0.0968392073960014	-0.111820127620113	-0.120886047816071	-0.203827065882073	-0.210800635977891	-0.1426798833704	-0.22261385971874	-0.0790935044759524	-0.150537532343143	-0.204133093185931	-0.108259065695442	-0.193832834635735
700016978	-0.147096161417687	-0.115573383378341	-0.10274277422398	-0.191822541337335	-0.133886644510882	-0.116561424250582	-0.143008572428881	-0.143608224364552	-0.112419274737773	-0.108828845074456	0	-0.119354067509467	-0.138188641684309	-0.124704226237851	-0.15140985305995	-0.0998155815040822	-0.132710069734917	-0.114352222542029	-0.119758386483153	-0.124286501000636	-0.120888710432987	-0.0704570859743359	-0.129726229234442	-0.129527107930832	-0.124995669474576	-0.150017379009265	-0.123185530456233	-0.142654772479266	-0.143452655870268	-0.122621424716627	-0.0914238987812293	-0.0962053066242737	-0.0645959894061099	-0.0906388526270038	-0.153384650855103	-0.095618986944896	-0.136198770934857	-0.134892064410677	-0.115530653925951	-0.172112713280336	-0.0951590164849199	-0.112094720871528	-0.0930165058651196	-0.0963316745175776	-0.111941088929382	-0.129671890367215	-0.105381398532033	-0.116617789111517	-0.0967482759103435	-0.099015428904498	-0.0904467863592521	-0.14784323918443	-0.145042139027489	-0.0901686444520204	-0.160530564261788	-0.112723082805676	-0.117812548223617	-0.137927863359305	-0.0975417705942942	-0.136111405618514
700024192	-0.214985174223431	-0.188923996824032	-0.0582840855533885	-0.228141619826046	-0.207385946631555	-0.0978999604424545	-0.198061718156376	-0.12121976332612	-0.189692924086433	-0.119132392616166	-0.119354067509467	0	-0.120142245488413	-0.173203211669484	-0.111929449810822	-0.151261105528961	-0.140787902056698	-0.126155040748721	-0.173521287631317	-0.184083555622489	-0.165657138198494	-0.106916849295706	-0.191295825707823	-0.208797306549205	-0.172830983306398	-0.217484266985155	-0.183076416720783	-0.198829071402981	-0.172210463982053	-0.139659835318539	-0.105855530559779	-0.115093231792556	-0.115688746704535	-0.105014515423185	-0.227026068197242	-0.144916744502044	-0.178169122838528	-0.118917444588023	-0.203649096504907	-0.14607978231193	-0.16469808740522	-0.0811749241185939	-0.17753525877112	-0.148692127444001	-0.112027742053498	-0.155951662516192	-0.172652067419728	-0.0953366821714996	-0.142197987100482	-0.0613645894230219	-0.0848556903074107	-0.2226012102174	-0.21070257734262	-0.151115594577544	-0.240287133987495	-0.0978097546321018	-0.130832322123272	-0.208188176525378	-0.0862722962912442	-0.188983115694063
700113058	-0.225539914709918	-0.128974791221765	-0.118943803773676	-0.246412645989603	-0.183000353543723	-0.122636532020522	-0.214606662928335	-0.063502615446072	-0.200499665833308	-0.0724794668152302	-0.138188641684309	-0.120142245488413	0	-0.142289417829895	-0.0856904798883591	-0.177858004155798	-0.0987995173979076	-0.152637622034842	-0.210066409613468	-0.200565121245391	-0.203495231286155	-0.163759728756899	-0.200599001809527	-0.219438256027223	-0.224960475135529	-0.205593205193499	-0.140579674465211	-0.152129842426228	-0.120224722165918	-0.0937473643255003	-0.101566970358963	-0.170425143885224	-0.128511927329991	-0.0894867306173559	-0.21797754729932	-0.171526992685137	-0.183098781222058	-0.121467664726673	-0.189792490031499	-0.110911303667915	-0.167300699007969	-0.073655081049304	-0.190465644740239	-0.173755421700224	-0.0929835395687324	-0.138339276578998	-0.1680235148178	-0.0892683768964549	-0.131971232119552	-0.121267226548617	-0.14654876798889	-0.220825760463664	-0.222190579452054	-0.179378842284954	-0.251206258903777	-0.0758469292618073	-0.168555906432637	-0.230508910867177	-0.125842985388781	-0.20616514293403
700099448	-0.168685056861524	-0.107985683151974	-0.153560453716766	-0.219247532366336	-0.119928621457384	-0.10679275340111	-0.188085734807787	-0.144794209566916	-0.159845996703632	-0.117403681179405	-0.124704226237851	-0.173203211669484	-0.142289417829895	0	-0.142623226457518	-0.152194544499961	-0.119653327043808	-0.111647214496479	-0.148098215881341	-0.170401313730777	-0.165915628051766	-0.156489530384901	-0.144048677831568	-0.158284280138663	-0.194108235268865	-0.147311676514188	-0.0981646915936958	-0.164386526750004	-0.130616970357339	-0.110831617989289	-0.105244184778394	-0.176737069919195	-0.120651654049	-0.10431240518598	-0.157137386811121	-0.158891086779042	-0.120440160638871	-0.114366608295414	-0.138772729174487	-0.16567503995242	-0.140347757364298	-0.136294064706392	-0.116958103162026	-0.172764365828899	-0.114907373966373	-0.115217054733337	-0.111616385773718	-0.137488045509777	-0.0680655584780973	-0.151389327628021	-0.147018597534969	-0.172149107274152	-0.188408904370891	-0.124721058769395	-0.182121719140001	-0.132266240981589	-0.135200422571076	-0.1862437276588	-0.138854471133479	-0.180439411426605
700109870	-0.227566571219156	-0.151875394191552	-0.120125480770045	-0.22688195049582	-0.184602692143856	-0.113475821218522	-0.216301201870477	-0.062075712343553	-0.2063478935745	-0.0990006181956845	-0.15140985305995	-0.111929449810822	-0.0856904798883591	-0.142623226457518	0	-0.186573356721211	-0.0982298195871781	-0.159386258712242	-0.219414148443478	-0.193061153873936	-0.183957281947386	-0.168839938800536	-0.189438613618605	-0.229045732013821	-0.217650975940646	-0.20293425255462	-0.158462959904648	-0.172381746629567	-0.119156344146538	-0.0950425186632971	-0.124148098134844	-0.167077056437778	-0.146623972035701	-0.113804567918814	-0.221202258028702	-0.174662698063437	-0.199000120715539	-0.102943090968512	-0.203464615587693	-0.0966589841996179	-0.189090177222636	-0.0664797886971098	-0.20368977390266	-0.168730787822467	-0.0830284335729852	-0.133435284632425	-0.162060418873951	-0.0766652087246297	-0.140481600616959	-0.116115086846521	-0.148279653228664	-0.222036706946097	-0.209182462358376	-0.175572129381704	-0.245326069955844	-0.0826873374883691	-0.144054834289645	-0.226967758109939	-0.1172408191026	-0.201854038743556
700033928	-0.115261945759115	-0.158789396480675	-0.142264595655937	-0.168321917580172	-0.145893620682606	-0.158998319140276	-0.124075725535608	-0.184421499633846	-0.088808312179577	-0.14632397635744	-0.0998155815040822	-0.151261105528961	-0.177858004155798	-0.152194544499961	-0.186573356721211	0	-0.169836570257906	-0.146977670090695	-0.106249333033766	-0.134792400073308	-0.124546503522729	-0.096897595587515	-0.134792184486806	-0.101353315844226	-0.138942524629227	-0.146750601331524	-0.157727881584032	-0.152300968758418	-0.178432626918656	-0.162458902353593	-0.134692388878824	-0.128697593244133	-0.0975727170553215	-0.138690754918778	-0.138352939326434	-0.13753475463102	-0.145421434143421	-0.174473719652206	-0.108273785722208	-0.209044893232771	-0.0870977190509032	-0.149836403809681	-0.131315705420203	-0.131764622469135	-0.149246974763838	-0.141514113533257	-0.114629746441692	-0.163948416263149	-0.144468834351269	-0.131282938648267	-0.103607126417387	-0.119579435028926	-0.13398610173566	-0.11435228171257	-0.149899607606978	-0.151258865562832	-0.139088942863656	-0.116996016491209	-0.132286276751798	-0.125003191891458
700023693	-0.216297666553575	-0.130024129788176	-0.120228302980603	-0.248816802714099	-0.171006449850668	-0.10375760719456	-0.215323936769415	-0.0701058775254685	-0.191390439215764	-0.0762235307760462	-0.132710069734917	-0.140787902056698	-0.0987995173979076	-0.119653327043808	-0.0982298195871781	-0.169836570257906	0	-0.128923454917447	-0.196728499688019	-0.202768201577924	-0.186108629009102	-0.164512063688764	-0.17853302204158	-0.206271931926456	-0.227227182627363	-0.198329244857743	-0.134195233827666	-0.174320269155157	-0.127565234560733	-0.102546009328945	-0.090576878204624	-0.175885481545466	-0.133542965003823	-0.0987145942151322	-0.201395345080884	-0.173044299549172	-0.157789468660293	-0.109056786793206	-0.18476259722493	-0.102203355039567	-0.159322211886731	-0.0976941493338366	-0.167142121765553	-0.175861392916102	-0.100314173806863	-0.1082258002261	-0.126502031690862	-0.086087569012357	-0.11188758809279	-0.13402571368787	-0.146484120692096	-0.218174154974632	-0.219000479769884	-0.147767869556911	-0.231662324642132	-0.0950684310561329	-0.157765060574517	-0.227078704453965	-0.135042700944653	-0.20994353295393
700109627	-0.193457726376478	-0.162498729238893	-0.0966573009807157	-0.243909889852236	-0.158865505810768	-0.0731181411237445	-0.222099010225833	-0.151172993677508	-0.184995387436497	-0.115193577969907	-0.114352222542029	-0.126155040748721	-0.152637622034842	-0.111647214496479	-0.159386258712242	-0.146977670090695	-0.128923454917447	0	-0.164072023298806	-0.194269833188137	-0.195958936948773	-0.136622333766573	-0.188446249889185	-0.175357817010367	-0.197762652000294	-0.190215815005272	-0.129536704662044	-0.181069270683683	-0.185758642680682	-0.127481029121376	-0.0950625709358097	-0.167277698924588	-0.117763744094741	-0.104714047057637	-0.189682417343425	-0.172038082348632	-0.106492751282699	-0.0847054133950023	-0.173450964231042	-0.177873660231226	-0.159886175239068	-0.129358838502905	-0.123116119050364	-0.162741489432894	-0.148194250365616	-0.152576213832611	-0.152738507939163	-0.144386975369547	-0.0836184231550745	-0.126127901885575	-0.111833428743347	-0.220400664547596	-0.218733269675327	-0.147998561219113	-0.2065757759671	-0.1354914403559	-0.172879286684816	-0.210269905078663	-0.132201070337534	-0.210312732630789
700095416	-0.097711833672048	-0.158889004129638	-0.163019937971768	-0.181963475773255	-0.138409380573374	-0.174587171011072	-0.127023898169667	-0.216389590100942	-0.103958992265246	-0.176342621880808	-0.119758386483153	-0.173521287631317	-0.210066409613468	-0.148098215881341	-0.219414148443478	-0.106249333033766	-0.196728499688019	-0.164072023298806	0	-0.136718863379681	-0.104207479225201	-0.115540365050137	-0.120000163740368	-0.0835198343884899	-0.118902584415705	-0.141725366999125	-0.158339239924145	-0.188214869690713	-0.193603481821211	-0.194801149558	-0.162694518730115	-0.130784448937619	-0.126879709733177	-0.17023413393785	-0.133104501447427	-0.124879416847239	-0.139316960737118	-0.180665041612585	-0.0953464185203974	-0.238426338537732	-0.100834334765479	-0.187982272896376	-0.0957215448084631	-0.140602439798586	-0.173826484184147	-0.144642475326348	-0.110136426413408	-0.188834583139802	-0.151756468821552	-0.164107916824064	-0.12031329291023	-0.124457027168308	-0.146187105022655	-0.0930531451506638	-0.123702561044962	-0.187927731716914	-0.13725717522181	-0.119038875856811	-0.150863195955438	-0.127671103756902
700110425	-0.0913363803576623	-0.165870553368769	-0.187554852672763	-0.106814345854667	-0.158752971712681	-0.201980813676477	-0.0763200218533141	-0.201688208092812	-0.110421535268388	-0.194406018745247	-0.124286501000636	-0.184083555622489	-0.200565121245391	-0.170401313730777	-0.193061153873936	-0.134792400073308	-0.202768201577924	-0.194269833188137	-0.136718863379681	0	-0.0975296678282033	-0.125920403732194	-0.110837882671523	-0.114917060026987	-0.0768841906827081	-0.156279838187571	-0.183309475107547	-0.1699346144144	-0.174023574077534	-0.190720828761291	-0.184897623177723	-0.141911624854126	-0.125604495046175	-0.18398275347813	-0.146000921642516	-0.0951849692379572	-0.185222007001191	-0.207469967129248	-0.117211781287242	-0.221293644725787	-0.122719759193418	-0.18734111488142	-0.134920109309207	-0.103868976997102	-0.16846902336381	-0.165505344644774	-0.133668590928714	-0.179895964552053	-0.170763238318994	-0.158680314925391	-0.139340046125977	-0.086107188155172	-0.0621050165782963	-0.121727197968028	-0.117441095495189	-0.183384994703329	-0.096580736445662	-0.0833441040293197	-0.144318899707364	-0.100930233695668
700111580	-0.112762659944722	-0.161895789929439	-0.173888029670426	-0.143672749010173	-0.167418461206302	-0.175861793803481	-0.0995020708618359	-0.195998897886376	-0.114537925871673	-0.1780871097134	-0.120888710432987	-0.165657138198494	-0.203495231286155	-0.165915628051766	-0.183957281947386	-0.124546503522729	-0.186108629009102	-0.195958936948773	-0.104207479225201	-0.0975296678282033	0	-0.104533990595814	-0.097596849159759	-0.120937600321536	-0.0763947484224514	-0.177401911016136	-0.193315299198299	-0.206928155066945	-0.157786979490148	-0.192879860903058	-0.167946824917467	-0.114259100793973	-0.127103974394302	-0.176193223252711	-0.172497730392446	-0.100687124723202	-0.186275900876877	-0.193443774417511	-0.141738070644354	-0.212726456043236	-0.103569915881497	-0.168977942983863	-0.129235414448288	-0.127058250703898	-0.145798242054933	-0.142616363425662	-0.113974551940011	-0.161126773319415	-0.157131102981142	-0.140713689547402	-0.124069995900322	-0.103106214115898	-0.113799572602797	-0.0850228152045212	-0.138056865449178	-0.173690497808596	-0.0826706089515887	-0.0845284889614689	-0.124421596657516	-0.0875588206157159
700111302	-0.134254622429714	-0.147977800686945	-0.106801346858159	-0.188004540391496	-0.16665851250576	-0.139881187887582	-0.132753611226957	-0.164546877334114	-0.107332007584373	-0.139315926593621	-0.0704570859743359	-0.106916849295706	-0.163759728756899	-0.156489530384901	-0.168839938800536	-0.096897595587515	-0.164512063688764	-0.136622333766573	-0.115540365050137	-0.125920403732194	-0.104533990595814	0	-0.128977093133459	-0.135270778925265	-0.100004182577253	-0.184523999818916	-0.16546324517748	-0.170988368945914	-0.177328406448441	-0.158843379109678	-0.127939286074339	-0.0695147135402859	-0.077366484672399	-0.120840722153779	-0.169145721032527	-0.100325030516916	-0.149432788841551	-0.163238482546024	-0.141260973714309	-0.192709734423789	-0.122365461493273	-0.132247327614845	-0.127999065859757	-0.106289758356569	-0.133790157631256	-0.154318767433277	-0.126438497710462	-0.134067930654584	-0.129478990154418	-0.0835380865277454	-0.0693832046769579	-0.143252724828335	-0.14567339654494	-0.0927580835693716	-0.167162389931418	-0.131683317946489	-0.115566031403872	-0.128894259010187	-0.0863879383456075	-0.123282633840455
700098605	-0.105914233157529	-0.127703905324561	-0.182047626733229	-0.152825802480038	-0.143115000425467	-0.174185323931347	-0.118398011042037	-0.198724788188759	-0.115996915720826	-0.176060552867462	-0.129726229234442	-0.191295825707823	-0.200599001809527	-0.144048677831568	-0.189438613618605	-0.134792184486806	-0.17853302204158	-0.188446249889185	-0.120000163740368	-0.110837882671523	-0.097596849159759	-0.128977093133459	0	-0.115994526595433	-0.122679183424688	-0.142972198262072	-0.154354937253155	-0.171023497468374	-0.16452289724277	-0.179704973900495	-0.169111115862798	-0.139492504298447	-0.144248589717619	-0.169677630517011	-0.137798940009039	-0.115881285868627	-0.161092846850485	-0.186854245235187	-0.119994420215818	-0.206760162436772	-0.123854193585678	-0.187036135120086	-0.134437314680738	-0.136701646682009	-0.173906883150918	-0.123091700695146	-0.122065281076249	-0.178228493785243	-0.152595294457193	-0.159303602634265	-0.148540172646509	-0.110712088840367	-0.115052680654287	-0.0964537036580156	-0.103900917842212	-0.18179862055935	-0.123359741207918	-0.121733094045472	-0.149675180414932	-0.101253460210196
700111991	-0.058396706569625	-0.162455725882794	-0.186229218974608	-0.143442761809332	-0.136426293641165	-0.199852216146165	-0.102364058195862	-0.222072288061449	-0.0915180033004546	-0.193573847371847	-0.129527107930832	-0.208797306549205	-0.219438256027223	-0.158284280138663	-0.229045732013821	-0.101353315844226	-0.206271931926456	-0.175357817010367	-0.0835198343884899	-0.114917060026987	-0.120937600321536	-0.135270778925265	-0.115994526595433	0	-0.113597660383141	-0.126900554091842	-0.157786784037335	-0.175732526490684	-0.19009984439073	-0.207185400135416	-0.184482163512099	-0.162972900869564	-0.137970152358619	-0.185521843209207	-0.111152167965537	-0.123671597454679	-0.154798534269219	-0.202352274923461	-0.0803297168595843	-0.244131866432972	-0.107969024083961	-0.206630097794137	-0.115604754710003	-0.140899006357493	-0.189846549530456	-0.152402058274716	-0.12132345898619	-0.199882433292821	-0.163028508873547	-0.189044006305924	-0.145450245228303	-0.0962905835889306	-0.104573486335101	-0.107736270420505	-0.0769193965667414	-0.205165307373565	-0.150127290029633	-0.0960696528875108	-0.17217209158079	-0.117147321584912
700108960	-0.0997032478181974	-0.187018928642486	-0.180600868434166	-0.13161002552406	-0.190582147562509	-0.202859859448068	-0.0829259916766139	-0.227484674278758	-0.11350271402716	-0.204065379409788	-0.124995669474576	-0.172830983306398	-0.224960475135529	-0.194108235268865	-0.217650975940646	-0.138942524629227	-0.227227182627363	-0.197762652000294	-0.118902584415705	-0.0768841906827081	-0.0763947484224514	-0.100004182577253	-0.122679183424688	-0.113597660383141	0	-0.198435140816031	-0.21404678571447	-0.211592286582895	-0.19537885286717	-0.208196750546594	-0.191998915537385	-0.106486364041838	-0.136137701978123	-0.193980890778514	-0.179318257684735	-0.0929962744477022	-0.199609026144272	-0.216245814348517	-0.143335152213381	-0.246880495119689	-0.142079952323062	-0.195973197419525	-0.137101622617179	-0.109806179633396	-0.182575015071274	-0.193712870899744	-0.160021592933294	-0.194196185860087	-0.179031540118807	-0.149366271507859	-0.123979150919692	-0.0999379703778684	-0.0897654215338402	-0.106128211541464	-0.118724825038429	-0.1982582609173	-0.0933903815413662	-0.075344720067647	-0.141065895091102	-0.0904812363003363
700024452	-0.1307130508416	-0.140758761926311	-0.207092803357874	-0.161142764946977	-0.123508759990505	-0.200357967305233	-0.162535102132661	-0.207261322467915	-0.13038899569003	-0.189355335311809	-0.150017379009265	-0.217484266985155	-0.205593205193499	-0.147311676514188	-0.20293425255462	-0.146750601331524	-0.198329244857743	-0.190215815005272	-0.141725366999125	-0.156279838187571	-0.177401911016136	-0.184523999818916	-0.142972198262072	-0.126900554091842	-0.198435140816031	0	-0.144065709497979	-0.139190173576981	-0.148974865044917	-0.184183037342781	-0.186309777526983	-0.201033012098985	-0.153196001784558	-0.180036135461895	-0.073127700780921	-0.15808351299451	-0.183275279337622	-0.194691401342698	-0.101815515157382	-0.213426151624051	-0.141887086962284	-0.195398554142413	-0.151397934831099	-0.17006869452352	-0.179661315003288	-0.136581124609	-0.125402238596651	-0.195532850907156	-0.167641565252046	-0.194968804475596	-0.184369223481731	-0.13707627620947	-0.144984643038982	-0.155799096887033	-0.122863464867511	-0.196247431623832	-0.176580009243159	-0.167261702937559	-0.181917909739718	-0.178593526086489
700032931	-0.169351008951069	-0.104724231570596	-0.162170866131083	-0.23427539160405	-0.140372767662873	-0.142306650420876	-0.207165096066094	-0.146122857644515	-0.164580575675362	-0.12582179127752	-0.123185530456233	-0.183076416720783	-0.140579674465211	-0.0981646915936958	-0.158462959904648	-0.157727881584032	-0.134195233827666	-0.129536704662044	-0.158339239924145	-0.183309475107547	-0.193315299198299	-0.16546324517748	-0.154354937253155	-0.157786784037335	-0.21404678571447	-0.144065709497979	0	-0.146752548203479	-0.148023953740254	-0.131247295893297	-0.121502670050788	-0.183651009597572	-0.128474242418363	-0.111683311076684	-0.158755023622274	-0.177062343389816	-0.130496354613524	-0.137102704391508	-0.133094028659466	-0.164431524562979	-0.150422767275273	-0.144819249312359	-0.136267051445488	-0.169500536865779	-0.133467350583816	-0.129152805474225	-0.126276157275532	-0.139288185250432	-0.106459781445392	-0.154817307201106	-0.164566193617274	-0.189786897347316	-0.198619488596707	-0.146500070146507	-0.178030635057726	-0.139595228958267	-0.177316470245402	-0.204993292626878	-0.154738958386327	-0.203362057977898
700095837	-0.182653165020331	-0.136662232512702	-0.186408198152091	-0.213079031375958	-0.162108446500077	-0.19949776952313	-0.199101961870671	-0.167169196482595	-0.160540975592405	-0.15732419526815	-0.142654772479266	-0.198829071402981	-0.152129842426228	-0.164386526750004	-0.172381746629567	-0.152300968758418	-0.174320269155157	-0.181069270683683	-0.188214869690713	-0.1699346144144	-0.206928155066945	-0.170988368945914	-0.171023497468374	-0.175732526490684	-0.211592286582895	-0.139190173576981	-0.146752548203479	0	-0.119047106091398	-0.131805977139745	-0.167609463523321	-0.199171497201952	-0.141204127454498	-0.142436120642624	-0.148025351180035	-0.181994299657743	-0.182278746455904	-0.196973554809878	-0.151895292921723	-0.190359779512921	-0.157961040618226	-0.157556814952577	-0.177759783655943	-0.160346447992541	-0.156809184270888	-0.157658139545803	-0.15633723279967	-0.17364369108621	-0.171601139850435	-0.186053137074893	-0.170933384732077	-0.185951638110553	-0.181099565538069	-0.185923472979572	-0.18435543736196	-0.167947453935814	-0.19872103538722	-0.196592640596918	-0.176518336296605	-0.204797338887929
700024548	-0.194453936774853	-0.12108422358463	-0.167325010716612	-0.195143697748824	-0.166830477831886	-0.15865192387175	-0.191315785651958	-0.117121099723081	-0.193728146656371	-0.124977410587885	-0.143452655870268	-0.172210463982053	-0.120224722165918	-0.130616970357339	-0.119156344146538	-0.178432626918656	-0.127565234560733	-0.185758642680682	-0.193603481821211	-0.174023574077534	-0.157786979490148	-0.177328406448441	-0.16452289724277	-0.19009984439073	-0.19537885286717	-0.148974865044917	-0.148023953740254	-0.119047106091398	0	-0.117215139266786	-0.141491694429337	-0.199895160147779	-0.134319300591751	-0.125502540484037	-0.160776703869478	-0.15414960310829	-0.198471993723939	-0.164948542933916	-0.166798971099443	-0.136073502366237	-0.154192569745002	-0.121196159508087	-0.168100954585091	-0.190391815539461	-0.0933162541953058	-0.102641513788066	-0.142646345589578	-0.13054578033272	-0.14645573573784	-0.170468455955096	-0.159705195011164	-0.185522873767349	-0.175116099053076	-0.147924514908606	-0.191035236709183	-0.134520854271334	-0.131394525762049	-0.195066915644397	-0.153083601129511	-0.200402514615178
700110161	-0.21364876258664	-0.128769291289191	-0.11241064998634	-0.238877766745754	-0.169339673039397	-0.105623819464162	-0.216905365470794	-0.0988425770139927	-0.186858134809493	-0.0829513704656943	-0.122621424716627	-0.139659835318539	-0.0937473643255003	-0.110831617989289	-0.0950425186632971	-0.162458902353593	-0.102546009328945	-0.127481029121376	-0.194801149558	-0.190720828761291	-0.192879860903058	-0.158843379109678	-0.179704973900495	-0.207185400135416	-0.208196750546594	-0.184183037342781	-0.131247295893297	-0.131805977139745	-0.117215139266786	0	-0.0980760769001646	-0.168645852731276	-0.131369134631273	-0.0791203954198132	-0.191830493782461	-0.170483301286106	-0.160234932971459	-0.103571941277172	-0.18102174618751	-0.139178093938535	-0.166794702984291	-0.0897680032941944	-0.163732468035966	-0.161469711079512	-0.109121745692601	-0.140527403294483	-0.150165821018135	-0.107180514337287	-0.0973395679166402	-0.119957029372081	-0.14366045535167	-0.203431224938518	-0.213593098409094	-0.152014612425985	-0.228774595323938	-0.0973746631262327	-0.149834168476949	-0.208287166806703	-0.118025170236208	-0.197474671158372
700023496	-0.201110031492542	-0.115013999525299	-0.0937065567189047	-0.239704517266633	-0.159514356254245	-0.078329510124747	-0.19952047360081	-0.109699455323534	-0.169118203783095	-0.0720249884235397	-0.0914238987812293	-0.105855530559779	-0.101566970358963	-0.105244184778394	-0.124148098134844	-0.134692388878824	-0.090576878204624	-0.0950625709358097	-0.162694518730115	-0.184897623177723	-0.167946824917467	-0.127939286074339	-0.169111115862798	-0.184482163512099	-0.191998915537385	-0.186309777526983	-0.121502670050788	-0.167609463523321	-0.141491694429337	-0.0980760769001646	0	-0.140939818272708	-0.0991048326339779	-0.066460736895365	-0.194396851881564	-0.149246154119073	-0.135413787140584	-0.101938511896689	-0.166635161117324	-0.127711184700427	-0.12520102075421	-0.0893231318704442	-0.127771802765789	-0.152285047237947	-0.094297619875422	-0.122109314775037	-0.123195487583439	-0.0900372196109159	-0.0757859127838086	-0.101877401838913	-0.10919222009254	-0.201727563783425	-0.208591322527138	-0.120051633120472	-0.217640504040715	-0.0797689084773398	-0.138387661160816	-0.199410842438966	-0.117478440773109	-0.187144405389868
700034628	-0.154358075663345	-0.158848891811623	-0.132255470770368	-0.206654453875599	-0.180842195651463	-0.15319096349301	-0.132300557275399	-0.172007498047106	-0.108499480252585	-0.160580471475211	-0.0962053066242737	-0.115093231792556	-0.170425143885224	-0.176737069919195	-0.167077056437778	-0.128697593244133	-0.175885481545466	-0.167277698924588	-0.130784448937619	-0.141911624854126	-0.114259100793973	-0.0695147135402859	-0.139492504298447	-0.162972900869564	-0.106486364041838	-0.201033012098985	-0.183651009597572	-0.199171497201952	-0.199895160147779	-0.168645852731276	-0.140939818272708	0	-0.118612066842192	-0.143359921507491	-0.193202831666152	-0.0873542002629311	-0.17884223500251	-0.172525576680508	-0.166033405193392	-0.197851260591622	-0.146729202654579	-0.139305406994396	-0.141867723754626	-0.0774108504992161	-0.149951987432788	-0.174634915678286	-0.146170617299821	-0.138272049250712	-0.152740376438594	-0.0971876111197284	-0.11236439050219	-0.155088602830648	-0.160238975984702	-0.111475265459492	-0.183559696362666	-0.137032263904571	-0.118506590142504	-0.122201913393774	-0.108173286513074	-0.0970528198771345
700023645	-0.149598460410241	-0.119229550928211	-0.106741704609945	-0.181011488643223	-0.15435918448399	-0.132080271460844	-0.150365820047964	-0.13355830820251	-0.125285964522992	-0.104064886081998	-0.0645959894061099	-0.115688746704535	-0.128511927329991	-0.120651654049	-0.146623972035701	-0.0975727170553215	-0.133542965003823	-0.117763744094741	-0.126879709733177	-0.125604495046175	-0.127103974394302	-0.077366484672399	-0.144248589717619	-0.137970152358619	-0.136137701978123	-0.153196001784558	-0.128474242418363	-0.141204127454498	-0.134319300591751	-0.131369134631273	-0.0991048326339779	-0.118612066842192	0	-0.0921855166195062	-0.157457656296556	-0.0997294221925038	-0.142709580742186	-0.141872813438995	-0.131513569853691	-0.158584215283279	-0.103123806833705	-0.107502400583476	-0.112712464708454	-0.110137029908854	-0.0976954046191291	-0.123338582979992	-0.107710644619466	-0.103594449998481	-0.105221958775367	-0.0951879968349038	-0.0747285287961301	-0.155357764463725	-0.152289595954676	-0.11466810164875	-0.171919703866733	-0.101555888639256	-0.118266616504824	-0.140746130154885	-0.0910811645076595	-0.149849733367555
700038744	-0.201315743266852	-0.114735441113065	-0.0934343214676152	-0.229109631343125	-0.160496521661794	-0.0907098887728098	-0.200121042375336	-0.0994606427831099	-0.16985201764739	-0.0668597921472637	-0.0906388526270038	-0.105014515423185	-0.0894867306173559	-0.10431240518598	-0.113804567918814	-0.138690754918778	-0.0987145942151322	-0.104714047057637	-0.17023413393785	-0.18398275347813	-0.176193223252711	-0.120840722153779	-0.169677630517011	-0.185521843209207	-0.193980890778514	-0.180036135461895	-0.111683311076684	-0.142436120642624	-0.125502540484037	-0.0791203954198132	-0.066460736895365	-0.143359921507491	-0.0921855166195062	0	-0.18815429407081	-0.146968596151931	-0.139742132234971	-0.10197499696324	-0.160949625027693	-0.132719873676154	-0.138526470365517	-0.0743235591637024	-0.139187153964447	-0.151900751124831	-0.0811210708445174	-0.129587155506132	-0.134258179352776	-0.0869983799733787	-0.0830507849714405	-0.0978388775476502	-0.111048662464039	-0.198074059564713	-0.20596197881535	-0.128585226574986	-0.216939840613473	-0.0832346478997145	-0.147641592979154	-0.199386873118717	-0.107224055851969	-0.188861596837698
