700108602	700014971	700033565	700109389	700023058	700023927	700106341	700114221	700023543	700023439	700016978	700024192	700113058	700099448	700109870	700033928	700023693	700109627	700095416	700110425	700111580	700111302	700098605	700111991	700108960	700024452	700032931	700095837	700024548	700110161	700023496	700034628	700023645	700038744	700038485	700024743	700099596	700110760	700101587	700106399	700032322	700095653	700021312	700101230	700023590	700038905	700033136	700023382	700096424	700105469	700016908	700096053	700108479	700109569	700033814	700016125	700109756	700102665	700101777	700109455
700108602	0	0.255846553276161	0.337879870767783	0.215179617067769	0.222244459082457	0.305738627056447	0.0951658839551295	0.327749209628527	0.127197366123175	0.29236347718062	0.241891850427085	0.353687035976849	0.333850740614101	0.236409385775401	0.338532112350506	0.213119496921466	0.320437542952517	0.289446456655828	0.14126832906569	0.109221301506818	0.165913712522369	0.248196341765197	0.116519635758626	0.0822431133039661	0.156582226208647	0.234664884108445	0.230555077537115	0.358788816879699	0.310676691341365	0.32995249263802	0.279349854619677	0.253766401700197	0.228359185429984	0.283315783942093	0.183040240676106	0.15254186830893	0.221512956112618	0.309436271410765	0.106601285415393	0.361649703966867	0.141598913118806	0.343556230624265	0.206637685455538	0.201058855847366	0.293679947010077	0.222052793412835	0.202110418156871	0.309569902468494	0.254376926793749	0.313807487474467	0.298316551711797	0.0983586935929355	0.128274146220969	0.159289361353365	0.110397641988493	0.312773844819606	0.17068794959694	0.11357660704818	0.304422603127957	0.137343604940665
700014971	0.255846553276161	0	0.281527378804465	0.349274364729704	0.145013268269191	0.215741650506336	0.254382923979804	0.191167604744569	0.18936273973856	0.185040359964716	0.172571687605758	0.308513705662829	0.196899396222822	0.157181546835047	0.248421721654214	0.241400266718107	0.164699479965278	0.254500894337814	0.220251350793726	0.241642741979289	0.259081603889952	0.238114653802986	0.199615427830201	0.230787879919307	0.312754698743737	0.180542249541731	0.137002631523681	0.221450077103823	0.155720515935576	0.188765523924402	0.171456380176529	0.263974130013343	0.170751297463707	0.161152403919575	0.191096336294841	0.173010619244012	0.208635947185826	0.233237009947948	0.194130052480683	0.233749902242313	0.190409433171547	0.197789803888605	0.149877779393522	0.220917923047202	0.162779503358584	0.176732443781187	0.157920162106131	0.201786333369325	0.195564541826032	0.278525673790668	0.309859128338606	0.233238626372398	0.268901112018522	0.194550810232654	0.297073310931283	0.17554331897652	0.233563115104019	0.243118089222566	0.25902089945279	0.252722532290205
700033565	0.337879870767783	0.281527378804465	0	0.439915689965462	0.322002071443434	0.116633112204452	0.333360342758631	0.182774799279902	0.28937546430122	0.143872650120198	0.172503720963191	0.0685710586858034	0.170334129139258	0.205123279879106	0.177347114006348	0.151031986585444	0.191346508637762	0.1343201079186	0.236122051256695	0.316091068258183	0.242286291966885	0.117823697835048	0.328209619378428	0.292228608837453	0.296465927440489	0.340288787757892	0.222462265151181	0.375643060792587	0.29510691371468	0.21380835215461	0.172991796610917	0.157153080417347	0.183837084829517	0.160612071863175	0.361793991072323	0.247661565760204	0.239492581549811	0.147558636780831	0.31937586009403	0.226736964331065	0.246293026526209	0.144429138281903	0.236647196094426	0.230297958831944	0.196389993201037	0.224155459377417	0.222952506880825	0.1543004207027	0.139401286020086	0.060449500409654	0.127003523313857	0.326821037660205	0.373498745725648	0.226403000615485	0.399803133924667	0.153170448400326	0.234014295467192	0.284227997216858	0.0731331778250601	0.269729955798972
700109389	0.215179617067769	0.349274364729704	0.439915689965462	0	0.326573673283303	0.420006817111361	0.17542002769605	0.412109523767045	0.282526145888507	0.399180979268348	0.358605007755958	0.45057896590664	0.415129943519291	0.362785205087369	0.428456971806777	0.344479937513454	0.408776162779488	0.422688637416234	0.320821281620009	0.193991013270069	0.295161691827207	0.380288083736458	0.215731600674986	0.25152137624765	0.266711210405743	0.300887198630208	0.359827642150258	0.431304878791755	0.360369258401852	0.415053683516703	0.391931990175544	0.388944955449576	0.332358290891433	0.385821370094552	0.266244103028107	0.279477323569406	0.365589992587813	0.427459543484335	0.244955000800526	0.415031513964392	0.268703009669818	0.420531563644905	0.337023103982163	0.33025203976905	0.381662697144395	0.332108968779298	0.344450669178061	0.402600871143443	0.386788108358238	0.422670430861902	0.410559708268	0.202032083867579	0.128925528848093	0.309410439635366	0.206073923021068	0.402538630328144	0.269973423606909	0.240626512560405	0.406066074824727	0.277301751832308
700023058	0.222244459082457	0.145013268269191	0.322002071443434	0.326573673283303	0	0.247379267760844	0.231556668263793	0.256697328709023	0.176214709191627	0.24110830833754	0.203501548351394	0.339072648452204	0.265543903979454	0.181709769311618	0.295104996022501	0.233414307712839	0.233276990123045	0.256600664530054	0.204349696153591	0.231510500714268	0.254944616157457	0.25777592263962	0.204556546935902	0.202833970143367	0.306195529461708	0.138278462325874	0.169996448122695	0.278640800745869	0.21272574678152	0.241928839841471	0.208602114033486	0.290336015816895	0.189181955256587	0.20964910045432	0.15909285098448	0.204495067126644	0.165885184142688	0.219275291289995	0.165531321251306	0.29843488934549	0.18596814339334	0.254183584392508	0.146908353590565	0.241339969260413	0.216365664727232	0.206628298024709	0.176311376522155	0.25016937612817	0.229676290511685	0.319463892925718	0.324141563300392	0.208826887989985	0.242944520994578	0.195502744481023	0.264610997179745	0.246008221555689	0.249880174511176	0.228208498648055	0.293362298821796	0.247189684080147
700023927	0.305738627056447	0.215741650506336	0.116633112204452	0.420006817111361	0.247379267760844	0	0.319415224370244	0.134479400023913	0.251434042997972	0.0740292987159546	0.140748108504831	0.152821105583842	0.132910113829283	0.121926968054337	0.161453111731921	0.160205863332511	0.132917353649743	0.0984128424870076	0.21987267058026	0.28671962107216	0.22688418320958	0.161372776142372	0.28115239048829	0.256657429676616	0.2982199332051	0.286708841263439	0.152007781471103	0.338476115372268	0.240050155416585	0.162973962558349	0.0865076232594866	0.18636536158364	0.149495889739796	0.0924169433718184	0.312298798357838	0.210040699176907	0.181497007467115	0.0763336862535495	0.279925949969943	0.179805201058487	0.210385138708269	0.106262628749253	0.172518358457394	0.20089465953248	0.142088718493808	0.173210188415258	0.16202275635357	0.112718740000713	0.0766334252784331	0.145535719485222	0.208164604545363	0.295730779025757	0.34913521157633	0.195149131092701	0.364722645207793	0.117024883738275	0.20687710571359	0.256950833432439	0.130383228358042	0.255415408587653
700106341	0.0951658839551295	0.254382923979804	0.333360342758631	0.17542002769605	0.231556668263793	0.319415224370244	0	0.311146834624649	0.137906417708727	0.295302766508543	0.244253295223684	0.342088558502756	0.316083477638638	0.257071764013344	0.330107019167383	0.223286721020697	0.309990996728519	0.321730215444021	0.174413334991924	0.0839870532569824	0.164056724245671	0.25168032224578	0.123966615489533	0.126672204673369	0.137999114463108	0.253734998567834	0.272197098992456	0.373916747869253	0.303816959735922	0.325558038551212	0.282764235388547	0.238982505533305	0.22359390649661	0.282666759626199	0.210351894029926	0.149871725105641	0.261315386940106	0.323436626129419	0.143174324185685	0.355856889662792	0.160729275675559	0.319097619851583	0.214183669435792	0.196779243370736	0.273067138795918	0.245521827347648	0.224939812298362	0.296747796829531	0.280517608348671	0.31089370984628	0.311158041813018	0.0793222805747674	0.101695699797811	0.172933334725205	0.162988529924774	0.300052818006713	0.160959475957893	0.105603640857642	0.303053865956559	0.129861692976551
700114221	0.327749209628527	0.191167604744569	0.182774799279902	0.412109523767045	0.256697328709023	0.134479400023913	0.311146834624649	0	0.26425716396527	0.102898364141137	0.185504514467527	0.2113415189734	0.0723533041716053	0.149445300243545	0.108669798099559	0.234195703174608	0.0669478432745823	0.22100472916945	0.263367495529731	0.286475446667455	0.267668611480073	0.226085371251455	0.300933191622288	0.286596028863036	0.347989720385056	0.29156909237338	0.164479554873014	0.29404848785319	0.187815865961078	0.12774969919331	0.146127521094262	0.245889022401885	0.183889144278206	0.137814906158925	0.317146764070154	0.224975785190101	0.240297252084497	0.13021212525425	0.282388334866315	0.12523248955834	0.235498123059987	0.0950840511629542	0.200649232466315	0.253058382524789	0.119868391784611	0.172879140173155	0.180805598712817	0.0697533374929658	0.167500359022719	0.207622951421739	0.279354542245255	0.300597517460973	0.33878570437298	0.229977434711631	0.393434593374272	0.0847270279480221	0.216873124258147	0.305009886117115	0.189341487808565	0.290548608918202
700023543	0.127197366123175	0.18936273973856	0.28937546430122	0.282526145888507	0.176214709191627	0.251434042997972	0.137906417708727	0.26425716396527	0	0.227067851558545	0.182042524794013	0.309800832355302	0.270255659419107	0.198576153693598	0.287302223039802	0.168119906034271	0.255798328952052	0.257792690420311	0.116150644654529	0.146566656486275	0.167297764501304	0.200382914599849	0.157655032073097	0.0952716709232842	0.17581002065687	0.208645938991796	0.189013803764935	0.32342059306308	0.281482057206534	0.26682401523696	0.211345233652773	0.190442109048362	0.179866864880685	0.218757197340912	0.175050009371397	0.120156025976321	0.181195651756874	0.264662825004194	0.0855610732280859	0.310172180025874	0.122016250687624	0.279987623465709	0.147282564332583	0.11773033273719	0.234427117414203	0.198012405509372	0.143288547327332	0.244389706554407	0.218307387875631	0.270182702060221	0.27073099489599	0.110947628014988	0.169128139344907	0.123705998029379	0.182491702779247	0.247011370759523	0.174900746755397	0.114500367841157	0.262604340985989	0.127484583723677
700023439	0.29236347718062	0.185040359964716	0.143872650120198	0.399180979268348	0.24110830833754	0.0740292987159546	0.295302766508543	0.102898364141137	0.227067851558545	0	0.142551227847704	0.177017166844575	0.103428971845256	0.116410572559189	0.142619268779099	0.171401213177001	0.0955375066158867	0.14063293616801	0.206766554504948	0.2642127745748	0.208243522519209	0.174077629369927	0.265177841438223	0.234205157091294	0.291533916127879	0.274006075820943	0.144272384936606	0.30664956532044	0.205616568017818	0.149774715449284	0.0846135428650494	0.201943954920105	0.141842225497493	0.101109508505034	0.298067316730295	0.178515506774329	0.182409055667249	0.0955468861064171	0.257953089936242	0.144091578695678	0.17531851921502	0.108842377861561	0.162866406938838	0.203219540624816	0.106789833932855	0.13960819157019	0.135839429791732	0.0856144672024131	0.0853772891334076	0.171827815940137	0.225258111682078	0.269877923447711	0.326610919216114	0.165536042136031	0.353025040020071	0.100060862038311	0.177088973557453	0.242824131939468	0.146391882683223	0.238895972677699
700016978	0.241891850427085	0.172571687605758	0.172503720963191	0.358605007755958	0.203501548351394	0.140748108504831	0.244253295223684	0.185504514467527	0.182042524794013	0.142551227847704	0	0.188574920113453	0.170245412760509	0.161286437191157	0.234166717687816	0.104768188556956	0.176587316272253	0.13800347492953	0.166554260846144	0.200283296521117	0.17728079915861	0.110169200930391	0.242750490884934	0.181615288626152	0.224703086614025	0.260536662621359	0.151623064891804	0.286363754398022	0.232341526408562	0.19091503231943	0.0997960056306884	0.146302284643249	0.057806190673701	0.102081308130787	0.247411710782695	0.144300783806702	0.168349630522235	0.178823110454434	0.206350234517748	0.248488859470629	0.163072746250614	0.14231524021676	0.116986594697087	0.124194205396215	0.120640407438395	0.194691739245555	0.131855765331043	0.153715829643268	0.14336290308738	0.165556741122822	0.174382766947526	0.217799521816846	0.272282270540262	0.15587739569125	0.313328630608808	0.137564693178134	0.18702486441205	0.186823562737792	0.158852975226765	0.19806820924434
700024192	0.353687035976849	0.308513705662829	0.0685710586858034	0.45057896590664	0.339072648452204	0.152821105583842	0.342088558502756	0.2113415189734	0.309800832355302	0.177017166844575	0.188574920113453	0	0.208117850655358	0.245266781494792	0.206967770077216	0.166582818060428	0.225700221402585	0.155213761560344	0.255292055728681	0.325786311990318	0.246911192641643	0.136177775567596	0.347862714413043	0.311546520070972	0.309816418955001	0.368118008724378	0.262944025144022	0.390707998934278	0.321297406086281	0.262246763347277	0.188656387440658	0.171591719366306	0.195365336185709	0.183766032257877	0.386544834517984	0.264808686267636	0.26621119553147	0.186494264985631	0.343712463538022	0.253784466753679	0.271901302265517	0.173038486644874	0.257380199119874	0.240077644068624	0.198394670537881	0.246649162772481	0.234931040194507	0.183234415326378	0.183626484144333	0.0911098347014448	0.109721720352503	0.342532384080893	0.385996894511326	0.245102010105477	0.422558203262829	0.193127643232434	0.239407551214115	0.298983230613341	0.114749270222724	0.286789182060844
700113058	0.333850740614101	0.196899396222822	0.170334129139258	0.415129943519291	0.265543903979454	0.132910113829283	0.316083477638638	0.0723533041716053	0.270255659419107	0.103428971845256	0.170245412760509	0.208117850655358	0	0.160925631408187	0.13256791941605	0.221272914121168	0.109607474257453	0.195716622064599	0.257672451336415	0.285759820476297	0.276180765355972	0.215178478646459	0.309001822827046	0.276757947815513	0.332954771644273	0.297987061052545	0.173547113487374	0.288183114683856	0.206370461266065	0.111785898724743	0.148293177957743	0.238141209530656	0.169421829424486	0.125562392879636	0.322669075979395	0.214667322006955	0.23236126374691	0.135423401633998	0.29085433386313	0.161687581254251	0.225423457636055	0.0917703560183161	0.204909026598501	0.239879144348444	0.12606058143902	0.207720694384224	0.205823879687446	0.0954733725479132	0.143819252451069	0.195400239849779	0.262135351489236	0.293626164446538	0.344568793275501	0.235136230991769	0.398306601988921	0.0703330511013821	0.22776498630472	0.28994833837355	0.179657029908132	0.280701629623242
700099448	0.236409385775401	0.157181546835047	0.205123279879106	0.362785205087369	0.181709769311618	0.121926968054337	0.257071764013344	0.149445300243545	0.198576153693598	0.116410572559189	0.161286437191157	0.245266781494792	0.160925631408187	0	0.176271654974438	0.189120467839984	0.130175415213467	0.169920631501382	0.168760031395672	0.232495495121488	0.213125376254686	0.202541995252997	0.213850353185766	0.196137757174257	0.284813963902548	0.198837341319926	0.097925399970903	0.299768461133387	0.180658562272345	0.153243823904056	0.120893161716067	0.231762554125543	0.144799691605706	0.121528758396208	0.230064106205594	0.168527239008522	0.140137636718015	0.121495999736872	0.213222881476246	0.200210078510744	0.160942322828382	0.166296140786794	0.130891345426824	0.218122364984942	0.139142812972265	0.131823710958589	0.123295634213711	0.141148437980585	0.105183352436384	0.215911916604508	0.2481340450616	0.235944687202915	0.289265871126464	0.157992983319779	0.286394160788175	0.146899515174748	0.16762662092983	0.224224332504111	0.181245181061172	0.232212326027983
700109870	0.338532112350506	0.248421721654214	0.177347114006348	0.428456971806777	0.295104996022501	0.161453111731921	0.330107019167383	0.108669798099559	0.287302223039802	0.142619268779099	0.234166717687816	0.206967770077216	0.13256791941605	0.176271654974438	0	0.250580199171757	0.121502668701162	0.238788696971045	0.278439650627459	0.315808076862114	0.26797095724722	0.245217232660722	0.31284653362576	0.310394830365986	0.359651305658518	0.323612775171962	0.21107812497304	0.349875846256639	0.222463080274759	0.162647176068028	0.195917841318617	0.265545952053177	0.23225186045429	0.196657653604236	0.356122162221991	0.254973138061947	0.263466880811357	0.146408549936468	0.311751523546666	0.1492238794191	0.26610761593113	0.157816930970359	0.24961971970957	0.28187483770184	0.169660587713463	0.182619054214939	0.209757177345219	0.111413741089711	0.186464197163407	0.206125091874096	0.279359484669862	0.328807205596847	0.362085657546989	0.246084184712055	0.401102269615975	0.151509956641105	0.230989843845296	0.318229276981385	0.19248277056101	0.308591025772945
700033928	0.213119496921466	0.241400266718107	0.151031986585444	0.344479937513454	0.233414307712839	0.160205863332511	0.223286721020697	0.234195703174608	0.168119906034271	0.171401213177001	0.104768188556956	0.166582818060428	0.221272914121168	0.189120467839984	0.250580199171757	0	0.22969273702371	0.136783298389065	0.13546867997977	0.218722007922152	0.143515765049857	0.0764319911789509	0.243780278774374	0.164447728263837	0.204551320218564	0.256732987092718	0.202356681272805	0.349551813580733	0.279960755078379	0.242771121520399	0.1472294273497	0.114815697213089	0.108819040072672	0.150760307449276	0.262758149364609	0.185088893518522	0.174940105268646	0.195157177330795	0.203873077021192	0.279186301743841	0.142659517082258	0.188778909555221	0.155450682126271	0.155124327201576	0.166305297193259	0.184964781885284	0.146306943333268	0.198130290553643	0.147387844399944	0.135870767683698	0.133609471849339	0.202842660828465	0.266315837326007	0.140582243950121	0.298133174905808	0.187583628601532	0.170769591269912	0.158314050414847	0.129674154103838	0.162337609864373
700023693	0.320437542952517	0.164699479965278	0.191346508637762	0.408776162779488	0.233276990123045	0.132917353649743	0.309990996728519	0.0669478432745823	0.255798328952052	0.0955375066158867	0.176587316272253	0.225700221402585	0.109607474257453	0.130175415213467	0.121502668701162	0.22969273702371	0	0.207504695857541	0.253661330124626	0.283362243338826	0.245687594938909	0.231942552807611	0.285675264904684	0.281317421000454	0.346256622538273	0.268862366227293	0.149472007407616	0.282594217055676	0.150005630972122	0.131995683797288	0.12846493926829	0.255234504757066	0.175813311465655	0.131455513925543	0.29413094224586	0.214635018620382	0.226139664015461	0.145968377738414	0.270241328515302	0.124194398621898	0.223425173080735	0.10687986922718	0.183160573653737	0.250246495729593	0.0965466510936756	0.140827024283923	0.161928143222601	0.0771631302814139	0.153976202397041	0.225541919916159	0.286717770124622	0.297134672315998	0.333369859186136	0.217950721141268	0.380117892784647	0.101119104645705	0.207353968186834	0.297897366877016	0.203657094613493	0.286407528504415
700109627	0.289446456655828	0.254500894337814	0.1343201079186	0.422688637416234	0.256600664530054	0.0984128424870076	0.321730215444021	0.22100472916945	0.257792690420311	0.14063293616801	0.13800347492953	0.155213761560344	0.195716622064599	0.169920631501382	0.238788696971045	0.136783298389065	0.207504695857541	0	0.218084346641239	0.284977818956384	0.248395745133592	0.142386414941865	0.293367030008292	0.243093382077091	0.291773930009842	0.310218030102486	0.182722518463834	0.347448860709394	0.314144603472931	0.212058860767853	0.121392859383159	0.181495337351902	0.162081884823226	0.129491914521605	0.306531959086825	0.230940201657116	0.163567052980302	0.134695877367534	0.281012001808213	0.254790532074192	0.219061323113981	0.181212087549405	0.192004817534552	0.199168317073472	0.197852087383294	0.223675851184864	0.195387808369608	0.195016465514812	0.111952167434225	0.151646440528261	0.173482792740831	0.29830115995286	0.350564326550204	0.215621275687688	0.341050021975643	0.178724653816255	0.241717680981497	0.255673466124507	0.149728263442373	0.266928590255058
700095416	0.14126832906569	0.220251350793726	0.236122051256695	0.320821281620009	0.204349696153591	0.21987267058026	0.174413334991924	0.263367495529731	0.116150644654529	0.206766554504948	0.166554260846144	0.255292055728681	0.257672451336415	0.168760031395672	0.278439650627459	0.13546867997977	0.253661330124626	0.218084346641239	0	0.173689635090676	0.125630621496784	0.1511068918297	0.184108811167628	0.106393348957331	0.170732539666108	0.220494321126928	0.181917162742577	0.343640535300621	0.273337514776462	0.267587922640356	0.188925046755167	0.155554383835161	0.150736294239116	0.197830532640416	0.191638407491156	0.144748943766268	0.16160385725379	0.225434103673735	0.143126869902243	0.306309261141632	0.121237580059517	0.258235444174927	0.134536282038736	0.151873622233849	0.208478113960438	0.178114714817534	0.128049895080018	0.232323039869779	0.171617964254487	0.222941340313135	0.212352338461285	0.16125219674317	0.22542199170606	0.083247615402502	0.215269377530879	0.228010508300969	0.148130775245457	0.133276435307381	0.212511415392625	0.134556854444326
700110425	0.109221301506818	0.241642741979289	0.316091068258183	0.193991013270069	0.231510500714268	0.28671962107216	0.0839870532569824	0.286475446667455	0.146566656486275	0.2642127745748	0.200283296521117	0.325786311990318	0.285759820476297	0.232495495121488	0.315808076862114	0.218722007922152	0.283362243338826	0.284977818956384	0.173689635090676	0	0.167859144682958	0.237672637110451	0.11843542667872	0.12455607087121	0.133605650061295	0.272618237777815	0.232184603776557	0.341720034514903	0.286525592133058	0.291992037141464	0.247116442795545	0.245775703821123	0.188972791670556	0.253371784955532	0.219352545676256	0.118175765266543	0.227452198353985	0.301390917268232	0.143199020553649	0.334455115695558	0.158866408877689	0.294821501727389	0.180452012422633	0.157413856748604	0.246583229332072	0.228451861684758	0.18768766352314	0.261530120065897	0.250072879444786	0.292390987143497	0.293135544141331	0.0908204476839146	0.0900991284621241	0.163597881565862	0.169703849011181	0.268735145551093	0.134817415773349	0.123045922472963	0.284630522118151	0.142009036150823
700111580	0.165913712522369	0.259081603889952	0.242286291966885	0.295161691827207	0.254944616157457	0.22688418320958	0.164056724245671	0.267668611480073	0.167297764501304	0.208243522519209	0.17728079915861	0.246911192641643	0.276180765355972	0.213125376254686	0.26797095724722	0.143515765049857	0.245687594938909	0.248395745133592	0.125630621496784	0.167859144682958	0	0.150513540166114	0.194976926249679	0.136881701134056	0.130967315890284	0.288813129390298	0.249806616626491	0.392085177421143	0.252807705509275	0.300289281670831	0.18996315330352	0.160082801847121	0.151947489034475	0.215029619324688	0.262273412511163	0.147573566749056	0.228684691398401	0.244134257657403	0.186532657609615	0.297254683610243	0.13266457772593	0.248285403177919	0.179236426858128	0.152281809120482	0.179835338530289	0.171902822134364	0.144505178227687	0.216002503114637	0.193652518820645	0.217973527385872	0.219462613986667	0.150650771008762	0.223037955020394	0.104800452000269	0.242102990689287	0.247917511670856	0.0954810377146275	0.103437087150303	0.198018459396789	0.111597099133333
700111302	0.248196341765197	0.238114653802986	0.117823697835048	0.380288083736458	0.25777592263962	0.161372776142372	0.25168032224578	0.226085371251455	0.200382914599849	0.174077629369927	0.110169200930391	0.136177775567596	0.215178478646459	0.202541995252997	0.245217232660722	0.0764319911789509	0.231942552807611	0.142386414941865	0.1511068918297	0.237672637110451	0.150513540166114	0	0.264539956358515	0.206369734084793	0.200322644293167	0.291561948706674	0.21744875745831	0.366069782594234	0.29540285167073	0.25037419414256	0.158761053503071	0.0722738939798354	0.124211441054532	0.151703278144809	0.291631952738293	0.1889279728321	0.200083634501433	0.195415334913906	0.239808870333153	0.274448455470432	0.187035638396625	0.179795797870285	0.178984835777819	0.160139652098621	0.173117874434352	0.205097336567473	0.158287188534666	0.185316420949674	0.149679555890101	0.0895314663482436	0.109974387504875	0.238846409180591	0.294069997154267	0.14713874217953	0.326701183123981	0.180018269800036	0.177564687396848	0.194555271812765	0.0896527318285839	0.187513140306893
700098605	0.116519635758626	0.199615427830201	0.328209619378428	0.215731600674986	0.204556546935902	0.28115239048829	0.123966615489533	0.300933191622288	0.157655032073097	0.265177841438223	0.242750490884934	0.347862714413043	0.309001822827046	0.213850353185766	0.31284653362576	0.243780278774374	0.285675264904684	0.293367030008292	0.184108811167628	0.11843542667872	0.194976926249679	0.264539956358515	0	0.149519146764539	0.197178926289322	0.2360671993749	0.211258989481425	0.335496062429266	0.270906835095968	0.306190846556579	0.250305599876497	0.268050317798048	0.223066465979379	0.256291542428109	0.195676611284483	0.150120091843052	0.230474797320277	0.285611787447814	0.136487736218238	0.314631197516362	0.163899137619896	0.31933327770213	0.197083023024213	0.208134934821406	0.274300200575334	0.203463811786257	0.195539837103702	0.28604234640162	0.247427646286051	0.32014708099694	0.325144648819987	0.147808248433188	0.128379835055395	0.166702700850092	0.144244796114786	0.291798525336336	0.189663088769805	0.157034335648038	0.300695566568905	0.148697806303139
700111991	0.0822431133039661	0.230787879919307	0.292228608837453	0.25152137624765	0.202833970143367	0.256657429676616	0.126672204673369	0.286596028863036	0.0952716709232842	0.234205157091294	0.181615288626152	0.311546520070972	0.276757947815513	0.196137757174257	0.310394830365986	0.164447728263837	0.281317421000454	0.243093382077091	0.106393348957331	0.12455607087121	0.136881701134056	0.206369734084793	0.149519146764539	0	0.163226818739951	0.218041564588112	0.200485289186661	0.333360559846366	0.284224182421649	0.282033715711738	0.220135897843662	0.215659944080936	0.172423712720807	0.224257023722536	0.164253914497853	0.118766376456336	0.175321677474882	0.264754338710258	0.0935364639146219	0.33197977064288	0.0888822452679065	0.287436066795256	0.150456939201652	0.152535087963635	0.23749807129912	0.195346990441547	0.155798022355995	0.256632880563431	0.211608769281104	0.273619079030972	0.25720820085892	0.0918879579083653	0.164555114384528	0.113825046278332	0.16266578292392	0.256080655358835	0.156316007992378	0.0873006897091211	0.261924612485273	0.127354681932445
700108960	0.156582226208647	0.312754698743737	0.296465927440489	0.266711210405743	0.306195529461708	0.2982199332051	0.137999114463108	0.347989720385056	0.17581002065687	0.291533916127879	0.224703086614025	0.309816418955001	0.332954771644273	0.284813963902548	0.359651305658518	0.204551320218564	0.346256622538273	0.291773930009842	0.170732539666108	0.133605650061295	0.130967315890284	0.200322644293167	0.197178926289322	0.163226818739951	0	0.340005456487308	0.300337848723994	0.419582637970275	0.347495788499806	0.347017757982748	0.268802737457457	0.172266504504917	0.213879485607264	0.277090651386083	0.290124038308593	0.159984036143476	0.268164394403929	0.311326476601785	0.194389134384572	0.389284936079478	0.195950346798564	0.317549225574851	0.232564703111324	0.151045235379252	0.276965321499773	0.279313755643046	0.238193826825736	0.308446478788566	0.250736324641913	0.256205583804184	0.252032932407588	0.153060626163524	0.165472506384892	0.163025497710203	0.186028093527019	0.305004304539927	0.170147633439205	0.122618733250251	0.257048274705686	0.111805304049544
700024452	0.234664884108445	0.180542249541731	0.340288787757892	0.300887198630208	0.138278462325874	0.286708841263439	0.253734998567834	0.29156909237338	0.208645938991796	0.274006075820943	0.260536662621359	0.368118008724378	0.297987061052545	0.198837341319926	0.323612775171962	0.256732987092718	0.268862366227293	0.310218030102486	0.220494321126928	0.272618237777815	0.288813129390298	0.291561948706674	0.2360671993749	0.218041564588112	0.340005456487308	0	0.19128167556798	0.287329066414493	0.207109487826216	0.264557247865185	0.267028986934145	0.321746400607691	0.233940726256521	0.258395716886594	0.0927598663876781	0.244400429828584	0.226536730620138	0.274064195691306	0.189171733580218	0.310586046675211	0.204239498598521	0.291572599327061	0.209825662863472	0.285791858356874	0.255804622523395	0.207640342865609	0.206207587453235	0.287444226986932	0.254868316394594	0.332303533695409	0.342001341553303	0.224629572537613	0.256493328584187	0.237569571674807	0.238857271649352	0.277466753873086	0.258067211560112	0.252878876896647	0.3069379093514	0.285181095856001
700032931	0.230555077537115	0.137002631523681	0.222462265151181	0.359827642150258	0.169996448122695	0.152007781471103	0.272197098992456	0.164479554873014	0.189013803764935	0.144272384936606	0.151623064891804	0.262944025144022	0.173547113487374	0.097925399970903	0.21107812497304	0.202356681272805	0.149472007407616	0.182722518463834	0.181917162742577	0.232184603776557	0.249806616626491	0.21744875745831	0.211258989481425	0.200485289186661	0.300337848723994	0.19128167556798	0	0.259239207549992	0.192488145517484	0.170823723236059	0.131218341672702	0.24945278607275	0.155236580204546	0.140131561847632	0.208754687293175	0.172355251320461	0.143846035900754	0.163785665818163	0.19137154889775	0.203543780459008	0.175368581534821	0.191747251554842	0.125821307802631	0.212928021165793	0.163997728446662	0.144998191813113	0.132060168083888	0.157777195051842	0.130657249969212	0.220052340313106	0.264321151894163	0.24093438158914	0.276763044377872	0.187709392601351	0.280557441483277	0.150600524107444	0.211191034463919	0.242913624063941	0.210790900617813	0.25173484430481
700095837	0.358788816879699	0.221450077103823	0.375643060792587	0.431304878791755	0.278640800745869	0.338476115372268	0.373916747869253	0.29404848785319	0.32342059306308	0.30664956532044	0.286363754398022	0.390707998934278	0.288183114683856	0.299768461133387	0.349875846256639	0.349551813580733	0.282594217055676	0.347448860709394	0.343640535300621	0.341720034514903	0.392085177421143	0.366069782594234	0.335496062429266	0.333360559846366	0.419582637970275	0.287329066414493	0.259239207549992	0	0.220605482753109	0.232918567566753	0.301520730589703	0.392259724281661	0.290295543132395	0.270697077839761	0.281230144785358	0.311069235609002	0.31372426162512	0.344833942182597	0.309729183339347	0.34222215378465	0.317399564163282	0.283179406235633	0.291173102083126	0.333146783900215	0.27638660688007	0.31006054567517	0.304637879913791	0.310409970344951	0.323170663915021	0.377804478928415	0.395715308535669	0.345157021434875	0.36641237642615	0.34238405267076	0.400856260310602	0.283918117151491	0.356485688236992	0.36897348594259	0.370187768916874	0.381233510283556
700024548	0.310676691341365	0.155720515935576	0.29510691371468	0.360369258401852	0.21272574678152	0.240050155416585	0.303816959735922	0.187815865961078	0.281482057206534	0.205616568017818	0.232341526408562	0.321297406086281	0.206370461266065	0.180658562272345	0.222463080274759	0.279960755078379	0.150005630972122	0.314144603472931	0.273337514776462	0.286525592133058	0.252807705509275	0.29540285167073	0.270906835095968	0.284224182421649	0.347495788499806	0.207109487826216	0.192488145517484	0.220605482753109	0	0.168117466895287	0.224116758310735	0.325499577971328	0.203760799223037	0.213719153686749	0.226937391924894	0.220191948130721	0.287768161801698	0.249111876231811	0.263999266381735	0.202249518518878	0.232299265165013	0.186652859962275	0.215309950002371	0.294071053205541	0.15065864536616	0.138906201960908	0.20165840879439	0.187470576119357	0.235603925267233	0.311896116770518	0.342566239003865	0.285630043548127	0.305297883026506	0.235925332215635	0.335834746891737	0.211292660586218	0.220144092160407	0.29555145234877	0.274041439479573	0.302585219659866
700110161	0.32995249263802	0.188765523924402	0.21380835215461	0.415053683516703	0.241928839841471	0.162973962558349	0.325558038551212	0.12774969919331	0.26682401523696	0.149774715449284	0.19091503231943	0.262246763347277	0.111785898724743	0.153243823904056	0.162647176068028	0.242771121520399	0.131995683797288	0.212058860767853	0.267587922640356	0.291992037141464	0.300289281670831	0.25037419414256	0.306190846556579	0.282033715711738	0.347017757982748	0.264557247865185	0.170823723236059	0.232918567566753	0.168117466895287	0	0.167324916193313	0.274231386756318	0.197872615457652	0.138451121577464	0.283836173076178	0.226942454669569	0.222555014949379	0.158642137562374	0.284167558609687	0.219530515791742	0.245185222672242	0.12679489379345	0.194860006201499	0.256506272745909	0.156640863365628	0.219828793029381	0.209088667491381	0.144274790775858	0.160187959370767	0.233883242815629	0.295613865089584	0.294908529116078	0.350006115122671	0.245209645114277	0.389274372411942	0.125360126740715	0.250182172448987	0.295352490692798	0.222063771965242	0.307100274066578
700023496	0.279349854619677	0.171456380176529	0.172991796610917	0.391931990175544	0.208602114033486	0.0865076232594866	0.282764235388547	0.146127521094262	0.211345233652773	0.0846135428650494	0.0997960056306884	0.188656387440658	0.148293177957743	0.120893161716067	0.195917841318617	0.1472294273497	0.12846493926829	0.121392859383159	0.188925046755167	0.247116442795545	0.18996315330352	0.158761053503071	0.250305599876497	0.220135897843662	0.268802737457457	0.267028986934145	0.131218341672702	0.301520730589703	0.224116758310735	0.167324916193313	0	0.190259379869389	0.102673476568435	0.0719327474446265	0.27155162922629	0.178138650157209	0.15649410108773	0.122406659840978	0.23739740986237	0.198788349652251	0.166117768377478	0.127679980531133	0.120207460896417	0.177725670929334	0.100323934417095	0.161404438035125	0.11798649378682	0.116602951472016	0.0920729781097586	0.185681652548344	0.211211278352049	0.256469459274313	0.315732207182441	0.15766237625348	0.343413882900597	0.120215977692472	0.18369425879086	0.224462919994894	0.169126251651188	0.223760971820868
700034628	0.253766401700197	0.263974130013343	0.157153080417347	0.388944955449576	0.290336015816895	0.18636536158364	0.238982505533305	0.245889022401885	0.190442109048362	0.201943954920105	0.146302284643249	0.171591719366306	0.238141209530656	0.231762554125543	0.265545952053177	0.114815697213089	0.255234504757066	0.181495337351902	0.155554383835161	0.245775703821123	0.160082801847121	0.0722738939798354	0.268050317798048	0.215659944080936	0.172266504504917	0.321746400607691	0.24945278607275	0.392259724281661	0.325499577971328	0.274231386756318	0.190259379869389	0	0.160339574013642	0.183807763810003	0.30763668324998	0.178527745982299	0.233819129034704	0.218942376987521	0.240753890315096	0.291059567693599	0.212266444454979	0.201906384233212	0.200511947307669	0.132758647839524	0.205239349162537	0.234934879039756	0.187504580211737	0.206973774753043	0.186210462317809	0.126442532124418	0.153201746725983	0.240083626588708	0.295011773025279	0.165916777552292	0.319905176615958	0.204085982274179	0.190366420749988	0.189808157067679	0.136856010621132	0.159301917208315
700023645	0.228359185429984	0.170751297463707	0.183837084829517	0.332358290891433	0.189181955256587	0.149495889739796	0.22359390649661	0.183889144278206	0.179866864880685	0.141842225497493	0.057806190673701	0.195365336185709	0.169421829424486	0.144799691605706	0.23225186045429	0.108819040072672	0.175813311465655	0.162081884823226	0.150736294239116	0.188972791670556	0.151947489034475	0.124211441054532	0.223066465979379	0.172423712720807	0.213879485607264	0.233940726256521	0.155236580204546	0.290295543132395	0.203760799223037	0.197872615457652	0.102673476568435	0.160339574013642	0	0.0953491683702329	0.233479181819163	0.12413024384124	0.178066585241077	0.180243573428992	0.190860535093738	0.245122021019562	0.134594735803103	0.136856088902855	0.106932103141857	0.135542060350979	0.10896426493554	0.168923246968472	0.125904724516565	0.148270057003269	0.141427580069552	0.177197369769804	0.180616790646638	0.197478778167805	0.252953418012706	0.136168172848637	0.299613579063944	0.133702499314632	0.156300690349598	0.166151750555785	0.161883235411202	0.183407252583237
700038744	0.283315783942093	0.161152403919575	0.160612071863175	0.385821370094552	0.20964910045432	0.0924169433718184	0.282666759626199	0.137814906158925	0.218757197340912	0.101109508505034	0.102081308130787	0.183766032257877	0.125562392879636	0.121528758396208	0.196657653604236	0.150760307449276	0.131455513925543	0.129491914521605	0.197830532640416	0.253371784955532	0.215029619324688	0.151703278144809	0.256291542428109	0.224257023722536	0.277090651386083	0.258395716886594	0.140131561847632	0.270697077839761	0.213719153686749	0.138451121577464	0.0719327474446265	0.183807763810003	0.0953491683702329	0	0.27515439992715	0.172223795671815	0.165583001711643	0.121903502989975	0.239685006883423	0.207418323398686	0.177579686910227	0.100920379382136	0.134178476448848	0.179128471996119	0.0966745378983594	0.174303730524707	0.148534039084116	0.121067332626628	0.0988960750952431	0.173319459418472	0.214536557893692	0.255982352577813	0.313351176613954	0.177426045896329	0.34620667611712	0.103371342835098	0.197930432461899	0.223455758934779	0.158626806277763	0.235836031752311
700038485	0.183040240676106	0.191096336294841	0.361793991072323	0.266244103028107	0.15909285098448	0.312298798357838	0.210351894029926	0.317146764070154	0.175050009371397	0.298067316730295	0.247411710782695	0.386544834517984	0.322669075979395	0.230064106205594	0.356122162221991	0.262758149364609	0.29413094224586	0.306531959086825	0.191638407491156	0.219352545676256	0.262273412511163	0.291631952738293	0.195676611284483	0.164253914497853	0.290124038308593	0.0927598663876781	0.208754687293175	0.281230144785358	0.226937391924894	0.283836173076178	0.27155162922629	0.30763668324998	0.233479181819163	0.27515439992715	0	0.208365948491986	0.235297835242736	0.31891318263626	0.134076907164447	0.337627647537198	0.185300493440165	0.321331419359546	0.206352920587589	0.249065863269572	0.279987863647126	0.221922318358384	0.219351601434163	0.319811337288891	0.272671922919063	0.351722474428237	0.338519910573392	0.179030108825814	0.203610537961572	0.205286806964589	0.198761315349849	0.297199585088231	0.249187359277265	0.212831710078513	0.333631202610491	0.247912824717293
700024743	0.15254186830893	0.173010619244012	0.247661565760204	0.279477323569406	0.204495067126644	0.210040699176907	0.149871725105641	0.224975785190101	0.120156025976321	0.178515506774329	0.144300783806702	0.264808686267636	0.214667322006955	0.168527239008522	0.254973138061947	0.185088893518522	0.214635018620382	0.230940201657116	0.144748943766268	0.118175765266543	0.147573566749056	0.1889279728321	0.150120091843052	0.118766376456336	0.159984036143476	0.244400429828584	0.172355251320461	0.311069235609002	0.220191948130721	0.226942454669569	0.178138650157209	0.178527745982299	0.12413024384124	0.172223795671815	0.208365948491986	0	0.192175094875539	0.222635803910939	0.132777929588638	0.272738519963347	0.127925465063225	0.222425108601799	0.135797825519854	0.105905641407561	0.176125073029082	0.178149900205895	0.147333640297121	0.187975443318249	0.182531559749242	0.241653509317989	0.256878279168793	0.124303231568857	0.178062152634472	0.110597058393837	0.209565178225721	0.196404301856725	0.133995363746829	0.112258010308554	0.226253820307506	0.116027207711278
