700108602	700014971	700033565	700109389	700023058	700023927	700106341	700114221	700023543	700023439	700016978	700024192	700113058	700099448	700109870	700033928	700023693	700109627	700095416	700110425	700111580	700111302	700098605	700111991	700108960	700024452	700032931	700095837	700024548	700110161	700023496	700034628	700023645	700038744	700038485	700024743	700099596	700110760	700101587	700106399	700032322	700095653	700021312	700101230	700023590	700038905	700033136	700023382	700096424	700105469	700016908	700096053	700108479	700109569	700033814	700016125	700109756	700102665	700101777	700109455
700108602	0	-0.164304181527214	-0.205730574941933	-0.124752765577408	-0.141977547943403	-0.206759205430462	-0.0754796002461783	-0.227862001250221	-0.0896970944343514	-0.212739758736942	-0.144377431802634	-0.217405290680308	-0.224383377956276	-0.163493880718371	-0.221436462079116	-0.120907067527464	-0.2171218188183	-0.196045250554932	-0.0881995049636384	-0.0921959915818866	-0.110248974749342	-0.143429866165446	-0.101473756119652	-0.0604644339426648	-0.0984828490111805	-0.121637231267868	-0.163609309752203	-0.173860837691277	-0.18614609869926	-0.214129434263669	-0.194842522817489	-0.151079375946041	-0.144836642923046	-0.198012459213354	-0.128476019614032	-0.130262173417323	-0.164458266316651	-0.219256356852794	-0.0824281012710537	-0.25788896669796	-0.115714903941434	-0.21056959847762	-0.147875587679871	-0.131273192968772	-0.184809172701827	-0.158625476014522	-0.114961237275499	-0.20180987290915	-0.16652783523727	-0.191038736810113	-0.149951455924877	-0.0908217123301177	-0.0904761369706634	-0.106100630729807	-0.0749085729341	-0.20141595419074	-0.131092505428674	-0.0850061308425611	-0.185218494861842	-0.100407018027547
700014971	-0.164304181527214	0	-0.162530934617462	-0.216068345124209	-0.130398292924434	-0.14135153047836	-0.176869717350094	-0.14424982501304	-0.143465373375703	-0.133602631092917	-0.114905126424395	-0.191146719094714	-0.140003136310983	-0.11485184973506	-0.161021019919408	-0.171401621044685	-0.12847842171564	-0.154425655287448	-0.159036653348684	-0.159291995186299	-0.163516512737703	-0.135660116145676	-0.137568946371109	-0.161139427601416	-0.192741298494495	-0.144433785311763	-0.103364312022099	-0.135306944579725	-0.111892283558737	-0.121558406039221	-0.119798159034403	-0.171182374966381	-0.120298953013756	-0.108968035042665	-0.14700620544957	-0.141133681463988	-0.149633518795253	-0.169058237965888	-0.148598295372006	-0.148682389180549	-0.136147818840721	-0.149242169906797	-0.123434871117445	-0.148394071412326	-0.126363771158287	-0.120178486649449	-0.106808218414472	-0.140261126555477	-0.113820318014063	-0.176180318656918	-0.156339526189189	-0.168931988116388	-0.173461222441862	-0.129454871796806	-0.176217286910332	-0.135483074781689	-0.158857615636291	-0.17801246207922	-0.152167697992556	-0.169258594154361
700033565	-0.205730574941933	-0.162530934617462	0	-0.231560351121978	-0.188150311692266	-0.0727320559707961	-0.198295861672016	-0.112376652781138	-0.178979052819294	-0.0850016865786855	-0.104321424964355	-0.06593375152106	-0.117814261201004	-0.131482454368748	-0.100880173230596	-0.125885727658603	-0.104354238588274	-0.0846166467850608	-0.166770698737957	-0.182305292743006	-0.170211695554755	-0.0921261516178599	-0.174657259389497	-0.189645997362557	-0.181980242538496	-0.199110688726183	-0.146357458168886	-0.167308137551457	-0.152937859617407	-0.114699513897049	-0.0979224947399049	-0.14033232294675	-0.127035432322627	-0.0918396845204171	-0.19991865384267	-0.133714953795916	-0.157061042640509	-0.0892682676675432	-0.188312030032269	-0.153904818919428	-0.159775616690861	-0.0731778343191911	-0.150563279395952	-0.143399546220108	-0.122101844441276	-0.117052132574945	-0.161714839331259	-0.0964256867650059	-0.119798249415132	-0.0781436471060421	-0.0879201134952147	-0.21571320602687	-0.204610692292429	-0.143302837312595	-0.225052028289017	-0.0940844258796486	-0.144601457540434	-0.193041366370227	-0.0815360892179121	-0.191015024910901
700109389	-0.124752765577408	-0.216068345124209	-0.231560351121978	0	-0.192186732047171	-0.252365299060156	-0.0994894443177811	-0.241676778846976	-0.1631510243551	-0.245643425602771	-0.196269042717071	-0.231603888124879	-0.244577450643397	-0.223733605235819	-0.230822884812216	-0.17283588644117	-0.252602355370684	-0.25063266936971	-0.174473189090677	-0.106106168455377	-0.146495242647334	-0.188516859755686	-0.143303120741394	-0.139378831955729	-0.136988534516247	-0.14371682499615	-0.23369108327283	-0.211244854586248	-0.197946349674576	-0.23903349032128	-0.241149315321094	-0.212773878307675	-0.182380413972507	-0.228814134227911	-0.143414699560542	-0.171562609374099	-0.235594929649816	-0.25998860517762	-0.146029218171322	-0.248122757681721	-0.168594433500344	-0.24111109624475	-0.202922412118452	-0.179943215457762	-0.206036049595355	-0.204244210817685	-0.187910350136111	-0.224980801606737	-0.216154043229786	-0.224459575764349	-0.190382955129132	-0.109824366480745	-0.0801300159335372	-0.175293772130474	-0.127459990251651	-0.239238939799062	-0.134768839483296	-0.122211406413844	-0.202574264908873	-0.153041165544491
700023058	-0.141977547943403	-0.130398292924434	-0.188150311692266	-0.192186732047171	0	-0.168375612913816	-0.151185526270023	-0.19243473452893	-0.121959396173312	-0.181637382966223	-0.136960098221694	-0.20692364848399	-0.195706193920969	-0.136855471775182	-0.193212479882369	-0.158938558532902	-0.176402494037409	-0.16832658962489	-0.143676434311527	-0.158501911613637	-0.16034968074537	-0.15922180514564	-0.143361149514552	-0.13103664787932	-0.190824355001009	-0.135368430314914	-0.152797604064835	-0.175968378841703	-0.16502630444409	-0.180532872552557	-0.165122632905525	-0.189922801079498	-0.153784969162619	-0.166968397814916	-0.137963339085488	-0.163531542800491	-0.122949989525003	-0.168875226519977	-0.116281119023256	-0.213444870085229	-0.130841112537849	-0.190790621457198	-0.128941338228016	-0.157331101242726	-0.172298773584657	-0.145008820912515	-0.100621513972761	-0.179557452567358	-0.141435866657442	-0.198324516900704	-0.17291382368804	-0.155784342400892	-0.155832034881996	-0.13272697054086	-0.152192705212924	-0.184422333467753	-0.168636082053512	-0.161525857265211	-0.179079589274626	-0.150859560493479
700023927	-0.206759205430462	-0.14135153047836	-0.0727320559707961	-0.252365299060156	-0.168375612913816	0	-0.215588046377615	-0.10911201165467	-0.184625125368963	-0.0791209948683988	-0.118556808197661	-0.10339560521881	-0.112304249365636	-0.0984626587552423	-0.0924774682694268	-0.162302956427059	-0.0892231985768875	-0.0775428120984228	-0.175179774822053	-0.199315572347805	-0.18300849362022	-0.129916687433278	-0.178205069559795	-0.201501925205154	-0.206525821845223	-0.198537786402257	-0.119902564799474	-0.176038193414919	-0.140575918341308	-0.0922427296432258	-0.0798536973973863	-0.165152520713813	-0.130787567383158	-0.0809564031596479	-0.209108602073643	-0.158283797537161	-0.139626375860566	-0.0564827721477775	-0.194024923723955	-0.149684974169433	-0.156978264150716	-0.0741746515700663	-0.127910655199688	-0.164553262988853	-0.120705842074989	-0.110899669674934	-0.14841146754124	-0.0984208082086939	-0.0735225221848297	-0.106781646874406	-0.124217102957741	-0.231030757713619	-0.223375648578272	-0.140801309378659	-0.227183482509986	-0.0931362010481749	-0.154379937034408	-0.207758925448178	-0.102719806776346	-0.2015443325223
700106341	-0.0754796002461783	-0.176869717350094	-0.198295861672016	-0.0994894443177811	-0.151185526270023	-0.215588046377615	0	-0.215296915245455	-0.100982161896117	-0.21045051904718	-0.145976580924185	-0.185424568529102	-0.212987818805534	-0.187834248873426	-0.203309829856637	-0.132310607083625	-0.215537543629727	-0.221095335746646	-0.110481200528532	-0.0739446476295278	-0.0964353133090248	-0.133911404055448	-0.120147101490678	-0.105588443666879	-0.0860845044810224	-0.14519172824667	-0.201800887443654	-0.193275379036622	-0.190106668326089	-0.216564879153171	-0.194913894561829	-0.128542253837383	-0.13985437798876	-0.198960700962198	-0.146753775757957	-0.110611575810459	-0.196940210401674	-0.228438401980426	-0.086951637008622	-0.24572738013772	-0.132952777471294	-0.197216676876715	-0.149666676061471	-0.113366455021696	-0.167178214861602	-0.171629475328922	-0.140825415235825	-0.179994387506394	-0.182457443581307	-0.172348063296274	-0.15869134779123	-0.079127570814383	-0.0763712888175435	-0.11254029632966	-0.118024622095523	-0.193033757138439	-0.103167383447577	-0.0789288471211474	-0.172668660643309	-0.0901479311408863
700114221	-0.227862001250221	-0.14424982501304	-0.112376652781138	-0.241676778846976	-0.19243473452893	-0.10911201165467	-0.215296915245455	0	-0.196192233705968	-0.0655743947073559	-0.15264738307031	-0.127459243169438	-0.0665748919826358	-0.140665251436938	-0.0725155834789278	-0.187910945677477	-0.0784532109672494	-0.153384719785664	-0.207276821473212	-0.203431835221664	-0.201326318143248	-0.155011928625952	-0.202151447825393	-0.224395466679088	-0.235129755357804	-0.211843289168691	-0.138333864760147	-0.157067291542842	-0.126816380848002	-0.103612436225549	-0.129756327110356	-0.182471706520944	-0.140668523617429	-0.110059404711913	-0.213554287915126	-0.16521945977996	-0.187400825673053	-0.110638195731868	-0.204213306916707	-0.0915148396891035	-0.168511887145455	-0.0758338430028708	-0.175832432308513	-0.17049902181203	-0.108046817958001	-0.125821934262341	-0.160335180663173	-0.0880281008803192	-0.147069104876529	-0.126466976297842	-0.159819520784952	-0.227165081637327	-0.214800267045401	-0.18054383700843	-0.251157762062441	-0.0921172415755526	-0.169556632212125	-0.236263445098309	-0.121591137372149	-0.209004134896199
700023543	-0.0896970944343514	-0.143465373375703	-0.178979052819294	-0.1631510243551	-0.121959396173312	-0.184625125368963	-0.100982161896117	-0.196192233705968	0	-0.179324841609875	-0.119027340521722	-0.189710115577417	-0.192512805260223	-0.153017125575111	-0.190722526112597	-0.108021850172169	-0.186319483626304	-0.189678919485384	-0.0970207091804029	-0.11264059480258	-0.121455566485915	-0.123413807895947	-0.111464088589108	-0.0998273735099452	-0.129159550631039	-0.117641135342602	-0.15176492507385	-0.152845282580175	-0.185282253959775	-0.180560534073967	-0.167079910659837	-0.122697017767905	-0.126554373304093	-0.163839981708491	-0.119320384531816	-0.124312530670122	-0.154326646522532	-0.199533143841396	-0.0765125685061332	-0.22853869274745	-0.11625892244512	-0.179032057367368	-0.139872563032689	-0.0870027548484962	-0.162915352209132	-0.150291929094553	-0.100142422766616	-0.169903443693923	-0.164232175072333	-0.160887511684971	-0.139009858839459	-0.0971888046255497	-0.102547422224123	-0.113520860478868	-0.118622191364112	-0.17101055096543	-0.139364348527926	-0.0954727595247925	-0.158957704499765	-0.0912762721872823
700023439	-0.212739758736942	-0.133602631092917	-0.0850016865786855	-0.245643425602771	-0.181637382966223	-0.0791209948683988	-0.21045051904718	-0.0655743947073559	-0.179324841609875	0	-0.117892625787549	-0.113046210400299	-0.0672476205719749	-0.114274994844479	-0.0828609496680011	-0.162027381622959	-0.0660511143400172	-0.116553734140758	-0.18299001934121	-0.197906351415504	-0.178153211544919	-0.134600375267907	-0.186593513460397	-0.202717484146971	-0.216061624048678	-0.20044461815021	-0.127013586062736	-0.155990211132898	-0.121397182131254	-0.0918204832836959	-0.0995428020955384	-0.164253566630368	-0.112907262056047	-0.0828826141815749	-0.205271023593743	-0.152460076583751	-0.165581448122781	-0.0912351366682768	-0.192331365195616	-0.102628022356112	-0.140271698573948	-0.0584901552313856	-0.153341515343444	-0.160851689539436	-0.0998350350728174	-0.0986272698012415	-0.141752357590523	-0.0748210102768375	-0.11551249354224	-0.112069379183416	-0.126896659599689	-0.22101331285411	-0.216410379455102	-0.146512873674285	-0.233947050475123	-0.0781912220749183	-0.15342246611517	-0.208444969095176	-0.103802473542266	-0.196784911450437
700016978	-0.144377431802634	-0.114905126424395	-0.104321424964355	-0.196269042717071	-0.136960098221694	-0.118556808197661	-0.145976580924185	-0.15264738307031	-0.119027340521722	-0.117892625787549	0	-0.124369053428273	-0.144748812750872	-0.12150693423458	-0.158831937291437	-0.0956347353996068	-0.126028683456012	-0.111602226042928	-0.117568571491107	-0.126661115774796	-0.125484256918987	-0.0595668003200909	-0.126622100257266	-0.140161329144772	-0.135878902752238	-0.157403972258472	-0.125629297928947	-0.142231093610533	-0.151193071588179	-0.135355414200704	-0.0910173423278741	-0.114903534303575	-0.0803537119518308	-0.0981096148727711	-0.149870293240513	-0.0969723134357481	-0.122954697197805	-0.143697289410749	-0.123267317482412	-0.180822474959048	-0.10886685171808	-0.116399226932558	-0.0982316732448258	-0.110815165167391	-0.118693465932353	-0.113592842978225	-0.108219398905892	-0.114491259657865	-0.100718436870517	-0.11753983330142	-0.0882366546067254	-0.157105533616018	-0.150345525931756	-0.0975800337581883	-0.165222971954909	-0.108119470231088	-0.123952150090383	-0.13514014166151	-0.113071600943924	-0.137862364642098
700024192	-0.217405290680308	-0.191146719094714	-0.06593375152106	-0.231603888124879	-0.20692364848399	-0.10339560521881	-0.185424568529102	-0.127459243169438	-0.189710115577417	-0.113046210400299	-0.124369053428273	0	-0.122479366663419	-0.159981436471366	-0.106667692602849	-0.137782351386676	-0.130006740746316	-0.117366738896896	-0.170645598054864	-0.180702531189205	-0.162124202560845	-0.0934229181481551	-0.189282622281045	-0.213803866696628	-0.177510367113555	-0.221703356095402	-0.177324435383969	-0.18848139984286	-0.176913293920434	-0.148555566669066	-0.110201267552383	-0.126765588519186	-0.124864064244003	-0.119028374987589	-0.227724699341499	-0.140640069599366	-0.183161088951286	-0.108164539785782	-0.203201865250865	-0.156625061448907	-0.173273692553919	-0.0808593491897945	-0.171940236843206	-0.144269870580779	-0.113551713670687	-0.138880677861831	-0.177571611138954	-0.0998757649520431	-0.149543531836509	-0.0751117755526897	-0.102988277532541	-0.224607917741454	-0.20874918372824	-0.15299202728254	-0.248790437538119	-0.100555278628435	-0.13478552272353	-0.199099619203703	-0.0876925121609089	-0.190420687768594
700113058	-0.224383377956276	-0.140003136310983	-0.117814261201004	-0.244577450643397	-0.195706193920969	-0.112304249365636	-0.212987818805534	-0.0665748919826358	-0.192512805260223	-0.0672476205719749	-0.144748812750872	-0.122479366663419	0	-0.137975407293789	-0.0858784369763902	-0.180342479527069	-0.0941044965604583	-0.145958366681386	-0.204228550862377	-0.199220733026366	-0.19832010740245	-0.149099635775219	-0.20009744958825	-0.22074215039499	-0.230161781464659	-0.211943023792854	-0.135914473895694	-0.146382195503835	-0.124338744859773	-0.104987412261135	-0.123016304751324	-0.17680590329598	-0.130791540370908	-0.0947960795468996	-0.216517454717508	-0.170590810098929	-0.184858157338777	-0.126522308487222	-0.200086108382334	-0.103409839217168	-0.161349559834883	-0.0743470355935019	-0.181250493677454	-0.172587262682758	-0.104812007039227	-0.117375920499553	-0.164097332051642	-0.0900459638514397	-0.145508977500616	-0.122958098579333	-0.157420566984657	-0.223669879589267	-0.214277751897862	-0.181301619919542	-0.252731776810889	-0.0783081232012723	-0.17095938954965	-0.229494690637865	-0.120136628172622	-0.204554413569152
700099448	-0.163493880718371	-0.11485184973506	-0.131482454368748	-0.223733605235819	-0.136855471775182	-0.0984626587552423	-0.187834248873426	-0.140665251436938	-0.153017125575111	-0.114274994844479	-0.12150693423458	-0.159981436471366	-0.137975407293789	0	-0.132563023963167	-0.150257231246261	-0.109399756275692	-0.114063232118827	-0.143406734079839	-0.169855666094402	-0.157815100177196	-0.138217136877909	-0.139431065319824	-0.147247171146076	-0.197265791570304	-0.151033410991166	-0.0938198484191027	-0.158576628504372	-0.118870212997561	-0.112443556291582	-0.102178807067273	-0.177064583993075	-0.116962793747675	-0.104228290491833	-0.16617795772815	-0.150771486049393	-0.128276854408766	-0.115978985194222	-0.157193292450658	-0.168320179937881	-0.124616384734735	-0.119762669055422	-0.112199254946887	-0.164605932552661	-0.111682092582579	-0.0930037809757536	-0.103686812461253	-0.126528776902129	-0.0671727798645128	-0.142757933036978	-0.132708163659089	-0.190423639169919	-0.190994549943659	-0.127025425934533	-0.176454567368567	-0.124216989301045	-0.135366545939137	-0.183059691016375	-0.122786414890141	-0.17683533144332
700109870	-0.221436462079116	-0.161021019919408	-0.100880173230596	-0.230822884812216	-0.193212479882369	-0.0924774682694268	-0.203309829856637	-0.0725155834789278	-0.190722526112597	-0.0828609496680011	-0.158831937291437	-0.106667692602849	-0.0858784369763902	-0.132563023963167	0	-0.18270795316887	-0.0932405145736824	-0.148914440772055	-0.200699723290673	-0.187547408639916	-0.183487914320592	-0.145909862238874	-0.188914795437816	-0.221681326054045	-0.219743262118447	-0.207961946547704	-0.141944420830495	-0.170528805937879	-0.131577618918272	-0.101658363492986	-0.13531899707043	-0.173842313317325	-0.148741383930975	-0.124418462656719	-0.218482535860019	-0.165765655598981	-0.190095287257462	-0.100068167925357	-0.204232092745668	-0.116768925817513	-0.178223677122659	-0.0671385644815632	-0.185971733574527	-0.162653668288126	-0.113222093363754	-0.113741029242463	-0.162692200831032	-0.0815847753541353	-0.139232861103359	-0.115067447829014	-0.146766001787264	-0.221244718231595	-0.207738820694789	-0.17459036903571	-0.245058421707367	-0.0959328583467829	-0.151553349016768	-0.222195796860948	-0.104528763859506	-0.198647195478442
700033928	-0.120907067527464	-0.171401621044685	-0.125885727658603	-0.17283588644117	-0.158938558532902	-0.162302956427059	-0.132310607083625	-0.187910945677477	-0.108021850172169	-0.162027381622959	-0.0956347353996068	-0.137782351386676	-0.180342479527069	-0.150257231246261	-0.18270795316887	0	-0.174753678561489	-0.140303821045257	-0.0939443172956109	-0.130348624044279	-0.117515759382667	-0.0891566645956515	-0.128959519239062	-0.113560931887653	-0.128414366228534	-0.15973706814784	-0.15909192161258	-0.14356897394544	-0.182453101129203	-0.178314013051358	-0.138440293712008	-0.119834136881592	-0.0952196238240688	-0.149002556670214	-0.160679522790548	-0.129560249891623	-0.145970894367446	-0.174434149392564	-0.127838810132389	-0.222627186424	-0.102402439853483	-0.146647761120417	-0.131207323784886	-0.125001719582421	-0.137728597030806	-0.13893520174815	-0.119890330341287	-0.151958417327146	-0.151677312840322	-0.119653706826266	-0.0873846703526863	-0.142316391585211	-0.138720326222569	-0.123258710032541	-0.155796265204007	-0.137966986593138	-0.129390544282644	-0.11151963098277	-0.124667807605092	-0.121950356982016
700023693	-0.2171218188183	-0.12847842171564	-0.104354238588274	-0.252602355370684	-0.176402494037409	-0.0892231985768875	-0.215537543629727	-0.0784532109672494	-0.186319483626304	-0.0660511143400172	-0.126028683456012	-0.130006740746316	-0.0941044965604583	-0.109399756275692	-0.0932405145736824	-0.174753678561489	0	-0.120710236062534	-0.193531878371949	-0.199975062926116	-0.179986555601741	-0.148316029098593	-0.186187472727899	-0.206225590517883	-0.22873679559118	-0.204228721532606	-0.123917729294349	-0.164989058160227	-0.111429229252042	-0.096417074151889	-0.0979604240016635	-0.178326848848123	-0.133595784642048	-0.0978475792185382	-0.204221200509557	-0.159754914467575	-0.159544282588496	-0.105095250251055	-0.194191975961169	-0.0968251335689397	-0.151890248707489	-0.0800012356262837	-0.153446624054172	-0.167197228878712	-0.103761534933757	-0.09346766089469	-0.133443699183428	-0.0784797133416148	-0.114032298644749	-0.126130519261665	-0.143235468978241	-0.227594186284921	-0.219123332485028	-0.152977730486534	-0.236374943297417	-0.0916914797417968	-0.160141643010447	-0.222192217630796	-0.118717898078849	-0.20475127780624
700109627	-0.196045250554932	-0.154425655287448	-0.0846166467850608	-0.25063266936971	-0.16832658962489	-0.0775428120984228	-0.221095335746646	-0.153384719785664	-0.189678919485384	-0.116553734140758	-0.111602226042928	-0.117366738896896	-0.145958366681386	-0.114063232118827	-0.148914440772055	-0.140303821045257	-0.120710236062534	0	-0.171728484078253	-0.199723702932453	-0.195495292304967	-0.119459214850441	-0.182192464619118	-0.180032037008657	-0.199875309735142	-0.198256603978637	-0.127119775750718	-0.177456135259831	-0.178121080723633	-0.132723393088698	-0.0889315842073533	-0.170410888116212	-0.147554251801684	-0.105386546872089	-0.202315025593597	-0.163227766114296	-0.129006188376098	-0.0830353259809974	-0.198229765862181	-0.180051005676575	-0.165965854334703	-0.118507306286382	-0.136203997267792	-0.168955933780779	-0.156081095185131	-0.140497885700179	-0.163949148015158	-0.139139933928013	-0.0898904188201809	-0.121334263784474	-0.108464869810004	-0.230523308010887	-0.224369423198801	-0.149605403036204	-0.211436943621808	-0.122699927786031	-0.173413226620525	-0.210717013488572	-0.120156256842779	-0.209120530902415
700095416	-0.0881995049636384	-0.159036653348684	-0.166770698737957	-0.174473189090677	-0.143676434311527	-0.175179774822053	-0.110481200528532	-0.207276821473212	-0.0970207091804029	-0.18299001934121	-0.117568571491107	-0.170645598054864	-0.204228550862377	-0.143406734079839	-0.200699723290673	-0.0939443172956109	-0.193531878371949	-0.171728484078253	0	-0.12340236220511	-0.100088477617368	-0.111411403241432	-0.116409603844039	-0.0924756657209586	-0.118800408463964	-0.128216043981964	-0.155305805592902	-0.173005594001831	-0.17393979992331	-0.194353336671959	-0.156334996202202	-0.127580758268919	-0.109027501142838	-0.170520971081386	-0.137909508755641	-0.115634134713554	-0.147334278162584	-0.186206076740811	-0.101971472246176	-0.241491638973634	-0.0915350135634071	-0.181281169494962	-0.109848192401054	-0.128661902812281	-0.155891615469002	-0.1378116633514	-0.101324993835562	-0.175146579473465	-0.14653576069294	-0.15396856981495	-0.117506206489338	-0.128898426082504	-0.131474298897022	-0.0883038595443346	-0.119818794200436	-0.165894586370817	-0.118930861239086	-0.10783863496665	-0.153296923140946	-0.117464082097884
700110425	-0.0921959915818866	-0.159291995186299	-0.182305292743006	-0.106106168455377	-0.158501911613637	-0.199315572347805	-0.0739446476295278	-0.203431835221664	-0.11264059480258	-0.197906351415504	-0.126661115774796	-0.180702531189205	-0.199220733026366	-0.169855666094402	-0.187547408639916	-0.130348624044279	-0.199975062926116	-0.199723702932453	-0.12340236220511	0	-0.0960694492340605	-0.120492698092085	-0.100657818476911	-0.111780586031797	-0.0893126838988447	-0.152022315151017	-0.173552693419492	-0.166919685239661	-0.174490785631781	-0.191384722365319	-0.187157841631036	-0.150811562680605	-0.130588033656818	-0.18412963635897	-0.141421082859437	-0.10048842002121	-0.176419947838123	-0.213848985821533	-0.104918689778039	-0.232994413012359	-0.121217451515723	-0.183991724910237	-0.148928612519568	-0.0997831863525751	-0.153862512290345	-0.155694185998411	-0.127910198795501	-0.170821681954109	-0.161863576142501	-0.173982727419503	-0.150270838305853	-0.0805683596189556	-0.0629645123329669	-0.116611399709663	-0.125765025578936	-0.180462503722424	-0.0810292874031551	-0.0952630112391918	-0.160290622929263	-0.10181273115961
700111580	-0.110248974749342	-0.163516512737703	-0.170211695554755	-0.146495242647334	-0.16034968074537	-0.18300849362022	-0.0964353133090248	-0.201326318143248	-0.121455566485915	-0.178153211544919	-0.125484256918987	-0.162124202560845	-0.19832010740245	-0.157815100177196	-0.183487914320592	-0.117515759382667	-0.179986555601741	-0.195495292304967	-0.100088477617368	-0.0960694492340605	0	-0.108828636643613	-0.108984945463384	-0.119495542726932	-0.0808217452577908	-0.16683659786306	-0.187774169849466	-0.200679962691707	-0.157962016306402	-0.199214032883171	-0.166898018276662	-0.120507035366389	-0.120540153171937	-0.178474019295103	-0.170670411381421	-0.105775621772643	-0.187440096734263	-0.187113262386942	-0.118759833749434	-0.224653010538315	-0.118977396643439	-0.168003651104386	-0.140785202048679	-0.12863396351516	-0.131341801292924	-0.134950894940812	-0.117130247372884	-0.147328295900864	-0.150722070055614	-0.143060174385745	-0.127458065062818	-0.11288195876692	-0.116030187143674	-0.0792094887702525	-0.142621397872767	-0.167806488222065	-0.072585793940292	-0.0840775275557197	-0.127785733725205	-0.0997352416574007
700111302	-0.143429866165446	-0.135660116145676	-0.0921261516178599	-0.188516859755686	-0.15922180514564	-0.129916687433278	-0.133911404055448	-0.155011928625952	-0.123413807895947	-0.134600375267907	-0.0595668003200909	-0.0934229181481551	-0.149099635775219	-0.138217136877909	-0.145909862238874	-0.0891566645956515	-0.148316029098593	-0.119459214850441	-0.111411403241432	-0.120492698092085	-0.108828636643613	0	-0.135195404785799	-0.142026740992262	-0.111551466457024	-0.169490384776475	-0.139698924371508	-0.156181009562793	-0.163218378908228	-0.155082649447677	-0.111224818542614	-0.08577704030074	-0.0860178591491874	-0.115209880119402	-0.170580579348855	-0.0881920519756912	-0.146348117141975	-0.146251758218584	-0.136811502228792	-0.189125518811114	-0.131529936919849	-0.108352313531971	-0.121200594776689	-0.0983820571779349	-0.109239810932331	-0.129030664002076	-0.121284029269074	-0.108127655477759	-0.118977311502583	-0.0882761614298304	-0.0712153562963853	-0.153947805520024	-0.146708623565466	-0.0977252594051928	-0.178324677194001	-0.107388895257851	-0.105392429315467	-0.130282584381392	-0.0843373935548748	-0.132398182013016
700098605	-0.101473756119652	-0.137568946371109	-0.174657259389497	-0.143303120741394	-0.143361149514552	-0.178205069559795	-0.120147101490678	-0.202151447825393	-0.111464088589108	-0.186593513460397	-0.126622100257266	-0.189282622281045	-0.20009744958825	-0.139431065319824	-0.188914795437816	-0.128959519239062	-0.186187472727899	-0.182192464619118	-0.116409603844039	-0.100657818476911	-0.108984945463384	-0.135195404785799	0	-0.116085936728012	-0.136218418342463	-0.127414034002795	-0.145138021923865	-0.170006048287326	-0.1604490190975	-0.175954827745174	-0.16365839044771	-0.158729935602198	-0.13390122885566	-0.170142415587356	-0.127205469841065	-0.120395106419973	-0.151859361535411	-0.189605904204915	-0.103083633943393	-0.217738698938438	-0.119816310887764	-0.188762869038111	-0.145259380553452	-0.129949261028637	-0.171987989926693	-0.138254759221783	-0.12136666172481	-0.172371652286864	-0.15109004246115	-0.176592255255941	-0.143377794745559	-0.120256275119774	-0.114233360614276	-0.104199510574113	-0.1006925124275	-0.178181617032235	-0.12572792444313	-0.12698748422395	-0.160217269029435	-0.10865079130961
700111991	-0.0604644339426648	-0.161139427601416	-0.189645997362557	-0.139378831955729	-0.13103664787932	-0.201501925205154	-0.105588443666879	-0.224395466679088	-0.0998273735099452	-0.202717484146971	-0.140161329144772	-0.213803866696628	-0.22074215039499	-0.147247171146076	-0.221681326054045	-0.113560931887653	-0.206225590517883	-0.180032037008657	-0.0924756657209586	-0.111780586031797	-0.119495542726932	-0.142026740992262	-0.116085936728012	0	-0.132187273297757	-0.111247898349758	-0.154341622087448	-0.172957067261703	-0.178003357248865	-0.20461313290828	-0.188843369795761	-0.177090244309178	-0.138099002032577	-0.184816709879374	-0.123669516596512	-0.133897808163498	-0.151662972873163	-0.205498765624223	-0.0966731941542151	-0.256315411931342	-0.10497688453309	-0.207677497733074	-0.128787852026036	-0.142098565004347	-0.180128825684247	-0.15144728530101	-0.0988300241927489	-0.194701501498679	-0.162558479257991	-0.195176133221164	-0.14872608899482	-0.105799724005988	-0.107583976314743	-0.111211106723482	-0.0898859108576163	-0.200969173345053	-0.14044205176025	-0.103223326625247	-0.184616101050761	-0.130845584687988
700108960	-0.0984828490111805	-0.192741298494495	-0.181980242538496	-0.136988534516247	-0.190824355001009	-0.206525821845223	-0.0860845044810224	-0.235129755357804	-0.129159550631039	-0.216061624048678	-0.135878902752238	-0.177510367113555	-0.230161781464659	-0.197265791570304	-0.219743262118447	-0.128414366228534	-0.22873679559118	-0.199875309735142	-0.118800408463964	-0.0893126838988447	-0.0808217452577908	-0.111551466457024	-0.136218418342463	-0.132187273297757	0	-0.194108691323043	-0.211393295138401	-0.215985069001064	-0.208299466444323	-0.223428241691776	-0.194157097903161	-0.105668119060033	-0.147290904347681	-0.198744878306555	-0.185348448559181	-0.106704015450209	-0.207488228037084	-0.220145524511174	-0.125061999320342	-0.266211793162427	-0.156156149360165	-0.194802967428188	-0.159658465311878	-0.121212981961667	-0.170221953595907	-0.189266461475064	-0.166883824870425	-0.191686876730533	-0.175826295156676	-0.153998420770825	-0.127890525342332	-0.115924793021834	-0.102830376175479	-0.103156999950068	-0.134142047325352	-0.195009725391851	-0.0952716304049254	-0.0804179287688388	-0.151412408544927	-0.0974822189825333
700024452	-0.121637231267868	-0.144433785311763	-0.199110688726183	-0.14371682499615	-0.135368430314914	-0.198537786402257	-0.14519172824667	-0.211843289168691	-0.117641135342602	-0.20044461815021	-0.157403972258472	-0.221703356095402	-0.211943023792854	-0.151033410991166	-0.207961946547704	-0.15973706814784	-0.204228721532606	-0.198256603978637	-0.128216043981964	-0.152022315151017	-0.16683659786306	-0.169490384776475	-0.127414034002795	-0.111247898349758	-0.194108691323043	0	-0.157457952910482	-0.155234708162904	-0.142981575932713	-0.185998034589882	-0.189627221619617	-0.20425531921429	-0.156218676793361	-0.179401707319547	-0.0617605086190252	-0.158138510528006	-0.177470991155192	-0.209554878216536	-0.109796600474378	-0.214492295707189	-0.129534599006302	-0.208010975762236	-0.153019275411619	-0.164449914567551	-0.183521747158369	-0.141884621643018	-0.115345752438574	-0.199712995043751	-0.162669678469662	-0.203463521778148	-0.175319943861977	-0.116702637504999	-0.12622245163979	-0.145207084309433	-0.111935192809338	-0.203091449004084	-0.157270110281163	-0.156637764227646	-0.180927699607783	-0.163026364734858
700032931	-0.163609309752203	-0.103364312022099	-0.146357458168886	-0.23369108327283	-0.152797604064835	-0.119902564799474	-0.201800887443654	-0.138333864760147	-0.15176492507385	-0.127013586062736	-0.125629297928947	-0.177324435383969	-0.135914473895694	-0.0938198484191027	-0.141944420830495	-0.15909192161258	-0.123917729294349	-0.127119775750718	-0.155305805592902	-0.173552693419492	-0.187774169849466	-0.139698924371508	-0.145138021923865	-0.154341622087448	-0.211393295138401	-0.157457952910482	0	-0.144084220095322	-0.141655016911041	-0.127737303909755	-0.120643034031921	-0.1807312245959	-0.133326183397194	-0.122404203514741	-0.171887867658313	-0.162534189475806	-0.123148493360022	-0.133553134878681	-0.164389598755634	-0.16804270858992	-0.140330395622523	-0.132594590376558	-0.131030720144879	-0.158194006530568	-0.14471750385499	-0.124938467887573	-0.119409504519238	-0.127171197703868	-0.105363843062687	-0.161898358694218	-0.152349036399357	-0.195524689511317	-0.191664437043695	-0.146719290709064	-0.175397368090454	-0.123318368171664	-0.176206257104988	-0.196930784479893	-0.148804346901694	-0.191562425507098
700095837	-0.173860837691277	-0.135306944579725	-0.167308137551457	-0.211244854586248	-0.175968378841703	-0.176038193414919	-0.193275379036622	-0.157067291542842	-0.152845282580175	-0.155990211132898	-0.142231093610533	-0.18848139984286	-0.146382195503835	-0.158576628504372	-0.170528805937879	-0.14356897394544	-0.164989058160227	-0.177456135259831	-0.173005594001831	-0.166919685239661	-0.200679962691707	-0.156181009562793	-0.170006048287326	-0.172957067261703	-0.215985069001064	-0.155234708162904	-0.144084220095322	0	-0.128855153404626	-0.122693601720257	-0.166533428722043	-0.204161736895691	-0.130413856140643	-0.122171234874553	-0.157155481390554	-0.175792413269773	-0.166381631227258	-0.197857683267958	-0.163946966631945	-0.180491489100849	-0.148202334877673	-0.156220866907354	-0.166813686637941	-0.158573152331664	-0.138502901255119	-0.143625296717795	-0.148931028974247	-0.159098152914144	-0.163410206628284	-0.184918753062228	-0.149933074244454	-0.175902650610444	-0.175818338657072	-0.185703615740451	-0.199306297394427	-0.154331702681446	-0.183330205443916	-0.195806295670214	-0.16953280276499	-0.19076636680828
700024548	-0.18614609869926	-0.111892283558737	-0.152937859617407	-0.197946349674576	-0.16502630444409	-0.140575918341308	-0.190106668326089	-0.126816380848002	-0.185282253959775	-0.121397182131254	-0.151193071588179	-0.176913293920434	-0.124338744859773	-0.118870212997561	-0.131577618918272	-0.182453101129203	-0.111429229252042	-0.178121080723633	-0.17393979992331	-0.174490785631781	-0.157962016306402	-0.163218378908228	-0.1604490190975	-0.178003357248865	-0.208299466444323	-0.142981575932713	-0.141655016911041	-0.128855153404626	0	-0.118438985358527	-0.145272334307902	-0.209205540092572	-0.127654064597351	-0.112067073775847	-0.148139793649451	-0.15595614050543	-0.184189810762709	-0.15927400456264	-0.16364832582585	-0.123336512752141	-0.135481029254826	-0.128585519827469	-0.147356770378419	-0.190894115672718	-0.0929362654504072	-0.0767281211028542	-0.123063589247976	-0.124207311200387	-0.12619658724146	-0.175169235827105	-0.163028316988844	-0.183312232329582	-0.175072350882576	-0.140814284919339	-0.186279149684138	-0.143641301532664	-0.142142624280662	-0.198780876153388	-0.14545376536941	-0.200135369563207
700110161	-0.214129434263669	-0.121558406039221	-0.114699513897049	-0.23903349032128	-0.180532872552557	-0.0922427296432258	-0.216564879153171	-0.103612436225549	-0.180560534073967	-0.0918204832836959	-0.135355414200704	-0.148555566669066	-0.104987412261135	-0.112443556291582	-0.101658363492986	-0.178314013051358	-0.096417074151889	-0.132723393088698	-0.194353336671959	-0.191384722365319	-0.199214032883171	-0.155082649447677	-0.175954827745174	-0.20461313290828	-0.223428241691776	-0.185998034589882	-0.127737303909755	-0.122693601720257	-0.118438985358527	0	-0.11945826730534	-0.186954260753395	-0.137523828360217	-0.0820982565280833	-0.19081238782215	-0.173440732815143	-0.162962202087338	-0.11394598805378	-0.189494842903044	-0.134022750802125	-0.162015365747384	-0.101291970365066	-0.155127594073021	-0.165726210699506	-0.116597724105058	-0.123312776269785	-0.152455160439648	-0.118107908132225	-0.107009134213145	-0.136017825471274	-0.151961208728343	-0.20984599941401	-0.208194274525878	-0.162936777970212	-0.231211814935858	-0.112292421426953	-0.165404542335162	-0.218200386457586	-0.126228350115707	-0.201567872468612
700023496	-0.194842522817489	-0.119798159034403	-0.0979224947399049	-0.241149315321094	-0.165122632905525	-0.0798536973973863	-0.194913894561829	-0.129756327110356	-0.167079910659837	-0.0995428020955384	-0.0910173423278741	-0.110201267552383	-0.123016304751324	-0.102178807067273	-0.13531899707043	-0.138440293712008	-0.0979604240016635	-0.0889315842073533	-0.156334996202202	-0.187157841631036	-0.166898018276662	-0.111224818542614	-0.16365839044771	-0.188843369795761	-0.194157097903161	-0.189627221619617	-0.120643034031921	-0.166533428722043	-0.145272334307902	-0.11945826730534	0	-0.150215837066893	-0.112118745759007	-0.089207689128016	-0.188655267476561	-0.144193119903562	-0.137342029784813	-0.101973893086296	-0.172843381576668	-0.155818178566513	-0.12854518447279	-0.100732929159162	-0.11509494902799	-0.154952984807667	-0.108489374711155	-0.10617920984965	-0.132425396564906	-0.108373878486272	-0.0844962774637202	-0.113759455245725	-0.107059850812459	-0.215195927072799	-0.207815876533867	-0.119293083704108	-0.214038310910307	-0.0912134690739591	-0.14156084865569	-0.196383931634289	-0.110450122545861	-0.184432602760086
700034628	-0.151079375946041	-0.171182374966381	-0.14033232294675	-0.212773878307675	-0.189922801079498	-0.165152520713813	-0.128542253837383	-0.182471706520944	-0.122697017767905	-0.164253566630368	-0.114903534303575	-0.126765588519186	-0.17680590329598	-0.177064583993075	-0.173842313317325	-0.119834136881592	-0.178326848848123	-0.170410888116212	-0.127580758268919	-0.150811562680605	-0.120507035366389	-0.08577704030074	-0.158729935602198	-0.177090244309178	-0.105668119060033	-0.20425531921429	-0.1807312245959	-0.204161736895691	-0.209205540092572	-0.186954260753395	-0.150215837066893	0	-0.128063743678422	-0.159635011276833	-0.207052291366913	-0.100458645124557	-0.183189443264801	-0.177945605728241	-0.156054737601893	-0.214666501019168	-0.166286124670743	-0.140244545922347	-0.155145874367293	-0.0927548441473837	-0.150111438186157	-0.173940573415712	-0.153443376017851	-0.140449903358903	-0.164794499640037	-0.0959661756950392	-0.117324918823696	-0.165458926295292	-0.166789836703304	-0.121130549614408	-0.193509494988408	-0.134640946823631	-0.130402246665725	-0.126202270295207	-0.122542026076694	-0.100175764195975
700023645	-0.144836642923046	-0.120298953013756	-0.127035432322627	-0.182380413972507	-0.153784969162619	-0.130787567383158	-0.13985437798876	-0.140668523617429	-0.126554373304093	-0.112907262056047	-0.0803537119518308	-0.124864064244003	-0.130791540370908	-0.116962793747675	-0.148741383930975	-0.0952196238240688	-0.133595784642048	-0.147554251801684	-0.109027501142838	-0.130588033656818	-0.120540153171937	-0.0860178591491874	-0.13390122885566	-0.138099002032577	-0.147290904347681	-0.156218676793361	-0.133326183397194	-0.130413856140643	-0.127654064597351	-0.137523828360217	-0.112118745759007	-0.128063743678422	0	-0.0947497525180993	-0.156079190139735	-0.10807776080971	-0.140094218558587	-0.154120635044805	-0.130793406762194	-0.169072513343483	-0.0998455468571506	-0.107391303105635	-0.100161948742218	-0.125923372720696	-0.0856183344792534	-0.100917602395196	-0.109737096322078	-0.110297260095493	-0.112426768264511	-0.119379670056653	-0.0961938657882162	-0.148630367400761	-0.150048837630635	-0.112633108082933	-0.176054950082299	-0.105912456695149	-0.115127162508977	-0.127353069035301	-0.113037286587882	-0.143491355563406
700038744	-0.198012459213354	-0.108968035042665	-0.0918396845204171	-0.228814134227911	-0.166968397814916	-0.0809564031596479	-0.198960700962198	-0.110059404711913	-0.163839981708491	-0.0828826141815749	-0.0981096148727711	-0.119028374987589	-0.0947960795468996	-0.104228290491833	-0.124418462656719	-0.149002556670214	-0.0978475792185382	-0.105386546872089	-0.170520971081386	-0.18412963635897	-0.178474019295103	-0.115209880119402	-0.170142415587356	-0.184816709879374	-0.198744878306555	-0.179401707319547	-0.122404203514741	-0.122171234874553	-0.112067073775847	-0.0820982565280833	-0.089207689128016	-0.159635011276833	-0.0947497525180993	0	-0.18489499977279	-0.140417216737248	-0.138554963136161	-0.109645368840785	-0.174994323448258	-0.130395881668697	-0.146582337206793	-0.0907203581953421	-0.123402986069721	-0.156536270286087	-0.0926234247798715	-0.102987297208866	-0.142414789012659	-0.0951253479387346	-0.0911299937146506	-0.115920875922301	-0.117672595541899	-0.207376456455923	-0.200751378971243	-0.137675666928233	-0.220113863692883	-0.0975749959037728	-0.15488419922749	-0.194927063778757	-0.109128582040089	-0.191976561875719
