700108602	700014971	700033565	700109389	700023058	700023927	700106341	700114221	700023543	700023439	700016978	700024192	700113058	700099448	700109870	700033928	700023693	700109627	700095416	700110425	700111580	700111302	700098605	700111991	700108960	700024452	700032931	700095837	700024548	700110161	700023496	700034628	700023645	700038744	700038485	700024743	700099596	700110760	700101587	700106399	700032322	700095653	700021312	700101230	700023590	700038905	700033136	700023382	700096424	700105469	700016908	700096053	700108479	700109569	700033814	700016125	700109756	700102665	700101777	700109455
700108602	0	0.231754322197362	0.331754556080749	0.222887758685974	0.194001730876361	0.310433665176267	0.105029272151186	0.315419231733071	0.131285918222557	0.285125213868841	0.230958897354491	0.3558263359821	0.32096936419176	0.221156790919629	0.332449558927805	0.209114500764727	0.310009101189644	0.289310648253356	0.133435405599576	0.134615106622338	0.174914501681484	0.262601519508364	0.139934275194079	0.07143313659221	0.188589108070993	0.156311652755114	0.229765999499307	0.333786951280237	0.296436784011398	0.300888617795006	0.264554021835166	0.257130230655762	0.217692519536236	0.276502807179857	0.164197361452476	0.171167834778924	0.238317940457868	0.306224627500304	0.109564348665947	0.373215872570413	0.144484938217004	0.329293491479359	0.20503589808401	0.198444503162652	0.286587059055647	0.228373456792629	0.178129636560693	0.29676009829374	0.239256717370308	0.319856671275176	0.29386635552554	0.0884403635389956	0.116766709587616	0.161887662098297	0.125407657382448	0.299742736898419	0.175682338093073	0.117982393270493	0.29452282848529	0.155682034797385
700014971	0.231754322197362	0	0.283132395322044	0.349389293130212	0.154261184757016	0.2628195635083	0.250945951892034	0.167490379645992	0.198057608157795	0.176376512172063	0.207281929550564	0.318928623145674	0.200051493751473	0.156230511047808	0.248612554976473	0.233145704119954	0.165048184853439	0.278053623358319	0.214163977554409	0.22173884453999	0.246977984875147	0.247009574344723	0.183047541890543	0.222849793784396	0.31880649883132	0.160880937205531	0.120185775233545	0.221022186139894	0.147729275495619	0.176320437200726	0.194086521585472	0.260391693677526	0.172104845466513	0.192269974434997	0.175364507839072	0.179096763117159	0.233309417241016	0.25274572575982	0.181937606043389	0.229138051228903	0.169534202971559	0.210103653928919	0.158480877983327	0.204057286879907	0.167184563634194	0.183853496727209	0.141794404530381	0.221273388346097	0.186706817841046	0.278581693929077	0.299770025762647	0.221444197499686	0.256392718245599	0.201783474944254	0.282456883677289	0.197328454460961	0.238331255346755	0.232143144819783	0.258027181652629	0.247050013214828
700033565	0.331754556080749	0.283132395322044	0	0.434991550644016	0.287118412874913	0.0985207611368488	0.323204672782128	0.203608439544636	0.279299424510281	0.156849384535949	0.133426858454401	0.0680729744165336	0.188224270095378	0.199557384430275	0.189090366616204	0.151623891488599	0.188081768705778	0.112794086985664	0.25995340978271	0.319685404151062	0.254020323533	0.113925936791117	0.309073930341104	0.288829459058642	0.297099428757344	0.320855356455893	0.23024842730615	0.357313966546672	0.278894332770124	0.218257851934228	0.159005964197073	0.200684995876611	0.165105345855207	0.125391260089985	0.343026725753086	0.209434834783061	0.234227932375107	0.15453661441742	0.291978575126179	0.258323021920239	0.253195727343211	0.140908671667843	0.213640702697137	0.242073006164732	0.212389993815416	0.219115154057544	0.232809970578472	0.129159774529665	0.170115693367807	0.0699897698468836	0.0970558026202496	0.329651847507615	0.352790906728908	0.235516421740807	0.391302695099626	0.143310279565011	0.224432178559838	0.298496793522188	0.100393358794419	0.278741441978348
700109389	0.222887758685974	0.349389293130212	0.434991550644016	0	0.339319781045197	0.434958740836073	0.195911940852683	0.420043192163029	0.299514473169291	0.409380698425893	0.368490538933675	0.453744538475746	0.420415069136515	0.37182500480745	0.429487370053139	0.346219248776908	0.418344615859978	0.429711980102096	0.313329380258157	0.208878374171171	0.30212013724032	0.391286457421617	0.233467001904066	0.261458576485066	0.270138437492262	0.272342669974392	0.373334150168475	0.429403696988185	0.378898998208542	0.41282312755894	0.3988369782183	0.384872755459757	0.345481725929455	0.401891293863587	0.265111790376676	0.299557955686393	0.39112782467836	0.436218645242467	0.268212127729765	0.429675339981612	0.278320141140893	0.428988126190149	0.354283501990407	0.331064345680162	0.386592280320533	0.347090918817011	0.321368576004871	0.406280238006436	0.379667229307218	0.427943224009279	0.40470211257805	0.199537766520958	0.151973174017369	0.304317019566322	0.195565132541858	0.414392142750945	0.266845884920434	0.246567646503394	0.400343250543298	0.270210428873342
700023058	0.194001730876361	0.154261184757016	0.287118412874913	0.339319781045197	0	0.244167882538307	0.231445619345821	0.210578845083333	0.182621353780987	0.207742945561532	0.203163757587762	0.306183928198803	0.238097727139249	0.15468754628836	0.258242459295894	0.205205639331878	0.2017218676614	0.249977705487455	0.174787502156726	0.230343797375434	0.229262297131611	0.253974461314153	0.202066802527041	0.198428359027818	0.31570341056235	0.163852813008515	0.15805234436152	0.291137276046496	0.211460541317131	0.212856759756073	0.181792821909904	0.272256270318414	0.196865330507689	0.204859432772377	0.188008088148567	0.208861361687553	0.15815309840547	0.198582914683391	0.177955930573234	0.274963140083057	0.146787300362031	0.240554855305783	0.149155832195297	0.215666360802041	0.194445054703675	0.175978884477312	0.126036270533448	0.225639468289894	0.172568943812043	0.285070441730921	0.285937594652028	0.206489516579577	0.242047083349717	0.194468831625211	0.260527412125066	0.217319666052136	0.240572119284993	0.219737610096918	0.254997420575783	0.23014072619464
700023927	0.310433665176267	0.2628195635083	0.0985207611368488	0.434958740836073	0.244167882538307	0	0.321968851983521	0.183107565515232	0.265086471987134	0.118639057734983	0.123408143717065	0.125722476345933	0.164729259996064	0.155924730756197	0.176965604008494	0.155280581955648	0.174995660471065	0.0848753926053229	0.229181231725008	0.324190322504145	0.230591490635452	0.144467613597465	0.282800217808308	0.268719009762574	0.284309189301432	0.292521006204298	0.208474787610063	0.370091760881481	0.271389414708807	0.183845764095394	0.111477603523269	0.185269775589031	0.174864622970659	0.1045104134763	0.318228306909346	0.203385802169211	0.187863819134214	0.098439188245556	0.28014285981104	0.238011950998599	0.237885583564444	0.127068942365809	0.186069024793555	0.244010362232348	0.208900467631992	0.189280478151852	0.213278963293998	0.126824619747629	0.108644633770486	0.104800574235877	0.15762285076103	0.316057767280962	0.347999654327462	0.200235459080172	0.367354380105739	0.128227111003557	0.203076995284051	0.285058061567995	0.0944808758632292	0.266048162702638
700106341	0.105029272151186	0.250945951892034	0.323204672782128	0.195911940852683	0.231445619345821	0.321968851983521	0	0.319232832095611	0.127249913080463	0.299278324353819	0.229789435208167	0.339832750048564	0.31814146152774	0.258449738159037	0.334021626696753	0.212280969274673	0.308857027177597	0.314918597273434	0.162288622399088	0.0858768234934751	0.166078060486199	0.255001598559011	0.125988471930117	0.117785222904068	0.122750197506642	0.210306412161151	0.277048587397376	0.353174162706255	0.307292827238368	0.314846293978709	0.282536830541878	0.218269347948572	0.224098559855377	0.291787375690522	0.195529179311464	0.15505564326163	0.267552071340487	0.325345989954086	0.13117144280832	0.377188692628872	0.159848513077016	0.323980043630681	0.219483724605281	0.167219016271194	0.279587554442448	0.251440538365147	0.196594436598624	0.290169476729772	0.262073480492427	0.305890499185205	0.294995566327082	0.0723042606563675	0.0702539243916599	0.15414350273665	0.134304203107203	0.299762978241489	0.152535009681163	0.104800448249096	0.28556175297901	0.112236721091329
700114221	0.315419231733071	0.167490379645992	0.203608439544636	0.420043192163029	0.210578845083333	0.183107565515232	0.319232832095611	0	0.277718258253861	0.0975654841939238	0.216329068086297	0.227118459266061	0.0833395144326414	0.151540262990738	0.133943766178527	0.245086475563114	0.0620522750388622	0.236994581407014	0.278321670169939	0.288107181886984	0.276331452611154	0.253361334897193	0.290908083848798	0.300034883912391	0.3716939484553	0.258550517330895	0.136563799958405	0.265075437052865	0.150892084969029	0.104328535823824	0.16927735534185	0.261068531390802	0.196454777810651	0.156625058844048	0.281994985910726	0.218957234510534	0.2481927261809	0.139743811405802	0.269902749799032	0.132053446799301	0.219656708786786	0.0901021556985901	0.211289803078537	0.251631174382138	0.107235082205203	0.170648342706357	0.185418383497141	0.124944922526083	0.167795212602073	0.216658338418644	0.276704731078907	0.307158642902042	0.332370439444909	0.25754243006819	0.396105614936413	0.102401476609851	0.251325689989015	0.314052892106018	0.200999563166183	0.303864208577427
700023543	0.131285918222557	0.198057608157795	0.279299424510281	0.299514473169291	0.182621353780987	0.265086471987134	0.127249913080463	0.277718258253861	0	0.235709053511076	0.176383653886668	0.302790216919062	0.276328500637363	0.205134883737533	0.298770345526482	0.155270885429847	0.26052100994156	0.258154933382107	0.112045898706345	0.171750936162231	0.166347052311056	0.204970977929971	0.16407148277837	0.0988574726508091	0.184822259762543	0.192623711178586	0.214975272456348	0.326014803545271	0.294018809428979	0.261109501703792	0.214599400277114	0.1573801707355	0.188248709036967	0.232823803393772	0.181205832833811	0.14529074199375	0.199544482471354	0.268150969621514	0.105340789670035	0.343590874443863	0.132826357848839	0.282700364465039	0.161382764816156	0.10448548465773	0.252563937492685	0.220339795688827	0.141493190411162	0.240676668687679	0.21093820068098	0.260857483877595	0.259382142100039	0.122038940683046	0.163461537957776	0.129436631281429	0.199506004806106	0.250597307051608	0.183403445555842	0.114008231019371	0.253163649122653	0.119072124091511
700023439	0.285125213868841	0.176376512172063	0.156849384535949	0.409380698425893	0.207742945561532	0.118639057734983	0.299278324353819	0.0975654841939238	0.235709053511076	0	0.166653877609361	0.196571260785213	0.0857658974601378	0.103955084277223	0.14474192653857	0.199462830019574	0.0834455847667878	0.16390302048918	0.230333451296055	0.274753657984831	0.245040491214127	0.210615495876671	0.260621598307484	0.25202056851092	0.32735837443808	0.257423821883548	0.138069694144616	0.292267144351119	0.188873757861062	0.116713438579629	0.10286403074657	0.225250600527295	0.158686845804518	0.103477563628094	0.280414126818387	0.18094933634862	0.184713548339923	0.107285525122481	0.241679063617637	0.163682742167155	0.185415123532442	0.0964609422423817	0.164478975641754	0.215277178186597	0.130529841210903	0.157829605496674	0.159375429658812	0.103747046033306	0.10094221783607	0.175081954624131	0.230441165743953	0.278893364855843	0.316317516131533	0.200854315877617	0.360681787781682	0.0861523720130071	0.209150850524965	0.264820022326465	0.16103499282416	0.260651930687886
700016978	0.230958897354491	0.207281929550564	0.133426858454401	0.368490538933675	0.203163757587762	0.123408143717065	0.229789435208167	0.216329068086297	0.176383653886668	0.166653877609361	0	0.156513390128655	0.212669814736381	0.16851476180662	0.238420274516818	0.0716276341018095	0.188292946340836	0.112333349644628	0.163614088554804	0.235301330993757	0.158617195533802	0.073812690576905	0.224083527904646	0.18755478828528	0.202989714846503	0.248310194119938	0.19613733302306	0.313070323447221	0.258713241101347	0.211564100785244	0.122525842229449	0.125822733461797	0.0869841724041595	0.103920545109687	0.261144004563111	0.137799528894371	0.161810639009581	0.184096223780699	0.187197687561068	0.285068220883927	0.16317415055637	0.169811928151351	0.128553267553268	0.156419011853549	0.18921243768963	0.17968041309275	0.148369399410925	0.148627336699013	0.133384218402999	0.129102527104576	0.125939850060523	0.232508671718182	0.261407086970275	0.134223033358612	0.299299650433611	0.158648913071926	0.150443568786753	0.200154657579948	0.10926278025412	0.190917408217896
700024192	0.3558263359821	0.318928623145674	0.0680729744165336	0.453744538475746	0.306183928198803	0.125722476345933	0.339832750048564	0.227118459266061	0.302790216919062	0.196571260785213	0.156513390128655	0	0.214981536886818	0.24253950191964	0.209153915625222	0.172320187580868	0.203987642266076	0.136302595863712	0.267707010632619	0.346158174312984	0.236119810623239	0.11856359920414	0.332192601874099	0.313631455336674	0.295145002492408	0.345294262284553	0.280218453296167	0.395109183700979	0.302871119349968	0.265013432834158	0.185543715017311	0.187890227376457	0.200680262399961	0.165198626914946	0.375432590445909	0.236212228515767	0.258649852761361	0.179042175081161	0.319415797136807	0.271284899772819	0.272323569741434	0.162889286050908	0.254804032670748	0.263939621069577	0.214300954462274	0.231073356358159	0.25289673062156	0.14499903445499	0.20037432325656	0.0733427859838971	0.114621527109561	0.347729784042733	0.370253421006082	0.242873965523922	0.417182016507617	0.168120482087197	0.229166489523154	0.316784026811935	0.108249107804406	0.293951767507436
700113058	0.32096936419176	0.200051493751473	0.188224270095378	0.420415069136515	0.238097727139249	0.164729259996064	0.31814146152774	0.0833395144326414	0.276328500637363	0.0857658974601378	0.212669814736381	0.214981536886818	0	0.156432595734964	0.132252699996927	0.241636403174426	0.108754312744737	0.222303690489764	0.279468051863167	0.283169310356955	0.285904762450591	0.244454500944685	0.300048761066361	0.299865983833869	0.362529270808232	0.282295496275898	0.165566303255555	0.27577186825405	0.179955648736287	0.109338212118529	0.166637096479846	0.254210911444426	0.194292683519729	0.154667830392578	0.310547568088194	0.222153109053904	0.24525675837856	0.141001990030539	0.275119173369495	0.150096256395986	0.222075575290658	0.0742620118386787	0.221051111688715	0.248304966127893	0.118986825368073	0.198900697811496	0.205869142259576	0.128829386722188	0.165120266354659	0.19979617605295	0.260313620689531	0.30587044183885	0.340041623311652	0.261513156109149	0.402360272147537	0.0930337937448659	0.246650224578184	0.30780247727559	0.18679221961508	0.296272012311878
700099448	0.221156790919629	0.156230511047808	0.199557384430275	0.37182500480745	0.15468754628836	0.155924730756197	0.258449738159037	0.151540262990738	0.205134883737533	0.103955084277223	0.16851476180662	0.24253950191964	0.156432595734964	0	0.190573313146914	0.190763317096146	0.131704064801318	0.187400897150299	0.177974139801316	0.234351565820373	0.219953932680995	0.216523810645105	0.210908738318921	0.199319333639962	0.300071980680674	0.197715892787136	0.112030968963189	0.289823129826877	0.173530097473118	0.140161546206124	0.12155545394719	0.231270358127752	0.148690304745493	0.126260327733892	0.231323626090686	0.163086931936603	0.1569737167542	0.1369802872841	0.203015158470299	0.220672121973154	0.164965343807789	0.162609123942154	0.13121299426144	0.208849136941926	0.138321258452346	0.137017565119431	0.129592952964384	0.153467230995813	0.0799426845215448	0.20706691587407	0.235537049858201	0.23238596630535	0.274833363593597	0.179301763433054	0.287244237131456	0.140739307798312	0.186238738617304	0.231836596710802	0.175703371548263	0.234895481755831
700109870	0.332449558927805	0.248612554976473	0.189090366616204	0.429487370053139	0.258242459295894	0.176965604008494	0.334021626696753	0.133943766178527	0.298770345526482	0.14474192653857	0.238420274516818	0.209153915625222	0.132252699996927	0.190573313146914	0	0.262425896652386	0.150031034026585	0.245823907960321	0.2941767966481	0.329756710334118	0.283435263712918	0.263076495090515	0.294423541879434	0.319581830634145	0.378829434487931	0.310582330761286	0.216611093240225	0.344124026733118	0.223827745637847	0.175079696549986	0.20283946838217	0.274179463599017	0.242005464433121	0.205303912831187	0.339230211776233	0.24425420691522	0.265614045880935	0.132785639213115	0.299907846258424	0.172455674698997	0.264536311899234	0.139021174537735	0.264673241925461	0.287798813758338	0.186017943289457	0.18181541569446	0.236076204245518	0.129239373829056	0.188926691575762	0.200323420709117	0.27001697916135	0.333013776343354	0.347789820909682	0.277393091729706	0.392084216588721	0.137655766517291	0.264875903629723	0.345356135796945	0.195920506559137	0.315295433448991
700033928	0.209114500764727	0.233145704119954	0.151623891488599	0.346219248776908	0.205205639331878	0.155280581955648	0.212280969274673	0.245086475563114	0.155270885429847	0.199462830019574	0.0716276341018095	0.172320187580868	0.241636403174426	0.190763317096146	0.262425896652386	0	0.221291240772314	0.133480654160499	0.14789984612449	0.230939858435046	0.157716448733656	0.0891669271502107	0.2257477619682	0.16373857864939	0.209998257779483	0.23462749444564	0.224415119225341	0.333878399064236	0.281748439118211	0.24287325007871	0.152931564598555	0.146058036890593	0.100992295918993	0.132777672589808	0.254948160455173	0.163499048655839	0.188749150693768	0.211556908629204	0.181142687765233	0.310199554832781	0.145270161245188	0.196420706204903	0.143427634109428	0.168039162449157	0.20677346669652	0.19351790945825	0.13875111244987	0.181177818375577	0.171109640069203	0.137442456071436	0.127727153833724	0.204101886157446	0.239657110729297	0.149447701965623	0.282945872024455	0.18759556795173	0.159646946577349	0.171253133331243	0.123437882988374	0.16953904612176
700023693	0.310009101189644	0.165048184853439	0.188081768705778	0.418344615859978	0.2017218676614	0.174995660471065	0.308857027177597	0.0620522750388622	0.26052100994156	0.0834455847667878	0.188292946340836	0.203987642266076	0.108754312744737	0.131704064801318	0.150031034026585	0.221291240772314	0	0.211316501705637	0.256821293589831	0.273139648144128	0.237698302379864	0.232841577964224	0.281630275945749	0.277980180841097	0.348775800948761	0.253845757875144	0.140583708308114	0.275104042999924	0.143823557495116	0.120791258581218	0.13780024218551	0.241123748440042	0.171986493908276	0.135028549567334	0.280911111372849	0.196909688710575	0.221224688481123	0.143085046240444	0.259973222248178	0.137286046538633	0.197402269075063	0.105171043152123	0.182242121959538	0.228886930881354	0.0808552890263285	0.14923607995678	0.158128904286315	0.102137556987223	0.140743530223312	0.206748469153352	0.256465586022659	0.296918223953122	0.327119069294645	0.230061951556492	0.386021529908828	0.100242100438891	0.22717494765558	0.290316335576764	0.196895504252796	0.281176174266114
700109627	0.289310648253356	0.278053623358319	0.112794086985664	0.429711980102096	0.249977705487455	0.0848753926053229	0.314918597273434	0.236994581407014	0.258154933382107	0.16390302048918	0.112333349644628	0.136302595863712	0.222303690489764	0.187400897150299	0.245823907960321	0.133480654160499	0.211316501705637	0	0.226714735760182	0.31424151639232	0.243658699220061	0.117831265480105	0.293264131742272	0.245308111754675	0.276015173737619	0.302005407037784	0.226548827168216	0.359985363658716	0.320493129639207	0.232506429786155	0.123225153263301	0.199365329038828	0.167163752544867	0.117221011532698	0.315794153568058	0.218005550285634	0.171055613256916	0.15372563595529	0.266955054548057	0.297540673564024	0.244727434621176	0.188437881769636	0.186465655999754	0.23720170582262	0.243940119794047	0.22574622724512	0.221241594294122	0.180454608625312	0.135584119084825	0.122902308643585	0.126293629482841	0.312720432564618	0.343004273140017	0.211724723000405	0.351848532549665	0.184416401080294	0.217707200823898	0.277470037030729	0.128301500410284	0.274295740182716
700095416	0.133435405599576	0.214163977554409	0.25995340978271	0.313329380258157	0.174787502156726	0.229181231725008	0.162288622399088	0.278321670169939	0.112045898706345	0.230333451296055	0.163614088554804	0.267707010632619	0.279468051863167	0.177974139801316	0.2941767966481	0.14789984612449	0.256821293589831	0.226714735760182	0	0.192418056921192	0.132303111347975	0.190280186006548	0.165105430114968	0.0907986434759731	0.191575557620174	0.181382633954003	0.211179379339035	0.348013337963034	0.274981001162193	0.269799428344065	0.196321579510202	0.17279770168919	0.174068176169169	0.225761409617859	0.201060669730198	0.141186370573003	0.176931859900983	0.231318969239396	0.130133359122414	0.342908819174973	0.114933201212131	0.276818108346816	0.143491927711774	0.167729659117513	0.236108421862602	0.191889365792789	0.122961672288272	0.232387404469057	0.173874146456746	0.238818487940818	0.228705839989863	0.153467135375935	0.199217786044578	0.0941465136145289	0.190090177191649	0.244375272142275	0.158003066831702	0.144098852400881	0.221035622922886	0.146768709018702
700110425	0.134615106622338	0.22173884453999	0.319685404151062	0.208878374171171	0.230343797375434	0.324190322504145	0.0858768234934751	0.288107181886984	0.171750936162231	0.274753657984831	0.235301330993757	0.346158174312984	0.283169310356955	0.234351565820373	0.329756710334118	0.230939858435046	0.273139648144128	0.31424151639232	0.192418056921192	0	0.183608752540344	0.265958576068069	0.126473734198308	0.133627370133987	0.152499803695785	0.217204145834945	0.238999693003199	0.311992332170381	0.276304719971704	0.277095430566834	0.26667981199216	0.255536983656749	0.192739894451894	0.264209965836917	0.197631718011307	0.151794768053291	0.270735141698849	0.318895956931959	0.135597437047604	0.35103768584556	0.160066946952052	0.287574550334546	0.189103474919786	0.162236211039216	0.243335938796424	0.257279546419855	0.173686704052984	0.279971735142207	0.256014866087842	0.313530938845795	0.301049510764955	0.0999255421576782	0.0892912506496168	0.171387593242375	0.16422204826061	0.267480862067488	0.145375583188917	0.13298137741339	0.2914803648551	0.159020898703726
700111580	0.174914501681484	0.246977984875147	0.254020323533	0.30212013724032	0.229262297131611	0.230591490635452	0.166078060486199	0.276331452611154	0.166347052311056	0.245040491214127	0.158617195533802	0.236119810623239	0.285904762450591	0.219953932680995	0.283435263712918	0.157716448733656	0.237698302379864	0.243658699220061	0.132303111347975	0.183608752540344	0	0.163752103488456	0.172439395114694	0.138200816745105	0.137426419904186	0.248662759842798	0.274046550377163	0.381142577224855	0.2543526439154	0.294126343135312	0.19248356355475	0.146911452984141	0.164039559199549	0.229322340489591	0.257552358572422	0.110381297156924	0.241578326982332	0.241933797554848	0.168202194304335	0.324898736326086	0.140707988240417	0.248503114387421	0.17747939454591	0.161756974503262	0.213176260727798	0.184987227073932	0.143476040130471	0.193994888526659	0.192681596726565	0.204028854888116	0.215330214255774	0.159394147431687	0.19730985646524	0.091952215582703	0.233770251421902	0.224585303248539	0.0934277578910988	0.127669053440575	0.183802067431178	0.120284065939378
700111302	0.262601519508364	0.247009574344723	0.113925936791117	0.391286457421617	0.253974461314153	0.144467613597465	0.255001598559011	0.253361334897193	0.204970977929971	0.210615495876671	0.073812690576905	0.11856359920414	0.244454500944685	0.216523810645105	0.263076495090515	0.0891669271502107	0.232841577964224	0.117831265480105	0.190280186006548	0.265958576068069	0.163752103488456	0	0.2612544950314	0.218312176458662	0.203126428389896	0.28828741754799	0.24516649917142	0.356794063077511	0.304135253688244	0.261807887523351	0.171922184712798	0.11996526230287	0.124163267220906	0.143450223933664	0.300189372087683	0.171909620138955	0.208990182572302	0.214169771371774	0.224479479304486	0.309187582809393	0.206775755365903	0.197746253259849	0.175523685450612	0.187868029195506	0.226473140650371	0.22539676388979	0.190412475874275	0.175969874823338	0.184262116642205	0.0809165842128254	0.0937670123563984	0.256537222819899	0.286674169776665	0.165152210097412	0.329482930326538	0.186433876271218	0.178171189552575	0.223783614166328	0.0980491255807508	0.211751975140613
700098605	0.139934275194079	0.183047541890543	0.309073930341104	0.233467001904066	0.202066802527041	0.282800217808308	0.125988471930117	0.290908083848798	0.16407148277837	0.260621598307484	0.224083527904646	0.332192601874099	0.300048761066361	0.210908738318921	0.294423541879434	0.2257477619682	0.281630275945749	0.293264131742272	0.165105430114968	0.126473734198308	0.172439395114694	0.2612544950314	0	0.137950345034182	0.192030942904163	0.196840644241052	0.225414209645841	0.331098926850345	0.268113888658038	0.284377653801647	0.236890008075509	0.243524256958717	0.225059221334013	0.264164394249963	0.193417740580653	0.14408582595267	0.240559028722208	0.276968861842652	0.140952309903951	0.332357767013299	0.16414449739368	0.305903934926141	0.202331441214416	0.197252241987149	0.268390817455403	0.188678824350702	0.170521570418524	0.263909010649513	0.21712224432912	0.294832066855694	0.30060832412868	0.131944219008592	0.124619117356742	0.149169115694151	0.138662630115944	0.2768438226697	0.166420448403389	0.174224357037094	0.2720801679221	0.151269979675128
700111991	0.07143313659221	0.222849793784396	0.288829459058642	0.261458576485066	0.198428359027818	0.268719009762574	0.117785222904068	0.300034883912391	0.0988574726508091	0.25202056851092	0.18755478828528	0.313631455336674	0.299865983833869	0.199319333639962	0.319581830634145	0.16373857864939	0.277980180841097	0.245308111754675	0.0907986434759731	0.133627370133987	0.138200816745105	0.218312176458662	0.137950345034182	0	0.169042616891302	0.164510416233396	0.220892824864796	0.331991780789151	0.290435999784148	0.285729143179529	0.225838467858723	0.211054706647145	0.186300259563803	0.244934664839613	0.169822229375662	0.12391944193285	0.199959157949025	0.26899475313617	0.093357315411079	0.366392256014799	0.119538221472973	0.300564375541714	0.165051895758582	0.160412269623134	0.255504266446484	0.210036567729089	0.14012772566781	0.255359897350552	0.200381912975242	0.275712665047852	0.253481667312886	0.106332847160219	0.146203511577444	0.114560989110198	0.144723459710296	0.273813467618114	0.14987218589051	0.107232956213941	0.254879544392172	0.135173301466134
700108960	0.188589108070993	0.31880649883132	0.297099428757344	0.270138437492262	0.31570341056235	0.284309189301432	0.122750197506642	0.3716939484553	0.184822259762543	0.32735837443808	0.202989714846503	0.295145002492408	0.362529270808232	0.300071980680674	0.378829434487931	0.209998257779483	0.348775800948761	0.276015173737619	0.191575557620174	0.152499803695785	0.137426419904186	0.203126428389896	0.192030942904163	0.169042616891302	0	0.309232211278126	0.330459786763923	0.417377780456011	0.360144033254291	0.361166288836104	0.275726813016204	0.150899844135754	0.217720987553576	0.283110014443238	0.293472686151301	0.177572753401233	0.294201366281339	0.330854192230387	0.203178868038731	0.426214385826556	0.218818576696479	0.317116847146047	0.234141334602999	0.175280885727793	0.319371799412895	0.302349091689908	0.23860041595709	0.299427130250413	0.277206360368018	0.260979375726668	0.255770437620449	0.166821085588704	0.149504555236227	0.152840863680318	0.196242823233556	0.312635949198047	0.14989478201545	0.142861681244188	0.241605556579522	0.134322168175937
700024452	0.156311652755114	0.160880937205531	0.320855356455893	0.272342669974392	0.163852813008515	0.292521006204298	0.210306412161151	0.258550517330895	0.192623711178586	0.257423821883548	0.248310194119938	0.345294262284553	0.282295496275898	0.197715892787136	0.310582330761286	0.23462749444564	0.253845757875144	0.302005407037784	0.181382633954003	0.217204145834945	0.248662759842798	0.28828741754799	0.196840644241052	0.164510416233396	0.309232211278126	0	0.17519912011918	0.27271077520503	0.197411800895017	0.233979839557895	0.26511929418584	0.286820026783769	0.218105019714743	0.252140518132298	0.0782749311841106	0.197395145139023	0.25359089655242	0.291710733018154	0.153605011349677	0.297490174387761	0.152329080591341	0.29213303858261	0.200025881915703	0.23185824003208	0.23514222235659	0.192012695456596	0.16452259913787	0.280641852593391	0.221823498757607	0.313626874338816	0.315259552221982	0.177174248232301	0.212737511970783	0.201446759173166	0.203930917379839	0.272282112183708	0.225006618025173	0.196798034209737	0.282843317097977	0.236300998412545
700032931	0.229765999499307	0.120185775233545	0.23024842730615	0.373334150168475	0.15805234436152	0.208474787610063	0.277048587397376	0.136563799958405	0.214975272456348	0.138069694144616	0.19613733302306	0.280218453296167	0.165566303255555	0.112030968963189	0.216611093240225	0.224415119225341	0.140583708308114	0.226548827168216	0.211179379339035	0.238999693003199	0.274046550377163	0.24516649917142	0.225414209645841	0.220892824864796	0.330459786763923	0.17519912011918	0	0.22419051247909	0.157692125612825	0.127761969545684	0.178922765359254	0.268669456718238	0.165881713891743	0.152084875926114	0.197326382148378	0.203603495483311	0.185639916132121	0.19414753269228	0.209850951584972	0.212545960790526	0.194497812962013	0.172552149028959	0.148035698408249	0.219026240692672	0.150146378420794	0.1710381859113	0.162955169311218	0.184835017529165	0.14778422038194	0.243448038120142	0.274319597147548	0.250438683219594	0.275224968989518	0.220313547080034	0.300166071681871	0.165293538695159	0.245543256074254	0.255452983436294	0.225576796788268	0.276646862888589
700095837	0.333786951280237	0.221022186139894	0.357313966546672	0.429403696988185	0.291137276046496	0.370091760881481	0.353174162706255	0.265075437052865	0.326014803545271	0.292267144351119	0.313070323447221	0.395109183700979	0.27577186825405	0.289823129826877	0.344124026733118	0.333878399064236	0.275104042999924	0.359985363658716	0.348013337963034	0.311992332170381	0.381142577224855	0.356794063077511	0.331098926850345	0.331991780789151	0.417377780456011	0.27271077520503	0.22419051247909	0	0.203144018389503	0.224810011469776	0.323647951095323	0.378160299415266	0.283039523392936	0.289857643662897	0.271698074408054	0.317486831917655	0.323423964676097	0.356890753303261	0.29722276657852	0.331026504393263	0.299521862634114	0.294995037024098	0.289351216308783	0.3111981910644	0.260846918968913	0.315195503171392	0.287880343414383	0.319165103911523	0.315900258002951	0.372109324286098	0.373730838594939	0.342362493945595	0.353784929933075	0.346809568928868	0.398238572462399	0.301479111154537	0.353972761554849	0.352738469900473	0.358911305746938	0.370782425213326
700024548	0.296436784011398	0.147729275495619	0.278894332770124	0.378898998208542	0.211460541317131	0.271389414708807	0.307292827238368	0.150892084969029	0.294018809428979	0.188873757861062	0.258713241101347	0.302871119349968	0.179955648736287	0.173530097473118	0.223827745637847	0.281748439118211	0.143823557495116	0.320493129639207	0.274981001162193	0.276304719971704	0.2543526439154	0.304135253688244	0.268113888658038	0.290435999784148	0.360144033254291	0.197411800895017	0.157692125612825	0.203144018389503	0	0.144591506348951	0.234369742411192	0.315327572051803	0.213624070123289	0.22110692968856	0.224202707497529	0.220200568076227	0.296627664891304	0.241652592339579	0.259631022775832	0.194690718434243	0.217084758615611	0.192219474228416	0.227170171768608	0.279120407752594	0.117369161810655	0.150269661291724	0.190212637344529	0.197849861220922	0.204735883013915	0.29040307394756	0.319961736776128	0.289304079886797	0.307401308674785	0.247576910210946	0.346899659930745	0.198860660331076	0.247370043958344	0.300266109410014	0.256097394455458	0.305897185176282
700110161	0.300888617795006	0.176320437200726	0.218257851934228	0.41282312755894	0.212856759756073	0.183845764095394	0.314846293978709	0.104328535823824	0.261109501703792	0.116713438579629	0.211564100785244	0.265013432834158	0.109338212118529	0.140161546206124	0.175079696549986	0.24287325007871	0.120791258581218	0.232506429786155	0.269799428344065	0.277095430566834	0.294126343135312	0.261807887523351	0.284377653801647	0.285729143179529	0.361166288836104	0.233979839557895	0.127761969545684	0.224810011469776	0.144591506348951	0	0.178719303483826	0.274351359225674	0.198134435586101	0.153607819795141	0.255634678414337	0.228447456774454	0.224772421982759	0.163320197509243	0.261674037670125	0.194334017125941	0.227552011934956	0.134347769156838	0.194334970526674	0.247790945131338	0.145256094741103	0.197556745620565	0.200885226781622	0.171170150433443	0.159045762177274	0.235081885000495	0.283678644096704	0.292526354497083	0.329125365421461	0.248186778535726	0.374852970502712	0.142816188314236	0.254635588559161	0.295269733604506	0.217636176492621	0.302644074132021
700023496	0.264554021835166	0.194086521585472	0.159005964197073	0.3988369782183	0.181792821909904	0.111477603523269	0.282536830541878	0.16927735534185	0.214599400277114	0.10286403074657	0.122525842229449	0.185543715017311	0.166637096479846	0.12155545394719	0.20283946838217	0.152931564598555	0.13780024218551	0.123225153263301	0.196321579510202	0.26667981199216	0.19248356355475	0.171922184712798	0.236890008075509	0.225838467858723	0.275726813016204	0.26511929418584	0.178922765359254	0.323647951095323	0.234369742411192	0.178719303483826	0	0.199213585846685	0.129603858056996	0.0929245293481579	0.282822370526583	0.165770463062727	0.155972589106684	0.124541891094874	0.227385973159385	0.2347133235401	0.174857571284201	0.137809521569854	0.117794238120438	0.194921841162717	0.161169263046372	0.164766142733571	0.139479889301412	0.116896135567967	0.0875411301736685	0.17458525857848	0.193116652922993	0.266547526348516	0.303171795395354	0.167796455219642	0.335447501676061	0.118201821521683	0.181702599138671	0.236414536982169	0.165244733575247	0.227794446290098
700034628	0.257130230655762	0.260391693677526	0.200684995876611	0.384872755459757	0.272256270318414	0.185269775589031	0.218269347948572	0.261068531390802	0.1573801707355	0.225250600527295	0.125822733461797	0.187890227376457	0.254210911444426	0.231270358127752	0.274179463599017	0.146058036890593	0.241123748440042	0.199365329038828	0.17279770168919	0.255536983656749	0.146911452984141	0.11996526230287	0.243524256958717	0.211054706647145	0.150899844135754	0.286820026783769	0.268669456718238	0.378160299415266	0.315327572051803	0.274351359225674	0.199213585846685	0	0.168288706577141	0.183322866553931	0.287001713459452	0.143859781879643	0.23947397649941	0.22780261948169	0.220025595353405	0.320983585826736	0.213740093510758	0.211030955262387	0.201250688375414	0.134620548646326	0.234792205754168	0.237048877219137	0.205255565200968	0.189813656395323	0.200062564838697	0.154669845547866	0.19627448754554	0.241113739355812	0.263278021866084	0.150778124499259	0.310589322584602	0.198754778363024	0.160095920885201	0.189434989729298	0.151978783324081	0.145156308171626
700023645	0.217692519536236	0.172104845466513	0.165105345855207	0.345481725929455	0.196865330507689	0.174864622970659	0.224098559855377	0.196454777810651	0.188248709036967	0.158686845804518	0.0869841724041595	0.200680262399961	0.194292683519729	0.148690304745493	0.242005464433121	0.100992295918993	0.171986493908276	0.167163752544867	0.174068176169169	0.192739894451894	0.164039559199549	0.124163267220906	0.225059221334013	0.186300259563803	0.217720987553576	0.218105019714743	0.165881713891743	0.283039523392936	0.213624070123289	0.198134435586101	0.129603858056996	0.168288706577141	0	0.0996978486114722	0.235761278081806	0.126219067075398	0.194356774548818	0.204162065164323	0.177745525713513	0.265116243288089	0.133176678172919	0.149394047826925	0.105590194979707	0.141169116280753	0.150620525139892	0.183388469590469	0.111836171759639	0.155858747318469	0.158532775139214	0.170602618017033	0.160944878055372	0.214084040480223	0.243828295571603	0.154222124422042	0.301601642048394	0.136543274854513	0.15146642910742	0.177748517178139	0.147057339360462	0.188213808985424
700038744	0.276502807179857	0.192269974434997	0.125391260089985	0.401891293863587	0.204859432772377	0.1045104134763	0.291787375690522	0.156625058844048	0.232823803393772	0.103477563628094	0.103920545109687	0.165198626914946	0.154667830392578	0.126260327733892	0.205303912831187	0.132777672589808	0.135028549567334	0.117221011532698	0.225761409617859	0.264209965836917	0.229322340489591	0.143450223933664	0.264164394249963	0.244934664839613	0.283110014443238	0.252140518132298	0.152084875926114	0.289857643662897	0.22110692968856	0.153607819795141	0.0929245293481579	0.183322866553931	0.0996978486114722	0	0.270372924225418	0.173364018661713	0.183289695553679	0.146894209875022	0.240446370511535	0.225113379101977	0.189363572371767	0.113398652094111	0.132754934871562	0.197194497075174	0.14349402838325	0.181559139261497	0.164154900431949	0.129909692893043	0.118663244882593	0.14925798352188	0.169585652450814	0.275205274000833	0.310791691980515	0.195908644557484	0.352558839770068	0.114704793390856	0.196002753662526	0.24125008660138	0.136067465006404	0.245515010035604
700038485	0.164197361452476	0.175364507839072	0.343026725753086	0.265111790376676	0.188008088148567	0.318228306909346	0.195529179311464	0.281994985910726	0.181205832833811	0.280414126818387	0.261144004563111	0.375432590445909	0.310547568088194	0.231323626090686	0.339230211776233	0.254948160455173	0.280911111372849	0.315794153568058	0.201060669730198	0.197631718011307	0.257552358572422	0.300189372087683	0.193417740580653	0.169822229375662	0.293472686151301	0.0782749311841106	0.197326382148378	0.271698074408054	0.224202707497529	0.255634678414337	0.282822370526583	0.287001713459452	0.235761278081806	0.270372924225418	0	0.198595787262281	0.268536297501187	0.32277168525357	0.140408468828336	0.323588791983386	0.180499976894089	0.318733734561274	0.208439209075805	0.211629072155135	0.265472693743767	0.215633510604874	0.188139064637698	0.313778380829615	0.251719791062303	0.347650741619743	0.32939634099835	0.174316604828401	0.193214334902499	0.195498006294894	0.191997681623687	0.300522548608359	0.239406476245868	0.184110544210066	0.313232027882519	0.230981314809369
700024743	0.171167834778924	0.179096763117159	0.209434834783061	0.299557955686393	0.208861361687553	0.203385802169211	0.15505564326163	0.218957234510534	0.14529074199375	0.18094933634862	0.137799528894371	0.236212228515767	0.222153109053904	0.163086931936603	0.24425420691522	0.163499048655839	0.196909688710575	0.218005550285634	0.141186370573003	0.151794768053291	0.110381297156924	0.171909620138955	0.14408582595267	0.12391944193285	0.177572753401233	0.197395145139023	0.203603495483311	0.317486831917655	0.220200568076227	0.228447456774454	0.165770463062727	0.143859781879643	0.126219067075398	0.173364018661713	0.198595787262281	0	0.200394504762659	0.204841880739711	0.133604128602096	0.28442998846214	0.120737903211221	0.208199863762208	0.134094307540345	0.112146536336515	0.17999777750131	0.162500292520715	0.123575130161948	0.163466341159543	0.142217257470717	0.201497563528206	0.216916187459869	0.158343978708819	0.188148229485154	0.0859129710828133	0.227110705340636	0.181950254366796	0.0949539409038097	0.136598817352129	0.175676806207038	0.120314173874554
