700108602	700014971	700033565	700109389	700023058	700023927	700106341	700114221	700023543	700023439	700016978	700024192	700113058	700099448	700109870	700033928	700023693	700109627	700095416	700110425	700111580	700111302	700098605	700111991	700108960	700024452	700032931	700095837	700024548	700110161	700023496	700034628	700023645	700038744	700038485	700024743	700099596	700110760	700101587	700106399	700032322	700095653	700021312	700101230	700023590	700038905	700033136	700023382	700096424	700105469	700016908	700096053	700108479	700109569	700033814	700016125	700109756	700102665	700101777	700109455
700108602	0	0.157213383562098	0.166593116124653	0.0945604363768539	0.116144552635579	0.167879737440099	0.0785788647699715	0.183683235980632	0.103433210640305	0.169308553390036	0.128846609360891	0.164455922261434	0.161030978537743	0.153203269901319	0.166283674538719	0.112144943203959	0.177163280230587	0.160096577661563	0.0946023476858161	0.0954429425534123	0.0968397031410205	0.121110041901519	0.114289847723805	0.0771070950408597	0.0929085443740594	0.105627650650313	0.158064191428963	0.125963520491189	0.15051567442995	0.163192699589772	0.159644042370227	0.124283828699866	0.1199124191527	0.163631379843151	0.122158044565936	0.120167993632205	0.144037087945908	0.177827762933605	0.0943731882931935	0.184249901892871	0.11888667304674	0.158940676126218	0.155006988520977	0.10961358206341	0.154301119015428	0.126991595032633	0.127192141211423	0.155596180288054	0.155302415880571	0.14456502449943	0.124516942148761	0.0929256200682945	0.0891040761616979	0.103901581156378	0.0928064182798335	0.165553843205228	0.110954871458992	0.0824836193236598	0.142248214798324	0.102765448644435
700014971	0.157213383562098	0	0.152533226252963	0.162118432258999	0.133507746238759	0.144542538261358	0.161959934511589	0.150998777119428	0.154381706890157	0.132517491035994	0.133623708275344	0.168270970243622	0.14433726906638	0.135155013836809	0.150989355571317	0.152880679550885	0.141424167527854	0.162017219491421	0.161582690506921	0.147161976233734	0.144700249345065	0.140361847816886	0.134033282262982	0.165257189184267	0.159557673866471	0.153570398195388	0.139399029869651	0.135502623412834	0.127836116427987	0.137741375888545	0.137091277044498	0.151692022086756	0.123222100838509	0.126429825355203	0.149798893131649	0.126066469775893	0.167065848026217	0.162829522660879	0.141734534892557	0.147409907374663	0.150056115660556	0.149212872842052	0.148151700399024	0.14850341091917	0.143228117194037	0.133008024675903	0.13675849659363	0.140346547720794	0.126325288541955	0.141477546723343	0.139954753798092	0.15692439069384	0.153009653435574	0.130683103797057	0.166307275445411	0.125443644843972	0.139307272551053	0.153747117163203	0.135041563148936	0.151661025311704
700033565	0.166593116124653	0.152533226252963	0	0.162791887685868	0.146764572205999	0.0586134675574006	0.151873090693873	0.105142543331352	0.163383933822881	0.0955256622019064	0.105697714615692	0.0772149632438721	0.0957965740510542	0.114723398474397	0.089003283417408	0.122314484149199	0.0959323590918996	0.091585273960473	0.150320861604267	0.144618248104615	0.148012570019008	0.102989552151893	0.136073171964521	0.152903247942541	0.14163188338008	0.168779686516606	0.135667276162283	0.146593316709786	0.117720647306825	0.0985863273922761	0.0934605877371355	0.110826117927937	0.105329416967622	0.0799487025141024	0.16209137387087	0.110428178937549	0.122013828301709	0.070971056420861	0.161153803226476	0.108278298556086	0.151408527065374	0.0794584690357378	0.128861367811666	0.128497711314635	0.109277984251822	0.118962255924002	0.144947766728641	0.0987974845786228	0.0982878820847053	0.0832434945566098	0.0931836206221488	0.172087600334721	0.154758282215207	0.127245644171391	0.18306635495672	0.112155433791702	0.130268273953582	0.160592081389094	0.0991083940249289	0.149315370540731
700109389	0.0945604363768539	0.162118432258999	0.162791887685868	0	0.14186868969761	0.164946333268774	0.0903597729568782	0.188893273980174	0.13067934421326	0.171135832538888	0.140438363448138	0.149068344137444	0.164526849234303	0.1576788506961	0.152547328006195	0.136433821043145	0.183698035563826	0.181963937213691	0.140104153115954	0.0892014455055734	0.103102698712184	0.135056047189981	0.109546418850219	0.118303122113397	0.0996221001446422	0.117804180823037	0.183736774985544	0.152015075879681	0.143536157256019	0.158668899065684	0.178296663025786	0.136883394849986	0.123707352764321	0.161468350082373	0.130014598266536	0.112535639750082	0.175663575461662	0.166537277276918	0.123603621359019	0.174330985381315	0.144876223258504	0.155793768695824	0.164766250892135	0.124567299651833	0.156546841181106	0.139317702297809	0.147895317473623	0.160849399764072	0.164771211134624	0.142694753346812	0.120376936329604	0.0973476997464209	0.0730597260139881	0.134151602864779	0.112331822927693	0.167740532803875	0.105623589859034	0.0859923897160898	0.11552363662361	0.0961158849336224
700023058	0.116144552635579	0.133507746238759	0.146764572205999	0.14186868969761	0	0.139532392393149	0.117950352113276	0.160597392939694	0.11628938601085	0.144790741908966	0.122384139499115	0.154013933813664	0.145078004563402	0.131170456978515	0.146932460178546	0.128661996020159	0.156632535272063	0.14078581357791	0.123271712076025	0.119655179991085	0.129580677469265	0.125308107884812	0.127546164711959	0.131831533008038	0.126087029863077	0.113872686612742	0.149601139334005	0.125691329872278	0.131080546718523	0.137788492816572	0.136131802224313	0.136371967661102	0.119938993603872	0.129416648845152	0.115349023691323	0.123510274650341	0.127573434085686	0.143847501981023	0.105043171749948	0.161297856947275	0.136965263184102	0.136963649143957	0.114452196689811	0.126312270612829	0.131360552470668	0.119437377496416	0.118054234230988	0.135935308072368	0.119134840249486	0.131170814988543	0.124625692439914	0.124591644834126	0.110404628427753	0.118331216883407	0.139755061734724	0.153450985515242	0.129690873063884	0.124607182072356	0.138719910083743	0.129085548328498
700023927	0.167879737440099	0.144542538261358	0.0586134675574006	0.164946333268774	0.139532392393149	0	0.152725194154808	0.104808001694199	0.162872035213474	0.0897548806880527	0.115067000822418	0.089288972474252	0.0996489293270111	0.097774272615543	0.0837978584095289	0.125388411310019	0.0913053761364858	0.0822175252910634	0.14625792145381	0.145448161382865	0.139476159096698	0.110478380063092	0.125706559077098	0.157869497943713	0.139654657541811	0.165290424848727	0.13558645840722	0.148888452027927	0.114239563499765	0.0987160509561114	0.0828031995864713	0.114959169491638	0.110625599689608	0.0730110246488186	0.162097750769743	0.113692464579743	0.125182396684151	0.0617489489702625	0.161864772547751	0.111783495229351	0.149211444666256	0.0844142281038963	0.122620869591177	0.131420349185267	0.110485729155221	0.116323656568244	0.143991551974967	0.0917010737345726	0.0899061586426302	0.0829179670237914	0.101465131228087	0.169381155046559	0.149921702817219	0.120465631141108	0.181288303648428	0.113689325122891	0.122266583118292	0.15832836736438	0.099370743525954	0.145014846846559
700106341	0.0785788647699715	0.161959934511589	0.151873090693873	0.0903597729568782	0.117950352113276	0.152725194154808	0	0.179597343300411	0.0735421736359424	0.161650910480251	0.119959458903031	0.132964939356858	0.146173948868558	0.146689069458803	0.147364264846025	0.112322905819303	0.169325390846636	0.16712906291156	0.104387101787286	0.0675239194863426	0.0780720146564554	0.0994167498295402	0.110521671461047	0.103063307007922	0.0619883638227396	0.118948521137349	0.178323058373133	0.147421640140545	0.157939813795463	0.152355628906919	0.157914962040787	0.0780734027289851	0.102921157518691	0.14890203435536	0.139633846565793	0.08794885366605	0.157435347335489	0.162438316468962	0.0922098212371517	0.172243206254415	0.124284910306993	0.140760527475523	0.143121095566729	0.0819742150606572	0.141773298426177	0.13322676428814	0.130954069254678	0.136315310311519	0.155126145508576	0.114213320060549	0.107006890015164	0.0710209066267845	0.0713302680930823	0.109639702180394	0.112385954416376	0.151877678223028	0.0907470838471649	0.0689798664259979	0.11190726934835	0.0646485772007324
700114221	0.183683235980632	0.150998777119428	0.105142543331352	0.188893273980174	0.160597392939694	0.104808001694199	0.179597343300411	0	0.178159375764466	0.0890653156136371	0.132588302644862	0.11829143807973	0.0986835277566288	0.154987006093066	0.0953392599239734	0.15276349064546	0.0694083815328637	0.134639786534001	0.173260131251798	0.171897649613654	0.164688762321489	0.138000542992308	0.16838121937381	0.1809972558942	0.176073311017785	0.188646873593184	0.144327893631296	0.149476644668855	0.114212401450332	0.11798802390172	0.106117151170194	0.146263146989607	0.130679552705243	0.116685463295511	0.181144291581703	0.134978809442208	0.143415157180456	0.0978102589839515	0.182191936098456	0.0929494437360253	0.163559200375907	0.0971195318622001	0.152834820261818	0.150830875548392	0.113852400567515	0.125652484199536	0.141848904072546	0.0847924423650552	0.13551926975275	0.106879558539105	0.13890762378784	0.193809717347751	0.175613473191327	0.142979714186797	0.210493861361568	0.10833808818901	0.141506663795171	0.193504166366963	0.128684601000605	0.170646949834609
700023543	0.103433210640305	0.154381706890157	0.163383933822881	0.13067934421326	0.11628938601085	0.162872035213474	0.0735421736359424	0.178159375764466	0	0.154558068505795	0.123551456298898	0.149306285681467	0.153549553277505	0.147318182672107	0.158122273969799	0.104028622574173	0.162582985526631	0.164239496335498	0.103134063371204	0.103859440623218	0.1068719033482	0.111261132757302	0.118561692240269	0.110462796091395	0.102844001457866	0.111347060245303	0.159820719120754	0.131691981004999	0.166526923130521	0.156393904531821	0.155530987293257	0.0965995354657411	0.114197097636405	0.15418198664237	0.119517159648678	0.120150905824226	0.145638612528424	0.170905683510804	0.0773014018490987	0.180475889057759	0.114087279876953	0.151149962747083	0.140360996788803	0.0896231991992408	0.159130121262011	0.135913955824259	0.114978561482023	0.141045295737414	0.164682426930464	0.127609460579467	0.119411776269922	0.0851856328578707	0.104234748746394	0.12556532230966	0.114531502608603	0.152813512694201	0.122472197729911	0.0930400106614818	0.132282940505534	0.0883782528757211
700023439	0.169308553390036	0.132517491035994	0.0955256622019064	0.171135832538888	0.144790741908966	0.0897548806880527	0.161650910480251	0.0890653156136371	0.154558068505795	0	0.113617124108892	0.105624404607274	0.0937932116383779	0.135627571587466	0.10099875839971	0.130074642116019	0.0701740717821574	0.109384845955914	0.150395864620769	0.155183847861796	0.141140092079196	0.113763722952439	0.153114177579167	0.15657150515979	0.152010155309793	0.169013899810917	0.144122235851999	0.13521086215796	0.105478344952383	0.110354088152232	0.106075504449266	0.131281189206183	0.100248691004111	0.0901353472694155	0.161153861783626	0.112832616076766	0.135735698091356	0.0896298005303071	0.157814728455238	0.0837545576969805	0.136547582979127	0.0856906477861972	0.141643362219325	0.138241493906685	0.102394766603567	0.110751778189843	0.123066224102507	0.0798745974030363	0.116927059281766	0.094914980300557	0.106081825615931	0.174462256915556	0.159503743931715	0.121247325795852	0.18366485054406	0.0892330792135124	0.123890849593046	0.166674978914427	0.113003666448329	0.15671070924362
700016978	0.128846609360891	0.133623708275344	0.105697714615692	0.140438363448138	0.122384139499115	0.115067000822418	0.119959458903031	0.132588302644862	0.123551456298898	0.113617124108892	0	0.112646513813329	0.11708181845348	0.125048997501501	0.134751047716532	0.0996066754370059	0.118550416256212	0.118139205017805	0.110339883386239	0.118312085161111	0.104202953621056	0.0833779250309162	0.124369150391115	0.118766667794554	0.105385292619477	0.143140525909296	0.135202468903229	0.118111891319673	0.132072151117552	0.119105047519456	0.107649969629913	0.106591060828956	0.0801185238698555	0.0971040861711242	0.150939935001826	0.0968217303843023	0.1167149541573	0.125711683415127	0.116231367422866	0.143482265630869	0.107783252624615	0.102407125024431	0.117871906201727	0.103004027436158	0.107459185454463	0.113436524757151	0.112549146883126	0.109681835178984	0.114828698447227	0.0975698553074893	0.0858652588479074	0.136643839103791	0.126638578695539	0.0927676011647341	0.13850296180506	0.120720255376194	0.111785225494994	0.130200997190901	0.103906188005694	0.124424910832926
700024192	0.164455922261434	0.168270970243622	0.0772149632438721	0.149068344137444	0.154013933813664	0.089288972474252	0.132964939356858	0.11829143807973	0.149306285681467	0.105624404607274	0.112646513813329	0	0.0953538989502993	0.144724493273661	0.0955125545047079	0.110252029912632	0.116860168902945	0.120647105118226	0.138036798696929	0.137691102621199	0.131433922651684	0.0827590733220795	0.143728460365128	0.149632930250272	0.12470419327354	0.164439990352566	0.155108465370065	0.143202037386841	0.128315758593095	0.122216009046483	0.114985631048902	0.0825512462894311	0.0936288003330304	0.0952032414564143	0.165817423725309	0.107099366256349	0.139905566658054	0.0943397574271221	0.161471015823584	0.104581943802857	0.14383252492737	0.0755802394654897	0.151895673711471	0.109579631849503	0.101855223604448	0.120960121869211	0.148582689799733	0.0807850644975965	0.133636151297382	0.0624014656053953	0.0767140071124242	0.165844121346259	0.144666662887994	0.135548691633846	0.187506261360618	0.103605076844122	0.114171365176517	0.152843774038902	0.0860455837015701	0.133503180630911
700113058	0.161030978537743	0.14433726906638	0.0957965740510542	0.164526849234303	0.145078004563402	0.0996489293270111	0.146173948868558	0.0986835277566288	0.153549553277505	0.0937932116383779	0.11708181845348	0.0953538989502993	0	0.128339401561505	0.0740754645283233	0.12309603486416	0.0976376672180425	0.126974607068752	0.148362256337343	0.143377606844055	0.135232468933126	0.107821836975173	0.144034276264004	0.154377194602761	0.140445800711404	0.163202497380417	0.146077751152258	0.122754848082045	0.105247418658	0.0993301266225069	0.113219803149555	0.11212035622981	0.102991290246382	0.096093820381351	0.167719842145398	0.118406656655822	0.136813826472088	0.105995441187474	0.160496234258023	0.0859983495116765	0.148620615328527	0.0651313745008248	0.158804635745951	0.122909898270333	0.0900797254316291	0.110188907433806	0.14922792012046	0.0756506317306228	0.120707097301705	0.083892956736717	0.116422456788892	0.162375909642648	0.148644505613648	0.138832943861069	0.189663342625817	0.0790370630783946	0.112877670154084	0.163794402996635	0.107419074657128	0.139972206455779
700099448	0.153203269901319	0.135155013836809	0.114723398474397	0.1576788506961	0.131170456978515	0.097774272615543	0.146689069458803	0.154987006093066	0.147318182672107	0.135627571587466	0.125048997501501	0.144724493273661	0.128339401561505	0	0.121713920209507	0.138328622448562	0.131264295179594	0.124847157782522	0.136650090281237	0.131985734341266	0.131944425914572	0.133398949675118	0.0995724575332907	0.145998762103105	0.140174438274387	0.121397464886562	0.131062230169638	0.144132958443958	0.120126818128602	0.102636672532708	0.115492597889898	0.141051465299495	0.123673982266343	0.107037236155651	0.133420202846943	0.121424571914098	0.129900847412779	0.118951217257026	0.133740213818566	0.153121473812948	0.142317698107734	0.125353092817381	0.115912025818629	0.142636520243696	0.12566736070939	0.122481283049584	0.12738343856518	0.133373266060146	0.0888140131229732	0.118950244606693	0.118128366557427	0.127893667455879	0.145303709482256	0.126468740137178	0.146355690825097	0.140496102526326	0.120571961441739	0.133218574122075	0.113167169739654	0.135740965450754
700109870	0.166283674538719	0.150989355571317	0.089003283417408	0.152547328006195	0.146932460178546	0.0837978584095289	0.147364264846025	0.0953392599239734	0.158122273969799	0.10099875839971	0.134751047716532	0.0955125545047079	0.0740754645283233	0.121713920209507	0	0.134054695597945	0.0974750152687581	0.120238391890665	0.150970564271462	0.135984343075277	0.131168590541964	0.120341848159418	0.130285046644588	0.163238322070298	0.137572851898706	0.161671170396867	0.145029590264134	0.141636071836461	0.111708915066122	0.0970238970306356	0.120332682520489	0.112512021331452	0.12335280925289	0.113973630151393	0.171536730961251	0.116550945492559	0.148108609845061	0.083332831999272	0.163236027061918	0.0948324884300821	0.159137870617603	0.0725064370770481	0.160355503836433	0.128110077991549	0.106324019704919	0.117007880526066	0.144706910278264	0.0819860407105022	0.126014916329478	0.0850193185429273	0.110977798273454	0.160015987657874	0.137476114794339	0.13962865481143	0.185379813283474	0.103265502775805	0.113181426214225	0.157349487921554	0.0957943194008053	0.136340239356141
700033928	0.112144943203959	0.152880679550885	0.122314484149199	0.136433821043145	0.128661996020159	0.125388411310019	0.112322905819303	0.15276349064546	0.104028622574173	0.130074642116019	0.0996066754370059	0.110252029912632	0.12309603486416	0.138328622448562	0.134054695597945	0	0.141212583483298	0.123126661159679	0.0998183506908213	0.121656141007409	0.0984522033584309	0.0842256853506027	0.121539537038033	0.0882954809678577	0.102527976055661	0.128622698948174	0.141298369467339	0.117143919794872	0.146763768591389	0.140394542841206	0.135638503252669	0.101538499251157	0.0899844433839896	0.124673773237975	0.125029899795905	0.12030286193404	0.118696701306201	0.138991635323793	0.103883988833647	0.152952037162052	0.0975502227504293	0.112180012113119	0.140635855411046	0.103273554656668	0.129835722605081	0.12213071667882	0.118155702656855	0.12259398889199	0.141327153892778	0.095511432280746	0.0831299133025923	0.121884524894365	0.121945007733088	0.112665015813331	0.125284381862665	0.125663001220919	0.115366501351853	0.111858179038011	0.113471634435249	0.110099102350182
700023693	0.177163280230587	0.141424167527854	0.0959323590918996	0.183698035563826	0.156632535272063	0.0913053761364858	0.169325390846636	0.0694083815328637	0.162582985526631	0.0701740717821574	0.118550416256212	0.116860168902945	0.0976376672180425	0.131264295179594	0.0974750152687581	0.141212583483298	0	0.11669624567575	0.156400066579426	0.162612401446528	0.149030098057865	0.123200652041634	0.152656769882944	0.169727253111382	0.162666809476532	0.181780264837201	0.148068385328502	0.148313453021056	0.115800092964054	0.111323207346507	0.0909783754095744	0.134253675466479	0.120101995794511	0.101244351360729	0.177964727450609	0.123491660849211	0.131646264125395	0.0939537169769767	0.165599117220306	0.0909263017321279	0.153149307825817	0.0941952124707168	0.133142244170683	0.143077487018629	0.109626871197008	0.122136312376669	0.135956325430623	0.0896878908736193	0.11815948269497	0.0998938838644348	0.122073003287112	0.184591456283877	0.168006326387015	0.132625346633875	0.195048776360066	0.106285645320771	0.131921639539414	0.180230706439386	0.127244595250533	0.160247036543118
700109627	0.160096577661563	0.162017219491421	0.091585273960473	0.181963937213691	0.14078581357791	0.0822175252910634	0.16712906291156	0.134639786534001	0.164239496335498	0.109384845955914	0.118139205017805	0.120647105118226	0.126974607068752	0.124847157782522	0.120238391890665	0.123126661159679	0.11669624567575	0	0.152430907536217	0.152204640585572	0.149301901615106	0.122217997830115	0.14340553034574	0.154318588131551	0.144718099036214	0.173652533169433	0.13348053139075	0.136779877936726	0.145284231499292	0.118385542215318	0.0955406294443569	0.139173082306729	0.125457981280628	0.10046223315662	0.165152777401342	0.141221503843145	0.113225191165832	0.0842650346050192	0.16421020913425	0.143347087379488	0.155468026285343	0.110144862594715	0.115438097281954	0.1346130768074	0.139504554553611	0.142784837502006	0.15142755463944	0.127638312709503	0.0917763170901774	0.116527045255926	0.117012214327463	0.181588037478612	0.164582556032504	0.129700655567325	0.173351881072539	0.129819136382594	0.139981819972924	0.168792572774483	0.133167583309041	0.164389516102446
700095416	0.0946023476858161	0.161582690506921	0.150320861604267	0.140104153115954	0.123271712076025	0.14625792145381	0.104387101787286	0.173260131251798	0.103134063371204	0.150395864620769	0.110339883386239	0.138036798696929	0.148362256337343	0.136650090281237	0.150970564271462	0.0998183506908213	0.156400066579426	0.152430907536217	0	0.115630075169639	0.0996289095705767	0.107470616393541	0.117634073220197	0.0971170852544712	0.104598308856762	0.1176336078157	0.141399757861949	0.130522182956123	0.151747032321343	0.153628134182715	0.143638500680232	0.110169495333217	0.107984958690696	0.144010609766846	0.132959757964541	0.123913505546786	0.118031759686141	0.157079164705435	0.0999398246430498	0.174699934226858	0.10836834610095	0.138543983762939	0.128863178687546	0.108923824588609	0.140035101507366	0.127019168908374	0.123694002817378	0.143818993648921	0.142930367617844	0.126923070161999	0.101435848524134	0.112803054571656	0.117524121831963	0.105571008491456	0.113465898218392	0.144659265875478	0.113625956339564	0.106471338117423	0.133901995424478	0.116085422252773
700110425	0.0954429425534123	0.147161976233734	0.144618248104615	0.0892014455055734	0.119655179991085	0.145448161382865	0.0675239194863426	0.171897649613654	0.103859440623218	0.155183847861796	0.118312085161111	0.137691102621199	0.143377606844055	0.131985734341266	0.135984343075277	0.121656141007409	0.162612401446528	0.152204640585572	0.115630075169639	0	0.0808510590401549	0.104162115813275	0.094538749393765	0.108994848050222	0.0599873346644033	0.122312263750596	0.158610815201564	0.123729981209663	0.141276726432129	0.136375382913028	0.156209260627496	0.104659197240893	0.101571704086241	0.147066196645707	0.139730916486968	0.0834565348262753	0.149724372555708	0.155051238224037	0.108603364017073	0.168631392782878	0.126285927634696	0.133850531339792	0.140856037633883	0.0895684407190586	0.133706784131379	0.124001259982399	0.124743689088606	0.138409814613421	0.14244061951244	0.116184749346609	0.106436148026007	0.0771362074787357	0.0535737375077736	0.111481136441983	0.119344508502276	0.14890880732279	0.0789876158692413	0.0727460099128609	0.10212039619393	0.0773613102461593
700111580	0.0968397031410205	0.144700249345065	0.148012570019008	0.103102698712184	0.129580677469265	0.139476159096698	0.0780720146564554	0.164688762321489	0.1068719033482	0.141140092079196	0.104202953621056	0.131433922651684	0.135232468933126	0.131944425914572	0.131168590541964	0.0984522033584309	0.149030098057865	0.149301901615106	0.0996289095705767	0.0808510590401549	0	0.088595309030141	0.100363264249277	0.0996306708730775	0.0682616659230593	0.126773292017174	0.158028677186916	0.134739885604611	0.13003402413107	0.144855921607665	0.146927781262171	0.0987924420841901	0.0832716132868832	0.136309063586847	0.149456392933113	0.0944658522603205	0.15160099334271	0.149646208996298	0.114533596944062	0.157531907589929	0.115022212992321	0.126539878582509	0.147067026580652	0.0917696791869097	0.120114023698908	0.109272633012965	0.115493787732972	0.121376330698814	0.135689654184553	0.11091763172127	0.102020130243806	0.0934314389845817	0.0941356592992804	0.0914010927044235	0.119233269619527	0.133834480228775	0.0675085967624614	0.0822119893531163	0.0939011705852016	0.0850216599535297
700111302	0.121110041901519	0.140361847816886	0.102989552151893	0.135056047189981	0.125308107884812	0.110478380063092	0.0994167498295402	0.138000542992308	0.111261132757302	0.113763722952439	0.0833779250309162	0.0827590733220795	0.107821836975173	0.133398949675118	0.120341848159418	0.0842256853506027	0.123200652041634	0.122217997830115	0.107470616393541	0.104162115813275	0.088595309030141	0	0.12792162577209	0.114510925008668	0.0879819461103905	0.147250474299137	0.150629499081899	0.128569306865315	0.138058227332013	0.12668997814893	0.11951558708239	0.0684527179120528	0.0669209221713245	0.093804261902304	0.153004307943046	0.0925945246655946	0.128863770044823	0.128196459081008	0.126402096223522	0.132100140158831	0.127421270588242	0.096380689548711	0.132112520298989	0.0904020342656464	0.107206162430513	0.126502302730688	0.126524914879292	0.0898533439805135	0.123970627403985	0.0704561685715119	0.0741570978691855	0.130385016527719	0.11973693190354	0.102104370806584	0.151730396073017	0.102662490739192	0.0961202087225824	0.120821925852408	0.0868547330968223	0.111020847161104
700098605	0.114289847723805	0.134033282262982	0.136073171964521	0.109546418850219	0.127546164711959	0.125706559077098	0.110521671461047	0.16838121937381	0.118561692240269	0.153114177579167	0.124369150391115	0.143728460365128	0.144034276264004	0.0995724575332907	0.130285046644588	0.121539537038033	0.152656769882944	0.14340553034574	0.117634073220197	0.094538749393765	0.100363264249277	0.12792162577209	0	0.125265711945356	0.114714383063028	0.110542807731995	0.137466757474872	0.128648982592271	0.134476980584789	0.121369066344474	0.140899347300488	0.123527830629066	0.112899006565207	0.132100568647051	0.129026921801627	0.109710742081358	0.132692596942833	0.130177157544925	0.117330620312509	0.159387258098385	0.126204889538313	0.139622839135446	0.130037839533311	0.113406564887831	0.145981006363742	0.118751497047715	0.120011236129251	0.140527266584946	0.124959550423678	0.119804507473106	0.111674011133724	0.10494601321313	0.102864336834702	0.114048614153748	0.112323366955634	0.149424159226746	0.111167039266512	0.0998343228388779	0.106069755220295	0.0837452672914142
700111991	0.0771070950408597	0.165257189184267	0.152903247942541	0.118303122113397	0.131831533008038	0.157869497943713	0.103063307007922	0.1809972558942	0.110462796091395	0.15657150515979	0.118766667794554	0.149632930250272	0.154377194602761	0.145998762103105	0.163238322070298	0.0882954809678577	0.169727253111382	0.154318588131551	0.0971170852544712	0.108994848050222	0.0996306708730775	0.114510925008668	0.125265711945356	0	0.102664638115402	0.107263215674923	0.141527970696406	0.131187606190601	0.14543190091611	0.16582308802106	0.158592478593169	0.134868807316298	0.111666826646016	0.151205994875451	0.118151362156405	0.119081951731279	0.142470034149781	0.159090553342931	0.105441650581516	0.178711510264414	0.0985105072709351	0.145927406828431	0.142667778289961	0.117043262690483	0.139627553910476	0.129206012648321	0.118742525678198	0.153485885676456	0.149991635473524	0.137654648339207	0.112004155288497	0.109412301178088	0.111118490501315	0.113441456754432	0.096143669318165	0.150169101343406	0.114068335183914	0.0964845345637613	0.136098699071577	0.111647265024143
700108960	0.0929085443740594	0.159557673866471	0.14163188338008	0.0996221001446422	0.126087029863077	0.139654657541811	0.0619883638227396	0.176073311017785	0.102844001457866	0.152010155309793	0.105385292619477	0.12470419327354	0.140445800711404	0.140174438274387	0.137572851898706	0.102527976055661	0.162666809476532	0.144718099036214	0.104598308856762	0.0599873346644033	0.0682616659230593	0.0879819461103905	0.114714383063028	0.102664638115402	0	0.134547086935529	0.175581454307466	0.135552503808409	0.149325507510116	0.142605777963732	0.156321356910833	0.086573604758727	0.0982705886507767	0.139345969082042	0.150023902455779	0.0955152974390789	0.151308488474203	0.149953422374933	0.111038800634102	0.167170141903505	0.126907266359411	0.127884524010853	0.148534210018581	0.0805163594391774	0.13489578525477	0.132171260750316	0.131633275831238	0.132014281896378	0.146138751347505	0.102045605292255	0.0957597452577574	0.0898036348570089	0.0654341600822264	0.103035131608149	0.115657768652054	0.146003860196785	0.0764996616513407	0.0779092611282688	0.098792537937735	0.082126588475241
700024452	0.105627650650313	0.153570398195388	0.168779686516606	0.117804180823037	0.113872686612742	0.165290424848727	0.118948521137349	0.188646873593184	0.111347060245303	0.169013899810917	0.143140525909296	0.164439990352566	0.163202497380417	0.121397464886562	0.161671170396867	0.128622698948174	0.181780264837201	0.173652533169433	0.1176336078157	0.122312263750596	0.126773292017174	0.147250474299137	0.110542807731995	0.107263215674923	0.134547086935529	0	0.150599707792606	0.133016274758901	0.125608890732156	0.155025198657048	0.1724727114147	0.147305942678955	0.121994794147028	0.162143820442733	0.0781799863873837	0.125484551383051	0.157553934067242	0.166673804445039	0.0972802268293515	0.174438028646142	0.117776115678549	0.156133042684137	0.145633239059733	0.128581332560662	0.155954468477859	0.116023204290911	0.116103276945079	0.163886832882218	0.154556855711027	0.150485526567227	0.129560151068408	0.0897651936272829	0.111346859080965	0.130881606821732	0.102703190980448	0.162318435681703	0.12990574749165	0.111400881899374	0.131686785408285	0.126635118887395
700032931	0.158064191428963	0.139399029869651	0.135667276162283	0.183736774985544	0.149601139334005	0.13558645840722	0.178323058373133	0.144327893631296	0.159820719120754	0.144122235851999	0.135202468903229	0.155108465370065	0.146077751152258	0.131062230169638	0.145029590264134	0.141298369467339	0.148068385328502	0.13348053139075	0.141399757861949	0.158610815201564	0.158028677186916	0.150629499081899	0.137466757474872	0.141527970696406	0.175581454307466	0.150599707792606	0	0.130915802693748	0.144547163689729	0.136448253712641	0.131298782111198	0.156891982269423	0.139525697275032	0.132389264913083	0.155381935768533	0.147590066098992	0.134572170721775	0.141900325750399	0.143871057084469	0.161073487871207	0.144279623292141	0.143787521527686	0.141400871702452	0.147646461752206	0.146476470166736	0.137737470576557	0.131492895671688	0.138288492860783	0.12050268239025	0.13747052170782	0.139038381180818	0.168431840762875	0.162339307017027	0.12518307623976	0.156604799543393	0.145533812360092	0.1535751533159	0.166744260743282	0.14198511495687	0.16499055766659
700095837	0.125963520491189	0.135502623412834	0.146593316709786	0.152015075879681	0.125691329872278	0.148888452027927	0.147421640140545	0.149476644668855	0.131691981004999	0.13521086215796	0.118111891319673	0.143202037386841	0.122754848082045	0.144132958443958	0.141636071836461	0.117143919794872	0.148313453021056	0.136779877936726	0.130522182956123	0.123729981209663	0.134739885604611	0.128569306865315	0.128648982592271	0.131187606190601	0.135552503808409	0.133016274758901	0.130915802693748	0	0.113176790141193	0.114980052304564	0.144467471994284	0.141573984212295	0.113602459976059	0.127739883180113	0.136783891886946	0.128967329378601	0.129190471176774	0.155052282345276	0.124284736550352	0.14369165449223	0.136577872246034	0.121790683522037	0.149268044687386	0.116811618876508	0.115538234480388	0.115124347490569	0.117758783254577	0.11700465092121	0.148092427151011	0.125162139305996	0.123675678822763	0.142388131764626	0.136448651013357	0.133714386080837	0.140241326406949	0.125415258771834	0.128161165468411	0.140134827042183	0.133098351359557	0.138924354005642
700024548	0.15051567442995	0.127836116427987	0.117720647306825	0.143536157256019	0.131080546718523	0.114239563499765	0.157939813795463	0.114212401450332	0.166526923130521	0.105478344952383	0.132072151117552	0.128315758593095	0.105247418658	0.120126818128602	0.111708915066122	0.146763768591389	0.115800092964054	0.145284231499292	0.151747032321343	0.141276726432129	0.13003402413107	0.138058227332013	0.134476980584789	0.14543190091611	0.149325507510116	0.125608890732156	0.144547163689729	0.113176790141193	0	0.110508678186881	0.129980480809651	0.153547970699937	0.10925224002319	0.112752585059637	0.129939016519098	0.10821724052142	0.150354066853015	0.122616660591775	0.151344476822094	0.102814896405732	0.139368948820777	0.109635753764682	0.140179389406309	0.152335300956766	0.0893847540822299	0.0815695469065684	0.131511124843003	0.108367401420202	0.123138415590733	0.124855818134708	0.120245924292833	0.153465278110183	0.144451784187359	0.12035565417249	0.158208527591421	0.118305605895423	0.114744382651822	0.156501225598171	0.115594299682247	0.15453360026254
700110161	0.163192699589772	0.137741375888545	0.0985863273922761	0.158668899065684	0.137788492816572	0.0987160509561114	0.152355628906919	0.11798802390172	0.156393904531821	0.110354088152232	0.119105047519456	0.122216009046483	0.0993301266225069	0.102636672532708	0.0970238970306356	0.140394542841206	0.111323207346507	0.118385542215318	0.153628134182715	0.136375382913028	0.144855921607665	0.12668997814893	0.121369066344474	0.16582308802106	0.142605777963732	0.155025198657048	0.136448253712641	0.114980052304564	0.110508678186881	0	0.112151846291738	0.125676120565098	0.12285432729953	0.0906571403615948	0.162248928071829	0.125064198012989	0.130963214511315	0.102336051427726	0.155974939433432	0.115932064823964	0.159606056302314	0.0941758967026541	0.141934341223527	0.124633843298043	0.111934283739801	0.124685636022832	0.148247080548478	0.0999386375232755	0.0997974662000724	0.0954690559206568	0.123946932339515	0.154488184577618	0.144489351916751	0.134569814327943	0.179247643841649	0.108540175137803	0.113178486400413	0.154250911179131	0.106399426536888	0.14139145217078
700023496	0.159644042370227	0.137091277044498	0.0934605877371355	0.178296663025786	0.136131802224313	0.0828031995864713	0.157914962040787	0.106117151170194	0.155530987293257	0.106075504449266	0.107649969629913	0.114985631048902	0.113219803149555	0.115492597889898	0.120332682520489	0.135638503252669	0.0909783754095744	0.0955406294443569	0.143638500680232	0.156209260627496	0.146927781262171	0.11951558708239	0.140899347300488	0.158592478593169	0.156321356910833	0.1724727114147	0.131298782111198	0.144467471994284	0.129980480809651	0.112151846291738	0	0.129738532774421	0.115526299436225	0.0873188010512756	0.160886983058163	0.125556117226143	0.115300194501666	0.105381391160258	0.15473331615933	0.125791178494903	0.14196386109121	0.110824666650024	0.107109109611932	0.1391274165634	0.110074730246958	0.11885910457495	0.136338325035146	0.0977730442842737	0.0967054021924968	0.106692108994975	0.113337629569477	0.179492821415628	0.165339932120795	0.117065646886309	0.186065563289094	0.113253609943131	0.134140624275561	0.173034125268469	0.13356140388693	0.157745183798842
700034628	0.124283828699866	0.151692022086756	0.110826117927937	0.136883394849986	0.136371967661102	0.114959169491638	0.0780734027289851	0.146263146989607	0.0965995354657411	0.131281189206183	0.106591060828956	0.0825512462894311	0.11212035622981	0.141051465299495	0.112512021331452	0.101538499251157	0.134253675466479	0.139173082306729	0.110169495333217	0.104659197240893	0.0987924420841901	0.0684527179120528	0.123527830629066	0.134868807316298	0.086573604758727	0.147305942678955	0.156891982269423	0.141573984212295	0.153547970699937	0.125676120565098	0.129738532774421	0	0.0911100047985446	0.118579848179142	0.159847172954077	0.0900145176838674	0.139294968208804	0.123525116854314	0.126688638013544	0.139433876207635	0.140938734511221	0.102624085177075	0.144567421517451	0.0720908016461731	0.124417066193018	0.133114271196981	0.134229450373284	0.100362187196396	0.141628575230247	0.0626157863063246	0.0878174723118928	0.117312301569991	0.116214397226101	0.112810527739062	0.16118799927437	0.108893079534568	0.109465350784317	0.10839019158651	0.0873828215413357	0.0877544284501797
700023645	0.1199124191527	0.123222100838509	0.105329416967622	0.123707352764321	0.119938993603872	0.110625599689608	0.102921157518691	0.130679552705243	0.114197097636405	0.100248691004111	0.0801185238698555	0.0936288003330304	0.102991290246382	0.123673982266343	0.12335280925289	0.0899844433839896	0.120101995794511	0.125457981280628	0.107984958690696	0.101571704086241	0.0832716132868832	0.0669209221713245	0.112899006565207	0.111666826646016	0.0982705886507767	0.121994794147028	0.139525697275032	0.113602459976059	0.10925224002319	0.12285432729953	0.115526299436225	0.0911100047985446	0	0.0920201245387575	0.127930382122457	0.0739886398114292	0.129912879617497	0.121705206105835	0.116512584384383	0.121451338246274	0.112094876012791	0.094083964212558	0.123640810741531	0.0924778165349742	0.09502944546665	0.0914744066597682	0.101822010059342	0.087368048372285	0.116299508362638	0.0823654456866158	0.0714742029360914	0.121498065466057	0.116188886241387	0.101726362739286	0.134498391117593	0.0971722928998516	0.0893582585546453	0.110217583941388	0.0765555083165905	0.107852461327541
700038744	0.163631379843151	0.126429825355203	0.0799487025141024	0.161468350082373	0.129416648845152	0.0730110246488186	0.14890203435536	0.116685463295511	0.15418198664237	0.0901353472694155	0.0971040861711242	0.0952032414564143	0.096093820381351	0.107037236155651	0.113973630151393	0.124673773237975	0.101244351360729	0.10046223315662	0.144010609766846	0.147066196645707	0.136309063586847	0.093804261902304	0.132100568647051	0.151205994875451	0.139345969082042	0.162143820442733	0.132389264913083	0.127739883180113	0.112752585059637	0.0906571403615948	0.0873188010512756	0.118579848179142	0.0920201245387575	0	0.153009496183795	0.108396812548052	0.12596123549227	0.0898435293673407	0.157574483832219	0.112434660751156	0.139103328905404	0.0835086455092885	0.113991486604636	0.128925596903213	0.101171002092367	0.107767764978317	0.136800983861063	0.0831848009949809	0.085910750861756	0.0878726175425462	0.101344263651767	0.167284481236608	0.150339656439754	0.120717577406737	0.178335857172001	0.0938084583978139	0.11881418010793	0.159793192473105	0.104428437526859	0.151610800583275
700038485	0.122158044565936	0.149798893131649	0.16209137387087	0.130014598266536	0.115349023691323	0.162097750769743	0.139633846565793	0.181144291581703	0.119517159648678	0.161153861783626	0.150939935001826	0.165817423725309	0.167719842145398	0.133420202846943	0.171536730961251	0.125029899795905	0.177964727450609	0.165152777401342	0.132959757964541	0.139730916486968	0.149456392933113	0.153004307943046	0.129026921801627	0.118151362156405	0.150023902455779	0.0781799863873837	0.155381935768533	0.136783891886946	0.129939016519098	0.162248928071829	0.160886983058163	0.159847172954077	0.127930382122457	0.153009496183795	0	0.139294128454208	0.146947891749402	0.166858147336325	0.111324625331687	0.170921361163173	0.129115868528236	0.164235939385064	0.143084560470358	0.142131522590492	0.156119092467795	0.115363806414485	0.118727742456389	0.167257164852371	0.155129523999121	0.156013334035862	0.131320684250901	0.114873136666934	0.131762372874911	0.138627590238711	0.112691056611738	0.157720754152666	0.146236548328222	0.128472019766425	0.148992238615013	0.142397700631959
700024743	0.120167993632205	0.126066469775893	0.110428178937549	0.112535639750082	0.123510274650341	0.113692464579743	0.08794885366605	0.134978809442208	0.120150905824226	0.112832616076766	0.0968217303843023	0.107099366256349	0.118406656655822	0.121424571914098	0.116550945492559	0.12030286193404	0.123491660849211	0.141221503843145	0.123913505546786	0.0834565348262753	0.0944658522603205	0.0925945246655946	0.109710742081358	0.119081951731279	0.0955152974390789	0.125484551383051	0.147590066098992	0.128967329378601	0.10821724052142	0.125064198012989	0.125556117226143	0.0900145176838674	0.0739886398114292	0.108396812548052	0.139294128454208	0	0.148011220865915	0.122599158863418	0.114090560006846	0.133473924769408	0.125982240483156	0.103649516038497	0.125094822784022	0.0904533260022304	0.104210025076348	0.10842077787858	0.117309184184978	0.0990658036652691	0.122249909867122	0.0951159278691824	0.0897848052052045	0.113333345024224	0.10282196770831	0.10264923927592	0.130926659530337	0.119923583938902	0.0941576409385076	0.10091002775249	0.0781811922279153	0.0972575963135218
