700108602	700014971	700033565	700109389	700023058	700023927	700106341	700114221	700023543	700023439	700016978	700024192	700113058	700099448	700109870	700033928	700023693	700109627	700095416	700110425	700111580	700111302	700098605	700111991	700108960	700024452	700032931	700095837	700024548	700110161	700023496	700034628	700023645	700038744	700038485	700024743	700099596	700110760	700101587	700106399	700032322	700095653	700021312	700101230	700023590	700038905	700033136	700023382	700096424	700105469	700016908	700096053	700108479	700109569	700033814	700016125	700109756	700102665	700101777	700109455
700108602	0	-0.166259516297193	-0.19239068003466	-0.114544357108507	-0.147429466339975	-0.192537719145905	-0.0768271983843566	-0.211017533388237	-0.0905364916791455	-0.199752346976011	-0.130127812190059	-0.201122124319106	-0.207339458745866	-0.169593033893011	-0.210796697937607	-0.104311940161768	-0.203785360421583	-0.187306101889934	-0.0915043646622173	-0.0993313430402281	-0.111326503057099	-0.124382102445937	-0.107515854713558	-0.0639236427843323	-0.109516990873365	-0.119695707329614	-0.175053695679287	-0.157676018985493	-0.179439959649332	-0.204713200450096	-0.181756688459541	-0.146233204025303	-0.143391734889739	-0.179818862160757	-0.118843174175269	-0.119120281856092	-0.156825989090306	-0.211298593266486	-0.090833497711296	-0.242045608429907	-0.0968467306244361	-0.202837109989072	-0.150590913525158	-0.129746478459092	-0.180931704160434	-0.138607704453982	-0.122757232688169	-0.18892608445877	-0.162893827571067	-0.174028879264473	-0.133153465460764	-0.0804464638249329	-0.0853166403192101	-0.102207932725904	-0.103169485720121	-0.198353801771643	-0.12134463140673	-0.0890928377818492	-0.164596731425394	-0.111408903588745
700014971	-0.166259516297193	0	-0.174304807726339	-0.221443473834796	-0.115223452394419	-0.147550193658721	-0.192896449569664	-0.14117466771844	-0.165036145693187	-0.120208528911265	-0.126996419738938	-0.189779282272672	-0.132117546256576	-0.113213220613421	-0.159611688676729	-0.172295728512756	-0.128563184563462	-0.160107608536038	-0.163850988403265	-0.178688915185816	-0.171476787922158	-0.154997347065225	-0.146823761708158	-0.183060017984076	-0.201804284235765	-0.146311187187986	-0.122970699827501	-0.117247033648339	-0.107635299559601	-0.113070619677874	-0.116750077049832	-0.175744853821287	-0.118915382588538	-0.124846573625918	-0.148607542570982	-0.145310435285903	-0.157993834759315	-0.162454909240641	-0.144970265087944	-0.1608163490388	-0.12445636518371	-0.140957698041958	-0.129519515198746	-0.172796474137236	-0.1197079982235	-0.113666984671134	-0.1167729471742	-0.143001346335596	-0.120763680690588	-0.158883511071696	-0.17317155634798	-0.176868983626336	-0.178676725831169	-0.124357825501543	-0.199785644640989	-0.130201093944647	-0.163858710127639	-0.19363546160613	-0.159581438295583	-0.189171403036925
700033565	-0.19239068003466	-0.174304807726339	0	-0.231087345339217	-0.190598866882086	-0.0701043039492224	-0.203004377115462	-0.103518781834866	-0.168758379133098	-0.101993457562158	-0.0946427754893973	-0.0641383380750744	-0.11327058796833	-0.144607311782963	-0.100800790568026	-0.134682819234943	-0.10609273804045	-0.097595829534666	-0.168391895175363	-0.181029012546391	-0.169813921665535	-0.109709587310451	-0.193928299420466	-0.186377245136855	-0.178353481357382	-0.201175953488232	-0.14238372761869	-0.181492091495228	-0.155860113325038	-0.118572054159737	-0.105122109791564	-0.128655022398948	-0.113307237742193	-0.0835481442643287	-0.2022719243403	-0.123249492855399	-0.165113583211011	-0.101554408196177	-0.181323794442161	-0.151179709513146	-0.170677298834905	-0.0759026905936503	-0.149193826813888	-0.143169486896351	-0.11678223692521	-0.143064753877305	-0.141209342163742	-0.0944032561793416	-0.133031205013506	-0.0814292198280855	-0.0964776995400731	-0.208486479851057	-0.198547483214309	-0.144676208230519	-0.236797145331415	-0.0981882040004247	-0.148240456178679	-0.205231802088835	-0.0905661834673589	-0.190759436248285
700109389	-0.114544357108507	-0.221443473834796	-0.231087345339217	0	-0.19226115111727	-0.249831455813128	-0.100215710123849	-0.25023475442121	-0.164270259347745	-0.248688997249498	-0.187434156259831	-0.234139867917203	-0.245369237962322	-0.225326346714162	-0.232926152643584	-0.167507109140276	-0.247166878192622	-0.24806966283285	-0.172099482283544	-0.110530676652822	-0.144651046622042	-0.182806674213186	-0.134781364770484	-0.138663983202118	-0.1345730645001	-0.151476774669626	-0.244358642728644	-0.210927042552944	-0.192518103056697	-0.240930273988235	-0.238269678067563	-0.210060810400757	-0.187058039791639	-0.234421812307015	-0.149273030444967	-0.162534047461914	-0.230564475153556	-0.260798599164828	-0.151352931538191	-0.247878365959971	-0.160800851104759	-0.234500084359115	-0.210936609672338	-0.175345201485902	-0.2122105271432	-0.184561127566618	-0.197151734807543	-0.23288487664516	-0.218066008057315	-0.217825993480775	-0.188607678315306	-0.113779713000925	-0.0838628842454704	-0.178361755394679	-0.128186510465838	-0.238038582997375	-0.132335887343819	-0.100203304635396	-0.196478347243451	-0.149127342132525
700023058	-0.147429466339975	-0.115223452394419	-0.190598866882086	-0.19226115111727	0	-0.172145651924374	-0.152132072614287	-0.173774178606984	-0.134385115357659	-0.160237883884281	-0.13433937341624	-0.206273971564779	-0.177327398552285	-0.123032963539583	-0.180213421845483	-0.150811730386725	-0.166631360354476	-0.160375991507817	-0.137945368941051	-0.156516901631737	-0.169631734372198	-0.167439478609879	-0.136324026131361	-0.154180959714419	-0.190362235204185	-0.113232032793094	-0.144369216578553	-0.144853841210985	-0.146003591430562	-0.150708758954588	-0.151795923922275	-0.189308044426818	-0.143321749933779	-0.146558564241434	-0.120632635964793	-0.160708288201274	-0.132621045054526	-0.16310500235269	-0.110965316074926	-0.201705987304017	-0.11678427285575	-0.165252242569321	-0.114786001443057	-0.161608808106494	-0.149885428091108	-0.131962275208156	-0.121439654591774	-0.169622635675065	-0.140594542344621	-0.188264580711694	-0.179952396146743	-0.144647923842151	-0.146217925522319	-0.125795298971447	-0.167996480112533	-0.172458268183328	-0.172222865548419	-0.164223338002977	-0.186053299012455	-0.154211995240501
700023927	-0.192537719145905	-0.147550193658721	-0.0701043039492224	-0.249831455813128	-0.172145651924374	0	-0.219859828177038	-0.102803350909117	-0.177608396935619	-0.080536464688435	-0.113064584918859	-0.107505948470656	-0.108275218104574	-0.104539334962206	-0.102726859442708	-0.148995417946606	-0.10078203196169	-0.0761263926799338	-0.173805498874306	-0.197406910767475	-0.178446675695994	-0.137022213631177	-0.178415665408228	-0.190135996351845	-0.197206594986969	-0.19462075610653	-0.119665348618285	-0.191335339094698	-0.152825960297588	-0.0997793063971161	-0.0789195911634389	-0.157197344133796	-0.127720767434724	-0.0702938283318597	-0.198654078907102	-0.142646422335333	-0.140642694863644	-0.065706890095317	-0.181882462616867	-0.148201401979961	-0.155949128597975	-0.0912417405944771	-0.128381021379829	-0.167413072245209	-0.122917066855692	-0.128892540786559	-0.131154792303937	-0.105622898136656	-0.0847636217755881	-0.103606250552063	-0.120968174236995	-0.216363495608575	-0.214908614745442	-0.13009601230344	-0.233364171512902	-0.104034132111391	-0.155607935372211	-0.217696138077059	-0.101323748795161	-0.196174452184375
700106341	-0.0768271983843566	-0.192896449569664	-0.203004377115462	-0.100215710123849	-0.152132072614287	-0.219859828177038	0	-0.220302160332368	-0.0941020601441267	-0.220326263170951	-0.147841843927454	-0.197060401048375	-0.214114594233874	-0.191096904216499	-0.214684088887167	-0.131621077257348	-0.213055754934451	-0.228172278946379	-0.124586865052501	-0.0840457676196804	-0.102812544046312	-0.132494039175469	-0.122141658666384	-0.104476370824852	-0.0905760678265959	-0.149447738095312	-0.216045082672457	-0.197087849933308	-0.192672148963239	-0.217128558583248	-0.19807353610349	-0.134647497907279	-0.156077457489655	-0.202684899584194	-0.155992142024725	-0.116009844461075	-0.191865673969476	-0.2346588979238	-0.100140132675064	-0.247121037360562	-0.12996444007752	-0.205124076193277	-0.162465429073604	-0.123738072176062	-0.180476795514331	-0.165288784861232	-0.154120075243153	-0.195232509144724	-0.188289936698707	-0.178124115564443	-0.156902628055258	-0.0703197817998517	-0.0784680258352268	-0.125779059061085	-0.124791158943074	-0.204377327791514	-0.11276943446436	-0.0751048568975965	-0.171038270622505	-0.0842555426733519
700114221	-0.211017533388237	-0.14117466771844	-0.103518781834866	-0.25023475442121	-0.173774178606984	-0.102803350909117	-0.220302160332368	0	-0.195412984738709	-0.0747603775254534	-0.139679167031501	-0.123582437609952	-0.0839926436320935	-0.138624562763609	-0.0822999660143512	-0.177478339256625	-0.0663277131022109	-0.13492880120987	-0.199122038790375	-0.20063009988181	-0.197068836024723	-0.171140413223259	-0.201616457726516	-0.2176794319675	-0.225385037165837	-0.209546019347832	-0.117974769245733	-0.16794463612014	-0.127229953518418	-0.0897883356828971	-0.105527415934484	-0.17506209927567	-0.121506884422617	-0.100327416345192	-0.208193622880631	-0.155078212008408	-0.180655594259675	-0.0976482532442273	-0.192143898515216	-0.0975527019152054	-0.159503581648463	-0.0738188561029459	-0.161543064757129	-0.178223341656601	-0.0928599011600191	-0.133812369018406	-0.142961316944048	-0.0816344110610526	-0.150212018664103	-0.120721194819858	-0.155479432274771	-0.218237781729314	-0.214817372038089	-0.162559508521625	-0.261315837304564	-0.0782919928755319	-0.164999458329318	-0.228977034482401	-0.129595267934963	-0.205570479520131
700023543	-0.0905364916791455	-0.165036145693187	-0.168758379133098	-0.164270259347745	-0.134385115357659	-0.177608396935619	-0.0941020601441267	-0.195412984738709	0	-0.18012108342095	-0.109222764926111	-0.178447415675793	-0.192875174468875	-0.158887416365	-0.200664848302152	-0.0856226645247705	-0.185264047412904	-0.179563950586029	-0.0977171818268699	-0.116257729591579	-0.109815360743194	-0.0981114506624413	-0.121904283421078	-0.100957256345403	-0.106827729703968	-0.143256345138797	-0.168990480511831	-0.158624743972081	-0.197941820969149	-0.186534315857499	-0.157482269604748	-0.0984569086548639	-0.127190604037683	-0.162705666396507	-0.145793241847772	-0.11705685070902	-0.148899921396474	-0.199238229083314	-0.0835742897300251	-0.231786901879315	-0.114773748226516	-0.178358832135439	-0.128283735651292	-0.0784517830056592	-0.168523313746205	-0.158067845744357	-0.108205217341436	-0.166039948730618	-0.163135202215617	-0.149371128740985	-0.119396128449729	-0.0892910971813971	-0.108332528628903	-0.103021557393725	-0.129283730808735	-0.17761948595117	-0.14574266504252	-0.0866768955913364	-0.146250888987655	-0.0743122151096195
700023439	-0.199752346976011	-0.120208528911265	-0.101993457562158	-0.248688997249498	-0.160237883884281	-0.080536464688435	-0.220326263170951	-0.0747603775254534	-0.18012108342095	0	-0.124461308151946	-0.128719790179129	-0.0764732755511184	-0.112633229812998	-0.105471670772651	-0.162917619693049	-0.0713330799626686	-0.10845077087262	-0.187927086861644	-0.195295621421366	-0.187171127461964	-0.159591962954419	-0.189474224755356	-0.201267764428807	-0.216589677999175	-0.198547280598728	-0.120339504419045	-0.164336567656072	-0.132126361286049	-0.0845573479195744	-0.0815307107553465	-0.16916218169702	-0.108609527692881	-0.0824925774327618	-0.193566351197227	-0.152865036939502	-0.160812180625408	-0.0949819166661444	-0.178167873014116	-0.106813950919628	-0.14491308477144	-0.0800793320060218	-0.142398689317625	-0.174914582944261	-0.0974404008630784	-0.120948505979547	-0.126684768686675	-0.085100897970469	-0.115388345273622	-0.124255384098954	-0.138491868654343	-0.213142653626353	-0.213533722471915	-0.13943425053758	-0.247351829599421	-0.0851251906789805	-0.16125395335769	-0.218580282476826	-0.121739738344075	-0.198767691579551
700016978	-0.130127812190059	-0.126996419738938	-0.0946427754893973	-0.187434156259831	-0.13433937341624	-0.113064584918859	-0.147841843927454	-0.139679167031501	-0.109222764926111	-0.124461308151946	0	-0.111320143122504	-0.12983470990913	-0.12136031885268	-0.148931062045368	-0.0956561455736872	-0.125153638520127	-0.112082916374523	-0.12035603236806	-0.127502528896983	-0.125961902710433	-0.0687247666596295	-0.144807940720132	-0.135437809676263	-0.13035002114341	-0.156595504445507	-0.128470137885146	-0.134071580534858	-0.147241274551057	-0.132929806938249	-0.0944580405160686	-0.108347346194311	-0.0654601525836354	-0.0902541958390225	-0.155110175925733	-0.100403765729604	-0.128959999418357	-0.144338233205682	-0.111624831981026	-0.178924901076982	-0.110142312368502	-0.108307872755503	-0.0887054846193435	-0.107036528235313	-0.11107581431314	-0.120273856123545	-0.0968239515487824	-0.108434751759881	-0.103322029442521	-0.104470724192446	-0.0851487050854709	-0.150804067181612	-0.144976020019812	-0.0940537356987309	-0.181559358906502	-0.11165366580044	-0.123347300013816	-0.147823977814125	-0.107435218800943	-0.142627932661204
700024192	-0.201122124319106	-0.189779282272672	-0.0641383380750744	-0.234139867917203	-0.206273971564779	-0.107505948470656	-0.197060401048375	-0.123582437609952	-0.178447415675793	-0.128719790179129	-0.111320143122504	0	-0.121748829392116	-0.170246896461325	-0.109524395783938	-0.134829213283175	-0.121823263700517	-0.125496836057478	-0.166955073505046	-0.18291753451912	-0.163486798880001	-0.117905952461565	-0.204223235414512	-0.199588840152676	-0.175376090617011	-0.214256155566625	-0.171046256067637	-0.197922776350421	-0.177695826112372	-0.14804797009782	-0.109089726590176	-0.121706670749622	-0.118701301791305	-0.110679496795654	-0.219946110277949	-0.136416998740265	-0.186227845529645	-0.122260215911584	-0.19671644055581	-0.151510560834587	-0.173863064740233	-0.087476899424095	-0.164236653204507	-0.142461061765098	-0.119489857802499	-0.160099125191377	-0.146037179923397	-0.0987181431543851	-0.150502327302106	-0.0762279026842623	-0.108063689675485	-0.216174201031091	-0.20788712022453	-0.151425117357658	-0.254959470130871	-0.100406387577835	-0.13764389577503	-0.210674501776883	-0.107591259174517	-0.190296691378453
700113058	-0.207339458745866	-0.132117546256576	-0.11327058796833	-0.245369237962322	-0.177327398552285	-0.108275218104574	-0.214114594233874	-0.0839926436320935	-0.192875174468875	-0.0764732755511184	-0.12983470990913	-0.121748829392116	0	-0.138795963077247	-0.0913235891656674	-0.174195020057479	-0.0971885113500785	-0.144166282346425	-0.201578244550828	-0.191789632717369	-0.199273142300903	-0.162065682808961	-0.205833705779033	-0.216360001262851	-0.219579111316586	-0.209733233126615	-0.131454468501784	-0.150343583644386	-0.12454025561577	-0.087618549642693	-0.11309100926698	-0.164363009297063	-0.117511819456961	-0.100364467458533	-0.213033741274425	-0.158590087691739	-0.184762044145586	-0.124172844099324	-0.183460754921841	-0.113871199666802	-0.157460668642002	-0.0644012274033506	-0.169882993606648	-0.172708282986507	-0.089562433482969	-0.140826782395761	-0.163050499613894	-0.0905927747879727	-0.145608048830482	-0.120841515380605	-0.154930607122364	-0.212154148090645	-0.213407499421862	-0.173077642273079	-0.266373892833077	-0.0616622430560905	-0.164443761478926	-0.226820430361806	-0.129189153302633	-0.197633583873274
700099448	-0.169593033893011	-0.113213220613421	-0.144607311782963	-0.225326346714162	-0.123032963539583	-0.104539334962206	-0.191096904216499	-0.138624562763609	-0.158887416365	-0.112633229812998	-0.12136031885268	-0.170246896461325	-0.138795963077247	0	-0.146686249312581	-0.151257654637011	-0.118719608633877	-0.106338809839649	-0.144500361425145	-0.167663246701282	-0.161293865740282	-0.145431267316117	-0.14795122025659	-0.160119242952363	-0.191463931251235	-0.142663546129338	-0.0964256520856554	-0.15953818790861	-0.134127088141443	-0.110127866790807	-0.094297599213842	-0.168072232771754	-0.117332507012366	-0.0994575305038393	-0.158971639778753	-0.141708279148722	-0.122555555518095	-0.114555075204463	-0.149865535276872	-0.176094993530923	-0.127552613057761	-0.132957895730193	-0.0993309264132851	-0.169009105170055	-0.112868566821948	-0.111589443173216	-0.0988932517107151	-0.132225660741047	-0.0766453503846199	-0.141903529601314	-0.141258416963366	-0.174805952103735	-0.184386740632827	-0.120622188854989	-0.192142972426739	-0.133629104067282	-0.141814685645961	-0.185714613152711	-0.136370770691607	-0.173914075788178
700109870	-0.210796697937607	-0.159611688676729	-0.100800790568026	-0.232926152643584	-0.180213421845483	-0.102726859442708	-0.214684088887167	-0.0822999660143512	-0.200664848302152	-0.105471670772651	-0.148931062045368	-0.109524395783938	-0.0913235891656674	-0.146686249312581	0	-0.180418576289307	-0.0936947211935412	-0.148618397974347	-0.201681883033611	-0.197651285581105	-0.181266609622584	-0.169798886337477	-0.188509778594218	-0.220613497805122	-0.216230906626982	-0.208503569931177	-0.145601229335077	-0.188308005373887	-0.123874764590342	-0.0965788100628222	-0.124812031294986	-0.170220482318795	-0.144379580633359	-0.116133411785581	-0.218804150588248	-0.157974614448154	-0.192730444427197	-0.097638560899546	-0.202488491111635	-0.104020784990719	-0.169849665371366	-0.0815072418711702	-0.18136269342301	-0.170310018101148	-0.100287704336553	-0.124956748365983	-0.152128548327254	-0.0788959814747079	-0.156123724114928	-0.111341376301491	-0.159700990850176	-0.220497280411422	-0.205158627613021	-0.170922002609089	-0.254616578559352	-0.0878349621158577	-0.149869557564805	-0.231532181943494	-0.118942516637166	-0.199127840646396
700033928	-0.104311940161768	-0.172295728512756	-0.134682819234943	-0.167507109140276	-0.150811730386725	-0.148995417946606	-0.131621077257348	-0.177478339256625	-0.0856226645247705	-0.162917619693049	-0.0956561455736872	-0.134829213283175	-0.174195020057479	-0.151257654637011	-0.180418576289307	0	-0.170759686864641	-0.141783445733583	-0.0953217886064232	-0.125686086491215	-0.113348839879422	-0.0868916572155504	-0.131766224246651	-0.0956308646552237	-0.125580303820323	-0.136869894583847	-0.15375889084102	-0.153304240867197	-0.176665906420712	-0.173078492843378	-0.133884709181883	-0.126638689890524	-0.104430585348083	-0.140215419484071	-0.151870887646156	-0.134450235226786	-0.137995999637338	-0.177285418759313	-0.106187860361109	-0.218041339791682	-0.0976335268784476	-0.149025883629265	-0.134221091503955	-0.113968664449863	-0.144383119187146	-0.141540662652507	-0.100504492759826	-0.158423033977323	-0.142632338496057	-0.11549551308931	-0.0980938599454885	-0.11797297518898	-0.129717864514919	-0.109582833861093	-0.161380275428346	-0.152640380745555	-0.131926787926732	-0.120161932791522	-0.126645791213026	-0.117417107438918
700023693	-0.203785360421583	-0.128563184563462	-0.10609273804045	-0.247166878192622	-0.166631360354476	-0.10078203196169	-0.213055754934451	-0.0663277131022109	-0.185264047412904	-0.0713330799626686	-0.125153638520127	-0.121823263700517	-0.0971885113500785	-0.118719608633877	-0.0936947211935412	-0.170759686864641	0	-0.124197924613154	-0.191850696271521	-0.195241378977419	-0.175876656276838	-0.158449380907883	-0.191579622045582	-0.207064229793889	-0.219064362918002	-0.205145517613616	-0.1233546598797	-0.167444351335065	-0.115731690809125	-0.101375137240495	-0.0884068949634096	-0.167342782713749	-0.116134114104059	-0.0930580663055918	-0.198207484668631	-0.147036439797389	-0.169203010185319	-0.11136892740899	-0.183466462501967	-0.0864048654011634	-0.149399687699926	-0.0883917865471861	-0.148907593907134	-0.175220181525982	-0.0784051661611864	-0.106574045283036	-0.130165771463084	-0.068773512717989	-0.132691022868952	-0.120754963819959	-0.144728467922523	-0.215590325198204	-0.209207898155412	-0.154202088833181	-0.252199844226942	-0.089199057084418	-0.15237382363125	-0.224434827664165	-0.128477522542629	-0.196606955266001
700109627	-0.187306101889934	-0.160107608536038	-0.097595829534666	-0.24806966283285	-0.160375991507817	-0.0761263926799338	-0.228172278946379	-0.13492880120987	-0.179563950586029	-0.10845077087262	-0.112082916374523	-0.125496836057478	-0.144166282346425	-0.106338809839649	-0.148618397974347	-0.141783445733583	-0.124197924613154	0	-0.172628164524472	-0.192949300107624	-0.197701054074859	-0.142618440056384	-0.19105338305678	-0.178905818853614	-0.203565702919579	-0.188550460737199	-0.117944120799562	-0.17523425691799	-0.183916683077261	-0.130233437182831	-0.0904194456984894	-0.165594824408877	-0.123505171079721	-0.0875227467237015	-0.18731820540695	-0.161217715581503	-0.127074641587401	-0.0901677392861586	-0.18409831548286	-0.180644142284909	-0.166719676801773	-0.119159276340404	-0.111361855302209	-0.164585700798977	-0.14848596863109	-0.151121804834996	-0.137385498745674	-0.13431870875409	-0.0852815006520769	-0.13078722095527	-0.118371384091718	-0.218123971808883	-0.212408743750053	-0.143561951585123	-0.220902820028873	-0.13284246484359	-0.17927987774724	-0.215767349399004	-0.137958117020394	-0.211693834946713
700095416	-0.0915043646622173	-0.163850988403265	-0.168391895175363	-0.172099482283544	-0.137945368941051	-0.173805498874306	-0.124586865052501	-0.199122038790375	-0.0977171818268699	-0.187927086861644	-0.12035603236806	-0.166955073505046	-0.201578244550828	-0.144500361425145	-0.201681883033611	-0.0953217886064232	-0.191850696271521	-0.172628164524472	0	-0.124638549213665	-0.109491986389471	-0.11214904563993	-0.127681437010146	-0.0793208754141459	-0.130901513666641	-0.117128378345214	-0.152464162306495	-0.170443505466894	-0.179777793648733	-0.192725349458785	-0.156687523749209	-0.131426535368508	-0.134883463911685	-0.165846917533722	-0.129924335143688	-0.119282544258214	-0.13804455427628	-0.182960939572218	-0.106428740180265	-0.236087193685863	-0.0935616225534416	-0.185994117932783	-0.111605905799564	-0.124694012214074	-0.168662410685229	-0.141268959234124	-0.0893932288478767	-0.180920484217852	-0.142161803259831	-0.152374475731794	-0.127531596680984	-0.121051722554347	-0.12845055929763	-0.0893108119968234	-0.123811883077549	-0.182533241558718	-0.131932041327708	-0.122714286731258	-0.158407850201187	-0.124090026651535
700110425	-0.0993313430402281	-0.178688915185816	-0.181029012546391	-0.110530676652822	-0.156516901631737	-0.197406910767475	-0.0840457676196804	-0.20063009988181	-0.116257729591579	-0.195295621421366	-0.127502528896983	-0.18291753451912	-0.191789632717369	-0.167663246701282	-0.197651285581105	-0.125686086491215	-0.195241378977419	-0.192949300107624	-0.124638549213665	0	-0.0984027280209804	-0.126740919794639	-0.119131631380157	-0.10726473305634	-0.0767526269960267	-0.155597893416916	-0.18214788625802	-0.174627162140855	-0.17932121316773	-0.189428727037247	-0.178692767199128	-0.149472329040586	-0.128089907090594	-0.181012462354336	-0.150719624284856	-0.104235999810791	-0.176851038294291	-0.212531461916387	-0.109858615301256	-0.233125982550258	-0.114208618154739	-0.176497680677503	-0.144262452399759	-0.100906145222914	-0.156716427212387	-0.154755400357553	-0.139329532407176	-0.179882421223681	-0.162331110762263	-0.170132213822513	-0.153455788730522	-0.0878472068680648	-0.0624281359332235	-0.119081393654435	-0.13894387740801	-0.184560668253494	-0.0865746698979086	-0.0764286008314793	-0.160414384343745	-0.102985907851629
700111580	-0.111326503057099	-0.171476787922158	-0.169813921665535	-0.144651046622042	-0.169631734372198	-0.178446675695994	-0.102812544046312	-0.197068836024723	-0.109815360743194	-0.187171127461964	-0.125961902710433	-0.163486798880001	-0.199273142300903	-0.161293865740282	-0.181266609622584	-0.113348839879422	-0.175876656276838	-0.197701054074859	-0.109491986389471	-0.0984027280209804	0	-0.0981887812861742	-0.114719037693157	-0.111846014977428	-0.0790762162669714	-0.171388394319087	-0.192268662684131	-0.203383257705248	-0.158930023423732	-0.193714167896477	-0.160238230277146	-0.122694570874308	-0.129046676312069	-0.181637594383021	-0.182695558934407	-0.102432305701886	-0.186273760021112	-0.195993178149892	-0.129934609633899	-0.222682178493305	-0.113131575486868	-0.176420295382071	-0.144415843000229	-0.118405816529066	-0.144983942409805	-0.131230412775314	-0.103481450696363	-0.156857173786774	-0.145115817761322	-0.133004735876376	-0.126863062845744	-0.106242986399761	-0.112442498380754	-0.0941298198672348	-0.143208508873498	-0.175366281972094	-0.0821001184846903	-0.0891856693014359	-0.130416163455882	-0.0984147779116693
700111302	-0.124382102445937	-0.154997347065225	-0.109709587310451	-0.182806674213186	-0.167439478609879	-0.137022213631177	-0.132494039175469	-0.171140413223259	-0.0981114506624413	-0.159591962954419	-0.0687247666596295	-0.117905952461565	-0.162065682808961	-0.145431267316117	-0.169798886337477	-0.0868916572155504	-0.158449380907883	-0.142618440056384	-0.11214904563993	-0.126740919794639	-0.0981887812861742	0	-0.154129619052602	-0.124034430808526	-0.0977132537355822	-0.175211597359033	-0.160285188924011	-0.178868818050801	-0.180636849045006	-0.168994168928343	-0.126301012079312	-0.0724625222353532	-0.0826513317546801	-0.128602248230329	-0.175299364498837	-0.0993705221305529	-0.157253195276235	-0.172989147286054	-0.130264239844897	-0.205670674993811	-0.137866286941561	-0.139761654979066	-0.117885056959948	-0.105598201219007	-0.133415263250598	-0.151856837941142	-0.10683931965789	-0.133696826416825	-0.12317166322128	-0.0818825684695146	-0.0708950487446309	-0.13568269523298	-0.1367006103219	-0.0931708186648341	-0.181472597539683	-0.139511842878744	-0.115369697681118	-0.133330518853889	-0.0839884152199544	-0.123078771701116
700098605	-0.107515854713558	-0.146823761708158	-0.193928299420466	-0.134781364770484	-0.136324026131361	-0.178415665408228	-0.122141658666384	-0.201616457726516	-0.121904283421078	-0.189474224755356	-0.144807940720132	-0.204223235414512	-0.205833705779033	-0.14795122025659	-0.188509778594218	-0.131766224246651	-0.191579622045582	-0.19105338305678	-0.127681437010146	-0.119131631380157	-0.114719037693157	-0.154129619052602	0	-0.122094971133432	-0.146762374119586	-0.125913816810758	-0.170118425745935	-0.169351944310903	-0.163145983897746	-0.178970040775317	-0.168868529732459	-0.168970563871006	-0.157697131762267	-0.172593763568542	-0.128586616824568	-0.12454158921672	-0.15896782371104	-0.18886110977149	-0.116019629919098	-0.214262830885066	-0.113859091327501	-0.1956388243728	-0.150463375187854	-0.133868628843434	-0.183210300608825	-0.128595089567989	-0.118541361015583	-0.185401095940166	-0.156831629030642	-0.174245818918194	-0.167261207488815	-0.118375420251485	-0.112627634485628	-0.108497574200386	-0.104605400801361	-0.197093890710565	-0.129189336099786	-0.128699985390115	-0.170282767391497	-0.109511689006536
700111991	-0.0639236427843323	-0.183060017984076	-0.186377245136855	-0.138663983202118	-0.154180959714419	-0.190135996351845	-0.104476370824852	-0.2176794319675	-0.100957256345403	-0.201267764428807	-0.135437809676263	-0.199588840152676	-0.216360001262851	-0.160119242952363	-0.220613497805122	-0.0956308646552237	-0.207064229793889	-0.178905818853614	-0.0793208754141459	-0.10726473305634	-0.111846014977428	-0.124034430808526	-0.122094971133432	0	-0.110937559535039	-0.122125795779818	-0.166124274000975	-0.173490396752286	-0.186096482902539	-0.209470650833092	-0.178533346010559	-0.157410390491135	-0.150887464516324	-0.18237143598824	-0.131388610730549	-0.123982066294537	-0.15297979134881	-0.200141620939291	-0.108370734156922	-0.254004510550871	-0.100718226546668	-0.207002084826806	-0.139990967558269	-0.135441816066884	-0.184610773113072	-0.149829120670741	-0.116057512511878	-0.198257516791869	-0.155296947537124	-0.176982994043641	-0.13188705331618	-0.104976919437752	-0.105732402548261	-0.107571389771567	-0.0931722993044114	-0.20568180249283	-0.125313844982438	-0.102801143021619	-0.168472224383238	-0.11820566166578
700108960	-0.109516990873365	-0.201804284235765	-0.178353481357382	-0.1345730645001	-0.190362235204185	-0.197206594986969	-0.0905760678265959	-0.225385037165837	-0.106827729703968	-0.216589677999175	-0.13035002114341	-0.175376090617011	-0.219579111316586	-0.191463931251235	-0.216230906626982	-0.125580303820323	-0.219064362918002	-0.203565702919579	-0.130901513666641	-0.0767526269960267	-0.0790762162669714	-0.0977132537355822	-0.146762374119586	-0.110937559535039	0	-0.19059887727784	-0.215173100862385	-0.212057902600843	-0.202613516687883	-0.215196051718448	-0.189631174938428	-0.111842846985902	-0.144913044879383	-0.196554754586161	-0.190824055753807	-0.109024870931832	-0.200013350779982	-0.221767348710852	-0.134715530328002	-0.259618917875656	-0.148895544704083	-0.193128909378605	-0.161164884464289	-0.100074687604598	-0.17953687253912	-0.181298397003966	-0.149249876944619	-0.194455369984816	-0.167442970242637	-0.148596127370534	-0.126737337153933	-0.105752986529188	-0.0916643338543702	-0.113341317536054	-0.133801861915055	-0.203283409817131	-0.0935228651144164	-0.0810677716782969	-0.139015003932019	-0.0933747936382662
700024452	-0.119695707329614	-0.146311187187986	-0.201175953488232	-0.151476774669626	-0.113232032793094	-0.19462075610653	-0.149447738095312	-0.209546019347832	-0.143256345138797	-0.198547280598728	-0.156595504445507	-0.214256155566625	-0.209733233126615	-0.142663546129338	-0.208503569931177	-0.136869894583847	-0.205145517613616	-0.188550460737199	-0.117128378345214	-0.155597893416916	-0.171388394319087	-0.175211597359033	-0.125913816810758	-0.122125795779818	-0.19059887727784	0	-0.155132132494406	-0.146059207287282	-0.150074200278989	-0.186617284189485	-0.182968043853458	-0.195820608794505	-0.162673207625258	-0.181314340691117	-0.0629258161572908	-0.151672713915946	-0.158377877096927	-0.196274414544665	-0.114706227518732	-0.227983939486764	-0.11785075144667	-0.197860267714911	-0.150149148042509	-0.168589722509225	-0.181774082460811	-0.129017668053084	-0.124572725966186	-0.205219171153522	-0.159925940390818	-0.19622207246637	-0.174803425265275	-0.127926074856729	-0.132318855801017	-0.136703127453596	-0.131635090727668	-0.205075587817679	-0.160719127086942	-0.152341365581739	-0.184048710368406	-0.168670754083286
700032931	-0.175053695679287	-0.122970699827501	-0.14238372761869	-0.244358642728644	-0.144369216578553	-0.119665348618285	-0.216045082672457	-0.117974769245733	-0.168990480511831	-0.120339504419045	-0.128470137885146	-0.171046256067637	-0.131454468501784	-0.0964256520856554	-0.145601229335077	-0.15375889084102	-0.1233546598797	-0.117944120799562	-0.152464162306495	-0.18214788625802	-0.192268662684131	-0.160285188924011	-0.170118425745935	-0.166124274000975	-0.215173100862385	-0.155132132494406	0	-0.145515849592634	-0.149269733882086	-0.128584921355431	-0.0974451967131506	-0.175540282829234	-0.130200715833569	-0.099822951359514	-0.171095521877948	-0.158881954935004	-0.123277260992325	-0.126218984895281	-0.163411544805044	-0.164509856060987	-0.133261980973553	-0.129522735201887	-0.118834348995598	-0.17320793245305	-0.128169209120683	-0.131654922353497	-0.123770867151676	-0.129733425287454	-0.108615096017154	-0.150342131833542	-0.160978734878541	-0.195147623492642	-0.196998765157272	-0.142145934456131	-0.203169437099609	-0.124659243608291	-0.172999865363615	-0.209151071929825	-0.141125676125993	-0.19931578062158
700095837	-0.157676018985493	-0.117247033648339	-0.181492091495228	-0.210927042552944	-0.144853841210985	-0.191335339094698	-0.197087849933308	-0.16794463612014	-0.158624743972081	-0.164336567656072	-0.134071580534858	-0.197922776350421	-0.150343583644386	-0.15953818790861	-0.188308005373887	-0.153304240867197	-0.167444351335065	-0.17523425691799	-0.170443505466894	-0.174627162140855	-0.203383257705248	-0.178868818050801	-0.169351944310903	-0.173490396752286	-0.212057902600843	-0.146059207287282	-0.145515849592634	0	-0.133960659573164	-0.13926752918763	-0.167980405551655	-0.188248591307218	-0.13390109641556	-0.148387590949981	-0.144004147588975	-0.169398785093465	-0.165752398819199	-0.20587330123992	-0.145343779519179	-0.194352943654794	-0.147558647633929	-0.152089725922737	-0.160927228854303	-0.166032616463644	-0.147525932456183	-0.146450943699535	-0.151263317440191	-0.163455138548743	-0.181364678306236	-0.183336923631719	-0.167221808392202	-0.179004095905452	-0.176911878003242	-0.171278823688784	-0.201099239276614	-0.151272357869832	-0.195358340391466	-0.195653795646114	-0.180687337082199	-0.198079607291987
700024548	-0.179439959649332	-0.107635299559601	-0.155860113325038	-0.192518103056697	-0.146003591430562	-0.152825960297588	-0.192672148963239	-0.127229953518418	-0.197941820969149	-0.132126361286049	-0.147241274551057	-0.177695826112372	-0.12454025561577	-0.134127088141443	-0.123874764590342	-0.176665906420712	-0.115731690809125	-0.183916683077261	-0.179777793648733	-0.17932121316773	-0.158930023423732	-0.180636849045006	-0.163145983897746	-0.186096482902539	-0.202613516687883	-0.150074200278989	-0.149269733882086	-0.133960659573164	0	-0.117051143915482	-0.144549568559814	-0.204413197506699	-0.132306383988545	-0.138361074632658	-0.156476311138416	-0.14279582402282	-0.19957778031627	-0.161233835127772	-0.164920028462208	-0.131334898683686	-0.135711403815988	-0.117037776971844	-0.166533760988521	-0.199877323369623	-0.0874234402428759	-0.0794602393493204	-0.142498544506595	-0.126730041615829	-0.153456152458143	-0.171844050802109	-0.171104169790772	-0.184420273104022	-0.171983280372073	-0.146754692601659	-0.197107402017103	-0.12374824076131	-0.137543105720105	-0.19682907489817	-0.155488306596687	-0.204247921909062
700110161	-0.204713200450096	-0.113070619677874	-0.118572054159737	-0.240930273988235	-0.150708758954588	-0.0997793063971161	-0.217128558583248	-0.0897883356828971	-0.186534315857499	-0.0845573479195744	-0.132929806938249	-0.14804797009782	-0.087618549642693	-0.110127866790807	-0.0965788100628222	-0.173078492843378	-0.101375137240495	-0.130233437182831	-0.192725349458785	-0.189428727037247	-0.193714167896477	-0.168994168928343	-0.178970040775317	-0.209470650833092	-0.215196051718448	-0.186617284189485	-0.128584921355431	-0.13926752918763	-0.117051143915482	0	-0.109256201009853	-0.173960989795048	-0.129266986492629	-0.0917475614971979	-0.194847323751082	-0.15779676398171	-0.16476388550748	-0.103529850430667	-0.181464263317254	-0.133004081789214	-0.158750891202555	-0.0820806695530911	-0.154180390474548	-0.176224288069832	-0.105179700535785	-0.132064632800613	-0.145393988129397	-0.107095022004649	-0.125142942308848	-0.129578086333353	-0.154768188551401	-0.204414288016571	-0.207182419560881	-0.150614257251401	-0.244658992767677	-0.0942981311331366	-0.159136086537748	-0.217160412148848	-0.12648796726832	-0.196135635798163
700023496	-0.181756688459541	-0.116750077049832	-0.105122109791564	-0.238269678067563	-0.151795923922275	-0.0789195911634389	-0.19807353610349	-0.105527415934484	-0.157482269604748	-0.0815307107553465	-0.0944580405160686	-0.109089726590176	-0.11309100926698	-0.094297599213842	-0.124812031294986	-0.133884709181883	-0.0884068949634096	-0.0904194456984894	-0.156687523749209	-0.178692767199128	-0.160238230277146	-0.126301012079312	-0.168868529732459	-0.178533346010559	-0.189631174938428	-0.182968043853458	-0.0974451967131506	-0.167980405551655	-0.144549568559814	-0.109256201009853	0	-0.145870240297053	-0.0985417123542362	-0.0711900502070183	-0.186239510252237	-0.134962010423021	-0.131378572427821	-0.10233907011775	-0.164530601558108	-0.138620148569887	-0.128957588251827	-0.0990096659002266	-0.106351307901351	-0.151891584455606	-0.097516350620071	-0.114726318787178	-0.105823683299718	-0.0898326740775176	-0.0803182384867314	-0.104903594612186	-0.118800755238755	-0.199521988401385	-0.199987536623679	-0.113403294104856	-0.231496134243936	-0.0983749519286955	-0.140418886358854	-0.201320855896176	-0.124359745241904	-0.179156010652937
700034628	-0.146233204025303	-0.175744853821287	-0.128655022398948	-0.210060810400757	-0.189308044426818	-0.157197344133796	-0.134647497907279	-0.17506209927567	-0.0984569086548639	-0.16916218169702	-0.108347346194311	-0.121706670749622	-0.164363009297063	-0.168072232771754	-0.170220482318795	-0.126638689890524	-0.167342782713749	-0.165594824408877	-0.131426535368508	-0.149472329040586	-0.122694570874308	-0.0724625222353532	-0.168970563871006	-0.157410390491135	-0.111842846985902	-0.195820608794505	-0.175540282829234	-0.188248591307218	-0.204413197506699	-0.173960989795048	-0.145870240297053	0	-0.123996306705446	-0.145016100969634	-0.199676375279792	-0.100636724064799	-0.188429655509834	-0.173951449616206	-0.156577126042176	-0.206884270150621	-0.165194971239049	-0.140147218780692	-0.144475937106725	-0.082939472950276	-0.149098989989746	-0.17578199514572	-0.130975785617956	-0.135171061372759	-0.159894035364641	-0.0917894405767217	-0.114983042113228	-0.153530498096579	-0.161949035757731	-0.121107687222228	-0.193288480270023	-0.138490863158116	-0.137559155035162	-0.143560799703586	-0.107409922679355	-0.103215756788745
700023645	-0.143391734889739	-0.118915382588538	-0.113307237742193	-0.187058039791639	-0.143321749933779	-0.127720767434724	-0.156077457489655	-0.121506884422617	-0.127190604037683	-0.108609527692881	-0.0654601525836354	-0.118701301791305	-0.117511819456961	-0.117332507012366	-0.144379580633359	-0.104430585348083	-0.116134114104059	-0.123505171079721	-0.134883463911685	-0.128089907090594	-0.129046676312069	-0.0826513317546801	-0.157697131762267	-0.150887464516324	-0.144913044879383	-0.162673207625258	-0.130200715833569	-0.13390109641556	-0.132306383988545	-0.129266986492629	-0.0985417123542362	-0.123996306705446	0	-0.0949974188558088	-0.158431015031656	-0.101807741765044	-0.144933975098451	-0.154917429270285	-0.126938380573242	-0.157683907238303	-0.120829774498977	-0.0955566192524954	-0.112810120360454	-0.120319402161993	-0.0923847293675571	-0.120732241660291	-0.104635118433427	-0.0990255160477148	-0.111428793197512	-0.104930065017451	-0.0946596541505728	-0.151389875530656	-0.150108678472588	-0.11203039240138	-0.200104957355899	-0.0929809761214388	-0.124712005063734	-0.148838948702109	-0.102030240684461	-0.151566210492815
700038744	-0.179818862160757	-0.124846573625918	-0.0835481442643287	-0.234421812307015	-0.146558564241434	-0.0702938283318597	-0.202684899584194	-0.100327416345192	-0.162705666396507	-0.0824925774327618	-0.0902541958390225	-0.110679496795654	-0.100364467458533	-0.0994575305038393	-0.116133411785581	-0.140215419484071	-0.0930580663055918	-0.0875227467237015	-0.165846917533722	-0.181012462354336	-0.181637594383021	-0.128602248230329	-0.172593763568542	-0.18237143598824	-0.196554754586161	-0.181314340691117	-0.099822951359514	-0.148387590949981	-0.138361074632658	-0.0917475614971979	-0.0711900502070183	-0.145016100969634	-0.0949974188558088	0	-0.185770398260852	-0.136487513698218	-0.131021251184736	-0.0917619966705018	-0.163538508399678	-0.141297452320693	-0.142042524310903	-0.0787322442507973	-0.109878038747449	-0.156099737969576	-0.0965305635153	-0.118229995069628	-0.127427011680691	-0.0819074725668741	-0.0972825682786577	-0.105276817950541	-0.117690961118388	-0.202269224793684	-0.203386117270015	-0.125830265065914	-0.230516266838665	-0.0746638843383875	-0.158059897002781	-0.205770114585657	-0.107698472572634	-0.192005978041814
