700108602	700014971	700033565	700109389	700023058	700023927	700106341	700114221	700023543	700023439	700016978	700024192	700113058	700099448	700109870	700033928	700023693	700109627	700095416	700110425	700111580	700111302	700098605	700111991	700108960	700024452	700032931	700095837	700024548	700110161	700023496	700034628	700023645	700038744	700038485	700024743	700099596	700110760	700101587	700106399	700032322	700095653	700021312	700101230	700023590	700038905	700033136	700023382	700096424	700105469	700016908	700096053	700108479	700109569	700033814	700016125	700109756	700102665	700101777	700109455
700108602	0	0.222296860992804	0.333739100291982	0.220262595107022	0.192054367419963	0.297242996864196	0.113431360314181	0.311976073900012	0.142000245554671	0.29267885889367	0.24690982261223	0.357717552007622	0.310878227844111	0.223872236317965	0.338192994539282	0.197324629541658	0.290375473247286	0.272099253487252	0.163926934666364	0.122978182348364	0.178878691928869	0.240325912795277	0.132725688907208	0.0755684661172783	0.180272935520704	0.181580857909497	0.221614380247963	0.302319483007741	0.273337635496417	0.321507701671986	0.257067870067383	0.259234237780157	0.231015741204735	0.282664019520314	0.160331643721633	0.153743038244694	0.239673401216286	0.306745172188311	0.0903157160533928	0.360639323042383	0.146119484990972	0.326737008379013	0.198503252531194	0.189605107490013	0.301899402562834	0.218131472126228	0.19356020614468	0.308293549988069	0.252121891266091	0.319270145360226	0.289558306872775	0.0907118460638263	0.115181287765866	0.150644282787188	0.135578529870693	0.280795937495003	0.1903038001613	0.118714265038877	0.310866522803249	0.162551481632045
700014971	0.222296860992804	0	0.273458044226742	0.341556766999809	0.129149363304774	0.212377083748652	0.240508125941144	0.161923311706871	0.195755694316607	0.146063494686024	0.192430816770434	0.298782186909233	0.176492175097336	0.130208942536021	0.235960447858739	0.215495157754694	0.17199374993665	0.223911427541062	0.218958634671622	0.204051138395706	0.22743673328808	0.228156187201222	0.190496860544551	0.228746860963563	0.283024714892626	0.202469548700113	0.111629630991087	0.219868784583316	0.165900140712026	0.187601191114071	0.143043439500965	0.257848731126846	0.144284474082473	0.166669286753728	0.198214470467217	0.163705541730336	0.224089776768152	0.212551092905021	0.189040088811489	0.211124289398203	0.163051149788707	0.20348269312576	0.150855094874811	0.198707541861497	0.170661288463426	0.16365052582483	0.119976969575254	0.204766230345006	0.173085594596375	0.249475866756036	0.259468057979673	0.210654459127156	0.237539918173591	0.169596904921546	0.293934786063671	0.149206361133602	0.206385226267986	0.245595587260416	0.237972913670251	0.221353351603586
700033565	0.333739100291982	0.273458044226742	0	0.443855598290685	0.2986329279495	0.100300906979226	0.311200485637278	0.204376213522893	0.272952468712191	0.173389512424911	0.125816255542014	0.0763233796326667	0.179933330468866	0.214425478394569	0.198559077780709	0.171460000956499	0.175683554023953	0.133100660178942	0.225095740847585	0.322229193411263	0.243586384301951	0.124831753247365	0.315658004271839	0.311406430825982	0.247548719102333	0.34899915581672	0.234573398442586	0.382188040929859	0.312028566794544	0.200505439640803	0.166585878049314	0.192248841560879	0.185195707924566	0.154904381332351	0.354126089678634	0.244384214871074	0.238781879420839	0.145258973540362	0.291900147050821	0.264095684502525	0.241720003003821	0.119062643098992	0.222385285540331	0.27294702821575	0.215515116667521	0.225893420856352	0.23472578684782	0.158050588439722	0.153179099207319	0.0657966099270872	0.107861396506294	0.329153436240508	0.358449534032138	0.230746235769463	0.395185194607852	0.171688622788675	0.209135955109341	0.283159345934371	0.0766990130502127	0.297103899458069
700109389	0.220262595107022	0.341556766999809	0.443855598290685	0	0.330626758544701	0.425718820075708	0.213759902995418	0.417003780021235	0.295886418575321	0.40630493002001	0.376820484064543	0.457350839186767	0.412531608027978	0.363168667786368	0.434556612781663	0.328890916947804	0.410824589404919	0.413889094091434	0.340753903718262	0.203642829012364	0.301820085825487	0.371019847766621	0.233516147081448	0.255055284777266	0.287313330649844	0.285667980346326	0.367669655866453	0.405633811422772	0.351607025778186	0.420534073668448	0.388101674160745	0.389980626192508	0.351481616740619	0.399627252781507	0.260751175522021	0.285274551776686	0.393022926716741	0.430636097090831	0.240138418443449	0.423633846163929	0.28429228589621	0.429288826311563	0.347658038387344	0.316496366962754	0.39831220459787	0.33851931959664	0.338415273266941	0.416474467416478	0.387415109355276	0.428946199986257	0.40544394877263	0.195909195799622	0.152138616294633	0.304275560809723	0.185743447133761	0.397278215097062	0.30387426799255	0.267149844868704	0.415387357058476	0.273674406847701
700023058	0.192054367419963	0.129149363304774	0.2986329279495	0.330626758544701	0	0.232306940727013	0.224939927139571	0.217203330962938	0.17953943537275	0.200629290753081	0.223410983535966	0.319006494257396	0.237356336799517	0.156565511398987	0.272880717260331	0.205556539651118	0.216073304067634	0.225800380988669	0.190318715477402	0.203853557331013	0.226714422805719	0.238382721553247	0.191647508456059	0.19694535513093	0.282645907924173	0.177932540952584	0.147155407691388	0.261361096591205	0.202711962026767	0.230103482760663	0.179348401362733	0.278478119455165	0.190795278524371	0.211903653584938	0.184349800088154	0.193399234045994	0.184604422840119	0.21282371010571	0.170895185910777	0.279188961856089	0.156572422878561	0.251015620485956	0.133216705894441	0.213631578482522	0.208109956007748	0.190555925921233	0.127708038427612	0.243015855139077	0.182421909487126	0.280222101392778	0.283427429250038	0.190567709650983	0.232515156025518	0.156788450176635	0.268318142310399	0.206301141688244	0.225140084203651	0.226207459541359	0.264869010988279	0.213432076004181
700023927	0.297242996864196	0.212377083748652	0.100300906979226	0.425718820075708	0.232306940727013	0	0.305073780649361	0.153954696626972	0.246640926206609	0.119433700487407	0.127015811411454	0.152873865059499	0.130208427325722	0.134378524058928	0.180258457771485	0.156264628011767	0.128776753559683	0.0761206311742112	0.222645363254648	0.284259909143826	0.245923953736456	0.166640329041481	0.278897037102173	0.282772534780344	0.257761772659784	0.310411796760282	0.163541969443504	0.338722498648114	0.262072399850786	0.150519673195098	0.0930823897407481	0.205467235050056	0.139418040443166	0.0922486070216569	0.318295587501946	0.210544339091538	0.187953528605177	0.0806889922816725	0.266253414296218	0.215246070483374	0.206247498111599	0.0853781089152927	0.167749832150257	0.233908828060366	0.16413726390214	0.191785300952542	0.189179114830141	0.125260905571125	0.0816032434012277	0.117212341417901	0.164727739239918	0.299821248738546	0.333400816669101	0.206532189390948	0.369204050718429	0.119531487600838	0.204047708580832	0.256521277097956	0.115167844075388	0.273532368204001
700106341	0.113431360314181	0.240508125941144	0.311200485637278	0.213759902995418	0.224939927139571	0.305073780649361	0	0.31328653999573	0.119458222285983	0.293796476565046	0.223194059666908	0.323239672146869	0.299467345964071	0.240993926614836	0.324312322010712	0.192068504795479	0.292379889016306	0.29652999662375	0.160343723022374	0.0893870105874365	0.14595368130001	0.212722368661587	0.126080985335527	0.11552628881461	0.117413376305361	0.25219132795753	0.275622106623406	0.34964385937836	0.298979683087836	0.318005339591281	0.260547291345213	0.200269661481215	0.228636159148399	0.289869002869503	0.223043073781263	0.122213939323861	0.267824324866379	0.310183793385088	0.100254512402688	0.3693429778721	0.151990938433568	0.3128178270094	0.206505934394063	0.15816996378921	0.289307944544779	0.242733603952608	0.205033280528962	0.293010998566765	0.253356788536418	0.288565204640507	0.273853330870308	0.0906517850838209	0.0990876895731807	0.140765910956637	0.14530855478931	0.276889764421711	0.160047960201535	0.103833965191951	0.281871913274668	0.0901820061952614
700114221	0.311976073900012	0.161923311706871	0.204376213522893	0.417003780021235	0.217203330962938	0.153954696626972	0.31328653999573	0	0.272291791544915	0.0673768932904728	0.214038199339574	0.237509951948633	0.0806506267980258	0.16233760479476	0.124379454278137	0.253578967679157	0.0751388128999651	0.212974658273944	0.279943776141792	0.27937134945492	0.275107204187338	0.259613016597331	0.290307078603705	0.306510316322897	0.342204475194198	0.302437309342872	0.149909587336845	0.29617230272856	0.196610442725548	0.110402990294418	0.155502669355244	0.27099752788447	0.18386633074497	0.133858844147192	0.309682022635783	0.227130022212135	0.254793391662485	0.112910697581314	0.27465382676991	0.123717693167656	0.229953513810909	0.110447186601303	0.226284952577956	0.2520202455563	0.136535285060278	0.171439058381339	0.175353815844117	0.108619969638334	0.166713192294164	0.200329753184347	0.267995686576085	0.299785621929638	0.325725008301478	0.249201073182333	0.395257389947635	0.0863132419011663	0.227439075102441	0.325017350249626	0.188785199472088	0.286599035800495
700023543	0.142000245554671	0.195755694316607	0.272952468712191	0.295886418575321	0.17953943537275	0.246640926206609	0.119458222285983	0.272291791544915	0	0.235006136518563	0.179026473720027	0.297484963856247	0.253640960806939	0.199342518405539	0.301282333700805	0.141844096185047	0.241798870483316	0.232021570394311	0.116794253948064	0.153285343120136	0.155491592158075	0.176795124847358	0.175845395758932	0.11993246778432	0.160217402934093	0.224373281700162	0.217663468811255	0.304933869280562	0.288196554058514	0.263233817114397	0.199746853683078	0.155330123323364	0.185266665360042	0.227652453562419	0.192883772299537	0.122464408159457	0.201176276563662	0.25999968584798	0.0988596069027547	0.335455456649726	0.110349229728501	0.267525970243047	0.151623767450057	0.101161938543863	0.252020810572382	0.225736758114708	0.148392546723283	0.248923051452022	0.216872581235312	0.254855563357138	0.247061168417613	0.123690527923609	0.165843005222438	0.119878326941303	0.198375784614842	0.222275275151338	0.180091850352504	0.107368258176971	0.257257195870388	0.0984334888832376
700023439	0.29267885889367	0.146063494686024	0.173389512424911	0.40630493002001	0.200629290753081	0.119433700487407	0.293796476565046	0.0673768932904728	0.235006136518563	0	0.178764022581547	0.22859815555253	0.0659135264396895	0.121591458448318	0.150063282729347	0.215911323660153	0.0855859193325064	0.166218243135586	0.238441995145692	0.259988151997615	0.256064982949844	0.232493736151792	0.270536787932421	0.277726436128864	0.313904122647653	0.278748560011623	0.128996753458635	0.274801642249565	0.188288053223345	0.0826732207354449	0.116415141707432	0.250410804449366	0.151631905328536	0.0879862174844338	0.28564793751878	0.198731884213976	0.208474039869225	0.103260172010578	0.252991444442447	0.145465148892379	0.195488171317157	0.0987556280525515	0.180275193840266	0.227386201400695	0.126524120701847	0.165750527506952	0.154637004793889	0.110382511733581	0.124126403080787	0.184598918886363	0.241604404145063	0.27451299054598	0.316290637943112	0.204726732152649	0.371624306279937	0.0677161961423483	0.211743100032808	0.284441509442857	0.174873328404645	0.261664503552627
700016978	0.24690982261223	0.192430816770434	0.125816255542014	0.376820484064543	0.223410983535966	0.127015811411454	0.223194059666908	0.214038199339574	0.179026473720027	0.178764022581547	0	0.154093134788857	0.190071038612078	0.165964416672456	0.245074401694233	0.095293733338434	0.181049283265876	0.110934284013267	0.142006241153298	0.233634579094485	0.156735067868	0.0746208178214461	0.23666847179452	0.219686335274582	0.160065327988414	0.288121882678858	0.204644347824461	0.314026854219202	0.285113315881898	0.209988723485932	0.112815118554428	0.125145914852585	0.0976023516561855	0.127098290189705	0.281749952690308	0.165537725353973	0.179770316457278	0.180344920851312	0.199713657960587	0.278715980172007	0.146790440312723	0.151110738084771	0.136486218388863	0.185117792889769	0.176648066209053	0.192839552256373	0.156852326839867	0.182391064940403	0.129113470581759	0.11548525841081	0.112252756144674	0.242631742878537	0.270089010812944	0.147620326380607	0.314956793720991	0.159346924700764	0.135973432604473	0.193351525436049	0.119042254602124	0.20440376455039
700024192	0.357717552007622	0.298782186909233	0.0763233796326667	0.457350839186767	0.319006494257396	0.152873865059499	0.323239672146869	0.237509951948633	0.297484963856247	0.22859815555253	0.154093134788857	0	0.213553704653835	0.256521370935186	0.213692403358697	0.192745115404824	0.210886556533647	0.170110232807555	0.246102187415399	0.335468564792965	0.239202731202787	0.143955036231412	0.335582780841235	0.338821197279972	0.257335810440391	0.385575924790952	0.287626931101245	0.40632834870298	0.32886427450392	0.259433582035435	0.190937151739407	0.195115155171862	0.205656548185711	0.199825050198851	0.387545380230278	0.260206433316531	0.269785758195239	0.189867737812467	0.318398218786029	0.282684332873082	0.26158948277293	0.149123767057927	0.252927691085416	0.283732391943461	0.211450711779716	0.254495908973035	0.250585843406077	0.174521540184685	0.200898088428239	0.084998828685027	0.105145055772494	0.349796445217933	0.371526301619599	0.25717673776814	0.425185510070321	0.209635740939679	0.212938566470944	0.305774253651114	0.112137385235704	0.307198711575623
700113058	0.310878227844111	0.176492175097336	0.179933330468866	0.412531608027978	0.237356336799517	0.130208427325722	0.299467345964071	0.0806506267980258	0.253640960806939	0.0659135264396895	0.190071038612078	0.213553704653835	0	0.148725691803128	0.133814869579845	0.230650085960911	0.104377765358331	0.18612208756873	0.258903293150312	0.272803604087053	0.264381631512734	0.236703980753793	0.291972597529144	0.300853875730213	0.317989609979812	0.316402046729986	0.167845788956003	0.293406796863352	0.212133552363284	0.114079316435384	0.139033406935194	0.248287405427099	0.168859000057603	0.111290318880952	0.324357803509131	0.2130131132497	0.234071600237465	0.10952903135437	0.266817530173734	0.142974519464556	0.20524742651646	0.0881711587014371	0.213949371511153	0.231270107017757	0.13606258439453	0.185732195954437	0.194262005288962	0.0976552610537927	0.146539480480765	0.174514344839432	0.240129965143797	0.293891476179691	0.324915605264587	0.237203225079135	0.393353603554105	0.0660562118340565	0.219037058233227	0.301396888914798	0.164964368564208	0.262820282148001
700099448	0.223872236317965	0.130208942536021	0.214425478394569	0.363168667786368	0.156565511398987	0.134378524058928	0.240993926614836	0.16233760479476	0.199342518405539	0.121591458448318	0.165964416672456	0.256521370935186	0.148725691803128	0	0.208090771693134	0.178356948254172	0.146136395431487	0.154864877146569	0.170922050922649	0.216509156085688	0.214056496748574	0.208651140614132	0.208179755030771	0.205043459125259	0.263410808916312	0.224176575425452	0.105420507977456	0.273922247076447	0.19048025551683	0.154238190203004	0.108200477286784	0.241886482781405	0.134290757095121	0.122550364605647	0.2383607531002	0.159876476898146	0.157465996112789	0.134084013482914	0.200726563483677	0.223326930982318	0.15670358275763	0.173255579284599	0.12520002209919	0.199354396705907	0.152454343460473	0.148638813086062	0.117911098122709	0.169895561248739	0.0889050349355179	0.209930021810332	0.217842745539466	0.22395618409203	0.267070117066652	0.149226583774177	0.293147150334763	0.132603940308669	0.175333053162231	0.221286973447427	0.194187570148864	0.217879906951433
700109870	0.338192994539282	0.235960447858739	0.198559077780709	0.434556612781663	0.272880717260331	0.180258457771485	0.324312322010712	0.124379454278137	0.301282333700805	0.150063282729347	0.245074401694233	0.213692403358697	0.133814869579845	0.208090771693134	0	0.275280144978253	0.128010652047216	0.2485929138773	0.298650079084231	0.313725432821766	0.276178584637428	0.277532374040535	0.308366690613087	0.332319066414625	0.352264607911977	0.34997886310643	0.216597751605449	0.357118464644373	0.238590959933164	0.168100198569745	0.20830483832846	0.287844113085282	0.238177709767608	0.205411637896834	0.361223167085772	0.260783925886931	0.284458977599183	0.129944089367328	0.301081848399105	0.166702733734599	0.271201026062285	0.13830560362393	0.273419342266724	0.283927600005816	0.1853067117827	0.181139540289383	0.228804846998294	0.114323752688685	0.192179937666588	0.193496089248203	0.275901829988407	0.330160085555316	0.349850924904669	0.269944942343606	0.406780559847222	0.143666464260338	0.242950706852028	0.342526283508283	0.186380049823011	0.308007806814455
700033928	0.197324629541658	0.215495157754694	0.171460000956499	0.328890916947804	0.205556539651118	0.156264628011767	0.192068504795479	0.253578967679157	0.141844096185047	0.215911323660153	0.095293733338434	0.192745115404824	0.230650085960911	0.178356948254172	0.275280144978253	0	0.22303017512054	0.139495327511396	0.128596234686044	0.208099490897311	0.147813645479366	0.0912306796434196	0.217489855157969	0.170574106706103	0.155843299216583	0.254551546699851	0.215738434308409	0.318726815872952	0.273687548994924	0.239889328410951	0.144971433202199	0.162412724364147	0.0978100922056308	0.163350233633766	0.254621571943498	0.167993825304738	0.192828922369221	0.209124169948004	0.161282591044893	0.314739979727467	0.105277147662023	0.176399195881968	0.145014402303986	0.18985296080678	0.19437190110154	0.191939883704104	0.147688617274304	0.211214962476759	0.159412280571646	0.151214226329655	0.138584630329284	0.189748792991577	0.227534937136401	0.151226067079606	0.27275557629435	0.195723374662689	0.146359908984534	0.141308159230925	0.1553970667865	0.17200091354665
700023693	0.290375473247286	0.17199374993665	0.175683554023953	0.410824589404919	0.216073304067634	0.128776753559683	0.292379889016306	0.0751388128999651	0.241798870483316	0.0855859193325064	0.181049283265876	0.210886556533647	0.104377765358331	0.146136395431487	0.128010652047216	0.22303017512054	0	0.171881485450887	0.24763508207095	0.267313968870398	0.232064981125442	0.230474023511098	0.26248243542711	0.278163813215493	0.316290816796996	0.304029224407175	0.157309180503961	0.320752550939829	0.202879069823315	0.144541979626568	0.124000468267077	0.245846293519505	0.18402819679452	0.147227536974576	0.310159079031733	0.199509159361149	0.21707313376764	0.11837552921967	0.24945328214409	0.13361746868121	0.201139145653298	0.127477235755494	0.192180505989407	0.235620216661897	0.146061414918694	0.132994646413154	0.156634752177405	0.0931025820943808	0.128529592666211	0.177831814094201	0.236981665164903	0.281913830635436	0.314669762499625	0.211304405667878	0.368703619936912	0.0908645419524552	0.200969841840616	0.298173224072584	0.168209036226551	0.261886723335474
700109627	0.272099253487252	0.223911427541062	0.133100660178942	0.413889094091434	0.225800380988669	0.0761206311742112	0.29652999662375	0.212974658273944	0.232021570394311	0.166218243135586	0.110934284013267	0.170110232807555	0.18612208756873	0.154864877146569	0.2485929138773	0.139495327511396	0.171881485450887	0	0.1998703132748	0.274334696590581	0.241252458932876	0.147798812054836	0.278932145978681	0.250523300129712	0.236936055668801	0.311891792875655	0.190769792472365	0.338210773901792	0.302815154837368	0.198572909315458	0.0987729127443231	0.206026211637403	0.133422487889783	0.118107014725287	0.305167459114443	0.214065801310766	0.151365683181161	0.1357861388346	0.248860094510954	0.269059612210781	0.20103496105814	0.146063572342462	0.1433542268623	0.223662693283253	0.199634086593322	0.223963786771341	0.190761772825823	0.181807102444501	0.106025952480084	0.151135536764414	0.145276654714647	0.293265747791942	0.322288980421168	0.19945974413364	0.341327195570909	0.168711995632638	0.213945682808103	0.238346379125857	0.149984096888167	0.27235148186655
700095416	0.163926934666364	0.218958634671622	0.225095740847585	0.340753903718262	0.190318715477402	0.222645363254648	0.160343723022374	0.279943776141792	0.116794253948064	0.238441995145692	0.142006241153298	0.246102187415399	0.258903293150312	0.170922050922649	0.298650079084231	0.128596234686044	0.24763508207095	0.1998703132748	0	0.19540870524626	0.121533567626269	0.13457866176568	0.184364966891858	0.128555885349736	0.144141843681176	0.231299909057392	0.207562935498937	0.333156883726346	0.283466489539474	0.26850562224073	0.180222502735817	0.151437865941794	0.16603301537341	0.217492279415923	0.221889532759601	0.151119891080485	0.178006692532642	0.227380316610194	0.151682465059812	0.341637450745746	0.116032219071652	0.253869878764387	0.11615459115646	0.168517118165806	0.234243365276555	0.201779912363408	0.141485631266681	0.239807156544464	0.169489242587918	0.206918555824839	0.198477038296806	0.185056208113731	0.220950120599808	0.104086216866458	0.223450744418567	0.222943463934098	0.14391730857197	0.131714051982267	0.211032467856146	0.153885870523406
700110425	0.122978182348364	0.204051138395706	0.322229193411263	0.203642829012364	0.203853557331013	0.284259909143826	0.0893870105874365	0.27937134945492	0.153285343120136	0.259988151997615	0.233634579094485	0.335468564792965	0.272803604087053	0.216509156085688	0.313725432821766	0.208099490897311	0.267313968870398	0.274334696590581	0.19540870524626	0	0.168945612053982	0.228771084785348	0.128541936794663	0.137547951048087	0.143977693934094	0.235592916501268	0.233333947662	0.302014325380199	0.266046117318577	0.27910213403419	0.23361113526636	0.245046895890946	0.193736499196438	0.25268730729395	0.205756741460339	0.117440664901497	0.252145891926706	0.29495137290898	0.110117545480253	0.337150184629067	0.159793279222428	0.279631803634209	0.184021965182131	0.137648224085817	0.255157880571623	0.239436610345886	0.1779437341999	0.274459198240862	0.24054088499171	0.304777938677398	0.276304904669776	0.0938968996256702	0.0878097760709041	0.15427084703645	0.166798534038716	0.249531174188968	0.159486399871093	0.142162081460094	0.288472571832269	0.14047339614199
700111580	0.178878691928869	0.22743673328808	0.243586384301951	0.301820085825487	0.226714422805719	0.245923953736456	0.14595368130001	0.275107204187338	0.155491592158075	0.256064982949844	0.156735067868	0.239202731202787	0.264381631512734	0.214056496748574	0.276178584637428	0.147813645479366	0.232064981125442	0.241252458932876	0.121533567626269	0.168945612053982	0	0.145712421766783	0.170227661597717	0.160319913790186	0.107196589834481	0.286311781908021	0.267539395396083	0.372250304894159	0.25051200073945	0.290302639371636	0.191394308506635	0.156885092998234	0.176192349130141	0.241292981074612	0.269988352145547	0.133871194978789	0.247572888985489	0.24108108177322	0.154879506310495	0.31894476576139	0.13126426101444	0.243960995422038	0.17180465719707	0.179000550235451	0.201718827978868	0.182207095754663	0.155566795100389	0.219045280737624	0.192404598924348	0.200919782445504	0.212123347796569	0.159703014271168	0.204234931357422	0.117176739182535	0.238166000154707	0.232531578463112	0.0810084730490498	0.121339866222146	0.19674708323954	0.128745326689446
700111302	0.240325912795277	0.228156187201222	0.124831753247365	0.371019847766621	0.238382721553247	0.166640329041481	0.212722368661587	0.259613016597331	0.176795124847358	0.232493736151792	0.0746208178214461	0.143955036231412	0.236703980753793	0.208651140614132	0.277532374040535	0.0912306796434196	0.230474023511098	0.147798812054836	0.13457866176568	0.228771084785348	0.145712421766783	0	0.245076189004743	0.216480336998844	0.1398566257371	0.302847721243791	0.245307442561206	0.354003478440321	0.304810628258491	0.255093751078981	0.162955090430258	0.113173452462144	0.125258880174092	0.178103528349763	0.294567542770014	0.173267236550119	0.217723595713333	0.221298048014124	0.199802091186168	0.318195757648789	0.159630533758034	0.182853752518672	0.158900902038483	0.195761122031682	0.204158624615013	0.226231100069188	0.181021666582444	0.216949886452548	0.171834085507518	0.103877211620863	0.10586044001616	0.237355926420634	0.263527114134453	0.154150916553525	0.310142834838661	0.204139458906321	0.1484845531919	0.184509280164339	0.118708462941845	0.202595181465515
700098605	0.132725688907208	0.190496860544551	0.315658004271839	0.233516147081448	0.191647508456059	0.278897037102173	0.126080985335527	0.290307078603705	0.175845395758932	0.270536787932421	0.23666847179452	0.335582780841235	0.291972597529144	0.208179755030771	0.308366690613087	0.217489855157969	0.26248243542711	0.278932145978681	0.184364966891858	0.128541936794663	0.170227661597717	0.245076189004743	0	0.128357534385017	0.192644851111927	0.228172390738174	0.214816095598813	0.318965228730406	0.257748751118086	0.308600244442438	0.237441302400706	0.250689082203537	0.241935714745979	0.282388751185893	0.201001909553338	0.149762540694971	0.24405923571182	0.281780139574923	0.129025809727902	0.328163384952397	0.170421397713644	0.310189494679163	0.20250455339034	0.201634693869872	0.288408520555067	0.185286627171398	0.182549086567977	0.293624241629113	0.228162843483258	0.292668702315819	0.289786293659158	0.137703683069623	0.129893471675604	0.135577038202882	0.138508122917458	0.26300396839251	0.188653046998115	0.176145157314763	0.280818033027573	0.131624502009988
700111991	0.0755684661172783	0.228746860963563	0.311406430825982	0.255055284777266	0.19694535513093	0.282772534780344	0.11552628881461	0.306510316322897	0.11993246778432	0.277726436128864	0.219686335274582	0.338821197279972	0.300853875730213	0.205043459125259	0.332319066414625	0.170574106706103	0.278163813215493	0.250523300129712	0.128555885349736	0.137547951048087	0.160319913790186	0.216480336998844	0.128357534385017	0	0.156391949395024	0.203942608955536	0.224409114673464	0.313613811840787	0.290450430660656	0.311909939915367	0.242277979590344	0.230777252010157	0.219716812878945	0.271035377781747	0.171181114637985	0.133459260618496	0.216906610777393	0.288115693795332	0.0834792374570092	0.366293350375983	0.137506459633233	0.318098203374477	0.177668071259578	0.170031149901632	0.295751375743414	0.21554553071909	0.183837524572008	0.303992071899796	0.229634194597068	0.297533161996905	0.264557030170492	0.115441795846953	0.141408625898039	0.129293038978404	0.127140814152861	0.274059101039169	0.192130045726967	0.111377014595646	0.290263549485353	0.119662378506596
700108960	0.180272935520704	0.283024714892626	0.247548719102333	0.287313330649844	0.282645907924173	0.257761772659784	0.117413376305361	0.342204475194198	0.160217402934093	0.313904122647653	0.160065327988414	0.257335810440391	0.317989609979812	0.263410808916312	0.352264607911977	0.155843299216583	0.316290816796996	0.236936055668801	0.144141843681176	0.143977693934094	0.107196589834481	0.1398566257371	0.192644851111927	0.156391949395024	0	0.316277747887965	0.307286147138627	0.392139825908492	0.329354629930409	0.329343112594905	0.241958590831609	0.13809171608503	0.189736033544499	0.260243433545294	0.283278360454688	0.150260717218641	0.271509523951424	0.299118327741132	0.156187207986032	0.394910697562895	0.177368191221128	0.268824138831818	0.203992605455241	0.166757143385462	0.276602057658628	0.272247610634162	0.225426819861481	0.295931528760351	0.240203415204632	0.221642701559089	0.207932211891575	0.164371321154643	0.172337009062681	0.156527994046718	0.207781822118694	0.292305279509335	0.132379289347562	0.1099022164357	0.221023150484092	0.133588443454931
700024452	0.181580857909497	0.202469548700113	0.34899915581672	0.285667980346326	0.177932540952584	0.310411796760282	0.25219132795753	0.302437309342872	0.224373281700162	0.278748560011623	0.288121882678858	0.385575924790952	0.316402046729986	0.224176575425452	0.34997886310643	0.254551546699851	0.304029224407175	0.311891792875655	0.231299909057392	0.235592916501268	0.286311781908021	0.302847721243791	0.228172390738174	0.203942608955536	0.316277747887965	0	0.198256947382323	0.244734779693947	0.206489720850804	0.281197305995783	0.280632696376549	0.332285161600209	0.259657296333144	0.276746823356025	0.0711384555569992	0.229975352117046	0.282522110254576	0.311804477887582	0.197599867336592	0.324297163774642	0.203996410461997	0.332985722917481	0.225483092356641	0.265213347635027	0.289355445377937	0.217898961204865	0.206981187653554	0.328508016676256	0.262312157090311	0.344823232816999	0.337454930045694	0.198637057276023	0.227431155420823	0.217913664992646	0.221882196539518	0.287546252544663	0.267099398805749	0.243699983669151	0.328553836600168	0.270970982975855
700032931	0.221614380247963	0.111629630991087	0.234573398442586	0.367669655866453	0.147155407691388	0.163541969443504	0.275622106623406	0.149909587336845	0.217663468811255	0.128996753458635	0.204644347824461	0.287626931101245	0.167845788956003	0.105420507977456	0.216597751605449	0.215738434308409	0.157309180503961	0.190769792472365	0.207562935498937	0.233333947662	0.267539395396083	0.245307442561206	0.214816095598813	0.224409114673464	0.307286147138627	0.198256947382323	0	0.237734356543639	0.185807851076502	0.162275851573578	0.140826116901756	0.277858422086524	0.155212721203978	0.135084829855458	0.216805407014319	0.191378634133488	0.180592168810297	0.16262726110242	0.2167391142241	0.20561928485732	0.189567685677291	0.183880099247361	0.151881810292469	0.218037760243917	0.175006689260154	0.154672244365556	0.139691623879813	0.181458796592888	0.133527105443861	0.232343113717883	0.259053987274536	0.240728417871208	0.262888125147798	0.186822142904319	0.293844127054846	0.128865416963213	0.230743859811592	0.26192095318258	0.218828597463018	0.262110517231733
700095837	0.302319483007741	0.219868784583316	0.382188040929859	0.405633811422772	0.261361096591205	0.338722498648114	0.34964385937836	0.29617230272856	0.304933869280562	0.274801642249565	0.314026854219202	0.40632834870298	0.293406796863352	0.273922247076447	0.357118464644373	0.318726815872952	0.320752550939829	0.338210773901792	0.333156883726346	0.302014325380199	0.372250304894159	0.354003478440321	0.318965228730406	0.313613811840787	0.392139825908492	0.244734779693947	0.237734356543639	0	0.213024351894483	0.239242849629725	0.29463320009355	0.385180357472277	0.270993019650986	0.263000153692566	0.25083587379275	0.301394548702654	0.320005375572392	0.339981806848827	0.287855679760621	0.333618468894894	0.290140450238947	0.329327239994407	0.291726344169373	0.301235057960898	0.258433160742246	0.300937112603097	0.272794136208954	0.330236749881781	0.312583787320699	0.377921692297779	0.362124726629753	0.315182254931339	0.328359372689229	0.318115762461858	0.368556292474046	0.282151230727956	0.351365677259363	0.345161210284545	0.3630286679656	0.351099488397903
700024548	0.273337635496417	0.165900140712026	0.312028566794544	0.351607025778186	0.202711962026767	0.262072399850786	0.298979683087836	0.196610442725548	0.288196554058514	0.188288053223345	0.285113315881898	0.32886427450392	0.212133552363284	0.19048025551683	0.238590959933164	0.273687548994924	0.202879069823315	0.302815154837368	0.283466489539474	0.266046117318577	0.25051200073945	0.304810628258491	0.257748751118086	0.290450430660656	0.329354629930409	0.206489720850804	0.185807851076502	0.213024351894483	0	0.17862328229893	0.229085835291783	0.334763225784709	0.217136646018665	0.210032648442064	0.218050806275555	0.224016379014984	0.309205487482039	0.242366352765332	0.249002948786058	0.192109395276003	0.230521931411258	0.243110312954565	0.239271659613734	0.285546344652487	0.141852628007595	0.136796229112987	0.191205345675064	0.212089029397122	0.227790710376861	0.302754316616127	0.323793236980106	0.265946868894318	0.291864644415077	0.237006189744238	0.321851444720942	0.210395734440027	0.232565198480044	0.303521369884816	0.282833653196225	0.29326860630147
700110161	0.321507701671986	0.187601191114071	0.200505439640803	0.420534073668448	0.230103482760663	0.150519673195098	0.318005339591281	0.110402990294418	0.263233817114397	0.0826732207354449	0.209988723485932	0.259433582035435	0.114079316435384	0.154238190203004	0.168100198569745	0.239889328410951	0.144541979626568	0.198572909315458	0.26850562224073	0.27910213403419	0.290302639371636	0.255093751078981	0.308600244442438	0.311909939915367	0.329343112594905	0.281197305995783	0.162275851573578	0.239242849629725	0.17862328229893	0	0.15775379627661	0.276944513009375	0.180586941300509	0.11421101606607	0.290760058918134	0.230993299152112	0.236323902439266	0.133134143835949	0.28047748873198	0.198897648277598	0.231649314146803	0.138241451215913	0.211366245182059	0.246220001510045	0.13366816030153	0.215600456114854	0.197586814628198	0.15115097405805	0.151740328024631	0.221272018923246	0.262246459593572	0.298060747771093	0.339818852017082	0.240970333327832	0.396571968882474	0.121252916547869	0.24077007523487	0.304700886823608	0.206486518230344	0.297208213573726
700023496	0.257067870067383	0.143043439500965	0.166585878049314	0.388101674160745	0.179348401362733	0.0930823897407481	0.260547291345213	0.155502669355244	0.199746853683078	0.116415141707432	0.112815118554428	0.190937151739407	0.139033406935194	0.108200477286784	0.20830483832846	0.144971433202199	0.124000468267077	0.0987729127443231	0.180222502735817	0.23361113526636	0.191394308506635	0.162955090430258	0.237441302400706	0.242277979590344	0.241958590831609	0.280632696376549	0.140826116901756	0.29463320009355	0.229085835291783	0.15775379627661	0	0.194242649401869	0.0975849280201369	0.0827973285185464	0.27690873309701	0.166775027293489	0.163201965269439	0.114921520243569	0.221224389497209	0.216666301630594	0.149632739512234	0.124471184923296	0.115851084832987	0.192283577606943	0.120726213649197	0.169739935609556	0.120571059049118	0.133763777981912	0.0761565040106919	0.157231203751096	0.177234919337739	0.25299030000408	0.291366757956175	0.15728501844756	0.336725482991288	0.104883536269361	0.158470692202026	0.217318715121054	0.154530925476981	0.227270618765827
700034628	0.259234237780157	0.257848731126846	0.192248841560879	0.389980626192508	0.278478119455165	0.205467235050056	0.200269661481215	0.27099752788447	0.155330123323364	0.250410804449366	0.125145914852585	0.195115155171862	0.248287405427099	0.241886482781405	0.287844113085282	0.162412724364147	0.245846293519505	0.206026211637403	0.151437865941794	0.245046895890946	0.156885092998234	0.113173452462144	0.250689082203537	0.230777252010157	0.13809171608503	0.332285161600209	0.277858422086524	0.385180357472277	0.334763225784709	0.276944513009375	0.194242649401869	0	0.183035709159703	0.209771210796376	0.304211812797114	0.163785046388416	0.256733772371828	0.235173692037917	0.218393192152776	0.326125967129812	0.199253080845126	0.208110868945212	0.207134158378198	0.145679029333102	0.234095816797452	0.254147916872508	0.211601300016267	0.228786129363931	0.206886164806992	0.158004947819156	0.191149709737373	0.254124109327491	0.270997076111813	0.178853438048906	0.306589701262844	0.219918782250213	0.156863580180734	0.176893922228916	0.170668034077423	0.163866270425121
700023645	0.231015741204735	0.144284474082473	0.185195707924566	0.351481616740619	0.190795278524371	0.139418040443166	0.228636159148399	0.18386633074497	0.185266665360042	0.151631905328536	0.0976023516561855	0.205656548185711	0.168859000057603	0.134290757095121	0.238177709767608	0.0978100922056308	0.18402819679452	0.133422487889783	0.16603301537341	0.193736499196438	0.176192349130141	0.125258880174092	0.241935714745979	0.219716812878945	0.189736033544499	0.259657296333144	0.155212721203978	0.270993019650986	0.217136646018665	0.180586941300509	0.0975849280201369	0.183035709159703	0	0.0999569223498012	0.250747079663737	0.146867230585522	0.19518508905748	0.171654526977523	0.190599303245107	0.249153757214576	0.131841897297133	0.126563691078146	0.12041883642353	0.172673970158987	0.125900054710022	0.189766391674903	0.127887191719526	0.159678026390383	0.135734951728629	0.166451276378491	0.151699889215147	0.221050005145255	0.251682832164776	0.168231399863494	0.317669616247137	0.123974445157734	0.150268991960449	0.183488704358419	0.161898879878826	0.212351397396182
700038744	0.282664019520314	0.166669286753728	0.154904381332351	0.399627252781507	0.211903653584938	0.0922486070216569	0.289869002869503	0.133858844147192	0.227652453562419	0.0879862174844338	0.127098290189705	0.199825050198851	0.111290318880952	0.122550364605647	0.205411637896834	0.163350233633766	0.147227536974576	0.118107014725287	0.217492279415923	0.25268730729395	0.241292981074612	0.178103528349763	0.282388751185893	0.271035377781747	0.260243433545294	0.276746823356025	0.135084829855458	0.263000153692566	0.210032648442064	0.11421101606607	0.0827973285185464	0.209771210796376	0.0999569223498012	0	0.281315783814836	0.197041319307894	0.189967850328985	0.120127048118222	0.244466306854538	0.199707777221961	0.189498358727253	0.106975956596757	0.159776623671513	0.210557385844577	0.116831941362426	0.191403955187657	0.169654300105669	0.135187735589322	0.102618033083151	0.164181930295736	0.188360319033557	0.275502743892853	0.312336070044932	0.204982665465182	0.363091262800501	0.101831007881519	0.200496815799048	0.240758137167196	0.161381148744404	0.266233238856279
700038485	0.160331643721633	0.198214470467217	0.354126089678634	0.260751175522021	0.184349800088154	0.318295587501946	0.223043073781263	0.309682022635783	0.192883772299537	0.28564793751878	0.281749952690308	0.387545380230278	0.324357803509131	0.2383607531002	0.361223167085772	0.254621571943498	0.310159079031733	0.305167459114443	0.221889532759601	0.205756741460339	0.269988352145547	0.294567542770014	0.201001909553338	0.171181114637985	0.283278360454688	0.0711384555569992	0.216805407014319	0.25083587379275	0.218050806275555	0.290760058918134	0.27690873309701	0.304211812797114	0.250747079663737	0.281315783814836	0	0.201642218600439	0.278428298127773	0.327481178538615	0.15947991137979	0.331245121567519	0.203045817972439	0.344067481428698	0.225805716343709	0.232871012269902	0.294777800856502	0.224780099694682	0.209209383694474	0.337926124286267	0.27610735183424	0.354650811401181	0.327940980179362	0.181962314591226	0.197160295921443	0.195708305535252	0.187615509968144	0.292753988274697	0.260922764600011	0.214916235330161	0.339851660319252	0.237702680808485
700024743	0.153743038244694	0.163705541730336	0.244384214871074	0.285274551776686	0.193399234045994	0.210544339091538	0.122213939323861	0.227130022212135	0.122464408159457	0.198731884213976	0.165537725353973	0.260206433316531	0.2130131132497	0.159876476898146	0.260783925886931	0.167993825304738	0.199509159361149	0.214065801310766	0.151119891080485	0.117440664901497	0.133871194978789	0.173267236550119	0.149762540694971	0.133459260618496	0.150260717218641	0.229975352117046	0.191378634133488	0.301394548702654	0.224016379014984	0.230993299152112	0.166775027293489	0.163785046388416	0.146867230585522	0.197041319307894	0.201642218600439	0	0.207375710670192	0.223802999262324	0.104809603704591	0.289251053473378	0.120523399261053	0.221061930223037	0.136848502881172	0.0883774996637058	0.200170045771654	0.179915407213568	0.141774511289381	0.205143219465577	0.167681274370558	0.228717385036892	0.225198387753113	0.144744696673829	0.163202772276021	0.101865989136647	0.214797967755602	0.186160198784689	0.130930295270234	0.116379501687567	0.216182916806138	0.105148956917866
