700108602	700014971	700033565	700109389	700023058	700023927	700106341	700114221	700023543	700023439	700016978	700024192	700113058	700099448	700109870	700033928	700023693	700109627	700095416	700110425	700111580	700111302	700098605	700111991	700108960	700024452	700032931	700095837	700024548	700110161	700023496	700034628	700023645	700038744	700038485	700024743	700099596	700110760	700101587	700106399	700032322	700095653	700021312	700101230	700023590	700038905	700033136	700023382	700096424	700105469	700016908	700096053	700108479	700109569	700033814	700016125	700109756	700102665	700101777	700109455
700108602	0	0.242823528397121	0.318131149240855	0.228586896237089	0.175069310609102	0.287718629429053	0.116436336054426	0.304483447260938	0.132240740151684	0.290875872498981	0.197661876274226	0.336266487546413	0.302367124186907	0.231038964839515	0.32108138005101	0.189565070087129	0.279484174130563	0.277022054020229	0.138731370844947	0.124458055185367	0.157843417151069	0.227703857629778	0.122866682054752	0.0842639875522615	0.165147710599113	0.184653687271096	0.221546394344622	0.335577630423421	0.288859400563338	0.292826192859096	0.245448608287528	0.252760626326034	0.222040931867358	0.26044512550618	0.168558393422472	0.143214928352484	0.226590582001479	0.302729296780153	0.107753999466988	0.3568523916605	0.146709768596883	0.328186876071916	0.190900308941863	0.17631170895553	0.268789816724625	0.229755533782694	0.185089983772989	0.286195256620951	0.244627079032918	0.318068384610401	0.26953384725622	0.087577129439271	0.118276237138062	0.144334666806409	0.142134375237827	0.285425461346337	0.178262355194884	0.106185752340106	0.271040431152005	0.148534241526692
700014971	0.242823528397121	0	0.317650032982579	0.351630020773751	0.181146945512417	0.280381707973679	0.278730228268792	0.232799635397455	0.22737862249514	0.220298889062007	0.218596395650272	0.351914027424251	0.244302709029241	0.19295968251512	0.286731163060117	0.269038270741653	0.22008497478994	0.278885835843862	0.259917495764303	0.220924083019786	0.274763627481604	0.270813765181765	0.218304458201446	0.250069454317362	0.325577353991249	0.190504716685111	0.160206685322115	0.182045244553497	0.144049210868554	0.175530569230248	0.232004292353174	0.295404883547333	0.200503143458824	0.214032207432321	0.193822239962634	0.215840241699572	0.255821650251084	0.303284202735909	0.195185567298546	0.253360177657106	0.190623060263447	0.220297296080665	0.186401022817034	0.243913653096708	0.207206714644473	0.2226213102094	0.169077529662461	0.255487174504561	0.238421032797832	0.330802812365507	0.319602548649169	0.223956932558501	0.251585579075223	0.219867464700805	0.308402401654413	0.229575246985059	0.273693763982552	0.273519442821862	0.270267648066308	0.262803875320896
700033565	0.318131149240855	0.317650032982579	0	0.444906246616236	0.307111911809118	0.0914939766496758	0.295311660470007	0.19075883699081	0.267455190822571	0.148246710346703	0.151585985085081	0.0799604966812728	0.160339511356783	0.214283163177244	0.176609853483218	0.156794333514317	0.187541293738003	0.123147906439672	0.242431212365324	0.312931736298245	0.249887099026823	0.13549629632728	0.319738500581621	0.282070366082829	0.285295301492699	0.343476110574596	0.228132703197479	0.374927513875628	0.314912108406134	0.192650423008869	0.149013777326032	0.165235899014473	0.159524290017195	0.146044781905627	0.353208401777176	0.232144175776084	0.230152122125792	0.129076017165003	0.293785914365783	0.247970545227872	0.242463745411788	0.137998397311861	0.232808245940163	0.245676050526777	0.195660481356043	0.206456550613616	0.255258132193236	0.153228561093886	0.15237910456578	0.0829412155242991	0.130115610866686	0.341261318691263	0.355334178550825	0.23487567133024	0.397608900284859	0.140497373240384	0.232445275636971	0.29879597751777	0.0889706963107616	0.266877546012033
700109389	0.228586896237089	0.351630020773751	0.444906246616236	0	0.305489215136871	0.434756779940887	0.230447164267571	0.415321575447907	0.298250652859201	0.4114173302135	0.35737824981536	0.4570808470691	0.421354784208276	0.379217121550972	0.435344920135437	0.340702693613335	0.413110435541084	0.425425479474321	0.329156513456325	0.231825352183632	0.302898954802386	0.383208359437335	0.221958915957637	0.272919572727043	0.279725754058327	0.273323464643379	0.375858438514582	0.421397033295432	0.362737379069878	0.399731065039227	0.402589668274713	0.403887709731822	0.359621532101328	0.39475565369111	0.251295109564195	0.290790897791197	0.392405513544227	0.444113692977802	0.275932665950732	0.424873772016133	0.296761766868188	0.428773127556571	0.347894563184517	0.327835944085633	0.387627463995165	0.36423293291173	0.345249067089837	0.412353432355365	0.401940757379706	0.448420799936188	0.405131109403769	0.202293233322175	0.154988034714342	0.321335054621616	0.186241697326879	0.411894592516929	0.289834532145925	0.23163775092785	0.399333860206104	0.286955359879511
700023058	0.175069310609102	0.181146945512417	0.307111911809118	0.305489215136871	0	0.248826524800615	0.224563834843523	0.252240856078389	0.173211843897552	0.248052862896467	0.203931995244606	0.334033390803079	0.26759182041267	0.166914366472019	0.294243301891662	0.218423102203699	0.227647337414393	0.24397522436876	0.196039770916478	0.193893029614582	0.23024630406032	0.256917166156354	0.187147342585026	0.166314016847639	0.281475626172682	0.16131055416471	0.171804225826711	0.295386899339116	0.233540629336005	0.225650013720848	0.205372278946217	0.279277731728002	0.21016233253008	0.219246826799312	0.155872210616189	0.212212430961776	0.186078590196587	0.239833668769961	0.122040989560587	0.299610585898597	0.13187920399762	0.266971859556691	0.142767427596765	0.225302273768804	0.226503333701187	0.210910372746463	0.123557960200039	0.261481074574097	0.20496002362423	0.32060978751071	0.295396355914397	0.163309183510685	0.203001016888355	0.149390876516412	0.247559231816714	0.252819424374239	0.244647881886624	0.213623300592276	0.260884745066596	0.21067775771331
700023927	0.287718629429053	0.280381707973679	0.0914939766496758	0.434756779940887	0.248826524800615	0	0.287482460912503	0.169795609522617	0.247567545174324	0.112934914177083	0.135539100659132	0.132745661590806	0.142529738148703	0.140417200991273	0.17010471271366	0.155332124314011	0.134315330906696	0.0734200765158852	0.222199410289631	0.293376654182951	0.227406003994961	0.154121345796473	0.274935212176912	0.25173534847011	0.281398595705149	0.312927773546654	0.183520988167732	0.355499447063024	0.280559585607678	0.171354107314516	0.0789829152211438	0.161049018869062	0.143490491718956	0.0942136193142888	0.319998953807908	0.219811786088345	0.183573540798289	0.0862441710368108	0.265709326546104	0.22365910808567	0.20756585967184	0.120649886545357	0.183547837377943	0.232416909477765	0.156260259880593	0.171860221237714	0.195031706303309	0.140962449323754	0.0889536110634699	0.122812960571855	0.175981401694438	0.318520835486125	0.340620220206077	0.192333069418903	0.367278967309714	0.117429011332166	0.207276047563361	0.281444306403326	0.100947762264879	0.243432819551618
700106341	0.116436336054426	0.278730228268792	0.295311660470007	0.230447164267571	0.224563834843523	0.287482460912503	0	0.328013166612225	0.118937256274292	0.283834970924245	0.189169408904763	0.30447294825903	0.302593161642806	0.25772894173474	0.328428976571801	0.190783763355357	0.301021459861872	0.295209274449187	0.133241893671215	0.1125368659209	0.124302322995695	0.202239136432871	0.140222532556604	0.119453082414183	0.101338810287813	0.271791790619411	0.282699935966299	0.389500625906041	0.315691617562659	0.307004573388553	0.249004569949696	0.201229372217314	0.222852775422538	0.26243483500131	0.243991049143005	0.119839270375064	0.269346113051019	0.296081061015711	0.15101991937682	0.376914180897395	0.162685102086685	0.317775081833619	0.194305757358115	0.151150158482956	0.261687649068453	0.26333063897345	0.228937554497033	0.284787708086015	0.245828124671456	0.285894824777744	0.255963181233444	0.121698291941284	0.12204145077273	0.146638241373028	0.154482132583944	0.28069474051445	0.146880986860717	0.0752512203897796	0.242998455841891	0.0894636144081982
700114221	0.304483447260938	0.232799635397455	0.19075883699081	0.415321575447907	0.252240856078389	0.169795609522617	0.328013166612225	0	0.280443915546243	0.0970538011095149	0.22394459412635	0.235180074868009	0.0923568370404734	0.180733681714183	0.109417967994813	0.259736835753678	0.0810853384901393	0.208122692397896	0.29306211341105	0.284928961117175	0.278025091386805	0.25453753705035	0.284143365952203	0.306831941786174	0.36215819436904	0.297026598643196	0.150274456055096	0.305668539419184	0.204498830210778	0.124589813946158	0.167292439294124	0.260809549534516	0.190606517687543	0.134219531057464	0.310541026044736	0.239861468466696	0.24093133641356	0.143027308803388	0.268610411732043	0.112163949217183	0.217189636456559	0.140811784895627	0.22380602181586	0.264145546476594	0.133954897015509	0.13690183644283	0.182833271203302	0.0891298449284079	0.198521706952468	0.226556622951161	0.285044554539932	0.305770468271329	0.316832583223514	0.259493115080915	0.384858018133969	0.0993045057098747	0.225910838886311	0.336275776902346	0.192245236133571	0.288152695598467
700023543	0.132240740151684	0.22737862249514	0.267455190822571	0.298250652859201	0.173211843897552	0.247567545174324	0.118937256274292	0.280443915546243	0	0.232222703925349	0.149429423838124	0.286887730443395	0.257197987119856	0.200558092751493	0.28733576223255	0.1486190846585	0.246146693929297	0.238702918392994	0.108676876739255	0.148198431532794	0.145066827041303	0.176085281585691	0.178094382140147	0.102934978938167	0.15203348527914	0.22321327639844	0.214603871526786	0.329848723457581	0.293804715809509	0.248386394546549	0.202976158375331	0.180287981152382	0.17303820448293	0.205260043068651	0.195851624165152	0.129122668304044	0.21568655434846	0.264326638978971	0.105328278218259	0.335261552211901	0.115725575804079	0.267100420498302	0.14144090295979	0.0960959533038657	0.216156725645245	0.234431928998056	0.165816183175191	0.241643895797808	0.210237696490068	0.264141116628941	0.246025690010723	0.134268131267294	0.165477153983609	0.124391879147612	0.204553482195121	0.231918981832367	0.185208881388048	0.101003952557339	0.229075001769922	0.103374709520265
700023439	0.290875872498981	0.220298889062007	0.148246710346703	0.4114173302135	0.248052862896467	0.112934914177083	0.283834970924245	0.0970538011095149	0.232222703925349	0	0.16749078642742	0.192179772674197	0.0710993749987653	0.125910185022187	0.124477412174062	0.204172171975608	0.0928268581621219	0.14305138902735	0.242143959749283	0.252744460103962	0.23155119754004	0.204143581552807	0.281823021544685	0.258005048000597	0.308325480443784	0.298545487308391	0.147883355939587	0.300925034233045	0.215273915791247	0.112892330196227	0.111498127148664	0.210792929164548	0.136003986868177	0.077880800814969	0.311702677549329	0.201791148586395	0.209227965169323	0.123553934191444	0.247711737428314	0.139350805890184	0.176727729046578	0.0908273437389277	0.182031699276513	0.219516172937446	0.0905515071600536	0.149498893341888	0.175068553326945	0.0960108823589932	0.13077033145496	0.174877039771243	0.229111282941897	0.291948802555298	0.31407804171921	0.219447240033532	0.382145683660185	0.0618605943494833	0.19753090881578	0.280589100118562	0.140335938104636	0.240274316597951
700016978	0.197661876274226	0.218596395650272	0.151585985085081	0.35737824981536	0.203931995244606	0.135539100659132	0.189169408904763	0.22394459412635	0.149429423838124	0.16749078642742	0	0.18201787250917	0.198994559390953	0.16728260642826	0.23522537457815	0.103273955143057	0.192139206901483	0.128410892609453	0.14010442843587	0.187474638142756	0.152966386607305	0.0844184347590576	0.220398423535777	0.16080822648336	0.176764002093828	0.245659612836419	0.181480761145445	0.31080640665455	0.25818120355842	0.199607065702566	0.119643869703164	0.12749441284173	0.0882792094398789	0.128872661589258	0.245852454218269	0.126977139996458	0.174488163946654	0.181444042996183	0.167871098536933	0.279137995008175	0.138563181947544	0.167267286942137	0.132613656662736	0.137826832562554	0.155143401711622	0.182793436769724	0.17569680871929	0.181750047980615	0.126907962733701	0.175164229772739	0.150307016728117	0.226940393719926	0.23914265505707	0.132066263206908	0.280606577240879	0.165616179449319	0.168173735469659	0.180437936181765	0.120990318650215	0.167672186324523
700024192	0.336266487546413	0.351914027424251	0.0799604966812728	0.4570808470691	0.334033390803079	0.132745661590806	0.30447294825903	0.235180074868009	0.286887730443395	0.192179772674197	0.18201787250917	0	0.206983664304262	0.247785776444786	0.205612672834658	0.174129638485393	0.220672897741218	0.161095400321279	0.247359898844819	0.330804604314957	0.23710782839028	0.142340026658623	0.343519193867602	0.308155972509488	0.285834943779208	0.372589702632544	0.277449445602587	0.403993879666682	0.33089084416918	0.256903238315371	0.176643743487381	0.159420842820634	0.188340561511322	0.185504504302902	0.38206864867019	0.263037359517559	0.266772531812364	0.178361273704984	0.320233958031575	0.278937184143893	0.260330954112676	0.177141468781935	0.25693581375437	0.261929642834022	0.200389648597485	0.240129588112094	0.276426968814599	0.18808613289874	0.192531973604109	0.0703405758891595	0.115922304948818	0.359980142405099	0.370958533823981	0.251332118495117	0.421905764932975	0.179262219344455	0.222178302439756	0.315384249936699	0.122958884211837	0.276925911561768
700113058	0.302367124186907	0.244302709029241	0.160339511356783	0.421354784208276	0.26759182041267	0.142529738148703	0.302593161642806	0.0923568370404734	0.257197987119856	0.0710993749987653	0.198994559390953	0.206983664304262	0	0.154092605320248	0.0998938093158499	0.235618338235773	0.124154491956984	0.177221567535581	0.271205377784124	0.269448243402349	0.269618917402857	0.231002282432342	0.297546928899274	0.284694463040684	0.335766110565756	0.316807816655926	0.168700977711526	0.316044575936827	0.239155658858188	0.117393608902814	0.150817822162571	0.234377521652401	0.174110101172852	0.11119223829364	0.331930974250827	0.225120867639235	0.228253798074402	0.128299795813052	0.265382272974909	0.153836817404676	0.204208593556374	0.117265367689267	0.217111163570886	0.240235034381815	0.132042099465965	0.172393996676119	0.211854570276593	0.095619051875664	0.162951652609562	0.195841843915007	0.259030188619459	0.310309955274628	0.325588650241104	0.241183631765028	0.395374517136357	0.0683813326475931	0.221174287073171	0.31000732067186	0.16594271565477	0.265131904135849
700099448	0.231038964839515	0.19295968251512	0.214283163177244	0.379217121550972	0.166914366472019	0.140417200991273	0.25772894173474	0.180733681714183	0.200558092751493	0.125910185022187	0.16728260642826	0.247785776444786	0.154092605320248	0	0.198835982270602	0.194202111669199	0.132937055620839	0.137018327275356	0.189592211261781	0.217138122782004	0.220006849433536	0.213800629535971	0.222095965418921	0.194294221106591	0.2855266200831	0.233648600590325	0.107082258864578	0.280975332214202	0.212674046712333	0.137302886697137	0.107745169711233	0.233393084151201	0.13826443992857	0.104307706733425	0.238897508660642	0.183235807716411	0.13323309585482	0.149657850824864	0.19570441799226	0.221879961864836	0.145659571563682	0.173234910190092	0.126954683076139	0.208152091804112	0.116011801153256	0.166026219463212	0.12054449863798	0.163574141964614	0.0989490142868565	0.230235688958553	0.242480050216523	0.246740265597105	0.276386381316857	0.15409053250695	0.312450445867774	0.142762343339562	0.189352532421331	0.246353231059449	0.180614703024968	0.219485301024379
700109870	0.32108138005101	0.286731163060117	0.176609853483218	0.435344920135437	0.294243301891662	0.17010471271366	0.328428976571801	0.109417967994813	0.28733576223255	0.124477412174062	0.23522537457815	0.205612672834658	0.0998938093158499	0.198835982270602	0	0.263559333979885	0.135814053271646	0.223947464324829	0.294275772210622	0.301935037996139	0.266570430090215	0.2586947901566	0.310403025182688	0.313031587321208	0.357230735187458	0.339170665860812	0.208737783011611	0.350590372626721	0.240479128199999	0.151259096607684	0.18764220472076	0.261558359442003	0.222066595590268	0.164960136091267	0.353071387256093	0.254866277364958	0.257967125066806	0.135817362404118	0.300067608054349	0.165702295298478	0.248159632318929	0.159184769288007	0.258808983684093	0.270184545481588	0.150639168083285	0.165047749586273	0.227003236642262	0.0955945219469921	0.207084515485827	0.202510190129171	0.281185166056871	0.334130950013265	0.346410903074604	0.264580402404714	0.40566059780611	0.125496621609873	0.2182233400085	0.330749330031517	0.191118488248011	0.293071807955359
700033928	0.189565070087129	0.269038270741653	0.156794333514317	0.340702693613335	0.218423102203699	0.155332124314011	0.190783763355357	0.259736835753678	0.1486190846585	0.204172171975608	0.103273955143057	0.174129638485393	0.235618338235773	0.194202111669199	0.263559333979885	0	0.226119158651395	0.142407375819552	0.147474766746069	0.214015705483691	0.154075261449394	0.0949823892962541	0.228753189459102	0.153766198008337	0.19529383321588	0.262665148278097	0.224321817751825	0.348808057923393	0.293601059829904	0.23451579110255	0.15941037613415	0.139785908191097	0.0994759276546148	0.168083979205901	0.266032649970987	0.181094141419504	0.212902410938353	0.216564178360228	0.170537300447245	0.313265089013343	0.124600742027518	0.197866737263835	0.157321832892076	0.184284177370145	0.182635576980257	0.202570486294924	0.182507273794554	0.218997470022349	0.170216372695756	0.157896430422493	0.125619849695336	0.214170454775707	0.242697940844134	0.157110517622628	0.288619042175162	0.198509615854155	0.18779415625559	0.170957292981445	0.126265140277976	0.163580031203094
700023693	0.279484174130563	0.22008497478994	0.187541293738003	0.413110435541084	0.227647337414393	0.134315330906696	0.301021459861872	0.0810853384901393	0.246146693929297	0.0928268581621219	0.192139206901483	0.220672897741218	0.124154491956984	0.132937055620839	0.135814053271646	0.226119158651395	0	0.159111317912473	0.25240521926633	0.263053944948024	0.235824280582873	0.234099424429711	0.26448796391009	0.264314667767285	0.335179990984712	0.285170718844582	0.136991238613385	0.304947377983609	0.192643600606815	0.124071979737647	0.113983201565302	0.243373186978511	0.16394553117061	0.0995200925495286	0.291004734790822	0.212847656961666	0.190117159780841	0.148264673559329	0.234967758949804	0.130406434084732	0.18278282012061	0.150449277747269	0.174498655964596	0.237241101354092	0.109661455986968	0.115284966315962	0.145227004004928	0.0922917242976254	0.142702590256571	0.21401373459807	0.264808876191945	0.283642838345537	0.312740236812283	0.211436812937564	0.36773584722751	0.10541154966128	0.188241286725315	0.305454850218573	0.18760316760652	0.260346568706163
700109627	0.277022054020229	0.278885835843862	0.123147906439672	0.425425479474321	0.24397522436876	0.0734200765158852	0.295209274449187	0.208122692397896	0.238702918392994	0.14305138902735	0.128410892609453	0.161095400321279	0.177221567535581	0.137018327275356	0.223947464324829	0.142407375819552	0.159111317912473	0	0.226133413644649	0.274693394783234	0.251017253867042	0.15604828622645	0.291518028325472	0.229753631829018	0.280888629501967	0.294523690334441	0.183828638359693	0.337511040044988	0.306001547890016	0.185107864835743	0.101718018147314	0.187092371201624	0.127417955407975	0.114184382850137	0.298331438819946	0.218632963802216	0.159261064721465	0.131848950549069	0.249506038859264	0.259968747872941	0.212677876191884	0.153361431903637	0.174832586005589	0.226964548876273	0.176817093259001	0.210680130687908	0.1975269713107	0.184219406318189	0.0935026684177537	0.167627840906458	0.173683333988927	0.31229206683189	0.329052666797637	0.203474460716246	0.350808332184857	0.151553142871207	0.239569717035254	0.274559303994204	0.135257849671314	0.264492782696053
700095416	0.138731370844947	0.259917495764303	0.242431212365324	0.329156513456325	0.196039770916478	0.222199410289631	0.133241893671215	0.29306211341105	0.108676876739255	0.242143959749283	0.14010442843587	0.247359898844819	0.271205377784124	0.189592211261781	0.294275772210622	0.147474766746069	0.25240521926633	0.226133413644649	0	0.179893753408946	0.110310414925022	0.144337158145798	0.184697361672254	0.102743353472376	0.139567030437376	0.239049052075137	0.217511512168765	0.359305678306851	0.296732639612886	0.260038628143502	0.179278422852562	0.152159139975188	0.17140213765165	0.204449716872672	0.212199101883789	0.137063832167798	0.203672019109965	0.233310997715453	0.128964146338089	0.347237670951675	0.129872060339467	0.272618346360331	0.132633428617334	0.145607280127298	0.221334818984218	0.215080692921563	0.167057006666938	0.249423522850094	0.177792486337396	0.229281814350581	0.197124089329142	0.183132279229894	0.20486459166235	0.0834899574307865	0.216182910047301	0.237171431439712	0.155744485999735	0.141120403726352	0.198399210241133	0.124289491588482
700110425	0.124458055185367	0.220924083019786	0.312931736298245	0.231825352183632	0.193893029614582	0.293376654182951	0.1125368659209	0.284928961117175	0.148198431532794	0.252744460103962	0.187474638142756	0.330804604314957	0.269448243402349	0.217138122782004	0.301935037996139	0.214015705483691	0.263053944948024	0.274693394783234	0.179893753408946	0	0.167965369874978	0.236749204718811	0.152371386571676	0.135781344790653	0.149998019442528	0.222933424429901	0.21861381374453	0.313553783696187	0.255546153118421	0.242088260696404	0.253381034598822	0.25913228744794	0.189617422519579	0.237930532066541	0.198801780799477	0.120598802517434	0.252385945526634	0.310622339914018	0.138984575402828	0.330250955747424	0.148840592273892	0.268564002045604	0.170466980094831	0.154191200170665	0.219553689961054	0.260147461543192	0.18570310168068	0.264334167764792	0.253798378157968	0.319207540023275	0.278751711073437	0.109230765733585	0.114238225482077	0.166606300636745	0.192556690555475	0.255170532246255	0.159626635731067	0.107031364821601	0.263749248880798	0.150610918352565
700111580	0.157843417151069	0.274763627481604	0.249887099026823	0.302898954802386	0.23024630406032	0.227406003994961	0.124302322995695	0.278025091386805	0.145066827041303	0.23155119754004	0.152966386607305	0.23710782839028	0.269618917402857	0.220006849433536	0.266570430090215	0.154075261449394	0.235824280582873	0.251017253867042	0.110310414925022	0.167965369874978	0	0.153413394579769	0.181963319323011	0.131875377208965	0.124663150466856	0.285244757871419	0.261459296426335	0.39151819737127	0.257488728493392	0.278708509410418	0.187448837428423	0.16330011240425	0.176317348540745	0.211984808391047	0.266956643587647	0.142000476891485	0.261410212770137	0.235215380478982	0.181305731241984	0.317438208155551	0.145482118169259	0.260850942181954	0.17514029572659	0.167590840675373	0.185952835051479	0.196793578056695	0.192116477812097	0.223360920431021	0.196532700026085	0.216561358073704	0.204218083074181	0.172975544878455	0.205512270777039	0.123279412213834	0.241201499338006	0.230454599495541	0.0953749520332828	0.126523825317545	0.185631519644912	0.106932471727312
700111302	0.227703857629778	0.270813765181765	0.13549629632728	0.383208359437335	0.256917166156354	0.154121345796473	0.202239136432871	0.25453753705035	0.176085281585691	0.204143581552807	0.0844184347590576	0.142340026658623	0.231002282432342	0.213800629535971	0.2586947901566	0.0949823892962541	0.234099424429711	0.15604828622645	0.144337158145798	0.236749204718811	0.153413394579769	0	0.262250982602968	0.198391849094557	0.174169945420999	0.298207630097008	0.239770923819168	0.368702556946313	0.310546217228235	0.243035795500559	0.164088249239352	0.072928943133048	0.12286951041952	0.169555114559899	0.29313902709026	0.167888464402447	0.224888123730086	0.203255950253159	0.213729120993824	0.307983314220063	0.187393694105669	0.195107975524181	0.184184073372877	0.174338700644521	0.187790201447828	0.22275168193298	0.224465469574799	0.209594634966528	0.168474142365369	0.116651739057345	0.112460092176222	0.248594086947735	0.268606778297794	0.157662973941543	0.31282675901931	0.192125866558624	0.180504905385408	0.204671533176291	0.10605369241179	0.180976641177865
700098605	0.122866682054752	0.218304458201446	0.319738500581621	0.221958915957637	0.187147342585026	0.274935212176912	0.140222532556604	0.284143365952203	0.178094382140147	0.281823021544685	0.220398423535777	0.343519193867602	0.297546928899274	0.222095965418921	0.310403025182688	0.228753189459102	0.26448796391009	0.291518028325472	0.184697361672254	0.152371386571676	0.181963319323011	0.262250982602968	0	0.150339631723584	0.193070223472979	0.219267213433774	0.221268255688651	0.334505819754642	0.275752325113537	0.286755532626265	0.237702981873864	0.274566197057787	0.238888033310827	0.255879686174721	0.202620817639482	0.154438771873091	0.247752838302369	0.287761954467732	0.156996408106621	0.330704001430584	0.164469924214282	0.320638418367131	0.201900358158331	0.196710055040089	0.26554681730952	0.213721195037721	0.18561218793231	0.277513127773822	0.241922710081776	0.319827907906721	0.303236099738599	0.146490184811679	0.126828811428577	0.156697325157606	0.137455801435259	0.279815207473166	0.190515612508416	0.160558424564665	0.270777350898942	0.154793108134897
700111991	0.0842639875522615	0.250069454317362	0.282070366082829	0.272919572727043	0.166314016847639	0.25173534847011	0.119453082414183	0.306831941786174	0.102934978938167	0.258005048000597	0.16080822648336	0.308155972509488	0.284694463040684	0.194294221106591	0.313031587321208	0.153766198008337	0.264314667767285	0.229753631829018	0.102743353472376	0.135781344790653	0.131875377208965	0.198391849094557	0.150339631723584	0	0.163409708253768	0.19435339594231	0.217453824854559	0.343693740370367	0.291611060122401	0.27269899007685	0.204872581413576	0.226563037329191	0.192464517873951	0.226870091832463	0.171859321633001	0.128622175190131	0.194176252980525	0.262461941359266	0.094798612941362	0.361048240428596	0.118416982458746	0.299234062308563	0.147614431730585	0.157228493192081	0.238534316884065	0.227696179327608	0.161270258809984	0.264013345362517	0.204451897799439	0.285241141699149	0.238105907574415	0.131536479296235	0.16810286150098	0.106039321814502	0.159422376079312	0.263144807970508	0.175513800257385	0.106447504907747	0.242842037736812	0.132253432880956
700108960	0.165147710599113	0.325577353991249	0.285295301492699	0.279725754058327	0.281475626172682	0.281398595705149	0.101338810287813	0.36215819436904	0.15203348527914	0.308325480443784	0.176764002093828	0.285834943779208	0.335766110565756	0.2855266200831	0.357230735187458	0.19529383321588	0.335179990984712	0.280888629501967	0.139567030437376	0.149998019442528	0.124663150466856	0.174169945420999	0.193070223472979	0.163409708253768	0	0.320942508813468	0.314421038882276	0.420484369115652	0.346201263312231	0.333876194211201	0.261841656848302	0.16225306263918	0.221478224786372	0.276220175416953	0.290141957559947	0.154928117170821	0.294935497340827	0.305182596115642	0.20863979145681	0.407802413188946	0.210287248619799	0.312370818444177	0.222279623572707	0.158069434773334	0.282927121356822	0.298320210342482	0.271406605880334	0.318332469750585	0.252793890818244	0.256778235096991	0.224681210160077	0.183215493281004	0.164516715415654	0.171743819640435	0.196007204305638	0.304752884988882	0.17468705662043	0.108769336047245	0.231801891143372	0.125926781291573
700024452	0.184653687271096	0.190504716685111	0.343476110574596	0.273323464643379	0.16131055416471	0.312927773546654	0.271791790619411	0.297026598643196	0.22321327639844	0.298545487308391	0.245659612836419	0.372589702632544	0.316807816655926	0.233648600590325	0.339170665860812	0.262665148278097	0.285170718844582	0.294523690334441	0.239049052075137	0.222933424429901	0.285244757871419	0.298207630097008	0.219267213433774	0.19435339594231	0.320942508813468	0	0.19957160521169	0.241164985939456	0.207461521141346	0.266889336181286	0.280830507487808	0.321688347062689	0.249763421365522	0.2714579430201	0.0698873916336868	0.227472594066263	0.258050262314529	0.320263987580787	0.16178515356803	0.31753429349573	0.188463905576479	0.306981274960225	0.217973420994843	0.256892221995015	0.270891520866779	0.238458916508716	0.187934607992059	0.305416309796623	0.267927055198401	0.364370644849132	0.335362549317364	0.187382713416232	0.210488030909226	0.21773922620837	0.229433549915308	0.301656305565469	0.272358740178606	0.250229861475502	0.300332412025947	0.27401853475692
700032931	0.221546394344622	0.160206685322115	0.228132703197479	0.375858438514582	0.171804225826711	0.183520988167732	0.282699935966299	0.150274456055096	0.214603871526786	0.147883355939587	0.181480761145445	0.277449445602587	0.168700977711526	0.107082258864578	0.208737783011611	0.224321817751825	0.136991238613385	0.183828638359693	0.217511512168765	0.21861381374453	0.261459296426335	0.239770923819168	0.221268255688651	0.217453824854559	0.314421038882276	0.19957160521169	0	0.234902218240781	0.190222607895979	0.129245928043421	0.154403827912791	0.262203802363033	0.15499662928915	0.127711282799547	0.210750539982656	0.19839636465528	0.168947946297341	0.198487975087764	0.187660624216559	0.200179706162366	0.167217016994357	0.170537518978537	0.144628433069463	0.221470139991034	0.147558530684102	0.161546435202032	0.110561479482234	0.172947460780239	0.157059650415255	0.25061949691382	0.27968680968505	0.237233151948936	0.263238109827765	0.180779162962314	0.305227803150607	0.155394317317059	0.231831227628434	0.273502001996074	0.204900141664578	0.254672845685008
700095837	0.335577630423421	0.182045244553497	0.374927513875628	0.421397033295432	0.295386899339116	0.355499447063024	0.389500625906041	0.305668539419184	0.329848723457581	0.300925034233045	0.31080640665455	0.403993879666682	0.316044575936827	0.280975332214202	0.350590372626721	0.348808057923393	0.304947377983609	0.337511040044988	0.359305678306851	0.313553783696187	0.39151819737127	0.368702556946313	0.334505819754642	0.343693740370367	0.420484369115652	0.241164985939456	0.234902218240781	0	0.190476414370422	0.240508707321109	0.327261450467089	0.393802709457868	0.290432010614395	0.286870620824458	0.266416705674847	0.320149248296119	0.310292030634605	0.370168980977841	0.29989752763764	0.327468674117832	0.294730841648572	0.283526429276546	0.299528886515393	0.335767808504912	0.286364757831905	0.314940171974704	0.275760970064703	0.325136419889978	0.328336467567267	0.397479646553789	0.396003952660779	0.327191033898556	0.344403911982414	0.341568166200756	0.395037601604285	0.311827336681311	0.367831771711374	0.371638084250729	0.353623986700003	0.379161793848646
700024548	0.288859400563338	0.144049210868554	0.314912108406134	0.362737379069878	0.233540629336005	0.280559585607678	0.315691617562659	0.204498830210778	0.293804715809509	0.215273915791247	0.25818120355842	0.33089084416918	0.239155658858188	0.212674046712333	0.240479128199999	0.293601059829904	0.192643600606815	0.306001547890016	0.296732639612886	0.255546153118421	0.257488728493392	0.310546217228235	0.275752325113537	0.291611060122401	0.346201263312231	0.207461521141346	0.190222607895979	0.190476414370422	0	0.190856240935243	0.254091818086558	0.332434969584686	0.234343399941914	0.221336400278116	0.222539662714031	0.236283354030702	0.30139560646976	0.289053072734276	0.262686914098928	0.206779370951954	0.219549093443282	0.205533690067902	0.237769781618347	0.292574023288952	0.160207952602613	0.168319323069424	0.200536145653113	0.210504315010876	0.267716529019711	0.329933049122443	0.332581993658908	0.271549942035416	0.285603050720988	0.261132343189925	0.348495092673709	0.233591471959745	0.223770470516815	0.315431525523423	0.275933147102951	0.292088679917205
700110161	0.292826192859096	0.175530569230248	0.192650423008869	0.399731065039227	0.225650013720848	0.171354107314516	0.307004573388553	0.124589813946158	0.248386394546549	0.112892330196227	0.199607065702566	0.256903238315371	0.117393608902814	0.137302886697137	0.151259096607684	0.23451579110255	0.124071979737647	0.185107864835743	0.260038628143502	0.242088260696404	0.278708509410418	0.243035795500559	0.286755532626265	0.27269899007685	0.333876194211201	0.266889336181286	0.129245928043421	0.240508707321109	0.190856240935243	0	0.162302885770839	0.260563136128705	0.170438107767591	0.116248821802324	0.274694812988781	0.22342381642484	0.206498798244917	0.160592753456263	0.240514009511877	0.183855535166059	0.198715017492495	0.109454222155977	0.185002037807035	0.24203329968791	0.142719590929682	0.178702405400164	0.181903995115113	0.137328381878189	0.162441191753502	0.233128041355505	0.276307554111415	0.275228685867648	0.315174737443971	0.226233099589138	0.37764393169493	0.128937050450141	0.229565724127442	0.300226377557683	0.188498586687824	0.276898252222871
700023496	0.245448608287528	0.232004292353174	0.149013777326032	0.402589668274713	0.205372278946217	0.0789829152211438	0.249004569949696	0.167292439294124	0.202976158375331	0.111498127148664	0.119643869703164	0.176643743487381	0.150817822162571	0.107745169711233	0.18764220472076	0.15941037613415	0.113983201565302	0.101718018147314	0.179278422852562	0.253381034598822	0.187448837428423	0.164088249239352	0.237702981873864	0.204872581413576	0.261841656848302	0.280830507487808	0.154403827912791	0.327261450467089	0.254091818086558	0.162302885770839	0	0.183261849709671	0.123451663495627	0.078116442334539	0.283835395349649	0.18610460813636	0.143232284853235	0.106363361724794	0.219602957707818	0.218686635222982	0.157632159679198	0.152603594065538	0.134091215907453	0.198679069873809	0.12263512493308	0.147557075512721	0.138193262912475	0.134036649959242	0.0640562908330684	0.170710741614816	0.194783890914826	0.277727203688445	0.300414076145559	0.145838418244233	0.330616014987257	0.112248060068902	0.176238688506112	0.243078848610174	0.141958466523569	0.208982310714074
700034628	0.252760626326034	0.295404883547333	0.165235899014473	0.403887709731822	0.279277731728002	0.161049018869062	0.201229372217314	0.260809549534516	0.180287981152382	0.210792929164548	0.12749441284173	0.159420842820634	0.234377521652401	0.233393084151201	0.261558359442003	0.139785908191097	0.243373186978511	0.187092371201624	0.152159139975188	0.25913228744794	0.16330011240425	0.072928943133048	0.274566197057787	0.226563037329191	0.16225306263918	0.321688347062689	0.262203802363033	0.393802709457868	0.332434969584686	0.260563136128705	0.183261849709671	0	0.160451960692666	0.188009404860544	0.3147796163037	0.173649629924952	0.256861133216374	0.209477223055931	0.240184169044986	0.308535557780144	0.209636074900892	0.202107520739358	0.201954268181152	0.158821442723239	0.210407234519715	0.240185003957038	0.245393810870629	0.216307586296431	0.190857199437234	0.125814954305284	0.156836535284299	0.267220801821503	0.286201263042503	0.18331485106594	0.325563138038966	0.197356066183756	0.189533346292069	0.210789621205748	0.127020425132827	0.154087056804403
700023645	0.222040931867358	0.200503143458824	0.159524290017195	0.359621532101328	0.21016233253008	0.143490491718956	0.222852775422538	0.190606517687543	0.17303820448293	0.136003986868177	0.0882792094398789	0.188340561511322	0.174110101172852	0.13826443992857	0.222066595590268	0.0994759276546148	0.16394553117061	0.127417955407975	0.17140213765165	0.189617422519579	0.176317348540745	0.12286951041952	0.238888033310827	0.192464517873951	0.221478224786372	0.249763421365522	0.15499662928915	0.290432010614395	0.234343399941914	0.170438107767591	0.123451663495627	0.160451960692666	0	0.100938074400008	0.260634303082362	0.156087548634936	0.192272505661026	0.191408417949195	0.183061500661799	0.243131763009259	0.128709131535103	0.139398343886203	0.127165847907509	0.180476186713694	0.113611628883611	0.178751421276278	0.142739955372508	0.167074972856624	0.141736875501503	0.173177195864542	0.154134804901105	0.226824826967726	0.255538834442951	0.167981381465099	0.32209900997468	0.131225238598109	0.184593355459687	0.203905942556712	0.121980031020944	0.194703769309787
700038744	0.26044512550618	0.214032207432321	0.146044781905627	0.39475565369111	0.219246826799312	0.0942136193142888	0.26243483500131	0.134219531057464	0.205260043068651	0.077880800814969	0.128872661589258	0.185504504302902	0.11119223829364	0.104307706733425	0.164960136091267	0.168083979205901	0.0995200925495286	0.114184382850137	0.204449716872672	0.237930532066541	0.211984808391047	0.169555114559899	0.255879686174721	0.226870091832463	0.276220175416953	0.2714579430201	0.127711282799547	0.286870620824458	0.221336400278116	0.116248821802324	0.078116442334539	0.188009404860544	0.100938074400008	0	0.282933249617271	0.179542112478245	0.170058178829594	0.125604613596961	0.21975402871033	0.185767257065291	0.158695574188629	0.111444148726952	0.14178189652297	0.206646588778105	0.0998902231608785	0.150160588027394	0.156715565627589	0.110959967377469	0.0984698219273354	0.167425770809597	0.207987774094667	0.27326883827739	0.29780212131516	0.175723400566433	0.351144930173277	0.0806847220837107	0.1916003340401	0.249709313878647	0.132306417575656	0.222901724245045
700038485	0.168558393422472	0.193822239962634	0.353208401777176	0.251295109564195	0.155872210616189	0.319998953807908	0.243991049143005	0.310541026044736	0.195851624165152	0.311702677549329	0.245852454218269	0.38206864867019	0.331930974250827	0.238897508660642	0.353071387256093	0.266032649970987	0.291004734790822	0.298331438819946	0.212199101883789	0.198801780799477	0.266956643587647	0.29313902709026	0.202620817639482	0.171859321633001	0.290141957559947	0.0698873916336868	0.210750539982656	0.266416705674847	0.222539662714031	0.274694812988781	0.283835395349649	0.3147796163037	0.260634303082362	0.282933249617271	0	0.205907108023114	0.257084681478083	0.329088311785839	0.141894098009405	0.330241922547766	0.194308601889427	0.32114783047015	0.220946950370516	0.233423676950668	0.28443221610769	0.246787445894729	0.190982683149019	0.323013854133021	0.272926039812884	0.372270582677011	0.33638146956958	0.159932590753292	0.177599774919741	0.201662637993307	0.192727723173204	0.314966517392571	0.258688080639371	0.221239905053161	0.312437868226923	0.247258211377555
700024743	0.143214928352484	0.215840241699572	0.232144175776084	0.290790897791197	0.212212430961776	0.219811786088345	0.119839270375064	0.239861468466696	0.129122668304044	0.201791148586395	0.126977139996458	0.263037359517559	0.225120867639235	0.183235807716411	0.254866277364958	0.181094141419504	0.212847656961666	0.218632963802216	0.137063832167798	0.120598802517434	0.142000476891485	0.167888464402447	0.154438771873091	0.128622175190131	0.154928117170821	0.227472594066263	0.19839636465528	0.320149248296119	0.236283354030702	0.22342381642484	0.18610460813636	0.173649629924952	0.156087548634936	0.179542112478245	0.205907108023114	0	0.208954558425837	0.236990615813104	0.151265019932937	0.294375686254689	0.142237378121623	0.241976897460159	0.150576502045205	0.0951202131063698	0.187992865934357	0.191313261345674	0.18262313299006	0.202700564744447	0.182360257694351	0.248814529301234	0.225707888344582	0.157306016087062	0.169786742658617	0.124574592412838	0.210597718407089	0.202051314368256	0.144427336106611	0.12100132814026	0.192294247741013	0.103274720064192
