700108602	700014971	700033565	700109389	700023058	700023927	700106341	700114221	700023543	700023439	700016978	700024192	700113058	700099448	700109870	700033928	700023693	700109627	700095416	700110425	700111580	700111302	700098605	700111991	700108960	700024452	700032931	700095837	700024548	700110161	700023496	700034628	700023645	700038744	700038485	700024743	700099596	700110760	700101587	700106399	700032322	700095653	700021312	700101230	700023590	700038905	700033136	700023382	700096424	700105469	700016908	700096053	700108479	700109569	700033814	700016125	700109756	700102665	700101777	700109455
700108602	0	0.1347553383633	0.158120604757875	0.101586914709997	0.128847077962706	0.171179772040745	0.0740566370678228	0.185713424580837	0.0878621930625192	0.172821634529568	0.125540666986509	0.153798894560913	0.15700639556604	0.141782675578483	0.161220308619029	0.113040371499764	0.172390091419812	0.160338433839554	0.077862482957276	0.0898698023117589	0.0844355995562312	0.106940652884921	0.100261695832982	0.0744016378903077	0.0883756172500871	0.105812028502685	0.150205625457271	0.14084917613593	0.1502474968865	0.161267653082237	0.159920939660033	0.121977951168616	0.119888328334474	0.156490956214342	0.120651595754938	0.11776065165602	0.140194838358041	0.174203032999278	0.0901825853189065	0.180272389317906	0.0961904136076492	0.154116146488649	0.141346009152228	0.112537413687595	0.152619225202436	0.139049509417961	0.119714378989466	0.157823866223359	0.146835099848035	0.133908463292652	0.115424016391347	0.0875208369680301	0.0830066536053698	0.108701411700856	0.0911242086408417	0.150901688294803	0.102399372988762	0.0717805756784986	0.134563050708984	0.0998026559968734
700014971	0.1347553383633	0	0.144910390519171	0.160773244683334	0.125080758326873	0.134019340338005	0.145053036702556	0.141429810941932	0.134187149203523	0.14000679702096	0.128815975453843	0.155650071715758	0.13606693023099	0.110253692083554	0.136910421342864	0.15392201101766	0.124858669066851	0.147164728375502	0.140595872379107	0.13268446360483	0.129043057325758	0.120684409718162	0.117708322828147	0.144938633167785	0.144888187920175	0.136712078845393	0.122891531784635	0.138614580889814	0.124451127796269	0.133489369537961	0.13167932435968	0.137429397187334	0.119054654181184	0.130140716469778	0.129969369739108	0.121575155920529	0.141213933699371	0.15124582455105	0.133294947546897	0.144528273242514	0.136643615156637	0.136030774269948	0.125485369654096	0.128473779547583	0.13175095627377	0.115607263315246	0.111274864807343	0.138733375468703	0.116812286950433	0.13610702326056	0.135192701770966	0.143300407339095	0.140800082204611	0.109002215772143	0.152027006348513	0.122832537206627	0.132374243576365	0.131700373413841	0.128764929768848	0.138539291240682
700033565	0.158120604757875	0.144910390519171	0	0.151673339544867	0.142687544258266	0.0729696734574635	0.146417292082674	0.123959313254535	0.150728924191007	0.110579020947469	0.0989420747342341	0.0720401329814057	0.116572691420806	0.115781557707177	0.0971292665585601	0.123563423622365	0.11351929249717	0.0915356493168449	0.147919308068516	0.14071391812894	0.141688011927641	0.0993645952988952	0.130585397915309	0.155735264346214	0.133456009257634	0.154669416022683	0.131626587138884	0.14789462649578	0.130549732699244	0.100111192991629	0.0978421554421489	0.107858780426926	0.119460781331506	0.0872644614877426	0.152134711031083	0.120568610134641	0.136645093064272	0.0820106928161586	0.158893952284888	0.134367461944672	0.151016496931628	0.0919104100220059	0.129298929069944	0.131451693092102	0.114145796956015	0.12355694806375	0.137869086039221	0.0971480510143034	0.104511870231629	0.0906095876979682	0.0897199904025577	0.169554071737164	0.157043073414124	0.115000979434621	0.174764635830881	0.120370128218197	0.127802746008104	0.14838722507099	0.0831777148600396	0.137321860000709
700109389	0.101586914709997	0.160773244683334	0.151673339544867	0	0.140473209041683	0.175980901691862	0.0957836954793468	0.186882303643638	0.138004871136663	0.176131854972229	0.141848604058973	0.148872849357445	0.170837922336715	0.14703676900076	0.152710896974226	0.149717959644092	0.182396885444738	0.185794047112955	0.134950373090671	0.0860784598651244	0.110694165508125	0.142197000334262	0.0971087701268102	0.116665542620562	0.104961740906938	0.107825717498557	0.174485107403057	0.154728685536078	0.145837699262172	0.163666766832937	0.176825570381614	0.141868020716397	0.137225068391349	0.167117652733522	0.114271031917084	0.11882198247485	0.176270764801209	0.171505072739251	0.129495297669137	0.170390577606548	0.124724578821702	0.15650586751135	0.151806818215425	0.132993842066237	0.160409649380742	0.140045126806632	0.145667741934645	0.164529133137651	0.165069363911702	0.146841477786817	0.117184281208309	0.103292409159934	0.0756614886552582	0.146260819641478	0.1112054419852	0.171182461270389	0.110257258467999	0.0901286478722504	0.117818719742001	0.107221931176302
700023058	0.128847077962706	0.125080758326873	0.142687544258266	0.140473209041683	0	0.145775695370721	0.122639218784683	0.155091936278741	0.112676538082698	0.141889735657742	0.135118263510641	0.14702987222722	0.139651149827911	0.120220694648033	0.136238940593799	0.134681912686224	0.144780604497137	0.145297840192814	0.121993255017429	0.118425434168343	0.127453549173975	0.128272382940123	0.120673166593485	0.136440552648	0.13876809678454	0.105309932891247	0.149729336665446	0.130909348679549	0.109470989782389	0.120144880333767	0.13546559956681	0.149650837062736	0.122333497689641	0.129152416817628	0.11042939794044	0.135958967037913	0.122711871943468	0.139262848953658	0.118817067566292	0.149547776533038	0.127175559646346	0.131461882915711	0.116401403944069	0.12857271291783	0.119026873660694	0.109407425404212	0.113064027385812	0.137310912435731	0.119273030701321	0.133108440312896	0.125048300782798	0.128217242878547	0.115376955463591	0.117650022354132	0.141259947802253	0.139977704849612	0.128404952968274	0.125575373338418	0.131333046251476	0.121652382897336
700023927	0.171179772040745	0.134019340338005	0.0729696734574635	0.175980901691862	0.145775695370721	0	0.164549613204457	0.115450608362602	0.160581597172919	0.0953575962026063	0.114780448358046	0.0946312764456038	0.102192541241016	0.0990070811091212	0.0896827314146449	0.139299585891125	0.0871638248722842	0.0767542919433981	0.153837248408257	0.148048423211495	0.148965845525578	0.119968451575952	0.142851773897504	0.168640756576609	0.142592165322247	0.169210540846561	0.140096909338755	0.16113456143439	0.130530706495621	0.0992306573558625	0.082733969880234	0.130092153688066	0.124585569289144	0.0839026897927929	0.167663815211227	0.134709319429904	0.123058994819976	0.0700645271920083	0.168331603020306	0.118455348715124	0.154162463676156	0.0952850027937545	0.130734381623565	0.139364626617645	0.113406080886683	0.126709790612265	0.146808133604286	0.0993992286205701	0.08705705492776	0.0983583351650672	0.110906659286188	0.177609206154455	0.167782491756107	0.118542749089937	0.18752695571935	0.105313287624002	0.136351496238016	0.160874032770756	0.104409645066324	0.151083696808439
700106341	0.0740566370678228	0.145053036702556	0.146417292082674	0.0957836954793468	0.122639218784683	0.164549613204457	0	0.178210657836112	0.0770300039820864	0.170013311099902	0.125581165469207	0.127698194253678	0.153533004839106	0.133087468167766	0.143230818481064	0.121084643897401	0.168707706203519	0.170858033942407	0.101040886520463	0.0802118066398924	0.0842043798231441	0.104814874819483	0.102107191795396	0.105288764113902	0.0744544429496913	0.109264015375386	0.172657439314333	0.159184392286992	0.15346951258691	0.156159409355498	0.159227524959305	0.0956039015693382	0.117360870941029	0.152939285518476	0.115884933049798	0.103610621765298	0.156748639922173	0.164174842538745	0.0898823910469528	0.172233557582903	0.115858919979622	0.144371334078922	0.130477534557396	0.0996176324906977	0.142517290477024	0.142642197778877	0.132602602483951	0.144863690233141	0.147083435640533	0.116442912972117	0.107283243279762	0.0609306816457001	0.0797419902357927	0.11389924167443	0.114668270185334	0.146843070246765	0.099777584654687	0.0688877494393212	0.116159501450035	0.0748265741622507
700114221	0.185713424580837	0.141429810941932	0.123959313254535	0.186882303643638	0.155091936278741	0.115450608362602	0.178210657836112	0	0.176453391014049	0.0972777551739249	0.134249068894338	0.116333184134162	0.0888919158469833	0.152638186369987	0.10112535399784	0.162692418394361	0.0859135531655438	0.140927675566106	0.173797658398282	0.166066013604317	0.167334083488984	0.142637469128527	0.166265893493433	0.180352561726432	0.174834576415106	0.18190564490054	0.143299770164645	0.147399297586986	0.126929524183732	0.119752603859656	0.124260533134277	0.149797388071723	0.126269867653536	0.10213557344308	0.175160583643381	0.132133341689809	0.16503084255342	0.100865085604417	0.189074181376406	0.0911535279585994	0.151323681888093	0.0963806591349869	0.146882114657878	0.148363847802206	0.106691235490132	0.136330935384068	0.135842755568893	0.0873374396598846	0.136536084149393	0.112309649870508	0.132654925575972	0.195006841667498	0.17620681541576	0.143510909706228	0.20888286903373	0.0946620955571141	0.145315880844318	0.190407303845566	0.124423494412782	0.170006462761058
700023543	0.0878621930625192	0.134187149203523	0.150728924191007	0.138004871136663	0.112676538082698	0.160581597172919	0.0770300039820864	0.176453391014049	0	0.155983911311385	0.120596762214127	0.141218211215188	0.149013071671061	0.135218025886086	0.146300090546676	0.104635634078125	0.155587745051734	0.158873162927792	0.0912680357055393	0.10642677046462	0.0960329077670261	0.103983386944965	0.108124374890494	0.10830742220496	0.104054602618607	0.10997153080633	0.154123175104891	0.139416271154649	0.154974559350825	0.150878105946354	0.150467052435439	0.0999019130240313	0.116307251028801	0.145155306587346	0.119206615985945	0.117026690142493	0.14007383391451	0.165216489372509	0.0899090379880537	0.170352974524579	0.116985191953925	0.146887541656112	0.130921805012131	0.0922556312624331	0.142790394720949	0.136931555505556	0.115773013948648	0.147826294423462	0.141473163700344	0.120664913214408	0.116016336857205	0.0811384500568944	0.101712389388763	0.116884380101819	0.119006537679953	0.139533914992696	0.119868773626823	0.0934077297805782	0.125907816466966	0.0827694393804265
700023439	0.172821634529568	0.14000679702096	0.110579020947469	0.176131854972229	0.141889735657742	0.0953575962026063	0.170013311099902	0.0972777551739249	0.155983911311385	0	0.107472889568061	0.114123116430693	0.0962243273842932	0.125303787291746	0.10230207414278	0.141510872579873	0.079426748512053	0.115133941679919	0.160800000589923	0.151211537592674	0.140604839103499	0.123610285134066	0.146191940078337	0.156772076672036	0.158560556374568	0.161007052768955	0.138483779423492	0.149147635717901	0.117439594814689	0.104175388750044	0.0957631403221815	0.129641841874113	0.110533364606251	0.0889981594280648	0.158678963459054	0.119992997627839	0.139336298688137	0.0874902397634916	0.17489159914897	0.0908286863771127	0.131913968138356	0.0887217615245839	0.133769448678611	0.138721070275824	0.100759246102309	0.106078322660681	0.126930535932307	0.0852770090074125	0.104408525975761	0.109333761404719	0.118188525898671	0.177710280389919	0.167830787608199	0.119381820004453	0.171301219392467	0.0984189743959456	0.126479044617608	0.163720649039713	0.103429942866584	0.15797170237208
700016978	0.125540666986509	0.128815975453843	0.0989420747342341	0.141848604058973	0.135118263510641	0.114780448358046	0.125581165469207	0.134249068894338	0.120596762214127	0.107472889568061	0	0.101765739047605	0.113362147411339	0.120078905101448	0.127242166913419	0.101862245538908	0.113416045643098	0.119504264661366	0.124452908746226	0.115180202434423	0.108029062182706	0.0710786400868631	0.128475846825327	0.123648926765549	0.106986294007758	0.138499674834226	0.122918506856656	0.128666935635662	0.130349895208907	0.123668960920495	0.101954268855671	0.094389696178394	0.0907790688677577	0.0968576609279811	0.141133507424082	0.0955116892099971	0.134379411433197	0.123103096278157	0.129050971897221	0.143263486143243	0.10930848874029	0.0886553928185184	0.1153225196333	0.108803284503487	0.108203400573631	0.123690613258562	0.125129961811365	0.109968866367573	0.101619191148584	0.0888621398430336	0.0911435981468239	0.146885384248687	0.128298973430993	0.0895031961208091	0.142070075304955	0.110518803334719	0.113115114696451	0.127840767267527	0.0911168413592399	0.129332175584524
700024192	0.153798894560913	0.155650071715758	0.0720401329814057	0.148872849357445	0.14702987222722	0.0946312764456038	0.127698194253678	0.116333184134162	0.141218211215188	0.114123116430693	0.101765739047605	0	0.0924409346884769	0.133318523146124	0.08865493533443	0.112809268379633	0.108634124983575	0.119467314259432	0.133959383788826	0.13035762081658	0.131115727891447	0.08731011045637	0.131285654000206	0.157701582726952	0.122670760006759	0.157252720224923	0.155786398249144	0.143388131615369	0.131943008843472	0.119731067572932	0.108953557702804	0.0939201185585903	0.0983381498754144	0.0881256784860928	0.158038579455708	0.109425006339995	0.145612666405513	0.0975291494246021	0.162380219509181	0.111035952993821	0.139398622600682	0.0741074306213379	0.14170935169068	0.11255562936956	0.0891798644577907	0.129477075999113	0.145897554938805	0.0792073996483246	0.12962973039339	0.0700329026635223	0.0758849072383689	0.161126134523926	0.148515971117909	0.131985231628426	0.188837331303193	0.0985923232880121	0.121069635814	0.143002229311564	0.0801334765788682	0.128469204210488
700113058	0.15700639556604	0.13606693023099	0.116572691420806	0.170837922336715	0.139651149827911	0.102192541241016	0.153533004839106	0.0888919158469833	0.149013071671061	0.0962243273842932	0.113362147411339	0.0924409346884769	0	0.13154015072567	0.0804716889444263	0.133452568086949	0.0905064916913504	0.128781955195362	0.146933658854249	0.139526237437722	0.13860698094438	0.107049650422782	0.146736003972586	0.157707187937198	0.145369887179681	0.165436160229703	0.138798294280264	0.124884247705346	0.116418533721218	0.0995019566086093	0.103732007156051	0.121648948041605	0.106602046384845	0.080448504010402	0.165798319104117	0.121615577246161	0.144416210817919	0.105802688230534	0.165464077790953	0.0819725359340865	0.131566786039386	0.0756051636449862	0.145551247049582	0.121731607111641	0.0872167955817724	0.115583931905717	0.143130132080677	0.0750839181178366	0.113700795149419	0.0857928415895091	0.114536106954211	0.171503445106645	0.156983497731956	0.136721789121196	0.192356416012041	0.0579913542049296	0.120934140267209	0.163581942084432	0.10564480112101	0.144199827714064
700099448	0.141782675578483	0.110253692083554	0.115781557707177	0.14703676900076	0.120220694648033	0.0990070811091212	0.133087468167766	0.152638186369987	0.135218025886086	0.125303787291746	0.120078905101448	0.133318523146124	0.13154015072567	0	0.119689680313944	0.141548682331088	0.114993075258396	0.113452589091744	0.132689271016809	0.120845132448554	0.123481121822613	0.126342059031667	0.106140904928549	0.136059299394831	0.127451998152772	0.12445126926994	0.129537575715261	0.142954776362012	0.11413921935668	0.102681702224761	0.106951563664746	0.135354913476342	0.119960145066225	0.109761360258266	0.131351411572449	0.120759048784591	0.114467049846096	0.11133838725683	0.133484915430529	0.142985768107157	0.135484601688999	0.128125960856195	0.109992175618282	0.135552104768572	0.120615570055384	0.110608682254182	0.117450790932789	0.125925496113687	0.0746432033740839	0.118471461511955	0.111909726128057	0.135668891677376	0.136690706986198	0.111821163773208	0.142110351101597	0.130322026015165	0.113107412123777	0.124301845629908	0.104725717087812	0.128153463749814
700109870	0.161220308619029	0.136910421342864	0.0971292665585601	0.152710896974226	0.136238940593799	0.0896827314146449	0.143230818481064	0.10112535399784	0.146300090546676	0.10230207414278	0.127242166913419	0.08865493533443	0.0804716889444263	0.119689680313944	0	0.138633836459834	0.0980222177472043	0.123645172993773	0.147986226796452	0.130738658087906	0.131408365648996	0.117221634227737	0.128815780719172	0.156624951069272	0.133873234160356	0.157918406517731	0.141060367007177	0.143634962235617	0.117322078148207	0.0972378277403254	0.119420856410196	0.116819262356112	0.127146283969638	0.110830290438556	0.160808962511262	0.126243492705953	0.149773797821174	0.0792961519441379	0.169403870466458	0.0928751785817001	0.151178289587837	0.0863806095648851	0.15390407634836	0.128426789137788	0.0941729309142965	0.117242569861794	0.140627684743284	0.0809773421287363	0.116557903976665	0.0847778161719934	0.108562457964376	0.159038305361631	0.147852750997398	0.137938574608376	0.18475398577332	0.0918231863209732	0.112431096971255	0.151319054120048	0.0884429244172177	0.12830889594512
700033928	0.113040371499764	0.15392201101766	0.123563423622365	0.149717959644092	0.134681912686224	0.139299585891125	0.121084643897401	0.162692418394361	0.104635634078125	0.141510872579873	0.101862245538908	0.112809268379633	0.133452568086949	0.141548682331088	0.138633836459834	0	0.14752312376105	0.134198379579899	0.102978530830876	0.125626438725662	0.111453956798271	0.0912065279083435	0.122936971525303	0.100972942303643	0.120558253990294	0.127291118822357	0.13916193876133	0.124394849330639	0.152837903307765	0.146109046496388	0.126527545589263	0.101532254023712	0.10709143292257	0.120695480674344	0.121737130479119	0.128934868583636	0.13594664496686	0.144638852208847	0.117579151225631	0.153489297734607	0.106119899966317	0.11110601584675	0.138252886742902	0.115001908263781	0.127500160207506	0.132131373234815	0.118695535927803	0.127536667258766	0.138547417000921	0.104228135625056	0.0954359870780208	0.129114190360003	0.125998755210055	0.128403848036394	0.141644444182853	0.120450248733829	0.127971631806971	0.11752884855682	0.10567002673108	0.116904355214299
700023693	0.172390091419812	0.124858669066851	0.11351929249717	0.182396885444738	0.144780604497137	0.0871638248722842	0.168707706203519	0.0859135531655438	0.155587745051734	0.079426748512053	0.113416045643098	0.108634124983575	0.0905064916913504	0.114993075258396	0.0980222177472043	0.14752312376105	0	0.114475879527328	0.157318130187958	0.152612151273172	0.144776185537961	0.121963799593129	0.148533273437741	0.166070551449982	0.159760637708073	0.172084059894003	0.142484837468454	0.147974569628711	0.116912203628219	0.102029163555823	0.0879195383807605	0.139798752957715	0.119202325682091	0.0885299647270229	0.166934714533248	0.122133852502592	0.130079295832875	0.096399836978474	0.176140362156592	0.101148257881365	0.143982651485199	0.0971796186706051	0.126736057093936	0.13743082230538	0.094751819740185	0.119498858615164	0.134978776363535	0.0864431736960444	0.102530657221257	0.110796298633231	0.121349951071845	0.183355653973676	0.168941594742995	0.124634252699537	0.18554521401594	0.100667888978789	0.128171093940545	0.171589943439331	0.119347731697936	0.15756993519393
700109627	0.160338433839554	0.147164728375502	0.0915356493168449	0.185794047112955	0.145297840192814	0.0767542919433981	0.170858033942407	0.140927675566106	0.158873162927792	0.115133941679919	0.119504264661366	0.119467314259432	0.128781955195362	0.113452589091744	0.123645172993773	0.134198379579899	0.114475879527328	0	0.149798798521574	0.159730503879406	0.156719997503211	0.118773945244074	0.153764247037464	0.156785420081654	0.154472781863177	0.161920186589097	0.133936968834289	0.15595088161244	0.147044528464046	0.113917919752686	0.102788900076133	0.139981648369539	0.133841559422858	0.105340314037918	0.16847759640599	0.147110873981575	0.103655542680758	0.0881312244952044	0.163660603503906	0.140798543134032	0.152815920932843	0.116894161449359	0.139790892116009	0.141211522081542	0.133042526367639	0.135976080761167	0.140891587964872	0.1276949436677	0.0964358994855637	0.122413269584676	0.11828695449444	0.184168865687464	0.173429999269727	0.124995227935422	0.172757871420086	0.127857993491332	0.150042449532832	0.170749073165728	0.12639331929295	0.159620724223901
700095416	0.077862482957276	0.140595872379107	0.147919308068516	0.134950373090671	0.121993255017429	0.153837248408257	0.101040886520463	0.173797658398282	0.0912680357055393	0.160800000589923	0.124452908746226	0.133959383788826	0.146933658854249	0.132689271016809	0.147986226796452	0.102978530830876	0.157318130187958	0.149798798521574	0	0.106199189223635	0.0968023132150359	0.10960931002573	0.11232768508823	0.094808947995801	0.110248525815171	0.111836568655667	0.15005706172722	0.142206577521245	0.144874331969695	0.156120068175403	0.143608698342342	0.117640564725888	0.106260299531442	0.144400356885538	0.126504470255731	0.124659731956688	0.112995361173993	0.158210231633052	0.105198974774192	0.172778775070353	0.102489033730676	0.137787827744855	0.117327207187993	0.104544076342082	0.134359175494354	0.124974796441598	0.117276590224992	0.146895949983706	0.13654854625132	0.12349670593081	0.10454687595049	0.11058615192919	0.110886285260356	0.116352129312719	0.119560827478484	0.135127869080195	0.116719817427024	0.0959343904313363	0.126254126127992	0.108349313717549
700110425	0.0898698023117589	0.13268446360483	0.14071391812894	0.0860784598651244	0.118425434168343	0.148048423211495	0.0802118066398924	0.166066013604317	0.10642677046462	0.151211537592674	0.115180202434423	0.13035762081658	0.139526237437722	0.120845132448554	0.130738658087906	0.125626438725662	0.152612151273172	0.159730503879406	0.106199189223635	0	0.0816673494423138	0.109387097103645	0.0964223062997757	0.107316424456402	0.0685594931915974	0.112954369760064	0.14886679146661	0.135437759977175	0.135287160666817	0.129855002418464	0.148689040682473	0.114392978955185	0.107870547543115	0.136988993724577	0.122771269310858	0.0900192451901963	0.147026959642228	0.156017153927112	0.120504007180359	0.15813040391904	0.110623090048396	0.126100993282881	0.131579830067259	0.089126710381639	0.128098885750682	0.124140758601484	0.12792772940205	0.135974136441303	0.125757668228233	0.112935825311391	0.104953703305432	0.0834034714200167	0.0542978723303642	0.117035296664843	0.120900373926628	0.137218144683929	0.0751337437021341	0.0775154153774215	0.101877765403378	0.0834212005705653
700111580	0.0844355995562312	0.129043057325758	0.141688011927641	0.110694165508125	0.127453549173975	0.148965845525578	0.0842043798231441	0.167334083488984	0.0960329077670261	0.140604839103499	0.108029062182706	0.131115727891447	0.13860698094438	0.123481121822613	0.131408365648996	0.111453956798271	0.144776185537961	0.156719997503211	0.0968023132150359	0.0816673494423138	0	0.0882265217967123	0.0934306328172625	0.102465018659438	0.0715340542256687	0.126592425799066	0.152787710878908	0.149496018600968	0.130868979985078	0.143915660896447	0.142781581197959	0.100807741239998	0.103962353040946	0.136288788148119	0.131415407002948	0.0960834197321067	0.150419241678913	0.151194879480511	0.120625787532714	0.151768653769474	0.10657837477542	0.124022683433782	0.134509312097238	0.0973465341892736	0.122727975392642	0.116942790197326	0.122027650120488	0.129056925549056	0.122679363334019	0.110042749877014	0.103462312892684	0.0932462177230747	0.0914091597152429	0.0982820056402898	0.120730408957907	0.129681206500406	0.0734229885162477	0.0745194269886481	0.0970384496179386	0.0859660496056729
700111302	0.106940652884921	0.120684409718162	0.0993645952988952	0.142197000334262	0.128272382940123	0.119968451575952	0.104814874819483	0.142637469128527	0.103983386944965	0.123610285134066	0.0710786400868631	0.08731011045637	0.107049650422782	0.126342059031667	0.117221634227737	0.0912065279083435	0.121963799593129	0.118773945244074	0.10960931002573	0.109387097103645	0.0882265217967123	0	0.119095916501328	0.116265297976358	0.0894934518362558	0.143762746329148	0.133253287662709	0.137790573078139	0.137671347747307	0.127241028746017	0.11083760096895	0.0701057429694611	0.0860282143496841	0.100250987008568	0.144676366971658	0.0940372614828755	0.13391171605657	0.131684074129356	0.126984970261261	0.137801758566798	0.122274946233938	0.091729054232429	0.126432336845861	0.088466356439601	0.0994055310213045	0.132341220822666	0.128217842792293	0.102716052530599	0.108177360790055	0.0701311698928819	0.0862923866681567	0.131802043530178	0.117643674209463	0.0953825412974121	0.150163571799008	0.102562627808932	0.0994987381139754	0.111807137457468	0.0845460745648637	0.109733920984816
700098605	0.100261695832982	0.117708322828147	0.130585397915309	0.0971087701268102	0.120673166593485	0.142851773897504	0.102107191795396	0.166265893493433	0.108124374890494	0.146191940078337	0.128475846825327	0.131285654000206	0.146736003972586	0.106140904928549	0.128815780719172	0.122936971525303	0.148533273437741	0.153764247037464	0.11232768508823	0.0964223062997757	0.0934306328172625	0.119095916501328	0	0.101987184691159	0.111365259823082	0.106490984740854	0.136667503798188	0.137332027156184	0.138031272065425	0.135717786949856	0.144545969013798	0.120216707076081	0.115353260404769	0.137003954286344	0.114194119800948	0.106663891651261	0.140563442441182	0.140685740134401	0.111386221068796	0.153147426058759	0.120166133257831	0.138729084909464	0.134718935585109	0.104467261997192	0.141024794133029	0.111997462445619	0.113766467911123	0.139506972440173	0.125893549878277	0.122726187015382	0.102452435630193	0.100376816225216	0.0947579744148375	0.118908754166305	0.107078246322522	0.138873164975767	0.116934956277973	0.0881233542402119	0.103270042547891	0.0820914727966364
700111991	0.0744016378903077	0.144938633167785	0.155735264346214	0.116665542620562	0.136440552648	0.168640756576609	0.105288764113902	0.180352561726432	0.10830742220496	0.156772076672036	0.123648926765549	0.157701582726952	0.157707187937198	0.136059299394831	0.156624951069272	0.100972942303643	0.166070551449982	0.156785420081654	0.094808947995801	0.107316424456402	0.102465018659438	0.116265297976358	0.101987184691159	0	0.111478954822103	0.0997461144932553	0.137454022715041	0.135983270357605	0.151968709863621	0.165604222766984	0.157805265233541	0.131977407807422	0.118401871714402	0.157169517994522	0.105598244626989	0.11782028128205	0.14457161508521	0.168706450286151	0.104899686444084	0.182574727552437	0.097127456272324	0.155401342300142	0.130387936881774	0.117748544072649	0.153615756167508	0.127928242642102	0.106255394956209	0.158572423301454	0.144713290702389	0.140001470881589	0.121203322582227	0.103940282166695	0.10054844668925	0.115837177450323	0.094164314371544	0.150851221759178	0.120003667525042	0.0904513368104738	0.126953117657404	0.113646518192617
700108960	0.0883756172500871	0.144888187920175	0.133456009257634	0.104961740906938	0.13876809678454	0.142592165322247	0.0744544429496913	0.174834576415106	0.104054602618607	0.158560556374568	0.106986294007758	0.122670760006759	0.145369887179681	0.127451998152772	0.133873234160356	0.120558253990294	0.159760637708073	0.154472781863177	0.110248525815171	0.0685594931915974	0.0715340542256687	0.0894934518362558	0.111365259823082	0.111478954822103	0	0.135055659130953	0.167620276418823	0.154516277259526	0.145459690121829	0.143483481422301	0.148692655049001	0.0889480205065251	0.117630801528072	0.142294430984214	0.14224340823439	0.0976687257160467	0.151281599095214	0.152972238429432	0.123575836058231	0.166450215465432	0.128361790154475	0.12822043589938	0.140081294638829	0.0943767935488518	0.134710072242292	0.144068342772855	0.146077361631426	0.139099220642675	0.133529952656137	0.101912458965781	0.0958210881528998	0.0900656256874919	0.0745929832657274	0.109427749211966	0.12016064576682	0.141699639767596	0.0805109580841433	0.0741398637117075	0.0935517651898634	0.0801575556641403
700024452	0.105812028502685	0.136712078845393	0.154669416022683	0.107825717498557	0.105309932891247	0.169210540846561	0.109264015375386	0.18190564490054	0.10997153080633	0.161007052768955	0.138499674834226	0.157252720224923	0.165436160229703	0.12445126926994	0.157918406517731	0.127291118822357	0.172084059894003	0.161920186589097	0.111836568655667	0.112954369760064	0.126592425799066	0.143762746329148	0.106490984740854	0.0997461144932553	0.135055659130953	0	0.143340732950223	0.123111829423526	0.115766681510713	0.149793109572316	0.166179561126442	0.14456625561097	0.129359964555821	0.159105821115328	0.066950399560387	0.118642240972549	0.144536329715665	0.162912246942551	0.0996872131020921	0.167453990778562	0.114890230922649	0.151983344384263	0.12920408015899	0.131788700494209	0.1503338593289	0.106135446645399	0.108938990055317	0.160223736056252	0.151248138657215	0.147339716235048	0.119978506868208	0.100544333287744	0.104298124495594	0.136248722212365	0.0970856803643329	0.155211431637794	0.12633297319486	0.110552131245897	0.124420810063604	0.127680110054212
700032931	0.150205625457271	0.122891531784635	0.131626587138884	0.174485107403057	0.149729336665446	0.140096909338755	0.172657439314333	0.143299770164645	0.154123175104891	0.138483779423492	0.122918506856656	0.155786398249144	0.138798294280264	0.129537575715261	0.141060367007177	0.13916193876133	0.142484837468454	0.133936968834289	0.15005706172722	0.14886679146661	0.152787710878908	0.133253287662709	0.136667503798188	0.137454022715041	0.167620276418823	0.143340732950223	0	0.130750932841224	0.143479775190277	0.139085365836265	0.138207839664096	0.151080470596745	0.139923099657969	0.131164787634358	0.143479751790489	0.143248390376667	0.139755666781468	0.13962032686031	0.14332006807625	0.153174390473866	0.140085972919315	0.136462494803224	0.142781266428017	0.141945292273204	0.136792745720065	0.133879238781453	0.117440875399012	0.139647851206781	0.124302843432172	0.138040781563946	0.144225131157902	0.168925346637211	0.163319642983016	0.137850612796999	0.154063997716916	0.136141111262654	0.15375490516349	0.160008100661112	0.133351973058986	0.162424911656381
700095837	0.14084917613593	0.138614580889814	0.14789462649578	0.154728685536078	0.130909348679549	0.16113456143439	0.159184392286992	0.147399297586986	0.139416271154649	0.149147635717901	0.128666935635662	0.143388131615369	0.124884247705346	0.142954776362012	0.143634962235617	0.124394849330639	0.147974569628711	0.15595088161244	0.142206577521245	0.135437759977175	0.149496018600968	0.137790573078139	0.137332027156184	0.135983270357605	0.154516277259526	0.123111829423526	0.130750932841224	0	0.109666691150599	0.118957522184841	0.146654425566744	0.153445947315423	0.116705534474984	0.126987651919821	0.131579409813556	0.136704932604927	0.138925178989896	0.162765320517366	0.147268830191418	0.145534599692046	0.122760134046685	0.12536328081519	0.128939158897843	0.132454948446537	0.116800355223998	0.110642012514713	0.126902871888767	0.140762531437449	0.140711149843225	0.139858979915395	0.127871890131539	0.154754677072152	0.144633444794667	0.154879941547328	0.148195759083811	0.119810121184308	0.144009040072192	0.156235193575278	0.130327404450087	0.153144669319005
700024548	0.1502474968865	0.124451127796269	0.130549732699244	0.145837699262172	0.109470989782389	0.130530706495621	0.15346951258691	0.126929524183732	0.154974559350825	0.117439594814689	0.130349895208907	0.131943008843472	0.116418533721218	0.11413921935668	0.117322078148207	0.152837903307765	0.116912203628219	0.147044528464046	0.144874331969695	0.135287160666817	0.130868979985078	0.137671347747307	0.138031272065425	0.151968709863621	0.145459690121829	0.115766681510713	0.143479775190277	0.109666691150599	0	0.0991918544214149	0.121924074572764	0.150287105536705	0.115348758026185	0.115209314452632	0.119330855045529	0.114897819301327	0.136687860659853	0.12474227611803	0.149749711412161	0.114422139805013	0.13456086320864	0.102679721876096	0.119166423580578	0.150646713627509	0.0869328358660263	0.0774270379945381	0.128090371854734	0.11002371165683	0.118061208642038	0.132176958028408	0.117359216426437	0.159299923108346	0.145352264280435	0.128631557520363	0.159100498573664	0.118739300475081	0.119809142658045	0.151176470380477	0.117647493764992	0.153895080885232
700110161	0.161267653082237	0.133489369537961	0.100111192991629	0.163666766832937	0.120144880333767	0.0992306573558625	0.156159409355498	0.119752603859656	0.150878105946354	0.104175388750044	0.123668960920495	0.119731067572932	0.0995019566086093	0.102681702224761	0.0972378277403254	0.146109046496388	0.102029163555823	0.113917919752686	0.156120068175403	0.129855002418464	0.143915660896447	0.127241028746017	0.135717786949856	0.165604222766984	0.143483481422301	0.149793109572316	0.139085365836265	0.118957522184841	0.0991918544214149	0	0.107295404394136	0.138049583083089	0.124787161554513	0.0873787722675055	0.154560095610452	0.131686818962773	0.131051006282297	0.0989199803123513	0.162511149824794	0.109834140374998	0.15358338585443	0.0929964824814244	0.127261626162672	0.135796019187896	0.0977186050458264	0.114530208120545	0.144648292739793	0.0991405143302126	0.0890450179265785	0.111927456660037	0.120728060715761	0.161370970688507	0.1523795793389	0.125010893672623	0.174246115296706	0.104842601334559	0.112586012440311	0.154080762688906	0.107351565782048	0.141424868677108
700023496	0.159920939660033	0.13167932435968	0.0978421554421489	0.176825570381614	0.13546559956681	0.082733969880234	0.159227524959305	0.124260533134277	0.150467052435439	0.0957631403221815	0.101954268855671	0.108953557702804	0.103732007156051	0.106951563664746	0.119420856410196	0.126527545589263	0.0879195383807605	0.102788900076133	0.143608698342342	0.148689040682473	0.142781581197959	0.11083760096895	0.144545969013798	0.157805265233541	0.148692655049001	0.166179561126442	0.138207839664096	0.146654425566744	0.121924074572764	0.107295404394136	0	0.125374427277367	0.10970086615747	0.0823029945352414	0.161629530633085	0.127512732463273	0.125570418918544	0.0975298254663555	0.164641826344195	0.119110608686166	0.136281448133473	0.0912430836710835	0.119187471768102	0.131495604114908	0.0991797579465089	0.118248521498604	0.135292536935588	0.100383352559467	0.0827623974770925	0.111099047720363	0.115331000998833	0.180366187994918	0.166062195747008	0.110736053754176	0.174602543240311	0.0957716432068007	0.136503561095065	0.16416103785252	0.113433124758021	0.154720955589758
700034628	0.121977951168616	0.137429397187334	0.107858780426926	0.141868020716397	0.149650837062736	0.130092153688066	0.0956039015693382	0.149797388071723	0.0999019130240313	0.129641841874113	0.094389696178394	0.0939201185585903	0.121648948041605	0.135354913476342	0.116819262356112	0.101532254023712	0.139798752957715	0.139981648369539	0.117640564725888	0.114392978955185	0.100807741239998	0.0701057429694611	0.120216707076081	0.131977407807422	0.0889480205065251	0.14456625561097	0.151080470596745	0.153445947315423	0.150287105536705	0.138049583083089	0.125374427277367	0	0.104739776645227	0.112743840141223	0.151362075381391	0.0876181571781256	0.154944971138317	0.12589572682148	0.142078568024027	0.140310563111083	0.136191542130192	0.0958454621640371	0.137562488494864	0.0842059663983813	0.12010870238715	0.141058075878706	0.13791924431161	0.107297817641164	0.131757216429439	0.0737561665827087	0.0982576574211386	0.122911037159914	0.123663927121888	0.119830068714598	0.157726641000702	0.108561238189009	0.115901745723923	0.105632493524137	0.0889661815406892	0.0856089422884637
700023645	0.119888328334474	0.119054654181184	0.119460781331506	0.137225068391349	0.122333497689641	0.124585569289144	0.117360870941029	0.126269867653536	0.116307251028801	0.110533364606251	0.0907790688677577	0.0983381498754144	0.106602046384845	0.119960145066225	0.127146283969638	0.10709143292257	0.119202325682091	0.133841559422858	0.106260299531442	0.107870547543115	0.103962353040946	0.0860282143496841	0.115353260404769	0.118401871714402	0.117630801528072	0.129359964555821	0.139923099657969	0.116705534474984	0.115348758026185	0.124787161554513	0.10970086615747	0.104739776645227	0	0.0984352626778359	0.128197750222041	0.0943485773073081	0.125239137022081	0.133944778665481	0.130567121511405	0.124504194959633	0.108309786328131	0.0912224051012382	0.1007401653203	0.094948993909805	0.0951572827580037	0.0978664544582507	0.109134838077345	0.0936178122424112	0.114967376647436	0.0962342516455747	0.0866433292595631	0.132984687398263	0.118687852202479	0.109577776991833	0.151365887849398	0.0995372373231943	0.106106452060504	0.119007444823067	0.0935227652413458	0.117905208405165
700038744	0.156490956214342	0.130140716469778	0.0872644614877426	0.167117652733522	0.129152416817628	0.0839026897927929	0.152939285518476	0.10213557344308	0.145155306587346	0.0889981594280648	0.0968576609279811	0.0881256784860928	0.080448504010402	0.109761360258266	0.110830290438556	0.120695480674344	0.0885299647270229	0.105340314037918	0.144400356885538	0.136988993724577	0.136288788148119	0.100250987008568	0.137003954286344	0.157169517994522	0.142294430984214	0.159105821115328	0.131164787634358	0.126987651919821	0.115209314452632	0.0873787722675055	0.0823029945352414	0.112743840141223	0.0984352626778359	0	0.155454800133483	0.111768536769157	0.124643663151427	0.0918649268414653	0.159313526912249	0.103328456667746	0.131026801966044	0.0794455110293892	0.120626445960275	0.119345356904918	0.0880782060904616	0.108328668896927	0.13907191469581	0.0776238456406416	0.0934469159695687	0.0872946183118033	0.10170281395225	0.171205255957219	0.154732491053182	0.109176343276833	0.177759984318613	0.0817558122995853	0.127048926414047	0.155371434921182	0.0993388000530202	0.147504854231439
700038485	0.120651595754938	0.129969369739108	0.152134711031083	0.114271031917084	0.11042939794044	0.167663815211227	0.115884933049798	0.175160583643381	0.119206615985945	0.158678963459054	0.141133507424082	0.158038579455708	0.165798319104117	0.131351411572449	0.160808962511262	0.121737130479119	0.166934714533248	0.16847759640599	0.126504470255731	0.122771269310858	0.131415407002948	0.144676366971658	0.114194119800948	0.105598244626989	0.14224340823439	0.066950399560387	0.143479751790489	0.131579409813556	0.119330855045529	0.154560095610452	0.161629530633085	0.151362075381391	0.128197750222041	0.155454800133483	0	0.121843357024667	0.145221526256387	0.165977225357836	0.101296338471647	0.162314132878959	0.116107560599719	0.153109354071951	0.126281315548201	0.136997841734509	0.151477622044831	0.111652233821295	0.105694743591895	0.156881318021348	0.153190057158896	0.156554444370597	0.120385173845407	0.109605049518939	0.117230058369372	0.14140849990933	0.115426723203563	0.158914907186552	0.137597005713867	0.12305600554065	0.133553166393503	0.130734585334851
700024743	0.11776065165602	0.121575155920529	0.120568610134641	0.11882198247485	0.135958967037913	0.134709319429904	0.103610621765298	0.132133341689809	0.117026690142493	0.119992997627839	0.0955116892099971	0.109425006339995	0.121615577246161	0.120759048784591	0.126243492705953	0.128934868583636	0.122133852502592	0.147110873981575	0.124659731956688	0.0900192451901963	0.0960834197321067	0.0940372614828755	0.106663891651261	0.11782028128205	0.0976687257160467	0.118642240972549	0.143248390376667	0.136704932604927	0.114897819301327	0.131686818962773	0.127512732463273	0.0876181571781256	0.0943485773073081	0.111768536769157	0.121843357024667	0	0.142919084807128	0.131793930503163	0.125780495750132	0.133974692045393	0.117082157271345	0.110765819772605	0.120023706271955	0.088060672243268	0.115323479985362	0.104628455568993	0.120065304721644	0.104395986555059	0.12280701418569	0.0973212425176161	0.0953289208498488	0.118465011097809	0.105618685783061	0.104574238140271	0.131943980447155	0.121032117880075	0.101489419215647	0.102661328839725	0.088290275463943	0.099784591039303
