700108602	700014971	700033565	700109389	700023058	700023927	700106341	700114221	700023543	700023439	700016978	700024192	700113058	700099448	700109870	700033928	700023693	700109627	700095416	700110425	700111580	700111302	700098605	700111991	700108960	700024452	700032931	700095837	700024548	700110161	700023496	700034628	700023645	700038744	700038485	700024743	700099596	700110760	700101587	700106399	700032322	700095653	700021312	700101230	700023590	700038905	700033136	700023382	700096424	700105469	700016908	700096053	700108479	700109569	700033814	700016125	700109756	700102665	700101777	700109455
700108602	0	-0.170754725951927	-0.19550369578352	-0.103749434248029	-0.129113012525604	-0.204534778080583	-0.0680966559354389	-0.22066625883714	-0.0838415804452499	-0.209574028147231	-0.135316261497357	-0.202304601175021	-0.218591746200471	-0.160359463332336	-0.208173986933836	-0.113269931984748	-0.212836845157275	-0.189453495120384	-0.103966161528662	-0.0838566785214121	-0.108003975206025	-0.140425440023266	-0.109178419384277	-0.0725668706441034	-0.100343517448463	-0.133522027799764	-0.17287342995604	-0.166596546556226	-0.196464171730592	-0.199719218431615	-0.186006782857323	-0.157080546795944	-0.132513040847025	-0.183833319369651	-0.111722640863634	-0.136538273560048	-0.162534163725184	-0.211711721411479	-0.0755710757138437	-0.252834420849583	-0.100274885247012	-0.203509630682741	-0.139618238354052	-0.140193241110657	-0.180583761577147	-0.150401513683944	-0.130075091156231	-0.198759690246654	-0.166749598231578	-0.176316017304891	-0.138023640302804	-0.0758088100257594	-0.0883374357968591	-0.106139948168208	-0.0954257291380033	-0.200760232624677	-0.119278910994991	-0.0758011862358842	-0.174140568666367	-0.0953979266671205
700014971	-0.170754725951927	0	-0.175969851228538	-0.213156104235665	-0.118508797159005	-0.157785657653268	-0.172335241005808	-0.131475404632485	-0.164776581229609	-0.129472178057813	-0.128288796161105	-0.200914375267587	-0.148816065208727	-0.12553488195681	-0.161469594630505	-0.17319929585976	-0.121905525222129	-0.167824228094244	-0.164066254331893	-0.171571339669566	-0.163883626281404	-0.157264906073652	-0.139094044495769	-0.179680835358834	-0.191874429564702	-0.151673370007588	-0.112814776161498	-0.124760533767263	-0.106523865045936	-0.119650545789961	-0.13099881371709	-0.166729334880329	-0.127036783077839	-0.126594462311124	-0.137827860155244	-0.123837827984323	-0.168713601854394	-0.167821961978452	-0.150910512009716	-0.156025330581636	-0.137926242260228	-0.142769601244417	-0.135708548279335	-0.150795536077625	-0.11872880357144	-0.122178576409062	-0.0993465234268986	-0.145571911285148	-0.127295367143653	-0.167143602194212	-0.168625956765753	-0.172214965650991	-0.173898572861344	-0.117010442057303	-0.197790067867348	-0.149724810581343	-0.151727734457575	-0.178214432490159	-0.164377341796504	-0.16592086132866
700033565	-0.19550369578352	-0.175969851228538	0	-0.224834839960455	-0.171946356763756	-0.0749894566378273	-0.193834020647946	-0.111580095466166	-0.183439752308658	-0.101015481366459	-0.0939907478093093	-0.0671043119734982	-0.106801344355892	-0.140897237329928	-0.0901423374721966	-0.133272750493678	-0.116045316808457	-0.104428753776973	-0.164886533386428	-0.172614555130923	-0.171512993104235	-0.100762180043798	-0.192367370820627	-0.19016467544245	-0.174225323603198	-0.212243188567376	-0.157753710070346	-0.187730339639353	-0.158035645698612	-0.11889150514565	-0.115397326276408	-0.13012695040081	-0.107878385089673	-0.0873484077656298	-0.205034863024381	-0.122200284208453	-0.156687269591566	-0.101838465102842	-0.1928499156102	-0.15527341018554	-0.160055514115117	-0.0777389419937959	-0.160869757244918	-0.132492089304254	-0.124663158808191	-0.148813484427189	-0.154407222019019	-0.0943095093683891	-0.11915302598812	-0.0864808393606371	-0.0900784689891329	-0.209724594262257	-0.204884081231379	-0.145568473091269	-0.237982209681906	-0.0849255621832929	-0.146082043975028	-0.204076987831833	-0.0840910004569474	-0.184553449452537
700109389	-0.103749434248029	-0.213156104235665	-0.224834839960455	0	-0.179814937583497	-0.251690194079006	-0.0976935409538495	-0.244996529112261	-0.163252799866414	-0.240068712967249	-0.183124810152782	-0.224989821461684	-0.240923210582098	-0.218273760022412	-0.22602301448756	-0.15730347526328	-0.248819508776893	-0.240154754656825	-0.177393693577656	-0.105003522758421	-0.144848380401883	-0.192710048144843	-0.149210670764474	-0.145386451903777	-0.138119614119435	-0.155185298661751	-0.227803401566046	-0.207820340653414	-0.202748070324102	-0.234029606137438	-0.240112435327185	-0.209892641283408	-0.173081207127072	-0.226368476025784	-0.141708458614012	-0.175981473786295	-0.226521508821441	-0.253853177367816	-0.134795365939459	-0.239238853533147	-0.15463400553664	-0.228163062679257	-0.19568857761895	-0.180946836628567	-0.203537079465106	-0.193830571609788	-0.194762772890454	-0.228715650866451	-0.216455202821782	-0.212805330929516	-0.172550122044917	-0.110365866233765	-0.0787407072684814	-0.17052451121171	-0.123225783549263	-0.229513726140398	-0.125042939056477	-0.11487945225593	-0.194760310406347	-0.140124167945835
700023058	-0.129113012525604	-0.118508797159005	-0.171946356763756	-0.179814937583497	0	-0.153868449225818	-0.142242829436615	-0.172268129177939	-0.119889376296286	-0.156941226506141	-0.118164277801118	-0.192430748955885	-0.179191296575029	-0.115030180366257	-0.173358086041131	-0.141273912305418	-0.160994925097112	-0.150207629367011	-0.126066050996892	-0.141674383893226	-0.157266011255463	-0.152639208856009	-0.139930114366064	-0.134764573187766	-0.171931909810186	-0.111006027697142	-0.128038747317587	-0.150365253425147	-0.153036112931674	-0.149748634296658	-0.13702801191104	-0.171234137430829	-0.126239223410717	-0.141699023881075	-0.106117252833531	-0.124815751727695	-0.125772870590971	-0.145999421176232	-0.106657217831453	-0.202177690727198	-0.122577183894871	-0.167656140284341	-0.100926064245407	-0.144942424931747	-0.148893418971446	-0.123650737046104	-0.101265568246402	-0.17049097978617	-0.12185062611667	-0.169052667740632	-0.155173503256894	-0.132228571314834	-0.140995695849457	-0.116297636857057	-0.150258799780263	-0.169331580158823	-0.14998139751148	-0.147241393314447	-0.1615854921385	-0.132141785308016
700023927	-0.204534778080583	-0.157785657653268	-0.0749894566378273	-0.251690194079006	-0.153868449225818	0	-0.215681046498279	-0.105786020355567	-0.186196224327364	-0.0849310128805418	-0.126810373149861	-0.112723634836513	-0.10449491491395	-0.104713142583746	-0.0945290738046884	-0.1609908616083	-0.0876871371752085	-0.0759867812066025	-0.170531822516591	-0.196273531530815	-0.183951492103127	-0.14571452101681	-0.181835465703992	-0.198203974563735	-0.203860225252553	-0.206076091017335	-0.138283777666109	-0.194864781164636	-0.158316921862446	-0.0987348787095549	-0.0723687212314559	-0.158130900313173	-0.134822874086958	-0.0746236445246688	-0.210082460199295	-0.144042591564509	-0.141219781541623	-0.0614777211355019	-0.19794226216913	-0.149703420103357	-0.160498661329842	-0.0865701334617113	-0.139258501744186	-0.159221409955167	-0.128607837988896	-0.132339482946946	-0.142660804233086	-0.0977511443930374	-0.0691880656732502	-0.111505455590863	-0.132712635934729	-0.225640591699659	-0.223905772804958	-0.146751709602	-0.24179535003082	-0.0912046582089253	-0.159983551236161	-0.214890870670311	-0.11330329079908	-0.197001546919344
700106341	-0.0680966559354389	-0.172335241005808	-0.193834020647946	-0.0976935409538495	-0.142242829436615	-0.215681046498279	0	-0.215491155186195	-0.105484627876501	-0.20614700527769	-0.135354095321188	-0.184839772573039	-0.206834244796781	-0.183049077703388	-0.203617618471209	-0.111008105528278	-0.212992747519029	-0.214710327613673	-0.126090405853318	-0.0844243779580271	-0.0956415475303107	-0.129894128936772	-0.120900255140692	-0.111080321538957	-0.0897754074900151	-0.159221231421773	-0.20182521956812	-0.194355097422555	-0.19752381923376	-0.208044676632526	-0.195155816393204	-0.130247914967447	-0.129698614032054	-0.189586862498312	-0.138163225806835	-0.124579816941683	-0.190520547647385	-0.226193684967362	-0.0918037344669246	-0.242043029560145	-0.118852182924636	-0.188593302944803	-0.142829809660521	-0.129546953234445	-0.168835481407077	-0.17549898647508	-0.148421060686782	-0.183296641919539	-0.183554102484563	-0.162228830449385	-0.142285415218248	-0.06747059881138	-0.0886447101208519	-0.111902686852929	-0.132816576229055	-0.188518880487898	-0.113448196246032	-0.0704748813672316	-0.169276731923496	-0.0758779922718829
700114221	-0.22066625883714	-0.131475404632485	-0.111580095466166	-0.244996529112261	-0.172268129177939	-0.105786020355567	-0.215491155186195	0	-0.207592961274816	-0.0699185751377922	-0.148833107451008	-0.134864191743018	-0.0825675111596452	-0.139931323756296	-0.0909007757988939	-0.181933307089807	-0.0650056662541889	-0.151493834607539	-0.19414100172905	-0.207009346129689	-0.197566149729392	-0.169200237977565	-0.206899141426791	-0.222359688775809	-0.230811131379626	-0.214836155643038	-0.136220559640882	-0.16515398168498	-0.117335380822683	-0.0919500273338408	-0.12242670440576	-0.177885390882189	-0.142803464919135	-0.105985164606473	-0.209666829683674	-0.147263506299697	-0.185347930398338	-0.0983771619203811	-0.205689872117634	-0.0852428463103205	-0.156936271437892	-0.0768713805177646	-0.177346263914939	-0.175955965308714	-0.0923383522258784	-0.139768045064127	-0.137711891244633	-0.0909505400480507	-0.140895395768744	-0.130517150153818	-0.157960149350998	-0.220629366134321	-0.219875504983027	-0.160837566228573	-0.259176301307032	-0.0996640586785753	-0.1638748856443	-0.233479033744666	-0.134273520170739	-0.205568284250274
700023543	-0.0838415804452499	-0.164776581229609	-0.183439752308658	-0.163252799866414	-0.119889376296286	-0.186196224327364	-0.105484627876501	-0.207592961274816	0	-0.185772234784097	-0.116139920240019	-0.1881142843465	-0.201641942594927	-0.148408120640429	-0.197800249833727	-0.0928945339894814	-0.194784107676068	-0.181991390676317	-0.0843351506546532	-0.117868929046304	-0.123281203764025	-0.114617804572683	-0.120368608065329	-0.0899011771056488	-0.120618421156751	-0.140872804178838	-0.15955355914154	-0.158600232514259	-0.206274364996675	-0.186625300834505	-0.167608424676131	-0.123027401966851	-0.125223167888114	-0.168332225878765	-0.113872713946894	-0.126356205984807	-0.149751050722756	-0.199089156405774	-0.0779029335457988	-0.243597948434411	-0.10921155837365	-0.186335523542596	-0.123846575464486	-0.103393355508168	-0.175156697697552	-0.154097102040807	-0.11074780772956	-0.177390249653272	-0.164609593973074	-0.155200488111765	-0.138972754284572	-0.098166147354861	-0.112868996226457	-0.113001642054585	-0.122528944882731	-0.178349525926728	-0.152433089695995	-0.0922727516838984	-0.161272944739111	-0.0917331908521605
700023439	-0.209574028147231	-0.129472178057813	-0.101015481366459	-0.240068712967249	-0.156941226506141	-0.0849310128805418	-0.20614700527769	-0.0699185751377922	-0.185772234784097	0	-0.134515803899482	-0.135100830919229	-0.0694338608180729	-0.117992153106414	-0.10622535176373	-0.161806170564944	-0.0644627187251237	-0.115674042585846	-0.174607419432101	-0.195721653159338	-0.186283953222149	-0.149466596877454	-0.188811620205067	-0.19872042145153	-0.21577737704649	-0.202929090932334	-0.124373433396115	-0.163745054030764	-0.131954218257394	-0.0907398189943306	-0.0987879962582968	-0.163931665155297	-0.123696170826448	-0.0811257778163604	-0.198496870067842	-0.140157618382432	-0.158237538638284	-0.0919917067482001	-0.195588868770913	-0.112823288630665	-0.147520447469347	-0.077946002466118	-0.158674842530683	-0.16448070131686	-0.10228128311887	-0.133257716492797	-0.129177159727732	-0.0963661698211183	-0.10883092286804	-0.115774178259819	-0.141339006764246	-0.212737656520656	-0.212923237823134	-0.147266521992102	-0.242318534860227	-0.0829659469925277	-0.160545687346044	-0.205996452642488	-0.117014707053921	-0.19649529848007
700016978	-0.135316261497357	-0.128288796161105	-0.0939907478093093	-0.183124810152782	-0.118164277801118	-0.126810373149861	-0.135354095321188	-0.148833107451008	-0.116139920240019	-0.134515803899482	0	-0.115478128973598	-0.145954309821805	-0.130152829281041	-0.149021054353354	-0.0802882016344141	-0.141950049033425	-0.119829445758134	-0.104204732804141	-0.121203532296357	-0.112991117882774	-0.0566502977221005	-0.131978809656105	-0.129613952296878	-0.112632270342228	-0.173998175782123	-0.142759103994072	-0.155691779231828	-0.159244238810828	-0.145159067601369	-0.111430415452437	-0.0977359970274849	-0.058608235496841	-0.104113183171766	-0.15131777542843	-0.0842778695784086	-0.120785774351241	-0.152591569709749	-0.123369492877659	-0.188958249021777	-0.106705461713544	-0.119881138405525	-0.0984569994571001	-0.0979824322248199	-0.122877861598935	-0.139639206711456	-0.107576933146831	-0.117293763178479	-0.112663728939212	-0.0927509781341948	-0.0736821105859673	-0.141562632240888	-0.139904886918295	-0.0891043701691225	-0.177781495881012	-0.113276936667164	-0.119238423667386	-0.13836117018985	-0.100404197301375	-0.124390963174941
700024192	-0.202304601175021	-0.200914375267587	-0.0671043119734982	-0.224989821461684	-0.192430748955885	-0.112723634836513	-0.184839772573039	-0.134864191743018	-0.1881142843465	-0.135100830919229	-0.115478128973598	0	-0.121772671659066	-0.173637667775807	-0.111291730583293	-0.136334794655186	-0.146656001085727	-0.132922782468226	-0.160080832943978	-0.179505367148363	-0.160800052594249	-0.097891366938501	-0.198345191242273	-0.207174214326196	-0.163293660093513	-0.224160265880421	-0.194227820140996	-0.210803955380849	-0.183502501089276	-0.155409110367479	-0.132834299135817	-0.116009120341626	-0.12218732203058	-0.117761105526832	-0.222576406487211	-0.144395996294666	-0.178457287851673	-0.129192022374361	-0.206597240120284	-0.165139986475667	-0.164224251406345	-0.0930632417439577	-0.175036156589612	-0.137528934009581	-0.128921300855032	-0.166165656368657	-0.165828180084116	-0.100041156765479	-0.14943003450478	-0.0744665651001253	-0.0956889782108034	-0.214411519765103	-0.205268977181415	-0.155536262830439	-0.254998095354662	-0.100748730708944	-0.137982487088869	-0.205746015417022	-0.0869151706515656	-0.183026954534276
700113058	-0.218591746200471	-0.148816065208727	-0.106801344355892	-0.240923210582098	-0.179191296575029	-0.10449491491395	-0.206834244796781	-0.0825675111596452	-0.201641942594927	-0.0694338608180729	-0.145954309821805	-0.121772671659066	0	-0.139534861713332	-0.0907590230138559	-0.174264298391655	-0.0938546268000799	-0.145902424125389	-0.19472651096052	-0.195031019365926	-0.19623037778708	-0.156755182953424	-0.21117002890021	-0.220761821998196	-0.218249143430682	-0.224188238148816	-0.139666699873432	-0.171998216934054	-0.13718896962046	-0.107894338629858	-0.11657485299024	-0.165666526985684	-0.13954627992079	-0.0984830237285787	-0.225773668710692	-0.15038594461303	-0.187294073472012	-0.10989251673683	-0.206089925534745	-0.112406085004963	-0.158302870981889	-0.0685931503023324	-0.184079400454375	-0.165021905725072	-0.104366497556152	-0.150974518023723	-0.154261506372878	-0.087776094207595	-0.133755392809728	-0.119229194631573	-0.150188424941185	-0.222392019979184	-0.216795181288154	-0.170681916531028	-0.26476372911263	-0.0765658572552212	-0.159011867681023	-0.225359386220795	-0.12480354278991	-0.194160895927456
700099448	-0.160359463332336	-0.12553488195681	-0.140897237329928	-0.218273760022412	-0.115030180366257	-0.104713142583746	-0.183049077703388	-0.139931323756296	-0.148408120640429	-0.117992153106414	-0.130152829281041	-0.173637667775807	-0.139534861713332	0	-0.144935100900281	-0.15680055002925	-0.114087712293624	-0.116094258764139	-0.141651554100136	-0.168026544266284	-0.163728018995862	-0.152606453829873	-0.14680605714051	-0.152692423732345	-0.192099737753512	-0.145035570296415	-0.100776011666255	-0.160035707874159	-0.138625766922094	-0.111770865380621	-0.0959514248915601	-0.168473000588092	-0.128327902370444	-0.0939401662356124	-0.15121461308837	-0.137999763603933	-0.12320697766473	-0.113001959250355	-0.151932209491281	-0.181793761478608	-0.14317026645528	-0.12834787285121	-0.10930822595956	-0.160888536470921	-0.120733904931361	-0.115834524116144	-0.105972014988009	-0.131880531036956	-0.0768243496369226	-0.145206517421035	-0.137771577510107	-0.175224081531412	-0.189833986742948	-0.126426847279885	-0.184370765751405	-0.137471728687219	-0.142529117906678	-0.178552208246069	-0.134186229592108	-0.167989278931771
700109870	-0.208173986933836	-0.161469594630505	-0.0901423374721966	-0.22602301448756	-0.173358086041131	-0.0945290738046884	-0.203617618471209	-0.0909007757988939	-0.197800249833727	-0.10622535176373	-0.149021054353354	-0.111291730583293	-0.0907590230138559	-0.144935100900281	0	-0.174569781021744	-0.107331856426293	-0.146668976654542	-0.18878361915381	-0.188476190246502	-0.182875358461762	-0.15664306559764	-0.191562984593209	-0.220597575479445	-0.210268622070308	-0.210024907344014	-0.164179077099348	-0.190056748278432	-0.138984045816395	-0.0991817352470098	-0.130237193026783	-0.156909480259241	-0.14712914159453	-0.115482817095034	-0.217325194065501	-0.151439213836333	-0.190898231136526	-0.0876433822341072	-0.203118450662582	-0.120192865768591	-0.166346441004411	-0.0754985406198879	-0.18570162930927	-0.159920564125512	-0.116728191646923	-0.13776805843766	-0.15331168040131	-0.0868038264049654	-0.134769440319668	-0.114639215356847	-0.144051606612209	-0.217104213560095	-0.204166430165245	-0.159396385051738	-0.250269413442923	-0.0905207958409624	-0.139635137951212	-0.223355201384629	-0.108776276972913	-0.184375114425696
700033928	-0.113269931984748	-0.17319929585976	-0.133272750493678	-0.15730347526328	-0.141273912305418	-0.1609908616083	-0.111008105528278	-0.181933307089807	-0.0928945339894814	-0.161806170564944	-0.0802882016344141	-0.136334794655186	-0.174264298391655	-0.15680055002925	-0.174569781021744	0	-0.181908661093183	-0.149414039900586	-0.0954365759752011	-0.116535474956426	-0.104293141921583	-0.0825650528528109	-0.142162646524978	-0.105290460898921	-0.109150102078742	-0.171904081442911	-0.171384889867285	-0.162214347401234	-0.186400037046529	-0.177247271633134	-0.147501898572022	-0.112956294219525	-0.0810776889640405	-0.147959552105005	-0.154807720420361	-0.123452835339465	-0.145460924720045	-0.182128670013154	-0.119695510407509	-0.223270392593554	-0.0949168310290776	-0.147839788294032	-0.126124786292716	-0.11558269435456	-0.143645810998744	-0.152194183507208	-0.12262636850789	-0.153316444221772	-0.147886275438612	-0.116760732313474	-0.0846359450442583	-0.121781277469413	-0.122896703222223	-0.12111638364396	-0.161927451971446	-0.137809460063846	-0.135854669348959	-0.109726737983619	-0.119570264619751	-0.102428399859093
700023693	-0.212836845157275	-0.121905525222129	-0.116045316808457	-0.248819508776893	-0.160994925097112	-0.0876871371752085	-0.212992747519029	-0.0650056662541889	-0.194784107676068	-0.0644627187251237	-0.141950049033425	-0.146656001085727	-0.0938546268000799	-0.114087712293624	-0.107331856426293	-0.181908661093183	0	-0.126919431762732	-0.182548205072627	-0.202965124660089	-0.185592972773833	-0.1676352067719	-0.192119011103336	-0.208743802743418	-0.226192140551781	-0.20896530051709	-0.130878957317422	-0.17311691237541	-0.125945461466446	-0.0940145155531581	-0.0953489026913504	-0.177154849390743	-0.145650976904279	-0.0937341683903639	-0.201654913877642	-0.146761941542159	-0.162112178005078	-0.100050830959666	-0.195001073190235	-0.104511138539203	-0.149189954618517	-0.0865825624224876	-0.157097080877086	-0.173132427879133	-0.100768786154945	-0.125039222851697	-0.126856216447451	-0.096394453912647	-0.11001701035594	-0.136855438638086	-0.156724552524438	-0.222401438197097	-0.218724555137666	-0.146897969705528	-0.251341292199324	-0.102765821775716	-0.160354756733917	-0.222831755450084	-0.142845383082514	-0.204460723997635
700109627	-0.189453495120384	-0.167824228094244	-0.104428753776973	-0.240154754656825	-0.150207629367011	-0.0759867812066025	-0.214710327613673	-0.151493834607539	-0.181991390676317	-0.115674042585846	-0.119829445758134	-0.132922782468226	-0.145902424125389	-0.116094258764139	-0.146668976654542	-0.149414039900586	-0.126919431762732	0	-0.170928612203844	-0.18743967673728	-0.195332300452374	-0.137675978830438	-0.191006331392647	-0.174116256214682	-0.192452421701745	-0.209900647946089	-0.148340249703845	-0.185789811030307	-0.190125777109739	-0.13237806572451	-0.0757632064472552	-0.169793716898067	-0.133617944098992	-0.102449304685036	-0.198528878115616	-0.152794618559948	-0.122172408513065	-0.100493330689928	-0.191391801688861	-0.194433382381599	-0.170031643738281	-0.128982346487096	-0.130343706319312	-0.158823363763334	-0.158717088259848	-0.156998653169427	-0.150901115156413	-0.141440399228045	-0.0896283839420927	-0.13758245212894	-0.114630327803675	-0.217251121235393	-0.218232253033431	-0.157252830819601	-0.216747564469959	-0.129062678556788	-0.17969580814841	-0.209882685656166	-0.137248751454694	-0.202734383719086
700095416	-0.103966161528662	-0.164066254331893	-0.164886533386428	-0.177393693577656	-0.126066050996892	-0.170531822516591	-0.126090405853318	-0.19414100172905	-0.0843351506546532	-0.174607419432101	-0.104204732804141	-0.160080832943978	-0.19472651096052	-0.141651554100136	-0.18878361915381	-0.0954365759752011	-0.182548205072627	-0.170928612203844	0	-0.130733411755838	-0.110355984238154	-0.112920990202657	-0.114744764927762	-0.0962411984063048	-0.124627525963153	-0.151063112565205	-0.163405790098246	-0.167214582900831	-0.187744424434587	-0.184772123378069	-0.144606203167791	-0.125386075211498	-0.11788789201376	-0.168384549329199	-0.129011100161065	-0.128346747283738	-0.138708061906603	-0.178939568646749	-0.109575451466359	-0.232587745491085	-0.0969667573790126	-0.17801459251737	-0.106818082185601	-0.126973569809578	-0.161491314576082	-0.133410181767768	-0.103544788853847	-0.171923085975956	-0.142872539581497	-0.154649343769586	-0.121636745024575	-0.132438265658693	-0.137060623559	-0.096142645696719	-0.133055990679915	-0.16862884935604	-0.137371101313731	-0.116718021063782	-0.149786977329214	-0.115160338933212
700110425	-0.0838566785214121	-0.171571339669566	-0.172614555130923	-0.105003522758421	-0.141674383893226	-0.196273531530815	-0.0844243779580271	-0.207009346129689	-0.117868929046304	-0.195721653159338	-0.121203532296357	-0.179505367148363	-0.195031019365926	-0.168026544266284	-0.188476190246502	-0.116535474956426	-0.202965124660089	-0.18743967673728	-0.130733411755838	0	-0.0941532940111768	-0.12844417751207	-0.123116873323788	-0.110924551506583	-0.0803335054116378	-0.175505234593286	-0.187118369237412	-0.176221350360621	-0.188750911920258	-0.187530247309303	-0.180821717968693	-0.149627282956706	-0.111609637379061	-0.172113397889885	-0.144773075271088	-0.111362604092027	-0.168249676298565	-0.205243002195116	-0.107797549223241	-0.234099721671915	-0.106841308568128	-0.175816618459983	-0.129808793730565	-0.100924857637367	-0.157189993793764	-0.162546642296612	-0.131023881266045	-0.17318354591482	-0.158792516327678	-0.156941983419839	-0.125906351317903	-0.0781448776560758	-0.0687049165152537	-0.107918242088036	-0.142917487335554	-0.178005945925011	-0.0761312325934795	-0.0899234913146413	-0.153207525106917	-0.0948056040217842
700111580	-0.108003975206025	-0.163883626281404	-0.171512993104235	-0.144848380401883	-0.157266011255463	-0.183951492103127	-0.0956415475303107	-0.197566149729392	-0.123281203764025	-0.186283953222149	-0.112991117882774	-0.160800052594249	-0.19623037778708	-0.163728018995862	-0.182875358461762	-0.104293141921583	-0.185592972773833	-0.195332300452374	-0.110355984238154	-0.0941532940111768	0	-0.107579572249635	-0.100617514627873	-0.11743507942559	-0.0727498902498868	-0.183665086523339	-0.195168356510919	-0.206341763370046	-0.171065234405284	-0.2002718354227	-0.164577642853695	-0.122890098611435	-0.109180917590997	-0.17316436257923	-0.166328164312147	-0.117074961102014	-0.179591193294865	-0.195121502090823	-0.126160831568277	-0.224994595424224	-0.102554346028432	-0.173805421998381	-0.129367059544051	-0.121433830650172	-0.140035790149811	-0.143505564010585	-0.127742777309138	-0.152678652920476	-0.148933158986746	-0.13890485049617	-0.117212762986742	-0.107048451582196	-0.115388144635141	-0.0859341150349869	-0.151550579065588	-0.170316213473305	-0.0873655984137863	-0.0878139090352423	-0.129836660608902	-0.0977734078675903
700111302	-0.140425440023266	-0.157264906073652	-0.100762180043798	-0.192710048144843	-0.152639208856009	-0.14571452101681	-0.129894128936772	-0.169200237977565	-0.114617804572683	-0.149466596877454	-0.0566502977221005	-0.097891366938501	-0.156755182953424	-0.152606453829873	-0.15664306559764	-0.0825650528528109	-0.1676352067719	-0.137675978830438	-0.112920990202657	-0.12844417751207	-0.107579572249635	0	-0.140547505091474	-0.139807789261987	-0.100447198349528	-0.19727324501776	-0.166326210383565	-0.177110048510856	-0.189293522125427	-0.16611258948152	-0.133584482726911	-0.0712350172999002	-0.0754939585118105	-0.120647397344511	-0.176370128614977	-0.101279800155531	-0.144140476456862	-0.171700559319682	-0.141134907117851	-0.203726730547241	-0.128516548896516	-0.126429070800176	-0.12668710857896	-0.0977308792044628	-0.13964523268182	-0.166281472894109	-0.128430159776479	-0.12064918402227	-0.138079400847558	-0.0752447887399246	-0.0770991905846001	-0.141476914735934	-0.151790931642252	-0.103612388218671	-0.189320996231745	-0.11555425230513	-0.132591183372086	-0.13653647201217	-0.0929889885880373	-0.118853476822481
700098605	-0.109178419384277	-0.139094044495769	-0.192367370820627	-0.149210670764474	-0.139930114366064	-0.181835465703992	-0.120900255140692	-0.206899141426791	-0.120368608065329	-0.188811620205067	-0.131978809656105	-0.198345191242273	-0.21117002890021	-0.14680605714051	-0.191562984593209	-0.142162646524978	-0.192119011103336	-0.191006331392647	-0.114744764927762	-0.123116873323788	-0.100617514627873	-0.140547505091474	0	-0.120610980324618	-0.129884535529377	-0.14809835939935	-0.159533624381842	-0.176999032499153	-0.180308305544373	-0.184402146452249	-0.172176661035298	-0.151334571270138	-0.14060733608445	-0.172941060155336	-0.129860603734509	-0.126986200589786	-0.164557087395547	-0.192391724475367	-0.11044043878118	-0.223416321826009	-0.125471439877903	-0.196791382988487	-0.139817002893367	-0.144170533287742	-0.18220849320627	-0.135427627190378	-0.131076736804979	-0.184516877588483	-0.155959547836035	-0.165523708622794	-0.151390328209252	-0.122584055153012	-0.113747402311676	-0.101678601460415	-0.118750293071433	-0.186889052230368	-0.122497405100758	-0.123526103794466	-0.161252489673005	-0.102476298802915
700111991	-0.0725668706441034	-0.179680835358834	-0.19016467544245	-0.145386451903777	-0.134764573187766	-0.198203974563735	-0.111080321538957	-0.222359688775809	-0.0899011771056488	-0.19872042145153	-0.129613952296878	-0.207174214326196	-0.220761821998196	-0.152692423732345	-0.220597575479445	-0.105290460898921	-0.208743802743418	-0.174116256214682	-0.0962411984063048	-0.110924551506583	-0.11743507942559	-0.139807789261987	-0.120610980324618	0	-0.118247431179884	-0.139777539235796	-0.16239357656402	-0.169523233858664	-0.198571901721161	-0.207764643628981	-0.176695229498923	-0.164176234244553	-0.129624217662771	-0.185762188268523	-0.118077488835575	-0.135488516959363	-0.150928058786941	-0.197655140830926	-0.0948507252288907	-0.25941595488024	-0.104762685526657	-0.209139709483906	-0.128113211452304	-0.142445656140031	-0.186473827527332	-0.14651783662546	-0.124586855851815	-0.199406529235627	-0.16264730839465	-0.180007935167983	-0.137487634929938	-0.104828179728214	-0.114087187315967	-0.111559334784712	-0.0908320779186639	-0.197528626031482	-0.139188382250218	-0.10389591477591	-0.173687985283684	-0.116544598589438
700108960	-0.100343517448463	-0.191874429564702	-0.174225323603198	-0.138119614119435	-0.171931909810186	-0.203860225252553	-0.0897754074900151	-0.230811131379626	-0.120618421156751	-0.21577737704649	-0.112632270342228	-0.163293660093513	-0.218249143430682	-0.192099737753512	-0.210268622070308	-0.109150102078742	-0.226192140551781	-0.192452421701745	-0.124627525963153	-0.0803335054116378	-0.0727498902498868	-0.100447198349528	-0.129884535529377	-0.118247431179884	0	-0.207697634694505	-0.21700101750027	-0.212662501378754	-0.211356035052327	-0.215983111889485	-0.194595922210985	-0.110435762240003	-0.119396831286782	-0.186957416158511	-0.170223492709412	-0.11402817151344	-0.18845169153146	-0.224858934852131	-0.120869485850835	-0.258585670393738	-0.136180007544365	-0.188820286614349	-0.141171132769588	-0.10026408884814	-0.177029120086024	-0.194361363592512	-0.166307438656434	-0.189436363718968	-0.171003653684585	-0.139996960959567	-0.110777084629401	-0.101001218095659	-0.100442529624276	-0.110168651610357	-0.136089696789103	-0.187403601723103	-0.105572278726922	-0.0831169981235296	-0.140545578203929	-0.0912958769241638
700024452	-0.133522027799764	-0.151673370007588	-0.212243188567376	-0.155185298661751	-0.111006027697142	-0.206076091017335	-0.159221231421773	-0.214836155643038	-0.140872804178838	-0.202929090932334	-0.173998175782123	-0.224160265880421	-0.224188238148816	-0.145035570296415	-0.210024907344014	-0.171904081442911	-0.20896530051709	-0.209900647946089	-0.151063112565205	-0.175505234593286	-0.183665086523339	-0.19727324501776	-0.14809835939935	-0.139777539235796	-0.207697634694505	0	-0.152980419458757	-0.153660073210132	-0.15448997959567	-0.189948789693275	-0.195143861930418	-0.208929871757265	-0.164209843140578	-0.188130302915912	-0.0712466862440753	-0.170686131243564	-0.178569157590565	-0.1971283848259	-0.123554218173152	-0.220810476748672	-0.141674011991813	-0.212992100191607	-0.158284391022999	-0.186001724929917	-0.183791948532905	-0.129865023913105	-0.129798627498255	-0.211063405737165	-0.174859440629088	-0.207460054424812	-0.188319749148694	-0.14731831744145	-0.155408355370544	-0.152143496283335	-0.126126711323487	-0.211902524523275	-0.172473035021161	-0.169995699611531	-0.191957610421122	-0.170858701612412
700032931	-0.17287342995604	-0.112814776161498	-0.157753710070346	-0.227803401566046	-0.128038747317587	-0.138283777666109	-0.20182521956812	-0.136220559640882	-0.15955355914154	-0.124373433396115	-0.142759103994072	-0.194227820140996	-0.139666699873432	-0.100776011666255	-0.164179077099348	-0.171384889867285	-0.130878957317422	-0.148340249703845	-0.163405790098246	-0.187118369237412	-0.195168356510919	-0.166326210383565	-0.159533624381842	-0.16239357656402	-0.21700101750027	-0.152980419458757	0	-0.132511842380567	-0.144639618944096	-0.127040539152202	-0.125844245579431	-0.18527667825883	-0.135954398377674	-0.117183803694425	-0.150085160971663	-0.151628177624831	-0.135092577909655	-0.136803504023968	-0.160609783649815	-0.161246854728207	-0.152459015337218	-0.138240183651351	-0.139003709090852	-0.170356940427687	-0.13574735165184	-0.127599687784986	-0.115246180535278	-0.145187969976141	-0.122054179053742	-0.159806293347798	-0.170016210382764	-0.195441983243294	-0.191574196379613	-0.150329361292796	-0.189611375409478	-0.141854347780441	-0.180077197180447	-0.204885810670653	-0.162583323777057	-0.19428111986087
700095837	-0.166596546556226	-0.124760533767263	-0.187730339639353	-0.207820340653414	-0.150365253425147	-0.194864781164636	-0.194355097422555	-0.16515398168498	-0.158600232514259	-0.163745054030764	-0.155691779231828	-0.210803955380849	-0.171998216934054	-0.160035707874159	-0.190056748278432	-0.162214347401234	-0.17311691237541	-0.185789811030307	-0.167214582900831	-0.176221350360621	-0.206341763370046	-0.177110048510856	-0.176999032499153	-0.169523233858664	-0.212662501378754	-0.153660073210132	-0.132511842380567	0	-0.111354049840973	-0.131093343904839	-0.173226713165847	-0.208491753366339	-0.152612024082717	-0.151659559351809	-0.151247076481832	-0.167290138372679	-0.168198514571127	-0.199255047193526	-0.14726078323102	-0.190807150369618	-0.143220226070971	-0.163931458288615	-0.172858264493917	-0.172392612164917	-0.145634076985838	-0.149371288333802	-0.135270417222193	-0.17975643426984	-0.17558044568587	-0.194985230185115	-0.168678797005829	-0.177890975584829	-0.175181819848877	-0.170254069082386	-0.193326496518552	-0.175500272662698	-0.191221778801817	-0.194927017458158	-0.187272883621094	-0.191190231221499
700024548	-0.196464171730592	-0.106523865045936	-0.158035645698612	-0.202748070324102	-0.153036112931674	-0.158316921862446	-0.19752381923376	-0.117335380822683	-0.206274364996675	-0.131954218257394	-0.159244238810828	-0.183502501089276	-0.13718896962046	-0.138625766922094	-0.138984045816395	-0.186400037046529	-0.125945461466446	-0.190125777109739	-0.187744424434587	-0.188750911920258	-0.171065234405284	-0.189293522125427	-0.180308305544373	-0.198571901721161	-0.211356035052327	-0.15448997959567	-0.144639618944096	-0.111354049840973	0	-0.118066885718262	-0.151873482689771	-0.203957941699114	-0.14626198563581	-0.13558064220358	-0.158962319529929	-0.148291890412895	-0.198508856124758	-0.157820677244856	-0.177908717168613	-0.132619887765795	-0.148832840975328	-0.129432287682564	-0.16746511953377	-0.192919411611965	-0.0885473491850541	-0.103426461608617	-0.142240444921013	-0.133746854449792	-0.142480726172932	-0.174695039196057	-0.160812515933413	-0.196785048560211	-0.182975968510044	-0.145474619235206	-0.214579029720061	-0.152425896423205	-0.147456472305212	-0.210944979606437	-0.155711787594725	-0.198437631712173
700110161	-0.199719218431615	-0.119650545789961	-0.11889150514565	-0.234029606137438	-0.149748634296658	-0.0987348787095549	-0.208044676632526	-0.0919500273338408	-0.186625300834505	-0.0907398189943306	-0.145159067601369	-0.155409110367479	-0.107894338629858	-0.111770865380621	-0.0991817352470098	-0.177247271633134	-0.0940145155531581	-0.13237806572451	-0.184772123378069	-0.187530247309303	-0.2002718354227	-0.16611258948152	-0.184402146452249	-0.207764643628981	-0.215983111889485	-0.189948789693275	-0.127040539152202	-0.131093343904839	-0.118066885718262	0	-0.119775777680132	-0.174482171774673	-0.149389302530456	-0.087106078843833	-0.189220847130274	-0.151836408822389	-0.160900335785958	-0.100503419946414	-0.187246037302726	-0.132305634223992	-0.166626052994122	-0.0921438401653235	-0.161270769984839	-0.166659306937453	-0.119431940308745	-0.143975019169037	-0.142632741531402	-0.117989259112518	-0.107842515809122	-0.134275784495557	-0.155960429410293	-0.205645721374345	-0.209005297430739	-0.153968003539485	-0.240123316901688	-0.114584883989676	-0.159796257295232	-0.212232741074103	-0.129389786060665	-0.193746379264977
700023496	-0.186006782857323	-0.13099881371709	-0.115397326276408	-0.240112435327185	-0.13702801191104	-0.0723687212314559	-0.195155816393204	-0.12242670440576	-0.167608424676131	-0.0987879962582968	-0.111430415452437	-0.132834299135817	-0.11657485299024	-0.0959514248915601	-0.130237193026783	-0.147501898572022	-0.0953489026913504	-0.0757632064472552	-0.144606203167791	-0.180821717968693	-0.164577642853695	-0.133584482726911	-0.172176661035298	-0.176695229498923	-0.194595922210985	-0.195143861930418	-0.125844245579431	-0.173226713165847	-0.151873482689771	-0.119775777680132	0	-0.157588981130186	-0.120326948488411	-0.0787695113697972	-0.191941311574959	-0.139078484768267	-0.11944013781013	-0.0896549113907874	-0.179549390595638	-0.161735191398134	-0.134137157436334	-0.110158613558248	-0.106133088781493	-0.156451273598254	-0.117790728907685	-0.125519821256524	-0.114163647252577	-0.101977359863161	-0.0698937382450874	-0.130325901850144	-0.125844488533538	-0.208048496735169	-0.208720290438419	-0.127715193259537	-0.226820123610794	-0.109377016345333	-0.151891791415133	-0.201380423737581	-0.132376162322207	-0.183246715898525
700034628	-0.157080546795944	-0.166729334880329	-0.13012695040081	-0.209892641283408	-0.171234137430829	-0.158130900313173	-0.130247914967447	-0.177885390882189	-0.123027401966851	-0.163931665155297	-0.0977359970274849	-0.116009120341626	-0.165666526985684	-0.168473000588092	-0.156909480259241	-0.112956294219525	-0.177154849390743	-0.169793716898067	-0.125386075211498	-0.149627282956706	-0.122890098611435	-0.0712350172999002	-0.151334571270138	-0.164176234244553	-0.110435762240003	-0.208929871757265	-0.18527667825883	-0.208491753366339	-0.203957941699114	-0.174482171774673	-0.157588981130186	0	-0.104489556561641	-0.139685530911084	-0.190810582669324	-0.0971578088524486	-0.174689151415607	-0.176289689446378	-0.165367152222182	-0.210614036254301	-0.156424468523771	-0.132741398035079	-0.150437604189792	-0.083511449164786	-0.151705840273102	-0.18188829652812	-0.145087973766225	-0.129435180258144	-0.154236747228538	-0.084218899299162	-0.122347872931887	-0.156052192691759	-0.167597898615742	-0.124844361857104	-0.209015374749799	-0.124248698329991	-0.139153264333069	-0.130682042690369	-0.107762078426929	-0.108125988464053
700023645	-0.132513040847025	-0.127036783077839	-0.107878385089673	-0.173081207127072	-0.126239223410717	-0.134822874086958	-0.129698614032054	-0.142803464919135	-0.125223167888114	-0.123696170826448	-0.058608235496841	-0.12218732203058	-0.13954627992079	-0.128327902370444	-0.14712914159453	-0.0810776889640405	-0.145650976904279	-0.133617944098992	-0.11788789201376	-0.111609637379061	-0.109180917590997	-0.0754939585118105	-0.14060733608445	-0.129624217662771	-0.119396831286782	-0.164209843140578	-0.135954398377674	-0.152612024082717	-0.14626198563581	-0.149389302530456	-0.120326948488411	-0.104489556561641	0	-0.104350415309901	-0.142347440522398	-0.0788264460437757	-0.131524584287014	-0.152577483679552	-0.12964693989441	-0.181960396194101	-0.0964639452485738	-0.115061639700814	-0.101187575909347	-0.0999388297239023	-0.10210661322764	-0.119680993475901	-0.0986773702736167	-0.10900880611077	-0.110444197265818	-0.0878638044259201	-0.0802992814598153	-0.137537221570946	-0.140730851065136	-0.094702355617338	-0.183892171544661	-0.0995403851766206	-0.105984090632376	-0.131515602943518	-0.0960696028632479	-0.130128489009103
700038744	-0.183833319369651	-0.126594462311124	-0.0873484077656298	-0.226368476025784	-0.141699023881075	-0.0746236445246688	-0.189586862498312	-0.105985164606473	-0.168332225878765	-0.0811257778163604	-0.104113183171766	-0.117761105526832	-0.0984830237285787	-0.0939401662356124	-0.115482817095034	-0.147959552105005	-0.0937341683903639	-0.102449304685036	-0.168384549329199	-0.172113397889885	-0.17316436257923	-0.120647397344511	-0.172941060155336	-0.185762188268523	-0.186957416158511	-0.188130302915912	-0.117183803694425	-0.151659559351809	-0.13558064220358	-0.087106078843833	-0.0787695113697972	-0.139685530911084	-0.104350415309901	0	-0.188179745415156	-0.118188542594082	-0.131566845360172	-0.0929779007901303	-0.172484358870913	-0.144112762674306	-0.143594825787244	-0.0811992440201958	-0.126646371195475	-0.141284934657802	-0.105979585058714	-0.128163427939729	-0.121257307783629	-0.0819413078882529	-0.0878000419761449	-0.0952811825892949	-0.120425829506428	-0.203593321054124	-0.202040963506702	-0.133138943117835	-0.226869793333764	-0.0861451352282523	-0.148856323991276	-0.194768793019608	-0.10414866450235	-0.180818867142958
