700108602	700014971	700033565	700109389	700023058	700023927	700106341	700114221	700023543	700023439	700016978	700024192	700113058	700099448	700109870	700033928	700023693	700109627	700095416	700110425	700111580	700111302	700098605	700111991	700108960	700024452	700032931	700095837	700024548	700110161	700023496	700034628	700023645	700038744	700038485	700024743	700099596	700110760	700101587	700106399	700032322	700095653	700021312	700101230	700023590	700038905	700033136	700023382	700096424	700105469	700016908	700096053	700108479	700109569	700033814	700016125	700109756	700102665	700101777	700109455
700108602	0	0.237600811155319	0.331794094433061	0.229733707143944	0.215472784459461	0.308448524622726	0.0961634595995194	0.325974045309157	0.139827781162378	0.286122687260746	0.232358766057631	0.34403132612764	0.320935624649006	0.235067695057318	0.331106124708465	0.211449079324633	0.289842407582418	0.283443565339425	0.138308615395631	0.109988571722786	0.165830498736645	0.223788908638258	0.123016801209409	0.0797584583356586	0.149923758988116	0.197234649057136	0.24671793825547	0.347252851565176	0.303485981304492	0.329566776908372	0.271992078056713	0.263884583371171	0.235909728365642	0.289559043602388	0.197429293774491	0.161861229059224	0.240929690741106	0.319543329516528	0.101221314544199	0.366394731522521	0.163181081706512	0.335288354356428	0.197068773118452	0.190819479757036	0.294209729170405	0.215965737216915	0.211903192378637	0.301228327884374	0.253663068595477	0.308212639698586	0.283799622348251	0.0971797792840918	0.123484698836848	0.136535063474468	0.125041324506765	0.294450814314872	0.154343541439903	0.124483614292494	0.299725777562086	0.151718944731625
700014971	0.237600811155319	0	0.277253849174472	0.344082988467463	0.149795978523316	0.207982402393368	0.248412841262148	0.170492366389591	0.199809667072161	0.165924775683389	0.169982945626155	0.304541208626583	0.179499074110245	0.130656999278299	0.243613951086495	0.227484150775573	0.158875200078113	0.236616723776695	0.219961026394208	0.202385454219291	0.235800105167904	0.207823762092798	0.2109378531778	0.224883917587458	0.293709174083978	0.176110773579149	0.118748459971121	0.227543589089433	0.165984657459217	0.194914733546873	0.149343948786601	0.260053821805513	0.137895722665349	0.173865644252144	0.206656791766841	0.154791241703977	0.210913611362279	0.255475398515966	0.174132366609705	0.228089761311391	0.156310711653467	0.212767914872104	0.170908661273741	0.21920218750314	0.16717658133626	0.154610382321494	0.128358730993332	0.176671442171952	0.167699365076384	0.24976961872959	0.271495226293936	0.211770833954174	0.2531214815147	0.170832427758371	0.299182103152025	0.160708722823406	0.205939502477342	0.244309661786291	0.244464902844462	0.22894863484952
700033565	0.331794094433061	0.277253849174472	0	0.452486079566347	0.314020899506912	0.115075940853067	0.320803420229038	0.203025296558255	0.291724186850633	0.166475807066145	0.150183810628354	0.080933202473926	0.184048426729311	0.21252859831259	0.186358414532161	0.156971972507513	0.212260510583968	0.126878546355323	0.245327624609706	0.324845212207497	0.246911883635323	0.135063161618603	0.324858528705692	0.30241163478076	0.270686611980279	0.339362279402212	0.242361150189052	0.386504188787879	0.305593117733704	0.211971814366103	0.176893448306958	0.158540815384241	0.179277058371626	0.143922869846877	0.368798869919233	0.245037315219009	0.237122763075133	0.134720555524131	0.281676223889096	0.257622353539808	0.261091177873592	0.147728389981032	0.238675287470831	0.231489012678372	0.229236073167658	0.227482454215358	0.256672425794632	0.190269724564787	0.186437577517253	0.0562705590425403	0.113130622808799	0.329551002525076	0.377056155328426	0.238309465875046	0.409251478723681	0.171274362781415	0.254123161550105	0.30312606994621	0.0739088788169298	0.271588414475629
700109389	0.229733707143944	0.344082988467463	0.452486079566347	0	0.321789875310096	0.431969567875909	0.207497479466739	0.415229033765396	0.299961028254722	0.412019872125398	0.370967261890184	0.460390559200073	0.412617025281249	0.366265372222833	0.442289192902942	0.360663436172597	0.405696257303687	0.432121950108169	0.333208857085283	0.210324389726401	0.309344658497666	0.37992950199345	0.23942560771962	0.266661874940832	0.280379466374073	0.254921331092013	0.370194658093003	0.401677676314316	0.351301217007053	0.408428375461999	0.395871827815706	0.411685742530226	0.352586714880761	0.399231175418028	0.239181900200824	0.302888862826323	0.397240172014545	0.4532038206722	0.270951625693282	0.428842725934307	0.27299113634337	0.421924735417664	0.336404191601293	0.346417787489394	0.384412168820272	0.338138383997301	0.346659971297449	0.402760373378227	0.399735477594274	0.436155482919455	0.410693126773715	0.203234811205354	0.140190614430087	0.303531037095955	0.19188374998221	0.397343713380151	0.264747167695059	0.248948078511732	0.419649120936149	0.304518525594347
700023058	0.215472784459461	0.149795978523316	0.314020899506912	0.321789875310096	0	0.23512760623453	0.222897787472004	0.223167617030618	0.176976829016399	0.22367710700066	0.202575666175103	0.320761212904603	0.237880448702489	0.17175975899521	0.274978263939543	0.221664829349231	0.199955488382355	0.251426325876942	0.192415778851902	0.209859864247504	0.223128655862369	0.229577453003731	0.196306223894814	0.186881705261987	0.286099817002012	0.150945180416469	0.175217497338194	0.282049217322958	0.207858117306883	0.229196493639988	0.19277229059261	0.283576680016666	0.191264423444967	0.218990014216437	0.17182748950503	0.192173452877282	0.194804717409872	0.239392531142065	0.164796886000006	0.293336159344728	0.146108666407762	0.248614651052845	0.143257546109188	0.233847649377836	0.19922635942435	0.176337316561982	0.130056853014773	0.222361713191697	0.176875939643435	0.292338385503577	0.297507077087358	0.174263297245102	0.24954098075065	0.165112340590604	0.270228564459366	0.217452662303947	0.215135003186916	0.20942033685366	0.28457901583836	0.212555930601285
700023927	0.308448524622726	0.207982402393368	0.115075940853067	0.431969567875909	0.23512760623453	0	0.314640108231151	0.141982317138268	0.260041114984387	0.0900035474286578	0.119391770909245	0.167207919219634	0.126962668140646	0.122479931468952	0.171019627617393	0.171384693045044	0.140715873476175	0.0930299891971541	0.239290397140962	0.283250456284584	0.249158001379111	0.160467793586701	0.291260132176597	0.267707821553032	0.28628192498977	0.285082546608847	0.158130553165026	0.337030286457321	0.246560194041221	0.146034625784715	0.0966709187325474	0.190891009805243	0.12432439731968	0.0733178867080782	0.317472973241674	0.195446730294062	0.180266207565993	0.0898650669072914	0.251412831463764	0.195509314247174	0.223744220122947	0.0938562638384999	0.176687525024312	0.216910568096037	0.16999876308764	0.181952223809811	0.205151630614065	0.130547719917709	0.107253676606232	0.126848851561043	0.189693504692399	0.293549003248753	0.354716191383942	0.216573825151667	0.377764580099658	0.108829387924895	0.237135437717621	0.271556558690376	0.127087834928963	0.261664517314431
700106341	0.0961634595995194	0.248412841262148	0.320803420229038	0.207497479466739	0.222897787472004	0.314640108231151	0	0.316433126093546	0.126496834935102	0.289240685726997	0.236816074196362	0.324915546760923	0.311096096651969	0.249232746357574	0.329636289752754	0.214061710976521	0.297725811424393	0.313120676270961	0.1542509841631	0.0906464621855557	0.147963289143745	0.223369528258809	0.124781496702712	0.124779758582404	0.11285568412242	0.24454816913371	0.289999356899872	0.369910711036464	0.307662376924973	0.329502526969707	0.274439296675483	0.229167775730501	0.235627879954852	0.289010147046426	0.24155770965505	0.152119636672319	0.271082511576491	0.323196431928995	0.125853027474198	0.363540963236009	0.15959817931453	0.324989142595581	0.202517236344554	0.180439527846527	0.284925671336069	0.237376997679977	0.222252996455857	0.288913787164734	0.269179228734677	0.291758140476172	0.281065427302445	0.109523069131635	0.103484391565258	0.14700234524796	0.146313605864554	0.286143791557052	0.143709689648223	0.12037513564132	0.28207161382085	0.117933411504767
700114221	0.325974045309157	0.170492366389591	0.203025296558255	0.415229033765396	0.223167617030618	0.141982317138268	0.316433126093546	0	0.274831304836764	0.105556558766906	0.199000042096789	0.243847612676041	0.0706193200804325	0.163258144856411	0.149721753977735	0.256600465672795	0.115045447226252	0.218296585284521	0.277203791467144	0.269254296041858	0.284974999601045	0.233003621794316	0.309115779776751	0.298592540884596	0.349063446337225	0.270346611018456	0.152962629219502	0.270433452267077	0.174753289634494	0.0899770264930629	0.148242148920598	0.264133892371766	0.171377473638126	0.131089023632533	0.306912733909022	0.209010627819004	0.242289405379303	0.157550125296201	0.261673108641962	0.166250734043001	0.213260594567851	0.0951030668043262	0.238961451539601	0.259024790062315	0.122428475915322	0.178571405339334	0.182644707302627	0.108440723726605	0.181744900289238	0.207017387272365	0.278069839838232	0.290343024180861	0.353355795063184	0.237980025324515	0.405518295447859	0.103038881953382	0.230709225854395	0.31066954330306	0.20294619687762	0.282518945393144
700023543	0.139827781162378	0.199809667072161	0.291724186850633	0.299961028254722	0.176976829016399	0.260041114984387	0.126496834935102	0.274831304836764	0	0.229507068845987	0.185463623250128	0.304236371784373	0.266023155403449	0.1904256374918	0.302154582279186	0.170251976829111	0.246046640749462	0.262784540155152	0.124068838496244	0.157994227175853	0.154465399633564	0.192817407685757	0.174659115898605	0.111854224369671	0.167360658521043	0.211692798686805	0.230988703335905	0.330108461117308	0.29703582137703	0.274660901619741	0.215294419933777	0.197590009102037	0.186357598427348	0.233566188341292	0.209196535350069	0.125183033497333	0.210612261921193	0.287092087579595	0.100588761433226	0.330653578057569	0.125339993589177	0.281506432595052	0.149487580286793	0.109360040100472	0.249470141681871	0.211454049175289	0.157624237540458	0.242517388751861	0.220535436412999	0.263660648806328	0.266795035879664	0.117615036427224	0.177559286083654	0.124578165923294	0.200078362953491	0.240365003319064	0.175895128451077	0.109428158254629	0.26135537371271	0.113090036623518
700023439	0.286122687260746	0.165924775683389	0.166475807066145	0.412019872125398	0.22367710700066	0.0900035474286578	0.289240685726997	0.105556558766906	0.229507068845987	0	0.143141871946048	0.20879795734242	0.0868869278723006	0.116285867000138	0.153918316970825	0.199258550949499	0.0779113250786218	0.145831918063848	0.224062697529993	0.25891665068562	0.23302807093149	0.189023252869739	0.268066601950315	0.2492917386296	0.300602051436227	0.271239599642032	0.148466583935841	0.310082927501904	0.214049893153096	0.13090752543381	0.0876639412230605	0.222698921146153	0.136232568343682	0.100864914413278	0.305097887545095	0.163634646267398	0.173375081169929	0.126138497939637	0.218494742305924	0.160373779209145	0.18301004456343	0.11541759939711	0.18498638209448	0.213718658160331	0.139988210001843	0.140959501554283	0.163818596463274	0.102240778532975	0.104342510118327	0.161655700788177	0.227788013180485	0.267214334390686	0.330685871366957	0.181660287759391	0.364270597205006	0.0827657638329263	0.200315072752754	0.262581236213228	0.163225264836672	0.234688106671174
700016978	0.232358766057631	0.169982945626155	0.150183810628354	0.370967261890184	0.202575666175103	0.119391770909245	0.236816074196362	0.199000042096789	0.185463623250128	0.143141871946048	0	0.170485244817023	0.187655850274628	0.134609094673419	0.23725827737891	0.0876122956952376	0.172811652144994	0.111218990947087	0.17137294203302	0.207787179787897	0.173508144797074	0.0655570644758336	0.246111645432772	0.196513572781297	0.200810379750219	0.246583551585915	0.182228061336707	0.300168046726397	0.243219441048215	0.203075290952536	0.106943733083931	0.136796331036886	0.0594811342396637	0.0949189839988724	0.274327781993119	0.134183019753819	0.16570133957047	0.173479331331611	0.177913531826132	0.25966983709827	0.154858747273748	0.147898154480388	0.121528906350087	0.137165412715955	0.1596538781528	0.174982101666644	0.152329891503926	0.157359030051054	0.127566965045488	0.135068925638505	0.142026891037991	0.221679275196016	0.28040653966581	0.148266773408234	0.314711467204381	0.144530786504113	0.187988988224094	0.19836520445364	0.138387616445457	0.193947032112122
700024192	0.34403132612764	0.304541208626583	0.080933202473926	0.460390559200073	0.320761212904603	0.167207919219634	0.324915546760923	0.243847612676041	0.304236371784373	0.20879795734242	0.170485244817023	0	0.228860820785058	0.252349115973128	0.219843663092228	0.168886164557447	0.225920643643126	0.148815759763473	0.256895644836559	0.332403948347586	0.236966251489859	0.147743252156867	0.330904308539408	0.319110779419497	0.281295815527254	0.368257472764064	0.297042682283975	0.412409907511122	0.327594972149247	0.272033805538853	0.189624153914597	0.16677553315879	0.191060740804778	0.178937579975762	0.394107839260036	0.260802240513844	0.261372299714183	0.178294638023838	0.298885356897233	0.278242772323119	0.271623618268359	0.175068859069605	0.25968802688318	0.235148134435807	0.221748071694112	0.252218573129294	0.255156138269516	0.199885206140785	0.214399674479041	0.0841292939736196	0.0992283290617214	0.343005631842617	0.386057414118013	0.252583360149093	0.425580926784783	0.202997715649084	0.253791597238023	0.313890522769093	0.117965553647902	0.274579504977638
700113058	0.320935624649006	0.179499074110245	0.184048426729311	0.412617025281249	0.237880448702489	0.126962668140646	0.311096096651969	0.0706193200804325	0.266023155403449	0.0868869278723006	0.187655850274628	0.228860820785058	0	0.153898276629447	0.148024023037885	0.244148012189284	0.122607233580153	0.199646770688174	0.264471090536929	0.265967120901379	0.265974446473728	0.219299931663945	0.303695797411832	0.289882088539749	0.332744004622846	0.288917753809225	0.165461671312382	0.283219124659691	0.185714786714982	0.10947714693671	0.132254369889135	0.247848958624351	0.158683043931396	0.117819438387485	0.327853369758607	0.202696157551614	0.227932778559671	0.154708568112595	0.255034474538417	0.164890506944246	0.202407342289976	0.0739156535889843	0.231833426294646	0.247679872032569	0.118862596275671	0.178612350241751	0.19590500765807	0.096047505164062	0.160983422873374	0.188365405197282	0.257415893028113	0.285831101364715	0.351671525648661	0.233803579738964	0.403190231478209	0.0754016992711303	0.223935918298412	0.294623724331565	0.18195350653448	0.261786456228845
700099448	0.235067695057318	0.130656999278299	0.21252859831259	0.366265372222833	0.17175975899521	0.122479931468952	0.249232746357574	0.163258144856411	0.1904256374918	0.116285867000138	0.134609094673419	0.252349115973128	0.153898276629447	0	0.219795212401842	0.174460407046791	0.140055083283905	0.158593745834256	0.171741016178906	0.2036457815193	0.206633746633753	0.17653410320899	0.224417515135534	0.184213028137606	0.259339079733712	0.195722586918543	0.106230477209102	0.277659827820897	0.193907107757461	0.151002642686008	0.101686249187322	0.226136796470095	0.110920741762643	0.110040304685919	0.229955129508376	0.138411956627534	0.13669807367391	0.167493794759068	0.177445175346544	0.231284579254095	0.151805884956273	0.169122097328926	0.1208934277741	0.192789212022847	0.141696923470124	0.138508548084052	0.120345541875599	0.137781708387438	0.0882465750097569	0.196785708545804	0.216078314924555	0.203782513564463	0.283848381584381	0.15334290933656	0.298295025505656	0.134197373089373	0.17837090446366	0.208104264625107	0.184626719086901	0.209732763761029
700109870	0.331106124708465	0.243613951086495	0.186358414532161	0.442289192902942	0.274978263939543	0.171019627617393	0.329636289752754	0.149721753977735	0.302154582279186	0.153918316970825	0.23725827737891	0.219843663092228	0.148024023037885	0.219795212401842	0	0.275182507961081	0.14475709393895	0.241181166626057	0.293155800679561	0.313043345650393	0.273327085436199	0.254645548955748	0.298628489700735	0.319780688681473	0.358370702840957	0.325261977970716	0.218725240438835	0.360305935733031	0.234640489219909	0.181216810070942	0.198151435993295	0.27400396393524	0.228580138249403	0.1998042266663	0.363568849987895	0.251010488501277	0.272366573209547	0.147958066307135	0.28051103147298	0.168311515595408	0.268169173839382	0.159009628500655	0.286133887344907	0.282631866131287	0.193554610543759	0.172498492362873	0.227514859085422	0.144349338686858	0.204202645525045	0.196436424341762	0.277537583755465	0.328922954932928	0.36381760100804	0.258781969647764	0.404088219120394	0.151097883536342	0.237287449381835	0.342730193040682	0.197891819066305	0.295498914070896
700033928	0.211449079324633	0.227484150775573	0.156971972507513	0.360663436172597	0.221664829349231	0.171384693045044	0.214061710976521	0.256600465672795	0.170251976829111	0.199258550949499	0.0876122956952376	0.168886164557447	0.244148012189284	0.174460407046791	0.275182507961081	0	0.229514836618627	0.133928571199046	0.141915954988411	0.229018268327583	0.148254696240442	0.0707774962359257	0.224661402899953	0.173373091660462	0.181476387090378	0.258721603164821	0.23575654839359	0.350638115602243	0.293403949907345	0.252755295994056	0.162415859220659	0.124105001787516	0.112077254320155	0.15281919095311	0.281401483970561	0.17907600623364	0.196083307809254	0.204064637693395	0.168203286827866	0.312443683317478	0.15670313381244	0.202782090136293	0.137827244002337	0.148343125250836	0.208520096337212	0.196361365421821	0.172940119868382	0.217242086273761	0.173102743299803	0.134120493822222	0.12914136573638	0.20535579249852	0.269471291683641	0.15034209797426	0.29002695281606	0.200181583355788	0.199889321833633	0.171979030752026	0.136755080035175	0.171865971230885
700023693	0.289842407582418	0.158875200078113	0.212260510583968	0.405696257303687	0.199955488382355	0.140715873476175	0.297725811424393	0.115045447226252	0.246046640749462	0.0779113250786218	0.172811652144994	0.225920643643126	0.122607233580153	0.140055083283905	0.14475709393895	0.229514836618627	0	0.183054563432095	0.247164188418565	0.259728562862334	0.23236695728018	0.217214372332611	0.255778313614331	0.266905272282237	0.329607549174043	0.262795376228779	0.151951211869334	0.303929102011703	0.172885740573102	0.150538888466866	0.10371937176518	0.250044208501413	0.162065155950386	0.131618067055301	0.295760947610319	0.192615976647837	0.199394970103211	0.160998138796738	0.224107415078445	0.136841339054196	0.195852955439876	0.141854806179466	0.202846002359289	0.241373667982753	0.118090032536171	0.10726126738524	0.143372271007726	0.0875733839164433	0.134037631536577	0.203172530834003	0.261114709105463	0.273206913892822	0.332477075595644	0.198533887910119	0.368963991159811	0.104547978514074	0.195060387635498	0.294821330562795	0.210322082131851	0.256397000752395
700109627	0.283443565339425	0.236616723776695	0.126878546355323	0.432121950108169	0.251426325876942	0.0930299891971541	0.313120676270961	0.218296585284521	0.262784540155152	0.145831918063848	0.111218990947087	0.148815759763473	0.199646770688174	0.158593745834256	0.241181166626057	0.133928571199046	0.183054563432095	0	0.225085795426852	0.288302389138632	0.244792086568286	0.11585373405657	0.293720061230138	0.244230682864582	0.265410710673326	0.300786299946718	0.206940873798885	0.3570135839904	0.308980501669399	0.211179631655446	0.116652688694781	0.17457370225619	0.147321121201575	0.123041004811304	0.317564270545621	0.218374538235341	0.158286689696682	0.14236988659622	0.245573269205217	0.27407300234696	0.234830978948242	0.172270534621096	0.172013043628874	0.199512973025545	0.214599790472622	0.217261422288553	0.216156496370126	0.196207023351777	0.11388533987179	0.130876057572884	0.145516020624655	0.292819550597621	0.352385237965229	0.209378979057323	0.355622457779731	0.174998064644218	0.238147920318175	0.267282466018804	0.132463688811073	0.262858326832553
700095416	0.138308615395631	0.219961026394208	0.245327624609706	0.333208857085283	0.192415778851902	0.239290397140962	0.1542509841631	0.277203791467144	0.124068838496244	0.224062697529993	0.17137294203302	0.256895644836559	0.264471090536929	0.171741016178906	0.293155800679561	0.141915954988411	0.247164188418565	0.225085795426852	0	0.187226653773507	0.124612807298236	0.161024226877016	0.177138848804254	0.109502540026146	0.154257597164532	0.20581531353707	0.217715967526849	0.352752801886783	0.281557503869446	0.280240111565861	0.200746169332562	0.172628450523089	0.171262761329675	0.225402902013241	0.214364510669461	0.137846931777153	0.180852485725662	0.241097418702632	0.116146064251641	0.332730691534295	0.137696133938666	0.27209525214998	0.129110030463195	0.14682686959231	0.232677184980877	0.19303109765108	0.155159184818385	0.241567479556109	0.184188779462483	0.222648913210309	0.209915369620313	0.163336473494816	0.221975865526234	0.0913909568075804	0.214882985082364	0.231496901459627	0.162713281811961	0.142095078289355	0.217104487151127	0.128291795247092
700110425	0.109988571722786	0.202385454219291	0.324845212207497	0.210324389726401	0.209859864247504	0.283250456284584	0.0906464621855557	0.269254296041858	0.157994227175853	0.25891665068562	0.207787179787897	0.332403948347586	0.265967120901379	0.2036457815193	0.313043345650393	0.229018268327583	0.259728562862334	0.288302389138632	0.187226653773507	0	0.173078995320387	0.212875773592014	0.144186116950956	0.136042569410408	0.140217753628617	0.220134300132993	0.233891895745678	0.308399961704989	0.262716264845681	0.275244903176713	0.233970999955522	0.262802340040505	0.190478094911945	0.245353092870071	0.218153426827082	0.12538234528185	0.246699305348707	0.317130071560478	0.132356445162959	0.334037111018953	0.148787460069023	0.277620766481763	0.178427597828827	0.177061633202721	0.235930592132442	0.221820434860479	0.192774248586108	0.246884337372557	0.246389613293002	0.296949663324379	0.282184225788807	0.107612606530644	0.116296950173776	0.15056798309148	0.168839371163546	0.246132849053274	0.133094279526877	0.138281558963009	0.290623951887416	0.166551867217465
700111580	0.165830498736645	0.235800105167904	0.246911883635323	0.309344658497666	0.223128655862369	0.249158001379111	0.147963289143745	0.284974999601045	0.154465399633564	0.23302807093149	0.173508144797074	0.236966251489859	0.265974446473728	0.206633746633753	0.273327085436199	0.148254696240442	0.23236695728018	0.244792086568286	0.124612807298236	0.173078995320387	0	0.160660190084655	0.163491797544686	0.144141968502471	0.119306036544255	0.263830492149026	0.279346594025739	0.381723593569098	0.250018811761269	0.29847514224003	0.195053946832085	0.168376259110308	0.167861447274179	0.225937880600016	0.27591367389777	0.139824749044333	0.240856231822047	0.238298639077928	0.142206646828732	0.309968242151397	0.140968804348269	0.245206373501475	0.16410194527872	0.136617027271671	0.20345229435618	0.174131308320163	0.16878729460885	0.214588935972963	0.195227730003716	0.207791093116971	0.211797773945174	0.161068808525694	0.215125885188288	0.111214021418669	0.249035332563965	0.219964791899022	0.109668357478202	0.124776284454882	0.199937751772683	0.107765314362867
700111302	0.223788908638258	0.207823762092798	0.135063161618603	0.37992950199345	0.229577453003731	0.160467793586701	0.223369528258809	0.233003621794316	0.192817407685757	0.189023252869739	0.0655570644758336	0.147743252156867	0.219299931663945	0.17653410320899	0.254645548955748	0.0707774962359257	0.217214372332611	0.11585373405657	0.161024226877016	0.212875773592014	0.160660190084655	0	0.247664558861372	0.200569721576062	0.178525663770079	0.270782178732102	0.225185692164267	0.336646482317256	0.280855093894881	0.243104243706518	0.15193314732235	0.101055269448762	0.0970160594593235	0.134760734836697	0.286549659210711	0.151498680110835	0.190157961461024	0.194742347864374	0.184576038526439	0.288827404733303	0.178776103350376	0.1789782252127	0.150193759653252	0.132482654915762	0.189098751791217	0.202323613303864	0.189054905435809	0.189544971258869	0.162856562124624	0.107296001657621	0.120516772666239	0.231667109295929	0.279510506036041	0.151413079039719	0.312665136178798	0.174901861570962	0.190307380646081	0.199307751453573	0.116441765043391	0.180967591989179
700098605	0.123016801209409	0.2109378531778	0.324858528705692	0.23942560771962	0.196306223894814	0.291260132176597	0.124781496702712	0.309115779776751	0.174659115898605	0.268066601950315	0.246111645432772	0.330904308539408	0.303695797411832	0.224417515135534	0.298628489700735	0.224661402899953	0.255778313614331	0.293720061230138	0.177138848804254	0.144186116950956	0.163491797544686	0.247664558861372	0	0.145624372521628	0.190597786870536	0.213115025361962	0.235240052500968	0.35221661812465	0.269663221205623	0.318110259253969	0.251011348485985	0.273668838802475	0.244208149692092	0.281486633405187	0.226949390169254	0.177475601573925	0.250940940022949	0.283782458842587	0.138867980527523	0.322978013057627	0.172127240926171	0.313903070474929	0.206863408512793	0.213593978292827	0.275410912614976	0.183862054734553	0.193918523069455	0.274849213928678	0.235153162190803	0.295784990612943	0.299415374457185	0.14921054650018	0.14239467810734	0.151207930009117	0.15554764768895	0.271157914262073	0.154660929066506	0.184461975760878	0.293430559415562	0.161498048233601
700111991	0.0797584583356586	0.224883917587458	0.30241163478076	0.266661874940832	0.186881705261987	0.267707821553032	0.124779758582404	0.298592540884596	0.111854224369671	0.2492917386296	0.196513572781297	0.319110779419497	0.289882088539749	0.184213028137606	0.319780688681473	0.173373091660462	0.266905272282237	0.244230682864582	0.109502540026146	0.136042569410408	0.144141968502471	0.200569721576062	0.145624372521628	0	0.164711984482642	0.173291475880452	0.219390380346347	0.338515731870614	0.289803423566047	0.295309522499897	0.232007155823627	0.240910802186771	0.202140692142825	0.254699113602854	0.192142562873698	0.13942344107383	0.192122907167895	0.282094769649808	0.0916156730947483	0.351766443682144	0.127615424216337	0.304167992944976	0.146995293270639	0.169410196490969	0.26127612315955	0.203249017288658	0.173407104311008	0.269540676275294	0.210959883469828	0.281645883082515	0.256089602979405	0.100034917834637	0.171052599488795	0.115958242101398	0.153222614502615	0.265552076674058	0.149186234656003	0.113958877478479	0.272109128795555	0.142830008103481
700108960	0.149923758988116	0.293709174083978	0.270686611980279	0.280379466374073	0.286099817002012	0.28628192498977	0.11285568412242	0.349063446337225	0.167360658521043	0.300602051436227	0.200810379750219	0.281295815527254	0.332744004622846	0.259339079733712	0.358370702840957	0.181476387090378	0.329607549174043	0.265410710673326	0.154257597164532	0.140217753628617	0.119306036544255	0.178525663770079	0.190597786870536	0.164711984482642	0	0.304354346803323	0.319427379870516	0.408541142138345	0.341192723880322	0.347650938573952	0.263109414941409	0.159297548322799	0.209987434475095	0.265167656887941	0.300189053613167	0.168144171504105	0.272146070855945	0.298294583518748	0.176449098965951	0.395790706156514	0.202571581665357	0.297107617357825	0.199009263551489	0.142512609368964	0.292771771244057	0.274358609638878	0.256003306468407	0.305974641680168	0.261246354603248	0.244470148727615	0.230359611227851	0.16305251024057	0.170348445117738	0.160037880322608	0.199840527891346	0.292893786240703	0.167767005174267	0.128035683439323	0.234544165188809	0.125567651093273
700024452	0.197234649057136	0.176110773579149	0.339362279402212	0.254921331092013	0.150945180416469	0.285082546608847	0.24454816913371	0.270346611018456	0.211692798686805	0.271239599642032	0.246583551585915	0.368257472764064	0.288917753809225	0.195722586918543	0.325261977970716	0.258721603164821	0.262795376228779	0.300786299946718	0.20581531353707	0.220134300132993	0.263830492149026	0.270782178732102	0.213115025361962	0.173291475880452	0.304354346803323	0	0.183812782694491	0.250622182093793	0.192657909806977	0.254827779635166	0.260693478000324	0.312945120132704	0.230448493220577	0.259169567070879	0.072149992434876	0.201778505494345	0.250502098280987	0.304759383889721	0.1681546858217	0.314736829170548	0.171573044460966	0.298264229819291	0.207971769343164	0.25962302614722	0.257632250951534	0.190912953887085	0.190712017496345	0.277256428153812	0.239285115644612	0.32227152996287	0.321677173040688	0.169081121096	0.226018165277055	0.192373211076179	0.224407956079251	0.27066697346689	0.231414873862917	0.210163882147755	0.311690924606406	0.255597250832348
700032931	0.24671793825547	0.118748459971121	0.242361150189052	0.370194658093003	0.175217497338194	0.158130553165026	0.289999356899872	0.152962629219502	0.230988703335905	0.148466583935841	0.182228061336707	0.297042682283975	0.165461671312382	0.106230477209102	0.218725240438835	0.23575654839359	0.151951211869334	0.206940873798885	0.217715967526849	0.233891895745678	0.279346594025739	0.225185692164267	0.235240052500968	0.219390380346347	0.319427379870516	0.183812782694491	0	0.238954802768904	0.188330173817057	0.160758699758474	0.15342922483789	0.28026296921614	0.162881850738416	0.154135737601972	0.221396299513769	0.187739938355986	0.167221509238061	0.199248705761641	0.1996653660814	0.211630625566342	0.197201403360159	0.186341600324876	0.179479298646484	0.236685851293439	0.18546603651934	0.15437787696197	0.161467198417015	0.159393415765	0.150594324417635	0.235971993828522	0.282096966893139	0.238630114113318	0.28955082073597	0.206969908146951	0.294050365842492	0.147490258346693	0.240023546551412	0.266233630171645	0.231295078438034	0.272186717409302
700095837	0.347252851565176	0.227543589089433	0.386504188787879	0.401677676314316	0.282049217322958	0.337030286457321	0.369910711036464	0.270433452267077	0.330108461117308	0.310082927501904	0.300168046726397	0.412409907511122	0.283219124659691	0.277659827820897	0.360305935733031	0.350638115602243	0.303929102011703	0.3570135839904	0.352752801886783	0.308399961704989	0.381723593569098	0.336646482317256	0.35221661812465	0.338515731870614	0.408541142138345	0.250622182093793	0.238954802768904	0	0.195265134331678	0.236275290947798	0.305046516823171	0.39041140528448	0.276708260515093	0.286682098033928	0.266960161118858	0.293586694084468	0.329442509776599	0.376969420519868	0.307938482199858	0.344476845247157	0.296840517826091	0.297288086597329	0.307893755331615	0.336149904404089	0.273295443890978	0.299485250215901	0.282955553392183	0.293727052023232	0.316181646281928	0.370704227387671	0.385939059663534	0.32415122783557	0.353879323507863	0.326645002723002	0.392402429954999	0.291352827753702	0.347192270001248	0.359753850375485	0.36578419234718	0.368183378414782
700024548	0.303485981304492	0.165984657459217	0.305593117733704	0.351301217007053	0.207858117306883	0.246560194041221	0.307662376924973	0.174753289634494	0.29703582137703	0.214049893153096	0.243219441048215	0.327594972149247	0.185714786714982	0.193907107757461	0.234640489219909	0.293403949907345	0.172885740573102	0.308980501669399	0.281557503869446	0.262716264845681	0.250018811761269	0.280855093894881	0.269663221205623	0.289803423566047	0.341192723880322	0.192657909806977	0.188330173817057	0.195265134331678	0	0.156998956498294	0.225040356016868	0.327488728826436	0.207692320338474	0.204343431227563	0.231047825208019	0.21389937199899	0.29618405659744	0.271143085209673	0.246207666904919	0.215483328812689	0.215858169741824	0.192141052988618	0.254781848847009	0.294295951602562	0.145984371329582	0.129718808026939	0.190199850296348	0.16883329494604	0.234228896949295	0.291510248688482	0.318332899152131	0.271304745115902	0.304455093304526	0.230566181184718	0.350636917804436	0.19827348098407	0.212521742385958	0.299152081063225	0.280346198547156	0.286301333189224
700110161	0.329566776908372	0.194914733546873	0.211971814366103	0.408428375461999	0.229196493639988	0.146034625784715	0.329502526969707	0.0899770264930629	0.274660901619741	0.13090752543381	0.203075290952536	0.272033805538853	0.10947714693671	0.151002642686008	0.181216810070942	0.252755295994056	0.150538888466866	0.211179631655446	0.280240111565861	0.275244903176713	0.29847514224003	0.243104243706518	0.318110259253969	0.295309522499897	0.347650938573952	0.254827779635166	0.160758699758474	0.236275290947798	0.156998956498294	0	0.156279977146722	0.282999741803243	0.183285313826051	0.132731166982715	0.289284825594553	0.221641503129945	0.231562443084476	0.170592470175649	0.266374314580632	0.21915278215359	0.233768382821106	0.129358094617464	0.226851777386896	0.266260939988926	0.156589545214948	0.199397441681542	0.201939579763468	0.148250796468034	0.178244147189651	0.228977494243374	0.284580897043984	0.285963009724809	0.362512714754678	0.238941762441383	0.403666520437534	0.140798768086592	0.24935280326384	0.300007444659046	0.220474319136058	0.29619162373888
700023496	0.271992078056713	0.149343948786601	0.176893448306958	0.395871827815706	0.19277229059261	0.0966709187325474	0.274439296675483	0.148242148920598	0.215294419933777	0.0876639412230605	0.106943733083931	0.189624153914597	0.132254369889135	0.101686249187322	0.198151435993295	0.162415859220659	0.10371937176518	0.116652688694781	0.200746169332562	0.233970999955522	0.195053946832085	0.15193314732235	0.251011348485985	0.232007155823627	0.263109414941409	0.260693478000324	0.15342922483789	0.305046516823171	0.225040356016868	0.156279977146722	0	0.193408560027531	0.0947554201474301	0.0845690907519246	0.287663472785572	0.157078760809573	0.151683759538549	0.137279798022183	0.210293833838517	0.207901377769249	0.163168782392021	0.124888799089285	0.130687201889395	0.178565174466363	0.125890671824543	0.158772149309377	0.13488680549182	0.112665540665919	0.0837442757449074	0.163479038985416	0.201337221657621	0.247929802887767	0.321463320038986	0.168037753671018	0.355103631170866	0.0923235637020931	0.190244329679008	0.232590420577833	0.175651605847664	0.213776017716096
700034628	0.263884583371171	0.260053821805513	0.158540815384241	0.411685742530226	0.283576680016666	0.190891009805243	0.229167775730501	0.264133892371766	0.197590009102037	0.222698921146153	0.136796331036886	0.16677553315879	0.247848958624351	0.226136796470095	0.27400396393524	0.124105001787516	0.250044208501413	0.17457370225619	0.172628450523089	0.262802340040505	0.168376259110308	0.101055269448762	0.273668838802475	0.240910802186771	0.159297548322799	0.312945120132704	0.28026296921614	0.39041140528448	0.327488728826436	0.282999741803243	0.193408560027531	0	0.16171632240379	0.179260524080853	0.325572411467117	0.178330715569869	0.250944427774096	0.21322486739146	0.22586409675845	0.308524801887401	0.220966036741359	0.203726773129781	0.199868356960764	0.128042057246176	0.232774344561884	0.245778490133755	0.23280679133038	0.214692806671685	0.207299583294359	0.126246619268775	0.160552847161595	0.266466099803157	0.301810387882805	0.191650052426202	0.339800091767639	0.199948611924811	0.215952313941014	0.20620602586608	0.129891571168461	0.154908959440556
700023645	0.235909728365642	0.137895722665349	0.179277058371626	0.352586714880761	0.191264423444967	0.12432439731968	0.235627879954852	0.171377473638126	0.186357598427348	0.136232568343682	0.0594811342396637	0.191060740804778	0.158683043931396	0.110920741762643	0.228580138249403	0.112077254320155	0.162065155950386	0.147321121201575	0.171262761329675	0.190478094911945	0.167861447274179	0.0970160594593235	0.244208149692092	0.202140692142825	0.209987434475095	0.230448493220577	0.162881850738416	0.276708260515093	0.207692320338474	0.183285313826051	0.0947554201474301	0.16171632240379	0	0.083024489149231	0.26022222157388	0.11557424131072	0.181415135649542	0.182669950253662	0.179226120456657	0.240225567848467	0.132834175977715	0.12403037599097	0.123447331943629	0.146045552610153	0.12195022440818	0.165095563629013	0.132024785337838	0.130653631407952	0.12939447985714	0.154754988523524	0.163246505934968	0.209761332334894	0.273295794142557	0.153757433015661	0.321196352374408	0.111958320691309	0.178199384041792	0.190169221223004	0.152663563228319	0.191730607375979
700038744	0.289559043602388	0.173865644252144	0.143922869846877	0.399231175418028	0.218990014216437	0.0733178867080782	0.289010147046426	0.131089023632533	0.233566188341292	0.100864914413278	0.0949189839988724	0.178937579975762	0.117819438387485	0.110040304685919	0.1998042266663	0.15281919095311	0.131618067055301	0.123041004811304	0.225402902013241	0.245353092870071	0.225937880600016	0.134760734836697	0.281486633405187	0.254699113602854	0.265167656887941	0.259169567070879	0.154135737601972	0.286682098033928	0.204343431227563	0.132731166982715	0.0845690907519246	0.179260524080853	0.083024489149231	0	0.293335481829218	0.167421965569801	0.185731597235478	0.140041091449872	0.228563752855035	0.209752026163831	0.184445243980771	0.083714156285529	0.167152201355771	0.200556223759359	0.120620380912908	0.168069912232068	0.173276106360672	0.100267260578543	0.112898746441517	0.134933773312964	0.184765057171936	0.258922036696639	0.328162382453334	0.190344665319175	0.36686615095256	0.0969547338535275	0.214227772120855	0.242212845463358	0.138781186978401	0.241831183980328
700038485	0.197429293774491	0.206656791766841	0.368798869919233	0.239181900200824	0.17182748950503	0.317472973241674	0.24155770965505	0.306912733909022	0.209196535350069	0.305097887545095	0.274327781993119	0.394107839260036	0.327853369758607	0.229955129508376	0.363568849987895	0.281401483970561	0.295760947610319	0.317564270545621	0.214364510669461	0.218153426827082	0.27591367389777	0.286549659210711	0.226949390169254	0.192142562873698	0.300189053613167	0.072149992434876	0.221396299513769	0.266960161118858	0.231047825208019	0.289284825594553	0.287663472785572	0.325572411467117	0.26022222157388	0.293335481829218	0	0.206422706821406	0.276616859637661	0.344886140651376	0.170614823235534	0.347111533003332	0.202559368117896	0.340151755698348	0.219572989896571	0.254495000807449	0.291362511147437	0.227630207627997	0.216919510770114	0.315540410935083	0.276673475153244	0.356646991286312	0.339831202692021	0.169030128968506	0.212298380319348	0.196793769538181	0.207386569331301	0.309494324502177	0.248575909566724	0.206965949221874	0.341418709447786	0.254647050593434
700024743	0.161861229059224	0.154791241703977	0.245037315219009	0.302888862826323	0.192173452877282	0.195446730294062	0.152119636672319	0.209010627819004	0.125183033497333	0.163634646267398	0.134183019753819	0.260802240513844	0.202696157551614	0.138411956627534	0.251010488501277	0.17907600623364	0.192615976647837	0.218374538235341	0.137846931777153	0.12538234528185	0.139824749044333	0.151498680110835	0.177475601573925	0.13942344107383	0.168144171504105	0.201778505494345	0.187739938355986	0.293586694084468	0.21389937199899	0.221641503129945	0.157078760809573	0.178330715569869	0.11557424131072	0.167421965569801	0.206422706821406	0	0.200218561609162	0.236914921864026	0.110848678788978	0.267260655765324	0.113168531143531	0.20885280912063	0.136193265193504	0.109616518994382	0.167005511084353	0.166812384121619	0.158356250728745	0.169807908243607	0.165802296489555	0.22232967628549	0.230991541549238	0.149528615501027	0.192999928637757	0.102574602847995	0.235790110928664	0.171276562929426	0.131292404781816	0.12194994933925	0.219014763447118	0.120200223037044
