700108602	700014971	700033565	700109389	700023058	700023927	700106341	700114221	700023543	700023439	700016978	700024192	700113058	700099448	700109870	700033928	700023693	700109627	700095416	700110425	700111580	700111302	700098605	700111991	700108960	700024452	700032931	700095837	700024548	700110161	700023496	700034628	700023645	700038744	700038485	700024743	700099596	700110760	700101587	700106399	700032322	700095653	700021312	700101230	700023590	700038905	700033136	700023382	700096424	700105469	700016908	700096053	700108479	700109569	700033814	700016125	700109756	700102665	700101777	700109455
700108602	0	0.155730194116172	0.162597604191042	0.11239951431394	0.135034294717394	0.164462659295734	0.0872895108982689	0.18235254399433	0.0873069061055077	0.166630902231408	0.121750691632823	0.161052204760161	0.163450801371003	0.155961480588134	0.165222873996728	0.110096392653013	0.179319188375116	0.171381884173499	0.0829797538526579	0.104213591257612	0.0961159969309014	0.114620141763532	0.111215666736929	0.0695148333546281	0.0967312709184163	0.109759040927471	0.150491900578616	0.12845537230486	0.15127884529936	0.172870208281639	0.161066788745254	0.123188751774132	0.116223950895363	0.168935487899755	0.11504118423673	0.122579786753688	0.138996802121638	0.178428803853209	0.0900528919792475	0.177668802416526	0.109753697420289	0.155968953506795	0.127223472604723	0.116574657308154	0.151685668704411	0.139502396192651	0.119065901037684	0.150296198757622	0.147673452467168	0.136091666770025	0.113060031766279	0.0923492707162391	0.102965820123536	0.0903645429344926	0.0937974675314579	0.159004526521157	0.112595802389269	0.0800057353833261	0.131496971785248	0.098580827148089
700014971	0.155730194116172	0	0.15282503309896	0.165843202133725	0.135742327976906	0.148447010054098	0.163729548312066	0.146879401247976	0.158913878598896	0.132093115337343	0.129371935135209	0.164446729166759	0.139989986190965	0.128409414486364	0.146323983557017	0.166557822130624	0.130096575967934	0.152195477719434	0.157950593816587	0.149328001823695	0.145566265180176	0.1383570760261	0.134321644958159	0.154982569338757	0.158257522916769	0.146981253286078	0.121499436818256	0.134886634419869	0.11512691303909	0.131709121487038	0.140366363120437	0.147143251600713	0.12687913095076	0.126532807608845	0.147120593426203	0.129826776525708	0.151029715710193	0.157687797703966	0.149223894907223	0.141734562944346	0.140295514609529	0.14282989555601	0.134468017779897	0.147560919862105	0.120526526379301	0.124404304420664	0.124945204577867	0.142388417392433	0.122971841457984	0.147248797521135	0.147015680868447	0.164071173355475	0.14775462123243	0.126514949507476	0.169955303355582	0.131336442663311	0.144174362435956	0.150796020865328	0.137715092151309	0.149144689350897
700033565	0.162597604191042	0.15282503309896	0	0.147948945552711	0.152576103768801	0.0730029384262793	0.150254409674043	0.115213331365612	0.158211180828351	0.0934342201136431	0.103204389243607	0.0684548653128142	0.105481807561072	0.118451031481071	0.0980622882728604	0.123094637787876	0.109991159596643	0.0976103423646509	0.143646615325429	0.145387930361873	0.142201872430813	0.0988927021151235	0.136366426840971	0.144397415209424	0.139577565488089	0.155283736393844	0.136394849717541	0.143257965071742	0.12477502593933	0.105819102446522	0.10285963343056	0.103493282884538	0.119111186956636	0.104394643745875	0.154912965222369	0.106511443339338	0.131403602638519	0.0798239737403277	0.164519259177567	0.11501114748406	0.14178291615318	0.0827889017272766	0.130094380826219	0.131883577588578	0.112356966431399	0.129449589129038	0.142500512978441	0.0852249053292078	0.107840705682307	0.0765945054082291	0.0835559409441291	0.173268263584646	0.155611615239158	0.110889128564569	0.177454110262802	0.103928076546979	0.131211161601498	0.150529896551964	0.0921260887630297	0.138671331337206
700109389	0.11239951431394	0.165843202133725	0.147948945552711	0	0.145615740201952	0.161263977920741	0.095453073568328	0.184632010224662	0.139718391095062	0.170744112110745	0.139118615529252	0.143055605054924	0.168454152095584	0.15838190467472	0.152081819460264	0.144345311884054	0.178884573305049	0.190557105494533	0.129903994541005	0.097036080877628	0.108821862828033	0.139611762155688	0.113034890671668	0.11385269653906	0.104751777090796	0.116313813992884	0.179909464553679	0.151008503649028	0.137531289661131	0.165305236755664	0.173791242591737	0.137107391023343	0.136504933981043	0.168073607081721	0.115923487762032	0.118199458650414	0.172711845648237	0.163225333195634	0.135082231637418	0.16262378383002	0.128920097364625	0.151253140846074	0.152163759201419	0.140193059270186	0.14452208526062	0.144376630419075	0.152743414006529	0.151766383385951	0.159256113187055	0.133045579215884	0.124375531053217	0.104846590449756	0.0854355650301753	0.136918917182495	0.113352232292654	0.162740593963846	0.10821815664249	0.0904317218433292	0.118067406568047	0.0993009388997482
700023058	0.135034294717394	0.135742327976906	0.152576103768801	0.145615740201952	0	0.141607270785711	0.123033788596632	0.16239969170645	0.119573384804435	0.143958623239989	0.12890309722024	0.154988377481329	0.154074582092924	0.128662589309385	0.153012667156767	0.140916407894692	0.15787466877504	0.16008034444079	0.130724915538167	0.131964326961064	0.133731355155663	0.130652870879723	0.124398405449275	0.130862636727614	0.146006976352901	0.108621850825981	0.153854479406278	0.142194715755917	0.133648650329633	0.138574503410443	0.142563797655307	0.150560190462172	0.126765766480107	0.149698176694453	0.116445385541565	0.139501274195106	0.125055764571162	0.147931609588845	0.122169547338276	0.156784314973542	0.136832204827409	0.143157995266945	0.124153516647737	0.144107766195456	0.128335878830227	0.1217319450124	0.108477283689516	0.14424797574909	0.124667335714419	0.137607664532052	0.135663590004282	0.127320992958189	0.118507759358094	0.123974138853285	0.143876469451592	0.160203504153314	0.134192206079291	0.132865736110982	0.13636005751462	0.126119020094167
700023927	0.164462659295734	0.148447010054098	0.0730029384262793	0.161263977920741	0.141607270785711	0	0.1498998514268	0.118348848711652	0.160737042408553	0.0915009892806874	0.110967095981479	0.090486730658341	0.11403589081207	0.10113897177887	0.091384755764606	0.13227656894816	0.100997473468616	0.0828810894401739	0.140186082251123	0.15010454071657	0.136659785877719	0.10783266525027	0.123808479442386	0.146452197541078	0.137966001175474	0.154516660512329	0.146469409820719	0.15166131526721	0.123856442412313	0.098256134135797	0.0806557108469028	0.117064717624986	0.1199493363155	0.0962622953076293	0.155614600389644	0.115100083672541	0.12488381982058	0.0651932287948022	0.163985740309435	0.112928428563134	0.15175170118656	0.0837653639097525	0.117593261761342	0.135453421201775	0.112304321013851	0.122938795339656	0.146099534784023	0.0886517778929262	0.0855229250050291	0.083113495211101	0.101721653913203	0.172361144502944	0.157665687489133	0.110447434172443	0.174451477758461	0.107256546306901	0.121791116627798	0.146669834038876	0.0902987287111651	0.140004845282924
700106341	0.0872895108982689	0.163729548312066	0.150254409674043	0.095453073568328	0.123033788596632	0.1498998514268	0	0.179417665825775	0.0875075278046579	0.170147469551805	0.122567053385768	0.135313137042446	0.167137770774769	0.147999651321903	0.144918739467438	0.124385595603572	0.17963282466807	0.182809194016612	0.105547184165517	0.0777704724731637	0.0896633303299794	0.108530485903707	0.10464999873855	0.106448502217611	0.0786003541357092	0.109707504341456	0.180885344596361	0.15192111459902	0.148272323088941	0.162712369126156	0.160427801392208	0.0867208753741452	0.115815017351959	0.166121184447359	0.120514259748301	0.094886548216531	0.164009861330073	0.164728114925486	0.0968125656644552	0.16760191749774	0.127044456707604	0.135951491768244	0.121817251076171	0.0921017697711018	0.138996957187042	0.14167913684745	0.12643091113339	0.138081579348537	0.152175760678668	0.116427231317505	0.113166207874521	0.0679045869013949	0.0789893090908881	0.114507084565993	0.108704982210692	0.156416837529595	0.088918382391555	0.0674813827203109	0.111183171648576	0.0718894925923758
700114221	0.18235254399433	0.146879401247976	0.115213331365612	0.184632010224662	0.16239969170645	0.118348848711652	0.179417665825775	0	0.180927659062123	0.0949027520577517	0.128526839513669	0.11261105362916	0.0984209948720848	0.149605701678807	0.102094906740613	0.153524814477667	0.0844870508532003	0.136819683530278	0.169300684624717	0.169315370141712	0.16691157614962	0.135375055604505	0.17401258343111	0.176384773474198	0.176660997514748	0.176734803764948	0.14815112638247	0.144943632573458	0.129450521575661	0.115477660243535	0.129652235163243	0.145831683437646	0.126226578220531	0.118413203318591	0.182442103941638	0.134636659035796	0.156524169511882	0.108830005225552	0.182927038704873	0.0917161057975956	0.144441083691689	0.0895970254561131	0.151696856818439	0.147186057107476	0.105432711872865	0.130301765010872	0.139548450255712	0.0891247204928006	0.139303430317825	0.115991238118141	0.13809662835812	0.201873860647009	0.177470789967701	0.141880769310144	0.208035724501153	0.101328775775541	0.146789326024553	0.186726255835534	0.124818237933082	0.169987468255049
700023543	0.0873069061055077	0.158913878598896	0.158211180828351	0.139718391095062	0.119573384804435	0.160737042408553	0.0875075278046579	0.180927659062123	0	0.162837693752425	0.123987951136607	0.14907651239814	0.159022017645828	0.147409504664505	0.16064685591055	0.103830487139514	0.178130428378501	0.175490307441956	0.0973464066469653	0.113213809473132	0.109386360172463	0.11217206321422	0.107433994969342	0.10563979257574	0.114738866214447	0.0978533540883106	0.154536544365651	0.134255377930903	0.163361572620427	0.165796942713298	0.155756138749813	0.104435750826025	0.115929103883529	0.162515380191	0.107085516116661	0.125377808481397	0.142072337922343	0.17164017204892	0.0804214319384086	0.174694992721451	0.133858934960307	0.143606645436162	0.134181721363835	0.0956646864393964	0.151086875869786	0.144517383379322	0.119615884456948	0.142477393273231	0.15831970096209	0.124640888820619	0.117467655344161	0.0823449489613754	0.110073296436151	0.109604086725645	0.113819776394127	0.158722059767565	0.128167180808109	0.0951517193455437	0.137822333902474	0.0972951528274978
700023439	0.166630902231408	0.132093115337343	0.0934342201136431	0.170744112110745	0.143958623239989	0.0915009892806874	0.170147469551805	0.0949027520577517	0.162837693752425	0	0.111511616360934	0.108698378596035	0.0773739307664753	0.114460326818035	0.10048365939672	0.138235731439713	0.0788784279554559	0.106659535620917	0.150322219811005	0.157777276371365	0.13927481000454	0.114011153882415	0.145850163109336	0.150630738283791	0.154328399811964	0.156553265157706	0.139837577344725	0.135415302220104	0.113459769948046	0.100420601186237	0.0888682437370326	0.132503002806133	0.101271878577366	0.0890824290113609	0.153815771769717	0.117062444859656	0.12891159212527	0.0851771165426797	0.161191613530308	0.085588957650556	0.138029605005899	0.0899954343272053	0.138719318721861	0.139582268164901	0.102860893940796	0.111414755120619	0.134139290268459	0.0890432786683012	0.102585126856738	0.105125193757428	0.114723484677005	0.180993071752116	0.16280858240587	0.112368712672301	0.172911968584225	0.0920807813086886	0.133029423281916	0.159414046118745	0.103156631118071	0.152873260842276
700016978	0.121750691632823	0.129371935135209	0.103204389243607	0.139118615529252	0.12890309722024	0.110967095981479	0.122567053385768	0.128526839513669	0.123987951136607	0.111511616360934	0	0.107032113129015	0.110620970051359	0.126563236327467	0.127690688671177	0.107901083470347	0.120940657291211	0.118859482962977	0.119313149120052	0.112373741326953	0.10891961377536	0.0690368410128774	0.125771884055584	0.11592352546259	0.108553009068737	0.13074192227092	0.132161166417869	0.117568959493127	0.123727302733168	0.124314059118589	0.108870802967163	0.098478277865356	0.0819154609061412	0.105620366077467	0.138113874714891	0.0911159808755243	0.126252796199394	0.127974988489333	0.124907194539004	0.126115343426054	0.101675504393159	0.0920133579822084	0.101288189294879	0.102679460784914	0.107220922202054	0.116569401826357	0.119814863777014	0.0944767608119801	0.110816382493346	0.0973754530697648	0.0900753593328653	0.135594941321086	0.11806989795521	0.082043791210539	0.13804535538156	0.112603592908622	0.10242490672322	0.121279164532473	0.0958694041572243	0.123552272446389
700024192	0.161052204760161	0.164446729166759	0.0684548653128142	0.143055605054924	0.154988377481329	0.090486730658341	0.135313137042446	0.11261105362916	0.14907651239814	0.108698378596035	0.107032113129015	0	0.0991213699860167	0.135426882315834	0.0938708274706077	0.118412078862125	0.120449756389114	0.123243069484035	0.136672870582341	0.143131235650913	0.131240631179899	0.0920104712867236	0.141376580015747	0.155695173196637	0.129150024229548	0.156366825965787	0.15830981744386	0.142515546937226	0.12498307777181	0.118160551490459	0.109046689348528	0.0889560847811838	0.103779619033058	0.104256565552302	0.163181633761144	0.109592042209448	0.146503436173434	0.0922087365282806	0.161456132355998	0.100587136436393	0.135023005221131	0.0638707855218678	0.14713018526544	0.110905781585234	0.103159131382288	0.128564298719979	0.153400038514407	0.0693525340921562	0.132184134870307	0.0604692642706828	0.0767531031049375	0.167522816566859	0.153678194916472	0.124882110416357	0.183488094115536	0.0878917081253911	0.122230669181242	0.147459877832988	0.0855181961666091	0.131529305485745
700113058	0.163450801371003	0.139989986190965	0.105481807561072	0.168454152095584	0.154074582092924	0.11403589081207	0.167137770774769	0.0984209948720848	0.159022017645828	0.0773739307664753	0.110620970051359	0.0991213699860167	0	0.126195489818885	0.0965182203671855	0.135749066880642	0.0957519809478633	0.130443179382264	0.154468437695168	0.154552230863099	0.143194403218146	0.11315113695287	0.153817761581791	0.158653536249028	0.157946689125432	0.159341689927767	0.139118680875749	0.122551924382906	0.111067265826418	0.106570605681302	0.110735040365484	0.129026256734049	0.109061183844419	0.0985213039968054	0.162069424157849	0.123120383161192	0.144168021036256	0.110707629471693	0.159781386858129	0.0911506188139654	0.136613365857681	0.0792952707418403	0.15579588431845	0.137680819077113	0.100292029030112	0.119573720704373	0.146372236835553	0.0877639929966381	0.121268298100793	0.101800239414514	0.115965420451264	0.178872978728444	0.16474832168043	0.121541702493582	0.184026714678845	0.0828651769527078	0.132360557756463	0.169541572853489	0.11239215081731	0.152284642869697
700099448	0.155961480588134	0.128409414486364	0.118451031481071	0.15838190467472	0.128662589309385	0.10113897177887	0.147999651321903	0.149605701678807	0.147409504664505	0.114460326818035	0.126563236327467	0.135426882315834	0.126195489818885	0	0.126840997540013	0.145490515811068	0.128663727456915	0.124832968651301	0.139937394423846	0.141167014128242	0.135259016299197	0.13476800508933	0.107040797960152	0.139225968905965	0.145992362473704	0.129856308026212	0.133004598000527	0.146690425712697	0.113325510804383	0.0976024460021597	0.108129049260766	0.140541095651062	0.12592087961216	0.109140390772139	0.130068890416606	0.130741752115631	0.122512277472829	0.115195927179916	0.150651116093178	0.135369987460633	0.153492494869017	0.117828210705814	0.130414923053814	0.155798629985205	0.108762084355568	0.130254384817543	0.121054295050252	0.121608308012137	0.0806797951361785	0.122093891708793	0.119330192509409	0.140512170925326	0.148518084109357	0.12411429052284	0.150355198228794	0.128758453051271	0.123918302734156	0.139861263776916	0.113117412816362	0.13939954905012
700109870	0.165222873996728	0.146323983557017	0.0980622882728604	0.152081819460264	0.153012667156767	0.091384755764606	0.144918739467438	0.102094906740613	0.16064685591055	0.10048365939672	0.127690688671177	0.0938708274706077	0.0965182203671855	0.126840997540013	0	0.143117229249401	0.106645267696059	0.133324190997976	0.155346887491216	0.137049383787034	0.135394568214837	0.121117705994903	0.135698225430294	0.168138052224626	0.143012834893591	0.157682392626633	0.148156235944964	0.138454190416034	0.114398041708169	0.0979302851527975	0.123550280961726	0.118669662200538	0.129857170989621	0.119562369363326	0.164219853155481	0.121771475134235	0.148151564263689	0.0841557066590596	0.167821264016192	0.0853402348785621	0.155431161345886	0.0771855966944171	0.151689587974456	0.131791754518199	0.103680211829758	0.123294342608585	0.151071410700853	0.0760875315290897	0.121077519633392	0.0879790124498215	0.117579387632099	0.168801090027785	0.150518198874918	0.131029489932346	0.185148271332824	0.0959414252016194	0.114730843209899	0.150600550785741	0.091097797311408	0.132330696944559
700033928	0.110096392653013	0.166557822130624	0.123094637787876	0.144345311884054	0.140916407894692	0.13227656894816	0.124385595603572	0.153524814477667	0.103830487139514	0.138235731439713	0.107901083470347	0.118412078862125	0.135749066880642	0.145490515811068	0.143117229249401	0	0.15335270535751	0.142760660659266	0.0991817708299298	0.126796525125065	0.111850029474505	0.0977644404684014	0.127700884297981	0.0992605439834367	0.121525360089162	0.128813070513008	0.146173277692669	0.111912566597022	0.144872865145769	0.141220442152175	0.138124971757757	0.109886320081933	0.104641177887857	0.146278706459511	0.127259246120597	0.127806169651726	0.130499601566069	0.145227267352561	0.101926634596964	0.157403535212952	0.103368075591561	0.115590423572474	0.130394696971214	0.112380808620464	0.134943541546509	0.134520032361326	0.117949394522764	0.129213180556507	0.13629293613201	0.10581766512407	0.0897611225048557	0.127181728884861	0.122628101899066	0.113157406627202	0.12697447030812	0.1310517675389	0.124485094543175	0.116292305261175	0.114676546780375	0.120257753004509
700023693	0.179319188375116	0.130096575967934	0.109991159596643	0.178884573305049	0.15787466877504	0.100997473468616	0.17963282466807	0.0844870508532003	0.178130428378501	0.0788784279554559	0.120940657291211	0.120449756389114	0.0957519809478633	0.128663727456915	0.106645267696059	0.15335270535751	0	0.119360724727698	0.16622914272811	0.170127480266895	0.158296440607799	0.127541655742154	0.158266803732648	0.165532965519839	0.175018943172209	0.169276494401443	0.139106455098636	0.146251627929506	0.109883608974485	0.112198887553007	0.0945043641773167	0.147652752813369	0.122671187775218	0.117718359208168	0.167911235970974	0.126592387644228	0.145704136015843	0.108030747210685	0.176134286293195	0.0948461965053761	0.147271950475685	0.102443206802113	0.143295078433315	0.153723058400026	0.105024769951908	0.120807916006444	0.135872596765165	0.0972423057136899	0.11609529613017	0.119787266597214	0.132176468496159	0.196499012407061	0.173976272077769	0.127476524986091	0.19261340343956	0.110507275027275	0.142981533320827	0.180369884617574	0.126027033911692	0.166746522167794
700109627	0.171381884173499	0.152195477719434	0.0976103423646509	0.190557105494533	0.16008034444079	0.0828810894401739	0.182809194016612	0.136819683530278	0.175490307441956	0.106659535620917	0.118859482962977	0.123243069484035	0.130443179382264	0.124832968651301	0.133324190997976	0.142760660659266	0.119360724727698	0	0.159666868566625	0.168183452312547	0.163588082196733	0.123208501168223	0.155462535588028	0.155841563980898	0.161457479326275	0.171007699098158	0.134033393897584	0.154369656535658	0.152570558794984	0.126572339541988	0.0927845009236412	0.146696806255802	0.132906320954984	0.111578251191142	0.171231923941507	0.144083589036341	0.123489976340487	0.0990512793782933	0.183703340286343	0.138048588513285	0.165965671637199	0.116464108010091	0.126790119047456	0.150588647477534	0.137168134544434	0.138856707869969	0.158423631160231	0.125807303071253	0.101669638425878	0.121208413172102	0.125720341990049	0.19707627117887	0.176595895390345	0.124993461069614	0.19061896731884	0.133971777575395	0.156431342782294	0.175520967753032	0.132669914089731	0.16985580434154
700095416	0.0829797538526579	0.157950593816587	0.143646615325429	0.129903994541005	0.130724915538167	0.140186082251123	0.105547184165517	0.169300684624717	0.0973464066469653	0.150322219811005	0.119313149120052	0.136672870582341	0.154468437695168	0.139937394423846	0.155346887491216	0.0991817708299298	0.16622914272811	0.159666868566625	0	0.113787385116874	0.095347059868686	0.10869165232541	0.117644538244315	0.0833999783433078	0.103925041569502	0.106169568877122	0.151800381135721	0.137136024085315	0.138032578263444	0.160793300701062	0.140950856452295	0.11677634027629	0.109011552072502	0.158479965035542	0.111933938518769	0.116973414017848	0.119129218579506	0.158932526676994	0.0954625555469518	0.165897402712682	0.100551730055758	0.139434154868202	0.108414372326272	0.112508289717462	0.13145296001124	0.128175352897716	0.112974598686805	0.140828038867794	0.135761120140952	0.115004745956346	0.101371165800758	0.116727315161741	0.115587094527921	0.0927425852693274	0.115899164132225	0.149479568498804	0.114579648997789	0.0975333680744357	0.12331248865275	0.111317294604807
700110425	0.104213591257612	0.149328001823695	0.145387930361873	0.097036080877628	0.131964326961064	0.15010454071657	0.0777704724731637	0.169315370141712	0.113213809473132	0.157777276371365	0.112373741326953	0.143131235650913	0.154552230863099	0.141167014128242	0.137049383787034	0.126796525125065	0.170127480266895	0.168183452312547	0.113787385116874	0	0.0850382899057171	0.109526643426455	0.0935335233356395	0.109702098908667	0.0702178665911467	0.121670310017869	0.160062402126846	0.130283865086556	0.135688193986573	0.141407385975363	0.16087171582392	0.112530478833399	0.106282581852929	0.155188312584399	0.120891618661435	0.0943121508464423	0.151859910399417	0.162694806397017	0.121962378233942	0.159416577494687	0.12626786629492	0.127521814637168	0.126591602668861	0.0970036865231284	0.127168020137674	0.134228110280021	0.133286155464338	0.132629004534863	0.134195453532572	0.118533206427481	0.118975246592612	0.0849029702141848	0.0629639246721469	0.114990283672539	0.121224794217918	0.150089663510544	0.0710622536066357	0.0728721375649077	0.109313673856257	0.0807366610808435
700111580	0.0961159969309014	0.145566265180176	0.142201872430813	0.108821862828033	0.133731355155663	0.136659785877719	0.0896633303299794	0.16691157614962	0.109386360172463	0.13927481000454	0.10891961377536	0.131240631179899	0.143194403218146	0.135259016299197	0.135394568214837	0.111850029474505	0.158296440607799	0.163588082196733	0.095347059868686	0.0850382899057171	0	0.0894000912658455	0.101028241396575	0.0943399159019218	0.0658385834600577	0.12545838044042	0.160871811648617	0.142041651832171	0.125341925264232	0.151165607323989	0.141174710169215	0.0998022709271911	0.0926930209318827	0.149867955740703	0.130615710276389	0.0967058006311417	0.154939961438877	0.14757239507726	0.114491034480412	0.148224951619202	0.114083645479373	0.119431105356313	0.126245217195989	0.10007223881963	0.117932489316227	0.12388220239431	0.125105845776611	0.116333171644709	0.123347977801648	0.103116645932887	0.10658284372323	0.0932587324237333	0.0959871306108646	0.0856679684859792	0.117794526650583	0.13556191663352	0.0671318612977618	0.070550981442421	0.0886273900767694	0.0854512778516953
700111302	0.114620141763532	0.1383570760261	0.0988927021151235	0.139611762155688	0.130652870879723	0.10783266525027	0.108530485903707	0.135375055604505	0.11217206321422	0.114011153882415	0.0690368410128774	0.0920104712867236	0.11315113695287	0.13476800508933	0.121117705994903	0.0977644404684014	0.127541655742154	0.123208501168223	0.10869165232541	0.109526643426455	0.0894000912658455	0	0.130036342569415	0.112478175093455	0.0921671309231951	0.139017712748077	0.146237465321893	0.131081206305928	0.133783844154714	0.133338185171577	0.110366149136448	0.074467355080545	0.0760946737934322	0.11311393036284	0.145403884967075	0.0931312512969011	0.13346616363561	0.130255943585921	0.128589517725549	0.124834246580732	0.112775299178201	0.0876379234906529	0.11291596034224	0.0876271791652901	0.1060507618799	0.130090022451439	0.12477976411968	0.0867993659239275	0.111769820941169	0.074593671958192	0.0800506702495308	0.133798949584217	0.11765534593865	0.0773936771100172	0.147999719678883	0.106834554701811	0.0909738366378113	0.111390487974645	0.0795646966738758	0.111537217311659
700098605	0.111215666736929	0.134321644958159	0.136366426840971	0.113034890671668	0.124398405449275	0.123808479442386	0.10464999873855	0.17401258343111	0.107433994969342	0.145850163109336	0.125771884055584	0.141376580015747	0.153817761581791	0.107040797960152	0.135698225430294	0.127700884297981	0.158266803732648	0.155462535588028	0.117644538244315	0.0935335233356395	0.101028241396575	0.130036342569415	0	0.109946793005666	0.115480431078289	0.109658265955557	0.139914685711101	0.126577176920663	0.136742763133232	0.128937888155	0.144409196474396	0.116685368069076	0.115832021962279	0.140244868721948	0.112882112567462	0.107104099182534	0.132419571892388	0.131394300692976	0.120818559814478	0.156422850315883	0.133937335372425	0.138650487933089	0.116573236871809	0.117161036027532	0.140587013801288	0.128795303034265	0.119592210145218	0.139773759607059	0.118831358003944	0.120227476055895	0.116640286058566	0.101299807416687	0.0956681669808329	0.10845473110547	0.109750211409505	0.148883372193243	0.110147753990591	0.0877495556134209	0.118162449348348	0.0812056036850164
700111991	0.0695148333546281	0.154982569338757	0.144397415209424	0.11385269653906	0.130862636727614	0.146452197541078	0.106448502217611	0.176384773474198	0.10563979257574	0.150630738283791	0.11592352546259	0.155695173196637	0.158653536249028	0.139225968905965	0.168138052224626	0.0992605439834367	0.165532965519839	0.155841563980898	0.0833999783433078	0.109702098908667	0.0943399159019218	0.112478175093455	0.109946793005666	0	0.0984689894368526	0.108538550620843	0.150117504390295	0.134208773948556	0.147624989320833	0.164422534126635	0.149345943036174	0.129248692767112	0.112252966192393	0.159007581845239	0.111463986615839	0.118048023979666	0.140274513615761	0.164116128020013	0.101328578424651	0.170717249040218	0.105288365282807	0.151434354671245	0.118293059433008	0.127377898133401	0.144751013685166	0.13498359928589	0.112585116078884	0.14775951949541	0.137934469717075	0.133566554248808	0.116589377744766	0.110224035628774	0.104426032075162	0.098894696712217	0.0920567978519721	0.15839883108713	0.116642367910655	0.0879514331435892	0.124717617148295	0.104874599067653
700108960	0.0967312709184163	0.158257522916769	0.139577565488089	0.104751777090796	0.146006976352901	0.137966001175474	0.0786003541357092	0.176660997514748	0.114738866214447	0.154328399811964	0.108553009068737	0.129150024229548	0.157946689125432	0.145992362473704	0.143012834893591	0.121525360089162	0.175018943172209	0.161457479326275	0.103925041569502	0.0702178665911467	0.0658385834600577	0.0921671309231951	0.115480431078289	0.0984689894368526	0	0.134358243946148	0.178185211092178	0.151974067456613	0.142211007493441	0.153862887531154	0.154172096350897	0.0886564491436544	0.108675097124324	0.155096183440907	0.141270039687845	0.0934931475037683	0.158283816268753	0.153575107980775	0.121201155402186	0.160423742341108	0.127108106310996	0.122772995916298	0.129864725396895	0.0967725911569695	0.130022488410517	0.145221637929325	0.144898597356428	0.126330100498138	0.136651002918675	0.100256862099763	0.106693872004278	0.088325948617594	0.0800429720340172	0.0975910042446158	0.114145328109366	0.143734614997595	0.0744261821144807	0.0675082821910057	0.0909555219689518	0.0820240216834839
700024452	0.109759040927471	0.146981253286078	0.155283736393844	0.116313813992884	0.108621850825981	0.154516660512329	0.109707504341456	0.176734803764948	0.0978533540883106	0.156553265157706	0.13074192227092	0.156366825965787	0.159341689927767	0.129856308026212	0.157682392626633	0.128813070513008	0.169276494401443	0.171007699098158	0.106169568877122	0.121670310017869	0.12545838044042	0.139017712748077	0.109658265955557	0.108538550620843	0.134358243946148	0	0.151598087692895	0.123087374352792	0.120855312112843	0.149714600553123	0.162256819939755	0.141084399569706	0.121873566098314	0.160360918607177	0.0684858330913456	0.122314253318092	0.139483804543377	0.161483204829464	0.10378597273017	0.157962919071703	0.128265206819811	0.149423642891431	0.133215288896079	0.131269654387123	0.126504840560123	0.113221664008136	0.0995337867378152	0.150413050656096	0.141097803360102	0.139985880443046	0.124939728925187	0.102870091257758	0.0978807496387979	0.122949195539717	0.099719659401522	0.15724481427098	0.127943560952479	0.114150980294162	0.129393413530033	0.126774277418592
700032931	0.150491900578616	0.121499436818256	0.136394849717541	0.179909464553679	0.153854479406278	0.146469409820719	0.180885344596361	0.14815112638247	0.154536544365651	0.139837577344725	0.132161166417869	0.15830981744386	0.139118680875749	0.133004598000527	0.148156235944964	0.146173277692669	0.139106455098636	0.134033393897584	0.151800381135721	0.160062402126846	0.160871811648617	0.146237465321893	0.139914685711101	0.150117504390295	0.178185211092178	0.151598087692895	0	0.121108593711122	0.149427205223698	0.143855237852677	0.139724782748664	0.161927906803252	0.136083774268257	0.132229922331661	0.156233942660311	0.150314363458265	0.132207802290822	0.150202739470295	0.150631814074179	0.148273961065811	0.145343817975545	0.143924814555859	0.143500370536012	0.156883173867178	0.144363757298506	0.142085452839387	0.133768519527945	0.143102982661425	0.13263974603464	0.146738508605682	0.143231318958585	0.176687670028413	0.158704219214649	0.1345807517124	0.161462307072713	0.143076408616846	0.160341771204528	0.169687461544128	0.148818032676778	0.166575900628726
700095837	0.12845537230486	0.134886634419869	0.143257965071742	0.151008503649028	0.142194715755917	0.15166131526721	0.15192111459902	0.144943632573458	0.134255377930903	0.135415302220104	0.117568959493127	0.142515546937226	0.122551924382906	0.146690425712697	0.138454190416034	0.111912566597022	0.146251627929506	0.154369656535658	0.137136024085315	0.130283865086556	0.142041651832171	0.131081206305928	0.126577176920663	0.134208773948556	0.151974067456613	0.123087374352792	0.121108593711122	0	0.107548381376264	0.116758983313415	0.15300324080339	0.147196723768371	0.1103861451645	0.131443831681854	0.129547234999502	0.134222339221513	0.130305860732678	0.155612389791949	0.130651458841044	0.137354850594453	0.127857810308953	0.123023283292379	0.145752090812724	0.125813927428104	0.113520645234389	0.123405817185681	0.11883794965059	0.131263822843317	0.14317815999142	0.131410833347709	0.115222258817121	0.143249913478369	0.131685101023585	0.13514175987681	0.141757488179313	0.127581851049404	0.133349557936339	0.140929564258217	0.13675500582639	0.138509054342912
700024548	0.15127884529936	0.11512691303909	0.12477502593933	0.137531289661131	0.133648650329633	0.123856442412313	0.148272323088941	0.129450521575661	0.163361572620427	0.113459769948046	0.123727302733168	0.12498307777181	0.111067265826418	0.113325510804383	0.114398041708169	0.144872865145769	0.109883608974485	0.152570558794984	0.138032578263444	0.135688193986573	0.125341925264232	0.133783844154714	0.136742763133232	0.147624989320833	0.142211007493441	0.120855312112843	0.149427205223698	0.107548381376264	0	0.0994481263582553	0.124680584171667	0.149659491718272	0.115774516667914	0.120295395439642	0.113940890166766	0.11205099431508	0.138867821566985	0.123049364598215	0.15541841061216	0.106306065004299	0.13059983711245	0.105316963001447	0.143392755947327	0.152228388865147	0.0754642495524173	0.0899948212232525	0.12690364198449	0.105981342262586	0.117791601049176	0.126563286752753	0.122865086941569	0.151778023602987	0.141301500070477	0.120720600824071	0.153036684188981	0.111973607540024	0.112428847838448	0.145953529808395	0.10842306008491	0.148560967563818
700110161	0.172870208281639	0.131709121487038	0.105819102446522	0.165305236755664	0.138574503410443	0.098256134135797	0.162712369126156	0.115477660243535	0.165796942713298	0.100420601186237	0.124314059118589	0.118160551490459	0.106570605681302	0.0976024460021597	0.0979302851527975	0.141220442152175	0.112198887553007	0.126572339541988	0.160793300701062	0.141407385975363	0.151165607323989	0.133338185171577	0.128937888155	0.164422534126635	0.153862887531154	0.149714600553123	0.143855237852677	0.116758983313415	0.0994481263582553	0	0.116752535388837	0.138627205834996	0.131286436733051	0.103517264205429	0.150913698030239	0.133607823868942	0.134590234641143	0.102249972552894	0.166902134016021	0.10611165325447	0.159862229154812	0.0979582284926169	0.136665607738386	0.140840639600748	0.10093937862546	0.127024214584639	0.14587370996163	0.109687942743324	0.0958782501025995	0.113167327512301	0.130542651809049	0.166418430518979	0.157776876587401	0.133893628258244	0.173695670246282	0.107127005868504	0.12157850685234	0.15969072432909	0.11372561371477	0.149599508684036
700023496	0.161066788745254	0.140366363120437	0.10285963343056	0.173791242591737	0.142563797655307	0.0806557108469028	0.160427801392208	0.129652235163243	0.155756138749813	0.0888682437370326	0.108870802967163	0.109046689348528	0.110735040365484	0.108129049260766	0.123550280961726	0.138124971757757	0.0945043641773167	0.0927845009236412	0.140950856452295	0.16087171582392	0.141174710169215	0.110366149136448	0.144409196474396	0.149345943036174	0.154172096350897	0.162256819939755	0.139724782748664	0.15300324080339	0.124680584171667	0.116752535388837	0	0.131162848689573	0.109611613652968	0.0930195096519311	0.159548385779635	0.126941927761936	0.116421400233302	0.0973517246412927	0.164466970487222	0.1188804349875	0.137562991047724	0.101274037668875	0.113236339038992	0.136634262784107	0.101334562248711	0.114468000221548	0.144515979355576	0.0950731216788715	0.087233554020148	0.109852559705175	0.115220381802843	0.180717567522291	0.169779867954092	0.115104707643297	0.180244336444565	0.105954897674774	0.133697235364694	0.166462035540003	0.122627085986151	0.155909716441519
700034628	0.123188751774132	0.147143251600713	0.103493282884538	0.137107391023343	0.150560190462172	0.117064717624986	0.0867208753741452	0.145831683437646	0.104435750826025	0.132503002806133	0.098478277865356	0.0889560847811838	0.129026256734049	0.140541095651062	0.118669662200538	0.109886320081933	0.147652752813369	0.146696806255802	0.11677634027629	0.112530478833399	0.0998022709271911	0.074467355080545	0.116685368069076	0.129248692767112	0.0886564491436544	0.141084399569706	0.161927906803252	0.147196723768371	0.149659491718272	0.138627205834996	0.131162848689573	0	0.105496753586408	0.127524327941287	0.150887169723815	0.0876723235059575	0.139580876398951	0.124161599118526	0.130551760179263	0.134721934298941	0.132725012623685	0.0964658387243001	0.122911410567707	0.0728514696883457	0.121865621493999	0.148175653114926	0.140027087580678	0.098423649726084	0.134286295238327	0.0684083600625657	0.0832285339607249	0.123173500450223	0.121247455549741	0.108113980581411	0.1533348036927	0.11243188816982	0.106547502215367	0.0970137106029634	0.0825433416868845	0.082702647951782
700023645	0.116223950895363	0.12687913095076	0.119111186956636	0.136504933981043	0.126765766480107	0.1199493363155	0.115815017351959	0.126226578220531	0.115929103883529	0.101271878577366	0.0819154609061412	0.103779619033058	0.109061183844419	0.12592087961216	0.129857170989621	0.104641177887857	0.122671187775218	0.132906320954984	0.109011552072502	0.106282581852929	0.0926930209318827	0.0760946737934322	0.115832021962279	0.112252966192393	0.108675097124324	0.121873566098314	0.136083774268257	0.1103861451645	0.115774516667914	0.131286436733051	0.109611613652968	0.105496753586408	0	0.105416212023709	0.128137977397917	0.0875482851331677	0.128404766793777	0.131748680236504	0.119974479802603	0.113552242017109	0.0993639262899832	0.0927624366096745	0.10588034336429	0.092612404761239	0.094506970407441	0.107072768265245	0.106709163218006	0.093384639067141	0.116651840215798	0.0916552008546665	0.085602876723048	0.125705165902334	0.113830884063095	0.0883447397566748	0.138219952129639	0.0990769726906802	0.0965561596575158	0.110548322343874	0.0934813307119221	0.117518242935536
700038744	0.168935487899755	0.126532807608845	0.104394643745875	0.168073607081721	0.149698176694453	0.0962622953076293	0.166121184447359	0.118413203318591	0.162515380191	0.0890824290113609	0.105620366077467	0.104256565552302	0.0985213039968054	0.109140390772139	0.119562369363326	0.146278706459511	0.117718359208168	0.111578251191142	0.158479965035542	0.155188312584399	0.149867955740703	0.11311393036284	0.140244868721948	0.159007581845239	0.155096183440907	0.160360918607177	0.132229922331661	0.131443831681854	0.120295395439642	0.103517264205429	0.0930195096519311	0.127524327941287	0.105416212023709	0	0.169342884769671	0.124972893604306	0.129232243315987	0.0990999700390063	0.168656465343164	0.0984652837282797	0.140266011121023	0.0938420634628151	0.122688564474355	0.123401537237294	0.106236506217295	0.118935736517376	0.14823619725842	0.0884169418434992	0.0988933912341874	0.105767591456098	0.114886803522736	0.181331737549112	0.16372028625506	0.12422118803007	0.184798537491884	0.0743397662590825	0.134435052683079	0.16451070615914	0.111115552904062	0.155599451641213
700038485	0.11504118423673	0.147120593426203	0.154912965222369	0.115923487762032	0.116445385541565	0.155614600389644	0.120514259748301	0.182442103941638	0.107085516116661	0.153815771769717	0.138113874714891	0.163181633761144	0.162069424157849	0.130068890416606	0.164219853155481	0.127259246120597	0.167911235970974	0.171231923941507	0.111933938518769	0.120891618661435	0.130615710276389	0.145403884967075	0.112882112567462	0.111463986615839	0.141270039687845	0.0684858330913456	0.156233942660311	0.129547234999502	0.113940890166766	0.150913698030239	0.159548385779635	0.150887169723815	0.128137977397917	0.169342884769671	0	0.121975382241231	0.143551196288715	0.16175366728723	0.118955651700522	0.162984906448979	0.133555587538132	0.154283926878651	0.142394386192705	0.142219348444004	0.137156036830023	0.118933412856432	0.104435122510001	0.158171993218289	0.148807283395696	0.147848267794798	0.128803412858888	0.103101148040019	0.107294691390051	0.121061149094619	0.100691227527598	0.160241182482712	0.135981459376865	0.120344705914362	0.141658161452151	0.128277182963856
700024743	0.122579786753688	0.129826776525708	0.106511443339338	0.118199458650414	0.139501274195106	0.115100083672541	0.094886548216531	0.134636659035796	0.125377808481397	0.117062444859656	0.0911159808755243	0.109592042209448	0.123120383161192	0.130741752115631	0.121771475134235	0.127806169651726	0.126592387644228	0.144083589036341	0.116973414017848	0.0943121508464423	0.0967058006311417	0.0931312512969011	0.107104099182534	0.118048023979666	0.0934931475037683	0.122314253318092	0.150314363458265	0.134222339221513	0.11205099431508	0.133607823868942	0.126941927761936	0.0876723235059575	0.0875482851331677	0.124972893604306	0.121975382241231	0	0.142967420456321	0.120440928026149	0.128733068606494	0.124898812877252	0.117303913556908	0.104523277589495	0.120622936798641	0.0906491625253619	0.104579876378049	0.120315559089914	0.11472508376736	0.0987123529028642	0.123282645197921	0.0985902597712618	0.0999069535865657	0.115785291016022	0.102510047254952	0.0974084108375048	0.129215665591791	0.118125333697653	0.0918782679949213	0.0944703510899519	0.0868322114426503	0.0946337207524198
