700108602	700014971	700033565	700109389	700023058	700023927	700106341	700114221	700023543	700023439	700016978	700024192	700113058	700099448	700109870	700033928	700023693	700109627	700095416	700110425	700111580	700111302	700098605	700111991	700108960	700024452	700032931	700095837	700024548	700110161	700023496	700034628	700023645	700038744	700038485	700024743	700099596	700110760	700101587	700106399	700032322	700095653	700021312	700101230	700023590	700038905	700033136	700023382	700096424	700105469	700016908	700096053	700108479	700109569	700033814	700016125	700109756	700102665	700101777	700109455
700108602	0	0.135770196958648	0.15900296342328	0.0991717594663442	0.115714797323167	0.16111141762812	0.0773118210675574	0.176580675089883	0.0885280835727695	0.161386756905176	0.110925428430399	0.155044353286484	0.15907011682821	0.139807304307259	0.155292025668205	0.110929009473881	0.16496909648474	0.169567211607095	0.0926574862849677	0.0851844545407976	0.0847762409262697	0.108868453321716	0.108889860050355	0.0780344372644547	0.0884652545708391	0.114139219678759	0.159588486265485	0.121021871348302	0.137551493383618	0.153120113090067	0.158534815664804	0.118028559087883	0.109719420003097	0.14172316537066	0.120727088802977	0.107814488117799	0.122532269061928	0.160625731294083	0.080813559877686	0.172729294776238	0.113537588579675	0.149213700439218	0.140695048816831	0.122318221724878	0.142430820081093	0.114410415464224	0.117983610575425	0.141537447912237	0.141085587024438	0.129646911387311	0.114091875589784	0.0829475415446217	0.0849135115083752	0.104760955714965	0.0840871275252065	0.150199562383525	0.0984677361999268	0.0810196246432315	0.127283232754578	0.0995920240259921
700014971	0.135770196958648	0	0.144525402609883	0.160116029219724	0.133336878544413	0.148204752181579	0.150493939215336	0.145704550027679	0.14332698071748	0.142240893513345	0.123517593388423	0.16006209758485	0.145882481050415	0.134091309204987	0.139602654389258	0.156997352581033	0.129699984082052	0.161157453927553	0.15355035871303	0.135499555520391	0.132510078530241	0.12713487283808	0.128665972146364	0.157415540861807	0.147409846641232	0.14918620003515	0.127622273411877	0.134744962020422	0.115554750552443	0.128421713112209	0.127515052487592	0.140534250304545	0.127751157361976	0.127139209483216	0.139481832807544	0.121223779701234	0.154714963849308	0.15316452728258	0.135767629245418	0.144889023456835	0.148597792423953	0.134357501917124	0.139108407807471	0.130991775125442	0.122919607266986	0.121624315536142	0.128964996938895	0.132060965114338	0.133513314494124	0.136470482268668	0.142730812678202	0.151771614754984	0.139546129612909	0.134542938071338	0.15337372562719	0.127482903725578	0.13578105505113	0.149359807628511	0.131976398612875	0.146881873548558
700033565	0.15900296342328	0.144525402609883	0	0.144478035934745	0.144089066403401	0.073362946697016	0.142737980927011	0.112147596519346	0.160588838400829	0.103833100022638	0.107374393106173	0.0650305247965312	0.0952084770216999	0.120484456546981	0.0857202932114865	0.125067135255798	0.110817258003661	0.104171241713807	0.151278708407661	0.145169436604424	0.136940458381951	0.0980218449302225	0.141166814697102	0.147682059046704	0.137792343698906	0.162773799900304	0.135943356304395	0.154963049172114	0.125908172984655	0.106497374202805	0.0989565221525423	0.111153372577571	0.102854192840031	0.0898889513596979	0.15409450588819	0.100789734944218	0.135540407619293	0.088525241843618	0.156581836100547	0.112587424090572	0.145843557013015	0.0777369481831314	0.133763617261706	0.120409343057951	0.108418696404792	0.126596865633261	0.143905339926665	0.0872074603589564	0.114911378822142	0.0706243119926799	0.078077297802319	0.164544871175098	0.142600604843061	0.129774700594041	0.172957649139169	0.104756345848752	0.123010840712135	0.157768843954397	0.0834889537569102	0.134447704520171
700109389	0.0991717594663442	0.160116029219724	0.144478035934745	0	0.145741131275384	0.162035105919779	0.0975370075393651	0.178082280459805	0.13430136286728	0.169248797626146	0.146211668725924	0.140722749449812	0.161225084218651	0.154318112007904	0.1383051346243	0.143655119899953	0.173390070731632	0.180685153697186	0.134163135222668	0.0950220231209041	0.109993946380558	0.143944653942251	0.110431926837172	0.116344132605465	0.113064926005102	0.118238926147856	0.182667779602735	0.156617949618926	0.138761438102496	0.153978017250782	0.173292963485312	0.147670777338612	0.138718091985025	0.155972446093505	0.121232083630615	0.118533653051875	0.166081082301383	0.164105182110467	0.12761527769628	0.162245794666802	0.13545738754618	0.152408351532959	0.165675038368043	0.139678696992395	0.150485063974217	0.140133673745347	0.158719479451352	0.158326620669487	0.16190505526856	0.139170909303462	0.114002999160022	0.10417136688888	0.0697252668428112	0.14453548945808	0.110526975532847	0.162378583782881	0.108797806339127	0.091990113707659	0.120379483724141	0.10729937887454
700023058	0.115714797323167	0.133336878544413	0.144089066403401	0.145741131275384	0	0.143476560756136	0.120421820200892	0.156412736727399	0.122614417095545	0.145529179090692	0.119627670275771	0.151468726242839	0.150392910821242	0.125022822299689	0.14547151489924	0.132349859123564	0.147516889473654	0.148681411561243	0.12030313104755	0.125068011743678	0.134618651435901	0.128803454130462	0.128689713273495	0.130348720666883	0.14116949043118	0.109732569596969	0.154624287825356	0.129470404234273	0.119468461951287	0.135941595065149	0.141367859388421	0.142252421887009	0.118185061013087	0.132097896677968	0.100970587301628	0.132594419743106	0.118194953297823	0.135746310118943	0.106485532780162	0.154837798928666	0.123168094670948	0.135862749067317	0.138173242764578	0.141754573116217	0.132262184015764	0.113914494625291	0.118117338651916	0.136973213360598	0.127695251968843	0.135953159280345	0.128005629819759	0.128360548223921	0.125845299464838	0.125980648098227	0.129934919002043	0.146514615922053	0.130798782547442	0.132140799696045	0.135937050165747	0.132137066963968
700023927	0.16111141762812	0.148204752181579	0.073362946697016	0.162035105919779	0.143476560756136	0	0.152682900776607	0.124268717075695	0.165573771367677	0.0935582935742968	0.109875661854988	0.0913772643469461	0.105528081042796	0.0989556206106927	0.0937278790585439	0.133777838589626	0.106492101006481	0.0829802550472437	0.152493877093337	0.153070768771073	0.142666127058656	0.115479074237632	0.144083490087923	0.153856158767796	0.143755598438025	0.165391394116269	0.142197734484663	0.163818428977562	0.130532327160678	0.0955084667454658	0.0797267534799249	0.127374241408451	0.106109416163659	0.083560524340256	0.158611332834766	0.114918611139046	0.124495989189	0.0695562312328647	0.155007349983432	0.11548987230715	0.14962001280407	0.0913422816072713	0.123182262257444	0.130084123077206	0.118133670915128	0.1199855713541	0.146011751407335	0.0961915809202882	0.0882255647601935	0.0861438473653113	0.103982747137764	0.167628759093697	0.15650323333039	0.118469606859081	0.172031031296685	0.113219582557981	0.129555883132104	0.161298686503987	0.0988034142130992	0.145873944427942
700106341	0.0773118210675574	0.150493939215336	0.142737980927011	0.0975370075393651	0.120421820200892	0.152682900776607	0	0.178043156990224	0.0835192406190931	0.165258149157418	0.105837087965245	0.132314586961626	0.148636501759055	0.145421970119716	0.144146436241103	0.118818534697515	0.170220857903797	0.171578589120597	0.10521985006063	0.0650520611804877	0.0799647220337292	0.103739120424579	0.114118197923172	0.0882143198108836	0.0687836757495795	0.120561281901534	0.184247268481547	0.152268398946605	0.143660495770506	0.154961054267714	0.15954591067894	0.0867294073268064	0.110515619429065	0.140007299986963	0.130127336654936	0.083456412526622	0.143618230212276	0.158170582832264	0.0853739217003084	0.170508814194225	0.135886630600083	0.140452690874129	0.134502803567113	0.0965468278872537	0.13543466920998	0.130840130629925	0.124165896744147	0.132861936693461	0.148172562144742	0.115928177228887	0.104613350082217	0.0698589882388394	0.0746288143464468	0.117214416321931	0.106694585913254	0.147412357755661	0.0904351488397518	0.0667854260836471	0.11139114177964	0.0734079661601799
700114221	0.176580675089883	0.145704550027679	0.112147596519346	0.178082280459805	0.156412736727399	0.124268717075695	0.178043156990224	0	0.184189708274619	0.0914674006840891	0.137710680664077	0.123390265556625	0.0954361016067459	0.148148686213176	0.100895098635725	0.161664026318322	0.0813823930390636	0.152986664543003	0.176981283197047	0.173245397810395	0.166043652099452	0.143144918598309	0.171192539818485	0.176303165097793	0.177466541306395	0.177751889221746	0.139422639124845	0.150220016733171	0.11166750543894	0.116836391531241	0.117329948102959	0.154394187910875	0.126386156925918	0.112300240779781	0.177469454465904	0.137007410187136	0.157877585662594	0.107026092972505	0.17210906871591	0.084110839807143	0.153818316783637	0.0928327029230261	0.158284902061401	0.145949799828437	0.106034113757809	0.143105220918549	0.136961556701424	0.0876929500048415	0.140612434957624	0.109356496039376	0.14086843727391	0.190536423427526	0.170120803293732	0.147676336224201	0.193997610350749	0.103784918467188	0.145354595803987	0.194385022773768	0.124778845111538	0.165535693425417
700023543	0.0885280835727695	0.14332698071748	0.160588838400829	0.13430136286728	0.122614417095545	0.165573771367677	0.0835192406190931	0.184189708274619	0	0.170048743621873	0.113407651792895	0.150043600511084	0.158605454174179	0.150773558252088	0.155049406268496	0.102907845082455	0.169360134302949	0.170874678967422	0.0966228217032814	0.0989669665661341	0.101258661057894	0.105333187512838	0.125488009349435	0.101394995959662	0.0993677092400597	0.126286860578347	0.169402053737755	0.140450939851413	0.158713448990287	0.154693933050136	0.165361905064948	0.0942994439510338	0.112885450346877	0.150220386371937	0.128380915707789	0.112974178097541	0.136427270784035	0.170543699526302	0.0802250412943768	0.183066670248625	0.126294655042342	0.152884271290557	0.129987668322733	0.0977917611875774	0.151099438598365	0.140945305879349	0.12229291655262	0.146082453196002	0.155487256616249	0.129314567008321	0.123611434372578	0.0901208774732248	0.10377642420613	0.130813168944229	0.115510724420058	0.153072830514432	0.123065959084937	0.0883659746329346	0.135865404187485	0.0898455803256096
700023439	0.161386756905176	0.142240893513345	0.103833100022638	0.169248797626146	0.145529179090692	0.0935582935742968	0.165258149157418	0.0914674006840891	0.170048743621873	0	0.115328655657095	0.120782583141298	0.0903656620101295	0.128907081512504	0.105690719417994	0.1447368989623	0.0741386478875921	0.107944709634437	0.152385438872938	0.160026944074476	0.15017489459073	0.131464699240512	0.150179530724655	0.160056531920751	0.162439498523611	0.163987774527136	0.134442661149681	0.142413934921599	0.116988227388553	0.0990292781208322	0.0897636454690624	0.144128215955535	0.111600865601176	0.092853226165021	0.16342566291622	0.123893523730845	0.122433578335532	0.0926216550008275	0.161068534694012	0.0957206543681347	0.138473648318792	0.092253517385866	0.14206700833247	0.136871848338478	0.113578613845046	0.114934952550597	0.126203247078588	0.0961439321047897	0.110730160414886	0.112812663354412	0.119539025391989	0.177439003275584	0.161292078183263	0.119188046211116	0.176760398335611	0.098826447167265	0.135606171673777	0.176993911199497	0.113131621306414	0.158402198752806
700016978	0.110925428430399	0.123517593388423	0.107374393106173	0.146211668725924	0.119627670275771	0.109875661854988	0.105837087965245	0.137710680664077	0.113407651792895	0.115328655657095	0	0.110181345808687	0.111675394404088	0.126386029647957	0.127994718537752	0.107608565456364	0.1227130094897	0.124592457797113	0.115364219991311	0.110886559370183	0.10629539195287	0.0735479695540326	0.12764501612568	0.111915151828151	0.100759399857121	0.142798591999779	0.139109931760461	0.122029726965205	0.123756560883683	0.111013802831562	0.109563923158074	0.0993244117450413	0.0853562669615189	0.0886064020326638	0.145611463954045	0.0911433821870013	0.110604977116864	0.122818923735174	0.102736739895131	0.143728608531858	0.119331971196628	0.106384642718666	0.106217250212992	0.107456426716696	0.110598131684182	0.117252468930358	0.113717736670596	0.098731511028594	0.107760886294383	0.090099876089686	0.0957319019909601	0.126660507566265	0.121790424653892	0.0862581942665957	0.126660082860143	0.111659686639444	0.108803520743165	0.122459631564231	0.0988842681216959	0.11702680946097
700024192	0.155044353286484	0.16006209758485	0.0650305247965312	0.140722749449812	0.151468726242839	0.0913772643469461	0.132314586961626	0.123390265556625	0.150043600511084	0.120782583141298	0.110181345808687	0	0.0880088082055592	0.139642693567385	0.0806301648714296	0.118721771385967	0.118744248429368	0.118927950943962	0.147677787833671	0.140577012128462	0.131443925194356	0.094649178546069	0.141441378034421	0.148188954793796	0.128456736454835	0.162480104089447	0.149629671031655	0.157866255071447	0.12990326125991	0.119176905552556	0.10556091569344	0.095335383786525	0.0977000239986295	0.0926302245378067	0.16393415341214	0.101155908686946	0.145730193335708	0.0964826324197995	0.152418017893487	0.10546311875414	0.147086283904894	0.0691054856209544	0.151023675288458	0.110947910484456	0.0937551586964386	0.130692010287812	0.152497802852047	0.0830178727311665	0.134392062656291	0.0635401249614379	0.0773320097442363	0.161202397741119	0.14199498178812	0.137677351509668	0.175655110563479	0.102846402919598	0.120869095386417	0.153714234951782	0.0848356142436971	0.127601454900973
700113058	0.15907011682821	0.145882481050415	0.0952084770216999	0.161225084218651	0.150392910821242	0.105528081042796	0.148636501759055	0.0954361016067459	0.158605454174179	0.0903656620101295	0.111675394404088	0.0880088082055592	0	0.131616003202392	0.0917276617695961	0.12791355483373	0.0940980983573454	0.125862027486915	0.147894583338583	0.147566276922491	0.140326855139755	0.111588603215015	0.152111670127869	0.155266003855755	0.14749098176577	0.159839531763152	0.132213969213141	0.138055934990043	0.112675524405218	0.0956475600938961	0.100594108043055	0.120258944296088	0.105550122272517	0.0849451938920992	0.169023084033975	0.117747246330473	0.138371934927002	0.109536437124283	0.15148051810554	0.0985203396447483	0.142223640259842	0.0707844973614964	0.15580948946136	0.123769540108813	0.0942668328058287	0.117741659215898	0.138393250662866	0.0762209104593075	0.125018997886818	0.0855257728123255	0.108500123615799	0.163660027717126	0.153239373508946	0.139443932812212	0.181703630316377	0.0753041964396725	0.121199835708634	0.168368363546187	0.0981326947002325	0.139229663455935
700099448	0.139807304307259	0.134091309204987	0.120484456546981	0.154318112007904	0.125022822299689	0.0989556206106927	0.145421970119716	0.148148686213176	0.150773558252088	0.128907081512504	0.126386029647957	0.139642693567385	0.131616003202392	0	0.118220899220327	0.141617094501283	0.126428656266655	0.128973496195057	0.132582785377077	0.139535192030373	0.131383302101081	0.134217654382193	0.113372652979841	0.143365855668518	0.14488647498454	0.130071932627328	0.135813980846345	0.145566331170315	0.118083661958053	0.104373007405847	0.111639207743048	0.142909351307432	0.127335669446267	0.112192592095377	0.126785680790923	0.127588484539228	0.120208388802132	0.11170380993556	0.127883157253826	0.147191285032539	0.14852533164953	0.118419228980035	0.130623848170994	0.144485525997385	0.122039098078226	0.115885154254668	0.125345862037581	0.125943473797807	0.0889675588754916	0.116196589900421	0.124734724815794	0.12747256203813	0.146067712739348	0.124017721987165	0.147504064641237	0.134520876394842	0.119474290178523	0.130701465557087	0.109717883422374	0.136736721191512
700109870	0.155292025668205	0.139602654389258	0.0857202932114865	0.1383051346243	0.14547151489924	0.0937278790585439	0.144146436241103	0.100895098635725	0.155049406268496	0.105690719417994	0.127994718537752	0.0806301648714296	0.0917276617695961	0.118220899220327	0	0.13883588839941	0.0986869125057172	0.136054352317298	0.156485310362279	0.135704036881632	0.13132913821455	0.121182259082809	0.130038833146021	0.160178621992352	0.139258877947555	0.160479853551214	0.14674487114123	0.149869638259825	0.109370472537329	0.0866495476583377	0.115097160977391	0.122040112519499	0.120039960137315	0.104018818709724	0.166184881172003	0.112060350578268	0.147322505648213	0.0766591813166948	0.151616638801922	0.0867004559023325	0.154035973002	0.0734281862152527	0.154758261032242	0.125705411372156	0.100765675893844	0.11667896717284	0.151042383617276	0.0783825345276765	0.125932114571019	0.0770314255030914	0.10835759154484	0.155813976625165	0.139768390130384	0.141083048858717	0.173772384355752	0.0922134851249041	0.109563932733078	0.152623266461001	0.088098442568763	0.120084629154183
700033928	0.110929009473881	0.156997352581033	0.125067135255798	0.143655119899953	0.132349859123564	0.133777838589626	0.118818534697515	0.161664026318322	0.102907845082455	0.1447368989623	0.107608565456364	0.118721771385967	0.12791355483373	0.141617094501283	0.13883588839941	0	0.149435945044746	0.140458899902704	0.101995570842241	0.128622891675822	0.109182834171751	0.101328292003602	0.140424709301917	0.09461807427636	0.114867663702542	0.131881755920747	0.147190050290289	0.123082171831201	0.149106608000993	0.134888357266996	0.140284896817059	0.106979373992853	0.103194134399463	0.121053838368517	0.134553946657576	0.125002769490139	0.115445170401141	0.142318332813189	0.103140075960452	0.161066722751328	0.0972615351959126	0.119727295766565	0.13164270990692	0.120913155509982	0.134121088986825	0.124122164240215	0.123722332563229	0.124365196895302	0.138238052213028	0.10326535705694	0.0933732582164783	0.13014173890432	0.127791780846433	0.124237491902141	0.134162704213743	0.123206605383271	0.12565158800024	0.120916677374099	0.117898908613208	0.113044389870156
700023693	0.16496909648474	0.129699984082052	0.110817258003661	0.173390070731632	0.147516889473654	0.106492101006481	0.170220857903797	0.0813823930390636	0.169360134302949	0.0741386478875921	0.1227130094897	0.118744248429368	0.0940980983573454	0.126428656266655	0.0986869125057172	0.149435945044746	0	0.129249181170989	0.158126328008478	0.166204379221547	0.15317845404468	0.137301900120958	0.155362221749818	0.166706155728464	0.168353846495106	0.171125805044712	0.140940246062272	0.15030115261339	0.105780637010211	0.0986917331078227	0.0903366368699169	0.140792781890437	0.120250003360792	0.101030875603098	0.165139387766308	0.128251876740928	0.126070205773733	0.0944733638836957	0.160509047640488	0.0947887339349724	0.14820306356458	0.086414351996885	0.141677635649591	0.144503179489984	0.107086254830635	0.117653405010903	0.130214311545902	0.0884248258250435	0.112102076268049	0.112006806976632	0.123293740133377	0.180647787466953	0.165182020348096	0.128488198976446	0.181324464045706	0.100841047044141	0.134050821429232	0.181035613883336	0.119124947435372	0.155547085129438
700109627	0.169567211607095	0.161157453927553	0.104171241713807	0.180685153697186	0.148681411561243	0.0829802550472437	0.171578589120597	0.152986664543003	0.170874678967422	0.107944709634437	0.124592457797113	0.118927950943962	0.125862027486915	0.128973496195057	0.136054352317298	0.140458899902704	0.129249181170989	0	0.154183084247514	0.16646096461966	0.163773021306238	0.130648632304196	0.157213469461654	0.153853775551099	0.161588034040108	0.16491677707915	0.135310103305845	0.16619365994943	0.150217630433159	0.127093225037731	0.111644034648039	0.139263373201105	0.131795420383861	0.115623292212602	0.155322368571391	0.140731112280857	0.118989655600754	0.101973718431822	0.168201264989955	0.147594026719709	0.161336244862706	0.118939424687398	0.124309262434463	0.141865575831588	0.142999683507727	0.138445584468987	0.147568829527633	0.133565202613033	0.102123732058969	0.121950420062714	0.11634830195684	0.181626294470475	0.174364503059629	0.12710477554411	0.172541950414849	0.136700544115944	0.154225526784215	0.178709830027855	0.127604235430272	0.170874169099586
700095416	0.0926574862849677	0.15355035871303	0.151278708407661	0.134163135222668	0.12030313104755	0.152493877093337	0.10521985006063	0.176981283197047	0.0966228217032814	0.152385438872938	0.115364219991311	0.147677787833671	0.147894583338583	0.132582785377077	0.156485310362279	0.101995570842241	0.158126328008478	0.154183084247514	0	0.120746709278238	0.107408846190753	0.120439856543866	0.120523487281519	0.0960106480840545	0.12025106829746	0.117163518719839	0.147249773840842	0.127518692857264	0.151995789964474	0.14880987006107	0.153928379087019	0.122873673862616	0.113727137367065	0.149643338426465	0.116772709401911	0.125792682495715	0.110330004278417	0.15850385875943	0.0873735475561423	0.176860860862526	0.108803149803606	0.148002714530676	0.128369185873224	0.130636262513144	0.144845096763418	0.116679242519599	0.111381243185676	0.150111315760997	0.137417926789275	0.133418529932665	0.10711261018406	0.108124502906943	0.122611528971656	0.111213161329202	0.103690851943129	0.149508570255956	0.127228679724808	0.107392957429738	0.134776387884428	0.12009971181379
700110425	0.0851844545407976	0.135499555520391	0.145169436604424	0.0950220231209041	0.125068011743678	0.153070768771073	0.0650520611804877	0.173245397810395	0.0989669665661341	0.160026944074476	0.110886559370183	0.140577012128462	0.147566276922491	0.139535192030373	0.135704036881632	0.128622891675822	0.166204379221547	0.16646096461966	0.120746709278238	0	0.080421897075593	0.109723982464172	0.100113909155123	0.103974404067548	0.068888099768201	0.127275662015853	0.168837697739003	0.136498646785905	0.144316565069295	0.140129935132232	0.158702867760143	0.106266396572491	0.113135261082089	0.137001620388851	0.138169698636425	0.0835926581992312	0.146339131559016	0.157486433000741	0.103745527654406	0.162916559396279	0.136642742287296	0.139356442448297	0.14380981298999	0.0898854211623351	0.129651097041102	0.123801003032604	0.129499556142821	0.133527743443352	0.141893760250744	0.116242482972857	0.111515575175102	0.0722014562403054	0.0572501888406333	0.120340945757056	0.112023404668114	0.146973655370171	0.0725359905382507	0.0739020814010942	0.104298680335016	0.0837207912039197
700111580	0.0847762409262697	0.132510078530241	0.136940458381951	0.109993946380558	0.134618651435901	0.142666127058656	0.0799647220337292	0.166043652099452	0.101258661057894	0.15017489459073	0.10629539195287	0.131443925194356	0.140326855139755	0.131383302101081	0.13132913821455	0.109182834171751	0.15317845404468	0.163773021306238	0.107408846190753	0.080421897075593	0	0.0920197406208991	0.106922550002802	0.0956675272528393	0.0662613844098592	0.135132744031208	0.164543670176706	0.146986789174293	0.126659080211505	0.13866217038978	0.147395329792319	0.100118290427359	0.0962073586144162	0.128076056021444	0.137610707530865	0.0898663304323064	0.144078799837167	0.141525978035517	0.107261106803227	0.155700142150328	0.123026198104765	0.128644967242771	0.137055815543929	0.101447385298115	0.119822227931025	0.113761694028148	0.118479703624766	0.114649556385824	0.128387002571864	0.107568299988407	0.103047746377709	0.0956400763474159	0.0872621262717624	0.101929093483537	0.107953731733138	0.131670706349516	0.0794293356336104	0.0786231424845104	0.0979373992554844	0.0849439070266728
700111302	0.108868453321716	0.12713487283808	0.0980218449302225	0.143944653942251	0.128803454130462	0.115479074237632	0.103739120424579	0.143144918598309	0.105333187512838	0.131464699240512	0.0735479695540326	0.094649178546069	0.111588603215015	0.134217654382193	0.121182259082809	0.101328292003602	0.137301900120958	0.130648632304196	0.120439856543866	0.109723982464172	0.0920197406208991	0	0.136059648385076	0.106038542579377	0.0902404438808363	0.145876473863333	0.145327277809234	0.13967606603108	0.134689678464006	0.123300027755537	0.115933514319908	0.0774206510252396	0.0700359466839587	0.0905495143603443	0.147077586649225	0.0882083058942479	0.129983699700096	0.128519772441935	0.116496515796268	0.137750191936666	0.139222621888876	0.104132035388059	0.127782291997501	0.0945129526094593	0.111097268389705	0.126818300320919	0.120193131452853	0.0901597854696066	0.123696221629406	0.0711792983996486	0.0872122374389559	0.128571093039676	0.123318979852785	0.101423252488434	0.135416125549329	0.100409246735389	0.107603387068257	0.120540620950579	0.0926749051038977	0.113567495818318
700098605	0.108889860050355	0.128665972146364	0.141166814697102	0.110431926837172	0.128689713273495	0.144083490087923	0.114118197923172	0.171192539818485	0.125488009349435	0.150179530724655	0.12764501612568	0.141441378034421	0.152111670127869	0.113372652979841	0.130038833146021	0.140424709301917	0.155362221749818	0.157213469461654	0.120523487281519	0.100113909155123	0.106922550002802	0.136059648385076	0	0.115776900291812	0.127953666678589	0.112973877597852	0.140341170708423	0.126990116695168	0.137331360875714	0.13486818500917	0.15227919642183	0.132036929244567	0.129009008411719	0.134558121799287	0.114484726646431	0.103947138074902	0.13185962728674	0.137937096478955	0.120008527463603	0.155758781241245	0.136437121538911	0.141094541156592	0.141486769368233	0.118274306527931	0.144733692867845	0.112428662985101	0.121123820949492	0.140086371628501	0.134455577453598	0.127702117844247	0.12346659008703	0.0999053452646623	0.097191907567482	0.122579644935663	0.103393662874773	0.151769295048122	0.116424682896722	0.103530555398713	0.114658477691231	0.0933232629862895
700111991	0.0780344372644547	0.157415540861807	0.147682059046704	0.116344132605465	0.130348720666883	0.153856158767796	0.0882143198108836	0.176303165097793	0.101394995959662	0.160056531920751	0.111915151828151	0.148188954793796	0.155266003855755	0.143365855668518	0.160178621992352	0.09461807427636	0.166706155728464	0.153853775551099	0.0960106480840545	0.103974404067548	0.0956675272528393	0.106038542579377	0.115776900291812	0	0.0956771611369022	0.101225854827998	0.14770247915875	0.124282011501557	0.144826746393378	0.160026270768046	0.15559701025817	0.122918575319125	0.110935139401807	0.138196964985773	0.109848780901542	0.108155837379974	0.130996337613353	0.155387937313642	0.0901666890565126	0.17418740638687	0.112519462116209	0.14427317490886	0.128508771179475	0.122621674293736	0.139094552876675	0.116782414576716	0.111969345076743	0.139914042495875	0.147283964504436	0.126894539559743	0.112569112444061	0.100027679103803	0.0999455257133578	0.0992439318478709	0.100072681214536	0.149455938096784	0.120890791143227	0.0888300732443657	0.128219609504298	0.107094835212607
700108960	0.0884652545708391	0.147409846641232	0.137792343698906	0.113064926005102	0.14116949043118	0.143755598438025	0.0687836757495795	0.177466541306395	0.0993677092400597	0.162439498523611	0.100759399857121	0.128456736454835	0.14749098176577	0.14488647498454	0.139258877947555	0.114867663702542	0.168353846495106	0.161588034040108	0.12025106829746	0.068888099768201	0.0662613844098592	0.0902404438808363	0.127953666678589	0.0956771611369022	0	0.145375654849559	0.181015137441847	0.152177496529708	0.148550927574636	0.142918704169763	0.156121881466613	0.0885691803622725	0.107363521063075	0.129857478630327	0.146731777423114	0.0868713281367486	0.147284963431951	0.154213937435402	0.111968183715909	0.166345523595981	0.142485033445445	0.130165693600087	0.143896859547607	0.0919825607037493	0.136104751889949	0.141992691855811	0.141020430417364	0.128990370841677	0.136791680123874	0.105402738711394	0.0982453897542293	0.093230363331144	0.079455181188397	0.112263577299505	0.108486115652191	0.143050728554636	0.0872157878737863	0.0809862260059511	0.104108476709046	0.084497385644685
700024452	0.114139219678759	0.14918620003515	0.162773799900304	0.118238926147856	0.109732569596969	0.165391394116269	0.120561281901534	0.177751889221746	0.126286860578347	0.163987774527136	0.142798591999779	0.162480104089447	0.159839531763152	0.130071932627328	0.160479853551214	0.131881755920747	0.171125805044712	0.16491677707915	0.117163518719839	0.127275662015853	0.135132744031208	0.145876473863333	0.112973877597852	0.101225854827998	0.145375654849559	0	0.151096789740469	0.115619656456352	0.127080505719851	0.152250359159549	0.171703411952818	0.1514899303108	0.13706054058691	0.149508832114103	0.0785612653810924	0.130581644230224	0.145984645597705	0.166250991671138	0.103479935777803	0.170620966404983	0.128947695921514	0.157108813743181	0.145661856287585	0.13309762625681	0.149248482301986	0.107774291672938	0.105353106138334	0.160112260047963	0.155067140674903	0.14862554045488	0.134267798218183	0.1115137931488	0.109756388083672	0.135692709751416	0.105198970012046	0.160670051240614	0.131021161593028	0.122803651160006	0.129926446257727	0.139910954919814
700032931	0.159588486265485	0.127622273411877	0.135943356304395	0.182667779602735	0.154624287825356	0.142197734484663	0.184247268481547	0.139422639124845	0.169402053737755	0.134442661149681	0.139109931760461	0.149629671031655	0.132213969213141	0.135813980846345	0.14674487114123	0.147190050290289	0.140940246062272	0.135310103305845	0.147249773840842	0.168837697739003	0.164543670176706	0.145327277809234	0.140341170708423	0.14770247915875	0.181015137441847	0.151096789740469	0	0.135265010011134	0.150089502233966	0.137392790492389	0.130520928164659	0.165355309775405	0.146097557609741	0.128373077809036	0.151867487308511	0.152833143512003	0.135748409236217	0.147550621932279	0.145425435561178	0.146497442345244	0.143491868210789	0.136773468266043	0.136252303453559	0.149264078821743	0.141253500776686	0.135115485511267	0.123544324794492	0.138609236380228	0.129743207663969	0.138641861924673	0.144377838162153	0.1764649333395	0.167575926282114	0.131918174811517	0.154485449160168	0.13711402042634	0.163086610199617	0.177163657800195	0.138700788289625	0.170346201607602
700095837	0.121021871348302	0.134744962020422	0.154963049172114	0.156617949618926	0.129470404234273	0.163818428977562	0.152268398946605	0.150220016733171	0.140450939851413	0.142413934921599	0.122029726965205	0.157866255071447	0.138055934990043	0.145566331170315	0.149869638259825	0.123082171831201	0.15030115261339	0.16619365994943	0.127518692857264	0.136498646785905	0.146986789174293	0.13967606603108	0.126990116695168	0.124282011501557	0.152177496529708	0.115619656456352	0.135265010011134	0	0.126978639238863	0.121975778616628	0.150226524431959	0.152898305491128	0.136336753451222	0.131675065442998	0.135976042847817	0.140484916647342	0.123402887879426	0.1656755132115	0.118033973368611	0.159600947708781	0.12841810834191	0.139696616754861	0.149671423401411	0.134142055091514	0.134240424515899	0.113445695963329	0.117977518735104	0.140552293418199	0.15066623654757	0.140894236909819	0.14010286714391	0.142443154372611	0.139238501443205	0.149414205388377	0.12796926638455	0.138695245120015	0.138543896268005	0.150249977309319	0.138969384971184	0.147898866571689
700024548	0.137551493383618	0.115554750552443	0.125908172984655	0.138761438102496	0.119468461951287	0.130532327160678	0.143660495770506	0.11166750543894	0.158713448990287	0.116988227388553	0.123756560883683	0.12990326125991	0.112675524405218	0.118083661958053	0.109370472537329	0.149106608000993	0.105780637010211	0.150217630433159	0.151995789964474	0.144316565069295	0.126659080211505	0.134689678464006	0.137331360875714	0.144826746393378	0.148550927574636	0.127080505719851	0.150089502233966	0.126978639238863	0	0.111193854279541	0.116496384864969	0.148708062596903	0.118240045632489	0.111277804027347	0.132778204985776	0.125180399200732	0.148180236936367	0.121662157390187	0.132362057855111	0.110976157006475	0.134690080074024	0.0974753011885998	0.146170508616836	0.15206429491494	0.0851803900020916	0.0872199922966859	0.134057116031202	0.106283054226034	0.121138170604393	0.123229547069956	0.124711306150537	0.149994569277941	0.134186591831788	0.129018321771702	0.143633973368482	0.117197143894577	0.113973285262405	0.152571736589777	0.112786013915303	0.15172035386309
700110161	0.153120113090067	0.128421713112209	0.106497374202805	0.153978017250782	0.135941595065149	0.0955084667454658	0.154961054267714	0.116836391531241	0.154693933050136	0.0990292781208322	0.111013802831562	0.119176905552556	0.0956475600938961	0.104373007405847	0.0866495476583377	0.134888357266996	0.0986917331078227	0.127093225037731	0.14880987006107	0.140129935132232	0.13866217038978	0.123300027755537	0.13486818500917	0.160026270768046	0.142918704169763	0.152250359159549	0.137392790492389	0.121975778616628	0.111193854279541	0	0.102392782928517	0.136295108788659	0.117917492977247	0.0796623828773162	0.161142430327549	0.123485385238617	0.11963687249734	0.0982461364366461	0.147168373814477	0.114231409376617	0.146643755239981	0.0975580262902744	0.134082415367381	0.129280302469826	0.113534604958977	0.112460439029426	0.145026506108882	0.0953931526900926	0.0967748953933931	0.0989956984156522	0.116785685458833	0.157796364343823	0.148663371644097	0.130196781058344	0.168233774453187	0.0998927994173063	0.10781536892867	0.159467643899095	0.100036738480227	0.138872328622281
700023496	0.158534815664804	0.127515052487592	0.0989565221525423	0.173292963485312	0.141367859388421	0.0797267534799249	0.15954591067894	0.117329948102959	0.165361905064948	0.0897636454690624	0.109563923158074	0.10556091569344	0.100594108043055	0.111639207743048	0.115097160977391	0.140284896817059	0.0903366368699169	0.111644034648039	0.153928379087019	0.158702867760143	0.147395329792319	0.115933514319908	0.15227919642183	0.15559701025817	0.156121881466613	0.171703411952818	0.130520928164659	0.150226524431959	0.116496384864969	0.102392782928517	0	0.133967059048059	0.102966960067459	0.072109697181609	0.163156640938832	0.124424247804972	0.122760298316599	0.10248306612672	0.155662628936449	0.11307481181887	0.142974465638817	0.0869884603297673	0.127928596908895	0.124316810262367	0.100188051720111	0.108051497074743	0.132954612193494	0.0897129801271031	0.0888589137223383	0.106234193230999	0.116930973233451	0.179087610454408	0.161957548298209	0.123459392848434	0.17609172961159	0.096881863404124	0.13575173561468	0.175867108708898	0.119811138978056	0.156594375624483
700034628	0.118028559087883	0.140534250304545	0.111153372577571	0.147670777338612	0.142252421887009	0.127374241408451	0.0867294073268064	0.154394187910875	0.0942994439510338	0.144128215955535	0.0993244117450413	0.095335383786525	0.120258944296088	0.142909351307432	0.122040112519499	0.106979373992853	0.140792781890437	0.139263373201105	0.122873673862616	0.106266396572491	0.100118290427359	0.0774206510252396	0.132036929244567	0.122918575319125	0.0885691803622725	0.1514899303108	0.165355309775405	0.152898305491128	0.148708062596903	0.136295108788659	0.133967059048059	0	0.0985018779555551	0.113484495321216	0.152800551868786	0.083210311398613	0.136701761764985	0.127417371507854	0.12364929933464	0.147900133940037	0.156885455603279	0.103457512378282	0.134064777676663	0.0739911142460632	0.128053833501624	0.139781947069877	0.139420221377068	0.10645411771641	0.142767589321347	0.0792194492427055	0.0939566404427945	0.115999739073011	0.118120024927162	0.126474461739571	0.152349705388922	0.114470435168677	0.120557155755113	0.114235490132582	0.0995809352137471	0.0851000600540141
700023645	0.109719420003097	0.127751157361976	0.102854192840031	0.138718091985025	0.118185061013087	0.106109416163659	0.110515619429065	0.126386156925918	0.112885450346877	0.111600865601176	0.0853562669615189	0.0977000239986295	0.105550122272517	0.127335669446267	0.120039960137315	0.103194134399463	0.120250003360792	0.131795420383861	0.113727137367065	0.113135261082089	0.0962073586144162	0.0700359466839587	0.129009008411719	0.110935139401807	0.107363521063075	0.13706054058691	0.146097557609741	0.136336753451222	0.118240045632489	0.117917492977247	0.102966960067459	0.0985018779555551	0	0.0870155539999495	0.136631794442266	0.086429456515039	0.116616553186485	0.1209997108138	0.114457542815596	0.120577285441484	0.11498593079007	0.0929417035910883	0.124110650863664	0.102478777881917	0.100474879784784	0.10309943336234	0.11181702039597	0.0803930344649457	0.113805924206234	0.0822441662778542	0.0832334491086393	0.129344704876505	0.126358256929342	0.106710219327271	0.13637706111603	0.0991857326389424	0.101411254145022	0.124526030319431	0.0887765434866856	0.121054840786676
700038744	0.14172316537066	0.127139209483216	0.0898889513596979	0.155972446093505	0.132097896677968	0.083560524340256	0.140007299986963	0.112300240779781	0.150220386371937	0.092853226165021	0.0886064020326638	0.0926302245378067	0.0849451938920992	0.112192592095377	0.104018818709724	0.121053838368517	0.101030875603098	0.115623292212602	0.149643338426465	0.137001620388851	0.128076056021444	0.0905495143603443	0.134558121799287	0.138196964985773	0.129857478630327	0.149508832114103	0.128373077809036	0.131675065442998	0.111277804027347	0.0796623828773162	0.072109697181609	0.113484495321216	0.0870155539999495	0	0.156535382345827	0.10732912417146	0.115539855196382	0.0963698679052934	0.138808296941053	0.107087616759118	0.132452765954407	0.0792247173649165	0.124533082763587	0.113687833290527	0.0933891353880363	0.108052089221621	0.129965768427782	0.0700919225346352	0.0955852944654389	0.0801749584681045	0.101439313915352	0.160267148741295	0.145994330252643	0.112592759348993	0.162561416682416	0.0873476953340176	0.116009456391739	0.153851861956069	0.0902474725310504	0.138908449434347
700038485	0.120727088802977	0.139481832807544	0.15409450588819	0.121232083630615	0.100970587301628	0.158611332834766	0.130127336654936	0.177469454465904	0.128380915707789	0.16342566291622	0.145611463954045	0.16393415341214	0.169023084033975	0.126785680790923	0.166184881172003	0.134553946657576	0.165139387766308	0.155322368571391	0.116772709401911	0.138169698636425	0.137610707530865	0.147077586649225	0.114484726646431	0.109848780901542	0.146731777423114	0.0785612653810924	0.151867487308511	0.135976042847817	0.132778204985776	0.161142430327549	0.163156640938832	0.152800551868786	0.136631794442266	0.156535382345827	0	0.138359067708181	0.142864145520805	0.163023247511691	0.109928649156961	0.162001929213911	0.135600028120428	0.157298573107061	0.147717754206134	0.14951529821945	0.156438824544491	0.117444833785018	0.121914583864708	0.161032718691462	0.154601986971845	0.155732673101712	0.130405275287861	0.115944940008792	0.120090433455478	0.129775809217264	0.114629451260275	0.16665550133337	0.148997622874269	0.129482918356308	0.144610581506816	0.136476032095898
700024743	0.107814488117799	0.121223779701234	0.100789734944218	0.118533653051875	0.132594419743106	0.114918611139046	0.083456412526622	0.137007410187136	0.112974178097541	0.123893523730845	0.0911433821870013	0.101155908686946	0.117747246330473	0.127588484539228	0.112060350578268	0.125002769490139	0.128251876740928	0.140731112280857	0.125792682495715	0.0835926581992312	0.0898663304323064	0.0882083058942479	0.103947138074902	0.108155837379974	0.0868713281367486	0.130581644230224	0.152833143512003	0.140484916647342	0.125180399200732	0.123485385238617	0.124424247804972	0.083210311398613	0.086429456515039	0.10732912417146	0.138359067708181	0	0.13404353413603	0.119939686283059	0.112460609872145	0.133046179564702	0.136554047201654	0.1094960463229	0.122564022893574	0.0823856856326375	0.102648471006194	0.111897044241297	0.117305748739015	0.0962444573964373	0.118605027868681	0.0840330054596358	0.0872344898379311	0.10317719334652	0.0957127080583319	0.105170600650185	0.126829155495837	0.11973899790647	0.0877952773948793	0.0929150747931092	0.0784611986259996	0.0859871438461676
