700108602	700014971	700033565	700109389	700023058	700023927	700106341	700114221	700023543	700023439	700016978	700024192	700113058	700099448	700109870	700033928	700023693	700109627	700095416	700110425	700111580	700111302	700098605	700111991	700108960	700024452	700032931	700095837	700024548	700110161	700023496	700034628	700023645	700038744	700038485	700024743	700099596	700110760	700101587	700106399	700032322	700095653	700021312	700101230	700023590	700038905	700033136	700023382	700096424	700105469	700016908	700096053	700108479	700109569	700033814	700016125	700109756	700102665	700101777	700109455
700108602	0	0.151018449576332	0.160264374417611	0.0972754584882279	0.119524655831766	0.169047768092372	0.0872722102642221	0.189510830803875	0.100482132591602	0.165699522938285	0.121446622673399	0.16365388952781	0.166074917669754	0.153746533546059	0.159861987017928	0.109099045473349	0.180441994147368	0.162821680920854	0.0873154713962026	0.099613367815959	0.09694876409983	0.122888358726476	0.109869788019637	0.0743856485662143	0.097752876451757	0.0967353181098427	0.153796910879388	0.139274958248631	0.148173234584232	0.158989500818705	0.165009908933957	0.128878053392603	0.121885411067717	0.158512044322784	0.119390016685448	0.12554570973412	0.141412894148076	0.174835096882808	0.105012440699815	0.18540528853723	0.106929783483057	0.167967465679714	0.151702372720815	0.124217269721617	0.153399030999399	0.133111371538661	0.120466461559455	0.156656206664959	0.145184927981586	0.144259957349856	0.116293288127011	0.0881003105030312	0.091676049434795	0.113541501631738	0.0848562998305722	0.165257128728888	0.105737262067218	0.0862898743772925	0.133379848928775	0.10249582630396
700014971	0.151018449576332	0	0.141612284856783	0.162066577886839	0.134535533310339	0.151789631755843	0.153128471885417	0.139911508982588	0.151923154676944	0.123839485067328	0.12678160287123	0.157019399296248	0.139498276292971	0.123235789685308	0.136784217675158	0.156081186469479	0.120532711020844	0.158672291618767	0.145271732442904	0.139925010117967	0.132930964785734	0.121979754447656	0.111693357187398	0.149072953770404	0.151728814269778	0.134787819760044	0.118803763007052	0.141394901138477	0.114203713529659	0.133961206124369	0.130297553511623	0.137459524373315	0.11062868945913	0.130810348870627	0.145617840492965	0.116852347192391	0.14950817674072	0.154901118522489	0.144123279595503	0.138303101021068	0.1422744996873	0.13653795337064	0.131737588246164	0.130122711922574	0.126504658173844	0.130922608376765	0.114322921154962	0.132296091519938	0.125276189698667	0.123741341510602	0.137584673171352	0.151262340823293	0.142171156732252	0.12781104556362	0.153208433369837	0.12093863163114	0.138833821178442	0.139910352867716	0.128088059206892	0.149394952400941
700033565	0.160264374417611	0.141612284856783	0	0.13579500391008	0.14043397203656	0.0744487990378645	0.142696801101737	0.109025871887815	0.154641759309495	0.0953848847034337	0.0971457379722109	0.0552774577900237	0.0926650201111778	0.120440938754125	0.0810011728033869	0.118075868450409	0.0946117927375723	0.102581895542655	0.144139817849392	0.138345851450901	0.135499634344085	0.0853616113808896	0.126086971376837	0.145822878602208	0.126275783716279	0.155242386292093	0.131483621904414	0.132720485451587	0.109955187464136	0.103960643883769	0.101198264611302	0.104921166932887	0.100220050605352	0.0793408459176629	0.152734490202157	0.0997271356683992	0.128177965097742	0.0819445380769358	0.160528818533414	0.109170862160586	0.133842261339287	0.0787380452819637	0.121187589159282	0.116332251701465	0.0915606273925272	0.106676427544275	0.126843475551291	0.0754276805939251	0.112116030106444	0.0754885391294312	0.0671527571951614	0.161563096685471	0.147123190460869	0.119910089457984	0.174976690599354	0.0991858027196759	0.118886756771386	0.152676515498803	0.0826060393453422	0.133586488646998
700109389	0.0972754584882279	0.162066577886839	0.13579500391008	0	0.137997439190315	0.163993191048458	0.0907893555667853	0.18304945472542	0.143156831989948	0.170752142726297	0.144582788754332	0.143889581152884	0.159374059734585	0.154212071505107	0.141288119327406	0.132193982005115	0.171436404163687	0.176018401228604	0.129658360639966	0.0957869885749865	0.107420002190899	0.134902389270774	0.114999791579341	0.116194996803409	0.100886128961294	0.120491100893973	0.1768502537785	0.151977652066092	0.135051197412669	0.158980929757252	0.173083529276733	0.139968323574797	0.131027235015799	0.155299041702497	0.124815208367241	0.121581617927747	0.170478431881814	0.164493938725712	0.140822767889032	0.163356055609818	0.11985060217635	0.158771355868193	0.159647604812859	0.129883466954537	0.142614083840098	0.136890080060671	0.137378557796715	0.153251478058333	0.156230483520066	0.136771136565092	0.108097601925846	0.099794455611977	0.077552126113175	0.132522515779783	0.110296710171527	0.165198178852312	0.0961112862012763	0.0931635221018935	0.117016314933307	0.0955932152350027
700023058	0.119524655831766	0.134535533310339	0.14043397203656	0.137997439190315	0	0.141026750706541	0.118285871665648	0.164828514228202	0.114995045394336	0.142081751637872	0.125304205768311	0.147127172428703	0.149499820633977	0.123202191539231	0.137905875656006	0.122409034347556	0.14374452914877	0.151102532526074	0.116454282581971	0.132891579708467	0.125679291797129	0.131983653263547	0.119113977433192	0.127251781654865	0.141509257050273	0.102226924752101	0.152789162903818	0.139897380470219	0.121047352103092	0.132726514047966	0.135140227812331	0.13570040280113	0.125395347465475	0.129190305355689	0.108998232599622	0.128790794646792	0.11582921921769	0.140667943616703	0.117444615538017	0.15051104981034	0.114655838081748	0.138435722039594	0.129477812484638	0.124132275452501	0.121361472670625	0.113405957335604	0.113507020964213	0.131510871914621	0.126164035829655	0.137287378148138	0.122995024696107	0.120061749419734	0.124612883866179	0.124310530865922	0.123720804863062	0.143350310182139	0.125366132522856	0.127230603776665	0.12681442625274	0.12774132603546
700023927	0.169047768092372	0.151789631755843	0.0744487990378645	0.163993191048458	0.141026750706541	0	0.159048940050835	0.125829550652147	0.169010526274065	0.089900607251466	0.111411402365456	0.0951774644934799	0.109260277315357	0.107455209598374	0.0831506009230134	0.136222437631114	0.105072703479789	0.075999277259631	0.15296785813448	0.158066739568668	0.144972774872021	0.110250244929121	0.131851913967842	0.165510908973694	0.138414708438699	0.166287789531935	0.144776501494084	0.168890758161293	0.127755640764539	0.0985465254667437	0.0779644500879042	0.123427958874787	0.131416902979111	0.0859088292706914	0.165588036142117	0.11548948258182	0.114343311696874	0.0671817270689291	0.176769901532793	0.123295361997834	0.158221987031318	0.102059861042218	0.117466946291744	0.143805420663119	0.118231572098146	0.117019040543151	0.148352694366872	0.0986112792175482	0.0836432383032678	0.100542130614197	0.102594128482599	0.174001295896362	0.163504466549391	0.121680749489399	0.180160441231295	0.118813318961838	0.12574872138164	0.160688337481851	0.100523895092255	0.147192659480597
700106341	0.0872722102642221	0.153128471885417	0.142696801101737	0.0907893555667853	0.118285871665648	0.159048940050835	0	0.18474633499629	0.0933034090207582	0.169596214631806	0.12267280010021	0.139078628200585	0.157593379304975	0.147393254207665	0.145680857862722	0.118762561029487	0.169947815989208	0.163957381481645	0.107562192193632	0.075082734199436	0.0923832248413498	0.111900912679981	0.107617460936057	0.105035660870773	0.0724811866490418	0.110995486021182	0.174620847894994	0.149850675215725	0.143996966501551	0.159137332650105	0.161901794117407	0.088063569622015	0.112152620731817	0.149699432450849	0.119768437995543	0.0903533725893776	0.154253103608752	0.167679216096491	0.103292075454833	0.173157018086884	0.122250047269631	0.15416805732955	0.130104889307031	0.0908348538127368	0.136361281845787	0.137217420571459	0.128986496037532	0.140094886954053	0.153765408244121	0.12349368008913	0.107913581725471	0.0654031544616093	0.07222867126732	0.115608061176476	0.105272432899715	0.156298109603716	0.0858556206310317	0.0695767484142848	0.111724189038217	0.0776091793028038
700114221	0.189510830803875	0.139911508982588	0.109025871887815	0.18304945472542	0.164828514228202	0.125829550652147	0.18474633499629	0	0.188175919961701	0.0941998658007947	0.142039574533942	0.115513990839414	0.0927446369201369	0.150951471124309	0.0990855552303899	0.164069620750426	0.0707026997458838	0.144243402327531	0.178766474433365	0.177076948261075	0.165833408925988	0.142310858821343	0.167321046622162	0.173628097927715	0.176734980722748	0.18257400469314	0.127808695446659	0.148288903265974	0.119614936047787	0.125216069122127	0.128820505923101	0.151885881931388	0.128678919574457	0.115652243009999	0.182580664928994	0.13756245744323	0.161582679408361	0.0986003136245877	0.188134624993909	0.097777412282914	0.154481666653908	0.0894400904876855	0.151610034688518	0.15143475981728	0.102573426116787	0.131778857623038	0.129528197502796	0.0952280299542326	0.14233655549286	0.121550402049922	0.1342927103455	0.197482302673718	0.179073704224042	0.145212336323349	0.21136944908017	0.105610247685719	0.156221590441861	0.193934768401867	0.124447481593404	0.180129815318505
700023543	0.100482132591602	0.151923154676944	0.154641759309495	0.143156831989948	0.114995045394336	0.169010526274065	0.0933034090207582	0.188175919961701	0	0.165663905622365	0.126589149131364	0.157904487500757	0.16773508369364	0.148455317027367	0.158844910216685	0.0937982338376386	0.175842561119083	0.167109419703361	0.0955768978066175	0.122825259870987	0.112639156710588	0.116497091336506	0.115553330811219	0.10274680539471	0.119279538254193	0.10268453110821	0.163111300258932	0.137938110043819	0.164218611311262	0.156749004579538	0.164607463638483	0.10306064964204	0.129526191717972	0.158532453529545	0.117593615773751	0.129344920241013	0.140847270344293	0.174697295911457	0.0867730978621481	0.18502568124815	0.126262661720687	0.166896312991427	0.143129214222453	0.101451441121969	0.157695089349271	0.136562402188264	0.110627412804208	0.150409001714161	0.16066206974598	0.134208751443528	0.126847710551263	0.0890060998766014	0.112812217556712	0.129664462262193	0.111363513519834	0.161190589952238	0.132835805371171	0.104261784811764	0.140985622680862	0.105563849680816
700023439	0.165699522938285	0.123839485067328	0.0953848847034337	0.170752142726297	0.142081751637872	0.089900607251466	0.169596214631806	0.0941998658007947	0.165663905622365	0	0.113039757851352	0.107962696662047	0.0905568243196361	0.12273758524655	0.0882397279355227	0.143519338308371	0.0785382100579488	0.10624416385244	0.151313949781255	0.163263738771373	0.141435843568219	0.120456548279283	0.139662197886586	0.155085922818364	0.153174304187999	0.162777481450259	0.126021362751763	0.140129986818009	0.109075846740849	0.10105088065432	0.0940213642114083	0.134389309802607	0.113906393227816	0.0992033731581173	0.164070846534452	0.123055008898762	0.119817241670878	0.0836035066237678	0.168618330553463	0.0953966499282852	0.141474594384912	0.0919882062953745	0.137967505355227	0.139078303242488	0.103444339358244	0.113750340866948	0.123286003337664	0.0882441783274394	0.103989145267384	0.110726569353199	0.114983043180406	0.176627008956079	0.163512550990566	0.118167708469206	0.180936811654414	0.101043514354464	0.132857104970692	0.166340323897665	0.109882989122174	0.159186102274156
700016978	0.121446622673399	0.12678160287123	0.0971457379722109	0.144582788754332	0.125304205768311	0.111411402365456	0.12267280010021	0.142039574533942	0.126589149131364	0.113039757851352	0	0.102947179690437	0.118639672283338	0.12856449496982	0.1220030513946	0.102734702045336	0.123035059915878	0.113738280843997	0.119289307404558	0.124732426646937	0.110257693487281	0.0784708454174784	0.118131901611812	0.123764127505634	0.106725178684764	0.143400716128585	0.129388916085181	0.126223071741354	0.126209673552007	0.114594939414956	0.106508997689996	0.0970880539428166	0.093232888237944	0.0979219798555389	0.151735977960468	0.0985524163447478	0.113455291132891	0.12211116717377	0.124932849311926	0.142742601186061	0.115552663833795	0.10839993888919	0.111548894275431	0.110138013695624	0.1140582189538	0.118388293237186	0.11881666457583	0.0993868292040687	0.105252447466538	0.0972992506987829	0.082667235025727	0.140964192062313	0.133187990363779	0.086654018917905	0.148464745249162	0.115992599964673	0.105775370712635	0.131899190959415	0.0897212997775377	0.126736212960224
700024192	0.16365388952781	0.157019399296248	0.0552774577900237	0.143889581152884	0.147127172428703	0.0951774644934799	0.139078628200585	0.115513990839414	0.157904487500757	0.107962696662047	0.102947179690437	0	0.0873665729763146	0.143774279416338	0.0881203715993228	0.11846862574388	0.102034315032816	0.115239731479151	0.13835801004728	0.140672898070725	0.130170412357399	0.0863812738762585	0.134625764914596	0.154437958476337	0.122150806541508	0.165047574047198	0.145848199754873	0.144055753861377	0.120554495799619	0.126423813167207	0.112351351994303	0.0938892493738573	0.103934344931387	0.0921201251974228	0.167520465406155	0.108198591733001	0.139911559977281	0.0919959253502125	0.168747949433978	0.1026419329534	0.136253674942139	0.0733289599665028	0.144647141256496	0.111297039689614	0.0816620346737913	0.118429468494021	0.135498574056657	0.0734011255116941	0.131054920215325	0.0694865465794009	0.0707796601333868	0.162375267730309	0.150116146431453	0.129499591687615	0.184764045776106	0.0961553610884189	0.114462603681773	0.152449484927417	0.0825881501479191	0.132755733820396
700113058	0.166074917669754	0.139498276292971	0.0926650201111778	0.159374059734585	0.149499820633977	0.109260277315357	0.157593379304975	0.0927446369201369	0.16773508369364	0.0905568243196361	0.118639672283338	0.0873665729763146	0	0.134419565149686	0.0827680253866375	0.138497865626056	0.0946585415298717	0.129383884734879	0.160413692338602	0.141300105006967	0.144700943730771	0.112837878172761	0.141854126921505	0.168659795787149	0.148269338192544	0.165270607648817	0.129220996374368	0.124191341119654	0.0987510974281823	0.1011939502392	0.115648520391061	0.120128958454164	0.113679135024431	0.0965420984667533	0.171355826307384	0.11990555172461	0.148223939690948	0.103254084498387	0.171321626512392	0.0898408422183227	0.14573480315217	0.0664901126622305	0.155814320418088	0.125121728809089	0.0854742433079899	0.114352234784126	0.138716962435379	0.0859814456014194	0.122439660943789	0.100148599147337	0.109159965031781	0.168190725269931	0.161412124197584	0.145573556238492	0.192125222160723	0.0744935047386915	0.123866240146631	0.165179603820759	0.101613046420852	0.147746774482347
700099448	0.153746533546059	0.123235789685308	0.120440938754125	0.154212071505107	0.123202191539231	0.107455209598374	0.147393254207665	0.150951471124309	0.148455317027367	0.12273758524655	0.12856449496982	0.143774279416338	0.134419565149686	0	0.124048706353945	0.147743306918702	0.130760181636389	0.12230995601665	0.138824844834911	0.137711584765122	0.137104630703806	0.133571282778478	0.103343354538474	0.147652675554564	0.144820576355754	0.133509814377985	0.129526888954023	0.151014956305501	0.117033304986046	0.0985561664318831	0.116771500967418	0.139167349577647	0.128468348597031	0.11195905044635	0.135550131877091	0.120078778899536	0.123326174481695	0.118719446320791	0.152272541785998	0.148664686403534	0.156536109033474	0.136065519314852	0.113233597761969	0.142767212155105	0.124208279497826	0.109682791641964	0.130466780926154	0.133771622645342	0.0882556877373734	0.128839104399433	0.127605533064678	0.133432332744289	0.142571478085727	0.131513020302369	0.145846232481723	0.142957931194471	0.124834321597036	0.138999787963197	0.109929285074694	0.142274614732882
700109870	0.159861987017928	0.136784217675158	0.0810011728033869	0.141288119327406	0.137905875656006	0.0831506009230134	0.145680857862722	0.0990855552303899	0.158844910216685	0.0882397279355227	0.1220030513946	0.0881203715993228	0.0827680253866375	0.124048706353945	0	0.135328283429911	0.0901589781466484	0.120140122964158	0.152923628679296	0.140183122452483	0.129147509503438	0.112064022363239	0.12176315469436	0.158044845745933	0.13285449534213	0.159293839973807	0.139061819157927	0.140893155919897	0.101411831994359	0.0944079801311363	0.11826927617495	0.110653539382427	0.122865488149656	0.108283037942992	0.162476917830598	0.114538918213628	0.138983091702102	0.0701055694816066	0.17025366384035	0.0863815310086605	0.147060798300475	0.0772744476531751	0.153265492398706	0.127006816604601	0.0989469222599107	0.111856781806031	0.13643615642398	0.0801844817199817	0.115912616816086	0.092346479987194	0.101145397554593	0.158941521193019	0.146868339131199	0.13470504567532	0.174881452923047	0.0933603874432219	0.111933005514665	0.154443638476864	0.0844248046811461	0.131821620257438
700033928	0.109099045473349	0.156081186469479	0.118075868450409	0.132193982005115	0.122409034347556	0.136222437631114	0.118762561029487	0.164069620750426	0.0937982338376386	0.143519338308371	0.102734702045336	0.11846862574388	0.138497865626056	0.147743306918702	0.135328283429911	0	0.150768799713869	0.130545350533746	0.0972412815823968	0.117579978212554	0.108471585838834	0.100392818045856	0.120291346282988	0.0980603747022653	0.117812663236383	0.118974348679153	0.151663839072475	0.121826902441951	0.146428209205612	0.146052666374254	0.142146221990744	0.112699502592456	0.108954284751253	0.128855227855982	0.124201507604515	0.122266541458697	0.129263723549885	0.148409007439726	0.11266674901204	0.15978934726205	0.0987468276142656	0.128646497021912	0.143280636660735	0.11235011234508	0.126141616098196	0.123324976052131	0.105012785013559	0.125942726283868	0.14627172110879	0.107846092667579	0.0882125573896022	0.116624057783704	0.111495430418739	0.118050741377708	0.123096537737152	0.136986777545402	0.112262571940134	0.106900727476005	0.112616406982046	0.113117619979875
700023693	0.180441994147368	0.120532711020844	0.0946117927375723	0.171436404163687	0.14374452914877	0.105072703479789	0.169947815989208	0.0707026997458838	0.175842561119083	0.0785382100579488	0.123035059915878	0.102034315032816	0.0946585415298717	0.130760181636389	0.0901589781466484	0.150768799713869	0	0.123402324584459	0.160141319753548	0.164475000636492	0.149502028051063	0.124663062255324	0.150295871430169	0.167501777902826	0.162884940004154	0.166252786503866	0.126806565698982	0.142988160256056	0.100448498223055	0.11397085634808	0.0975248455162503	0.133951435128575	0.117954271925324	0.104153472135709	0.17132728488357	0.120274783963863	0.136530673600502	0.0990982850911647	0.175650691161951	0.0840773883179215	0.145147774729722	0.0875667315264446	0.125993757144762	0.137768308294485	0.0885357903060478	0.114358987131109	0.119269377464976	0.0862476762626427	0.11325372236066	0.106340451827104	0.120610141439217	0.187119357893457	0.164811513108282	0.134051616059364	0.194369014528931	0.0969199800396828	0.137855303120189	0.178313034400692	0.11760400613184	0.164358087826743
700109627	0.162821680920854	0.158672291618767	0.102581895542655	0.176018401228604	0.151102532526074	0.075999277259631	0.163957381481645	0.144243402327531	0.167109419703361	0.10624416385244	0.113738280843997	0.115239731479151	0.129383884734879	0.12230995601665	0.120140122964158	0.130545350533746	0.123402324584459	0	0.153244735087256	0.159408404190935	0.151625334406509	0.115494584347868	0.146089762777067	0.145948578640154	0.147532042198805	0.164558199377832	0.13515706695455	0.151812294758545	0.155249432988993	0.121765136877976	0.0963574266274438	0.132727715345758	0.12661867935903	0.104845878060539	0.163964709277993	0.131654890096759	0.106796945074434	0.100489426240636	0.17469442432894	0.140954314558152	0.160401390628917	0.119988954087376	0.126700855801529	0.135029883179324	0.139331195655682	0.131769903293899	0.148900827805559	0.124216243472248	0.0996436665950221	0.116271491659713	0.106570191999408	0.17650666502573	0.164887758521877	0.122881214786916	0.175336952523694	0.137955446909127	0.142467179677234	0.166218715618923	0.121405485162879	0.164727293017677
700095416	0.0873154713962026	0.145271732442904	0.144139817849392	0.129658360639966	0.116454282581971	0.15296785813448	0.107562192193632	0.178766474433365	0.0955768978066175	0.151313949781255	0.119289307404558	0.13835801004728	0.160413692338602	0.138824844834911	0.152923628679296	0.0972412815823968	0.160141319753548	0.153244735087256	0	0.121596353468912	0.100432466735505	0.114978108218933	0.110111462542335	0.0827380302719051	0.119866246681731	0.10080798197029	0.15221362176808	0.144957439995674	0.141835990406372	0.158712953197261	0.147210671568994	0.117111152526572	0.114227817454569	0.148055208259991	0.120946725798582	0.120809183223311	0.118502549451861	0.15964387401898	0.10145851836932	0.171509200732044	0.0999689435256597	0.157969363774122	0.130812060261502	0.117395477205213	0.137681679343749	0.121301225772781	0.10957284215186	0.145668673794317	0.140921950838545	0.133337125590658	0.107340326966113	0.105220481113877	0.117779826125324	0.112254729355838	0.102618994270691	0.155807901642474	0.114982960795306	0.102179875571098	0.128237557229047	0.117396330994542
700110425	0.099613367815959	0.139925010117967	0.138345851450901	0.0957869885749865	0.132891579708467	0.158066739568668	0.075082734199436	0.177076948261075	0.122825259870987	0.163263738771373	0.124732426646937	0.140672898070725	0.141300105006967	0.137711584765122	0.140183122452483	0.117579978212554	0.164475000636492	0.159408404190935	0.121596353468912	0	0.0887349658138235	0.116154764246896	0.092364531489221	0.111051361186062	0.0698882622598094	0.126153850575963	0.156687247353317	0.130661514573514	0.132588991212715	0.139664620563558	0.161757881326862	0.108993089795539	0.109764648131883	0.141885908280154	0.126060654989052	0.0935330229123918	0.157553928852259	0.164027522625277	0.124508728878637	0.165735148250854	0.128556453017378	0.142264151459593	0.138664763301916	0.0891938822304729	0.127861315958447	0.130318725070795	0.128617953824849	0.137614512925118	0.143610838044998	0.122908130026862	0.108927500037505	0.0829145156993202	0.0625779779804612	0.119397060248687	0.119646205340122	0.146848698908161	0.0725889081618057	0.0764280779100449	0.110306386740899	0.0860956566425397
700111580	0.09694876409983	0.132930964785734	0.135499634344085	0.107420002190899	0.125679291797129	0.144972774872021	0.0923832248413498	0.165833408925988	0.112639156710588	0.141435843568219	0.110257693487281	0.130170412357399	0.144700943730771	0.137104630703806	0.129147509503438	0.108471585838834	0.149502028051063	0.151625334406509	0.100432466735505	0.0887349658138235	0	0.0940652995428427	0.0922165208746084	0.0993272358900826	0.0720372559063955	0.127536491130998	0.158910404828388	0.149706128306985	0.123391309406532	0.14509099076435	0.144888929293341	0.0944246803231314	0.093916802372791	0.137174796693124	0.138760964268028	0.0926262691398833	0.15124033414664	0.151683569743077	0.127325666842325	0.157405481372369	0.113835769921215	0.135200326634393	0.142231640892577	0.0985966748868816	0.120512850991215	0.111840474259357	0.110782778312599	0.115616228010186	0.129043861793024	0.108605196412445	0.101194845236113	0.0964676780641688	0.0923122731982528	0.0943355640885075	0.1136598209068	0.138277556430231	0.0650533092154427	0.0753579220514751	0.0912820865595812	0.0834391396193098
700111302	0.122888358726476	0.121979754447656	0.0853616113808896	0.134902389270774	0.131983653263547	0.110250244929121	0.111900912679981	0.142310858821343	0.116497091336506	0.120456548279283	0.0784708454174784	0.0863812738762585	0.112837878172761	0.133571282778478	0.112064022363239	0.100392818045856	0.124663062255324	0.115494584347868	0.114978108218933	0.116154764246896	0.0940652995428427	0	0.118719804285728	0.114408883767975	0.0936731409625218	0.142036049635133	0.133437377777676	0.137690859595187	0.120925375812125	0.126524648487304	0.119956208656956	0.0742896273444599	0.0826857582038906	0.0984726573994796	0.139170194888379	0.0924124959060396	0.12687712316858	0.124523128603267	0.131902018266751	0.12896353044323	0.12564656170013	0.0997077741079753	0.120035355749661	0.092755991972663	0.106863753542199	0.12265019875335	0.116567158354404	0.0918640965565733	0.12124337658575	0.0713156134340871	0.0754851178365647	0.125669531284873	0.123201185490362	0.102825481094849	0.14493847043483	0.110050003613905	0.0988461256334573	0.117331756693029	0.0785176065013316	0.111139298922558
700098605	0.109869788019637	0.111693357187398	0.126086971376837	0.114999791579341	0.119113977433192	0.131851913967842	0.107617460936057	0.167321046622162	0.115553330811219	0.139662197886586	0.118131901611812	0.134625764914596	0.141854126921505	0.103343354538474	0.12176315469436	0.120291346282988	0.150295871430169	0.146089762777067	0.110111462542335	0.092364531489221	0.0922165208746084	0.118719804285728	0	0.112387043588592	0.105478004125636	0.119030172652147	0.136158244598967	0.13949887651994	0.131602325365735	0.124702915926437	0.142329242069724	0.10967962352622	0.116170686429749	0.129727723629494	0.123039416089084	0.096172391050473	0.131137770255967	0.132909648503388	0.12352587793953	0.15285081801229	0.132029938165708	0.141164132134898	0.136599479168562	0.105113689238684	0.135439105879659	0.104847609181359	0.120798688657349	0.127046538295177	0.12235021169261	0.111946635519289	0.113823224397123	0.0971544339694989	0.0967753977757606	0.111014318135028	0.11098533053769	0.144598907383628	0.102539467021281	0.0904116331671508	0.106758941410159	0.0875013993203003
700111991	0.0743856485662143	0.149072953770404	0.145822878602208	0.116194996803409	0.127251781654865	0.165510908973694	0.105035660870773	0.173628097927715	0.10274680539471	0.155085922818364	0.123764127505634	0.154437958476337	0.168659795787149	0.147652675554564	0.158044845745933	0.0980603747022653	0.167501777902826	0.145948578640154	0.0827380302719051	0.111051361186062	0.0993272358900826	0.114408883767975	0.112387043588592	0	0.108608200235123	0.0962485987134009	0.1434117156806	0.135199271467316	0.148754514014913	0.170418946884638	0.163639166732092	0.130200786711938	0.111933556164064	0.151269264244003	0.110870951174916	0.116812933434196	0.141159146740384	0.161339682742787	0.113278615368972	0.180135558931985	0.107711650058261	0.161019151990053	0.136047850370645	0.122678336936905	0.147816864063801	0.128202015340325	0.11201969682565	0.147773934377487	0.146052972556503	0.138258163038238	0.112400128026476	0.105017816307766	0.107798779840527	0.111447930255987	0.0917945627806627	0.165743016963875	0.114617092294671	0.0954072108699523	0.123446387049336	0.115368742003496
700108960	0.097752876451757	0.151728814269778	0.126275783716279	0.100886128961294	0.141509257050273	0.138414708438699	0.0724811866490418	0.176734980722748	0.119279538254193	0.153174304187999	0.106725178684764	0.122150806541508	0.148269338192544	0.144820576355754	0.13285449534213	0.117812663236383	0.162884940004154	0.147532042198805	0.119866246681731	0.0698882622598094	0.0720372559063955	0.0936731409625218	0.105478004125636	0.108608200235123	0	0.142272798569728	0.169675743930721	0.153045911059092	0.135595797523223	0.147065524090397	0.153131950833043	0.0830491165854908	0.110559314339468	0.136480422642424	0.149797693137369	0.0929054755564597	0.151693649215085	0.153301251741885	0.12927500650127	0.166059219573943	0.132946850515084	0.135409109615499	0.144277765668968	0.0979064249020736	0.129718844760268	0.13920739435393	0.135920681448578	0.127283738988115	0.138196340935987	0.104679038875317	0.0990802814590534	0.0936507768415734	0.0741458350032498	0.101964733291247	0.113777161121513	0.147173063455785	0.0725062508402184	0.079118295261794	0.0911928448358404	0.0831751692840073
700024452	0.0967353181098427	0.134787819760044	0.155242386292093	0.120491100893973	0.102226924752101	0.166287789531935	0.110995486021182	0.18257400469314	0.10268453110821	0.162777481450259	0.143400716128585	0.165047574047198	0.165270607648817	0.133509814377985	0.159293839973807	0.118974348679153	0.166252786503866	0.164558199377832	0.10080798197029	0.126153850575963	0.127536491130998	0.142036049635133	0.119030172652147	0.0962485987134009	0.142272798569728	0	0.149433557589591	0.132169513617869	0.12344954898644	0.157237398740511	0.168135923607594	0.14979836968465	0.124770020397971	0.153981073187905	0.0795393153384412	0.123928637914628	0.149471454196215	0.173467439776748	0.102326224346733	0.17020471717477	0.123716463281564	0.168013831801421	0.134541022186188	0.131505890421478	0.14762509424641	0.11547451873646	0.111773133412564	0.155281005492824	0.145197966585864	0.148950825102113	0.127848431793914	0.0956838605981769	0.108669276178024	0.131340083799668	0.104409124442188	0.162462976143753	0.123297729337753	0.117163946652216	0.134971893958874	0.131050222399194
700032931	0.153796910879388	0.118803763007052	0.131483621904414	0.1768502537785	0.152789162903818	0.144776501494084	0.174620847894994	0.127808695446659	0.163111300258932	0.126021362751763	0.129388916085181	0.145848199754873	0.129220996374368	0.129526888954023	0.139061819157927	0.151663839072475	0.126806565698982	0.13515706695455	0.15221362176808	0.156687247353317	0.158910404828388	0.133437377777676	0.136158244598967	0.1434117156806	0.169675743930721	0.149433557589591	0	0.132125270910668	0.137809907329955	0.136303979771676	0.142756613897344	0.150681109294798	0.1259151660176	0.129021121693325	0.150332210280518	0.141327716961935	0.133275858841826	0.134925577262474	0.161239031091603	0.147958999912689	0.155945528027289	0.124994385181212	0.132050308489598	0.140386204653001	0.130716269325948	0.134571967982382	0.13026785862689	0.135919755127049	0.130213235704222	0.136900331955138	0.14023206868901	0.17172353278392	0.161367310216781	0.130843777146699	0.16404503298409	0.137074967608628	0.155592658114521	0.170673378622066	0.134763467864794	0.17045645240403
700095837	0.139274958248631	0.141394901138477	0.132720485451587	0.151977652066092	0.139897380470219	0.168890758161293	0.149850675215725	0.148288903265974	0.137938110043819	0.140129986818009	0.126223071741354	0.144055753861377	0.124191341119654	0.151014956305501	0.140893155919897	0.121826902441951	0.142988160256056	0.151812294758545	0.144957439995674	0.130661514573514	0.149706128306985	0.137690859595187	0.13949887651994	0.135199271467316	0.153045911059092	0.132169513617869	0.132125270910668	0	0.114425831180363	0.130468590523892	0.156305145443661	0.147518103467599	0.119561703103246	0.135485170837926	0.124184757762237	0.13663483419202	0.140140595290355	0.161700371810361	0.134804298252482	0.149729568421478	0.128697400229505	0.129152829328756	0.13931955441649	0.118994597050211	0.12437899641921	0.124996580699783	0.122413827083783	0.135713830167147	0.15057415087181	0.140635324155194	0.120797895069222	0.152266018989646	0.139613539238703	0.14684004647977	0.149113404184941	0.140472441560876	0.139281570091198	0.151800637642239	0.134313894961564	0.151585392210888
700024548	0.148173234584232	0.114203713529659	0.109955187464136	0.135051197412669	0.121047352103092	0.127755640764539	0.143996966501551	0.119614936047787	0.164218611311262	0.109075846740849	0.126209673552007	0.120554495799619	0.0987510974281823	0.117033304986046	0.101411831994359	0.146428209205612	0.100448498223055	0.155249432988993	0.141835990406372	0.132588991212715	0.123391309406532	0.120925375812125	0.131602325365735	0.148754514014913	0.135595797523223	0.12344954898644	0.137809907329955	0.114425831180363	0	0.102274172762279	0.117805141440866	0.14081903124462	0.112851215162733	0.104195151443415	0.127796459383947	0.107815306604267	0.148147190622228	0.121737460892032	0.155702662247816	0.1079622898515	0.126944019745235	0.0952860438352342	0.137076107492847	0.136545302030176	0.074316230060294	0.0854221715646175	0.117249417994369	0.106304260898421	0.106930327958689	0.115279397327394	0.11074088616916	0.151212187273294	0.13582578678687	0.124682801437404	0.155295098769525	0.106703440797202	0.107505756589442	0.149903090558495	0.102047590751094	0.15067790960467
700110161	0.158989500818705	0.133961206124369	0.103960643883769	0.158980929757252	0.132726514047966	0.0985465254667437	0.159137332650105	0.125216069122127	0.156749004579538	0.10105088065432	0.114594939414956	0.126423813167207	0.1011939502392	0.0985561664318831	0.0944079801311363	0.146052666374254	0.11397085634808	0.121765136877976	0.158712953197261	0.139664620563558	0.14509099076435	0.126524648487304	0.124702915926437	0.170418946884638	0.147065524090397	0.157237398740511	0.136303979771676	0.130468590523892	0.102274172762279	0	0.110706383843971	0.135372234116066	0.135712456593474	0.0984989553802734	0.156672567344669	0.1306854089932	0.127393767884057	0.103153480863475	0.165755707614582	0.120368485895818	0.159385540440787	0.106383876911195	0.137537796716025	0.135357620594381	0.115124509743687	0.121044457770912	0.144018864545527	0.107793175704234	0.0926280873504749	0.114585913143595	0.123568878501687	0.159281235562702	0.158231665885203	0.12961334304565	0.172169176669874	0.109239801560437	0.126232688154189	0.158697216034742	0.108859424180758	0.150178073722182
700023496	0.165009908933957	0.130297553511623	0.101198264611302	0.173083529276733	0.135140227812331	0.0779644500879042	0.161901794117407	0.128820505923101	0.164607463638483	0.0940213642114083	0.106508997689996	0.112351351994303	0.115648520391061	0.116771500967418	0.11826927617495	0.142146221990744	0.0975248455162503	0.0963574266274438	0.147210671568994	0.161757881326862	0.144888929293341	0.119956208656956	0.142329242069724	0.163639166732092	0.153131950833043	0.168135923607594	0.142756613897344	0.156305145443661	0.117805141440866	0.110706383843971	0	0.132676336654129	0.120042821835075	0.0840943129057975	0.167423182235233	0.11774082349671	0.111316234348304	0.0982783543650419	0.170531032049331	0.129053730914002	0.144135393182477	0.10291580856201	0.103571765898238	0.140635863304817	0.105627733423425	0.112931439387102	0.133977968550557	0.0999254679109894	0.083628137321412	0.113307813946538	0.114569844691098	0.178858719806222	0.169410801983503	0.11256760843301	0.185381358251814	0.107921503471403	0.134996542092685	0.169817359923246	0.125160775718223	0.159712398543291
700034628	0.128878053392603	0.137459524373315	0.104921166932887	0.139968323574797	0.13570040280113	0.123427958874787	0.088063569622015	0.151885881931388	0.10306064964204	0.134389309802607	0.0970880539428166	0.0938892493738573	0.120128958454164	0.139167349577647	0.110653539382427	0.112699502592456	0.133951435128575	0.132727715345758	0.117111152526572	0.108993089795539	0.0944246803231314	0.0742896273444599	0.10967962352622	0.130200786711938	0.0830491165854908	0.14979836968465	0.150681109294798	0.147518103467599	0.14081903124462	0.135372234116066	0.132676336654129	0	0.101738064406576	0.115289389378285	0.152809032270357	0.0816066880871893	0.129966120557888	0.129538983243215	0.136574685645627	0.142574832763878	0.141420397377747	0.107076201865336	0.134435313465024	0.0784503080624882	0.117022814102907	0.133314967276049	0.133860227532677	0.0985045308911556	0.135211220340306	0.0780189953339726	0.0975449303012719	0.118020427056327	0.115078446936103	0.115018287315916	0.15328980689672	0.114314341014046	0.0962253936047781	0.101584913607254	0.0872423894510043	0.0813866959122171
700023645	0.121885411067717	0.11062868945913	0.100220050605352	0.131027235015799	0.125395347465475	0.131416902979111	0.112152620731817	0.128678919574457	0.129526191717972	0.113906393227816	0.093232888237944	0.103934344931387	0.113679135024431	0.128468348597031	0.122865488149656	0.108954284751253	0.117954271925324	0.12661867935903	0.114227817454569	0.109764648131883	0.093916802372791	0.0826857582038906	0.116170686429749	0.111933556164064	0.110559314339468	0.124770020397971	0.1259151660176	0.119561703103246	0.112851215162733	0.135712456593474	0.120042821835075	0.101738064406576	0	0.0965196614671679	0.130172017768277	0.0852639387791435	0.133124005795523	0.126561880576685	0.132660410664146	0.132919941679623	0.113261126744399	0.100681201013699	0.115115873580198	0.0863528968552621	0.0907966106652748	0.109030706504066	0.104235792783558	0.0940362199786799	0.127996866147306	0.0949221569495638	0.0858060937040834	0.128611135782824	0.11757384476606	0.11068910424569	0.141650220177774	0.106923105327404	0.0973856465793713	0.115090191042602	0.0887749183674508	0.11763028871448
700038744	0.158512044322784	0.130810348870627	0.0793408459176629	0.155299041702497	0.129190305355689	0.0859088292706914	0.149699432450849	0.115652243009999	0.158532453529545	0.0992033731581173	0.0979219798555389	0.0921201251974228	0.0965420984667533	0.11195905044635	0.108283037942992	0.128855227855982	0.104153472135709	0.104845878060539	0.148055208259991	0.141885908280154	0.137174796693124	0.0984726573994796	0.129727723629494	0.151269264244003	0.136480422642424	0.153981073187905	0.129021121693325	0.135485170837926	0.104195151443415	0.0984989553802734	0.0840943129057975	0.115289389378285	0.0965196614671679	0	0.149097177706872	0.104092912073319	0.122256112420348	0.091330653709702	0.164506553312512	0.118078815983053	0.137865621358115	0.0763224246337045	0.10849477562164	0.125620488099014	0.0849707390785868	0.0987167661988185	0.129276103909499	0.0858955750853776	0.0967090939448538	0.100046865083148	0.0958919146750058	0.165160886856641	0.15387925159341	0.111491373347072	0.17881448051584	0.103504582158702	0.12271116100208	0.152981063122907	0.0953088505690689	0.148533287563288
700038485	0.119390016685448	0.145617840492965	0.152734490202157	0.124815208367241	0.108998232599622	0.165588036142117	0.119768437995543	0.182580664928994	0.117593615773751	0.164070846534452	0.151735977960468	0.167520465406155	0.171355826307384	0.135550131877091	0.162476917830598	0.124201507604515	0.17132728488357	0.163964709277993	0.120946725798582	0.126060654989052	0.138760964268028	0.139170194888379	0.123039416089084	0.110870951174916	0.149797693137369	0.0795393153384412	0.150332210280518	0.124184757762237	0.127796459383947	0.156672567344669	0.167423182235233	0.152809032270357	0.130172017768277	0.149097177706872	0	0.126950681668716	0.14920584014545	0.170559120399012	0.116632625169735	0.173307218694631	0.124983907651343	0.161853589943574	0.13634948639992	0.130012092723608	0.149645267180516	0.114476687567379	0.109005310652924	0.167295013012187	0.155385144263385	0.157657959149625	0.127241892743187	0.108913537756552	0.117425827475334	0.13824566706339	0.107132119235957	0.17166943326739	0.133297749501613	0.123003068481624	0.13759615819899	0.137655709084297
700024743	0.12554570973412	0.116852347192391	0.0997271356683992	0.121581617927747	0.128790794646792	0.11548948258182	0.0903533725893776	0.13756245744323	0.129344920241013	0.123055008898762	0.0985524163447478	0.108198591733001	0.11990555172461	0.120078778899536	0.114538918213628	0.122266541458697	0.120274783963863	0.131654890096759	0.120809183223311	0.0935330229123918	0.0926262691398833	0.0924124959060396	0.096172391050473	0.116812933434196	0.0929054755564597	0.123928637914628	0.141327716961935	0.13663483419202	0.107815306604267	0.1306854089932	0.11774082349671	0.0816066880871893	0.0852639387791435	0.104092912073319	0.126950681668716	0	0.133695175937957	0.125854254493379	0.123540205243074	0.128461527955493	0.121392155226373	0.112345187440971	0.108525325158635	0.0928023199545764	0.0974357010199899	0.10417223129326	0.111275181071505	0.0938432349515407	0.113796980660148	0.0919921856551289	0.0893775458801159	0.114641928976465	0.108073632919041	0.0957454955899176	0.136935643447524	0.121148588546266	0.0840984042443473	0.0975523778828573	0.0820611408756154	0.0988735867578059
