700108602	700014971	700033565	700109389	700023058	700023927	700106341	700114221	700023543	700023439	700016978	700024192	700113058	700099448	700109870	700033928	700023693	700109627	700095416	700110425	700111580	700111302	700098605	700111991	700108960	700024452	700032931	700095837	700024548	700110161	700023496	700034628	700023645	700038744	700038485	700024743	700099596	700110760	700101587	700106399	700032322	700095653	700021312	700101230	700023590	700038905	700033136	700023382	700096424	700105469	700016908	700096053	700108479	700109569	700033814	700016125	700109756	700102665	700101777	700109455
700108602	0	0.233036936258694	0.315519540241644	0.239360390305547	0.201136347182839	0.29218288378159	0.0975102774130358	0.302485539198369	0.103097969027651	0.277027602277835	0.194403743905411	0.337499959600508	0.298702221185752	0.229355703745151	0.326533521012276	0.195171525868641	0.277836139015997	0.271076129317321	0.117207002316932	0.116916997635789	0.155856645876216	0.223276710007729	0.118124623382458	0.0511049507639605	0.162586579100063	0.189490416881108	0.223032058724049	0.322854911119825	0.29060377507006	0.320004848934374	0.247218978997374	0.24393605434067	0.210515180278785	0.276838552910564	0.143928975825902	0.134763904324168	0.226695356421726	0.309187930079182	0.0771765082405992	0.353670989236229	0.150735711506847	0.318897464189842	0.172436492576607	0.171148107817617	0.285488050193512	0.202322137023022	0.15450764355746	0.291953959776725	0.226030944413022	0.306668364510128	0.276824495286296	0.0838997594243546	0.116873857420673	0.149113856308999	0.125271619958547	0.286145517051911	0.157596721569248	0.0997688109313094	0.282378895258312	0.13067994918806
700014971	0.233036936258694	0	0.304171627827638	0.34329316773145	0.166918084847099	0.282922101229115	0.267947583666599	0.213570798274765	0.218380602943649	0.210564858117876	0.197621529031086	0.335940748929057	0.208574690905846	0.180469632719912	0.289235823427647	0.258400409178528	0.191478027249271	0.26358458677415	0.246994936732776	0.236189824731394	0.273188625043803	0.264222943985805	0.211345125038309	0.24167710786135	0.325757753919606	0.180749976221778	0.13831700818693	0.203247346871804	0.144486110973329	0.179267688129601	0.221311746131999	0.295701726720353	0.174198021250795	0.186432829682158	0.179529579478503	0.20472463366138	0.237848534108288	0.294087414154217	0.202558679152996	0.242425105887123	0.187591747158193	0.26294756577952	0.187874020439259	0.244570891811948	0.163964507529542	0.166121923728543	0.1427598591385	0.271460739447178	0.204223198716849	0.320600495772637	0.31381048305829	0.234882039479936	0.255311777458066	0.217187020029231	0.287235858924121	0.22374754235049	0.247106495216585	0.272667089558172	0.294022660580669	0.259455931109125
700033565	0.315519540241644	0.304171627827638	0	0.443829482283986	0.296833124480729	0.0777793535213321	0.317152271283424	0.18231079839486	0.299389651479881	0.1351404888246	0.171944700045029	0.0793416308163344	0.176244615691822	0.187564757472854	0.191339248391206	0.150248193772206	0.198868668931711	0.130403803404024	0.249316225004723	0.320691753998995	0.246352291012047	0.129453007004277	0.319168442094296	0.290783767673055	0.291515504287358	0.334817290473299	0.237606811034723	0.369552850635113	0.320204110456349	0.22263366283444	0.164241677639726	0.15720542682229	0.195277426630559	0.156881682138218	0.345492679789034	0.235673474684025	0.249907349008959	0.12442766130199	0.281741356700525	0.243978294266516	0.245924513732104	0.0994577620252899	0.234107722165984	0.230971772852571	0.237098657876629	0.235214657246994	0.248204458792294	0.13283499679197	0.161758376394801	0.0765982791981627	0.114484468319766	0.331789986933838	0.352425023734671	0.202131875535195	0.386715751436058	0.139952232777149	0.23480313220261	0.285132425119266	0.101989574997812	0.290686482116859
700109389	0.239360390305547	0.34329316773145	0.443829482283986	0	0.331642523314416	0.435119642685731	0.218393080642013	0.418592128054183	0.290854159830005	0.411770149949575	0.348171229058712	0.456354305251187	0.414939185168578	0.378688975286094	0.437613116030094	0.356177931991055	0.404523459870845	0.425330301884077	0.310663431705844	0.208146453831352	0.303491732666918	0.378859874744997	0.228105248704474	0.254389970593623	0.277240653523164	0.273236246594208	0.367654033417175	0.421949220692833	0.372502271645212	0.426374514048785	0.403493644966745	0.401043836793691	0.346637064434241	0.404640581515358	0.235849807814416	0.294794704365534	0.387803921614004	0.447424253796033	0.263572841311188	0.425558816113187	0.291533573627338	0.432108465479674	0.344220820442807	0.338829957948498	0.389120296113423	0.321816465632369	0.325150333810092	0.421205403180814	0.380135210552209	0.43494817452399	0.417687745735878	0.208123404597231	0.161486738758735	0.330806391205426	0.19248406626706	0.407611247965437	0.274433344039158	0.245630629455468	0.406981031470793	0.270410318095471
700023058	0.201136347182839	0.166918084847099	0.296833124480729	0.331642523314416	0	0.2446172299695	0.220769747241896	0.230003304549957	0.169454334726712	0.224079786772381	0.189039316787509	0.319129228860258	0.236876482559413	0.178270511460666	0.288209922728125	0.227563214590857	0.207395538963391	0.231338593950827	0.198039265605572	0.216660343979893	0.240193877838322	0.241615945418813	0.192881492477714	0.196982180124633	0.304557411057017	0.167925372724723	0.165004366678275	0.277890661482383	0.227756647958892	0.238125743280035	0.199722255717862	0.289156481441619	0.18210746803481	0.211093561105678	0.170380494023046	0.218068474091019	0.164319276875516	0.225660700304156	0.172667747440863	0.286036032592442	0.164621343729785	0.269043417277876	0.13864546857101	0.234595665394219	0.209163337892064	0.164757987237935	0.116139137476689	0.261990807487884	0.183054323001825	0.303293770322853	0.295970850896825	0.195336826908185	0.22506363973765	0.187399438018485	0.270032547849523	0.236042311887098	0.235311903481963	0.237323281838292	0.281478589668548	0.216101111537219
700023927	0.29218288378159	0.282922101229115	0.0777793535213321	0.435119642685731	0.2446172299695	0	0.300207126708227	0.160791846512104	0.280208259369194	0.107448949848502	0.162544220690578	0.136357664325612	0.158589559575193	0.142031717148645	0.180446407497985	0.160492005999014	0.172195518376092	0.099046802441109	0.216106191674275	0.311276730478909	0.217182603664971	0.151030042142009	0.279692357628451	0.266305204715161	0.277869823534304	0.303096087397428	0.208739565802404	0.363587722895603	0.294287316581188	0.209884233316902	0.113285185585555	0.16721091906816	0.181804944152801	0.13126571790294	0.316050064196765	0.225888297908461	0.212662673238171	0.0731145803109907	0.265471384679674	0.225266078082913	0.228020148781919	0.105588894911925	0.194175623783725	0.222206146425797	0.211374743583232	0.205925501954606	0.215570428958331	0.119045509752285	0.105729588056214	0.117698708807152	0.158156097457945	0.318707410259818	0.340449023313843	0.165759353582481	0.358556111472884	0.120301035982843	0.203834046497915	0.270859665467167	0.105004186598705	0.267966330733493
700106341	0.0975102774130358	0.267947583666599	0.317152271283424	0.218393080642013	0.220769747241896	0.300207126708227	0	0.299587275339697	0.127438157475151	0.288317442035533	0.210991917694855	0.321825692620347	0.297855464704287	0.252045591388956	0.325532872774974	0.217171906953127	0.289061594135601	0.307392987286606	0.139230876232087	0.0945401059616992	0.146130256890816	0.223017383015325	0.123447976246267	0.110905254709733	0.1268254300931	0.243599979068502	0.278734598077441	0.362342122078756	0.306726701509789	0.332987468570808	0.264898185603435	0.217125677931902	0.219617631024629	0.291852356053907	0.19536012109561	0.129535597129307	0.269928216683956	0.316984090510585	0.116344039375023	0.358830128321734	0.157675388009713	0.30850661397039	0.185899619228051	0.16001151151417	0.279220845924022	0.224398947805904	0.190541414343203	0.287336691848777	0.247845165519643	0.296620082209171	0.289639657094544	0.0937071631262967	0.098573663763993	0.165975344030915	0.14180158498618	0.282289120434369	0.13636295440455	0.0910029753470757	0.273460796856494	0.085975780237583
700114221	0.302485539198369	0.213570798274765	0.18231079839486	0.418592128054183	0.230003304549957	0.160791846512104	0.299587275339697	0	0.268726383247078	0.0991930241436211	0.198216226116775	0.212740556637033	0.0688359098403396	0.139289815926555	0.139726127665601	0.234143477726166	0.0974908101621504	0.198431430194848	0.274974326012748	0.274237005344981	0.279410254006965	0.237715114041755	0.297508771938265	0.292063357599237	0.351371974657149	0.284390522896974	0.157731171112693	0.288100145558097	0.22312108115611	0.129163377534526	0.167852874560505	0.248320653852165	0.170181729671654	0.1264505620534	0.299673870088394	0.228042135222481	0.23509972887555	0.145835843486932	0.265827808324443	0.133239386327493	0.206298333844629	0.109350657603263	0.222135951868833	0.239282341482831	0.14495328158952	0.168491647548296	0.182499340221728	0.128358046183416	0.167382098388241	0.213006840153707	0.259096717087678	0.301066141455994	0.31790808192963	0.244160995578513	0.386005921964624	0.0935637125850772	0.224770876872662	0.320765109474109	0.19882248910232	0.283762257196326
700023543	0.103097969027651	0.218380602943649	0.299389651479881	0.290854159830005	0.169454334726712	0.280208259369194	0.127438157475151	0.268726383247078	0	0.252219349298416	0.176978721044211	0.320879767864177	0.261142949055499	0.208057794014093	0.317379843717496	0.188075122672104	0.252357126284404	0.263254457216275	0.122348632775014	0.150784201223772	0.180409931172403	0.20689736795622	0.160064633386787	0.109071422392697	0.187896299928233	0.195805075394925	0.206922140148889	0.309607300012691	0.298279636296165	0.288283425702369	0.232939269333286	0.208043434132628	0.188717081011669	0.240286377144726	0.153939929437353	0.146802071646978	0.21069486355584	0.296635331524248	0.0929430491587905	0.330733189818455	0.144607932086911	0.282685926774598	0.15158517300575	0.119520058107317	0.259813948381347	0.208234453083009	0.138643905536576	0.27489459125025	0.22638487128954	0.289231571236954	0.271460160534032	0.105428452306568	0.150226524937903	0.149622717040633	0.181933902638823	0.252214507884225	0.193803990655426	0.13117590159654	0.279801873786672	0.117651762165693
700023439	0.277027602277835	0.210564858117876	0.1351404888246	0.411770149949575	0.224079786772381	0.107448949848502	0.288317442035533	0.0991930241436211	0.252219349298416	0	0.153552499788858	0.180513002053495	0.0781465164335942	0.0972312007838965	0.154890952124838	0.185796739705033	0.0926381842346608	0.124539148117389	0.229381281216081	0.27189199701566	0.231599958490832	0.198230025987508	0.268770579511407	0.253279753717888	0.307415811886734	0.284053731716646	0.15917860966244	0.307512244264146	0.240088412657671	0.153905894118356	0.0925621467915862	0.21384405733817	0.149834133667266	0.099500003545348	0.293603903317094	0.18930075033073	0.198553496368174	0.10980660469326	0.234916699423093	0.164661757170987	0.183446912578031	0.103504963718315	0.177080180651528	0.202432285311388	0.153671988066965	0.155514903384543	0.174162097897026	0.0993352936999365	0.097147029584616	0.174670647665536	0.21104204259361	0.289183236503917	0.311404173899293	0.180611440653369	0.354431467690024	0.0838038027028464	0.195553435558545	0.268438955101851	0.159562063924914	0.249554496873995
700016978	0.194403743905411	0.197621529031086	0.171944700045029	0.348171229058712	0.189039316787509	0.162544220690578	0.210991917694855	0.198216226116775	0.176978721044211	0.153552499788858	0	0.192285434827088	0.19153564937477	0.151361049892084	0.25434688793942	0.101775076980322	0.182010221459104	0.127675575674575	0.156992591201222	0.183974946610653	0.158425565235486	0.0944565284096624	0.223868064965513	0.172377041744291	0.195220008236996	0.247567723221615	0.177710292306	0.293175089003885	0.253263882615585	0.225890655956534	0.127673324022385	0.150428274888953	0.0748954888476761	0.126660184251324	0.239298860718369	0.118720036798399	0.179795158789911	0.198103929641152	0.163726058323146	0.266923976207385	0.120221723421795	0.151860362870427	0.109264851659979	0.129743127992271	0.175405119426042	0.168239410970597	0.136402798401541	0.161640790825163	0.125450953833404	0.180837142772309	0.160746704578327	0.208503435650232	0.225735000870721	0.11418460502063	0.277671553275051	0.143174098177475	0.162478315861832	0.172140308332938	0.165109752151193	0.187694360739743
700024192	0.337499959600508	0.335940748929057	0.0793416308163344	0.456354305251187	0.319129228860258	0.136357664325612	0.321825692620347	0.212740556637033	0.320879767864177	0.180513002053495	0.192285434827088	0	0.208870146153143	0.232669495419089	0.206983058274392	0.167312270002728	0.21749677225909	0.165795405230554	0.267583380126392	0.332113583334353	0.245780498695078	0.147040066839996	0.343740076360775	0.320069615601684	0.304879050422345	0.362266621051296	0.281779574904614	0.38828276358212	0.324036241003104	0.278383339646403	0.178546273662757	0.169031646994027	0.206070305201226	0.183118341689312	0.376194612361597	0.253273928965515	0.282417376038209	0.163726371005686	0.309519913316048	0.261814057156824	0.260141315299614	0.123078764375583	0.263814866701653	0.239471606431331	0.234492624601237	0.247816465941839	0.277868244881177	0.144929509563941	0.19302434223604	0.0738820707387381	0.103719532027489	0.351219775330208	0.368657417642155	0.231067812058734	0.415117026761271	0.161951203940716	0.23967669486476	0.305905413584773	0.130472461817396	0.301935352182317
700113058	0.298702221185752	0.208574690905846	0.176244615691822	0.414939185168578	0.236876482559413	0.158589559575193	0.297855464704287	0.0688359098403396	0.261142949055499	0.0781465164335942	0.19153564937477	0.208870146153143	0	0.125880742707161	0.144686390656632	0.230013211196225	0.105096223082236	0.185184954654121	0.26957955101015	0.273412827369531	0.270370573596836	0.236590174018977	0.291217195531375	0.28646029298922	0.3465113118419	0.289960269453032	0.165147625509195	0.288403750883446	0.223433251265115	0.143089295036529	0.151751911908613	0.249069512017678	0.173824018729139	0.120295289088815	0.306157652937381	0.229628686587468	0.233386385831701	0.156761865225347	0.25341025872327	0.138387561559189	0.204354176907779	0.100603194394427	0.222156241527339	0.238689109344155	0.150266475604664	0.166888748680735	0.195910688728469	0.125399726089249	0.157045317619077	0.207880505539456	0.250183203060954	0.29329804121116	0.316775687670788	0.238812569025145	0.379746706455802	0.0841730311688325	0.22288320858357	0.314856592668905	0.192976012110733	0.277791271181553
700099448	0.229355703745151	0.180469632719912	0.187564757472854	0.378688975286094	0.178270511460666	0.142031717148645	0.252045591388956	0.139289815926555	0.208057794014093	0.0972312007838965	0.151361049892084	0.232669495419089	0.125880742707161	0	0.199957352900133	0.184062638873092	0.12056976443182	0.145637376359786	0.188113050655509	0.231043108833916	0.219718296093765	0.210317875565991	0.213137432881543	0.203554012076593	0.292025525311954	0.21935591576423	0.108798344367351	0.284289809903633	0.210111364775532	0.158579006315897	0.111190069551727	0.232924430242553	0.138149942754962	0.117233752409218	0.238162589729822	0.182528299625086	0.154236150518927	0.150669162149633	0.20080268846159	0.20408529798153	0.163374565651012	0.152785656497332	0.142150369443429	0.205940104110884	0.139621327712636	0.13657821718981	0.126254319786465	0.155676123015017	0.0804722041144447	0.209998945311445	0.224131819529148	0.241433011829258	0.273587738794732	0.16544666698264	0.300495428321244	0.126097555072652	0.174194149736782	0.244399591027532	0.188921967203099	0.228560728065023
700109870	0.326533521012276	0.289235823427647	0.191339248391206	0.437613116030094	0.288209922728125	0.180446407497985	0.325532872774974	0.139726127665601	0.317379843717496	0.154890952124838	0.25434688793942	0.206983058274392	0.144686390656632	0.199957352900133	0	0.270476503058324	0.147518377219756	0.246322305337914	0.305195342683773	0.32757246126132	0.278232255639159	0.27329968919352	0.312228733938138	0.329667463904565	0.374053355495253	0.333778693815147	0.232589518984459	0.352950852023079	0.252555126500528	0.214291086092804	0.200629120605556	0.278267768961374	0.251368407798637	0.219094480793296	0.349244929931188	0.27318804281508	0.286655306508226	0.161752678617235	0.299226704069022	0.154295769852321	0.273921383994638	0.156581408492397	0.286242891607624	0.277826048694158	0.207816402540691	0.193014103207384	0.251955168042699	0.116398156297798	0.208602818508531	0.213932231148983	0.278536184432605	0.347680691841575	0.348283056747552	0.275661997539763	0.395900589169245	0.155723787911392	0.247234455472289	0.349412853704522	0.206153580719644	0.310045361255572
700033928	0.195171525868641	0.258400409178528	0.150248193772206	0.356177931991055	0.227563214590857	0.160492005999014	0.217171906953127	0.234143477726166	0.188075122672104	0.185796739705033	0.101775076980322	0.167312270002728	0.230013211196225	0.184062638873092	0.270476503058324	0	0.222929337053008	0.141777394870482	0.152345209650444	0.224672449643157	0.158611438833538	0.0819208497003679	0.239308584309776	0.174775415348159	0.206135788599954	0.260982495561962	0.226417851367536	0.326819018862337	0.294139802233622	0.26435940501664	0.155809501925224	0.127662871364922	0.115943582858016	0.16859974771313	0.257924467028296	0.177246762979461	0.203347271166482	0.205795791771174	0.168254534511103	0.301472035354905	0.151416891078598	0.161535331132094	0.159876291795209	0.155979281984575	0.213527974492214	0.203021652134225	0.163366137427804	0.189927633772359	0.149810883248872	0.140287093041614	0.117263420037131	0.214635371844162	0.243765528403682	0.135287552098236	0.282889804556048	0.177096096495526	0.179260791696755	0.170664309071499	0.12552563957212	0.187630332113465
700023693	0.277836139015997	0.191478027249271	0.198868668931711	0.404523459870845	0.207395538963391	0.172195518376092	0.289061594135601	0.0974908101621504	0.252357126284404	0.0926381842346608	0.182010221459104	0.21749677225909	0.105096223082236	0.12056976443182	0.147518377219756	0.222929337053008	0	0.173179804467993	0.254716663016859	0.269523201151529	0.237220642863658	0.233633621199121	0.264397734209465	0.271323916431993	0.341114782780202	0.267892255693127	0.140510723550851	0.283711723001362	0.184726592111183	0.16127673915634	0.118626197107755	0.25625589288667	0.164767305562296	0.128400009877176	0.277114253797163	0.214113815538134	0.211721117616794	0.172370747557467	0.240122811068517	0.140666295661618	0.191469329658542	0.152114014019377	0.196120748717165	0.233184396173895	0.131354440845067	0.115923372819004	0.15540279756394	0.127389991180146	0.134296980017798	0.22487516811958	0.25702411788552	0.287478471869482	0.299993893345272	0.217821547277292	0.354593569950731	0.119082610214985	0.203545337538288	0.303954241926658	0.21848280585511	0.270494719485353
700109627	0.271076129317321	0.26358458677415	0.130403803404024	0.425330301884077	0.231338593950827	0.099046802441109	0.307392987286606	0.198431430194848	0.263254457216275	0.124539148117389	0.127675575674575	0.165795405230554	0.185184954654121	0.145637376359786	0.246322305337914	0.141777394870482	0.173179804467993	0	0.226943250928506	0.284990539686995	0.244684865634087	0.161044198499362	0.285074812363761	0.244386406646972	0.28147842612839	0.293226077251435	0.186974311091385	0.336323596841713	0.305915802126739	0.225347092591647	0.103336582080639	0.193132208582675	0.160844894009624	0.115906817769586	0.304073354266642	0.211642433967718	0.172800253038999	0.130281783740031	0.251556909029092	0.265565130352956	0.216474251172559	0.141753710648233	0.173841076460511	0.2072184923485	0.223866931009641	0.213916389970914	0.206275920446385	0.169937186866262	0.105595491816784	0.172524563364318	0.170101639881136	0.303059080952233	0.324907190164289	0.18844376123864	0.342697564840493	0.157997115109448	0.226623051297292	0.257032232173852	0.175905349531061	0.279818886076058
700095416	0.117207002316932	0.246994936732776	0.249316225004723	0.310663431705844	0.198039265605572	0.216106191674275	0.139230876232087	0.274974326012748	0.122348632775014	0.229381281216081	0.156992591201222	0.267583380126392	0.26957955101015	0.188113050655509	0.305195342683773	0.152345209650444	0.254716663016859	0.226943250928506	0	0.169098679434078	0.109275597811773	0.15946479785866	0.163881186885874	0.0945130430146021	0.151286496449914	0.213329770315045	0.221338117304563	0.344925954823711	0.28177679771489	0.297375273361586	0.191437986569713	0.177568860879113	0.167692061303562	0.232376413072396	0.183045006701157	0.132040121196618	0.201762896012865	0.239345871538121	0.103961649996277	0.339299308517627	0.112325802272113	0.270105733516913	0.111720042555077	0.135601246170523	0.244907230050396	0.19705083194553	0.138589441356304	0.242175759308936	0.174902274367136	0.234754868810684	0.223057938634787	0.1542686598331	0.187744944797871	0.0788660018277078	0.191594444088867	0.242120473713059	0.142008695181763	0.127151245468704	0.220684174037463	0.130258475967283
700110425	0.116916997635789	0.236189824731394	0.320691753998995	0.208146453831352	0.216660343979893	0.311276730478909	0.0945401059616992	0.274237005344981	0.150784201223772	0.27189199701566	0.183974946610653	0.332113583334353	0.273412827369531	0.231043108833916	0.32757246126132	0.224672449643157	0.269523201151529	0.284990539686995	0.169098679434078	0	0.172004071549156	0.233205044215826	0.124880999732807	0.124506348373172	0.142771583758446	0.236490682768701	0.240002959379321	0.316898450849814	0.280653445505482	0.294211076740259	0.259795464504342	0.261060007682315	0.186214835706865	0.25814978387846	0.18330001662122	0.129983506695004	0.247311617181609	0.321822413002443	0.142805941336755	0.336004400502822	0.146614730935594	0.283586535331261	0.175769867414782	0.173641739045304	0.249307431274302	0.204438061426426	0.171645443084109	0.283098063076033	0.237144935490579	0.314956482640207	0.294937558910976	0.0926768389561659	0.0797782500511773	0.18174938043613	0.160641764460139	0.261218467446145	0.131635537035512	0.115373634889562	0.294020794245869	0.136818007910996
700111580	0.155856645876216	0.273188625043803	0.246352291012047	0.303491732666918	0.240193877838322	0.217182603664971	0.146130256890816	0.279410254006965	0.180409931172403	0.231599958490832	0.158425565235486	0.245780498695078	0.270370573596836	0.219718296093765	0.278232255639159	0.158611438833538	0.237220642863658	0.244684865634087	0.109275597811773	0.172004071549156	0	0.150501915641557	0.18855468796749	0.14010268762964	0.127680158902869	0.273303824652303	0.277471032399643	0.380539852886515	0.263264685338802	0.315032032203659	0.184612792322355	0.168978277622753	0.16126129612611	0.238628806085085	0.236180557482129	0.139428706134695	0.263540546565601	0.237070022240397	0.148825509973848	0.311774178935942	0.135303622852514	0.245325337862575	0.168202348797486	0.143076743998691	0.214381218969142	0.184207469121468	0.18819478586764	0.199053382427492	0.178302944280656	0.213084617710272	0.218679373156001	0.159445368421975	0.199349248781051	0.0911260127121621	0.234955005248829	0.22015009284777	0.0969681408259994	0.117550871274938	0.184016302064917	0.134114567393756
700111302	0.223276710007729	0.264222943985805	0.129453007004277	0.378859874744997	0.241615945418813	0.151030042142009	0.223017383015325	0.237715114041755	0.20689736795622	0.198230025987508	0.0944565284096624	0.147040066839996	0.236590174018977	0.210317875565991	0.27329968919352	0.0819208497003679	0.233633621199121	0.161044198499362	0.15946479785866	0.233205044215826	0.150501915641557	0	0.258482492956878	0.20623222321145	0.181560322101343	0.293948634598264	0.250611688996092	0.359619555406123	0.31504881022614	0.282606215237229	0.168278461361381	0.0857321810656268	0.131636764867201	0.177504855688212	0.2802607727622	0.16870596236946	0.231153576636777	0.203936221430821	0.199006507247753	0.300822587870896	0.171444818855497	0.162696979681631	0.165202082416672	0.154243942621722	0.22364973232952	0.229592829943541	0.192000538454778	0.186473534476163	0.168749482275948	0.106777284975834	0.108944812440632	0.242029168149934	0.258186584018104	0.111720195459322	0.308624527464538	0.176212718162352	0.176223448043377	0.196253279502553	0.10837083498465	0.198657830801418
700098605	0.118124623382458	0.211345125038309	0.319168442094296	0.228105248704474	0.192881492477714	0.279692357628451	0.123447976246267	0.297508771938265	0.160064633386787	0.268770579511407	0.223868064965513	0.343740076360775	0.291217195531375	0.213137432881543	0.312228733938138	0.239308584309776	0.264397734209465	0.285074812363761	0.163881186885874	0.124880999732807	0.18855468796749	0.258482492956878	0	0.127343825416393	0.201324508806468	0.202879247252596	0.211667120991468	0.322361677387738	0.274829184430279	0.311535984375014	0.243534314812851	0.276585150563499	0.228482308599836	0.273958523404921	0.158946188894932	0.160034878704105	0.239332539302638	0.291489184894301	0.14070926219425	0.327999542422855	0.169327563087521	0.315913085766927	0.182893920782369	0.206217761054161	0.287593747882146	0.189386701588582	0.162017851609099	0.29284767510033	0.221045104303579	0.321953163268548	0.310214909107528	0.148128628949278	0.124933390163955	0.169887029826606	0.127915339564252	0.283393133990206	0.174233335323104	0.15810798436348	0.30140858415534	0.139717014911144
700111991	0.0511049507639605	0.24167710786135	0.290783767673055	0.254389970593623	0.196982180124633	0.266305204715161	0.110905254709733	0.292063357599237	0.109071422392697	0.253279753717888	0.172377041744291	0.320069615601684	0.28646029298922	0.203554012076593	0.329667463904565	0.174775415348159	0.271323916431993	0.244386406646972	0.0945130430146021	0.124506348373172	0.14010268762964	0.20623222321145	0.127343825416393	0	0.15713758504234	0.195328508047759	0.222840225024037	0.330038834030088	0.298785906374255	0.309341184883476	0.224173165945713	0.232981880561656	0.194163292647755	0.256036506566433	0.153069001269713	0.128434096581155	0.211981874828693	0.285799153340668	0.079570891952594	0.355569871255279	0.12648113795003	0.302039878155081	0.141822762047755	0.162336748568875	0.267202221526471	0.205502405944036	0.145533463237429	0.274639590327634	0.204761626628352	0.29025179986527	0.258375010352235	0.0993824891762328	0.138297281826173	0.132970753564445	0.135322995075352	0.271781733046366	0.149813455160419	0.095309642188002	0.264651539437168	0.123326045890107
700108960	0.162586579100063	0.325757753919606	0.291515504287358	0.277240653523164	0.304557411057017	0.277869823534304	0.1268254300931	0.351371974657149	0.187896299928233	0.307415811886734	0.195220008236996	0.304879050422345	0.3465113118419	0.292025525311954	0.374053355495253	0.206135788599954	0.341114782780202	0.28147842612839	0.151286496449914	0.142771583758446	0.127680158902869	0.181560322101343	0.201324508806468	0.15713758504234	0	0.32113202392873	0.326067930705586	0.414499917640089	0.357658728158029	0.3726779288687	0.27455836946256	0.16230525064341	0.22093891503635	0.291363908466831	0.271600306125189	0.15112544251165	0.30392842311178	0.308619261104271	0.184199604635564	0.407894687577692	0.200125269157311	0.305368556613066	0.212372705121302	0.161852387796007	0.31209422106764	0.288103849423061	0.253715478051172	0.297063683002154	0.256113314835653	0.25788455916333	0.256588577721867	0.162872708877695	0.154637210784542	0.151398635882076	0.18150269318214	0.291637548686968	0.160188090329872	0.101758425257852	0.229044440180338	0.134050424456764
700024452	0.189490416881108	0.180749976221778	0.334817290473299	0.273236246594208	0.167925372724723	0.303096087397428	0.243599979068502	0.284390522896974	0.195805075394925	0.284053731716646	0.247567723221615	0.362266621051296	0.289960269453032	0.21935591576423	0.333778693815147	0.260982495561962	0.267892255693127	0.293226077251435	0.213329770315045	0.236490682768701	0.273303824652303	0.293948634598264	0.202879247252596	0.195328508047759	0.32113202392873	0	0.185286880025445	0.270152883394633	0.209034174289774	0.258252273724607	0.285955386654392	0.313247746014175	0.226223666071895	0.263087295324823	0.0904634802428943	0.22674342346523	0.251830436562528	0.310137437516507	0.179566437040875	0.307174225869391	0.19402013826544	0.323245684905484	0.216893138616165	0.254053479217991	0.243429965839271	0.180779693520606	0.157053606206345	0.317372674872223	0.23978930318415	0.339999869852191	0.334704960465316	0.194674327855159	0.214705013167829	0.228986379325937	0.215730085638356	0.288522341071372	0.244298593562782	0.249237794363318	0.312764480048887	0.252249265659366
700032931	0.223032058724049	0.13831700818693	0.237606811034723	0.367654033417175	0.165004366678275	0.208739565802404	0.278734598077441	0.157731171112693	0.206922140148889	0.15917860966244	0.177710292306	0.281779574904614	0.165147625509195	0.108798344367351	0.232589518984459	0.226417851367536	0.140510723550851	0.186974311091385	0.221338117304563	0.240002959379321	0.277471032399643	0.250611688996092	0.211667120991468	0.222840225024037	0.326067930705586	0.185286880025445	0	0.225001707163005	0.199463786566865	0.174356116941579	0.174820025285553	0.278299515120663	0.159030210231411	0.143001936230335	0.201440252561277	0.208800779469137	0.166683365674245	0.217956633981141	0.202797002886762	0.210301644665179	0.185236275327981	0.207026385726876	0.164129656705823	0.228092529269179	0.175314250302046	0.144647459561946	0.1319786941575	0.209843862349171	0.148681596971258	0.261961233438803	0.270070947640064	0.253294246476665	0.262405982940724	0.213547166442597	0.281871897911184	0.165481607611697	0.234588024447581	0.27342307960706	0.253717810137855	0.27080785632162
700095837	0.322854911119825	0.203247346871804	0.369552850635113	0.421949220692833	0.277890661482383	0.363587722895603	0.362342122078756	0.288100145558097	0.309607300012691	0.307512244264146	0.293175089003885	0.38828276358212	0.288403750883446	0.284289809903633	0.352950852023079	0.326819018862337	0.283711723001362	0.336323596841713	0.344925954823711	0.316898450849814	0.380539852886515	0.359619555406123	0.322361677387738	0.330038834030088	0.414499917640089	0.270152883394633	0.225001707163005	0	0.179297581003417	0.188153205870234	0.320170598504853	0.390261405199363	0.26742367021455	0.26517830757215	0.285377726982535	0.314419975879087	0.307660204475197	0.36903699224994	0.30857840909895	0.321774702142715	0.291982932493027	0.32375823394744	0.307223733520156	0.329822848152715	0.224469945570692	0.275321680582962	0.257568252086105	0.335394185329835	0.30931066909966	0.38114145832753	0.366935130667032	0.322566356217071	0.338425048536768	0.340476317792181	0.388183643491628	0.295284297232208	0.343053687986002	0.361392043587956	0.379132267750929	0.359722411899879
700024548	0.29060377507006	0.144486110973329	0.320204110456349	0.372502271645212	0.227756647958892	0.294287316581188	0.306726701509789	0.22312108115611	0.298279636296165	0.240088412657671	0.253263882615585	0.324036241003104	0.223433251265115	0.210111364775532	0.252555126500528	0.294139802233622	0.184726592111183	0.305915802126739	0.28177679771489	0.280653445505482	0.263264685338802	0.31504881022614	0.274829184430279	0.298785906374255	0.357658728158029	0.209034174289774	0.199463786566865	0.179297581003417	0	0.149009248965811	0.244347173340078	0.340979605476995	0.213598247292472	0.219817755555834	0.231999065499625	0.248724891961309	0.294698911175679	0.296427529673368	0.266623733604408	0.215117144036479	0.228079573685508	0.260188470717274	0.255202746286496	0.299984606736034	0.119655977064847	0.141562536261355	0.204824345282499	0.239768140228091	0.226827590148329	0.333876917869671	0.343453345687801	0.28545126066079	0.299658076883108	0.259790868402781	0.340599588390262	0.23682164473295	0.236398122912168	0.318467161392433	0.298699661348869	0.304003124106275
700110161	0.320004848934374	0.179267688129601	0.22263366283444	0.426374514048785	0.238125743280035	0.209884233316902	0.332987468570808	0.129163377534526	0.288283425702369	0.153905894118356	0.225890655956534	0.278383339646403	0.143089295036529	0.158579006315897	0.214291086092804	0.26435940501664	0.16127673915634	0.225347092591647	0.297375273361586	0.294211076740259	0.315032032203659	0.282606215237229	0.311535984375014	0.309341184883476	0.3726779288687	0.258252273724607	0.174356116941579	0.188153205870234	0.149009248965811	0	0.209589591472641	0.302168536790018	0.20317959050996	0.151904035659564	0.284413039895193	0.259376056385157	0.249832041179571	0.208420759718588	0.284173217638821	0.205925457739809	0.245617162206676	0.181471946467892	0.238345113820162	0.269542565704875	0.132153515169949	0.204443747907845	0.213854834903554	0.203506887700971	0.190418833560135	0.272178044065158	0.301017647832946	0.308945445668636	0.338245708398873	0.268118565603611	0.39544093119618	0.166372717087216	0.262309977514985	0.333111081556041	0.257511987220595	0.317223385935877
700023496	0.247218978997374	0.221311746131999	0.164241677639726	0.403493644966745	0.199722255717862	0.113285185585555	0.264898185603435	0.167852874560505	0.232939269333286	0.0925621467915862	0.127673324022385	0.178546273662757	0.151751911908613	0.111190069551727	0.200629120605556	0.155809501925224	0.118626197107755	0.103336582080639	0.191437986569713	0.259795464504342	0.184612792322355	0.168278461361381	0.243534314812851	0.224173165945713	0.27455836946256	0.285955386654392	0.174820025285553	0.320170598504853	0.244347173340078	0.209589591472641	0	0.206602001161986	0.134925998517188	0.105920363360946	0.281227861066296	0.185025045981529	0.168668494282528	0.125231779112381	0.219090802612166	0.216625446803604	0.169194242259105	0.147615077674592	0.137995088280033	0.191981156848351	0.157486378258131	0.155698803630146	0.162509900529478	0.115005226483409	0.0687715710659477	0.185731269725211	0.189417774535575	0.275849712097608	0.300833803979775	0.145953165282378	0.330563094411448	0.119865255502845	0.179760393932597	0.240627312724287	0.183874152698168	0.233047340072947
700034628	0.24393605434067	0.295701726720353	0.15720542682229	0.401043836793691	0.289156481441619	0.16721091906816	0.217125677931902	0.248320653852165	0.208043434132628	0.21384405733817	0.150428274888953	0.169031646994027	0.249069512017678	0.232924430242553	0.278267768961374	0.127662871364922	0.25625589288667	0.193132208582675	0.177568860879113	0.261060007682315	0.168978277622753	0.0857321810656268	0.276585150563499	0.232981880561656	0.16230525064341	0.313247746014175	0.278299515120663	0.390261405199363	0.340979605476995	0.302168536790018	0.206602001161986	0	0.187434363016216	0.202569263963158	0.308704473844096	0.166686028528554	0.268220743661646	0.211811726637967	0.222832879780299	0.307219672018762	0.213323614409132	0.176122392640391	0.200072821596973	0.128117261369113	0.251058572701932	0.256441139852674	0.233657351429288	0.198314118586787	0.193305830375966	0.125576434456973	0.159742932033916	0.257944968699424	0.281664856405673	0.150838565219599	0.31697373514876	0.186558927872181	0.19419131999016	0.195162001629079	0.115723053510173	0.179832410511696
700023645	0.210515180278785	0.174198021250795	0.195277426630559	0.346637064434241	0.18210746803481	0.181804944152801	0.219617631024629	0.170181729671654	0.188717081011669	0.149834133667266	0.0748954888476761	0.206070305201226	0.173824018729139	0.138149942754962	0.251368407798637	0.115943582858016	0.164767305562296	0.160844894009624	0.167692061303562	0.186214835706865	0.16126129612611	0.131636764867201	0.228482308599836	0.194163292647755	0.22093891503635	0.226223666071895	0.159030210231411	0.26742367021455	0.213598247292472	0.20317959050996	0.134925998517188	0.187434363016216	0	0.107299462170608	0.225861719694063	0.137583673794146	0.196445894282425	0.207177642339522	0.179640150547783	0.243093994405561	0.112244898295099	0.147199357170948	0.123378861829263	0.153558213131598	0.139664466198081	0.150010772664986	0.119934466123235	0.166140298027274	0.131755321935681	0.192738159046775	0.177298178005685	0.204138116643477	0.234028390963108	0.128527625059528	0.301337577604445	0.123559154680214	0.158475792576863	0.182062992565363	0.17694202086454	0.197425750308698
700038744	0.276838552910564	0.186432829682158	0.156881682138218	0.404640581515358	0.211093561105678	0.13126571790294	0.291852356053907	0.1264505620534	0.240286377144726	0.099500003545348	0.126660184251324	0.183118341689312	0.120295289088815	0.117233752409218	0.219094480793296	0.16859974771313	0.128400009877176	0.115906817769586	0.232376413072396	0.25814978387846	0.238628806085085	0.177504855688212	0.273958523404921	0.256036506566433	0.291363908466831	0.263087295324823	0.143001936230335	0.26517830757215	0.219817755555834	0.151904035659564	0.105920363360946	0.202569263963158	0.107299462170608	0	0.275117632767387	0.194818381213516	0.194513688893304	0.151314137703539	0.239618815164092	0.18951120298926	0.182606670338513	0.116571983078466	0.162624493731828	0.19913305254101	0.137209721397754	0.16688185052993	0.172380122725327	0.137259920967837	0.108466260036144	0.187419519774405	0.201405459424654	0.276079842160282	0.305682496375541	0.184441957302397	0.358266882171193	0.0891042976481022	0.212579885800247	0.254708767880166	0.18857903256638	0.260897432602903
700038485	0.143928975825902	0.179529579478503	0.345492679789034	0.235849807814416	0.170380494023046	0.316050064196765	0.19536012109561	0.299673870088394	0.153939929437353	0.293603903317094	0.239298860718369	0.376194612361597	0.306157652937381	0.238162589729822	0.349244929931188	0.257924467028296	0.277114253797163	0.304073354266642	0.183045006701157	0.18330001662122	0.236180557482129	0.2802607727622	0.158946188894932	0.153069001269713	0.271600306125189	0.0904634802428943	0.201440252561277	0.285377726982535	0.231999065499625	0.284413039895193	0.281227861066296	0.308704473844096	0.225861719694063	0.275117632767387	0	0.189438324072071	0.25887546181102	0.330795854046696	0.147645664884131	0.323869281052737	0.188446458694552	0.335283931554984	0.204130373703047	0.22620624069992	0.261762300429006	0.186219936483938	0.155053187539728	0.330878453884894	0.251257069821567	0.351914762753903	0.334003736814379	0.139314401184567	0.160167910578545	0.200165254385712	0.169355708341582	0.301380592791367	0.217413493521184	0.201947723452541	0.327915540431259	0.206836357772755
700024743	0.134763904324168	0.20472463366138	0.235673474684025	0.294794704365534	0.218068474091019	0.225888297908461	0.129535597129307	0.228042135222481	0.146802071646978	0.18930075033073	0.118720036798399	0.253273928965515	0.229628686587468	0.182528299625086	0.27318804281508	0.177246762979461	0.214113815538134	0.211642433967718	0.132040121196618	0.129983506695004	0.139428706134695	0.16870596236946	0.160034878704105	0.128434096581155	0.15112544251165	0.22674342346523	0.208800779469137	0.314419975879087	0.248724891961309	0.259376056385157	0.185025045981529	0.166686028528554	0.137583673794146	0.194818381213516	0.189438324072071	0	0.217018624203939	0.236507864909977	0.128669049795239	0.292717773359937	0.11984103260801	0.226980576857402	0.141932142167288	0.0919714152985305	0.201572374200846	0.172164470123035	0.15050832010964	0.199686802495811	0.160338395035315	0.241734368380959	0.23682437350896	0.149057070092659	0.165678815511862	0.118780763470431	0.202113536616687	0.201425963534001	0.121869656271705	0.115112824443013	0.217588877913943	0.1012652002028
