700108602	700014971	700033565	700109389	700023058	700023927	700106341	700114221	700023543	700023439	700016978	700024192	700113058	700099448	700109870	700033928	700023693	700109627	700095416	700110425	700111580	700111302	700098605	700111991	700108960	700024452	700032931	700095837	700024548	700110161	700023496	700034628	700023645	700038744	700038485	700024743	700099596	700110760	700101587	700106399	700032322	700095653	700021312	700101230	700023590	700038905	700033136	700023382	700096424	700105469	700016908	700096053	700108479	700109569	700033814	700016125	700109756	700102665	700101777	700109455
700108602	0	0.15692270086349	0.157685806951841	0.107261618855756	0.128077748342489	0.166531845054211	0.0795153629017303	0.182402845464257	0.0861118463344036	0.15358438496485	0.119095041815268	0.155536292579146	0.149126671416516	0.14923638336835	0.162548763181333	0.103073736925891	0.174993501171974	0.157665217074414	0.0934513820952974	0.101786741827672	0.0839881854621894	0.109710721692556	0.102965895688303	0.0849045379804446	0.0976361486604283	0.115749879276716	0.162738868235757	0.130550065044675	0.149879418889482	0.167474895147716	0.157695883455476	0.120044272071335	0.110687985975553	0.142771000636231	0.109757333625508	0.11749705510607	0.145151634269677	0.16726327617555	0.0940558323657814	0.176284237927662	0.0964265243280487	0.158562422779586	0.136215725314437	0.122389146164886	0.135514977162199	0.131595303022837	0.120875537700648	0.148164201811457	0.138010265389039	0.129310385115209	0.108773807628644	0.0910569306355719	0.101875231076175	0.102170530677835	0.0977544789167074	0.148617823118856	0.107238809681396	0.0836273287383108	0.128124950218094	0.102435255488874
700014971	0.15692270086349	0	0.150723417801556	0.167747832698117	0.134770872757725	0.155268982840985	0.158433336391658	0.143254038729197	0.152498100975896	0.134958121014294	0.135736096685025	0.164902043211693	0.141505706624776	0.138406496535606	0.146922217414824	0.156525681348023	0.136672037720407	0.152856263087403	0.153782944717554	0.142715521460725	0.140153596280576	0.130712653730602	0.127045185612852	0.156445694314059	0.15651841464881	0.15543224787686	0.12003160341159	0.138219239480704	0.134520596294071	0.140509562078116	0.14682294359233	0.145930603117394	0.124036889747329	0.137494773272006	0.14740860720437	0.128435275542312	0.15589908095628	0.168616138890212	0.149494602107623	0.149503988309548	0.140535391355544	0.14086521336751	0.13644719969732	0.132439555960333	0.131090440812747	0.130209141059899	0.124283035837022	0.142504445515634	0.130309519016102	0.14238747510238	0.143310774578826	0.159416287684912	0.150470997104999	0.136084562749495	0.172770156451266	0.122531290218972	0.147277893434988	0.154662507214712	0.136153296873594	0.148061039629843
700033565	0.157685806951841	0.150723417801556	0	0.149985392030274	0.152870237063876	0.0705518034254235	0.141797739846184	0.104045662611971	0.151753621559506	0.094903298360551	0.0994581666903016	0.0584233619484421	0.102805374235927	0.126013078114363	0.0871056663242689	0.112246423917636	0.100322950129552	0.0920627161909082	0.138847024336482	0.144122721764713	0.13846159156199	0.0930897861640877	0.134683792406084	0.149673189656209	0.133043797672762	0.166102137222218	0.136532869317075	0.139793109142783	0.115712538351937	0.110419905476341	0.0940583301419621	0.102088656550795	0.105004661676271	0.082645783338262	0.148138483361012	0.0994040633799321	0.126766912466995	0.0824749825011814	0.153852542053328	0.109871688150236	0.132438117961984	0.0796332958974272	0.132875193405091	0.120460666223966	0.0967528079762859	0.121233821156959	0.13632473594395	0.0736073439422446	0.10996163759786	0.0772845327027029	0.0834296409919672	0.166086583153814	0.149607643039525	0.124336129784327	0.176114694010908	0.101414869317869	0.126256618364471	0.156186811710992	0.0813000636553729	0.133418829294592
700109389	0.107261618855756	0.167747832698117	0.149985392030274	0	0.139696433391681	0.172539237105717	0.0899335411760163	0.184853540150466	0.13841454996486	0.168681033205314	0.144447099401035	0.145433471003291	0.168689145903707	0.154690505705339	0.152016855825668	0.14038716292571	0.178500867439582	0.185466678320323	0.135676344872793	0.0993063950123872	0.114337763865027	0.139427272661408	0.108460540184743	0.126801188851122	0.111130001854725	0.127275545713888	0.181126498629655	0.155199908209451	0.130700229655833	0.165243572456335	0.178361288698938	0.144021262937545	0.140151801821597	0.152826572128991	0.120317908483895	0.121760795179742	0.174957987158982	0.16720195323386	0.128955456168837	0.166640758395219	0.125711968002591	0.160609651039293	0.160862991524091	0.134473071702152	0.143873973399389	0.153923274493952	0.152823784346842	0.152774543013082	0.153376920996339	0.141185901961659	0.120933756837167	0.118109688646142	0.0773045166124382	0.141856334864868	0.109149325630194	0.165235978540502	0.110535497730897	0.0975836276073858	0.120534027706715	0.112067430336423
700023058	0.128077748342489	0.134770872757725	0.152870237063876	0.139696433391681	0	0.143349956653543	0.117759077043496	0.161002979743376	0.107819411904569	0.147915790733335	0.128171936559296	0.153502628110889	0.155046214374911	0.127570525458138	0.143394327056655	0.134813203091926	0.15902583987425	0.151363618226416	0.124217073015019	0.120778742364786	0.120515605193809	0.130231245862514	0.112516352547267	0.128616921377715	0.136969958532935	0.109446651218405	0.145748766099141	0.132322298228025	0.128823418509656	0.136023917738907	0.140688692550933	0.142389644218403	0.123194030194604	0.132027067612779	0.08980702104313	0.126584009892002	0.132492105485552	0.14572698148418	0.101791719535393	0.162670457543794	0.121352207968506	0.138173802702489	0.119019511918527	0.131202233670396	0.118301154600058	0.108994029878872	0.117957481402903	0.136545779004269	0.1213824125461	0.141992811045731	0.131142831330876	0.119444164023305	0.117491053627468	0.125057430261344	0.123211138801589	0.152437142059838	0.126600817483198	0.125225397568083	0.129161284169588	0.120910063793457
700023927	0.166531845054211	0.155268982840985	0.0705518034254235	0.172539237105717	0.143349956653543	0	0.158150218915722	0.115572829572381	0.159517400565796	0.0993333614832239	0.119278727114788	0.0861101682567196	0.108312628837627	0.0990284800175806	0.0887832532582852	0.12640451025132	0.102263263666341	0.0703496753169412	0.150752237089957	0.152803066265035	0.144285887517932	0.114157834895947	0.138205007275646	0.16071552957256	0.140406871633834	0.172872971913333	0.139523768514743	0.151393646950483	0.125762882727195	0.0963404511653004	0.0846493441278148	0.128081873964388	0.123016725113109	0.0764611260188817	0.156722154647612	0.118009943789516	0.116579801841263	0.0698902053838939	0.161175025783363	0.114370554474428	0.152009897610509	0.0912429097498185	0.111680944134059	0.135893749552295	0.108235340617572	0.119836745571693	0.147370996073677	0.0811701684993245	0.0831050910764753	0.0905723201959532	0.110048853180525	0.17489977847945	0.162111247317059	0.119141211162983	0.182274647126796	0.103268652951476	0.129469915750659	0.16429400573851	0.102562903321048	0.146886878562425
700106341	0.0795153629017303	0.158433336391658	0.141797739846184	0.0899335411760163	0.117759077043496	0.158150218915722	0	0.181534872515691	0.0828970233808484	0.162156625614047	0.12188830011854	0.13219398519374	0.162847401323527	0.145536481264111	0.142526537738369	0.117059545347286	0.16854286530366	0.176429775718606	0.10825121424451	0.0794641933982114	0.086667313039588	0.10249428289555	0.0989766809051048	0.112194185091141	0.0764799061934087	0.123833391493906	0.184038249214133	0.154937250477668	0.146604349728966	0.160170701864969	0.162486493202245	0.0905333847155579	0.122736681482773	0.141008140126735	0.119282195865695	0.0986755364027541	0.15861290589529	0.16102225557202	0.0965148758248336	0.171398024690872	0.119391059029236	0.144846250558036	0.13736216612937	0.101659624911503	0.132375901653114	0.14674333911533	0.134224307316852	0.131627952196862	0.143210894814364	0.117692374687478	0.102412756637475	0.0764375344083862	0.0786734834664795	0.123102575904303	0.115085703750683	0.151152519424124	0.0935968897422168	0.067807186064185	0.113281479692038	0.076029225144701
700114221	0.182402845464257	0.143254038729197	0.104045662611971	0.184853540150466	0.161002979743376	0.115572829572381	0.181534872515691	0	0.176959367253126	0.0811720059439981	0.141643660915286	0.115488157885622	0.0976619674118377	0.150708527782883	0.0939819374434417	0.158874834614567	0.0719289389917524	0.132584791951563	0.17127776412478	0.17379002234879	0.163115213997715	0.139104633019288	0.162576692122979	0.181340401067999	0.176488065381739	0.188847711951337	0.144529073824686	0.154445522585334	0.122136794455416	0.114876426697161	0.114766156616134	0.149731847135843	0.125872293440823	0.114871396596785	0.174965154904843	0.126295141552143	0.160179537841058	0.0998218403811154	0.17696623175861	0.0875075815220531	0.157676126483135	0.0844624809268996	0.15331483004013	0.145718013336676	0.10221211102226	0.127642006826171	0.140855632441462	0.0863133933600698	0.132891414421348	0.113436458694498	0.139985683254827	0.196271725591574	0.176320587197469	0.152057636614873	0.202256306316834	0.100814796024113	0.147847806035381	0.195249743396252	0.124171248065463	0.166230450970956
700023543	0.0861118463344036	0.152498100975896	0.151753621559506	0.13841454996486	0.107819411904569	0.159517400565796	0.0828970233808484	0.176959367253126	0	0.152085267573552	0.117064015971047	0.147546522857131	0.151770927025462	0.139362457463378	0.150686598077165	0.10039915305544	0.166586923444923	0.164654810584222	0.0896888432223951	0.11267805198337	0.103133888005958	0.108740670591014	0.10149717287813	0.106012351619932	0.111129078897781	0.10051919266179	0.156962095382636	0.126167753585353	0.1570147623998	0.15386280888853	0.15540715732587	0.100841969727432	0.11293902756277	0.145420799440465	0.100672093786111	0.118721424760627	0.144420757153581	0.166548347739094	0.0680950981472843	0.174733825482172	0.113069655733097	0.148908138864711	0.127100454943333	0.106274387744793	0.135426775653602	0.127870481705922	0.111537682897104	0.138467729304141	0.144406965286692	0.126980480362735	0.112592382178867	0.0733536327796503	0.111865116132264	0.122399906027374	0.104540320938618	0.146366316593169	0.120521940261769	0.0909499265489727	0.131031567101029	0.0971656251359014
700023439	0.15358438496485	0.134958121014294	0.094903298360551	0.168681033205314	0.147915790733335	0.0993333614832239	0.162156625614047	0.0811720059439981	0.152085267573552	0	0.112013396458303	0.105034336768836	0.08741294755313	0.124675708344947	0.107867367669244	0.129768109827458	0.0873924924319035	0.108367987280302	0.146736751551263	0.155586691221333	0.135815552574773	0.119079920437213	0.140475381522341	0.157318280562286	0.14968982383213	0.166502133090467	0.135257787400944	0.136341798466799	0.116183170474449	0.110155468184275	0.0933741181110231	0.13870730459432	0.102158428234503	0.0880801261429778	0.152780225364753	0.110656848256186	0.134357229922397	0.0966015984952908	0.154407372003561	0.0978701944049249	0.132421694240587	0.0915297871999203	0.132609603268366	0.138605961866416	0.0948289200507711	0.117401039243415	0.122978598703063	0.0912951544245863	0.106936616494035	0.10345346490216	0.108968281100965	0.169699253042075	0.161735311393104	0.118487700826467	0.175261294047779	0.0931476553959866	0.127579463209404	0.162990504866435	0.0991732087285934	0.146514895094536
700016978	0.119095041815268	0.135736096685025	0.0994581666903016	0.144447099401035	0.128171936559296	0.119278727114788	0.12188830011854	0.141643660915286	0.117064015971047	0.112013396458303	0	0.102547979780959	0.116942948941544	0.124053879388649	0.132907995320657	0.101630438652616	0.123985805505402	0.122759424806634	0.116883776984306	0.118588898242108	0.106377990759704	0.0807588446683066	0.113061169242067	0.132745667824299	0.112439591457702	0.148833788460503	0.128460650904605	0.117395625650205	0.128012885569916	0.125791780660144	0.100619501915797	0.0987325722205615	0.0734905910099599	0.0923857009221404	0.126748603836264	0.0866496381640419	0.121309478991442	0.1281937943221	0.115706852152729	0.138023429926684	0.106772924624564	0.109121312900035	0.110294987487336	0.107366370013412	0.110669669198888	0.115312031150213	0.11925412879325	0.101359242960446	0.112680155608305	0.0933185421611761	0.0929875216957661	0.134666840732761	0.129438434888059	0.0904584004846605	0.138744200585887	0.114613030372723	0.108306742583679	0.1198283376101	0.0974936594338398	0.120655451973521
700024192	0.155536292579146	0.164902043211693	0.0584233619484421	0.145433471003291	0.153502628110889	0.0861101682567196	0.13219398519374	0.115488157885622	0.147546522857131	0.105034336768836	0.102547979780959	0	0.0901270583337319	0.142791973128482	0.0801413921821276	0.112206510259318	0.109129220904962	0.111870606958803	0.135852800804255	0.136298112101908	0.130726606110296	0.0898317340395134	0.129493918543495	0.161234272408555	0.125375097986381	0.169207174389461	0.144958127609252	0.137640019272144	0.113260223495502	0.116410896177126	0.108848031407121	0.0923010812236126	0.102160383181022	0.0902331780202441	0.153395014833023	0.10160095223723	0.140057258037453	0.0911081572703035	0.154815642136015	0.100989767742413	0.138849148153176	0.0691158056497544	0.148335327734991	0.113131547834981	0.0969017036288917	0.12381655860503	0.139340502870734	0.0656735164223169	0.12493571106995	0.0651169616080069	0.0838700096893098	0.164776218078555	0.146616514011988	0.135693474765408	0.179267074921053	0.089405385853546	0.118934242511851	0.151358248196558	0.0780182608717367	0.125176300005974
700113058	0.149126671416516	0.141505706624776	0.102805374235927	0.168689145903707	0.155046214374911	0.108312628837627	0.162847401323527	0.0976619674118377	0.151770927025462	0.08741294755313	0.116942948941544	0.0901270583337319	0	0.138013144196393	0.088851613756654	0.129005675166792	0.0959986151564684	0.124948482301025	0.147755882901782	0.157733477574847	0.139403706245733	0.119427457862407	0.144798093544317	0.162569542431099	0.153815047243367	0.165503155152524	0.135938132930362	0.121364560352372	0.116253962565445	0.108600906634423	0.108581187867172	0.129528316138841	0.113111603407624	0.104235488021915	0.157402688359187	0.121034088163328	0.145769736352711	0.107814052102732	0.154792524863805	0.0956079624895825	0.132210207311764	0.0823921501278911	0.153063148601431	0.134708344397056	0.0991120721219335	0.11197111469481	0.137299610757961	0.0876329602320599	0.124875630421342	0.0909072179479333	0.118707919679951	0.166263818204207	0.164897793448775	0.136078056598478	0.179994445061614	0.0716911501113597	0.132654472751055	0.173985455706104	0.10406997162627	0.146367441156388
700099448	0.14923638336835	0.138406496535606	0.126013078114363	0.154690505705339	0.127570525458138	0.0990284800175806	0.145536481264111	0.150708527782883	0.139362457463378	0.124675708344947	0.124053879388649	0.142791973128482	0.138013144196393	0	0.130318589369751	0.142114366342041	0.131425633603176	0.119054157210455	0.134071108125225	0.133701579535143	0.129553069855663	0.134119602692604	0.107489491128155	0.14509405490462	0.142105703236921	0.138751989060701	0.129568187596376	0.137360207291133	0.116458645937093	0.103514351676682	0.11463525730099	0.139018793417658	0.122606866646162	0.101395313591518	0.124204126691145	0.113974842708248	0.126990844209583	0.118655919289226	0.134811344999147	0.144225776664829	0.140827684716977	0.129651533297003	0.10604309146658	0.140724013928307	0.114993777685777	0.121633097015735	0.12939523608161	0.125002552885076	0.0772032796490652	0.124164887116636	0.123281091171915	0.13092589915704	0.145172859971669	0.117289159806093	0.137433293856915	0.13584130159448	0.119299518281617	0.134789887073093	0.105715765008981	0.137912422486196
700109870	0.162548763181333	0.146922217414824	0.0871056663242689	0.152016855825668	0.143394327056655	0.0887832532582852	0.142526537738369	0.0939819374434417	0.150686598077165	0.107867367669244	0.132907995320657	0.0801413921821276	0.088851613756654	0.130318589369751	0	0.132326154829275	0.0977936790415207	0.126036572455922	0.147509912252113	0.138345725965871	0.130699411025398	0.115389553078269	0.123873489550325	0.157007572778564	0.13503080518085	0.167013517220272	0.14322646401335	0.143735227737918	0.107749166425486	0.0933954833717852	0.118980748142733	0.118470008593803	0.131830853185457	0.109695167941621	0.157026634013962	0.113866965158542	0.152797909347483	0.075793689377884	0.157227019261085	0.0911051430070085	0.151101938120328	0.0783038696773067	0.153168523978918	0.127031640991537	0.0980461300962587	0.113750036751	0.141373352898682	0.0684805262584741	0.114644392892518	0.0903090817595469	0.113134903399515	0.161072603692985	0.142914072235551	0.134909105340285	0.17710992566599	0.0918775445566566	0.114114297858723	0.156490738060695	0.0903210655416811	0.128325039579848
700033928	0.103073736925891	0.156525681348023	0.112246423917636	0.14038716292571	0.134813203091926	0.12640451025132	0.117059545347286	0.158874834614567	0.10039915305544	0.129768109827458	0.101630438652616	0.112206510259318	0.129005675166792	0.142114366342041	0.132326154829275	0	0.144209172211532	0.127176575605347	0.101649432036192	0.123729806014754	0.104301095205239	0.0935934239094893	0.114743711848547	0.094242227716123	0.112295190509513	0.127748791901913	0.146508249976447	0.120433507037439	0.139250622520636	0.142352927097945	0.131467169377911	0.111381863978767	0.1021283135431	0.120635915561276	0.125647461579549	0.119700787966939	0.119289717610744	0.140326300569468	0.0980647699529991	0.151200632950011	0.0885276986558303	0.11890466861342	0.134866664347233	0.12362722856861	0.111828210346316	0.120910429872041	0.129615963410418	0.119278453930328	0.126418759220776	0.100763033694039	0.0898292868382681	0.117614787940231	0.12632523449268	0.11402292006483	0.123036755934441	0.119669099815972	0.116027456985632	0.112073755215689	0.112944162211263	0.114014158060396
700023693	0.174993501171974	0.136672037720407	0.100322950129552	0.178500867439582	0.15902583987425	0.102263263666341	0.16854286530366	0.0719289389917524	0.166586923444923	0.0873924924319035	0.123985805505402	0.109129220904962	0.0959986151564684	0.131425633603176	0.0977936790415207	0.144209172211532	0	0.127783038075693	0.159741820847538	0.16342941504924	0.149723475281239	0.123381720507113	0.151361324440203	0.174807846468574	0.164155027304364	0.177347951610602	0.141437346530278	0.142567978639266	0.122948022161356	0.114074604730702	0.0895529266294955	0.141125920068659	0.120456336002477	0.101454550661915	0.172222567229335	0.115764576793892	0.142179169932185	0.107169439643126	0.164436855509064	0.0905545518349819	0.141738609282814	0.0823278282509524	0.140616687674569	0.140411262023024	0.0916737936947778	0.116796853847695	0.135114688601701	0.0890642113346883	0.114941250650404	0.106916477593564	0.127879376964773	0.18639416901284	0.170464811749985	0.136051924504436	0.194356761170851	0.0946092129602112	0.137420525745531	0.182713432185568	0.11750255823798	0.155409856828943
700109627	0.157665217074414	0.152856263087403	0.0920627161909082	0.185466678320323	0.151363618226416	0.0703496753169412	0.176429775718606	0.132584791951563	0.164654810584222	0.108367987280302	0.122759424806634	0.111870606958803	0.124948482301025	0.119054157210455	0.126036572455922	0.127176575605347	0.127783038075693	0	0.156646275847642	0.16696796317171	0.155238529624438	0.119062622888705	0.153888365673534	0.155384827343129	0.157575408077585	0.176153706603375	0.123702420677516	0.152945675907114	0.146539998698023	0.118765532825463	0.093602637822611	0.140527984313164	0.129235873045733	0.102698645780342	0.155254794787351	0.140499502113184	0.113226474227777	0.0937768469471024	0.168052275086989	0.137409012589141	0.153265390824568	0.115079178576711	0.115249577051341	0.150763905730003	0.133116147828827	0.132541703741845	0.141713862726014	0.115650148417822	0.0956658278509269	0.113675855085293	0.120279237770803	0.186022876448782	0.172968225151024	0.116535555578831	0.180666545023513	0.123199390360961	0.150373973243775	0.175676155872963	0.123475342662393	0.162762868342552
700095416	0.0934513820952974	0.153782944717554	0.138847024336482	0.135676344872793	0.124217073015019	0.150752237089957	0.10825121424451	0.17127776412478	0.0896888432223951	0.146736751551263	0.116883776984306	0.135852800804255	0.147755882901782	0.134071108125225	0.147509912252113	0.101649432036192	0.159741820847538	0.156646275847642	0	0.110197860619367	0.0938368833591386	0.105354049181058	0.100797207321284	0.0937706179582308	0.110626069023062	0.111093218478756	0.147998614821153	0.121054935301262	0.143904284061541	0.147550645784263	0.149484965821502	0.105881658655767	0.106237511663271	0.134918841359361	0.106793809048998	0.112842814936771	0.123854626771508	0.155201802682643	0.0899939486066295	0.170900964937485	0.107098425603697	0.140014756104072	0.119952070721865	0.113230552360316	0.119656440992229	0.121484200764219	0.111006750230046	0.13406321921515	0.133398817506643	0.121504522450581	0.105440495800417	0.106401932354384	0.114795699860085	0.106351344587072	0.106042975257361	0.143260493931209	0.103786047851069	0.102010649828304	0.114760236009598	0.107293346967608
700110425	0.101786741827672	0.142715521460725	0.144122721764713	0.0993063950123872	0.120778742364786	0.152803066265035	0.0794641933982114	0.17379002234879	0.11267805198337	0.155586691221333	0.118588898242108	0.136298112101908	0.157733477574847	0.133701579535143	0.138345725965871	0.123729806014754	0.16342941504924	0.16696796317171	0.110197860619367	0	0.0838914181323958	0.10848077616224	0.0816340182101223	0.111075976656149	0.0706145393493698	0.13799497895319	0.159856532191826	0.132110039984129	0.138222338605799	0.138805863306228	0.159808371567158	0.103179391635201	0.113003251947367	0.137547803883131	0.12099401226515	0.0920231738748873	0.156127581524181	0.160065855213414	0.117149259842779	0.164425674366453	0.121370815840555	0.137911509886334	0.133870931430899	0.0959208135103721	0.123895004317712	0.136925844797882	0.137812142196316	0.129791652743326	0.128404431267648	0.12007267466275	0.115640159477197	0.0922077281694681	0.0558842311216868	0.126035056488378	0.114074586873661	0.149515734794242	0.0724058003261786	0.0724815062039359	0.104357621066309	0.0797125879090304
700111580	0.0839881854621894	0.140153596280576	0.13846159156199	0.114337763865027	0.120515605193809	0.144285887517932	0.086667313039588	0.163115213997715	0.103133888005958	0.135815552574773	0.106377990759704	0.130726606110296	0.139403706245733	0.129553069855663	0.130699411025398	0.104301095205239	0.149723475281239	0.155238529624438	0.0938368833591386	0.0838914181323958	0	0.0957621437393708	0.0884484968725949	0.108379992742483	0.0705346766685109	0.133991566199045	0.165530965684641	0.137950600926715	0.126768374373092	0.143094112253116	0.144171028376139	0.0997974513494472	0.102647933425579	0.127498249969912	0.126234359065642	0.0973177679962436	0.150225207930357	0.14542566306755	0.116463704628422	0.155630975117802	0.115638035725687	0.128396248227241	0.130441826305449	0.112655258121953	0.107332805237051	0.118543304996259	0.120217082519281	0.114115616317579	0.118424100528368	0.109286672879998	0.100983475452705	0.0964897338903599	0.0941002652399531	0.0972081452950612	0.113995261813882	0.135145292927925	0.0655822780502979	0.0781955058405623	0.0928973595500146	0.0839677790670299
700111302	0.109710721692556	0.130712653730602	0.0930897861640877	0.139427272661408	0.130231245862514	0.114157834895947	0.10249428289555	0.139104633019288	0.108740670591014	0.119079920437213	0.0807588446683066	0.0898317340395134	0.119427457862407	0.134119602692604	0.115389553078269	0.0935934239094893	0.123381720507113	0.119062622888705	0.105354049181058	0.10848077616224	0.0957621437393708	0	0.119346429425114	0.126859884893927	0.0885719619125633	0.153130187253855	0.14238132532085	0.133594331672078	0.131740927826758	0.128719484456178	0.116028582811797	0.0800635091809961	0.0834813840691066	0.0900123869531858	0.135050569224175	0.0895881372545279	0.131215635358946	0.131547102839087	0.120039143330936	0.132742026788825	0.126257710852746	0.0926567994184995	0.116728517485945	0.100758634764385	0.103566216001316	0.128102035366668	0.12541580145446	0.085440874461582	0.107783629340905	0.0735491863797758	0.0755075532935829	0.127906528238032	0.123633732066041	0.0999596611088064	0.146162911964428	0.104627079345434	0.0980977834903886	0.121056209271153	0.0834713744788026	0.1042688789261
700098605	0.102965895688303	0.127045185612852	0.134683792406084	0.108460540184743	0.112516352547267	0.138205007275646	0.0989766809051048	0.162576692122979	0.10149717287813	0.140475381522341	0.113061169242067	0.129493918543495	0.144798093544317	0.107489491128155	0.123873489550325	0.114743711848547	0.151361324440203	0.153888365673534	0.100797207321284	0.0816340182101223	0.0884484968725949	0.119346429425114	0	0.112005425871079	0.104751523808797	0.124616086652311	0.133407222000689	0.120814351655658	0.130391634246822	0.12844108430893	0.14644902453813	0.106810799400413	0.113537920707457	0.129595510899692	0.11010838634926	0.0971396346715602	0.138345134796481	0.134645775670809	0.104997880873978	0.152881938772612	0.118649250524549	0.133017997745986	0.127333943210044	0.100528080054086	0.126087065455659	0.113478893244924	0.117468334917008	0.125961779931403	0.118331971009899	0.115066332657795	0.111479759622264	0.095526386271491	0.0904598119795304	0.111905540349613	0.102822638700309	0.139737194975638	0.0990991465435455	0.0823040340741147	0.106740258076514	0.075678031439299
700111991	0.0849045379804446	0.156445694314059	0.149673189656209	0.126801188851122	0.128616921377715	0.16071552957256	0.112194185091141	0.181340401067999	0.106012351619932	0.157318280562286	0.132745667824299	0.161234272408555	0.162569542431099	0.14509405490462	0.157007572778564	0.094242227716123	0.174807846468574	0.155384827343129	0.0937706179582308	0.111075976656149	0.108379992742483	0.126859884893927	0.112005425871079	0	0.117895483423903	0.110350256239749	0.142838644680298	0.124764928249226	0.150921301184818	0.158990446633915	0.162213251076572	0.132302157134926	0.125944752290271	0.150500610992027	0.102695736360321	0.128489553227233	0.137363678668938	0.163006217787866	0.107929911660559	0.185015211304996	0.0998132278483375	0.154924834000997	0.133541786713693	0.124032000327048	0.131124151691248	0.126757095871864	0.11419220229581	0.152758431162467	0.141363005875576	0.145546454284208	0.115598773258066	0.110631941134043	0.108941893235423	0.115823890479789	0.101203358623016	0.157606379603932	0.115631082923965	0.0985540324077285	0.133983616705062	0.121285982770193
700108960	0.0976361486604283	0.15651841464881	0.133043797672762	0.111130001854725	0.136969958532935	0.140406871633834	0.0764799061934087	0.176488065381739	0.111129078897781	0.14968982383213	0.112439591457702	0.125375097986381	0.153815047243367	0.142105703236921	0.13503080518085	0.112295190509513	0.164155027304364	0.157575408077585	0.110626069023062	0.0706145393493698	0.0705346766685109	0.0885719619125633	0.104751523808797	0.117895483423903	0	0.152610060062406	0.180765187184426	0.149105371311219	0.14008099610086	0.148835389809301	0.153217879835977	0.0909235598940924	0.118260872002046	0.134118215231783	0.139554358653282	0.093328122006107	0.157862643470876	0.151167736937762	0.124949620754635	0.16591064212515	0.127542252511317	0.133129851424367	0.140223151584124	0.103806205459449	0.124042107893731	0.151864160353478	0.148467865036948	0.123668643771949	0.126257747354846	0.102086546542228	0.0971032496453035	0.0971995560191703	0.0805500401881114	0.109882701131548	0.116882346229754	0.142465582113543	0.0767304597680101	0.0760388512278892	0.0946016020428423	0.082889138923344
700024452	0.115749879276716	0.15543224787686	0.166102137222218	0.127275545713888	0.109446651218405	0.172872971913333	0.123833391493906	0.188847711951337	0.10051919266179	0.166502133090467	0.148833788460503	0.169207174389461	0.165503155152524	0.138751989060701	0.167013517220272	0.127748791901913	0.177347951610602	0.176153706603375	0.111093218478756	0.13799497895319	0.133991566199045	0.153130187253855	0.124616086652311	0.110350256239749	0.152610060062406	0	0.150475839582573	0.126696013678958	0.132011606274335	0.163749462065311	0.17238530898083	0.151950814292247	0.138835977438116	0.153963506865303	0.0710930322927818	0.139821983542187	0.161803953464305	0.17063083894918	0.0966962997265791	0.174726216658448	0.11792053269687	0.165805735551519	0.149890629222023	0.146912755728348	0.142015583368677	0.120112949840221	0.117340020462736	0.162638411612896	0.150267524286398	0.151076266387648	0.133144484050756	0.106058223389391	0.116190363184352	0.137809961443022	0.100273587633829	0.156997047924771	0.138330191135858	0.130614875982625	0.138624717106575	0.142338887005084
700032931	0.162738868235757	0.12003160341159	0.136532869317075	0.181126498629655	0.145748766099141	0.139523768514743	0.184038249214133	0.144529073824686	0.156962095382636	0.135257787400944	0.128460650904605	0.144958127609252	0.135938132930362	0.129568187596376	0.14322646401335	0.146508249976447	0.141437346530278	0.123702420677516	0.147998614821153	0.159856532191826	0.165530965684641	0.14238132532085	0.133407222000689	0.142838644680298	0.180765187184426	0.150475839582573	0	0.127413237498499	0.142645900360196	0.137252181946607	0.131489288996902	0.149766038650222	0.130489605863926	0.127001205283712	0.145366455339883	0.139892639414527	0.133689586674257	0.140311158326891	0.147385270456589	0.147541042682564	0.13934858294223	0.135369478526235	0.135723809670066	0.139423476663837	0.138966973585928	0.131980185845194	0.123219032667913	0.133407444747632	0.128295833835609	0.135776105467798	0.148493150451764	0.172351825502512	0.171839813601768	0.126612395917206	0.155818330962921	0.13145476413772	0.16163109969155	0.172695480439755	0.135601523561185	0.166838863170613
700095837	0.130550065044675	0.138219239480704	0.139793109142783	0.155199908209451	0.132322298228025	0.151393646950483	0.154937250477668	0.154445522585334	0.126167753585353	0.136341798466799	0.117395625650205	0.137640019272144	0.121364560352372	0.137360207291133	0.143735227737918	0.120433507037439	0.142567978639266	0.152945675907114	0.121054935301262	0.132110039984129	0.137950600926715	0.133594331672078	0.120814351655658	0.124764928249226	0.149105371311219	0.126696013678958	0.127413237498499	0	0.113163198638585	0.122813592545832	0.145544025547897	0.134013232705058	0.111238965058529	0.129582639896609	0.118026950864553	0.127164333671076	0.129689770765301	0.159041362115463	0.123081652662133	0.14798462894337	0.124565570282108	0.121385785954483	0.144854435099444	0.125937342917379	0.115515536814669	0.122778502555369	0.130832413826823	0.13020740482113	0.140206022347317	0.126468047600053	0.125956305591713	0.144880272351728	0.13911828468232	0.139086628661598	0.139873001392837	0.129256468640169	0.13721591577037	0.145525367228463	0.131905398725805	0.143147696174327
700024548	0.149879418889482	0.134520596294071	0.115712538351937	0.130700229655833	0.128823418509656	0.125762882727195	0.146604349728966	0.122136794455416	0.1570147623998	0.116183170474449	0.128012885569916	0.113260223495502	0.116253962565445	0.116458645937093	0.107749166425486	0.139250622520636	0.122948022161356	0.146539998698023	0.143904284061541	0.138222338605799	0.126768374373092	0.131740927826758	0.130391634246822	0.150921301184818	0.14008099610086	0.132011606274335	0.142645900360196	0.113163198638585	0	0.107721529608686	0.129421611052665	0.149018035339965	0.115667424748911	0.100983945103672	0.122674926316479	0.110726475924054	0.15175331213767	0.125149279519678	0.140882841287559	0.104446848444207	0.126311726252748	0.10002953573361	0.147797419268919	0.141918084554602	0.0784641281153792	0.098092386781464	0.13173965970066	0.10098082904408	0.117663174024872	0.120611293554355	0.120892258137189	0.150009788457571	0.132566231189682	0.129278653135771	0.149413690569671	0.119338966324449	0.119534414730847	0.14936638331389	0.102131027226692	0.151020575683783
700110161	0.167474895147716	0.140509562078116	0.110419905476341	0.165243572456335	0.136023917738907	0.0963404511653004	0.160170701864969	0.114876426697161	0.15386280888853	0.110155468184275	0.125791780660144	0.116410896177126	0.108600906634423	0.103514351676682	0.0933954833717852	0.142352927097945	0.114074604730702	0.118765532825463	0.147550645784263	0.138805863306228	0.143094112253116	0.128719484456178	0.12844108430893	0.158990446633915	0.148835389809301	0.163749462065311	0.137252181946607	0.122813592545832	0.107721529608686	0	0.111566089148231	0.137496441172654	0.130344843118739	0.0923062176983275	0.152268104790986	0.124289286390334	0.133358255211108	0.0971495611239722	0.160176128207034	0.116938892200711	0.148220255419851	0.092569497517118	0.134098968133821	0.134741024622489	0.101817603167367	0.121694744570217	0.140873781135732	0.103507906449831	0.0902673282311392	0.109748835522141	0.129439832377526	0.163800218957704	0.150178135399766	0.129947969682745	0.178005104094076	0.109556081176316	0.119881579639292	0.161321799013918	0.0991813797877146	0.146253171688745
700023496	0.157695883455476	0.14682294359233	0.0940583301419621	0.178361288698938	0.140688692550933	0.0846493441278148	0.162486493202245	0.114766156616134	0.15540715732587	0.0933741181110231	0.100619501915797	0.108848031407121	0.108581187867172	0.11463525730099	0.118980748142733	0.131467169377911	0.0895529266294955	0.093602637822611	0.149484965821502	0.159808371567158	0.144171028376139	0.116028582811797	0.14644902453813	0.162213251076572	0.153217879835977	0.17238530898083	0.131489288996902	0.145544025547897	0.129421611052665	0.111566089148231	0	0.135111449219353	0.105600041860267	0.0823473141657562	0.153902582249457	0.111452622266544	0.110679356057168	0.100770148437475	0.156150135749715	0.117036163440799	0.135574472467318	0.0987610468618975	0.11125944379311	0.142571930319954	0.10762982818638	0.112329268092976	0.13372998997052	0.0952774811184211	0.0898476964923243	0.107835297779848	0.114648211366132	0.180455873314171	0.167283129900609	0.111485484705929	0.180267913388445	0.112899863729635	0.131104098854056	0.174403677334624	0.119406330187981	0.155976362030057
700034628	0.120044272071335	0.145930603117394	0.102088656550795	0.144021262937545	0.142389644218403	0.128081873964388	0.0905333847155579	0.149731847135843	0.100841969727432	0.13870730459432	0.0987325722205615	0.0923010812236126	0.129528316138841	0.139018793417658	0.118470008593803	0.111381863978767	0.141125920068659	0.140527984313164	0.105881658655767	0.103179391635201	0.0997974513494472	0.0800635091809961	0.106810799400413	0.132302157134926	0.0909235598940924	0.151950814292247	0.149766038650222	0.134013232705058	0.149018035339965	0.137496441172654	0.135111449219353	0	0.0998262440669886	0.11831240685672	0.138565601682773	0.0753653891460659	0.140676280090073	0.129140496643911	0.131054436332491	0.147597402083009	0.133850846736988	0.108950995494668	0.13007289184301	0.0735692275961524	0.11843534986865	0.142943123110433	0.13508513533846	0.100926952283672	0.133036617079508	0.0763188339743571	0.0896110848867159	0.11936789915703	0.114346908307686	0.124860714164076	0.149253052267533	0.113489852242314	0.103101351718685	0.100245946561642	0.0921711479791276	0.0783584676125633
700023645	0.110687985975553	0.124036889747329	0.105004661676271	0.140151801821597	0.123194030194604	0.123016725113109	0.122736681482773	0.125872293440823	0.11293902756277	0.102158428234503	0.0734905910099599	0.102160383181022	0.113111603407624	0.122606866646162	0.131830853185457	0.1021283135431	0.120456336002477	0.129235873045733	0.106237511663271	0.113003251947367	0.102647933425579	0.0834813840691066	0.113537920707457	0.125944752290271	0.118260872002046	0.138835977438116	0.130489605863926	0.111238965058529	0.115667424748911	0.130344843118739	0.105600041860267	0.0998262440669886	0	0.0857107593158355	0.119516798185699	0.0805846291986311	0.122878480938057	0.132752461345703	0.117789524955811	0.13055615799591	0.0991493040489997	0.101369285753408	0.103801362406724	0.101790555018824	0.0957194393061469	0.103204384550164	0.107862002353803	0.0964573900143698	0.109808411325036	0.0891855701300001	0.0805577105605528	0.129724968109105	0.126206528557806	0.109406979805718	0.140502268061297	0.104489179129254	0.100814242747222	0.120138299356416	0.0932422073193488	0.120692315599786
700038744	0.142771000636231	0.137494773272006	0.082645783338262	0.152826572128991	0.132027067612779	0.0764611260188817	0.141008140126735	0.114871396596785	0.145420799440465	0.0880801261429778	0.0923857009221404	0.0902331780202441	0.104235488021915	0.101395313591518	0.109695167941621	0.120635915561276	0.101454550661915	0.102698645780342	0.134918841359361	0.137547803883131	0.127498249969912	0.0900123869531858	0.129595510899692	0.150500610992027	0.134118215231783	0.153963506865303	0.127001205283712	0.129582639896609	0.100983945103672	0.0923062176983275	0.0823473141657562	0.11831240685672	0.0857107593158355	0	0.138075015290286	0.0944238317386558	0.118172536445528	0.0885242168050446	0.142878551501919	0.102002309915546	0.124007879155422	0.0822061125187015	0.114903262925362	0.124562418111551	0.0888220264916947	0.106930106567712	0.127515403350519	0.0746413557557535	0.0756352944884413	0.0818958670525175	0.0938457010967916	0.159787346488103	0.150367503675395	0.105165527910975	0.167040536745086	0.0946336301685657	0.116172502817205	0.153838494096585	0.0898002130944624	0.141057611695483
700038485	0.109757333625508	0.14740860720437	0.148138483361012	0.120317908483895	0.08980702104313	0.156722154647612	0.119282195865695	0.174965154904843	0.100672093786111	0.152780225364753	0.126748603836264	0.153395014833023	0.157402688359187	0.124204126691145	0.157026634013962	0.125647461579549	0.172222567229335	0.155254794787351	0.106793809048998	0.12099401226515	0.126234359065642	0.135050569224175	0.11010838634926	0.102695736360321	0.139554358653282	0.0710930322927818	0.145366455339883	0.118026950864553	0.122674926316479	0.152268104790986	0.153902582249457	0.138565601682773	0.119516798185699	0.138075015290286	0	0.118406483214263	0.140964156723885	0.156039250800469	0.0976780942095122	0.157304792010489	0.114319623258932	0.148035593498302	0.132754267042169	0.130813801258369	0.129409871632071	0.110529887395993	0.109858412663075	0.148298156602229	0.139630929910457	0.140208421404961	0.116503326716212	0.107429247151073	0.108661927249672	0.124534281081979	0.0952545167998018	0.155073474301241	0.130147240482988	0.120785179837033	0.126939076694826	0.1314129581499
700024743	0.11749705510607	0.128435275542312	0.0994040633799321	0.121760795179742	0.126584009892002	0.118009943789516	0.0986755364027541	0.126295141552143	0.118721424760627	0.110656848256186	0.0866496381640419	0.10160095223723	0.121034088163328	0.113974842708248	0.113866965158542	0.119700787966939	0.115764576793892	0.140499502113184	0.112842814936771	0.0920231738748873	0.0973177679962436	0.0895881372545279	0.0971396346715602	0.128489553227233	0.093328122006107	0.139821983542187	0.139892639414527	0.127164333671076	0.110726475924054	0.124289286390334	0.111452622266544	0.0753653891460659	0.0805846291986311	0.0944238317386558	0.118406483214263	0	0.137003164928265	0.121300005869608	0.117778398701995	0.123102524308359	0.116228974795136	0.107914699119595	0.119503480527164	0.0879196916806946	0.0962764740198477	0.114844872141148	0.123639577421422	0.0940996153055634	0.108685046339854	0.0883213099413095	0.0888269278732666	0.117663033905013	0.107620307883935	0.107008545905836	0.131408654659074	0.111776576799013	0.0953575611425409	0.097113834239468	0.0800761018304438	0.0943030772208919
