700108602	700014971	700033565	700109389	700023058	700023927	700106341	700114221	700023543	700023439	700016978	700024192	700113058	700099448	700109870	700033928	700023693	700109627	700095416	700110425	700111580	700111302	700098605	700111991	700108960	700024452	700032931	700095837	700024548	700110161	700023496	700034628	700023645	700038744	700038485	700024743	700099596	700110760	700101587	700106399	700032322	700095653	700021312	700101230	700023590	700038905	700033136	700023382	700096424	700105469	700016908	700096053	700108479	700109569	700033814	700016125	700109756	700102665	700101777	700109455
700108602	0	-0.159275674219918	-0.190763941272393	-0.117010252618787	-0.151843624396067	-0.201959581390995	-0.0777612365635933	-0.214013326116405	-0.0995880606527084	-0.202257832397032	-0.135916363652405	-0.200222178896966	-0.217324093822693	-0.170071946665333	-0.210306352895902	-0.106677382365159	-0.21443756320469	-0.186841128809541	-0.0980073178371052	-0.087603234726022	-0.105675945251618	-0.129557486272012	-0.0981029171363166	-0.0682651517953687	-0.10093713561099	-0.136195698985371	-0.172237419893435	-0.169431779000694	-0.184312567548682	-0.203044845674958	-0.188060892283118	-0.142467608441566	-0.150720605366454	-0.191916824820402	-0.118377228118532	-0.119801580976544	-0.156059474955398	-0.202580230174694	-0.0855403596962183	-0.245636307785733	-0.111056969912742	-0.208698775441371	-0.140824529655303	-0.121260894049428	-0.182338960901673	-0.150779893852525	-0.127222805121935	-0.198688008770482	-0.17225283373475	-0.171878071771823	-0.127470149357773	-0.0761745809116268	-0.0830782580530025	-0.10617026631643	-0.0958074581254569	-0.201810688045433	-0.117648129756274	-0.0728210542147451	-0.166350770460269	-0.101484183933831
700014971	-0.159275674219918	0	-0.175422266946442	-0.211516871001361	-0.118826200036051	-0.162436421708917	-0.175911078836861	-0.157737522328639	-0.150728839864027	-0.120431039380988	-0.131359106874828	-0.191667102720619	-0.147896720391189	-0.114953269675022	-0.16612140889881	-0.155397753504058	-0.132812972634721	-0.168564253586674	-0.157838637881083	-0.153911167724613	-0.162780996649337	-0.145749310677749	-0.128008474807362	-0.168159973258709	-0.189552869857359	-0.147444261909134	-0.114989635239157	-0.134247051938114	-0.121452637057064	-0.137747933478766	-0.114183934502234	-0.167355495306107	-0.119781995624128	-0.116440955536105	-0.137217917805859	-0.130400967533765	-0.172981695705217	-0.171028621379749	-0.134889808977709	-0.167663450818209	-0.134511321953031	-0.146337709365758	-0.124484555295583	-0.155845816574426	-0.112374232554145	-0.118270576936915	-0.101914773103631	-0.144770059876179	-0.128401700113549	-0.170845604504471	-0.16067143982372	-0.163997317080089	-0.17044888864511	-0.116377472687673	-0.182428235356508	-0.143847401188984	-0.153504363420002	-0.180786356440493	-0.159056241735564	-0.166538572281587
700033565	-0.190763941272393	-0.175422266946442	0	-0.231690473285578	-0.201297730058433	-0.0742680676359567	-0.20421734060212	-0.104904606350051	-0.173193383167034	-0.107509596478733	-0.107394462052208	-0.0775060288357342	-0.121819723719405	-0.14183666985368	-0.105864767070581	-0.130266669817404	-0.12168526908928	-0.102381884348239	-0.171704284125526	-0.182373914262864	-0.170956958224162	-0.0958980630879191	-0.189919984343858	-0.183346462736738	-0.180212749538003	-0.202837517865306	-0.143594929225636	-0.186213548918263	-0.166320569734532	-0.113988589803567	-0.120466558047764	-0.132022658254548	-0.122037674524291	-0.0959351609877194	-0.198753679891173	-0.148597027691786	-0.168555221742291	-0.0953134993222937	-0.188080730501089	-0.152697930472177	-0.172175261702107	-0.101542979801043	-0.152755731118869	-0.147143833040623	-0.144727632312315	-0.150563530467628	-0.15436368801431	-0.106157090725652	-0.123342423397625	-0.0796550749566611	-0.0948356522472499	-0.206777308417727	-0.207714909974669	-0.138454098042673	-0.232150095597091	-0.106542097711977	-0.13980293441847	-0.199107252165766	-0.0775206814862815	-0.190181142683159
700109389	-0.117010252618787	-0.211516871001361	-0.231690473285578	0	-0.195639292574773	-0.256615993187539	-0.0980995932466716	-0.249379388614393	-0.170618062242968	-0.245706119767356	-0.191622022854613	-0.229759809272005	-0.245814292398117	-0.223536284868213	-0.229862310573164	-0.16743016454673	-0.256954684387568	-0.251248125010995	-0.184431405778889	-0.126728028076176	-0.143967936186521	-0.185151113118266	-0.143477630139832	-0.138341644030876	-0.138325082824102	-0.165056315710871	-0.239176996281045	-0.219404942028865	-0.189335237396553	-0.234614242305039	-0.240976701235416	-0.207882838149331	-0.192770206696224	-0.227221955289031	-0.147205273715951	-0.167539201196384	-0.234200090548982	-0.2538333654038	-0.165621137817791	-0.245853536747373	-0.161521291855093	-0.238364659876603	-0.205793224335275	-0.183321173785767	-0.213070603753306	-0.178074057070529	-0.200327876612224	-0.22807560889518	-0.227710370747207	-0.213996108148479	-0.178291281673991	-0.126385392429563	-0.0753503219748384	-0.17123521134282	-0.131450199875166	-0.233498766548493	-0.137755675217522	-0.114719881585842	-0.199063684499291	-0.1471240206873
700023058	-0.151843624396067	-0.118826200036051	-0.201297730058433	-0.195639292574773	0	-0.179992334838857	-0.162387941477319	-0.191651368427587	-0.135851005736837	-0.160376368597144	-0.147634419352476	-0.208387185202108	-0.188830911849384	-0.12868905110596	-0.191032893491881	-0.145484451302919	-0.175445567335583	-0.175201211338812	-0.143766124420529	-0.159823564839064	-0.167472700988937	-0.168034629622808	-0.134704314496597	-0.145252662713332	-0.197368061397964	-0.131773580340189	-0.137865832449129	-0.159871242281756	-0.157637831954735	-0.168900264680559	-0.152215676474802	-0.191273132137753	-0.136816358159221	-0.15750417112835	-0.125927629557476	-0.1662790400373	-0.132308129498063	-0.166246203765336	-0.125150293410891	-0.210523850594614	-0.127746157564282	-0.18666718513721	-0.123058523754437	-0.176607580155321	-0.154895490271032	-0.144471520976567	-0.10745442449675	-0.175335889999984	-0.138181619961448	-0.197849855186982	-0.165159596213281	-0.143996006237907	-0.162634074529652	-0.130852605039968	-0.156325306240452	-0.177752870108323	-0.176530189717281	-0.169497092609671	-0.185064871108618	-0.153484355989784
700023927	-0.201959581390995	-0.162436421708917	-0.0742680676359567	-0.256615993187539	-0.179992334838857	0	-0.230097284983041	-0.112640706145999	-0.18753977980526	-0.0875945443217601	-0.125979846939378	-0.0956953502024344	-0.12296135126188	-0.104456381253276	-0.117930526049401	-0.15639904813278	-0.109519747669185	-0.0751896229310053	-0.176451718296875	-0.202140663638911	-0.179859562040496	-0.127220780421958	-0.187932415238462	-0.192700857301277	-0.203163699675494	-0.204846547272415	-0.132675683811481	-0.200861595889161	-0.175800789822771	-0.12338329945124	-0.0784138200550796	-0.160517137479432	-0.142969705752108	-0.0983211499050538	-0.203760342029019	-0.176802271684314	-0.150030353753319	-0.0652630482832091	-0.191625072656269	-0.154127391728455	-0.161396061669424	-0.111358703606189	-0.136872568936221	-0.169916209245386	-0.149131626730327	-0.143793469589388	-0.142925796240929	-0.123586895182882	-0.0848499002234926	-0.100075548947364	-0.117772105241975	-0.219231841247364	-0.229569060467936	-0.136869717530887	-0.234583549765979	-0.112479212077439	-0.147160327960474	-0.218134648228973	-0.0982062115906275	-0.202228913592101
700106341	-0.0777612365635933	-0.175911078836861	-0.20421734060212	-0.0980995932466716	-0.162387941477319	-0.230097284983041	0	-0.220133315965358	-0.0910209982495698	-0.219863394483599	-0.147653435143195	-0.199062648876806	-0.218728558036331	-0.192443384455988	-0.216473381580343	-0.124980949254181	-0.226215537915896	-0.226175374000283	-0.129420602792081	-0.0851748281825216	-0.0997385417664186	-0.134322558783872	-0.11598126009032	-0.103815788194705	-0.0826258975324786	-0.15959196235197	-0.213700168067869	-0.202120719439031	-0.193515905234857	-0.21017318980844	-0.204601805719816	-0.128486157379385	-0.159408901260161	-0.199058822188986	-0.13803730958553	-0.106475691169333	-0.197092193731501	-0.230131333806777	-0.104593367042322	-0.252094795291043	-0.135528701418925	-0.206912188933156	-0.155856731837353	-0.114722588491037	-0.181231165329139	-0.165265968892034	-0.160118719159807	-0.193927099896123	-0.200802711964082	-0.176552290337384	-0.152406577503824	-0.0810459719812116	-0.0724557497186157	-0.123018356913848	-0.125687298680892	-0.202978349000817	-0.11872327494203	-0.0672561705160719	-0.173999426152646	-0.0773352073627301
700114221	-0.214013326116405	-0.157737522328639	-0.104904606350051	-0.249379388614393	-0.191651368427587	-0.112640706145999	-0.220133315965358	0	-0.187774864343908	-0.0730109886302182	-0.131304368006052	-0.107396222096685	-0.067570684118929	-0.132517871324225	-0.0752990327459417	-0.165373267043351	-0.0796408534390319	-0.141017466703212	-0.198418775162428	-0.187890994178337	-0.189162327215248	-0.145089407837962	-0.196343305433533	-0.210233721880507	-0.22256216786923	-0.217841532771978	-0.130683515283871	-0.170151546048664	-0.141328420293294	-0.106170104622431	-0.106180427811147	-0.172861769523506	-0.121127010082097	-0.101427734144476	-0.220462877680665	-0.153122020053202	-0.185608304812028	-0.091705454909698	-0.20026000953372	-0.0946390721845316	-0.159738297924275	-0.0803597368204935	-0.170540023872008	-0.171184308482024	-0.111200827177046	-0.130139245620642	-0.147322228013919	-0.0706199241317378	-0.132868229889752	-0.115743566588153	-0.148593394254246	-0.213564492613797	-0.220912338560867	-0.153453640969162	-0.256322020643381	-0.0712237542597293	-0.152824073229062	-0.229657615852482	-0.114552514438136	-0.198537038431486
700023543	-0.0995880606527084	-0.150728839864027	-0.173193383167034	-0.170618062242968	-0.135851005736837	-0.18753977980526	-0.0910209982495698	-0.187774864343908	0	-0.175424165867812	-0.12178059754296	-0.180699281532052	-0.191928771936382	-0.162016564449316	-0.191176533498696	-0.0897084527607732	-0.190128247199169	-0.186350297353741	-0.096012578447261	-0.119119845273209	-0.118106255524099	-0.119258623458444	-0.115128317930307	-0.104908994500421	-0.122236781057672	-0.138338188608512	-0.171145817635661	-0.167564953012011	-0.199441097411844	-0.178773072108398	-0.166776959538017	-0.0953320842794667	-0.128890097791994	-0.162380481711529	-0.129118591972251	-0.123871111521708	-0.158652970633432	-0.192243201603075	-0.0929980895037544	-0.229699480983745	-0.120987291781976	-0.182282869002139	-0.132863082774106	-0.0904490377079398	-0.171001518162741	-0.157190510973083	-0.121373855885598	-0.170167829999895	-0.171922631273899	-0.149838838625596	-0.133319062506838	-0.0776943047496633	-0.120669062016203	-0.118606139071672	-0.149577993445507	-0.169870961151708	-0.14918286182364	-0.0936346781752454	-0.154570339573183	-0.0817497707687497
700023439	-0.202257832397032	-0.120431039380988	-0.107509596478733	-0.245706119767356	-0.160376368597144	-0.0875945443217601	-0.219863394483599	-0.0730109886302182	-0.175424165867812	0	-0.121513880891541	-0.122440573029813	-0.084287544210317	-0.101909644549672	-0.103273394393485	-0.153039421025598	-0.0656791348503124	-0.112351442604683	-0.182281383930741	-0.184359839158422	-0.178312593866072	-0.141549270463037	-0.183163302686442	-0.188660021561907	-0.213306959317869	-0.197410907797356	-0.117984633159518	-0.159647334629192	-0.129667083868795	-0.106508790706604	-0.0652146915745963	-0.174256506789061	-0.106464260380426	-0.0790775071447762	-0.191929676902646	-0.153914903059261	-0.162163579347256	-0.0906059564704609	-0.185148501817834	-0.109975334951552	-0.140393924768788	-0.0887078288944023	-0.139644256954847	-0.172677475684919	-0.105016885268334	-0.111479418508419	-0.1170866318734	-0.0888916553366716	-0.0965132521675625	-0.126272606133654	-0.134806826583247	-0.201888641951333	-0.217064161208589	-0.126825432731338	-0.234755085229217	-0.0837517375113749	-0.146926649914227	-0.213725747619789	-0.113482708978502	-0.197600037250029
700016978	-0.135916363652405	-0.131359106874828	-0.107394462052208	-0.191622022854613	-0.147634419352476	-0.125979846939378	-0.147653435143195	-0.131304368006052	-0.12178059754296	-0.121513880891541	0	-0.108145565648265	-0.13475827797202	-0.124790387454229	-0.147027630079607	-0.0815827325484331	-0.140640062956723	-0.113051699497815	-0.123207628476408	-0.109862361134266	-0.12231219989815	-0.0584040417956024	-0.139830767341165	-0.125084722603879	-0.125069094722897	-0.167215439179132	-0.135797862238098	-0.138491591048972	-0.154624573326244	-0.131378997073523	-0.106945535653001	-0.0995043741669635	-0.0799349946546594	-0.0947973303819787	-0.155725992092375	-0.0950058751160111	-0.142235915109621	-0.13705182998453	-0.12510081364849	-0.173610071115424	-0.117181017441167	-0.114740566272862	-0.10184116692958	-0.0997339168481793	-0.111800123157275	-0.128069239265913	-0.105953865226693	-0.118608420353083	-0.106946243264415	-0.103644802997663	-0.0867789270322474	-0.146914112846287	-0.146137338764891	-0.0909602981608172	-0.175010935758907	-0.109435432716575	-0.115601454421924	-0.136575249333321	-0.0956898384017479	-0.13436633252843
700024192	-0.200222178896966	-0.191667102720619	-0.0775060288357342	-0.229759809272005	-0.208387185202108	-0.0956953502024344	-0.199062648876806	-0.107396222096685	-0.180699281532052	-0.122440573029813	-0.108145565648265	0	-0.111883107014157	-0.164192659925494	-0.103770449023231	-0.140603722983739	-0.133160454475287	-0.123149267961165	-0.176454871228611	-0.173031201820817	-0.162269913091801	-0.0905588637773204	-0.195691439598031	-0.196814787037436	-0.176950328134546	-0.220908267171911	-0.170262218938503	-0.19307762661564	-0.174989574997459	-0.140120517397023	-0.118581296297865	-0.12809300678031	-0.11736300239581	-0.107118819372594	-0.221362494944797	-0.146669890188236	-0.187810335017139	-0.107931137657792	-0.203408261752878	-0.147243006583385	-0.170536409549253	-0.0802756559911709	-0.165061159546593	-0.143715187501812	-0.123210228899194	-0.155748609149055	-0.164991014324656	-0.0930308165437219	-0.135394751246156	-0.0725486118030382	-0.107497562233716	-0.215490116844173	-0.209218943052501	-0.143459145402755	-0.252934551034811	-0.0941377003573022	-0.128554418145936	-0.203732141849825	-0.0930974935236113	-0.188559879066951
700113058	-0.217324093822693	-0.147896720391189	-0.121819723719405	-0.245814292398117	-0.188830911849384	-0.12296135126188	-0.218728558036331	-0.067570684118929	-0.191928771936382	-0.084287544210317	-0.13475827797202	-0.111883107014157	0	-0.136420951006274	-0.0886152216811606	-0.172567871124654	-0.104140984492886	-0.146355402537492	-0.205074751099657	-0.190402968615385	-0.197036756486342	-0.145909261105532	-0.200049267155061	-0.220980522310381	-0.225664703770862	-0.218167999979316	-0.131106150047707	-0.158179508341569	-0.138245207480858	-0.111870073858805	-0.107515932205728	-0.17200411261544	-0.121591770099716	-0.09603710619456	-0.224830560809354	-0.167072835535962	-0.193862025456821	-0.119213742667927	-0.200333269566098	-0.109713451323136	-0.168848151234448	-0.0768955234176977	-0.178985332055514	-0.175694450342837	-0.110078913120977	-0.130497232529325	-0.158552033946903	-0.0762812918549298	-0.141573285155784	-0.125083437475405	-0.154402225943628	-0.213644703039586	-0.219535546633216	-0.166966935771351	-0.261263762934194	-0.064563216611896	-0.156015617005984	-0.234863984471138	-0.11968641682901	-0.197565865089321
700099448	-0.170071946665333	-0.114953269675022	-0.14183666985368	-0.223536284868213	-0.12868905110596	-0.104456381253276	-0.192443384455988	-0.132517871324225	-0.162016564449316	-0.101909644549672	-0.124790387454229	-0.164192659925494	-0.136420951006274	0	-0.135050399962331	-0.147337171223647	-0.114240796893678	-0.112839061604443	-0.149541581065713	-0.166320419748402	-0.1679252482477	-0.147549685279485	-0.149569604210474	-0.157536469148379	-0.202435602948956	-0.147192215059818	-0.0994678362526558	-0.15291640074641	-0.13639432215005	-0.116253358329299	-0.0846794305488537	-0.182193302671861	-0.117945908888551	-0.105138950341428	-0.156152098772873	-0.154780358122366	-0.135624488747653	-0.110089025729659	-0.148796145885015	-0.166357804466704	-0.133260175781687	-0.135439661234755	-0.112790973632667	-0.175996843345769	-0.119994101848126	-0.116725216326945	-0.102509650796488	-0.131581542228018	-0.0735576301643533	-0.151987142730633	-0.134133252351576	-0.166863937519434	-0.194462294759373	-0.120490087092501	-0.187465525415055	-0.126312961129631	-0.135866441265676	-0.192434396702553	-0.126408285476519	-0.178997575145118
700109870	-0.210306352895902	-0.16612140889881	-0.105864767070581	-0.229862310573164	-0.191032893491881	-0.117930526049401	-0.216473381580343	-0.0752990327459417	-0.191176533498696	-0.103273394393485	-0.147027630079607	-0.103770449023231	-0.0886152216811606	-0.135050399962331	0	-0.175918033144883	-0.0984749871749908	-0.156397478205431	-0.202369195426767	-0.18805560019213	-0.176479788051398	-0.148818225817062	-0.188288936937416	-0.215771685485381	-0.220709230355459	-0.210283920902839	-0.14369573712238	-0.180422728409571	-0.131135550921892	-0.100576887601804	-0.122722052970186	-0.175876336878384	-0.140041848927974	-0.115360706862322	-0.217623869579579	-0.169805270411479	-0.205625775062097	-0.0921996874151697	-0.207509900232818	-0.103927413343879	-0.183953567082492	-0.0798594270436851	-0.188159669049103	-0.169276556019368	-0.115805533704974	-0.125018153666908	-0.16038817162251	-0.0794101831798894	-0.135968813903317	-0.120580041605803	-0.150350989435419	-0.219236547846526	-0.21048786602831	-0.158368626151798	-0.249900570731994	-0.0868486112721742	-0.140462266884303	-0.231511514463829	-0.109016945132761	-0.200305429384592
700033928	-0.106677382365159	-0.155397753504058	-0.130266669817404	-0.16743016454673	-0.145484451302919	-0.15639904813278	-0.124980949254181	-0.165373267043351	-0.0897084527607732	-0.153039421025598	-0.0815827325484331	-0.140603722983739	-0.172567871124654	-0.147337171223647	-0.175918033144883	0	-0.172446033222818	-0.141996381060753	-0.103477223550998	-0.117842961862084	-0.116808042737109	-0.0895931013021699	-0.133175281387541	-0.0871081212494068	-0.129663486169353	-0.14182821368269	-0.156773787345936	-0.147006111930844	-0.176244224490099	-0.162065938003073	-0.141494848307956	-0.110844882671669	-0.0913003725992586	-0.13385341256226	-0.130178442288478	-0.125615193298824	-0.140598755471582	-0.170095049835586	-0.115654827564738	-0.208880708801862	-0.104598017400952	-0.148898612361191	-0.116689320017722	-0.113027813425407	-0.14014415165193	-0.134276333945537	-0.105677616984235	-0.154952754002809	-0.145222576979292	-0.128189977612343	-0.084920225624316	-0.111185450921682	-0.129037912308329	-0.112201109980572	-0.15765254302368	-0.144011642038107	-0.129446079482063	-0.11020168925202	-0.120147555843091	-0.116990269504022
700023693	-0.21443756320469	-0.132812972634721	-0.12168526908928	-0.256954684387568	-0.175445567335583	-0.109519747669185	-0.226215537915896	-0.0796408534390319	-0.190128247199169	-0.0656791348503124	-0.140640062956723	-0.133160454475287	-0.104140984492886	-0.114240796893678	-0.0984749871749908	-0.172446033222818	0	-0.137190857220452	-0.198969187716004	-0.199559930698122	-0.186460057167044	-0.158891937404203	-0.193686354785528	-0.209726878506879	-0.233858247795086	-0.209839164306072	-0.127376521808365	-0.167161968765058	-0.127614575806407	-0.111876682361153	-0.0854955513444063	-0.185182045630236	-0.12304291198829	-0.0911499682602368	-0.205397203290502	-0.16188400387642	-0.176077725114797	-0.113244937052585	-0.196875969733849	-0.0991807538237735	-0.16077291296614	-0.0924717254934053	-0.154751434034635	-0.183117716676679	-0.100956779650389	-0.114864956395829	-0.134704856135367	-0.0884675468124209	-0.116905446265439	-0.140487796313006	-0.156438182553295	-0.214176416583502	-0.226602702030126	-0.139082745701046	-0.251683779797068	-0.101000442172089	-0.159994483242099	-0.233978854725079	-0.140491659254703	-0.209326450819365
700109627	-0.186841128809541	-0.168564253586674	-0.102381884348239	-0.251248125010995	-0.175201211338812	-0.0751896229310053	-0.226175374000283	-0.141017466703212	-0.186350297353741	-0.112351442604683	-0.113051699497815	-0.123149267961165	-0.146355402537492	-0.112839061604443	-0.156397478205431	-0.141996381060753	-0.137190857220452	0	-0.178397003883665	-0.18859575047116	-0.197082234424006	-0.133444962271589	-0.194752971922143	-0.174343015835779	-0.201255497976781	-0.198716813621565	-0.13491819084071	-0.178627927885788	-0.198429826145125	-0.136846122358319	-0.0917290221171891	-0.166220854928329	-0.139163498021803	-0.117442934126734	-0.195596513329294	-0.173839776816969	-0.129299349070626	-0.0888927941144095	-0.183667729280903	-0.184788767785905	-0.167627759886151	-0.136454401493875	-0.12261480934429	-0.161783790198758	-0.162072341086932	-0.161983056760501	-0.142757844722873	-0.150837790059476	-0.0788857984011811	-0.133538694730999	-0.115582315457071	-0.21236342248866	-0.223990015290785	-0.145673482032355	-0.216580942333651	-0.133881371987843	-0.173688159794668	-0.207004158202565	-0.128413273837762	-0.207806177694583
700095416	-0.0980073178371052	-0.157838637881083	-0.171704284125526	-0.184431405778889	-0.143766124420529	-0.176451718296875	-0.129420602792081	-0.198418775162428	-0.096012578447261	-0.182281383930741	-0.123207628476408	-0.176454871228611	-0.205074751099657	-0.149541581065713	-0.202369195426767	-0.103477223550998	-0.198969187716004	-0.178397003883665	0	-0.132482877455762	-0.114194796506754	-0.121180968596387	-0.124320985803719	-0.0890477618602952	-0.130634441183117	-0.137200642314168	-0.156310138474106	-0.17131054902211	-0.194663398030205	-0.198213251080405	-0.167303595816784	-0.12260551913546	-0.134374101595848	-0.173171643948272	-0.130903389737351	-0.136846993260976	-0.134155798993061	-0.183066368456582	-0.0952905128870181	-0.236997331607877	-0.103705851878399	-0.194335688707918	-0.114689453817967	-0.127392303126335	-0.169382511056549	-0.151137024028887	-0.10026550678674	-0.185447976840644	-0.153467967302391	-0.159629050236908	-0.122412621368621	-0.120040633257062	-0.139397501355287	-0.105848085845131	-0.125315149669149	-0.18254668139262	-0.139586087641883	-0.122206043324879	-0.155792154118454	-0.126619890297069
700110425	-0.087603234726022	-0.153911167724613	-0.182373914262864	-0.126728028076176	-0.159823564839064	-0.202140663638911	-0.0851748281825216	-0.187890994178337	-0.119119845273209	-0.184359839158422	-0.109862361134266	-0.173031201820817	-0.190402968615385	-0.166320419748402	-0.18805560019213	-0.117842961862084	-0.199559930698122	-0.18859575047116	-0.132482877455762	0	-0.0867434932487976	-0.111994957505859	-0.111470049866574	-0.105362834277156	-0.0819664379454201	-0.16797040289172	-0.183066267553589	-0.16546510561924	-0.166684603861327	-0.172330356000293	-0.172351272906217	-0.130421667397827	-0.12782571763727	-0.16615779627558	-0.150033551703778	-0.0872312116457973	-0.180524010820343	-0.195805796835306	-0.112996553091886	-0.226078704535776	-0.124882464154613	-0.174016952956711	-0.125731147347962	-0.0955542158252193	-0.145905929834832	-0.138313631156504	-0.123793608255919	-0.168216242832418	-0.160347589048708	-0.154660304773811	-0.132647714766657	-0.0932617820593741	-0.0755037520699326	-0.102202829853025	-0.143516574131826	-0.171735515699407	-0.0856339971577682	-0.0782112526794631	-0.14706749924519	-0.0985977901418636
700111580	-0.105675945251618	-0.162780996649337	-0.170956958224162	-0.143967936186521	-0.167472700988937	-0.179859562040496	-0.0997385417664186	-0.189162327215248	-0.118106255524099	-0.178312593866072	-0.12231219989815	-0.162269913091801	-0.197036756486342	-0.1679252482477	-0.176479788051398	-0.116808042737109	-0.186460057167044	-0.197082234424006	-0.114194796506754	-0.0867434932487976	0	-0.105914668696203	-0.108323877068216	-0.103967064146411	-0.0774139205372371	-0.180848466979123	-0.198283678027133	-0.200930707093354	-0.159769767500725	-0.195956134760738	-0.168027768207282	-0.114145146997002	-0.130578384168616	-0.172476979591029	-0.16574794403356	-0.113785944364024	-0.183844881337413	-0.19042239255583	-0.128267220804639	-0.217564447892195	-0.111291859159424	-0.170031752287015	-0.138552368667852	-0.119492045818872	-0.142640285319088	-0.128363882036715	-0.12558019815225	-0.162226097044643	-0.149422019009355	-0.137322020792679	-0.119694040180317	-0.105543249489158	-0.117945859965116	-0.0902134705949425	-0.147327528482867	-0.170455953645526	-0.0800781361354758	-0.0809595304152671	-0.12965692871888	-0.0969570262141325
700111302	-0.129557486272012	-0.145749310677749	-0.0958980630879191	-0.185151113118266	-0.168034629622808	-0.127220780421958	-0.134322558783872	-0.145089407837962	-0.119258623458444	-0.141549270463037	-0.0584040417956024	-0.0905588637773204	-0.145909261105532	-0.147549685279485	-0.148818225817062	-0.0895931013021699	-0.158891937404203	-0.133444962271589	-0.121180968596387	-0.111994957505859	-0.105914668696203	0	-0.14406226113365	-0.13316069244123	-0.110705429580203	-0.177010355071136	-0.156577450849431	-0.161207267094695	-0.173880946940255	-0.153043835448171	-0.126870872964584	-0.0764750130573217	-0.0887899028123233	-0.111940717434878	-0.171657570491223	-0.0941821085177461	-0.14905795074258	-0.147935826122936	-0.136008311589909	-0.186770025343959	-0.132072422897157	-0.119837588112775	-0.114179322611588	-0.0965629006389937	-0.120465947148265	-0.149278997112977	-0.120140407634893	-0.119309690079428	-0.126966724137105	-0.0763473499825482	-0.0764396220087542	-0.145704001570747	-0.146156793329908	-0.0944710256716413	-0.188614575378867	-0.116859704330483	-0.104494508194469	-0.135141170143947	-0.0783283506558015	-0.1311802178546
700098605	-0.0981029171363166	-0.128008474807362	-0.189919984343858	-0.143477630139832	-0.134704314496597	-0.187932415238462	-0.11598126009032	-0.196343305433533	-0.115128317930307	-0.183163302686442	-0.139830767341165	-0.195691439598031	-0.200049267155061	-0.149569604210474	-0.188288936937416	-0.133175281387541	-0.193686354785528	-0.194752971922143	-0.124320985803719	-0.111470049866574	-0.108323877068216	-0.14406226113365	0	-0.11139534475179	-0.139350831730751	-0.134104732581021	-0.159834120812346	-0.157463689948746	-0.166690989821846	-0.186020269902925	-0.174717058665872	-0.154914684760297	-0.139133895534818	-0.176803393471654	-0.129759914091317	-0.121889755361863	-0.159463285494952	-0.19247901367088	-0.0959631031906391	-0.211983231401414	-0.111379246639674	-0.196257062230382	-0.144596153103951	-0.127588697717687	-0.17557039365771	-0.131753633979783	-0.11734910405548	-0.181248380375757	-0.163292865904128	-0.173097810680923	-0.144408153100323	-0.1098490158381	-0.113576599992746	-0.116081957030195	-0.106636154231898	-0.183519734227511	-0.128371589684339	-0.11527269908592	-0.155317321658175	-0.0961948376880098
700111991	-0.0682651517953687	-0.168159973258709	-0.183346462736738	-0.138341644030876	-0.145252662713332	-0.192700857301277	-0.103815788194705	-0.210233721880507	-0.104908994500421	-0.188660021561907	-0.125084722603879	-0.196814787037436	-0.220980522310381	-0.157536469148379	-0.215771685485381	-0.0871081212494068	-0.209726878506879	-0.174343015835779	-0.0890477618602952	-0.105362834277156	-0.103967064146411	-0.13316069244123	-0.11139534475179	0	-0.108972800490067	-0.12334009786244	-0.166377669210764	-0.169044375600913	-0.190349966948756	-0.200471310686008	-0.176458547369487	-0.150289002621402	-0.138968340424167	-0.181894935566263	-0.118040400086132	-0.126021394964794	-0.145802983418207	-0.190519042768252	-0.0960636775133697	-0.250390107439087	-0.0992010929583977	-0.202563394313444	-0.126760950193619	-0.129318721345856	-0.177391307549202	-0.154710020849972	-0.108898280030505	-0.197007937166974	-0.16020668378316	-0.173713514757612	-0.121561660715584	-0.095115543000691	-0.107283704027298	-0.103823113373649	-0.0919887934668276	-0.197899176805568	-0.130025383414164	-0.0815215009644699	-0.163536590498838	-0.111819235693933
700108960	-0.10093713561099	-0.189552869857359	-0.180212749538003	-0.138325082824102	-0.197368061397964	-0.203163699675494	-0.0826258975324786	-0.22256216786923	-0.122236781057672	-0.213306959317869	-0.125069094722897	-0.176950328134546	-0.225664703770862	-0.202435602948956	-0.220709230355459	-0.129663486169353	-0.233858247795086	-0.201255497976781	-0.130634441183117	-0.0819664379454201	-0.0774139205372371	-0.110705429580203	-0.139350831730751	-0.108972800490067	0	-0.20682837892631	-0.22532876440189	-0.215243979712921	-0.202020466073761	-0.210990747100486	-0.201487206536171	-0.103183085351365	-0.160549226166843	-0.194685332179643	-0.175153060532054	-0.106182587125057	-0.201213817780809	-0.219072000745557	-0.129848369766656	-0.259082452853353	-0.149436735833509	-0.198246213792768	-0.15609187206948	-0.101414005888935	-0.180269132203579	-0.182210300750514	-0.168092926317585	-0.199849993415946	-0.18429815747114	-0.146408342930595	-0.121890102299362	-0.118097865897972	-0.102121242685501	-0.112955046405408	-0.137998854898355	-0.202247172541508	-0.107117564523503	-0.0657360415881192	-0.148369155862089	-0.0935924000950933
700024452	-0.136195698985371	-0.147444261909134	-0.202837517865306	-0.165056315710871	-0.131773580340189	-0.204846547272415	-0.15959196235197	-0.217841532771978	-0.138338188608512	-0.197410907797356	-0.167215439179132	-0.220908267171911	-0.218167999979316	-0.147192215059818	-0.210283920902839	-0.14182821368269	-0.209839164306072	-0.198716813621565	-0.137200642314168	-0.16797040289172	-0.180848466979123	-0.177010355071136	-0.134104732581021	-0.12334009786244	-0.20682837892631	0	-0.146735998177785	-0.150687610849887	-0.150455171667336	-0.186248542003741	-0.189861620576868	-0.205938206601089	-0.156674795940879	-0.186851081223278	-0.0668849835626145	-0.169536952294675	-0.170949106573145	-0.200018470978086	-0.115807849835823	-0.222650118074096	-0.133148639508353	-0.211614644202167	-0.159760950382949	-0.178357701951406	-0.178196453288895	-0.138906226851007	-0.121402410847251	-0.206543305141364	-0.168170989009046	-0.207737571057386	-0.166803823824957	-0.12408706854617	-0.142270477000115	-0.150384022270604	-0.124389433456844	-0.199794603654056	-0.164642232081021	-0.174915752345403	-0.17828149653396	-0.177083653732264
700032931	-0.172237419893435	-0.114989635239157	-0.143594929225636	-0.239176996281045	-0.137865832449129	-0.132675683811481	-0.213700168067869	-0.130683515283871	-0.171145817635661	-0.117984633159518	-0.135797862238098	-0.170262218938503	-0.131106150047707	-0.0994678362526558	-0.14369573712238	-0.156773787345936	-0.127376521808365	-0.13491819084071	-0.156310138474106	-0.183066267553589	-0.198283678027133	-0.156577450849431	-0.159834120812346	-0.166377669210764	-0.22532876440189	-0.146735998177785	0	-0.128265381903041	-0.152005931931242	-0.121598991808711	-0.107658624109028	-0.189550135996238	-0.121604632775204	-0.106903977841868	-0.168366825495253	-0.172622843297772	-0.132760013527014	-0.122570214651344	-0.157780288630068	-0.162204028448465	-0.144031242595753	-0.129933331873568	-0.139292906423182	-0.176623499219929	-0.135564050981825	-0.135897307172302	-0.113252322409324	-0.124052554949075	-0.119383296781311	-0.159490114502224	-0.157574941465321	-0.188038458396061	-0.202157962816536	-0.146113980874581	-0.188687347188719	-0.121596845571646	-0.170154702073958	-0.2176853038462	-0.141732727673416	-0.200971000308938
700095837	-0.169431779000694	-0.134247051938114	-0.186213548918263	-0.219404942028865	-0.159871242281756	-0.200861595889161	-0.202120719439031	-0.170151546048664	-0.167564953012011	-0.159647334629192	-0.138491591048972	-0.19307762661564	-0.158179508341569	-0.15291640074641	-0.180422728409571	-0.147006111930844	-0.167161968765058	-0.178627927885788	-0.17131054902211	-0.16546510561924	-0.200930707093354	-0.161207267094695	-0.157463689948746	-0.169044375600913	-0.215243979712921	-0.150687610849887	-0.128265381903041	0	-0.126503776866658	-0.132335137497152	-0.154934062849365	-0.200942509350964	-0.121016850874479	-0.13476053186138	-0.152364286893435	-0.165905860637078	-0.160746014634148	-0.195099664562298	-0.154129705962781	-0.197419878092031	-0.154646861001634	-0.158901141808904	-0.164864961963251	-0.165720208466036	-0.13183614005672	-0.144924083636028	-0.136568169362785	-0.155999244089494	-0.172505789310816	-0.184314280812594	-0.154046825035399	-0.171043876296088	-0.183692789081873	-0.164498908901202	-0.194814441530527	-0.157641491159503	-0.181407192332349	-0.199854093623646	-0.169680354206017	-0.195562051780086
700024548	-0.184312567548682	-0.121452637057064	-0.166320569734532	-0.189335237396553	-0.157637831954735	-0.175800789822771	-0.193515905234857	-0.141328420293294	-0.199441097411844	-0.129667083868795	-0.154624573326244	-0.174989574997459	-0.138245207480858	-0.13639432215005	-0.131135550921892	-0.176244224490099	-0.127614575806407	-0.198429826145125	-0.194663398030205	-0.166684603861327	-0.159769767500725	-0.173880946940255	-0.166690989821846	-0.190349966948756	-0.202020466073761	-0.150455171667336	-0.152005931931242	-0.126503776866658	0	-0.121246611813845	-0.145231260385578	-0.211635227671542	-0.135244024624186	-0.123452611425388	-0.152919461583495	-0.14838353865326	-0.21275968452747	-0.171002104705512	-0.177547014445106	-0.144177155576238	-0.15744159965644	-0.130690899670038	-0.170551342507256	-0.199502131501391	-0.0905456741274362	-0.0879148625341635	-0.152378684349301	-0.12948900935294	-0.147842031970708	-0.183887556605085	-0.1615615791133	-0.185577269878837	-0.174757871730686	-0.130089311068571	-0.194336898175024	-0.143803911759335	-0.129409599754042	-0.202476450351851	-0.152995805976774	-0.197126327717305
700110161	-0.203044845674958	-0.137747933478766	-0.113988589803567	-0.234614242305039	-0.168900264680559	-0.12338329945124	-0.21017318980844	-0.106170104622431	-0.178773072108398	-0.106508790706604	-0.131378997073523	-0.140120517397023	-0.111870073858805	-0.116253358329299	-0.100576887601804	-0.162065938003073	-0.111876682361153	-0.136846122358319	-0.198213251080405	-0.172330356000293	-0.195956134760738	-0.153043835448171	-0.186020269902925	-0.200471310686008	-0.210990747100486	-0.186248542003741	-0.121598991808711	-0.132335137497152	-0.121246611813845	0	-0.110671132818772	-0.181631442284879	-0.124717599193041	-0.0842973578281013	-0.186722628969781	-0.167856370308595	-0.180003380717395	-0.109208338859755	-0.189772297409663	-0.150080952424264	-0.176442264940933	-0.097700019744822	-0.160110763920866	-0.165569863735476	-0.10675091344498	-0.144253941549208	-0.153823331714562	-0.108211234012531	-0.122009470892635	-0.135866923058989	-0.14304630301799	-0.196556010520801	-0.207706615814723	-0.15183118681777	-0.236772699872632	-0.108826740423671	-0.153558449352873	-0.211554173891771	-0.118610732532609	-0.196565013769884
700023496	-0.188060892283118	-0.114183934502234	-0.120466558047764	-0.240976701235416	-0.152215676474802	-0.0784138200550796	-0.204601805719816	-0.106180427811147	-0.166776959538017	-0.0652146915745963	-0.106945535653001	-0.118581296297865	-0.107515932205728	-0.0846794305488537	-0.122722052970186	-0.141494848307956	-0.0854955513444063	-0.0917290221171891	-0.167303595816784	-0.172351272906217	-0.168027768207282	-0.126870872964584	-0.174717058665872	-0.176458547369487	-0.201487206536171	-0.189861620576868	-0.107658624109028	-0.154934062849365	-0.145231260385578	-0.110671132818772	0	-0.162471581067968	-0.102548724182811	-0.0705397365500027	-0.185277170523258	-0.154075384597447	-0.141846920965273	-0.0968119530137651	-0.172444179193719	-0.140788946244241	-0.1309351436266	-0.0947005333043033	-0.109510770205786	-0.160959411013577	-0.0966018962670739	-0.122743309231478	-0.108905189349918	-0.0992083054265102	-0.0744177153882767	-0.125333722699995	-0.130621846517966	-0.197030033144519	-0.210399267633094	-0.11148899056952	-0.227382927260658	-0.0910105449445275	-0.138045666436367	-0.203886594302817	-0.123720719733946	-0.188101924170702
700034628	-0.142467608441566	-0.167355495306107	-0.132022658254548	-0.207882838149331	-0.191273132137753	-0.160517137479432	-0.128486157379385	-0.172861769523506	-0.0953320842794667	-0.174256506789061	-0.0995043741669635	-0.12809300678031	-0.17200411261544	-0.182193302671861	-0.175876336878384	-0.110844882671669	-0.185182045630236	-0.166220854928329	-0.12260551913546	-0.130421667397827	-0.114145146997002	-0.0764750130573217	-0.154914684760297	-0.150289002621402	-0.103183085351365	-0.205938206601089	-0.189550135996238	-0.200942509350964	-0.211635227671542	-0.181631442284879	-0.162471581067968	0	-0.123899822103799	-0.148553126055103	-0.190513397388117	-0.104410403049051	-0.184443929028749	-0.177114766247914	-0.150699846665004	-0.211976868542337	-0.160472544850155	-0.145604408479025	-0.136728053401254	-0.0786581770367975	-0.158069913402783	-0.182543894350383	-0.144775126909578	-0.147990697346657	-0.166608283480689	-0.0960467218487088	-0.123656926116111	-0.152725053098651	-0.154656176654858	-0.122158348405855	-0.199301291489249	-0.139421449169029	-0.13414140342201	-0.128502234648589	-0.124296695633691	-0.103929906156623
700023645	-0.150720605366454	-0.119781995624128	-0.122037674524291	-0.192770206696224	-0.136816358159221	-0.142969705752108	-0.159408901260161	-0.121127010082097	-0.128890097791994	-0.106464260380426	-0.0799349946546594	-0.11736300239581	-0.121591770099716	-0.117945908888551	-0.140041848927974	-0.0913003725992586	-0.12304291198829	-0.139163498021803	-0.134374101595848	-0.12782571763727	-0.130578384168616	-0.0887899028123233	-0.139133895534818	-0.138968340424167	-0.160549226166843	-0.156674795940879	-0.121604632775204	-0.121016850874479	-0.135244024624186	-0.124717599193041	-0.102548724182811	-0.123899822103799	0	-0.0836024304480578	-0.158683758895241	-0.109463930356532	-0.14639449370639	-0.143796392673651	-0.145698106024365	-0.162957395722415	-0.119789284896178	-0.0957444444637881	-0.116050529737318	-0.126436958783422	-0.0886185234733662	-0.115033487436452	-0.0994655958469588	-0.0996427094454331	-0.120713627019962	-0.108645264273931	-0.0911365026557789	-0.146819979916833	-0.160141647722613	-0.117807433900264	-0.198328658278181	-0.0965160027553352	-0.120517817784134	-0.150006045813406	-0.097799767065786	-0.149962647193738
700038744	-0.191916824820402	-0.116440955536105	-0.0959351609877194	-0.227221955289031	-0.15750417112835	-0.0983211499050538	-0.199058822188986	-0.101427734144476	-0.162380481711529	-0.0790775071447762	-0.0947973303819787	-0.107118819372594	-0.09603710619456	-0.105138950341428	-0.115360706862322	-0.13385341256226	-0.0911499682602368	-0.117442934126734	-0.173171643948272	-0.16615779627558	-0.172476979591029	-0.111940717434878	-0.176803393471654	-0.181894935566263	-0.194685332179643	-0.186851081223278	-0.106903977841868	-0.13476053186138	-0.123452611425388	-0.0842973578281013	-0.0705397365500027	-0.148553126055103	-0.0836024304480578	0	-0.187459177208149	-0.137586618634374	-0.15709921718355	-0.106363077712721	-0.176382705363964	-0.139666327284698	-0.142258288137152	-0.0789942857172435	-0.123236252053173	-0.15707633856045	-0.0869794337647063	-0.119820407564282	-0.125599851988081	-0.0788892979755099	-0.0943932526275957	-0.105464509509247	-0.120488865903041	-0.191925241920213	-0.202064721786878	-0.123190502651782	-0.231536821723858	-0.0811860424875782	-0.138552672120261	-0.1988669420799	-0.105423947481144	-0.18765823539402
