700108602	700014971	700033565	700109389	700023058	700023927	700106341	700114221	700023543	700023439	700016978	700024192	700113058	700099448	700109870	700033928	700023693	700109627	700095416	700110425	700111580	700111302	700098605	700111991	700108960	700024452	700032931	700095837	700024548	700110161	700023496	700034628	700023645	700038744	700038485	700024743	700099596	700110760	700101587	700106399	700032322	700095653	700021312	700101230	700023590	700038905	700033136	700023382	700096424	700105469	700016908	700096053	700108479	700109569	700033814	700016125	700109756	700102665	700101777	700109455
700108602	0	0.144632607066347	0.157710491187278	0.10683174893264	0.115192853655265	0.163312317540717	0.0796563352506872	0.185185014405999	0.101650370113759	0.161703511428753	0.128828552101828	0.151801330822748	0.148237261265546	0.150643221850279	0.16208141127877	0.0963089829090708	0.174495289073193	0.161258153752378	0.0854592297671335	0.0985162643315797	0.0934957830743633	0.10381323572152	0.113157217272275	0.0836949168988869	0.101698032760968	0.106967842604902	0.139327668130282	0.135757857738208	0.153772465478356	0.161793265385677	0.161769297895954	0.119060511805235	0.116001803605511	0.147283055258913	0.126498454301029	0.115619725761349	0.128404594119479	0.172902031241427	0.0888543226160231	0.17398813594547	0.0914035441057471	0.152163592530041	0.131330354864609	0.116886039417588	0.140384157792294	0.134484105224405	0.111566208261351	0.149750545096039	0.147695975757192	0.134131480560149	0.111713730432714	0.0955952950771094	0.0987590553914511	0.105116329389627	0.101479531642345	0.155829817790201	0.100451805090212	0.0822854935300357	0.140497836175657	0.107998005058759
700014971	0.144632607066347	0	0.142497922008779	0.16428978911814	0.120630403043487	0.137705032591905	0.15142021342208	0.145511741921598	0.145278976985667	0.120479021431595	0.127731245755827	0.152527005034006	0.131323793144239	0.115137257822245	0.128032013417584	0.143229164760205	0.130994118187303	0.146160656250262	0.148402071402073	0.143206208791111	0.137356631983565	0.129391977376842	0.120435433203707	0.1494844063639	0.148921566895111	0.146879867724481	0.127228726789759	0.144535131941159	0.133042178698797	0.123076010515699	0.121858110879255	0.130342472455704	0.125526594935596	0.118315058199178	0.136222415608693	0.120538311586887	0.138795411190535	0.15263680239066	0.144057028179688	0.139410979558072	0.140475418768987	0.132715613454899	0.132679803910284	0.136668529594087	0.126124070820529	0.117050554068896	0.118744950265924	0.124474335092185	0.127261371644118	0.12762137231717	0.132156615978731	0.152730865988	0.142613957788572	0.121770826701338	0.172677725025944	0.115796365564652	0.133759453862547	0.142556150563906	0.136079704631503	0.139888078467238
700033565	0.157710491187278	0.142497922008779	0	0.140462240209076	0.142454242445053	0.0757221292103721	0.140188980244524	0.123935452794353	0.162217729186887	0.108352831524761	0.10056630019554	0.0606887288744549	0.111425883456485	0.120642253233543	0.0885697386874208	0.122582741619038	0.118561169830552	0.0992651612681017	0.148001141600021	0.142838258440866	0.135524545470006	0.0971005284390013	0.12966349225028	0.150345928139748	0.129752335956688	0.154735991770532	0.126991303557562	0.152061895873801	0.118873784890669	0.106699414792585	0.0986661101151091	0.107630112332236	0.111718397747215	0.0884490596376223	0.155584112084574	0.0995084166950048	0.132120340301889	0.0886989276128515	0.155806253689009	0.111487867932949	0.14572698303852	0.0868218179849162	0.128206581177876	0.119443882275817	0.103365958288191	0.127244357609569	0.144586250322549	0.0867273426679371	0.109714653677281	0.0768849784007494	0.078212766570083	0.160563651739728	0.144281647008867	0.116014172714013	0.182557965898048	0.109690849450492	0.127510149014424	0.149103484823836	0.0819742599996646	0.131605796436947
700109389	0.10683174893264	0.16428978911814	0.140462240209076	0	0.132776030125491	0.168753423165837	0.0882882597194179	0.185328351220889	0.145555054276391	0.172250356355034	0.145666895775509	0.141258394179266	0.166336822642928	0.152523450871991	0.143064616556981	0.135515309362009	0.183615924649761	0.181161996763975	0.13610387885119	0.0998806219441525	0.106560033989695	0.138700803841584	0.104019464251323	0.126648827465523	0.106556103459525	0.112982850413611	0.173546381959512	0.162605125337308	0.129668984149055	0.16096754984506	0.173857121116505	0.141413266314046	0.134898851812667	0.149254729876259	0.124166512875225	0.115875009255365	0.169754117017805	0.167464594365689	0.125858724393982	0.159261448680397	0.130347744597535	0.155060872436471	0.151932010808354	0.131789662868893	0.145770222924913	0.147898031955581	0.143692907072054	0.153076682009521	0.151257514174322	0.128897268590124	0.123376346661058	0.10257366087929	0.0729682072720897	0.130910295562257	0.118701002050135	0.161506799565759	0.0938851772525801	0.0862106066579011	0.118171359217265	0.100380381876642
700023058	0.115192853655265	0.120630403043487	0.142454242445053	0.132776030125491	0	0.139636647945498	0.113582768897307	0.160763913331817	0.120504379595625	0.140513705550056	0.124251018519391	0.146469109174389	0.144960880710805	0.130465027727061	0.145304944948515	0.119320148312167	0.15001560009694	0.143776136476145	0.125763581483216	0.123046889020776	0.124163117440669	0.126069477859084	0.114917801800375	0.123369333288589	0.130685252155697	0.10470900004552	0.145189129686274	0.143311379568218	0.122081533672205	0.131636797125553	0.137701558082152	0.135590009302587	0.12732087647098	0.128222205402635	0.107859242843015	0.119876893231613	0.124021018327683	0.143366122961328	0.104252019404726	0.146388536113149	0.123085699975096	0.135256265971023	0.125067794498185	0.13131267051287	0.11892637841832	0.128584543064098	0.113602204699358	0.131396796039898	0.124168782820287	0.133967160957664	0.123831045208116	0.124051045736388	0.111509352335511	0.115452706513187	0.142882225792363	0.145834898142071	0.125256969459227	0.120914522354015	0.138619703218487	0.121278137014473
700023927	0.163312317540717	0.137705032591905	0.0757221292103721	0.168753423165837	0.139636647945498	0	0.157393547028899	0.124402507076369	0.171910365229527	0.0926263998720724	0.109555395566476	0.0944332227887257	0.110317439242617	0.0963214114159808	0.0934798799135054	0.133512525437729	0.113369443394844	0.0710756581083391	0.153402899017257	0.149148836348376	0.14221181362521	0.124090820904819	0.135495035597768	0.155234985065629	0.139825915887413	0.164625108846228	0.133558082360703	0.167426154252534	0.1266565463885	0.0969776619494163	0.0866936914369013	0.124453311344085	0.122185272517043	0.0841570583999323	0.167330686384481	0.115215012771868	0.119040160964693	0.0693369438505813	0.1693570725823	0.117175711857302	0.159337496138466	0.0943472951677438	0.121431415306105	0.134577705508786	0.10636688434788	0.123962407949781	0.150155993868799	0.0963634238906884	0.0800359752062521	0.0991161200081965	0.105566264465308	0.169826043048963	0.1541681542772	0.123316581615144	0.194750367921368	0.107014384983792	0.132728994975766	0.157559442942608	0.105695750910116	0.14866031797188
700106341	0.0796563352506872	0.15142021342208	0.140188980244524	0.0882882597194179	0.113582768897307	0.157393547028899	0	0.182300961128884	0.0954039175513795	0.166033688882239	0.12407340463	0.126143669389782	0.154873131802554	0.146768150501033	0.142039944038426	0.106739255645255	0.172903840520026	0.167035132668427	0.103390561942687	0.0695103243389944	0.0854685292290503	0.10001906658041	0.103293882608273	0.111475579583948	0.0711981269676049	0.117670786535818	0.165172829341998	0.163093359311258	0.14069894744148	0.162728845617615	0.15449028833173	0.0843886347011681	0.114697289183988	0.139894712496395	0.12499380502938	0.088873771101057	0.150300473247348	0.158433839976258	0.096489037904538	0.165400698936541	0.125093114873244	0.141896635874885	0.132819804791381	0.0895169203705016	0.132075396654024	0.145254364647168	0.122467186940072	0.138013641871679	0.150307545969204	0.109807674883897	0.108105564837101	0.0743262989662672	0.0679460796266609	0.110172321993655	0.118104165936735	0.147530035263917	0.0806488157627248	0.0673919335397387	0.113320483392916	0.0678465975738798
700114221	0.185185014405999	0.145511741921598	0.123935452794353	0.185328351220889	0.160763913331817	0.124402507076369	0.182300961128884	0	0.195877317887611	0.0973612269699501	0.14431382052639	0.117464708525311	0.093033305897712	0.160213627994072	0.104655636143719	0.164876993118947	0.0817651359870521	0.141863990682187	0.178558094354982	0.179848680934265	0.172845556908926	0.145848321758847	0.174643229997551	0.189449755479375	0.183523336839114	0.191720941703456	0.129668140920035	0.152016179941503	0.114846436283645	0.119609494656012	0.133901458226914	0.148271228231686	0.134584222185665	0.115834421358594	0.183192315640179	0.139536070524827	0.17336878409545	0.101339011005849	0.187877612160003	0.0930275553583252	0.1556516331614	0.0902924685895015	0.152820854405398	0.157754917937102	0.107727174034506	0.129500009789275	0.136757480872619	0.0958289993318379	0.14952969631697	0.125334743690394	0.140030038876441	0.198263199193314	0.18264008115168	0.157774286644435	0.217288651019392	0.118364161303364	0.161760362284183	0.195804079996301	0.130431926502341	0.177520179047273
700023543	0.101650370113759	0.145278976985667	0.162217729186887	0.145555054276391	0.120504379595625	0.171910365229527	0.0954039175513795	0.195877317887611	0	0.173118830840176	0.138384290585941	0.159171347682483	0.168124684007273	0.153826510099672	0.167585270993843	0.103972334894648	0.18645423137884	0.173007826663742	0.0980871729548549	0.114156915055571	0.115114249661124	0.118392995378249	0.122242267636044	0.100318137407243	0.119615692475948	0.104961333497174	0.152931626999236	0.14296734496412	0.174281296151074	0.166794009996837	0.161912905406573	0.117210294976354	0.125119641133196	0.156068499694788	0.11573615457074	0.120602912933224	0.142987507936273	0.181602271484881	0.0838976737185648	0.185803741192674	0.129497668824478	0.165957872841929	0.140879864391211	0.103680443981806	0.150397347218745	0.146167116936402	0.103752354788835	0.157337636929708	0.162111443051842	0.138784162529565	0.130652505891043	0.0888707362409337	0.119787133230895	0.130051263021349	0.102838220460375	0.164322891199621	0.118930469324453	0.0981385740255859	0.142715597662088	0.106409714336947
700023439	0.161703511428753	0.120479021431595	0.108352831524761	0.172250356355034	0.140513705550056	0.0926263998720724	0.166033688882239	0.0973612269699501	0.173118830840176	0	0.118936394777737	0.112137117113235	0.0922052135904769	0.121191327227043	0.105075258659361	0.139402348579318	0.0819464284319332	0.1124521827818	0.148189796751824	0.158168914775676	0.144719915220076	0.128583244230274	0.142308006170291	0.155244156398019	0.156282287610109	0.171441463065368	0.125065005441431	0.153832019940019	0.117346210780993	0.103229186274669	0.0944057155834308	0.137285766316585	0.108797498666812	0.0883196325743106	0.166564027389191	0.12157484967582	0.130022296754613	0.0905348026283803	0.168409138173012	0.092382509814026	0.144883075382775	0.0973818181964273	0.133173892555283	0.145746237699168	0.0999623270195793	0.112338008963253	0.128478637303169	0.0914025290608113	0.107658435816003	0.113720555278189	0.118795872648199	0.17473059325473	0.163219150594989	0.118700252459771	0.195668379579061	0.0970066667616965	0.140206748325799	0.166384398299672	0.115907495078231	0.156897112766952
700016978	0.128828552101828	0.127731245755827	0.10056630019554	0.145666895775509	0.124251018519391	0.109555395566476	0.12407340463	0.14431382052639	0.138384290585941	0.118936394777737	0	0.107929075918925	0.117657903411446	0.127040885783521	0.131160230576961	0.108515938204456	0.133372326281637	0.118970704410715	0.129633623491597	0.117898276737367	0.117816101423021	0.0773521329462394	0.13265711670494	0.124656603234281	0.114153737337449	0.150604738909651	0.120438635563806	0.137678080558094	0.133960126571504	0.128788211298394	0.102790162108039	0.112829221273221	0.0882987920019816	0.0895383317750728	0.150650918411838	0.100898791765945	0.127155048247178	0.134061878579315	0.137921479896396	0.131516236082136	0.117533889779123	0.107583436283273	0.105152263617801	0.108107314081272	0.104461664780384	0.121948709675698	0.121823843128774	0.100871707863906	0.109435779005425	0.099818240008964	0.0949060152240891	0.145951858350581	0.13128846553428	0.0929982411500596	0.16524685341566	0.111370723686286	0.115244462902036	0.133419019353525	0.109141903546735	0.130697421028584
700024192	0.151801330822748	0.152527005034006	0.0606887288744549	0.141258394179266	0.146469109174389	0.0944332227887257	0.126143669389782	0.117464708525311	0.159171347682483	0.112137117113235	0.107929075918925	0	0.0928604965208973	0.140792816590739	0.0839227191177838	0.112456335490504	0.112099776220153	0.124119332935213	0.134182082400215	0.131386498610673	0.126638316547161	0.0903777643017859	0.132570292651574	0.158262644081243	0.119426640710936	0.157852350621671	0.136938131989196	0.148822541829096	0.116223560189086	0.120095230010024	0.10600411430771	0.0860062533047068	0.0962997475847878	0.0887904150572913	0.163931086275513	0.10197894953177	0.145114530049755	0.0915880009384819	0.160887802210914	0.100617249526472	0.139656719017037	0.0740459800161762	0.139096880594416	0.106116478697587	0.0903984339305952	0.126190130688054	0.149918129768303	0.0708315554034742	0.129963848205506	0.0624499837029634	0.0730980126135735	0.154084287039959	0.142176236875453	0.130903049272636	0.187174066442124	0.0945967774127288	0.116859803893706	0.14302808746723	0.0780351581847811	0.123713765244192
700113058	0.148237261265546	0.131323793144239	0.111425883456485	0.166336822642928	0.144960880710805	0.110317439242617	0.154873131802554	0.093033305897712	0.168124684007273	0.0922052135904769	0.117657903411446	0.0928604965208973	0	0.128168428798158	0.0900304632578803	0.125946573479219	0.0855542809501167	0.132161771664008	0.145749752837134	0.146693662866561	0.136259630899008	0.112227685241028	0.146335943405739	0.162234029024143	0.149164903899941	0.168494292389929	0.116870626717345	0.126409623775762	0.111421700650373	0.0961281769288203	0.118958135650339	0.117651293073934	0.100738503166101	0.0901770578374427	0.171603690904636	0.121098071199057	0.137908576505739	0.10849839140452	0.163337814725436	0.0918363976604325	0.135811809653874	0.0674393652828657	0.146695118485223	0.127582954286845	0.0843689730101547	0.115843807740454	0.135649503381312	0.0740875451712728	0.119764302297369	0.098612253418149	0.110326798627735	0.16401226850955	0.15832351046551	0.137668710874821	0.194215697072556	0.0785720531379309	0.128140280174863	0.160756772088426	0.103440571919109	0.145970920278299
700099448	0.150643221850279	0.115137257822245	0.120642253233543	0.152523450871991	0.130465027727061	0.0963214114159808	0.146768150501033	0.160213627994072	0.153826510099672	0.121191327227043	0.127040885783521	0.140792816590739	0.128168428798158	0	0.116191560210347	0.139030429839979	0.139659079728105	0.122421804175135	0.150812108039049	0.14311926843804	0.131843944513603	0.143816757947912	0.113435068873528	0.148837351859552	0.142380747837971	0.134713895591676	0.131156847560072	0.160438909471595	0.127514645870283	0.0980571405488727	0.122085045754725	0.140367776226678	0.132735481661283	0.110287293544142	0.136654953265211	0.122875220661746	0.126051207135332	0.12316001422197	0.144855909433738	0.13910715451927	0.152655359018567	0.128365126088185	0.126406647293316	0.146067040012735	0.119207021015398	0.129410173415163	0.132696044319267	0.124295965013035	0.0848919925660934	0.12566045278511	0.125293089255675	0.136625754597212	0.138097510732879	0.128270222908119	0.155696220446611	0.130460415064464	0.12670353362647	0.140623619692769	0.118679732665047	0.139140231304827
700109870	0.16208141127877	0.128032013417584	0.0885697386874208	0.143064616556981	0.145304944948515	0.0934798799135054	0.142039944038426	0.104655636143719	0.167585270993843	0.105075258659361	0.131160230576961	0.0839227191177838	0.0900304632578803	0.116191560210347	0	0.136175926579348	0.100393503916771	0.12811902248611	0.152582774734558	0.142139233701047	0.130960461775836	0.127966865101878	0.123114786478403	0.166186012488399	0.140414959751433	0.160741132266684	0.135763820330718	0.150406580242511	0.10423564233008	0.0912387740280593	0.120851938610038	0.113436157233896	0.123043684038411	0.108893154516072	0.166514063336993	0.114402934538535	0.1429189713585	0.0832158897857568	0.164624839584934	0.0914597849251605	0.156286819301733	0.0787224107006089	0.152802162601885	0.125846092630061	0.0952577622590849	0.116809665822741	0.147089751670234	0.0749407225871435	0.120051268036321	0.0862536742206104	0.103645380949227	0.15760553761615	0.136907251490492	0.141487692649917	0.188527733970926	0.0900190458063423	0.120323133622037	0.151439922684603	0.0882337147316519	0.127170412723515
700033928	0.0963089829090708	0.143229164760205	0.122582741619038	0.135515309362009	0.119320148312167	0.133512525437729	0.106739255645255	0.164876993118947	0.103972334894648	0.139402348579318	0.108515938204456	0.112456335490504	0.125946573479219	0.139030429839979	0.136175926579348	0	0.154635164823683	0.13877125785017	0.0969261235215966	0.112643450737252	0.10078173223542	0.0955504267850035	0.120089792995809	0.0968797904160158	0.10269119435328	0.126867751835839	0.131956377937543	0.124731330283932	0.148280743433032	0.143813049205048	0.133722067733322	0.104256449674869	0.10391931317808	0.119998282871087	0.12895512216919	0.116481952648811	0.121383281385386	0.147284084112305	0.105042127235394	0.151823642438807	0.0935521541638756	0.118741756174331	0.127483823581269	0.104322863589795	0.11246360551873	0.129376787008031	0.111348049255454	0.123058503400556	0.134915328978485	0.0964809114428754	0.0904007782448779	0.112674392429045	0.11451215692793	0.117897654153589	0.132147874581939	0.126040388981829	0.105543425602903	0.104094670101193	0.112960748914585	0.106349554313727
700023693	0.174495289073193	0.130994118187303	0.118561169830552	0.183615924649761	0.15001560009694	0.113369443394844	0.172903840520026	0.0817651359870521	0.18645423137884	0.0819464284319332	0.133372326281637	0.112099776220153	0.0855542809501167	0.139659079728105	0.100393503916771	0.154635164823683	0	0.137637538286656	0.163026249852831	0.169134895828646	0.157743087378354	0.131831947989111	0.160598562600772	0.17457751415814	0.173698756541136	0.188433212162396	0.123198842221564	0.154588951456216	0.112603547667483	0.112499371057718	0.107187660582277	0.135125122473197	0.123270251458026	0.109903843331117	0.175783955186731	0.13074442359176	0.152560329848477	0.107291209088147	0.179940845524352	0.0937851277398581	0.150344456904255	0.0881373756861359	0.141334985788873	0.146419938004436	0.095276815422371	0.11035598021439	0.140358520392241	0.08641309498877	0.130512449264866	0.118431286119522	0.130849554989846	0.187231050825947	0.167612148399124	0.142315588680095	0.215534253901313	0.111431150549395	0.152122607692171	0.184593256220499	0.127229400326691	0.166281458838267
700109627	0.161258153752378	0.146160656250262	0.0992651612681017	0.181161996763975	0.143776136476145	0.0710756581083391	0.167035132668427	0.141863990682187	0.173007826663742	0.1124521827818	0.118970704410715	0.124119332935213	0.132161771664008	0.122421804175135	0.12811902248611	0.13877125785017	0.137637538286656	0	0.160913369382547	0.161525128275548	0.1522905466355	0.124043711071132	0.154026912343937	0.145677195608818	0.150283300244127	0.173868347163008	0.138280694943412	0.16562630808969	0.152541740030067	0.11574452308632	0.102614617713402	0.14037288800579	0.135563073093355	0.11009272812205	0.173853157361185	0.140519879655266	0.107363754249639	0.0996881487542157	0.176163101937221	0.151828572754489	0.160491946202109	0.116690440705518	0.128424742247637	0.144094664420626	0.130027175137967	0.140229700763564	0.148715421536118	0.123323727906245	0.0893620224135048	0.124840566717002	0.114286616960579	0.181847378972014	0.165685455702212	0.123803071868873	0.189878904826082	0.13199431540819	0.14829848007123	0.169079690447522	0.128698362473833	0.161015802102848
700095416	0.0854592297671335	0.148402071402073	0.148001141600021	0.13610387885119	0.125763581483216	0.153402899017257	0.103390561942687	0.178558094354982	0.0980871729548549	0.148189796751824	0.129633623491597	0.134182082400215	0.145749752837134	0.150812108039049	0.152582774734558	0.0969261235215966	0.163026249852831	0.160913369382547	0	0.117849532430819	0.101036122994334	0.112103361556524	0.119729673300748	0.101344144010089	0.112244243974432	0.124675368967594	0.148119130326966	0.138888103969811	0.153999229349129	0.156022888411047	0.143960085546518	0.113399826404228	0.105719533776428	0.146084059658853	0.129560664071848	0.125736069446811	0.134571742062559	0.163054457825833	0.105851247135234	0.168071977810676	0.10252834241192	0.14130904490797	0.120236590717621	0.113351761922225	0.130147966099828	0.131813411874213	0.108003332299287	0.145989202892043	0.146931422588504	0.123488448931584	0.106102994422795	0.114811980925841	0.120149158065565	0.11904935829045	0.13492751277376	0.146325984560012	0.109675275729473	0.102489444239111	0.132092029700234	0.118030554853145
700110425	0.0985162643315797	0.143206208791111	0.142838258440866	0.0998806219441525	0.123046889020776	0.149148836348376	0.0695103243389944	0.179848680934265	0.114156915055571	0.158168914775676	0.117898276737367	0.131386498610673	0.146693662866561	0.14311926843804	0.142139233701047	0.112643450737252	0.169134895828646	0.161525128275548	0.117849532430819	0	0.0796638542254081	0.0995921775791924	0.0937264103322994	0.113381239216497	0.0646804834389421	0.127068948432729	0.152419797926083	0.148588337111687	0.134200423690203	0.148576078881695	0.158301268691657	0.105865478620273	0.111541900319681	0.135385561992782	0.130437301484498	0.084715697484187	0.148654066148425	0.161674808966344	0.12193404462544	0.156771244946022	0.120650139190678	0.132342215017891	0.134917903696921	0.0886710636104103	0.12698913253506	0.137424681259911	0.123367016029471	0.133638195951492	0.139973249033983	0.118568220382653	0.111390659615743	0.0744303421562538	0.06507788869351	0.119025898687765	0.125334225590782	0.14050171924767	0.0669199130771571	0.0678065969850679	0.106865235552385	0.0753431389684562
700111580	0.0934957830743633	0.137356631983565	0.135524545470006	0.106560033989695	0.124163117440669	0.14221181362521	0.0854685292290503	0.172845556908926	0.115114249661124	0.144719915220076	0.117816101423021	0.126638316547161	0.136259630899008	0.131843944513603	0.130960461775836	0.10078173223542	0.157743087378354	0.1522905466355	0.101036122994334	0.0796638542254081	0	0.0906740816182928	0.101812223389685	0.102872632733124	0.0685404805791157	0.130082078361565	0.146977825989689	0.157565755750821	0.127120368334952	0.14694031754285	0.144693815231893	0.100984033562334	0.100252917574567	0.131939710046166	0.138736578694512	0.0924823573694889	0.149567722755568	0.147244744809755	0.118829127286176	0.148895907282104	0.116299902685939	0.125771957882921	0.129766605378933	0.0975894490854127	0.111597257787665	0.119079623918362	0.113803211321021	0.118550153521614	0.124164954095821	0.105135379908766	0.106618103008582	0.0958781514769932	0.0905043265630314	0.0974953627189215	0.124977654777974	0.133119621545201	0.0621584928629216	0.0690747341875511	0.0962140146879757	0.0866800588730784
700111302	0.10381323572152	0.129391977376842	0.0971005284390013	0.138700803841584	0.126069477859084	0.124090820904819	0.10001906658041	0.145848321758847	0.118392995378249	0.128583244230274	0.0773521329462394	0.0903777643017859	0.112227685241028	0.143816757947912	0.127966865101878	0.0955504267850035	0.131831947989111	0.124043711071132	0.112103361556524	0.0995921775791924	0.0906740816182928	0	0.131808917705317	0.121088168529987	0.0873507858039439	0.146200861711118	0.128946866012693	0.147051936842837	0.137280588421637	0.137584766281299	0.115908388378111	0.0737890085836982	0.0869369305770719	0.102693179439644	0.150493130579898	0.092092953716207	0.134150846885627	0.140330252805396	0.129750425714125	0.131111010016882	0.12046783724255	0.104495772754308	0.120391432391069	0.0845988001520554	0.104280485603246	0.130350342897691	0.122287998462317	0.0977640650931479	0.12525215586306	0.0800399199341407	0.0853538443076751	0.12265219851442	0.120904882694746	0.100218813342414	0.154492284845079	0.110894725825367	0.0949783089371433	0.114212464375901	0.088080440836585	0.108160451990845
700098605	0.113157217272275	0.120435433203707	0.12966349225028	0.104019464251323	0.114917801800375	0.135495035597768	0.103293882608273	0.174643229997551	0.122242267636044	0.142308006170291	0.13265711670494	0.132570292651574	0.146335943405739	0.113435068873528	0.123114786478403	0.120089792995809	0.160598562600772	0.154026912343937	0.119729673300748	0.0937264103322994	0.101812223389685	0.131808917705317	0	0.116625999272068	0.114855470934507	0.113119401719038	0.138491468702177	0.141725772705398	0.131797074999954	0.125049582374977	0.145212040596796	0.124348510245183	0.12536077225714	0.132890591569537	0.115136642258577	0.101268447480961	0.136451556453372	0.133934212412103	0.124310492445547	0.150220071752404	0.130722974011753	0.137788694799596	0.124135236983019	0.110311403882801	0.130810219494988	0.118570357019196	0.118682366822628	0.132813138595221	0.122520904574246	0.115098306683247	0.112573941468463	0.0987053862302689	0.100961153024971	0.108866554325096	0.1192561505574	0.141727567349576	0.105442014879313	0.0940453850379104	0.117135130064764	0.0876798763513898
700111991	0.0836949168988869	0.1494844063639	0.150345928139748	0.126648827465523	0.123369333288589	0.155234985065629	0.111475579583948	0.189449755479375	0.100318137407243	0.155244156398019	0.124656603234281	0.158262644081243	0.162234029024143	0.148837351859552	0.166186012488399	0.0968797904160158	0.17457751415814	0.145677195608818	0.101344144010089	0.113381239216497	0.102872632733124	0.121088168529987	0.116625999272068	0	0.113259421123347	0.112771478314855	0.135389955708569	0.148442973934028	0.154579029704647	0.167510655278555	0.155731003441905	0.140964498878103	0.121672684926979	0.147571649801602	0.118218929467854	0.120283096874977	0.134222957462565	0.169030749328411	0.105520963161754	0.180391680956622	0.117403052044616	0.15765739733161	0.126487355891382	0.126477850907486	0.142398391834913	0.12958217304472	0.0992958986262231	0.157288391647033	0.137407089675209	0.136140733444103	0.120339281917827	0.113118247289029	0.116364501815513	0.103918499393858	0.0955240173989405	0.163409647933273	0.116677553771809	0.0947014464465747	0.135234026137974	0.119569078610165
700108960	0.101698032760968	0.148921566895111	0.129752335956688	0.106556103459525	0.130685252155697	0.139825915887413	0.0711981269676049	0.183523336839114	0.119615692475948	0.156282287610109	0.114153737337449	0.119426640710936	0.149164903899941	0.142380747837971	0.140414959751433	0.10269119435328	0.173698756541136	0.150283300244127	0.112244243974432	0.0646804834389421	0.0685404805791157	0.0873507858039439	0.114855470934507	0.113259421123347	0	0.138825372096639	0.165316787448066	0.164475693035201	0.135702404684955	0.15319262567727	0.15317548055274	0.0863671451639207	0.11805369932864	0.132652575647937	0.143288746515408	0.0916525832885648	0.157301871704822	0.154010720485825	0.121189693918878	0.159713926608459	0.131429218994122	0.129560424019484	0.136219651493113	0.0873763738039469	0.125525584192249	0.15025442561687	0.137705765688469	0.133274372934974	0.138095211503881	0.0997904468493379	0.103997926191157	0.0885238010482428	0.074652206824005	0.109406502389934	0.125463947995364	0.139605107266232	0.0777472212151709	0.0691655529844406	0.098374997885237	0.0811269624250905
700024452	0.106967842604902	0.146879867724481	0.154735991770532	0.112982850413611	0.10470900004552	0.164625108846228	0.117670786535818	0.191720941703456	0.104961333497174	0.171441463065368	0.150604738909651	0.157852350621671	0.168494292389929	0.134713895591676	0.160741132266684	0.126867751835839	0.188433212162396	0.173868347163008	0.124675368967594	0.127068948432729	0.130082078361565	0.146200861711118	0.113119401719038	0.112771478314855	0.138825372096639	0	0.150934092701742	0.131318479571863	0.12761565230248	0.155926437962503	0.166443526443413	0.151394980766831	0.133098614796754	0.146897090930565	0.0736801032419439	0.122712958278409	0.148922651903867	0.16652118419953	0.100570753320139	0.1638127313156	0.124998283279918	0.161383473304415	0.140392520828543	0.131399380657536	0.141480110069071	0.130728551504049	0.108179632564619	0.160892025278888	0.144168075729851	0.141789216509765	0.129296781238507	0.0965575208828146	0.115493511298955	0.13124531714305	0.0975934892154723	0.162034203097536	0.125932148328257	0.111767351516162	0.135301617842177	0.13470150893491
700032931	0.139327668130282	0.127228726789759	0.126991303557562	0.173546381959512	0.145189129686274	0.133558082360703	0.165172829341998	0.129668140920035	0.152931626999236	0.125065005441431	0.120438635563806	0.136938131989196	0.116870626717345	0.131156847560072	0.135763820330718	0.131956377937543	0.123198842221564	0.138280694943412	0.148119130326966	0.152419797926083	0.146977825989689	0.128946866012693	0.138491468702177	0.135389955708569	0.165316787448066	0.150934092701742	0	0.126501989590507	0.143826019403105	0.120877847748663	0.133032348853732	0.141756544476038	0.120840340764065	0.117097585200421	0.149034872069428	0.128621036812348	0.129561454956618	0.132894436936455	0.144232963493372	0.136541593359854	0.128341988677987	0.12317665155197	0.131194108399516	0.132819659271661	0.122734033510817	0.12977288107803	0.109656938674047	0.118616049880532	0.125982088704264	0.129822652910598	0.126041074372582	0.160828928990369	0.162986898655143	0.111436575939129	0.163982484294557	0.139440806556197	0.147215351134969	0.161788984505162	0.131469886770403	0.158154894537927
700095837	0.135757857738208	0.144535131941159	0.152061895873801	0.162605125337308	0.143311379568218	0.167426154252534	0.163093359311258	0.152016179941503	0.14296734496412	0.153832019940019	0.137678080558094	0.148822541829096	0.126409623775762	0.160438909471595	0.150406580242511	0.124731330283932	0.154588951456216	0.16562630808969	0.138888103969811	0.148588337111687	0.157565755750821	0.147051936842837	0.141725772705398	0.148442973934028	0.164475693035201	0.131318479571863	0.126501989590507	0	0.121053935139681	0.12669970182761	0.149583951259437	0.158903089928888	0.122905347028941	0.132528306178705	0.134167937158726	0.139563082163605	0.141535762540563	0.167953304212906	0.137898901089565	0.145913257537763	0.112203955535777	0.12675551987199	0.136501481586558	0.131880060034709	0.112036134233158	0.112417601169811	0.125096123565378	0.138162446610171	0.160515793257787	0.145938492783121	0.125593787135856	0.152597560340466	0.153771931764142	0.146229631794248	0.155583558254598	0.137667698115233	0.147851825776756	0.153520549220181	0.147688845979369	0.156109051025086
700024548	0.153772465478356	0.133042178698797	0.118873784890669	0.129668984149055	0.122081533672205	0.1266565463885	0.14069894744148	0.114846436283645	0.174281296151074	0.117346210780993	0.133960126571504	0.116223560189086	0.111421700650373	0.127514645870283	0.10423564233008	0.148280743433032	0.112603547667483	0.152541740030067	0.153999229349129	0.134200423690203	0.127120368334952	0.137280588421637	0.131797074999954	0.154579029704647	0.135702404684955	0.12761565230248	0.143826019403105	0.121053935139681	0	0.113191433444481	0.129038158262627	0.141083037451936	0.114965971289713	0.108561016754496	0.135683415351167	0.0990529088622707	0.162286873272686	0.121263590921934	0.146838256384704	0.0915607282616805	0.13274506526964	0.0928049366425239	0.132458626197037	0.143871828353104	0.0735965554448411	0.099934472930624	0.130354899262492	0.0984196899768263	0.123230016191395	0.122083423858552	0.115779097462623	0.148696996680568	0.130277260810619	0.125491770397852	0.16465525990624	0.118438241879766	0.120535983406362	0.143866026922419	0.106436041355915	0.149513995296451
700110161	0.161793265385677	0.123076010515699	0.106699414792585	0.16096754984506	0.131636797125553	0.0969776619494163	0.162728845617615	0.119609494656012	0.166794009996837	0.103229186274669	0.128788211298394	0.120095230010024	0.0961281769288203	0.0980571405488727	0.0912387740280593	0.143813049205048	0.112499371057718	0.11574452308632	0.156022888411047	0.148576078881695	0.14694031754285	0.137584766281299	0.125049582374977	0.167510655278555	0.15319262567727	0.155926437962503	0.120877847748663	0.12669970182761	0.113191433444481	0	0.110555371807427	0.132449184291808	0.129733239650175	0.0878159118686191	0.16214503184517	0.132315901050709	0.127443269302457	0.10045602567758	0.161169429424993	0.113811429194443	0.151198736532011	0.092214224257107	0.130806586142603	0.135662054809192	0.103226162871049	0.123301073819501	0.142714185669652	0.0950564191966473	0.0948923622420167	0.111703333292525	0.124785641151272	0.161908913899855	0.148719044595096	0.128383522961854	0.187233942400396	0.10850686184591	0.124455566094121	0.159551058452132	0.108612703890105	0.148485153924408
700023496	0.161769297895954	0.121858110879255	0.0986661101151091	0.173857121116505	0.137701558082152	0.0866936914369013	0.15449028833173	0.133901458226914	0.161912905406573	0.0944057155834308	0.102790162108039	0.10600411430771	0.118958135650339	0.122085045754725	0.120851938610038	0.133722067733322	0.107187660582277	0.102614617713402	0.143960085546518	0.158301268691657	0.144693815231893	0.115908388378111	0.145212040596796	0.155731003441905	0.15317548055274	0.166443526443413	0.133032348853732	0.149583951259437	0.129038158262627	0.110555371807427	0	0.126070968212817	0.107100788553538	0.0897119052676865	0.158938716345953	0.119942420392491	0.127413720904106	0.115306360130869	0.164303397496761	0.124012141327185	0.135735440922489	0.100855502272255	0.113295720835604	0.132831607296701	0.0971983378461119	0.110321156686414	0.138442821528506	0.0978039701277026	0.102641426988154	0.106712976721688	0.111647986050699	0.173754364388599	0.162660410910693	0.113633918352642	0.202728800112484	0.0976185217979796	0.134165797697961	0.167660209284305	0.124012388588963	0.156050603427346
700034628	0.119060511805235	0.130342472455704	0.107630112332236	0.141413266314046	0.135590009302587	0.124453311344085	0.0843886347011681	0.148271228231686	0.117210294976354	0.137285766316585	0.112829221273221	0.0860062533047068	0.117651293073934	0.140367776226678	0.113436157233896	0.104256449674869	0.135125122473197	0.14037288800579	0.113399826404228	0.105865478620273	0.100984033562334	0.0737890085836982	0.124348510245183	0.140964498878103	0.0863671451639207	0.151394980766831	0.141756544476038	0.158903089928888	0.141083037451936	0.132449184291808	0.126070968212817	0	0.112030519504332	0.111593067267754	0.155948061250781	0.0907636860985471	0.145965239054809	0.131631941019868	0.133545703043257	0.13735866205944	0.138955543065846	0.0978105142759627	0.13163691808116	0.0724743923519565	0.115500479230077	0.146212568452702	0.137622623657992	0.0999947051471474	0.138132374434842	0.0749132378276604	0.09909915629819	0.121080318988711	0.113675810209097	0.125160232601262	0.166302146676356	0.11031173322713	0.104187277921933	0.105960544940898	0.0902353817164945	0.0872898033007694
700023645	0.116001803605511	0.125526594935596	0.111718397747215	0.134898851812667	0.12732087647098	0.122185272517043	0.114697289183988	0.134584222185665	0.125119641133196	0.108797498666812	0.0882987920019816	0.0962997475847878	0.100738503166101	0.132735481661283	0.123043684038411	0.10391931317808	0.123270251458026	0.135563073093355	0.105719533776428	0.111541900319681	0.100252917574567	0.0869369305770719	0.12536077225714	0.121672684926979	0.11805369932864	0.133098614796754	0.120840340764065	0.122905347028941	0.114965971289713	0.129733239650175	0.107100788553538	0.112030519504332	0	0.0904699952088013	0.138068517214973	0.0871980379519051	0.126461729315258	0.128144673810901	0.133528558432958	0.120066033487842	0.103843715309167	0.102109307290496	0.10229406854542	0.10249433491083	0.0887885901931961	0.094192401787452	0.110108832665065	0.0925694587583999	0.119154640380392	0.096716259071398	0.0853070326892353	0.128648953765761	0.128321910861098	0.103440405922691	0.155222963615356	0.101396169946091	0.100883900342055	0.116919489743823	0.0912410904196936	0.123341998808312
700038744	0.147283055258913	0.118315058199178	0.0884490596376223	0.149254729876259	0.128222205402635	0.0841570583999323	0.139894712496395	0.115834421358594	0.156068499694788	0.0883196325743106	0.0895383317750728	0.0887904150572913	0.0901770578374427	0.110287293544142	0.108893154516072	0.119998282871087	0.109903843331117	0.11009272812205	0.146084059658853	0.135385561992782	0.131939710046166	0.102693179439644	0.132890591569537	0.147571649801602	0.132652575647937	0.146897090930565	0.117097585200421	0.132528306178705	0.108561016754496	0.0878159118686191	0.0897119052676865	0.111593067267754	0.0904699952088013	0	0.146319231753793	0.0980629934234411	0.126139688078578	0.0941219093287002	0.15550655816086	0.100479133191941	0.131598843805103	0.0856154593571037	0.115571185666659	0.120060515319714	0.0873079949381413	0.108773001350112	0.135076585887628	0.0751539248767018	0.0985682597260665	0.0878799102976126	0.0940971765883162	0.15947068637089	0.145781418515198	0.11510043033527	0.181212269925577	0.0875187151655695	0.124180602879591	0.147134606908757	0.0925082375354049	0.141283964682361
700038485	0.126498454301029	0.136222415608693	0.155584112084574	0.124166512875225	0.107859242843015	0.167330686384481	0.12499380502938	0.183192315640179	0.11573615457074	0.166564027389191	0.150650918411838	0.163931086275513	0.171603690904636	0.136654953265211	0.166514063336993	0.12895512216919	0.175783955186731	0.173853157361185	0.129560664071848	0.130437301484498	0.138736578694512	0.150493130579898	0.115136642258577	0.118218929467854	0.143288746515408	0.0736801032419439	0.149034872069428	0.134167937158726	0.135683415351167	0.16214503184517	0.158938716345953	0.155948061250781	0.138068517214973	0.146319231753793	0	0.11888890538512	0.151547340918991	0.17391654061918	0.0975821311186773	0.164192710615755	0.126153421331744	0.160455412914879	0.134496801874283	0.13286139021274	0.142864775624655	0.113667329147977	0.104849506041718	0.162423801590748	0.150908469282209	0.1474797433617	0.128629533566962	0.100255319921531	0.122233597454012	0.129452662852296	0.10080616922032	0.159734142958649	0.133397922245157	0.119803346792569	0.141817131773435	0.13528798512665
700024743	0.115619725761349	0.120538311586887	0.0995084166950048	0.115875009255365	0.119876893231613	0.115215012771868	0.088873771101057	0.139536070524827	0.120602912933224	0.12157484967582	0.100898791765945	0.10197894953177	0.121098071199057	0.122875220661746	0.114402934538535	0.116481952648811	0.13074442359176	0.140519879655266	0.125736069446811	0.084715697484187	0.0924823573694889	0.092092953716207	0.101268447480961	0.120283096874977	0.0916525832885648	0.122712958278409	0.128621036812348	0.139563082163605	0.0990529088622707	0.132315901050709	0.119942420392491	0.0907636860985471	0.0871980379519051	0.0980629934234411	0.11888890538512	0	0.141921720392272	0.122939894128157	0.120616950899055	0.126678055161942	0.123149166260301	0.110435526461789	0.116526751519022	0.0856959355350972	0.100428165597445	0.11049693556739	0.112011756889846	0.0988019993538492	0.11303639105338	0.0986195823737736	0.0932366872161941	0.104921577912227	0.101787465590961	0.0933318441970852	0.128363303192417	0.118409204356269	0.0891046354058628	0.0876414984820145	0.0868293456964686	0.0971978680334125
