700108602	700014971	700033565	700109389	700023058	700023927	700106341	700114221	700023543	700023439	700016978	700024192	700113058	700099448	700109870	700033928	700023693	700109627	700095416	700110425	700111580	700111302	700098605	700111991	700108960	700024452	700032931	700095837	700024548	700110161	700023496	700034628	700023645	700038744	700038485	700024743	700099596	700110760	700101587	700106399	700032322	700095653	700021312	700101230	700023590	700038905	700033136	700023382	700096424	700105469	700016908	700096053	700108479	700109569	700033814	700016125	700109756	700102665	700101777	700109455
700108602	0	-0.145229662331274	-0.199994675058586	-0.11999103754879	-0.158883681275857	-0.210765748718497	-0.0688892890636934	-0.2304259984492	-0.0999269096941511	-0.218654232743653	-0.148603981654357	-0.205248721437208	-0.221869386186959	-0.154565128319149	-0.21927276266811	-0.126718273649664	-0.220209658135164	-0.200939830266727	-0.0851050480268722	-0.0891134039584947	-0.107278505334088	-0.138309212076334	-0.100227441902599	-0.0615491297175143	-0.101115269457457	-0.119700159867592	-0.168752464181263	-0.192546566130697	-0.195381917547776	-0.215450073572658	-0.192912123850942	-0.160551648770451	-0.150146590547479	-0.202425403039834	-0.129960996229679	-0.132779901887708	-0.171823617186233	-0.222997484969329	-0.0820803363999978	-0.255542863166674	-0.108307976184809	-0.21343916917038	-0.150640548089733	-0.137682251814819	-0.207206848260342	-0.169656774797852	-0.137603726664415	-0.216261707639632	-0.178622250311711	-0.183178639524745	-0.143181776158952	-0.078605696865742	-0.0765354193787791	-0.121750519356346	-0.0791530709866198	-0.201808599969971	-0.12581539074891	-0.0696609062299004	-0.175521567178619	-0.103852570811032
700014971	-0.145229662331274	0	-0.169173761892453	-0.212277990660356	-0.127162950878121	-0.140989121278669	-0.163308499084313	-0.140571060143618	-0.133447895579713	-0.134311088310238	-0.120210432485207	-0.191034936708583	-0.144010911781447	-0.0933777596866139	-0.158883117533296	-0.158222851347938	-0.127228653431184	-0.16203619727983	-0.143687532462445	-0.14946897439768	-0.152416105252963	-0.136094307112993	-0.130010234435337	-0.143565792215456	-0.179321213602849	-0.140410481264527	-0.0954577351214815	-0.148088699960907	-0.123687474270475	-0.137938120474471	-0.123735093942653	-0.15553100289541	-0.118433775404325	-0.129434534372481	-0.127893642982732	-0.117439808303473	-0.150972250399978	-0.163890239819344	-0.126150633831372	-0.159842425792277	-0.122933851108522	-0.147380816007083	-0.109583240842024	-0.139621719110484	-0.134642802140974	-0.101577012105769	-0.101236996140243	-0.147396753315942	-0.104541266314162	-0.156421238888196	-0.166534945121663	-0.151155187474283	-0.157595261650651	-0.105369302188201	-0.152507454683934	-0.12717247690117	-0.147367529136066	-0.156809167016744	-0.153813805789598	-0.15578116531089
700033565	-0.199994675058586	-0.169173761892453	0	-0.241162207412659	-0.186885598138425	-0.0672242702967246	-0.204672486309688	-0.130004225203018	-0.177029792315615	-0.104237787955097	-0.104795498446442	-0.0824181799552823	-0.125092762123647	-0.135937054977916	-0.114065349893097	-0.129818483250613	-0.117331634697124	-0.0974611952475094	-0.170698676753681	-0.187247594793999	-0.176206077389898	-0.101436009541698	-0.189088330130195	-0.188940120840447	-0.180955296286641	-0.199227008179701	-0.14776615378375	-0.18409326719882	-0.176607976008992	-0.113876936027672	-0.10381361588587	-0.135453982912143	-0.140117712469919	-0.0870868740891339	-0.194654571470227	-0.156992473047653	-0.163639772781256	-0.0917127454133531	-0.188227474633257	-0.168651903765237	-0.179078594734699	-0.09566108148894	-0.152527260578692	-0.157913990412927	-0.136901106267961	-0.15469487975674	-0.160444957656056	-0.109581322465464	-0.120858232034757	-0.0879226450364839	-0.102436354070895	-0.221133750747528	-0.212015927624743	-0.129619194457342	-0.215885997797444	-0.121052725277403	-0.149782393107457	-0.203776902963271	-0.0848803326403532	-0.195105990840728
700109389	-0.11999103754879	-0.212277990660356	-0.241162207412659	0	-0.192496905886403	-0.258179374659814	-0.115221195269284	-0.253048804683518	-0.179498464948533	-0.252476145273628	-0.197898266560244	-0.234596419554023	-0.247456457158296	-0.212677537832798	-0.238277659006571	-0.188794916208086	-0.257055190163043	-0.257212853623013	-0.178994427731993	-0.110189838264338	-0.152329246216638	-0.200305614318446	-0.142520185051378	-0.14622336530142	-0.148273177036425	-0.139321942716857	-0.230371808944011	-0.213739058516483	-0.201796648697426	-0.238301626407166	-0.246664691851836	-0.220492362783623	-0.185216308683923	-0.242240949713417	-0.13687248539164	-0.175142767861521	-0.242553380320003	-0.269161109393357	-0.15335695703935	-0.245371531278617	-0.154918532258336	-0.235620324283767	-0.202085191511174	-0.192323645960153	-0.229155086503769	-0.193309608919427	-0.202310825356411	-0.243142197441732	-0.231747996110147	-0.223922800337618	-0.184746020141666	-0.114887740186342	-0.0818850387083319	-0.195039545257792	-0.133036652474903	-0.238730902158363	-0.140192050540301	-0.124368285200199	-0.196032025035915	-0.158637794503407
700023058	-0.158883681275857	-0.127162950878121	-0.186885598138425	-0.192496905886403	0	-0.168425315578111	-0.159287411587128	-0.17599516777532	-0.138383525002539	-0.162938799052234	-0.14499367250075	-0.19836724841699	-0.175725636879602	-0.126433388442085	-0.178547359168829	-0.156300562106967	-0.16785732497036	-0.157703251556592	-0.148054829931715	-0.155213243765811	-0.1747784783929	-0.164206346879789	-0.153364945223757	-0.149018089212752	-0.205970496275409	-0.119339888599525	-0.133095818915595	-0.155716853264707	-0.138146898722676	-0.148178550263907	-0.148572893865911	-0.201239272320746	-0.138402568680462	-0.155246077131018	-0.117396496799759	-0.167485431759763	-0.128518936371804	-0.154685715723772	-0.131499602396658	-0.196773616680758	-0.126357393267996	-0.174817139593966	-0.118680537126089	-0.169314163046328	-0.153213715192064	-0.128900337207168	-0.106338739401639	-0.172375627641207	-0.128079186742789	-0.181867775017147	-0.170657775444713	-0.151343523335577	-0.154571356249431	-0.129206922209866	-0.164274403400794	-0.166443940419708	-0.178104995481046	-0.170138420061648	-0.180164788229479	-0.16228527611453
700023927	-0.210765748718497	-0.140989121278669	-0.0672242702967246	-0.258179374659814	-0.168425315578111	0	-0.220574942555176	-0.117610927723231	-0.181349290926651	-0.0840287708747746	-0.105615717621024	-0.0974546362996311	-0.107743976954064	-0.107283618830571	-0.106250961334321	-0.142690912033737	-0.0887595025326762	-0.0745733244618562	-0.173388909186926	-0.191563417592227	-0.183982484336112	-0.130065596860904	-0.185565990003229	-0.195712293842516	-0.201514429679268	-0.203075763014301	-0.135544538219199	-0.186115816870962	-0.163099501374115	-0.10983963034541	-0.0707419748677756	-0.159772905823142	-0.136127404345537	-0.0711208647222642	-0.196499283058239	-0.159847889216039	-0.141994168853929	-0.0692803611962988	-0.193246027172457	-0.148530671209494	-0.164267615053516	-0.0922463099795029	-0.132130538540113	-0.164840091324701	-0.126189727674034	-0.139652658273037	-0.148198644592176	-0.108232948448726	-0.0861413198010161	-0.0980213631241129	-0.125720415231318	-0.227436698864611	-0.223932200121997	-0.124794156460695	-0.222631335144343	-0.10384907061552	-0.156449595589378	-0.217165430137304	-0.106512047586847	-0.199093588045597
700106341	-0.0688892890636934	-0.163308499084313	-0.204672486309688	-0.115221195269284	-0.159287411587128	-0.220574942555176	0	-0.219730255295712	-0.0923738450628092	-0.214300998073246	-0.146102960801221	-0.183773329321426	-0.207897573020237	-0.168288278736966	-0.2088620424592	-0.137525032966213	-0.214127443397329	-0.225574535330213	-0.113421153609806	-0.0828215761213622	-0.0944048001038428	-0.130043492907856	-0.120924939493535	-0.101338392017806	-0.089383055238895	-0.144786623944289	-0.200356288552404	-0.209094741217222	-0.200659941135811	-0.214605811754591	-0.196201882905325	-0.135783734538435	-0.141616549365298	-0.20131968288648	-0.139809380148649	-0.121116742754481	-0.200359169866087	-0.232991329833536	-0.0904282487221688	-0.242582991312051	-0.115458332907076	-0.200003013755932	-0.149668376141051	-0.125981522249273	-0.190620061658238	-0.178321278431534	-0.15685795155466	-0.197865561906415	-0.186164636071995	-0.170311847507141	-0.148780215826137	-0.0616847867085034	-0.0754952559630039	-0.133028348963354	-0.116923148173969	-0.189358828331067	-0.111720526863396	-0.0748905226907298	-0.164653504353754	-0.0808638948114965
700114221	-0.2304259984492	-0.140571060143618	-0.130004225203018	-0.253048804683518	-0.17599516777532	-0.117610927723231	-0.219730255295712	0	-0.199402275280706	-0.0817872609061028	-0.143348466090824	-0.130478700674559	-0.0700638439944694	-0.148350276801557	-0.0919261306035009	-0.18018464915976	-0.0751761960694247	-0.158593721338976	-0.207755906439922	-0.196844084148846	-0.202422512265502	-0.166231483345319	-0.203946480278537	-0.216031937709144	-0.234228018631165	-0.212304584469341	-0.131052873832739	-0.158433978665535	-0.140571552721029	-0.109042307627052	-0.123106896733553	-0.187059065886561	-0.130841684720644	-0.0961898210442986	-0.203249272622552	-0.156675385404184	-0.187330903573483	-0.113154830158853	-0.212817307134501	-0.0910802553598334	-0.160416714539971	-0.0847583010326808	-0.157652583654173	-0.178814826537117	-0.0993742351298015	-0.134391317817433	-0.154889157963971	-0.0765755887991998	-0.134377063117741	-0.125028955017234	-0.159962236888357	-0.226269261777631	-0.215757030305221	-0.169367664407709	-0.245148933720173	-0.0832287706578109	-0.166051798429005	-0.241839370703983	-0.137508655324435	-0.2130028553735
700023543	-0.0999269096941511	-0.133447895579713	-0.177029792315615	-0.179498464948533	-0.138383525002539	-0.181349290926651	-0.0923738450628092	-0.199402275280706	0	-0.178233130473105	-0.122072760504407	-0.177890487940465	-0.189958688966022	-0.147246303708625	-0.187637972051973	-0.0987835506407894	-0.180660850151581	-0.191631988466703	-0.0926762132552698	-0.118336529216769	-0.111013780129904	-0.110412107126809	-0.117304789447282	-0.0989730897301324	-0.11910650301756	-0.138203176377206	-0.163324041700464	-0.178573555481103	-0.194077645664637	-0.186488072282679	-0.165056619531535	-0.106464530164829	-0.1321693568765	-0.166919650161223	-0.128867664998157	-0.117668475338045	-0.164899487013949	-0.195957859921743	-0.0956497190030343	-0.227948107692259	-0.112912639294369	-0.179340431964033	-0.134827125168309	-0.0897973533635469	-0.173108750028676	-0.167249918796701	-0.121401551000878	-0.181786792660928	-0.158133320422754	-0.146394183062176	-0.132325211589865	-0.0898718806527316	-0.115328049307555	-0.115763144285111	-0.131544872703185	-0.165901259313455	-0.142462261646318	-0.0932360988260514	-0.148340350359914	-0.076838914404046
700023439	-0.218654232743653	-0.134311088310238	-0.104237787955097	-0.252476145273628	-0.162938799052234	-0.0840287708747746	-0.214300998073246	-0.0817872609061028	-0.178233130473105	0	-0.116017844808356	-0.12019083124067	-0.0814768763030518	-0.116411698988036	-0.0981805017969691	-0.155199760681591	-0.0627892743361585	-0.120706168569642	-0.185567990920103	-0.187535127885186	-0.172857165382217	-0.146186755019587	-0.189167368148873	-0.194938573628504	-0.215395834400706	-0.202587547382776	-0.131590566359168	-0.16751555109456	-0.135115936252098	-0.104440107334572	-0.0850862072929769	-0.168854855062856	-0.119901930267668	-0.0661921579026971	-0.192634414723985	-0.151023177349121	-0.154791201218312	-0.092459769264122	-0.198916993360861	-0.102906611672981	-0.141824571191251	-0.0863847667067616	-0.135515417901292	-0.165623104826103	-0.0918614348853091	-0.108755647904067	-0.130713858584343	-0.0720153612267215	-0.0970957030111871	-0.11447353469492	-0.138049819568025	-0.219394289127097	-0.217456262251709	-0.132250191394343	-0.222406142049769	-0.0813943751620478	-0.14738824242672	-0.212613865661358	-0.114930528719466	-0.201192256576412
700016978	-0.148603981654357	-0.120210432485207	-0.104795498446442	-0.197898266560244	-0.14499367250075	-0.105615717621024	-0.146102960801221	-0.143348466090824	-0.122072760504407	-0.116017844808356	0	-0.104164717521808	-0.130386729999835	-0.10610561619678	-0.144024318483173	-0.0865435251921583	-0.117983333650254	-0.115895782317014	-0.123222327413852	-0.121883289335346	-0.120436995961936	-0.0567795984623057	-0.145954783974891	-0.13240219848184	-0.128420576793056	-0.15670397423488	-0.122104846072494	-0.149135597087397	-0.151471710096937	-0.139462587114079	-0.0910131223740969	-0.0979919322261766	-0.0763324507688963	-0.0909664448532738	-0.14684171011379	-0.0914581799850591	-0.134451079465686	-0.135532919732988	-0.136591763426238	-0.176545212471123	-0.106807050642127	-0.100315939332049	-0.103637059585729	-0.104824973497448	-0.1114480247284	-0.132354679739522	-0.117641471813439	-0.119864233454755	-0.097357762534044	-0.0836642031529767	-0.0849639313397751	-0.159619642312903	-0.150297061097847	-0.09372180358966	-0.167902297926675	-0.105897116625407	-0.125505678548856	-0.147705884702839	-0.0888980153174339	-0.140522527430274
700024192	-0.205248721437208	-0.191034936708583	-0.0824181799552823	-0.234596419554023	-0.19836724841699	-0.0974546362996311	-0.183773329321426	-0.130478700674559	-0.177890487940465	-0.12019083124067	-0.104164717521808	0	-0.108945182548846	-0.162272380563527	-0.109636172278289	-0.12853101733197	-0.123294074064145	-0.129515247261297	-0.163167485592038	-0.172995988644892	-0.163634497478944	-0.0924078908617878	-0.195334883957649	-0.1985515785286	-0.170522658077909	-0.214674070780202	-0.186033224572329	-0.189737102916177	-0.181896444210739	-0.155291436063918	-0.115953873572975	-0.120024162230866	-0.115869943409962	-0.0990872708804722	-0.208803220401759	-0.141786693316183	-0.180264410210475	-0.117836482666621	-0.204875975523141	-0.1557660363146	-0.166869068734616	-0.0829713826008978	-0.163512702234936	-0.137770468248782	-0.114236340469393	-0.170552784116752	-0.171141682498881	-0.0940452321480023	-0.149406901532697	-0.0710808994607868	-0.100068002101975	-0.220456817291225	-0.205749494856881	-0.147615704270493	-0.238627204240611	-0.110640958301292	-0.138960675642039	-0.206040000647842	-0.0933425143337549	-0.18570406584086
700113058	-0.221869386186959	-0.144010911781447	-0.125092762123647	-0.247456457158296	-0.175725636879602	-0.107743976954064	-0.207897573020237	-0.0700638439944694	-0.189958688966022	-0.0814768763030518	-0.130386729999835	-0.108945182548846	0	-0.140451033493894	-0.0844620301004819	-0.166755141450525	-0.0873955271866389	-0.153023035947333	-0.199692593457648	-0.184009806627057	-0.193615316799999	-0.149747852493769	-0.202204445330554	-0.210334128534571	-0.218858437927745	-0.21453061117776	-0.138592253239608	-0.152299035993032	-0.143302859736651	-0.107443120419479	-0.108359970235574	-0.169192501310156	-0.12052211128969	-0.0803078234104039	-0.207244574009143	-0.156654007432969	-0.182329038086882	-0.1176927395306	-0.206558311606907	-0.0937287516126973	-0.150344252422391	-0.0698736611294183	-0.160514224398605	-0.165497112509941	-0.0955402161502258	-0.134689604303675	-0.166438316568935	-0.0702491024152082	-0.129132306632262	-0.108580564429293	-0.150585248254202	-0.221646824848121	-0.213873889742217	-0.169726996825921	-0.24748982454358	-0.0573690212457576	-0.156928482758311	-0.229618269214158	-0.124284936017846	-0.19783072421347
700099448	-0.154565128319149	-0.0933777596866139	-0.135937054977916	-0.212677537832798	-0.126433388442085	-0.107283618830571	-0.168288278736966	-0.148350276801557	-0.147246303708625	-0.116411698988036	-0.10610561619678	-0.162272380563527	-0.140451033493894	0	-0.145641238217123	-0.138529349396911	-0.11376574838822	-0.116531085428142	-0.129597125363565	-0.143580882557264	-0.147306677946977	-0.137804911086831	-0.137043158524128	-0.134430425454393	-0.175231078087401	-0.13855779079281	-0.0983413887585375	-0.158820706789401	-0.124106446155777	-0.119937492855533	-0.093099380635263	-0.169193613447493	-0.105713187566474	-0.104219850192539	-0.146202521862716	-0.132554203202055	-0.116045594015498	-0.122386376060414	-0.142027855651619	-0.1742611801947	-0.12566187977136	-0.139200208165164	-0.0951514861788368	-0.157440714669945	-0.123179362487092	-0.107512142123581	-0.0906775741900897	-0.13689102081615	-0.0648325308500217	-0.135199224898774	-0.133377724590519	-0.170982215234916	-0.174565621677333	-0.100131409934235	-0.15587303050099	-0.126745422615585	-0.120675944706852	-0.166869757019063	-0.12741856039356	-0.162635283483213
700109870	-0.21927276266811	-0.158883117533296	-0.114065349893097	-0.238277659006571	-0.178547359168829	-0.106250961334321	-0.2088620424592	-0.0919261306035009	-0.187637972051973	-0.0981805017969691	-0.144024318483173	-0.109636172278289	-0.0844620301004819	-0.145641238217123	0	-0.173052320162139	-0.100132352610365	-0.151736826385241	-0.198112519235941	-0.186218517543218	-0.176800375829812	-0.154778211421702	-0.186604310083237	-0.212641528937925	-0.216513910807365	-0.209233144183149	-0.157447396590949	-0.180190102550552	-0.146431887261485	-0.119521855408258	-0.133605265963322	-0.172148868836006	-0.153595903926531	-0.121185078923643	-0.206322548555341	-0.164799855583494	-0.194554318698156	-0.102754864398517	-0.215360591189813	-0.105462908316189	-0.177135737267796	-0.0914128824935236	-0.183457112665566	-0.170600615562718	-0.109396219785564	-0.131772053508603	-0.167401861441901	-0.080745804894369	-0.1381270691262	-0.113717484229642	-0.152648450067016	-0.219984532509275	-0.210059031847106	-0.169175487664784	-0.235679471980878	-0.0948713788141315	-0.142507115976243	-0.233542549741112	-0.11775790004703	-0.195787061602163
700033928	-0.126718273649664	-0.158222851347938	-0.129818483250613	-0.188794916208086	-0.156300562106967	-0.142690912033737	-0.137525032966213	-0.18018464915976	-0.0987835506407894	-0.155199760681591	-0.0865435251921583	-0.12853101733197	-0.166755141450525	-0.138529349396911	-0.173052320162139	0	-0.158786281807293	-0.148025572236165	-0.098983024870904	-0.129651562248912	-0.123204684113082	-0.0880633167940726	-0.137890133888061	-0.107202905113471	-0.140064732171214	-0.147259248514681	-0.150586562078949	-0.1581156553459	-0.186757337523083	-0.172465478753401	-0.129665901763704	-0.115583344480146	-0.0986547215753368	-0.128332578652658	-0.145368719475565	-0.137503729626463	-0.146877978429922	-0.170747600657318	-0.129605363631748	-0.207837690324179	-0.109461696093536	-0.137117996694221	-0.128158310173253	-0.120399025755947	-0.146996410709989	-0.155390742223284	-0.115252331938487	-0.153694716598535	-0.142985450762383	-0.10671215566118	-0.0894732628856219	-0.141784080428576	-0.142393882662498	-0.125495510208927	-0.163608864022953	-0.134123403809185	-0.140450213331643	-0.125498643826006	-0.110164412373206	-0.123648856729728
700023693	-0.220209658135164	-0.127228653431184	-0.117331634697124	-0.257055190163043	-0.16785732497036	-0.0887595025326762	-0.214127443397329	-0.0751761960694247	-0.180660850151581	-0.0627892743361585	-0.117983333650254	-0.123294074064145	-0.0873955271866389	-0.11376574838822	-0.100132352610365	-0.158786281807293	0	-0.131277462126014	-0.187661323676287	-0.184483455890433	-0.173083809981593	-0.146048678472784	-0.194093918943292	-0.200688366720908	-0.217570829623563	-0.208083988747946	-0.131177629457543	-0.165192165976105	-0.128365385753615	-0.106870402005597	-0.0879109218868351	-0.173797351785949	-0.119995361543174	-0.0794883495762043	-0.195906880745449	-0.151091104894062	-0.153796651037353	-0.106759307659564	-0.200713271834954	-0.108450336637744	-0.150203631497371	-0.0892829012914884	-0.131958232056775	-0.165504485534989	-0.0858247818649186	-0.117222877557337	-0.135047997960676	-0.0733485323468059	-0.103397521643854	-0.1194211628277	-0.145584736546104	-0.219207315250714	-0.215430026607772	-0.143142667410169	-0.230877629718743	-0.089088124070264	-0.147097684360132	-0.218765265056791	-0.130072513726423	-0.200347986335941
700109627	-0.200939830266727	-0.16203619727983	-0.0974611952475094	-0.257212853623013	-0.157703251556592	-0.0745733244618562	-0.225574535330213	-0.158593721338976	-0.191631988466703	-0.120706168569642	-0.115895782317014	-0.129515247261297	-0.153023035947333	-0.116531085428142	-0.151736826385241	-0.148025572236165	-0.131277462126014	0	-0.174980598173413	-0.195394677404165	-0.201978503039786	-0.139578995791035	-0.201381949366411	-0.185299536587432	-0.202570909518804	-0.194419260973045	-0.135587110332826	-0.185922077542835	-0.189056138901478	-0.135618029807793	-0.0993151147640033	-0.174320485572836	-0.150006496098461	-0.104579030203079	-0.199406025236782	-0.176436480984704	-0.102638384668219	-0.0818639311175792	-0.194063823134309	-0.187814551528883	-0.178110845203527	-0.133195409738753	-0.143434527219395	-0.168272890561333	-0.154519683152948	-0.164593667739688	-0.146276037175804	-0.148920001858201	-0.0959464912045771	-0.131762325831384	-0.128190591907905	-0.234643363615919	-0.226179689120529	-0.141125618351799	-0.207241079767329	-0.140994697636195	-0.184044701461617	-0.216047612106077	-0.135385351623101	-0.211581756724222
700095416	-0.0851050480268722	-0.143687532462445	-0.170698676753681	-0.178994427731993	-0.148054829931715	-0.173388909186926	-0.113421153609806	-0.207755906439922	-0.0926762132552698	-0.185567990920103	-0.123222327413852	-0.163167485592038	-0.199692593457648	-0.129597125363565	-0.198112519235941	-0.098983024870904	-0.187661323676287	-0.174980598173413	0	-0.115597185191208	-0.104833616213498	-0.117908118736257	-0.121130996081139	-0.0774705750736111	-0.125344193940019	-0.122999620578967	-0.159308722289375	-0.191358160461987	-0.185761757537507	-0.197617162091705	-0.157995907629376	-0.131285302799887	-0.118085853558382	-0.170979562040881	-0.136382550274511	-0.13103639219214	-0.144070503559454	-0.183577925965438	-0.106410848830577	-0.238658855469615	-0.103485074564967	-0.181202489819965	-0.109634732823069	-0.1244822337672	-0.175774075081295	-0.152729573516593	-0.109337015813652	-0.186551311785297	-0.14882007708585	-0.150350211582979	-0.119757566913301	-0.123564192988479	-0.127649716326981	-0.0996803028290266	-0.120722086211717	-0.169200282950319	-0.131899674769384	-0.105926782978387	-0.148778195954188	-0.118184339156879
700110425	-0.0891134039584947	-0.14946897439768	-0.187247594793999	-0.110189838264338	-0.155213243765811	-0.191563417592227	-0.0828215761213622	-0.196844084148846	-0.118336529216769	-0.187535127885186	-0.121883289335346	-0.172995988644892	-0.184009806627057	-0.143580882557264	-0.186218517543218	-0.129651562248912	-0.184483455890433	-0.195394677404165	-0.115597185191208	0	-0.0991900540864768	-0.127279547674443	-0.121121068901164	-0.1024189169267	-0.0922497434842937	-0.140046700543216	-0.168867014077504	-0.172603446953737	-0.174964140384307	-0.180889176954722	-0.175304453680476	-0.156011488894174	-0.118953131985172	-0.173754264340205	-0.137502765296922	-0.104186636908298	-0.17140707514253	-0.208437767551729	-0.117150540021916	-0.220002053706886	-0.101259883899584	-0.168676941706785	-0.129130821460623	-0.106460989321824	-0.163516653650258	-0.151865145457934	-0.130180939407373	-0.177406281701095	-0.156892489832457	-0.15568163208427	-0.136340116358702	-0.0941403658205038	-0.0619812974772937	-0.127109739629785	-0.121949267301389	-0.170374611905422	-0.0860690814079522	-0.090680676998257	-0.142219379263167	-0.103143150649295
700111580	-0.107278505334088	-0.152416105252963	-0.176206077389898	-0.152329246216638	-0.1747784783929	-0.183982484336112	-0.0944048001038428	-0.202422512265502	-0.111013780129904	-0.172857165382217	-0.120436995961936	-0.163634497478944	-0.193615316799999	-0.147306677946977	-0.176800375829812	-0.123204684113082	-0.173083809981593	-0.201978503039786	-0.104833616213498	-0.0991900540864768	0	-0.105750117220732	-0.105490905959157	-0.115084992574743	-0.0818482775609273	-0.170106819472893	-0.186627360448706	-0.209611996830935	-0.169274647055468	-0.20642131710923	-0.167927011490606	-0.123335566621474	-0.121006334146329	-0.176672609618198	-0.167115489551124	-0.113937310876873	-0.190986364646727	-0.195805958297293	-0.1304937748532	-0.217027461653628	-0.106046908449796	-0.175077484678285	-0.13831972866574	-0.121692500485729	-0.152845926938738	-0.142909713018721	-0.132079071701503	-0.167324417284771	-0.154132329530992	-0.137751772778081	-0.117557583064725	-0.107160393909665	-0.112663656746108	-0.099836974946694	-0.142769656567026	-0.166376883037281	-0.0849313187682807	-0.0921851517957874	-0.127620869613377	-0.0943992956337553
700111302	-0.138309212076334	-0.136094307112993	-0.101436009541698	-0.200305614318446	-0.164206346879789	-0.130065596860904	-0.130043492907856	-0.166231483345319	-0.110412107126809	-0.146186755019587	-0.0567795984623057	-0.0924078908617878	-0.149747852493769	-0.137804911086831	-0.154778211421702	-0.0880633167940726	-0.146048678472784	-0.139578995791035	-0.117908118736257	-0.127279547674443	-0.105750117220732	0	-0.142521982352868	-0.13332588264733	-0.107847626723443	-0.176710721796081	-0.150703154531911	-0.175749031114077	-0.185420361999965	-0.167217237880785	-0.123731128044517	-0.0689481750445156	-0.0937073366886943	-0.118331582595986	-0.166151179750816	-0.100326268759576	-0.15467054003578	-0.157724280345873	-0.140296458257077	-0.194260224942929	-0.134201545130479	-0.116563143491935	-0.126758459418061	-0.0895309163933141	-0.125472030981696	-0.16716070055916	-0.13595192578793	-0.13005318543255	-0.130459745899664	-0.0711893502106161	-0.0826630492872621	-0.152671870481407	-0.145981340278091	-0.0955913959262437	-0.174041347369997	-0.122201103954159	-0.123223283941689	-0.137765357799212	-0.0843074488843547	-0.122595012898153
700098605	-0.100227441902599	-0.130010234435337	-0.189088330130195	-0.142520185051378	-0.153364945223757	-0.185565990003229	-0.120924939493535	-0.203946480278537	-0.117304789447282	-0.189167368148873	-0.145954783974891	-0.195334883957649	-0.202204445330554	-0.137043158524128	-0.186604310083237	-0.137890133888061	-0.194093918943292	-0.201381949366411	-0.121130996081139	-0.121121068901164	-0.105490905959157	-0.142521982352868	0	-0.106786511079093	-0.148168127689268	-0.12613913540941	-0.155616612652782	-0.179218176550366	-0.169354364607383	-0.191057649072319	-0.17333469897268	-0.168146136962452	-0.143540952905588	-0.180047614917734	-0.126444036895777	-0.126065283201355	-0.182126408813171	-0.194940392938425	-0.107540470198009	-0.211004227617854	-0.118188760615256	-0.193306243929432	-0.148620130568691	-0.141104640703966	-0.190125969335903	-0.138881466435017	-0.130710314278314	-0.191340861638337	-0.160851195652294	-0.170500302996526	-0.150828732036156	-0.115754676371021	-0.115018087915149	-0.118207566645972	-0.0968873423262327	-0.179237980317904	-0.132439210863593	-0.124823723207896	-0.159218030206748	-0.105635183236808
700111991	-0.0615491297175143	-0.143565792215456	-0.188940120840447	-0.14622336530142	-0.149018089212752	-0.195712293842516	-0.101338392017806	-0.216031937709144	-0.0989730897301324	-0.194938573628504	-0.13240219848184	-0.1985515785286	-0.210334128534571	-0.134430425454393	-0.212641528937925	-0.107202905113471	-0.200688366720908	-0.185299536587432	-0.0774705750736111	-0.1024189169267	-0.115084992574743	-0.13332588264733	-0.106786511079093	0	-0.121747525630762	-0.102480330251732	-0.149797624949767	-0.179637082168868	-0.185268267994022	-0.202142855465693	-0.176918968203677	-0.158724405768831	-0.135490844620496	-0.184084964836111	-0.113122717392495	-0.123258101494994	-0.156498850919668	-0.204052431425821	-0.08523519658547	-0.246104063290139	-0.0995252438470444	-0.200285509259406	-0.128991154955965	-0.129467612432001	-0.193610625616131	-0.15547242670086	-0.111083535458366	-0.201836270122567	-0.161415783985562	-0.173964876574474	-0.137781025055724	-0.102475943346655	-0.0965682726619514	-0.109880815094407	-0.0830113902766844	-0.187538078638308	-0.138325444631899	-0.0890832132577644	-0.161095712129897	-0.111257677792947
700108960	-0.101115269457457	-0.179321213602849	-0.180955296286641	-0.148273177036425	-0.205970496275409	-0.201514429679268	-0.089383055238895	-0.234228018631165	-0.11910650301756	-0.215395834400706	-0.128420576793056	-0.170522658077909	-0.218858437927745	-0.175231078087401	-0.216513910807365	-0.140064732171214	-0.217570829623563	-0.202570909518804	-0.125344193940019	-0.0922497434842937	-0.0818482775609273	-0.107847626723443	-0.148168127689268	-0.121747525630762	0	-0.189109341284353	-0.209485724490198	-0.223394453379711	-0.213096400860343	-0.221822826454473	-0.193393154925781	-0.109037227761803	-0.147502152723314	-0.197245514086423	-0.180279452116453	-0.118834391052603	-0.197921958651785	-0.224708622543788	-0.136257390707433	-0.258174347012323	-0.144010987907808	-0.192401946576295	-0.158088241748491	-0.112303747866998	-0.192321919698349	-0.199239337247003	-0.176662564903281	-0.205940196825816	-0.182421511038469	-0.148703760856223	-0.116974322999827	-0.115744111672425	-0.101693203369583	-0.125536163947212	-0.134442542330712	-0.198219319890535	-0.104383629689078	-0.0856153697188654	-0.134288124561036	-0.0964825558256155
700024452	-0.119700159867592	-0.140410481264527	-0.199227008179701	-0.139321942716857	-0.119339888599525	-0.203075763014301	-0.144786623944289	-0.212304584469341	-0.138203176377206	-0.202587547382776	-0.15670397423488	-0.214674070780202	-0.21453061117776	-0.13855779079281	-0.209233144183149	-0.147259248514681	-0.208083988747946	-0.194419260973045	-0.122999620578967	-0.140046700543216	-0.170106819472893	-0.176710721796081	-0.12613913540941	-0.102480330251732	-0.189109341284353	0	-0.145634106478155	-0.152600999173611	-0.141079595376891	-0.183425860558603	-0.191748960927192	-0.200890479115585	-0.153723793919098	-0.193851608793279	-0.0589302952918824	-0.148744804107851	-0.177486989081079	-0.204351680233751	-0.10807275083985	-0.217625596572286	-0.125825655164995	-0.203068759482888	-0.143961989342853	-0.173037961744986	-0.193254932064517	-0.134465327633503	-0.123648733796751	-0.210237943681193	-0.171528721777098	-0.19505890109937	-0.170884246502333	-0.125894043951505	-0.125602945666528	-0.144231120531928	-0.103400442729127	-0.196721321928759	-0.161422591211702	-0.145999765201814	-0.171132711619024	-0.166011246100057
700032931	-0.168752464181263	-0.0954577351214815	-0.14776615378375	-0.230371808944011	-0.133095818915595	-0.135544538219199	-0.200356288552404	-0.131052873832739	-0.163324041700464	-0.131590566359168	-0.122104846072494	-0.186033224572329	-0.138592253239608	-0.0983413887585375	-0.157447396590949	-0.150586562078949	-0.131177629457543	-0.135587110332826	-0.159308722289375	-0.168867014077504	-0.186627360448706	-0.150703154531911	-0.155616612652782	-0.149797624949767	-0.209485724490198	-0.145634106478155	0	-0.134785425768295	-0.142901633201902	-0.120141882651163	-0.122172864874866	-0.183176940891283	-0.126600347894764	-0.120983425979722	-0.155896311655101	-0.152588176703248	-0.128637995929747	-0.135872708124724	-0.156370513741361	-0.162255345464054	-0.146231246504073	-0.130989025061576	-0.123001226791786	-0.163212051563304	-0.130582943237171	-0.1254474141824	-0.106980668469256	-0.137420123527877	-0.105229706353116	-0.152222816290031	-0.166259893623932	-0.187949774793779	-0.188022918405901	-0.136232526763249	-0.16773762941923	-0.129253359931299	-0.172242614654114	-0.195382402761378	-0.148375882215646	-0.191264510437186
700095837	-0.192546566130697	-0.148088699960907	-0.18409326719882	-0.213739058516483	-0.155716853264707	-0.186115816870962	-0.209094741217222	-0.158433978665535	-0.178573555481103	-0.16751555109456	-0.149135597087397	-0.189737102916177	-0.152299035993032	-0.158820706789401	-0.180190102550552	-0.1581156553459	-0.165192165976105	-0.185922077542835	-0.191358160461987	-0.172603446953737	-0.209611996830935	-0.175749031114077	-0.179218176550366	-0.179637082168868	-0.223394453379711	-0.152600999173611	-0.134785425768295	0	-0.114763767308681	-0.113860393696331	-0.170619887450553	-0.209237051764613	-0.134364785324019	-0.143702244914446	-0.152618422922478	-0.172660281391486	-0.170378643328234	-0.202672223948915	-0.181188897363988	-0.17006177831617	-0.153347974631711	-0.147789035125853	-0.157830085708804	-0.174414560838402	-0.130994295652687	-0.138726926816446	-0.161245713398766	-0.164750851513936	-0.159919427490503	-0.175706712325565	-0.166341250891737	-0.19416392352727	-0.184785450959529	-0.190002159189335	-0.194983655115863	-0.146859670660465	-0.191099836922567	-0.209012223611213	-0.165691145482226	-0.207048313804627
700024548	-0.195381917547776	-0.123687474270475	-0.176607976008992	-0.201796648697426	-0.138146898722676	-0.163099501374115	-0.200659941135811	-0.140571552721029	-0.194077645664637	-0.135115936252098	-0.151471710096937	-0.181896444210739	-0.143302859736651	-0.124106446155777	-0.146431887261485	-0.186757337523083	-0.128365385753615	-0.189056138901478	-0.185761757537507	-0.174964140384307	-0.169274647055468	-0.185420361999965	-0.169354364607383	-0.185268267994022	-0.213096400860343	-0.141079595376891	-0.142901633201902	-0.114763767308681	0	-0.112667727404843	-0.14742468009247	-0.215797521087243	-0.127723481629701	-0.138440639860899	-0.136242275461551	-0.150318962147126	-0.182038632858765	-0.171516918804204	-0.172102037889177	-0.135220876987168	-0.144123921443713	-0.142567964540819	-0.138213771408217	-0.20234898108564	-0.10030368739686	-0.076614984273173	-0.145905271517763	-0.138445355359655	-0.140326636483468	-0.181331240063152	-0.171640043486678	-0.193475640386664	-0.185934097046796	-0.146918005964095	-0.186634877573671	-0.151943125751273	-0.150827613225059	-0.207394569505016	-0.165737544885356	-0.204168761974249
700110161	-0.215450073572658	-0.137938120474471	-0.113876936027672	-0.238301626407166	-0.148178550263907	-0.10983963034541	-0.214605811754591	-0.109042307627052	-0.186488072282679	-0.104440107334572	-0.139462587114079	-0.155291436063918	-0.107443120419479	-0.119937492855533	-0.119521855408258	-0.172465478753401	-0.106870402005597	-0.135618029807793	-0.197617162091705	-0.180889176954722	-0.20642131710923	-0.167217237880785	-0.191057649072319	-0.202142855465693	-0.221822826454473	-0.183425860558603	-0.120141882651163	-0.113860393696331	-0.112667727404843	0	-0.121123046816136	-0.191867910919688	-0.137921649938287	-0.091764620952075	-0.177901074775287	-0.16944985192573	-0.159694326309035	-0.1188657260738	-0.192257759597576	-0.129215392115202	-0.172107252548238	-0.0985381658134071	-0.143106753594129	-0.1778261992638	-0.109640962324007	-0.134963753816194	-0.158863946312375	-0.113999237841658	-0.110224094703325	-0.141606317068433	-0.160492988521709	-0.208338270709527	-0.211610298854157	-0.154962310738498	-0.222498111436078	-0.111925859935041	-0.163105919476161	-0.218437910038641	-0.135885511572048	-0.200275538196731
700023496	-0.192912123850942	-0.123735093942653	-0.10381361588587	-0.246664691851836	-0.148572893865911	-0.0707419748677756	-0.196201882905325	-0.123106896733553	-0.165056619531535	-0.0850862072929769	-0.0910131223740969	-0.115953873572975	-0.108359970235574	-0.093099380635263	-0.133605265963322	-0.129665901763704	-0.0879109218868351	-0.0993151147640033	-0.157995907629376	-0.175304453680476	-0.167927011490606	-0.123731128044517	-0.17333469897268	-0.176918968203677	-0.193393154925781	-0.191748960927192	-0.122172864874866	-0.170619887450553	-0.14742468009247	-0.121123046816136	0	-0.153215061025551	-0.108075014541348	-0.0712957237254034	-0.180665184647373	-0.144563614194641	-0.129578391433428	-0.102588929883206	-0.178408080490989	-0.150538921162962	-0.138364600815176	-0.10300773015475	-0.108605768328167	-0.152689220256505	-0.101760931492015	-0.12348652176889	-0.124662776868835	-0.109434992912161	-0.0691726641194832	-0.111760467895503	-0.122833015064499	-0.209935679241216	-0.205655291641397	-0.111866483106715	-0.207572037105961	-0.0923263349871477	-0.151504032189078	-0.200295217225154	-0.120552994575256	-0.187730861300924
700034628	-0.160551648770451	-0.15553100289541	-0.135453982912143	-0.220492362783623	-0.201239272320746	-0.159772905823142	-0.135783734538435	-0.187059065886561	-0.106464530164829	-0.168854855062856	-0.0979919322261766	-0.120024162230866	-0.169192501310156	-0.169193613447493	-0.172148868836006	-0.115583344480146	-0.173797351785949	-0.174320485572836	-0.131285302799887	-0.156011488894174	-0.123335566621474	-0.0689481750445156	-0.168146136962452	-0.158724405768831	-0.109037227761803	-0.200890479115585	-0.183176940891283	-0.209237051764613	-0.215797521087243	-0.191867910919688	-0.153215061025551	0	-0.129641466902182	-0.143503162933126	-0.194613415245564	-0.108296965699426	-0.195827977353875	-0.175434315127328	-0.170565769230961	-0.210359373064545	-0.164845483583785	-0.137098401280788	-0.155920117015313	-0.0895803427182581	-0.156483217174629	-0.195266883722835	-0.16410179117795	-0.149265946237769	-0.162137940086696	-0.0940950790231708	-0.121154341588653	-0.163834182808804	-0.16878632137289	-0.130247369584442	-0.195393149401499	-0.137797659585102	-0.142014094053383	-0.138084783308454	-0.115333011923535	-0.106163715815216
700023645	-0.150146590547479	-0.118433775404325	-0.140117712469919	-0.185216308683923	-0.138402568680462	-0.136127404345537	-0.141616549365298	-0.130841684720644	-0.1321693568765	-0.119901930267668	-0.0763324507688963	-0.115869943409962	-0.12052211128969	-0.105713187566474	-0.153595903926531	-0.0986547215753368	-0.119995361543174	-0.150006496098461	-0.118085853558382	-0.118953131985172	-0.121006334146329	-0.0937073366886943	-0.143540952905588	-0.135490844620496	-0.147502152723314	-0.153723793919098	-0.126600347894764	-0.134364785324019	-0.127723481629701	-0.137921649938287	-0.108075014541348	-0.129641466902182	0	-0.0965247453283621	-0.144549367442863	-0.102908726129453	-0.137371742886811	-0.158697655908724	-0.142176421016954	-0.157468542051756	-0.101154890980568	-0.0950466379358078	-0.0881151179375152	-0.115430928760348	-0.0947442668306789	-0.10676644598998	-0.108883750802156	-0.104223404348319	-0.114802256343557	-0.104127550014552	-0.0936933258652235	-0.150549346466255	-0.143285926365384	-0.110523387741176	-0.178479398879982	-0.104054617660704	-0.119724829440974	-0.147502604999984	-0.105757689991351	-0.142654792185643
700038744	-0.202425403039834	-0.129434534372481	-0.0870868740891339	-0.242240949713417	-0.155246077131018	-0.0711208647222642	-0.20131968288648	-0.0961898210442986	-0.166919650161223	-0.0661921579026971	-0.0909664448532738	-0.0990872708804722	-0.0803078234104039	-0.104219850192539	-0.121185078923643	-0.128332578652658	-0.0794883495762043	-0.104579030203079	-0.170979562040881	-0.173754264340205	-0.176672609618198	-0.118331582595986	-0.180047614917734	-0.184084964836111	-0.197245514086423	-0.193851608793279	-0.120983425979722	-0.143702244914446	-0.138440639860899	-0.091764620952075	-0.0712957237254034	-0.143503162933126	-0.0965247453283621	0	-0.182352307555986	-0.138442076422946	-0.138755675412617	-0.100954787126256	-0.18196262954946	-0.126300692819054	-0.13726308111138	-0.0730368617334794	-0.120120855518761	-0.148214547538633	-0.0930461732062236	-0.118857215460684	-0.14018622156044	-0.0768271066085479	-0.0883362475064442	-0.0881057381760763	-0.118680059089485	-0.210159090166206	-0.206957792306059	-0.127422486473949	-0.216315304901569	-0.0709540791519224	-0.153325277121744	-0.200392402996969	-0.105979682974926	-0.191114845772087
