700108602	700014971	700033565	700109389	700023058	700023927	700106341	700114221	700023543	700023439	700016978	700024192	700113058	700099448	700109870	700033928	700023693	700109627	700095416	700110425	700111580	700111302	700098605	700111991	700108960	700024452	700032931	700095837	700024548	700110161	700023496	700034628	700023645	700038744	700038485	700024743	700099596	700110760	700101587	700106399	700032322	700095653	700021312	700101230	700023590	700038905	700033136	700023382	700096424	700105469	700016908	700096053	700108479	700109569	700033814	700016125	700109756	700102665	700101777	700109455
700108602	0	-0.167804144753558	-0.199613134577034	-0.12604046693457	-0.155764280733165	-0.204527336778994	-0.0768455236934682	-0.224671030182842	-0.104709192297708	-0.208330341853201	-0.147303421843071	-0.20405984384201	-0.217323214158123	-0.1665764019815	-0.212608700048826	-0.122206200941522	-0.212121405402098	-0.189600983687603	-0.0910599744564804	-0.0943018154230205	-0.109449247336532	-0.134472527921859	-0.104453241928358	-0.0608230370169562	-0.0995681948485096	-0.122200571644569	-0.170239807356073	-0.190978217907374	-0.189194932422053	-0.216535854224494	-0.190396918286326	-0.159457731308293	-0.144907951132148	-0.18753993713549	-0.129040838601272	-0.124498608837886	-0.17246664095261	-0.216506629176422	-0.0833490110326841	-0.248919922868908	-0.112631323758432	-0.212656627224991	-0.143086762506167	-0.136381295236338	-0.192565619441237	-0.146562773335512	-0.142864484442145	-0.199830532807017	-0.181488661506317	-0.177504813710682	-0.136056603404587	-0.0768915097783571	-0.0867994255500439	-0.112466930236677	-0.0874211543483303	-0.19822714784819	-0.124067703360724	-0.0815956594286799	-0.172714338334609	-0.116305133458538
700014971	-0.167804144753558	0	-0.174420813396277	-0.223383641590796	-0.135525307004068	-0.146344162700857	-0.174476149843081	-0.133137113832246	-0.147967882880605	-0.124177671508784	-0.118855127801481	-0.193943455283075	-0.128026808280979	-0.10514365040752	-0.15842553255278	-0.152821737715899	-0.123443532340722	-0.15651040316029	-0.165445964254785	-0.149096198965219	-0.156797242606094	-0.129853172806397	-0.139763547796119	-0.170457181043098	-0.186927060484415	-0.153344346417649	-0.107530403783799	-0.137492750373859	-0.127726599911494	-0.142122657793059	-0.112318448649847	-0.167691136184012	-0.103175321458574	-0.123190402025057	-0.160966190285966	-0.117310459935017	-0.157190934570556	-0.178610990638768	-0.137344865804396	-0.163666450396163	-0.129113703894063	-0.14136836498242	-0.136402041527961	-0.15498300716115	-0.121275343180273	-0.114701862690193	-0.113193893935129	-0.126979453188406	-0.121213222222578	-0.150250898562359	-0.158823387323286	-0.159270433880858	-0.173147942735885	-0.119667619217847	-0.194636237938137	-0.117933245736385	-0.153031230797903	-0.176610423714746	-0.149887758139197	-0.162822234287175
700033565	-0.199613134577034	-0.174420813396277	0	-0.233039509075687	-0.202394721594837	-0.0747635504208931	-0.199865888028424	-0.117617246125032	-0.179849804694927	-0.110335043364552	-0.098705792901295	-0.0694356115466236	-0.119837295695685	-0.145965919581895	-0.102731547252297	-0.129790020023681	-0.12771955543755	-0.101190970014659	-0.170640944534714	-0.186550142742362	-0.168184074083812	-0.0994232214825889	-0.190848330580722	-0.190210858321588	-0.173619576045615	-0.203856690649418	-0.161213347541205	-0.187365790981088	-0.163953155619226	-0.120624917176861	-0.113515739870106	-0.126926803474674	-0.116928169074664	-0.0921390579652997	-0.21235143488887	-0.139380756442144	-0.154810810142046	-0.10171389795949	-0.178771126186329	-0.153705683092499	-0.170417727065223	-0.0934983001540912	-0.158150689801048	-0.14698773218326	-0.141338081342999	-0.144889340198425	-0.169063426233953	-0.109182640686505	-0.135676247610837	-0.0678301468896693	-0.0877433873088869	-0.209023418845956	-0.208651752515263	-0.14661754270774	-0.232355702112885	-0.111172997634416	-0.151178634761655	-0.210436564396768	-0.0784143805767788	-0.188776678026066
700109389	-0.12604046693457	-0.223383641590796	-0.233039509075687	0	-0.192022160940369	-0.252776253969587	-0.112423657383983	-0.246741848587011	-0.178551633252153	-0.253234793569533	-0.204199253156657	-0.229752484555826	-0.245642976274239	-0.221009708373764	-0.234177068123009	-0.186497899020506	-0.254758732404002	-0.24448262325019	-0.187787325780852	-0.1278586059061	-0.156921822152518	-0.201164234655275	-0.160384790140801	-0.150569537031976	-0.143598241930197	-0.14486377270068	-0.243065818575206	-0.211825378616298	-0.189459902939014	-0.237960233844333	-0.242955530683194	-0.222130220912593	-0.193956527809618	-0.227011738827717	-0.140069420166857	-0.182743804577919	-0.2465353554801	-0.262782292323757	-0.16403094460473	-0.24832198627146	-0.149576142677579	-0.235280032128532	-0.205486135169915	-0.200878566826191	-0.212079959872281	-0.185882489450535	-0.209914023794476	-0.234941321823992	-0.237671220226351	-0.22503538059573	-0.176815311429109	-0.113783312763619	-0.0869164350528723	-0.18008949095918	-0.132851962152758	-0.231098656230553	-0.131114320224469	-0.123911189408049	-0.200128105272386	-0.16800678071111
700023058	-0.155764280733165	-0.135525307004068	-0.202394721594837	-0.192022160940369	0	-0.166368954954279	-0.155898691130362	-0.181930563323715	-0.130025583697991	-0.176009778838748	-0.142115318704767	-0.202746564455432	-0.184870675024729	-0.139657915298587	-0.183528277193596	-0.153044517218278	-0.165893931322125	-0.167436703368243	-0.14647707175657	-0.154747052416269	-0.161232683229065	-0.155492691052469	-0.147923646094912	-0.147377186739406	-0.188650879385238	-0.1193523129956	-0.148615941001969	-0.170624547801343	-0.157258106112563	-0.171210255762752	-0.151656256780768	-0.198199517261373	-0.144027962000782	-0.156882134868765	-0.118355053286155	-0.151592104616696	-0.147649734311572	-0.168478743605243	-0.131128100967332	-0.214129620123884	-0.123963367866764	-0.18207639850566	-0.119192227188347	-0.172368544277086	-0.156339688142646	-0.135276278644759	-0.118715839314914	-0.17102781209213	-0.129994003728551	-0.18883612667469	-0.17097654520012	-0.132575521028545	-0.157561124787257	-0.127105927909923	-0.167102728828088	-0.172872417736068	-0.162852910438271	-0.160645884404213	-0.181613119369219	-0.156504102091887
700023927	-0.204527336778994	-0.146344162700857	-0.0747635504208931	-0.252776253969587	-0.166368954954279	0	-0.217464938911206	-0.103412702423553	-0.183696232289122	-0.0813601053467991	-0.102152889326499	-0.111335121966065	-0.108190175911563	-0.0994442383217197	-0.100900923703831	-0.146993391563866	-0.0941787915863413	-0.0721794599159294	-0.17941301889543	-0.190107967281431	-0.189199856202211	-0.128669360576815	-0.182225001970815	-0.192175470223575	-0.204914460697006	-0.191150333306797	-0.125268237991557	-0.18357636636112	-0.153663577145451	-0.0934033130290055	-0.0742903760473768	-0.163212545014437	-0.113153306680772	-0.0738985516006653	-0.200556578453697	-0.13868853863858	-0.124747705254898	-0.0668894620183613	-0.177484931580412	-0.141855652491874	-0.169828167787761	-0.0906003762481876	-0.12494466800323	-0.163694649537565	-0.133489930458629	-0.130387457635268	-0.154020770065482	-0.103174528496921	-0.0849111428608527	-0.099587597160477	-0.130564095614296	-0.212848256617548	-0.224407639413766	-0.137565285911504	-0.233622133522796	-0.105315717654173	-0.164193080157366	-0.217049126601278	-0.111081694154128	-0.19946657588876
700106341	-0.0768455236934682	-0.174476149843081	-0.199865888028424	-0.112423657383983	-0.155898691130362	-0.217464938911206	0	-0.222413746336291	-0.0917001842397614	-0.220944678404886	-0.145457285363688	-0.191961072418754	-0.217504879137376	-0.184036708002262	-0.208852650121665	-0.132280289740904	-0.21788911544414	-0.216405348468792	-0.122469802968895	-0.0762771305499178	-0.0968058523689722	-0.133393920225708	-0.120793858441338	-0.099401067772408	-0.0757027996808011	-0.15549005812603	-0.20898363378025	-0.202321006859877	-0.188593781800013	-0.21982054965347	-0.19866334517245	-0.132368147596236	-0.147133761365503	-0.192526709772731	-0.156511154113838	-0.116140955006158	-0.202818545839936	-0.235312346789787	-0.0939971259127992	-0.243697387799557	-0.120364143235644	-0.209364857787949	-0.145350477500532	-0.124186065105926	-0.186640209949557	-0.161916945927234	-0.160759031510664	-0.192447487457023	-0.198981613930369	-0.17243465804204	-0.142670736654841	-0.0791453264474732	-0.0744049252242324	-0.122713048831766	-0.11697931519992	-0.194818090627142	-0.106631084661961	-0.0811789888993515	-0.162156393777214	-0.0850078338738184
700114221	-0.224671030182842	-0.133137113832246	-0.117617246125032	-0.246741848587011	-0.181930563323715	-0.103412702423553	-0.222413746336291	0	-0.196581232312565	-0.0795843514766011	-0.133259326602682	-0.127741205731242	-0.0674080113621928	-0.138451834681923	-0.0888996901280251	-0.179753988563414	-0.0888958088745769	-0.143441993305347	-0.204023415485765	-0.190998698582061	-0.199613493270585	-0.152799358412342	-0.20431868846058	-0.219021038482548	-0.227209346922516	-0.207650908034954	-0.127795742699781	-0.149287689832508	-0.12515910106418	-0.0874068700835253	-0.112710218131204	-0.179071939039961	-0.123748177978315	-0.101034991590536	-0.218754404982236	-0.141506970995433	-0.176798177756479	-0.111061340152906	-0.191937380146187	-0.107131854857561	-0.15642730623387	-0.0663875729091257	-0.178774853346377	-0.173170866451206	-0.101354956491617	-0.136946959746651	-0.15173030599317	-0.0843093675577542	-0.140072371021682	-0.121764328340409	-0.157973937323696	-0.218219133170768	-0.225247647998619	-0.161753065883258	-0.257631663226335	-0.0848949627906863	-0.161346595615133	-0.233674126152961	-0.129550552274753	-0.201030823970964
700023543	-0.104709192297708	-0.147967882880605	-0.179849804694927	-0.178551633252153	-0.130025583697991	-0.183696232289122	-0.0917001842397614	-0.196581232312565	0	-0.1806328773879	-0.127054569366975	-0.182610907050684	-0.193301526342472	-0.142897475791162	-0.194196267178603	-0.102168007356326	-0.185165789771884	-0.185676051054104	-0.0998763658343508	-0.118897165593475	-0.113560605406083	-0.120434682496142	-0.118160493247003	-0.102410493011554	-0.11565149604626	-0.137525579151279	-0.16675347164082	-0.176878930364574	-0.196436717859437	-0.186582431744854	-0.161849395237886	-0.119086431203398	-0.123859840806543	-0.156374576849601	-0.135190441627062	-0.11580252410649	-0.163422789170862	-0.202219482558654	-0.0888895807887165	-0.230737503739788	-0.107597859851257	-0.187465846731305	-0.121934895426933	-0.0909659695208374	-0.176248657462246	-0.15094873914692	-0.110127469297574	-0.166745899846191	-0.168284859979756	-0.151917309859989	-0.13711907998296	-0.0860318264675941	-0.111234924871787	-0.119668946345212	-0.126474815217954	-0.172780921103568	-0.146666847242985	-0.0869859422433471	-0.150888829102767	-0.0840613466180856
700023439	-0.208330341853201	-0.124177671508784	-0.110335043364552	-0.253234793569533	-0.176009778838748	-0.0813601053467991	-0.220944678404886	-0.0795843514766011	-0.1806328773879	0	-0.113867149460086	-0.136724080660543	-0.0808639243923433	-0.115934130401433	-0.107955232561104	-0.158417082788702	-0.0561366264022316	-0.10986450712651	-0.184479516206648	-0.195133654023574	-0.18339994849314	-0.144148624562794	-0.182976001265599	-0.198100752354545	-0.216672745984981	-0.197501630824429	-0.129746597895772	-0.170155377235692	-0.143720525713712	-0.103524013525857	-0.0826254850337964	-0.172744057611019	-0.112224671643321	-0.0834592476318188	-0.20552105057788	-0.135196021879229	-0.145423796104889	-0.0985813763812291	-0.172903681294043	-0.110319908317488	-0.150482847985849	-0.0907159022107009	-0.155493887767711	-0.167899724683091	-0.117766995039058	-0.119523960453976	-0.13749424011601	-0.0924946138421077	-0.103317545979551	-0.11378913800766	-0.144207296460354	-0.208962058520975	-0.223053130760764	-0.134588812062953	-0.239207279781405	-0.0802160179582309	-0.161182067830112	-0.214826197993912	-0.118993760949451	-0.191881508116968
700016978	-0.147303421843071	-0.118855127801481	-0.098705792901295	-0.204199253156657	-0.142115318704767	-0.102152889326499	-0.145457285363688	-0.133259326602682	-0.127054569366975	-0.113867149460086	0	-0.114795786770502	-0.129783439624214	-0.108121910685413	-0.138571515933512	-0.0856991401529695	-0.124198233840741	-0.10267515772706	-0.126075598464781	-0.128143915325356	-0.127720650031147	-0.0537286680195793	-0.147298851657908	-0.134758339168364	-0.134675128916275	-0.156429460779356	-0.127395253259384	-0.139999364917684	-0.139610857206561	-0.131207523142911	-0.0875522974737688	-0.101225871130946	-0.0571352358411948	-0.0771106032739309	-0.164577089519795	-0.0854070958722259	-0.122288816639821	-0.136934356274499	-0.120326354851621	-0.17171755090251	-0.11171375685808	-0.108763624524123	-0.097181792702468	-0.106386689609857	-0.112859314672812	-0.123729483530084	-0.113857586700813	-0.100480175040249	-0.103254546660624	-0.08835048982705	-0.0895378325494345	-0.152960485898435	-0.160226150177305	-0.0900451877393459	-0.184171787166259	-0.105252158805539	-0.128473958663663	-0.155341686343452	-0.0990785854735003	-0.142383005371761
700024192	-0.20405984384201	-0.193943455283075	-0.0694356115466236	-0.229752484555826	-0.202746564455432	-0.111335121966065	-0.191961072418754	-0.127741205731242	-0.182610907050684	-0.136724080660543	-0.114795786770502	0	-0.132892456105371	-0.172881317827638	-0.117155633970587	-0.133296183644552	-0.143086856324265	-0.12307977557283	-0.168415638927764	-0.18415516458528	-0.158079685227539	-0.109726759844349	-0.193621546981108	-0.202290798475382	-0.169181894963409	-0.222981811719015	-0.193189104869631	-0.203289594773164	-0.182702374588163	-0.155656888979534	-0.121250673601497	-0.121792581606321	-0.121087328998222	-0.11615621583645	-0.230321447912873	-0.145720973357151	-0.176211700569042	-0.123700886842592	-0.187823955859641	-0.154128383130278	-0.169106713917447	-0.0986828144824025	-0.165032816191973	-0.138242352603874	-0.130128348303968	-0.163049800599977	-0.163785233933553	-0.110512568946752	-0.158632198209013	-0.0774521597945916	-0.0961388983132868	-0.214568458704952	-0.210969508720831	-0.151935050917592	-0.245148958789777	-0.121145480667701	-0.145830865637037	-0.211804731927898	-0.0959823551674096	-0.182496666348251
700113058	-0.217323214158123	-0.128026808280979	-0.119837295695685	-0.245642976274239	-0.184870675024729	-0.108190175911563	-0.217504879137376	-0.0674080113621928	-0.193301526342472	-0.0808639243923433	-0.129783439624214	-0.132892456105371	0	-0.139555548493349	-0.0969421382006923	-0.177197689634504	-0.103008169212205	-0.145657775567159	-0.199521268754253	-0.186447558949814	-0.191139416986074	-0.145061006970787	-0.199690749117217	-0.214028069008794	-0.21977116408182	-0.208231221950752	-0.135312437642723	-0.145508297619912	-0.118250579381919	-0.0929896015700138	-0.111151788883752	-0.174206753296967	-0.116778908479344	-0.0943887489189126	-0.225293989045289	-0.146417067217402	-0.174907255329671	-0.130126236016336	-0.182767223498469	-0.117351652871816	-0.154064003025801	-0.055472526040045	-0.185727033927618	-0.170219718746527	-0.0970435276398865	-0.138563780965272	-0.161006150161703	-0.084214534182696	-0.134626478518921	-0.117665674682735	-0.154242408911139	-0.214944994315509	-0.224545265796549	-0.166884936005805	-0.258861328853525	-0.0666184668159375	-0.159202555183247	-0.225158142832156	-0.126086868667382	-0.191319504261914
700099448	-0.1665764019815	-0.10514365040752	-0.145965919581895	-0.221009708373764	-0.139657915298587	-0.0994442383217197	-0.184036708002262	-0.138451834681923	-0.142897475791162	-0.115934130401433	-0.108121910685413	-0.172881317827638	-0.139555548493349	0	-0.154755973060576	-0.133403589827765	-0.117837839135758	-0.109173791462998	-0.140697106640981	-0.150295678539993	-0.158568061432948	-0.130212656389377	-0.144354464749177	-0.145063804661846	-0.182454658774637	-0.137766162656968	-0.0983477900548225	-0.155306285971556	-0.135341582766047	-0.112607202272662	-0.0896048216654569	-0.16837487714767	-0.096728657767284	-0.0933367451774981	-0.145319188157936	-0.122712127216383	-0.109658904758167	-0.12902206749707	-0.139400002752411	-0.179828063255997	-0.138269077996426	-0.137168573531172	-0.100550757083559	-0.156201085242207	-0.124680152670459	-0.113000488343477	-0.100249664541582	-0.124595488345356	-0.0729431043343774	-0.134511877532423	-0.12887175117139	-0.152677792746925	-0.184255145693667	-0.114874622208292	-0.180247837322626	-0.128265259509466	-0.137678501818912	-0.167440755150347	-0.116765645732144	-0.1696951126482
700109870	-0.212608700048826	-0.15842553255278	-0.102731547252297	-0.234177068123009	-0.183528277193596	-0.100900923703831	-0.208852650121665	-0.0888996901280251	-0.194196267178603	-0.107955232561104	-0.138571515933512	-0.117155633970587	-0.0969421382006923	-0.154755973060576	0	-0.178674436124999	-0.104899101471823	-0.148569500332226	-0.199730752460653	-0.183254389898819	-0.177736943956632	-0.147757073509279	-0.178863408687308	-0.216122068745545	-0.213183519049087	-0.203646596672667	-0.156750156659979	-0.179947071314712	-0.129972523816898	-0.108030179359672	-0.129191108314038	-0.171975330142721	-0.138517994692679	-0.121978326460378	-0.221817504175323	-0.15023374889574	-0.186818527747723	-0.101178087139221	-0.187586812249999	-0.10653253484698	-0.175634461830855	-0.084623206614663	-0.192633630263351	-0.173044374150927	-0.124921689855441	-0.120655005474511	-0.158420564405662	-0.0906986565860785	-0.139384777309675	-0.107368503303666	-0.150154589280909	-0.215996625121735	-0.208607368030287	-0.163254051647152	-0.241448109494757	-0.0945438364354864	-0.139588436128202	-0.232211153837696	-0.1168930165373	-0.192427471088683
700033928	-0.122206200941522	-0.152821737715899	-0.129790020023681	-0.186497899020506	-0.153044517218278	-0.146993391563866	-0.132280289740904	-0.179753988563414	-0.102168007356326	-0.158417082788702	-0.0856991401529695	-0.133296183644552	-0.177197689634504	-0.133403589827765	-0.178674436124999	0	-0.168364862014865	-0.136877385761789	-0.0961477513424579	-0.133493933634962	-0.107802424712779	-0.0852619889626822	-0.125902919167843	-0.104072378184435	-0.12475720324071	-0.151298491720203	-0.157650862907493	-0.164156853147439	-0.180785663256761	-0.171693125135814	-0.12957121323718	-0.115788153374371	-0.0893856600355731	-0.127738640858424	-0.159492699688999	-0.121220054385304	-0.142782908674785	-0.167524284081918	-0.106403002103476	-0.215941978975549	-0.101257626963732	-0.152477998822657	-0.105910634184292	-0.107467377529665	-0.149133421094868	-0.136858548591081	-0.115856752549104	-0.151516056710672	-0.145647668725251	-0.113278045663833	-0.0961142121909953	-0.125336917514997	-0.141789761108158	-0.10843408179559	-0.154101542047568	-0.148595267308225	-0.141159704230334	-0.119757618851264	-0.123376211622924	-0.123084440313636
700023693	-0.212121405402098	-0.123443532340722	-0.12771955543755	-0.254758732404002	-0.165893931322125	-0.0941787915863413	-0.21788911544414	-0.0888958088745769	-0.185165789771884	-0.0561366264022316	-0.124198233840741	-0.143086856324265	-0.103008169212205	-0.117837839135758	-0.104899101471823	-0.168364862014865	0	-0.120755576746777	-0.191539077125636	-0.192568282387199	-0.180437498686086	-0.150173731452118	-0.180077378319729	-0.20316108835888	-0.225780564184589	-0.198832263558367	-0.133264578546294	-0.172528834137832	-0.129174729458104	-0.110591291835333	-0.0797969279647632	-0.178593357650329	-0.12609763858136	-0.094334672725282	-0.205423161487099	-0.139504514778762	-0.148154578471063	-0.113776402519488	-0.174530824920637	-0.097144498720348	-0.156327493615357	-0.101253172059741	-0.157585205664949	-0.177667348485279	-0.0999616242978278	-0.106364502789847	-0.128655346737411	-0.0798725844036565	-0.105080586596355	-0.123859779511953	-0.155458712619577	-0.212148565823888	-0.223492796408471	-0.13670635743861	-0.243828066085496	-0.0901461900500147	-0.152474766795952	-0.225581266678411	-0.135924604259879	-0.199102038037733
700109627	-0.189600983687603	-0.15651040316029	-0.101190970014659	-0.24448262325019	-0.167436703368243	-0.0721794599159294	-0.216405348468792	-0.143441993305347	-0.185676051054104	-0.10986450712651	-0.10267515772706	-0.12307977557283	-0.145657775567159	-0.109173791462998	-0.148569500332226	-0.136877385761789	-0.120755576746777	0	-0.17009581851335	-0.187566426910093	-0.18939931211291	-0.116777341418859	-0.182959418584991	-0.173656792418704	-0.193003731803515	-0.191138135808224	-0.139405987371886	-0.185533196012034	-0.187407839522799	-0.129850295944064	-0.0814202198453106	-0.157070465937147	-0.124498836306076	-0.0986483304476359	-0.188786571504732	-0.148059811693745	-0.108724753784128	-0.0971147768572983	-0.176698918873599	-0.181906140798701	-0.169733680893606	-0.133928620242413	-0.11829737280297	-0.15161484869777	-0.157671276437482	-0.15263875429409	-0.153775400121891	-0.138740332362539	-0.0841723092733282	-0.115502086907334	-0.114577485056465	-0.206696997243622	-0.217027759824579	-0.132640648049404	-0.215347862943158	-0.131980747431729	-0.169184478331709	-0.211340746357584	-0.122487319514368	-0.200949773599886
700095416	-0.0910599744564804	-0.165445964254785	-0.170640944534714	-0.187787325780852	-0.14647707175657	-0.17941301889543	-0.122469802968895	-0.204023415485765	-0.0998763658343508	-0.184479516206648	-0.126075598464781	-0.168415638927764	-0.199521268754253	-0.140697106640981	-0.199730752460653	-0.0961477513424579	-0.191539077125636	-0.17009581851335	0	-0.133058528893906	-0.111323812643117	-0.119114382822031	-0.124638295517961	-0.0860706978236022	-0.120343945576381	-0.130963570845586	-0.161301379910952	-0.192104843838752	-0.185648433709463	-0.199951877391447	-0.158443185663585	-0.132052902300831	-0.12089038444917	-0.166328341829551	-0.137911248184089	-0.122489636886204	-0.141865640360836	-0.186481890469066	-0.0945491932982063	-0.239274794931962	-0.114040147316194	-0.192216747357715	-0.10525351924071	-0.127483816915614	-0.171495720181782	-0.143175366246993	-0.116570516500822	-0.178825467848218	-0.155247040077136	-0.151226001128153	-0.122470128564518	-0.120555627259028	-0.139024331643452	-0.0977891499149758	-0.12291243653385	-0.176911511581801	-0.136811709592729	-0.113657425341592	-0.153104484388564	-0.123101472660528
700110425	-0.0943018154230205	-0.149096198965219	-0.186550142742362	-0.1278586059061	-0.154747052416269	-0.190107967281431	-0.0762771305499178	-0.190998698582061	-0.118897165593475	-0.195133654023574	-0.128143915325356	-0.18415516458528	-0.186447558949814	-0.150295678539993	-0.183254389898819	-0.133493933634962	-0.192568282387199	-0.187566426910093	-0.133058528893906	0	-0.101980325639551	-0.115598923763056	-0.11976816846819	-0.113434927444671	-0.0808212393592071	-0.15445475461478	-0.1721844697869	-0.162325927070646	-0.160093003178999	-0.179103429804151	-0.172260052941732	-0.149536063950938	-0.120560341657953	-0.163354438013792	-0.152508553779024	-0.0967473163377498	-0.178998735545813	-0.212054279979622	-0.105599456566511	-0.218587722925038	-0.119262969017143	-0.17686510098867	-0.131131533422007	-0.112057039236126	-0.155259440595671	-0.143365989534176	-0.141044662837003	-0.164036799371001	-0.16888057547213	-0.158672801590314	-0.133620688351311	-0.094047164293141	-0.0750653072052023	-0.112404314057236	-0.126109105150826	-0.168841365554855	-0.0892079639215883	-0.100655968384178	-0.152595339400274	-0.114516527383993
700111580	-0.109449247336532	-0.156797242606094	-0.168184074083812	-0.156921822152518	-0.161232683229065	-0.189199856202211	-0.0968058523689722	-0.199613493270585	-0.113560605406083	-0.18339994849314	-0.127720650031147	-0.158079685227539	-0.191139416986074	-0.158568061432948	-0.177736943956632	-0.107802424712779	-0.180437498686086	-0.18939931211291	-0.111323812643117	-0.101980325639551	0	-0.112631848007573	-0.102308919078389	-0.114784472320588	-0.0754375780456668	-0.170929895432708	-0.197720091327768	-0.203367773657644	-0.154978754360688	-0.205268936436032	-0.161531493432896	-0.122003985190828	-0.117660441884489	-0.168221526181125	-0.178302094760814	-0.108885982078618	-0.185529839165688	-0.190737822743706	-0.112103764996093	-0.217998421203474	-0.108463799812748	-0.171500235477066	-0.133005277991681	-0.11627248221074	-0.148451507078168	-0.127030839230047	-0.124261970734511	-0.152890570161873	-0.158355834834605	-0.134462493464636	-0.11319578054298	-0.108639915993729	-0.112410084453002	-0.091912995423505	-0.147109286143826	-0.165704611987441	-0.0874505731346878	-0.0951750272041187	-0.127232820750559	-0.0955826660357759
700111302	-0.134472527921859	-0.129853172806397	-0.0994232214825889	-0.201164234655275	-0.155492691052469	-0.128669360576815	-0.133393920225708	-0.152799358412342	-0.120434682496142	-0.144148624562794	-0.0537286680195793	-0.109726759844349	-0.145061006970787	-0.130212656389377	-0.147757073509279	-0.0852619889626822	-0.150173731452118	-0.116777341418859	-0.119114382822031	-0.115598923763056	-0.112631848007573	0	-0.149850404269365	-0.132958829476745	-0.111454532475629	-0.168705285563923	-0.148507717620465	-0.158991709305935	-0.159879690932183	-0.157530140232363	-0.11402395957388	-0.0819713930842859	-0.0659774993077463	-0.1011622479568	-0.170776267503504	-0.0834991553085938	-0.134769984456769	-0.151592579552242	-0.120530757902599	-0.186275994938502	-0.122163285283582	-0.121456429901953	-0.113025162822612	-0.0894073671919889	-0.123501302022998	-0.143213595565522	-0.12941554569346	-0.114067858195838	-0.127886776677555	-0.0775336381819123	-0.0816912364484518	-0.147761041776395	-0.147795309099842	-0.0982368527563674	-0.178045182937197	-0.116507031669906	-0.124698117461804	-0.144530733376552	-0.0943275614221611	-0.128511497387879
700098605	-0.104453241928358	-0.139763547796119	-0.190848330580722	-0.160384790140801	-0.147923646094912	-0.182225001970815	-0.120793858441338	-0.20431868846058	-0.118160493247003	-0.182976001265599	-0.147298851657908	-0.193621546981108	-0.199690749117217	-0.144354464749177	-0.178863408687308	-0.125902919167843	-0.180077378319729	-0.182959418584991	-0.124638295517961	-0.11976816846819	-0.102308919078389	-0.149850404269365	0	-0.119773329957716	-0.140089156773182	-0.134667551024742	-0.159267395911895	-0.180727860895025	-0.162535505191724	-0.192783369639955	-0.166100936775909	-0.167359249573419	-0.143776514763798	-0.172384883854295	-0.143814470460233	-0.127782829025618	-0.170500097646008	-0.183618370454517	-0.106824909036351	-0.212267005090462	-0.123802987680209	-0.191195093135604	-0.142282448908453	-0.142622782736712	-0.180253306544779	-0.12227682738185	-0.128657856574758	-0.173830959338484	-0.155667143821754	-0.16437438719518	-0.155050598343484	-0.108735395355986	-0.111523774752536	-0.108997337400744	-0.117480100105292	-0.178226610740406	-0.117380407622031	-0.128301595891906	-0.163851433949877	-0.118377112531762
700111991	-0.0608230370169562	-0.170457181043098	-0.190210858321588	-0.150569537031976	-0.147377186739406	-0.192175470223575	-0.099401067772408	-0.219021038482548	-0.102410493011554	-0.198100752354545	-0.134758339168364	-0.202290798475382	-0.214028069008794	-0.145063804661846	-0.216122068745545	-0.104072378184435	-0.20316108835888	-0.173656792418704	-0.0860706978236022	-0.113434927444671	-0.114784472320588	-0.132958829476745	-0.119773329957716	0	-0.115690949413555	-0.111599495455268	-0.161534224380685	-0.188853645597438	-0.189770419887325	-0.20785769907639	-0.176637497961111	-0.162620448046552	-0.1385833477699	-0.180453631921233	-0.129458825623287	-0.129512539336374	-0.153197029311726	-0.205920009657752	-0.0917839670092024	-0.249926888327594	-0.10777897643697	-0.210345367800875	-0.120182259200305	-0.140370671545246	-0.186852559954458	-0.149152361230101	-0.12932898660585	-0.194321609499761	-0.165312094003339	-0.174950175214372	-0.133453596242936	-0.0936800463022558	-0.112179991072188	-0.111583825433847	-0.0950448742422167	-0.195762680006942	-0.131481349930617	-0.097289221645031	-0.16687984081544	-0.121266433621162
700108960	-0.0995681948485096	-0.186927060484415	-0.173619576045615	-0.143598241930197	-0.188650879385238	-0.204914460697006	-0.0757027996808011	-0.227209346922516	-0.11565149604626	-0.216672745984981	-0.134675128916275	-0.169181894963409	-0.21977116408182	-0.182454658774637	-0.213183519049087	-0.12475720324071	-0.225780564184589	-0.193003731803515	-0.120343945576381	-0.0808212393592071	-0.0754375780456668	-0.111454532475629	-0.140089156773182	-0.115690949413555	0	-0.189487892956236	-0.21755616630761	-0.21387086367014	-0.198726826697653	-0.219226191667125	-0.190038966469848	-0.10942656725739	-0.139145624443828	-0.184886502810782	-0.18628672056972	-0.117277022403857	-0.193110439426876	-0.218098136652499	-0.120853811054735	-0.254182733081421	-0.140094097496207	-0.196280617350547	-0.14467697093379	-0.106771063763257	-0.182862050807208	-0.177829163629649	-0.17207023889486	-0.193375097121967	-0.188752044571021	-0.145082761030298	-0.114933451794353	-0.103077842262322	-0.0941870342431939	-0.112107658043283	-0.129708858237377	-0.193715756657348	-0.103408441623169	-0.0887741463097902	-0.139880589497422	-0.0968987843974863
700024452	-0.122200571644569	-0.153344346417649	-0.203856690649418	-0.14486377270068	-0.1193523129956	-0.191150333306797	-0.15549005812603	-0.207650908034954	-0.137525579151279	-0.197501630824429	-0.156429460779356	-0.222981811719015	-0.208231221950752	-0.137766162656968	-0.203646596672667	-0.151298491720203	-0.198832263558367	-0.191138135808224	-0.130963570845586	-0.15445475461478	-0.170929895432708	-0.168705285563923	-0.134667551024742	-0.111599495455268	-0.189487892956236	0	-0.146467426080848	-0.15264560450853	-0.14086329041946	-0.183952286678819	-0.186246344861288	-0.205834790892366	-0.15105462053793	-0.171977664303075	-0.057820464077016	-0.147970962639884	-0.169921589520565	-0.198373487206019	-0.113774501438946	-0.222683124337339	-0.130150063991819	-0.202083199700136	-0.151367022683109	-0.177167643104533	-0.18139605520521	-0.127040885428957	-0.13348175009904	-0.195034009909753	-0.163752841816849	-0.192085953308312	-0.171359075061785	-0.114534542077371	-0.134742677618755	-0.13577436759033	-0.122709671163629	-0.194424755892169	-0.157076531783847	-0.143403661952218	-0.181076653742374	-0.175262272816433
700032931	-0.170239807356073	-0.107530403783799	-0.161213347541205	-0.243065818575206	-0.148615941001969	-0.125268237991557	-0.20898363378025	-0.127795742699781	-0.16675347164082	-0.129746597895772	-0.127395253259384	-0.193189104869631	-0.135312437642723	-0.0983477900548225	-0.156750156659979	-0.157650862907493	-0.133264578546294	-0.139405987371886	-0.161301379910952	-0.1721844697869	-0.197720091327768	-0.148507717620465	-0.159267395911895	-0.161534224380685	-0.21755616630761	-0.146467426080848	0	-0.134328827789669	-0.147450099746684	-0.125570837548485	-0.121490170193081	-0.186432861684756	-0.12503173001348	-0.121244276130226	-0.159613479727841	-0.146378055030982	-0.125010294599987	-0.143006280779847	-0.148803993453243	-0.16996258371288	-0.158442391488816	-0.139451658449148	-0.143567767088879	-0.166253300311166	-0.149439346856722	-0.130996839147338	-0.138506645290477	-0.130212337175911	-0.116522197705109	-0.152240738170253	-0.17202438317146	-0.179966772762214	-0.194967975150649	-0.149758728665139	-0.181032152054217	-0.130664825304846	-0.183889282632795	-0.200083266769835	-0.155584689454762	-0.200754313611929
700095837	-0.190978217907374	-0.137492750373859	-0.187365790981088	-0.211825378616298	-0.170624547801343	-0.18357636636112	-0.202321006859877	-0.149287689832508	-0.176878930364574	-0.170155377235692	-0.139999364917684	-0.203289594773164	-0.145508297619912	-0.155306285971556	-0.179947071314712	-0.164156853147439	-0.172528834137832	-0.185533196012034	-0.192104843838752	-0.162325927070646	-0.203367773657644	-0.158991709305935	-0.180727860895025	-0.188853645597438	-0.21387086367014	-0.15264560450853	-0.134328827789669	0	-0.113009866731142	-0.131231331464916	-0.166769243364195	-0.199443953892551	-0.131950794348326	-0.142292509100393	-0.160877470724346	-0.153681402934833	-0.184561429921698	-0.206496962236388	-0.165623708282588	-0.18788337928106	-0.159233443306068	-0.148455668921008	-0.170171951031652	-0.164263047602656	-0.143677427916969	-0.15339114293639	-0.156898885142236	-0.149182690501641	-0.175381918783499	-0.173081561555344	-0.172796291427344	-0.182963880168367	-0.179632405773906	-0.175306764298617	-0.203121287791499	-0.149877724374163	-0.18489251999009	-0.204057965284143	-0.170630473439151	-0.199307681007772
700024548	-0.189194932422053	-0.127726599911494	-0.163953155619226	-0.189459902939014	-0.157258106112563	-0.153663577145451	-0.188593781800013	-0.12515910106418	-0.196436717859437	-0.143720525713712	-0.139610857206561	-0.182702374588163	-0.118250579381919	-0.135341582766047	-0.129972523816898	-0.180785663256761	-0.129174729458104	-0.187407839522799	-0.185648433709463	-0.160093003178999	-0.154978754360688	-0.159879690932183	-0.162535505191724	-0.189770419887325	-0.198726826697653	-0.14086329041946	-0.147450099746684	-0.113009866731142	0	-0.113879055195063	-0.147829458397071	-0.205036199376887	-0.123302638963239	-0.119286495457519	-0.163367447090328	-0.131284508396696	-0.195359090845334	-0.169886788053516	-0.159917215741009	-0.144351116749066	-0.14345587184715	-0.111902557421106	-0.174603184578905	-0.190870887511375	-0.0971085961623584	-0.0896587147826856	-0.146815971550499	-0.11025150535999	-0.146518376972878	-0.160097725048926	-0.157497452083559	-0.180549162860758	-0.171036932523842	-0.138377327026587	-0.202753561909502	-0.132768059299246	-0.125272579127463	-0.200855292958215	-0.148883362662233	-0.193458234018638
700110161	-0.216535854224494	-0.142122657793059	-0.120624917176861	-0.237960233844333	-0.171210255762752	-0.0934033130290055	-0.21982054965347	-0.0874068700835253	-0.186582431744854	-0.103524013525857	-0.131207523142911	-0.155656888979534	-0.0929896015700138	-0.112607202272662	-0.108030179359672	-0.171693125135814	-0.110591291835333	-0.129850295944064	-0.199951877391447	-0.179103429804151	-0.205268936436032	-0.157530140232363	-0.192783369639955	-0.20785769907639	-0.219226191667125	-0.183952286678819	-0.125570837548485	-0.131231331464916	-0.113879055195063	0	-0.114916585078681	-0.189744366881046	-0.131409545055777	-0.0890582032570309	-0.196074869056546	-0.153104427064161	-0.161822117585854	-0.115545381046291	-0.183140892294869	-0.150975238377415	-0.17224305565355	-0.094758669261578	-0.161779852471608	-0.176707267575627	-0.128116253818816	-0.141039840653682	-0.161887173888863	-0.116184357063979	-0.124276017262108	-0.132878596654823	-0.15994250674838	-0.201280049118433	-0.221455320717586	-0.15648984194974	-0.244083496570134	-0.11391325845256	-0.163550094146041	-0.215100428682166	-0.13472054589141	-0.204372744797327
700023496	-0.190396918286326	-0.112318448649847	-0.113515739870106	-0.242955530683194	-0.151656256780768	-0.0742903760473768	-0.19866334517245	-0.112710218131204	-0.161849395237886	-0.0826254850337964	-0.0875522974737688	-0.121250673601497	-0.111151788883752	-0.0896048216654569	-0.129191108314038	-0.12957121323718	-0.0797969279647632	-0.0814202198453106	-0.158443185663585	-0.172260052941732	-0.161531493432896	-0.11402395957388	-0.166100936775909	-0.176637497961111	-0.190038966469848	-0.186246344861288	-0.121490170193081	-0.166769243364195	-0.147829458397071	-0.114916585078681	0	-0.144671656001114	-0.0924493516222198	-0.0763588282824781	-0.191033603989731	-0.122989861189092	-0.116875226714544	-0.108721475237156	-0.162181420321038	-0.143312813423176	-0.133703992996821	-0.1015360908407	-0.110452192204367	-0.146266584987331	-0.105278448962978	-0.123581056312664	-0.119687536784497	-0.0931410333853276	-0.0807032475476629	-0.106696675046126	-0.124972677770974	-0.193894845506177	-0.210654113791823	-0.111277667250906	-0.22846466467512	-0.0890957064361422	-0.144410226165088	-0.198561955626627	-0.125134515213822	-0.178334491011007
700034628	-0.159457731308293	-0.167691136184012	-0.126926803474674	-0.222130220912593	-0.198199517261373	-0.163212545014437	-0.132368147596236	-0.179071939039961	-0.119086431203398	-0.172744057611019	-0.101225871130946	-0.121792581606321	-0.174206753296967	-0.16837487714767	-0.171975330142721	-0.115788153374371	-0.178593357650329	-0.157070465937147	-0.132052902300831	-0.149536063950938	-0.122003985190828	-0.0819713930842859	-0.167359249573419	-0.162620448046552	-0.10942656725739	-0.205834790892366	-0.186432861684756	-0.199443953892551	-0.205036199376887	-0.189744366881046	-0.144671656001114	0	-0.111040547209282	-0.141388328065067	-0.205398174405392	-0.104205966421341	-0.180146173052831	-0.174778865937142	-0.153547694768914	-0.207910978002318	-0.158244553006472	-0.1470391551657	-0.147999936345667	-0.0738731649133666	-0.159343296579446	-0.180026985711156	-0.159957636205842	-0.141786312179735	-0.167522333893766	-0.0947454848170674	-0.115848640935558	-0.170542221618007	-0.165481486572412	-0.136816515100297	-0.203956664364477	-0.136535338089452	-0.145676400142626	-0.142393428296184	-0.109384498854473	-0.10134091859895
700023645	-0.144907951132148	-0.103175321458574	-0.116928169074664	-0.193956527809618	-0.144027962000782	-0.113153306680772	-0.147133761365503	-0.123748177978315	-0.123859840806543	-0.112224671643321	-0.0571352358411948	-0.121087328998222	-0.116778908479344	-0.096728657767284	-0.138517994692679	-0.0893856600355731	-0.12609763858136	-0.124498836306076	-0.12089038444917	-0.120560341657953	-0.117660441884489	-0.0659774993077463	-0.143776514763798	-0.1385833477699	-0.139145624443828	-0.15105462053793	-0.12503173001348	-0.131950794348326	-0.123302638963239	-0.131409545055777	-0.0924493516222198	-0.111040547209282	0	-0.0743542268070765	-0.16105798515337	-0.0761919502480231	-0.135695060777544	-0.147165806739362	-0.122457517994955	-0.160063073001599	-0.102583427224665	-0.0966016479651448	-0.107535316472837	-0.10847106817254	-0.0882867736913842	-0.116339639040707	-0.104799765823565	-0.0903345940163221	-0.110904414936124	-0.0933951851457961	-0.0857994354855049	-0.144788819376953	-0.153646745356489	-0.0994738706191222	-0.185930705911124	-0.0871800175937259	-0.118804057010002	-0.144563351661801	-0.0954076307567331	-0.140903265944873
700038744	-0.18753993713549	-0.123190402025057	-0.0921390579652997	-0.227011738827717	-0.156882134868765	-0.0738985516006653	-0.192526709772731	-0.101034991590536	-0.156374576849601	-0.0834592476318188	-0.0771106032739309	-0.11615621583645	-0.0943887489189126	-0.0933367451774981	-0.121978326460378	-0.127738640858424	-0.094334672725282	-0.0986483304476359	-0.166328341829551	-0.163354438013792	-0.168221526181125	-0.1011622479568	-0.172384883854295	-0.180453631921233	-0.184886502810782	-0.171977664303075	-0.121244276130226	-0.142292509100393	-0.119286495457519	-0.0890582032570309	-0.0763588282824781	-0.141388328065067	-0.0743542268070765	0	-0.184403945464228	-0.114740024575837	-0.133599316828995	-0.106775419665753	-0.157787006017275	-0.143491404866413	-0.13891926047663	-0.0774967836374121	-0.127811218092462	-0.149208508409135	-0.0963383717685712	-0.117793725818974	-0.134292475919298	-0.0752465737712696	-0.0902862770715673	-0.0931434040422111	-0.111571671811049	-0.187747222898005	-0.200379865425483	-0.118139510741077	-0.221234384795371	-0.0860444696887714	-0.147333257779865	-0.191225729607375	-0.0965281212686574	-0.182835748188765
