700108602	700014971	700033565	700109389	700023058	700023927	700106341	700114221	700023543	700023439	700016978	700024192	700113058	700099448	700109870	700033928	700023693	700109627	700095416	700110425	700111580	700111302	700098605	700111991	700108960	700024452	700032931	700095837	700024548	700110161	700023496	700034628	700023645	700038744	700038485	700024743	700099596	700110760	700101587	700106399	700032322	700095653	700021312	700101230	700023590	700038905	700033136	700023382	700096424	700105469	700016908	700096053	700108479	700109569	700033814	700016125	700109756	700102665	700101777	700109455
700108602	0	0.228081568394617	0.331404423427771	0.238745662938412	0.184802412974902	0.309217749726437	0.129831341781813	0.316495637608171	0.157005345939131	0.294850685236433	0.224801096162177	0.359646838425307	0.310710919071886	0.206669612286292	0.33673303607031	0.199180191669102	0.295013667736219	0.282126912869677	0.15265973508388	0.134520201108526	0.175645068813852	0.255617839307335	0.144440329767411	0.0639495105108882	0.198949188400101	0.174383126765884	0.226297435718538	0.327190138333386	0.290372227425786	0.310792495748223	0.276605677541968	0.263092656203101	0.232227808364114	0.292546996982993	0.136861568514376	0.171067948327568	0.22164726564276	0.305830207361891	0.105470643686382	0.359097369973042	0.167603056592243	0.34059007890713	0.214381353332087	0.201321517381576	0.285773927829905	0.200251819829258	0.220085775266892	0.307440088042405	0.24379703359343	0.332443641926795	0.287920381149508	0.109426291434913	0.125768342321336	0.167503568868276	0.134934861989121	0.292128514688877	0.186053964725472	0.13169102947871	0.301932422123591	0.164272965348195
700014971	0.228081568394617	0	0.260709325449975	0.347407155041699	0.145741924887016	0.243141912203532	0.248705354231756	0.177268778671852	0.211517768466609	0.193158530891099	0.194661227831872	0.321654718260807	0.205123589854038	0.139282853679312	0.261679477523922	0.221364200740171	0.169470584846773	0.252941796184026	0.223643270466461	0.225063383737595	0.252519351320236	0.229777379132076	0.217088423537318	0.219409667546984	0.312744532098314	0.18017050684955	0.105164611670269	0.23955178701063	0.157632153010732	0.165549610666827	0.179108775728326	0.249626083288566	0.162915987063519	0.17099839776748	0.193496223803191	0.158973966993732	0.216730713192125	0.258472063996347	0.176113478774293	0.249639113622909	0.166719076688933	0.215555347150682	0.17764117232987	0.22350580622848	0.167298444206357	0.148623972515554	0.131690662795736	0.204347391419062	0.187726704191602	0.289155072544005	0.269650545575463	0.229809832563248	0.243924453891868	0.191160844889965	0.293911881684316	0.182334281193194	0.252209926196481	0.254204712644731	0.254059520157472	0.244936037210887
700033565	0.331404423427771	0.260709325449975	0	0.448730107478006	0.280068969541103	0.0743728219568313	0.312739155331416	0.175520948439156	0.251790639340842	0.11518355294744	0.14909623009639	0.105306300052378	0.144564880686272	0.201662079660832	0.152516720740152	0.161728037085151	0.16843912167404	0.103789844928588	0.235678399746353	0.313528448691438	0.245860933729473	0.117444981201094	0.317681915846167	0.310391891549283	0.279463313269369	0.341497040027038	0.226916169129355	0.391078030576994	0.287078419829528	0.199018067272795	0.126431381802871	0.16143983714165	0.164152791907933	0.12849727447432	0.353768838877871	0.238289867638816	0.246914369911595	0.128344304441731	0.296982844593366	0.214346645602385	0.222201639335372	0.132921857135871	0.193081509627292	0.237177188883983	0.194477322052542	0.231145050918321	0.235122580103452	0.13609267963668	0.149891439406028	0.0741956617834511	0.119830988853396	0.341216043793759	0.35926244294291	0.20598686953414	0.385626426353066	0.145284826830008	0.215903023212847	0.262827921915368	0.088625205992508	0.272803816685845
700109389	0.238745662938412	0.347407155041699	0.448730107478006	0	0.327088373761793	0.445223257765227	0.205048663921614	0.423818889199836	0.321244851109682	0.421641567503913	0.364956522323964	0.470065862186274	0.427850802897911	0.367389861749653	0.446224525704357	0.342985754232252	0.413823780471433	0.438661623284048	0.337007232863518	0.205097986969374	0.308291815904018	0.393437044851063	0.229995998854944	0.246225635464429	0.289115217977626	0.269308453108958	0.375370408619072	0.420067456436848	0.36908877408715	0.412533563256326	0.411608011306607	0.393718300547105	0.364364998139681	0.411677137386253	0.236878410387626	0.293819621198565	0.389847233061892	0.45117916234978	0.260137413353088	0.437980284763794	0.307462344524827	0.438074019497229	0.358059830828618	0.336892637835138	0.386268402864306	0.33335718082641	0.359361828296612	0.417218174925063	0.392467073841125	0.44791111807636	0.415129110402186	0.195685933104756	0.153582810699743	0.326539543475774	0.21453135944972	0.407549917258473	0.297837647111656	0.2840655801045	0.416286975011152	0.284053022003066
700023058	0.184802412974902	0.145741924887016	0.280068969541103	0.327088373761793	0	0.237134185049798	0.216186029835342	0.208767244083475	0.187851974152313	0.218161563846878	0.189450882121468	0.325475904805713	0.231252699748428	0.147722638599356	0.269800048132934	0.193254397577872	0.196345350119901	0.241558044636291	0.185773806358549	0.207807262608159	0.226411414562093	0.233787652513328	0.203357425276895	0.176998044181667	0.299200738569233	0.168012753121368	0.133118565584411	0.275667215934739	0.202825891222265	0.203970368256888	0.198438913752923	0.260137022842307	0.177120686939518	0.201909813356415	0.166541657142055	0.186253883582202	0.166432405014036	0.217565062960957	0.150962382242756	0.290940282840002	0.15003964493389	0.235255365611847	0.166618416355743	0.227328425367261	0.189426644706806	0.16527507767184	0.121846405502139	0.220327208661297	0.179986755879957	0.303993061666165	0.279287766809924	0.195318342420645	0.22683856834564	0.176969755156199	0.275216183123078	0.206564932842686	0.238161114574249	0.220817247272265	0.263568079267542	0.207401832112809
700023927	0.309217749726437	0.243141912203532	0.0743728219568313	0.445223257765227	0.237134185049798	0	0.308281813051096	0.166577760095262	0.241911224883753	0.0990058472389957	0.146500138538689	0.148021246145956	0.126103583972988	0.154206058260982	0.156260075789392	0.157636704451161	0.149655470115929	0.0979973914147896	0.213617889310498	0.308846916636333	0.222125745588418	0.145102229608023	0.278777867661341	0.289083599763358	0.272328073628358	0.314316317923195	0.194842505376021	0.390311309530677	0.266307583830242	0.189156471586431	0.0935515624840147	0.166229733117039	0.16473861655379	0.105645325865867	0.329082247917364	0.237003658334857	0.215515386282963	0.092011360013012	0.283213449605434	0.20569456615843	0.209519133661522	0.120686037622776	0.170949918154973	0.233292311151259	0.173787616117914	0.194310760570016	0.20126668809795	0.132560810807293	0.0861935348784517	0.116299710228627	0.152374811080911	0.333192713521778	0.35393693473629	0.186436822777931	0.366087897111085	0.129137548604726	0.190868056026226	0.245189811102061	0.102720829925754	0.259306907033446
700106341	0.129831341781813	0.248705354231756	0.312739155331416	0.205048663921614	0.216186029835342	0.308281813051096	0	0.312714618664781	0.139751397277411	0.287019912277562	0.219913639420673	0.333701067996578	0.292819956691553	0.232723143779107	0.320422697110544	0.188530362056544	0.296423908431545	0.30968550861397	0.16214277782994	0.0791557588805923	0.148125238352172	0.23525566206274	0.143668457451412	0.111034846384497	0.137453829079952	0.232938134904789	0.270587309437252	0.361123015970111	0.30676689785611	0.319322611902661	0.27616180679699	0.220273181443885	0.226533985403175	0.284451402458753	0.190207629790755	0.14724227569227	0.265507513724809	0.318118570161087	0.133054082947196	0.360668913549439	0.165041516544237	0.317716073123273	0.20748346248609	0.171563220800757	0.265420760601957	0.239584167046573	0.225147876437853	0.285764652203305	0.250346437285108	0.308355441766662	0.283050132485725	0.0838962409822157	0.101064043120157	0.160659289821311	0.17711443882993	0.273223790813767	0.14872854918638	0.115923984971723	0.279896630908464	0.108352380614365
700114221	0.316495637608171	0.177268778671852	0.175520948439156	0.423818889199836	0.208767244083475	0.166577760095262	0.312714618664781	0	0.283157244663621	0.0954927217642505	0.222080362037984	0.246026981114334	0.101284049356555	0.170320553988499	0.129146949791666	0.243317719518635	0.0690285633224192	0.224142782707551	0.276720021668993	0.292030632152922	0.282791132114982	0.239871720063497	0.300265927916351	0.299669433841424	0.366913612544803	0.286879997114779	0.141610698522488	0.310484108996679	0.183732731635127	0.101133030201988	0.15704941307746	0.24785107054071	0.18785887124254	0.136212473739655	0.307453815018823	0.214793509195487	0.248723197831268	0.136798110723461	0.265909014263504	0.151842333353233	0.212958119250114	0.112476902046404	0.22734274648918	0.266104859319063	0.128398239626841	0.175876244192081	0.167186169105953	0.089407538153096	0.186713091008045	0.215303476870662	0.260160909874665	0.311560660568303	0.328021254126466	0.259350939132258	0.401087890088725	0.0979693646939527	0.255533568566382	0.32822084305103	0.19513053604949	0.28954849475449
700023543	0.157005345939131	0.211517768466609	0.251790639340842	0.321244851109682	0.187851974152313	0.241911224883753	0.139751397277411	0.283157244663621	0	0.228585813541711	0.146808962072585	0.287231588999827	0.250188196354948	0.200206673140305	0.285810748529641	0.13349490462603	0.257587995646277	0.234193550494507	0.104475606282533	0.168854425249729	0.146734971246326	0.176173516888855	0.1930228187368	0.126190995559282	0.158596117901249	0.238717346345645	0.221981520343257	0.336539690768822	0.303746421682391	0.274460233803603	0.208956584876057	0.145361378554452	0.177304495188243	0.227450395252998	0.198944383057843	0.145602504280994	0.204299417362662	0.25618339950706	0.111232280409787	0.331866774863402	0.128434752754885	0.274445656239393	0.148676610391321	0.0935281704423382	0.236060917263447	0.22649521070954	0.179093190838175	0.242661197260881	0.200144469497279	0.257173521359137	0.230022119604081	0.155860925911675	0.191076971820144	0.107591627039042	0.204633018467686	0.228028663874605	0.171718358804411	0.100468772752332	0.239596095146239	0.0927418193124145
700023439	0.294850685236433	0.193158530891099	0.11518355294744	0.421641567503913	0.218161563846878	0.0990058472389957	0.287019912277562	0.0954927217642505	0.228585813541711	0	0.180651721083668	0.200573137978279	0.0619491935429816	0.134351135716277	0.115983900844973	0.186710277051856	0.0853444176318004	0.156574238607188	0.224352246941936	0.276175679877407	0.22991955251351	0.1919285166273	0.273842464214493	0.270319758443881	0.316533354880993	0.296136894129963	0.163492948795111	0.340566961885161	0.209678473740231	0.140638116808594	0.0982671783929714	0.20287675819521	0.158304247442751	0.114988309567054	0.31481909534027	0.192703132194773	0.20159354657945	0.0957669151527065	0.255862252031178	0.1445511658252	0.175009489301623	0.112603373146255	0.177711392523992	0.22051009296283	0.12659179626295	0.154908670131423	0.163612158365993	0.0733023645867318	0.119628577891109	0.164694068725189	0.19813193745182	0.304361079848285	0.325041457655334	0.198690477932351	0.373006110475581	0.084239103374597	0.205569701932779	0.269022349521437	0.140551505726642	0.243573122527537
700016978	0.224801096162177	0.194661227831872	0.14909623009639	0.364956522323964	0.189450882121468	0.146500138538689	0.219913639420673	0.222080362037984	0.146808962072585	0.180651721083668	0	0.189619427695327	0.188969100131661	0.165849134312904	0.243703627243943	0.0824164468035336	0.197410864042012	0.125641778435958	0.146579814479476	0.194817121317926	0.160583898874433	0.0838964296709799	0.250761052006989	0.192625524576543	0.181679848281326	0.271995840477886	0.190960441119388	0.313422103852811	0.26557454000928	0.222375333980971	0.115020116472672	0.119954847453715	0.0788905905820934	0.125023590356846	0.252480606893316	0.144631066026592	0.189650582654184	0.209837091366141	0.185721020542486	0.286025317807856	0.125392516059532	0.1664280192601	0.101207468978075	0.149640174725311	0.164479085770591	0.1983411376309	0.163130872604621	0.182777204756404	0.14275793713268	0.165729481575156	0.137662303756851	0.226416775724276	0.244365850267452	0.115137555477592	0.300099748756878	0.160277713145934	0.155065059206922	0.165617635415001	0.141654550653817	0.188488719305949
700024192	0.359646838425307	0.321654718260807	0.105306300052378	0.470065862186274	0.325475904805713	0.148021246145956	0.333701067996578	0.246026981114334	0.287231588999827	0.200573137978279	0.189619427695327	0	0.200483311285138	0.262539318419735	0.205323029232178	0.192888883393961	0.233928489322992	0.156765589001312	0.251688330462647	0.343819283291316	0.243001481188304	0.1301454624117	0.349513340954676	0.342521605384029	0.281897536188098	0.379929879897369	0.294572454335914	0.432060791469177	0.337746598403585	0.290480091771202	0.182803541652002	0.174915039952054	0.209454075914578	0.185595307269088	0.391235227279409	0.280197738574216	0.30259661046948	0.194967851319234	0.33393668318853	0.276370396020147	0.26320009088133	0.176636121033033	0.240296145228658	0.262195115367145	0.217214001448299	0.279652905804961	0.270554652501397	0.195546209803836	0.205167051434101	0.0827109802774871	0.100742999686854	0.370610916147632	0.384537088560849	0.240289784344279	0.411633752249471	0.197493289185254	0.225556380973282	0.29001313592958	0.129751524348284	0.297987366679875
700113058	0.310710919071886	0.205123589854038	0.144564880686272	0.427850802897911	0.231252699748428	0.126103583972988	0.292819956691553	0.101284049356555	0.250188196354948	0.0619491935429816	0.188969100131661	0.200483311285138	0	0.150755462110654	0.129287564213299	0.209595749087075	0.0947299016770373	0.181768785578361	0.245790062323942	0.275796954857052	0.245723119489045	0.204410916467353	0.298988408965343	0.286863902588627	0.328831853095768	0.314826776071957	0.170822315658085	0.337047493759573	0.216706363478499	0.159049981839131	0.113662550701264	0.212198363045382	0.166966088516242	0.123773286177316	0.334093210054411	0.193691793113885	0.221443534766522	0.133470457884637	0.270360910438032	0.159167599442473	0.186956006623532	0.100766486867127	0.197784749369317	0.230153088247688	0.124339112713154	0.173644427227292	0.184965507463462	0.0762034056561611	0.146481073072383	0.171108547789503	0.221367107835049	0.314967535274207	0.331458673977906	0.230526511834419	0.400717847425775	0.0659138305507381	0.219248002136189	0.292440844362701	0.162398761261736	0.25476958516201
700099448	0.206669612286292	0.139282853679312	0.201662079660832	0.367389861749653	0.147722638599356	0.154206058260982	0.232723143779107	0.170320553988499	0.200206673140305	0.134351135716277	0.165849134312904	0.262539318419735	0.150755462110654	0	0.201935822427019	0.168541029522568	0.142638914483978	0.174528338037433	0.161803538346622	0.214808296877633	0.203393130188299	0.196031460291648	0.21224881065235	0.188815888083939	0.278067588425928	0.204904313947299	0.105109319089361	0.310337293832129	0.188289422755593	0.164162576439635	0.123672339021529	0.215736051585852	0.134343443405144	0.132794960679456	0.221557278957586	0.155909515438589	0.159850382221211	0.161267309162448	0.190697755743967	0.232729904490745	0.142196428349159	0.183135657802717	0.135625643684626	0.207899523927687	0.13609416709058	0.117441655017436	0.114951241428009	0.156784247973587	0.0926951041777443	0.232549707389311	0.213924443342867	0.237475601473	0.267007946512567	0.152823083539349	0.288377126883168	0.147573988832511	0.184691299839963	0.214163898272252	0.190292387040268	0.210922965374118
700109870	0.33673303607031	0.261679477523922	0.152516720740152	0.446224525704357	0.269800048132934	0.156260075789392	0.320422697110544	0.129146949791666	0.285810748529641	0.115983900844973	0.243703627243943	0.205323029232178	0.129287564213299	0.201935822427019	0	0.246496571610548	0.131903555780681	0.235729551930042	0.276941134094899	0.313230769591931	0.265978209563706	0.239174842937544	0.308506481411123	0.322227647484454	0.357413046576228	0.343361408314114	0.224964282130756	0.38647107497139	0.248409740175445	0.179545332701994	0.18732619923445	0.248025000349296	0.235417982756864	0.19403240527634	0.363178013603775	0.255668222530141	0.27626487995635	0.126599999757228	0.302197844022504	0.154165852062208	0.246095321450593	0.15488913545477	0.254742380764968	0.265472072195416	0.177482649216433	0.201170916074441	0.21232017865754	0.109102944443979	0.189030129814085	0.183593415815646	0.250931142815419	0.345928026123321	0.36175311531592	0.264276757935338	0.403236188722076	0.134398499631127	0.250144801111911	0.321654155901312	0.172498084155477	0.288146543858446
700033928	0.199180191669102	0.221364200740171	0.161728037085151	0.342985754232252	0.193254397577872	0.157636704451161	0.188530362056544	0.243317719518635	0.13349490462603	0.186710277051856	0.0824164468035336	0.192888883393961	0.209595749087075	0.168541029522568	0.246496571610548	0	0.219242524207242	0.14737673391882	0.128597094762297	0.206363494341468	0.140388876233509	0.0938575516554572	0.226390203507279	0.171547679758616	0.180036322769335	0.241000993908084	0.210300973953537	0.331391613906237	0.273333639583288	0.242218363693048	0.138409551926498	0.125435990889877	0.0911499397623718	0.144800993464238	0.241835589658505	0.174887348608032	0.202266649662773	0.216436601435208	0.170445905145674	0.293709523458277	0.118470458515697	0.189519220576288	0.119697462415144	0.166551835873311	0.178384491535728	0.196873890861252	0.167313702784484	0.203506488482333	0.149872225639751	0.160556024452622	0.133860681146855	0.207884307883905	0.23507906793912	0.117362535069166	0.288089860956235	0.181945989294693	0.138745882514144	0.135628484276851	0.140363130818081	0.153983256535161
700023693	0.295013667736219	0.169470584846773	0.16843912167404	0.413823780471433	0.196345350119901	0.149655470115929	0.296423908431545	0.0690285633224192	0.257587995646277	0.0853444176318004	0.197410864042012	0.233928489322992	0.0947299016770373	0.142638914483978	0.131903555780681	0.219242524207242	0	0.201563624265774	0.251174733899196	0.275086766213232	0.242262748307198	0.22391848661519	0.275353315030944	0.274920341242955	0.346513954142025	0.278563329857648	0.139002344292182	0.317554897577159	0.170519830689031	0.122304754324146	0.129088794834688	0.233762701994281	0.165427828015549	0.132656155477746	0.296465509668625	0.19950802014885	0.221598851197473	0.141839792504104	0.24399435152654	0.142611327745736	0.189971906404802	0.122560950076029	0.197951481901836	0.245894864005395	0.113274736216579	0.132766067230914	0.136136692156882	0.0828429745889314	0.155966967922602	0.207376881972496	0.245129076254352	0.295714528831069	0.314746607330938	0.230001338987296	0.378547589214717	0.0910298490236562	0.23280877775703	0.304010581994536	0.189830966498796	0.268410137000875
700109627	0.282126912869677	0.252941796184026	0.103789844928588	0.438661623284048	0.241558044636291	0.0979973914147896	0.30968550861397	0.224142782707551	0.234193550494507	0.156574238607188	0.125641778435958	0.156765589001312	0.181768785578361	0.174528338037433	0.235729551930042	0.14737673391882	0.201563624265774	0	0.220174556781309	0.294135642989786	0.250206643727308	0.12822238218154	0.306170235904223	0.264259939761009	0.270908645781111	0.321676445454813	0.208107604598349	0.370297392567146	0.316947094336275	0.227434449901089	0.101118496183937	0.189647646871854	0.153613404642968	0.123609616702143	0.312155033273922	0.234805932278521	0.181371292508972	0.157124345286166	0.27945831133943	0.273408520720524	0.210186711365172	0.175004152527497	0.162800825310419	0.236157900893913	0.206559817484587	0.233718905831299	0.214530780530797	0.195134307137168	0.125315524775362	0.146476924680723	0.126230782097341	0.318175536830414	0.339999138554016	0.193190553836617	0.359800069102898	0.186734406623449	0.224514108692579	0.244398232411054	0.154135414364258	0.278303605058479
700095416	0.15265973508388	0.223643270466461	0.235678399746353	0.337007232863518	0.185773806358549	0.213617889310498	0.16214277782994	0.276720021668993	0.104475606282533	0.224352246941936	0.146579814479476	0.251688330462647	0.245790062323942	0.161803538346622	0.276941134094899	0.128597094762297	0.251174733899196	0.220174556781309	0	0.184230431405494	0.114427073847598	0.150257536418311	0.181948988354101	0.122406408019315	0.169504184037921	0.215889735765717	0.204161840460031	0.348944953811944	0.277979692580919	0.273472304447045	0.197795071228832	0.149566909400702	0.161687331067581	0.219143321733822	0.196840665035615	0.157267149934195	0.20003823924578	0.22906315793082	0.142128813021556	0.326176351319713	0.115869458875201	0.266651044375189	0.134790954187939	0.1498891937436	0.216021445469976	0.189687869406582	0.164512337540003	0.239691381274435	0.161438983667942	0.230183889597518	0.203575331194937	0.182406505594508	0.217026909346823	0.072300569794546	0.202004110400604	0.222963315580848	0.13565134595651	0.115030265991879	0.206500141571566	0.131305360405677
700110425	0.134520201108526	0.225063383737595	0.313528448691438	0.205097986969374	0.207807262608159	0.308846916636333	0.0791557588805923	0.292030632152922	0.168854425249729	0.276175679877407	0.194817121317926	0.343819283291316	0.275796954857052	0.214808296877633	0.313230769591931	0.206363494341468	0.275086766213232	0.294135642989786	0.184230431405494	0	0.170192466709189	0.24160313994134	0.141292430317169	0.113882970590123	0.143592587470333	0.244130267014924	0.242686224899708	0.3211660643185	0.283180476930887	0.288595372798346	0.258284289936041	0.240442167662585	0.205119833743094	0.264653534722525	0.191950409984708	0.123648897043376	0.239714890367666	0.314361006572468	0.135254508001801	0.353354372654608	0.151851873903125	0.294536915263518	0.19553087655672	0.165784206767309	0.244208506061141	0.218018111866528	0.198529200671665	0.269950243457812	0.248273639609886	0.320192344474859	0.282400905007125	0.0894712671329716	0.0804334642754048	0.172949154724217	0.173507811447719	0.256199960114861	0.158463181415896	0.144698731885598	0.284726412694193	0.136222577105114
700111580	0.175645068813852	0.252519351320236	0.245860933729473	0.308291815904018	0.226411414562093	0.222125745588418	0.148125238352172	0.282791132114982	0.146734971246326	0.22991955251351	0.160583898874433	0.243001481188304	0.245723119489045	0.203393130188299	0.265978209563706	0.140388876233509	0.242262748307198	0.250206643727308	0.114427073847598	0.170192466709189	0	0.149714277063434	0.179000503907094	0.157393862684109	0.128508842232117	0.267879206081722	0.260025862207031	0.383611232774596	0.256428517015255	0.303595463943166	0.210335611638317	0.15644919953418	0.176467786883733	0.232399935808338	0.239771839920684	0.151772299237268	0.263281511218795	0.240192679963461	0.168078058347719	0.308644824646168	0.137082424564492	0.240343901956977	0.156310942533837	0.154483186681165	0.189143012029133	0.186587591399313	0.181295175017101	0.224292814417648	0.172338462083279	0.227359006733234	0.212497844805297	0.181028326450818	0.207634450012332	0.103602694563506	0.228294470703121	0.215963480005595	0.0749548935963264	0.107252737300951	0.189978022084902	0.124991189465407
700111302	0.255617839307335	0.229777379132076	0.117444981201094	0.393437044851063	0.233787652513328	0.145102229608023	0.23525566206274	0.239871720063497	0.176173516888855	0.1919285166273	0.0838964296709799	0.1301454624117	0.204410916467353	0.196031460291648	0.239174842937544	0.0938575516554572	0.22391848661519	0.12822238218154	0.150257536418311	0.24160313994134	0.149714277063434	0	0.266358064925974	0.232900312398649	0.183367996193418	0.301785937665509	0.231914771719606	0.362965973752908	0.29847927354409	0.260332311474263	0.14510261261621	0.0927951792364491	0.119399590705885	0.150632828425903	0.296634485105855	0.191661977525368	0.235800645867637	0.206745544239838	0.227905279309868	0.285320556820332	0.172386921454998	0.180763708102915	0.143020525101624	0.169200178204956	0.187353280599169	0.237701218042937	0.196579784324394	0.192956743443657	0.156660482721436	0.103777199671112	0.097458896363989	0.264166081942803	0.285733610976841	0.131307268681521	0.313175025949088	0.174642300338157	0.146183568736695	0.180882703316428	0.104643709910618	0.198013626265421
700098605	0.144440329767411	0.217088423537318	0.317681915846167	0.229995998854944	0.203357425276895	0.278777867661341	0.143668457451412	0.300265927916351	0.1930228187368	0.273842464214493	0.250761052006989	0.349513340954676	0.298988408965343	0.21224881065235	0.308506481411123	0.226390203507279	0.275353315030944	0.306170235904223	0.181948988354101	0.141292430317169	0.179000503907094	0.266358064925974	0	0.153027160686151	0.208517228725397	0.218628122781528	0.231641615811954	0.349809759272745	0.272667025360208	0.307039715062202	0.270978598929293	0.267981434031352	0.247906980394967	0.290356457080459	0.194052961542637	0.188512308940312	0.261554007631208	0.285938239971063	0.151863490393822	0.321809166198186	0.183854070426579	0.328510888453003	0.226787836670401	0.209160176461104	0.27776176954423	0.184296972056932	0.21045555428517	0.293337462822804	0.226896500131952	0.326933946567798	0.303073221312162	0.167645881429172	0.146987218569594	0.179475975525399	0.148429869266814	0.280221000149783	0.190353685632255	0.178861727798743	0.287573126269095	0.153765002629598
700111991	0.0639495105108882	0.219409667546984	0.310391891549283	0.246225635464429	0.176998044181667	0.289083599763358	0.111034846384497	0.299669433841424	0.126190995559282	0.270319758443881	0.192625524576543	0.342521605384029	0.286863902588627	0.188815888083939	0.322227647484454	0.171547679758616	0.274920341242955	0.264259939761009	0.122406408019315	0.113882970590123	0.157393862684109	0.232900312398649	0.153027160686151	0	0.179309297089344	0.175201390330842	0.219524158141473	0.323262703497497	0.284817251232373	0.290243223342847	0.251055025204329	0.234683128696363	0.206387203755524	0.26388348563152	0.129770973088784	0.137782474172202	0.208258097358642	0.296492693423488	0.0924223528308832	0.360185545029964	0.141435951229987	0.31194512718899	0.184448207559845	0.173406467914365	0.257594045527346	0.198620920055265	0.18421715754726	0.282161281727996	0.229403949135155	0.3150559281259	0.268939616455301	0.0898055220194345	0.125238668690375	0.137350312900511	0.161081772775354	0.271424583633091	0.177913306348034	0.106922074621188	0.283601631420022	0.134042241795374
700108960	0.198949188400101	0.312744532098314	0.279463313269369	0.289115217977626	0.299200738569233	0.272328073628358	0.137453829079952	0.366913612544803	0.158596117901249	0.316533354880993	0.181679848281326	0.281897536188098	0.328831853095768	0.278067588425928	0.357413046576228	0.180036322769335	0.346513954142025	0.270908645781111	0.169504184037921	0.143592587470333	0.128508842232117	0.183367996193418	0.208517228725397	0.179309297089344	0	0.327626075327514	0.323614454424903	0.41863806794312	0.357471151710127	0.364024554607236	0.268965226942909	0.153251550470654	0.219341324468645	0.278394910039783	0.276526599564723	0.185059457558037	0.304541920611982	0.326328567819273	0.206527675287411	0.403586329863717	0.207247351963605	0.30352301871886	0.209294566737243	0.158421805199713	0.291627089470637	0.29172241753196	0.283868831728611	0.323762376086643	0.252031902654723	0.24884956919926	0.23392885852885	0.176430784818137	0.174785161433999	0.157843552902339	0.183471923390062	0.303809207135294	0.135806465066781	0.106501749760756	0.226077047781463	0.132760320861372
700024452	0.174383126765884	0.18017050684955	0.341497040027038	0.269308453108958	0.168012753121368	0.314316317923195	0.232938134904789	0.286879997114779	0.238717346345645	0.296136894129963	0.271995840477886	0.379929879897369	0.314826776071957	0.204904313947299	0.343361408314114	0.241000993908084	0.278563329857648	0.321676445454813	0.215889735765717	0.244130267014924	0.267879206081722	0.301785937665509	0.218628122781528	0.175201390330842	0.327626075327514	0	0.196482457447137	0.294114108671868	0.201909451628052	0.257012445641201	0.283886443485258	0.301465837447648	0.250894800626367	0.277964037450725	0.0842858026779335	0.223014318465513	0.267493091641168	0.313153586884797	0.16096946234542	0.332363463251108	0.195557783683809	0.31636471990231	0.257563974270573	0.272903929518277	0.262844935563895	0.183489896731621	0.200631718757857	0.30494329317415	0.250302850383404	0.34953790982113	0.324414572213237	0.194977703229153	0.218292347970115	0.222847966554308	0.230013471372316	0.286866066031473	0.258970627760463	0.242504746597691	0.314410049684932	0.250193448090411
700032931	0.226297435718538	0.105164611670269	0.226916169129355	0.375370408619072	0.133118565584411	0.194842505376021	0.270587309437252	0.141610698522488	0.221981520343257	0.163492948795111	0.190960441119388	0.294572454335914	0.170822315658085	0.105109319089361	0.224964282130756	0.210300973953537	0.139002344292182	0.208107604598349	0.204161840460031	0.242686224899708	0.260025862207031	0.231914771719606	0.231641615811954	0.219524158141473	0.323614454424903	0.196482457447137	0	0.259123034217594	0.170406089850911	0.13528062061464	0.156718720390197	0.244954453735267	0.151560787477656	0.138093250938711	0.209750746476142	0.174444055178653	0.170215945810186	0.189436571521821	0.19726590423387	0.236329122658967	0.165835722395939	0.177108427385557	0.174645667845867	0.231047623449098	0.146598434345733	0.133807756803319	0.117907823361427	0.162819794759033	0.14863790244434	0.25058748720063	0.251303911865098	0.251300413514339	0.269169579254322	0.188869469603241	0.306107663935574	0.144951059883106	0.244118493252179	0.260302346672693	0.226434021770261	0.251939832430075
700095837	0.327190138333386	0.23955178701063	0.391078030576994	0.420067456436848	0.275667215934739	0.390311309530677	0.361123015970111	0.310484108996679	0.336539690768822	0.340566961885161	0.313422103852811	0.432060791469177	0.337047493759573	0.310337293832129	0.38647107497139	0.331391613906237	0.317554897577159	0.370297392567146	0.348944953811944	0.3211660643185	0.383611232774596	0.362965973752908	0.349809759272745	0.323262703497497	0.41863806794312	0.294114108671868	0.259123034217594	0	0.221789376229823	0.25136602678139	0.329883058753964	0.390063980353924	0.28633884166515	0.308165707411863	0.304242201441417	0.300728495781738	0.316698625405922	0.395804728868591	0.304311126945237	0.388134397941017	0.289719980552098	0.317728646915373	0.316956968573462	0.35043059698525	0.280405471812291	0.311493138016631	0.27870003675085	0.331449242424375	0.350012210859032	0.411747278111263	0.374809932356891	0.325887457803475	0.335404070995513	0.340805877014887	0.395486386448742	0.312832178241222	0.385761784675225	0.376833042497133	0.38642049467956	0.365712933953955
700024548	0.290372227425786	0.157632153010732	0.287078419829528	0.36908877408715	0.202825891222265	0.266307583830242	0.30676689785611	0.183732731635127	0.303746421682391	0.209678473740231	0.26557454000928	0.337746598403585	0.216706363478499	0.188289422755593	0.248409740175445	0.273333639583288	0.170519830689031	0.316947094336275	0.277979692580919	0.283180476930887	0.256428517015255	0.29847927354409	0.272667025360208	0.284817251232373	0.357471151710127	0.201909451628052	0.170406089850911	0.221789376229823	0	0.158170217294324	0.244028726618275	0.313459741838658	0.2225847108562	0.218896826518663	0.239379830887128	0.216655398003462	0.299529614227595	0.259505559659321	0.249821154782532	0.237080568281792	0.216868708213909	0.18980316057377	0.251352530260045	0.299730941617942	0.145726124798385	0.131443552223268	0.181997551841954	0.191699674458757	0.230365649379818	0.320459638697106	0.31327167824316	0.285419613155299	0.299317341611418	0.256490424330449	0.346564007242513	0.19987320322502	0.259260968510129	0.310569426060632	0.273851440451969	0.296606291441622
700110161	0.310792495748223	0.165549610666827	0.199018067272795	0.412533563256326	0.203970368256888	0.189156471586431	0.319322611902661	0.101133030201988	0.274460233803603	0.140638116808594	0.222375333980971	0.290480091771202	0.159049981839131	0.164162576439635	0.179545332701994	0.242218363693048	0.122304754324146	0.227434449901089	0.273472304447045	0.288595372798346	0.303595463943166	0.260332311474263	0.307039715062202	0.290243223342847	0.364024554607236	0.257012445641201	0.13528062061464	0.25136602678139	0.158170217294324	0	0.165513557255732	0.267908338373802	0.193422646919011	0.140435857573278	0.278351602015638	0.222056675292015	0.233497670437869	0.178616696196998	0.260230728414647	0.213713441195839	0.221997074728123	0.149473106795928	0.217699760308489	0.268398630062523	0.153981413676576	0.194425406723135	0.180081250774244	0.146187779248314	0.18517400178425	0.240885435759725	0.273547131888703	0.300230434474329	0.329450385711729	0.249075612090851	0.389737051170517	0.14549183907286	0.272446835136693	0.315688355625176	0.221381287274761	0.301439289275491
700023496	0.276605677541968	0.179108775728326	0.126431381802871	0.411608011306607	0.198438913752923	0.0935515624840147	0.27616180679699	0.15704941307746	0.208956584876057	0.0982671783929714	0.115020116472672	0.182803541652002	0.113662550701264	0.123672339021529	0.18732619923445	0.138409551926498	0.129088794834688	0.101118496183937	0.197795071228832	0.258284289936041	0.210335611638317	0.14510261261621	0.270978598929293	0.251055025204329	0.268965226942909	0.283886443485258	0.156718720390197	0.329883058753964	0.244028726618275	0.165513557255732	0	0.17602483417443	0.101894406414672	0.0651417013066985	0.292977809695301	0.176735904036274	0.171453894026031	0.14503364664462	0.235900284972477	0.215857884007322	0.14935791046775	0.117446663828802	0.117357792106919	0.208883828798431	0.129893397629906	0.170312294923983	0.153024565248781	0.124339494834435	0.0982943993178886	0.167125265720192	0.164612683457906	0.287515740859795	0.311931451277809	0.161946404470128	0.363019009750893	0.111009353635266	0.180757129949894	0.222431851405586	0.158851620783937	0.236472076801977
700034628	0.263092656203101	0.249626083288566	0.16143983714165	0.393718300547105	0.260137022842307	0.166229733117039	0.220273181443885	0.24785107054071	0.145361378554452	0.20287675819521	0.119954847453715	0.174915039952054	0.212198363045382	0.215736051585852	0.248025000349296	0.125435990889877	0.233762701994281	0.189647646871854	0.149566909400702	0.240442167662585	0.15644919953418	0.0927951792364491	0.267981434031352	0.234683128696363	0.153251550470654	0.301465837447648	0.244954453735267	0.390063980353924	0.313459741838658	0.267908338373802	0.17602483417443	0	0.16161134491115	0.169399844624985	0.290849845706056	0.172591948196642	0.26669917839612	0.218581953783867	0.224709688728022	0.292168988155417	0.190254865831568	0.194793080006111	0.170623049672691	0.123690514193567	0.208406569613963	0.241761427246342	0.227576228874124	0.204445724724383	0.179533741322045	0.134804025783701	0.165295996770735	0.261436671441103	0.275096198116482	0.143285880534305	0.290848979140389	0.182904413187072	0.152219993164925	0.166736815031734	0.129857781560762	0.15495227993929
700023645	0.232227808364114	0.162915987063519	0.164152791907933	0.364364998139681	0.177120686939518	0.16473861655379	0.226533985403175	0.18785887124254	0.177304495188243	0.158304247442751	0.0788905905820934	0.209454075914578	0.166966088516242	0.134343443405144	0.235417982756864	0.0911499397623718	0.165427828015549	0.153613404642968	0.161687331067581	0.205119833743094	0.176467786883733	0.119399590705885	0.247906980394967	0.206387203755524	0.219341324468645	0.250894800626367	0.151560787477656	0.28633884166515	0.2225847108562	0.193422646919011	0.101894406414672	0.16161134491115	0	0.0965952761408266	0.250248375110708	0.129759287370899	0.184789346406739	0.211635630971871	0.188990156909224	0.266810626248214	0.113181467662895	0.142510116621866	0.101230806418553	0.185570738404703	0.123264370373408	0.17490553643838	0.130204999481518	0.154410352459383	0.146301724089691	0.182300673587352	0.152075861208171	0.228656127380038	0.260716935462681	0.139292977117596	0.322333408559148	0.130731176576997	0.162895725439212	0.179500681049958	0.158373303586961	0.202666091775918
700038744	0.292546996982993	0.17099839776748	0.12849727447432	0.411677137386253	0.201909813356415	0.105645325865867	0.284451402458753	0.136212473739655	0.227450395252998	0.114988309567054	0.125023590356846	0.185595307269088	0.123773286177316	0.132794960679456	0.19403240527634	0.144800993464238	0.132656155477746	0.123609616702143	0.219143321733822	0.264653534722525	0.232399935808338	0.150632828425903	0.290356457080459	0.26388348563152	0.278394910039783	0.277964037450725	0.138093250938711	0.308165707411863	0.218896826518663	0.140435857573278	0.0651417013066985	0.169399844624985	0.0965952761408266	0	0.291605300544184	0.169643046947995	0.195416669867104	0.15351661702895	0.2438086640213	0.226680133552984	0.168833400483201	0.0933710264653748	0.145851558392702	0.223733626739985	0.107670821809925	0.180290546561085	0.164112124556814	0.11059047245149	0.122975936684349	0.159177287167304	0.17071339450193	0.288554829386527	0.317793613403422	0.181615988710797	0.375335629244028	0.0971232583926316	0.203521490683644	0.239056247898868	0.153475016113529	0.256395845782991
700038485	0.136861568514376	0.193496223803191	0.353768838877871	0.236878410387626	0.166541657142055	0.329082247917364	0.190207629790755	0.307453815018823	0.198944383057843	0.31481909534027	0.252480606893316	0.391235227279409	0.334093210054411	0.221557278957586	0.363178013603775	0.241835589658505	0.296465509668625	0.312155033273922	0.196840665035615	0.191950409984708	0.239771839920684	0.296634485105855	0.194052961542637	0.129770973088784	0.276526599564723	0.0842858026779335	0.209750746476142	0.304242201441417	0.239379830887128	0.278351602015638	0.292977809695301	0.290849845706056	0.250248375110708	0.291605300544184	0	0.186442708472471	0.264046761623708	0.331057875523792	0.12863127447489	0.351488594550107	0.202527936496305	0.334141575025876	0.251380634006433	0.236422326184912	0.280377264070342	0.196717539745438	0.20736630205555	0.322146930409771	0.263480811602627	0.363576226176537	0.320114969728722	0.141556940570534	0.16068776285371	0.199754936379781	0.182341572902756	0.305496266820071	0.242790300995622	0.195493144284951	0.329745203477517	0.213906608414522
700024743	0.171067948327568	0.158973966993732	0.238289867638816	0.293819621198565	0.186253883582202	0.237003658334857	0.14724227569227	0.214793509195487	0.145602504280994	0.192703132194773	0.144631066026592	0.280197738574216	0.193691793113885	0.155909515438589	0.255668222530141	0.174887348608032	0.19950802014885	0.234805932278521	0.157267149934195	0.123648897043376	0.151772299237268	0.191661977525368	0.188512308940312	0.137782474172202	0.185059457558037	0.223014318465513	0.174444055178653	0.300728495781738	0.216655398003462	0.222056675292015	0.176735904036274	0.172591948196642	0.129759287370899	0.169643046947995	0.186442708472471	0	0.216018009991712	0.245602067027531	0.134417476643942	0.291437759116797	0.113046602744866	0.214994703965938	0.154590634694503	0.116401034442628	0.157016016161628	0.167147411130235	0.167614244343822	0.177671736195017	0.184432015434604	0.255674933638687	0.22850933762537	0.158490460592426	0.181519512355892	0.130557328287366	0.241172828045081	0.171145848949506	0.153630417145195	0.142062999500071	0.222813055111316	0.129898543624776
