700108602	700014971	700033565	700109389	700023058	700023927	700106341	700114221	700023543	700023439	700016978	700024192	700113058	700099448	700109870	700033928	700023693	700109627	700095416	700110425	700111580	700111302	700098605	700111991	700108960	700024452	700032931	700095837	700024548	700110161	700023496	700034628	700023645	700038744	700038485	700024743	700099596	700110760	700101587	700106399	700032322	700095653	700021312	700101230	700023590	700038905	700033136	700023382	700096424	700105469	700016908	700096053	700108479	700109569	700033814	700016125	700109756	700102665	700101777	700109455
700108602	0	-0.16200248252868	-0.18857838252975	-0.128083452843702	-0.14936280581705	-0.18943180127689	-0.0781395590307688	-0.209545526622153	-0.0859561732628192	-0.194786750281548	-0.12507876729443	-0.195950752413221	-0.211747631437051	-0.161426739174926	-0.207129238288404	-0.105782449399898	-0.206266102683188	-0.177687060309042	-0.0892347717995604	-0.0928512640694895	-0.10595280444815	-0.131683843205657	-0.111481318775379	-0.0587168982675732	-0.104987200028619	-0.124689725567191	-0.179569302468616	-0.172262971599739	-0.184924668749184	-0.203135120857271	-0.177289399700095	-0.147578754865534	-0.117884418418433	-0.176866020250924	-0.125455763948754	-0.123341756274757	-0.160434536265437	-0.20912412296125	-0.0833216985798636	-0.24894758681557	-0.0977643000935802	-0.201561448884666	-0.152114291649497	-0.134108734963298	-0.183317910450497	-0.140479869955419	-0.113735307547503	-0.195719171694339	-0.16502904759655	-0.16029946668555	-0.122952443545941	-0.0822005349715199	-0.0993139506566462	-0.0966065491614622	-0.106048937741659	-0.184658730536129	-0.119424522441113	-0.0878734972216743	-0.158161488323858	-0.103728674977975
700014971	-0.16200248252868	0	-0.182660795912859	-0.21673488555839	-0.13225773652299	-0.156762048191138	-0.172911318921686	-0.172867360687519	-0.14998673656258	-0.133643441261104	-0.126667396916371	-0.190764620509581	-0.147593145050179	-0.118642220662497	-0.177825080503463	-0.162861715013074	-0.134627238072425	-0.158281015254306	-0.158242802818777	-0.158660791652853	-0.166324115492753	-0.149009066244671	-0.132181629453682	-0.164161868510744	-0.189273983143298	-0.155061642004112	-0.110074074818476	-0.124489471202152	-0.115772575628419	-0.132941860261885	-0.117079291660646	-0.173056052331276	-0.127847058107834	-0.130407920160655	-0.133821679160752	-0.12889807899469	-0.162658817330011	-0.188686494909706	-0.138684531492803	-0.163836212740785	-0.130865798703372	-0.141959524003776	-0.130617017588502	-0.149665647231784	-0.125494981268277	-0.120785665323973	-0.11657509883776	-0.148388814113367	-0.128458307481915	-0.175749986638598	-0.171713228623155	-0.159702863774	-0.166882553202496	-0.130092025766928	-0.181078039826346	-0.122895323776435	-0.159002039616406	-0.177252360048125	-0.156584952572327	-0.167102541649699
700033565	-0.18857838252975	-0.182660795912859	0	-0.224605141692947	-0.199866109270271	-0.0748913777481766	-0.195269672900367	-0.100898286288162	-0.178326174707551	-0.107624814567155	-0.104999045886083	-0.0527516847527838	-0.117412540019553	-0.13986668414905	-0.0917923428614424	-0.12384704135878	-0.116003195936249	-0.101941701623765	-0.166474182538629	-0.177242553505057	-0.169066954253555	-0.0848440703679819	-0.18250082023805	-0.187732051949489	-0.176267358434498	-0.206912420490046	-0.162394242881643	-0.178332531921994	-0.163882729503925	-0.107791920182118	-0.115419806609274	-0.138330829262465	-0.108558709960007	-0.0857165899509518	-0.195469814329148	-0.128137151050447	-0.164250912103717	-0.0960866907192712	-0.183217187541846	-0.156027928950215	-0.155867680475913	-0.0823879953304003	-0.165083370943802	-0.137544347077118	-0.123810858478017	-0.154974959976996	-0.172876191076278	-0.104843586108672	-0.121449633436983	-0.0785293918532001	-0.102168258752556	-0.208630685619157	-0.203629819055716	-0.143819926769117	-0.231502425645714	-0.108931492237114	-0.144996725328724	-0.200325471209055	-0.0777832578693516	-0.183716457768394
700109389	-0.128083452843702	-0.21673488555839	-0.224605141692947	0	-0.190997695885788	-0.242826862539234	-0.109172150833044	-0.242444167001504	-0.179575707847857	-0.23840395237159	-0.191759517102258	-0.221133797639908	-0.239634981991752	-0.219562799993854	-0.226368800239873	-0.172590968060858	-0.240061915740872	-0.241337918515439	-0.175260912494438	-0.121357292200837	-0.1506306048118	-0.203737363751429	-0.150448004564354	-0.14338263228495	-0.141063454378312	-0.147375929088309	-0.242716390259799	-0.207561605100306	-0.196020791790584	-0.23328198162352	-0.226616461239704	-0.213261357873785	-0.180661296706754	-0.225972845160467	-0.141912465718208	-0.178202659502708	-0.239695757987319	-0.256894496676256	-0.157679103017632	-0.241026016524156	-0.15576754658231	-0.231742365619276	-0.207525998645844	-0.195735170016896	-0.210698838225065	-0.175769496039063	-0.195247268185305	-0.230440745523132	-0.22510182671956	-0.209695206050124	-0.163351021318915	-0.113396073677931	-0.0813739917525714	-0.175345976032306	-0.129074258907714	-0.222347478398705	-0.126613843108061	-0.116257812314918	-0.189064060330628	-0.155667321727242
700023058	-0.14936280581705	-0.13225773652299	-0.199866109270271	-0.190997695885788	0	-0.177656126402005	-0.153169397377043	-0.192887166405317	-0.129974639655426	-0.177225054950984	-0.138423180224765	-0.201141214270213	-0.196764024362166	-0.141767470510253	-0.192087885615273	-0.153030904855745	-0.174590379336279	-0.175806853562273	-0.148641153554105	-0.15211425571126	-0.162788946533331	-0.169209271787136	-0.140189042456562	-0.147451720975558	-0.186779106027874	-0.123776742723308	-0.141745620760651	-0.163009127661094	-0.153751601190117	-0.174375850910934	-0.156123586477711	-0.191009704532534	-0.153840115615756	-0.168793499494723	-0.126513468244717	-0.153651035147269	-0.129795628899385	-0.160518529648319	-0.119417807786788	-0.216537710064174	-0.12201403781721	-0.179287529835313	-0.122753356753374	-0.167910072592359	-0.165707345482925	-0.130623353513723	-0.118413038660101	-0.176069918244072	-0.144919441171988	-0.198759614094159	-0.182400945060732	-0.135413031471524	-0.14371848250067	-0.141767338173478	-0.155141651631479	-0.177619426298984	-0.176007836513769	-0.156496663056489	-0.17937132958761	-0.150961606248706
700023927	-0.18943180127689	-0.156762048191138	-0.0748913777481766	-0.242826862539234	-0.177656126402005	0	-0.21544098083081	-0.109926005100107	-0.1792644063628	-0.0840016393875086	-0.120220250522773	-0.0995362710451898	-0.11668713985498	-0.0978627362690975	-0.103705724724782	-0.142498718178158	-0.109077684345132	-0.0766656962393594	-0.173307984657537	-0.191316217700514	-0.187864663767726	-0.123279482003613	-0.179480885375623	-0.189655355772957	-0.200144785212307	-0.201782069671475	-0.13070367663788	-0.175353336451562	-0.157811381054755	-0.0963476606422081	-0.0906304045055046	-0.172562405836398	-0.121037306689927	-0.0730554195866249	-0.191150507584678	-0.147588524026444	-0.129576355864433	-0.0736044033700732	-0.183718536846177	-0.151843300480363	-0.159610540521388	-0.0977826962417043	-0.136208166158438	-0.160425486633183	-0.133733562628899	-0.141198288331473	-0.154021860250962	-0.110710030114202	-0.0765582998355731	-0.115113777684189	-0.135959060631037	-0.216286511917523	-0.21997957808959	-0.14344722790681	-0.229639921440222	-0.107091717062119	-0.164141551627256	-0.213790871750949	-0.102187887050287	-0.196310134007338
700106341	-0.0781395590307688	-0.172911318921686	-0.195269672900367	-0.109172150833044	-0.153169397377043	-0.21544098083081	0	-0.211045434632924	-0.0984847961484968	-0.20985336648175	-0.130262464047666	-0.192672957897974	-0.214536498135232	-0.190131860772077	-0.207418470460783	-0.127361117540203	-0.212520873821181	-0.212924419098021	-0.119594218084013	-0.0766390046677974	-0.0970675366358025	-0.143357849679123	-0.121294850691595	-0.0900399761001139	-0.0786277640024602	-0.15605394877836	-0.21875656485348	-0.18854842476804	-0.194682335040304	-0.211784733286886	-0.189986822196117	-0.122858399323903	-0.133413705916401	-0.190461374764893	-0.136165144755631	-0.104631253673291	-0.204062282886973	-0.231729839943429	-0.0905014471731127	-0.248078592311874	-0.119766561221186	-0.202415279674629	-0.161770850237689	-0.112776719657475	-0.181640774861756	-0.15966178075231	-0.148045671341367	-0.193464235547054	-0.186691564496585	-0.160098296414038	-0.132892665654998	-0.0696136827615317	-0.0697613294179063	-0.117197719360227	-0.115423739544909	-0.191668002880566	-0.109106691396883	-0.0617438395334775	-0.158002522149038	-0.0698965803698768
700114221	-0.209545526622153	-0.172867360687519	-0.100898286288162	-0.242444167001504	-0.192887166405317	-0.109926005100107	-0.211045434632924	0	-0.20240304508981	-0.0864445923910558	-0.145637672706514	-0.103578555668594	-0.0962842155714652	-0.144527386332356	-0.0703527890417869	-0.165410309121454	-0.0692279505733604	-0.148500608587013	-0.1992832558333	-0.198784497527681	-0.182306327698644	-0.140475075118984	-0.191734945201314	-0.212134544004115	-0.219083003008957	-0.227500461445932	-0.159333588498128	-0.175259022164661	-0.144569707173724	-0.106633178889672	-0.116238595863222	-0.174356269351889	-0.137884881152614	-0.105812147718522	-0.206903629275837	-0.147389712853072	-0.178309362389065	-0.108910631072427	-0.196699667014994	-0.0897446458830775	-0.163925750502214	-0.0907122778903411	-0.17812864059013	-0.168291748586623	-0.101845360297762	-0.136603646701709	-0.146548396277558	-0.0710669939497354	-0.140132218798524	-0.123634681464122	-0.154859692884207	-0.221827404699961	-0.217219580887931	-0.171832989664041	-0.254755148271714	-0.0894107360746388	-0.150743867796838	-0.228463015321788	-0.111833925042903	-0.196391604465096
700023543	-0.0859561732628192	-0.14998673656258	-0.178326174707551	-0.179575707847857	-0.129974639655426	-0.1792644063628	-0.0984847961484968	-0.20240304508981	0	-0.181576244632108	-0.111071199005551	-0.190137493768346	-0.207767573063277	-0.153595995554212	-0.200173529181019	-0.0988986950652635	-0.19333847893007	-0.172319160614179	-0.100428127359967	-0.12505091005147	-0.127357759648298	-0.126296551826526	-0.124323841920622	-0.0895481478682081	-0.120615765538736	-0.128576335481329	-0.172205837347866	-0.167450401484577	-0.197846025150009	-0.187876975178651	-0.164039630036576	-0.111890470907108	-0.13298255393282	-0.163704547713725	-0.113003909374739	-0.12145203061231	-0.148146303809073	-0.196231057677823	-0.0752132773646018	-0.2424846312378	-0.113866899690027	-0.185274685317814	-0.143798389464199	-0.0949259054709365	-0.1846786795099	-0.153710931233091	-0.118509292260147	-0.183596428961032	-0.165085424347553	-0.148613599839941	-0.144139387416714	-0.0918635445428027	-0.119573128187197	-0.113671324337282	-0.125132656226068	-0.176978014173981	-0.158975115115344	-0.0968083622172522	-0.16141327380736	-0.0935115627258199
700023439	-0.194786750281548	-0.133643441261104	-0.107624814567155	-0.23840395237159	-0.177225054950984	-0.0840016393875086	-0.20985336648175	-0.0864445923910558	-0.181576244632108	0	-0.124830378446321	-0.12298279223318	-0.0798086994336032	-0.10623218526236	-0.105380121460764	-0.151954052495541	-0.0629160536389708	-0.121595116082072	-0.179098146711573	-0.191374195867918	-0.185547861074043	-0.133838312293158	-0.177153557061206	-0.193521809515465	-0.214676620266097	-0.204867880375716	-0.1321033452391	-0.155081387678129	-0.131193505554191	-0.0857894674039797	-0.0820939502118376	-0.176185452197445	-0.121523961648782	-0.0731752213242143	-0.183559369378789	-0.134946823477118	-0.145463956851781	-0.10309981914312	-0.176065790556923	-0.106091896891762	-0.143942286259679	-0.0892963243739659	-0.150119493252451	-0.168575573173433	-0.103717266855083	-0.12660175211367	-0.133497555164613	-0.0792206784010522	-0.10784327715434	-0.133464689690877	-0.148724077144837	-0.208508872238167	-0.215219857497599	-0.142596039891582	-0.235636502246555	-0.0792794784983141	-0.156219554653912	-0.214592028478039	-0.113005711122284	-0.192007435698536
700016978	-0.12507876729443	-0.126667396916371	-0.104999045886083	-0.191759517102258	-0.138423180224765	-0.120220250522773	-0.130262464047666	-0.145637672706514	-0.111071199005551	-0.124830378446321	0	-0.110835195790635	-0.151128123415255	-0.124983677254769	-0.149424446748525	-0.0867263705649086	-0.134279354008402	-0.113601845107292	-0.109494191800976	-0.120258560081825	-0.112112003832382	-0.0612510063746395	-0.126219542182195	-0.116224102659705	-0.114109938474722	-0.162203896858616	-0.147228292856723	-0.140910871574164	-0.148208094404218	-0.135405480718721	-0.0986626143601047	-0.0971937373943996	-0.0606780676687455	-0.0888893008355067	-0.136375349304739	-0.0779419673306462	-0.138754992808508	-0.143574276652	-0.108019393334713	-0.186328604976232	-0.0929126086487558	-0.120997227054063	-0.109948847692105	-0.0908435128982042	-0.119412923376159	-0.130945651109438	-0.111477637055792	-0.126733870172817	-0.101294323604134	-0.0959770383820535	-0.0910005277166093	-0.139849315327056	-0.140943236294051	-0.0780917432922044	-0.164252861624539	-0.118277419591798	-0.118591881058338	-0.130330971700127	-0.0900103663875696	-0.121319251500214
700024192	-0.195950752413221	-0.190764620509581	-0.0527516847527838	-0.221133797639908	-0.201141214270213	-0.0995362710451898	-0.192672957897974	-0.103578555668594	-0.190137493768346	-0.12298279223318	-0.110835195790635	0	-0.109827409784302	-0.152146491899734	-0.0893831668677652	-0.130612205244831	-0.126151872820477	-0.122296205033736	-0.17487589041107	-0.172503263571972	-0.167933902845272	-0.0954931867001978	-0.189286669160616	-0.20436254491418	-0.176126217552433	-0.217821776241891	-0.17922090868846	-0.176343069243076	-0.163482240882562	-0.125629117073476	-0.115057639714621	-0.134704196612417	-0.107071444080973	-0.0917164451164749	-0.209187592527837	-0.139662252380224	-0.172746394126926	-0.106476800487088	-0.195038565748115	-0.151673350481703	-0.153730503114518	-0.0828502889139994	-0.171905973683852	-0.136421292054542	-0.109882003103934	-0.15960411096052	-0.17700630753453	-0.0973751227579144	-0.129017973591615	-0.0792129345158613	-0.111606283859485	-0.217736014793041	-0.20925116999082	-0.157129723402283	-0.247113872243092	-0.103399436913725	-0.13455168247938	-0.204286957701766	-0.0864091775299103	-0.180945233059975
700113058	-0.211747631437051	-0.147593145050179	-0.117412540019553	-0.239634981991752	-0.196764024362166	-0.11668713985498	-0.214536498135232	-0.0962842155714652	-0.207767573063277	-0.0798086994336032	-0.151128123415255	-0.109827409784302	0	-0.139054961755149	-0.0921849170661378	-0.170300778403282	-0.0915526633923327	-0.157850550992611	-0.207034349202256	-0.198238832493135	-0.201393390328077	-0.14686512151853	-0.196518809874994	-0.221563428556314	-0.227730149918677	-0.223090587382465	-0.146050040149202	-0.146033918145647	-0.133169158506645	-0.101265279824558	-0.115648768185902	-0.181335694964119	-0.142946796683792	-0.101725522950987	-0.210180505331233	-0.165923642610052	-0.177041328870433	-0.135936109893255	-0.196555318850713	-0.107894992348935	-0.163442884263898	-0.079371668798832	-0.183590687532225	-0.175431311401399	-0.099975915013977	-0.150068856186835	-0.172565855614261	-0.0842082015674184	-0.143926173795292	-0.139907787420217	-0.161773389820865	-0.221977440368372	-0.222174207427114	-0.183503094166933	-0.262632364071502	-0.0710905012512503	-0.167014882912999	-0.233095058943102	-0.126589976557283	-0.198713135803091
700099448	-0.161426739174926	-0.118642220662497	-0.13986668414905	-0.219562799993854	-0.141767470510253	-0.0978627362690975	-0.190131860772077	-0.144527386332356	-0.153595995554212	-0.10623218526236	-0.124983677254769	-0.152146491899734	-0.139054961755149	0	-0.143581110154037	-0.141569272802737	-0.116634883157925	-0.118807545849365	-0.139034507419646	-0.167457715650772	-0.166820378769335	-0.137699787573383	-0.141037846929923	-0.156760031399737	-0.194570362723046	-0.150521865582772	-0.105692289514328	-0.15376259587904	-0.125833602256858	-0.104975676181393	-0.093460953324695	-0.182408039076403	-0.118720868745969	-0.100939210597626	-0.152897443217767	-0.141640641035181	-0.118443985123041	-0.119040589696006	-0.150931973239356	-0.171733373058552	-0.13391202393349	-0.124090417723935	-0.108026619157731	-0.166913721790983	-0.117974861819337	-0.117066183560307	-0.110104102628195	-0.133717021687471	-0.0794312859717137	-0.151252812137334	-0.140703029314251	-0.17454262175352	-0.194029325741894	-0.123393451160575	-0.183925847057138	-0.119597651903013	-0.140715547797996	-0.189286790871907	-0.12106461625136	-0.174166679523545
700109870	-0.207129238288404	-0.177825080503463	-0.0917923428614424	-0.226368800239873	-0.192087885615273	-0.103705724724782	-0.207418470460783	-0.0703527890417869	-0.200173529181019	-0.105380121460764	-0.149424446748525	-0.0893831668677652	-0.0921849170661378	-0.143581110154037	0	-0.163521640234659	-0.101107166523601	-0.155722428993919	-0.196438905110669	-0.192942997403847	-0.171522548928479	-0.138946307412453	-0.176701276712168	-0.214513890202024	-0.210339708445863	-0.218474977517059	-0.170988720198398	-0.17997062473882	-0.14163856397754	-0.0999087524781979	-0.126574169620227	-0.172635402621598	-0.146142560153354	-0.123490833985192	-0.207167433624524	-0.156879578598538	-0.183846858338181	-0.0971314404480779	-0.199635842594771	-0.115391119271694	-0.171390461518617	-0.0919317056633991	-0.19536915617	-0.162776338160809	-0.113106434702038	-0.132122972454461	-0.163711033419804	-0.0857691519365068	-0.139202563788124	-0.118959795067569	-0.146502391568458	-0.217493903657527	-0.208698084753326	-0.166214843558229	-0.243715002270572	-0.0982789709989285	-0.136639821537771	-0.222792454615542	-0.105519305811696	-0.191968967821444
700033928	-0.105782449399898	-0.162861715013074	-0.12384704135878	-0.172590968060858	-0.153030904855745	-0.142498718178158	-0.127361117540203	-0.165410309121454	-0.0988986950652635	-0.151954052495541	-0.0867263705649086	-0.130612205244831	-0.170300778403282	-0.141569272802737	-0.163521640234659	0	-0.163670605516736	-0.130775286762332	-0.106695892842927	-0.126343732019362	-0.121884038772035	-0.0823227674953389	-0.139054035651456	-0.108512571179118	-0.133105345969407	-0.150030113215535	-0.171146068677008	-0.141445319302163	-0.169948425722198	-0.157925366601628	-0.12228895347995	-0.123228883275266	-0.077668001451849	-0.121493378890454	-0.139456436958379	-0.128320985775586	-0.138663923773629	-0.168815373422678	-0.103924849343742	-0.207265811796559	-0.0907825135435432	-0.136463816459784	-0.134057822328961	-0.115793975317131	-0.138676028247252	-0.139092539525901	-0.12426214419345	-0.152960074160219	-0.140694997036646	-0.100652112492679	-0.082183461387858	-0.125593998729256	-0.140098837133281	-0.115846925422375	-0.166096979601054	-0.139155731174175	-0.136226148983915	-0.121716210719291	-0.112830324048585	-0.114888911312847
700023693	-0.206266102683188	-0.134627238072425	-0.116003195936249	-0.240061915740872	-0.174590379336279	-0.109077684345132	-0.212520873821181	-0.0692279505733604	-0.19333847893007	-0.0629160536389708	-0.134279354008402	-0.126151872820477	-0.0915526633923327	-0.116634883157925	-0.101107166523601	-0.163670605516736	0	-0.141489653563267	-0.192041838955152	-0.195615352144228	-0.177408166184443	-0.142463273093985	-0.185590067013005	-0.20312207348483	-0.222344495109626	-0.210107585629829	-0.133337298396313	-0.152425056463252	-0.112832847744367	-0.0977719378213728	-0.0891594326644867	-0.182201534385908	-0.136388032557627	-0.0882984922747369	-0.185976673105195	-0.14250781224003	-0.154600533961295	-0.119257212483896	-0.183680026946019	-0.0860164426318375	-0.15237180223284	-0.0836761545923469	-0.157058446026869	-0.176611627579135	-0.0828876306770949	-0.114434877787165	-0.135543905502619	-0.0742394038233314	-0.125151113851932	-0.142528490021561	-0.159928378342709	-0.211730142048725	-0.213626568801256	-0.157984164294263	-0.246212770613144	-0.0852662411713455	-0.155038815065567	-0.22204221744773	-0.13039507538394	-0.200182772344943
700109627	-0.177687060309042	-0.158281015254306	-0.101941701623765	-0.241337918515439	-0.175806853562273	-0.0766656962393594	-0.212924419098021	-0.148500608587013	-0.172319160614179	-0.121595116082072	-0.113601845107292	-0.122296205033736	-0.157850550992611	-0.118807545849365	-0.155722428993919	-0.130775286762332	-0.141489653563267	0	-0.158453116874747	-0.186693430082832	-0.189206700478235	-0.115059147404136	-0.179196145911493	-0.170340336920839	-0.193271070514967	-0.193920005815729	-0.135870879819636	-0.177496733225241	-0.190265176577683	-0.138537867605034	-0.104772600363767	-0.163415804504757	-0.120539036297186	-0.0908569515728471	-0.184024687835386	-0.151518013265303	-0.122851198270007	-0.102807356427724	-0.181695277331711	-0.193782238688869	-0.160811898881148	-0.139754807999417	-0.131881671297177	-0.156939714560208	-0.164387656053392	-0.165436016916815	-0.148091676102143	-0.148336972325664	-0.0808121289451813	-0.119471132261584	-0.124155398750158	-0.213499779630921	-0.214627216636191	-0.140287584397989	-0.210909595304472	-0.137237223983291	-0.175401116431284	-0.208884071746353	-0.119803580048265	-0.197469809416335
700095416	-0.0892347717995604	-0.158242802818777	-0.166474182538629	-0.175260912494438	-0.148641153554105	-0.173307984657537	-0.119594218084013	-0.1992832558333	-0.100428127359967	-0.179098146711573	-0.109494191800976	-0.17487589041107	-0.207034349202256	-0.139034507419646	-0.196438905110669	-0.106695892842927	-0.192041838955152	-0.158453116874747	0	-0.121298364802023	-0.104346050065067	-0.119701170129009	-0.121516954011074	-0.0820510162002105	-0.12465564913829	-0.12567709889495	-0.169786955950227	-0.175777398142658	-0.177544965781505	-0.191589792258457	-0.152498737360951	-0.127886650695101	-0.10726532933749	-0.168606982603739	-0.126814463663283	-0.122836454189654	-0.145705531583156	-0.180347506767402	-0.100072638629415	-0.24045493322945	-0.0886117668559358	-0.184521474172998	-0.119882362701365	-0.123982371728941	-0.171697542876589	-0.132105215073347	-0.0941014785039802	-0.188981198992625	-0.143244986041367	-0.151329076414157	-0.114245068071042	-0.120501573232933	-0.137676487358137	-0.0905953684704582	-0.122248128910639	-0.172072198739289	-0.129976702612649	-0.112701652133622	-0.14826269077966	-0.124982129463611
700110425	-0.0928512640694895	-0.158660791652853	-0.177242553505057	-0.121357292200837	-0.15211425571126	-0.191316217700514	-0.0766390046677974	-0.198784497527681	-0.12505091005147	-0.191374195867918	-0.120258560081825	-0.172503263571972	-0.198238832493135	-0.167457715650772	-0.192942997403847	-0.126343732019362	-0.195615352144228	-0.186693430082832	-0.121298364802023	0	-0.0894622248078207	-0.135405731660072	-0.118936699420497	-0.104999581872284	-0.0774241609044375	-0.162277690998979	-0.196529289678238	-0.168630346283272	-0.176942243251554	-0.182884078705227	-0.169050725747637	-0.142789361891225	-0.118771898240467	-0.166269505837073	-0.149597934937452	-0.109658434472172	-0.180012196137692	-0.211290946531006	-0.110199236549553	-0.235002871144446	-0.10446370715854	-0.178144731486539	-0.144716800223515	-0.107271442901305	-0.160608822862835	-0.143913440823699	-0.130836191146844	-0.176841672454253	-0.163348790069606	-0.156851716479031	-0.124147172659323	-0.0871465446178466	-0.0755899492289902	-0.115024355840864	-0.130124375989456	-0.1697474876222	-0.0895329443341674	-0.0727302523578845	-0.136056203563359	-0.0937682144273974
700111580	-0.10595280444815	-0.166324115492753	-0.169066954253555	-0.1506306048118	-0.162788946533331	-0.187864663767726	-0.0970675366358025	-0.182306327698644	-0.127357759648298	-0.185547861074043	-0.112112003832382	-0.167933902845272	-0.201393390328077	-0.166820378769335	-0.171522548928479	-0.121884038772035	-0.177408166184443	-0.189206700478235	-0.104346050065067	-0.0894622248078207	0	-0.114695970459891	-0.109734082836198	-0.111170036473518	-0.0738899927063879	-0.176634436901846	-0.208305726066918	-0.197347111134544	-0.163848149927976	-0.195299893791809	-0.155130481397394	-0.119199985257901	-0.117108446980491	-0.168976039635198	-0.163532756630091	-0.10978289203007	-0.19771528859394	-0.18300118412751	-0.121199122145257	-0.222481011065415	-0.103632289430912	-0.179061164000519	-0.148866352121353	-0.118863551637925	-0.149623337656657	-0.132299706010832	-0.124663750201334	-0.163352949369383	-0.150017937537294	-0.132994134286901	-0.108148687976967	-0.104225173091758	-0.114819731355974	-0.0840005964954652	-0.14971795565099	-0.164541413775062	-0.083345604130566	-0.084847285768882	-0.132088812879575	-0.097599605829023
700111302	-0.131683843205657	-0.149009066244671	-0.0848440703679819	-0.203737363751429	-0.169209271787136	-0.123279482003613	-0.143357849679123	-0.140475075118984	-0.126296551826526	-0.133838312293158	-0.0612510063746395	-0.0954931867001978	-0.14686512151853	-0.137699787573383	-0.138946307412453	-0.0823227674953389	-0.142463273093985	-0.115059147404136	-0.119701170129009	-0.135405731660072	-0.114695970459891	0	-0.144304026247034	-0.138335222433204	-0.124859918556417	-0.180104670593689	-0.162977509479442	-0.155263371463472	-0.168239376773303	-0.14648088870829	-0.110270523827341	-0.0847152499290724	-0.0658399031121051	-0.0938616275323492	-0.163906329911336	-0.10089467905498	-0.150831203554076	-0.147999256555156	-0.133428585231098	-0.187122709232282	-0.12105237206037	-0.116152574315113	-0.134392923124544	-0.0957284368773719	-0.12329359108214	-0.154518131567566	-0.139365903250086	-0.119808961497555	-0.118848995069382	-0.0623646111031479	-0.0725641187532209	-0.154943538333882	-0.163275186177232	-0.0978709333203462	-0.195570967753536	-0.108645783319055	-0.122130114503423	-0.144807641485048	-0.084626969880921	-0.134071007854812
700098605	-0.111481318775379	-0.132181629453682	-0.18250082023805	-0.150448004564354	-0.140189042456562	-0.179480885375623	-0.121294850691595	-0.191734945201314	-0.124323841920622	-0.177153557061206	-0.126219542182195	-0.189286669160616	-0.196518809874994	-0.141037846929923	-0.176701276712168	-0.139054035651456	-0.185590067013005	-0.179196145911493	-0.121516954011074	-0.118936699420497	-0.109734082836198	-0.144304026247034	0	-0.109735715196147	-0.141975979864054	-0.140125546995097	-0.163876925692587	-0.165832579108144	-0.160023479078922	-0.179589715995926	-0.161672588536805	-0.158369209870606	-0.124784685561064	-0.16352308762834	-0.126614468779815	-0.116461766655371	-0.168965011341178	-0.186531986770037	-0.109099593560392	-0.207197411176533	-0.111010113511135	-0.187616230972231	-0.152168786643752	-0.137380170811956	-0.179544437362832	-0.126547764595938	-0.122059608414472	-0.178798977122817	-0.146358980331849	-0.168250207742286	-0.151450949722488	-0.119228676093194	-0.115509855780637	-0.104646941104362	-0.112156797039403	-0.171118610384593	-0.122982533258672	-0.133757461510089	-0.15407862464683	-0.114532777783926
700111991	-0.0587168982675732	-0.164161868510744	-0.187732051949489	-0.14338263228495	-0.147451720975558	-0.189655355772957	-0.0900399761001139	-0.212134544004115	-0.0895481478682081	-0.193521809515465	-0.116224102659705	-0.20436254491418	-0.221563428556314	-0.156760031399737	-0.214513890202024	-0.108512571179118	-0.20312207348483	-0.170340336920839	-0.0820510162002105	-0.104999581872284	-0.111170036473518	-0.138335222433204	-0.109735715196147	0	-0.109272635579156	-0.127521607291037	-0.177150947882283	-0.179029175894056	-0.189303775261531	-0.209115241106952	-0.175290691136774	-0.152382403356524	-0.124180620577971	-0.178615412944889	-0.118788700703434	-0.117339450903038	-0.161774481002363	-0.205898006123892	-0.0873983610811914	-0.253575404476054	-0.101322335730439	-0.205281711907906	-0.141824057072273	-0.131787552087278	-0.190407723918747	-0.143868854583296	-0.107307197888589	-0.201807338554063	-0.163925507028449	-0.167474294027296	-0.131508889667987	-0.090353454690852	-0.105502948173537	-0.0966706565522906	-0.0892973331347618	-0.194869684925629	-0.136964170332437	-0.0935486523308803	-0.164784288288253	-0.106888049205773
700108960	-0.104987200028619	-0.189273983143298	-0.176267358434498	-0.141063454378312	-0.186779106027874	-0.200144785212307	-0.0786277640024602	-0.219083003008957	-0.120615765538736	-0.214676620266097	-0.114109938474722	-0.176126217552433	-0.227730149918677	-0.194570362723046	-0.210339708445863	-0.133105345969407	-0.222344495109626	-0.193271070514967	-0.12465564913829	-0.0774241609044375	-0.0738899927063879	-0.124859918556417	-0.141975979864054	-0.109272635579156	0	-0.190817905643469	-0.229168375172597	-0.211254852506097	-0.204202732127232	-0.211950785993844	-0.187634492074995	-0.101966581627577	-0.130455960064382	-0.184061012509137	-0.171910656517477	-0.112567745246791	-0.210065299408231	-0.218304514931978	-0.118132271078417	-0.261567974235171	-0.131613883083235	-0.19636725321468	-0.166209474395055	-0.107082204506698	-0.18497451497777	-0.183664599768998	-0.163347871895711	-0.200493086608953	-0.175300256031837	-0.133845679168123	-0.105473243519279	-0.103911820136797	-0.0979180612335314	-0.101998892904091	-0.134697662627053	-0.193363984118685	-0.104250535619778	-0.0696478301320397	-0.142784730203061	-0.0904506559494324
700024452	-0.124689725567191	-0.155061642004112	-0.206912420490046	-0.147375929088309	-0.123776742723308	-0.201782069671475	-0.15605394877836	-0.227500461445932	-0.128576335481329	-0.204867880375716	-0.162203896858616	-0.217821776241891	-0.223090587382465	-0.150521865582772	-0.218474977517059	-0.150030113215535	-0.210107585629829	-0.193920005815729	-0.12567709889495	-0.162277690998979	-0.176634436901846	-0.180104670593689	-0.140125546995097	-0.127521607291037	-0.190817905643469	0	-0.159388028074612	-0.158355647064979	-0.149260572497258	-0.196952349196946	-0.188305220740108	-0.216122400702006	-0.157530960790481	-0.194931154946903	-0.0660152239062801	-0.155388281035093	-0.167041080027161	-0.205663431461825	-0.120897465780633	-0.229718252722962	-0.126728781267041	-0.205912577190448	-0.154849434484048	-0.179120138773857	-0.194214247804107	-0.12762420351174	-0.123040670535274	-0.218473743023262	-0.17730130040598	-0.21152354202267	-0.178104228918472	-0.119132365342825	-0.138274383294758	-0.142818304319424	-0.115992619558883	-0.205907066007535	-0.167195440513136	-0.162510406657954	-0.186748514373416	-0.176940693424762
700032931	-0.179569302468616	-0.110074074818476	-0.162394242881643	-0.242716390259799	-0.141745620760651	-0.13070367663788	-0.21875656485348	-0.159333588498128	-0.172205837347866	-0.1321033452391	-0.147228292856723	-0.17922090868846	-0.146050040149202	-0.105692289514328	-0.170988720198398	-0.171146068677008	-0.133337298396313	-0.135870879819636	-0.169786955950227	-0.196529289678238	-0.208305726066918	-0.162977509479442	-0.163876925692587	-0.177150947882283	-0.229168375172597	-0.159388028074612	0	-0.124148108446109	-0.137755197765712	-0.12351998355859	-0.128770535771171	-0.206404124719163	-0.149001788259447	-0.126395340556297	-0.16815778698368	-0.167640746827223	-0.123893268693007	-0.146384954460342	-0.172505089028024	-0.160034322823516	-0.152954433610469	-0.132094410444233	-0.136516290547088	-0.18125107007311	-0.134858778387732	-0.142651589508516	-0.12994240746542	-0.141389142079925	-0.119897275299847	-0.167332800834435	-0.18599305697077	-0.197644276300808	-0.203927593347604	-0.158081443036692	-0.192583250268261	-0.125807827159894	-0.188028594064112	-0.222174076773248	-0.150529871726148	-0.207961124435198
700095837	-0.172262971599739	-0.124489471202152	-0.178332531921994	-0.207561605100306	-0.163009127661094	-0.175353336451562	-0.18854842476804	-0.175259022164661	-0.167450401484577	-0.155081387678129	-0.140910871574164	-0.176343069243076	-0.146033918145647	-0.15376259587904	-0.17997062473882	-0.141445319302163	-0.152425056463252	-0.177496733225241	-0.175777398142658	-0.168630346283272	-0.197347111134544	-0.155263371463472	-0.165832579108144	-0.179029175894056	-0.211254852506097	-0.158355647064979	-0.124148108446109	0	-0.105217953045119	-0.129537913873471	-0.150448807584307	-0.200671574326962	-0.136110206700038	-0.139622366830876	-0.149180378597896	-0.161295752169198	-0.160610444170587	-0.20055179999172	-0.161291282331109	-0.17023166958323	-0.133792615179211	-0.138089513904954	-0.163336858647419	-0.161343122279393	-0.124031288194306	-0.145371601296376	-0.150894291525138	-0.155225263238826	-0.167332911888129	-0.176150771673673	-0.168719517847515	-0.174978999627417	-0.176197109261445	-0.177199810173587	-0.205035439111209	-0.136027283192338	-0.178587035342298	-0.196038762167642	-0.155448769082842	-0.186729009475369
700024548	-0.184924668749184	-0.115772575628419	-0.163882729503925	-0.196020791790584	-0.153751601190117	-0.157811381054755	-0.194682335040304	-0.144569707173724	-0.197846025150009	-0.131193505554191	-0.148208094404218	-0.163482240882562	-0.133169158506645	-0.125833602256858	-0.14163856397754	-0.169948425722198	-0.112832847744367	-0.190265176577683	-0.177544965781505	-0.176942243251554	-0.163848149927976	-0.168239376773303	-0.160023479078922	-0.189303775261531	-0.204202732127232	-0.149260572497258	-0.137755197765712	-0.105217953045119	0	-0.11811041091421	-0.127751984961162	-0.214025612361431	-0.139607412598375	-0.134606423659551	-0.14310213557282	-0.139986277280181	-0.186597109853795	-0.16459946024685	-0.173786858646429	-0.134059011318725	-0.139468188734825	-0.118986986946269	-0.153591721376141	-0.193621568141823	-0.0833122593905466	-0.0877198976785666	-0.135157906942726	-0.125892717425753	-0.145887461986519	-0.185295788270836	-0.163007278689713	-0.179869035200546	-0.179005986158426	-0.145482848333777	-0.198153864668688	-0.134812865407641	-0.140866753572458	-0.20363241528164	-0.143669367456801	-0.19918547904049
700110161	-0.203135120857271	-0.132941860261885	-0.107791920182118	-0.23328198162352	-0.174375850910934	-0.0963476606422081	-0.211784733286886	-0.106633178889672	-0.187876975178651	-0.0857894674039797	-0.135405480718721	-0.125629117073476	-0.101265279824558	-0.104975676181393	-0.0999087524781979	-0.157925366601628	-0.0977719378213728	-0.138537867605034	-0.191589792258457	-0.182884078705227	-0.195299893791809	-0.14648088870829	-0.179589715995926	-0.209115241106952	-0.211950785993844	-0.196952349196946	-0.12351998355859	-0.129537913873471	-0.11811041091421	0	-0.108270100946825	-0.180666322524828	-0.139257256545751	-0.0868504535724874	-0.183195061209885	-0.155554440594943	-0.153762144799532	-0.1174949788971	-0.184213833684938	-0.123758128650482	-0.161413537004451	-0.0768822558631541	-0.154968557267519	-0.166294174126031	-0.100924614048861	-0.144577516353291	-0.161052423969621	-0.0983005376825557	-0.116044644093531	-0.137043235240718	-0.15658354749491	-0.19930544807797	-0.210129512261978	-0.157911767979239	-0.238798996444102	-0.0974471308904006	-0.156520346803284	-0.214178665722973	-0.114345397094939	-0.190853470437076
700023496	-0.177289399700095	-0.117079291660646	-0.115419806609274	-0.226616461239704	-0.156123586477711	-0.0906304045055046	-0.189986822196117	-0.116238595863222	-0.164039630036576	-0.0820939502118376	-0.0986626143601047	-0.115057639714621	-0.115648768185902	-0.093460953324695	-0.126574169620227	-0.12228895347995	-0.0891594326644867	-0.104772600363767	-0.152498737360951	-0.169050725747637	-0.155130481397394	-0.110270523827341	-0.161672588536805	-0.175290691136774	-0.187634492074995	-0.188305220740108	-0.128770535771171	-0.150448807584307	-0.127751984961162	-0.108270100946825	0	-0.15325551691548	-0.0972606270581485	-0.0688477016962618	-0.173579418621832	-0.128861639965516	-0.131524337490852	-0.11733033409886	-0.158220845797875	-0.145647800726279	-0.117829952483231	-0.101414096951764	-0.11692967840419	-0.148598806989065	-0.0894245628103063	-0.117019952905805	-0.11921559920144	-0.0985309006345729	-0.0854655582328148	-0.122785791864707	-0.125943665378851	-0.193311691859261	-0.202972644197881	-0.118191184949806	-0.224258874943426	-0.0877988050815769	-0.136128072449107	-0.19399498579542	-0.115868752545821	-0.173524131833155
700034628	-0.147578754865534	-0.173056052331276	-0.138330829262465	-0.213261357873785	-0.191009704532534	-0.172562405836398	-0.122858399323903	-0.174356269351889	-0.111890470907108	-0.176185452197445	-0.0971937373943996	-0.134704196612417	-0.181335694964119	-0.182408039076403	-0.172635402621598	-0.123228883275266	-0.182201534385908	-0.163415804504757	-0.127886650695101	-0.142789361891225	-0.119199985257901	-0.0847152499290724	-0.158369209870606	-0.152382403356524	-0.101966581627577	-0.216122400702006	-0.206404124719163	-0.200671574326962	-0.214025612361431	-0.180666322524828	-0.15325551691548	0	-0.112793525274338	-0.143140332129085	-0.191244318812405	-0.108795067397207	-0.190249053436265	-0.183833987594416	-0.142867026265001	-0.220278990158251	-0.147323324698693	-0.150717041054843	-0.162645519399879	-0.0799441358803753	-0.161165982154508	-0.191518023611213	-0.166547774966129	-0.155836752622479	-0.158624676819197	-0.0897310197521155	-0.111871675270488	-0.159785751551853	-0.161801487240094	-0.117110650785971	-0.197618904258304	-0.144622008879842	-0.144023576172963	-0.130775495859259	-0.133972700760309	-0.0979572483048438
700023645	-0.117884418418433	-0.127847058107834	-0.108558709960007	-0.180661296706754	-0.153840115615756	-0.121037306689927	-0.133413705916401	-0.137884881152614	-0.13298255393282	-0.121523961648782	-0.0606780676687455	-0.107071444080973	-0.142946796683792	-0.118720868745969	-0.146142560153354	-0.077668001451849	-0.136388032557627	-0.120539036297186	-0.10726532933749	-0.118771898240467	-0.117108446980491	-0.0658399031121051	-0.124784685561064	-0.124180620577971	-0.130455960064382	-0.157530960790481	-0.149001788259447	-0.136110206700038	-0.139607412598375	-0.139257256545751	-0.0972606270581485	-0.112793525274338	0	-0.0876215971960492	-0.139353308829647	-0.0881284389086005	-0.142603478476118	-0.149123505786775	-0.118004311358485	-0.178411624491421	-0.0895401858918165	-0.118384871061925	-0.110327915767266	-0.105825925062414	-0.113117823465841	-0.115971879725254	-0.100957929766286	-0.11990123749726	-0.104724283599755	-0.0926419214173849	-0.0802866878959428	-0.14103252096282	-0.150535921379613	-0.101127715778613	-0.173578090879329	-0.10790896761554	-0.110188290860844	-0.134756288069108	-0.0836668797710683	-0.129225517623253
700038744	-0.176866020250924	-0.130407920160655	-0.0857165899509518	-0.225972845160467	-0.168793499494723	-0.0730554195866249	-0.190461374764893	-0.105812147718522	-0.163704547713725	-0.0731752213242143	-0.0888893008355067	-0.0917164451164749	-0.101725522950987	-0.100939210597626	-0.123490833985192	-0.121493378890454	-0.0882984922747369	-0.0908569515728471	-0.168606982603739	-0.166269505837073	-0.168976039635198	-0.0938616275323492	-0.16352308762834	-0.178615412944889	-0.184061012509137	-0.194931154946903	-0.126395340556297	-0.139622366830876	-0.134606423659551	-0.0868504535724874	-0.0688477016962618	-0.143140332129085	-0.0876215971960492	0	-0.174279063965456	-0.117212073319519	-0.125314208878502	-0.114760736966411	-0.160846052617579	-0.135204043499523	-0.130336228294593	-0.08221949671007	-0.130846364536379	-0.141398371651568	-0.10282957206835	-0.131434511333834	-0.135851461231577	-0.083618393091558	-0.0876649271496513	-0.0923177935870061	-0.119841484905296	-0.194960382644	-0.199830688939304	-0.130858297209373	-0.222174900549226	-0.0751081167652011	-0.1499367269947	-0.193507793444491	-0.0914286279169521	-0.171914017965973
