700108602	700014971	700033565	700109389	700023058	700023927	700106341	700114221	700023543	700023439	700016978	700024192	700113058	700099448	700109870	700033928	700023693	700109627	700095416	700110425	700111580	700111302	700098605	700111991	700108960	700024452	700032931	700095837	700024548	700110161	700023496	700034628	700023645	700038744	700038485	700024743	700099596	700110760	700101587	700106399	700032322	700095653	700021312	700101230	700023590	700038905	700033136	700023382	700096424	700105469	700016908	700096053	700108479	700109569	700033814	700016125	700109756	700102665	700101777	700109455
700108602	0	-0.160756876490161	-0.212603054708294	-0.108469655399903	-0.139148140078543	-0.218194273826093	-0.0674697632358619	-0.220007734891238	-0.0962214424161904	-0.215168486503017	-0.151299302103613	-0.217074367120154	-0.223525607471406	-0.16475665262659	-0.22356615653371	-0.126547901996325	-0.217964967274692	-0.197798011672889	-0.101142740687744	-0.0956491109752218	-0.112721788552671	-0.140538340696407	-0.102220862923255	-0.0723400426368743	-0.101653726652475	-0.123389043285745	-0.174500313236632	-0.18159600960435	-0.199401408486436	-0.218118262253848	-0.195934889061773	-0.158025058954055	-0.145116015216016	-0.194314028779162	-0.125191521538968	-0.136438536828306	-0.18086829536255	-0.222522919887584	-0.09014773061754	-0.255015595114445	-0.110371661393985	-0.21287801734779	-0.147616175806831	-0.140758240040992	-0.199351669167852	-0.166037331918487	-0.14350259366415	-0.208124979086703	-0.180773442924047	-0.185215497533299	-0.157386918139617	-0.0732612810471036	-0.0801500794702414	-0.114604458081209	-0.0911339172715933	-0.209926795672629	-0.119400305946811	-0.0746397928885789	-0.178731644975758	-0.115353930457863
700014971	-0.160756876490161	0	-0.183890474647883	-0.218623838326672	-0.119510867980998	-0.159055467925704	-0.167935459424821	-0.127492814893598	-0.152821748296996	-0.123167039106421	-0.116620233435948	-0.190050190480952	-0.131700842608076	-0.123047184821209	-0.171742197768865	-0.154741955000107	-0.121204965303949	-0.16853542208727	-0.155942101393242	-0.156195008391652	-0.154720154219576	-0.150664711110546	-0.134612360131588	-0.158280475290983	-0.186164633606762	-0.168344811890402	-0.118224967463145	-0.139881080435527	-0.129440764107077	-0.137028398734485	-0.108741460481263	-0.159237865367759	-0.115848360279236	-0.117176068445656	-0.146438451045793	-0.116527945523787	-0.161946423506715	-0.180397282081142	-0.140121002722071	-0.160346113326653	-0.124570353671186	-0.142583269490775	-0.137457115640527	-0.156280390018522	-0.121298181407006	-0.115499791351815	-0.116526242623832	-0.136609048947208	-0.130049418103307	-0.168109994777692	-0.157897213735961	-0.1626233373496	-0.172132831749897	-0.103305934813348	-0.193921545960347	-0.135876289567757	-0.15561426200017	-0.172653562080267	-0.159910151099064	-0.157547532489271
700033565	-0.212603054708294	-0.183890474647883	0	-0.23804981018217	-0.193752925261116	-0.0798553062597038	-0.205728871229511	-0.116486945088335	-0.181054725575793	-0.100910647655671	-0.0997998176360044	-0.063277999535326	-0.117444896159066	-0.14810278368559	-0.107916784840066	-0.127251342641699	-0.118035638867566	-0.0942284659216919	-0.161180909711435	-0.178950813415514	-0.168614321425983	-0.0994409395675141	-0.195280410002232	-0.188124241052606	-0.181953492027194	-0.2152989669299	-0.146919622970957	-0.176686480266906	-0.160875546461484	-0.124344633493442	-0.10435937649489	-0.129904355306554	-0.12191935684674	-0.097641035329838	-0.193342682828839	-0.142154882677963	-0.162533556919234	-0.104203507384438	-0.184774819654377	-0.156929002641677	-0.162660313639528	-0.082199230893701	-0.150020021539764	-0.146375983220528	-0.120257502635343	-0.148384323036871	-0.161067169180999	-0.102294661453559	-0.129085997461523	-0.0716890244825718	-0.0903506605412476	-0.218320959445619	-0.201307101380553	-0.145539304811328	-0.241553758845185	-0.112840681701167	-0.145542310154706	-0.211098876665747	-0.0829083662337465	-0.184570207435222
700109389	-0.108469655399903	-0.218623838326672	-0.23804981018217	0	-0.186205303727476	-0.2581158150859	-0.101170509582352	-0.242056788391462	-0.173813349005018	-0.247068528811679	-0.201814554123303	-0.232762646938516	-0.243018338742093	-0.221116110649784	-0.23121358590637	-0.17906807209497	-0.252941084995529	-0.245223179068254	-0.177186352172243	-0.127279848910291	-0.150798151830757	-0.197654887912788	-0.157174232415344	-0.154446460608658	-0.14015888178103	-0.14764870958805	-0.234749655371535	-0.214231078386233	-0.19311446657203	-0.238381992963886	-0.237139752707141	-0.213421962880593	-0.184224990475312	-0.222850943552342	-0.149923466940816	-0.180453388458524	-0.240718246713293	-0.262425791595639	-0.144290394020829	-0.244014719014671	-0.16742376255422	-0.235784231776119	-0.205590543974074	-0.188909079881452	-0.220818353134715	-0.201465212189353	-0.21275829906833	-0.232380795719301	-0.221258668359446	-0.213230425519056	-0.184139568646201	-0.109707957908808	-0.0877336287368021	-0.176117281844529	-0.128678533837761	-0.240283294213641	-0.126770223981374	-0.120921039549711	-0.193042639086187	-0.163467974714467
700023058	-0.139148140078543	-0.119510867980998	-0.193752925261116	-0.186205303727476	0	-0.163262841883932	-0.147804978395071	-0.177482167126578	-0.132294824719526	-0.170111793132375	-0.132358013904478	-0.204488846896489	-0.190325971567366	-0.124891799489954	-0.194964433276813	-0.142161498679918	-0.170326616869579	-0.161928329658664	-0.144460154572786	-0.148071458201816	-0.168214514399001	-0.162838138496475	-0.135888474993169	-0.137259400113266	-0.182583739487127	-0.120157212648975	-0.129785981055771	-0.157816808991989	-0.163231000503917	-0.166274895329256	-0.15631709517041	-0.185360806389579	-0.12980352845757	-0.152031972767541	-0.110545343168564	-0.13834350596419	-0.131607674528141	-0.161731627357655	-0.107066677828652	-0.207369373400006	-0.119985672261135	-0.181113718829126	-0.119376517165579	-0.16188178616185	-0.162283301564615	-0.136071716882977	-0.112536367900797	-0.176170517826163	-0.127062403610593	-0.186022704723226	-0.168983576039138	-0.138044811744965	-0.146289529432365	-0.11021560100158	-0.153427658288484	-0.183522680416376	-0.160219319155396	-0.160825384158209	-0.176387041393049	-0.157641375900204
700023927	-0.218194273826093	-0.159055467925704	-0.0798553062597038	-0.2581158150859	-0.163262841883932	0	-0.226596271274537	-0.113069087967886	-0.19212945928388	-0.0819120737829142	-0.117361392716389	-0.107389802020602	-0.113743025096531	-0.100796855271291	-0.113560300245521	-0.149072939447882	-0.0984222872487551	-0.0604591641869652	-0.174568449827132	-0.193107144443032	-0.18521053310344	-0.144931494529493	-0.175815064205355	-0.192815696583466	-0.208737371790839	-0.209652643725721	-0.12749547706224	-0.186751277693905	-0.156537150332137	-0.114585381100789	-0.0808182865197106	-0.164893208067593	-0.129525137061146	-0.0903646318922137	-0.192711280803003	-0.154906819929342	-0.128710473105475	-0.0624741810584547	-0.191387688066517	-0.148901792174216	-0.158851931959158	-0.0936101211341092	-0.116391709900273	-0.169377302451319	-0.12027941523377	-0.128019589955638	-0.141382453064218	-0.104495695795924	-0.0711378406555006	-0.104825246866167	-0.128936835190345	-0.226442448111568	-0.220146514557826	-0.130422289514979	-0.239460057129344	-0.108678068736737	-0.161076070185085	-0.219705402252786	-0.115611780403902	-0.195851425719743
700106341	-0.0674697632358619	-0.167935459424821	-0.205728871229511	-0.101170509582352	-0.147804978395071	-0.226596271274537	0	-0.213936300067859	-0.0964418426274401	-0.219292374154511	-0.148772976084346	-0.195652684923294	-0.21348454741971	-0.189996189991859	-0.210438304217646	-0.141071305776055	-0.219773933669245	-0.219609962333284	-0.117004129340058	-0.0816428016414389	-0.100178496324615	-0.138863331774749	-0.115480882989913	-0.10986910803278	-0.0836314461948348	-0.152928648919261	-0.206700934458693	-0.191108717657803	-0.194468892681424	-0.220305547773034	-0.196424545505194	-0.131605034480427	-0.136318793210416	-0.193386552755672	-0.147437302508731	-0.112252063521856	-0.206712202090731	-0.233736550648562	-0.0939590161045716	-0.244685022579847	-0.134837075146088	-0.205091020885304	-0.152221643684424	-0.117238465556936	-0.191040910889722	-0.180881022698315	-0.171641940969665	-0.193045921789848	-0.190615240689769	-0.170651125008718	-0.157886143960726	-0.0771750776615475	-0.0681052759743118	-0.119881357372511	-0.113977031678204	-0.203804096342686	-0.101062858607091	-0.0734524525922867	-0.165750143193311	-0.0903972576176444
700114221	-0.220007734891238	-0.127492814893598	-0.116486945088335	-0.242056788391462	-0.177482167126578	-0.113069087967886	-0.213936300067859	0	-0.201048256566252	-0.0677255824169814	-0.136255306243896	-0.126616396573051	-0.0697492377641602	-0.134780417374402	-0.0980578082637024	-0.169705839445288	-0.0629516365568348	-0.141870362271087	-0.199631580534828	-0.192968410032995	-0.196251575282339	-0.161113709249794	-0.193287148049412	-0.210155144687477	-0.225569772387032	-0.217035985917128	-0.119868164353132	-0.146871910447675	-0.120565174217033	-0.0966660988318348	-0.108706652915235	-0.174694862088888	-0.132673202081719	-0.0982507293046344	-0.19407944186852	-0.14862987969803	-0.17136588000717	-0.110068117334447	-0.18693635772089	-0.0912983158922022	-0.160143747685843	-0.071243085604762	-0.179548714201987	-0.170308297481753	-0.0915931169028899	-0.131814060213772	-0.151594509578201	-0.0803413393034613	-0.139151265479817	-0.126450010862103	-0.149870249908634	-0.216393540464249	-0.212868557996319	-0.151367797655067	-0.257375732387552	-0.0841814410926205	-0.173398214574583	-0.237189100304086	-0.133348940622262	-0.19975691484571
700023543	-0.0962214424161904	-0.152821748296996	-0.181054725575793	-0.173813349005018	-0.132294824719526	-0.19212945928388	-0.0964418426274401	-0.201048256566252	0	-0.182688766985045	-0.121614882970493	-0.188520037007642	-0.199033622285734	-0.164762679579718	-0.207771561837448	-0.102347970453949	-0.190660951968153	-0.183035040411906	-0.0948766814595234	-0.115902378211822	-0.114944774961632	-0.114743605728489	-0.115753232698286	-0.103713553822246	-0.117629314687748	-0.144893568484756	-0.166677102728855	-0.168504209002495	-0.20920492110872	-0.19248095238277	-0.164338064995279	-0.112162243295668	-0.123602728081687	-0.16249623229156	-0.132797731028848	-0.116333400153113	-0.166180301538349	-0.199646911781513	-0.0872708583692058	-0.239187123143217	-0.104291743529485	-0.184163394616309	-0.127867099185247	-0.0884466154495216	-0.17588747123606	-0.171790038213038	-0.12370276983634	-0.175254561505802	-0.173715986226222	-0.151897068050135	-0.150413689376373	-0.0943201663786582	-0.115794773546088	-0.118930985189338	-0.122358614908817	-0.181631091939186	-0.139041652704437	-0.0869526189029387	-0.154794505727439	-0.0946662259631406
700023439	-0.215168486503017	-0.123167039106421	-0.100910647655671	-0.247068528811679	-0.170111793132375	-0.0819120737829142	-0.219292374154511	-0.0677255824169814	-0.182688766985045	0	-0.116180193112061	-0.122295639516353	-0.0694708803259973	-0.113344613386887	-0.109335163032354	-0.147667649900678	-0.0579033594932866	-0.10802642975858	-0.178363508780168	-0.1892056674867	-0.180795141105371	-0.146711461331174	-0.178282806817394	-0.194648258432164	-0.217357381943216	-0.208164548634618	-0.114005136188779	-0.150574993344407	-0.123345905403542	-0.0925706201905783	-0.0835392102923322	-0.164797955026458	-0.11810371871439	-0.0709488383481385	-0.182237936795813	-0.145003281914878	-0.151086780604388	-0.0937847552524222	-0.178742764525073	-0.105374329107809	-0.147488528459037	-0.0709314968953626	-0.155004594747947	-0.165999069773739	-0.0923023226045314	-0.11855553210224	-0.138006830235075	-0.0816507212538241	-0.113673781141755	-0.114924175161115	-0.136170795023051	-0.209673115366917	-0.215899528891185	-0.137861849420639	-0.244174083227591	-0.0737703533588814	-0.16546713488915	-0.215655245791257	-0.120336081881126	-0.194624624382129
700016978	-0.151299302103613	-0.116620233435948	-0.0997998176360044	-0.201814554123303	-0.132358013904478	-0.117361392716389	-0.148772976084346	-0.136255306243896	-0.121614882970493	-0.116180193112061	0	-0.111020327430858	-0.133230461941422	-0.121766773188257	-0.155189194840822	-0.10035900357382	-0.126092815584105	-0.123341944150679	-0.106822329540723	-0.122907893991494	-0.11712446079137	-0.0734350094701013	-0.140159576633344	-0.125426921051347	-0.126289401541694	-0.172357334902322	-0.125600438461589	-0.14666058279125	-0.151759245295037	-0.133821752242957	-0.0964364529706056	-0.101179384692919	-0.0730875773208605	-0.0901709682810728	-0.14289061491966	-0.0922082460122636	-0.138039233266478	-0.141728860790947	-0.112025489493688	-0.175113112323715	-0.107163964887319	-0.11705768579484	-0.0951413403911176	-0.105310036125495	-0.121299040051581	-0.127473267488586	-0.116829091846131	-0.112697563727361	-0.104855532327763	-0.092866044387457	-0.0927516312941449	-0.154898476351246	-0.143894833749597	-0.0819340549759031	-0.179994563333496	-0.116297736724251	-0.108486269658206	-0.14472369126823	-0.0916370147320764	-0.1328929459103
700024192	-0.217074367120154	-0.190050190480952	-0.063277999535326	-0.232762646938516	-0.204488846896489	-0.107389802020602	-0.195652684923294	-0.126616396573051	-0.188520037007642	-0.122295639516353	-0.111020327430858	0	-0.11290645116774	-0.16721024106856	-0.109476031042819	-0.136588319578395	-0.136704596087094	-0.114376765688835	-0.16804754058663	-0.173339285565252	-0.164969758662988	-0.0999574678765449	-0.197924646798643	-0.201629191999902	-0.176921752739413	-0.22829249873484	-0.170225214782055	-0.181256259343644	-0.174491625745823	-0.15114840197887	-0.115749499501186	-0.119447960627481	-0.115978991640997	-0.114764964739226	-0.214928386234798	-0.141491181729808	-0.175915602449777	-0.121693194397041	-0.196258660659	-0.155210387337031	-0.171429862064605	-0.0810100673984789	-0.165615159088491	-0.133093624943718	-0.12574568937366	-0.165631056312295	-0.174403081012211	-0.0895268737795232	-0.151122454165083	-0.0727491162811469	-0.0960004071508569	-0.225688815174028	-0.204886558516091	-0.150500209837021	-0.257921377377495	-0.105740016566442	-0.140174800786466	-0.211317014004055	-0.100769373739646	-0.182036493453149
700113058	-0.223525607471406	-0.131700842608076	-0.117444896159066	-0.243018338742093	-0.190325971567366	-0.113743025096531	-0.21348454741971	-0.0697492377641602	-0.199033622285734	-0.0694708803259973	-0.133230461941422	-0.11290645116774	0	-0.134024284522887	-0.0893274458063972	-0.166787673227623	-0.086451868273188	-0.142468078184661	-0.195484212484962	-0.187197321712477	-0.188162164768884	-0.154152502970004	-0.198283565880095	-0.208693054467427	-0.221337455590837	-0.223129366744363	-0.130938924912576	-0.13525582042962	-0.115704215514641	-0.100643911706433	-0.100722885576103	-0.163645104215163	-0.128490487607448	-0.088865543091074	-0.201881369194942	-0.156264587161102	-0.17549822588928	-0.119700111250898	-0.186282340545314	-0.102663186910455	-0.167975075326769	-0.0642138810009823	-0.183844674344404	-0.165941700565369	-0.082933039449023	-0.131867981494904	-0.167053772047759	-0.0714253543132703	-0.141703497974236	-0.115399619579895	-0.146397393975996	-0.217550201007288	-0.214934114954613	-0.160758921512634	-0.263820230266695	-0.0662081424709788	-0.166894882817271	-0.232689415102355	-0.122859822290774	-0.193861802496803
700099448	-0.16475665262659	-0.123047184821209	-0.14810278368559	-0.221116110649784	-0.124891799489954	-0.100796855271291	-0.189996189991859	-0.134780417374402	-0.164762679579718	-0.113344613386887	-0.121766773188257	-0.16721024106856	-0.134024284522887	0	-0.149375787005193	-0.143401926391508	-0.112765432916865	-0.117801033728933	-0.140818784694608	-0.162953076288435	-0.161573700320147	-0.161300816971133	-0.131271721121181	-0.145553309943652	-0.194402239703456	-0.152099068207994	-0.102643649261345	-0.161389277375028	-0.130314788727434	-0.120527489944275	-0.0948509013069909	-0.181533355966004	-0.12174333318077	-0.105899991158947	-0.147190201652417	-0.142293957710164	-0.11807471237721	-0.115213666885942	-0.151047288061218	-0.173133163046961	-0.129130902613438	-0.13017388463844	-0.109290931102433	-0.176030362337709	-0.111666761234557	-0.103046752851775	-0.103911089835716	-0.132348668614012	-0.0704648718034047	-0.148207283420299	-0.139571746174539	-0.174653808898228	-0.184727154956731	-0.110806571924333	-0.181993246428934	-0.129779605089108	-0.142111736094208	-0.183479153731877	-0.14072185147009	-0.172120835411957
700109870	-0.22356615653371	-0.171742197768865	-0.107916784840066	-0.23121358590637	-0.194964433276813	-0.113560300245521	-0.210438304217646	-0.0980578082637024	-0.207771561837448	-0.109335163032354	-0.155189194840822	-0.109476031042819	-0.0893274458063972	-0.149375787005193	0	-0.17967166470711	-0.105979373754518	-0.148431679038926	-0.206366732464675	-0.190790131575237	-0.181744388944083	-0.164465409128908	-0.18420762127409	-0.223521792449987	-0.219757276402164	-0.21867338498673	-0.159561440300325	-0.175783520831354	-0.126676495637553	-0.121698995934584	-0.128751534724986	-0.167257427510696	-0.15231507713159	-0.133223831752756	-0.208056155976703	-0.165200555530699	-0.189444400413327	-0.106611721052574	-0.200885553359983	-0.101403285310141	-0.190684457597717	-0.0918326876554887	-0.196954190049525	-0.170826402826611	-0.103548931321686	-0.121530817043004	-0.170291052007193	-0.0855153346215547	-0.146069270868461	-0.113217582223412	-0.148648777286316	-0.230645520994156	-0.200655945550224	-0.162426208543986	-0.25067459961359	-0.100139645719948	-0.16492856556334	-0.236156994999416	-0.122662742551668	-0.193311237230887
700033928	-0.126547901996325	-0.154741955000107	-0.127251342641699	-0.17906807209497	-0.142161498679918	-0.149072939447882	-0.141071305776055	-0.169705839445288	-0.102347970453949	-0.147667649900678	-0.10035900357382	-0.136588319578395	-0.166787673227623	-0.143401926391508	-0.17967166470711	0	-0.162689054166172	-0.125606186148204	-0.105056315865392	-0.124076940512453	-0.123366773990905	-0.0864344968856115	-0.139175697555736	-0.106295439123149	-0.134983233679337	-0.160818667773355	-0.150240977880159	-0.140362700395798	-0.178418387995158	-0.165958114454233	-0.12828105695581	-0.129812877733531	-0.0827553823024241	-0.125805482527055	-0.142139656420473	-0.129899180519647	-0.135763611182922	-0.171262998235766	-0.103757566876604	-0.213361330536544	-0.0914215922900904	-0.136798620977254	-0.113860727646095	-0.121954827948291	-0.14430376897948	-0.146207891439028	-0.122722324542041	-0.151572781512999	-0.143598782202958	-0.109135123542062	-0.0956719225900708	-0.13369164547375	-0.134710322401583	-0.119644073756931	-0.162205041121	-0.145771008834657	-0.125278161279632	-0.124550640748277	-0.121245258089218	-0.129738740743664
700023693	-0.217964967274692	-0.121204965303949	-0.118035638867566	-0.252941084995529	-0.170326616869579	-0.0984222872487551	-0.219773933669245	-0.0629516365568348	-0.190660951968153	-0.0579033594932866	-0.126092815584105	-0.136704596087094	-0.086451868273188	-0.112765432916865	-0.105979373754518	-0.162689054166172	0	-0.124537282030591	-0.188715754721	-0.196052609346591	-0.183032645016412	-0.160228038448819	-0.179958200768968	-0.200972780840061	-0.228614047870788	-0.214110480949184	-0.118010105692394	-0.157792188333259	-0.12159084774698	-0.0992050024068493	-0.0806690999148057	-0.174408525993384	-0.131339890803505	-0.0915139773356835	-0.184678558086915	-0.155077189061466	-0.149251172005077	-0.111352956040491	-0.181457237750331	-0.092563795404371	-0.151628382600781	-0.087818961229342	-0.15690988464381	-0.174435313370049	-0.0844019680246174	-0.111012231048074	-0.130630122174755	-0.078709680986171	-0.115765571639816	-0.129942303947505	-0.149573820157106	-0.217310112121582	-0.217289858510736	-0.132334455612341	-0.250697975806636	-0.0895307730955847	-0.17463906229973	-0.227561240644921	-0.138519648441368	-0.198805205434502
700109627	-0.197798011672889	-0.16853542208727	-0.0942284659216919	-0.245223179068254	-0.161928329658664	-0.0604591641869652	-0.219609962333284	-0.141870362271087	-0.183035040411906	-0.10802642975858	-0.123341944150679	-0.114376765688835	-0.142468078184661	-0.117801033728933	-0.148431679038926	-0.125606186148204	-0.124537282030591	0	-0.166382432796585	-0.181854477777405	-0.193010334296316	-0.128238847770126	-0.184928615221426	-0.170522317055257	-0.194703672632794	-0.208199708414929	-0.132939465958456	-0.176454709135239	-0.188956462966038	-0.132368099620083	-0.0941350377299257	-0.162286809061799	-0.127592997704222	-0.102983990493287	-0.186094340737879	-0.151809632101083	-0.112739971800096	-0.0912071350583452	-0.186300860975035	-0.182784228864066	-0.160245413819869	-0.113880001232936	-0.111910717870828	-0.159337900579102	-0.14677840017571	-0.152140142939793	-0.146168347256905	-0.134421726279139	-0.0947813123352518	-0.113539479510188	-0.110799017296815	-0.217874995843931	-0.210123293633445	-0.136429926659408	-0.222225353066918	-0.134694587592633	-0.168299298805627	-0.209319168308782	-0.130007929100513	-0.201782905296473
700095416	-0.101142740687744	-0.155942101393242	-0.161180909711435	-0.177186352172243	-0.144460154572786	-0.174568449827132	-0.117004129340058	-0.199631580534828	-0.0948766814595234	-0.178363508780168	-0.106822329540723	-0.16804754058663	-0.195484212484962	-0.140818784694608	-0.206366732464675	-0.105056315865392	-0.188715754721	-0.166382432796585	0	-0.112352999403692	-0.0978645870847711	-0.112022694394049	-0.12755847626567	-0.0858835043426418	-0.110535472067473	-0.147697029073696	-0.166288923269566	-0.179812154872991	-0.186767881562998	-0.197295149377857	-0.153691948406977	-0.124858944889725	-0.111368086459377	-0.161850030092152	-0.136786975981144	-0.121736555209423	-0.153781811379106	-0.189366639744794	-0.1000261230896	-0.237000646410914	-0.0921611481417085	-0.183490141034528	-0.100755848828072	-0.126836212362391	-0.170768494359185	-0.14361877324182	-0.1153454332424	-0.180906651960372	-0.150253767393794	-0.149156434507726	-0.122134002670004	-0.123221201246459	-0.124104835789928	-0.0928796762094104	-0.134383977385991	-0.177258726915108	-0.114590169742188	-0.106975468432809	-0.146712108747668	-0.116190106113434
700110425	-0.0956491109752218	-0.156195008391652	-0.178950813415514	-0.127279848910291	-0.148071458201816	-0.193107144443032	-0.0816428016414389	-0.192968410032995	-0.115902378211822	-0.1892056674867	-0.122907893991494	-0.173339285565252	-0.187197321712477	-0.162953076288435	-0.190790131575237	-0.124076940512453	-0.196052609346591	-0.181854477777405	-0.112352999403692	0	-0.0861400158229896	-0.117975976739731	-0.110570507490534	-0.109293295111021	-0.0702649764952972	-0.166426847301245	-0.178928739452869	-0.165608608704167	-0.179320606885623	-0.185325612194595	-0.168276932345089	-0.137332640743301	-0.111209173808209	-0.165658202991189	-0.150465465378558	-0.0945595835699118	-0.173843032516439	-0.202026255424164	-0.107347278989508	-0.228720435433199	-0.123910405553741	-0.172188442137292	-0.127453906151339	-0.107108564205085	-0.162159981094095	-0.15954619487598	-0.141369245200162	-0.168494730998136	-0.156081366824095	-0.148165591364685	-0.134899424035691	-0.0966458638030221	-0.0730647237677825	-0.0983270953706863	-0.138658112346941	-0.176335681040787	-0.0691591999883024	-0.0835338910788383	-0.141409071737451	-0.101838769965345
700111580	-0.112721788552671	-0.154720154219576	-0.168614321425983	-0.150798151830757	-0.168214514399001	-0.18521053310344	-0.100178496324615	-0.196251575282339	-0.114944774961632	-0.180795141105371	-0.11712446079137	-0.164969758662988	-0.188162164768884	-0.161573700320147	-0.181744388944083	-0.123366773990905	-0.183032645016412	-0.193010334296316	-0.0978645870847711	-0.0861400158229896	0	-0.10725498990359	-0.110868456960746	-0.115795751395785	-0.0777036401398406	-0.172366020143852	-0.193565979812859	-0.195747972541224	-0.164635607624516	-0.203012214173472	-0.160829312827273	-0.115257828215439	-0.109608306286022	-0.172159947889257	-0.169217299750749	-0.114981712293816	-0.195709858564023	-0.199786860778598	-0.119702850802806	-0.223737134881079	-0.118608414238191	-0.171478616175414	-0.127867563221865	-0.123106042021307	-0.150310691545624	-0.148838589734454	-0.134029231579418	-0.157560368871528	-0.152849031496744	-0.132139212914929	-0.12393712791028	-0.110479723484337	-0.111715004205959	-0.0999971488734358	-0.152441511320234	-0.171703838859251	-0.0806136141853353	-0.0885429475773234	-0.128333407067713	-0.0908741937612459
700111302	-0.140538340696407	-0.150664711110546	-0.0994409395675141	-0.197654887912788	-0.162838138496475	-0.144931494529493	-0.138863331774749	-0.161113709249794	-0.114743605728489	-0.146711461331174	-0.0734350094701013	-0.0999574678765449	-0.154152502970004	-0.161300816971133	-0.164465409128908	-0.0864344968856115	-0.160228038448819	-0.128238847770126	-0.112022694394049	-0.117975976739731	-0.10725498990359	0	-0.151700156126342	-0.127390130388881	-0.109707402426082	-0.195866734284681	-0.162554560902379	-0.161494154217561	-0.188701935470086	-0.166695398788138	-0.130503012787907	-0.0752384115209188	-0.0795395761712994	-0.119757340093074	-0.174471147112413	-0.10413773946217	-0.154162113755183	-0.164754160729756	-0.135755694807016	-0.201712823717197	-0.135960992984206	-0.124550188032733	-0.116662061023805	-0.0986964692222654	-0.142615627750008	-0.170168473754078	-0.1442762125295	-0.128060537405747	-0.147020930757269	-0.0729666111154765	-0.0734216532981361	-0.155057087194927	-0.147349707610728	-0.111542596433451	-0.190119220037495	-0.131242172940396	-0.115827700367238	-0.139779267608908	-0.0894021431696032	-0.123175383680833
700098605	-0.102220862923255	-0.134612360131588	-0.195280410002232	-0.157174232415344	-0.135888474993169	-0.175815064205355	-0.115480882989913	-0.193287148049412	-0.115753232698286	-0.178282806817394	-0.140159576633344	-0.197924646798643	-0.198283565880095	-0.131271721121181	-0.18420762127409	-0.139175697555736	-0.179958200768968	-0.184928615221426	-0.12755847626567	-0.110570507490534	-0.110868456960746	-0.151700156126342	0	-0.113174034301436	-0.147803355731927	-0.132067004192844	-0.150728793798965	-0.171948355539853	-0.170436135153264	-0.1857339971362	-0.159274358415465	-0.163820951442285	-0.138604332351312	-0.168649910310053	-0.131484566764503	-0.124685630576307	-0.167843523399016	-0.184487979464544	-0.12357398709381	-0.214413150988497	-0.115807828390497	-0.187140393461068	-0.131370586204841	-0.141766655960456	-0.174327133406447	-0.127749250456442	-0.121867368052786	-0.177768453294373	-0.148592163728029	-0.175448853307453	-0.174388866984387	-0.116594877077718	-0.116623183056087	-0.101486448679552	-0.111757097205203	-0.184790133680819	-0.126068599437007	-0.122024045823302	-0.17147902015378	-0.112521734733227
700111991	-0.0723400426368743	-0.158280475290983	-0.188124241052606	-0.154446460608658	-0.137259400113266	-0.192815696583466	-0.10986910803278	-0.210155144687477	-0.103713553822246	-0.194648258432164	-0.125426921051347	-0.201629191999902	-0.208693054467427	-0.145553309943652	-0.223521792449987	-0.106295439123149	-0.200972780840061	-0.170522317055257	-0.0858835043426418	-0.109293295111021	-0.115795751395785	-0.127390130388881	-0.113174034301436	0	-0.117583358592805	-0.130376199480806	-0.156597877661917	-0.168889118431722	-0.195460264179122	-0.205196786652289	-0.177134528708502	-0.158277546638693	-0.127193983123784	-0.17835283546261	-0.126702609344712	-0.124064355263353	-0.155874721838218	-0.204283183343567	-0.0917914066474773	-0.24915810905344	-0.107511886594461	-0.204389543771996	-0.122064739218684	-0.137984253088915	-0.191344757196785	-0.154352106249786	-0.116454086256635	-0.197057223360513	-0.162446140053671	-0.170947385572321	-0.133783690783259	-0.106158317859157	-0.108094404250127	-0.105200636035488	-0.100097057600123	-0.200482928774155	-0.123238626492575	-0.102324532650145	-0.157421663669243	-0.119432781668687
700108960	-0.101653726652475	-0.186164633606762	-0.181953492027194	-0.14015888178103	-0.182583739487127	-0.208737371790839	-0.0836314461948348	-0.225569772387032	-0.117629314687748	-0.217357381943216	-0.126289401541694	-0.176921752739413	-0.221337455590837	-0.194402239703456	-0.219757276402164	-0.134983233679337	-0.228614047870788	-0.194703672632794	-0.110535472067473	-0.0702649764952972	-0.0777036401398406	-0.109707402426082	-0.147803355731927	-0.117583358592805	0	-0.196100216828411	-0.21683701603943	-0.208336564196865	-0.207927467318593	-0.219734168219508	-0.193186288256234	-0.110243827250901	-0.135690889371205	-0.190908055344176	-0.184789590277031	-0.11742843808471	-0.204396724530193	-0.227158052822157	-0.123076803676832	-0.260137807811683	-0.147435963732443	-0.193288178758351	-0.139628252080068	-0.110501611717954	-0.192238589829989	-0.196520900998725	-0.176866748928497	-0.196792248230065	-0.180018882977976	-0.144347404520086	-0.122704523065597	-0.115520604496067	-0.0878250663289601	-0.118414272137197	-0.13940010236443	-0.206081809498865	-0.0874297574415037	-0.0784058587153045	-0.137387803742209	-0.0913268287819957
700024452	-0.123389043285745	-0.168344811890402	-0.2152989669299	-0.14764870958805	-0.120157212648975	-0.209652643725721	-0.152928648919261	-0.217035985917128	-0.144893568484756	-0.208164548634618	-0.172357334902322	-0.22829249873484	-0.223129366744363	-0.152099068207994	-0.21867338498673	-0.160818667773355	-0.214110480949184	-0.208199708414929	-0.147697029073696	-0.166426847301245	-0.172366020143852	-0.195866734284681	-0.132067004192844	-0.130376199480806	-0.196100216828411	0	-0.166460987840535	-0.173376025742544	-0.152375876122829	-0.198825242077335	-0.197972855507436	-0.209608673671645	-0.164040596359157	-0.193329009747427	-0.0663707041913276	-0.167784771193826	-0.182215673784733	-0.210664465719878	-0.11966302836787	-0.228690720327712	-0.129835812912319	-0.215245761060799	-0.160188359155264	-0.190010079082161	-0.19676789932041	-0.142231564711209	-0.129064385316776	-0.214881115614086	-0.170586876567377	-0.204799426984569	-0.186455263901803	-0.118267361930618	-0.144743619822132	-0.138995455754089	-0.115493410025242	-0.215311302551494	-0.158308351002837	-0.166308200808416	-0.191181214004528	-0.177871278346625
700032931	-0.174500313236632	-0.118224967463145	-0.146919622970957	-0.234749655371535	-0.129785981055771	-0.12749547706224	-0.206700934458693	-0.119868164353132	-0.166677102728855	-0.114005136188779	-0.125600438461589	-0.170225214782055	-0.130938924912576	-0.102643649261345	-0.159561440300325	-0.150240977880159	-0.118010105692394	-0.132939465958456	-0.166288923269566	-0.178928739452869	-0.193565979812859	-0.162554560902379	-0.150728793798965	-0.156597877661917	-0.21683701603943	-0.166460987840535	0	-0.133236834859146	-0.145430507703992	-0.11859101245075	-0.11379989189489	-0.186795755355867	-0.128380388150556	-0.100416271888832	-0.15275964553734	-0.154545351624155	-0.124729124676716	-0.131969087804542	-0.166158873346414	-0.158223890938827	-0.146586915092099	-0.123976377523045	-0.129532607747253	-0.168351796789088	-0.11938483995749	-0.120773843012828	-0.112165598272564	-0.120404693705177	-0.110317707952029	-0.152597658641121	-0.161572982311797	-0.190528513289773	-0.196706968395808	-0.131159634457293	-0.198770623319551	-0.121867808434651	-0.175139743256765	-0.208880688502593	-0.14488482869463	-0.198071667334557
700095837	-0.18159600960435	-0.139881080435527	-0.176686480266906	-0.214231078386233	-0.157816808991989	-0.186751277693905	-0.191108717657803	-0.146871910447675	-0.168504209002495	-0.150574993344407	-0.14666058279125	-0.181256259343644	-0.13525582042962	-0.161389277375028	-0.175783520831354	-0.140362700395798	-0.157792188333259	-0.176454709135239	-0.179812154872991	-0.165608608704167	-0.195747972541224	-0.161494154217561	-0.171948355539853	-0.168889118431722	-0.208336564196865	-0.173376025742544	-0.133236834859146	0	-0.138563486609929	-0.107864586220447	-0.151715740329405	-0.190193183989182	-0.132847704421813	-0.122859666951026	-0.146923285971707	-0.158671606846629	-0.157120410487621	-0.196088969065457	-0.157923448893602	-0.181040059813605	-0.157888463287991	-0.141106777175272	-0.176270545922526	-0.158624702623625	-0.140154234532745	-0.161196223510136	-0.159256857790836	-0.14840657509217	-0.171894822552791	-0.162525828748809	-0.162985706833164	-0.18012434028184	-0.178616101686396	-0.159084703885545	-0.211238009623897	-0.145277775510835	-0.176829888010002	-0.200095953222911	-0.165103811910188	-0.188264974992259
700024548	-0.199401408486436	-0.129440764107077	-0.160875546461484	-0.19311446657203	-0.163231000503917	-0.156537150332137	-0.194468892681424	-0.120565174217033	-0.20920492110872	-0.123345905403542	-0.151759245295037	-0.174491625745823	-0.115704215514641	-0.130314788727434	-0.126676495637553	-0.178418387995158	-0.12159084774698	-0.188956462966038	-0.186767881562998	-0.179320606885623	-0.164635607624516	-0.188701935470086	-0.170436135153264	-0.195460264179122	-0.207927467318593	-0.152375876122829	-0.145430507703992	-0.138563486609929	0	-0.119724806034122	-0.138149826469748	-0.20755656006814	-0.14477527519537	-0.125177374064035	-0.144595419897596	-0.151642952675595	-0.198120528754543	-0.162734209493971	-0.164337118399349	-0.117619261698291	-0.157155702961577	-0.121252045546474	-0.1819680041308	-0.197278695128711	-0.0930653966297615	-0.0871002821890768	-0.162628329731157	-0.122774160615129	-0.145064001840356	-0.172858771998273	-0.162906099328585	-0.189266351681892	-0.17982421037847	-0.136533489144487	-0.204644039348385	-0.132463179461465	-0.156206771736238	-0.21579212552188	-0.152500359687116	-0.196371010756478
700110161	-0.218118262253848	-0.137028398734485	-0.124344633493442	-0.238381992963886	-0.166274895329256	-0.114585381100789	-0.220305547773034	-0.0966660988318348	-0.19248095238277	-0.0925706201905783	-0.133821752242957	-0.15114840197887	-0.100643911706433	-0.120527489944275	-0.121698995934584	-0.165958114454233	-0.0992050024068493	-0.132368099620083	-0.197295149377857	-0.185325612194595	-0.203012214173472	-0.166695398788138	-0.1857339971362	-0.205196786652289	-0.219734168219508	-0.198825242077335	-0.11859101245075	-0.107864586220447	-0.119724806034122	0	-0.109344150922087	-0.183986455681799	-0.142240134351831	-0.081563267776242	-0.173782928118519	-0.156710927439821	-0.160714944395634	-0.125669612642643	-0.182348120984272	-0.140222365237105	-0.169534817718192	-0.0968581990298287	-0.165316519216939	-0.16909785256335	-0.11024706924115	-0.140915768227451	-0.161471965278674	-0.108909177070542	-0.121909767703021	-0.133227355807473	-0.154104746640119	-0.20621434650749	-0.20869406522045	-0.150434728748037	-0.241018525291622	-0.105421418385685	-0.169814443623944	-0.223718068290583	-0.131698980855086	-0.204541465323743
700023496	-0.195934889061773	-0.108741460481263	-0.10435937649489	-0.237139752707141	-0.15631709517041	-0.0808182865197106	-0.196424545505194	-0.108706652915235	-0.164338064995279	-0.0835392102923322	-0.0964364529706056	-0.115749499501186	-0.100722885576103	-0.0948509013069909	-0.128751534724986	-0.12828105695581	-0.0806690999148057	-0.0941350377299257	-0.153691948406977	-0.168276932345089	-0.160829312827273	-0.130503012787907	-0.159274358415465	-0.177134528708502	-0.193186288256234	-0.197972855507436	-0.11379989189489	-0.151715740329405	-0.138149826469748	-0.109344150922087	0	-0.151417890538629	-0.100600876195873	-0.0679805305158716	-0.173547683269442	-0.132687555886374	-0.133687105572137	-0.114818374428206	-0.167347724618051	-0.141946492803152	-0.127608723735557	-0.089714241367956	-0.118723497915151	-0.150426959173068	-0.089911499448934	-0.108743813596857	-0.120238414490116	-0.087818514492403	-0.0854487831597493	-0.110747098985449	-0.117924159346537	-0.201619923251188	-0.197801455564649	-0.107574064646958	-0.23077056809891	-0.091532597594979	-0.145635497729477	-0.197968762936384	-0.121420229114808	-0.179406619784021
700034628	-0.158025058954055	-0.159237865367759	-0.129904355306554	-0.213421962880593	-0.185360806389579	-0.164893208067593	-0.131605034480427	-0.174694862088888	-0.112162243295668	-0.164797955026458	-0.101179384692919	-0.119447960627481	-0.163645104215163	-0.181533355966004	-0.167257427510696	-0.129812877733531	-0.174408525993384	-0.162286809061799	-0.124858944889725	-0.137332640743301	-0.115257828215439	-0.0752384115209188	-0.163820951442285	-0.158277546638693	-0.110243827250901	-0.209608673671645	-0.186795755355867	-0.190193183989182	-0.20755656006814	-0.183986455681799	-0.151417890538629	0	-0.109073055428237	-0.144487230626747	-0.197737048405687	-0.0978262180585151	-0.187862916917559	-0.17657589633261	-0.158294243098309	-0.211326271375555	-0.160246002394357	-0.140228431423674	-0.145494000407147	-0.0765200404118645	-0.158662780152593	-0.190099699805109	-0.155661788855071	-0.13559365863397	-0.164130925670322	-0.0874199220947817	-0.111562557156723	-0.171865675028058	-0.155339688836968	-0.129361865159623	-0.204195400541541	-0.140229001536926	-0.123440423249257	-0.13425346430257	-0.109718560497217	-0.0963759737671044
700023645	-0.145116015216016	-0.115848360279236	-0.12191935684674	-0.184224990475312	-0.12980352845757	-0.129525137061146	-0.136318793210416	-0.132673202081719	-0.123602728081687	-0.11810371871439	-0.0730875773208605	-0.115978991640997	-0.128490487607448	-0.12174333318077	-0.15231507713159	-0.0827553823024241	-0.131339890803505	-0.127592997704222	-0.111368086459377	-0.111209173808209	-0.109608306286022	-0.0795395761712994	-0.138604332351312	-0.127193983123784	-0.135690889371205	-0.164040596359157	-0.128380388150556	-0.132847704421813	-0.14477527519537	-0.142240134351831	-0.100600876195873	-0.109073055428237	0	-0.0964650214473335	-0.146545296485763	-0.0873901198157622	-0.136830993291698	-0.152188457855644	-0.122671656315512	-0.170895704257473	-0.112146798834959	-0.109951008335342	-0.0969695456497037	-0.105781611458312	-0.106053766079322	-0.120187360379099	-0.107280936111211	-0.1045002188814	-0.113287140782313	-0.0960815671939838	-0.0865003624171772	-0.147521618048901	-0.14289847809605	-0.0944646070112022	-0.188187704075288	-0.10658738580255	-0.100127887016102	-0.1408854281285	-0.0964227934766965	-0.132131970200527
700038744	-0.194314028779162	-0.117176068445656	-0.097641035329838	-0.222850943552342	-0.152031972767541	-0.0903646318922137	-0.193386552755672	-0.0982507293046344	-0.16249623229156	-0.0709488383481385	-0.0901709682810728	-0.114764964739226	-0.088865543091074	-0.105899991158947	-0.133223831752756	-0.125805482527055	-0.0915139773356835	-0.102983990493287	-0.161850030092152	-0.165658202991189	-0.172159947889257	-0.119757340093074	-0.168649910310053	-0.17835283546261	-0.190908055344176	-0.193329009747427	-0.100416271888832	-0.122859666951026	-0.125177374064035	-0.081563267776242	-0.0679805305158716	-0.144487230626747	-0.0964650214473335	0	-0.169534226917477	-0.125717688435113	-0.135430403764535	-0.115325283552851	-0.161562189646139	-0.135169100024725	-0.143409597412776	-0.073968810409433	-0.126785407162084	-0.147110229210006	-0.0868744911744563	-0.121631134613045	-0.142213211038209	-0.0788178898748929	-0.0975319965472328	-0.100586923259504	-0.119485835590141	-0.193927335224977	-0.195643743273948	-0.118522876576068	-0.227281500317369	-0.0854996500344424	-0.148365161581017	-0.196327820181064	-0.107639644062931	-0.185419211467932
