700108602	700014971	700033565	700109389	700023058	700023927	700106341	700114221	700023543	700023439	700016978	700024192	700113058	700099448	700109870	700033928	700023693	700109627	700095416	700110425	700111580	700111302	700098605	700111991	700108960	700024452	700032931	700095837	700024548	700110161	700023496	700034628	700023645	700038744	700038485	700024743	700099596	700110760	700101587	700106399	700032322	700095653	700021312	700101230	700023590	700038905	700033136	700023382	700096424	700105469	700016908	700096053	700108479	700109569	700033814	700016125	700109756	700102665	700101777	700109455
700108602	0	0.151616935407724	0.161275842456311	0.109897773927351	0.11603805367745	0.162174039371757	0.0915419540517789	0.186907256189888	0.103522413853416	0.166660749967143	0.131783373512416	0.157247809470868	0.159789654535428	0.156447330737616	0.159389912002777	0.11393381967906	0.180668219219803	0.159886047060092	0.0909143358748064	0.101168741481084	0.0950905435577447	0.111983175510945	0.106709522971176	0.0858745629404526	0.0978104400230295	0.117279621951316	0.155730481428237	0.131592610010232	0.146079871506463	0.167648338867096	0.169379366073205	0.114422669531953	0.114632185107181	0.153022328393457	0.128175041582064	0.109473702692906	0.12914169066776	0.174740441813717	0.0870300452898454	0.180986327290624	0.108207486543545	0.154162033360647	0.131312807805643	0.125385890632539	0.150088080359491	0.131246866853979	0.118157979980615	0.153677248740854	0.14143887131485	0.141244778627944	0.115003293905901	0.0972693249087558	0.103465959863246	0.115581990833071	0.0991138561334677	0.150878557860937	0.107813455541621	0.0973690026579295	0.133731643405633	0.106027649823986
700014971	0.151616935407724	0	0.146859703204061	0.156440303674322	0.122564054038911	0.132903547043282	0.154129544094334	0.148026251192727	0.153816485181616	0.12094862509519	0.12497707350193	0.151534411341862	0.136848348747123	0.113620248384178	0.140649066239453	0.1401887842893	0.125284006345861	0.15556996993042	0.15325324945413	0.140000840670292	0.134043814207133	0.130253678539469	0.124127479111024	0.152405568898018	0.148157873799957	0.142001485446892	0.133062836013111	0.133997216559233	0.122750881954145	0.130530906531285	0.125611910401556	0.145826262820544	0.116997583509707	0.121220649021068	0.148908138552446	0.122292239435802	0.141975270402845	0.145770434918356	0.145924808583078	0.134735315799464	0.142528598514159	0.134842381033579	0.127353376742484	0.140525093273264	0.123361254089217	0.108412203477617	0.115808175278265	0.1241285580223	0.113245453534176	0.13136286554307	0.131695267591006	0.153979956482507	0.147101335595524	0.120490358366503	0.164706472441915	0.123761024979331	0.129784070228727	0.146160028027404	0.120800989432822	0.148067401486414
700033565	0.161275842456311	0.146859703204061	0	0.155067067783417	0.153646770688264	0.0704235920116121	0.146920190409465	0.114439404889236	0.154555007926299	0.10605336087723	0.0982802067560277	0.0677770430956058	0.107572884672842	0.133553956538924	0.084691303025304	0.107616401605723	0.106549085454053	0.101131224916031	0.14720538551737	0.14313585701447	0.142996370786922	0.0962502108414388	0.143750267528609	0.147984430907592	0.135688709351681	0.160756336326485	0.146102450163894	0.146407216171518	0.119209219338192	0.108195254240706	0.0961323932823311	0.109125504835988	0.109814837168949	0.0905855721644434	0.162800124767745	0.106303940738021	0.1357283084191	0.0908960346511792	0.163450723085104	0.117986589260002	0.14668437031782	0.075975644076139	0.141016007580055	0.126053590013761	0.115106122740047	0.118034993334863	0.145603273610302	0.0869890200104733	0.10126013469394	0.0822430445074988	0.0787592126608027	0.167008038982042	0.153204257839396	0.119339367765576	0.188974291311749	0.111913024636648	0.137548483834355	0.1541506279986	0.0912421767663828	0.140880223814262
700109389	0.109897773927351	0.156440303674322	0.155067067783417	0	0.130633670233728	0.163350262335876	0.0935529054890419	0.187882798472152	0.140286563860491	0.178505690611903	0.145744968266851	0.143961237542802	0.170113252149424	0.161054490387002	0.142415289833546	0.129797472782797	0.182775385254255	0.188817049095228	0.133622508756092	0.0922532155666634	0.108043949083217	0.139417943469468	0.106191160211633	0.129057737101244	0.104206462968426	0.11833984156415	0.184653575228748	0.148827463111548	0.129900326261697	0.16173237132976	0.179024296327143	0.14144372773595	0.135627705132661	0.156506048158704	0.12686653596188	0.120325295794884	0.175686379115073	0.164365053367688	0.117582590056422	0.168265371585214	0.133326438168579	0.158446250486742	0.154119402573482	0.128135142693034	0.158769447589235	0.142174688748649	0.144303166423792	0.15149115620537	0.153202885673572	0.140409825282489	0.122891111756967	0.109973390975136	0.0784939623008237	0.142377720815203	0.11688241400473	0.171069212530476	0.1081031461174	0.0864959056910937	0.113649424323992	0.104141615308286
700023058	0.11603805367745	0.122564054038911	0.153646770688264	0.130633670233728	0	0.134800418513192	0.112318337475291	0.168940676258024	0.102028878828331	0.144257402453135	0.121971117861238	0.146856442330786	0.149116528573426	0.129529526838479	0.139502607140383	0.110891268126684	0.162792665766318	0.148262966198857	0.114109398729902	0.111485283037806	0.11463440328	0.124533464735749	0.104611057874525	0.122739101194896	0.117894682367596	0.100327604117724	0.14724361295401	0.123099140703009	0.127209747489742	0.135758403396666	0.141781032184518	0.135546389507714	0.117735890009982	0.132729968555852	0.104258469069383	0.113244315757619	0.116658170517474	0.141045743921748	0.0976156948196117	0.160211010119214	0.12231194168839	0.138534274095844	0.11457803448595	0.12063468390575	0.130269495134277	0.111340229742346	0.111791733323147	0.137016523487482	0.122126164316632	0.132575086187344	0.120611547404532	0.106170849525902	0.111473450488791	0.101914876662318	0.120588861946022	0.144401485570521	0.118960375515179	0.112738468042954	0.125794057510278	0.114290053979409
700023927	0.162174039371757	0.132903547043282	0.0704235920116121	0.163350262335876	0.134800418513192	0	0.149463125068342	0.120103728987415	0.154375147092918	0.0913190042031321	0.102348312252816	0.0876799281965226	0.104661969010565	0.101687633784522	0.0854937576185613	0.123347995658863	0.112558325928391	0.0827197138554571	0.144592333225684	0.14450399663667	0.13439606721733	0.10860140340027	0.131898860211458	0.1425079714268	0.131930080699843	0.158095256928449	0.140810006903319	0.154901287092388	0.109351574848023	0.0955312542381284	0.074887194155548	0.115756127853932	0.112238878521127	0.0786904802180667	0.164220005225459	0.104518734944794	0.120543142278189	0.0710386881570416	0.162426492865198	0.116283904696774	0.142461615736187	0.0879460313902264	0.120668477119425	0.135326694565125	0.100086519827075	0.110903581876646	0.138766901996376	0.0881765122674355	0.0754350397211125	0.0836882402254775	0.0970140485376282	0.163637852623513	0.159434111614246	0.112856960910209	0.184922402844226	0.106195235083155	0.129166897070257	0.152324524300235	0.09508645862309	0.138080362122066
700106341	0.0915419540517789	0.154129544094334	0.146920190409465	0.0935529054890419	0.112318337475291	0.149463125068342	0	0.18450992919678	0.088662652168525	0.169090613638808	0.126866929463592	0.134794781246335	0.15813674033225	0.152516322508492	0.140577869105888	0.115151716095473	0.178330543372277	0.183483909243543	0.104797864076609	0.0770979970558977	0.0857109639136683	0.10508491962252	0.107241772231189	0.114443443785966	0.0755049983448372	0.118773988180259	0.175542145142119	0.152867837060618	0.135445305988861	0.160301334407503	0.163824463460976	0.0859792147828975	0.115759275432228	0.145396782652206	0.125961997291558	0.0841970261972445	0.161752794304349	0.165556728394343	0.0811477818622999	0.171141550210145	0.129305532735149	0.147988289749531	0.129091065575182	0.0976871187492357	0.14160207020838	0.14051024945649	0.126510407738087	0.137489986950534	0.145903133017087	0.119567716698763	0.109987404869472	0.0699794290703162	0.082643132983773	0.124692761486442	0.112457333449535	0.154512664337956	0.0959390361544357	0.0610612642264135	0.113539547505259	0.0738981301817703
700114221	0.186907256189888	0.148026251192727	0.114439404889236	0.187882798472152	0.168940676258024	0.120103728987415	0.18450992919678	0	0.187765960877816	0.0882225997025086	0.141858314643183	0.116766401290703	0.100819477392444	0.152872237617675	0.103778789599298	0.151465031105152	0.0791488324782678	0.140860591897561	0.182123291724191	0.174214759192967	0.172246132481546	0.142603599754615	0.176626664401806	0.19418024913598	0.179977670016444	0.179806236803992	0.151241110707953	0.157409036138895	0.121027568198746	0.121156112428134	0.114309321112625	0.154941475637007	0.12974777032544	0.12357802840675	0.187813051134482	0.137912746876252	0.155774069328766	0.10087559635871	0.18494196235342	0.0885589460265618	0.16114233035861	0.092562787550119	0.163922095850799	0.158561517276746	0.1176653776383	0.133157579463201	0.14683825231939	0.0952658258891871	0.138379107451163	0.119062749141998	0.138368955314967	0.198117791301528	0.193605261004928	0.153056725970455	0.215383705294762	0.112214781040829	0.152932839807775	0.194545323605236	0.128458261520422	0.176142534065654
700023543	0.103522413853416	0.153816485181616	0.154555007926299	0.140286563860491	0.102028878828331	0.154375147092918	0.088662652168525	0.187765960877816	0	0.165003434368128	0.12380890486204	0.149343155239039	0.163942580815511	0.150961423004605	0.152678064756031	0.0988705387409035	0.18319122601665	0.167785498935342	0.0989532680947126	0.117532283593622	0.105515577724889	0.107588084396681	0.114996718834411	0.112148879660619	0.105763729121058	0.110450521799989	0.153420561366972	0.130440716397975	0.164147183480601	0.161829489912102	0.160663485473274	0.100751615075218	0.125904970406598	0.147378761038678	0.116834417633155	0.116186870453631	0.146984896530271	0.170412994640242	0.0737076845710772	0.179876560451047	0.123033751287706	0.152515171455091	0.137601510612945	0.106733751945441	0.146928774831476	0.138667943272797	0.111794648271379	0.146727868942314	0.146586920244346	0.129384832609729	0.118550643008257	0.0816165507221537	0.107330686006048	0.118648266723603	0.115104879730267	0.150501590702854	0.125905750571182	0.100615416442264	0.139127151765633	0.0973051932994672
700023439	0.166660749967143	0.12094862509519	0.10605336087723	0.178505690611903	0.144257402453135	0.0913190042031321	0.169090613638808	0.0882225997025086	0.165003434368128	0	0.11584567291871	0.116111180591299	0.0937650050982253	0.119925466853954	0.101852152085884	0.135129414405692	0.0823696553160935	0.106793700809303	0.157701229094653	0.162449562918014	0.14233125457629	0.12788789837851	0.14414113292879	0.156525277411581	0.161855448585653	0.164139253689712	0.135255452509144	0.142256619757531	0.113252534983581	0.110207451506039	0.0850652792811951	0.134426223267936	0.111890116684843	0.0964980955637363	0.164381792996698	0.120104074875858	0.124988231143034	0.0836468026538521	0.167816442452542	0.0961398253726592	0.134905799549677	0.0924361162417157	0.134119649591788	0.144239001765354	0.105531022130947	0.103965912896147	0.134076875825757	0.0948821254109465	0.102452422938091	0.109247948326703	0.116265534576195	0.176406991759735	0.171301503237308	0.121696672267204	0.183750872783038	0.0993643879598217	0.133341004079916	0.166215802607785	0.114038716451245	0.15619611387532
700016978	0.131783373512416	0.12497707350193	0.0982802067560277	0.145744968266851	0.121971117861238	0.102348312252816	0.126866929463592	0.141858314643183	0.12380890486204	0.11584567291871	0	0.0969035795175839	0.114703606576721	0.122697441353076	0.118371375974734	0.0909393506931372	0.12753269825215	0.123761310958848	0.12844703038048	0.114334994063951	0.113309957234282	0.0802485588517846	0.129973097183472	0.12057646367207	0.11058707679022	0.149536642578578	0.133796958507973	0.117463831754707	0.126628586464759	0.117050796685724	0.100892312081487	0.102175189242651	0.090916642531952	0.0848030010079449	0.155908871565323	0.0982957685938852	0.128460384653933	0.125041091374901	0.132616830156081	0.135549083692542	0.115833892840644	0.0897681271547906	0.101856434908675	0.10502891302857	0.113814713263711	0.120669462915367	0.130846883078678	0.0968310166164969	0.0932594398594693	0.100259656150638	0.090701060430202	0.14239735527357	0.135207921065666	0.0937935907478194	0.152780814296456	0.115890995318967	0.108259580013111	0.130170432919351	0.0989502576681246	0.124764553292385
700024192	0.157247809470868	0.151534411341862	0.0677770430956058	0.143961237542802	0.146856442330786	0.0876799281965226	0.134794781246335	0.116766401290703	0.149343155239039	0.116111180591299	0.0969035795175839	0	0.0964097039822588	0.144293996159866	0.0820673393192244	0.0968637854205198	0.119855158142837	0.125500718336468	0.137932154846566	0.135970776153567	0.130203182593681	0.0909735646927075	0.136433316459612	0.161842220516531	0.126055450390334	0.157019400164394	0.152429332814091	0.141043804456269	0.112085342366809	0.118435251350183	0.106244680637614	0.092003543163116	0.0920830238793507	0.086501154415086	0.16632071174795	0.100172827764991	0.143423468902722	0.0980431881208968	0.160881724741442	0.106376831271261	0.139614347547669	0.0685511284875313	0.144007421799751	0.11477459727339	0.09760185215771	0.118431981782008	0.145524387857743	0.0722770846857353	0.115060721111439	0.0700854103460226	0.0744293298555411	0.161324980784795	0.151798404282739	0.127992751501747	0.191506195834854	0.103873777430115	0.123301618569165	0.147122445027905	0.0796982025116748	0.131214781695213
700113058	0.159789654535428	0.136848348747123	0.107572884672842	0.170113252149424	0.149116528573426	0.104661969010565	0.15813674033225	0.100819477392444	0.163942580815511	0.0937650050982253	0.114703606576721	0.0964097039822588	0	0.130883390394363	0.0871890673938113	0.121375923392874	0.0950903732137917	0.136315821668579	0.156897001190494	0.145979401934362	0.144456767867013	0.113726022731566	0.153712175494633	0.175302387440768	0.152661098247975	0.164163883166879	0.141329924335181	0.123100688960684	0.0977463197743606	0.096012043535039	0.103551963727321	0.117309265023459	0.109959062070818	0.0865893179757645	0.172881372439402	0.126621359956122	0.130114930543585	0.106683698955692	0.163194668213944	0.0907922034628166	0.140212487074709	0.0763135840562251	0.149613942965037	0.140357861291359	0.0952959883018664	0.109847755279112	0.142631711218682	0.0824563721680678	0.119882578285576	0.0971867423452399	0.111610205242864	0.172675177136272	0.167010314237923	0.141048330760967	0.198244156640564	0.0769774042721229	0.127511480802694	0.167374317285557	0.109537090355518	0.146020941654621
700099448	0.156447330737616	0.113620248384178	0.133553956538924	0.161054490387002	0.129529526838479	0.101687633784522	0.152516322508492	0.152872237617675	0.150961423004605	0.119925466853954	0.122697441353076	0.144293996159866	0.130883390394363	0	0.123726475438358	0.142927728772359	0.135834185552969	0.12074165008949	0.146465150170283	0.143045078956046	0.138264414529323	0.143250634709693	0.114837522450949	0.135967594141093	0.14929808036417	0.132499391882779	0.134092385449873	0.13923528184339	0.123204483631087	0.0971589932161487	0.102177438446088	0.150022677192939	0.126299405776128	0.105155912020291	0.142163769212788	0.131302227523113	0.121460794774881	0.114841886100822	0.143937845318871	0.141502506066382	0.15480448089986	0.130659811205756	0.115728962588729	0.149685209515688	0.134056135973963	0.118134730677413	0.137304186400878	0.126699329343897	0.0852442699234901	0.131598255856393	0.12640708850161	0.139024181435983	0.154653742361919	0.131159001015061	0.15477321890534	0.133080016806628	0.130878027152261	0.143682451361214	0.109396480272205	0.145544321886473
700109870	0.159389912002777	0.140649066239453	0.084691303025304	0.142415289833546	0.139502607140383	0.0854937576185613	0.140577869105888	0.103778789599298	0.152678064756031	0.101852152085884	0.118371375974734	0.0820673393192244	0.0871890673938113	0.123726475438358	0	0.120405866418496	0.104278288473951	0.131909542933491	0.14956682413389	0.131262206219499	0.12921342750444	0.115246154831876	0.122046583317226	0.165620163493618	0.133953577623554	0.156115644164694	0.152814246249195	0.135782360801237	0.0958847527362311	0.0866396770182989	0.115796363700632	0.111504990047331	0.122429234629045	0.0994181774833551	0.16602049011853	0.118330892718652	0.140711214269299	0.0733332415836301	0.155894783177134	0.0976660686111974	0.152143424897978	0.0821573611947896	0.150143022913225	0.124976795944965	0.0965561300110943	0.108205502984821	0.140865924780909	0.0800135174402341	0.110836173252505	0.0798042815037243	0.0983857792250393	0.156157960242984	0.147705387395952	0.130516543871504	0.185502135399968	0.0969755702351208	0.115897597935014	0.147621368480453	0.0870239697175054	0.1249533380626
700033928	0.11393381967906	0.1401887842893	0.107616401605723	0.129797472782797	0.110891268126684	0.123347995658863	0.115151716095473	0.151465031105152	0.0988705387409035	0.135129414405692	0.0909393506931372	0.0968637854205198	0.121375923392874	0.142927728772359	0.120405866418496	0	0.140966278866987	0.135852090953586	0.11247328062073	0.110224882127492	0.0980581588226398	0.0858144611083372	0.120249578290783	0.106763476676288	0.100770360592356	0.127607662475336	0.142970236017583	0.106335032112555	0.127287097071393	0.133859345031248	0.131481552103677	0.0960330260992908	0.0956451748804391	0.107435368727348	0.130473076485862	0.107407618896886	0.128702777763718	0.137418730569645	0.10955616843451	0.141050210910491	0.0982463127703835	0.0971024841089985	0.130725223502132	0.10391936939345	0.11208196447454	0.118125323844978	0.114954816488017	0.106417071225899	0.108849055262114	0.0921246965525256	0.0835481579063525	0.119609132688646	0.107756143268528	0.105498877659058	0.137696455538309	0.115060611830515	0.110411154501293	0.113778748320286	0.0998817581262282	0.103317990736349
700023693	0.180668219219803	0.125284006345861	0.106549085454053	0.182775385254255	0.162792665766318	0.112558325928391	0.178330543372277	0.0791488324782678	0.18319122601665	0.0823696553160935	0.12753269825215	0.119855158142837	0.0950903732137917	0.135834185552969	0.104278288473951	0.140966278866987	0	0.130125767360984	0.175922529335505	0.171820488155268	0.160765310804136	0.129742318810858	0.166195005399371	0.182533864892225	0.176755737723672	0.174674434329957	0.145556717539211	0.155217636849549	0.10374798946041	0.115009697636399	0.0917702532107018	0.144182844874638	0.123441147421405	0.111950716448486	0.18239353061267	0.128546200691522	0.141773987181985	0.111879575466496	0.181851372819719	0.0894467987939081	0.151552347125403	0.0877236546163763	0.139802477723379	0.155801120706703	0.101758541705189	0.11570219546042	0.141155758869404	0.097703016044337	0.11553111622875	0.117327638738942	0.132292338916754	0.194748953480294	0.178647508542338	0.13435676726027	0.210005150898197	0.105172775630865	0.143759925134073	0.188118770494265	0.124769901195837	0.169591376277521
700109627	0.159886047060092	0.15556996993042	0.101131224916031	0.188817049095228	0.148262966198857	0.0827197138554571	0.183483909243543	0.140860591897561	0.167785498935342	0.106793700809303	0.123761310958848	0.125500718336468	0.136315821668579	0.12074165008949	0.131909542933491	0.135852090953586	0.130125767360984	0	0.161829085690621	0.171660909926858	0.160293027318034	0.134528438212065	0.153599163388248	0.139881404072942	0.159431219987522	0.171103499259429	0.14193009569295	0.159916868680611	0.153038645547525	0.132433885013568	0.0990951193673539	0.144715400328372	0.130800338414887	0.110722073719849	0.166246625015633	0.142297360305899	0.111477327975881	0.0940657633563853	0.177419787446409	0.147179094330153	0.152202254167794	0.117873827620197	0.133779133044009	0.150672642748199	0.143948505695342	0.133448753476757	0.160164440024397	0.129375490758012	0.0946007624634012	0.126356013460031	0.119212089994916	0.183358349163084	0.182358928064234	0.132820517272129	0.185936515086497	0.131592139915916	0.163227019772857	0.179187993412986	0.135671990767858	0.168796233932479
700095416	0.0909143358748064	0.15325324945413	0.14720538551737	0.133622508756092	0.114109398729902	0.144592333225684	0.104797864076609	0.182123291724191	0.0989532680947126	0.157701229094653	0.12844703038048	0.137932154846566	0.156897001190494	0.146465150170283	0.14956682413389	0.11247328062073	0.175922529335505	0.161829085690621	0	0.111487007762698	0.0955624810481446	0.115888490324256	0.106151388788844	0.0991586619774005	0.107534823495802	0.118004467016119	0.157443402633779	0.131043277241565	0.150630325289224	0.158008022722546	0.149721591211339	0.110826613095496	0.105461851669655	0.145735358859977	0.122117068992305	0.111490547303363	0.12911708414217	0.162242402528179	0.0993236043805998	0.170054203189631	0.104696873136357	0.140152033510215	0.123765524231169	0.125758622449213	0.133930651076625	0.123759095398845	0.118851534266344	0.144820970925212	0.141612336337086	0.12897053726463	0.108803929753412	0.10237767581034	0.122012015828609	0.116563847754643	0.122365028846881	0.145059021161458	0.11783654286069	0.0986306848163418	0.130108274580629	0.111447831179924
700110425	0.101168741481084	0.140000840670292	0.14313585701447	0.0922532155666634	0.111485283037806	0.14450399663667	0.0770979970558977	0.174214759192967	0.117532283593622	0.162449562918014	0.114334994063951	0.135970776153567	0.145979401934362	0.143045078956046	0.131262206219499	0.110224882127492	0.171820488155268	0.171660909926858	0.111487007762698	0	0.0814730117068911	0.105542622984942	0.0986304161481036	0.116333939088961	0.0607979096196624	0.133210753362489	0.158702572757742	0.131832801986318	0.126401750978039	0.136238873831391	0.156330526265221	0.110931262485436	0.111605526552123	0.13525879677616	0.135930783316237	0.0958098584693181	0.157427440675259	0.161449545660683	0.106994732665478	0.166419574527686	0.131520476594663	0.133572024202132	0.13146782228423	0.0890826229255497	0.134587524378288	0.135380616531588	0.127948423597409	0.133679407354134	0.132355327563346	0.118481482742094	0.112316820996602	0.0846387836352323	0.0675156899085729	0.120851649830443	0.126449905727317	0.143259336220351	0.0819427587663725	0.0709890423183489	0.102408591867885	0.0760342260293761
700111580	0.0950905435577447	0.134043814207133	0.142996370786922	0.108043949083217	0.11463440328	0.13439606721733	0.0857109639136683	0.172246132481546	0.105515577724889	0.14233125457629	0.113309957234282	0.130203182593681	0.144456767867013	0.138264414529323	0.12921342750444	0.0980581588226398	0.160765310804136	0.160293027318034	0.0955624810481446	0.0814730117068911	0	0.0947127715232784	0.0921970040907698	0.101181514797213	0.0692054703114769	0.131429619851941	0.159440275270204	0.142965239004153	0.120504616879119	0.146233247698426	0.147654177648572	0.096384138140284	0.0999337796643246	0.131847837513252	0.137792375309903	0.0902173223581754	0.156060685590548	0.152808403557303	0.108166813354243	0.154457450128938	0.117097598038233	0.126408543538476	0.128423081238382	0.112411354842366	0.121142500094943	0.112405630002605	0.120378891349885	0.118470075063494	0.116525657948589	0.112308778697501	0.106795941000385	0.0907872909752903	0.097604842255651	0.106627256703459	0.120382253238207	0.130203642993017	0.0718334327823949	0.0738916865970582	0.0988222543634994	0.0795194585065515
700111302	0.111983175510945	0.130253678539469	0.0962502108414388	0.139417943469468	0.124533464735749	0.10860140340027	0.10508491962252	0.142603599754615	0.107588084396681	0.12788789837851	0.0802485588517846	0.0909735646927075	0.113726022731566	0.143250634709693	0.115246154831876	0.0858144611083372	0.129742318810858	0.134528438212065	0.115888490324256	0.105542622984942	0.0947127715232784	0	0.1250222890105	0.12441293962559	0.089488266556066	0.149604699738112	0.139750845385133	0.135234527290057	0.128683979675522	0.129307327990888	0.109747130824739	0.0624779604477564	0.0842871400794878	0.0967103087625674	0.15756229706369	0.0791258886921001	0.135627132512442	0.13703974924394	0.120953587852799	0.131199554551345	0.131820804779455	0.0901122311160813	0.120537748457872	0.101945252490355	0.105253000838595	0.124142906702106	0.125681763602814	0.0950670806878532	0.106563078375492	0.0743335372465124	0.0837036208615949	0.127650175284447	0.126692442219422	0.103984806521897	0.161198344079809	0.106824422364601	0.0980322411766529	0.118983649808717	0.0913533118919857	0.104094618226999
700098605	0.106709522971176	0.124127479111024	0.143750267528609	0.106191160211633	0.104611057874525	0.131898860211458	0.107241772231189	0.176626664401806	0.114996718834411	0.14414113292879	0.129973097183472	0.136433316459612	0.153712175494633	0.114837522450949	0.122046583317226	0.120249578290783	0.166195005399371	0.153599163388248	0.106151388788844	0.0986304161481036	0.0921970040907698	0.1250222890105	0	0.112217537034622	0.106473468852232	0.113715674942973	0.144196834954453	0.130950864926521	0.135069642491762	0.133501537127793	0.147140203522998	0.11516938079091	0.123352424400829	0.138822703234295	0.120695446590437	0.107476223195115	0.132436116822536	0.134460753233099	0.108790647317993	0.158156615742325	0.132586346484323	0.144589269585207	0.128454388275453	0.109025358904755	0.147344288934442	0.118392392817564	0.118464356421541	0.135966423366687	0.12439355221639	0.119103958104572	0.114900902813595	0.0963951014234724	0.100658249027881	0.116410834643823	0.113428618866778	0.143223407957799	0.110522650123741	0.0907436162414699	0.108683875506449	0.0807124164988435
700111991	0.0858745629404526	0.152405568898018	0.147984430907592	0.129057737101244	0.122739101194896	0.1425079714268	0.114443443785966	0.19418024913598	0.112148879660619	0.156525277411581	0.12057646367207	0.161842220516531	0.175302387440768	0.135967594141093	0.165620163493618	0.106763476676288	0.182533864892225	0.139881404072942	0.0991586619774005	0.116333939088961	0.101181514797213	0.12441293962559	0.112217537034622	0	0.107906417790212	0.115680709310117	0.149910708588633	0.136275198295069	0.158170572243736	0.165801638830525	0.148991133792335	0.135485941770329	0.126683133007814	0.143311269331742	0.130482400505709	0.122194925772239	0.134536409620465	0.162322633339379	0.107040586492062	0.186985846526593	0.111178735978884	0.158733374934055	0.124191745863931	0.138831786864262	0.154448797280688	0.136051251009572	0.124686683846184	0.15729743122345	0.121990681035502	0.145621289310451	0.123764724783129	0.112342616532029	0.119111845462675	0.109465880740499	0.100105365571697	0.162927981207354	0.118936245607284	0.106343542345155	0.137792349730456	0.113631158054926
700108960	0.0978104400230295	0.148157873799957	0.135688709351681	0.104206462968426	0.117894682367596	0.131930080699843	0.0755049983448372	0.179977670016444	0.105763729121058	0.161855448585653	0.11058707679022	0.126055450390334	0.152661098247975	0.14929808036417	0.133953577623554	0.100770360592356	0.176755737723672	0.159431219987522	0.107534823495802	0.0607979096196624	0.0692054703114769	0.089488266556066	0.106473468852232	0.107906417790212	0	0.139317960819362	0.175871215515173	0.14451750153139	0.13150388061457	0.146035273743067	0.158670758983251	0.0866151485549123	0.115542677013443	0.132902527736226	0.146831790642293	0.0888261840144198	0.162950166997642	0.15723400037261	0.106903773943707	0.164441303189536	0.134086507434062	0.13290982971224	0.134882566080341	0.0923054341521524	0.133812672708472	0.137686248176525	0.137815341872539	0.132339474339935	0.126896325272208	0.104300872628699	0.0981310980692388	0.0863926660445749	0.0787375651838348	0.116016428626687	0.121383474932306	0.143443539231548	0.0823155872080864	0.0706022523907408	0.0953557633966481	0.0670623687048043
700024452	0.117279621951316	0.142001485446892	0.160756336326485	0.11833984156415	0.100327604117724	0.158095256928449	0.118773988180259	0.179806236803992	0.110450521799989	0.164139253689712	0.149536642578578	0.157019400164394	0.164163883166879	0.132499391882779	0.156115644164694	0.127607662475336	0.174674434329957	0.171103499259429	0.118004467016119	0.133210753362489	0.131429619851941	0.149604699738112	0.113715674942973	0.115680709310117	0.139317960819362	0	0.161455007618678	0.121762694496291	0.114435804431109	0.151594882717394	0.16751311102573	0.150247688034713	0.129338980771571	0.149418709307067	0.0718032493655438	0.128139941242957	0.142292846074829	0.160540087100501	0.101997596692562	0.16574622295556	0.124963096318281	0.152197617917969	0.144352701461024	0.139261148371457	0.142279424564185	0.108973175426115	0.11243026297914	0.154729168882367	0.149434619589061	0.1490820553885	0.128985879393649	0.103781815355321	0.123344081996645	0.139493626824781	0.108839306420329	0.163688183606982	0.135861886786666	0.127777451053169	0.134699014501256	0.13137370432847
700032931	0.155730481428237	0.133062836013111	0.146102450163894	0.184653575228748	0.14724361295401	0.140810006903319	0.175542145142119	0.151241110707953	0.153420561366972	0.135255452509144	0.133796958507973	0.152429332814091	0.141329924335181	0.134092385449873	0.152814246249195	0.142970236017583	0.145556717539211	0.14193009569295	0.157443402633779	0.158702572757742	0.159440275270204	0.139750845385133	0.144196834954453	0.149910708588633	0.175871215515173	0.161455007618678	0	0.129902139075429	0.145574595719587	0.143654052450183	0.131103010526914	0.157825195976409	0.130300532408556	0.133307955651198	0.157638287635737	0.141974875802296	0.135832668844932	0.14560776892481	0.151092916207949	0.15126937043728	0.152860735449829	0.134582805573462	0.137870412335369	0.147588534629206	0.146457674459716	0.135013459551122	0.123103850380213	0.139670019466246	0.129957160375171	0.139434998177623	0.142075058401556	0.164439535173467	0.167451702127858	0.134530664449298	0.155854396457352	0.147345160956741	0.156911413447262	0.172603059946309	0.140948080584467	0.165896309274111
700095837	0.131592610010232	0.133997216559233	0.146407216171518	0.148827463111548	0.123099140703009	0.154901287092388	0.152867837060618	0.157409036138895	0.130440716397975	0.142256619757531	0.117463831754707	0.141043804456269	0.123100688960684	0.13923528184339	0.135782360801237	0.106335032112555	0.155217636849549	0.159916868680611	0.131043277241565	0.131832801986318	0.142965239004153	0.135234527290057	0.130950864926521	0.136275198295069	0.14451750153139	0.121762694496291	0.129902139075429	0	0.114356141821696	0.117263138204545	0.150649762699136	0.145324043787954	0.120949277966208	0.120961779159803	0.130968276556417	0.134936906317207	0.132616339597612	0.157112464732094	0.12520062876474	0.143724017943148	0.128167605656189	0.124867880879193	0.145788438059517	0.126563139950686	0.133489471951509	0.117619408367522	0.121755966996333	0.130492819849489	0.143414765589257	0.136678451025297	0.120392825976156	0.147281841866123	0.143213478414611	0.143283445327867	0.145348523354092	0.132966315821626	0.135351020775692	0.14666749992648	0.132715515759523	0.142614382140737
700024548	0.146079871506463	0.122750881954145	0.119209219338192	0.129900326261697	0.127209747489742	0.109351574848023	0.135445305988861	0.121027568198746	0.164147183480601	0.113252534983581	0.126628586464759	0.112085342366809	0.0977463197743606	0.123204483631087	0.0958847527362311	0.127287097071393	0.10374798946041	0.153038645547525	0.150630325289224	0.126401750978039	0.120504616879119	0.128683979675522	0.135069642491762	0.158170572243736	0.13150388061457	0.114435804431109	0.145574595719587	0.114356141821696	0	0.100590194494917	0.124254171698955	0.135204261789602	0.110191970326786	0.101457576262967	0.133643625206623	0.0992167782917076	0.144801587741431	0.111680624633266	0.143384435948353	0.100233851944726	0.131759284949081	0.0917402277369568	0.13452224380781	0.135291408029068	0.0834904209878126	0.0832981321015931	0.123459607787631	0.098652808673353	0.119378186273277	0.111283746893776	0.106894316898515	0.147077566998456	0.134409792994537	0.12594366630467	0.161460225803449	0.111066897516224	0.112533502765742	0.143163616298435	0.0999238020090768	0.139329637344904
700110161	0.167648338867096	0.130530906531285	0.108195254240706	0.16173237132976	0.135758403396666	0.0955312542381284	0.160301334407503	0.121156112428134	0.161829489912102	0.110207451506039	0.117050796685724	0.118435251350183	0.096012043535039	0.0971589932161487	0.0866396770182989	0.133859345031248	0.115009697636399	0.132433885013568	0.158008022722546	0.136238873831391	0.146233247698426	0.129307327990888	0.133501537127793	0.165801638830525	0.146035273743067	0.151594882717394	0.143654052450183	0.117263138204545	0.100590194494917	0	0.105897675973269	0.137034957091522	0.124456925100194	0.0855392434142171	0.163801347506868	0.133251733903731	0.133162677500533	0.100449321365875	0.162250824997722	0.11479737443098	0.160075531070533	0.0902898231400359	0.135687478270758	0.135533570816191	0.112767348913366	0.118681257478733	0.13981988511084	0.100131707238783	0.103740685090267	0.106114716030255	0.123369005537999	0.161231741474909	0.157566118818872	0.131497327963607	0.184687114209813	0.107918724271097	0.123843654511958	0.157965582421367	0.105992002196303	0.144209616608701
700023496	0.169379366073205	0.125611910401556	0.0961323932823311	0.179024296327143	0.141781032184518	0.074887194155548	0.163824463460976	0.114309321112625	0.160663485473274	0.0850652792811951	0.100892312081487	0.106244680637614	0.103551963727321	0.102177438446088	0.115796363700632	0.131481552103677	0.0917702532107018	0.0990951193673539	0.149721591211339	0.156330526265221	0.147654177648572	0.109747130824739	0.147140203522998	0.148991133792335	0.158670758983251	0.16751311102573	0.131103010526914	0.150649762699136	0.124254171698955	0.105897675973269	0	0.129684864871612	0.107417110024941	0.0854207261671679	0.166648546451505	0.119773489781725	0.116717020350953	0.0969719994041447	0.169264441775872	0.114919840923884	0.13909157856397	0.0897521187475602	0.105135152046308	0.141678289037241	0.103835072147946	0.116144351984536	0.136123319757021	0.0932936373178014	0.0900898607203534	0.10643765731354	0.112411681275092	0.178002039352576	0.173497647365731	0.112682525858007	0.193651290109575	0.10040826183904	0.137495947297179	0.169287924846248	0.123355255415522	0.15918220550898
700034628	0.114422669531953	0.145826262820544	0.109125504835988	0.14144372773595	0.135546389507714	0.115756127853932	0.0859792147828975	0.154941475637007	0.100751615075218	0.134426223267936	0.102175189242651	0.092003543163116	0.117309265023459	0.150022677192939	0.111504990047331	0.0960330260992908	0.144182844874638	0.144715400328372	0.110826613095496	0.110931262485436	0.096384138140284	0.0624779604477564	0.11516938079091	0.135485941770329	0.0866151485549123	0.150247688034713	0.157825195976409	0.145324043787954	0.135204261789602	0.137034957091522	0.129684864871612	0	0.098722710788574	0.107063703570926	0.158348243969526	0.0758636929838888	0.14408284456072	0.133156287982567	0.121557368648946	0.13672479196265	0.139857488082041	0.102410926678602	0.126057655367152	0.0803764545402964	0.120022477785813	0.135893731542114	0.137909051578506	0.0991854820051387	0.120096000057873	0.0733631284963748	0.0921128218400373	0.118156223794168	0.123106804465243	0.119513817420334	0.1644164423364	0.108540561838563	0.109857277716743	0.104497494496886	0.0941515446589577	0.0822681623644374
700023645	0.114632185107181	0.116997583509707	0.109814837168949	0.135627705132661	0.117735890009982	0.112238878521127	0.115759275432228	0.12974777032544	0.125904970406598	0.111890116684843	0.090916642531952	0.0920830238793507	0.109959062070818	0.126299405776128	0.122429234629045	0.0956451748804391	0.123441147421405	0.130800338414887	0.105461851669655	0.111605526552123	0.0999337796643246	0.0842871400794878	0.123352424400829	0.126683133007814	0.115542677013443	0.129338980771571	0.130300532408556	0.120949277966208	0.110191970326786	0.124456925100194	0.107417110024941	0.098722710788574	0	0.0891411617831945	0.136218950073483	0.0770895887434845	0.123040822311198	0.125700557033606	0.124730966094272	0.118828474267798	0.116876726137078	0.0866738406185393	0.11868025520609	0.108015356349248	0.093328029984658	0.0935290074704503	0.113743768996056	0.0904229230717603	0.104581588167317	0.0896476136556239	0.0811972581272895	0.127378142656047	0.131210064588059	0.107810338746541	0.153167023742146	0.100097639690401	0.0989155700167765	0.114959012504539	0.0893668837825581	0.117112751525768
700038744	0.153022328393457	0.121220649021068	0.0905855721644434	0.156506048158704	0.132729968555852	0.0786904802180667	0.145396782652206	0.12357802840675	0.147378761038678	0.0964980955637363	0.0848030010079449	0.086501154415086	0.0865893179757645	0.105155912020291	0.0994181774833551	0.107435368727348	0.111950716448486	0.110722073719849	0.145735358859977	0.13525879677616	0.131847837513252	0.0967103087625674	0.138822703234295	0.143311269331742	0.132902527736226	0.149418709307067	0.133307955651198	0.120961779159803	0.101457576262967	0.0855392434142171	0.0854207261671679	0.107063703570926	0.0891411617831945	0	0.161035391356312	0.100250488621597	0.115001454084979	0.0903076598770683	0.155243529360692	0.105776465371712	0.138323802689809	0.0719232596089243	0.11994017072369	0.125470361464414	0.0984645322176299	0.110965716633088	0.139740823552314	0.0765361788973981	0.0895709984428421	0.0857214132481784	0.0936923422448522	0.1594228471198	0.153567750872125	0.107273059280614	0.181836632367019	0.0959198322226234	0.125513535314412	0.150100359561938	0.0957241160456036	0.142438923018072
700038485	0.128175041582064	0.148908138552446	0.162800124767745	0.12686653596188	0.104258469069383	0.164220005225459	0.125961997291558	0.187813051134482	0.116834417633155	0.164381792996698	0.155908871565323	0.16632071174795	0.172881372439402	0.142163769212788	0.16602049011853	0.130473076485862	0.18239353061267	0.166246625015633	0.122117068992305	0.135930783316237	0.137792375309903	0.15756229706369	0.120695446590437	0.130482400505709	0.146831790642293	0.0718032493655438	0.157638287635737	0.130968276556417	0.133643625206623	0.163801347506868	0.166648546451505	0.158348243969526	0.136218950073483	0.161035391356312	0	0.133498635331798	0.145935076067281	0.169420388728172	0.108830341634206	0.174312615951523	0.133838327389528	0.161622837725096	0.146432751389278	0.140202928671091	0.160375104233312	0.118390539967096	0.116664889827079	0.168741209037641	0.156990650858814	0.163187609894093	0.13216816672265	0.105170607839421	0.123609631805117	0.141176466466946	0.109385315318684	0.168176870347728	0.145653441921146	0.125125401761428	0.146012456811248	0.143078329747256
700024743	0.109473702692906	0.122292239435802	0.106303940738021	0.120325295794884	0.113244315757619	0.104518734944794	0.0841970261972445	0.137912746876252	0.116186870453631	0.120104074875858	0.0982957685938852	0.100172827764991	0.126621359956122	0.131302227523113	0.118330892718652	0.107407618896886	0.128546200691522	0.142297360305899	0.111490547303363	0.0958098584693181	0.0902173223581754	0.0791258886921001	0.107476223195115	0.122194925772239	0.0888261840144198	0.128139941242957	0.141974875802296	0.134936906317207	0.0992167782917076	0.133251733903731	0.119773489781725	0.0758636929838888	0.0770895887434845	0.100250488621597	0.133498635331798	0	0.141306723414792	0.127960272593878	0.112522022688049	0.128682222381153	0.122458171043973	0.102997634709579	0.113791098372899	0.0884272073549806	0.107176470421974	0.110706408800896	0.120705177640393	0.0958793655617847	0.10918429472347	0.0913953647932631	0.0856962597143651	0.110165067009157	0.10657005402595	0.0948919486235267	0.139120194525634	0.118160693517302	0.0936188925375157	0.0915626505658324	0.0841511181120969	0.0917344679338844
