700108602	700014971	700033565	700109389	700023058	700023927	700106341	700114221	700023543	700023439	700016978	700024192	700113058	700099448	700109870	700033928	700023693	700109627	700095416	700110425	700111580	700111302	700098605	700111991	700108960	700024452	700032931	700095837	700024548	700110161	700023496	700034628	700023645	700038744	700038485	700024743	700099596	700110760	700101587	700106399	700032322	700095653	700021312	700101230	700023590	700038905	700033136	700023382	700096424	700105469	700016908	700096053	700108479	700109569	700033814	700016125	700109756	700102665	700101777	700109455
700108602	0	0.208075384695384	0.311556826682553	0.217310477283685	0.17637214964944	0.287810184106033	0.0991315157267924	0.306391592480703	0.117153054160359	0.28510909239712	0.205171561516586	0.338590717770292	0.298667230601458	0.230476138187686	0.327731511433882	0.192196158627703	0.280558065913795	0.289381474358417	0.128975949836263	0.113304626189168	0.153884472436874	0.23456174994356	0.121908009324603	0.0868191300227895	0.148827365795777	0.202608880234129	0.228051390766418	0.335800239215778	0.251809222093423	0.30780948293155	0.254833454522624	0.236091685828873	0.203128422041033	0.271989708858905	0.176346869364375	0.131816140998009	0.251400328234319	0.30940827122363	0.0843526319811206	0.353565949630933	0.129290059943929	0.311642743128173	0.178700876239094	0.174873737763877	0.286278814457898	0.208033439329699	0.192746259357261	0.278043786907002	0.24414280126428	0.289558187186809	0.267284944344616	0.0881192279034662	0.114275203171591	0.147000785736708	0.122922717034026	0.276372119947713	0.149857925428323	0.10894603098747	0.288868015867612	0.136825962930451
700014971	0.208075384695384	0	0.281766990650433	0.33607477421939	0.132689988806978	0.22895518899378	0.241694747002377	0.2051323835818	0.186924358418468	0.168953163361654	0.169380263765619	0.314910851938383	0.205123287932846	0.143435267633192	0.270818352527859	0.242141966553568	0.172951322153133	0.252463883296442	0.207719585942104	0.207265499368694	0.240448238050377	0.252372712312319	0.188985829564317	0.218031924434859	0.2885472756275	0.190020737017418	0.137078649910584	0.242797284982436	0.15799482130305	0.195552048317186	0.185973421861553	0.237952123848992	0.16567975947846	0.179706626314929	0.157069254924786	0.169645030778327	0.220849309348318	0.25842167640339	0.172650274036995	0.218890863530721	0.160486129990526	0.203839382344534	0.157834064011123	0.193493241619851	0.189156494992234	0.169910674780625	0.159039920136318	0.214803227681498	0.196662794346421	0.263116297440302	0.281792285486504	0.214959880480658	0.229144689747177	0.176551704200874	0.274759389333194	0.178364481789796	0.208313730217771	0.243978118670944	0.268019588434715	0.23264572401393
700033565	0.311556826682553	0.281766990650433	0	0.432818296315489	0.295304222884033	0.0910980530412932	0.307147764752882	0.16086087031985	0.271662581996562	0.15438368021782	0.165814166236662	0.0872317857818404	0.152102663906751	0.201117946401887	0.173576814359252	0.147539143376355	0.17276151706572	0.124085812984527	0.251713081358508	0.303079821706275	0.2439372043452	0.130503669161269	0.317617283294228	0.28044097683747	0.255969793169517	0.343078757996965	0.211062383302914	0.376094244889305	0.297296284257823	0.183215219308337	0.141592776970827	0.168664130773634	0.18051281779643	0.144277564289944	0.329147267475588	0.251891531874686	0.227617506422112	0.146076537912238	0.283382139090658	0.246116609461905	0.254473555047034	0.12747946203579	0.222273906941256	0.252195074979008	0.198186644239776	0.217727581480427	0.215241000181845	0.132795654819523	0.144549622672412	0.0823506730018911	0.11207270772059	0.323414799588174	0.343578827599354	0.220438046392371	0.389978716556626	0.159873001134174	0.241181531882829	0.272275305320548	0.0829528767302226	0.260103969650989
700109389	0.217310477283685	0.33607477421939	0.432818296315489	0	0.306546580625357	0.419360322958042	0.222984395687166	0.414716842608342	0.291226202493263	0.399463367236492	0.34396728818779	0.450886022250038	0.407396128182066	0.352709609781095	0.436365335326349	0.347868399275828	0.399422306379361	0.419458080929692	0.311227468477471	0.199791116861202	0.29806764507164	0.380847235747381	0.219223875447449	0.265397154595896	0.281597695315481	0.265259286450142	0.36648867329084	0.423298617619134	0.320644576894068	0.402302956559532	0.391411802164697	0.385326031833742	0.326576184190527	0.387216742102333	0.250737964133486	0.277153358936794	0.392321346353558	0.43730930728028	0.259870999575923	0.413804945527616	0.266418121972014	0.414806398046864	0.334229942967533	0.310764283596589	0.386314504864266	0.325012148562877	0.340481543246818	0.403674802399612	0.385708215628729	0.418554490490265	0.397141026912498	0.187334649936568	0.151535549291413	0.316621103122615	0.191578949160908	0.391795941555894	0.25927201525377	0.244966926736295	0.40645141464941	0.287707826613119
700023058	0.17637214964944	0.132689988806978	0.295304222884033	0.306546580625357	0	0.238956664033299	0.207182461922345	0.232160637843725	0.165939329437158	0.204029718098104	0.171253289768121	0.320159040927952	0.235705216054452	0.151182820800705	0.282270884349562	0.219646564637847	0.201915805769151	0.2228737449957	0.151712879441245	0.189043379479924	0.218215575932868	0.247239128625045	0.196687244952518	0.163838286988606	0.261190379476931	0.174566888113699	0.160392467938222	0.286841584302388	0.187285450997252	0.228665819940341	0.192821027805174	0.251219913373687	0.167548400365853	0.199592418149848	0.149926041337122	0.175014188129719	0.179827681477783	0.222687014360528	0.138922420648463	0.271579055277326	0.129531703562543	0.231338396079806	0.144128250620967	0.197024260871976	0.203763045958402	0.196918097477904	0.151498738645014	0.232892758740631	0.193618321020709	0.285153636169915	0.278105072723785	0.172087413751099	0.213751161119829	0.146626914365139	0.238014288123797	0.213895324235186	0.205060775150287	0.214441524135698	0.276374823567266	0.206711689032377
700023927	0.287810184106033	0.22895518899378	0.0910980530412932	0.419360322958042	0.238956664033299	0	0.296331734052739	0.138706853441077	0.253159705126458	0.10645812447611	0.130856258860998	0.133580683790229	0.125828951059714	0.138950606210881	0.177918291742357	0.154485259051744	0.131469396195649	0.0868509005052813	0.23016499810641	0.277178330346195	0.236630795761948	0.167881194589673	0.29139683200684	0.25444184301175	0.25731998324172	0.310576066788662	0.15614069986925	0.347766432221972	0.251358106169097	0.164579193101158	0.0735201934883304	0.172523121586214	0.143630325993408	0.0908802436186922	0.29745308320748	0.22242037546156	0.182117820424224	0.1163130328082	0.254840078116993	0.218187116324738	0.231796130919202	0.0898573139491755	0.178791213009589	0.233458456497162	0.155505678791568	0.187223208410301	0.17795722206427	0.108099693015562	0.0995558254753305	0.120795511977048	0.151962458819274	0.305042151007148	0.325579956388771	0.193918826709507	0.365700576899856	0.115672057295663	0.219733964954341	0.258000953818781	0.117940942404213	0.249904967564052
700106341	0.0991315157267924	0.241694747002377	0.307147764752882	0.222984395687166	0.207182461922345	0.296331734052739	0	0.298515150960126	0.109884276380119	0.285478826395133	0.214225281741709	0.316989908640228	0.293489393497078	0.2409662136993	0.321028931938418	0.19856327983137	0.29651746467776	0.311022533839757	0.140005071569778	0.102700623827871	0.136067723698508	0.219538557634842	0.152496753849001	0.125792191001731	0.112704474948441	0.250186727773256	0.275966466570853	0.379826245375726	0.283853243688806	0.310909971934345	0.265442733659436	0.190943977229272	0.20600219197795	0.281339414534645	0.217802624358579	0.11392469335711	0.277091851003675	0.310606088590833	0.132690971332873	0.369079834677987	0.147086016703302	0.302896851271838	0.190192145818247	0.143001476827506	0.276512363833839	0.242789192539872	0.216037209151147	0.273546106244368	0.252119871132363	0.272430474087978	0.272477595633381	0.104953352928428	0.116365665103374	0.145995311073963	0.1502172734127	0.2718398982717	0.157106441329035	0.0837469295722762	0.277923665504106	0.0957560940045659
700114221	0.306391592480703	0.2051323835818	0.16086087031985	0.414716842608342	0.232160637843725	0.138706853441077	0.298515150960126	0	0.260862604434573	0.0809924954236048	0.186342117265988	0.192880508616444	0.0696973671416227	0.15790227261554	0.131372420758126	0.243026693350884	0.0754144824554772	0.193421103233732	0.258870445120966	0.268160486435482	0.257985447166676	0.246351176317006	0.304972066855845	0.281898748871904	0.323548274931728	0.307984875646879	0.154325571408336	0.318540425536978	0.212129382468293	0.11684668206456	0.150168436673957	0.227039378424831	0.167852363606794	0.138809212688039	0.296561896234646	0.220951514701728	0.209199621716878	0.121246363702189	0.272719849069261	0.136265465210526	0.212486848212224	0.0872434695231065	0.223118566815802	0.236077745085904	0.121271274803066	0.170649042994719	0.165384571449172	0.0867251843046884	0.158624438038021	0.179292293747032	0.235255025470084	0.298124993098614	0.321551904351817	0.232201254015115	0.397264891787494	0.07537020152103	0.206377484624179	0.307173956902041	0.165610166698643	0.271998935486065
700023543	0.117153054160359	0.186924358418468	0.271662581996562	0.291226202493263	0.165939329437158	0.253159705126458	0.109884276380119	0.260862604434573	0	0.237779177192047	0.163883791305935	0.30324329753846	0.253004046120765	0.202945624121895	0.297542228887803	0.165508935554924	0.241592120526456	0.254228422497183	0.119973360500906	0.152802195025883	0.163551566823993	0.195884115319032	0.181373961260138	0.107075239801628	0.169172421404182	0.237062338508731	0.207974471441124	0.327549219658937	0.279662565296733	0.261602522068563	0.217887917929047	0.169087953731146	0.177085025919502	0.232069928332928	0.185715156934698	0.122349906870477	0.21475673114982	0.278750396788567	0.0871323251809158	0.328096925622617	0.11460875020045	0.2659985285369	0.143834409122679	0.0985732841426617	0.248291349778466	0.22120453681769	0.165168429163777	0.237488991650203	0.222730860079603	0.250419315735125	0.249090851280896	0.126649696629065	0.166948082326143	0.127605439520715	0.190520240273713	0.231480409747291	0.17947364558861	0.119092496752627	0.259765446076806	0.121546398119261
700023439	0.28510909239712	0.168953163361654	0.15438368021782	0.399463367236492	0.204029718098104	0.10645812447611	0.285478826395133	0.0809924954236048	0.237779177192047	0	0.15312828692151	0.199929092062884	0.0703551399444408	0.108594043217422	0.170250780347936	0.2090270982471	0.0664548490087794	0.154041791837662	0.229489080076353	0.252196880010631	0.242027933941426	0.228839357135109	0.283710759854276	0.25262645409435	0.29998936596559	0.283691293024833	0.127263451421407	0.295003129198284	0.195470146389396	0.105363524596933	0.108567242380975	0.215245464833678	0.137147050930234	0.0895139232132121	0.267432299519718	0.20243343993865	0.17690143852484	0.130647679034384	0.243905182601533	0.1493019068803	0.190065092455298	0.0814746692734509	0.175489193959474	0.212465465292792	0.112201181421957	0.157303010297435	0.143940533144252	0.101487508880666	0.114868101919971	0.175623927955917	0.21749192004241	0.276561171571515	0.307825238855552	0.189302036629383	0.369617273839085	0.0773108592781238	0.205755679200572	0.275442198288057	0.17404352287871	0.253908700974283
700016978	0.205171561516586	0.169380263765619	0.165814166236662	0.34396728818779	0.171253289768121	0.130856258860998	0.214225281741709	0.186342117265988	0.163883791305935	0.15312828692151	0	0.19768007598705	0.176379016252334	0.12752826771189	0.246819873391612	0.113930823591498	0.168929711988637	0.132318726249427	0.160032479935649	0.176573311162971	0.167220016775871	0.124118084329237	0.240109590624671	0.172968190886131	0.173129464046054	0.267224034281132	0.158020967010348	0.295525357240495	0.235674508140533	0.188643503669076	0.10281564390208	0.139581594652172	0.061630119146832	0.105535980925886	0.227868470139281	0.132657184958095	0.175542996983785	0.206142726435979	0.171988540637064	0.258989323328205	0.137586571588043	0.1341754852621	0.104975579306269	0.144691209673394	0.155200832602907	0.185396515962454	0.134556729926105	0.148650749547418	0.140604458426125	0.16230921587394	0.150569352636012	0.213343562154442	0.240955228603675	0.13452078515956	0.290447769906814	0.14005616872185	0.176017338472424	0.1725911338356	0.164146016403559	0.180696318194997
700024192	0.338590717770292	0.314910851938383	0.0872317857818404	0.450886022250038	0.320159040927952	0.133580683790229	0.316989908640228	0.192880508616444	0.30324329753846	0.199929092062884	0.19768007598705	0	0.191432531688306	0.237166903942962	0.185585540281167	0.174648129987002	0.211318601624771	0.159081648618408	0.267275685984084	0.323155714683276	0.239118198869504	0.139185864769625	0.340024447270217	0.313430386529767	0.267990875806708	0.368867799346578	0.251495847652661	0.40324994904055	0.310103346980133	0.245465547633317	0.167498744844627	0.170923828939114	0.205757790150073	0.180058371442373	0.365807034512819	0.275213712394965	0.261972188572587	0.176415788706931	0.317788008373349	0.266000645786907	0.286345214066158	0.143946292352455	0.260255643390748	0.268425131229777	0.195366635077417	0.243639072383794	0.232888354597295	0.150749208852662	0.176739657921627	0.092474133403723	0.105564426423856	0.345875652238282	0.362416537012893	0.243533691874616	0.419644652267811	0.170634046003356	0.244508275507145	0.297735414478739	0.120340591237029	0.272030887324682
700113058	0.298667230601458	0.205123287932846	0.152102663906751	0.407396128182066	0.235705216054452	0.125828951059714	0.293489393497078	0.0696973671416227	0.253004046120765	0.0703551399444408	0.176379016252334	0.191432531688306	0	0.146816831232458	0.137788268112933	0.234638117403036	0.0939229394328151	0.181551559080395	0.251867998258883	0.262907207229505	0.258724196925412	0.240503869897141	0.301932959458406	0.276439096601416	0.314734476816492	0.312728385993802	0.161179270602377	0.312412210409162	0.220254544533011	0.123557086163724	0.137836071428902	0.223599958631865	0.156593806496997	0.122896792158604	0.301885706702752	0.221350667239418	0.203125864295917	0.133608689356687	0.261419170428212	0.156072822714302	0.215626241330875	0.0966014585565824	0.217442020727364	0.228544295953708	0.130539693203258	0.168852702494325	0.18165976893732	0.0983643583945701	0.145674323347098	0.175179681587241	0.22977683731898	0.291012113262666	0.31568945849303	0.225699282985734	0.390922695463535	0.0752454183243672	0.213569348939903	0.298739393298412	0.157640459625218	0.264867858187773
700099448	0.230476138187686	0.143435267633192	0.201117946401887	0.352709609781095	0.151182820800705	0.138950606210881	0.2409662136993	0.15790227261554	0.202945624121895	0.108594043217422	0.12752826771189	0.237166903942962	0.146816831232458	0	0.221551067455606	0.179992506431854	0.137858076401543	0.158687201279764	0.170747505523618	0.204749677316625	0.198192549692039	0.213091157545121	0.23113110386669	0.187983750800723	0.252777766458913	0.218128873324503	0.111922555823098	0.285758278964839	0.171741248389709	0.140454559783008	0.10653221265115	0.210711121506015	0.113611794512879	0.10416972614833	0.212129501386055	0.169174808548811	0.15567840615685	0.161618496289739	0.188665099808484	0.213692106958184	0.165733667673402	0.140281476949402	0.125369432364435	0.190702982704592	0.121019530481201	0.15976166042423	0.1034891878919	0.149364452749208	0.0962811044364666	0.197940282958642	0.205960818379196	0.220167557551187	0.264385632047419	0.147203181788371	0.298211283146598	0.124955135756136	0.167331782282789	0.224537052932003	0.18646734925862	0.213049361177994
700109870	0.327731511433882	0.270818352527859	0.173576814359252	0.436365335326349	0.282270884349562	0.177918291742357	0.321028931938418	0.131372420758126	0.297542228887803	0.170250780347936	0.246819873391612	0.185585540281167	0.137788268112933	0.221551067455606	0	0.270847813787313	0.147391469279731	0.239522683684334	0.284709354905511	0.31010120180171	0.267637243138524	0.273256407427754	0.315118531873683	0.318902354155246	0.342295918042501	0.348704437105964	0.220523093046818	0.375921579428072	0.254152005135025	0.183326922991373	0.200457568555345	0.259375942585635	0.239610883479185	0.216292643171111	0.347094986497814	0.271835350868476	0.255174355480875	0.132907907754693	0.302825194216807	0.189999887740017	0.283011667285981	0.167669862996722	0.281969803097161	0.287109604977486	0.187977281229675	0.188502269971557	0.218885392847199	0.126580782868206	0.190455428506182	0.19647245639078	0.260191289178218	0.333834667407867	0.347826597773111	0.261430684030971	0.405426116648557	0.160027574930815	0.231307344154892	0.336012972607969	0.18002000698657	0.292070831053153
700033928	0.192196158627703	0.242141966553568	0.147539143376355	0.347868399275828	0.219646564637847	0.154485259051744	0.19856327983137	0.243026693350884	0.165508935554924	0.2090270982471	0.113930823591498	0.174648129987002	0.234638117403036	0.179992506431854	0.270847813787313	0	0.230343082319084	0.148318950395629	0.131332679993815	0.223169716783176	0.142323655238517	0.0857787048556872	0.235139494664816	0.156732829692315	0.154998243116881	0.279300162714507	0.217828511530513	0.353963443816004	0.286780544172377	0.244002653262367	0.148197864878339	0.116393867333104	0.117068845950424	0.162413017400825	0.254575885555562	0.194542022386744	0.215258301150378	0.228394383003891	0.17635349454823	0.314895665657877	0.159847030162513	0.185289436128513	0.146510203708295	0.189123798197744	0.201605451952096	0.206740025387048	0.160389247666125	0.197726808550542	0.159608363043796	0.13005182262162	0.114676723913945	0.213780777910659	0.256002295425491	0.136632528937692	0.28067866213652	0.195286241355402	0.190436625407235	0.159049044169162	0.138058282668859	0.157178134417393
700023693	0.280558065913795	0.172951322153133	0.17276151706572	0.399422306379361	0.201915805769151	0.131469396195649	0.29651746467776	0.0754144824554772	0.241592120526456	0.0664548490087794	0.168929711988637	0.211318601624771	0.0939229394328151	0.137858076401543	0.147391469279731	0.230343082319084	0	0.176510711869854	0.241916508299327	0.258837872038919	0.244840765789003	0.249832042990249	0.271733579194687	0.264470305405621	0.320468771038389	0.28395281080585	0.11941623777582	0.302350554233936	0.184311951013591	0.124369033509347	0.123705244851876	0.231082850185574	0.158097489903826	0.125819945012046	0.266526124715359	0.211624615990004	0.186170577707491	0.131264411086965	0.241393628775238	0.135596521829175	0.195779141266195	0.108625299131138	0.195133350166292	0.232537607461262	0.127340099675478	0.13244862543836	0.140528405701826	0.101012660570129	0.129038925523823	0.196789474904093	0.239134955457145	0.281855101184507	0.305142695485517	0.21001944806104	0.366214486425054	0.0937587179288508	0.189348749442149	0.298789715230473	0.191621758039133	0.264356751847408
700109627	0.289381474358417	0.252463883296442	0.124085812984527	0.419458080929692	0.2228737449957	0.0868509005052813	0.311022533839757	0.193421103233732	0.254228422497183	0.154041791837662	0.132318726249427	0.159081648618408	0.181551559080395	0.158687201279764	0.239522683684334	0.148318950395629	0.176510711869854	0	0.225083463312717	0.275277706952237	0.256948483418062	0.173041024834891	0.306781078349654	0.23969872053575	0.260198884656143	0.308768914688914	0.173529930888559	0.345383371533535	0.292903519590796	0.201149612278577	0.0944915858081084	0.192043662605765	0.156815429603104	0.118441747485437	0.301398607593379	0.235890986751698	0.146344670511015	0.137015797029247	0.255621866577059	0.266746897309959	0.232675256353398	0.138395361587403	0.181991636337622	0.230484593141262	0.192717346687858	0.233057079163019	0.186756861502636	0.168055219815917	0.124638883505065	0.153408812237926	0.145847724480245	0.309406030541443	0.332318886933362	0.212079148300837	0.345174653050267	0.163115075695149	0.245224484623402	0.261223693945346	0.154316198942677	0.268557447692087
700095416	0.128975949836263	0.207719585942104	0.251713081358508	0.311227468477471	0.151712879441245	0.23016499810641	0.140005071569778	0.258870445120966	0.119973360500906	0.229489080076353	0.160032479935649	0.267275685984084	0.251867998258883	0.170747505523618	0.284709354905511	0.131332679993815	0.241916508299327	0.225083463312717	0	0.170188434298105	0.135264016574854	0.178918960323271	0.176211545525828	0.0839845193823886	0.170395676827257	0.197301476945526	0.19517495100809	0.345441381637517	0.251773770163965	0.266651356165321	0.191710040819074	0.16961922805801	0.154346565405431	0.223083068111651	0.187661569776394	0.149269577985805	0.195104860156406	0.229518020007314	0.113401643033942	0.325667761543981	0.122527160065081	0.25543211112957	0.126732653845134	0.154628892724004	0.229928337781861	0.201146960833307	0.131123010082205	0.228097865794464	0.174934976733606	0.23053692161637	0.214831868021108	0.163318945692537	0.199697372789611	0.0835915513973687	0.1876996595523	0.224267820483635	0.156437988282516	0.142597018196399	0.231732107691149	0.140199535351325
700110425	0.113304626189168	0.207265499368694	0.303079821706275	0.199791116861202	0.189043379479924	0.277178330346195	0.102700623827871	0.268160486435482	0.152802195025883	0.252196880010631	0.176573311162971	0.323155714683276	0.262907207229505	0.204749677316625	0.31010120180171	0.223169716783176	0.258837872038919	0.275277706952237	0.170188434298105	0	0.164936434905889	0.240180547738431	0.146037006766881	0.143082949932725	0.13321191987529	0.238443084792285	0.232122878566118	0.32622742602294	0.244195590135709	0.26726061886026	0.242389247103981	0.232106831942642	0.177194243403479	0.246226740620182	0.205196597092377	0.105653977693765	0.243664202683046	0.298431818730381	0.140549766102215	0.333657112665425	0.132436644890378	0.270449247498208	0.179038750585754	0.135569773068255	0.243836066927649	0.222540213626459	0.192805336495128	0.255938107459813	0.243601309423031	0.287402166672928	0.271636956008545	0.104549016606962	0.0855198005568287	0.166921692320209	0.164262941290111	0.24397282729075	0.119507983496239	0.11951586851494	0.283331985412047	0.148753588811579
700111580	0.153884472436874	0.240448238050377	0.2439372043452	0.29806764507164	0.218215575932868	0.236630795761948	0.136067723698508	0.257985447166676	0.163551566823993	0.242027933941426	0.167220016775871	0.239118198869504	0.258724196925412	0.198192549692039	0.267637243138524	0.142323655238517	0.244840765789003	0.256948483418062	0.135264016574854	0.164936434905889	0	0.157607752027333	0.176804525664207	0.137173635751721	0.114828684856607	0.273500883969119	0.25684982728422	0.390726493700434	0.227885209540482	0.284020503154504	0.195555204413347	0.145545765929263	0.156655033869146	0.231453966984297	0.251107058445129	0.150541565951761	0.26429904004669	0.230099595081843	0.159729818356533	0.310331359531496	0.15843721756017	0.236234370586012	0.162489449815859	0.168101378528796	0.195083666213448	0.179119836590808	0.159182470006114	0.194769498019805	0.174429691486165	0.196070289974248	0.20878102805361	0.159687142087754	0.203228119679774	0.113821082320142	0.235377291363016	0.21475643423476	0.102787091922885	0.115019829891302	0.196502097016179	0.0991194121275907
700111302	0.23456174994356	0.252372712312319	0.130503669161269	0.380847235747381	0.247239128625045	0.167881194589673	0.219538557634842	0.246351176317006	0.195884115319032	0.228839357135109	0.124118084329237	0.139185864769625	0.240503869897141	0.213091157545121	0.273256407427754	0.0857787048556872	0.249832042990249	0.173041024834891	0.178918960323271	0.240180547738431	0.157607752027333	0	0.266941735544809	0.209545562565988	0.148918014252513	0.330611830579199	0.249997351070495	0.389339927702069	0.319334395085564	0.263042765201011	0.170849665476397	0.0838774737458	0.149709461155233	0.182619266026814	0.295293607170537	0.19745796302109	0.254023886054784	0.240825428034802	0.216032701240102	0.320905254187199	0.210901907378995	0.190455147275029	0.171235600388489	0.199883353990889	0.212673977596147	0.246072107369978	0.200302758987718	0.195995495421586	0.180901152817418	0.092727197051288	0.101428791890364	0.245988368448925	0.27761246082009	0.15481206773496	0.320149604658822	0.201234663779782	0.212253973471338	0.193914438428656	0.11916799062122	0.181670502796924
700098605	0.121908009324603	0.188985829564317	0.317617283294228	0.219223875447449	0.196687244952518	0.29139683200684	0.152496753849001	0.304972066855845	0.181373961260138	0.283710759854276	0.240109590624671	0.340024447270217	0.301932959458406	0.23113110386669	0.315118531873683	0.235139494664816	0.271733579194687	0.306781078349654	0.176211545525828	0.146037006766881	0.176804525664207	0.266941735544809	0	0.158337768888215	0.199554779919119	0.227279158293797	0.230973505942725	0.356815207171303	0.240090697360927	0.316598799089595	0.252889848763286	0.252113710769806	0.234001119662134	0.285103773998923	0.191750944864975	0.170009852170103	0.272035195709624	0.288322364960525	0.142673974335257	0.323421614832638	0.180769947949352	0.310844463382316	0.207255123264777	0.213426354153414	0.292467137890767	0.198582810864862	0.202815746913947	0.27764079092553	0.230169309080272	0.291892797413129	0.295633449098385	0.162666744671737	0.129930021020818	0.161035452722017	0.140625078202752	0.278370292870947	0.165013237529191	0.180266424598667	0.292650250399269	0.155636172469099
700111991	0.0868191300227895	0.218031924434859	0.28044097683747	0.265397154595896	0.163838286988606	0.25444184301175	0.125792191001731	0.281898748871904	0.107075239801628	0.25262645409435	0.172968190886131	0.313430386529767	0.276439096601416	0.187983750800723	0.318902354155246	0.156732829692315	0.264470305405621	0.23969872053575	0.0839845193823886	0.143082949932725	0.137173635751721	0.209545562565988	0.158337768888215	0	0.165563449575828	0.198874838998129	0.213417229728802	0.341378696531396	0.263188782913485	0.282927622173975	0.217778638602217	0.214041110944875	0.17690000490742	0.243309510282488	0.182048837734434	0.138045074781464	0.211354353196186	0.26779815475195	0.0903187478104748	0.351980988342913	0.108766822815325	0.283703527166392	0.141501035219197	0.164182274439039	0.256932970903938	0.213624068603094	0.154737077715874	0.253564060731702	0.208636374393135	0.265733808685235	0.2394636086315	0.126367848918153	0.172363344330934	0.121746744946911	0.149161250176672	0.254852876510678	0.155963134735138	0.116381930226377	0.265363062382734	0.139389208179504
700108960	0.148827365795777	0.2885472756275	0.255969793169517	0.281597695315481	0.261190379476931	0.25731998324172	0.112704474948441	0.323548274931728	0.169172421404182	0.29998936596559	0.173129464046054	0.267990875806708	0.314734476816492	0.252777766458913	0.342295918042501	0.154998243116881	0.320468771038389	0.260198884656143	0.170395676827257	0.13321191987529	0.114828684856607	0.148918014252513	0.199554779919119	0.165563449575828	0	0.313484879297855	0.300626724938687	0.409588843973575	0.308311311169261	0.326017039600716	0.241404280021044	0.132271954857816	0.189035037595277	0.256200176460614	0.28425239457598	0.147971764626821	0.296481341071877	0.312397383857157	0.176403665171763	0.393424287522102	0.196027330125251	0.273591449353866	0.196581923057811	0.162690725245099	0.280248837057227	0.271617055161938	0.237257248078259	0.274469924473879	0.238631848662043	0.214120095235954	0.210575716495692	0.165589357082304	0.166628882553411	0.150872327937774	0.201520045261141	0.281349139708522	0.161902942601011	0.0894126037803647	0.212543149345347	0.106687252623146
700024452	0.202608880234129	0.190020737017418	0.343078757996965	0.265259286450142	0.174566888113699	0.310576066788662	0.250186727773256	0.307984875646879	0.237062338508731	0.283691293024833	0.267224034281132	0.368867799346578	0.312728385993802	0.218128873324503	0.348704437105964	0.279300162714507	0.28395281080585	0.308768914688914	0.197301476945526	0.238443084792285	0.273500883969119	0.330611830579199	0.227279158293797	0.198874838998129	0.313484879297855	0	0.217751938276864	0.290151795646418	0.184299225883483	0.269946523886072	0.279132881418266	0.318516588723952	0.243408223680867	0.270859820535883	0.0882752316942405	0.238240165992227	0.27293245574177	0.312320491880378	0.188522740814393	0.30802523814843	0.181771802300282	0.307824643543848	0.244950063000371	0.263314253322653	0.279020014355315	0.210950857044348	0.200059738907568	0.312767667190811	0.263142885529381	0.338655302679517	0.325382754500312	0.182104623920758	0.220159439275734	0.232369462907085	0.21332907019777	0.289317391516782	0.234775465500863	0.256120774795743	0.321707933411936	0.278978766744387
700032931	0.228051390766418	0.137078649910584	0.211062383302914	0.36648867329084	0.160392467938222	0.15614069986925	0.275966466570853	0.154325571408336	0.207974471441124	0.127263451421407	0.158020967010348	0.251495847652661	0.161179270602377	0.111922555823098	0.220523093046818	0.217828511530513	0.11941623777582	0.173529930888559	0.19517495100809	0.232122878566118	0.25684982728422	0.249997351070495	0.230973505942725	0.213417229728802	0.300626724938687	0.217751938276864	0	0.260289526025487	0.190640611656069	0.15999005527798	0.130659544383751	0.242277257540049	0.153293416816519	0.135940526028438	0.205272901852495	0.197373129565548	0.148405630510826	0.184230007410611	0.191690279346588	0.198483412507567	0.168621737115141	0.165702888202565	0.157778716488943	0.210603254005631	0.165676439711331	0.155506072175305	0.12453850697366	0.161755288365009	0.13538282529785	0.215950954490531	0.24396848698475	0.244764706865137	0.265589002658857	0.184685913683776	0.295881193377256	0.12740788240784	0.206806355326469	0.270433098035315	0.222775492618089	0.263860438887533
700095837	0.335800239215778	0.242797284982436	0.376094244889305	0.423298617619134	0.286841584302388	0.347766432221972	0.379826245375726	0.318540425536978	0.327549219658937	0.295003129198284	0.295525357240495	0.40324994904055	0.312412210409162	0.285758278964839	0.375921579428072	0.353963443816004	0.302350554233936	0.345383371533535	0.345441381637517	0.32622742602294	0.390726493700434	0.389339927702069	0.356815207171303	0.341378696531396	0.409588843973575	0.290151795646418	0.260289526025487	0	0.261305350450079	0.236527536121034	0.320337090014507	0.387270588246739	0.28932387824008	0.275833939214832	0.277562480976641	0.320892949715802	0.311470741620823	0.372617430623469	0.321508351658331	0.327410700828392	0.288956348912113	0.309207697673617	0.318117076168056	0.329465132219582	0.28262007438076	0.320906533660096	0.307730704441452	0.328340856870512	0.338912505672601	0.384105872767471	0.370339992398654	0.3336881629935	0.351391668311309	0.342007261636287	0.405349938928003	0.296073916922405	0.350167227761653	0.375459002511354	0.384483879044638	0.388846551124708
700024548	0.251809222093423	0.15799482130305	0.297296284257823	0.320644576894068	0.187285450997252	0.251358106169097	0.283853243688806	0.212129382468293	0.279662565296733	0.195470146389396	0.235674508140533	0.310103346980133	0.220254544533011	0.171741248389709	0.254152005135025	0.286780544172377	0.184311951013591	0.292903519590796	0.251773770163965	0.244195590135709	0.227885209540482	0.319334395085564	0.240090697360927	0.263188782913485	0.308311311169261	0.184299225883483	0.190640611656069	0.261305350450079	0	0.17795021612696	0.231502621595313	0.305543702006604	0.206066741042037	0.203402703978663	0.190961607722276	0.22490497425636	0.27427937779815	0.23906542693422	0.237352777522163	0.173679463920345	0.203812300869634	0.213316102302773	0.239104292168394	0.275803548734192	0.151948930933254	0.119237538589002	0.195346268029676	0.213380917676025	0.22444290248513	0.304181518648113	0.307892353979213	0.241336186123226	0.25978214252845	0.227411338974123	0.294949595734926	0.210904748099479	0.189041168735685	0.28258855512049	0.284576724330887	0.279318772570419
700110161	0.30780948293155	0.195552048317186	0.183215219308337	0.402302956559532	0.228665819940341	0.164579193101158	0.310909971934345	0.11684668206456	0.261602522068563	0.105363524596933	0.188643503669076	0.245465547633317	0.123557086163724	0.140454559783008	0.183326922991373	0.244002653262367	0.124369033509347	0.201149612278577	0.266651356165321	0.26726061886026	0.284020503154504	0.263042765201011	0.316598799089595	0.282927622173975	0.326017039600716	0.269946523886072	0.15999005527798	0.236527536121034	0.17795021612696	0	0.166703541030466	0.254600999255634	0.17966312380227	0.124446711283911	0.260969983438944	0.233108365343386	0.208690306568852	0.172356529099787	0.268640524874865	0.173799958248111	0.220065951971688	0.134063980428683	0.219591816830748	0.243248746754258	0.141024136183157	0.20301453597236	0.187833693046361	0.149034640716017	0.172164948522474	0.221671547383953	0.254641196715257	0.280625593690813	0.325587463169201	0.235032191093022	0.389060024128851	0.132355573000814	0.234673930885136	0.303073839301585	0.200732586615308	0.289495365122863
700023496	0.254833454522624	0.185973421861553	0.141592776970827	0.391411802164697	0.192821027805174	0.0735201934883304	0.265442733659436	0.150168436673957	0.217887917929047	0.108567242380975	0.10281564390208	0.167498744844627	0.137836071428902	0.10653221265115	0.200457568555345	0.148197864878339	0.123705244851876	0.0944915858081084	0.191710040819074	0.242389247103981	0.195555204413347	0.170849665476397	0.252889848763286	0.217778638602217	0.241404280021044	0.279132881418266	0.130659544383751	0.320337090014507	0.231502621595313	0.166703541030466	0	0.162516927287935	0.114967789804684	0.0820083732473495	0.259127306799991	0.188133676054034	0.143869783161482	0.127249756699882	0.219198926131174	0.220852776163939	0.193046915720231	0.108346494088017	0.135707221358758	0.199773799377881	0.125221086469764	0.166730745840452	0.124092824804039	0.111429778389204	0.0667759974387213	0.146644249403118	0.162972140975146	0.269247279555221	0.294248142749682	0.159353610522005	0.333546755617715	0.103124320625707	0.178169991235268	0.231003100069301	0.149489839418639	0.213026579134455
700034628	0.236091685828873	0.237952123848992	0.168664130773634	0.385326031833742	0.251219913373687	0.172523121586214	0.190943977229272	0.227039378424831	0.169087953731146	0.215245464833678	0.139581594652172	0.170923828939114	0.223599958631865	0.210711121506015	0.259375942585635	0.116393867333104	0.231082850185574	0.192043662605765	0.16961922805801	0.232106831942642	0.145545765929263	0.0838774737458	0.252113710769806	0.214041110944875	0.132271954857816	0.318516588723952	0.242277257540049	0.387270588246739	0.305543702006604	0.254600999255634	0.162516927287935	0	0.158740042724605	0.18133549862712	0.282287993454471	0.169989474313984	0.249693095505321	0.22754136469364	0.212558158327186	0.30418128969495	0.213230074818522	0.177662350663582	0.181122213604113	0.151108451889401	0.204843140307802	0.235859582855899	0.185824576728539	0.183189658651818	0.174811338579492	0.114680321378351	0.157893792760145	0.244703940683118	0.262243284973638	0.15141345535767	0.307564765653642	0.182415800766469	0.19203331399859	0.171507959497986	0.135627244623221	0.137139695883413
700023645	0.203128422041033	0.16567975947846	0.18051281779643	0.326576184190527	0.167548400365853	0.143630325993408	0.20600219197795	0.167852363606794	0.177085025919502	0.137147050930234	0.061630119146832	0.205757790150073	0.156593806496997	0.113611794512879	0.239610883479185	0.117068845950424	0.158097489903826	0.156815429603104	0.154346565405431	0.177194243403479	0.156655033869146	0.149709461155233	0.234001119662134	0.17690000490742	0.189035037595277	0.243408223680867	0.153293416816519	0.28932387824008	0.206066741042037	0.17966312380227	0.114967789804684	0.158740042724605	0	0.0993298025183272	0.214392623552998	0.130132447398968	0.180883866652056	0.207740606408759	0.170736352221644	0.241672865973352	0.118005291352287	0.129883169895177	0.118855067594247	0.157889977966288	0.13482437363748	0.158832262771412	0.129092728819795	0.143527399493018	0.140079740710101	0.172641483636861	0.15703309098191	0.201427627966251	0.233381973401957	0.134442167968212	0.296288870094255	0.116723769335754	0.15606866217276	0.171508833570544	0.167782328623551	0.176636855773873
700038744	0.271989708858905	0.179706626314929	0.144277564289944	0.387216742102333	0.199592418149848	0.0908802436186922	0.281339414534645	0.138809212688039	0.232069928332928	0.0895139232132121	0.105535980925886	0.180058371442373	0.122896792158604	0.10416972614833	0.216292643171111	0.162413017400825	0.125819945012046	0.118441747485437	0.223083068111651	0.246226740620182	0.231453966984297	0.182619266026814	0.285103773998923	0.243309510282488	0.256200176460614	0.270859820535883	0.135940526028438	0.275833939214832	0.203402703978663	0.124446711283911	0.0820083732473495	0.18133549862712	0.0993298025183272	0	0.257082788694808	0.198806430785912	0.170105408729659	0.160699431614839	0.234127522961614	0.191557850378675	0.188172144690523	0.0814558154278693	0.160611202104244	0.206670990365805	0.107672288633198	0.189522596150418	0.157027104027309	0.123610678097996	0.116887293669476	0.159668396004372	0.176580161409086	0.266983453609019	0.302728619041051	0.186191269638907	0.359116494123396	0.095325853882236	0.214100584694667	0.243405418008781	0.163138035988958	0.243195428221423
700038485	0.176346869364375	0.157069254924786	0.329147267475588	0.250737964133486	0.149926041337122	0.29745308320748	0.217802624358579	0.296561896234646	0.185715156934698	0.267432299519718	0.227868470139281	0.365807034512819	0.301885706702752	0.212129501386055	0.347094986497814	0.254575885555562	0.266526124715359	0.301398607593379	0.187661569776394	0.205196597092377	0.251107058445129	0.295293607170537	0.191750944864975	0.182048837734434	0.28425239457598	0.0882752316942405	0.205272901852495	0.277562480976641	0.190961607722276	0.260969983438944	0.259127306799991	0.282287993454471	0.214392623552998	0.257082788694808	0	0.198476979115934	0.262298122177026	0.319811994157596	0.145532429008622	0.298219808604095	0.149476225534952	0.298233257002661	0.202459561398777	0.219374147702918	0.269376012516066	0.207806699610915	0.19244070210406	0.300725642365667	0.256532033258311	0.326787710521121	0.30462027434025	0.158359012539873	0.187393919760972	0.182408139525803	0.20843753981685	0.277093372554868	0.225402679931952	0.227163026402259	0.315208114751769	0.240508809304781
700024743	0.131816140998009	0.169645030778327	0.251891531874686	0.277153358936794	0.175014188129719	0.22242037546156	0.11392469335711	0.220951514701728	0.122349906870477	0.20243343993865	0.132657184958095	0.275213712394965	0.221350667239418	0.169174808548811	0.271835350868476	0.194542022386744	0.211624615990004	0.235890986751698	0.149269577985805	0.105653977693765	0.150541565951761	0.19745796302109	0.170009852170103	0.138045074781464	0.147971764626821	0.238240165992227	0.197373129565548	0.320892949715802	0.22490497425636	0.233108365343386	0.188133676054034	0.169989474313984	0.130132447398968	0.198806430785912	0.198476979115934	0	0.209762185681362	0.25119574210961	0.124802036103246	0.294315551729098	0.118287770621897	0.223167343975221	0.147377424542453	0.0901032907607485	0.202675533914725	0.19306914388103	0.170499162058327	0.194679977434685	0.19690467093692	0.237429095525959	0.232578870302983	0.142252317961352	0.153911192489863	0.119870517435237	0.202850145366265	0.198981059957623	0.134356961354207	0.116164307263439	0.238202385038021	0.111548541909387
