700108602	700014971	700033565	700109389	700023058	700023927	700106341	700114221	700023543	700023439	700016978	700024192	700113058	700099448	700109870	700033928	700023693	700109627	700095416	700110425	700111580	700111302	700098605	700111991	700108960	700024452	700032931	700095837	700024548	700110161	700023496	700034628	700023645	700038744	700038485	700024743	700099596	700110760	700101587	700106399	700032322	700095653	700021312	700101230	700023590	700038905	700033136	700023382	700096424	700105469	700016908	700096053	700108479	700109569	700033814	700016125	700109756	700102665	700101777	700109455
700108602	0	0.234138494568521	0.323048302745104	0.232481835140691	0.193963707419367	0.294353907538513	0.0938302477396858	0.322371103928436	0.114924784557129	0.290250302097444	0.207852212894791	0.344804100192328	0.312563904518717	0.221421462992018	0.34205885531365	0.178363609313741	0.290784218245373	0.278072747381388	0.134553387561148	0.119145008964339	0.156696731990678	0.233720568105631	0.137327192873406	0.0548544709746078	0.146925179914545	0.203336042063371	0.234356652584378	0.326204646606245	0.299110208435465	0.316430613031452	0.274904926123937	0.240781614580118	0.235257569149265	0.289731181264071	0.174122357425119	0.144684696491608	0.228133204303504	0.304684667778087	0.101721287921662	0.359858702464526	0.178085838900615	0.327404482327197	0.164497545855752	0.183241661679057	0.294568435213579	0.23542764983745	0.190014803097074	0.298701740115923	0.238983059793436	0.308612307963853	0.291189611869698	0.0828427386206353	0.13231032143151	0.150603158760512	0.114544798169673	0.302893227268837	0.191128626685702	0.10684433186296	0.285221686964745	0.141421988691687
700014971	0.234138494568521	0	0.281020413792435	0.346516762988827	0.139688528596572	0.234793741305401	0.249583443997088	0.170195108532328	0.198051702835815	0.162212654004792	0.169993699906084	0.309486922752235	0.174390701000968	0.136716353927586	0.226112923216238	0.215632230207321	0.164642921113801	0.241700216343154	0.226082821527471	0.236807824602441	0.242022639590222	0.250470755434065	0.203163042238631	0.226432932206078	0.298197776183895	0.171828137359284	0.114132313201085	0.213146607612864	0.153588513614347	0.177269659701568	0.166442757406636	0.25136793127513	0.179094875236831	0.160823208200781	0.1848774422485	0.202887883530169	0.226053907205059	0.234176674732179	0.171930380370287	0.219827907844909	0.174102792414579	0.209642433786261	0.166814850938456	0.213406163677027	0.168367106559886	0.164707569573778	0.128778572505644	0.197924400417529	0.169465665970785	0.269484181273601	0.282358695797541	0.217468969071961	0.257084273197709	0.18181374202525	0.275812500563454	0.188666274934713	0.238027812820804	0.251948850545926	0.24768685043899	0.246535226457389
700033565	0.323048302745104	0.281020413792435	0	0.442377561759938	0.308800717337511	0.09641911904056	0.32786680101317	0.205311169137763	0.290092100158701	0.149761531870716	0.162977371977043	0.0611686018697525	0.189016193296593	0.221595811214096	0.210198146233151	0.18339118294469	0.196065769162888	0.132884415486506	0.233725722263401	0.31619385215934	0.248761587773097	0.126680419601282	0.308708482138064	0.300885102178744	0.286514937796199	0.344697052799839	0.247222285778817	0.373963730794914	0.30773171841906	0.193513948877241	0.145507813344361	0.171096027360738	0.156603268532396	0.145720620842494	0.357254238937718	0.246429264168035	0.236742938597611	0.147771417149517	0.29362287870783	0.244227033886199	0.221113437560368	0.132070042597124	0.240559201310083	0.253707768335904	0.20355174222797	0.217530955691537	0.239050286214541	0.16393355740785	0.158350672457444	0.0585886958776956	0.0991920573258635	0.324437645060976	0.363577448235048	0.219774542323945	0.388780416549092	0.144773741913058	0.212008170588918	0.300895559980127	0.0916870750715558	0.279831521858344
700109389	0.232481835140691	0.346516762988827	0.442377561759938	0	0.334843506656809	0.43190701774502	0.194895248861387	0.421815928242526	0.282582217294488	0.405767352571714	0.350408659385657	0.454665286789733	0.415228462236683	0.36472422548612	0.428024798845934	0.326223807300132	0.40759679778646	0.426215837490198	0.32342917344914	0.186889806758584	0.295238294964083	0.382626782023413	0.228947549647677	0.255904190782162	0.259672942216417	0.29702847824293	0.375001343966416	0.416250963253507	0.37144357744987	0.42399809714421	0.403784042373857	0.384335320219269	0.360900418899069	0.403680209996868	0.265612890573098	0.281178730629775	0.389913874592897	0.435648692393471	0.273018448775556	0.424167202089132	0.315059853628072	0.427632309515985	0.327963603794935	0.320784453520503	0.401109524674813	0.35002389424488	0.340455036551056	0.409463604131328	0.3842170790485	0.430570594653354	0.414532034828876	0.214345947896062	0.138960610024104	0.314629856557062	0.184152723278113	0.416314761542302	0.296068199901847	0.236084445425936	0.40277619809058	0.271952303982662
700023058	0.193963707419367	0.139688528596572	0.308800717337511	0.334843506656809	0	0.246632212507217	0.221875362411326	0.230900398800864	0.177273681174454	0.226715024047182	0.189095795803285	0.331466138888754	0.240941190012631	0.155436837870757	0.272447268852979	0.210455941143759	0.211343417402272	0.234476417700814	0.192616976166957	0.223613770482526	0.236716560678646	0.263424279334104	0.206036626527486	0.179464930626799	0.287946548074444	0.163195875087478	0.159963714162228	0.267839704852527	0.225064978981366	0.233067118457978	0.217912387813359	0.265511527567926	0.22191426867147	0.221169825863756	0.170111903681459	0.217228068770555	0.190763088303708	0.226340788050104	0.127001436425409	0.289297974283085	0.176587700803946	0.260952004101634	0.148382207186293	0.217559058073128	0.225670252950171	0.212065879058621	0.142581186708137	0.24246483500794	0.198539275280329	0.299265574312561	0.308111529908464	0.187120156290763	0.23514130779398	0.18462449155372	0.253390436617165	0.243478748312635	0.254746576222373	0.225625025978845	0.277125945605405	0.220984896728043
700023927	0.294353907538513	0.234793741305401	0.09641911904056	0.43190701774502	0.246632212507217	0	0.313465646662032	0.157752765350082	0.273330996540568	0.114546391597016	0.140874357414134	0.132744260794387	0.151206434046208	0.145431744661635	0.171776718080819	0.173402343615021	0.142721009211591	0.1018721968898	0.219408157924829	0.299552064682135	0.221030706150221	0.179689353200592	0.276577963452149	0.275299292867129	0.286204662989076	0.307285482341026	0.203786050281518	0.356821383353925	0.260578862816776	0.156797546377305	0.0962632278056302	0.173018323659379	0.156766980774339	0.114113618705877	0.327195007358847	0.225854422815959	0.194591445911616	0.0790365537157824	0.263412509741279	0.197499658322815	0.190837459344444	0.0965229722153802	0.195237435525177	0.235852028663161	0.156374775740704	0.166210938739723	0.191521797485069	0.123943237790224	0.0901479376709253	0.113342740091504	0.171375002813857	0.303940892708205	0.347403550666115	0.192916072785301	0.360107341252105	0.100342029109673	0.18247176958984	0.284763007446441	0.10748363915825	0.255657577596589
700106341	0.0938302477396858	0.249583443997088	0.32786680101317	0.194895248861387	0.221875362411326	0.313465646662032	0	0.317582949044059	0.125475028337852	0.291550819561637	0.216569205270907	0.338826097034155	0.305119735029089	0.247718305120915	0.339006615111461	0.195415394305068	0.29675853283482	0.319515996775162	0.172587465610011	0.0801055318589587	0.152144851844631	0.242867185788464	0.126536733978205	0.113931791590104	0.116869313833038	0.253218494480343	0.280847676582614	0.351143055636701	0.302171852659628	0.322542263417371	0.279502081415276	0.224838877435602	0.244928212228082	0.292198559686613	0.213571755636249	0.132473240538178	0.271991262957685	0.325540974316866	0.147741409865042	0.353418573353911	0.186022968805039	0.323373766003686	0.181337392466834	0.178465773338594	0.289694044208963	0.259627039518865	0.207966709263286	0.28967251277441	0.265448460020007	0.306585379563724	0.300827337637378	0.087256242088748	0.0933704867598376	0.168730498725312	0.131954672033243	0.297614953282087	0.178073617271959	0.094597003535583	0.28293590360633	0.10966002803025
700114221	0.322371103928436	0.170195108532328	0.205311169137763	0.421815928242526	0.230900398800864	0.157752765350082	0.317582949044059	0	0.287451108955171	0.0986527608119873	0.209581057945669	0.221214546359991	0.0761500599662511	0.163575711156465	0.094241365832008	0.248042312862334	0.0819910663716828	0.216748084217716	0.298673432008024	0.303097126433059	0.277346235668162	0.264642753773258	0.303371564174104	0.310973083850495	0.358348601252713	0.281752289732954	0.169157457509204	0.285594525366238	0.173958263944613	0.113470275474286	0.146326789319818	0.24953134178515	0.198492377762704	0.129478162541966	0.309586831373672	0.259828521547148	0.258777294711245	0.139390863140561	0.262239789531259	0.131030792157211	0.233261048704557	0.105004742158976	0.252722681529754	0.261178274406088	0.100695086958918	0.159481585683868	0.179251553399795	0.0889070337850013	0.175733145913273	0.204416682543321	0.272658696400821	0.306110695437077	0.337021637701007	0.253113162582094	0.390718111527055	0.0963205876822486	0.218580518591278	0.330131154037248	0.189581182301567	0.298788461307059
700023543	0.114924784557129	0.198051702835815	0.290092100158701	0.282582217294488	0.177273681174454	0.273330996540568	0.125475028337852	0.287451108955171	0	0.239274750297195	0.157942960496422	0.312873840438617	0.268883283896405	0.206810359482239	0.307715943493326	0.144468097624552	0.253657956101879	0.258005968347529	0.142616912840881	0.139090711804192	0.162446054640639	0.20008366682662	0.173616132155214	0.0963831522994804	0.159293914057606	0.214538357492832	0.221664241476151	0.300701582474271	0.292254463850955	0.270936000003315	0.226279232122975	0.178177862102745	0.196673414437249	0.241545122838336	0.178781667721518	0.12792424751742	0.21387375403191	0.28588589215043	0.113151922769407	0.326466523371823	0.15034705242181	0.279873612863228	0.145389487707389	0.100526407440756	0.250185815203495	0.227998904853012	0.148592787842541	0.251694212705257	0.217172788764376	0.275571254257559	0.263193075459694	0.0978778239214704	0.15892925669701	0.14260645466676	0.176459785100195	0.257996152245907	0.203540018464571	0.0997496528564649	0.25383051328976	0.122497505337856
700023439	0.290250302097444	0.162212654004792	0.149761531870716	0.405767352571714	0.226715024047182	0.114546391597016	0.291550819561637	0.0986527608119873	0.239274750297195	0	0.141183325758498	0.189891724254316	0.0750516981236744	0.12640218752585	0.14603585680627	0.175213838256171	0.094727653360779	0.145620591912668	0.225350170068763	0.270995067842692	0.234900723691265	0.209175397104461	0.280230960628818	0.264594210549034	0.299452733668898	0.270852235730345	0.154352817054841	0.28221742469141	0.199465745023225	0.0942616812300453	0.0733658881106229	0.210257049151611	0.133606423668527	0.074798061801271	0.29656784986275	0.203867675033726	0.203487062884276	0.116064941572378	0.227688805972348	0.158676839451199	0.161316401260064	0.0940574331013623	0.187745387434404	0.207477656006301	0.101270891416216	0.157597710262508	0.164600429115182	0.0930146108506845	0.0985000714109902	0.162803961211194	0.213099883178821	0.263132325344672	0.315692457155474	0.193099657537797	0.357618830444438	0.078154798565332	0.188137370104838	0.264195339560903	0.154112302311935	0.2518688556405
700016978	0.207852212894791	0.169993699906084	0.162977371977043	0.350408659385657	0.189095795803285	0.140874357414134	0.216569205270907	0.209581057945669	0.157942960496422	0.141183325758498	0	0.188626081056276	0.19205837559633	0.155693980833663	0.239343788634416	0.0862364981300707	0.177856007130889	0.128644603825234	0.141211238761078	0.19075993518492	0.152516151662758	0.104870981425041	0.219379343962933	0.183747387987637	0.188343274822822	0.23795775936406	0.173880282341668	0.285823179036117	0.238612047803966	0.182064815855696	0.105951144160203	0.127964530938523	0.0734886913539479	0.112844101249016	0.239754096911916	0.136222398610124	0.184116067372025	0.179327821862969	0.16372860516542	0.254373177720621	0.102371303258367	0.153374286561143	0.116747673948046	0.127899986018168	0.161819206376984	0.179691220213405	0.132179253189313	0.165761094506291	0.11037472388689	0.155577445373249	0.15745354122356	0.197864185740557	0.243202154237669	0.126180130535463	0.277030184182488	0.145388314940659	0.154138403353526	0.181071297278117	0.138044385446193	0.179878332879896
700024192	0.344804100192328	0.309486922752235	0.0611686018697525	0.454665286789733	0.331466138888754	0.132744260794387	0.338826097034155	0.221214546359991	0.312873840438617	0.189891724254316	0.188626081056276	0	0.213633426954487	0.250030024937361	0.218577891265409	0.207675780833908	0.220136388172499	0.16649531651045	0.258728074082176	0.329496654319781	0.248977670416098	0.14036657112703	0.329248955229128	0.329373254856137	0.294666495016416	0.368377657777698	0.280414428779324	0.396485575934298	0.313806236215665	0.235574067342259	0.172039071288069	0.169996330907198	0.177475670683196	0.174908993587497	0.388874044223149	0.260613804511973	0.274430004935618	0.177885924528162	0.32350693477974	0.253936524469601	0.246106611053978	0.143359681581064	0.27435654970692	0.265965257072153	0.20163679544214	0.238467780794657	0.257985221772952	0.172166542349053	0.194547172113536	0.0652222241300843	0.100999170342424	0.345709187850388	0.377015748766969	0.243209733707878	0.414895954112739	0.162394672718952	0.213748655529081	0.319676358861683	0.11116028771996	0.28987504432554
700113058	0.312563904518717	0.174390701000968	0.189016193296593	0.415228462236683	0.240941190012631	0.151206434046208	0.305119735029089	0.0761500599662511	0.268883283896405	0.0750516981236744	0.19205837559633	0.213633426954487	0	0.156837729161447	0.115020132913209	0.229499983291353	0.1148128401893	0.197606396217673	0.280113925734645	0.288392227509429	0.280932338081668	0.25310028695799	0.30606446084061	0.295441462770017	0.341891459196893	0.286908979601327	0.176098883218939	0.275106072021281	0.189932629363157	0.104261036292373	0.123345787051253	0.244569510870854	0.181048673140385	0.110860922534985	0.315528374241926	0.246167962811558	0.24101483050554	0.146953394430371	0.251732792135569	0.157270757787213	0.214944086256177	0.0949786347609118	0.236973642586466	0.247079380126785	0.118806342839952	0.180001182350638	0.199023229221369	0.103613095882889	0.15275195448371	0.187501718486242	0.253338706632567	0.287083421729485	0.333378341973852	0.2460707832821	0.386523233529828	0.0893528413146954	0.227056617270656	0.312249237364756	0.1742695914466	0.288379602149097
700099448	0.221421462992018	0.136716353927586	0.221595811214096	0.36472422548612	0.155436837870757	0.145431744661635	0.247718305120915	0.163575711156465	0.206810359482239	0.12640218752585	0.155693980833663	0.250030024937361	0.156837729161447	0	0.192112631518874	0.177897440762933	0.135575766211024	0.156966265674965	0.182950629130724	0.228120662395119	0.214474863720678	0.227445945201728	0.217776614860614	0.200242529034233	0.282589369310103	0.207266321233788	0.108905209479048	0.276430479143113	0.180277640217308	0.151473327625631	0.124724894136978	0.227484428398646	0.153980761751448	0.132114316576977	0.236446449793693	0.196580266696936	0.153514578430475	0.140144109007327	0.175377678623504	0.207257525572208	0.155813913309572	0.172158966680862	0.144652824698297	0.211646733835288	0.135836314471212	0.133831710683091	0.121439827822304	0.153219849239568	0.0884504814283866	0.216603914169961	0.236437659918287	0.21972940811682	0.27120704960578	0.161870869174284	0.289672203780649	0.150013141728123	0.175698026464972	0.242049478641818	0.194806348127234	0.226786237194286
700109870	0.34205885531365	0.226112923216238	0.210198146233151	0.428024798845934	0.272447268852979	0.171776718080819	0.339006615111461	0.094241365832008	0.307715943493326	0.14603585680627	0.239343788634416	0.218577891265409	0.115020132913209	0.192112631518874	0	0.272097843718549	0.138475552847637	0.242540260928384	0.319615527730428	0.319927357799099	0.284222414685389	0.288569388222953	0.324006609382922	0.333985948777923	0.3722749446572	0.317096410970285	0.225885154671055	0.320014647059651	0.201464739763076	0.150600591445106	0.18191512239616	0.269568918773423	0.23355252285305	0.175089519727059	0.347079353691689	0.285058413083214	0.286867957003862	0.144425051753915	0.293933870491139	0.149231086014415	0.267244432329018	0.112204030419936	0.283246594196754	0.283062050580078	0.129218759451953	0.17954068965879	0.222655275821913	0.105603037389916	0.203232544695272	0.204863653759081	0.274295140060878	0.321779843818769	0.352846714743036	0.276434212910927	0.405207469746775	0.129590819266879	0.238654666478817	0.344634347613396	0.193434074776138	0.318031747956293
700033928	0.178363609313741	0.215632230207321	0.18339118294469	0.326223807300132	0.210455941143759	0.173402343615021	0.195415394305068	0.248042312862334	0.144468097624552	0.175213838256171	0.0862364981300707	0.207675780833908	0.229499983291353	0.177897440762933	0.272097843718549	0	0.214841193594288	0.154151415745247	0.129128775613682	0.204300140373134	0.15175198516528	0.117045852048648	0.226136469556695	0.155025292313731	0.193376716061748	0.243220223236228	0.211903354889594	0.307931158027318	0.27131269953605	0.216830667651413	0.143882729276817	0.146723262660211	0.0929440895986815	0.149455267720211	0.235841707846972	0.17219219943393	0.187625605792316	0.202457787118758	0.163969252449623	0.288906288628983	0.100279812676987	0.183138721781585	0.152726754415648	0.16991307342559	0.194062241598823	0.187873100503351	0.142005731895436	0.205728012684236	0.147044415347581	0.172862288591782	0.15841465152709	0.176906464902697	0.231408792794496	0.137692857254748	0.262649256965473	0.180912794113401	0.167160183468503	0.156186645246611	0.153879042424363	0.163979444604493
700023693	0.290784218245373	0.164642921113801	0.196065769162888	0.40759679778646	0.211343417402272	0.142721009211591	0.29675853283482	0.0819910663716828	0.253657956101879	0.094727653360779	0.177856007130889	0.220136388172499	0.1148128401893	0.135575766211024	0.138475552847637	0.214841193594288	0	0.181739929054502	0.261806433838152	0.28430209924245	0.244288222526414	0.251667267623855	0.262489710335159	0.276500963292068	0.337823377085448	0.263673903693434	0.147407708357514	0.290341151908728	0.175214568569272	0.137484681218836	0.114694401119882	0.239638584386876	0.177695337459404	0.131015744000299	0.286725048925208	0.237399130833667	0.218941420978202	0.152577451475323	0.234653836685631	0.13823536690373	0.198752606529527	0.134995408285021	0.212166804601172	0.243203192366051	0.119977915816147	0.118645915955534	0.14139661193715	0.101709638862859	0.13683356176022	0.204865997479076	0.256707993252857	0.28138703113461	0.314341908625475	0.212663947873117	0.351678155549861	0.111391233993974	0.200502993249592	0.303965600272499	0.197636273846169	0.27750440430687
700109627	0.278072747381388	0.241700216343154	0.132884415486506	0.426215837490198	0.234476417700814	0.1018721968898	0.319515996775162	0.216748084217716	0.258005968347529	0.145620591912668	0.128644603825234	0.16649531651045	0.197606396217673	0.156966265674965	0.242540260928384	0.154151415745247	0.181739929054502	0	0.211942777443158	0.287876521493443	0.253103289122362	0.160223198690343	0.303235254849056	0.253423771056465	0.283657147560806	0.29210074261245	0.183359068453721	0.332036502704139	0.297976677832522	0.18691761708638	0.109650272434275	0.191707946672567	0.115555902250389	0.122166598430811	0.305875161378365	0.236180125691386	0.167366011394683	0.131692189626861	0.244391797484473	0.257408529247242	0.189704204699083	0.153831785783348	0.179471431809244	0.220968347142611	0.198877296893625	0.216195994753007	0.204637571052013	0.187349872006299	0.102631133790362	0.153086885745279	0.161238333320119	0.293895960198653	0.341391451287735	0.218467758143949	0.344291567715009	0.160434049792393	0.225309685899902	0.278487889374304	0.146408955461141	0.278995755496429
700095416	0.134553387561148	0.226082821527471	0.233725722263401	0.32342917344914	0.192616976166957	0.219408157924829	0.172587465610011	0.298673432008024	0.142616912840881	0.225350170068763	0.141211238761078	0.258728074082176	0.280113925734645	0.182950629130724	0.319615527730428	0.129128775613682	0.261806433838152	0.211942777443158	0	0.191966070791457	0.110699410457782	0.158611085040922	0.175675103699749	0.110846695243179	0.152178052509349	0.223654554353593	0.213981843654663	0.342852381743415	0.292012913241002	0.265067235729695	0.200199826422985	0.158106771568514	0.175564213867639	0.219744519328841	0.211653678377183	0.147034325304774	0.186070649267878	0.232726570166524	0.12882688420469	0.336485927036974	0.111486519466024	0.25928219718897	0.107616899079161	0.16927873987295	0.239397087560339	0.209736024643602	0.149711353938717	0.251547091221144	0.17875256317171	0.233230389217482	0.209329917135422	0.160703403526686	0.226640080275496	0.0820001714004575	0.211014040103162	0.241541985210789	0.154021881185703	0.141007085043808	0.205265919165994	0.138700477858359
700110425	0.119145008964339	0.236807824602441	0.31619385215934	0.186889806758584	0.223613770482526	0.299552064682135	0.0801055318589587	0.303097126433059	0.139090711804192	0.270995067842692	0.19075993518492	0.329496654319781	0.288392227509429	0.228120662395119	0.319927357799099	0.204300140373134	0.28430209924245	0.287876521493443	0.191966070791457	0	0.166686327294588	0.240924929086935	0.121322249020206	0.136887683441586	0.120625363266313	0.243594188160606	0.25587681020856	0.322838634484886	0.286681199042914	0.294561928626717	0.260068183514461	0.240922885874594	0.214940354948098	0.270842777821738	0.214248964556302	0.127133425601888	0.255037796787548	0.308642141411139	0.151218023464155	0.339639971342641	0.18326963334155	0.298571143231628	0.176039089917024	0.154084574394252	0.265399409284793	0.253915063013166	0.189643064468342	0.272124438682666	0.245238775496474	0.295048861525315	0.289681592999788	0.101498388380192	0.0773321859956737	0.173760529600307	0.149032679034223	0.277056407453951	0.163761341029143	0.111997088765845	0.272180659828241	0.143770851242788
700111580	0.156696731990678	0.242022639590222	0.248761587773097	0.295238294964083	0.236716560678646	0.221030706150221	0.152144851844631	0.277346235668162	0.162446054640639	0.234900723691265	0.152516151662758	0.248977670416098	0.280932338081668	0.214474863720678	0.284222414685389	0.15175198516528	0.244288222526414	0.253103289122362	0.110699410457782	0.166686327294588	0	0.164209476429629	0.159884011358933	0.154954460157139	0.121201501882561	0.27932784213076	0.276042112010144	0.373359490791275	0.25169561199919	0.276058241391967	0.202985043425174	0.148553293048687	0.184734482059383	0.229940963969528	0.261849024080925	0.127730022433773	0.250801269645263	0.2484197551778	0.18947883347005	0.304303907849956	0.123909811392236	0.237378321880362	0.159490013428116	0.164914440510459	0.207106537148916	0.198164859581756	0.157133142374846	0.221764637983543	0.195555427862533	0.219629745999486	0.221284495044391	0.149442515794923	0.204444651487139	0.0921766333271958	0.229992942750642	0.228501722564611	0.0935634074237745	0.12266497322558	0.189766717654599	0.103638521400012
700111302	0.233720568105631	0.250470755434065	0.126680419601282	0.382626782023413	0.263424279334104	0.179689353200592	0.242867185788464	0.264642753773258	0.20008366682662	0.209175397104461	0.104870981425041	0.14036657112703	0.25310028695799	0.227445945201728	0.288569388222953	0.117045852048648	0.251667267623855	0.160223198690343	0.158611085040922	0.240924929086935	0.164209476429629	0	0.248343841793615	0.221017761465856	0.178999683406286	0.314096076206979	0.258972330718973	0.356193189484354	0.315632399226896	0.251844342053437	0.178675673726295	0.0895277639978503	0.113679313047847	0.174712306839287	0.296022765049311	0.187122628512017	0.227247279233019	0.224940307232477	0.228164313501696	0.303975971941766	0.170805166885123	0.197212713308497	0.19187273426189	0.189078460437222	0.218092563485123	0.237939373639753	0.201748894868583	0.217800710517885	0.178562768871971	0.111050369093259	0.105595625971536	0.240171924338629	0.281742297329024	0.143545215901367	0.310971836015154	0.198597176891924	0.172976231471735	0.212453480720806	0.114334128381969	0.198623699213642
700098605	0.137327192873406	0.203163042238631	0.308708482138064	0.228947549647677	0.206036626527486	0.276577963452149	0.126536733978205	0.303371564174104	0.173616132155214	0.280230960628818	0.219379343962933	0.329248955229128	0.30606446084061	0.217776614860614	0.324006609382922	0.226136469556695	0.262489710335159	0.303235254849056	0.175675103699749	0.121322249020206	0.159884011358933	0.248343841793615	0	0.151983165988404	0.16408696254788	0.237944897706884	0.234129852929324	0.337611670825734	0.277406929295306	0.30839741009063	0.264152830100137	0.233174040841899	0.258526374986862	0.283089815692535	0.216714234390466	0.152773705792785	0.248508569412269	0.297529450740575	0.16545687692151	0.325330960310122	0.193516826612448	0.314944235524305	0.189323310288236	0.207741284046685	0.286151930789224	0.205786561206366	0.187701623766656	0.286904242057922	0.242582786980404	0.288987283590714	0.292257632582929	0.154249254883285	0.132936348320858	0.144831923721269	0.142907536478839	0.289305836304712	0.179909605089286	0.169576847722572	0.268094185936822	0.137060288072655
700111991	0.0548544709746078	0.226432932206078	0.300885102178744	0.255904190782162	0.179464930626799	0.275299292867129	0.113931791590104	0.310973083850495	0.0963831522994804	0.264594210549034	0.183747387987637	0.329373254856137	0.295441462770017	0.200242529034233	0.333985948777923	0.155025292313731	0.276500963292068	0.253423771056465	0.110846695243179	0.136887683441586	0.154954460157139	0.221017761465856	0.151983165988404	0	0.157838682681745	0.197190915267209	0.218806476229152	0.316428627689233	0.291109260448539	0.296717248199141	0.249800640478528	0.2278554490274	0.213365112677501	0.26509166067776	0.162170187761733	0.136773971996164	0.205132178689753	0.284105362591467	0.0902360399900111	0.348678585956708	0.153128215054225	0.306258549141504	0.138609067096884	0.166495071266673	0.274577330382084	0.224201607788155	0.165167544166928	0.279848492674233	0.218548914482854	0.2967953174972	0.273549768940218	0.0996716594167857	0.148636102069341	0.13461065988578	0.126944636859547	0.285936860428025	0.194272545175248	0.109418856909901	0.270077654128008	0.135814504219546
700108960	0.146925179914545	0.298197776183895	0.286514937796199	0.259672942216417	0.287946548074444	0.286204662989076	0.116869313833038	0.358348601252713	0.159293914057606	0.299452733668898	0.188343274822822	0.294666495016416	0.341891459196893	0.282589369310103	0.3722749446572	0.193376716061748	0.337823377085448	0.283657147560806	0.152178052509349	0.120625363266313	0.121201501882561	0.178999683406286	0.16408696254788	0.157838682681745	0	0.320902531939695	0.318052822263969	0.394413937053338	0.340290878877656	0.331819455265373	0.268344536329249	0.162153231566329	0.221831767977848	0.281593972913699	0.281427316738451	0.129804168952875	0.286533217937201	0.311014183224786	0.21077899148197	0.392010250314908	0.195988029603061	0.305720008121278	0.198231051566379	0.157086166772732	0.299565131864643	0.300827096174873	0.245317785447531	0.309845002244834	0.256374408963559	0.26838772941881	0.254714372670714	0.148559250810006	0.150034929186017	0.148110190602005	0.169560413209209	0.298292711588692	0.152630743750023	0.100724412112367	0.239904379880045	0.111210179375268
700024452	0.203336042063371	0.171828137359284	0.344697052799839	0.29702847824293	0.163195875087478	0.307285482341026	0.253218494480343	0.281752289732954	0.214538357492832	0.270852235730345	0.23795775936406	0.368377657777698	0.286908979601327	0.207266321233788	0.317096410970285	0.243220223236228	0.263673903693434	0.29210074261245	0.223654554353593	0.243594188160606	0.27932784213076	0.314096076206979	0.237944897706884	0.197190915267209	0.320902531939695	0	0.179443175332874	0.228317254884591	0.192998377542654	0.259956673292887	0.27048077457495	0.311185129119483	0.248292848138897	0.264004378824284	0.0899017614713842	0.240568963354958	0.275042129172952	0.302296482339653	0.151314086868125	0.311974978664947	0.218825124442255	0.305307286777666	0.206254004197985	0.256706037230187	0.265666286657558	0.216759978886664	0.195919892912152	0.29069538660925	0.247888429019543	0.334410721365232	0.340016960857095	0.205012313459924	0.238801189423404	0.234945326517122	0.227925294056761	0.289458395580349	0.27140999283315	0.256259382946924	0.311229051096647	0.276872130043598
700032931	0.234356652584378	0.114132313201085	0.247222285778817	0.375001343966416	0.159963714162228	0.203786050281518	0.280847676582614	0.169157457509204	0.221664241476151	0.154352817054841	0.173880282341668	0.280414428779324	0.176098883218939	0.108905209479048	0.225885154671055	0.211903354889594	0.147407708357514	0.183359068453721	0.213981843654663	0.25587681020856	0.276042112010144	0.258972330718973	0.234129852929324	0.218806476229152	0.318052822263969	0.179443175332874	0	0.231632517913402	0.187790110720246	0.166779987454416	0.157707373901558	0.26817741191495	0.173806702528823	0.147341282908004	0.208001555418205	0.235949218800912	0.17520778266064	0.191175156769578	0.173603592525302	0.217002610240964	0.194447053360216	0.207464076905305	0.171831401685264	0.22870344205686	0.168553821519362	0.168562762615921	0.151751753992502	0.180823350132269	0.137495501652978	0.246035816942285	0.270892357722153	0.248890471285162	0.279987502332123	0.21482454495256	0.286845416515292	0.175505289946628	0.242558834258805	0.274598093702385	0.237619623192089	0.281943783520521
700095837	0.326204646606245	0.213146607612864	0.373963730794914	0.416250963253507	0.267839704852527	0.356821383353925	0.351143055636701	0.285594525366238	0.300701582474271	0.28221742469141	0.285823179036117	0.396485575934298	0.275106072021281	0.276430479143113	0.320014647059651	0.307931158027318	0.290341151908728	0.332036502704139	0.342852381743415	0.322838634484886	0.373359490791275	0.356193189484354	0.337611670825734	0.316428627689233	0.394413937053338	0.228317254884591	0.231632517913402	0	0.186502274425513	0.232412612238917	0.300224939122937	0.37109449827755	0.283855520285111	0.268846767574143	0.252962090300095	0.328941943923069	0.327585000818316	0.346019548995293	0.272296545874651	0.335765744226174	0.300387689387697	0.303033387583531	0.30067929618535	0.310212075273677	0.283138361102992	0.298604601249131	0.276598886433923	0.311266581520382	0.303263615500312	0.370363559407897	0.373825313509304	0.320678303059377	0.342767736486389	0.335518869818707	0.362433041779237	0.307103138411965	0.36102407746647	0.34895832436419	0.352907750220881	0.368094269061808
700024548	0.299110208435465	0.153588513614347	0.30773171841906	0.37144357744987	0.225064978981366	0.260578862816776	0.302171852659628	0.173958263944613	0.292254463850955	0.199465745023225	0.238612047803966	0.313806236215665	0.189932629363157	0.180277640217308	0.201464739763076	0.27131269953605	0.175214568569272	0.297976677832522	0.292012913241002	0.286681199042914	0.25169561199919	0.315632399226896	0.277406929295306	0.291109260448539	0.340290878877656	0.192998377542654	0.187790110720246	0.186502274425513	0	0.16501284455129	0.226831055342695	0.311405021774607	0.228978474016507	0.20432354414773	0.226178598584348	0.251964741349188	0.304417651126312	0.259513103863893	0.246757139153382	0.213203150254081	0.229949864994292	0.207156103079498	0.247134422871585	0.287433433459701	0.153731808862275	0.156624828225709	0.193007843599878	0.199849445218167	0.231354758447872	0.301211359098326	0.322864359508219	0.277150903413448	0.301092216976002	0.243880249335483	0.332783599337552	0.21507806851629	0.227494210213565	0.305091389493627	0.276194506421799	0.296303689985264
700110161	0.316430613031452	0.177269659701568	0.193513948877241	0.42399809714421	0.233067118457978	0.156797546377305	0.322542263417371	0.113470275474286	0.270936000003315	0.0942616812300453	0.182064815855696	0.235574067342259	0.104261036292373	0.151473327625631	0.150600591445106	0.216830667651413	0.137484681218836	0.18691761708638	0.265067235729695	0.294561928626717	0.276058241391967	0.251844342053437	0.30839741009063	0.296717248199141	0.331819455265373	0.259956673292887	0.166779987454416	0.232412612238917	0.16501284455129	0	0.131449156130922	0.248367356932108	0.181110499583258	0.106116938886355	0.282620561692827	0.245556664719986	0.234573364937924	0.145390913765577	0.258025356342331	0.205910230222331	0.211957988990906	0.121383119404952	0.217328451296698	0.24021147563397	0.131014723691726	0.19864012033134	0.195169713309545	0.132283408342549	0.137178644590544	0.201873233947023	0.257102163385682	0.285149795222829	0.341797434788969	0.22762771105697	0.38369129628003	0.122127506369899	0.220142896077123	0.296840880070428	0.184837446319907	0.287568955867002
700023496	0.274904926123937	0.166442757406636	0.145507813344361	0.403784042373857	0.217912387813359	0.0962632278056302	0.279502081415276	0.146326789319818	0.226279232122975	0.0733658881106229	0.105951144160203	0.172039071288069	0.123345787051253	0.124724894136978	0.18191512239616	0.143882729276817	0.114694401119882	0.109650272434275	0.200199826422985	0.260068183514461	0.202985043425174	0.178675673726295	0.264152830100137	0.249800640478528	0.268344536329249	0.27048077457495	0.157707373901558	0.300224939122937	0.226831055342695	0.131449156130922	0	0.171475903932006	0.111230648738404	0.0730046697317509	0.292247803509342	0.194249739053679	0.18330409211663	0.119627527575984	0.222695981722934	0.183636925690719	0.136219018606051	0.109682266281294	0.163201753244467	0.192157647178742	0.119838500990742	0.163821874315663	0.147693194468556	0.108411624995584	0.0716040898778358	0.151277016892528	0.18163946978742	0.256444249818797	0.311060635594302	0.168816389688869	0.344549032015929	0.0863116466006782	0.170986332893549	0.249214587467877	0.151511753113782	0.230592393224972
700034628	0.240781614580118	0.25136793127513	0.171096027360738	0.384335320219269	0.265511527567926	0.173018323659379	0.224838877435602	0.24953134178515	0.178177862102745	0.210257049151611	0.127964530938523	0.169996330907198	0.244569510870854	0.227484428398646	0.269568918773423	0.146723262660211	0.239638584386876	0.191707946672567	0.158106771568514	0.240922885874594	0.148553293048687	0.0895277639978503	0.233174040841899	0.2278554490274	0.162153231566329	0.311185129119483	0.26817741191495	0.37109449827755	0.311405021774607	0.248367356932108	0.171475903932006	0	0.149632963798455	0.177916063254571	0.298652512394101	0.145787042529338	0.249762575140434	0.215469715931803	0.237189035463285	0.28812825965168	0.184046383108036	0.184958295306152	0.192975214478137	0.137319516773381	0.210391977123906	0.233946347167381	0.203923994888644	0.201920071189168	0.185266308008524	0.148381605853054	0.170751524355561	0.234425829152657	0.275663490369354	0.138420898146851	0.301245511635532	0.18556995679606	0.148175708997264	0.182216258992851	0.132293294136219	0.144679551187762
700023645	0.235257569149265	0.179094875236831	0.156603268532396	0.360900418899069	0.22191426867147	0.156766980774339	0.244928212228082	0.198492377762704	0.196673414437249	0.133606423668527	0.0734886913539479	0.177475670683196	0.181048673140385	0.153980761751448	0.23355252285305	0.0929440895986815	0.177695337459404	0.115555902250389	0.175564213867639	0.214940354948098	0.184734482059383	0.113679313047847	0.258526374986862	0.213365112677501	0.221831767977848	0.248292848138897	0.173806702528823	0.283855520285111	0.228978474016507	0.181110499583258	0.111230648738404	0.149632963798455	0	0.10398381913041	0.257945401464466	0.165906797194605	0.206601198574594	0.18308127371267	0.18915881524051	0.24517987941498	0.126559690207517	0.136302752758665	0.149831023646055	0.164210070454133	0.146411049958452	0.187604854950952	0.146915754606601	0.156350591983995	0.126527752228844	0.14392087516713	0.138313691143049	0.225365860688602	0.270113184634896	0.171136402691601	0.308395346212333	0.133194249688221	0.169725790373157	0.205552020717566	0.126864976524916	0.212816327388281
700038744	0.289731181264071	0.160823208200781	0.145720620842494	0.403680209996868	0.221169825863756	0.114113618705877	0.292198559686613	0.129478162541966	0.241545122838336	0.074798061801271	0.112844101249016	0.174908993587497	0.110860922534985	0.132114316576977	0.175089519727059	0.149455267720211	0.131015744000299	0.122166598430811	0.219744519328841	0.270842777821738	0.229940963969528	0.174712306839287	0.283089815692535	0.26509166067776	0.281593972913699	0.264004378824284	0.147341282908004	0.268846767574143	0.20432354414773	0.106116938886355	0.0730046697317509	0.177916063254571	0.10398381913041	0	0.287212426749195	0.209056070689706	0.202965178295687	0.128838767867263	0.225818977172257	0.198035078402489	0.161712239776477	0.0840458297069028	0.184290813379504	0.207016980074428	0.0999988599432277	0.185618512695453	0.167399609045596	0.117640403420665	0.0979744613938713	0.151112540350976	0.185626062038829	0.263147350427906	0.317850195551911	0.19376457209135	0.358264849446957	0.0910603588910871	0.191824933375295	0.261840355565975	0.147833380739071	0.25006232374264
700038485	0.174122357425119	0.1848774422485	0.357254238937718	0.265612890573098	0.170111903681459	0.327195007358847	0.213571755636249	0.309586831373672	0.178781667721518	0.29656784986275	0.239754096911916	0.388874044223149	0.315528374241926	0.236446449793693	0.347079353691689	0.235841707846972	0.286725048925208	0.305875161378365	0.211653678377183	0.214248964556302	0.261849024080925	0.296022765049311	0.216714234390466	0.162170187761733	0.281427316738451	0.0899017614713842	0.208001555418205	0.252962090300095	0.226178598584348	0.282620561692827	0.292247803509342	0.298652512394101	0.257945401464466	0.287212426749195	0	0.224877434879023	0.270146456367192	0.334288636356962	0.124965996396648	0.339111078650152	0.222003762717081	0.337835818249289	0.198130337505175	0.237083557976039	0.296737789346824	0.229093382464586	0.203233266148981	0.32254545933425	0.268926433966274	0.359588690358554	0.333669320936012	0.16860888069426	0.199367445086009	0.211934505764713	0.185364878721055	0.319969416415358	0.268218530640962	0.216095749072437	0.328146646399645	0.246530523149783
700024743	0.144684696491608	0.202887883530169	0.246429264168035	0.281178730629775	0.217228068770555	0.225854422815959	0.132473240538178	0.259828521547148	0.12792424751742	0.203867675033726	0.136222398610124	0.260613804511973	0.246167962811558	0.196580266696936	0.285058413083214	0.17219219943393	0.237399130833667	0.236180125691386	0.147034325304774	0.127133425601888	0.127730022433773	0.187122628512017	0.152773705792785	0.136773971996164	0.129804168952875	0.240568963354958	0.235949218800912	0.328941943923069	0.251964741349188	0.245556664719986	0.194249739053679	0.145787042529338	0.165906797194605	0.209056070689706	0.224877434879023	0	0.226767254616776	0.244152887833095	0.165552519224346	0.2978133434285	0.141916920812135	0.240670992716744	0.142971313359563	0.091041320340873	0.209320846318633	0.215492104464711	0.165353477225115	0.212255562472023	0.18074485847509	0.229541463206251	0.231519495575855	0.142392105169821	0.172184836002687	0.114402901150753	0.193176765338783	0.220298234334621	0.140333975446591	0.0948948361923543	0.204345215917639	0.0904346190025757
