700108602	700014971	700033565	700109389	700023058	700023927	700106341	700114221	700023543	700023439	700016978	700024192	700113058	700099448	700109870	700033928	700023693	700109627	700095416	700110425	700111580	700111302	700098605	700111991	700108960	700024452	700032931	700095837	700024548	700110161	700023496	700034628	700023645	700038744	700038485	700024743	700099596	700110760	700101587	700106399	700032322	700095653	700021312	700101230	700023590	700038905	700033136	700023382	700096424	700105469	700016908	700096053	700108479	700109569	700033814	700016125	700109756	700102665	700101777	700109455
700108602	0	-0.160983077857381	-0.202895586999807	-0.107444080256854	-0.134940515763548	-0.20540620713084	-0.080010144909198	-0.215328541161344	-0.0992734891898529	-0.201737063450466	-0.144677277864121	-0.208520900860909	-0.219227189012118	-0.164439781271713	-0.212217894850763	-0.114739735741757	-0.212350725320011	-0.198970693931274	-0.100405933261248	-0.0943266695850386	-0.113130887104649	-0.140122555878676	-0.0960899088895179	-0.0650232740147972	-0.109893044370126	-0.12298319947899	-0.159385950925345	-0.176389752646912	-0.179407682398898	-0.207200540084069	-0.186022267957448	-0.164357993320885	-0.151629762490184	-0.185453140956569	-0.106127842021086	-0.13360710592293	-0.162379227942213	-0.216229802966446	-0.0892596260450591	-0.233774357652204	-0.108454348571947	-0.203554543473268	-0.150252167577576	-0.141799991172518	-0.18284830143329	-0.146633928825878	-0.122791938794742	-0.19757848480174	-0.182548429761775	-0.192597246679521	-0.148976612735251	-0.0841567392885415	-0.0797389507294545	-0.117537188097175	-0.0815484972717642	-0.199300653355708	-0.124091887280131	-0.0925535907820324	-0.170260293824525	-0.120371121209063
700014971	-0.160983077857381	0	-0.189091839049255	-0.216473724590172	-0.121858264993291	-0.15460183376036	-0.176156938346404	-0.138468307949659	-0.149259903741468	-0.135705048032712	-0.135452310549526	-0.202638967217909	-0.148355099935466	-0.111316675376034	-0.158986370026726	-0.156988560620984	-0.130731501761854	-0.178538690734174	-0.15691246692393	-0.16489525853567	-0.165290135845409	-0.151144147414266	-0.12533524074456	-0.156070549113627	-0.191269421836802	-0.157149352278274	-0.107239127378492	-0.149489691938354	-0.120824934047104	-0.136063590953487	-0.119971144572276	-0.161262652650966	-0.128873347808459	-0.134965930798423	-0.136100433922151	-0.133820730900622	-0.168049431717548	-0.175754698145144	-0.140159946845588	-0.135955221184659	-0.126068105405511	-0.149688298212189	-0.139769417960084	-0.155139186876213	-0.130425895624938	-0.119352808739119	-0.0996508455720187	-0.138276635990644	-0.132895154198625	-0.177086256422526	-0.17485079933039	-0.167224916808622	-0.16959335519114	-0.124749223782139	-0.176752194523001	-0.142711009727343	-0.153367202077187	-0.174766470115536	-0.158760284750145	-0.169342361025623
700033565	-0.202895586999807	-0.189091839049255	0	-0.229460584697998	-0.212397126521208	-0.0775449262675041	-0.200058260137976	-0.108323124498682	-0.195363758429221	-0.100601726604131	-0.108582512195334	-0.0603371862729193	-0.12132596589596	-0.158029969869632	-0.10309950860381	-0.129419223821857	-0.113899003966282	-0.109900561992727	-0.169040573230697	-0.184476582166839	-0.167449587767287	-0.0909667467973783	-0.200313995253174	-0.186417631302295	-0.166597780715842	-0.211230690821901	-0.167682723809184	-0.193892314900959	-0.176667693533114	-0.122035639418127	-0.13267232395267	-0.11650373146235	-0.11463935244593	-0.0943840955573154	-0.208081839223004	-0.135045750473634	-0.171416436884549	-0.108352169651523	-0.181171738894389	-0.141774706798466	-0.164890788406533	-0.0868356785111602	-0.165475058873636	-0.159012762469211	-0.122522296587749	-0.145997370289141	-0.174997323358405	-0.094163267130527	-0.131250479017809	-0.0609159722404185	-0.0816957128854845	-0.212637160859516	-0.200024606750086	-0.153925759378913	-0.232405267501645	-0.109357862715857	-0.149051031403583	-0.209931238716733	-0.0766363912676591	-0.189134747250164
700109389	-0.107444080256854	-0.216473724590172	-0.229460584697998	0	-0.188168246829178	-0.251400210081787	-0.10338459635577	-0.242835282233998	-0.17456268436723	-0.245034476451887	-0.192503045205136	-0.230094388084213	-0.245517534380265	-0.222022487938095	-0.232955729726105	-0.171121595890495	-0.251416017807031	-0.249427816934552	-0.176712310196232	-0.112870945922325	-0.147270925287914	-0.189126611097285	-0.141074496962455	-0.144631203702878	-0.132815470602094	-0.155363734825259	-0.229678338526819	-0.213658565856984	-0.193237802025219	-0.236662927523556	-0.231325685575054	-0.211129577334724	-0.189055762691596	-0.229130779839653	-0.138317857679048	-0.176562604071955	-0.231034044123084	-0.260874453754295	-0.160468360128504	-0.241012565470438	-0.161926620380516	-0.228379539266137	-0.214519609980001	-0.183478316904905	-0.207925266106741	-0.18371120267053	-0.195535118603546	-0.226968974393314	-0.232194176059552	-0.220619431656464	-0.178840389141789	-0.111821660605733	-0.0836679607052139	-0.185719770185778	-0.129006523588037	-0.231917658278985	-0.130031175864952	-0.107602772593111	-0.198047829376986	-0.149120891864657
700023058	-0.134940515763548	-0.121858264993291	-0.212397126521208	-0.188168246829178	0	-0.173562707394073	-0.147686925874556	-0.182792338031416	-0.129250850284103	-0.175122942841675	-0.142442111536428	-0.221278418422886	-0.191564344663451	-0.133059233864513	-0.184882992338883	-0.144847057560991	-0.18212856277672	-0.174124911436326	-0.13886331131236	-0.15466119643728	-0.1653932075412	-0.164095139947145	-0.127651597925418	-0.131346426426439	-0.178956780837581	-0.129010866480095	-0.125899797103506	-0.16295467009187	-0.164327965237334	-0.163938715131484	-0.148971357870613	-0.187673762845963	-0.143130786926627	-0.156366032399872	-0.11747579026608	-0.162096012954929	-0.135997848965836	-0.16571849814577	-0.12609669091976	-0.201060636552651	-0.116339488493277	-0.178864546898634	-0.115224008763885	-0.164101331251901	-0.161966091244664	-0.140168549849577	-0.100601609807449	-0.175502931191571	-0.140523170743259	-0.200887883634962	-0.175508279768129	-0.141624366888471	-0.147304356940161	-0.133309883916751	-0.158788946242572	-0.179144970192082	-0.165803450226021	-0.156248714950764	-0.173929424722694	-0.153933142238571
700023927	-0.20540620713084	-0.15460183376036	-0.0775449262675041	-0.251400210081787	-0.173562707394073	0	-0.222626347195671	-0.102101789071162	-0.192418137470975	-0.0694238078303701	-0.112799997470797	-0.108484758725279	-0.109133311483296	-0.108449813044557	-0.0973371901469202	-0.146369392730035	-0.0884948514220821	-0.0729108293765025	-0.175662916542938	-0.196272406123755	-0.185107755255881	-0.135617916391643	-0.179198577727866	-0.184067726301209	-0.198806607446502	-0.200651967192445	-0.125948652842853	-0.190315311746189	-0.160578094584392	-0.0994759110128943	-0.0842238021489266	-0.153056068229617	-0.116699578480023	-0.0688948933941334	-0.194280555891893	-0.149299586910156	-0.138959003957005	-0.0678254357735868	-0.180248527928684	-0.132912235077917	-0.150202413651663	-0.0875366525478282	-0.13379928011589	-0.17098875221045	-0.117607465335937	-0.124238018565817	-0.148499974943333	-0.0935145238855043	-0.0752847489422241	-0.100033866698581	-0.119546977260579	-0.221047759145302	-0.21879222642234	-0.137771488342026	-0.232438030032825	-0.100647215207741	-0.153300904420159	-0.22195819838283	-0.101177784633972	-0.20092998132613
700106341	-0.080010144909198	-0.176156938346404	-0.200058260137976	-0.10338459635577	-0.147686925874556	-0.222626347195671	0	-0.218405512469451	-0.105394946782002	-0.214609154057409	-0.149064643285098	-0.194626696155687	-0.220900842943972	-0.191822881423117	-0.209040484979163	-0.129209373670436	-0.219914659620161	-0.227707960773413	-0.119866920075954	-0.0787108504219598	-0.101562719070165	-0.134353011874202	-0.114155545708485	-0.116259863400032	-0.0839126604772713	-0.163472646561973	-0.198712007563654	-0.200952781868595	-0.195983246955094	-0.216191426045068	-0.196434377573815	-0.132702413865699	-0.152670408904947	-0.201258800859249	-0.133106365248122	-0.114727845364209	-0.199819750240204	-0.234604305000859	-0.0990354128918225	-0.239258881316868	-0.134854101334891	-0.200066931408375	-0.163500321660369	-0.123824892822044	-0.179582114966469	-0.161751528713027	-0.153100067544748	-0.195827203597588	-0.200366890963127	-0.18438861680292	-0.151339722901392	-0.0643095016153921	-0.0764843298957812	-0.130689363427744	-0.114662156861458	-0.196204940617831	-0.109167996814718	-0.0787123836231824	-0.16927109729979	-0.0778231504719606
700114221	-0.215328541161344	-0.138468307949659	-0.108323124498682	-0.242835282233998	-0.182792338031416	-0.102101789071162	-0.218405512469451	0	-0.208035492764669	-0.0838983014265415	-0.145452692776102	-0.132290981284338	-0.0776828152386767	-0.130500788892349	-0.0786533504124269	-0.166524173299487	-0.0609333403038373	-0.151876051003563	-0.207517985201519	-0.196809974597097	-0.194661351330442	-0.158523360665129	-0.19552287879312	-0.198937440780333	-0.221346731459227	-0.211853766029604	-0.127139698653569	-0.170740665538393	-0.140695750745445	-0.104555363247347	-0.117867177472976	-0.168801299889064	-0.122759715909215	-0.104527152661457	-0.203791812195897	-0.159469062996507	-0.182513811425994	-0.110156642807808	-0.197750388235224	-0.0939563258699277	-0.157937607370686	-0.0759041926338439	-0.173656817143379	-0.170630054260918	-0.0958089849885596	-0.119169215660685	-0.151370793314936	-0.0688345659524654	-0.136378072231086	-0.110182301237009	-0.147061484590871	-0.222041646875793	-0.208512046229128	-0.171465896337181	-0.245709720122784	-0.0833287121230996	-0.157481247516767	-0.231047537745015	-0.121421433572099	-0.202973521806913
700023543	-0.0992734891898529	-0.149259903741468	-0.195363758429221	-0.17456268436723	-0.129250850284103	-0.192418137470975	-0.105394946782002	-0.208035492764669	0	-0.18642212499662	-0.128781815040288	-0.201229852114313	-0.210266536474854	-0.160326261643875	-0.203429685855138	-0.103146692048345	-0.199282409248339	-0.195024366785497	-0.0886563332546305	-0.125737641060077	-0.131758589219716	-0.130499958545186	-0.112288302369575	-0.0977928928552894	-0.12743618652845	-0.131702312289611	-0.15143104840096	-0.177035323289866	-0.211597916052851	-0.194504071790063	-0.17170406208757	-0.122834617190555	-0.148951107143914	-0.174835322057342	-0.110500017943965	-0.130567940825947	-0.147658257730704	-0.204616470912192	-0.0877386652693779	-0.234219636801986	-0.114376955153578	-0.194126826935652	-0.136901693352057	-0.105734861460176	-0.186764124428752	-0.166112945036727	-0.110272042023079	-0.188081813507429	-0.178587479102963	-0.181439363023153	-0.148815771320993	-0.0849018919366301	-0.119240147369868	-0.120494085976918	-0.120119715747546	-0.185720208397464	-0.157702278139182	-0.103830024385241	-0.166773195513693	-0.0978390657688317
700023439	-0.201737063450466	-0.135705048032712	-0.100601726604131	-0.245034476451887	-0.175122942841675	-0.0694238078303701	-0.214609154057409	-0.0838983014265415	-0.18642212499662	0	-0.119350616482902	-0.127534314943336	-0.0875815718355164	-0.116913641849958	-0.103165944781916	-0.143866434239351	-0.0771560677726046	-0.113288163186731	-0.171223502149147	-0.194016750934483	-0.177081234099257	-0.14045765859699	-0.178524613516216	-0.17716430608811	-0.206423821462711	-0.200853228023601	-0.121588322172186	-0.180693809487576	-0.150979561942065	-0.104335028944902	-0.101219444768652	-0.15968044627163	-0.114317290175944	-0.0759012031445159	-0.192273279920703	-0.139869509763854	-0.148165019108067	-0.0880398493170795	-0.175591459311661	-0.113700941598167	-0.136171269945859	-0.0958389339526558	-0.145534792604521	-0.168517661786793	-0.107602915636525	-0.107804242866361	-0.134828255183335	-0.0873766905278289	-0.0926909817942352	-0.108219278478826	-0.125548075940973	-0.210129018413808	-0.212032980559223	-0.136898756471961	-0.229404467663191	-0.0895170303417208	-0.147153620035159	-0.214525796330198	-0.103401839026972	-0.195138543593467
700016978	-0.144677277864121	-0.135452310549526	-0.108582512195334	-0.192503045205136	-0.142442111536428	-0.112799997470797	-0.149064643285098	-0.145452692776102	-0.128781815040288	-0.119350616482902	0	-0.12362436930645	-0.142733758685764	-0.134539504615414	-0.149809069927422	-0.089989580979382	-0.132491266133204	-0.113305969089141	-0.116137369439517	-0.121967016879369	-0.126157780674224	-0.0596191104091277	-0.143721895437568	-0.1235913334387	-0.121183373322794	-0.169589276575949	-0.125369622652913	-0.146971652424539	-0.16176613733365	-0.136880340828542	-0.103815275491291	-0.101355878636305	-0.070565694297032	-0.0984373354783719	-0.149708782763155	-0.0930307185144203	-0.134112472805355	-0.148338718457414	-0.116670752635395	-0.17316283547955	-0.101821690837087	-0.117737628556365	-0.100618793245303	-0.106315936293851	-0.114394022918108	-0.119258519750171	-0.114709098224649	-0.11669994900151	-0.113941800915956	-0.110258567483424	-0.0833586360776018	-0.150936444084764	-0.142335819569384	-0.0972521842809315	-0.16638072137175	-0.117007409881617	-0.114283680397781	-0.145611145951887	-0.092953874495475	-0.142943784230612
700024192	-0.208520900860909	-0.202638967217909	-0.0603371862729193	-0.230094388084213	-0.221278418422886	-0.108484758725279	-0.194626696155687	-0.132290981284338	-0.201229852114313	-0.127534314943336	-0.12362436930645	0	-0.124740421542863	-0.1783897807906	-0.113078999260885	-0.131904940489175	-0.130832104890306	-0.124030353210498	-0.171389761363046	-0.183440394323273	-0.157983270001467	-0.0939165176382174	-0.206759604117096	-0.199582883781091	-0.165730374385255	-0.226930607671031	-0.187292510950909	-0.200469777657258	-0.183888502704341	-0.150662004849307	-0.135604227156699	-0.111094244919733	-0.117197461777706	-0.116377057319482	-0.218253117734054	-0.147440438972836	-0.18709539754594	-0.125861177970372	-0.1932467266977	-0.156160787860652	-0.166583840590107	-0.0880013158542456	-0.171463884927943	-0.155330038883235	-0.118339424564268	-0.152992321370423	-0.183875641460065	-0.101189523037446	-0.14875500418307	-0.0565595695986959	-0.0892591170982747	-0.215413570466657	-0.202584737446872	-0.154598306856629	-0.246700196093029	-0.114591365363592	-0.141470940345255	-0.212994379828829	-0.0958336330611063	-0.190105884724759
700113058	-0.219227189012118	-0.148355099935466	-0.12132596589596	-0.245517534380265	-0.191564344663451	-0.109133311483296	-0.220900842943972	-0.0776828152386767	-0.210266536474854	-0.0875815718355164	-0.142733758685764	-0.124740421542863	0	-0.135327144924718	-0.0898531418754357	-0.16587589805704	-0.0912610719667713	-0.15147030180697	-0.207556072609711	-0.199243195956916	-0.197354377537902	-0.156770945246538	-0.202529658142261	-0.20364029224663	-0.22217510220221	-0.220921004928355	-0.142542530422292	-0.160378502203936	-0.137622754708664	-0.105641672645923	-0.119555869508169	-0.164498853829747	-0.123547067008226	-0.0998601626540457	-0.217290027962025	-0.175597139498934	-0.188317143371395	-0.125070244868999	-0.202232654412721	-0.102613288742334	-0.160707838143465	-0.0745263930816967	-0.191020130188607	-0.169112924902795	-0.100172324350014	-0.125349751295818	-0.171302373614579	-0.0764702382711232	-0.13741602675386	-0.111888578034438	-0.152405261039086	-0.220986658383658	-0.21534319541993	-0.182521553881508	-0.257108291770291	-0.0729183235968054	-0.162051946181022	-0.231964682672594	-0.127311096201233	-0.202223773131598
700099448	-0.164439781271713	-0.111316675376034	-0.158029969869632	-0.222022487938095	-0.133059233864513	-0.108449813044557	-0.191822881423117	-0.130500788892349	-0.160326261643875	-0.116913641849958	-0.134539504615414	-0.1783897807906	-0.135327144924718	0	-0.131887200817609	-0.151696794941707	-0.114048801022328	-0.126176331175395	-0.145883224536618	-0.172689806304961	-0.170503356874211	-0.160710998077229	-0.141136535903109	-0.142341312013246	-0.198382647769934	-0.145666587648373	-0.0867267981509427	-0.170366822806973	-0.133849528261937	-0.115883055850047	-0.09316436027964	-0.178373748964113	-0.118589493932974	-0.107097480534794	-0.14961600328436	-0.159397642161094	-0.129963699744349	-0.12379957542025	-0.150203764106138	-0.153767248010698	-0.130198109079464	-0.127924020279673	-0.123817419971179	-0.183334299031752	-0.114188450536608	-0.116334930038139	-0.110609325482438	-0.123967833763807	-0.0822539044939136	-0.151952667880494	-0.150009123366675	-0.17676315051194	-0.18724632179631	-0.124892055188436	-0.181385563122912	-0.132365009350329	-0.140691967283644	-0.191207816823482	-0.131510264152626	-0.185382326331577
700109870	-0.212217894850763	-0.158986370026726	-0.10309950860381	-0.232955729726105	-0.184882992338883	-0.0973371901469202	-0.209040484979163	-0.0786533504124269	-0.203429685855138	-0.103165944781916	-0.149809069927422	-0.113078999260885	-0.0898531418754357	-0.131887200817609	0	-0.169033136180948	-0.0847466085133947	-0.147667796185526	-0.200518918712677	-0.187405101772963	-0.176035115648885	-0.158374496797554	-0.182165485444717	-0.201073571024246	-0.211444533842355	-0.20689647305326	-0.149024743840586	-0.1794507937785	-0.131771424151505	-0.0962685075528642	-0.128140092215233	-0.159242857107751	-0.128579589110333	-0.108435812776083	-0.206708992507044	-0.167499836633797	-0.188836486256388	-0.0936843797248021	-0.195687974198359	-0.102666955224875	-0.164148905497248	-0.0727374545485265	-0.183883134741543	-0.172784809620984	-0.0987676136365099	-0.111063741928288	-0.164838206785486	-0.0768234028779761	-0.134151281652742	-0.107839227148008	-0.138769792659725	-0.215859751296218	-0.203765030307248	-0.166043761663451	-0.242244989460414	-0.0958596385489629	-0.149354079047898	-0.226232085830708	-0.114600325295101	-0.199008608096272
700033928	-0.114739735741757	-0.156988560620984	-0.129419223821857	-0.171121595890495	-0.144847057560991	-0.146369392730035	-0.129209373670436	-0.166524173299487	-0.103146692048345	-0.143866434239351	-0.089989580979382	-0.131904940489175	-0.16587589805704	-0.151696794941707	-0.169033136180948	0	-0.157303555502695	-0.14879005202377	-0.0951647874504462	-0.126150612468552	-0.111155120815024	-0.0886238047435169	-0.12856551443619	-0.0961694761245374	-0.125321687151105	-0.154571126514518	-0.142581126455408	-0.150160583796333	-0.173632609265712	-0.162497988116894	-0.130941193678207	-0.111033078610476	-0.0926120818785123	-0.130220339442761	-0.133361675074334	-0.125726752881723	-0.130838974716371	-0.173748459274755	-0.105452439553223	-0.195289907681687	-0.0788727241739906	-0.135392456454332	-0.118967786920092	-0.117456563732905	-0.129765872513262	-0.129066983722583	-0.104387526923631	-0.137860179093658	-0.145595249777466	-0.116967283615644	-0.0906174479828197	-0.119356070514506	-0.126432510691425	-0.111747803377479	-0.154022659895796	-0.134863059697489	-0.125494891589031	-0.119317399372714	-0.114636080824853	-0.114801933862882
700023693	-0.212350725320011	-0.130731501761854	-0.113899003966282	-0.251416017807031	-0.18212856277672	-0.0884948514220821	-0.219914659620161	-0.0609333403038373	-0.199282409248339	-0.0771560677726046	-0.132491266133204	-0.130832104890306	-0.0912610719667713	-0.114048801022328	-0.0847466085133947	-0.157303555502695	0	-0.134872447130092	-0.19188097206294	-0.197617525629706	-0.177125767175345	-0.155284334710498	-0.188553003724092	-0.187596715815471	-0.218620809896745	-0.209515665785304	-0.127248431959326	-0.172772239265952	-0.130301092256683	-0.099954150570993	-0.0978423006662204	-0.164122177980273	-0.117773144931368	-0.0951674919187418	-0.200907604311723	-0.149835226483165	-0.165122830213164	-0.106016805302263	-0.190817947835326	-0.0910833834331008	-0.148813903690977	-0.0820122984109624	-0.158084460319898	-0.169547484829309	-0.0872152682999692	-0.105543114019672	-0.143964600684086	-0.0722238727742732	-0.120821862250056	-0.116539963076637	-0.141757179070203	-0.217129194967365	-0.212283307183895	-0.153830457244552	-0.246084863345193	-0.0944645375330677	-0.156777974063304	-0.222507008342355	-0.126349767831131	-0.202800709842816
700109627	-0.198970693931274	-0.178538690734174	-0.109900561992727	-0.249427816934552	-0.174124911436326	-0.0729108293765025	-0.227707960773413	-0.151876051003563	-0.195024366785497	-0.113288163186731	-0.113305969089141	-0.124030353210498	-0.15147030180697	-0.126176331175395	-0.147667796185526	-0.14879005202377	-0.134872447130092	0	-0.170600172019217	-0.196770294225649	-0.197918095202542	-0.135062823911594	-0.195571442283032	-0.172679278956475	-0.194909296193561	-0.200526810434656	-0.137388332532444	-0.195136076713977	-0.200508074004423	-0.13964591129202	-0.106615885492143	-0.160899159356594	-0.136512388433138	-0.102898703934027	-0.198424092926084	-0.160045462723029	-0.119548216157928	-0.0856756557267309	-0.185381891456452	-0.176176672466216	-0.163976149035276	-0.131500290070043	-0.121378519682653	-0.171008681514376	-0.156476158359057	-0.160333310371229	-0.156636461294055	-0.14020162655991	-0.0797986420060705	-0.123076760868096	-0.115784303553724	-0.226631558119512	-0.219389372038414	-0.147556521068883	-0.218420286901479	-0.138474697714144	-0.173262633288323	-0.223275860777453	-0.128902013754979	-0.21637219917891
700095416	-0.100405933261248	-0.15691246692393	-0.169040573230697	-0.176712310196232	-0.13886331131236	-0.175662916542938	-0.119866920075954	-0.207517985201519	-0.0886563332546305	-0.171223502149147	-0.116137369439517	-0.171389761363046	-0.207556072609711	-0.145883224536618	-0.200518918712677	-0.0951647874504462	-0.19188097206294	-0.170600172019217	0	-0.130044232378566	-0.107026324211089	-0.112510056914668	-0.12523519083761	-0.0853358827356664	-0.112097700287179	-0.143679593185497	-0.150328003096027	-0.187436051019862	-0.193319981066652	-0.190725014077853	-0.154453411771299	-0.12056803090221	-0.126763120819941	-0.162526731207507	-0.127533624557117	-0.119993957374372	-0.133075578865017	-0.183558481360016	-0.088446068726509	-0.234123097373796	-0.0951899987632032	-0.185862358504937	-0.105344351214156	-0.129603104630583	-0.165348014326329	-0.149972435053897	-0.0999157154073747	-0.176573014038951	-0.153326397394834	-0.155760275799558	-0.125396334591668	-0.122748723376572	-0.133066276411397	-0.0855964425154455	-0.125554577278774	-0.176822739811538	-0.135068222230887	-0.119494669320104	-0.150612577962726	-0.124700982510506
700110425	-0.0943266695850386	-0.16489525853567	-0.184476582166839	-0.112870945922325	-0.15466119643728	-0.196272406123755	-0.0787108504219598	-0.196809974597097	-0.125737641060077	-0.194016750934483	-0.121967016879369	-0.183440394323273	-0.199243195956916	-0.172689806304961	-0.187405101772963	-0.126150612468552	-0.197617525629706	-0.196770294225649	-0.130044232378566	0	-0.0949215088912091	-0.124747183417732	-0.105862586683529	-0.109548770007864	-0.073540434309351	-0.159098765221941	-0.167642694594931	-0.173961946567876	-0.177220459170951	-0.185138183464069	-0.176339343184962	-0.142389038396766	-0.131318579077532	-0.180394169085263	-0.130229979986242	-0.101037816503071	-0.173703026076687	-0.210758374380313	-0.113414982550115	-0.222872722722189	-0.120645151545656	-0.173379302054651	-0.150490777914093	-0.101352147618886	-0.157760840105467	-0.147465004325781	-0.131655702743959	-0.175861199162121	-0.175838296997184	-0.172082632348437	-0.140444011039626	-0.087396978235466	-0.0596975646343434	-0.12087937526451	-0.123360918980722	-0.17554520596142	-0.0686316965886026	-0.08700116361571	-0.147369038470522	-0.104541872682077
700111580	-0.113130887104649	-0.165290135845409	-0.167449587767287	-0.147270925287914	-0.1653932075412	-0.185107755255881	-0.101562719070165	-0.194661351330442	-0.131758589219716	-0.177081234099257	-0.126157780674224	-0.157983270001467	-0.197354377537902	-0.170503356874211	-0.176035115648885	-0.111155120815024	-0.177125767175345	-0.197918095202542	-0.107026324211089	-0.0949215088912091	0	-0.109626483212174	-0.112325828291899	-0.119274072397452	-0.0739577481246964	-0.186089687056882	-0.176551872071737	-0.20652034574378	-0.16113151302351	-0.195560086537763	-0.160894308156004	-0.118065491385756	-0.123400626378594	-0.173417048830613	-0.154968304925571	-0.104457330221818	-0.185970198687521	-0.19141897119742	-0.121302699373514	-0.210540293972031	-0.116392188595703	-0.166889221485416	-0.141147305818433	-0.132577369269286	-0.134210768080672	-0.127492056127796	-0.124630692527712	-0.154425582130382	-0.165508832500824	-0.139795418270397	-0.122004967021619	-0.102073327811983	-0.116972005478787	-0.0944982278443496	-0.144457590716589	-0.172548000320339	-0.0862423415855748	-0.0934758225420047	-0.126087768386103	-0.102072150650537
700111302	-0.140122555878676	-0.151144147414266	-0.0909667467973783	-0.189126611097285	-0.164095139947145	-0.135617916391643	-0.134353011874202	-0.158523360665129	-0.130499958545186	-0.14045765859699	-0.0596191104091277	-0.0939165176382174	-0.156770945246538	-0.160710998077229	-0.158374496797554	-0.0886238047435169	-0.155284334710498	-0.135062823911594	-0.112510056914668	-0.124747183417732	-0.109626483212174	0	-0.157400103701456	-0.134513432247351	-0.101937607295615	-0.185192302415959	-0.150388489323678	-0.17542674608233	-0.18279081840583	-0.162465419670898	-0.132371146101706	-0.0670456481200287	-0.0788146422698304	-0.114751768559271	-0.162355118937953	-0.0910666323628388	-0.154073364747021	-0.162674677304686	-0.123745201960543	-0.185074665589176	-0.125871130283997	-0.122512838339231	-0.123073304766626	-0.105193507828275	-0.119792356113214	-0.144760644649021	-0.127311828438757	-0.122380911569192	-0.138548862257069	-0.0799283166543678	-0.0725865510328431	-0.145677219461821	-0.141579764463275	-0.101463674237078	-0.177883861579059	-0.121378583673406	-0.116796962328286	-0.147281290194419	-0.082648864911388	-0.130648675486997
700098605	-0.0960899088895179	-0.12533524074456	-0.200313995253174	-0.141074496962455	-0.127651597925418	-0.179198577727866	-0.114155545708485	-0.19552287879312	-0.112288302369575	-0.178524613516216	-0.143721895437568	-0.206759604117096	-0.202529658142261	-0.141136535903109	-0.182165485444717	-0.12856551443619	-0.188553003724092	-0.195571442283032	-0.12523519083761	-0.105862586683529	-0.112325828291899	-0.157400103701456	0	-0.108343824698879	-0.144188850795849	-0.136471504643733	-0.143267129016172	-0.172492591517733	-0.162230678505272	-0.178761907793072	-0.165384444287283	-0.168021467507627	-0.146150636260545	-0.168247682137619	-0.106528564411381	-0.12942789187383	-0.165023773046821	-0.188992868455445	-0.108078383699274	-0.197630723098211	-0.112437796769658	-0.184959987596964	-0.145839219067566	-0.140599294658285	-0.175475227303096	-0.133961915918489	-0.115507475443814	-0.177541951486416	-0.162846572006001	-0.182713711286152	-0.168643044407935	-0.110771691084064	-0.114135619876556	-0.110374337487179	-0.103063564379574	-0.184801391573191	-0.124475935168593	-0.121296359348379	-0.162124565990451	-0.113373534506474
700111991	-0.0650232740147972	-0.156070549113627	-0.186417631302295	-0.144631203702878	-0.131346426426439	-0.184067726301209	-0.116259863400032	-0.198937440780333	-0.0977928928552894	-0.17716430608811	-0.1235913334387	-0.199582883781091	-0.20364029224663	-0.142341312013246	-0.201073571024246	-0.0961694761245374	-0.187596715815471	-0.172679278956475	-0.0853358827356664	-0.109548770007864	-0.119274072397452	-0.134513432247351	-0.108343824698879	0	-0.125587801959347	-0.111592392698591	-0.137672199515673	-0.167773024044836	-0.1767827109313	-0.189862027160441	-0.161326963050281	-0.168500251517735	-0.133734318054893	-0.168664720359144	-0.102093189751794	-0.125362137966395	-0.135330149681545	-0.193019264996932	-0.0847749935288226	-0.226838541099353	-0.0885568705826037	-0.188980792723924	-0.121042245892732	-0.135064969721336	-0.164374429130028	-0.14161037250442	-0.0982530435349871	-0.179952845541763	-0.15690027843435	-0.178511525602965	-0.138977303436862	-0.105181949890228	-0.10529154707586	-0.101089997643316	-0.0938324694035122	-0.181632271535519	-0.125982817926502	-0.104545966390763	-0.162183391211688	-0.129341829425203
700108960	-0.109893044370126	-0.191269421836802	-0.166597780715842	-0.132815470602094	-0.178956780837581	-0.198806607446502	-0.0839126604772713	-0.221346731459227	-0.12743618652845	-0.206423821462711	-0.121183373322794	-0.165730374385255	-0.22217510220221	-0.198382647769934	-0.211444533842355	-0.125321687151105	-0.218620809896745	-0.194909296193561	-0.112097700287179	-0.073540434309351	-0.0739577481246964	-0.101937607295615	-0.144188850795849	-0.125587801959347	0	-0.194094018873979	-0.199215976885248	-0.213261209955497	-0.200981171148331	-0.208528030602671	-0.188095517674749	-0.108303253310219	-0.140110474057371	-0.187837313459987	-0.164919441882701	-0.106413757719072	-0.196042340988607	-0.21925322718021	-0.114929564540349	-0.248048773791298	-0.142737301773001	-0.18313610353769	-0.156635460994545	-0.115707064260987	-0.16989125307846	-0.17554477999574	-0.154592630589208	-0.189144496886035	-0.185885548770245	-0.152690692370018	-0.117750324474008	-0.0985372183230925	-0.0897503675901762	-0.111930615981642	-0.13008824796594	-0.189523954178036	-0.0912051896248759	-0.0865285427839008	-0.13960244063859	-0.0955882164856657
700024452	-0.12298319947899	-0.157149352278274	-0.211230690821901	-0.155363734825259	-0.129010866480095	-0.200651967192445	-0.163472646561973	-0.211853766029604	-0.131702312289611	-0.200853228023601	-0.169589276575949	-0.226930607671031	-0.220921004928355	-0.145666587648373	-0.20689647305326	-0.154571126514518	-0.209515665785304	-0.200526810434656	-0.143679593185497	-0.159098765221941	-0.186089687056882	-0.185192302415959	-0.136471504643733	-0.111592392698591	-0.194094018873979	0	-0.14799392037927	-0.161405793011852	-0.150193926940928	-0.185988298778803	-0.196668941220454	-0.209948356428061	-0.16975007431361	-0.18601624020915	-0.0685316819418862	-0.167542797258866	-0.166575519035243	-0.202054986036439	-0.126993990857875	-0.214425027694027	-0.126415068194108	-0.203782022186725	-0.163755949906805	-0.181509024306167	-0.180650162446816	-0.145147193923208	-0.127509301941799	-0.200490632747085	-0.173824864094383	-0.208102579537232	-0.186279596251634	-0.140814220908887	-0.14268281812138	-0.149746239170359	-0.119958403049166	-0.205199544991557	-0.162977251211425	-0.158650031543849	-0.17841049448242	-0.191286485888948
700032931	-0.159385950925345	-0.107239127378492	-0.167682723809184	-0.229678338526819	-0.125899797103506	-0.125948652842853	-0.198712007563654	-0.127139698653569	-0.15143104840096	-0.121588322172186	-0.125369622652913	-0.187292510950909	-0.142542530422292	-0.0867267981509427	-0.149024743840586	-0.142581126455408	-0.127248431959326	-0.137388332532444	-0.150328003096027	-0.167642694594931	-0.176551872071737	-0.150388489323678	-0.143267129016172	-0.137672199515673	-0.199215976885248	-0.14799392037927	0	-0.157843769924134	-0.152776225500089	-0.128779381012076	-0.112091552860992	-0.166940489363937	-0.123791308296048	-0.113830080269	-0.154700024824157	-0.156431562979705	-0.127583104032652	-0.138751547340911	-0.153914470861554	-0.157638056409676	-0.128463693332927	-0.136416372147286	-0.118287592972416	-0.16118386207252	-0.126696138290822	-0.12315266922037	-0.100682245537361	-0.128724583710052	-0.107348417211969	-0.15910968072884	-0.166878716460942	-0.183190347849813	-0.182324300831465	-0.12318532027406	-0.178021084732202	-0.125051325721219	-0.158319415316596	-0.192500177244081	-0.139057713182442	-0.185329930525113
700095837	-0.176389752646912	-0.149489691938354	-0.193892314900959	-0.213658565856984	-0.16295467009187	-0.190315311746189	-0.200952781868595	-0.170740665538393	-0.177035323289866	-0.180693809487576	-0.146971652424539	-0.200469777657258	-0.160378502203936	-0.170366822806973	-0.1794507937785	-0.150160583796333	-0.172772239265952	-0.195136076713977	-0.187436051019862	-0.173961946567876	-0.20652034574378	-0.17542674608233	-0.172492591517733	-0.167773024044836	-0.213261209955497	-0.161405793011852	-0.157843769924134	0	-0.130398212479387	-0.130895584677957	-0.166038440790652	-0.201892512157014	-0.142588216865981	-0.155396242315176	-0.156524701448054	-0.178231277318031	-0.170196152104762	-0.212123701275253	-0.168304422202517	-0.174354831265201	-0.144999052764661	-0.163761721324563	-0.185666519814688	-0.164100168082478	-0.152935559317016	-0.155123803018463	-0.158735225614831	-0.153750324917949	-0.182724510256449	-0.188714590226414	-0.165057124484757	-0.189727031936595	-0.178858583200151	-0.188986684259556	-0.198977676354419	-0.162027545694788	-0.181855901588425	-0.199516243918062	-0.175222756210736	-0.203044158935498
700024548	-0.179407682398898	-0.120824934047104	-0.176667693533114	-0.193237802025219	-0.164327965237334	-0.160578094584392	-0.195983246955094	-0.140695750745445	-0.211597916052851	-0.150979561942065	-0.16176613733365	-0.183888502704341	-0.137622754708664	-0.133849528261937	-0.131771424151505	-0.173632609265712	-0.130301092256683	-0.200508074004423	-0.193319981066652	-0.177220459170951	-0.16113151302351	-0.18279081840583	-0.162230678505272	-0.1767827109313	-0.200981171148331	-0.150193926940928	-0.152776225500089	-0.130398212479387	0	-0.116533973959849	-0.144669118786326	-0.204586798816038	-0.135135331361855	-0.139287429923711	-0.148810310890372	-0.157658559756479	-0.205493411555553	-0.175312093396756	-0.172107872208873	-0.118732628072052	-0.142577863092225	-0.139928683795599	-0.184306306354653	-0.196276974559452	-0.0990880393452298	-0.083532608138433	-0.153423808643309	-0.124494368413284	-0.15676141824839	-0.173501451833491	-0.174939906845435	-0.186455606855942	-0.176336106996713	-0.154704842173847	-0.192082802018656	-0.157099606069877	-0.139661566200333	-0.197205924997811	-0.154429616206702	-0.20880368175439
700110161	-0.207200540084069	-0.136063590953487	-0.122035639418127	-0.236662927523556	-0.163938715131484	-0.0994759110128943	-0.216191426045068	-0.104555363247347	-0.194504071790063	-0.104335028944902	-0.136880340828542	-0.150662004849307	-0.105641672645923	-0.115883055850047	-0.0962685075528642	-0.162497988116894	-0.099954150570993	-0.13964591129202	-0.190725014077853	-0.185138183464069	-0.195560086537763	-0.162465419670898	-0.178761907793072	-0.189862027160441	-0.208528030602671	-0.185988298778803	-0.128779381012076	-0.130895584677957	-0.116533973959849	0	-0.112295332243586	-0.171545577069328	-0.125330449174977	-0.0887327158005218	-0.18514617834513	-0.166910718861414	-0.164575134165786	-0.114392896729828	-0.187124684836502	-0.1209807466702	-0.154078304569431	-0.0919542920486598	-0.168336212712534	-0.17056220934227	-0.114962692928744	-0.130711383732362	-0.154738631509535	-0.0939774148389751	-0.113369077686704	-0.131341333290445	-0.14977903384616	-0.204163491431711	-0.202685091589004	-0.158907929862403	-0.238515350919169	-0.106013579072443	-0.153808763136898	-0.211306350011443	-0.120842796025535	-0.198140118532711
700023496	-0.186022267957448	-0.119971144572276	-0.13267232395267	-0.231325685575054	-0.148971357870613	-0.0842238021489266	-0.196434377573815	-0.117867177472976	-0.17170406208757	-0.101219444768652	-0.103815275491291	-0.135604227156699	-0.119555869508169	-0.09316436027964	-0.128140092215233	-0.130941193678207	-0.0978423006662204	-0.106615885492143	-0.154453411771299	-0.176339343184962	-0.160894308156004	-0.132371146101706	-0.165384444287283	-0.161326963050281	-0.188095517674749	-0.196668941220454	-0.112091552860992	-0.166038440790652	-0.144669118786326	-0.112295332243586	0	-0.154058713992183	-0.0959272030703362	-0.088073736691877	-0.179187456075246	-0.149095897765568	-0.132293092001024	-0.118096467417511	-0.166659553265512	-0.13556230071151	-0.117820507991957	-0.100012480679702	-0.108965087213936	-0.161347843215788	-0.0912891727246429	-0.115228542392173	-0.118108867293251	-0.0945569104445924	-0.0832422135154078	-0.127147831219848	-0.118621743553869	-0.195542914321628	-0.1954743648358	-0.116021733853869	-0.220285326662005	-0.105465502200138	-0.140790299965295	-0.198008764081968	-0.130005555330577	-0.186173052632985
700034628	-0.164357993320885	-0.161262652650966	-0.11650373146235	-0.211129577334724	-0.187673762845963	-0.153056068229617	-0.132702413865699	-0.168801299889064	-0.122834617190555	-0.15968044627163	-0.101355878636305	-0.111094244919733	-0.164498853829747	-0.178373748964113	-0.159242857107751	-0.111033078610476	-0.164122177980273	-0.160899159356594	-0.12056803090221	-0.142389038396766	-0.118065491385756	-0.0670456481200287	-0.168021467507627	-0.168500251517735	-0.108303253310219	-0.209948356428061	-0.166940489363937	-0.201892512157014	-0.204586798816038	-0.171545577069328	-0.154058713992183	0	-0.113947781002002	-0.138453336628303	-0.190558324195291	-0.102324528726179	-0.183583976731042	-0.168401441538075	-0.151259898557498	-0.194434291837159	-0.148626366849264	-0.127991252313557	-0.145635757002408	-0.0939219888518937	-0.142688354726252	-0.165747924261361	-0.148985374215304	-0.136088450051419	-0.160739928083039	-0.0939452113223302	-0.114955015579609	-0.153894458292777	-0.161662196235947	-0.122679989147285	-0.196012480652177	-0.127841012819245	-0.134404396004575	-0.143459718107955	-0.107529627782703	-0.108992466571508
700023645	-0.151629762490184	-0.128873347808459	-0.11463935244593	-0.189055762691596	-0.143130786926627	-0.116699578480023	-0.152670408904947	-0.122759715909215	-0.148951107143914	-0.114317290175944	-0.070565694297032	-0.117197461777706	-0.123547067008226	-0.118589493932974	-0.128579589110333	-0.0926120818785123	-0.117773144931368	-0.136512388433138	-0.126763120819941	-0.131318579077532	-0.123400626378594	-0.0788146422698304	-0.146150636260545	-0.133734318054893	-0.140110474057371	-0.16975007431361	-0.123791308296048	-0.142588216865981	-0.135135331361855	-0.125330449174977	-0.0959272030703362	-0.113947781002002	0	-0.0845982913696621	-0.155258040229539	-0.0996202621665418	-0.1478740387555	-0.151378434492838	-0.138577696799194	-0.149358670705751	-0.103814379067169	-0.0903564419007112	-0.115692914194099	-0.121225906737082	-0.0820188835230979	-0.110681439064789	-0.115645373076481	-0.0898313660389996	-0.114770002336696	-0.0960475939874814	-0.0873520046895591	-0.152552422984647	-0.150764760737976	-0.116334285727508	-0.189685773307925	-0.092740787131959	-0.105105541775034	-0.155024536026494	-0.0908227382422273	-0.149910101503209
700038744	-0.185453140956569	-0.134965930798423	-0.0943840955573154	-0.229130779839653	-0.156366032399872	-0.0688948933941334	-0.201258800859249	-0.104527152661457	-0.174835322057342	-0.0759012031445159	-0.0984373354783719	-0.116377057319482	-0.0998601626540457	-0.107097480534794	-0.108435812776083	-0.130220339442761	-0.0951674919187418	-0.102898703934027	-0.162526731207507	-0.180394169085263	-0.173417048830613	-0.114751768559271	-0.168247682137619	-0.168664720359144	-0.187837313459987	-0.18601624020915	-0.113830080269	-0.155396242315176	-0.139287429923711	-0.0887327158005218	-0.088073736691877	-0.138453336628303	-0.0845982913696621	0	-0.17997667969177	-0.134823695191622	-0.136565914561136	-0.100362951148592	-0.165422851974489	-0.125950674201324	-0.127703627711524	-0.0844375337505348	-0.128104292815808	-0.152054895193337	-0.0933186595657092	-0.108976811396426	-0.135999422903105	-0.0682503721220717	-0.0862215629653727	-0.0955021587087097	-0.111822176937036	-0.197839497372262	-0.197877792986283	-0.132606482397128	-0.219602461622361	-0.0847776141074479	-0.143694693150424	-0.200520536033935	-0.0946744264905126	-0.189968146678169
