700108602	700014971	700033565	700109389	700023058	700023927	700106341	700114221	700023543	700023439	700016978	700024192	700113058	700099448	700109870	700033928	700023693	700109627	700095416	700110425	700111580	700111302	700098605	700111991	700108960	700024452	700032931	700095837	700024548	700110161	700023496	700034628	700023645	700038744	700038485	700024743	700099596	700110760	700101587	700106399	700032322	700095653	700021312	700101230	700023590	700038905	700033136	700023382	700096424	700105469	700016908	700096053	700108479	700109569	700033814	700016125	700109756	700102665	700101777	700109455
700108602	0	0.236388892052086	0.316621114048891	0.228848916393823	0.217024247727854	0.289329784632349	0.108726083680017	0.318740037049058	0.123622307076391	0.264544321220984	0.202138743806484	0.338803115489596	0.290127873475245	0.22323036266339	0.324029915373793	0.199953236658018	0.292908907931077	0.275015944463465	0.140579538432119	0.10673268541436	0.159472128640228	0.238921283500043	0.152164308055631	0.0672453479955114	0.169983843490438	0.187762582102523	0.220859556055621	0.318847578953332	0.301852693916649	0.296606977008447	0.269173117675386	0.237091078702279	0.221851005389425	0.263569638785134	0.148559638541197	0.139111832999369	0.227797542155603	0.309230366911703	0.0907908485239222	0.345534085453454	0.151326941182786	0.313612344243021	0.177564789912698	0.178363135932082	0.275440609934998	0.212797175114425	0.161143664425941	0.287013991304587	0.238368469444245	0.303191009891738	0.28443501539043	0.0838341292494427	0.123116827280822	0.133814327685722	0.149976957766954	0.276410732375654	0.172214503335972	0.100317481888429	0.26191060199365	0.139594055586556
700014971	0.236388892052086	0	0.309663014024801	0.338724424359344	0.115419800440014	0.264616105052115	0.272226014656098	0.191629582919466	0.221545285037466	0.185858659967213	0.208162533601569	0.341310575745548	0.223533323333137	0.166719120008156	0.28942084483022	0.264815875573403	0.189497916515623	0.274639007886029	0.239496006532923	0.232078003948903	0.263436379083193	0.283174116466699	0.208943837705535	0.250092530291179	0.32257503330764	0.170267306129814	0.144508073999398	0.21996004595513	0.163821886603105	0.193945811102024	0.188269581772942	0.276142558374573	0.194001385095561	0.185058129893992	0.178883129320321	0.207031555415775	0.228328442312949	0.285054219559778	0.203393821833211	0.222950784814372	0.186847466684214	0.232147938188029	0.187159296665608	0.250692841090626	0.20490236666088	0.183713639193727	0.133002185918016	0.237024047559064	0.196490008079187	0.30428247355612	0.312756176840984	0.241213135193081	0.251849921703276	0.185284655142303	0.278170502211915	0.195962509859481	0.25843196074316	0.274376294273607	0.260545183656762	0.2565191444359
700033565	0.316621114048891	0.309663014024801	0	0.445370214943839	0.296376326293372	0.097209503726262	0.287434936437221	0.228604855603099	0.264594822093737	0.159933346767686	0.145352515305913	0.07579002571059	0.183642068315774	0.208753501392031	0.190796807049311	0.153304779695218	0.211929584889718	0.12412559047353	0.231261974760163	0.315430618803663	0.248101892466795	0.115031973599231	0.326104451778201	0.298604029754719	0.253142315941168	0.330558221897607	0.216657176424624	0.38649619575931	0.300305359754781	0.202087926356608	0.165977352940456	0.169520787733856	0.180501499821255	0.158176599507785	0.340926954326509	0.239464916413843	0.223977480245691	0.14463110828641	0.301187470617551	0.25280205905163	0.239151963265365	0.134380634553841	0.222472660089217	0.235326317398368	0.193933961286821	0.225540980633727	0.254378661039828	0.165649540881421	0.172067198835962	0.0677189628565434	0.101963067582527	0.320852172349772	0.357840046748434	0.238487908692103	0.397725791800798	0.173335831474564	0.230485130866356	0.298767689038348	0.0969074223042073	0.29197789721473
700109389	0.228848916393823	0.338724424359344	0.445370214943839	0	0.340278643909871	0.435010562261196	0.238338567768023	0.417069548508246	0.310606061222499	0.402351521283546	0.362263402996442	0.461930501885218	0.415289899704168	0.375005671106117	0.443394781049603	0.351237228698321	0.41575234797965	0.431016249906838	0.329682896407634	0.202611929868556	0.30337311169147	0.390308260093359	0.217846614814409	0.26207111924002	0.290887544807591	0.272114280972272	0.366180092221484	0.414073970863996	0.37302323880654	0.402995135905545	0.40280486633281	0.386769620048172	0.350658436202788	0.39675918943101	0.229221364810707	0.284699577050927	0.388627821646639	0.450385691804861	0.245482719763081	0.417318018603547	0.296363573574732	0.422860317635593	0.334984870748727	0.33423236429018	0.396495056941301	0.34357458818571	0.325403537746453	0.4120461054442	0.390748240170831	0.434780685213277	0.419909933669993	0.20961735291437	0.140743561918618	0.314225973962292	0.191824822673043	0.405335576708801	0.287975390971395	0.232091254918059	0.394494973095368	0.276886577844738
700023058	0.217024247727854	0.115419800440014	0.296376326293372	0.340278643909871	0	0.231135088699174	0.254985996653687	0.20271434643991	0.197305206460476	0.188998250661557	0.201587985022913	0.327507277291646	0.225746053393233	0.155349934120634	0.27784326586878	0.238215472878179	0.187702562387978	0.232672422043618	0.216093827830363	0.215597999927456	0.256195338360141	0.278326691564503	0.226093567483789	0.226971436003334	0.31616467935286	0.157679033685866	0.140053436698608	0.252122579890237	0.204117296312001	0.208892425984282	0.197819150909934	0.280992916141528	0.189362183672257	0.18730751804576	0.181276776780135	0.215669398097581	0.171583019898289	0.239912267052883	0.184219819193176	0.251037789026414	0.166070334130267	0.244025539393175	0.159501105052933	0.254496474128379	0.208387387337303	0.186275927861664	0.118292231924628	0.225769433174239	0.176026780509305	0.297980702029297	0.299671233887173	0.229813700975866	0.243497155503011	0.171343916308759	0.268868651190873	0.202761505402574	0.252156141369183	0.262050949016614	0.255683610409242	0.242853808664828
700023927	0.289329784632349	0.264616105052115	0.097209503726262	0.435010562261196	0.231135088699174	0	0.285460429009223	0.17954753983754	0.239736281657061	0.105537511460779	0.119075066110029	0.15320476055682	0.140087460178157	0.148856126362509	0.17004804900682	0.159490958076528	0.163290894353172	0.0884838667707446	0.210956104732956	0.295719196601752	0.238419751486076	0.168068622316686	0.296003041044923	0.265401268008974	0.253421624137417	0.291582244414506	0.164407747590834	0.363897957612167	0.264385048322663	0.156618491765344	0.126323912153286	0.177152223611515	0.156997976955253	0.102067679838428	0.312241544839219	0.209912229268406	0.165133833787607	0.0888209480842496	0.279664735339968	0.210950542350592	0.212061431450492	0.100486295682215	0.170507157879476	0.220173002695372	0.159045915186444	0.18434112628708	0.211279591943479	0.129196203064039	0.0951955971366208	0.129082996240896	0.172681535426755	0.300670848104834	0.343343978407037	0.193798191239597	0.366506365350272	0.132195924975273	0.215750883526231	0.280941045011275	0.0878278632203494	0.280428325055978
700106341	0.108726083680017	0.272226014656098	0.287434936437221	0.238338567768023	0.254985996653687	0.285460429009223	0	0.330046004293568	0.118953912777907	0.270567963900339	0.207079116825834	0.303282687826758	0.295034682470028	0.245404363641066	0.319246838227042	0.177750249580832	0.311694919167241	0.292092182937835	0.133172063007346	0.104505108414808	0.122938474851187	0.207702177898989	0.147878175466014	0.10015817605103	0.102795766613367	0.258033357254411	0.268631546080937	0.379980600196916	0.33101175872149	0.302870139724348	0.263505502948779	0.18359564070953	0.219228458050683	0.268592673564047	0.205119194547708	0.109975025816083	0.243197431286272	0.295779975238052	0.117688550839804	0.355519616670208	0.156473433665547	0.301479792683574	0.177859838874614	0.143936777250521	0.264911350121358	0.243642658728545	0.202001435866888	0.278091697670402	0.244301565773978	0.268962593814892	0.262525418383739	0.085011506187723	0.138481618596515	0.148069595554714	0.169412875203675	0.276417576164699	0.135017445147895	0.0779846292808281	0.236935350377917	0.0693583101950685
700114221	0.318740037049058	0.191629582919466	0.228604855603099	0.417069548508246	0.20271434643991	0.17954753983754	0.330046004293568	0	0.288020855204566	0.122198784590946	0.23327647046084	0.246979677804127	0.0998808594215407	0.165317718230737	0.154055103799121	0.26913720022121	0.0727055242520325	0.243884316623161	0.2968349993449	0.294658634550831	0.286729156868502	0.282675983748365	0.299643845588959	0.332882304160557	0.3633087113691	0.271804527315623	0.144009595640331	0.297476388922695	0.157151125628911	0.124365744244343	0.134438302091042	0.26746149522949	0.196170993918222	0.157302279527739	0.288064102201902	0.252481109529158	0.252969606563985	0.17790557529047	0.281260513354403	0.0960864062555997	0.229410512842478	0.120248877692566	0.25061207814149	0.286146013446467	0.118103923901984	0.154057777350959	0.192985190237795	0.0919753011055759	0.19305834805424	0.237935821406094	0.302710264784379	0.322995595557935	0.321466440136585	0.254212349251211	0.38584420242308	0.0932479109431509	0.244645811241982	0.345968564981823	0.203319875675824	0.312509944362271
700023543	0.123622307076391	0.221545285037466	0.264594822093737	0.310606061222499	0.197305206460476	0.239736281657061	0.118953912777907	0.288020855204566	0	0.211055440000478	0.163479201651181	0.287987806431303	0.252220081657186	0.19052520759771	0.288222014238606	0.158082762322287	0.256008865103614	0.238169708032166	0.114459032580845	0.159568743171856	0.15604094582132	0.19657473710443	0.197672691564449	0.11869122933335	0.174069409997987	0.217375126379808	0.202689176146412	0.321042553651732	0.301354113285863	0.247431543123423	0.212187107900392	0.156613058729149	0.189398041318096	0.213535322528824	0.185724348563985	0.132380955430273	0.182503141839705	0.260348349678188	0.110095446015549	0.317194458381017	0.13268045673105	0.260345553992046	0.14045723929747	0.101180338157949	0.231254118853344	0.213348622687583	0.149987598397709	0.232615408534512	0.205917049631458	0.249987088599297	0.248626176569027	0.11783293229982	0.193017994466184	0.122454219201334	0.209248428151966	0.22665582191892	0.177206032391699	0.121566946161713	0.22199897469091	0.109120845742875
700023439	0.264544321220984	0.185858659967213	0.159933346767686	0.402351521283546	0.188998250661557	0.105537511460779	0.270567963900339	0.122198784590946	0.211055440000478	0	0.13548228683167	0.197624644047618	0.0980692101808876	0.0935052287889546	0.172248390083062	0.188699439432388	0.0893737637927935	0.142046262958256	0.203624824319437	0.254760091361238	0.221639817506134	0.207130903210498	0.270719598921731	0.257511760230589	0.285172219342856	0.258761963353004	0.10914228149082	0.304142313084047	0.204333333925333	0.113176362583285	0.0633276857204713	0.201042949619861	0.122522405803997	0.0773074101820153	0.270439065234483	0.186675473172414	0.154948739941683	0.126539819025153	0.233383665990467	0.160442693253799	0.152003793906171	0.0997800863750565	0.157442243847631	0.215888176821652	0.0899189848154208	0.14026602880271	0.155796940568471	0.09322597585092	0.0873954662674325	0.170381980265135	0.217819512991559	0.271070144119305	0.304669636995217	0.17313318951895	0.344662944655224	0.0733261938743694	0.190790015456354	0.261048800410479	0.142070890467348	0.258429185430975
700016978	0.202138743806484	0.208162533601569	0.145352515305913	0.362263402996442	0.201587985022913	0.119075066110029	0.207079116825834	0.23327647046084	0.163479201651181	0.13548228683167	0	0.179497936024415	0.196177102559083	0.140829605157255	0.240222676835114	0.0958298335155656	0.196326266457283	0.107579458826499	0.145984843390408	0.2079193745971	0.168675707185891	0.108171997050352	0.244372968336293	0.193675470566384	0.173998529960843	0.24496413094925	0.162502652138445	0.310255821843634	0.261912075329505	0.191652494037331	0.126539280175241	0.127341400511936	0.0812974104619467	0.110056729202692	0.248226744126512	0.148079363976054	0.148054076799791	0.186786226703048	0.190978749549459	0.264573247456648	0.142781875022305	0.152887913167282	0.116161389106367	0.145469800260298	0.161689231439408	0.171135986172836	0.157614316189318	0.176314876213511	0.123264244987406	0.152055867099834	0.148568719665412	0.217471545024865	0.259124019807998	0.135429606520413	0.295780570733113	0.169453753858816	0.171260032783232	0.194576300517652	0.107687372105067	0.215680952598695
700024192	0.338803115489596	0.341310575745548	0.07579002571059	0.461930501885218	0.327507277291646	0.15320476055682	0.303282687826758	0.246979677804127	0.287987806431303	0.197624644047618	0.179497936024415	0	0.211676826565035	0.237746211113989	0.202021029347303	0.17235424620694	0.237271934138905	0.16053051837388	0.246552014801369	0.333996343985807	0.241737426400876	0.123746272041883	0.345346681390338	0.327078462350295	0.258762948553135	0.36297906383988	0.269444523632047	0.415460939202679	0.330255787650842	0.253255099308896	0.182627021218777	0.169050847177678	0.202956231396546	0.190373386455459	0.376185167757836	0.262544380604894	0.261091298578499	0.176696103367048	0.327508798928313	0.273346687654154	0.256390401017653	0.162877226977603	0.247505301497418	0.248369688325816	0.197186559274409	0.250729621281121	0.280266853316788	0.185396506790762	0.21347937018239	0.0789560217243816	0.106470997916952	0.343751789817024	0.375595130851948	0.258508924158152	0.42899877792049	0.20874201668652	0.229754848732202	0.316496102748884	0.144649981090147	0.304550105777011
700113058	0.290127873475245	0.223533323333137	0.183642068315774	0.415289899704168	0.225746053393233	0.140087460178157	0.295034682470028	0.0998808594215407	0.252220081657186	0.0980692101808876	0.196177102559083	0.211676826565035	0	0.14459059922764	0.118264325583764	0.232940096897378	0.110177533930038	0.199984100532954	0.260014906774396	0.275341534117216	0.265479475363409	0.24167508195267	0.294565439669411	0.296038328858873	0.326973673638263	0.293688679592612	0.143197661067367	0.329243661652833	0.209075694275063	0.118593084788106	0.112902544606444	0.231002509471572	0.176180047346043	0.143348641719733	0.309974760165857	0.221869132230212	0.214459851240051	0.135580881782084	0.254894368095018	0.133045867192445	0.198152014582547	0.0965387935590162	0.217900936112747	0.253913613725583	0.120515680998086	0.166858442261918	0.197726362849646	0.0763353744613688	0.149824746099991	0.191787913502862	0.255724150281172	0.294711582227516	0.319840677420019	0.224090304152776	0.375625743849262	0.0654419586829102	0.224762511435583	0.307769604410682	0.158688749850457	0.276551923333954
700099448	0.22323036266339	0.166719120008156	0.208753501392031	0.375005671106117	0.155349934120634	0.148856126362509	0.245404363641066	0.165317718230737	0.19052520759771	0.0935052287889546	0.140829605157255	0.237746211113989	0.14459059922764	0	0.198820345179075	0.191829846263928	0.127604524611312	0.166060491063971	0.169579200487254	0.224181480305656	0.195852990352803	0.221222721756056	0.229464967862201	0.210498668943764	0.270958935131195	0.208357127624988	0.0960962228579295	0.289000679785814	0.185905255447198	0.142151738818982	0.091395500799159	0.214565822198575	0.133444635893263	0.11162717487383	0.236550232106237	0.176170299498039	0.144979852156492	0.163137829942633	0.204901803058738	0.197210183106302	0.143602243276686	0.158723182741981	0.12221941651184	0.213556655520719	0.108557490105305	0.130848685919811	0.11743667423877	0.131357414257552	0.0814492633428512	0.209100101973691	0.225662426877794	0.233655190131748	0.273495701045362	0.151704621904549	0.29134727921488	0.120038000323563	0.164470990067937	0.2431408841585	0.164165659503824	0.230704887302818
700109870	0.324029915373793	0.28942084483022	0.190796807049311	0.443394781049603	0.27784326586878	0.17004804900682	0.319246838227042	0.154055103799121	0.288222014238606	0.172248390083062	0.240222676835114	0.202021029347303	0.118264325583764	0.198820345179075	0	0.260331639089296	0.155696488476359	0.245338708329887	0.286028648939733	0.320448403328771	0.266389360834407	0.266590524949394	0.306499331904707	0.325422350670884	0.347261825283874	0.333178218497818	0.212051942392915	0.38025016133671	0.239772706650983	0.167199445796615	0.175016382125948	0.255847012054577	0.243859773105931	0.216054393918351	0.350177758388943	0.255971436560043	0.260570896653021	0.130111048997484	0.305296816761756	0.168833663179788	0.251835960935669	0.149560557320526	0.261989057761884	0.279866925861312	0.165914922751028	0.181544266769302	0.24051436677853	0.112663276556279	0.195864508618584	0.196719137639149	0.267181092374041	0.327693007320897	0.356470958070384	0.254585987005291	0.406621908828773	0.144171565666837	0.235701446555286	0.338509286090984	0.181073238988562	0.300949517013121
700033928	0.199953236658018	0.264815875573403	0.153304779695218	0.351237228698321	0.238215472878179	0.159490958076528	0.177750249580832	0.26913720022121	0.158082762322287	0.188699439432388	0.0958298335155656	0.17235424620694	0.232940096897378	0.191829846263928	0.260331639089296	0	0.249958450161125	0.145247020695667	0.132471351597691	0.221047585756995	0.143347917482182	0.0833597611540958	0.247214306285071	0.18074473246367	0.156016990463088	0.264688245525672	0.223257822681338	0.356701736503091	0.307044114691111	0.23825327631648	0.177117222121565	0.114252699684037	0.112681677508873	0.168581705413613	0.271372969054386	0.177023720461284	0.197066218598223	0.214437745206181	0.193792897500101	0.297524822013471	0.147115774964631	0.18806735757762	0.145494470079943	0.159492326770199	0.195736363578444	0.208735629924974	0.180429014164233	0.21367559472353	0.178472994580037	0.130677335478526	0.12944499080666	0.207173564828556	0.253122405724753	0.157686335559789	0.303822270205899	0.203886972757941	0.164646480590276	0.179192161220416	0.110421652335281	0.180514778035145
700023693	0.292908907931077	0.189497916515623	0.211929584889718	0.41575234797965	0.187702562387978	0.163290894353172	0.311694919167241	0.0727055242520325	0.256008865103614	0.0893737637927935	0.196326266457283	0.237271934138905	0.110177533930038	0.127604524611312	0.155696488476359	0.249958450161125	0	0.205657476466642	0.264026121228337	0.280406322392139	0.25278216102351	0.2677247176992	0.278184900121428	0.301473312996685	0.344102873312519	0.263856009165837	0.116885580609195	0.306074441311306	0.157914393169881	0.129073683847286	0.105207767269029	0.252327869976688	0.179100505122229	0.140250024613349	0.275307336595098	0.22922385486765	0.212929625549369	0.171418309691862	0.254135147440542	0.117996698950908	0.200099646529701	0.142114949689138	0.21215850307923	0.267507245566046	0.101448547723389	0.11754531932632	0.158717849597024	0.0925578900041961	0.153081874043657	0.227794700041637	0.2786301279659	0.298677045185911	0.316356305815034	0.21637929631895	0.364429121965185	0.0988025662964628	0.22427603404981	0.320027042142401	0.200351764803917	0.294040905825095
700109627	0.275015944463465	0.274639007886029	0.12412559047353	0.431016249906838	0.232672422043618	0.0884838667707446	0.292092182937835	0.243884316623161	0.238169708032166	0.142046262958256	0.107579458826499	0.16053051837388	0.199984100532954	0.166060491063971	0.245338708329887	0.145247020695667	0.205657476466642	0	0.214115031747576	0.286032514468103	0.252190341911596	0.151552111772392	0.3149826807899	0.254374495995586	0.250432730893569	0.295395292153607	0.192145075294336	0.362228060304619	0.318971830392954	0.213157111303668	0.145511432807355	0.188784181098622	0.154394294454609	0.123560797608916	0.313315205946298	0.228662211297908	0.148487333547654	0.151352104362153	0.271974194776292	0.27287812244185	0.216882749061311	0.162612833899034	0.167877443103282	0.221008789752955	0.20281851997316	0.222148468523394	0.218749931723992	0.19524555768601	0.120120363787897	0.147812170736834	0.157631815033886	0.300045662988874	0.335985599952857	0.205009389896793	0.346049357135504	0.190347446285308	0.239458098090164	0.279149241639659	0.139917040407535	0.296163763939716
700095416	0.140579538432119	0.239496006532923	0.231261974760163	0.329682896407634	0.216093827830363	0.210956104732956	0.133172063007346	0.2968349993449	0.114459032580845	0.203624824319437	0.145984843390408	0.246552014801369	0.260014906774396	0.169579200487254	0.286028648939733	0.132471351597691	0.264026121228337	0.214115031747576	0	0.189321987025802	0.106088301169398	0.157256564053642	0.192908378046358	0.109767777995578	0.149599437844971	0.22154273398793	0.199750831725812	0.349855801349986	0.287722834386364	0.257681925943057	0.206180427827814	0.140058146420229	0.167301454053387	0.205435880060479	0.21795655642852	0.140261596968919	0.176988956974879	0.220032078326742	0.148367565422271	0.325077712491086	0.120501499182063	0.254064173200788	0.101149227206275	0.141373585320233	0.221737483464731	0.195466268363023	0.142023349054904	0.238674646045872	0.175410149197129	0.215961875859514	0.20316198789925	0.164233737984169	0.224646490339776	0.0856358819433879	0.226186976401866	0.231229928052181	0.140378525915425	0.140562611970661	0.187255818065052	0.145207224709855
700110425	0.10673268541436	0.232078003948903	0.315430618803663	0.202611929868556	0.215597999927456	0.295719196601752	0.104505108414808	0.294658634550831	0.159568743171856	0.254760091361238	0.2079193745971	0.333996343985807	0.275341534117216	0.224181480305656	0.320448403328771	0.221047585756995	0.280406322392139	0.286032514468103	0.189321987025802	0	0.172342907911171	0.249050030880121	0.157734541130858	0.126043118427122	0.154165494788448	0.213833342347079	0.231998673177395	0.313433304312638	0.289857737902717	0.26207886394046	0.248336722506117	0.243693235613894	0.192404102055488	0.248112227309554	0.166863212171652	0.128233627114538	0.240954293076048	0.31990155399374	0.12384614165805	0.326172712130511	0.154430619856019	0.275427635536724	0.18635806470974	0.171811984621033	0.241069688394404	0.233977257609018	0.171372951791179	0.26902893774885	0.244694971970854	0.304304659097655	0.297579486378483	0.0858426413962349	0.0852725203413866	0.167866779432666	0.169229178048175	0.253300479343092	0.150259452325329	0.1008845648527	0.256297684956167	0.141014765190144
700111580	0.159472128640228	0.263436379083193	0.248101892466795	0.30337311169147	0.256195338360141	0.238419751486076	0.122938474851187	0.286729156868502	0.15604094582132	0.221639817506134	0.168675707185891	0.241737426400876	0.265479475363409	0.195852990352803	0.266389360834407	0.143347917482182	0.25278216102351	0.252190341911596	0.106088301169398	0.172342907911171	0	0.168832638198829	0.179111503227578	0.14299962965966	0.116031898913471	0.279894677212689	0.25618839600803	0.391001442439659	0.272873296077328	0.274269572898399	0.197447967895823	0.152381898229042	0.179243559258388	0.227879842443723	0.245358443169218	0.130240569863368	0.238118559022735	0.234702186403894	0.166124523951841	0.304365634127571	0.135026895376772	0.251287859307768	0.155094875406428	0.142430792718186	0.201313388490147	0.183258785476202	0.179127569379053	0.225187107545632	0.200149941415643	0.208664791343653	0.218265882405061	0.157423356739795	0.214273982592739	0.128123853765844	0.252944786179944	0.23803318401401	0.08682923082964	0.11843359591202	0.186556387742926	0.135078017084006
700111302	0.238921283500043	0.283174116466699	0.115031973599231	0.390308260093359	0.278326691564503	0.168068622316686	0.207702177898989	0.282675983748365	0.19657473710443	0.207130903210498	0.108171997050352	0.123746272041883	0.24167508195267	0.221222721756056	0.266590524949394	0.0833597611540958	0.2677247176992	0.151552111772392	0.157256564053642	0.249050030880121	0.168832638198829	0	0.281903283880952	0.226047212350254	0.157439055837464	0.316942638818958	0.249636934169638	0.3885479607193	0.336071557842967	0.256635994204225	0.191877295143626	0.0934013571233432	0.143071001075966	0.180051282298373	0.311842382725064	0.196175569504521	0.220197405482987	0.218283316743173	0.234575254802684	0.304776089106388	0.200705223663738	0.191969002055412	0.1795262292494	0.173517702473764	0.205932857911126	0.242788232477627	0.22224792362138	0.216588453318605	0.198264801579813	0.0849372263754823	0.092678222527328	0.25116983034193	0.290715536867508	0.181777891908425	0.340435017931535	0.21623224464995	0.186693319095993	0.221272433929535	0.118890716533862	0.218500305610973
700098605	0.152164308055631	0.208943837705535	0.326104451778201	0.217846614814409	0.226093567483789	0.296003041044923	0.147878175466014	0.299643845588959	0.197672691564449	0.270719598921731	0.244372968336293	0.345346681390338	0.294565439669411	0.229464967862201	0.306499331904707	0.247214306285071	0.278184900121428	0.3149826807899	0.192908378046358	0.157734541130858	0.179111503227578	0.281903283880952	0	0.156619791324071	0.20856463938671	0.231425846028418	0.23009211261049	0.339963062433707	0.284249590013412	0.300699153285937	0.270782116256062	0.26143445232252	0.257948119094997	0.280065745096299	0.197405989710417	0.156437308454772	0.262020469927688	0.296122228806459	0.156944917030057	0.317236263249756	0.183410659500698	0.319315717111923	0.210825975121345	0.21468316584832	0.282684392379764	0.201817947224741	0.178175835423946	0.28787992195783	0.252367792005779	0.314345191705399	0.313061650485424	0.154311322963513	0.142278497960207	0.166470179524878	0.152326058468486	0.278803138885816	0.189501024313646	0.177217034674223	0.272051628924563	0.150900602164935
700111991	0.0672453479955114	0.250092530291179	0.298604029754719	0.26207111924002	0.226971436003334	0.265401268008974	0.10015817605103	0.332882304160557	0.11869122933335	0.257511760230589	0.193675470566384	0.327078462350295	0.296038328858873	0.210498668943764	0.325422350670884	0.18074473246367	0.301473312996685	0.254374495995586	0.109767777995578	0.126043118427122	0.14299962965966	0.226047212350254	0.156619791324071	0	0.15162537551592	0.20267893138763	0.225937676397405	0.33918495607414	0.318503296803393	0.295369807351482	0.264473291986396	0.2155942015492	0.218429423067866	0.25732755628886	0.171018722832576	0.118202204018937	0.213110677646177	0.286121614862997	0.0957350923929375	0.359453186134388	0.149393814729421	0.311468257964134	0.156639103489636	0.158968876028022	0.271763615697052	0.223556649288344	0.166052957902328	0.287356306103423	0.223399434806221	0.289912381275711	0.270359685608913	0.0998785480167171	0.160865069663774	0.125002203818353	0.140873028349336	0.278916621589474	0.172793875701419	0.097848168090032	0.248390639988041	0.123836949972533
700108960	0.169983843490438	0.32257503330764	0.253142315941168	0.290887544807591	0.31616467935286	0.253421624137417	0.102795766613367	0.3633087113691	0.174069409997987	0.285172219342856	0.173998529960843	0.258762948553135	0.326973673638263	0.270958935131195	0.347261825283874	0.156016990463088	0.344102873312519	0.250432730893569	0.149599437844971	0.154165494788448	0.116031898913471	0.157439055837464	0.20856463938671	0.15162537551592	0	0.320221091453172	0.305524389784248	0.420963146299883	0.359673486212641	0.326871081371163	0.271650964859662	0.139780849739524	0.200762165839094	0.259743386514903	0.265912946785435	0.149008039277922	0.275678584105614	0.301009988232811	0.180795595449167	0.384990229381362	0.200160096514511	0.279835721189275	0.203024180583347	0.144092140499049	0.287104427316271	0.279581265472836	0.251431870139455	0.306745075947778	0.255033106417309	0.221210918931816	0.213048957816055	0.144917466757538	0.192562836518482	0.183760585977866	0.222712436849675	0.306514146376791	0.146948486506965	0.102981508132692	0.202337633336668	0.132094822302709
700024452	0.187762582102523	0.170267306129814	0.330558221897607	0.272114280972272	0.157679033685866	0.291582244414506	0.258033357254411	0.271804527315623	0.217375126379808	0.258761963353004	0.24496413094925	0.36297906383988	0.293688679592612	0.208357127624988	0.333178218497818	0.264688245525672	0.263856009165837	0.295395292153607	0.22154273398793	0.213833342347079	0.279894677212689	0.316942638818958	0.231425846028418	0.20267893138763	0.320221091453172	0	0.188748900679523	0.233942166230314	0.197786142900004	0.258736956509018	0.269551550193712	0.305253078267605	0.232249695106458	0.252753731751278	0.0972938725574257	0.221839199874031	0.246543777530327	0.311683624607578	0.177374852425096	0.30174132408948	0.179492225093302	0.303387200744505	0.209947533763051	0.273685022695266	0.268689387619089	0.197501087434474	0.157140046171266	0.293573061969325	0.241911059721408	0.338931394019107	0.328470753405983	0.208926447536325	0.207985215149928	0.201371054959213	0.217514266118731	0.270675161318674	0.260191020158378	0.251895588105153	0.279722737765457	0.264283886029128
700032931	0.220859556055621	0.144508073999398	0.216657176424624	0.366180092221484	0.140053436698608	0.164407747590834	0.268631546080937	0.144009595640331	0.202689176146412	0.10914228149082	0.162502652138445	0.269444523632047	0.143197661067367	0.0960962228579295	0.212051942392915	0.223257822681338	0.116885580609195	0.192145075294336	0.199750831725812	0.231998673177395	0.25618839600803	0.249636934169638	0.23009211261049	0.225937676397405	0.305524389784248	0.188748900679523	0	0.253365320320323	0.181051675839543	0.149927580878274	0.132041852572563	0.243610887215685	0.153038609685888	0.125741471542942	0.214355237743719	0.19328988048631	0.156105638629402	0.19401395384153	0.198160455249231	0.186939016080952	0.165038288537312	0.172540293330414	0.154773378256344	0.233273830262347	0.143367401414002	0.13206622195532	0.121718768448542	0.152664847528331	0.118778625133368	0.227158319643254	0.260218305680568	0.246483750263851	0.259821308079167	0.167280652694712	0.279819285582251	0.121651692727038	0.223181122557429	0.271227576676776	0.182622019719636	0.257076070972012
700095837	0.318847578953332	0.21996004595513	0.38649619575931	0.414073970863996	0.252122579890237	0.363897957612167	0.379980600196916	0.297476388922695	0.321042553651732	0.304142313084047	0.310255821843634	0.415460939202679	0.329243661652833	0.289000679785814	0.38025016133671	0.356701736503091	0.306074441311306	0.362228060304619	0.349855801349986	0.313433304312638	0.391001442439659	0.3885479607193	0.339963062433707	0.33918495607414	0.420963146299883	0.233942166230314	0.253365320320323	0	0.214162853800802	0.253851525393689	0.30773418075832	0.386505190267086	0.297784826677388	0.287487496584411	0.270237066152309	0.33340847139974	0.315639225055151	0.38836012347984	0.306060189390211	0.325830712766211	0.299695821809616	0.319999630683039	0.320106930055951	0.350291933726852	0.3047468955009	0.311903643032659	0.272796643605692	0.330644434285348	0.320657504764844	0.396060542671746	0.397130640475507	0.340655048345771	0.333905931086847	0.327574118087444	0.37043465556728	0.300940645820553	0.373578649411935	0.368129487831541	0.355219670969656	0.378144193602852
700024548	0.301852693916649	0.163821886603105	0.300305359754781	0.37302323880654	0.204117296312001	0.264385048322663	0.33101175872149	0.157151125628911	0.301354113285863	0.204333333925333	0.261912075329505	0.330255787650842	0.209075694275063	0.185905255447198	0.239772706650983	0.307044114691111	0.157914393169881	0.318971830392954	0.287722834386364	0.289857737902717	0.272873296077328	0.336071557842967	0.284249590013412	0.318503296803393	0.359673486212641	0.197786142900004	0.181051675839543	0.214162853800802	0	0.157986691527273	0.209782918489644	0.326945643457995	0.223399384170438	0.22098344397951	0.229623624791695	0.259524992874647	0.290216712084354	0.269669069684582	0.273020701806949	0.168554126822557	0.219642702971088	0.209888811763942	0.255195817093306	0.319807106009273	0.168895869384754	0.142148360870592	0.199842287295255	0.191030490092757	0.224297978503548	0.315130888206741	0.33717274355749	0.303743547133656	0.307164312682068	0.250377483964453	0.338548003215193	0.188611788076191	0.254788409500606	0.3333514024212	0.248547179799183	0.32114332918555
700110161	0.296606977008447	0.193945811102024	0.202087926356608	0.402995135905545	0.208892425984282	0.156618491765344	0.302870139724348	0.124365744244343	0.247431543123423	0.113176362583285	0.191652494037331	0.253255099308896	0.118593084788106	0.142151738818982	0.167199445796615	0.23825327631648	0.129073683847286	0.213157111303668	0.257681925943057	0.26207886394046	0.274269572898399	0.256635994204225	0.300699153285937	0.295369807351482	0.326871081371163	0.258736956509018	0.149927580878274	0.253851525393689	0.157986691527273	0	0.133368591787474	0.242966998875657	0.177295587549556	0.125778771055531	0.275211312257541	0.229022789178132	0.210368512815035	0.15659921431686	0.270849270633193	0.161825807044212	0.203205469821916	0.107410268990123	0.211363649643047	0.256984951659465	0.135492313378751	0.19317164681437	0.195158887577073	0.120079243756766	0.150807853472923	0.217872202758052	0.265612036412757	0.28939481090665	0.316706518919873	0.219233629748886	0.375248694078106	0.105465657219157	0.231741618423998	0.303578557759199	0.172142216810169	0.287946192683953
700023496	0.269173117675386	0.188269581772942	0.165977352940456	0.40280486633281	0.197819150909934	0.126323912153286	0.263505502948779	0.134438302091042	0.212187107900392	0.0633276857204713	0.126539280175241	0.182627021218777	0.112902544606444	0.091395500799159	0.175016382125948	0.177117222121565	0.105207767269029	0.145511432807355	0.206180427827814	0.248336722506117	0.197447967895823	0.191877295143626	0.270782116256062	0.264473291986396	0.271650964859662	0.269551550193712	0.132041852572563	0.30773418075832	0.209782918489644	0.133368591787474	0	0.185591812089033	0.117229723177219	0.0819058045637541	0.281931017872005	0.189785006239276	0.165685527377644	0.147391988351903	0.239295086924331	0.168936304877815	0.152750137106095	0.105264768058163	0.157612959166177	0.200615725994717	0.0810878433021869	0.155113822054215	0.155927441565643	0.0940973931821954	0.0948199079609947	0.170006173655213	0.208344794365531	0.270979631759371	0.301548248098189	0.186606000049613	0.352998638616692	0.0835595883398684	0.173474673565676	0.255107533104637	0.150950351112765	0.254330478806698
700034628	0.237091078702279	0.276142558374573	0.169520787733856	0.386769620048172	0.280992916141528	0.177152223611515	0.18359564070953	0.26746149522949	0.156613058729149	0.201042949619861	0.127341400511936	0.169050847177678	0.231002509471572	0.214565822198575	0.255847012054577	0.114252699684037	0.252327869976688	0.188784181098622	0.140058146420229	0.243693235613894	0.152381898229042	0.0934013571233432	0.26143445232252	0.2155942015492	0.139780849739524	0.305253078267605	0.243610887215685	0.386505190267086	0.326945643457995	0.242966998875657	0.185591812089033	0	0.16296364572031	0.174142624935519	0.288008475970162	0.156036431159099	0.232025314506281	0.210816110009186	0.223079983749945	0.293076826538927	0.198642422247676	0.187287312178885	0.178397589123374	0.121561697461325	0.202373956901104	0.235868752846586	0.222047284989473	0.208535958874999	0.200120824372223	0.130625295983288	0.163994598123168	0.223208247982282	0.282021854665304	0.17501969778135	0.318469918364835	0.203963898180935	0.165312013742424	0.189600631803018	0.13846853715307	0.167213326341881
700023645	0.221851005389425	0.194001385095561	0.180501499821255	0.350658436202788	0.189362183672257	0.156997976955253	0.219228458050683	0.196170993918222	0.189398041318096	0.122522405803997	0.0812974104619467	0.202956231396546	0.176180047346043	0.133444635893263	0.243859773105931	0.112681677508873	0.179100505122229	0.154394294454609	0.167301454053387	0.192404102055488	0.179243559258388	0.143071001075966	0.257948119094997	0.218429423067866	0.200762165839094	0.232249695106458	0.153038609685888	0.297784826677388	0.223399384170438	0.177295587549556	0.117229723177219	0.16296364572031	0	0.102881989187992	0.243225794751949	0.150037351084189	0.172231738817757	0.218276821241687	0.19463278130776	0.232961452010316	0.125303080626416	0.131549191964206	0.136164889871242	0.175688992867706	0.12719073354413	0.17664483726095	0.141766088425775	0.16203534771365	0.138179885968228	0.179287731221008	0.166185968021167	0.223658153664231	0.249097287007659	0.163059434301531	0.308375296527807	0.138733715725831	0.175469308221216	0.204762595308916	0.129185958623737	0.224673258738455
700038744	0.263569638785134	0.185058129893992	0.158176599507785	0.39675918943101	0.18730751804576	0.102067679838428	0.268592673564047	0.157302279527739	0.213535322528824	0.0773074101820153	0.110056729202692	0.190373386455459	0.143348641719733	0.11162717487383	0.216054393918351	0.168581705413613	0.140250024613349	0.123560797608916	0.205435880060479	0.248112227309554	0.227879842443723	0.180051282298373	0.280065745096299	0.25732755628886	0.259743386514903	0.252753731751278	0.125741471542942	0.287487496584411	0.22098344397951	0.125778771055531	0.0819058045637541	0.174142624935519	0.102881989187992	0	0.267854704710556	0.192003324655875	0.153481914214258	0.158078651501978	0.240088506157245	0.190212208019369	0.175092561560469	0.0934001374452538	0.149189884674234	0.207674216858732	0.112324182975732	0.183239981594964	0.17589279780544	0.133397966099446	0.0988144587991863	0.166531491154449	0.200723090759241	0.270636008065139	0.304539880729053	0.184726023295883	0.341947247410822	0.109244027288833	0.209717994579818	0.260410645391091	0.139518432324463	0.266662342581319
700038485	0.148559638541197	0.178883129320321	0.340926954326509	0.229221364810707	0.181276776780135	0.312241544839219	0.205119194547708	0.288064102201902	0.185724348563985	0.270439065234483	0.248226744126512	0.376185167757836	0.309974760165857	0.236550232106237	0.350177758388943	0.271372969054386	0.275307336595098	0.313315205946298	0.21795655642852	0.166863212171652	0.245358443169218	0.311842382725064	0.197405989710417	0.171018722832576	0.265912946785435	0.0972938725574257	0.214355237743719	0.270237066152309	0.229623624791695	0.275211312257541	0.281931017872005	0.288008475970162	0.243225794751949	0.267854704710556	0	0.177175045206275	0.264577292815723	0.333344644447186	0.127680256477949	0.316414425791134	0.194301549844718	0.319105372149429	0.221233518598117	0.226235319915818	0.284156415209954	0.209618251445326	0.174423509516522	0.309975126488766	0.261101779097999	0.35106348467498	0.336035677833281	0.156959375041517	0.154438467726882	0.189164353324788	0.165033022813224	0.286173191255301	0.239293268259101	0.198458034215768	0.296840906108326	0.213322947046236
700024743	0.139111832999369	0.207031555415775	0.239464916413843	0.284699577050927	0.215669398097581	0.209912229268406	0.109975025816083	0.252481109529158	0.132380955430273	0.186675473172414	0.148079363976054	0.262544380604894	0.221869132230212	0.176170299498039	0.255971436560043	0.177023720461284	0.22922385486765	0.228662211297908	0.140261596968919	0.128233627114538	0.130240569863368	0.196175569504521	0.156437308454772	0.118202204018937	0.149008039277922	0.221839199874031	0.19328988048631	0.33340847139974	0.259524992874647	0.229022789178132	0.189785006239276	0.156036431159099	0.150037351084189	0.192003324655875	0.177175045206275	0	0.197274793735285	0.238519175671669	0.126164964975629	0.281446425646249	0.123937346568256	0.227455541114348	0.141534260959115	0.104296794989762	0.193379351852203	0.175756347415095	0.149059504007409	0.200133307233887	0.170402493590114	0.231097447567436	0.240006641647077	0.123375896719086	0.178695098400509	0.113709434946773	0.210850845342229	0.202448430605635	0.127454035369475	0.113511518151862	0.180137274415462	0.10490551023627
