700108602	700014971	700033565	700109389	700023058	700023927	700106341	700114221	700023543	700023439	700016978	700024192	700113058	700099448	700109870	700033928	700023693	700109627	700095416	700110425	700111580	700111302	700098605	700111991	700108960	700024452	700032931	700095837	700024548	700110161	700023496	700034628	700023645	700038744	700038485	700024743	700099596	700110760	700101587	700106399	700032322	700095653	700021312	700101230	700023590	700038905	700033136	700023382	700096424	700105469	700016908	700096053	700108479	700109569	700033814	700016125	700109756	700102665	700101777	700109455
700108602	0	-0.154933834619158	-0.190141748649147	-0.123802363160011	-0.156617462174354	-0.209388769246407	-0.0771113938543918	-0.223966790175295	-0.0906831091684373	-0.198984951796382	-0.139829057292762	-0.200633330908967	-0.211316065802446	-0.154951026254869	-0.212428063823481	-0.111987526244473	-0.21059220358497	-0.189695628456566	-0.0863868535459893	-0.0936432555547057	-0.109828031418636	-0.136179602386234	-0.119092156761737	-0.0576271682037454	-0.104019571144333	-0.130394062546865	-0.169179538463411	-0.180712489186627	-0.172272947429524	-0.207283948001284	-0.18690989085728	-0.138523042803854	-0.129978477581876	-0.186868366142173	-0.124786415669009	-0.108187103953142	-0.156347562228357	-0.212400953604843	-0.0900809723301021	-0.241827256973049	-0.118232207741614	-0.197416596513253	-0.148859576021229	-0.129736346849312	-0.181394524988886	-0.133480732622833	-0.123205722934566	-0.200111355022868	-0.171564369286865	-0.17838002857436	-0.139591327240225	-0.0766156547944835	-0.0923644429584839	-0.114923988379396	-0.0886791538457942	-0.185469075877511	-0.124549706030461	-0.0756543365507689	-0.165327144696052	-0.106607376213225
700014971	-0.154933834619158	0	-0.163954116603932	-0.210764083295666	-0.124053912934122	-0.163367216289178	-0.169699697980708	-0.134828027666803	-0.142434342854159	-0.115354238236172	-0.111434586085399	-0.18411271967615	-0.131977529384839	-0.111346387313001	-0.165375489666918	-0.151619532393636	-0.125351565493841	-0.180406589017255	-0.155791619073997	-0.144649907235849	-0.15164957609213	-0.145255135211774	-0.12821898193689	-0.155810859531755	-0.184643367671503	-0.148726656792214	-0.117822141013175	-0.127851058095306	-0.113423869535358	-0.125278129782673	-0.123494341605754	-0.156792071372901	-0.107503103262925	-0.135230964131422	-0.146890089226634	-0.125304986282842	-0.155051773956493	-0.178667786632856	-0.135211417434703	-0.155294913426601	-0.124130702384661	-0.141260117732235	-0.130259750783893	-0.145918824202655	-0.124397671577366	-0.122433168154409	-0.107763181009609	-0.129143302357792	-0.115423748267453	-0.16856009312797	-0.157922631229121	-0.15324531738294	-0.168464805968967	-0.119472112227945	-0.176071642227766	-0.131291674781179	-0.148339710768329	-0.165167982942322	-0.150010247949419	-0.162799095517359
700033565	-0.190141748649147	-0.163954116603932	0	-0.230197701130508	-0.187851450680967	-0.0835936121090873	-0.201734352650617	-0.116010042883658	-0.178590757132887	-0.105813071766512	-0.0979740213231853	-0.0774654010219105	-0.117012570720887	-0.134166629348612	-0.106846957696659	-0.134627306487366	-0.105320686410309	-0.0901931189661077	-0.171506038364361	-0.181873241850482	-0.176339530796547	-0.0985753849382584	-0.183972312687002	-0.182211230502114	-0.180024209706765	-0.19633163720627	-0.124444710678473	-0.174000347015339	-0.153909201515335	-0.10505640819054	-0.0973798358223773	-0.139648770249101	-0.11419120112827	-0.0679593125504684	-0.192503681214453	-0.131531886529571	-0.139228989629388	-0.09505416007319	-0.175916488324598	-0.143394030407697	-0.150823424014289	-0.0704039016605442	-0.150901574857701	-0.151592174027354	-0.1132559754105	-0.141094166749383	-0.142446340951828	-0.103609459500226	-0.120934822491696	-0.0826458547560383	-0.0899915224775609	-0.206615122660713	-0.198302783112251	-0.125176133041889	-0.219963153211965	-0.102372730653218	-0.14933152372975	-0.203362177973342	-0.0885308991718199	-0.193911521196938
700109389	-0.123802363160011	-0.210764083295666	-0.230197701130508	0	-0.190216815237815	-0.260648694056395	-0.11634913223378	-0.24944252141749	-0.162984774902619	-0.241563889270985	-0.200555120081677	-0.229702999266914	-0.244448286299456	-0.212353207073557	-0.228951903058225	-0.165667178350889	-0.246520031302127	-0.251953198858896	-0.172935311642142	-0.115649346308406	-0.1485939348524	-0.194732090415663	-0.141744652464847	-0.136651708545755	-0.145816544270743	-0.157405983611294	-0.2405711941782	-0.207455293343972	-0.182585575273019	-0.23500420575342	-0.244691695219936	-0.211813164131896	-0.183690509832472	-0.236452945694163	-0.138037078802183	-0.168334117778923	-0.225978281059701	-0.260497853692031	-0.150790770369977	-0.24196228787552	-0.159109668046036	-0.235061764379756	-0.203390401777912	-0.18752514183868	-0.21647779759713	-0.178941105005198	-0.193260230144186	-0.228672751236601	-0.22199362779278	-0.223615297900455	-0.187765422142045	-0.107822119888908	-0.0796310340364964	-0.177684168473768	-0.123817893037163	-0.228003905115961	-0.136597745294221	-0.112174483216772	-0.192454942166946	-0.155197337033118
700023058	-0.156617462174354	-0.124053912934122	-0.187851450680967	-0.190216815237815	0	-0.172860779402372	-0.159593045961198	-0.185940051893316	-0.139144619198931	-0.161082968758058	-0.141122130827437	-0.20161755997332	-0.18066916943438	-0.121714170440864	-0.187386968283436	-0.148685810522342	-0.171303241398828	-0.174550046834762	-0.149169254127965	-0.150284305987864	-0.16708987226004	-0.175072606638785	-0.143904841150035	-0.140027048615012	-0.197982291096497	-0.124036251784318	-0.148955823403179	-0.157454784595852	-0.153753340083663	-0.163334126591264	-0.152964941373042	-0.188329045097046	-0.135343778883166	-0.160581048853017	-0.136206965866918	-0.159579252925872	-0.126550312419556	-0.163340581351063	-0.114041898256254	-0.198373300741221	-0.125057708971581	-0.180675029546786	-0.120926277648408	-0.170957205871866	-0.162032683898694	-0.141164024026441	-0.122725108408577	-0.168494679051965	-0.129860941799114	-0.200561547035204	-0.174797279753435	-0.145074149884676	-0.156484102076263	-0.124313761186925	-0.162584922415112	-0.179303953630676	-0.169655868578805	-0.168157373558412	-0.179567758210217	-0.160208735677235
700023927	-0.209388769246407	-0.163367216289178	-0.0835936121090873	-0.260648694056395	-0.172860779402372	0	-0.227368016846843	-0.129588616913866	-0.195759353057291	-0.100199293072299	-0.122937389309394	-0.107808139393836	-0.114936211420361	-0.113370973256564	-0.115717094657917	-0.159674956568065	-0.113133086037042	-0.0694521031664354	-0.180519505769859	-0.206824399982781	-0.187659979369639	-0.13819348415143	-0.190063590515552	-0.194279353798936	-0.2097669352139	-0.201108885865437	-0.124866228443877	-0.202332168166448	-0.169782540462163	-0.116228678474611	-0.073623370524416	-0.167730549684546	-0.141169148007651	-0.0747859234584024	-0.212665496881746	-0.165951316091184	-0.141375159983903	-0.0654989700406092	-0.195264031932308	-0.153058287391568	-0.161285464045825	-0.0948154073037127	-0.138161503704244	-0.180036412157622	-0.132611312207592	-0.147311019787728	-0.145174089932031	-0.124526938806937	-0.0804177482988273	-0.106988599972835	-0.127621849419656	-0.228590278447145	-0.228112566600488	-0.128439825164299	-0.232944234435915	-0.116416430674544	-0.159999710628885	-0.228790303357768	-0.1150280713884	-0.207571101475329
700106341	-0.0771113938543918	-0.169699697980708	-0.201734352650617	-0.11634913223378	-0.159593045961198	-0.227368016846843	0	-0.223866207671385	-0.0872877395731337	-0.214922281045501	-0.152177165223167	-0.189028889973743	-0.212296998889792	-0.183228072052928	-0.212216970855049	-0.124832775915961	-0.211429606276648	-0.224756363275847	-0.116244926824017	-0.0861748748909149	-0.0960853336272606	-0.136395327453413	-0.118421243469473	-0.103516426715377	-0.0924824830934685	-0.167889160357509	-0.209062647108291	-0.202193064473458	-0.184336300990745	-0.216905328268776	-0.200733058135503	-0.125599405261561	-0.139426315439283	-0.199905675078435	-0.154093914366444	-0.101707932176788	-0.189296547279345	-0.2312751923443	-0.0973267388735289	-0.240252548326615	-0.121306627186962	-0.195167633811441	-0.150067841058633	-0.119640987996428	-0.176821029346364	-0.158134999570685	-0.150718601526947	-0.192327035979859	-0.189728905602017	-0.174585327744946	-0.156659941051115	-0.0772368389706175	-0.0882756906952494	-0.126609356643157	-0.116873196132286	-0.187668714089428	-0.116403045598548	-0.067036306271164	-0.162574574244424	-0.0768499896973636
700114221	-0.223966790175295	-0.134828027666803	-0.116010042883658	-0.24944252141749	-0.185940051893316	-0.129588616913866	-0.223866207671385	0	-0.209339691084285	-0.0738563375718782	-0.141694579221988	-0.122643364707126	-0.0824043292847912	-0.139099648882603	-0.0943269762144086	-0.181474001313103	-0.0589904035195408	-0.164293400816695	-0.212268228508492	-0.19734691576052	-0.195387111377665	-0.159252144902038	-0.195397426459866	-0.217630927322694	-0.231004113420968	-0.216198361316217	-0.125307128058669	-0.16186984127081	-0.115831888840649	-0.0989312634881676	-0.119458788345653	-0.182190015822621	-0.139265992867766	-0.106353280126537	-0.213031044922303	-0.158087053777828	-0.182268319385974	-0.119816628797399	-0.196161130049707	-0.084146798717322	-0.166186959218679	-0.0757504721818125	-0.19119808468129	-0.177911482319772	-0.0988644213118473	-0.143101597300438	-0.148062462556017	-0.0698713253660671	-0.145281880066812	-0.131642501938497	-0.156043404368242	-0.223726762499395	-0.21553308761128	-0.171018070662158	-0.253184231962823	-0.099082652427446	-0.161969266933463	-0.232865667844956	-0.133083559993895	-0.213011238825405
700023543	-0.0906831091684373	-0.142434342854159	-0.178590757132887	-0.162984774902619	-0.139144619198931	-0.195759353057291	-0.0872877395731337	-0.209339691084285	0	-0.18189695103982	-0.11956275145009	-0.185243707631621	-0.199097386157174	-0.158183796626043	-0.20205751685676	-0.0942695857953139	-0.192375315050511	-0.191173647706554	-0.0920055577164392	-0.116039482653213	-0.110133490972383	-0.126326990249891	-0.11996521752724	-0.0989539654557334	-0.11554898286048	-0.145631561090588	-0.166922203837399	-0.174394900266586	-0.19492185765178	-0.188280795003592	-0.171361965913273	-0.105125895134686	-0.122114614102178	-0.171448202521711	-0.134850804105251	-0.120894971916871	-0.151967513666544	-0.201279363012837	-0.0942691933195401	-0.235811437096667	-0.106166760819418	-0.177932008664788	-0.11880709856168	-0.0965493088143428	-0.164845124383688	-0.149014011154612	-0.113704778639609	-0.183987592656026	-0.169381930640983	-0.159274787335887	-0.143785395738095	-0.0893817193576144	-0.114772287325238	-0.112605757805118	-0.123552773825192	-0.173135619647936	-0.144479874786135	-0.0821123237451516	-0.158581491022029	-0.0847911468372744
700023439	-0.198984951796382	-0.115354238236172	-0.105813071766512	-0.241563889270985	-0.161082968758058	-0.100199293072299	-0.214922281045501	-0.0738563375718782	-0.18189695103982	0	-0.11866464330573	-0.138784532677151	-0.0732299394173625	-0.10891974185366	-0.110925032999434	-0.158782120080625	-0.0644649044514251	-0.132235044784521	-0.183762665283961	-0.190979316692909	-0.180838650173819	-0.151948721323008	-0.177828793327545	-0.184786142305704	-0.218643730885269	-0.190411796021421	-0.113574059200995	-0.156441875072802	-0.118005116470369	-0.0846080301770331	-0.0933084506777074	-0.178726131283169	-0.122766746397448	-0.0794030913064646	-0.19034363016254	-0.151096327987712	-0.156165792585779	-0.104032867684143	-0.177973629458325	-0.0979138505949076	-0.137242635648329	-0.086204919015217	-0.160326218493418	-0.178349657283727	-0.107946485940818	-0.126290718636833	-0.127003935990522	-0.0810548014973842	-0.107235283376315	-0.130422494696044	-0.138552445310869	-0.205078110842457	-0.21146442662029	-0.137721735383466	-0.230917068835599	-0.100990678489394	-0.154623315203656	-0.21019930139617	-0.119951394300734	-0.202487049369521
700016978	-0.139829057292762	-0.111434586085399	-0.0979740213231853	-0.200555120081677	-0.141122130827437	-0.122937389309394	-0.152177165223167	-0.141694579221988	-0.11956275145009	-0.11866464330573	0	-0.113314260808639	-0.126777049725013	-0.113719954459723	-0.14465621176639	-0.0884339618602322	-0.123718820430875	-0.124867897738565	-0.12574652435105	-0.122765921880249	-0.127128851889781	-0.0687979854033604	-0.137477266640426	-0.133437435263113	-0.133007080317766	-0.158088511740199	-0.11566213811393	-0.129472216504005	-0.144154612579143	-0.127160070420554	-0.100029333778076	-0.0971884823602599	-0.0641193308332958	-0.0874742308607834	-0.158698291278186	-0.0995399207741249	-0.126251320116201	-0.146585632911768	-0.121708395650807	-0.16738757505794	-0.0997020511119556	-0.0997975899922523	-0.10092922467877	-0.10171634959251	-0.0961240929396063	-0.128920259418514	-0.10701100274508	-0.117330837156139	-0.0991769024627895	-0.107855711914186	-0.10011086210261	-0.148714843108745	-0.148947777397496	-0.0848380947290352	-0.167955272167402	-0.0999422814812198	-0.12561862527279	-0.146759902659295	-0.103752976410287	-0.14111513087295
700024192	-0.200633330908967	-0.18411271967615	-0.0774654010219105	-0.229702999266914	-0.20161755997332	-0.107808139393836	-0.189028889973743	-0.122643364707126	-0.185243707631621	-0.138784532677151	-0.113314260808639	0	-0.116625490983129	-0.167459581379695	-0.102180779664377	-0.141389931297749	-0.13306050784789	-0.124722012659288	-0.168965815976947	-0.177249396866395	-0.165042709256481	-0.0934245279855953	-0.185647525015107	-0.209198802840157	-0.175133991844294	-0.223078296083941	-0.159348924059978	-0.188392430923638	-0.169148046553486	-0.144269998738352	-0.113301717375465	-0.132261898840374	-0.116142195782903	-0.0977991633775842	-0.225681749675355	-0.150878432402089	-0.172595990105159	-0.121826018439849	-0.189815619116737	-0.148699707763078	-0.155202599091293	-0.0764976834514118	-0.169335669181408	-0.143656130505141	-0.0991352011103163	-0.156960959564698	-0.159272988405765	-0.110794297736947	-0.145965395351529	-0.0805339481947584	-0.1002489332306	-0.214800761972534	-0.201293056047932	-0.141646565628125	-0.241024356395639	-0.106966446618904	-0.13525842735943	-0.210841693304356	-0.103279104139124	-0.188273804869401
700113058	-0.211316065802446	-0.131977529384839	-0.117012570720887	-0.244448286299456	-0.18066916943438	-0.114936211420361	-0.212296998889792	-0.0824043292847912	-0.199097386157174	-0.0732299394173625	-0.126777049725013	-0.116625490983129	0	-0.135378549627908	-0.0950715800959405	-0.163554307806764	-0.0912511491156813	-0.152226893714336	-0.199878276016114	-0.188457149572555	-0.189179910227091	-0.145764598045082	-0.189674706709562	-0.208787239239507	-0.220349930882196	-0.208240350476521	-0.132499817602511	-0.147634942505014	-0.119425485576985	-0.0976866626937649	-0.118159241117904	-0.167346673391842	-0.123808672151142	-0.0931281565652646	-0.215073271308904	-0.163958217996678	-0.183242960451451	-0.130158308257645	-0.187703340531344	-0.10010347688637	-0.151037841976486	-0.0723604569584481	-0.188017718011215	-0.168815210939596	-0.103293090279809	-0.145293496921763	-0.159159797608222	-0.0719953133624402	-0.133525419901678	-0.116694200825881	-0.145589307849351	-0.213199257827252	-0.214937774226409	-0.165909927634426	-0.252329628207232	-0.0738032929742855	-0.157149893845148	-0.219991496548469	-0.120523039146187	-0.194234738599334
700099448	-0.154951026254869	-0.111346387313001	-0.134166629348612	-0.212353207073557	-0.121714170440864	-0.113370973256564	-0.183228072052928	-0.139099648882603	-0.158183796626043	-0.10891974185366	-0.113719954459723	-0.167459581379695	-0.135378549627908	0	-0.141887176902933	-0.143496612724543	-0.113400665045951	-0.129639311402602	-0.143291691786516	-0.156705995609853	-0.157314210385127	-0.144853228181021	-0.141599892305804	-0.137998092586716	-0.188645759699413	-0.134447119989115	-0.0873129156465596	-0.161157008674148	-0.121062857496845	-0.111143541812092	-0.10271699842174	-0.171143436315574	-0.110210737800669	-0.101981969221737	-0.153639677480738	-0.137692949541525	-0.125292344763397	-0.12149944973429	-0.13669225934948	-0.162798222151406	-0.129109418761577	-0.124044725267788	-0.111467466966866	-0.167894204931219	-0.120652084031634	-0.10902516983321	-0.0976711240920128	-0.128344112722247	-0.0736969444936381	-0.148569480718818	-0.137138838128512	-0.163938204338145	-0.176230809412931	-0.106142426561023	-0.172729181777161	-0.129668231933854	-0.132869252242884	-0.180060189085753	-0.120414899768981	-0.173965033369531
700109870	-0.212428063823481	-0.165375489666918	-0.106846957696659	-0.228951903058225	-0.187386968283436	-0.115717094657917	-0.212216970855049	-0.0943269762144086	-0.20205751685676	-0.110925032999434	-0.14465621176639	-0.102180779664377	-0.0950715800959405	-0.141887176902933	0	-0.175347265711196	-0.102231988230464	-0.163395777258884	-0.201773213789479	-0.186359159604449	-0.178784779593524	-0.147941087794103	-0.175126950056106	-0.218545675978611	-0.214643948159665	-0.212813685181236	-0.14095767425719	-0.183507556206095	-0.126433003402836	-0.105099024697877	-0.132927768572864	-0.175518149306113	-0.146812185303084	-0.113246568344143	-0.22064604067434	-0.160335800972909	-0.190237054068121	-0.101527487461726	-0.195125318570032	-0.102606618364404	-0.176419462670298	-0.0791504164189108	-0.194894283390076	-0.170037593226834	-0.10911891759275	-0.135513463006027	-0.155049687129831	-0.0879466833014799	-0.145209051398646	-0.111890016813538	-0.145593676266667	-0.216957213737322	-0.202252624295873	-0.168401590847248	-0.24347421673653	-0.0952837812635659	-0.137910245136692	-0.229164239266476	-0.110927713155707	-0.199217292232636
700033928	-0.111987526244473	-0.151619532393636	-0.134627306487366	-0.165667178350889	-0.148685810522342	-0.159674956568065	-0.124832775915961	-0.181474001313103	-0.0942695857953139	-0.158782120080625	-0.0884339618602322	-0.141389931297749	-0.163554307806764	-0.143496612724543	-0.175347265711196	0	-0.166982870859599	-0.147610819673697	-0.0953488051091003	-0.125139940460709	-0.109964411365675	-0.0922319869612203	-0.128761133474289	-0.102344465995315	-0.128475134072523	-0.15352618933074	-0.15564811263113	-0.148554237781486	-0.166982813684702	-0.16693099779005	-0.141262046858161	-0.115748607776338	-0.0839291246854366	-0.135274331753634	-0.147660272443322	-0.128003022124157	-0.135181374285336	-0.180785894009103	-0.108590536805299	-0.20559137474741	-0.0871513744683947	-0.139504769645069	-0.120266492243262	-0.130048460524899	-0.129793460009389	-0.126707327621631	-0.104416869998961	-0.157322767948683	-0.144843803546804	-0.116863042179545	-0.0899011959124866	-0.119043445395539	-0.123593401253821	-0.103209355412795	-0.150734764534554	-0.130724503508188	-0.125499374435678	-0.11754277626512	-0.118892417398046	-0.109457752734418
700023693	-0.21059220358497	-0.125351565493841	-0.105320686410309	-0.246520031302127	-0.171303241398828	-0.113133086037042	-0.211429606276648	-0.0589904035195408	-0.192375315050511	-0.0644649044514251	-0.123718820430875	-0.13306050784789	-0.0912511491156813	-0.113400665045951	-0.102231988230464	-0.166982870859599	0	-0.143929984606388	-0.196235692763856	-0.188836446161713	-0.177850769164713	-0.148713593708858	-0.183567001997909	-0.196361377689102	-0.220057183568817	-0.204885930886703	-0.119309012559327	-0.164402595313738	-0.115726714666515	-0.100769854764293	-0.0918785865157969	-0.175345666604406	-0.122549598297338	-0.0964112803730516	-0.201775280343278	-0.148890891549189	-0.166454618932698	-0.12334826326394	-0.181490025536719	-0.0880019006371344	-0.147523363779699	-0.0836898036604517	-0.166621938531623	-0.171836708697545	-0.0922597605956033	-0.124455253602828	-0.134444575945536	-0.072057019863648	-0.115680854046106	-0.130932023943045	-0.142551152863525	-0.214245164439861	-0.208198062114876	-0.153566121868367	-0.238842207903355	-0.102443843175236	-0.151050008885068	-0.221348601664751	-0.125479336875388	-0.20506765122498
700109627	-0.189695628456566	-0.180406589017255	-0.0901931189661077	-0.251953198858896	-0.174550046834762	-0.0694521031664354	-0.224756363275847	-0.164293400816695	-0.191173647706554	-0.132235044784521	-0.124867897738565	-0.124722012659288	-0.152226893714336	-0.129639311402602	-0.163395777258884	-0.147610819673697	-0.143929984606388	0	-0.175127427709457	-0.202631048096259	-0.197149394668544	-0.135050874462661	-0.200120607147339	-0.175832673667974	-0.197374359012984	-0.197475074778624	-0.129285416595408	-0.195670302816188	-0.198319687934956	-0.145497165554481	-0.0977865572780474	-0.162403483989266	-0.144657895458838	-0.102294944634089	-0.199925535280585	-0.171027654625961	-0.115670903336518	-0.089293248958016	-0.189394998719208	-0.188596430200692	-0.167372911975524	-0.126844127918744	-0.136647562388895	-0.174831527893087	-0.151623502826099	-0.164499423302968	-0.151066614361843	-0.159758291838172	-0.0929078373845252	-0.126545719930341	-0.112723008663538	-0.222675937772065	-0.220580901088443	-0.134231588704872	-0.217848263382465	-0.144798734272901	-0.177166191428069	-0.220288907522007	-0.136594618514051	-0.209988057188762
700095416	-0.0863868535459893	-0.155791619073997	-0.171506038364361	-0.172935311642142	-0.149169254127965	-0.180519505769859	-0.116244926824017	-0.212268228508492	-0.0920055577164392	-0.183762665283961	-0.12574652435105	-0.168965815976947	-0.199878276016114	-0.143291691786516	-0.201773213789479	-0.0953488051091003	-0.196235692763856	-0.175127427709457	0	-0.123054110292447	-0.099344864432363	-0.113326763990691	-0.130660246940075	-0.0836343352729977	-0.115599404551263	-0.145016539181053	-0.160421755787843	-0.182584424306108	-0.177010596729809	-0.193492149394775	-0.16144217881296	-0.120935433415707	-0.118067205278436	-0.171541823905947	-0.139699508250584	-0.12159087640976	-0.145295446655715	-0.188154764579247	-0.10185088011245	-0.236680476000063	-0.0980089485307812	-0.178613081902699	-0.107873426603639	-0.133397131162379	-0.164445893257132	-0.129446897489428	-0.102484062098529	-0.187406753433033	-0.155894273877278	-0.149184689839106	-0.123636984735605	-0.115567899814934	-0.125088439872267	-0.0895875144444665	-0.122323419720877	-0.169209482527038	-0.121571908887502	-0.111336402023397	-0.146103511342476	-0.118886852544439
700110425	-0.0936432555547057	-0.144649907235849	-0.181873241850482	-0.115649346308406	-0.150284305987864	-0.206824399982781	-0.0861748748909149	-0.19734691576052	-0.116039482653213	-0.190979316692909	-0.122765921880249	-0.177249396866395	-0.188457149572555	-0.156705995609853	-0.186359159604449	-0.125139940460709	-0.188836446161713	-0.202631048096259	-0.123054110292447	0	-0.100173325092588	-0.131633274563055	-0.105959382573357	-0.112600236347678	-0.0895583425381264	-0.156794207159986	-0.177625052336891	-0.161418238136623	-0.158800746182768	-0.180576485335894	-0.183616668703196	-0.140429635940407	-0.119072748358905	-0.179184533884963	-0.152102801027836	-0.0897460839740382	-0.170968070546635	-0.210794842577143	-0.0978124908236308	-0.216160281957611	-0.112853878750756	-0.172705544757846	-0.139485015886102	-0.0975454188912229	-0.151484031468329	-0.142846047770728	-0.138503617315464	-0.172294196922469	-0.163778001862927	-0.171733694196186	-0.146663842186275	-0.0739326682680222	-0.0635172715011317	-0.116581564922126	-0.121317730049352	-0.165931017701191	-0.0835916413257055	-0.0864481460945733	-0.149457985455086	-0.0995946307276959
700111580	-0.109828031418636	-0.15164957609213	-0.176339530796547	-0.1485939348524	-0.16708987226004	-0.187659979369639	-0.0960853336272606	-0.195387111377665	-0.110133490972383	-0.180838650173819	-0.127128851889781	-0.165042709256481	-0.189179910227091	-0.157314210385127	-0.178784779593524	-0.109964411365675	-0.177850769164713	-0.197149394668544	-0.099344864432363	-0.100173325092588	0	-0.108745003415523	-0.101182312357927	-0.118306980267243	-0.0848605459712623	-0.186862849557128	-0.188337449757041	-0.198074171566652	-0.145479671781284	-0.196341270890025	-0.164049311669557	-0.118266113585738	-0.113968240821267	-0.176304924428011	-0.174516763474336	-0.106984741209525	-0.184679499300148	-0.196300679151161	-0.124914691371977	-0.212867763069228	-0.107461196025595	-0.166514971150052	-0.130951385667222	-0.130451493354748	-0.135746005932315	-0.118041936851015	-0.123347685948811	-0.164521771123485	-0.154106828741094	-0.139103605796345	-0.124678403730327	-0.102931216591108	-0.115983573038263	-0.0920077938910763	-0.133622577451601	-0.169175241950499	-0.077616502605439	-0.0950829947418733	-0.120173348226224	-0.0928784085357545
700111302	-0.136179602386234	-0.145255135211774	-0.0985753849382584	-0.194732090415663	-0.175072606638785	-0.13819348415143	-0.136395327453413	-0.159252144902038	-0.126326990249891	-0.151948721323008	-0.0687979854033604	-0.0934245279855953	-0.145764598045082	-0.144853228181021	-0.147941087794103	-0.0922319869612203	-0.148713593708858	-0.135050874462661	-0.113326763990691	-0.131633274563055	-0.108745003415523	0	-0.146596057836676	-0.14851952453394	-0.112722216133001	-0.18409073356474	-0.148173460567563	-0.165630513483317	-0.170316044986149	-0.157908717300087	-0.119491117771562	-0.0758576589409767	-0.0751830927773795	-0.11378831422529	-0.178354677033783	-0.107727853827189	-0.142940315213123	-0.156946881243076	-0.141113203688237	-0.183565400827219	-0.125512196944894	-0.106341796743589	-0.124847910715033	-0.11106655305242	-0.106083421809984	-0.146779293839215	-0.126902890472986	-0.127445588098813	-0.128172088964815	-0.0699580178054901	-0.0770425381048735	-0.152839283411043	-0.151286168333526	-0.0940090828873031	-0.185003358467398	-0.107415562442441	-0.116185304995579	-0.148894487306618	-0.0730026123583461	-0.133282663997777
700098605	-0.119092156761737	-0.12821898193689	-0.183972312687002	-0.141744652464847	-0.143904841150035	-0.190063590515552	-0.118421243469473	-0.195397426459866	-0.11996521752724	-0.177828793327545	-0.137477266640426	-0.185647525015107	-0.189674706709562	-0.141599892305804	-0.175126950056106	-0.128761133474289	-0.183567001997909	-0.200120607147339	-0.130660246940075	-0.105959382573357	-0.101182312357927	-0.146596057836676	0	-0.126061605724083	-0.144535378013593	-0.148425169063807	-0.164600471298121	-0.164668332739935	-0.146622122139251	-0.178888922036368	-0.169631806209475	-0.151854380467889	-0.124761011072028	-0.173372983951438	-0.145177083788881	-0.111449636488991	-0.168243968993645	-0.191636349544239	-0.10881108847995	-0.197241464741254	-0.112474559401528	-0.174538270862612	-0.146591736799888	-0.130856539972797	-0.162682528522345	-0.115266724129471	-0.128312006089838	-0.172795365926919	-0.158860162887294	-0.171255468413765	-0.152284364129552	-0.108600052251385	-0.111908620380889	-0.110544850267926	-0.106057360569977	-0.172496719657356	-0.118422563477821	-0.11986937467384	-0.148424356102392	-0.097751029235364
700111991	-0.0576271682037454	-0.155810859531755	-0.182211230502114	-0.136651708545755	-0.140027048615012	-0.194279353798936	-0.103516426715377	-0.217630927322694	-0.0989539654557334	-0.184786142305704	-0.133437435263113	-0.209198802840157	-0.208787239239507	-0.137998092586716	-0.218545675978611	-0.102344465995315	-0.196361377689102	-0.175832673667974	-0.0836343352729977	-0.112600236347678	-0.118306980267243	-0.14851952453394	-0.126061605724083	0	-0.12212010146338	-0.12554409634128	-0.156845840991077	-0.17617456978223	-0.175245393196547	-0.19870919597284	-0.17658685903098	-0.163980029731826	-0.136729459823407	-0.177989585284952	-0.113208300957743	-0.125276167993925	-0.147511976316505	-0.204274421843838	-0.0867527015933225	-0.239125128502558	-0.105014378690947	-0.198730702117824	-0.12606079011824	-0.150077530092645	-0.184790410017587	-0.12898435024294	-0.115064027724786	-0.196522235204544	-0.159956129421222	-0.18384317784167	-0.139647695339001	-0.0891224268045912	-0.0985042036169385	-0.106757598020757	-0.0855754570367007	-0.185569654638774	-0.13841326468157	-0.0930528988754669	-0.170185186731244	-0.116881078626583
700108960	-0.104019571144333	-0.184643367671503	-0.180024209706765	-0.145816544270743	-0.197982291096497	-0.2097669352139	-0.0924824830934685	-0.231004113420968	-0.11554898286048	-0.218643730885269	-0.133007080317766	-0.175133991844294	-0.220349930882196	-0.188645759699413	-0.214643948159665	-0.128475134072523	-0.220057183568817	-0.197374359012984	-0.115599404551263	-0.0895583425381264	-0.0848605459712623	-0.112722216133001	-0.144535378013593	-0.12212010146338	0	-0.206429223417098	-0.214386814776	-0.2122884351522	-0.190813190174892	-0.217630288472802	-0.195959987436379	-0.108114537883428	-0.141829820765768	-0.194806419998934	-0.18644758659052	-0.106076426832087	-0.200892414732786	-0.223186687540354	-0.129513114752245	-0.24933208097928	-0.148359781871224	-0.189072739773814	-0.149117702314171	-0.115249317627067	-0.172365677907685	-0.175149313998136	-0.168106548603812	-0.202752907092399	-0.180897178225694	-0.150783669762262	-0.127085411161566	-0.109720022825166	-0.103124684983612	-0.110265377571786	-0.1277784194124	-0.187730867897633	-0.104022282776101	-0.0911141512681395	-0.135233912985017	-0.104874858254713
700024452	-0.130394062546865	-0.148726656792214	-0.19633163720627	-0.157405983611294	-0.124036251784318	-0.201108885865437	-0.167889160357509	-0.216198361316217	-0.145631561090588	-0.190411796021421	-0.158088511740199	-0.223078296083941	-0.208240350476521	-0.134447119989115	-0.212813685181236	-0.15352618933074	-0.204885930886703	-0.197475074778624	-0.145016539181053	-0.156794207159986	-0.186862849557128	-0.18409073356474	-0.148425169063807	-0.12554409634128	-0.206429223417098	0	-0.157160939646301	-0.148690548168959	-0.157159657130825	-0.183349165834444	-0.191616078092823	-0.199190691349735	-0.151009777199156	-0.188439248465838	-0.0724852587148447	-0.154092562256602	-0.157934310272067	-0.205588085820389	-0.114390240660359	-0.21676014116233	-0.141168410094376	-0.205334067392041	-0.153095776580712	-0.18005451840375	-0.194494406830706	-0.136597094295012	-0.121785010546164	-0.200489174684402	-0.165901897216997	-0.21233339579952	-0.183099165764481	-0.127841571382823	-0.147810490676309	-0.150178389376008	-0.130775659146932	-0.197084188675408	-0.176624781464788	-0.16160571087938	-0.18565219393475	-0.178741224839543
700032931	-0.169179538463411	-0.117822141013175	-0.124444710678473	-0.2405711941782	-0.148955823403179	-0.124866228443877	-0.209062647108291	-0.125307128058669	-0.166922203837399	-0.113574059200995	-0.11566213811393	-0.159348924059978	-0.132499817602511	-0.0873129156465596	-0.14095767425719	-0.15564811263113	-0.119309012559327	-0.129285416595408	-0.160421755787843	-0.177625052336891	-0.188337449757041	-0.148173460567563	-0.164600471298121	-0.156845840991077	-0.214386814776	-0.157160939646301	0	-0.150715070246841	-0.147986950360712	-0.117057683433552	-0.107598409721521	-0.174848762227385	-0.121027856420804	-0.101446066038037	-0.171878928015271	-0.159786439957231	-0.120081704776121	-0.127134084276905	-0.150953979439186	-0.155113478653348	-0.14393689019816	-0.117751389686099	-0.134214818284538	-0.169282125787508	-0.128056862785583	-0.131879760853223	-0.118197521023897	-0.11802176509956	-0.0993188491488208	-0.147673323778987	-0.152134337491967	-0.189922884455206	-0.195384572943126	-0.133540929784519	-0.19094081224263	-0.107946230703286	-0.169089455254588	-0.204782607505141	-0.136235390025412	-0.190877513935304
700095837	-0.180712489186627	-0.127851058095306	-0.174000347015339	-0.207455293343972	-0.157454784595852	-0.202332168166448	-0.202193064473458	-0.16186984127081	-0.174394900266586	-0.156441875072802	-0.129472216504005	-0.188392430923638	-0.147634942505014	-0.161157008674148	-0.183507556206095	-0.148554237781486	-0.164402595313738	-0.195670302816188	-0.182584424306108	-0.161418238136623	-0.198074171566652	-0.165630513483317	-0.164668332739935	-0.17617456978223	-0.2122884351522	-0.148690548168959	-0.150715070246841	0	-0.137445138214594	-0.127057333466607	-0.178589918287048	-0.182738555646742	-0.132177198712618	-0.157078492983869	-0.157966950653454	-0.162458576235104	-0.161601768766493	-0.209395874297427	-0.149072055536161	-0.178698822032226	-0.150848101551182	-0.162265338049085	-0.169842753386748	-0.154161016207149	-0.151813519823799	-0.160591119378196	-0.154099777161117	-0.15039263644454	-0.172219205291908	-0.188922270994601	-0.168726592442263	-0.177519908833449	-0.169015745135457	-0.172146769081684	-0.193836254089477	-0.155584842509463	-0.18431198517572	-0.1935853919526	-0.17540076550901	-0.190198334140056
700024548	-0.172272947429524	-0.113423869535358	-0.153909201515335	-0.182585575273019	-0.153753340083663	-0.169782540462163	-0.184336300990745	-0.115831888840649	-0.19492185765178	-0.118005116470369	-0.144154612579143	-0.169148046553486	-0.119425485576985	-0.121062857496845	-0.126433003402836	-0.166982813684702	-0.115726714666515	-0.198319687934956	-0.177010596729809	-0.158800746182768	-0.145479671781284	-0.170316044986149	-0.146622122139251	-0.175245393196547	-0.190813190174892	-0.157159657130825	-0.147986950360712	-0.137445138214594	0	-0.123138556695302	-0.152109901716696	-0.196840870604242	-0.123001200979952	-0.136407509576402	-0.163650671096586	-0.130888167308233	-0.191409867463432	-0.168271669198048	-0.148930242126443	-0.119468750762474	-0.140403349771995	-0.12581755428654	-0.165228377151815	-0.187247017558639	-0.0997427664442431	-0.0814933336794259	-0.13762758867264	-0.110895762361562	-0.147325299711373	-0.170589227806102	-0.151385261437826	-0.168987754673693	-0.158976809439599	-0.139905222454892	-0.183242631793094	-0.146962226102717	-0.12055241965059	-0.187475704223047	-0.138376123100225	-0.193223026356219
700110161	-0.207283948001284	-0.125278129782673	-0.10505640819054	-0.23500420575342	-0.163334126591264	-0.116228678474611	-0.216905328268776	-0.0989312634881676	-0.188280795003592	-0.0846080301770331	-0.127160070420554	-0.144269998738352	-0.0976866626937649	-0.111143541812092	-0.105099024697877	-0.16693099779005	-0.100769854764293	-0.145497165554481	-0.193492149394775	-0.180576485335894	-0.196341270890025	-0.157908717300087	-0.178888922036368	-0.19870919597284	-0.217630288472802	-0.183349165834444	-0.117057683433552	-0.127057333466607	-0.123138556695302	0	-0.122474167387901	-0.178067259719682	-0.133926086205513	-0.0894529661458323	-0.194601807189811	-0.160180800130959	-0.158915639951359	-0.111797617727236	-0.180352757003892	-0.13131977310999	-0.160696390856296	-0.0922836489370058	-0.163984952015187	-0.169520581543978	-0.119842336307668	-0.14614571437511	-0.147638883786679	-0.0991876172271399	-0.118633274717565	-0.128915132535158	-0.151124319723636	-0.202269460752195	-0.205913995040228	-0.146607056373099	-0.235423558277452	-0.110052741316676	-0.156915433664101	-0.213890785589873	-0.124021676755004	-0.20212785578325
700023496	-0.18690989085728	-0.123494341605754	-0.0973798358223773	-0.244691695219936	-0.152964941373042	-0.073623370524416	-0.200733058135503	-0.119458788345653	-0.171361965913273	-0.0933084506777074	-0.100029333778076	-0.113301717375465	-0.118159241117904	-0.10271699842174	-0.132927768572864	-0.141262046858161	-0.0918785865157969	-0.0977865572780474	-0.16144217881296	-0.183616668703196	-0.164049311669557	-0.119491117771562	-0.169631806209475	-0.17658685903098	-0.195959987436379	-0.191616078092823	-0.107598409721521	-0.178589918287048	-0.152109901716696	-0.122474167387901	0	-0.151408158388584	-0.106813993475427	-0.0788391560984622	-0.188814896946637	-0.142728278680847	-0.1293881009362	-0.107045578907626	-0.169580521573151	-0.143319731114078	-0.125830372936877	-0.0992769892346285	-0.120892635904146	-0.161756876715785	-0.0945945446558838	-0.125950497591018	-0.11522848300782	-0.103773662729298	-0.0738108073229758	-0.114742095403323	-0.120981660874259	-0.204608872400829	-0.204794999224468	-0.106346551499436	-0.217154096124927	-0.101959820286574	-0.141328360652891	-0.208256304814728	-0.120468159070656	-0.187980078505736
700034628	-0.138523042803854	-0.156792071372901	-0.139648770249101	-0.211813164131896	-0.188329045097046	-0.167730549684546	-0.125599405261561	-0.182190015822621	-0.105125895134686	-0.178726131283169	-0.0971884823602599	-0.132261898840374	-0.167346673391842	-0.171143436315574	-0.175518149306113	-0.115748607776338	-0.175345666604406	-0.162403483989266	-0.120935433415707	-0.140429635940407	-0.118266113585738	-0.0758576589409767	-0.151854380467889	-0.163980029731826	-0.108114537883428	-0.199190691349735	-0.174848762227385	-0.182738555646742	-0.196840870604242	-0.178067259719682	-0.151408158388584	0	-0.108271634011679	-0.148973004049215	-0.189997136080294	-0.100107679526355	-0.165969618343372	-0.181412281000134	-0.15085732537067	-0.206157833236339	-0.146132290621047	-0.140674762293337	-0.140369306818401	-0.0827113513927137	-0.140824266227452	-0.1703345407016	-0.146549598033348	-0.157495093701396	-0.163117758766361	-0.100604355988107	-0.121894563115838	-0.155947393464664	-0.156458409778766	-0.116307122147923	-0.178093121875653	-0.134565972731749	-0.139099964960549	-0.132139636024414	-0.115731861250995	-0.10078604859165
700023645	-0.129978477581876	-0.107503103262925	-0.11419120112827	-0.183690509832472	-0.135343778883166	-0.141169148007651	-0.139426315439283	-0.139265992867766	-0.122114614102178	-0.122766746397448	-0.0641193308332958	-0.116142195782903	-0.123808672151142	-0.110210737800669	-0.146812185303084	-0.0839291246854366	-0.122549598297338	-0.144657895458838	-0.118067205278436	-0.119072748358905	-0.113968240821267	-0.0751830927773795	-0.124761011072028	-0.136729459823407	-0.141829820765768	-0.151009777199156	-0.121027856420804	-0.132177198712618	-0.123001200979952	-0.133926086205513	-0.106813993475427	-0.108271634011679	0	-0.0943332926333485	-0.158275753388401	-0.100534101442944	-0.131287563712354	-0.157742830496899	-0.116280761475363	-0.163736335572161	-0.0900719167273715	-0.0963333129301403	-0.108627390618877	-0.107344582419984	-0.0844429408533949	-0.113700055200958	-0.0993079375436618	-0.10950414928572	-0.112233011532339	-0.106239170012617	-0.0855186073999671	-0.137598997772401	-0.14500053470697	-0.0938223180584907	-0.171359639650063	-0.0983855518504035	-0.115133955678638	-0.137916670723253	-0.0994767041129472	-0.135308766078197
700038744	-0.186868366142173	-0.135230964131422	-0.0679593125504684	-0.236452945694163	-0.160581048853017	-0.0747859234584024	-0.199905675078435	-0.106353280126537	-0.171448202521711	-0.0794030913064646	-0.0874742308607834	-0.0977991633775842	-0.0931281565652646	-0.101981969221737	-0.113246568344143	-0.135274331753634	-0.0964112803730516	-0.102294944634089	-0.171541823905947	-0.179184533884963	-0.176304924428011	-0.11378831422529	-0.173372983951438	-0.177989585284952	-0.194806419998934	-0.188439248465838	-0.101446066038037	-0.157078492983869	-0.136407509576402	-0.0894529661458323	-0.0788391560984622	-0.148973004049215	-0.0943332926333485	0	-0.188313929138883	-0.142322152073581	-0.136021576131032	-0.0971001203386511	-0.168031702434654	-0.12883878719557	-0.136739504296795	-0.0668254482813563	-0.134109364081401	-0.154266307465636	-0.0940386116178765	-0.125016479429683	-0.132000344309047	-0.0816653066663161	-0.090683408513614	-0.0944197227240454	-0.110446131027473	-0.206070945686466	-0.204665642107385	-0.116645064997076	-0.224627499723296	-0.0803261061912632	-0.15135151555945	-0.205818789757104	-0.0976991768833253	-0.187227707627294
