700108602	700014971	700033565	700109389	700023058	700023927	700106341	700114221	700023543	700023439	700016978	700024192	700113058	700099448	700109870	700033928	700023693	700109627	700095416	700110425	700111580	700111302	700098605	700111991	700108960	700024452	700032931	700095837	700024548	700110161	700023496	700034628	700023645	700038744	700038485	700024743	700099596	700110760	700101587	700106399	700032322	700095653	700021312	700101230	700023590	700038905	700033136	700023382	700096424	700105469	700016908	700096053	700108479	700109569	700033814	700016125	700109756	700102665	700101777	700109455
700108602	0	0.263411006268295	0.341073168695771	0.209017408262734	0.21710100130601	0.29817939973742	0.106689930075892	0.326745169040091	0.12150333503602	0.283553935321934	0.213761882025255	0.346323297623521	0.316178414509274	0.246973008197596	0.333516790465418	0.198929015291902	0.312889827082503	0.286850146189386	0.145324490739487	0.106945022314768	0.162608326921858	0.254789324677426	0.130900376823878	0.0894922698379593	0.160863445531127	0.211246574648944	0.235072235291356	0.320301230092118	0.27864286073546	0.321035262883967	0.267881994403325	0.249810178646863	0.232454799013304	0.275691845565851	0.190036841901664	0.161217723561261	0.225100519014351	0.310567978336009	0.111062165631555	0.344055148506472	0.140148775957947	0.336933521375702	0.220317553270298	0.193293722722143	0.299288795189858	0.200983850165699	0.20541723945658	0.300864469844493	0.23496084999674	0.312680215322383	0.290059886998027	0.107782462098937	0.103460380912679	0.160271328180852	0.113434995003272	0.304625382913417	0.163470371130308	0.11393709942473	0.29641542139011	0.155438574903451
700014971	0.263411006268295	0	0.31308390513789	0.353754037452748	0.154220406491965	0.222807917548237	0.284711387150314	0.164270453461315	0.245834420931288	0.20963148393125	0.198412534521063	0.308327214633852	0.19807082432814	0.160502563941025	0.243205342022054	0.252960879382032	0.166045085865316	0.262495709688647	0.249652035842148	0.239907255188818	0.257074173170981	0.246654001998517	0.22023508928494	0.250789389736315	0.331056416715719	0.212854829778897	0.155365811550307	0.19231660828146	0.12256572741305	0.179719748394857	0.206205385439416	0.267232381760864	0.176924185255217	0.182317523358365	0.192066906272269	0.197660116402174	0.242138023344454	0.2552283348152	0.216228865067705	0.172223559156205	0.189021604913848	0.197237764593154	0.201598115090222	0.255667198224108	0.142884433875461	0.17787855310655	0.140241618292813	0.201336569641844	0.194186178299051	0.283232722553691	0.301554645380205	0.254365614192573	0.268523692931724	0.214909628683459	0.307171709295162	0.182587925078013	0.231022492473463	0.280035126985322	0.257971642675457	0.272330722823564
700033565	0.341073168695771	0.31308390513789	0	0.448241658065676	0.316251706779486	0.134982141422531	0.315519436945385	0.201537820916184	0.301122210099564	0.146543375283946	0.188366769938441	0.0643985238806479	0.178042035877156	0.232957027528543	0.18592636151865	0.174490800080953	0.212415430520969	0.168970135015859	0.24911128933502	0.322687651204418	0.255296847065033	0.118181895528228	0.35231343374656	0.310158495867817	0.267994776791162	0.373165818407248	0.255042366545547	0.394934726263175	0.314903734991468	0.194114901703585	0.173770647160878	0.160973448198434	0.194603336020817	0.166123968972848	0.368205904564509	0.262955260791043	0.28820011851791	0.161220239068797	0.319678251484922	0.262337570670682	0.280360658975048	0.148544882020302	0.216951276972259	0.234543844862017	0.228286329236799	0.250801328933111	0.259193491332849	0.172180170004868	0.183534830380531	0.062188427810042	0.111523506028905	0.351724063495329	0.360206763180078	0.226530013959164	0.407343854929725	0.163752607917725	0.243774476792939	0.317481585777018	0.0909234614421361	0.291688652103867
700109389	0.209017408262734	0.353754037452748	0.448241658065676	0	0.336578051417278	0.419619875835201	0.231425960582353	0.423382339431162	0.288379626526375	0.408494325508504	0.344641233989152	0.45127777787636	0.415715122380642	0.370561295885656	0.428015870234168	0.334785537812331	0.415792238782292	0.419077224857753	0.322106930595785	0.208880776713766	0.293958914669817	0.385462558748985	0.203183659275203	0.260406381004751	0.27429680752236	0.284569860729616	0.36928906784883	0.404693456941994	0.355910703908217	0.416125451357311	0.400232311954777	0.384449184744825	0.35561419390108	0.390019489405217	0.273114574724084	0.291733146831513	0.373172595173657	0.435141505413479	0.249986876668176	0.410162029393167	0.27206643266159	0.42878252256353	0.354262499231275	0.329676991032588	0.391764534184594	0.327471929038957	0.330459212601559	0.403970095505756	0.371249821817933	0.426153083742246	0.41214956337327	0.192671229305284	0.158424828692998	0.316674764641511	0.199156954803925	0.408706213353337	0.2637256998998	0.225231125819223	0.407047843575159	0.278974714202624
700023058	0.21710100130601	0.154220406491965	0.316251706779486	0.336578051417278	0	0.221109097783525	0.24564908418687	0.20928526049422	0.206262574554863	0.217559095205519	0.185831534218053	0.316359015409429	0.235977060658073	0.147705700652468	0.269470310286731	0.210843009273542	0.205325866515303	0.215358041049829	0.198098409503083	0.20855429979062	0.241094455199671	0.251690575711209	0.229399530747636	0.187629450621718	0.307660254082033	0.188443608624823	0.14522975731061	0.252730512625242	0.193460051838173	0.22032791361023	0.199177388699385	0.270525752521265	0.180061173885988	0.194384297458665	0.169911662621047	0.203394445563392	0.153775531692795	0.216726672323233	0.166176776470448	0.255938775706704	0.14828122077711	0.246665409815558	0.167764637498919	0.248305208918119	0.195391278252451	0.186310303221292	0.127280532101836	0.234948298763959	0.178202832361829	0.294489487028865	0.283911456555891	0.215907869973757	0.233924478884079	0.186207961900482	0.259296702941012	0.223510832289023	0.231224241545156	0.241627584844872	0.265499890800865	0.246113682394086
700023927	0.29817939973742	0.222807917548237	0.134982141422531	0.419619875835201	0.221109097783525	0	0.298371474289638	0.131926763990098	0.266528653768609	0.0780943191846628	0.126724328956644	0.144488414232614	0.117963474919347	0.128009121147695	0.162816278499761	0.159402999311637	0.128376330653464	0.0857253320128333	0.219671440469201	0.275028350513927	0.233382665962481	0.148265024534207	0.296400013086911	0.252749650152984	0.273234893349648	0.316852655663612	0.167935517180917	0.335459049446542	0.235539374185731	0.133121753872855	0.0681872096891072	0.177179498029146	0.125008993510679	0.0697098195467312	0.304410358702003	0.201817319332768	0.221391268696513	0.114710242978977	0.270553851704651	0.193399252281628	0.20787942652738	0.0971630164518047	0.137587258588166	0.209193054450551	0.149308717876938	0.176962966548447	0.185880873441784	0.115528200340732	0.0932209399007984	0.134285563788145	0.181384469424439	0.312604278432235	0.319405677874802	0.188595231798639	0.360348270230314	0.101320214360823	0.208928528731979	0.279145504789359	0.129446193895581	0.268332769327846
700106341	0.106689930075892	0.284711387150314	0.315519436945385	0.231425960582353	0.24564908418687	0.298371474289638	0	0.318576084563558	0.10400697465896	0.281029447880701	0.201996866636384	0.310990167777768	0.301366990992127	0.260407965949612	0.329003789239911	0.193228741499668	0.314159719602134	0.301184608942668	0.135663178148298	0.114818027555846	0.131176976904177	0.223197872216024	0.159682448703855	0.127177280216195	0.106173206449343	0.281523915284385	0.289087332678304	0.360059986266447	0.305330006732094	0.320298564094441	0.266602942922452	0.187626089771831	0.23007457962605	0.272900715702156	0.250495659458939	0.134080843652959	0.267096562206925	0.302680903046124	0.125758774139306	0.355921928639818	0.153003565971883	0.315832784842898	0.211880656872652	0.148195780119525	0.280744232870569	0.24523795594332	0.212572333720398	0.280750521914116	0.235993708528427	0.278201904675073	0.281149408648083	0.112128183378175	0.114364097412659	0.142369316385163	0.155855290028107	0.288536426579008	0.160328848043574	0.0895527569499774	0.270006281890502	0.0755212935526124
700114221	0.326745169040091	0.164270453461315	0.201537820916184	0.423382339431162	0.20928526049422	0.131926763990098	0.318576084563558	0	0.28999842735857	0.0959403619982662	0.199633752347947	0.214299069958545	0.0798913714370754	0.138099333565007	0.125742455458418	0.237868563559581	0.0616661958546507	0.206906073293113	0.264018437660629	0.271228976187123	0.27109440581747	0.222125346503999	0.308954800054405	0.285431917088809	0.35120810348148	0.305476625640578	0.171186860846047	0.282549430233066	0.173992792044471	0.096090821257004	0.157229091531912	0.246607081022748	0.16753822870666	0.129236109372415	0.293344049620224	0.2255783311655	0.259487768946377	0.132609961006013	0.266654421862749	0.125078431027519	0.213762405704398	0.0967078739041589	0.193937084274644	0.268595745193334	0.108902617350889	0.184484692412638	0.166591389422874	0.101176591597938	0.169081580296889	0.208549217169222	0.266674291023985	0.305315609282143	0.323284851800427	0.233391558098343	0.391233911078604	0.085300707342114	0.215501713092638	0.318836083090745	0.188433134976489	0.300498274794645
700023543	0.12150333503602	0.245834420931288	0.301122210099564	0.288379626526375	0.206262574554863	0.266528653768609	0.10400697465896	0.28999842735857	0	0.246124329131563	0.175353384237645	0.308831597681233	0.281285786261031	0.229265792569142	0.304215146373908	0.165710697479065	0.279751105783103	0.265192962297755	0.114025324838416	0.157233603707195	0.158387037522016	0.21598189368421	0.181652432663953	0.105414147118399	0.169815407188713	0.252167577353222	0.23464598235059	0.32496291162797	0.301758613356217	0.283058148703545	0.23345440016318	0.188640608381551	0.210281891993257	0.241090728804422	0.215736239737125	0.142080322887283	0.21416621049717	0.274878148023287	0.0991064677420775	0.331532240013673	0.142363095640315	0.299588999134124	0.191869864461172	0.104986770213904	0.269489503322427	0.228088180917177	0.175820482634553	0.265554299870848	0.216848501665035	0.269484000752846	0.261041707285927	0.13882627714304	0.160286197856918	0.128551214683579	0.184042646717735	0.270568643719996	0.186649438127699	0.121064560123477	0.260922327924881	0.112354327518342
700023439	0.283553935321934	0.20963148393125	0.146543375283946	0.408494325508504	0.217559095205519	0.0780943191846628	0.281029447880701	0.0959403619982662	0.246124329131563	0	0.167103856006886	0.179331960181795	0.0798534601368972	0.13189052827126	0.125676391048273	0.191885340156352	0.104561060665676	0.138418981624281	0.214537648677527	0.26347338782246	0.229793170165601	0.181368459479813	0.275230927728482	0.244136573240396	0.304447789175153	0.311370041320966	0.1612431172947	0.329413897833198	0.221501181305942	0.0989322013919514	0.0980877403963536	0.205284835112646	0.150230365574244	0.101538250831547	0.296642222245455	0.197787080021252	0.212197462639542	0.0836280414826716	0.258526852745713	0.164729018065404	0.193181390974793	0.115274649422823	0.148366813481049	0.226265325980014	0.141322404655998	0.152246343033582	0.163987855390467	0.0958997149327603	0.100499913056462	0.160358414699451	0.210414998021958	0.301187516374891	0.308618796072816	0.173236750254829	0.349655599492097	0.087253435974795	0.185647637280581	0.277538258982016	0.135900649615002	0.255675532231484
700016978	0.213761882025255	0.198412534521063	0.188366769938441	0.344641233989152	0.185831534218053	0.126724328956644	0.201996866636384	0.199633752347947	0.175353384237645	0.167103856006886	0	0.186376221062827	0.184244116671758	0.160270575734541	0.232394191842704	0.0951288018854833	0.195888520663969	0.135049801823534	0.140901223236286	0.180017752675631	0.157721377999447	0.103347109743957	0.245031489270028	0.167813120575064	0.174510557251318	0.2729808607432	0.182875178728436	0.283668108383836	0.237011377839148	0.197185070217374	0.118807949495327	0.119492251097542	0.0803276347697299	0.106125046030551	0.245927314117753	0.113917272240175	0.198433527170372	0.21169052221693	0.171837626349701	0.247479834988724	0.149833895181352	0.14832215160072	0.111170528806097	0.120063920014904	0.157339098726789	0.19041331615627	0.143952226638404	0.15844903634123	0.131917616795267	0.165789481159401	0.161514182663914	0.216716039188499	0.221109622797192	0.116258177274202	0.284814397600325	0.150318862383044	0.174985532669068	0.184495746937917	0.15468163442143	0.185433441471399
700024192	0.346323297623521	0.308327214633852	0.0643985238806479	0.45127777787636	0.316359015409429	0.144488414232614	0.310990167777768	0.214299069958545	0.308831597681233	0.179331960181795	0.186376221062827	0	0.199060898053191	0.245081309850106	0.197175534402294	0.177511992041176	0.216087833336893	0.174548293255485	0.25214290995595	0.319184051734988	0.247157361965601	0.12253706077431	0.350908492046215	0.320620206451345	0.279979909961158	0.384941071739561	0.272704069028861	0.391749640024661	0.309001761118493	0.232680532748276	0.173423816423122	0.16424083449119	0.193206134122633	0.174306473890921	0.381245570806329	0.262972547263959	0.29547903078361	0.177651443827959	0.328781447083317	0.261831627559577	0.279975598624772	0.150990200584953	0.218291228026775	0.234417456795132	0.204814646905706	0.250510560522698	0.251112288075255	0.168384947951	0.191539259619156	0.0737685192257147	0.111189453662479	0.357649035063055	0.361720342475555	0.236163102481738	0.41998199459548	0.169619836443573	0.238079646332741	0.322615023859332	0.116333639942708	0.293667149990226
700113058	0.316178414509274	0.19807082432814	0.178042035877156	0.415715122380642	0.235977060658073	0.117963474919347	0.301366990992127	0.0798913714370754	0.281285786261031	0.0798534601368972	0.184244116671758	0.199060898053191	0	0.145704739470115	0.1163096639466	0.224765404621756	0.0987032057594329	0.188374322471831	0.253342869171732	0.261426278455201	0.271001670325022	0.209180136036959	0.314329136945674	0.279596997838428	0.334742800779482	0.325905378321003	0.180329095267714	0.298023936107952	0.2098114172505	0.0936256435800127	0.143793679445531	0.235442183529593	0.155373795992018	0.115119616218839	0.316781203454934	0.217123805791943	0.257553096143444	0.133915619655107	0.264098207604743	0.146302412663091	0.211486228382142	0.0961560936963586	0.192978469933313	0.254832033309706	0.134432434046023	0.196216264773098	0.195860250826974	0.101070794606782	0.156771120612908	0.184409434743939	0.248578328752512	0.30269719508418	0.313623717758354	0.231403164738725	0.386499379758966	0.0717421954013687	0.215354745522749	0.305131647204565	0.171594350823158	0.284485532087294
700099448	0.246973008197596	0.160502563941025	0.232957027528543	0.370561295885656	0.147705700652468	0.128009121147695	0.260407965949612	0.138099333565007	0.229265792569142	0.13189052827126	0.160270575734541	0.245081309850106	0.145704739470115	0	0.193853631468754	0.188343018987225	0.130347292981756	0.15656339677856	0.18174812802441	0.214714227855258	0.215992496739165	0.203373136113696	0.244541202029529	0.18921081008059	0.286029044825224	0.233350817259794	0.109345693061815	0.273568086326751	0.166235827419532	0.12844741266017	0.129489808860613	0.231463345991373	0.122420705370518	0.10823578400564	0.227522474303419	0.173470988331867	0.179298641951143	0.150750949244154	0.21128645738474	0.189361898123766	0.155182419522957	0.153937487244209	0.122189207607684	0.226566524563043	0.12595818147709	0.140871085201344	0.128326033860471	0.154955507812378	0.0965786999559545	0.21455117366017	0.234723615487269	0.247595213612174	0.269530808428641	0.163462839281329	0.291587308482014	0.140753521691508	0.171261949766497	0.243986806894518	0.18654883870399	0.243442670426562
700109870	0.333516790465418	0.243205342022054	0.18592636151865	0.428015870234168	0.269470310286731	0.162816278499761	0.329003789239911	0.125742455458418	0.304215146373908	0.125676391048273	0.232394191842704	0.197175534402294	0.1163096639466	0.193853631468754	0	0.258728341449406	0.118803156617993	0.235708565288632	0.283725473375886	0.302443018822421	0.265963530474286	0.242209842774974	0.318639641142101	0.310046224571643	0.359537194218317	0.356596403525819	0.220536522985243	0.35032940090934	0.225519296156698	0.139006900363295	0.196498013532574	0.262193586029346	0.211882982055475	0.177393163673796	0.350259419355044	0.25983439538939	0.282674480512483	0.120266051975319	0.300923703744785	0.159064046720092	0.25660581865129	0.13413548776282	0.239512413097982	0.285204673668127	0.163026213943314	0.186231653806878	0.206667611703756	0.103211178029309	0.196898192389114	0.19341617622189	0.272958819039803	0.33546602089447	0.33757967670894	0.257296984841039	0.398107531728444	0.119497550026649	0.22782804040858	0.334197972317101	0.187385464778861	0.316358526300874
700033928	0.198929015291902	0.252960879382032	0.174490800080953	0.334785537812331	0.210843009273542	0.159402999311637	0.193228741499668	0.237868563559581	0.165710697479065	0.191885340156352	0.0951288018854833	0.177511992041176	0.224765404621756	0.188343018987225	0.258728341449406	0	0.231091788956767	0.15128095951361	0.132183182023127	0.203334645183536	0.146184444188167	0.0929030052899507	0.247529722808356	0.161920853285338	0.172966023238159	0.266226674525969	0.222795368229107	0.32082754862327	0.272985985493155	0.230431673011118	0.150653356899208	0.109585840702004	0.10862232634588	0.146189587698731	0.25335481240565	0.172553948971526	0.214814027146197	0.22506674028569	0.18320699769479	0.284353936287247	0.155286037807509	0.185965936586127	0.127333183903187	0.136555848933819	0.190873997463705	0.198388720102487	0.153516784679415	0.198461538404417	0.150812314159018	0.14346108100048	0.135864908660023	0.217511149444093	0.227837679823338	0.129975352953353	0.281979170125686	0.191296401182199	0.178434715391602	0.173441264744821	0.134630230554499	0.17746607059775
700023693	0.312889827082503	0.166045085865316	0.212415430520969	0.415792238782292	0.205325866515303	0.128376330653464	0.314159719602134	0.0616661958546507	0.279751105783103	0.104561060665676	0.195888520663969	0.216087833336893	0.0987032057594329	0.130347292981756	0.118803156617993	0.231091788956767	0	0.195713312388559	0.257020424480198	0.265687006524319	0.242637498403493	0.220323056740224	0.292441204310071	0.274993841741113	0.34559154486492	0.30155978351255	0.160080743011741	0.293349920122208	0.154469914770768	0.103436265698559	0.144360583576719	0.246791798748047	0.158406623652882	0.121804070245265	0.288745902288156	0.221778501020114	0.242570061142228	0.139281435608126	0.253335222227033	0.107992210115423	0.208524086571955	0.111213411567125	0.182253808070923	0.263371778403617	0.098327568593595	0.148224557597767	0.141706328425551	0.0914754406203502	0.154224685183106	0.212164435021633	0.262324454267538	0.302095199105855	0.313364095249554	0.222002055455862	0.374178641336741	0.0911434092506436	0.204581568016188	0.309429947561398	0.192702808937843	0.294552824384477
700109627	0.286850146189386	0.262495709688647	0.168970135015859	0.419077224857753	0.215358041049829	0.0857253320128333	0.301184608942668	0.206906073293113	0.265192962297755	0.138418981624281	0.135049801823534	0.174548293255485	0.188374322471831	0.15656339677856	0.235708565288632	0.15128095951361	0.195713312388559	0	0.221425869867315	0.270605974661767	0.247311778457953	0.151350780939925	0.31132294744749	0.232963056853318	0.259523343976923	0.309708303575533	0.182061758420101	0.342463341748091	0.291511764765872	0.189216398470365	0.0902129445006288	0.187191504794972	0.145230710384564	0.123794972202667	0.302350738148152	0.213778758169618	0.184839566215755	0.149949793201458	0.272027331168884	0.262407546530881	0.2275627470144	0.167351857279877	0.14796508619681	0.199564541753377	0.202385914730289	0.218503746008241	0.20601538371231	0.185695260558406	0.115909949278889	0.170583174183239	0.170882449773582	0.314154546242649	0.32271950047211	0.204809201369844	0.32971618160572	0.170784771572237	0.240771850858322	0.274948282884398	0.164438551326921	0.280057855454177
700095416	0.145324490739487	0.249652035842148	0.24911128933502	0.322106930595785	0.198098409503083	0.219671440469201	0.135663178148298	0.264018437660629	0.114025324838416	0.214537648677527	0.140901223236286	0.25214290995595	0.253342869171732	0.18174812802441	0.283725473375886	0.132183182023127	0.257020424480198	0.221425869867315	0	0.182092057621901	0.114362615952602	0.161169959175441	0.206534870682838	0.113356072432728	0.158752147149781	0.244945913121933	0.210298826316972	0.337570902469276	0.271300030206626	0.264319513000615	0.185442610540796	0.1406944023577	0.154519693967452	0.200997899242273	0.216377107255585	0.145954679595677	0.200289820673683	0.232679967974727	0.140459165951741	0.3108967703854	0.130329603958676	0.259643775928697	0.132870634867766	0.14024155887352	0.228049662881568	0.188447559324698	0.152023399247348	0.230053900532067	0.163612904637082	0.217140396848752	0.209615288643147	0.188925894098641	0.19702045615897	0.0683025879351511	0.217398812551367	0.230120036387721	0.159116316399513	0.149101613239122	0.203506751984869	0.132202387565763
700110425	0.106945022314768	0.239907255188818	0.322687651204418	0.208880776713766	0.20855429979062	0.275028350513927	0.114818027555846	0.271228976187123	0.157233603707195	0.26347338782246	0.180017752675631	0.319184051734988	0.261426278455201	0.214714227855258	0.302443018822421	0.203334645183536	0.265687006524319	0.270605974661767	0.182092057621901	0	0.161734108000765	0.233079868788678	0.153649062658663	0.120704251608568	0.149995506745444	0.241239168759105	0.238453116090114	0.29426958965856	0.25803787443736	0.267844452264955	0.24504019801784	0.24322301354177	0.19093122032581	0.236563836486776	0.211791573694795	0.126287219619134	0.240217685970877	0.300183985995675	0.123697646226833	0.312901394714364	0.125460004698323	0.274948107319603	0.187280502438273	0.174415646956605	0.238973485740899	0.224790184737757	0.172042661835925	0.257032335451725	0.223587268769255	0.289590675521594	0.282018172033201	0.0863814489032429	0.0861633125107402	0.170640052458108	0.17585939992164	0.25111378202867	0.126484035486813	0.106544777353717	0.277126109664766	0.153318847470886
700111580	0.162608326921858	0.257074173170981	0.255296847065033	0.293958914669817	0.241094455199671	0.233382665962481	0.131176976904177	0.27109440581747	0.158387037522016	0.229793170165601	0.157721377999447	0.247157361965601	0.271001670325022	0.215992496739165	0.265963530474286	0.146184444188167	0.242637498403493	0.247311778457953	0.114362615952602	0.161734108000765	0	0.167271452970826	0.189591764727861	0.148964881036576	0.126823728549805	0.294433379817448	0.270114276867233	0.368590919437864	0.241316181984579	0.284287933040719	0.195642103135448	0.154942921960503	0.172173874540904	0.21364590820107	0.266716070209452	0.145151456036695	0.261877033499414	0.242744472770996	0.169718772420913	0.292844118247751	0.140827851040666	0.241690260019477	0.159846121711398	0.143465356116877	0.199413228391436	0.175905069357536	0.15861647679862	0.205690266493514	0.175188439114665	0.21205777521658	0.222871822650319	0.171759507944706	0.196161924690861	0.0973093780832717	0.241507788670652	0.220744936409784	0.110342784456752	0.125295142626333	0.191825933602681	0.117040854420018
700111302	0.254789324677426	0.246654001998517	0.118181895528228	0.385462558748985	0.251690575711209	0.148265024534207	0.223197872216024	0.222125346503999	0.21598189368421	0.181368459479813	0.103347109743957	0.12253706077431	0.209180136036959	0.203373136113696	0.242209842774974	0.0929030052899507	0.220323056740224	0.151350780939925	0.161169959175441	0.233079868788678	0.167271452970826	0	0.288775033527905	0.226209952728382	0.187071185990981	0.317968260780861	0.230510101445851	0.335949399513536	0.292542511686328	0.225574775743265	0.14649179558889	0.079136754169378	0.120004642342683	0.139035150042321	0.300671907523179	0.181021883996649	0.227831233155906	0.205481602131158	0.240842797646569	0.267673541781048	0.214626998813309	0.164249663553251	0.148013831463694	0.151174134487475	0.18806336866854	0.22854097097419	0.188723637355339	0.170909501622297	0.148542915859389	0.081582844435725	0.106272302427797	0.27063736728289	0.279817187618001	0.145751864295934	0.337199673619552	0.170369900110766	0.189359955912529	0.232529591608807	0.0960205854931392	0.211888239144979
700098605	0.130900376823878	0.22023508928494	0.35231343374656	0.203183659275203	0.229399530747636	0.296400013086911	0.159682448703855	0.308954800054405	0.181652432663953	0.275230927728482	0.245031489270028	0.350908492046215	0.314329136945674	0.244541202029529	0.318639641142101	0.247529722808356	0.292441204310071	0.31132294744749	0.206534870682838	0.153649062658663	0.189591764727861	0.288775033527905	0	0.167466358527471	0.217476951868234	0.24881690968036	0.239537707869087	0.333471331781572	0.259364248747991	0.319976371102576	0.266516447066864	0.278331141991007	0.252432745707853	0.276803921703987	0.211702840586066	0.187350405465591	0.256818411870278	0.298343163083251	0.171800621521946	0.304564547953764	0.16238914141259	0.324664875735968	0.238792182589091	0.230767401277855	0.289075661233719	0.18893913641098	0.19687943245285	0.287847557218691	0.244030315505764	0.324701551404484	0.316445442307715	0.176560013415008	0.13981789027096	0.190530256639488	0.144767999092823	0.29077505190297	0.182774408786122	0.185826022808584	0.295461350608063	0.170290395511036
700111991	0.0894922698379593	0.250789389736315	0.310158495867817	0.260406381004751	0.187629450621718	0.252749650152984	0.127177280216195	0.285431917088809	0.105414147118399	0.244136573240396	0.167813120575064	0.320620206451345	0.279596997838428	0.18921081008059	0.310046224571643	0.161920853285338	0.274993841741113	0.232963056853318	0.113356072432728	0.120704251608568	0.148964881036576	0.226209952728382	0.167466358527471	0	0.176040625740592	0.194734915825286	0.206078122200436	0.309667361273849	0.27290830464393	0.276112279855938	0.223226753165259	0.219043438756154	0.19175601484353	0.229540222382726	0.171577475633797	0.125932217910916	0.197826158492551	0.270526947278568	0.0948314533465166	0.332696292116012	0.110193975427155	0.293807961565725	0.17283841995289	0.160555794555418	0.25489388619318	0.197086330383953	0.159249197890845	0.261418787665319	0.205846231027342	0.28416542013365	0.259744394389968	0.124617601786271	0.141905929269801	0.126827649389418	0.144620486032964	0.267690641882399	0.168361668070397	0.112420650924473	0.268212291050707	0.146519695254505
700108960	0.160863445531127	0.331056416715719	0.267994776791162	0.27429680752236	0.307660254082033	0.273234893349648	0.106173206449343	0.35120810348148	0.169815407188713	0.304447789175153	0.174510557251318	0.279979909961158	0.334742800779482	0.286029044825224	0.359537194218317	0.172966023238159	0.34559154486492	0.259523343976923	0.158752147149781	0.149995506745444	0.126823728549805	0.187071185990981	0.217476951868234	0.176040625740592	0	0.336629553541768	0.323323572191892	0.403268919006831	0.33629957437239	0.339891425397662	0.260401257538317	0.148862350115818	0.221051306369143	0.26212648409808	0.309910734192572	0.162952282439686	0.303670805312576	0.325118773199523	0.18992753371546	0.388483825530077	0.208791587264227	0.291504667082273	0.218509206379706	0.139373207196042	0.298354190061585	0.28304842827614	0.252426554822666	0.30244872348875	0.240704088609967	0.2398844840878	0.231683697666415	0.164716634659478	0.159269761059812	0.153798502871229	0.205143569092487	0.301386541289396	0.17111518444982	0.11274579442042	0.225715573946538	0.121488767745557
700024452	0.211246574648944	0.212854829778897	0.373165818407248	0.284569860729616	0.188443608624823	0.316852655663612	0.281523915284385	0.305476625640578	0.252167577353222	0.311370041320966	0.2729808607432	0.384941071739561	0.325905378321003	0.233350817259794	0.356596403525819	0.266226674525969	0.30155978351255	0.309708303575533	0.244945913121933	0.241239168759105	0.294433379817448	0.317968260780861	0.24881690968036	0.194734915825286	0.336629553541768	0	0.208740706113546	0.245737344268731	0.21703499273343	0.299203355969881	0.304977742304143	0.327183407577585	0.260249096098052	0.28561492808493	0.0740850227005637	0.246515069587716	0.263181838062419	0.327484945141895	0.186200349402415	0.317373577161762	0.195343036543887	0.339631604602738	0.253875122757288	0.290056758491967	0.289026205522608	0.213395927449991	0.215373443159226	0.328262220476755	0.267476184287135	0.360120217420301	0.34804802279391	0.206639271441861	0.239028188540375	0.252188930185437	0.211666714613344	0.316245532193633	0.263737998481555	0.258904305852835	0.333799219144763	0.300990475449245
700032931	0.235072235291356	0.155365811550307	0.255042366545547	0.36928906784883	0.14522975731061	0.167935517180917	0.289087332678304	0.171186860846047	0.23464598235059	0.1612431172947	0.182875178728436	0.272704069028861	0.180329095267714	0.109345693061815	0.220536522985243	0.222795368229107	0.160080743011741	0.182061758420101	0.210298826316972	0.238453116090114	0.270114276867233	0.230510101445851	0.239537707869087	0.206078122200436	0.323323572191892	0.208740706113546	0	0.25446029023829	0.18819421385841	0.170689246301984	0.171864523327308	0.264589785336456	0.159778011164537	0.142872646406224	0.209738752673333	0.196724537170268	0.161215629142567	0.174910869092812	0.210112201514878	0.191912527830582	0.180042599314491	0.201203963788244	0.16536923641669	0.247580358865854	0.180681947642866	0.141356620407284	0.148213806136195	0.176308118431577	0.145617673180599	0.237168525599248	0.263045982587036	0.271184706220769	0.264853659291815	0.205844805117602	0.265729244802386	0.164920818979267	0.226451936044911	0.281737480619708	0.21951303105723	0.281239460260421
700095837	0.320301230092118	0.19231660828146	0.394934726263175	0.404693456941994	0.252730512625242	0.335459049446542	0.360059986266447	0.282549430233066	0.32496291162797	0.329413897833198	0.283668108383836	0.391749640024661	0.298023936107952	0.273568086326751	0.35032940090934	0.32082754862327	0.293349920122208	0.342463341748091	0.337570902469276	0.29426958965856	0.368590919437864	0.335949399513536	0.333471331781572	0.309667361273849	0.403268919006831	0.245737344268731	0.25446029023829	0	0.205162604620378	0.26471601978824	0.328303747715567	0.368033364926529	0.275101996628429	0.28406622439731	0.24780438432577	0.293718242638211	0.307735412268487	0.366052074090149	0.285676451485359	0.297457987766206	0.278752816851512	0.30633847089126	0.303267426972092	0.330575424830121	0.253570675693927	0.301703154110557	0.268520985981626	0.315643564804212	0.313261750822305	0.377777178995916	0.373437817671667	0.314779230288765	0.322022801787037	0.330927142099902	0.367190839636971	0.299204126940837	0.341937886848972	0.349571281027529	0.357881672718077	0.368043057032307
700024548	0.27864286073546	0.12256572741305	0.314903734991468	0.355910703908217	0.193460051838173	0.235539374185731	0.305330006732094	0.173992792044471	0.301758613356217	0.221501181305942	0.237011377839148	0.309001761118493	0.2098114172505	0.166235827419532	0.225519296156698	0.272985985493155	0.154469914770768	0.291511764765872	0.271300030206626	0.25803787443736	0.241316181984579	0.292542511686328	0.259364248747991	0.27290830464393	0.33629957437239	0.21703499273343	0.18819421385841	0.205162604620378	0	0.183047898211362	0.24221964810347	0.31194869817923	0.202938487345856	0.202019882237244	0.213673399308649	0.225550067169185	0.286086701906081	0.247926576614979	0.24485678335073	0.166414061772818	0.202002055507065	0.203895542124386	0.225770873692759	0.302968800290157	0.134918791106149	0.12023026775135	0.1626407972641	0.197391283630129	0.211843991083184	0.304003082724611	0.325107931408262	0.269311474301411	0.280453585740367	0.236614076017206	0.319485471514627	0.20224778265713	0.206551607173566	0.298780025964708	0.267347496976024	0.303081719701345
700110161	0.321035262883967	0.179719748394857	0.194114901703585	0.416125451357311	0.22032791361023	0.133121753872855	0.320298564094441	0.096090821257004	0.283058148703545	0.0989322013919514	0.197185070217374	0.232680532748276	0.0936256435800127	0.12844741266017	0.139006900363295	0.230431673011118	0.103436265698559	0.189216398470365	0.264319513000615	0.267844452264955	0.284287933040719	0.225574775743265	0.319976371102576	0.276112279855938	0.339891425397662	0.299203355969881	0.170689246301984	0.26471601978824	0.183047898211362	0	0.156509669081486	0.254025776785137	0.167521576390784	0.120914884197451	0.287646003028166	0.226523363286356	0.251162948841349	0.13472514941934	0.263999984348972	0.158931162527923	0.223633904240015	0.115103069999102	0.18611308764976	0.262060706453266	0.126011023042768	0.205378683151657	0.192192978033035	0.136057544872787	0.150986921111912	0.213837063422193	0.256394336649862	0.294261963671796	0.325384399677751	0.229813479689051	0.381482348152272	0.112588701196368	0.229415227599826	0.304760709671758	0.196413458909958	0.303381513266752
700023496	0.267881994403325	0.206205385439416	0.173770647160878	0.400232311954777	0.199177388699385	0.0681872096891072	0.266602942922452	0.157229091531912	0.23345440016318	0.0980877403963536	0.118807949495327	0.173423816423122	0.143793679445531	0.129489808860613	0.196498013532574	0.150653356899208	0.144360583576719	0.0902129445006288	0.185442610540796	0.24504019801784	0.195642103135448	0.14649179558889	0.266516447066864	0.223226753165259	0.260401257538317	0.304977742304143	0.171864523327308	0.328303747715567	0.24221964810347	0.156509669081486	0	0.171325442750822	0.114299025085861	0.0924219577418426	0.281458673156225	0.182499863615341	0.193120209405888	0.141330534830274	0.241318506168395	0.209487932741979	0.176711895760003	0.136159388188136	0.100242043708228	0.188791314623058	0.141511623138129	0.170433198385383	0.148488510644227	0.13464795220376	0.0832145721277759	0.16048784671563	0.18017872694049	0.283494729174111	0.292245733204448	0.150838817819788	0.339151370464313	0.117598842309783	0.189701398673783	0.251584126287649	0.154356063058378	0.234656336468121
700034628	0.249810178646863	0.267232381760864	0.160973448198434	0.384449184744825	0.270525752521265	0.177179498029146	0.187626089771831	0.246607081022748	0.188640608381551	0.205284835112646	0.119492251097542	0.16424083449119	0.235442183529593	0.231463345991373	0.262193586029346	0.109585840702004	0.246791798748047	0.187191504794972	0.1406944023577	0.24322301354177	0.154942921960503	0.079136754169378	0.278331141991007	0.219043438756154	0.148862350115818	0.327183407577585	0.264589785336456	0.368033364926529	0.31194869817923	0.254025776785137	0.171325442750822	0	0.155260473450405	0.170900338200173	0.302245447227274	0.166298535281158	0.257075534588015	0.226267823776589	0.225853775617385	0.292425152739147	0.221085006146533	0.18957367431071	0.167956572545449	0.122135082970712	0.216454761625126	0.242216016820707	0.204898340106759	0.198050734690049	0.179795882857649	0.127121068407943	0.154852799337858	0.254082147546823	0.265852348580947	0.137267687069125	0.317507971186142	0.193990638290687	0.195860019573312	0.19655451990118	0.126421986015359	0.168181302971702
700023645	0.232454799013304	0.176924185255217	0.194603336020817	0.35561419390108	0.180061173885988	0.125008993510679	0.23007457962605	0.16753822870666	0.210281891993257	0.150230365574244	0.0803276347697299	0.193206134122633	0.155373795992018	0.122420705370518	0.211882982055475	0.10862232634588	0.158406623652882	0.145230710384564	0.154519693967452	0.19093122032581	0.172173874540904	0.120004642342683	0.252432745707853	0.19175601484353	0.221051306369143	0.260249096098052	0.159778011164537	0.275101996628429	0.202938487345856	0.167521576390784	0.114299025085861	0.155260473450405	0	0.0829087054351461	0.243611626524658	0.125348380731753	0.204185788005618	0.199200356885958	0.186428145086316	0.213550070751478	0.140364726504386	0.132387932131617	0.0912923660696654	0.166622981059658	0.120488243142831	0.17152655870162	0.120678143206162	0.138195208545288	0.116041278588819	0.169436303177004	0.166901460693932	0.229813222502939	0.246497596613148	0.140366838384435	0.308857365536707	0.122160387307063	0.170493909386818	0.198342918879721	0.151554968603751	0.213963487383553
700038744	0.275691845565851	0.182317523358365	0.166123968972848	0.390019489405217	0.194384297458665	0.0697098195467312	0.272900715702156	0.129236109372415	0.241090728804422	0.101538250831547	0.106125046030551	0.174306473890921	0.115119616218839	0.10823578400564	0.177393163673796	0.146189587698731	0.121804070245265	0.123794972202667	0.200997899242273	0.236563836486776	0.21364590820107	0.139035150042321	0.276803921703987	0.229540222382726	0.26212648409808	0.28561492808493	0.142872646406224	0.28406622439731	0.202019882237244	0.120914884197451	0.0924219577418426	0.170900338200173	0.0829087054351461	0	0.270999946692037	0.167214338377234	0.205483868372622	0.147976156451282	0.233475100270745	0.178172072955841	0.176255802996966	0.100011405525286	0.118019166893153	0.190740032107108	0.11654795580869	0.171132945819915	0.153222730317996	0.10566038230521	0.0955068517381003	0.14550548356364	0.181717214848357	0.276060233233632	0.287904908658569	0.166823376252071	0.342249562594213	0.09020523187368	0.193887296749647	0.248143456866214	0.135278085369182	0.245022896345896
700038485	0.190036841901664	0.192066906272269	0.368205904564509	0.273114574724084	0.169911662621047	0.304410358702003	0.250495659458939	0.293344049620224	0.215736239737125	0.296642222245455	0.245927314117753	0.381245570806329	0.316781203454934	0.227522474303419	0.350259419355044	0.25335481240565	0.288745902288156	0.302350738148152	0.216377107255585	0.211791573694795	0.266716070209452	0.300671907523179	0.211702840586066	0.171577475633797	0.309910734192572	0.0740850227005637	0.209738752673333	0.24780438432577	0.213673399308649	0.287646003028166	0.281458673156225	0.302245447227274	0.243611626524658	0.270999946692037	0	0.211884447432115	0.251633840602127	0.325220441222666	0.1549704289657	0.308754634714327	0.177976842619108	0.329018889619799	0.233574357190582	0.256333834444859	0.27659673836513	0.206768606345612	0.193475087582638	0.318098725169643	0.254628647492975	0.350961423062183	0.336356202875087	0.175469238971373	0.206842307307372	0.211621263533042	0.205357240456811	0.305139936994289	0.252105502969569	0.229450039033719	0.323432055683009	0.26147540322485
700024743	0.161217723561261	0.197660116402174	0.262955260791043	0.291733146831513	0.203394445563392	0.201817319332768	0.134080843652959	0.2255783311655	0.142080322887283	0.197787080021252	0.113917272240175	0.262972547263959	0.217123805791943	0.173470988331867	0.25983439538939	0.172553948971526	0.221778501020114	0.213778758169618	0.145954679595677	0.126287219619134	0.145151456036695	0.181021883996649	0.187350405465591	0.125932217910916	0.162952282439686	0.246515069587716	0.196724537170268	0.293718242638211	0.225550067169185	0.226523363286356	0.182499863615341	0.166298535281158	0.125348380731753	0.167214338377234	0.211884447432115	0	0.223927345691149	0.243656498015484	0.124133921277196	0.272757084983979	0.127137849733001	0.220884352537704	0.147621301820996	0.11512723235588	0.180237404305563	0.190343170061292	0.15244982351463	0.189489701917579	0.167406753145641	0.239011869240752	0.236609426661841	0.155350211524198	0.167300504683136	0.115754946913725	0.21739922135068	0.196746301458647	0.147364720398388	0.117987936031424	0.221192246392665	0.121305078056478
