700108602	700014971	700033565	700109389	700023058	700023927	700106341	700114221	700023543	700023439	700016978	700024192	700113058	700099448	700109870	700033928	700023693	700109627	700095416	700110425	700111580	700111302	700098605	700111991	700108960	700024452	700032931	700095837	700024548	700110161	700023496	700034628	700023645	700038744	700038485	700024743	700099596	700110760	700101587	700106399	700032322	700095653	700021312	700101230	700023590	700038905	700033136	700023382	700096424	700105469	700016908	700096053	700108479	700109569	700033814	700016125	700109756	700102665	700101777	700109455
700108602	0	-0.17332169259009	-0.201409083371453	-0.125582309857947	-0.145240786211344	-0.194566997470846	-0.0887015814964635	-0.227680705649547	-0.0963778701134863	-0.197983798537324	-0.136569639334263	-0.202015412403825	-0.216579331721261	-0.161662699394296	-0.216762101904835	-0.122815189308666	-0.216520690925265	-0.185850389080677	-0.0888150994487313	-0.0966983502592913	-0.112083115812401	-0.138500965714037	-0.119783180052635	-0.0590493104736541	-0.116290585513054	-0.122523991751388	-0.168013417707924	-0.183342356724651	-0.185612792396718	-0.206354991066568	-0.183675516052556	-0.158769456858546	-0.143460501528935	-0.181036056727754	-0.121579806890264	-0.126157398627783	-0.154738126106532	-0.202337337508489	-0.103391681803703	-0.248820747107479	-0.109633240701213	-0.20143796171846	-0.136332034735796	-0.136545937790521	-0.190189137744562	-0.156656599402495	-0.128208098223334	-0.197420957813349	-0.16615139751041	-0.175782822167095	-0.132774992210278	-0.0847646825478227	-0.0971833093838401	-0.108994558261314	-0.0929442841294051	-0.196309409721912	-0.126632290104009	-0.0827951614734218	-0.170052506928316	-0.11678500573764
700014971	-0.17332169259009	0	-0.172910513927214	-0.213831256367919	-0.121821766014993	-0.145850583892155	-0.175981086130002	-0.142930664245104	-0.157014719308561	-0.11168429888872	-0.119182258023623	-0.190623747959223	-0.136253345098771	-0.116423340320191	-0.165814373700321	-0.165970054617315	-0.121054400604741	-0.167248965111171	-0.166790434831461	-0.159945826269967	-0.172325887829851	-0.141692042106423	-0.137604110985689	-0.170008770696472	-0.198991226363673	-0.159108088584317	-0.0882629377131814	-0.136692169050655	-0.123023180190812	-0.123041041370739	-0.121003866262159	-0.161015861421599	-0.125809466503819	-0.114735392839728	-0.152759110003724	-0.141186624618895	-0.164630343239033	-0.163793998202905	-0.138506833703079	-0.145931282137123	-0.137749727149418	-0.138991462706641	-0.131111505519822	-0.146078948474391	-0.134885541411236	-0.118740581031811	-0.119739349546293	-0.137977448227237	-0.115980889332557	-0.167105832004001	-0.160377017253591	-0.16343702500652	-0.174093115515573	-0.129551931807382	-0.180958676487546	-0.134831334363111	-0.160868870148114	-0.175629727163522	-0.152072908429223	-0.175164545058227
700033565	-0.201409083371453	-0.172910513927214	0	-0.239277182648877	-0.203239424626055	-0.0825898364021292	-0.200760270885924	-0.119387038152745	-0.176335452026537	-0.117717410441271	-0.117300905360989	-0.0602655780193289	-0.114645481947665	-0.154926780820213	-0.100571876916765	-0.129717895919302	-0.127382757732372	-0.108272746399066	-0.188299740145912	-0.193987413504331	-0.16784970881471	-0.095204846019207	-0.201668659527237	-0.203150283316125	-0.175735914661096	-0.213845860230904	-0.166524244246675	-0.187373762908657	-0.173986595117941	-0.120813167263613	-0.123781558419877	-0.11660125290335	-0.129612590618386	-0.098315028213702	-0.2104758386415	-0.148248954437024	-0.172066887930855	-0.103587802032561	-0.180968121206744	-0.145606117141607	-0.161035325441374	-0.0751892027192413	-0.149085504052251	-0.149096146480094	-0.123555017992934	-0.144437955965894	-0.167405035914118	-0.0949086587009537	-0.139718846944922	-0.0708915689965085	-0.0913386429568536	-0.212045997533694	-0.204406580663681	-0.158000145344763	-0.231987699696884	-0.0957852733108336	-0.140651006412504	-0.210271352285678	-0.0773419944100982	-0.188872752313311
700109389	-0.125582309857947	-0.213831256367919	-0.239277182648877	0	-0.188446786231353	-0.250147139917892	-0.104882006390854	-0.257014478734295	-0.160535081838232	-0.251219784286716	-0.193652780305394	-0.234966740926335	-0.251418610164485	-0.230721901064729	-0.239494257446001	-0.179425901417261	-0.254605830494064	-0.255080433368192	-0.171950678003658	-0.107878456165322	-0.149335448896143	-0.194189878225566	-0.151927181404702	-0.1342905234695	-0.139137188921579	-0.149253381953082	-0.230165250390082	-0.21185346029596	-0.198238933700428	-0.236851326459725	-0.242928128956025	-0.211176398396877	-0.189125109958824	-0.222652102452845	-0.138139724464325	-0.170390327934355	-0.244224507411804	-0.260440861045251	-0.162758563603874	-0.246948945376567	-0.175096083283817	-0.239722705406515	-0.208899724469283	-0.186842521793228	-0.222847296256885	-0.202184046991488	-0.205287105046917	-0.238303043664326	-0.229806326562346	-0.226764621514341	-0.179308028914954	-0.112347698189902	-0.0802714983001094	-0.182650136403668	-0.129284244718264	-0.242059378690876	-0.146815853709472	-0.10849604547867	-0.199685799999671	-0.150444929647397
700023058	-0.145240786211344	-0.121821766014993	-0.203239424626055	-0.188446786231353	0	-0.159970321449462	-0.158906532986221	-0.176018420625713	-0.133150084928174	-0.152893016211737	-0.133283622840844	-0.197810455254293	-0.18210264899376	-0.134576173630719	-0.181032042604736	-0.152259974829043	-0.165136311445283	-0.166355559581828	-0.133408533592501	-0.154079983693146	-0.163174414390234	-0.158124709103503	-0.140813319813484	-0.135255752012924	-0.199240285405685	-0.126146275453464	-0.141854116652141	-0.155623274841127	-0.147952783070008	-0.165333508203846	-0.141023610179685	-0.19460267630298	-0.143255514761227	-0.149983513249763	-0.120628020731792	-0.166275775535412	-0.146261869629705	-0.155736032240026	-0.128150410962585	-0.189396128640248	-0.119331501813697	-0.173544999808914	-0.121570340996903	-0.16446416451085	-0.155995117834887	-0.133266763831503	-0.118727041881146	-0.163086412812661	-0.133463573692851	-0.197002272048032	-0.167082752178514	-0.145847303042982	-0.151116448032089	-0.131944046071244	-0.154369596182982	-0.169961236933405	-0.167858689969705	-0.165415644878957	-0.176367943622398	-0.165043918482196
700023927	-0.194566997470846	-0.145850583892155	-0.0825898364021292	-0.250147139917892	-0.159970321449462	0	-0.213958985748057	-0.128437104497689	-0.179790708789965	-0.0902760714605331	-0.110271241700451	-0.0921436595469436	-0.123215150156931	-0.102301721804135	-0.121786407328019	-0.136920262344009	-0.115513425982537	-0.0769256172947499	-0.171293118184753	-0.19966842452231	-0.168385582394381	-0.117107768335211	-0.173756959768811	-0.193039366219463	-0.19354131868839	-0.19786640468848	-0.140681757852255	-0.186438003365683	-0.154363366739024	-0.12252429354844	-0.065796500556148	-0.141887100498779	-0.136667530059816	-0.0817421838227435	-0.194614417180953	-0.155789955276635	-0.138524143197817	-0.07061822936345	-0.174512622293708	-0.152514370506556	-0.135700523006616	-0.0946631554394845	-0.116015694411978	-0.163903393150522	-0.114174811613846	-0.123423685673104	-0.134499829889301	-0.0981801949391425	-0.0816540440067678	-0.0963140491593928	-0.111251443445205	-0.214602420148737	-0.216787997016577	-0.124287643149372	-0.220115897502827	-0.103900067201182	-0.137563234493885	-0.216036702320705	-0.0965408314168293	-0.192489773503495
700106341	-0.0887015814964635	-0.175981086130002	-0.200760270885924	-0.104882006390854	-0.158906532986221	-0.213958985748057	0	-0.225711410738066	-0.0892628638263676	-0.217372874448643	-0.14806994313985	-0.190765285363421	-0.213450742752461	-0.195612957354138	-0.214197182410284	-0.12948063545092	-0.219255274084209	-0.226282440371226	-0.114432877138063	-0.0835248339599402	-0.0971755880470143	-0.134425208111946	-0.134288949797617	-0.0948053622938181	-0.088632691276514	-0.157838791662163	-0.207159781163136	-0.203020870031436	-0.196279548074527	-0.212363298133866	-0.201393823285979	-0.126662527286555	-0.144354275893499	-0.18423881998417	-0.142314900047825	-0.105257254212955	-0.198891269719614	-0.225909692604993	-0.0986408363192211	-0.2462883022246	-0.135679366009104	-0.195951403274194	-0.147191634395267	-0.118092965987538	-0.17873188626173	-0.180404577275894	-0.159405376734441	-0.196809670043259	-0.193751745442519	-0.172146181740798	-0.143133426301379	-0.067508842626511	-0.0809682601143509	-0.121449574970073	-0.131062351190342	-0.198134446262465	-0.114714814334563	-0.0606365081652521	-0.166153113060029	-0.0733050862045861
700114221	-0.227680705649547	-0.142930664245104	-0.119387038152745	-0.257014478734295	-0.176018420625713	-0.128437104497689	-0.225711410738066	0	-0.209456703007178	-0.08204205702594	-0.157623275889749	-0.13455743978673	-0.0916105394203173	-0.141440022270135	-0.10110318186346	-0.181622185220296	-0.0625524486157765	-0.17029755156234	-0.219188982861867	-0.203178401827941	-0.199365613633036	-0.165162043602534	-0.208542878907649	-0.226563921389925	-0.23834071479816	-0.21893726907508	-0.13272041109078	-0.16152969646506	-0.123591578944754	-0.105223317367731	-0.124384143513637	-0.183182067297003	-0.1384270762362	-0.107538675633736	-0.219394389868408	-0.180163855033709	-0.192784423793792	-0.109623698033594	-0.193606989838489	-0.0918387097231076	-0.164535068535431	-0.0826994100575131	-0.173930658847791	-0.178445967450467	-0.0990084163548629	-0.127359198173745	-0.14128729518099	-0.0872542434646204	-0.145658997131296	-0.142868368238645	-0.162556684500385	-0.225652332544719	-0.223688918998528	-0.187466321927567	-0.255101384119176	-0.0981826318876997	-0.164678794945736	-0.237559062024014	-0.14146197270824	-0.214732544978845
700023543	-0.0963778701134863	-0.157014719308561	-0.176335452026537	-0.160535081838232	-0.133150084928174	-0.179790708789965	-0.0892628638263676	-0.209456703007178	0	-0.182668964154719	-0.117336456333102	-0.176614611087467	-0.19853249345603	-0.161542255091375	-0.200362320422537	-0.098107887187013	-0.197744929802796	-0.190906679964533	-0.0904552055486569	-0.114464577727546	-0.113906605597359	-0.11286481615643	-0.132575199625658	-0.0909148583978193	-0.116892177694871	-0.136037887457892	-0.165025544776378	-0.17043665937725	-0.197196039761398	-0.18590832952683	-0.169571378554508	-0.114266776909101	-0.128773257932294	-0.156538328177705	-0.120962676095713	-0.120400068076734	-0.161813074023537	-0.196447510632175	-0.0792759763990098	-0.233971773278551	-0.106192766430874	-0.174279302800516	-0.117521664641878	-0.0946627838971964	-0.167901107035852	-0.164708050096089	-0.116383001171612	-0.174062273102798	-0.176696351226354	-0.148907326680699	-0.132266443596344	-0.0872381634538348	-0.107996076776965	-0.108527278874243	-0.125578841853003	-0.17666983418614	-0.141409380475551	-0.0816010715208951	-0.153749421306322	-0.0939158430327443
700023439	-0.197983798537324	-0.11168429888872	-0.117717410441271	-0.251219784286716	-0.152893016211737	-0.0902760714605331	-0.217372874448643	-0.08204205702594	-0.182668964154719	0	-0.126157036868975	-0.129709254890583	-0.0839796214393129	-0.102305164245514	-0.116722032089084	-0.162366929013344	-0.0678095026362681	-0.123990412811106	-0.182953070429072	-0.198645227222005	-0.183729819579388	-0.147563279612198	-0.180506153265551	-0.193107863436381	-0.222744020638318	-0.194367901934915	-0.11525219967237	-0.153664915106178	-0.115682436634883	-0.0940472971556773	-0.083101404265837	-0.17160308085723	-0.11754591365333	-0.0829057604676526	-0.188590498907972	-0.164594912027292	-0.156991440044613	-0.0929955715786508	-0.16995680284927	-0.0997818639898483	-0.126735681451091	-0.0831140750776582	-0.14561158982829	-0.173375339207848	-0.0963745168731507	-0.105831691444929	-0.119035756071171	-0.0818023018343699	-0.100655236520213	-0.132337699140266	-0.145508114756997	-0.208281394651957	-0.217376436842936	-0.14700663222226	-0.226229035318342	-0.0918742232272578	-0.153129008461856	-0.213419567381719	-0.126667957626308	-0.205594702349062
700016978	-0.136569639334263	-0.119182258023623	-0.117300905360989	-0.193652780305394	-0.133283622840844	-0.110271241700451	-0.14806994313985	-0.157623275889749	-0.117336456333102	-0.126157036868975	0	-0.117743700846381	-0.137532347664849	-0.126630617954677	-0.154647911773947	-0.0926567114472519	-0.139536743883668	-0.114845609160226	-0.120798938744677	-0.124883308646033	-0.120505194293033	-0.0630310288356088	-0.141517952511637	-0.129402182291674	-0.11994087447323	-0.162346297506367	-0.134339634659519	-0.141434466319233	-0.148458245711153	-0.135807923172468	-0.0976897302511024	-0.105697146614899	-0.0750576657812542	-0.0810745292146474	-0.146691228613132	-0.0974748805814187	-0.140242634776553	-0.140540834961724	-0.107572644349442	-0.175549663374309	-0.103536509377532	-0.109235251765122	-0.0882083601449761	-0.101359563990691	-0.113495567784924	-0.117683615823353	-0.111453545638866	-0.109386820991925	-0.11711623903014	-0.114506693908169	-0.0791152922283747	-0.147082395642802	-0.140754581686906	-0.0953111362637446	-0.161126492851677	-0.110774589256388	-0.111948298166221	-0.137435298933969	-0.103900512364867	-0.14107006612676
700024192	-0.202015412403825	-0.190623747959223	-0.0602655780193289	-0.234966740926335	-0.197810455254293	-0.0921436595469436	-0.190765285363421	-0.13455743978673	-0.176614611087467	-0.129709254890583	-0.117743700846381	0	-0.11525924969081	-0.164481871678649	-0.101782185105974	-0.130007413815347	-0.138526238522283	-0.123603877468077	-0.18233095724998	-0.182535647688872	-0.155260809541793	-0.0919819224266404	-0.202560870268313	-0.20961313196242	-0.172339442900588	-0.219144486425553	-0.186077077669854	-0.190710661968752	-0.172045781047286	-0.141221780851612	-0.116739079365767	-0.108170098627326	-0.122413721164037	-0.100820359941438	-0.219088547895513	-0.146635882574865	-0.179480018170077	-0.113243417819428	-0.179408985324105	-0.149716855972502	-0.157306194569608	-0.073449747563527	-0.160585271431405	-0.140821543878436	-0.103890143021767	-0.14695689348602	-0.162958352495661	-0.0931629820033427	-0.153623230944462	-0.0733447601696066	-0.0948552257761127	-0.210307644604533	-0.202917434528959	-0.159187877066936	-0.245011094688815	-0.0953247501516183	-0.124091059759343	-0.209903392455416	-0.0861777124596416	-0.178398961198246
700113058	-0.216579331721261	-0.136253345098771	-0.114645481947665	-0.251418610164485	-0.18210264899376	-0.123215150156931	-0.213450742752461	-0.0916105394203173	-0.19853249345603	-0.0839796214393129	-0.137532347664849	-0.11525924969081	0	-0.136024791398648	-0.105564281660477	-0.1683528439803	-0.0963397097391211	-0.156909657383347	-0.208382291180555	-0.195750791834329	-0.202592895556469	-0.146370952247389	-0.205303491318653	-0.220513751520037	-0.2262204623955	-0.220741435249035	-0.134570847385121	-0.154667580717856	-0.136868427035708	-0.101869880605064	-0.114505522606642	-0.167855527705709	-0.121611240667696	-0.0919762036440882	-0.21957914064094	-0.174200646505182	-0.189090886527791	-0.116730175551931	-0.181240030391716	-0.102775885270471	-0.16106127531965	-0.07432280774214	-0.182861825937257	-0.167018917968414	-0.0990601339457741	-0.133643932905796	-0.15498063521405	-0.0880654971124645	-0.137973298641988	-0.123378843146479	-0.150812981949166	-0.213872850374005	-0.216392692577939	-0.186375063268961	-0.257258099340501	-0.0659635330297516	-0.161909464105543	-0.2277505277406	-0.125766299887632	-0.205557877519695
700099448	-0.161662699394296	-0.116423340320191	-0.154926780820213	-0.230721901064729	-0.134576173630719	-0.102301721804135	-0.195612957354138	-0.141440022270135	-0.161542255091375	-0.102305164245514	-0.126630617954677	-0.164481871678649	-0.136024791398648	0	-0.147455251562956	-0.157873785916818	-0.118642337779863	-0.128108585555656	-0.149682822619496	-0.175121692672124	-0.170202698291889	-0.155006434331105	-0.142091597773749	-0.160209997420879	-0.203117623159765	-0.151195104455034	-0.109335848532571	-0.158653629510879	-0.131164790615216	-0.110188631202468	-0.0950034629814329	-0.179748838721558	-0.131588737670466	-0.100487187040278	-0.163268494752644	-0.165517256878703	-0.135129826136171	-0.112687438119552	-0.156549120669168	-0.162335404931541	-0.126249550414371	-0.122507783377547	-0.123483985941757	-0.172997906196555	-0.116124256680181	-0.120754311745364	-0.109436048372868	-0.126136440621642	-0.0705520589836914	-0.153401696612442	-0.137627572242855	-0.179013315398478	-0.194922231013383	-0.126718266084781	-0.181369601449916	-0.124862624875384	-0.137586299771936	-0.188787523597929	-0.13820273602974	-0.18405144318412
700109870	-0.216762101904835	-0.165814373700321	-0.100571876916765	-0.239494257446001	-0.181032042604736	-0.121786407328019	-0.214197182410284	-0.10110318186346	-0.200362320422537	-0.116722032089084	-0.154647911773947	-0.101782185105974	-0.105564281660477	-0.147455251562956	0	-0.17785341930172	-0.103306665099346	-0.163369775498066	-0.210528303394177	-0.189381900435423	-0.173637005803234	-0.151869645125134	-0.192672800929851	-0.224758190014893	-0.217458758806411	-0.218207217575994	-0.163098747626464	-0.183831032603132	-0.141098122706436	-0.109064034679675	-0.133112714181608	-0.16265324998345	-0.160904447209013	-0.11991916925073	-0.223530874361383	-0.18002241054536	-0.195015170033296	-0.0874663563384952	-0.192635309286445	-0.105829682265078	-0.176187661427203	-0.0810873160135444	-0.188537469801627	-0.163943373304621	-0.10663456375985	-0.119891928358548	-0.162949752567933	-0.081614404072663	-0.135537737001728	-0.116783952805133	-0.147020983815217	-0.218836152502231	-0.209038919532397	-0.180590967624761	-0.24336832416746	-0.096274184250883	-0.142687184561395	-0.231546478672321	-0.11787722706081	-0.192819272614542
700033928	-0.122815189308666	-0.165970054617315	-0.129717895919302	-0.179425901417261	-0.152259974829043	-0.136920262344009	-0.12948063545092	-0.181622185220296	-0.098107887187013	-0.162366929013344	-0.0926567114472519	-0.130007413815347	-0.1683528439803	-0.157873785916818	-0.17785341930172	0	-0.169005789424757	-0.147483035629785	-0.104914063223203	-0.133554122653714	-0.109591631336353	-0.0862054252185978	-0.145690590384718	-0.116825738483521	-0.124536585116331	-0.164991275833361	-0.162689430250974	-0.161140982423895	-0.181045823658842	-0.172289973906779	-0.136029133275576	-0.113013052127528	-0.0977649107403008	-0.123619811275496	-0.154612918244942	-0.126674963299523	-0.148916084359423	-0.17368288224432	-0.108109611801156	-0.209537692796941	-0.0925057481460475	-0.136435368554978	-0.114008449518064	-0.124061590030832	-0.139423767974488	-0.142144716821602	-0.116941132444414	-0.144215302582856	-0.158443166283832	-0.110944733802419	-0.0865693636998981	-0.126213108134424	-0.135275161991246	-0.12021929538301	-0.160000471960011	-0.136072203670872	-0.123027116620123	-0.125119167358318	-0.113579779320369	-0.1137915879626
700023693	-0.216520690925265	-0.121054400604741	-0.127382757732372	-0.254605830494064	-0.165136311445283	-0.115513425982537	-0.219255274084209	-0.0625524486157765	-0.197744929802796	-0.0678095026362681	-0.139536743883668	-0.138526238522283	-0.0963397097391211	-0.118642337779863	-0.103306665099346	-0.169005789424757	0	-0.150708237634067	-0.204227299622907	-0.196466953210745	-0.184877528077306	-0.157582739146143	-0.191150370280593	-0.212607131989874	-0.230992761022444	-0.212064677833602	-0.127803411924851	-0.160687081081029	-0.113639146109334	-0.10680040159256	-0.100056402348232	-0.180512952364107	-0.132784884208111	-0.0939656752676532	-0.207940454465144	-0.173606149785632	-0.177184108574899	-0.118994603576262	-0.181662521234755	-0.093554603299989	-0.148372192968821	-0.0901318472605943	-0.156062134969733	-0.177901991556046	-0.0928498840832959	-0.104757436594627	-0.133220623101519	-0.0809078739547118	-0.122333289957319	-0.142053319516687	-0.156383621356184	-0.216806324472343	-0.216160805323201	-0.17097845003462	-0.241564669696337	-0.0971523412917301	-0.158630135371014	-0.228186048639118	-0.140476672856255	-0.208588452826394
700109627	-0.185850389080677	-0.167248965111171	-0.108272746399066	-0.255080433368192	-0.166355559581828	-0.0769256172947499	-0.226282440371226	-0.17029755156234	-0.190906679964533	-0.123990412811106	-0.114845609160226	-0.123603877468077	-0.156909657383347	-0.128108585555656	-0.163369775498066	-0.147483035629785	-0.150708237634067	0	-0.180513225135448	-0.202792979434469	-0.196947104074509	-0.130065248407173	-0.193230985391894	-0.187721364373166	-0.195423105833266	-0.200912060650324	-0.153867728958428	-0.186408376852394	-0.198207705199696	-0.143192353577664	-0.0981550015895675	-0.163718150065471	-0.149810886718959	-0.121616083733673	-0.198707536957651	-0.172255609230958	-0.112665340445676	-0.0996508424527938	-0.189787065576827	-0.190866064795211	-0.157759420233594	-0.128694404266335	-0.127750693342791	-0.162559788598085	-0.162354951167807	-0.162890123737333	-0.160812897490845	-0.140421597907115	-0.1023285199841	-0.13114080158897	-0.118397226129585	-0.228372766965904	-0.220643214680058	-0.143894873882672	-0.211492373523683	-0.138698799995774	-0.167539327367416	-0.216621005058223	-0.13509006006048	-0.212272591935988
700095416	-0.0888150994487313	-0.166790434831461	-0.188299740145912	-0.171950678003658	-0.133408533592501	-0.171293118184753	-0.114432877138063	-0.219188982861867	-0.0904552055486569	-0.182953070429072	-0.120798938744677	-0.18233095724998	-0.208382291180555	-0.149682822619496	-0.210528303394177	-0.104914063223203	-0.204227299622907	-0.180513225135448	0	-0.131673997974223	-0.114240300456907	-0.126070184091217	-0.121126511663834	-0.0780807604773742	-0.127949513938978	-0.135577049498725	-0.163952519163976	-0.188133325737022	-0.190700729959804	-0.199870877220095	-0.164417974682197	-0.140241353985772	-0.136763515840373	-0.167504761844653	-0.118752072696223	-0.128388059943855	-0.146999950726096	-0.188043405081708	-0.0966004353011456	-0.244170199871408	-0.0983992265578386	-0.193841805219131	-0.10737855673833	-0.137203140188722	-0.179630733996886	-0.152526998356377	-0.114666021801113	-0.183493948819606	-0.159658809603093	-0.166249052332811	-0.130234624872401	-0.114587546500586	-0.128130537621525	-0.0934502610940935	-0.110687706592929	-0.187629687544756	-0.140673660467546	-0.111505317641899	-0.161587268047668	-0.113275853249066
700110425	-0.0966983502592913	-0.159945826269967	-0.193987413504331	-0.107878456165322	-0.154079983693146	-0.19966842452231	-0.0835248339599402	-0.203178401827941	-0.114464577727546	-0.198645227222005	-0.124883308646033	-0.182535647688872	-0.195750791834329	-0.175121692672124	-0.189381900435423	-0.133554122653714	-0.196466953210745	-0.202792979434469	-0.131673997974223	0	-0.105063818233453	-0.126178928698684	-0.112541172125833	-0.104940375172526	-0.0916246697933191	-0.160102069431528	-0.178457692310896	-0.16899927514985	-0.176490743988201	-0.182615193350931	-0.182915760688921	-0.151673390539183	-0.12731254515417	-0.16403319106047	-0.142456046494033	-0.104085955920374	-0.181418513061524	-0.208579992840793	-0.103873487721393	-0.224722070477438	-0.120315834532482	-0.175805867448209	-0.138314638354056	-0.105810209254989	-0.160419796096746	-0.154727943565935	-0.13984531734692	-0.181016512578002	-0.171681203826096	-0.169530406751846	-0.133772735334068	-0.088695600871967	-0.0548283853551112	-0.117296714269503	-0.118650543478224	-0.178427800294182	-0.0861485039300649	-0.083284467933434	-0.155322018001517	-0.0994268086783278
700111580	-0.112083115812401	-0.172325887829851	-0.16784970881471	-0.149335448896143	-0.163174414390234	-0.168385582394381	-0.0971755880470143	-0.199365613633036	-0.113906605597359	-0.183729819579388	-0.120505194293033	-0.155260809541793	-0.202592895556469	-0.170202698291889	-0.173637005803234	-0.109591631336353	-0.184877528077306	-0.196947104074509	-0.114240300456907	-0.105063818233453	0	-0.106645866907776	-0.11746305683654	-0.116443089752025	-0.0813725066900825	-0.182621638157824	-0.190704115033275	-0.205225261417529	-0.161928841043393	-0.20005915760633	-0.160208028029821	-0.117140813948405	-0.129826769167191	-0.159879517303775	-0.16980433274029	-0.105347731563763	-0.187742377748404	-0.186960441363746	-0.116791851592452	-0.217486952131295	-0.121510465347745	-0.164024254101685	-0.131570463026341	-0.126557134238576	-0.140069557161436	-0.135184896914144	-0.131439289906076	-0.152961259340744	-0.161724425417707	-0.135975142495378	-0.113267824167049	-0.104078379095362	-0.11729086426785	-0.0998278458079136	-0.14690921469084	-0.170295064048522	-0.0809358482542789	-0.0929441526918689	-0.124365710597831	-0.0843951504585659
700111302	-0.138500965714037	-0.141692042106423	-0.095204846019207	-0.194189878225566	-0.158124709103503	-0.117107768335211	-0.134425208111946	-0.165162043602534	-0.11286481615643	-0.147563279612198	-0.0630310288356088	-0.0919819224266404	-0.146370952247389	-0.155006434331105	-0.151869645125134	-0.0862054252185978	-0.157582739146143	-0.130065248407173	-0.126070184091217	-0.126178928698684	-0.106645866907776	0	-0.157195637451184	-0.138102145524768	-0.109713287601759	-0.182283571190782	-0.158702900513368	-0.168443274028704	-0.176264989543259	-0.154714828423153	-0.121269988352019	-0.072877777189885	-0.074595500276532	-0.0999654350320775	-0.169645577086892	-0.0922864557241904	-0.145761027670956	-0.156492429373419	-0.118175755406107	-0.186051308577788	-0.121133011466163	-0.110663570932675	-0.100409285487561	-0.0987052782217375	-0.118748214310345	-0.142915477365832	-0.123144965744204	-0.115589848709677	-0.138999028979097	-0.0738707398007513	-0.0678813663409775	-0.144851552646786	-0.146085235246028	-0.102997207487149	-0.183524868880182	-0.115003236809508	-0.106245951730002	-0.143341015864504	-0.0782940933134978	-0.128705174023043
700098605	-0.119783180052635	-0.137604110985689	-0.201668659527237	-0.151927181404702	-0.140813319813484	-0.173756959768811	-0.134288949797617	-0.208542878907649	-0.132575199625658	-0.180506153265551	-0.141517952511637	-0.202560870268313	-0.205303491318653	-0.142091597773749	-0.192672800929851	-0.145690590384718	-0.191150370280593	-0.193230985391894	-0.121126511663834	-0.112541172125833	-0.11746305683654	-0.157195637451184	0	-0.120138023624524	-0.158575786123027	-0.136508616152636	-0.14572042415526	-0.172676390839614	-0.165994204603997	-0.180518136461466	-0.164115355114988	-0.17260417283727	-0.151166746243358	-0.164766640899221	-0.129145787881951	-0.131276232261004	-0.167428770109134	-0.186453613904328	-0.113909017808422	-0.20988130197249	-0.118610811645343	-0.188063819974394	-0.133095566506681	-0.143550370482143	-0.187594766286211	-0.134865179857945	-0.122091886540564	-0.178540519428839	-0.154449069609007	-0.184657301067728	-0.159344826749148	-0.127200996654314	-0.1211581129075	-0.10588873987304	-0.107491910124807	-0.187080244535565	-0.136227830818061	-0.127978246024868	-0.169710576423846	-0.112684172134181
700111991	-0.0590493104736541	-0.170008770696472	-0.203150283316125	-0.1342905234695	-0.135255752012924	-0.193039366219463	-0.0948053622938181	-0.226563921389925	-0.0909148583978193	-0.193107863436381	-0.129402182291674	-0.20961313196242	-0.220513751520037	-0.160209997420879	-0.224758190014893	-0.116825738483521	-0.212607131989874	-0.187721364373166	-0.0780807604773742	-0.104940375172526	-0.116443089752025	-0.138102145524768	-0.120138023624524	0	-0.117933765993531	-0.114798639499675	-0.165540275948365	-0.179221158999171	-0.187387807161241	-0.206835771500985	-0.182794203654184	-0.166107121465844	-0.146115448434103	-0.179856497170099	-0.106495612183272	-0.125503574616263	-0.163400246271412	-0.205956402872713	-0.100270838599994	-0.248691862837289	-0.106766488897844	-0.202565835706344	-0.132539891468041	-0.138730090003457	-0.189117015190633	-0.16200322453295	-0.123924422908488	-0.198897307107868	-0.171046847028454	-0.1809370862409	-0.137842917988884	-0.0946372057221426	-0.095829175029135	-0.0987949423860896	-0.0810485877655002	-0.199352252457419	-0.145808289225398	-0.081274757567091	-0.176276980857433	-0.121064950455613
700108960	-0.116290585513054	-0.198991226363673	-0.175735914661096	-0.139137188921579	-0.199240285405685	-0.19354131868839	-0.088632691276514	-0.23834071479816	-0.116892177694871	-0.222744020638318	-0.11994087447323	-0.172339442900588	-0.2262204623955	-0.203117623159765	-0.217458758806411	-0.124536585116331	-0.230992761022444	-0.195423105833266	-0.127949513938978	-0.0916246697933191	-0.0813725066900825	-0.109713287601759	-0.158575786123027	-0.117933765993531	0	-0.204638319416729	-0.218895793076595	-0.216171883539834	-0.207715612250249	-0.217782002893614	-0.194007711518972	-0.106518971929776	-0.145228916728117	-0.179980601289308	-0.17814840371006	-0.101826733072073	-0.202794426407063	-0.221488707083248	-0.129037626732669	-0.258957836915162	-0.1582799211297	-0.189386987520883	-0.14153908388271	-0.116183269412298	-0.178235161045398	-0.189581522397457	-0.175806808892099	-0.200481900979937	-0.191522097259867	-0.14318977587225	-0.114185058566517	-0.113836519419314	-0.0992917165646629	-0.10928978578725	-0.135047221194303	-0.198590650750526	-0.0984158767180411	-0.0865610249397402	-0.136503355457263	-0.0915119401455291
700024452	-0.122523991751388	-0.159108088584317	-0.213845860230904	-0.149253381953082	-0.126146275453464	-0.19786640468848	-0.157838791662163	-0.21893726907508	-0.136037887457892	-0.194367901934915	-0.162346297506367	-0.219144486425553	-0.220741435249035	-0.151195104455034	-0.218207217575994	-0.164991275833361	-0.212064677833602	-0.200912060650324	-0.135577049498725	-0.160102069431528	-0.182621638157824	-0.182283571190782	-0.136508616152636	-0.114798639499675	-0.204638319416729	0	-0.16036049554245	-0.156602447055944	-0.148236457139832	-0.188323177633763	-0.194598370141549	-0.210093396405879	-0.17476876571347	-0.185279777796465	-0.0679575205843077	-0.172402024992689	-0.177273460994615	-0.208053804098802	-0.119336157264836	-0.217597169156989	-0.124300055793282	-0.211696735709976	-0.16139249069081	-0.181608503511081	-0.197926861164069	-0.143412680746457	-0.132655212765266	-0.206023848456856	-0.174874518801883	-0.212609440453529	-0.168466647824828	-0.134191995145292	-0.140894203019285	-0.145760106724235	-0.108139904476756	-0.206141386867137	-0.167201233780121	-0.156631659595171	-0.187047585923341	-0.185153463182414
700032931	-0.168013417707924	-0.0882629377131814	-0.166524244246675	-0.230165250390082	-0.141854116652141	-0.140681757852255	-0.207159781163136	-0.13272041109078	-0.165025544776378	-0.11525219967237	-0.134339634659519	-0.186077077669854	-0.134570847385121	-0.109335848532571	-0.163098747626464	-0.162689430250974	-0.127803411924851	-0.153867728958428	-0.163952519163976	-0.178457692310896	-0.190704115033275	-0.158702900513368	-0.14572042415526	-0.165540275948365	-0.218895793076595	-0.16036049554245	0	-0.126965169420805	-0.129796687914421	-0.119505899777731	-0.124035218772296	-0.181006891183886	-0.131755247044195	-0.114622626199973	-0.16216724784213	-0.17348569271608	-0.149829503827356	-0.140644153569351	-0.154061337439469	-0.142673468041146	-0.137537797282542	-0.132567522549967	-0.136122455596502	-0.164232492504423	-0.129677790409798	-0.126052834204226	-0.110288777124863	-0.134761354012145	-0.115212516805919	-0.165617735695598	-0.165201374664766	-0.187943932551314	-0.194130356701467	-0.140184400393538	-0.179414625219509	-0.130000818438378	-0.176062609600852	-0.199136733876174	-0.157343256316662	-0.200317266347677
700095837	-0.183342356724651	-0.136692169050655	-0.187373762908657	-0.21185346029596	-0.155623274841127	-0.186438003365683	-0.203020870031436	-0.16152969646506	-0.17043665937725	-0.153664915106178	-0.141434466319233	-0.190710661968752	-0.154667580717856	-0.158653629510879	-0.183831032603132	-0.161140982423895	-0.160687081081029	-0.186408376852394	-0.188133325737022	-0.16899927514985	-0.205225261417529	-0.168443274028704	-0.172676390839614	-0.179221158999171	-0.216171883539834	-0.156602447055944	-0.126965169420805	0	-0.115568532453956	-0.118653940907106	-0.167156392994508	-0.207056676909257	-0.136859007543982	-0.132954361445099	-0.156108069390541	-0.182464555398864	-0.17645636600123	-0.194833356146256	-0.153978691112811	-0.168460435556512	-0.151639233473084	-0.154773969523377	-0.175364960835103	-0.165631095832454	-0.147907779518027	-0.147554324843518	-0.144521589686526	-0.162440839426271	-0.173156754800417	-0.191157159360503	-0.155584252215656	-0.185232468358657	-0.177578004367377	-0.18304174857416	-0.192172325213153	-0.155160569543209	-0.180010261133385	-0.191770224787074	-0.171764386362209	-0.206735122921499
700024548	-0.185612792396718	-0.123023180190812	-0.173986595117941	-0.198238933700428	-0.147952783070008	-0.154363366739024	-0.196279548074527	-0.123591578944754	-0.197196039761398	-0.115682436634883	-0.148458245711153	-0.172045781047286	-0.136868427035708	-0.131164790615216	-0.141098122706436	-0.181045823658842	-0.113639146109334	-0.198207705199696	-0.190700729959804	-0.176490743988201	-0.161928841043393	-0.176264989543259	-0.165994204603997	-0.187387807161241	-0.207715612250249	-0.148236457139832	-0.129796687914421	-0.115568532453956	0	-0.118160331397893	-0.141135253187734	-0.207195864784014	-0.144262536519364	-0.123732559630664	-0.150730660555615	-0.168401697795222	-0.201056404667969	-0.156698210835738	-0.159847800183588	-0.116409111871621	-0.141987399503039	-0.132898180710067	-0.171993886633189	-0.19438388762518	-0.103671770033869	-0.0807952120278832	-0.137894337114922	-0.124683281054551	-0.139531844492306	-0.180594805401859	-0.156863393207393	-0.182852591431976	-0.179321343993948	-0.1548892446761	-0.187240427966345	-0.139159506816533	-0.138621714104184	-0.198908229819115	-0.158829319478479	-0.206381100960943
700110161	-0.206354991066568	-0.123041041370739	-0.120813167263613	-0.236851326459725	-0.165333508203846	-0.12252429354844	-0.212363298133866	-0.105223317367731	-0.18590832952683	-0.0940472971556773	-0.135807923172468	-0.141221780851612	-0.101869880605064	-0.110188631202468	-0.109064034679675	-0.172289973906779	-0.10680040159256	-0.143192353577664	-0.199870877220095	-0.182615193350931	-0.20005915760633	-0.154714828423153	-0.180518136461466	-0.206835771500985	-0.217782002893614	-0.188323177633763	-0.119505899777731	-0.118653940907106	-0.118160331397893	0	-0.120343292091071	-0.176050692667086	-0.136942385243279	-0.0904529700973378	-0.190434497510234	-0.175465648882897	-0.165870824886468	-0.108032209807008	-0.180090132732206	-0.121339277100576	-0.158135155649034	-0.0940037268392014	-0.160869393497454	-0.162209253140312	-0.119448210513733	-0.136449397321479	-0.152070708722999	-0.110145882077778	-0.113465742711974	-0.136513140546768	-0.149258418465375	-0.20171889516713	-0.208178160108714	-0.162845522602053	-0.230602236842386	-0.100212714238526	-0.15463657375412	-0.213618213564693	-0.129506672080685	-0.205928700827029
700023496	-0.183675516052556	-0.121003866262159	-0.123781558419877	-0.242928128956025	-0.141023610179685	-0.065796500556148	-0.201393823285979	-0.124384143513637	-0.169571378554508	-0.083101404265837	-0.0976897302511024	-0.116739079365767	-0.114505522606642	-0.0950034629814329	-0.133112714181608	-0.136029133275576	-0.100056402348232	-0.0981550015895675	-0.164417974682197	-0.182915760688921	-0.160208028029821	-0.121269988352019	-0.164115355114988	-0.182794203654184	-0.194007711518972	-0.194598370141549	-0.124035218772296	-0.167156392994508	-0.141135253187734	-0.120343292091071	0	-0.149734923199334	-0.112974090699602	-0.0756586235801395	-0.184954139080729	-0.150892909713987	-0.139408552198888	-0.0948631491693238	-0.158994764651345	-0.146362398713009	-0.11826173812802	-0.0958349260548366	-0.109229968308153	-0.157037291575463	-0.0998468967011183	-0.113940078354314	-0.114730893745612	-0.0872004622936703	-0.0751567319304909	-0.124043810230957	-0.119108613194838	-0.201273446928809	-0.205651909516842	-0.124944750537682	-0.212497202046728	-0.093431596565177	-0.132220981154541	-0.20442850260952	-0.123973360480843	-0.184910261187992
700034628	-0.158769456858546	-0.161015861421599	-0.11660125290335	-0.211176398396877	-0.19460267630298	-0.141887100498779	-0.126662527286555	-0.183182067297003	-0.114266776909101	-0.17160308085723	-0.105697146614899	-0.108170098627326	-0.167855527705709	-0.179748838721558	-0.16265324998345	-0.113013052127528	-0.180512952364107	-0.163718150065471	-0.140241353985772	-0.151673390539183	-0.117140813948405	-0.072877777189885	-0.17260417283727	-0.166107121465844	-0.106518971929776	-0.210093396405879	-0.181006891183886	-0.207056676909257	-0.207195864784014	-0.176050692667086	-0.149734923199334	0	-0.129165831254014	-0.129976836233389	-0.200744246525831	-0.0955696774307258	-0.180012461159471	-0.16787911180991	-0.146291279705773	-0.203950489758263	-0.155478545029541	-0.131184471641898	-0.133207512321565	-0.0831885729334233	-0.14346450319111	-0.175603631094513	-0.151575736633518	-0.139137662762169	-0.1677057262021	-0.0846789254909784	-0.114259947917656	-0.153474819161102	-0.163797537188013	-0.129210720082112	-0.199361605103931	-0.133761462063096	-0.128598445734242	-0.142435318695568	-0.102774833556784	-0.0996327799882807
700023645	-0.143460501528935	-0.125809466503819	-0.129612590618386	-0.189125109958824	-0.143255514761227	-0.136667530059816	-0.144354275893499	-0.1384270762362	-0.128773257932294	-0.11754591365333	-0.0750576657812542	-0.122413721164037	-0.121611240667696	-0.131588737670466	-0.160904447209013	-0.0977649107403008	-0.132784884208111	-0.149810886718959	-0.136763515840373	-0.12731254515417	-0.129826769167191	-0.074595500276532	-0.151166746243358	-0.146115448434103	-0.145228916728117	-0.17476876571347	-0.131755247044195	-0.136859007543982	-0.144262536519364	-0.136942385243279	-0.112974090699602	-0.129165831254014	0	-0.0839855075167334	-0.167704204436609	-0.104950679277314	-0.155433278176115	-0.160070364736881	-0.121880940249154	-0.159214538214025	-0.102839235103638	-0.100197901693081	-0.0976740007853038	-0.116712939470196	-0.0968571740268124	-0.122542380713863	-0.10555435648507	-0.107764401949153	-0.135984450612593	-0.114609608070866	-0.0864994732716739	-0.147956989256455	-0.148195077798649	-0.127490123147636	-0.18797772486799	-0.0996024670743663	-0.120666218551712	-0.147245793740623	-0.111212126596663	-0.151224516325091
700038744	-0.181036056727754	-0.114735392839728	-0.098315028213702	-0.222652102452845	-0.149983513249763	-0.0817421838227435	-0.18423881998417	-0.107538675633736	-0.156538328177705	-0.0829057604676526	-0.0810745292146474	-0.100820359941438	-0.0919762036440882	-0.100487187040278	-0.11991916925073	-0.123619811275496	-0.0939656752676532	-0.121616083733673	-0.167504761844653	-0.16403319106047	-0.159879517303775	-0.0999654350320775	-0.164766640899221	-0.179856497170099	-0.179980601289308	-0.185279777796465	-0.114622626199973	-0.132954361445099	-0.123732559630664	-0.0904529700973378	-0.0756586235801395	-0.129976836233389	-0.0839855075167334	0	-0.187363992154694	-0.138594839688972	-0.150739233355188	-0.10863462901107	-0.143729642346596	-0.128463907991646	-0.118307583203055	-0.0677984919508008	-0.123606963554955	-0.142747042173204	-0.0790921415792181	-0.112310136252848	-0.121269793724987	-0.0777659987522838	-0.096658294987072	-0.0967155416894469	-0.102814246706663	-0.184408652413997	-0.187552027482285	-0.133138420405325	-0.213545771621718	-0.0713482741227768	-0.125549762790785	-0.186912472554395	-0.0918471723973434	-0.180035619261732
