700108602	700014971	700033565	700109389	700023058	700023927	700106341	700114221	700023543	700023439	700016978	700024192	700113058	700099448	700109870	700033928	700023693	700109627	700095416	700110425	700111580	700111302	700098605	700111991	700108960	700024452	700032931	700095837	700024548	700110161	700023496	700034628	700023645	700038744	700038485	700024743	700099596	700110760	700101587	700106399	700032322	700095653	700021312	700101230	700023590	700038905	700033136	700023382	700096424	700105469	700016908	700096053	700108479	700109569	700033814	700016125	700109756	700102665	700101777	700109455
700108602	0	-0.160118710128284	-0.213619354911037	-0.11966210550585	-0.147797036549616	-0.216026729053827	-0.0796481388950148	-0.229266584352889	-0.0972755367164023	-0.219576865473354	-0.152342743976026	-0.217005171385976	-0.231938388067144	-0.168789216879811	-0.221539239767458	-0.127737066342381	-0.227713189333245	-0.200137964747186	-0.1017458989471	-0.0949485239484291	-0.113584192204455	-0.151307219792706	-0.111790976598594	-0.0719687710255038	-0.116015010763773	-0.131968281155719	-0.171954771561679	-0.179076047065854	-0.19346801367296	-0.213125193278923	-0.195091052314266	-0.161050872395287	-0.156612574936394	-0.194119268208961	-0.117808846853986	-0.13785364708943	-0.163884027656197	-0.22294714644785	-0.090615423619809	-0.261569006382331	-0.114087682060499	-0.213377958213562	-0.1519891391187	-0.142637454729276	-0.185061272181987	-0.177701113296048	-0.122100212883688	-0.208641000595847	-0.166996597853139	-0.188049459230969	-0.158202502274031	-0.0751059804400762	-0.0882412841896212	-0.128830470001767	-0.0819970752843198	-0.208372645168578	-0.135086343584264	-0.0878844263996056	-0.180632744149874	-0.117385086843848
700014971	-0.160118710128284	0	-0.188335909945702	-0.211207923909957	-0.113991881265286	-0.173965039329379	-0.168593228417622	-0.150676572846618	-0.141969120973069	-0.137941418526505	-0.124675205246842	-0.190575423573789	-0.14205486195894	-0.122961710830235	-0.174341303469826	-0.151097331341472	-0.137133294913669	-0.163468850266287	-0.147534512235295	-0.153800027575135	-0.155315270105669	-0.148678196608198	-0.124066343816895	-0.156680107450057	-0.189859931749059	-0.151371940702877	-0.105092480887897	-0.125551351507812	-0.126376118659172	-0.134643880586054	-0.127951744810887	-0.162036806846926	-0.122645402315852	-0.132435285044204	-0.139610392433336	-0.123825527409691	-0.149444689500453	-0.180408000729092	-0.137854071624867	-0.167155987101096	-0.135814898343407	-0.149568472708713	-0.128674773797761	-0.1452080354484	-0.124945060932647	-0.120650597948246	-0.100497922607613	-0.154700643956668	-0.117507207190295	-0.173373894317157	-0.1657755963611	-0.150272677470894	-0.167419535580663	-0.106231694058479	-0.171852098234144	-0.145206094460562	-0.152479298290703	-0.169196390807251	-0.165641536043653	-0.157020371804928
700033565	-0.213619354911037	-0.188335909945702	0	-0.230512415602241	-0.18797031145175	-0.0700952287317079	-0.20947082167409	-0.110419029216935	-0.187292806722082	-0.0974555213018728	-0.100411484096893	-0.0685776548373845	-0.126089513745529	-0.140266281319588	-0.0959053530689968	-0.129795798550765	-0.118510379493038	-0.107090427326958	-0.168957851995571	-0.180594115726651	-0.171839147832901	-0.0904928183427367	-0.192275055316627	-0.187141565112866	-0.182473514862315	-0.208073220579241	-0.15998573429028	-0.184148988633324	-0.172072090237054	-0.119714667280432	-0.113994732255447	-0.141723065829347	-0.118348442042556	-0.0954798904912054	-0.205726387740902	-0.131757888889341	-0.167064484742998	-0.104530851282779	-0.179925204777835	-0.149172750575576	-0.155694242266727	-0.082597382766664	-0.156167502558495	-0.153686414547424	-0.123940445753779	-0.135068003978455	-0.165073927130105	-0.0870824563036703	-0.138342083246351	-0.081593837426768	-0.0900994042219055	-0.218199311744751	-0.203361650939351	-0.143200778224773	-0.232265042609501	-0.107331410105697	-0.148763636579558	-0.200339183501775	-0.0801856226957119	-0.184890869201378
700109389	-0.11966210550585	-0.211207923909957	-0.230512415602241	0	-0.192307110778922	-0.25187117578161	-0.102468911346815	-0.249334978923389	-0.173683208012872	-0.242289723932348	-0.202122003017951	-0.230194462271486	-0.241791536863407	-0.215408534065881	-0.230555639365715	-0.174441457659408	-0.248222426880213	-0.247776273144307	-0.182110363236192	-0.108928043967806	-0.150346855403778	-0.199236699679332	-0.148651939851688	-0.149047551512944	-0.152809737034152	-0.157782287784653	-0.23195559915057	-0.210032923357557	-0.189535719730027	-0.233087833678526	-0.239776114639576	-0.217017875630683	-0.187931328821572	-0.222924636997612	-0.15228215777612	-0.175467314753846	-0.236326795290247	-0.261602056261105	-0.149589034991174	-0.243902508252899	-0.162841937900999	-0.231615799729948	-0.214830739124129	-0.188562584936617	-0.20538727081732	-0.19840966829926	-0.188180842358991	-0.228582703836641	-0.211724193154445	-0.216002656959969	-0.186060445546388	-0.11489515226149	-0.0824315625245822	-0.184610908638002	-0.123451307043236	-0.237040949174595	-0.133206743639021	-0.122290068812496	-0.191250447050292	-0.165766336015879
700023058	-0.147797036549616	-0.113991881265286	-0.18797031145175	-0.192307110778922	0	-0.179522958896099	-0.164151390856227	-0.171469419052866	-0.123396522775085	-0.166142492172762	-0.145731643780303	-0.19212864132423	-0.175531211779648	-0.133624255479088	-0.180366843501276	-0.141898716851027	-0.166139160990123	-0.160665316636277	-0.13679969104567	-0.153971274862462	-0.170207243771931	-0.158407382506046	-0.142912395672611	-0.133737975167209	-0.195715283069956	-0.124978566604656	-0.142823748196324	-0.144050091151681	-0.158457398944521	-0.156856390649387	-0.139539018830002	-0.187747541439493	-0.137569423133232	-0.141143736552724	-0.120346300716469	-0.15311129293733	-0.135341420420567	-0.163537798836398	-0.121940258256375	-0.206043905370383	-0.139211975653204	-0.173090880134127	-0.111754649184771	-0.163548525286034	-0.153844918403791	-0.144449545504776	-0.112506090388443	-0.168291589838567	-0.13712789743718	-0.187036164549881	-0.178706977622043	-0.146347596889255	-0.154953441750075	-0.121731198332518	-0.15272876220721	-0.174812515939278	-0.174425806490901	-0.171325030488249	-0.175952322825868	-0.149580371839426
700023927	-0.216026729053827	-0.173965039329379	-0.0700952287317079	-0.25187117578161	-0.179522958896099	0	-0.230718542942032	-0.119935469199187	-0.188715799716849	-0.0929462785645937	-0.121366756007346	-0.0978573784577285	-0.130090021776898	-0.104023533817924	-0.1121712999365	-0.147624753360737	-0.123188596438648	-0.0803870983289152	-0.170644065359075	-0.203733899497631	-0.179851612978179	-0.11938827304016	-0.185380079637163	-0.192722811814735	-0.200394561819924	-0.207470565244417	-0.14385266478021	-0.198194406787964	-0.181079752456548	-0.113953540864136	-0.0793532499519076	-0.160390268954589	-0.138699104358821	-0.081610528152901	-0.202578512491303	-0.16017371246584	-0.143898528770648	-0.074966818278592	-0.195011979133066	-0.15369375616587	-0.158544451086577	-0.0992333346211157	-0.13719918969917	-0.175368038216554	-0.138577022487469	-0.130968457463536	-0.153824738821435	-0.106777399976166	-0.0987902355516944	-0.0938673675565967	-0.112251669796882	-0.22759404193489	-0.22380423785927	-0.130211531792062	-0.232806195008804	-0.110833645853035	-0.159201990341259	-0.218201303784166	-0.0948522015306818	-0.198433759148285
700106341	-0.0796481388950148	-0.168593228417622	-0.20947082167409	-0.102468911346815	-0.164151390856227	-0.230718542942032	0	-0.230358614593891	-0.112231252839953	-0.217747003674897	-0.152377615233791	-0.198754842526947	-0.224873896271021	-0.19109178605343	-0.212779965631245	-0.141483223134417	-0.224486248230251	-0.229452285370734	-0.127397845184578	-0.0790125694175882	-0.101185723348779	-0.143724648840151	-0.125327806457143	-0.116625102674732	-0.0990127476318722	-0.167121438970649	-0.211002252860339	-0.197711152248292	-0.198550010776266	-0.224410965908623	-0.205515689609634	-0.134952684244443	-0.152786681808049	-0.196250593690081	-0.157508075985337	-0.121536379994223	-0.200508386526254	-0.240765658509817	-0.0974236113880595	-0.251284451150236	-0.126718077298309	-0.205914273444593	-0.165809817540993	-0.13429444827294	-0.180331433458151	-0.182710778766658	-0.151826852813899	-0.193000524806831	-0.186240395938899	-0.172774278254064	-0.160169425058378	-0.0721568674650092	-0.0751296902790057	-0.141112916179896	-0.11888898643144	-0.200628015587446	-0.111891182352157	-0.0738668116232716	-0.174100368074484	-0.0959867433773955
700114221	-0.229266584352889	-0.150676572846618	-0.110419029216935	-0.249334978923389	-0.171469419052866	-0.119935469199187	-0.230358614593891	0	-0.2038157369516	-0.0649341760820365	-0.146037686812196	-0.126977899801184	-0.0849443476433154	-0.141810703678625	-0.099343687042606	-0.170662622459327	-0.0551731536342736	-0.142066363541053	-0.205676836548819	-0.201759693483576	-0.206573065176986	-0.161372484548977	-0.194705147121108	-0.207717910944936	-0.238715506575478	-0.208317042883701	-0.125582876527124	-0.164137504727142	-0.145417071136525	-0.100203719238786	-0.114194398806901	-0.18882806029067	-0.142904134349709	-0.114815101324447	-0.216610350448651	-0.150715123508371	-0.186489406549804	-0.111919374461962	-0.194870179167406	-0.101211324369907	-0.166193325666453	-0.0891716704424327	-0.174271831754337	-0.181367854630743	-0.106094517135149	-0.130717299232625	-0.157073576706456	-0.0933246831688232	-0.140163119133848	-0.13475395961908	-0.158873534774695	-0.226974710928211	-0.222646729666739	-0.157654885432386	-0.249103236874147	-0.0948390944993486	-0.172178538813722	-0.236743304267914	-0.136566194702635	-0.210620179335242
700023543	-0.0972755367164023	-0.141969120973069	-0.187292806722082	-0.173683208012872	-0.123396522775085	-0.188715799716849	-0.112231252839953	-0.2038157369516	0	-0.186839388546212	-0.128988782300945	-0.193420073807419	-0.212142729991464	-0.157785222171666	-0.196625736540164	-0.107631200228433	-0.200410793861018	-0.187438923769562	-0.0902564436093982	-0.118267932291391	-0.116902095867711	-0.123354133941644	-0.123578391224903	-0.100281850134969	-0.125643397305914	-0.137803433225287	-0.164154920039036	-0.164771371180025	-0.197598444056882	-0.184632678012506	-0.169992277711423	-0.119036127549389	-0.137867783319282	-0.162267983043816	-0.121429969137083	-0.132649842563537	-0.151872628766388	-0.202023872966038	-0.0792018282158174	-0.241288971991213	-0.112987531544086	-0.18761625179442	-0.131614327099943	-0.100945304949253	-0.170960770741211	-0.165594331817118	-0.101482674562404	-0.178266614140326	-0.164392479684901	-0.156723960618252	-0.146887519966364	-0.0849975136624244	-0.117412247762117	-0.119537498715031	-0.116775983956989	-0.180805176427984	-0.147103906099802	-0.0974323144714737	-0.157040258303668	-0.0956548569638578
700023439	-0.219576865473354	-0.137941418526505	-0.0974555213018728	-0.242289723932348	-0.166142492172762	-0.0929462785645937	-0.217747003674897	-0.0649341760820365	-0.186839388546212	0	-0.11947152598494	-0.109119462923392	-0.0797161446006585	-0.124791530597339	-0.104823335843982	-0.148834152045429	-0.0669621633755485	-0.116601336841227	-0.183293892360578	-0.193217299584465	-0.178264860418308	-0.13757211009538	-0.184308631577421	-0.191668321249185	-0.212367018061339	-0.202491928465076	-0.124379467845605	-0.1568223532363	-0.135764400325573	-0.0950607659065939	-0.0889263315865128	-0.16725649131448	-0.111011498493766	-0.0798348092042809	-0.205328110713995	-0.144626258228374	-0.165216558074995	-0.107422092341834	-0.185343317641715	-0.0950605031487852	-0.144659430312933	-0.0671795008910251	-0.15142411806869	-0.165781576199621	-0.08775465594164	-0.117528820025687	-0.137370216125527	-0.0753982808031441	-0.113361510390986	-0.111237817097169	-0.130270295633557	-0.21455561870152	-0.215192991551061	-0.134950543274383	-0.236689614295087	-0.0720237825671724	-0.155150970823786	-0.213531921990935	-0.114597578257322	-0.191876545446953
700016978	-0.152342743976026	-0.124675205246842	-0.100411484096893	-0.202122003017951	-0.145731643780303	-0.121366756007346	-0.152377615233791	-0.146037686812196	-0.128988782300945	-0.11947152598494	0	-0.105989168997901	-0.143016775028066	-0.121899661411434	-0.146731578900971	-0.0958012520124001	-0.137434498634668	-0.111138700704875	-0.120333890974029	-0.124621336037718	-0.122074670916551	-0.0554288726426032	-0.14327225013656	-0.143109651566405	-0.127960719128723	-0.179982427975473	-0.127780749678693	-0.136221566281676	-0.162567475123231	-0.138943788056868	-0.098002150474079	-0.102750727845658	-0.0697219367706176	-0.0860675125964104	-0.163344834280669	-0.0952639772576112	-0.118093675414433	-0.15273925036757	-0.118464809233316	-0.176939041231122	-0.104782076570442	-0.113115585782086	-0.100197718920261	-0.0975755874192102	-0.114848767227359	-0.122751249423869	-0.112948571199526	-0.108027409945321	-0.107488242998426	-0.0971283006224908	-0.0879426702788869	-0.154103661555666	-0.158363683025273	-0.0948563101525238	-0.177385451645952	-0.110684498727657	-0.122753931920394	-0.139701544499483	-0.0970623963598125	-0.134312854973141
700024192	-0.217005171385976	-0.190575423573789	-0.0685776548373845	-0.230194462271486	-0.19212864132423	-0.0978573784577285	-0.198754842526947	-0.126977899801184	-0.193420073807419	-0.109119462923392	-0.105989168997901	0	-0.112326150717539	-0.15706670486446	-0.0951854268211852	-0.140814155975381	-0.129136450391153	-0.118898438004445	-0.175189939207329	-0.178492210021284	-0.170240325730041	-0.0986048028501289	-0.196005554996976	-0.210618965025252	-0.184040048737293	-0.220388027790035	-0.166201802492776	-0.183050296468942	-0.169240991293531	-0.136265177831197	-0.108618888173949	-0.132225506836242	-0.118720948394699	-0.0974039572903618	-0.225395864030165	-0.139605422805505	-0.175673899634962	-0.108578460183603	-0.188520657781123	-0.144095440175637	-0.156084711020729	-0.0680491297051502	-0.163429751025891	-0.146068788765099	-0.109589816247266	-0.14373077813849	-0.168231249470324	-0.0860853112160199	-0.139226553263665	-0.0775539215019145	-0.103782145812985	-0.224020951288645	-0.208665727218632	-0.145172150802758	-0.248453190626353	-0.0985415008370705	-0.141990655784536	-0.20371517670796	-0.100409995826355	-0.181819369274545
700113058	-0.231938388067144	-0.14205486195894	-0.126089513745529	-0.241791536863407	-0.175531211779648	-0.130090021776898	-0.224873896271021	-0.0849443476433154	-0.212142729991464	-0.0797161446006585	-0.143016775028066	-0.112326150717539	0	-0.148478266760895	-0.0927605322491125	-0.17925949542227	-0.0907985240549337	-0.152642121935196	-0.21595072873791	-0.199154339207682	-0.200598343361304	-0.160990427992356	-0.197581655479307	-0.225374083641973	-0.233326405814444	-0.2165055780212	-0.13121214421375	-0.137607168044231	-0.121877522293336	-0.0922531052041248	-0.12821413627469	-0.186621804904952	-0.140464997483288	-0.112671625522106	-0.222753613065419	-0.166439132697911	-0.192050536035035	-0.128728477597669	-0.198885016860089	-0.0974030012734223	-0.172554228437305	-0.0789097783157124	-0.193294591489319	-0.181986742553422	-0.101924784239695	-0.127065826145439	-0.17185439828876	-0.0958086538687545	-0.143920309755992	-0.13613526316462	-0.160893471394436	-0.226357739377808	-0.222198815726403	-0.168665265406095	-0.258029811558282	-0.0820714934185651	-0.166752185358371	-0.237347298299347	-0.132436538661429	-0.206914080528607
700099448	-0.168789216879811	-0.122961710830235	-0.140266281319588	-0.215408534065881	-0.133624255479088	-0.104023533817924	-0.19109178605343	-0.141810703678625	-0.157785222171666	-0.124791530597339	-0.121899661411434	-0.15706670486446	-0.148478266760895	0	-0.14039258126461	-0.138962408528886	-0.135386193033272	-0.103208606442328	-0.138541883879995	-0.157532806487339	-0.15933534855687	-0.142690638744938	-0.144714754909737	-0.144462388614851	-0.187710129611504	-0.151518695983585	-0.110657485245145	-0.171665480975398	-0.143721204832298	-0.115528432878465	-0.0866524670094091	-0.177147328769922	-0.115829646760395	-0.0978572494870504	-0.149850719572283	-0.137773039874175	-0.118011888276433	-0.115741587336422	-0.154233414906492	-0.179141260992389	-0.131952649617933	-0.133303674998287	-0.100524762917611	-0.165495808062567	-0.117892145832939	-0.104968881343078	-0.111524436212974	-0.132183374422783	-0.0612191702824933	-0.144261213187073	-0.132562613398505	-0.176129032990074	-0.182497930689759	-0.103082181226198	-0.179171749690529	-0.130704847473738	-0.131502379184537	-0.183318720945481	-0.123083125860916	-0.170972748047659
700109870	-0.221539239767458	-0.174341303469826	-0.0959053530689968	-0.230555639365715	-0.180366843501276	-0.1121712999365	-0.212779965631245	-0.099343687042606	-0.196625736540164	-0.104823335843982	-0.146731578900971	-0.0951854268211852	-0.0927605322491125	-0.14039258126461	0	-0.172844495477209	-0.09873589436243	-0.145979993932487	-0.198727273746131	-0.185465778892872	-0.176166078304176	-0.142935665360207	-0.1787631317695	-0.215353453854888	-0.218254804467586	-0.211769808176601	-0.15952202905205	-0.185051560373217	-0.142402150773296	-0.106741787606345	-0.12293973464691	-0.168462828130078	-0.150267853865964	-0.124568808648765	-0.221804896818475	-0.153682358786801	-0.193947671821147	-0.0960388378392944	-0.193309705099135	-0.109934794438853	-0.176993972282384	-0.0775313470508617	-0.187848732965576	-0.170393856723716	-0.111014234076105	-0.114472472698833	-0.166376915488725	-0.0766203626692189	-0.139340499610071	-0.11353118952173	-0.139749095942914	-0.219572739942515	-0.20733115438472	-0.15550524416339	-0.242591465632228	-0.0986017375841018	-0.147466719561278	-0.22122135986046	-0.113916344556744	-0.190806043287006
700033928	-0.127737066342381	-0.151097331341472	-0.129795798550765	-0.174441457659408	-0.141898716851027	-0.147624753360737	-0.141483223134417	-0.170662622459327	-0.107631200228433	-0.148834152045429	-0.0958012520124001	-0.140814155975381	-0.17925949542227	-0.138962408528886	-0.172844495477209	0	-0.167545201479263	-0.137867977908373	-0.102115443949117	-0.126720370878548	-0.124735726821293	-0.0963717272292542	-0.13608892439542	-0.0972335800731328	-0.141881752684608	-0.143947758412599	-0.146003955721909	-0.136995601515738	-0.17452637588824	-0.160035293186061	-0.134332202958443	-0.129850373498838	-0.0847620773992898	-0.124914947245933	-0.13413152675901	-0.137078222460814	-0.135069631078808	-0.176151266531927	-0.108588286259566	-0.207962592300199	-0.0805668704629835	-0.140049877370121	-0.127073991476587	-0.123902742874383	-0.131027875172621	-0.138383566360755	-0.100422051813769	-0.141375197935335	-0.137046503149693	-0.116808857288064	-0.0961993124175202	-0.132450607868846	-0.133996199144662	-0.114389194616271	-0.149414137641427	-0.137592711924856	-0.133473380999696	-0.126207013448387	-0.118584484900991	-0.124181316682454
700023693	-0.227713189333245	-0.137133294913669	-0.118510379493038	-0.248222426880213	-0.166139160990123	-0.123188596438648	-0.224486248230251	-0.0551731536342736	-0.200410793861018	-0.0669621633755485	-0.137434498634668	-0.129136450391153	-0.0907985240549337	-0.135386193033272	-0.09873589436243	-0.167545201479263	0	-0.136780965453318	-0.20053604255142	-0.198802821240751	-0.187918604636545	-0.157885728182684	-0.185190494221612	-0.20329202473676	-0.236406645502245	-0.204764633493344	-0.123961283173764	-0.1617206903935	-0.122048183905136	-0.110146878108345	-0.103209875434097	-0.186317151955752	-0.133767117460414	-0.105858846770776	-0.208506946413008	-0.150013163415286	-0.181021027813035	-0.121792175228241	-0.191409128823153	-0.0847621154986941	-0.163791721621261	-0.08454513141858	-0.165374327058702	-0.180073923059564	-0.0883752302630079	-0.0958473077119738	-0.145361573420208	-0.0870093252862848	-0.129144161968427	-0.137835927934892	-0.156763580471499	-0.222752492720078	-0.217118068810711	-0.151485667978972	-0.242130208491077	-0.0937042167955407	-0.167390087825398	-0.234044894092159	-0.137559048357767	-0.208318376337263
700109627	-0.200137964747186	-0.163468850266287	-0.107090427326958	-0.247776273144307	-0.160665316636277	-0.0803870983289152	-0.229452285370734	-0.142066363541053	-0.187438923769562	-0.116601336841227	-0.111138700704875	-0.118898438004445	-0.152642121935196	-0.103208606442328	-0.145979993932487	-0.137867977908373	-0.136780965453318	0	-0.169681902446476	-0.19001528047908	-0.194444371543138	-0.132190002412953	-0.190981414224109	-0.167206803139143	-0.197463900746729	-0.203777644619176	-0.132656134635299	-0.18096906987989	-0.196909230928752	-0.128819989635195	-0.085441575658629	-0.174022414974861	-0.128130922266197	-0.0962271727382493	-0.192709007664395	-0.168704393924755	-0.114281192880468	-0.0984527136907765	-0.191325121806779	-0.181577408587851	-0.156450352566342	-0.122998214341247	-0.113888471748897	-0.159905676281342	-0.147264204215613	-0.153385920302611	-0.153409076184362	-0.13703406508953	-0.0920069830809127	-0.131906361988015	-0.114930070947365	-0.220046682265614	-0.215086272511419	-0.133503067057629	-0.214383289388925	-0.131172831734363	-0.180111373779708	-0.20827117919414	-0.137920128084129	-0.207203279262892
700095416	-0.1017458989471	-0.147534512235295	-0.168957851995571	-0.182110363236192	-0.13679969104567	-0.170644065359075	-0.127397845184578	-0.205676836548819	-0.0902564436093982	-0.183293892360578	-0.120333890974029	-0.175189939207329	-0.21595072873791	-0.138541883879995	-0.198727273746131	-0.102115443949117	-0.20053604255142	-0.169681902446476	0	-0.128967324870744	-0.104741508291439	-0.117995505316938	-0.125031954552043	-0.0897102334869869	-0.12303356505213	-0.142870866151884	-0.160379363857408	-0.170707166861398	-0.188028986843205	-0.192344614653628	-0.150752307832382	-0.125038757426659	-0.119725035459972	-0.155757076314084	-0.122481207119111	-0.133052039765003	-0.134278752903205	-0.183485529646715	-0.0994451081748996	-0.242349472012494	-0.0928111926733196	-0.184118093248845	-0.101448150660451	-0.129466632594703	-0.158377142723148	-0.149047581048219	-0.0937507897114282	-0.174817546074397	-0.142184572307337	-0.15108113957316	-0.12354013796665	-0.120827396729225	-0.131684265727961	-0.094849253302897	-0.122185300584896	-0.178950358563343	-0.131542880597571	-0.112055995515551	-0.150538433117942	-0.117641683742779
700110425	-0.0949485239484291	-0.153800027575135	-0.180594115726651	-0.108928043967806	-0.153971274862462	-0.203733899497631	-0.0790125694175882	-0.201759693483576	-0.118267932291391	-0.193217299584465	-0.124621336037718	-0.178492210021284	-0.199154339207682	-0.157532806487339	-0.185465778892872	-0.126720370878548	-0.198802821240751	-0.19001528047908	-0.128967324870744	0	-0.100237350434436	-0.12339649027028	-0.112791029595612	-0.105275885130125	-0.0916048572039472	-0.160836005130329	-0.178498021005349	-0.163425178410524	-0.174153591571289	-0.183009730164298	-0.181844663374716	-0.146474738500189	-0.123415760307698	-0.172870141149178	-0.144817116902477	-0.109654039334326	-0.172860609874859	-0.21115845235321	-0.101571037159598	-0.23088693909079	-0.109012440886272	-0.175203809552296	-0.149943282720029	-0.102455369130224	-0.152986162943112	-0.158208105699318	-0.119426460064501	-0.171839126988711	-0.154400789669329	-0.159651177336226	-0.136955703517173	-0.0832413937571452	-0.0626696616528818	-0.115910277863425	-0.113440144530831	-0.18003647948958	-0.0781938005268078	-0.0770557226995728	-0.143161901761744	-0.108138635655875
700111580	-0.113584192204455	-0.155315270105669	-0.171839147832901	-0.150346855403778	-0.170207243771931	-0.179851612978179	-0.101185723348779	-0.206573065176986	-0.116902095867711	-0.178264860418308	-0.122074670916551	-0.170240325730041	-0.200598343361304	-0.15933534855687	-0.176166078304176	-0.124735726821293	-0.187918604636545	-0.194444371543138	-0.104741508291439	-0.100237350434436	0	-0.108638414044226	-0.115364876385671	-0.125338746233608	-0.0803207570261902	-0.180413802666047	-0.193626191716978	-0.19202528355496	-0.162392343166582	-0.201802627140135	-0.164849319790698	-0.117296777781915	-0.127494490629977	-0.167175999809395	-0.17439921003792	-0.119247759912485	-0.179574949728301	-0.191538907688179	-0.117373984373162	-0.222434567872413	-0.0998535576741529	-0.164147162826719	-0.138964863755011	-0.125089437749369	-0.134198069467894	-0.141198475905249	-0.120551713624432	-0.15288243828896	-0.138068110000355	-0.135691719848454	-0.120858587844435	-0.11122713248683	-0.113629942566958	-0.101901745526885	-0.145626899923447	-0.168733574229771	-0.0833963614947651	-0.0773442883340389	-0.127471958973837	-0.0943354534678199
700111302	-0.151307219792706	-0.148678196608198	-0.0904928183427367	-0.199236699679332	-0.158407382506046	-0.11938827304016	-0.143724648840151	-0.161372484548977	-0.123354133941644	-0.13757211009538	-0.0554288726426032	-0.0986048028501289	-0.160990427992356	-0.142690638744938	-0.142935665360207	-0.0963717272292542	-0.157885728182684	-0.132190002412953	-0.117995505316938	-0.12339649027028	-0.108638414044226	0	-0.151681084361749	-0.147475761689643	-0.112261698933455	-0.188341463021849	-0.156428326674419	-0.155380126870446	-0.177197094915191	-0.154017834828259	-0.121344251287137	-0.0811548677076949	-0.0806555156488151	-0.100490100641785	-0.175624066042115	-0.106043636660161	-0.136844314491056	-0.154832882535721	-0.12532197011092	-0.193283990640543	-0.119137929450585	-0.114990531969465	-0.118242981202185	-0.100460121761075	-0.118817251079121	-0.143592778724033	-0.125085954230693	-0.106887949523623	-0.129532815698555	-0.0701698729598251	-0.0717292193654799	-0.152136027143757	-0.155036284444694	-0.104289253061897	-0.187749631543426	-0.120177918280631	-0.113235075901394	-0.134562640080601	-0.0803850502068669	-0.126090793670087
700098605	-0.111790976598594	-0.124066343816895	-0.192275055316627	-0.148651939851688	-0.142912395672611	-0.185380079637163	-0.125327806457143	-0.194705147121108	-0.123578391224903	-0.184308631577421	-0.14327225013656	-0.196005554996976	-0.197581655479307	-0.144714754909737	-0.1787631317695	-0.13608892439542	-0.185190494221612	-0.190981414224109	-0.125031954552043	-0.112791029595612	-0.115364876385671	-0.151681084361749	0	-0.122841804750367	-0.157533487223328	-0.135182046660982	-0.148763265994876	-0.158806426811802	-0.155348625390744	-0.184052115589622	-0.162198636792183	-0.165035636845262	-0.140344522465978	-0.166326518159306	-0.131155457828646	-0.129608818390451	-0.155498670967035	-0.189828301362658	-0.10865837415476	-0.204073239791441	-0.119230173422796	-0.18636705252017	-0.148173676094771	-0.135764953895176	-0.166858785942301	-0.134488266390062	-0.112155258602074	-0.172684047463542	-0.142184382461466	-0.170777386686027	-0.163745879032282	-0.117738358762709	-0.121370513086492	-0.113555458993297	-0.10824356462716	-0.177758050253196	-0.123974164530527	-0.133019812917153	-0.156946119573964	-0.116073444550545
700111991	-0.0719687710255038	-0.156680107450057	-0.187141565112866	-0.149047551512944	-0.133737975167209	-0.192722811814735	-0.116625102674732	-0.207717910944936	-0.100281850134969	-0.191668321249185	-0.143109651566405	-0.210618965025252	-0.225374083641973	-0.144462388614851	-0.215353453854888	-0.0972335800731328	-0.20329202473676	-0.167206803139143	-0.0897102334869869	-0.105275885130125	-0.125338746233608	-0.147475761689643	-0.122841804750367	0	-0.132997661849479	-0.113306271932403	-0.154907231673015	-0.164280209484434	-0.180334997065072	-0.194953799973635	-0.170174816476708	-0.170766954925075	-0.135049232610334	-0.170061588518388	-0.103206258749936	-0.136123581294109	-0.1451750083755	-0.201135701003877	-0.101621539486597	-0.249231245530583	-0.0979616929637924	-0.203869872520588	-0.124491248209538	-0.144133160623152	-0.167052109515236	-0.158745786667918	-0.0955252492685	-0.193532056955214	-0.153290686748218	-0.182598523933129	-0.139593621366506	-0.103803253907244	-0.108318858198147	-0.10896438764132	-0.080420036690193	-0.195662782178977	-0.138291855888512	-0.108906932341606	-0.172310786866742	-0.13700045603399
700108960	-0.116015010763773	-0.189859931749059	-0.182473514862315	-0.152809737034152	-0.195715283069956	-0.200394561819924	-0.0990127476318722	-0.238715506575478	-0.125643397305914	-0.212367018061339	-0.127960719128723	-0.184040048737293	-0.233326405814444	-0.187710129611504	-0.218254804467586	-0.141881752684608	-0.236406645502245	-0.197463900746729	-0.12303356505213	-0.0916048572039472	-0.0803207570261902	-0.112261698933455	-0.157533487223328	-0.132997661849479	0	-0.21342624498889	-0.222258153406429	-0.209205461769899	-0.211965080386689	-0.21887645058966	-0.20108190906756	-0.108385987661421	-0.14322779743118	-0.187146242043233	-0.188516888286765	-0.124696343209236	-0.193470352892528	-0.22897386114699	-0.119439222639559	-0.265673208998304	-0.131451026763681	-0.192694242938274	-0.158400830862275	-0.115044820581548	-0.17928999842075	-0.19573658386102	-0.163593834645906	-0.192189871232267	-0.174242368887466	-0.14377032132634	-0.119378789709849	-0.112508531693876	-0.103181228823936	-0.127475779322589	-0.141259140604365	-0.19829424519579	-0.103595379066753	-0.072001782329927	-0.14059328158893	-0.0968105286534485
700024452	-0.131968281155719	-0.151371940702877	-0.208073220579241	-0.157782287784653	-0.124978566604656	-0.207470565244417	-0.167121438970649	-0.208317042883701	-0.137803433225287	-0.202491928465076	-0.179982427975473	-0.220388027790035	-0.2165055780212	-0.151518695983585	-0.211769808176601	-0.143947758412599	-0.204764633493344	-0.203777644619176	-0.142870866151884	-0.160836005130329	-0.180413802666047	-0.188341463021849	-0.135182046660982	-0.113306271932403	-0.21342624498889	0	-0.156659165911286	-0.16706176581	-0.142505556738957	-0.192649890511338	-0.183810001226364	-0.212380206081981	-0.169568492347747	-0.18193528428684	-0.0673975121961055	-0.16416068859016	-0.177924964445771	-0.203160156143756	-0.134524249888495	-0.223206180714431	-0.147835422155064	-0.210014632899593	-0.158431909262146	-0.188930140077777	-0.174415955550283	-0.146919818911697	-0.112193658712789	-0.203618647996654	-0.162779980843851	-0.199410841629345	-0.184887141769492	-0.135764204264096	-0.150187729261199	-0.148886903105634	-0.117384303832361	-0.209961296549178	-0.164042554733068	-0.182657896836082	-0.181634845587819	-0.183300697455195
700032931	-0.171954771561679	-0.105092480887897	-0.15998573429028	-0.23195559915057	-0.142823748196324	-0.14385266478021	-0.211002252860339	-0.125582876527124	-0.164154920039036	-0.124379467845605	-0.127780749678693	-0.166201802492776	-0.13121214421375	-0.110657485245145	-0.15952202905205	-0.146003955721909	-0.123961283173764	-0.132656134635299	-0.160379363857408	-0.178498021005349	-0.193626191716978	-0.156428326674419	-0.148763265994876	-0.154907231673015	-0.222258153406429	-0.156659165911286	0	-0.131831868529877	-0.149691195472923	-0.119588999937053	-0.111484786859167	-0.18834749860248	-0.131331034236074	-0.120792819629474	-0.157250394418219	-0.155201953117627	-0.127972405417215	-0.150309985404238	-0.164547343724365	-0.155140269932295	-0.148055323433851	-0.136638501000533	-0.135239099481312	-0.171033928076689	-0.128542015569584	-0.124881749658666	-0.116891951085937	-0.139124409454007	-0.10937252175208	-0.151502470804775	-0.162227369552789	-0.187371997894894	-0.200084945006125	-0.132459896056639	-0.182389080265345	-0.128221864948023	-0.171098782950395	-0.212935811013243	-0.149420075455804	-0.199517206754004
700095837	-0.179076047065854	-0.125551351507812	-0.184148988633324	-0.210032923357557	-0.144050091151681	-0.198194406787964	-0.197711152248292	-0.164137504727142	-0.164771371180025	-0.1568223532363	-0.136221566281676	-0.183050296468942	-0.137607168044231	-0.171665480975398	-0.185051560373217	-0.136995601515738	-0.1617206903935	-0.18096906987989	-0.170707166861398	-0.163425178410524	-0.19202528355496	-0.155380126870446	-0.158806426811802	-0.164280209484434	-0.209205461769899	-0.16706176581	-0.131831868529877	0	-0.128045685216176	-0.125177888875683	-0.16032051400009	-0.191632015616059	-0.131407178004945	-0.14706103724694	-0.155139681754424	-0.163118683263923	-0.168147388873584	-0.209062660295875	-0.149624572600436	-0.185374853475417	-0.139408405317111	-0.159370655086666	-0.167183291755535	-0.154490588647486	-0.141366075926667	-0.152802830761177	-0.140288307580056	-0.166518123158566	-0.173917639700585	-0.179950056904601	-0.163793149048612	-0.171027211845372	-0.174315052591512	-0.156268531547971	-0.188515402141318	-0.154391635484114	-0.18339587617153	-0.192684623032267	-0.172407805315733	-0.191967219950499
700024548	-0.19346801367296	-0.126376118659172	-0.172072090237054	-0.189535719730027	-0.158457398944521	-0.181079752456548	-0.198550010776266	-0.145417071136525	-0.197598444056882	-0.135764400325573	-0.162567475123231	-0.169240991293531	-0.121877522293336	-0.143721204832298	-0.142402150773296	-0.17452637588824	-0.122048183905136	-0.196909230928752	-0.188028986843205	-0.174153591571289	-0.162392343166582	-0.177197094915191	-0.155348625390744	-0.180334997065072	-0.211965080386689	-0.142505556738957	-0.149691195472923	-0.128045685216176	0	-0.127675651099091	-0.148000974515975	-0.214340154970125	-0.146769896081931	-0.144844704699601	-0.157749356905916	-0.142924791505044	-0.204510467722229	-0.176135289317448	-0.165172914558361	-0.131964745647906	-0.147517890964598	-0.135593646936821	-0.175648329857188	-0.198890594272474	-0.0879622721055162	-0.0989443025363524	-0.149069376370127	-0.14452157810248	-0.14258627544349	-0.182471487842069	-0.168825055592835	-0.183726085337412	-0.180730987613017	-0.137211810350067	-0.185473299835368	-0.155048856456325	-0.146442011233489	-0.205956866015002	-0.165042664140337	-0.203699196383924
700110161	-0.213125193278923	-0.134643880586054	-0.119714667280432	-0.233087833678526	-0.156856390649387	-0.113953540864136	-0.224410965908623	-0.100203719238786	-0.184632678012506	-0.0950607659065939	-0.138943788056868	-0.136265177831197	-0.0922531052041248	-0.115528432878465	-0.106741787606345	-0.160035293186061	-0.110146878108345	-0.128819989635195	-0.192344614653628	-0.183009730164298	-0.201802627140135	-0.154017834828259	-0.184052115589622	-0.194953799973635	-0.21887645058966	-0.192649890511338	-0.119588999937053	-0.125177888875683	-0.127675651099091	0	-0.108183879223303	-0.18283871350524	-0.138282763787875	-0.0988290543830642	-0.191202196274472	-0.158064263557344	-0.163368907718862	-0.114165496847944	-0.183901237715304	-0.136685847218473	-0.16498370313362	-0.0973852968507596	-0.162258948279033	-0.168860904368275	-0.11887559032826	-0.139153128183046	-0.155753151061814	-0.10753006001775	-0.122877857694038	-0.134868215317112	-0.151132660165277	-0.207823290074175	-0.210154223957482	-0.141907089035772	-0.231340856412051	-0.110817531204269	-0.162011939909559	-0.217707689281439	-0.125824902257827	-0.201246304825331
700023496	-0.195091052314266	-0.127951744810887	-0.113994732255447	-0.239776114639576	-0.139539018830002	-0.0793532499519076	-0.205515689609634	-0.114194398806901	-0.169992277711423	-0.0889263315865128	-0.098002150474079	-0.108618888173949	-0.12821413627469	-0.0866524670094091	-0.12293973464691	-0.134332202958443	-0.103209875434097	-0.085441575658629	-0.150752307832382	-0.181844663374716	-0.164849319790698	-0.121344251287137	-0.162198636792183	-0.170174816476708	-0.20108190906756	-0.183810001226364	-0.111484786859167	-0.16032051400009	-0.148000974515975	-0.108183879223303	0	-0.156175284444513	-0.107854605233844	-0.0649642904821014	-0.181832545503871	-0.138420218976681	-0.117180341830811	-0.0950060002153082	-0.171959187685359	-0.150289232510779	-0.133401920046701	-0.0943975744706606	-0.097938002643437	-0.159264203249591	-0.0989193734668397	-0.112637932627255	-0.1206295283201	-0.0904591548443224	-0.0679490969444315	-0.116133687391643	-0.123662520102926	-0.208825686108629	-0.206325195394456	-0.0982323476333128	-0.2146171031469	-0.093564317962472	-0.144122594293404	-0.202882579264243	-0.120926518005162	-0.182252880676238
700034628	-0.161050872395287	-0.162036806846926	-0.141723065829347	-0.217017875630683	-0.187747541439493	-0.160390268954589	-0.134952684244443	-0.18882806029067	-0.119036127549389	-0.16725649131448	-0.102750727845658	-0.132225506836242	-0.186621804904952	-0.177147328769922	-0.168462828130078	-0.129850373498838	-0.186317151955752	-0.174022414974861	-0.125038757426659	-0.146474738500189	-0.117296777781915	-0.0811548677076949	-0.165035636845262	-0.170766954925075	-0.108385987661421	-0.212380206081981	-0.18834749860248	-0.191632015616059	-0.214340154970125	-0.18283871350524	-0.156175284444513	0	-0.1298619622366	-0.144454155946904	-0.196607969787755	-0.107027486401487	-0.181454988990907	-0.18027964368307	-0.143703082200274	-0.217089618824883	-0.143709411171011	-0.143869641435676	-0.152623072331622	-0.0842939848799914	-0.157220266668678	-0.179437801897897	-0.148712547006895	-0.136981226718188	-0.164025428793768	-0.0923953495457234	-0.120826889908291	-0.152227435466454	-0.162150776624618	-0.129265872681444	-0.203264567993987	-0.140378129248723	-0.131257840325373	-0.126112619653484	-0.119246423361512	-0.0922944295588039
700023645	-0.156612574936394	-0.122645402315852	-0.118348442042556	-0.187931328821572	-0.137569423133232	-0.138699104358821	-0.152786681808049	-0.142904134349709	-0.137867783319282	-0.111011498493766	-0.0697219367706176	-0.118720948394699	-0.140464997483288	-0.115829646760395	-0.150267853865964	-0.0847620773992898	-0.133767117460414	-0.128130922266197	-0.119725035459972	-0.123415760307698	-0.127494490629977	-0.0806555156488151	-0.140344522465978	-0.135049232610334	-0.14322779743118	-0.169568492347747	-0.131331034236074	-0.131407178004945	-0.146769896081931	-0.138282763787875	-0.107854605233844	-0.1298619622366	0	-0.0837173818859283	-0.160366458169731	-0.109555865154783	-0.132209404447301	-0.165033447170286	-0.124051625830331	-0.171110582546651	-0.0927224596629911	-0.108487472766814	-0.105655796366501	-0.119528126005411	-0.0972616287273789	-0.111516052386632	-0.108664935710186	-0.107966335394044	-0.115016507128538	-0.10821166048098	-0.0894634260182343	-0.153882525971487	-0.152686329989069	-0.101385587512892	-0.177378262877945	-0.0987253251641419	-0.120035032708809	-0.140157232862164	-0.102157883564392	-0.146053863678833
700038744	-0.194119268208961	-0.132435285044204	-0.0954798904912054	-0.222924636997612	-0.141143736552724	-0.081610528152901	-0.196250593690081	-0.114815101324447	-0.162267983043816	-0.0798348092042809	-0.0860675125964104	-0.0974039572903618	-0.112671625522106	-0.0978572494870504	-0.124568808648765	-0.124914947245933	-0.105858846770776	-0.0962271727382493	-0.155757076314084	-0.172870141149178	-0.167175999809395	-0.100490100641785	-0.166326518159306	-0.170061588518388	-0.187146242043233	-0.18193528428684	-0.120792819629474	-0.14706103724694	-0.144844704699601	-0.0988290543830642	-0.0649642904821014	-0.144454155946904	-0.0837173818859283	0	-0.181852077747828	-0.125457162759037	-0.127647282368799	-0.110513924039109	-0.160487170867145	-0.142346305177186	-0.12934889305807	-0.0923023699793982	-0.114465263144724	-0.152314698734656	-0.0994224056238989	-0.110042442144771	-0.130797046609159	-0.0837933100259766	-0.0878459447684462	-0.0978717793892888	-0.10704667904604	-0.199309782200241	-0.197027981276563	-0.103892629976122	-0.211972897357902	-0.0859123789045572	-0.142676214669583	-0.193312080332935	-0.0981401638770122	-0.179506142172827
