700108602	700014971	700033565	700109389	700023058	700023927	700106341	700114221	700023543	700023439	700016978	700024192	700113058	700099448	700109870	700033928	700023693	700109627	700095416	700110425	700111580	700111302	700098605	700111991	700108960	700024452	700032931	700095837	700024548	700110161	700023496	700034628	700023645	700038744	700038485	700024743	700099596	700110760	700101587	700106399	700032322	700095653	700021312	700101230	700023590	700038905	700033136	700023382	700096424	700105469	700016908	700096053	700108479	700109569	700033814	700016125	700109756	700102665	700101777	700109455
700108602	0	-0.159567820025159	-0.205974410294411	-0.118785771728141	-0.148819902777811	-0.212770270677684	-0.0758131796837114	-0.238620856320454	-0.104732173729722	-0.212046036405431	-0.151503483822269	-0.214597631493538	-0.225378405822379	-0.173040869772759	-0.220363335865278	-0.123282345715201	-0.214941113464623	-0.206400903977934	-0.107286843552024	-0.0935636797215466	-0.108552264656157	-0.15467247003794	-0.103140995173457	-0.0629156593371978	-0.107739440002634	-0.124528657798126	-0.174734154577203	-0.190063120221946	-0.213668678872336	-0.215519120880132	-0.185942860195324	-0.163882888015951	-0.136963956881454	-0.197013341720169	-0.141459904673053	-0.13411788353305	-0.160548160893932	-0.221342607032363	-0.0902106697435584	-0.249641917084823	-0.106574838648253	-0.218210647174531	-0.14636763139785	-0.141680324495321	-0.191363146025152	-0.159653518662029	-0.14316931651813	-0.218551231417883	-0.17796211750057	-0.191467118038487	-0.157625983939194	-0.0832426792320249	-0.0886293233943266	-0.130576391570444	-0.0777300108122148	-0.210313640680529	-0.129432323633293	-0.0714891229961368	-0.168409895674123	-0.104353415237644
700014971	-0.159567820025159	0	-0.173777546775863	-0.214001933044617	-0.116249846773458	-0.147528842856326	-0.173480708656685	-0.126492179113868	-0.133629851454999	-0.12113366048201	-0.119693551793422	-0.182902198150372	-0.144733101284478	-0.0987075111384139	-0.153757174610986	-0.147168691477931	-0.120480015540122	-0.160336738409469	-0.138916208482832	-0.164076270778342	-0.157683406112298	-0.145004402134579	-0.135900737901977	-0.151138035811433	-0.186127891615627	-0.145138712929309	-0.095933459650347	-0.143776552549489	-0.12897626822479	-0.130514703730359	-0.110702643906973	-0.153743612431595	-0.117179234147941	-0.117434970768357	-0.142355119654503	-0.127264097998122	-0.13954253052363	-0.164492123808888	-0.128510784838608	-0.158885868504479	-0.130600368145345	-0.131911425397091	-0.126681276665541	-0.146046494604797	-0.113753530256857	-0.11245603313898	-0.0945795653792988	-0.136007634061307	-0.122910364431985	-0.16652358950207	-0.160868774773299	-0.159385248256269	-0.163814671580348	-0.108938135045457	-0.1668131826245	-0.126467013571688	-0.152071967732405	-0.164899660874753	-0.144778926128292	-0.162756632419184
700033565	-0.205974410294411	-0.173777546775863	0	-0.234141606399141	-0.202016296068885	-0.0644679447947648	-0.206228757756673	-0.127559263903747	-0.173823455381405	-0.102958608608674	-0.0965875090016824	-0.0743205974604864	-0.112728991170616	-0.144762115813564	-0.101455928682071	-0.131798392940742	-0.115669538715952	-0.090109225674862	-0.165766936571611	-0.18192394223706	-0.176608704105047	-0.0999000362665303	-0.196958947523959	-0.181720524457191	-0.183048515359215	-0.210726714364495	-0.159733721136374	-0.192913775156355	-0.17590027544843	-0.110165224758208	-0.114975376321286	-0.140916373258011	-0.11692998031478	-0.0965550760897769	-0.214548996579045	-0.138140929094212	-0.167788841184994	-0.105585247173114	-0.188617237670614	-0.150584113856868	-0.17424171350512	-0.0903034045663705	-0.153433998182525	-0.151811656382091	-0.13765200686988	-0.156013679214291	-0.153938495653969	-0.0994636042727158	-0.129754214056216	-0.0879518668352227	-0.0772025258012417	-0.212974969767794	-0.209681471015912	-0.129966842406372	-0.219954844928306	-0.118337005032707	-0.151998044542333	-0.207075782184001	-0.104604234647401	-0.201807217128617
700109389	-0.118785771728141	-0.214001933044617	-0.234141606399141	0	-0.189327516019412	-0.255728980873188	-0.102549180056264	-0.250101725248612	-0.172404506021705	-0.243638009761716	-0.194828796693617	-0.231370254111572	-0.243005162183888	-0.223633492380515	-0.231965157626165	-0.183821549569759	-0.239227821320234	-0.253267313364624	-0.178102645034206	-0.115300746774733	-0.150620271465014	-0.205445778111473	-0.142946360733928	-0.139776713391812	-0.144856147100298	-0.147589250145477	-0.226311694127382	-0.197028501897878	-0.201167230331391	-0.230292592244067	-0.234380738953495	-0.216758107935417	-0.182473559633025	-0.232235867786599	-0.157048408964674	-0.168738858901947	-0.230771826445798	-0.26182066591329	-0.160069711728457	-0.241866387281772	-0.148361757993035	-0.236040836471776	-0.207186165089768	-0.184895066154831	-0.205210997022582	-0.193355970471773	-0.21215543963344	-0.233298169293427	-0.228400173711795	-0.220741367570923	-0.191713245812077	-0.112968750728067	-0.0897949054937667	-0.189997136216609	-0.127342047305309	-0.233108930392899	-0.129438861589475	-0.117413446705419	-0.190445137517488	-0.152917210476933
700023058	-0.148819902777811	-0.116249846773458	-0.202016296068885	-0.189327516019412	0	-0.17805615189643	-0.159129660971445	-0.171026850326083	-0.124634421106728	-0.157055555455598	-0.141160043634461	-0.19995302693366	-0.183056371609174	-0.133324142405283	-0.188868455992569	-0.152367331390484	-0.164830691313966	-0.174749464502418	-0.148983553377661	-0.165718986858113	-0.170953524435203	-0.165931392823249	-0.151843557631325	-0.148049369502351	-0.19671677079073	-0.120908254081395	-0.132656162332874	-0.151676518611032	-0.162053250083993	-0.161872158729645	-0.142506449803565	-0.191576829936154	-0.145902794014854	-0.145312419449503	-0.119439909772391	-0.151547638560035	-0.133175665735491	-0.165778345572891	-0.121897232245996	-0.195642476669332	-0.136310705531028	-0.177282573741355	-0.124744793255037	-0.161359545517835	-0.15684157653848	-0.157901510997753	-0.122602834854457	-0.174601084948957	-0.140613484386662	-0.20713090645603	-0.181434357975618	-0.153426623954917	-0.150974115969705	-0.131294659494446	-0.157200955943528	-0.176743572555115	-0.175310058796648	-0.166608924210958	-0.178116355178921	-0.156134270927876
700023927	-0.212770270677684	-0.147528842856326	-0.0644679447947648	-0.255728980873188	-0.17805615189643	0	-0.218847967882641	-0.11803957186221	-0.175525511836112	-0.0839635485093908	-0.106645515697608	-0.0910173672888177	-0.112614448906354	-0.111029039186943	-0.106285668046169	-0.1434118558891	-0.107404789159953	-0.0742839002991515	-0.165658259892328	-0.197160762818468	-0.17818569116949	-0.124756316423169	-0.191384842239001	-0.189298100347455	-0.202281244653671	-0.205065226717169	-0.136201206354732	-0.206278928093777	-0.172056241208892	-0.117716856440894	-0.0773205370354797	-0.1472111226745	-0.133069692682959	-0.0788123854685528	-0.204504375904176	-0.15789608211854	-0.151738014024953	-0.079534577135238	-0.186573664101858	-0.148517748322943	-0.167114011164601	-0.0934939801689402	-0.128779008501709	-0.169741021111363	-0.130849547212814	-0.135754339188398	-0.130471463421011	-0.104983380769274	-0.0885816364643059	-0.0964717750621824	-0.112902571790519	-0.221990264827982	-0.21834195778968	-0.116411128827477	-0.228775527029505	-0.110301249102178	-0.153166615593866	-0.219847397807508	-0.113412393837167	-0.199412919464161
700106341	-0.0758131796837114	-0.173480708656685	-0.206228757756673	-0.102549180056264	-0.159129660971445	-0.218847967882641	0	-0.231161540209613	-0.0970996233408045	-0.215087693693394	-0.145497321190968	-0.191608164170423	-0.20861595178113	-0.193841161528659	-0.214469909961672	-0.130605532002755	-0.202194556418832	-0.229921036462177	-0.118058399986543	-0.0763236838845525	-0.0977998282362349	-0.144636472689538	-0.128112558340477	-0.0932867398923092	-0.0876457671344065	-0.151958466532165	-0.205071786250519	-0.194811970223159	-0.213652910046607	-0.202707702542592	-0.196162047528063	-0.138970956355336	-0.135662383769855	-0.198774865920583	-0.16212378628095	-0.117670509152158	-0.194906801210162	-0.235258653224353	-0.105960976361463	-0.241349835240594	-0.117671778029348	-0.201406809415627	-0.15447151780465	-0.121763443959393	-0.171695595170108	-0.183911533089468	-0.161475965091733	-0.197163353950962	-0.193660191338148	-0.175787081991784	-0.161465877044669	-0.0543824307391583	-0.0814693949723882	-0.132927286804695	-0.122316706550862	-0.195960547165807	-0.110644645395725	-0.0699421050422723	-0.156799309328129	-0.0814316695928498
700114221	-0.238620856320454	-0.126492179113868	-0.127559263903747	-0.250101725248612	-0.171026850326083	-0.11803957186221	-0.231161540209613	0	-0.203599412275858	-0.0803783927671211	-0.156953235396524	-0.130493287025051	-0.0850691627464551	-0.131644226012169	-0.0895370283046992	-0.183687028143952	-0.0646660763776927	-0.153269331841895	-0.21014288669732	-0.217936016322481	-0.201092881319491	-0.171041643932	-0.218101396610478	-0.222294847966777	-0.247171165854533	-0.213254691455749	-0.133927854344557	-0.160778965425162	-0.112924902529516	-0.0988544369202633	-0.12629143721665	-0.187223248066537	-0.15176124899807	-0.119070330824911	-0.215066624900128	-0.165278365137192	-0.187004104765464	-0.109998550018593	-0.205082056236571	-0.0879170338414133	-0.179100309867952	-0.0807137506355329	-0.184827352909464	-0.191382480092591	-0.0925593838145205	-0.136182422914365	-0.14227796009507	-0.0718986970229036	-0.148433829911292	-0.143043929717225	-0.162309066645056	-0.228907338756173	-0.224412991657144	-0.160095028361609	-0.254440710119854	-0.0924819805055077	-0.16862724341677	-0.248887953981635	-0.154467089946255	-0.21800712155565
700023543	-0.104732173729722	-0.133629851454999	-0.173823455381405	-0.172404506021705	-0.124634421106728	-0.175525511836112	-0.0970996233408045	-0.203599412275858	0	-0.170737282620631	-0.110918295753286	-0.175161187386237	-0.188997300301482	-0.161532471094732	-0.186362835918971	-0.0897834831263489	-0.175460915535603	-0.187369973969767	-0.0968898816490451	-0.11595005719144	-0.115501968112253	-0.117107786335454	-0.115111476412667	-0.091671046571218	-0.119762046895875	-0.135756321197204	-0.16472006560708	-0.170424126915262	-0.202903513878946	-0.174474309600121	-0.149338459901091	-0.110078190210539	-0.117954710528327	-0.164948658138982	-0.140952273640251	-0.122374806369835	-0.151642612738708	-0.197410856478538	-0.0823140094568031	-0.221197991290473	-0.105381558288799	-0.177756722210379	-0.129740152887282	-0.0864254275419206	-0.167008243308328	-0.159968051133609	-0.110247653064092	-0.175430418912729	-0.168162858125922	-0.152461586919914	-0.134128379123848	-0.091163777608386	-0.105302575121221	-0.106090728053007	-0.114389175837603	-0.168934932412831	-0.14176547314236	-0.0909401433791155	-0.141642665294191	-0.0882228752891808
700023439	-0.212046036405431	-0.12113366048201	-0.102958608608674	-0.243638009761716	-0.157055555455598	-0.0839635485093908	-0.215087693693394	-0.0803783927671211	-0.170737282620631	0	-0.11685781870576	-0.124540384098306	-0.0872389376503615	-0.101103982572911	-0.104101308101425	-0.148695477473728	-0.0644795135410564	-0.105197437249311	-0.169964290051553	-0.193793324119923	-0.174475374249989	-0.139255101479342	-0.191691345546882	-0.186779219178952	-0.214439919643327	-0.193611019660071	-0.121750337443794	-0.170753477261489	-0.136330257458171	-0.101721826008739	-0.0839403773797541	-0.162665573434279	-0.12117806411468	-0.0716882732024149	-0.192979188247693	-0.1390063245776	-0.150000586148	-0.0964063845572004	-0.177830234648888	-0.112506167907887	-0.147168546713322	-0.0878159695466467	-0.137737206212368	-0.168800531442184	-0.104364714562174	-0.119742073303895	-0.105661835730805	-0.088780673175179	-0.0960873451130691	-0.126268242754566	-0.128745511428345	-0.212446098423841	-0.208722822898452	-0.121435184581503	-0.224967445596033	-0.0831669842851352	-0.148002161827912	-0.210297627824419	-0.121019852496989	-0.195040462963405
700016978	-0.151503483822269	-0.119693551793422	-0.0965875090016824	-0.194828796693617	-0.141160043634461	-0.106645515697608	-0.145497321190968	-0.156953235396524	-0.110918295753286	-0.11685781870576	0	-0.106207188377752	-0.135459332918271	-0.129772970112289	-0.150979166220785	-0.0857989215606536	-0.123755619915686	-0.118069733141894	-0.105988534500899	-0.124545167211029	-0.122852479416592	-0.0657924184701758	-0.144625637240231	-0.122260475839201	-0.12673727562509	-0.164958419766121	-0.131937850822412	-0.155589695274337	-0.171215981589374	-0.132917678794804	-0.0939968607461287	-0.0937800828477548	-0.0651928089938747	-0.099515384221563	-0.161205488355316	-0.0895926316569524	-0.13187322920089	-0.151416495312105	-0.118084960505645	-0.172907511987478	-0.107815060115498	-0.11480727004317	-0.0901976116139635	-0.105519975693488	-0.119143723886467	-0.130151467412657	-0.106514546679945	-0.131667979881927	-0.111543116910268	-0.108032102239489	-0.083750447865871	-0.149309190120033	-0.144772202787541	-0.0661080767351554	-0.165655261822811	-0.115127413427986	-0.121175403481399	-0.150822476699244	-0.0939710096510182	-0.138890285821513
700024192	-0.214597631493538	-0.182902198150372	-0.0743205974604864	-0.231370254111572	-0.19995302693366	-0.0910173672888177	-0.191608164170423	-0.130493287025051	-0.175161187386237	-0.124540384098306	-0.106207188377752	0	-0.105447826736928	-0.165091193408301	-0.103260355492792	-0.130766661409831	-0.118829966464988	-0.120899931606766	-0.166839564672372	-0.175248186358255	-0.162969922634124	-0.104214750260346	-0.199943663759617	-0.195648360040446	-0.179959154194008	-0.224618826402895	-0.176492726035793	-0.190236162740204	-0.174915022344091	-0.137143137259414	-0.124905297698369	-0.124307968779893	-0.114046601847308	-0.114386770368341	-0.232818636417391	-0.137295765392405	-0.183841370382389	-0.123050938959934	-0.201206635859013	-0.141346863305015	-0.168922251450791	-0.0750052201135193	-0.160110741119478	-0.14228934027235	-0.110558260694784	-0.167136516694626	-0.160013214360719	-0.0874340821194307	-0.137432089123635	-0.0861984004123599	-0.0914794995255488	-0.211562052439448	-0.200600633943187	-0.133852462049267	-0.239433285810064	-0.101276041081229	-0.141502689215959	-0.214032651347906	-0.11722728796492	-0.189220381948753
700113058	-0.225378405822379	-0.144733101284478	-0.112728991170616	-0.243005162183888	-0.183056371609174	-0.112614448906354	-0.20861595178113	-0.0850691627464551	-0.188997300301482	-0.0872389376503615	-0.135459332918271	-0.105447826736928	0	-0.125182674711175	-0.0888090326469562	-0.164595694463903	-0.0783287788939424	-0.139194668190981	-0.194888115290526	-0.19036338167382	-0.197725137548404	-0.145350903485075	-0.214760456159305	-0.205137147092818	-0.217590008142657	-0.217982053114355	-0.129985735025599	-0.157699657963708	-0.140232760005441	-0.0934381850424497	-0.115318563767128	-0.157653680999192	-0.130625335980808	-0.0926462501665763	-0.223853297826987	-0.150240671727279	-0.180972786852878	-0.119971343297839	-0.19136720452026	-0.105355683627342	-0.164440566795456	-0.0669385959597221	-0.180018987672527	-0.168344632139845	-0.0979878946646865	-0.15631228405218	-0.149466656579879	-0.0629973342784862	-0.137953982066805	-0.119586774198844	-0.136284629765936	-0.212903490186898	-0.211856727153084	-0.15054123770089	-0.253748371789962	-0.0708392322761443	-0.158327819597755	-0.228540120831402	-0.128976574053113	-0.194550556664965
700099448	-0.173040869772759	-0.0987075111384139	-0.144762115813564	-0.223633492380515	-0.133324142405283	-0.111029039186943	-0.193841161528659	-0.131644226012169	-0.161532471094732	-0.101103982572911	-0.129772970112289	-0.165091193408301	-0.125182674711175	0	-0.128078090151825	-0.151034797662683	-0.108498422629746	-0.12134564645479	-0.152798245391825	-0.179710163570999	-0.173094330428552	-0.155621176808834	-0.16148779255283	-0.163310293178809	-0.206911235390507	-0.150244048288556	-0.0902155893743058	-0.163206327437132	-0.130850803303341	-0.106572682517755	-0.0962425614176776	-0.179475119066144	-0.12885531827823	-0.0901873560180796	-0.15425260178989	-0.155672590877844	-0.12570602042301	-0.118063456834121	-0.152013462815786	-0.156604738719062	-0.141477216359687	-0.120732785185711	-0.117880800011353	-0.175668060472874	-0.114205146632982	-0.114607094452836	-0.101381550206659	-0.12126899750193	-0.0793292752001237	-0.151568878514451	-0.143575846051563	-0.185041064453602	-0.193137936332439	-0.121479004411973	-0.181838445445304	-0.125627177448144	-0.142492532896324	-0.190500904589147	-0.135755628292842	-0.184313834498007
700109870	-0.220363335865278	-0.153757174610986	-0.101455928682071	-0.231965157626165	-0.188868455992569	-0.106285668046169	-0.214469909961672	-0.0895370283046992	-0.186362835918971	-0.104101308101425	-0.150979166220785	-0.103260355492792	-0.0888090326469562	-0.128078090151825	0	-0.16918341212861	-0.0878727769873232	-0.141420943851879	-0.194474611666322	-0.192735534591502	-0.178022473845417	-0.152202809743124	-0.19393411040684	-0.209726807811382	-0.219335126352099	-0.212619080624018	-0.149242814279557	-0.18498849051426	-0.134820029318732	-0.0956920055647244	-0.128616718879209	-0.16288036075859	-0.142518394208003	-0.118818669125967	-0.221312934585061	-0.161227563379636	-0.183921834516079	-0.0933395440404603	-0.203752766102646	-0.101832220319203	-0.181170852701322	-0.0818994923170609	-0.185144323479399	-0.168356354996191	-0.113756577184113	-0.138174123226477	-0.150308697443815	-0.0691315089389144	-0.134857498760063	-0.115719311084587	-0.136605649147787	-0.217064693923517	-0.201197188736598	-0.152649824707092	-0.236193400533741	-0.0898675343985935	-0.14237081777349	-0.228971546932419	-0.127555484073581	-0.194046045572988
700033928	-0.123282345715201	-0.147168691477931	-0.131798392940742	-0.183821549569759	-0.152367331390484	-0.1434118558891	-0.130605532002755	-0.183687028143952	-0.0897834831263489	-0.148695477473728	-0.0857989215606536	-0.130766661409831	-0.164595694463903	-0.151034797662683	-0.16918341212861	0	-0.156459613682393	-0.145205902683658	-0.0911926421980093	-0.126643174270172	-0.113710774884847	-0.0855081900378563	-0.12974257558356	-0.0941447926428672	-0.131452036084583	-0.156467763109605	-0.151620702468149	-0.153716990644122	-0.189161320366781	-0.16066825513331	-0.127586876175983	-0.117640785163505	-0.0878158721277369	-0.140478168914161	-0.157746781955747	-0.126456357245126	-0.137484936703802	-0.177729007826257	-0.11054162504718	-0.203252259357355	-0.0898627131437463	-0.14287654372179	-0.113440077221095	-0.114923493283656	-0.140749256491809	-0.143193702443963	-0.111924617477643	-0.159156814372395	-0.137392321747883	-0.119356645273272	-0.0958040636506413	-0.129637922142857	-0.1348653266899	-0.0965826328726396	-0.148509213952458	-0.140892941599004	-0.13203036417596	-0.125632729137026	-0.114770852861255	-0.11636687106831
700023693	-0.214941113464623	-0.120480015540122	-0.115669538715952	-0.239227821320234	-0.164830691313966	-0.107404789159953	-0.202194556418832	-0.0646660763776927	-0.175460915535603	-0.0644795135410564	-0.123755619915686	-0.118829966464988	-0.0783287788939424	-0.108498422629746	-0.0878727769873232	-0.156459613682393	0	-0.134599175059076	-0.18041013527197	-0.182916853431428	-0.163257039211527	-0.132613709854764	-0.200353788971341	-0.191798430060377	-0.209566449659696	-0.206348012799854	-0.122516920742555	-0.165030739796923	-0.122258000976768	-0.0941400255640898	-0.102291159379888	-0.153858505428556	-0.118811488594746	-0.0925177029587048	-0.209577064691494	-0.13678243518839	-0.162298004669514	-0.114134324109023	-0.180391397432709	-0.0841756432337364	-0.151770147817829	-0.07511076362029	-0.15833580515384	-0.164439404261992	-0.0839880936916078	-0.125678601506508	-0.120893571921021	-0.0627973320861487	-0.118870294816368	-0.115456230632562	-0.13127758694665	-0.202433822698772	-0.199903784055268	-0.13152326883962	-0.239736004292699	-0.0744126530426267	-0.136958008280445	-0.215415862970847	-0.124766132024233	-0.188246333041653
700109627	-0.206400903977934	-0.160336738409469	-0.090109225674862	-0.253267313364624	-0.174749464502418	-0.0742839002991515	-0.229921036462177	-0.153269331841895	-0.187369973969767	-0.105197437249311	-0.118069733141894	-0.120899931606766	-0.139194668190981	-0.12134564645479	-0.141420943851879	-0.145205902683658	-0.134599175059076	0	-0.173406954182722	-0.197130690707291	-0.201007863189345	-0.133015201112427	-0.202441012753142	-0.182686106999465	-0.209894089846407	-0.199314952561044	-0.132196224236015	-0.193785642691519	-0.198336412982374	-0.131831710291481	-0.0877681384102155	-0.168996616857295	-0.136504207797378	-0.0924482922662436	-0.19049876145713	-0.163168490857639	-0.126064888253856	-0.0912875968755101	-0.185987949244478	-0.175348530429296	-0.171286957423828	-0.124231521451691	-0.114802172272911	-0.16914876549151	-0.152613812319897	-0.155110051138454	-0.136416928356218	-0.14081750001806	-0.0830784944832514	-0.133652623036075	-0.116322102375304	-0.226638615500064	-0.224327740006364	-0.137706078272453	-0.212539530179053	-0.136669635596909	-0.179643093303224	-0.220842470051264	-0.142312019377364	-0.215869190472394
700095416	-0.107286843552024	-0.138916208482832	-0.165766936571611	-0.178102645034206	-0.148983553377661	-0.165658259892328	-0.118058399986543	-0.21014288669732	-0.0968898816490451	-0.169964290051553	-0.105988534500899	-0.166839564672372	-0.194888115290526	-0.152798245391825	-0.194474611666322	-0.0911926421980093	-0.18041013527197	-0.173406954182722	0	-0.122745381860942	-0.100777182846648	-0.107764163664653	-0.122353959752342	-0.087025134278335	-0.121635293782427	-0.148431757979092	-0.166623722221503	-0.188519044406743	-0.197173904447895	-0.187381705524109	-0.140484195756598	-0.123013831053794	-0.109014110847455	-0.156515265995308	-0.146485742517843	-0.125892732021306	-0.146312451668264	-0.192755196226599	-0.103863764069451	-0.226832291028724	-0.0944385980870397	-0.180834815328274	-0.0965498746581083	-0.129070310522031	-0.157923545352178	-0.132078377287375	-0.116803280745332	-0.182596087835698	-0.150368656295099	-0.145100385204706	-0.128546866567981	-0.121065518521378	-0.136938574048149	-0.0848447136314411	-0.129975699593063	-0.164684140031966	-0.125592406572967	-0.110260996723734	-0.136656106132591	-0.122467730936067
700110425	-0.0935636797215466	-0.164076270778342	-0.18192394223706	-0.115300746774733	-0.165718986858113	-0.197160762818468	-0.0763236838845525	-0.217936016322481	-0.11595005719144	-0.193793324119923	-0.124545167211029	-0.175248186358255	-0.19036338167382	-0.179710163570999	-0.192735534591502	-0.126643174270172	-0.182916853431428	-0.197130690707291	-0.122745381860942	0	-0.0937091921062404	-0.136651310738345	-0.123084414751903	-0.0969733206094826	-0.0855345008181405	-0.167190883816494	-0.185151962817005	-0.175110789475282	-0.19798745150451	-0.179938816250882	-0.171701986602706	-0.145609922415063	-0.110958631739802	-0.181150516336618	-0.168462684996066	-0.102228780117283	-0.174296732099452	-0.213138665517094	-0.117293409476367	-0.226145590948205	-0.10959503584401	-0.185093050978832	-0.138229743668643	-0.104961760015239	-0.153849477176903	-0.161090346328321	-0.14773584097562	-0.184905713586235	-0.167223152924544	-0.163224571583175	-0.137529436336725	-0.0781555191788703	-0.0633547925395004	-0.116549563407127	-0.124524018161308	-0.176021582960162	-0.0820201739372312	-0.0868117009926488	-0.141728949059576	-0.101180179844825
700111580	-0.108552264656157	-0.157683406112298	-0.176608704105047	-0.150620271465014	-0.170953524435203	-0.17818569116949	-0.0977998282362349	-0.201092881319491	-0.115501968112253	-0.174475374249989	-0.122852479416592	-0.162969922634124	-0.197725137548404	-0.173094330428552	-0.178022473845417	-0.113710774884847	-0.163257039211527	-0.201007863189345	-0.100777182846648	-0.0937091921062404	0	-0.116154413366948	-0.115366137778736	-0.105358359318412	-0.0744212986184974	-0.175488451972261	-0.188247033735431	-0.203897146792647	-0.178144223591108	-0.196118568900417	-0.161385948751993	-0.117038838136771	-0.112330387357877	-0.17676242160629	-0.187779409086939	-0.10944968643877	-0.189943896279225	-0.19967880764527	-0.132935093490553	-0.212344313346744	-0.106900326002419	-0.172172168177649	-0.134017890573205	-0.124894446581406	-0.138551969029766	-0.137777703414072	-0.139739795910122	-0.167196864128491	-0.154587976188011	-0.141217056909308	-0.129574359036534	-0.102874607569558	-0.10861694380457	-0.100905400170692	-0.141857925189454	-0.165630082097448	-0.0789848003027415	-0.0937902249649304	-0.113988323065563	-0.0985166965881106
700111302	-0.15467247003794	-0.145004402134579	-0.0999000362665303	-0.205445778111473	-0.165931392823249	-0.124756316423169	-0.144636472689538	-0.171041643932	-0.117107786335454	-0.139255101479342	-0.0657924184701758	-0.104214750260346	-0.145350903485075	-0.155621176808834	-0.152202809743124	-0.0855081900378563	-0.132613709854764	-0.133015201112427	-0.107764163664653	-0.136651310738345	-0.116154413366948	0	-0.155954247711802	-0.129967563117364	-0.121226959258946	-0.189650962253623	-0.163725379087213	-0.174243434364719	-0.193941240449104	-0.152196757730078	-0.117494059124404	-0.0824329773541085	-0.0724897526685679	-0.125698815405153	-0.190883790399971	-0.104952573869472	-0.152919917119411	-0.173095536196316	-0.144818099101105	-0.178235928866587	-0.139652010053255	-0.119645786914068	-0.116206397714238	-0.106282677861591	-0.131785881329599	-0.161945197335454	-0.12768176173268	-0.133481785093048	-0.139180301558242	-0.0810191189187623	-0.0714304654924924	-0.151124208709657	-0.151004519529231	-0.0882219135880081	-0.183594698544437	-0.123276892084781	-0.129658752152613	-0.153794599698386	-0.0847358458196616	-0.137988928962726
700098605	-0.103140995173457	-0.135900737901977	-0.196958947523959	-0.142946360733928	-0.151843557631325	-0.191384842239001	-0.128112558340477	-0.218101396610478	-0.115111476412667	-0.191691345546882	-0.144625637240231	-0.199943663759617	-0.214760456159305	-0.16148779255283	-0.19393411040684	-0.12974257558356	-0.200353788971341	-0.202441012753142	-0.122353959752342	-0.123084414751903	-0.115366137778736	-0.155954247711802	0	-0.101415842297272	-0.141996651880692	-0.129017024150679	-0.157478722312489	-0.181117912337045	-0.184291257990174	-0.198566846997769	-0.174392041907864	-0.158126860365263	-0.153217289181242	-0.184426773882492	-0.137525732895632	-0.128003472692397	-0.168633407416477	-0.199962303689299	-0.111112465179385	-0.212825704476515	-0.124919997745823	-0.205952563309219	-0.152005408152688	-0.137578040070591	-0.192580395479699	-0.137601042634902	-0.140908314542692	-0.201336860129025	-0.176576239210165	-0.183911859212033	-0.162731673726782	-0.122880705763664	-0.106662305804906	-0.130165898110377	-0.0896941224051587	-0.198725934711171	-0.13337186188022	-0.11750513949807	-0.154574328224057	-0.10402220782377
700111991	-0.0629156593371978	-0.151138035811433	-0.181720524457191	-0.139776713391812	-0.148049369502351	-0.189298100347455	-0.0932867398923092	-0.222294847966777	-0.091671046571218	-0.186779219178952	-0.122260475839201	-0.195648360040446	-0.205137147092818	-0.163310293178809	-0.209726807811382	-0.0941447926428672	-0.191798430060377	-0.182686106999465	-0.087025134278335	-0.0969733206094826	-0.105358359318412	-0.129967563117364	-0.101415842297272	0	-0.105945727930334	-0.131683316508776	-0.165620138772255	-0.171932970343586	-0.203768693762567	-0.199091122885447	-0.160853534574126	-0.150641128804658	-0.120387491123591	-0.175813748150578	-0.128518311891205	-0.111739269456735	-0.148702686625612	-0.206645611988855	-0.0834611333550491	-0.238216351418075	-0.0934835696569404	-0.199123705894963	-0.123587225510304	-0.124350348698384	-0.174809451409513	-0.14407786930935	-0.121563514828488	-0.201748142195285	-0.165800514184028	-0.175423645761771	-0.135038381889798	-0.0938831028022122	-0.100831638345818	-0.107492862607677	-0.0818557481085252	-0.190230724478888	-0.126132710122713	-0.08398042935476	-0.146087034416679	-0.100101202246017
700108960	-0.107739440002634	-0.186127891615627	-0.183048515359215	-0.144856147100298	-0.19671677079073	-0.202281244653671	-0.0876457671344065	-0.247171165854533	-0.119762046895875	-0.214439919643327	-0.12673727562509	-0.179959154194008	-0.217590008142657	-0.206911235390507	-0.219335126352099	-0.131452036084583	-0.209566449659696	-0.209894089846407	-0.121635293782427	-0.0855345008181405	-0.0744212986184974	-0.121226959258946	-0.141996651880692	-0.105945727930334	0	-0.202619804447654	-0.21993311022633	-0.217032016849466	-0.225929237639541	-0.213114447651465	-0.189710516948323	-0.106315607803128	-0.122694411831188	-0.19861055021386	-0.203896147816384	-0.107376884812032	-0.206576769546115	-0.23435615165662	-0.140107527548919	-0.253361177693648	-0.135340415971301	-0.199448020542006	-0.150722585001526	-0.112888442135686	-0.174169353127812	-0.193746495920844	-0.183462646600105	-0.208612751994608	-0.183841254334968	-0.14725652371464	-0.134439187104166	-0.101482063144741	-0.100381368710656	-0.122982537784466	-0.12805673097722	-0.197512521980623	-0.110046496791399	-0.0791396980875424	-0.132485126432425	-0.102479669617742
700024452	-0.124528657798126	-0.145138712929309	-0.210726714364495	-0.147589250145477	-0.120908254081395	-0.205065226717169	-0.151958466532165	-0.213254691455749	-0.135756321197204	-0.193611019660071	-0.164958419766121	-0.224618826402895	-0.217982053114355	-0.150244048288556	-0.212619080624018	-0.156467763109605	-0.206348012799854	-0.199314952561044	-0.148431757979092	-0.167190883816494	-0.175488451972261	-0.189650962253623	-0.129017024150679	-0.131683316508776	-0.202619804447654	0	-0.146059548599721	-0.159822263969171	-0.155081971158327	-0.192363406533248	-0.178287564910714	-0.206936882125888	-0.163652139206942	-0.185690905226141	-0.0734131443406402	-0.163270677857396	-0.16395476566335	-0.201757939264305	-0.11328760397359	-0.220258285878701	-0.132235386782771	-0.211128872473814	-0.156244115345777	-0.182677707542067	-0.184796447937425	-0.13215469838666	-0.123343437646192	-0.210889242644676	-0.176040008296762	-0.208856687550473	-0.183729297022101	-0.135007096361386	-0.14128391458207	-0.150857112080793	-0.117804967089156	-0.20919689996886	-0.159740240451194	-0.160745222220611	-0.177536978138657	-0.169703712104297
700032931	-0.174734154577203	-0.095933459650347	-0.159733721136374	-0.226311694127382	-0.132656162332874	-0.136201206354732	-0.205071786250519	-0.133927854344557	-0.16472006560708	-0.121750337443794	-0.131937850822412	-0.176492726035793	-0.129985735025599	-0.0902155893743058	-0.149242814279557	-0.151620702468149	-0.122516920742555	-0.132196224236015	-0.166623722221503	-0.185151962817005	-0.188247033735431	-0.163725379087213	-0.157478722312489	-0.165620138772255	-0.21993311022633	-0.146059548599721	0	-0.14725562989643	-0.141077428100971	-0.130208189697451	-0.10689544271407	-0.182943039275518	-0.136029070776578	-0.10972812981518	-0.151456793740718	-0.159739709111435	-0.121984726165604	-0.130476363853189	-0.15206432786134	-0.15428990776295	-0.146506948629827	-0.139195203469943	-0.132166421185132	-0.176730150744294	-0.132216072848115	-0.123110140099036	-0.105424573965083	-0.13145109458127	-0.112198019775563	-0.16013306568341	-0.163143933459419	-0.195391235557988	-0.185311230082991	-0.129252405349493	-0.182444706812646	-0.125684266850358	-0.169027005093873	-0.204020370716834	-0.147157415458095	-0.190579388962934
700095837	-0.190063120221946	-0.143776552549489	-0.192913775156355	-0.197028501897878	-0.151676518611032	-0.206278928093777	-0.194811970223159	-0.160778965425162	-0.170424126915262	-0.170753477261489	-0.155589695274337	-0.190236162740204	-0.157699657963708	-0.163206327437132	-0.18498849051426	-0.153716990644122	-0.165030739796923	-0.193785642691519	-0.188519044406743	-0.175110789475282	-0.203897146792647	-0.174243434364719	-0.181117912337045	-0.171932970343586	-0.217032016849466	-0.159822263969171	-0.14725562989643	0	-0.114845135863864	-0.134360184969539	-0.170654531357669	-0.199533892833219	-0.145484023967231	-0.157902452921773	-0.16326547327237	-0.162166187105284	-0.169518716696782	-0.208786704548095	-0.163139009829692	-0.183719965741837	-0.160161687130029	-0.154335918338322	-0.184616624584244	-0.163585406962547	-0.147148373511731	-0.173386514236456	-0.15052581931429	-0.162914073007596	-0.187916787569409	-0.192612121175879	-0.167411226363423	-0.182054289836799	-0.176019610765427	-0.170064899925691	-0.191820794591131	-0.161471917590781	-0.189678590818335	-0.203762894552499	-0.176157913292221	-0.194890679890439
700024548	-0.213668678872336	-0.12897626822479	-0.17590027544843	-0.201167230331391	-0.162053250083993	-0.172056241208892	-0.213652910046607	-0.112924902529516	-0.202903513878946	-0.136330257458171	-0.171215981589374	-0.174915022344091	-0.140232760005441	-0.130850803303341	-0.134820029318732	-0.189161320366781	-0.122258000976768	-0.198336412982374	-0.197173904447895	-0.19798745150451	-0.178144223591108	-0.193941240449104	-0.184291257990174	-0.203768693762567	-0.225929237639541	-0.155081971158327	-0.141077428100971	-0.114845135863864	0	-0.122461478526836	-0.162209547294248	-0.215319995009133	-0.153310460267187	-0.146828908617038	-0.166030078188752	-0.159086691198666	-0.201816337392213	-0.167350334083957	-0.188004554089534	-0.13500728308759	-0.166192866239417	-0.123798158168767	-0.179200369524125	-0.206853424977203	-0.0983477089183564	-0.115969014619598	-0.163264737239255	-0.117589445614589	-0.159948512025124	-0.187811409383046	-0.175868695789014	-0.202610003724827	-0.190972324779107	-0.156402142327654	-0.203009462056449	-0.145777250680199	-0.150745298748865	-0.222628239852189	-0.158273931051816	-0.212265165785571
700110161	-0.215519120880132	-0.130514703730359	-0.110165224758208	-0.230292592244067	-0.161872158729645	-0.117716856440894	-0.202707702542592	-0.0988544369202633	-0.174474309600121	-0.101721826008739	-0.132917678794804	-0.137143137259414	-0.0934381850424497	-0.106572682517755	-0.0956920055647244	-0.16066825513331	-0.0941400255640898	-0.131831710291481	-0.187381705524109	-0.179938816250882	-0.196118568900417	-0.152196757730078	-0.198566846997769	-0.199091122885447	-0.213114447651465	-0.192363406533248	-0.130208189697451	-0.134360184969539	-0.122461478526836	0	-0.121895744429783	-0.171852805011983	-0.133565159412731	-0.100093431067635	-0.194195941396605	-0.157419198086011	-0.166624679505584	-0.114893548077026	-0.186335561750528	-0.133555193139638	-0.169072371851862	-0.0903319317311279	-0.167721492427376	-0.165156610823659	-0.114516154831106	-0.157958250757019	-0.147558679785433	-0.0923153403205003	-0.124781094943043	-0.128920782324311	-0.136780764756253	-0.196364786677069	-0.204249643627208	-0.145066288630336	-0.229655946767046	-0.111755657578104	-0.157510468238354	-0.210989426234329	-0.132749948321469	-0.193927979739287
700023496	-0.185942860195324	-0.110702643906973	-0.114975376321286	-0.234380738953495	-0.142506449803565	-0.0773205370354797	-0.196162047528063	-0.12629143721665	-0.149338459901091	-0.0839403773797541	-0.0939968607461287	-0.124905297698369	-0.115318563767128	-0.0962425614176776	-0.128616718879209	-0.127586876175983	-0.102291159379888	-0.0877681384102155	-0.140484195756598	-0.171701986602706	-0.161385948751993	-0.117494059124404	-0.174392041907864	-0.160853534574126	-0.189710516948323	-0.178287564910714	-0.10689544271407	-0.170654531357669	-0.162209547294248	-0.121895744429783	0	-0.140489566953495	-0.103276124621232	-0.0714903784199151	-0.178381377928181	-0.133609497940524	-0.116468795625218	-0.108165460122814	-0.159633286044893	-0.149599288427238	-0.132257837386779	-0.109011283983173	-0.0990091483375527	-0.150915255732121	-0.105087292333256	-0.130097300153556	-0.100855931314748	-0.112952563790241	-0.0733097088741965	-0.120347053923512	-0.113802257481806	-0.197382910020177	-0.192751968045479	-0.0967358387605504	-0.208039254948165	-0.0917758845401555	-0.144452638268321	-0.196927350035587	-0.125919089905788	-0.178619405753258
700034628	-0.163882888015951	-0.153743612431595	-0.140916373258011	-0.216758107935417	-0.191576829936154	-0.1472111226745	-0.138970956355336	-0.187223248066537	-0.110078190210539	-0.162665573434279	-0.0937800828477548	-0.124307968779893	-0.157653680999192	-0.179475119066144	-0.16288036075859	-0.117640785163505	-0.153858505428556	-0.168996616857295	-0.123013831053794	-0.145609922415063	-0.117038838136771	-0.0824329773541085	-0.158126860365263	-0.150641128804658	-0.106315607803128	-0.206936882125888	-0.182943039275518	-0.199533892833219	-0.215319995009133	-0.171852805011983	-0.140489566953495	0	-0.107970094583859	-0.150082656084644	-0.209024226787684	-0.101927563926231	-0.18446559196006	-0.18424367625949	-0.160584439808091	-0.193063528049967	-0.161356349551595	-0.135629147967939	-0.139015558667779	-0.0819252819096148	-0.145885496530995	-0.178797041145141	-0.142387103883434	-0.152012187267722	-0.161307433049181	-0.0961048822493162	-0.118057601463781	-0.1496959225143	-0.154002381527604	-0.111804227578546	-0.192740464544585	-0.130257443573346	-0.135620199854053	-0.143714498807961	-0.0995207906951564	-0.102934402094979
700023645	-0.136963956881454	-0.117179234147941	-0.11692998031478	-0.182473559633025	-0.145902794014854	-0.133069692682959	-0.135662383769855	-0.15176124899807	-0.117954710528327	-0.12117806411468	-0.0651928089938747	-0.114046601847308	-0.130625335980808	-0.12885531827823	-0.142518394208003	-0.0878158721277369	-0.118811488594746	-0.136504207797378	-0.109014110847455	-0.110958631739802	-0.112330387357877	-0.0724897526685679	-0.153217289181242	-0.120387491123591	-0.122694411831188	-0.163652139206942	-0.136029070776578	-0.145484023967231	-0.153310460267187	-0.133565159412731	-0.103276124621232	-0.107970094583859	0	-0.108132918816094	-0.169686901738548	-0.0790970984047987	-0.137475119301952	-0.16006762368102	-0.128903505187011	-0.165549228459584	-0.114432449780524	-0.107979593778094	-0.102748377467041	-0.101137244640609	-0.0953399355632364	-0.13492158377478	-0.109444844385639	-0.121859673375153	-0.115736676520728	-0.10660034714202	-0.0830915367956564	-0.133653352749881	-0.139364718911399	-0.082490201366805	-0.171602545033416	-0.108878988782888	-0.115161790351369	-0.135816372626608	-0.0944412008375394	-0.135303203505557
700038744	-0.197013341720169	-0.117434970768357	-0.0965550760897769	-0.232235867786599	-0.145312419449503	-0.0788123854685528	-0.198774865920583	-0.119070330824911	-0.164948658138982	-0.0716882732024149	-0.099515384221563	-0.114386770368341	-0.0926462501665763	-0.0901873560180796	-0.118818669125967	-0.140478168914161	-0.0925177029587048	-0.0924482922662436	-0.156515265995308	-0.181150516336618	-0.17676242160629	-0.125698815405153	-0.184426773882492	-0.175813748150578	-0.19861055021386	-0.185690905226141	-0.10972812981518	-0.157902452921773	-0.146828908617038	-0.100093431067635	-0.0714903784199151	-0.150082656084644	-0.108132918816094	0	-0.186054675206434	-0.134257899707774	-0.131233474013909	-0.101248160301179	-0.16654724142357	-0.131832700930726	-0.144070036779951	-0.0856171486931607	-0.114608481873337	-0.15915816934335	-0.0985799393430369	-0.122161495317584	-0.116468655671478	-0.0896560277475061	-0.0805488765878787	-0.117164392658621	-0.116757806638921	-0.205276245073937	-0.201957581831241	-0.113947904444549	-0.215628838369643	-0.088065303540044	-0.148945631708808	-0.203235918094962	-0.117465693046654	-0.192134410932368
