700108602	700014971	700033565	700109389	700023058	700023927	700106341	700114221	700023543	700023439	700016978	700024192	700113058	700099448	700109870	700033928	700023693	700109627	700095416	700110425	700111580	700111302	700098605	700111991	700108960	700024452	700032931	700095837	700024548	700110161	700023496	700034628	700023645	700038744	700038485	700024743	700099596	700110760	700101587	700106399	700032322	700095653	700021312	700101230	700023590	700038905	700033136	700023382	700096424	700105469	700016908	700096053	700108479	700109569	700033814	700016125	700109756	700102665	700101777	700109455
700108602	0	-0.152241270815104	-0.195388301522468	-0.117738702298737	-0.132530554591917	-0.194755561981883	-0.0736309017594318	-0.217757932172019	-0.0923973004492194	-0.2037729063893	-0.130175420538247	-0.201689063311088	-0.209302052296731	-0.157380585731413	-0.204775660685516	-0.116869652355536	-0.207258514402595	-0.202184866478267	-0.0965408465986078	-0.0800939580742393	-0.10619400257111	-0.135607379872298	-0.10300431126766	-0.0697245878733555	-0.108347708426974	-0.128874713742731	-0.165787791244813	-0.155827300657496	-0.174338909866737	-0.19474534883282	-0.188131079242196	-0.154039699982929	-0.134828676893172	-0.177729995381122	-0.124798078837417	-0.118232705056676	-0.157358531631373	-0.209999177390837	-0.0732057229162211	-0.237887286425832	-0.122921737164856	-0.200382985274358	-0.141869271458293	-0.141902469682911	-0.186937773520314	-0.131575373241096	-0.126564973452485	-0.190473918441099	-0.167173421146635	-0.174396887088773	-0.135821242473475	-0.0706403812380836	-0.0814090520796616	-0.108929769267261	-0.0807788538019628	-0.191849729943084	-0.11069416930249	-0.0824050372099781	-0.165517351671636	-0.11159515309345
700014971	-0.152241270815104	0	-0.171472895777609	-0.205097269564148	-0.133600614225592	-0.162539066393773	-0.166663470497503	-0.13728258487292	-0.14462655297996	-0.133889181591398	-0.1149652325986	-0.196259623370156	-0.146014776583417	-0.128476460811727	-0.162287050913444	-0.160437885624087	-0.135455571627333	-0.185849469578292	-0.155650298376615	-0.145375494599321	-0.156535108042156	-0.145199455685261	-0.135612775178731	-0.16397542326752	-0.17881569494022	-0.151842058871696	-0.112146903965401	-0.132340978177869	-0.108310837655509	-0.122889204348578	-0.120427422968196	-0.16224621601066	-0.127316828352935	-0.126167840765874	-0.148344563043204	-0.121485745602549	-0.178248915063737	-0.18487452003342	-0.132900945675554	-0.162113777849632	-0.133461855422518	-0.142620558847462	-0.140523054927372	-0.140082245431346	-0.11777882940883	-0.119572532270089	-0.130501173800414	-0.140764077530735	-0.143473949836159	-0.161416357581961	-0.164076356017109	-0.155456780989987	-0.154994572816807	-0.132497484839838	-0.166038463620957	-0.135527158519194	-0.142806028594069	-0.168302234458567	-0.153078234611828	-0.159695585423181
700033565	-0.195388301522468	-0.171472895777609	0	-0.226146156555753	-0.183778233299298	-0.066730135905047	-0.188129013137271	-0.122927119183992	-0.17589755966425	-0.106016517194519	-0.118169148196598	-0.0622198315011381	-0.0973036875765932	-0.134986866844571	-0.0998408618805465	-0.128194693723184	-0.116358919636776	-0.107420640982282	-0.175759213738468	-0.181722700424667	-0.166499176503031	-0.0971885549291828	-0.195145013025557	-0.187350597381969	-0.179725803611889	-0.206094318382483	-0.155565489134791	-0.195268304027657	-0.166876790728506	-0.117430948300268	-0.110670355249496	-0.127643228319793	-0.104953136014236	-0.0937692485569581	-0.214165399048941	-0.127514291700417	-0.1626016989405	-0.104330892312185	-0.176747650633832	-0.142241130234828	-0.167673110006142	-0.0742861654534953	-0.150373109134568	-0.133478266137314	-0.127238363578697	-0.152831145280254	-0.16743176960463	-0.0903589389974566	-0.131848530373279	-0.0568610856263061	-0.0911713476626141	-0.216039142864363	-0.206056095979593	-0.144487869623852	-0.219887873017747	-0.0993110280048826	-0.135339926913535	-0.209153968014544	-0.0746965196952245	-0.183397739538331
700109389	-0.117738702298737	-0.205097269564148	-0.226146156555753	0	-0.193677379527516	-0.244791723488251	-0.117734115233966	-0.24120093255685	-0.169492919740587	-0.243880935483484	-0.198674147964213	-0.228799400491078	-0.239737008594572	-0.221718376353637	-0.225662543766684	-0.180625878171418	-0.251477697621603	-0.253225648546436	-0.178269171425565	-0.11719756363526	-0.152873989515067	-0.202468669573987	-0.154137822315439	-0.142323134604713	-0.148024327589952	-0.152725808442068	-0.237014437448476	-0.215314574331271	-0.191133849716647	-0.223748043896924	-0.237418795225635	-0.218478905178831	-0.190107850732756	-0.225228022587544	-0.155602407045031	-0.174450660079061	-0.235777196660458	-0.260179655238122	-0.156753274717558	-0.24055536542996	-0.164410067970215	-0.234818274510896	-0.221035879038674	-0.1958854456975	-0.214284383790056	-0.185914572689062	-0.212234869154697	-0.231739807790814	-0.228325979073991	-0.221811766950128	-0.17572801054437	-0.118584049848773	-0.0785860524272663	-0.189197338750354	-0.134693375446495	-0.231795903967707	-0.133621709439577	-0.119865627309537	-0.19739902837273	-0.160901527896274
700023058	-0.132530554591917	-0.133600614225592	-0.183778233299298	-0.193677379527516	0	-0.165728659550167	-0.153567403985389	-0.175182169345982	-0.133090049792586	-0.157310187872354	-0.125068075743148	-0.197215724489651	-0.180080309474071	-0.124805290194816	-0.181549212842816	-0.139577423099947	-0.163791480315319	-0.160452143142313	-0.123366303404755	-0.145941442223359	-0.168564980574682	-0.156409558586314	-0.138143080974537	-0.141564140961062	-0.190819902497999	-0.127641551880246	-0.135025476787754	-0.149756016130527	-0.148762582845661	-0.156957651391418	-0.147503751360797	-0.186194579993231	-0.13110403452145	-0.145739400140876	-0.108941445779921	-0.155012316932283	-0.121122625265133	-0.152663105651565	-0.107598454713504	-0.200890048123606	-0.109669113410534	-0.171124508647254	-0.120593046720279	-0.165708310871915	-0.158401825895194	-0.118092389306633	-0.107210962795606	-0.167496488847277	-0.125608771234294	-0.182606577270266	-0.161357815992225	-0.150102637129785	-0.154177474750427	-0.118887549653629	-0.148274387991626	-0.169235953962779	-0.155261415835653	-0.165824626058749	-0.170346182915327	-0.154328481762653
700023927	-0.194755561981883	-0.162539066393773	-0.066730135905047	-0.244791723488251	-0.165728659550167	0	-0.209389405361464	-0.134978310581962	-0.187294499532433	-0.0875542781483323	-0.125995121358469	-0.100308817673027	-0.11090309981973	-0.108084943668396	-0.11784212853651	-0.141295210084622	-0.102597832474133	-0.0730397602717666	-0.1708080031043	-0.199167593409815	-0.180225880204146	-0.125192226241976	-0.184643001384096	-0.191451017629922	-0.199742860157622	-0.198721499620947	-0.134097669729787	-0.19620522656298	-0.170409730830778	-0.109966159037805	-0.0793223179812127	-0.158444579126611	-0.116481766160135	-0.0816924684727561	-0.199893676463662	-0.148582192840173	-0.141135924335963	-0.0792259344350611	-0.176794436489648	-0.152990043511868	-0.161080330222315	-0.0981417661369053	-0.126975225506768	-0.157487284315953	-0.141056708919629	-0.138832333028019	-0.156585475212522	-0.109261582355382	-0.0907210979435001	-0.0874455797202323	-0.117608468576716	-0.224537193449691	-0.223244562215748	-0.12918721198049	-0.213488485405259	-0.115429404173537	-0.149723385446064	-0.216942462580131	-0.0996031571911249	-0.197878778185753
700106341	-0.0736309017594318	-0.166663470497503	-0.188129013137271	-0.117734115233966	-0.153567403985389	-0.209389405361464	0	-0.222943137495025	-0.0833101738670578	-0.213306327648357	-0.122531752080476	-0.185176582850882	-0.202635496779394	-0.186487023954368	-0.207381310978208	-0.126112147777729	-0.217671195755269	-0.220605854945338	-0.10861609648392	-0.0670592240105014	-0.0856767438027463	-0.127911999285857	-0.133421932827053	-0.0846654157953987	-0.0752321417097159	-0.170280843152139	-0.207581421993069	-0.200936025738897	-0.191884441790702	-0.204903935335224	-0.194810008608629	-0.120445966450119	-0.137630933588052	-0.185577241762935	-0.165331848553041	-0.103091183615748	-0.184274969305331	-0.224678612424968	-0.0859857058601131	-0.246183150580217	-0.14037253460294	-0.196416575451577	-0.145362183448353	-0.119270377578185	-0.179663405958924	-0.165910392107098	-0.14651089767591	-0.183764928505714	-0.182011463330311	-0.168403618679359	-0.137000508211666	-0.0727495571260367	-0.0787966031352838	-0.124146906720448	-0.113947241214654	-0.191697292867414	-0.101696250885426	-0.0690223722599676	-0.159028673163551	-0.0775782403107128
700114221	-0.217757932172019	-0.13728258487292	-0.122927119183992	-0.24120093255685	-0.175182169345982	-0.134978310581962	-0.222943137495025	0	-0.207276201065372	-0.0841712179030845	-0.154737963338642	-0.143388387494079	-0.0814750196975456	-0.145473161317727	-0.093220753275974	-0.180697562637002	-0.073031161033799	-0.172144865323669	-0.210205320918302	-0.205778405077462	-0.203770794661719	-0.168978698345095	-0.206318180444067	-0.218721340371819	-0.238893568163678	-0.206712716700041	-0.129182437611103	-0.165305160864744	-0.121270671597381	-0.0985673415068807	-0.111860225280616	-0.189636498780609	-0.140942354038426	-0.109975323227736	-0.21361039744539	-0.171610898899922	-0.187136685186108	-0.120641463559908	-0.196592523237046	-0.0867265435140669	-0.155045523505407	-0.0848642993773224	-0.179281439150605	-0.177963287722302	-0.0987181519463381	-0.141617615660683	-0.155558530928983	-0.0816318272285447	-0.155137937908061	-0.127297860094328	-0.167440356711869	-0.228385998489317	-0.217811305836032	-0.17730533448511	-0.241193256735797	-0.0912033790104952	-0.163908646422393	-0.243679255880691	-0.132171987638989	-0.205448670886343
700023543	-0.0923973004492194	-0.14462655297996	-0.17589755966425	-0.169492919740587	-0.133090049792586	-0.187294499532433	-0.0833101738670578	-0.207276201065372	0	-0.193437236492351	-0.105239614636778	-0.181033217346592	-0.190215066540815	-0.163886845062838	-0.194119506983758	-0.0945855558070406	-0.195430003774565	-0.193933497804333	-0.0906216464063627	-0.101427629641383	-0.113499868074727	-0.105963217207635	-0.135107938190022	-0.0893715808277165	-0.106067771402658	-0.153451345900947	-0.17352030613042	-0.170572786435473	-0.193020772315332	-0.178507360128425	-0.174080935335503	-0.102801023495952	-0.119647827020441	-0.165797826867373	-0.141873067161112	-0.108772172712847	-0.154223911681074	-0.203746734676018	-0.0776422109659355	-0.233140640568325	-0.135220542199303	-0.181809301048569	-0.126259681009046	-0.085693303292932	-0.173333061169353	-0.159351975345554	-0.123637906257404	-0.173306022884239	-0.172264447312009	-0.151814027612657	-0.129702578385404	-0.0907888246744279	-0.112652368445923	-0.124159627611656	-0.128087384181474	-0.175286511739051	-0.139944517304055	-0.0895366306581441	-0.155608080491646	-0.0834534453779822
700023439	-0.2037729063893	-0.133889181591398	-0.106016517194519	-0.243880935483484	-0.157310187872354	-0.0875542781483323	-0.213306327648357	-0.0841712179030845	-0.193437236492351	0	-0.128321436472537	-0.136435851177146	-0.075824879636183	-0.115026458561483	-0.111969648957776	-0.157982723893383	-0.0527919449415511	-0.116920522539188	-0.178098728449083	-0.200558065726841	-0.19165228616053	-0.154136636317526	-0.190185395673333	-0.195271406783181	-0.221697060663296	-0.196951102639284	-0.118129324857075	-0.165483364397819	-0.134400841969481	-0.09055224284366	-0.0722897892677745	-0.178810763307936	-0.119667114648835	-0.0767993769176874	-0.197312727018425	-0.15882100043128	-0.147027899836465	-0.0982966996799913	-0.179688024798311	-0.115449406210709	-0.13564297338184	-0.0810978269275139	-0.147254561463393	-0.167098457507714	-0.112707934080152	-0.125455290571299	-0.136305803605433	-0.0928342505631076	-0.113637661370494	-0.12037663945006	-0.145072546468583	-0.220143541324124	-0.218915495545987	-0.137116888128331	-0.226455401530111	-0.0911109647406714	-0.153898846305098	-0.221692620851256	-0.122305604378293	-0.198525409133171
700016978	-0.130175420538247	-0.1149652325986	-0.118169148196598	-0.198674147964213	-0.125068075743148	-0.125995121358469	-0.122531752080476	-0.154737963338642	-0.105239614636778	-0.128321436472537	0	-0.130944854424401	-0.128061429004231	-0.12496272099435	-0.156182443572618	-0.0927529810707268	-0.138341500172441	-0.138840626716152	-0.11310005827708	-0.115687018019467	-0.118890219742614	-0.0708893418661822	-0.143020212600709	-0.116712911766477	-0.122087000791922	-0.169046647845382	-0.130987655648292	-0.150135130731624	-0.144515154478999	-0.128477932795466	-0.10827783300424	-0.107216942715516	-0.077650207857537	-0.0944701473558952	-0.162158941147964	-0.0962384028020359	-0.130353279722425	-0.156150089364106	-0.102628407313414	-0.183147516268629	-0.111734512646312	-0.116539421438785	-0.0886614560668103	-0.107694590170264	-0.121842847479629	-0.131751143624437	-0.107320850083601	-0.116837224337631	-0.119951615115427	-0.107246968057701	-0.0947950104601839	-0.14126853428284	-0.147560891440019	-0.0912104574556769	-0.150819933539432	-0.11774181520683	-0.122115925434694	-0.13668869656164	-0.111681512378874	-0.129103518795738
700024192	-0.201689063311088	-0.196259623370156	-0.0622198315011381	-0.228799400491078	-0.197215724489651	-0.100308817673027	-0.185176582850882	-0.143388387494079	-0.181033217346592	-0.136435851177146	-0.130944854424401	0	-0.110689675276476	-0.167536014554279	-0.107202878541432	-0.13365865253841	-0.139328726834361	-0.129284218467025	-0.182045629640216	-0.184965237010481	-0.162861312543772	-0.101406250377928	-0.205559852618487	-0.197896501181672	-0.175968816856793	-0.223356075638532	-0.180796953812094	-0.210564813089137	-0.180584296106213	-0.149055645138256	-0.12241002935126	-0.117801662154697	-0.110065405819748	-0.112585980086724	-0.23088380020833	-0.137743669806524	-0.180398873660094	-0.118919144574171	-0.185091400906399	-0.154440790500339	-0.174770603607985	-0.0847098307128161	-0.167300198129584	-0.135261069521462	-0.122758601532394	-0.167126861577686	-0.179460410079193	-0.102674698421963	-0.152959071955788	-0.0673549918625935	-0.099018221350008	-0.223362594860958	-0.211576993974367	-0.155273460184639	-0.232209381672227	-0.11404755605186	-0.143343965379169	-0.213933107377845	-0.0962945471078597	-0.184673352369164
700113058	-0.209302052296731	-0.146014776583417	-0.0973036875765932	-0.239737008594572	-0.180080309474071	-0.11090309981973	-0.202635496779394	-0.0814750196975456	-0.190215066540815	-0.075824879636183	-0.128061429004231	-0.110689675276476	0	-0.134293167710705	-0.0874323381873324	-0.152816427732335	-0.0847203036379434	-0.14570145233508	-0.188436598542196	-0.190668758414916	-0.192065235594974	-0.142050892231572	-0.20420009558609	-0.202206222366581	-0.21506743093901	-0.21050684771392	-0.125489036832042	-0.170878450414194	-0.138803456946906	-0.0951265303361616	-0.0956270302934902	-0.161430304691764	-0.118746462349895	-0.0860252532504115	-0.221310812372538	-0.153075574981809	-0.172287589303899	-0.12313306211836	-0.181841971576635	-0.106757566645588	-0.148317409784429	-0.059996848648958	-0.17224500085325	-0.159319496335743	-0.100579169488827	-0.141479973672533	-0.16453934146534	-0.0720281902836278	-0.14296959874837	-0.0979566744020978	-0.139395767316536	-0.218132513878736	-0.214630483392781	-0.169037340578288	-0.240589492069524	-0.0649043248864062	-0.148038873512355	-0.224916658569167	-0.105518556285515	-0.18793983792048
700099448	-0.157380585731413	-0.128476460811727	-0.134986866844571	-0.221718376353637	-0.124805290194816	-0.108084943668396	-0.186487023954368	-0.145473161317727	-0.163886845062838	-0.115026458561483	-0.12496272099435	-0.167536014554279	-0.134293167710705	0	-0.139212975090731	-0.142330367870523	-0.115133650578353	-0.127861738105535	-0.135943936606065	-0.168278211681329	-0.165018032810087	-0.149056705965375	-0.143873258594182	-0.158928370217293	-0.194000263233568	-0.147181570263466	-0.100402832463917	-0.160791338583573	-0.132353129664522	-0.11025621265374	-0.0979304642793528	-0.181253367870131	-0.120505580140947	-0.0991760637208319	-0.147994851308655	-0.151017146413321	-0.124905994766569	-0.118067594322352	-0.136795005167483	-0.172383909121648	-0.135609210398602	-0.124324369118924	-0.118407099348835	-0.167412604031065	-0.120132810082824	-0.111188090677288	-0.111912422043788	-0.125137478384919	-0.0848039046777278	-0.13461711516344	-0.142278737291433	-0.174698213078779	-0.194592990233873	-0.112504647479995	-0.168420184634135	-0.132718370132804	-0.127475265080348	-0.17928113675694	-0.126238584425464	-0.174690252721148
700109870	-0.204775660685516	-0.162287050913444	-0.0998408618805465	-0.225662543766684	-0.181549212842816	-0.11784212853651	-0.207381310978208	-0.093220753275974	-0.194119506983758	-0.111969648957776	-0.156182443572618	-0.107202878541432	-0.0874323381873324	-0.139212975090731	0	-0.170143900160163	-0.100468855697448	-0.169148279062177	-0.20415656105926	-0.186221761261011	-0.181358262248412	-0.156143587489626	-0.19036694758192	-0.21694507467151	-0.217729745167344	-0.210252437787075	-0.151002577207989	-0.190378197206335	-0.139570429284627	-0.101991384085337	-0.125715013473153	-0.172712704156321	-0.138562936590332	-0.116144543630825	-0.227879514208232	-0.162568132889514	-0.189966789621306	-0.0954329526804285	-0.19065505451531	-0.095656135363905	-0.171404314228393	-0.0741890437023039	-0.187639544588109	-0.163768787245681	-0.112272682928778	-0.131421370743298	-0.176500490222736	-0.0746127208753278	-0.153418831481312	-0.103292349169413	-0.152053564575575	-0.222181947687853	-0.209401808252519	-0.173912263226933	-0.232976997781227	-0.0833462054470408	-0.139469803680545	-0.229705022521156	-0.108328873610592	-0.189520530256559
700033928	-0.116869652355536	-0.160437885624087	-0.128194693723184	-0.180625878171418	-0.139577423099947	-0.141295210084622	-0.126112147777729	-0.180697562637002	-0.0945855558070406	-0.157982723893383	-0.0927529810707268	-0.13365865253841	-0.152816427732335	-0.142330367870523	-0.170143900160163	0	-0.165734719109197	-0.148455691124766	-0.0945006422506758	-0.13377636657555	-0.11546935280256	-0.0881419015861911	-0.149920049064383	-0.100829737542168	-0.136916623699178	-0.156304066349826	-0.151275134748163	-0.159986049414134	-0.177126980151732	-0.153931217295147	-0.141092343110895	-0.114385903025819	-0.0879078396673015	-0.126347868356662	-0.152893109605361	-0.131168102122393	-0.131364561458064	-0.168544406396828	-0.102369600468491	-0.207669025665237	-0.106528594472966	-0.136691324687198	-0.120829661750334	-0.122813736163531	-0.146090698561055	-0.137521347591272	-0.115171523855715	-0.14247320151775	-0.143565181093071	-0.106494620105934	-0.0858631012614445	-0.134061180091256	-0.144635500699926	-0.117599219051156	-0.154315390094196	-0.137130432962604	-0.13423454291903	-0.128649373831348	-0.115063011043909	-0.116457755993849
700023693	-0.207258514402595	-0.135455571627333	-0.116358919636776	-0.251477697621603	-0.163791480315319	-0.102597832474133	-0.217671195755269	-0.073031161033799	-0.195430003774565	-0.0527919449415511	-0.138341500172441	-0.139328726834361	-0.0847203036379434	-0.115133650578353	-0.100468855697448	-0.165734719109197	0	-0.132877699304393	-0.183972350431348	-0.203830122857221	-0.187302063663194	-0.16092330071766	-0.194022120855634	-0.201600353902313	-0.231465510067709	-0.205241801583243	-0.120919454994338	-0.176292078687162	-0.125846930873254	-0.0982256500562313	-0.0756699874935759	-0.181146948688986	-0.129352575820998	-0.0887901830087901	-0.199296130558554	-0.16455475578893	-0.150353197440789	-0.096813914027669	-0.181039686026926	-0.0971593280311446	-0.141258057186045	-0.0823744804289962	-0.154448558861125	-0.174546501937748	-0.106547248314685	-0.117856937383893	-0.133845300222705	-0.0804984770976198	-0.119723095720403	-0.125090782765894	-0.152663299291523	-0.223868607053	-0.222771861245677	-0.147398924069835	-0.230321716098679	-0.0874703000565732	-0.156506475907171	-0.229583693700402	-0.132462100039205	-0.198885720160031
700109627	-0.202184866478267	-0.185849469578292	-0.107420640982282	-0.253225648546436	-0.160452143142313	-0.0730397602717666	-0.220605854945338	-0.172144865323669	-0.193933497804333	-0.116920522539188	-0.138840626716152	-0.129284218467025	-0.14570145233508	-0.127861738105535	-0.169148279062177	-0.148455691124766	-0.132877699304393	0	-0.171647406721451	-0.203061213455153	-0.200673077995575	-0.137110158737852	-0.196005355545976	-0.187428147694875	-0.205382981597538	-0.200753465420079	-0.142379569390232	-0.198096231387951	-0.197501290604575	-0.147070402862607	-0.109396633974798	-0.16732947336347	-0.140514491847369	-0.117850528547134	-0.190236418107531	-0.165118780005791	-0.11967923630073	-0.0980011324018776	-0.187667380399541	-0.194319157414565	-0.172958021229235	-0.135567930963884	-0.127270518643858	-0.166813219195494	-0.17188718639666	-0.1651441938016	-0.157896002154602	-0.152491260093513	-0.088649372430234	-0.122920588684376	-0.122815963779981	-0.228370347174782	-0.236158283475549	-0.141658580649794	-0.205994082395599	-0.149356670433383	-0.17776648138066	-0.222674513840093	-0.13488131971533	-0.217659555239491
700095416	-0.0965408465986078	-0.155650298376615	-0.175759213738468	-0.178269171425565	-0.123366303404755	-0.1708080031043	-0.10861609648392	-0.210205320918302	-0.0906216464063627	-0.178098728449083	-0.11310005827708	-0.182045629640216	-0.188436598542196	-0.135943936606065	-0.20415656105926	-0.0945006422506758	-0.183972350431348	-0.171647406721451	0	-0.130022834096469	-0.116536151692759	-0.126758256797949	-0.122889275290466	-0.0826326186307093	-0.134371482213138	-0.137855575029718	-0.151172727607553	-0.168534601254497	-0.187069364512247	-0.17956163051527	-0.161205515905924	-0.137074806770851	-0.119900725359786	-0.164246827699599	-0.121020949062143	-0.133182882465059	-0.135080869251046	-0.183121108084964	-0.0853264560532515	-0.233971862469413	-0.106229551337448	-0.183504102597418	-0.106818150737134	-0.135224594743232	-0.17350791602885	-0.130598543690632	-0.101549274972282	-0.179163655323813	-0.143806678179068	-0.161382074754213	-0.126362094236015	-0.117585484188405	-0.138806203272498	-0.0958153783108343	-0.108806402930615	-0.175623641874598	-0.143346228477763	-0.116250675215216	-0.160155741172493	-0.117496661758914
700110425	-0.0800939580742393	-0.145375494599321	-0.181722700424667	-0.11719756363526	-0.145941442223359	-0.199167593409815	-0.0670592240105014	-0.205778405077462	-0.101427629641383	-0.200558065726841	-0.115687018019467	-0.184965237010481	-0.190668758414916	-0.168278211681329	-0.186221761261011	-0.13377636657555	-0.203830122857221	-0.203061213455153	-0.130022834096469	0	-0.0964673268384409	-0.127276920895334	-0.118100161722317	-0.10134168695616	-0.084872958980571	-0.164081041332994	-0.182090638945582	-0.170513544349343	-0.1766800551376	-0.180973973486693	-0.184285527562504	-0.144039317453169	-0.132514415335907	-0.173625644826664	-0.163916602460514	-0.0927161096731133	-0.17174816308874	-0.214441988835946	-0.0942144942841014	-0.22702997200336	-0.139804818289749	-0.183763157923922	-0.145543902454464	-0.106163007263236	-0.164529878765309	-0.146618865389872	-0.137888254628552	-0.173208437982827	-0.168218525754789	-0.160501118223012	-0.135885578778824	-0.0727643120872286	-0.068254496441705	-0.11759986934821	-0.1083969577507	-0.180568269180188	-0.0757521066575062	-0.0838050539330551	-0.147777841355698	-0.103979937731849
700111580	-0.10619400257111	-0.156535108042156	-0.166499176503031	-0.152873989515067	-0.168564980574682	-0.180225880204146	-0.0856767438027463	-0.203770794661719	-0.113499868074727	-0.19165228616053	-0.118890219742614	-0.162861312543772	-0.192065235594974	-0.165018032810087	-0.181358262248412	-0.11546935280256	-0.187302063663194	-0.200673077995575	-0.116536151692759	-0.0964673268384409	0	-0.107962845795672	-0.122160324380591	-0.104219745380253	-0.0768326175213226	-0.185273477716172	-0.191336022945841	-0.206010147008795	-0.160637335507368	-0.190192097917412	-0.171761692741176	-0.121862406998294	-0.11851314028692	-0.165964311020986	-0.179233598461528	-0.102736016560139	-0.184841361602098	-0.182973773459328	-0.115424309690582	-0.216816568840225	-0.127085858483588	-0.170518277130121	-0.13742657376783	-0.121957943410638	-0.147297318302985	-0.136743860195959	-0.127572534650513	-0.152479649208538	-0.152356343431874	-0.140546499974296	-0.115301299506323	-0.109497334596317	-0.110901195140973	-0.100641626752948	-0.131848000316509	-0.166238511575808	-0.0977174783182456	-0.0923114307914829	-0.130436870226118	-0.0961679005512085
700111302	-0.135607379872298	-0.145199455685261	-0.0971885549291828	-0.202468669573987	-0.156409558586314	-0.125192226241976	-0.127911999285857	-0.168978698345095	-0.105963217207635	-0.154136636317526	-0.0708893418661822	-0.101406250377928	-0.142050892231572	-0.149056705965375	-0.156143587489626	-0.0881419015861911	-0.16092330071766	-0.137110158737852	-0.126758256797949	-0.127276920895334	-0.107962845795672	0	-0.162291118969151	-0.122809903202718	-0.111498516149934	-0.185066280412695	-0.158145017103987	-0.174272900760473	-0.179390323069107	-0.152825532737785	-0.131004041471745	-0.0750704151991475	-0.0761660946264143	-0.111437784932045	-0.175936479720317	-0.0914200077216984	-0.149894485132258	-0.15870689855784	-0.124292781869327	-0.191538438278051	-0.152786140370883	-0.12250226943419	-0.11683271001266	-0.0971073086815887	-0.136619106099553	-0.158297843246942	-0.12787212192683	-0.118602606096522	-0.14013483838902	-0.0713816168576049	-0.0732734441385046	-0.152231404868561	-0.15788975037921	-0.106346729515369	-0.167630120930094	-0.121886244945714	-0.12935056342776	-0.143009966442443	-0.094843348047872	-0.133073564999005
700098605	-0.10300431126766	-0.135612775178731	-0.195145013025557	-0.154137822315439	-0.138143080974537	-0.184643001384096	-0.133421932827053	-0.206318180444067	-0.135107938190022	-0.190185395673333	-0.143020212600709	-0.205559852618487	-0.20420009558609	-0.143873258594182	-0.19036694758192	-0.149920049064383	-0.194022120855634	-0.196005355545976	-0.122889275290466	-0.118100161722317	-0.122160324380591	-0.162291118969151	0	-0.12205380300556	-0.158956744331284	-0.130842973995174	-0.147203213859252	-0.157097347554088	-0.163410015815306	-0.1819454382431	-0.178175674520991	-0.178388660845198	-0.147835548579334	-0.168765073221253	-0.134119567886018	-0.129166294789173	-0.164363941836464	-0.188619116903786	-0.11440864869702	-0.206890871132699	-0.133166910990183	-0.194222154843306	-0.14619958599299	-0.146105103470427	-0.186240950321315	-0.126990516797565	-0.127226712283905	-0.185390448210258	-0.15910857399957	-0.182673945170278	-0.169721291208158	-0.121526253065792	-0.122329766414325	-0.114520343517969	-0.0893524806860217	-0.191122375227133	-0.130584926087507	-0.13810417720009	-0.169801078997518	-0.124231944512318
700111991	-0.0697245878733555	-0.16397542326752	-0.187350597381969	-0.142323134604713	-0.141564140961062	-0.191451017629922	-0.0846654157953987	-0.218721340371819	-0.0893715808277165	-0.195271406783181	-0.116712911766477	-0.197896501181672	-0.202206222366581	-0.158928370217293	-0.21694507467151	-0.100829737542168	-0.201600353902313	-0.187428147694875	-0.0826326186307093	-0.10134168695616	-0.104219745380253	-0.122809903202718	-0.12205380300556	0	-0.104489433041479	-0.129446305721675	-0.16711837203833	-0.158927946096636	-0.185571668320801	-0.19614304332082	-0.178102517044488	-0.148659879322124	-0.128742234525067	-0.170006720931797	-0.123446642900892	-0.117360579394456	-0.152962104996857	-0.207570556618821	-0.0742895749777508	-0.245735681358073	-0.112550168329145	-0.192801440000308	-0.130627402386816	-0.133376650492452	-0.178345914127855	-0.142995057857365	-0.113420194734744	-0.184847811124353	-0.171797533564385	-0.169659293203521	-0.12828674990155	-0.0912487858737268	-0.102635644405518	-0.0992347033608466	-0.0984678133728509	-0.188636100139663	-0.135207280387719	-0.0839069209183848	-0.166440522362557	-0.109855900639008
700108960	-0.108347708426974	-0.17881569494022	-0.179725803611889	-0.148024327589952	-0.190819902497999	-0.199742860157622	-0.0752321417097159	-0.238893568163678	-0.106067771402658	-0.221697060663296	-0.122087000791922	-0.175968816856793	-0.21506743093901	-0.194000263233568	-0.217729745167344	-0.136916623699178	-0.231465510067709	-0.205382981597538	-0.134371482213138	-0.084872958980571	-0.0768326175213226	-0.111498516149934	-0.158956744331284	-0.104489433041479	0	-0.209341522334109	-0.219199618291053	-0.218995830352817	-0.209357952817296	-0.209627139761135	-0.202117097351853	-0.106216105478957	-0.145741652193583	-0.186045271658261	-0.195546339592775	-0.0988504060649346	-0.201526848055547	-0.225106436464663	-0.124017198546915	-0.260326556116001	-0.168851216959137	-0.196319347014414	-0.155886030921073	-0.108427181897153	-0.190980046019484	-0.192290231966268	-0.169991977652923	-0.193600040700914	-0.180232794672124	-0.153751697414695	-0.116038716771341	-0.106896887463818	-0.105875021964007	-0.122439392668608	-0.126876600980927	-0.200405753095601	-0.113597050044931	-0.0857901560926356	-0.14719915000493	-0.10028032867176
700024452	-0.128874713742731	-0.151842058871696	-0.206094318382483	-0.152725808442068	-0.127641551880246	-0.198721499620947	-0.170280843152139	-0.206712716700041	-0.153451345900947	-0.196951102639284	-0.169046647845382	-0.223356075638532	-0.21050684771392	-0.147181570263466	-0.210252437787075	-0.156304066349826	-0.205241801583243	-0.200753465420079	-0.137855575029718	-0.164081041332994	-0.185273477716172	-0.185066280412695	-0.130842973995174	-0.129446305721675	-0.209341522334109	0	-0.147749295249363	-0.140307404740132	-0.151328865961702	-0.181376425713447	-0.194925866703472	-0.211062804566844	-0.162864294674337	-0.180277716269884	-0.0759963029526011	-0.164514200657747	-0.176253295273542	-0.205087850634683	-0.114044074887561	-0.218348435306605	-0.135709790079767	-0.206080920698176	-0.1624168400572	-0.177698635403956	-0.188568349376921	-0.125911969799383	-0.127885785867516	-0.203354108531921	-0.177395772925226	-0.198040678507627	-0.183197441951516	-0.147640693145299	-0.141400736368103	-0.149670325364407	-0.120488933203021	-0.20306915812812	-0.162174585472644	-0.168392192364764	-0.176851062002115	-0.185078601324318
700032931	-0.165787791244813	-0.112146903965401	-0.155565489134791	-0.237014437448476	-0.135025476787754	-0.134097669729787	-0.207581421993069	-0.129182437611103	-0.17352030613042	-0.118129324857075	-0.130987655648292	-0.180796953812094	-0.125489036832042	-0.100402832463917	-0.151002577207989	-0.151275134748163	-0.120919454994338	-0.142379569390232	-0.151172727607553	-0.182090638945582	-0.191336022945841	-0.158145017103987	-0.147203213859252	-0.16711837203833	-0.219199618291053	-0.147749295249363	0	-0.135094855704768	-0.146686671112336	-0.123220232249763	-0.104801811905117	-0.187816833187064	-0.136064848404202	-0.108753999054225	-0.154151683473865	-0.164614112640419	-0.135311383147747	-0.142889699091193	-0.148584591867791	-0.152023406069847	-0.135673565107876	-0.129405064067205	-0.126494521536354	-0.166956624638186	-0.136044124637293	-0.119106038351988	-0.1095008470246	-0.125900527419884	-0.115495645878737	-0.151575590402532	-0.164838223919535	-0.19335635695411	-0.194359387746748	-0.13134548793239	-0.16866111915129	-0.123859797141303	-0.166970756582576	-0.208751924191949	-0.145405652189923	-0.195250149356767
700095837	-0.155827300657496	-0.132340978177869	-0.195268304027657	-0.215314574331271	-0.149756016130527	-0.19620522656298	-0.200936025738897	-0.165305160864744	-0.170572786435473	-0.165483364397819	-0.150135130731624	-0.210564813089137	-0.170878450414194	-0.160791338583573	-0.190378197206335	-0.159986049414134	-0.176292078687162	-0.198096231387951	-0.168534601254497	-0.170513544349343	-0.206010147008795	-0.174272900760473	-0.157097347554088	-0.158927946096636	-0.218995830352817	-0.140307404740132	-0.135094855704768	0	-0.13524851647516	-0.128776664708845	-0.163132601380771	-0.203368104276479	-0.158982271355399	-0.148370146990523	-0.156794578266617	-0.175616316716493	-0.164447781396835	-0.210071459780958	-0.145248882769897	-0.197592267675389	-0.152508445439881	-0.168411145398908	-0.172994259142868	-0.170539868039259	-0.154669738587531	-0.139817324185219	-0.144623157344533	-0.171769781319818	-0.183568768445792	-0.187853581403445	-0.180722875368995	-0.178729526771012	-0.185316811599357	-0.179335838515773	-0.165863939226484	-0.169887691127724	-0.184418379950832	-0.197006323912964	-0.184969018719292	-0.199412942418655
700024548	-0.174338909866737	-0.108310837655509	-0.166876790728506	-0.191133849716647	-0.148762582845661	-0.170409730830778	-0.191884441790702	-0.121270671597381	-0.193020772315332	-0.134400841969481	-0.144515154478999	-0.180584296106213	-0.138803456946906	-0.132353129664522	-0.139570429284627	-0.177126980151732	-0.125846930873254	-0.197501290604575	-0.187069364512247	-0.1766800551376	-0.160637335507368	-0.179390323069107	-0.163410015815306	-0.185571668320801	-0.209357952817296	-0.151328865961702	-0.146686671112336	-0.13524851647516	0	-0.120159067284235	-0.13298791750765	-0.208484539416328	-0.138812468903779	-0.132009348430217	-0.1666309543371	-0.157874969816697	-0.196698462941503	-0.167770248790507	-0.155628643038044	-0.13185338647586	-0.129375055646951	-0.130483767216098	-0.171177816147898	-0.195737117777183	-0.0888424313764832	-0.0867915826829013	-0.152295948158469	-0.129689103442507	-0.14795272120045	-0.1729194958625	-0.167630515786778	-0.187246245260413	-0.174968807778289	-0.149768651642045	-0.179791355536666	-0.140001909761996	-0.134296274468697	-0.202423596222226	-0.152886967156445	-0.195553515228213
700110161	-0.19474534883282	-0.122889204348578	-0.117430948300268	-0.223748043896924	-0.156957651391418	-0.109966159037805	-0.204903935335224	-0.0985673415068807	-0.178507360128425	-0.09055224284366	-0.128477932795466	-0.149055645138256	-0.0951265303361616	-0.11025621265374	-0.101991384085337	-0.153931217295147	-0.0982256500562313	-0.147070402862607	-0.17956163051527	-0.180973973486693	-0.190192097917412	-0.152825532737785	-0.1819454382431	-0.19614304332082	-0.209627139761135	-0.181376425713447	-0.123220232249763	-0.128776664708845	-0.120159067284235	0	-0.10213517240016	-0.178558280940426	-0.127329058923305	-0.0788211991379506	-0.192734024022528	-0.157703306817179	-0.151588840591662	-0.119282074633676	-0.169089393478301	-0.133542260192608	-0.150686118667325	-0.0967156086528742	-0.154982006951371	-0.159589321973094	-0.114706267300901	-0.134339267636935	-0.157699326648943	-0.100432748854322	-0.126685243447584	-0.116819372898345	-0.144099491000103	-0.203001173915235	-0.204806843578708	-0.154391126868571	-0.218046749612828	-0.0994177852900493	-0.141168852008127	-0.209976891949021	-0.113544892716675	-0.189516152532306
700023496	-0.188131079242196	-0.120427422968196	-0.110670355249496	-0.237418795225635	-0.147503751360797	-0.0793223179812127	-0.194810008608629	-0.111860225280616	-0.174080935335503	-0.0722897892677745	-0.10827783300424	-0.12241002935126	-0.0956270302934902	-0.0979304642793528	-0.125715013473153	-0.141092343110895	-0.0756699874935759	-0.109396633974798	-0.161205515905924	-0.184285527562504	-0.171761692741176	-0.131004041471745	-0.178175674520991	-0.178102517044488	-0.202117097351853	-0.194925866703472	-0.104801811905117	-0.163132601380771	-0.13298791750765	-0.10213517240016	0	-0.158784929217536	-0.101290545987135	-0.0604582404387283	-0.187444155246959	-0.145869465670993	-0.134573883001405	-0.111410802737811	-0.16307121288164	-0.131704614063958	-0.124539452885094	-0.0849404331466476	-0.118435374119206	-0.150041915646044	-0.0943905204164226	-0.113077783495092	-0.125125732575721	-0.0840269544687659	-0.0862749478481801	-0.113753999549601	-0.1291695289451	-0.208623834903073	-0.207600428060086	-0.121996215586183	-0.213693471612415	-0.0899153106146252	-0.143303585102555	-0.20627113852045	-0.12463208775803	-0.185972206167301
700034628	-0.154039699982929	-0.16224621601066	-0.127643228319793	-0.218478905178831	-0.186194579993231	-0.158444579126611	-0.120445966450119	-0.189636498780609	-0.102801023495952	-0.178810763307936	-0.107216942715516	-0.117801662154697	-0.161430304691764	-0.181253367870131	-0.172712704156321	-0.114385903025819	-0.181146948688986	-0.16732947336347	-0.137074806770851	-0.144039317453169	-0.121862406998294	-0.0750704151991475	-0.178388660845198	-0.148659879322124	-0.106216105478957	-0.211062804566844	-0.187816833187064	-0.203368104276479	-0.208484539416328	-0.178558280940426	-0.158784929217536	0	-0.116977357997636	-0.142682809577802	-0.205755021929817	-0.094844710531548	-0.18105186051053	-0.176195720714281	-0.147358770821397	-0.212975887449054	-0.183129412332248	-0.141122288862901	-0.135077636972052	-0.0791826416509153	-0.164747845837277	-0.186818485152388	-0.156671242433645	-0.142727995074097	-0.170576760897618	-0.100377643709151	-0.1087876830503	-0.156242670941263	-0.167815370496854	-0.138677816836215	-0.188887276681673	-0.143897442786347	-0.148846007236858	-0.14139867125536	-0.122239090174168	-0.106874514542039
700023645	-0.134828676893172	-0.127316828352935	-0.104953136014236	-0.190107850732756	-0.13110403452145	-0.116481766160135	-0.137630933588052	-0.140942354038426	-0.119647827020441	-0.119667114648835	-0.077650207857537	-0.110065405819748	-0.118746462349895	-0.120505580140947	-0.138562936590332	-0.0879078396673015	-0.129352575820998	-0.140514491847369	-0.119900725359786	-0.132514415335907	-0.11851314028692	-0.0761660946264143	-0.147835548579334	-0.128742234525067	-0.145741652193583	-0.162864294674337	-0.136064848404202	-0.158982271355399	-0.138812468903779	-0.127329058923305	-0.101290545987135	-0.116977357997636	0	-0.0865617360567091	-0.164306656036707	-0.0973564191572961	-0.133616197478096	-0.142074203202192	-0.118216650089552	-0.160628676665206	-0.108538197820425	-0.102798516902004	-0.110681315194305	-0.12027462257099	-0.107427813754727	-0.111641206320008	-0.109595260010743	-0.0946356026448536	-0.110122653403917	-0.0900011259936434	-0.0808362517579096	-0.155386683674771	-0.162476478204476	-0.107905684308763	-0.169598484974522	-0.102409394512343	-0.10755976224806	-0.151120914156182	-0.0929692907702597	-0.145047551393385
700038744	-0.177729995381122	-0.126167840765874	-0.0937692485569581	-0.225228022587544	-0.145739400140876	-0.0816924684727561	-0.185577241762935	-0.109975323227736	-0.165797826867373	-0.0767993769176874	-0.0944701473558952	-0.112585980086724	-0.0860252532504115	-0.0991760637208319	-0.116144543630825	-0.126347868356662	-0.0887901830087901	-0.117850528547134	-0.164246827699599	-0.173625644826664	-0.165964311020986	-0.111437784932045	-0.168765073221253	-0.170006720931797	-0.186045271658261	-0.180277716269884	-0.108753999054225	-0.148370146990523	-0.132009348430217	-0.0788211991379506	-0.0604582404387283	-0.142682809577802	-0.0865617360567091	0	-0.191343411772736	-0.133875112663818	-0.130176343814801	-0.110448083497166	-0.153400137497253	-0.132684715248123	-0.127511463325628	-0.0743342078487652	-0.124933038811594	-0.142233071470452	-0.100219198037704	-0.11920111257753	-0.129869811710693	-0.0724551395860022	-0.0995747755392341	-0.0875370347693159	-0.114860975525704	-0.199252075370314	-0.199347467456827	-0.124779626197362	-0.205684577141307	-0.0829455676122925	-0.133989836972501	-0.194186124939076	-0.092486522607063	-0.176678950812111
