700108602	700014971	700033565	700109389	700023058	700023927	700106341	700114221	700023543	700023439	700016978	700024192	700113058	700099448	700109870	700033928	700023693	700109627	700095416	700110425	700111580	700111302	700098605	700111991	700108960	700024452	700032931	700095837	700024548	700110161	700023496	700034628	700023645	700038744	700038485	700024743	700099596	700110760	700101587	700106399	700032322	700095653	700021312	700101230	700023590	700038905	700033136	700023382	700096424	700105469	700016908	700096053	700108479	700109569	700033814	700016125	700109756	700102665	700101777	700109455
700108602	0	0.140579254179401	0.155395452273999	0.106252443236876	0.114928643075679	0.165653373348948	0.0788907310511804	0.174542008817881	0.108985604764275	0.155876928282014	0.116806436944801	0.155430679766473	0.154845107294812	0.145812134786349	0.156487965824158	0.109231557875346	0.163048310420128	0.165369516439915	0.0873152250003352	0.0955708143313021	0.0872229886363512	0.106432794603919	0.102574888832447	0.0770429297101724	0.0942570966005912	0.114850363643309	0.137363326418879	0.124027161494817	0.148768969333159	0.160467626287146	0.161758505260734	0.114839609000034	0.105867908908736	0.159953068742436	0.117107435257442	0.117305430488591	0.128208663622115	0.168745474466849	0.103674766804179	0.178120403070276	0.105745956697766	0.151548016011412	0.133477165195676	0.118237836374604	0.137590434581272	0.123129743672203	0.120613975126103	0.151679410890011	0.138043194465125	0.135939932324205	0.115505920079997	0.0912792823007605	0.0946558187806372	0.107951957239264	0.100274742507719	0.151097628854803	0.10719096294935	0.0752522823389702	0.131322538791346	0.097815643140353
700014971	0.140579254179401	0	0.146677188627999	0.157180489779839	0.125071847397342	0.148990061662807	0.147393934014558	0.145885953729506	0.157770937760177	0.13314630801132	0.123558369420151	0.162217276972188	0.138490919789014	0.128229701166255	0.140410539802611	0.143295377633414	0.129929634766179	0.15538897595174	0.148661891996085	0.136198439391344	0.132416989425598	0.122247269457174	0.123278730168917	0.151630523865115	0.147590957684681	0.156773643336946	0.124975971695626	0.13472359498771	0.127013555352935	0.125739675082001	0.134662787520789	0.134691946197498	0.11497232248597	0.133770181225708	0.143715125357476	0.121769611716852	0.15161880415098	0.158044760462971	0.14903506182357	0.147252542448117	0.137923224790986	0.134399194840833	0.124366506814805	0.131960355181622	0.114449643580851	0.131201384080695	0.108007973445371	0.135272797753685	0.126797292798391	0.140108263219582	0.131359039017709	0.150156163109673	0.140231976833831	0.12758390630214	0.166474956026117	0.124029141194557	0.137588750654618	0.142279416833057	0.129293316007777	0.1427741167177
700033565	0.155395452273999	0.146677188627999	0	0.147131541662448	0.138290271654197	0.0751377991695978	0.142907051267069	0.0999345192184514	0.167022538606177	0.0956920718302589	0.0963193668614938	0.0573363951902377	0.102074925194574	0.119569150577998	0.0827245204195384	0.110855819648553	0.0980595494924446	0.0925508949215673	0.147331790753238	0.143492896789801	0.136230655868789	0.0963341816081878	0.128316218610423	0.152080511520727	0.13344257069014	0.161820144870488	0.125220202145845	0.138927172605529	0.107856696890903	0.103409223114055	0.0924637891831388	0.108776434445619	0.108708348584363	0.0830392124223435	0.154202875169878	0.110101789768375	0.12352557087328	0.0744157780115871	0.160008607817469	0.114570299648525	0.137980306795676	0.076928833488488	0.130407786674382	0.117860962144949	0.105808070827755	0.112493779443154	0.13579550679002	0.0801943930692804	0.104675597787009	0.0689791394965828	0.072526854472115	0.167563013870281	0.153209020073899	0.12117259611652	0.17733611986882	0.0990763450083818	0.125447503302486	0.145210592289033	0.087302517862161	0.134894264572453
700109389	0.106252443236876	0.157180489779839	0.147131541662448	0	0.140201086542973	0.171502209915809	0.0941471706861398	0.179150028699838	0.148014998701104	0.164927852814197	0.146611588044878	0.147070401488218	0.170216900994536	0.157508913287347	0.147846961990863	0.139491260153155	0.173516681921913	0.182794483275523	0.131943862676368	0.0945735145248008	0.109412680365531	0.135898962525664	0.099803270212807	0.119121062485974	0.113278313316944	0.11695097858671	0.167772526909604	0.148508839622171	0.129314532573674	0.162349885848903	0.176660249973482	0.145469248657114	0.135546006844719	0.163024770033024	0.124560904739388	0.118276614725931	0.168217965067422	0.162637016539719	0.136026539762066	0.174052291009684	0.13341958899454	0.164681292606823	0.148815581884315	0.127935728935992	0.152658631992184	0.139133793961552	0.141725584009808	0.158114104099304	0.152277175270276	0.144384890782997	0.12426477254762	0.106179176042255	0.0809263162093432	0.14006002813	0.109318660300715	0.160122260140147	0.109935809402471	0.0917357535182972	0.120938297110861	0.110733328660703
700023058	0.114928643075679	0.125071847397342	0.138290271654197	0.140201086542973	0	0.139716788381475	0.116550644060593	0.149182044486531	0.11947813189649	0.137541885724193	0.118897273162159	0.144573843205117	0.139896756060598	0.124937098636798	0.137709795602916	0.116318054243081	0.142912696078302	0.140024122112534	0.113121790626772	0.125825502649471	0.119227655554715	0.123247612841557	0.112633188429858	0.13293688296067	0.134309813347256	0.116490966321587	0.136559048300533	0.125168043016314	0.113529538750673	0.128398434232087	0.129383675278412	0.13181523755748	0.113752795142464	0.1328548991659	0.10267474468115	0.12451533435903	0.114191690284109	0.135315625985768	0.117563967246847	0.150916800647519	0.126647539484949	0.127875336981775	0.117944106052933	0.128908882871051	0.114701640822357	0.108225529519982	0.107133910620961	0.130402208559286	0.11673515013927	0.127302710279602	0.122782654557276	0.126002656807416	0.1152451456883	0.125779206839436	0.132192543317757	0.135960182735564	0.129474400737141	0.122467228067878	0.129613836957567	0.121659739107918
700023927	0.165653373348948	0.148990061662807	0.0751377991695978	0.171502209915809	0.139716788381475	0	0.155176151749684	0.109372957351075	0.178583415069637	0.0922038227091142	0.108404821936253	0.0883351336589199	0.113673662733589	0.103214284546628	0.0927165075653448	0.127845572667458	0.0962080030138529	0.0790352684421798	0.152189443915147	0.156970509007121	0.142379359619306	0.116532077553024	0.139000262677344	0.161481768470565	0.144323438210492	0.173883798829361	0.136323637376132	0.158930879279006	0.11481553964355	0.10195024441163	0.070802304974507	0.121051978073016	0.119751656684476	0.0800889832350562	0.163041145662137	0.125872893481682	0.115977654357798	0.0598692598775576	0.176241658569817	0.120864099895572	0.148247944099692	0.0881883040915541	0.112185025267949	0.134283631364634	0.114082693432076	0.117364373883973	0.14453632338493	0.0900831795012588	0.0782880650997986	0.0871720189627014	0.102306863579035	0.179926508297161	0.165963665401811	0.11977541448285	0.185730681394711	0.1092299966484	0.134352355776713	0.156832351776548	0.103533395192835	0.1480385619253
700106341	0.0788907310511804	0.147393934014558	0.142907051267069	0.0941471706861398	0.116550644060593	0.155176151749684	0	0.173775168334392	0.102680716994064	0.159411104257587	0.11654422875774	0.131611059762054	0.154712712398517	0.14291259986546	0.143010198350753	0.106338070020762	0.165944897689289	0.167943338220709	0.0978626837481798	0.0754418734537787	0.0746181367861709	0.0959342383096478	0.100272103661449	0.103441326297433	0.0680421378795831	0.119417581167917	0.164996458332544	0.148088536270358	0.134900710147897	0.157453686264687	0.161421000724325	0.0848809937292698	0.109383141089193	0.150711690500087	0.131097400520935	0.0929873103257916	0.141045466534722	0.159803773976615	0.0947292088444575	0.174550984482855	0.118876207384169	0.14076192573046	0.130174155310035	0.096926097480327	0.129462053705642	0.134527066876745	0.129508616295527	0.136691261590078	0.139946416427301	0.113930316251404	0.112647962343981	0.0775066715542957	0.0753307247997841	0.110343681534017	0.113694472868127	0.146269253906518	0.092344032973586	0.0553069737306231	0.112254621616087	0.0742209462280962
700114221	0.174542008817881	0.145885953729506	0.0999345192184514	0.179150028699838	0.149182044486531	0.109372957351075	0.173775168334392	0	0.192666916163611	0.0989054432499814	0.124157813640757	0.103860396791313	0.0865491361983927	0.149592450163719	0.0934631804497559	0.148720093428442	0.0777440413481315	0.136808165976921	0.172014378003878	0.164849338684594	0.158573612052494	0.134531516871002	0.164137951989272	0.180571038450465	0.169915340266313	0.186725814200743	0.145799769608248	0.143896849820541	0.115396927085867	0.112522035441922	0.108565155654096	0.139767767916456	0.123298661063856	0.111929894264517	0.180549615125719	0.130282429182953	0.150630083418929	0.0965054443542406	0.187231923005293	0.079451698148885	0.152258486617925	0.0869218693227903	0.152316980488281	0.140763361647924	0.100321930422942	0.124375318601981	0.147439597913363	0.0800382870532108	0.135747301300866	0.101964355962795	0.125730368178995	0.191461951768639	0.179977072622991	0.150017527660212	0.20673919093549	0.089362587426031	0.144530494797698	0.181969545750031	0.118928659894705	0.163533107131992
700023543	0.108985604764275	0.157770937760177	0.167022538606177	0.148014998701104	0.11947813189649	0.178583415069637	0.102680716994064	0.192666916163611	0	0.169806701313912	0.131893494764077	0.170075036908786	0.180475894022538	0.158737685596287	0.17187270467958	0.116900623129616	0.173984374400912	0.179200854534222	0.108870617116663	0.120238598294693	0.127698721849647	0.133984258522297	0.1262261408518	0.117347056709955	0.13317432783259	0.105755737404043	0.153524795181391	0.143288832043714	0.166678027724315	0.168488888834635	0.172987111511631	0.119728964303834	0.132669624658321	0.173624002018383	0.116425886647342	0.134768445291964	0.148175601670321	0.183661110316314	0.0780313009326589	0.193138228320673	0.128073462977045	0.167248542952572	0.136616159297669	0.11531226350924	0.160328605810281	0.138738690470184	0.117909117100401	0.164034116199148	0.167429859869595	0.147997996665219	0.143210094423612	0.0896555239264506	0.111792485453833	0.140453436818593	0.123445967927979	0.169890539414965	0.132586707190919	0.108763868147869	0.148474992187851	0.111857153265544
700023439	0.155876928282014	0.13314630801132	0.0956920718302589	0.164927852814197	0.137541885724193	0.0922038227091142	0.159411104257587	0.0989054432499814	0.169806701313912	0	0.107098822715454	0.1099165458744	0.089114122486843	0.115977337750366	0.0987781034432111	0.132149492166038	0.0845561296282778	0.121691480230786	0.149216981876772	0.154664620735866	0.136486783579567	0.119146164780411	0.140109998115772	0.143836243001018	0.153361510136774	0.168805040134622	0.122309856047094	0.13658802122566	0.106705088714499	0.0987173623616268	0.0924594959455567	0.133524173208008	0.105415462552815	0.0933661082621407	0.161701428826384	0.121314520461813	0.126397460655923	0.0892859896427372	0.169546246501833	0.0942981094090001	0.131838401817758	0.094629743904784	0.12561995822641	0.13901372120255	0.10349882212487	0.109188645717307	0.130433151395247	0.0850174369949719	0.106849559171323	0.100459691990569	0.106542437597878	0.172614744215841	0.162149463329573	0.118209089804858	0.177628090974592	0.0938632561931204	0.12818375089436	0.159911783622671	0.103044171853492	0.149791471506593
700016978	0.116806436944801	0.123558369420151	0.0963193668614938	0.146611588044878	0.118897273162159	0.108404821936253	0.11654422875774	0.124157813640757	0.131893494764077	0.107098822715454	0	0.0971680877108618	0.107014293488534	0.123010694090421	0.114115775103251	0.0903299333131165	0.103397293654994	0.121930347556985	0.116164900381985	0.112898495924974	0.106776799392908	0.0756429913375382	0.12169293656746	0.124088325384435	0.100406917877303	0.150038761442202	0.122307137842076	0.121921201292022	0.122631387625635	0.109653769754475	0.0999654343880709	0.0871665717190074	0.0775083618783709	0.094039396145378	0.1436239464891	0.0945685886238991	0.117756898062052	0.118542011802726	0.133417423614534	0.132280829208197	0.110759218419321	0.0880779574736051	0.112455399815755	0.0989099393216614	0.0967633805722304	0.122344758898993	0.123680166577621	0.0923519068819743	0.103312301332754	0.0849319292601037	0.0864271817840034	0.142081717498627	0.127565351506271	0.0925117606447661	0.154854866383743	0.0988766213961501	0.102898539391335	0.119506787536337	0.0994787210689388	0.115462727488122
700024192	0.155430679766473	0.162217276972188	0.0573363951902377	0.147070401488218	0.144573843205117	0.0883351336589199	0.131611059762054	0.103860396791313	0.170075036908786	0.1099165458744	0.0971680877108618	0	0.0906747066726312	0.139384961469058	0.0824027998931306	0.109920476908643	0.109410154046522	0.118058249866856	0.142709639585856	0.139070080230544	0.1305400076321	0.0863451764412054	0.133309575310877	0.15588725208029	0.125483085479078	0.16793085425432	0.139732914401324	0.143859443664881	0.111550417834585	0.119358314487649	0.0981720214646166	0.0938007022906491	0.100289138230828	0.0946754956261184	0.164222374639206	0.111377078894966	0.13284483948041	0.0882843668801537	0.164653770372886	0.105449624315618	0.135502725264641	0.0711890287629759	0.145732591073449	0.11243832897417	0.102972667715369	0.119808556545219	0.145395419429923	0.080607384895382	0.123032198018217	0.063534130637535	0.0758654057709092	0.168739116822859	0.152276591834341	0.134275320107842	0.184388726586303	0.0941770454958851	0.119064753743852	0.141632746215327	0.0828808780680347	0.129879427819228
700113058	0.154845107294812	0.138490919789014	0.102074925194574	0.170216900994536	0.139896756060598	0.113673662733589	0.154712712398517	0.0865491361983927	0.180475894022538	0.089114122486843	0.107014293488534	0.0906747066726312	0	0.13420989248212	0.0945477972551471	0.132689280453577	0.101845470485025	0.137337824073896	0.154989459510343	0.155864181132264	0.142937664120276	0.107553494844453	0.147759845368803	0.159762059862235	0.155921085451667	0.170768696082143	0.134059753688812	0.121901688216873	0.106745573569329	0.11028666594322	0.10041705159134	0.119521249909477	0.103461126822424	0.0886763255647005	0.17071226839442	0.12097147820905	0.140981577942232	0.108044257259325	0.171987833439812	0.0927095358005696	0.13379486459013	0.0758531954742852	0.153275567566533	0.129286715822706	0.0902184737306321	0.108015890299936	0.141973118617861	0.0813229928713165	0.120177934322541	0.0915263743114896	0.113172287727107	0.1777145544823	0.165720602060567	0.140373765983254	0.192215271580857	0.0638803479813631	0.133778999511705	0.165336673989817	0.108196238572927	0.146050512677142
700099448	0.145812134786349	0.128229701166255	0.119569150577998	0.157508913287347	0.124937098636798	0.103214284546628	0.14291259986546	0.149592450163719	0.158737685596287	0.115977337750366	0.123010694090421	0.139384961469058	0.13420989248212	0	0.118536567790975	0.134652575080807	0.126537198159857	0.116374663971964	0.139545816982468	0.141742441652047	0.135625922455307	0.132569718013473	0.117538174163461	0.143947976775155	0.143692652104543	0.131122269772131	0.128393750163184	0.142940443690448	0.1095623478186	0.0945393879737901	0.108439880766464	0.141007233940938	0.12588441492186	0.108192551172246	0.132773937665769	0.12452866341736	0.122734372240632	0.113143119213475	0.147059852333146	0.147252299033296	0.143283162541736	0.12199342970405	0.116732595399921	0.14571362550634	0.123004385047079	0.121877183911027	0.135124729577185	0.126690769389085	0.0804390847453611	0.122695769352789	0.112063436077823	0.13804935756709	0.147291291395957	0.125041676764885	0.157632403058802	0.132096557174874	0.124036177479368	0.142778249658179	0.112546126087529	0.140920952702079
700109870	0.156487965824158	0.140410539802611	0.0827245204195384	0.147846961990863	0.137709795602916	0.0927165075653448	0.143010198350753	0.0934631804497559	0.17187270467958	0.0987781034432111	0.114115775103251	0.0824027998931306	0.0945477972551471	0.118536567790975	0	0.128166942335708	0.105667958071915	0.12487853494706	0.153145196113409	0.137779703894787	0.128279515463785	0.119674406641685	0.123481038322451	0.16276980447884	0.13818746904519	0.167060972778029	0.133516417497152	0.143232422190752	0.0979433330193194	0.0882882178457391	0.112875975378118	0.112153204161287	0.121850497449035	0.106245128763381	0.16604503175869	0.12148620788052	0.144607879902423	0.0681457591687522	0.168309119278592	0.0961997550506702	0.148447721120273	0.0750485086579251	0.15310425988652	0.121542142983533	0.102557681606095	0.109587024779525	0.139593198623971	0.0812628365327157	0.113101889461131	0.0764954964802771	0.101796163329655	0.163300966976525	0.146608987621572	0.137087505737504	0.182596350175058	0.0924589625724685	0.114869732003727	0.145252835866898	0.0898864212670877	0.127439693835674
700033928	0.109231557875346	0.143295377633414	0.110855819648553	0.139491260153155	0.116318054243081	0.127845572667458	0.106338070020762	0.148720093428442	0.116900623129616	0.132149492166038	0.0903299333131165	0.109920476908643	0.132689280453577	0.134652575080807	0.128166942335708	0	0.13656705226986	0.125592893873476	0.0969521531863017	0.114373791694164	0.102964394192307	0.0862903459194445	0.119202637719427	0.0965295001948488	0.104379082125733	0.137510798162746	0.133492484887557	0.111274747395929	0.134471444200826	0.139182772511018	0.127003394041246	0.104832127102915	0.0929576989100683	0.123531682953224	0.125462338505007	0.120444531365767	0.109439471405224	0.137612827331724	0.108414021879859	0.151640945355683	0.0938648332920094	0.106940335619486	0.131840548057036	0.108350460769824	0.109865727557496	0.115618675452081	0.122904030645633	0.117309743014461	0.126753284559718	0.098525511281897	0.0890949065082871	0.127522846185956	0.113819334700412	0.114021059251836	0.122355100634903	0.12416629668261	0.10691230484103	0.10409360839173	0.117239243934186	0.110682905386633
700023693	0.163048310420128	0.129929634766179	0.0980595494924446	0.173516681921913	0.142912696078302	0.0962080030138529	0.165944897689289	0.0777440413481315	0.173984374400912	0.0845561296282778	0.103397293654994	0.109410154046522	0.101845470485025	0.126537198159857	0.105667958071915	0.13656705226986	0	0.121430708130745	0.161530134958181	0.162485811014744	0.144205126822487	0.123932152558866	0.149902526648169	0.165304612281346	0.162922197900642	0.176656544931314	0.129742155521004	0.144112449687858	0.107793092410341	0.106239328538422	0.082247654459186	0.132102232942706	0.110219124788984	0.0951826971302877	0.163413593983637	0.121653759539091	0.128844607962105	0.0980371917651071	0.175707100850996	0.0957135324758223	0.135431163230646	0.0959573994826709	0.127442333730919	0.136534109053726	0.098056302425609	0.109535136196111	0.124643526560204	0.0824205807480118	0.109808566871012	0.101684847507332	0.112792556965106	0.182001687359598	0.171216360509034	0.123885409291696	0.190795849855005	0.0911572129303909	0.13892540404656	0.170157642844675	0.114877035938963	0.157768751740061
700109627	0.165369516439915	0.15538897595174	0.0925508949215673	0.182794483275523	0.140024122112534	0.0790352684421798	0.167943338220709	0.136808165976921	0.179200854534222	0.121691480230786	0.121930347556985	0.118058249866856	0.137337824073896	0.116374663971964	0.12487853494706	0.125592893873476	0.121430708130745	0	0.15763078023613	0.16159567237645	0.153790521622205	0.125081555638116	0.152899686305373	0.15193692328021	0.150754499592116	0.174256623064608	0.13499595301194	0.151463416095968	0.142408173468705	0.124758237914705	0.0981088065647417	0.138544426618282	0.133476002196747	0.103215591205482	0.157177263550094	0.146129922660676	0.114043825155883	0.0981521958484096	0.181434847487922	0.153156669777618	0.161094587665524	0.107708820563721	0.121451040987807	0.141788205922857	0.130540468384494	0.133169334492923	0.14896993682811	0.125731155367419	0.0903699913320888	0.115681088110444	0.11092152504015	0.180779497091848	0.165892168900578	0.126501522180087	0.173330953852274	0.134297683246787	0.149099450214226	0.166684261000575	0.121652017004938	0.159004445782793
700095416	0.0873152250003352	0.148661891996085	0.147331790753238	0.131943862676368	0.113121790626772	0.152189443915147	0.0978626837481798	0.172014378003878	0.108870617116663	0.149216981876772	0.116164900381985	0.142709639585856	0.154989459510343	0.139545816982468	0.153145196113409	0.0969521531863017	0.161530134958181	0.15763078023613	0	0.118430416506641	0.097935561581786	0.106326490715554	0.11440259889826	0.094879521470176	0.109845552732742	0.117798347820418	0.131158608474879	0.132556279135912	0.141134379869277	0.157535929941478	0.147159695193103	0.111417337854857	0.102566855884688	0.152708262552766	0.120875072963516	0.126938907187903	0.108608472175301	0.15767396866426	0.104193804924079	0.177943791906809	0.0951682395152019	0.142779706422659	0.117322629052984	0.120529805002743	0.128172361732246	0.118822331074212	0.120968546568994	0.144034190266981	0.130152919294945	0.123940557685265	0.112814231787728	0.116505536607758	0.107294699407032	0.111848152519995	0.11297454414015	0.147870015160622	0.116460669583096	0.0947883384709498	0.131417165908608	0.106855163886187
700110425	0.0955708143313021	0.136198439391344	0.143492896789801	0.0945735145248008	0.125825502649471	0.156970509007121	0.0754418734537787	0.164849338684594	0.120238598294693	0.154664620735866	0.112898495924974	0.139070080230544	0.155864181132264	0.141742441652047	0.137779703894787	0.114373791694164	0.162485811014744	0.16159567237645	0.118430416506641	0	0.0842660692764452	0.10731755572103	0.096057120015614	0.108956440210564	0.0731839985805698	0.12457158999151	0.151430132449443	0.137121979754736	0.132489061685868	0.137033431387004	0.163802563817989	0.10723379273393	0.115219455275885	0.148764438108933	0.132920881409166	0.0903842823497732	0.147147620025814	0.161391975468047	0.119077893410675	0.169213799665431	0.127555632055909	0.138980781480162	0.129333578219802	0.0887120485223076	0.133133410618035	0.133952835164687	0.128161216476266	0.138048103154575	0.132590215422211	0.12024187236725	0.119265891518732	0.0810525400014031	0.0580891579527734	0.120963716229099	0.117261975337656	0.142027297875822	0.074148839436538	0.0718185642837216	0.10559570756892	0.0796558690406151
700111580	0.0872229886363512	0.132416989425598	0.136230655868789	0.109412680365531	0.119227655554715	0.142379359619306	0.0746181367861709	0.158573612052494	0.127698721849647	0.136486783579567	0.106776799392908	0.1305400076321	0.142937664120276	0.135625922455307	0.128279515463785	0.102964394192307	0.144205126822487	0.153790521622205	0.097935561581786	0.0842660692764452	0	0.0850560842188295	0.0926010281185937	0.103603841891979	0.0675450235669702	0.135854100831493	0.144877717208059	0.140972422836219	0.123397638338056	0.14262703361746	0.143930472217355	0.0962360313273999	0.0952710835692828	0.144153395805213	0.137423545905533	0.0993379729246203	0.14328097783324	0.145784067830351	0.124006113785241	0.159938766588248	0.110363874954398	0.123183080628831	0.131490616631969	0.103289494705102	0.11017412382513	0.116058454634484	0.116346830875988	0.1174499176955	0.116200181061049	0.108444183038406	0.107414357338978	0.096867596915157	0.0927605847122606	0.0947776464007612	0.120336864368999	0.132706847773867	0.0682759401600261	0.0692107122713576	0.0947665475272216	0.0847308305855421
700111302	0.106432794603919	0.122247269457174	0.0963341816081878	0.135898962525664	0.123247612841557	0.116532077553024	0.0959342383096478	0.134531516871002	0.133984258522297	0.119146164780411	0.0756429913375382	0.0863451764412054	0.107553494844453	0.132569718013473	0.119674406641685	0.0862903459194445	0.123932152558866	0.125081555638116	0.106326490715554	0.10731755572103	0.0850560842188295	0	0.11625507252123	0.114489517582352	0.0821726019445634	0.149291343983477	0.133525396050572	0.131930803414126	0.126984452685295	0.129338723581294	0.115451926890621	0.0684272096608656	0.0716853543807705	0.100684671035792	0.14398884443911	0.0976689961622146	0.119152733629014	0.127142849018188	0.130236973665564	0.137639908716612	0.119538733663053	0.0968819120891188	0.118079097411491	0.0962106263425667	0.10084979715921	0.125143687873143	0.124481669111254	0.0985470265962389	0.108354622813344	0.0765440079815638	0.0782573733781564	0.128995426486665	0.121260334624466	0.0964179595549354	0.147962097099158	0.0988315015598249	0.0974217182075027	0.105536697466026	0.0867093859069816	0.102213390558427
700098605	0.102574888832447	0.123278730168917	0.128316218610423	0.099803270212807	0.112633188429858	0.139000262677344	0.100272103661449	0.164137951989272	0.1262261408518	0.140109998115772	0.12169293656746	0.133309575310877	0.147759845368803	0.117538174163461	0.123481038322451	0.119202637719427	0.149902526648169	0.152899686305373	0.11440259889826	0.096057120015614	0.0926010281185937	0.11625507252123	0	0.114742055987349	0.113633443758239	0.123282458856729	0.129320952016859	0.132670667736831	0.130781318571209	0.129553648390043	0.14360910155525	0.111491483866022	0.110979090018521	0.139486769901579	0.124586216271928	0.107468617374959	0.129562562715741	0.135297079321444	0.124597889534533	0.157989716235873	0.121887617101639	0.13883572431742	0.129723399719745	0.104023293913459	0.135338479287726	0.118018436720086	0.118459018345372	0.135676820052314	0.122142800858933	0.120917216662688	0.107047409222601	0.106676207084894	0.0901893807037922	0.114728241850304	0.114711900763681	0.138100317783261	0.112206601850247	0.0889344254597215	0.11021741849196	0.0791488125869582
700111991	0.0770429297101724	0.151630523865115	0.152080511520727	0.119121062485974	0.13293688296067	0.161481768470565	0.103441326297433	0.180571038450465	0.117347056709955	0.143836243001018	0.124088325384435	0.15588725208029	0.159762059862235	0.143947976775155	0.16276980447884	0.0965295001948488	0.165304612281346	0.15193692328021	0.094879521470176	0.108956440210564	0.103603841891979	0.114489517582352	0.114742055987349	0	0.11058309957313	0.112874937380865	0.130037225259743	0.123705708165996	0.149043815263504	0.166417466385134	0.157206551376194	0.135371026577078	0.116393504905188	0.156850298060036	0.118265212584538	0.126282634578719	0.134858459600022	0.164159090452695	0.106509059058793	0.183019961102694	0.0984151857550047	0.161169179039649	0.12002085718524	0.126982294946248	0.142493582640269	0.130623822194309	0.121942471962341	0.155938570739577	0.140219540309684	0.142940419913631	0.117050882529614	0.11516680592984	0.102777965642237	0.116239001745019	0.0882904517403936	0.155553862915356	0.116130195850875	0.10008313616354	0.12604890159392	0.116137390672028
700108960	0.0942570966005912	0.147590957684681	0.13344257069014	0.113278313316944	0.134309813347256	0.144323438210492	0.0680421378795831	0.169915340266313	0.13317432783259	0.153361510136774	0.100406917877303	0.125483085479078	0.155921085451667	0.143692652104543	0.13818746904519	0.104379082125733	0.162922197900642	0.150754499592116	0.109845552732742	0.0731839985805698	0.0675450235669702	0.0821726019445634	0.113633443758239	0.11058309957313	0	0.14564134480972	0.163632374354062	0.147665197867204	0.134869578560844	0.147430137005269	0.154792495753409	0.0868439662064742	0.112144508361788	0.144583219029242	0.148451394060112	0.0997960154210377	0.145871446650629	0.152448403333074	0.130793341921832	0.1724771487997	0.130087876251936	0.127319748312299	0.135902172015369	0.0954804436161004	0.129551497386143	0.141597476818188	0.140030499357686	0.134777195324689	0.127087352462446	0.103491464498709	0.103978369601889	0.0967394771505463	0.0877877271537944	0.107322235123168	0.120837113973685	0.142666347675319	0.0791802617153444	0.0672454984391316	0.102042417780548	0.0796707334075271
700024452	0.114850363643309	0.156773643336946	0.161820144870488	0.11695097858671	0.116490966321587	0.173883798829361	0.119417581167917	0.186725814200743	0.105755737404043	0.168805040134622	0.150038761442202	0.16793085425432	0.170768696082143	0.131122269772131	0.167060972778029	0.137510798162746	0.176656544931314	0.174256623064608	0.117798347820418	0.12457158999151	0.135854100831493	0.149291343983477	0.123282458856729	0.112874937380865	0.14564134480972	0	0.145310830146826	0.121868913243191	0.121908201795223	0.161545995028479	0.168986153412632	0.154691980797722	0.137664092970034	0.167446676873899	0.066579112550114	0.126310948777622	0.147755983309317	0.169960328892482	0.0964490885303494	0.180130544798906	0.132216886538745	0.168563196800971	0.135060962477507	0.133452420012584	0.150785538771054	0.111411242951468	0.121165186877858	0.167380853947022	0.148442550340692	0.155551975793713	0.133320836290497	0.0895637740163746	0.109243746604668	0.143057122611294	0.102606209799393	0.166980452975333	0.135085871549292	0.127177001967353	0.136375550812685	0.138805638194019
700032931	0.137363326418879	0.124975971695626	0.125220202145845	0.167772526909604	0.136559048300533	0.136323637376132	0.164996458332544	0.145799769608248	0.153524795181391	0.122309856047094	0.122307137842076	0.139732914401324	0.134059753688812	0.128393750163184	0.133516417497152	0.133492484887557	0.129742155521004	0.13499595301194	0.131158608474879	0.151430132449443	0.144877717208059	0.133525396050572	0.129320952016859	0.130037225259743	0.163632374354062	0.145310830146826	0	0.123560903826857	0.139736068644107	0.133297891647064	0.127398267088662	0.142658883117039	0.122081595755439	0.135328006848918	0.149122216671127	0.134157313205069	0.117954763587344	0.131291671294248	0.145825101590241	0.15157069311462	0.122777549496703	0.12776919328546	0.130493305954822	0.132911609719468	0.135709722717794	0.127009049901113	0.119871487264506	0.128622802782905	0.125020074855103	0.131688912166806	0.127390207991821	0.162942133558673	0.150331829404548	0.1266307100665	0.145798268730294	0.130420143595531	0.143465323344108	0.160776459459268	0.126474450969445	0.151998811695733
700095837	0.124027161494817	0.13472359498771	0.138927172605529	0.148508839622171	0.125168043016314	0.158930879279006	0.148088536270358	0.143896849820541	0.143288832043714	0.13658802122566	0.121921201292022	0.143859443664881	0.121901688216873	0.142940443690448	0.143232422190752	0.111274747395929	0.144112449687858	0.151463416095968	0.132556279135912	0.137121979754736	0.140972422836219	0.131930803414126	0.132670667736831	0.123705708165996	0.147665197867204	0.121868913243191	0.123560903826857	0	0.108395089990729	0.129140522278484	0.144889057415003	0.146288301938052	0.118860426012359	0.133263936569897	0.124698665015756	0.131086995249899	0.127045564605403	0.15379305334558	0.133251908210845	0.147590858493677	0.114168249200255	0.129161155107757	0.138227409964902	0.126593045467695	0.111719872310853	0.1166013596479	0.126773736454362	0.136687024850526	0.141226311827338	0.141481394845691	0.120106043761056	0.143322364488597	0.137725875227248	0.136470294003516	0.138942322133263	0.127952617275483	0.140303042739022	0.147020905312908	0.131875933194833	0.147483589207624
700024548	0.148768969333159	0.127013555352935	0.107856696890903	0.129314532573674	0.113529538750673	0.11481553964355	0.134900710147897	0.115396927085867	0.166678027724315	0.106705088714499	0.122631387625635	0.111550417834585	0.106745573569329	0.1095623478186	0.0979433330193194	0.134471444200826	0.107793092410341	0.142408173468705	0.141134379869277	0.132489061685868	0.123397638338056	0.126984452685295	0.130781318571209	0.149043815263504	0.134869578560844	0.121908201795223	0.139736068644107	0.108395089990729	0	0.102012199593895	0.119939139406386	0.137041277245015	0.117503648077611	0.111936159498356	0.124817514631751	0.0967755245152423	0.14050490675151	0.107785925710863	0.14887404975092	0.107922730041375	0.131058961781719	0.0956570611846841	0.132617689603211	0.137562921852169	0.0866436307883623	0.0830755357605227	0.133122427707564	0.0976738693610846	0.110925831449741	0.11154845407357	0.103521976347414	0.146631418876649	0.133649792567501	0.123974129494415	0.150652395648563	0.110277294368906	0.116175841739426	0.141570665441414	0.101034960142383	0.143431114115679
700110161	0.160467626287146	0.125739675082001	0.103409223114055	0.162349885848903	0.128398434232087	0.10195024441163	0.157453686264687	0.112522035441922	0.168488888834635	0.0987173623616268	0.109653769754475	0.119358314487649	0.11028666594322	0.0945393879737901	0.0882882178457391	0.139182772511018	0.106239328538422	0.124758237914705	0.157535929941478	0.137033431387004	0.14262703361746	0.129338723581294	0.129553648390043	0.166417466385134	0.147430137005269	0.161545995028479	0.133297891647064	0.129140522278484	0.102012199593895	0	0.104467609537956	0.128990903535484	0.126072721410675	0.0943144451840556	0.161888122153538	0.125480897914441	0.12918529821819	0.0962814477590458	0.168309823278305	0.11236061410899	0.151274675861259	0.0905569963895067	0.135805562966893	0.131947272312782	0.114182243546715	0.126398574771609	0.145846229936215	0.0975196545662103	0.0948297777480125	0.105865655211945	0.121601772614143	0.160091884503204	0.153014730623206	0.132004590792283	0.176754324831414	0.107281453474476	0.118512984475713	0.155892765087296	0.108409504352803	0.142605444021429
700023496	0.161758505260734	0.134662787520789	0.0924637891831388	0.176660249973482	0.129383675278412	0.070802304974507	0.161421000724325	0.108565155654096	0.172987111511631	0.0924594959455567	0.0999654343880709	0.0981720214646166	0.10041705159134	0.108439880766464	0.112875975378118	0.127003394041246	0.082247654459186	0.0981088065647417	0.147159695193103	0.163802563817989	0.143930472217355	0.115451926890621	0.14360910155525	0.157206551376194	0.154792495753409	0.168986153412632	0.127398267088662	0.144889057415003	0.119939139406386	0.104467609537956	0	0.123124390735692	0.107543380030148	0.0864052862846125	0.159952429244054	0.121504124582813	0.11492390488247	0.0892849019871967	0.169080733502154	0.115178659988793	0.129504335192013	0.0904875475020731	0.118337236669431	0.13858371641982	0.100998082846637	0.105853169393584	0.1298288275142	0.086313970903959	0.0856530926452566	0.10052671345475	0.105973934025452	0.182051064097201	0.171404497645815	0.120098175454059	0.182221073752373	0.0933937358738479	0.132618348007652	0.168445166667108	0.118328089120567	0.154318832730036
700034628	0.114839609000034	0.134691946197498	0.108776434445619	0.145469248657114	0.13181523755748	0.121051978073016	0.0848809937292698	0.139767767916456	0.119728964303834	0.133524173208008	0.0871665717190074	0.0938007022906491	0.119521249909477	0.141007233940938	0.112153204161287	0.104832127102915	0.132102232942706	0.138544426618282	0.111417337854857	0.10723379273393	0.0962360313273999	0.0684272096608656	0.111491483866022	0.135371026577078	0.0868439662064742	0.154691980797722	0.142658883117039	0.146288301938052	0.137041277245015	0.128990903535484	0.123124390735692	0	0.0986086304334569	0.112056518525177	0.152874489188817	0.0890163779529212	0.125614386606753	0.128274610522279	0.134176910741917	0.141650009082203	0.13120032586163	0.100200827367968	0.131181067957667	0.0769199126335107	0.118089976300702	0.135014607139901	0.134483680899208	0.102218023410028	0.120911214692299	0.0726568326324705	0.095233478226453	0.126154379020106	0.124038095178117	0.119332960915337	0.160736571540074	0.105270431612535	0.103934593589733	0.0942961719615025	0.0938183553085899	0.0757864369086145
700023645	0.105867908908736	0.11497232248597	0.108708348584363	0.135546006844719	0.113752795142464	0.119751656684476	0.109383141089193	0.123298661063856	0.132669624658321	0.105415462552815	0.0775083618783709	0.100289138230828	0.103461126822424	0.12588441492186	0.121850497449035	0.0929576989100683	0.110219124788984	0.133476002196747	0.102566855884688	0.115219455275885	0.0952710835692828	0.0716853543807705	0.110979090018521	0.116393504905188	0.112144508361788	0.137664092970034	0.122081595755439	0.118860426012359	0.117503648077611	0.126072721410675	0.107543380030148	0.0986086304334569	0	0.105433721103603	0.13753297298857	0.0970912046118552	0.114022952979267	0.129170388363131	0.123195425808023	0.125099751517349	0.101410839841956	0.1022410342231	0.107620146165274	0.103128475413397	0.0894439462456675	0.100592245908503	0.105878099754856	0.0908044183927159	0.113020493875969	0.0918991516223788	0.0834503782187529	0.132069302204659	0.122609721899324	0.103242779373746	0.145562546677625	0.0958060783650418	0.102450290042879	0.111451278507467	0.0938403648090368	0.113592299331381
700038744	0.159953068742436	0.133770181225708	0.0830392124223435	0.163024770033024	0.1328548991659	0.0800889832350562	0.150711690500087	0.111929894264517	0.173624002018383	0.0933661082621407	0.094039396145378	0.0946754956261184	0.0886763255647005	0.108192551172246	0.106245128763381	0.123531682953224	0.0951826971302877	0.103215591205482	0.152708262552766	0.148764438108933	0.144153395805213	0.100684671035792	0.139486769901579	0.156850298060036	0.144583219029242	0.167446676873899	0.135328006848918	0.133263936569897	0.111936159498356	0.0943144451840556	0.0864052862846125	0.112056518525177	0.105433721103603	0	0.161005459056211	0.109130525379215	0.118499938154937	0.0897507866986357	0.165244994058675	0.119100598821821	0.142924276998762	0.080457663178017	0.123904541515388	0.123713031332403	0.0949053923351096	0.115895795851199	0.136770492024045	0.0812340581035353	0.0929677076660883	0.089990215488826	0.102076000053537	0.176235234129171	0.163395186827811	0.123408032104335	0.188674851444071	0.0803937740051015	0.134351031011973	0.157089350922159	0.106411523489441	0.149234961519641
700038485	0.117107435257442	0.143715125357476	0.154202875169878	0.124560904739388	0.10267474468115	0.163041145662137	0.131097400520935	0.180549615125719	0.116425886647342	0.161701428826384	0.1436239464891	0.164222374639206	0.17071226839442	0.132773937665769	0.16604503175869	0.125462338505007	0.163413593983637	0.157177263550094	0.120875072963516	0.132920881409166	0.137423545905533	0.14398884443911	0.124586216271928	0.118265212584538	0.148451394060112	0.066579112550114	0.149122216671127	0.124698665015756	0.124817514631751	0.161888122153538	0.159952429244054	0.152874489188817	0.13753297298857	0.161005459056211	0	0.133262061763403	0.146897951135007	0.165938793244927	0.117812203079211	0.174471549773166	0.134799193322695	0.166264653970402	0.141582613725358	0.141786716841401	0.151624162215081	0.115199184907202	0.124188768028836	0.16474193747623	0.148459077944565	0.153642953293313	0.123486760560805	0.11421851994128	0.118269898401818	0.145314810509828	0.11044449183642	0.159928067411844	0.14785774658144	0.129828514682978	0.146874820999705	0.137474730593027
700024743	0.117305430488591	0.121769611716852	0.110101789768375	0.118276614725931	0.12451533435903	0.125872893481682	0.0929873103257916	0.130282429182953	0.134768445291964	0.121314520461813	0.0945685886238991	0.111377078894966	0.12097147820905	0.12452866341736	0.12148620788052	0.120444531365767	0.121653759539091	0.146129922660676	0.126938907187903	0.0903842823497732	0.0993379729246203	0.0976689961622146	0.107468617374959	0.126282634578719	0.0997960154210377	0.126310948777622	0.134157313205069	0.131086995249899	0.0967755245152423	0.125480897914441	0.121504124582813	0.0890163779529212	0.0970912046118552	0.109130525379215	0.133262061763403	0	0.139991290167485	0.127806573492877	0.12134455160834	0.137776088471643	0.123718537342596	0.114976226043904	0.120398623864391	0.0858238526206644	0.105148206666082	0.113979406747442	0.118278797242337	0.0954539699998141	0.11773784268461	0.106080944587232	0.0991056162645439	0.116667066510356	0.103053497429557	0.107368840387984	0.13080439946073	0.116713425944874	0.094020071889129	0.0952893694495408	0.0916167954139279	0.102569897765842
