700108602	700014971	700033565	700109389	700023058	700023927	700106341	700114221	700023543	700023439	700016978	700024192	700113058	700099448	700109870	700033928	700023693	700109627	700095416	700110425	700111580	700111302	700098605	700111991	700108960	700024452	700032931	700095837	700024548	700110161	700023496	700034628	700023645	700038744	700038485	700024743	700099596	700110760	700101587	700106399	700032322	700095653	700021312	700101230	700023590	700038905	700033136	700023382	700096424	700105469	700016908	700096053	700108479	700109569	700033814	700016125	700109756	700102665	700101777	700109455
700108602	0	0.147823926232869	0.159464912625626	0.105207240000331	0.123335275988532	0.164659558290816	0.0877056343232865	0.180172518553197	0.0973649529090923	0.161560362858219	0.116094068548243	0.155795892378121	0.163086284359917	0.147729187316202	0.156771382042363	0.105993029096868	0.178273004852958	0.16327232950593	0.0927866822758288	0.0983363022040583	0.0932532148325934	0.113026463383943	0.110835769079168	0.0776984946300239	0.0907362363926739	0.102720840190957	0.150335592344971	0.137313031185136	0.138315624896174	0.159799158176604	0.154293924225205	0.122803441214632	0.122883411987242	0.15883167608823	0.132495494493028	0.113601520677984	0.135198922115156	0.169719044036094	0.0936752906619888	0.177730051564588	0.102730862117733	0.159724041789243	0.132352010278809	0.112488589633348	0.144937333888331	0.12780680789222	0.130204158807014	0.159359178275725	0.14563267118763	0.138035373758209	0.121240293326377	0.0933353321817088	0.0922235957906762	0.102972107235308	0.0888500369308522	0.156620676565049	0.107397558718791	0.0743974674707321	0.137820228506682	0.0972078484266833
700014971	0.147823926232869	0	0.144631036444694	0.156462162088952	0.122549922715419	0.143350890115379	0.144741718646633	0.147827359575492	0.146057873269324	0.131665540830106	0.121784288839943	0.15022630752549	0.144343363740348	0.119308616757477	0.138416215352431	0.150157685791046	0.13567644989882	0.147827933009245	0.147233067879674	0.140907460337622	0.137209221263441	0.1243772713358	0.130161042420985	0.153642002459404	0.148851060840052	0.142891546464241	0.128978566405041	0.138853537927595	0.117691829625164	0.129092735159196	0.129085576043863	0.129811559072807	0.125275440114634	0.132033237748341	0.129803485308074	0.11812397095652	0.151148125936086	0.150071433958472	0.140693516262094	0.140356387871816	0.139377457457487	0.137942639248971	0.130390362032986	0.134943714409718	0.129723075661208	0.124187654618832	0.120930767437442	0.135020105655015	0.127684919808193	0.132899902267536	0.130759137960481	0.151190905978401	0.139572102777477	0.124218009989454	0.162059220287155	0.133282392987997	0.141272674610959	0.143286781862682	0.137579582133754	0.141284926563599
700033565	0.159464912625626	0.144631036444694	0	0.15071868091464	0.152571716306781	0.0665847313349342	0.136301652256857	0.110528268324271	0.156943803681653	0.090178823643809	0.108403158630299	0.0634827450725851	0.113970753979607	0.120075861181233	0.0852426901789815	0.115289999235737	0.113469963818975	0.101720996804235	0.138335973859978	0.14461672218372	0.137651850243614	0.0912253325692892	0.138213770019084	0.144173203880916	0.128785119933832	0.151301616849191	0.132456064534128	0.145000197645764	0.122553185531056	0.102867127186636	0.0971392701778739	0.10496983047322	0.121465275537668	0.0844069742746023	0.153238802510501	0.114818051198318	0.125528412012966	0.0746903863475162	0.148025008237128	0.127229885226485	0.135816845533148	0.0845004298577373	0.128041162711712	0.125831119416345	0.106694779531475	0.113399219608359	0.151328146970801	0.101362852034635	0.0975682813750938	0.0806219955571016	0.0819138868795987	0.163165332921978	0.155217566586781	0.120256769803364	0.16760328375611	0.111502053616752	0.127207851434725	0.143785976816645	0.0794671603912337	0.135214732496904
700109389	0.105207240000331	0.156462162088952	0.15071868091464	0	0.139352339056649	0.167137234487894	0.0809082372696552	0.186302315968363	0.13136705397511	0.175508461263446	0.138718343548593	0.143166873215015	0.172434768422495	0.155466127252832	0.146254635986912	0.134415349272058	0.183524693203881	0.185037277311154	0.141364764240503	0.0835769117958712	0.105728801107398	0.133102171862741	0.0993529836178792	0.123201740688666	0.0959218609195032	0.112600206768863	0.176816719518683	0.149950864236576	0.139829884643344	0.164260172401126	0.170939145313204	0.131249063419536	0.152716552939959	0.169399282085838	0.128411819222791	0.113787892381629	0.16974402058096	0.167047432016938	0.124087634448941	0.173977465861727	0.136301730236794	0.161101216094166	0.155268144923446	0.12400664802676	0.157123488486215	0.143791440018578	0.159401902494986	0.167748956103091	0.163641507782431	0.141384944619043	0.117950334374252	0.0866929409359392	0.0704225947608899	0.134808224846883	0.100920691047556	0.168458468224024	0.111943076559183	0.0814209668907076	0.119249376000947	0.103721818748951
700023058	0.123335275988532	0.122549922715419	0.152571716306781	0.139352339056649	0	0.146159079676229	0.119724833254982	0.162262075994656	0.123547420329953	0.148990832752287	0.131571910023386	0.152273631238263	0.161011998746151	0.123789884526517	0.146374429157382	0.118388986866933	0.15940241979192	0.150518223595188	0.127965403950723	0.122431881241925	0.134111315717483	0.131726661578407	0.129386135784572	0.133691188324851	0.14088419192627	0.101206221820722	0.15609364836533	0.135940058276204	0.128152143242633	0.140351658528368	0.143142012271086	0.141741802755792	0.129208402884194	0.147614286847657	0.110498502908567	0.13212745490851	0.113460192124392	0.152027661136639	0.102363087208014	0.161150563933925	0.132273250392537	0.152460342664803	0.121965116827145	0.132628728841334	0.134737852964814	0.120926751029924	0.12350976516894	0.150429801098321	0.131583401684238	0.143844323173456	0.137946907167643	0.123672697106865	0.12452496269586	0.137198788542601	0.137727304959094	0.15498556209905	0.136913651090864	0.125538887633387	0.14094033226655	0.131679655787643
700023927	0.164659558290816	0.143350890115379	0.0665847313349342	0.167137234487894	0.146159079676229	0	0.150805400971549	0.109109237037332	0.169199021618609	0.0730856607115672	0.114630653550184	0.0862013917468374	0.116466526135936	0.0980184482857101	0.0876293499084634	0.125162379822457	0.101491434200363	0.0790430545726173	0.145572751081715	0.153719308231355	0.139559645624005	0.107615117605985	0.130870537489331	0.148543790022863	0.13852264224644	0.158285715444546	0.138480929970748	0.161516232268066	0.118777683488984	0.0953043304036649	0.0808624611381016	0.114100068768801	0.125779475227964	0.0818959479784329	0.162506033615354	0.11530594895037	0.108537742837408	0.0621518750500311	0.157923646323933	0.12767504086458	0.138664721860053	0.0869214818341375	0.112476989445775	0.133615879006022	0.107609394226134	0.106494570210144	0.149087348199993	0.105963102593515	0.0787541292496936	0.0918898697139652	0.093667968133216	0.172606622121721	0.162647189009134	0.124286084512517	0.176685690427964	0.111918343728815	0.129641868240672	0.153217507015567	0.0924404162995466	0.142312846514468
700106341	0.0877056343232865	0.144741718646633	0.136301652256857	0.0809082372696552	0.119724833254982	0.150805400971549	0	0.173638762780413	0.0843592338471458	0.164028010851325	0.122257781518966	0.126149124369725	0.158767236138606	0.138360665540161	0.13554734114681	0.106151371098015	0.169330819731428	0.167241526136589	0.108356811104916	0.0761359887780323	0.0826997288144671	0.100254680150919	0.106698508729044	0.108465925269788	0.0688007471048212	0.113096496744225	0.169837586304818	0.151553717309724	0.142190364307255	0.153770741244913	0.149162782426666	0.0852728375482445	0.128228832666021	0.154684939308317	0.130125043288809	0.0833672997521186	0.149206648295164	0.158354248590494	0.0963930766879835	0.17657565165369	0.124574249449863	0.146111210504425	0.129767361436881	0.0890125876018975	0.133320506416919	0.136651046362778	0.138380106781822	0.151211786513561	0.147031573119854	0.117151727384323	0.11128039215492	0.0676378925881456	0.0774194671763467	0.114496304658909	0.109911508987252	0.149654984349428	0.0986317833655352	0.0622981837298357	0.112884038449547	0.0768072543914933
700114221	0.180172518553197	0.147827359575492	0.110528268324271	0.186302315968363	0.162262075994656	0.109109237037332	0.173638762780413	0	0.182399098260806	0.0872468717649271	0.128220411160423	0.108417729625613	0.101912823477498	0.148999177765739	0.089874077281087	0.149066105358254	0.0736498717436539	0.12924332863264	0.170327130756367	0.169906092675038	0.159514993516392	0.136523316145573	0.169540842635165	0.176686395914345	0.172312856844416	0.178268966937657	0.139898044488841	0.149211889211915	0.113312796872063	0.114304848725527	0.108390553880085	0.144813556910927	0.123167858888495	0.109461078919099	0.17353475806216	0.133780566818988	0.15025550649393	0.0888405418037471	0.170807710015805	0.0840125984757	0.149866586487638	0.0768277816588307	0.154572325579015	0.150638579029386	0.0970915579949401	0.118333908959469	0.155354608887468	0.0742984304031971	0.130145809613518	0.116597960934286	0.129856268949727	0.192782515317187	0.180802982172259	0.142684438823276	0.198178225998852	0.0984694634671264	0.138240872738863	0.183740462219508	0.119073302845912	0.170149070189825
700023543	0.0973649529090923	0.146057873269324	0.156943803681653	0.13136705397511	0.123547420329953	0.169199021618609	0.0843592338471458	0.182399098260806	0	0.169351218952002	0.127456946005459	0.152976721513152	0.16594310886694	0.148375962194513	0.154531116524766	0.0935046935640377	0.174713175898969	0.169117955879593	0.101241654921593	0.103885419020322	0.105736424643928	0.109555202306729	0.117751712504258	0.110018936947813	0.106217595154036	0.11233114928859	0.150503144597166	0.138099590520135	0.158578285304189	0.16239792002744	0.154541138598896	0.0954803338654826	0.117000688180274	0.163943094617866	0.119556007153098	0.117901649535672	0.149332608577795	0.175326958264262	0.0945914912174075	0.185469579739852	0.117269521861731	0.160386675760459	0.135362919163075	0.0862448489895312	0.14617340483803	0.135945845508485	0.106024021223371	0.157054556970418	0.157991217036553	0.132427989064364	0.131068221941577	0.0886915823278497	0.0993497752859254	0.115914098954904	0.120844194523567	0.157067161365686	0.127137072668986	0.0976506860054696	0.137401048028791	0.0940835580779675
700023439	0.161560362858219	0.131665540830106	0.090178823643809	0.175508461263446	0.148990832752287	0.0730856607115672	0.164028010851325	0.0872468717649271	0.169351218952002	0	0.110306012297547	0.10134890903052	0.0965289977162786	0.117082683417493	0.0974349002269349	0.132348141799124	0.0765797749077437	0.0964394611993181	0.148127788503854	0.157246723334088	0.140230210536967	0.117434293079948	0.142779094383171	0.146024238931942	0.151323920959423	0.161774677898605	0.136533081406546	0.15033508728458	0.119428385433658	0.0948420919649673	0.0907816542690312	0.12699964793141	0.111813747812878	0.0705830620316831	0.159723359071372	0.121228890967612	0.118728522303639	0.0696163865597114	0.15863744054608	0.0960880915720566	0.127413633428821	0.0774952822665251	0.128653856202112	0.133735807172804	0.10296190646865	0.108501525211796	0.146626972339045	0.0877238874662896	0.0918896391340796	0.103788548329636	0.105870024182727	0.175106329753241	0.169797024444614	0.112202619078565	0.176619370454088	0.0947117107476902	0.125973812515451	0.159574319065077	0.108357124154402	0.152212341621435
700016978	0.116094068548243	0.121784288839943	0.108403158630299	0.138718343548593	0.131571910023386	0.114630653550184	0.122257781518966	0.128220411160423	0.127456946005459	0.110306012297547	0	0.109006235891479	0.120832395199645	0.122930211608504	0.126284864330133	0.107954268903245	0.119015150612398	0.119631957287526	0.123118597057841	0.11603229545051	0.108154468626218	0.0837114015567919	0.128650252239152	0.118716697313977	0.100645576307344	0.140283682292438	0.126764914352992	0.123737731582316	0.117117123718584	0.120277376199283	0.103504366285256	0.104939468378346	0.0949277490921756	0.100819520223192	0.139784976715627	0.0970538289105731	0.119975406912312	0.125015601157333	0.106680456932067	0.139477439063382	0.101810863436219	0.100392690493318	0.0996365521575635	0.110604594772978	0.105325952307926	0.113010825352581	0.126131471306928	0.111313354041928	0.105795631526139	0.101435997740919	0.0951386277616658	0.134415362069114	0.127420365586556	0.0805191684012929	0.135883303591881	0.115828031545534	0.114013009861001	0.116954977259258	0.106699274811251	0.124055899610581
700024192	0.155795892378121	0.15022630752549	0.0634827450725851	0.143166873215015	0.152273631238263	0.0862013917468374	0.126149124369725	0.108417729625613	0.152976721513152	0.10134890903052	0.109006235891479	0	0.0968603463402216	0.139367124042504	0.0810936178622222	0.118378445048567	0.113925819215123	0.118499891525324	0.137757591126388	0.134857089956759	0.131873160174606	0.0873726340842383	0.139378915553775	0.156736385078531	0.122564052714735	0.156378667318998	0.145622076733725	0.144525759784427	0.121475545145669	0.114682664165819	0.102373036829351	0.093004429200481	0.110534950491193	0.0891338558786085	0.157953063037178	0.111913178785968	0.141336698909188	0.0904374468044114	0.152712063045941	0.10639040825438	0.13197216193672	0.0650698560521349	0.143566972906371	0.108831387302911	0.0889086229790362	0.11622758512227	0.157397540710887	0.0875056057903457	0.120777412819155	0.0737546522382001	0.0738372254468708	0.161108970168988	0.150936905907389	0.129542611784781	0.177496247716401	0.0902272429840599	0.113931372691682	0.143521582230677	0.0743797911516065	0.125571319919228
700113058	0.163086284359917	0.144343363740348	0.113970753979607	0.172434768422495	0.161011998746151	0.116466526135936	0.158767236138606	0.101912823477498	0.16594310886694	0.0965289977162786	0.120832395199645	0.0968603463402216	0	0.136596355945675	0.0927117950665508	0.13666735939063	0.114451811353652	0.138700683387304	0.15783207289798	0.152933297234761	0.149189064225083	0.12063764746244	0.160771917562765	0.165190182895866	0.152616782875588	0.16965437023301	0.136906710410477	0.117519092456574	0.112828155210288	0.0992202503926391	0.108200982972954	0.125464803211855	0.118219761478847	0.0883445362154911	0.163451226896953	0.137213172709531	0.141367813779018	0.112816264605765	0.155985586358998	0.0979732939124125	0.136499104417121	0.0760707810513939	0.156856890913574	0.133582297499244	0.0944024503488615	0.112555075048534	0.156906500394146	0.0858781981805679	0.122686309874741	0.0989990375310424	0.116925158255585	0.172209354841067	0.167463642840484	0.144375570281476	0.189836619498746	0.0706891842430287	0.124196293806866	0.169393124674253	0.107178381951011	0.150141732535801
700099448	0.147729187316202	0.119308616757477	0.120075861181233	0.155466127252832	0.123789884526517	0.0980184482857101	0.138360665540161	0.148999177765739	0.148375962194513	0.117082683417493	0.122930211608504	0.139367124042504	0.136596355945675	0	0.115641034331209	0.1311492328448	0.135037755804016	0.120512668328708	0.137073524190238	0.128386205453509	0.127849069805745	0.120560844962323	0.114190155355587	0.13365982772417	0.136983113040897	0.12493567314867	0.131485952992356	0.145901870114347	0.111013654495257	0.0947599922002391	0.114764735071284	0.133591001162845	0.126025410579663	0.113700920557006	0.138795540789841	0.126428396379344	0.117983301851864	0.115534688493439	0.131607546111525	0.151815261692897	0.136532890144935	0.128324010601789	0.108132673729789	0.141938593907536	0.126192123507161	0.111162298811951	0.127527068125209	0.13375351090524	0.0822589957946917	0.125284158106256	0.120158354764339	0.128155948467099	0.143967792136454	0.125317282583244	0.147211174874802	0.134120624292099	0.121167597316074	0.130065505680393	0.113692862534772	0.136924631388
700109870	0.156771382042363	0.138416215352431	0.0852426901789815	0.146254635986912	0.146374429157382	0.0876293499084634	0.13554734114681	0.089874077281087	0.154531116524766	0.0974349002269349	0.126284864330133	0.0810936178622222	0.0927117950665508	0.115641034331209	0	0.129210074225552	0.105251478265371	0.123851753061578	0.150248707266995	0.128952911934523	0.125359506274184	0.110009498831343	0.134923942126703	0.1571419373491	0.12958285667805	0.15505382686591	0.140286319061882	0.136263219933505	0.100923766784441	0.0845644859904253	0.113023603442425	0.109134897781512	0.126377754298843	0.104248637976812	0.164038902857355	0.119279565046243	0.139757680196537	0.074197511553602	0.148246924878703	0.0956515387686197	0.144998376372882	0.0699905926368826	0.150093005152699	0.122339600020948	0.0939865022067472	0.104501280788798	0.148210037746358	0.0800108673257683	0.105433648409152	0.0850696924271168	0.105188139644886	0.155714010976011	0.142839778235528	0.136424016393632	0.175496193406314	0.0905191931052716	0.107267174259825	0.143990246609152	0.0833255174658869	0.125842647763105
700033928	0.105993029096868	0.150157685791046	0.115289999235737	0.134415349272058	0.118388986866933	0.125162379822457	0.106151371098015	0.149066105358254	0.0935046935640377	0.132348141799124	0.107954268903245	0.118378445048567	0.13666735939063	0.1311492328448	0.129210074225552	0	0.146039412247042	0.124824965829961	0.0922011792169459	0.113275974084775	0.106668294684648	0.085621062710504	0.125095250165501	0.0943914094970402	0.103533367175094	0.119595295712606	0.136263819424335	0.123195421817765	0.135153965395719	0.136949406464138	0.114667399890663	0.106299018895206	0.0964380237967446	0.129584441664274	0.120229707050621	0.111550871564725	0.11026207390996	0.144055164136454	0.0948083917396437	0.158500922898898	0.0935633602565407	0.121683459077778	0.122985714587545	0.103551142586095	0.116888849302737	0.109734097970556	0.117624462349514	0.135539965074418	0.122857676804415	0.104686398084433	0.091412238805204	0.114030923506204	0.117341712457686	0.111072228972958	0.130088695747455	0.127311271379875	0.115424047868324	0.103247446662069	0.109979217146885	0.110909810393607
700023693	0.178273004852958	0.13567644989882	0.113469963818975	0.183524693203881	0.15940241979192	0.101491434200363	0.169330819731428	0.0736498717436539	0.174713175898969	0.0765797749077437	0.119015150612398	0.113925819215123	0.114451811353652	0.135037755804016	0.105251478265371	0.146039412247042	0	0.128591987851418	0.161302121988346	0.165743016786163	0.150955752614611	0.128309283259127	0.158493988915562	0.16636531096759	0.16488450457168	0.174860154859111	0.14647207533958	0.154282057823031	0.12051301643013	0.116997601028159	0.104156582824339	0.134882506208408	0.111785624542256	0.102798902045624	0.164754618120259	0.122915938320247	0.137750455412009	0.0998265049319181	0.164250319375511	0.0967905972308151	0.139556987504601	0.0891869698165247	0.135102869782474	0.137214106796374	0.105730511584776	0.115438588612846	0.136874828006054	0.0917147838389008	0.108309246649365	0.108113920820153	0.122833801041752	0.186561727457812	0.174985145403948	0.12533261957742	0.193842894578753	0.0986551074358093	0.130894917201578	0.174485739910607	0.115497666980341	0.161383871901398
700109627	0.16327232950593	0.147827933009245	0.101720996804235	0.185037277311154	0.150518223595188	0.0790430545726173	0.167241526136589	0.12924332863264	0.169117955879593	0.0964394611993181	0.119631957287526	0.118499891525324	0.138700683387304	0.120512668328708	0.123851753061578	0.124824965829961	0.128591987851418	0	0.154260046014322	0.158641791679044	0.152491257491348	0.117848795578616	0.154972744777882	0.142219612813425	0.148585215188192	0.170642196286254	0.127157730720587	0.156033130770429	0.145467409802689	0.120790809870916	0.0956392382471458	0.138673594580027	0.134207098043673	0.103461211773792	0.168941184546816	0.145054842259047	0.114033291796542	0.101388187211307	0.160701956706956	0.14398218981235	0.151330629455372	0.115071041728658	0.113207770298529	0.142230197892325	0.131707679947404	0.132583016381178	0.153945666149038	0.130718049949984	0.0994574172187975	0.120786597011679	0.121971529356137	0.183353278926286	0.17236214517151	0.132314687415659	0.183042424301918	0.131518358427291	0.149329687351678	0.16556135117583	0.130848387300262	0.163806635812386
700095416	0.0927866822758288	0.147233067879674	0.138335973859978	0.141364764240503	0.127965403950723	0.145572751081715	0.108356811104916	0.170327130756367	0.101241654921593	0.148127788503854	0.123118597057841	0.137757591126388	0.15783207289798	0.137073524190238	0.150248707266995	0.0922011792169459	0.161302121988346	0.154260046014322	0	0.119198528432288	0.102393117835424	0.108953221071578	0.123079752119785	0.0937576632658249	0.109132586099718	0.104916651822516	0.144428266420049	0.137028398801629	0.133277365293629	0.155967863205028	0.134704602951543	0.115724513471019	0.115687767175356	0.149184646187583	0.127073610643283	0.11354914810734	0.119123668845388	0.158705807559682	0.0933146611259257	0.173394737100533	0.094035314406189	0.147523297713659	0.120128235802786	0.114554342980373	0.131128237772831	0.115575183248672	0.119771492270798	0.154251833732524	0.130039025231753	0.120834831119694	0.110582532105664	0.11591307830298	0.12066666704732	0.105825310335832	0.108581051097885	0.14995651993856	0.123663643975786	0.105706686115579	0.129940892224175	0.116584729257802
700110425	0.0983363022040583	0.140907460337622	0.14461672218372	0.0835769117958712	0.122431881241925	0.153719308231355	0.0761359887780323	0.169906092675038	0.103885419020322	0.157246723334088	0.11603229545051	0.134857089956759	0.152933297234761	0.128386205453509	0.128952911934523	0.113275974084775	0.165743016786163	0.158641791679044	0.119198528432288	0	0.0838262313638882	0.106207496507618	0.0953412278482937	0.106721262524346	0.0627353530318931	0.120085836882344	0.14875580860835	0.135297257463412	0.130087358319884	0.138509439598504	0.14699801854948	0.112740320492831	0.120700906136087	0.152179543582392	0.128809700723431	0.0920507174137957	0.141678710804688	0.158684254584248	0.103403807225404	0.163737410535595	0.122821401743392	0.138817560098258	0.126974302791567	0.0844674970658877	0.132473544273148	0.125742501890478	0.12995993769131	0.14635664579517	0.134981645110041	0.12039663725117	0.115750296022221	0.0808884718945695	0.0561553342670799	0.118526785225761	0.114134814533792	0.143633677510397	0.0828111134936485	0.0735363021125708	0.10890792043537	0.0887325524918202
700111580	0.0932532148325934	0.137209221263441	0.137651850243614	0.105728801107398	0.134111315717483	0.139559645624005	0.0826997288144671	0.159514993516392	0.105736424643928	0.140230210536967	0.108154468626218	0.131873160174606	0.149189064225083	0.127849069805745	0.125359506274184	0.106668294684648	0.150955752614611	0.152491257491348	0.102393117835424	0.0838262313638882	0	0.0883995253819915	0.102233517799169	0.099786297073588	0.0664377062297586	0.122653733192843	0.154624941144122	0.144945828998839	0.12237350255065	0.145719630403607	0.133068297626871	0.0941474602121355	0.113718645121012	0.147162558559642	0.142272734476807	0.0902993521072618	0.15055464882301	0.149335407617165	0.111444872736477	0.158150365130133	0.110073037781346	0.127713619026051	0.1288795315656	0.0966063582103758	0.119253472789129	0.113090677239158	0.126412092578477	0.132875136464222	0.123760722845783	0.108908772236102	0.109226128102903	0.0933223442295411	0.0874386231879517	0.0938834808799643	0.114143510805444	0.135469554340494	0.0736675071437348	0.0697860889092879	0.101634402620609	0.0827063173125848
700111302	0.113026463383943	0.1243772713358	0.0912253325692892	0.133102171862741	0.131726661578407	0.107615117605985	0.100254680150919	0.136523316145573	0.109555202306729	0.117434293079948	0.0837114015567919	0.0873726340842383	0.12063764746244	0.120560844962323	0.110009498831343	0.085621062710504	0.128309283259127	0.117848795578616	0.108953221071578	0.106207496507618	0.0883995253819915	0	0.124957788848423	0.113243327220193	0.0872072119871163	0.139492925356472	0.13346929967571	0.137404832952093	0.13047769321126	0.122272321479911	0.0996715113007595	0.0683722419473382	0.0874097482638864	0.108903346735359	0.147746051377636	0.0874719269423075	0.127880083700191	0.128777574505525	0.11822482218705	0.136320506553671	0.116638816863555	0.0988871412417639	0.108253277897587	0.0850983822950426	0.104297014107784	0.11591711132507	0.134212334267801	0.107713401935369	0.107574374204861	0.0672697166786478	0.0871714678053186	0.126268019513764	0.120066240527303	0.0970067873768815	0.143258975762533	0.103688362414543	0.100087703479416	0.104290179932163	0.0877024507268216	0.10551604330031
700098605	0.110835769079168	0.130161042420985	0.138213770019084	0.0993529836178792	0.129386135784572	0.130870537489331	0.106698508729044	0.169540842635165	0.117751712504258	0.142779094383171	0.128650252239152	0.139378915553775	0.160771917562765	0.114190155355587	0.134923942126703	0.125095250165501	0.158493988915562	0.154972744777882	0.123079752119785	0.0953412278482937	0.102233517799169	0.124957788848423	0	0.110759622084277	0.118084013084737	0.111921327934192	0.137495920450066	0.141177979803814	0.1349299427134	0.135179882080024	0.145716682132855	0.114772604270292	0.127565663211298	0.146676375185483	0.12571924237542	0.109551900227255	0.136786997031769	0.135510156676856	0.124600125634694	0.166242298184037	0.118120528459448	0.149791393369636	0.126133507303406	0.107970749895499	0.150655467913697	0.112382599206256	0.126193899547828	0.152479823716549	0.127268540590673	0.131821544186611	0.121821600652459	0.096420780405538	0.0865901350002226	0.117180560236303	0.10464005774841	0.151606424537829	0.1188656589217	0.092649414125726	0.117335181842492	0.0829030924208364
700111991	0.0776984946300239	0.153642002459404	0.144173203880916	0.123201740688666	0.133691188324851	0.148543790022863	0.108465925269788	0.176686395914345	0.110018936947813	0.146024238931942	0.118716697313977	0.156736385078531	0.165190182895866	0.13365982772417	0.1571419373491	0.0943914094970402	0.16636531096759	0.142219612813425	0.0937576632658249	0.106721262524346	0.099786297073588	0.113243327220193	0.110759622084277	0	0.103567069431642	0.102947634396203	0.138461654285448	0.133238015436585	0.139902527089643	0.15422486255997	0.14224899533586	0.13070440326	0.120864728283867	0.150987684364369	0.120071051939301	0.109074210032878	0.130729420022413	0.160430064064989	0.104587971321251	0.177375910552945	0.10784954713465	0.157961512365971	0.124924018194236	0.122642222188217	0.147767288541912	0.122985614597313	0.112403494065534	0.158230776193628	0.134017537919076	0.136846154529282	0.115647917623823	0.108913738775974	0.106872720231782	0.0994957423776775	0.0871032764808035	0.157335648143103	0.112570277588308	0.0950162434134961	0.128435148570334	0.1196121214928
700108960	0.0907362363926739	0.148851060840052	0.128785119933832	0.0959218609195032	0.14088419192627	0.13852264224644	0.0688007471048212	0.172312856844416	0.106217595154036	0.151323920959423	0.100645576307344	0.122564052714735	0.152616782875588	0.136983113040897	0.12958285667805	0.103533367175094	0.16488450457168	0.148585215188192	0.109132586099718	0.0627353530318931	0.0664377062297586	0.0872072119871163	0.118084013084737	0.103567069431642	0	0.1314421470585	0.16741505850184	0.146110382606407	0.136142892090502	0.144806851068552	0.136683812703054	0.0872978343824959	0.121094142879365	0.14853947451313	0.144034773805839	0.0860806555189044	0.150327861942915	0.152108697003353	0.110716551562023	0.16868978981175	0.122584345473319	0.132245673467951	0.131082784707376	0.0857648065987798	0.130990331333527	0.135434444677762	0.140333457252398	0.146507833800752	0.133780909258348	0.101541679968799	0.0977311069232792	0.0869012279713963	0.0725339659240633	0.103391119755297	0.112785433975511	0.140460672632754	0.0834570007307577	0.0616908353718046	0.0976812023189035	0.0751542164265593
700024452	0.102720840190957	0.142891546464241	0.151301616849191	0.112600206768863	0.101206221820722	0.158285715444546	0.113096496744225	0.178268966937657	0.11233114928859	0.161774677898605	0.140283682292438	0.156378667318998	0.16965437023301	0.12493567314867	0.15505382686591	0.119595295712606	0.174860154859111	0.170642196286254	0.104916651822516	0.120085836882344	0.122653733192843	0.139492925356472	0.111921327934192	0.102947634396203	0.1314421470585	0	0.151880920327206	0.125194073002864	0.112921314842477	0.155332762094263	0.160272696783585	0.140297340887947	0.141129075619508	0.161260626152119	0.0826420691722793	0.126710282968557	0.150743844475145	0.162392658773826	0.0931541781950641	0.170679096087819	0.119131227565915	0.156002680344465	0.14265254775956	0.126614937601335	0.142493793512085	0.116691482393648	0.112163121648179	0.164090019144804	0.14699494949596	0.145163153069975	0.130695627486352	0.0971667140551328	0.0992560371709725	0.124073573603709	0.0981955314075123	0.159201259859009	0.130682617335188	0.117295606683201	0.134725281717649	0.13426409944052
700032931	0.150335592344971	0.128978566405041	0.132456064534128	0.176816719518683	0.15609364836533	0.138480929970748	0.169837586304818	0.139898044488841	0.150503144597166	0.136533081406546	0.126764914352992	0.145622076733725	0.136906710410477	0.131485952992356	0.140286319061882	0.136263819424335	0.14647207533958	0.127157730720587	0.144428266420049	0.14875580860835	0.154624941144122	0.13346929967571	0.137495920450066	0.138461654285448	0.16741505850184	0.151880920327206	0	0.126166320885126	0.139720851347728	0.131233541735192	0.127961444259895	0.14502171960911	0.125897066617376	0.125630192673425	0.150719873457663	0.140445922681867	0.129267373107002	0.141318576941791	0.141210664173071	0.14682101764273	0.141659939519549	0.135326540429806	0.126548197829133	0.143241888389992	0.138656577215553	0.127984432123276	0.124987398933412	0.128539648581178	0.125978877465548	0.132206869867491	0.14010465982747	0.168487846401133	0.15763814725719	0.127257870965138	0.159607714454766	0.134829959328911	0.154496759736102	0.164977211038001	0.137230148083094	0.162885317573132
700095837	0.137313031185136	0.138853537927595	0.145000197645764	0.149950864236576	0.135940058276204	0.161516232268066	0.151553717309724	0.149211889211915	0.138099590520135	0.15033508728458	0.123737731582316	0.144525759784427	0.117519092456574	0.145901870114347	0.136263219933505	0.123195421817765	0.154282057823031	0.156033130770429	0.137028398801629	0.135297257463412	0.144945828998839	0.137404832952093	0.141177979803814	0.133238015436585	0.146110382606407	0.125194073002864	0.126166320885126	0	0.108519216439089	0.12440130299433	0.140818003228708	0.146209971497426	0.124704075311685	0.135470871377381	0.12729992070697	0.141610895872528	0.132312729545377	0.158155455409326	0.129121273682591	0.149128760037999	0.125002184887063	0.13306041178919	0.139721825598995	0.133602609067967	0.119962495735659	0.11491778296202	0.125821319020489	0.131025735411084	0.139871009525541	0.133374776698599	0.130125966134484	0.147009263664818	0.130209751221135	0.148773138161107	0.149281815435824	0.128505523265316	0.133898533054829	0.15057488276074	0.131820110498676	0.147040608013483
700024548	0.138315624896174	0.117691829625164	0.122553185531056	0.139829884643344	0.128152143242633	0.118777683488984	0.142190364307255	0.113312796872063	0.158578285304189	0.119428385433658	0.117117123718584	0.121475545145669	0.112828155210288	0.111013654495257	0.100923766784441	0.135153965395719	0.12051301643013	0.145467409802689	0.133277365293629	0.130087358319884	0.12237350255065	0.13047769321126	0.1349299427134	0.139902527089643	0.136142892090502	0.112921314842477	0.139720851347728	0.108519216439089	0	0.111452268779387	0.121602457901012	0.141181163518581	0.119792221765891	0.110055378831697	0.127523612167972	0.113827777718577	0.137937056328169	0.119253286587699	0.130358177157702	0.115300864210257	0.13174641552739	0.100487683465917	0.13266861438648	0.1458134989071	0.0878133244111156	0.0782372484433302	0.128853691800579	0.113564364291969	0.119985982785976	0.121937413028469	0.112045209768517	0.14385916668111	0.131750866264457	0.124364354082691	0.14681537938485	0.117051050708773	0.11525049917632	0.135397000440331	0.109337423287347	0.145325969694981
700110161	0.159799158176604	0.129092735159196	0.102867127186636	0.164260172401126	0.140351658528368	0.0953043304036649	0.153770741244913	0.114304848725527	0.16239792002744	0.0948420919649673	0.120277376199283	0.114682664165819	0.0992202503926391	0.0947599922002391	0.0845644859904253	0.136949406464138	0.116997601028159	0.120790809870916	0.155967863205028	0.138509439598504	0.145719630403607	0.122272321479911	0.135179882080024	0.15422486255997	0.144806851068552	0.155332762094263	0.131233541735192	0.12440130299433	0.111452268779387	0	0.107029489376514	0.131153511657392	0.129648136864393	0.0867750812921761	0.161432623860293	0.13272702133737	0.117722668643021	0.0936754814549039	0.153658639671186	0.118323956477409	0.145178486555995	0.0926065583412889	0.135882776996328	0.134555576197753	0.112739531720816	0.119466201254196	0.151438307415806	0.105151856346183	0.0877332150465158	0.10941471039338	0.123679440289456	0.159399108737203	0.155745290990731	0.134597377095986	0.172854748602116	0.104623120741945	0.120530589851315	0.152649120890211	0.102727357112931	0.145459619326542
700023496	0.154293924225205	0.129085576043863	0.0971392701778739	0.170939145313204	0.143142012271086	0.0808624611381016	0.149162782426666	0.108390553880085	0.154541138598896	0.0907816542690312	0.103504366285256	0.102373036829351	0.108200982972954	0.114764735071284	0.113023603442425	0.114667399890663	0.104156582824339	0.0956392382471458	0.134704602951543	0.14699801854948	0.133068297626871	0.0996715113007595	0.145716682132855	0.14224899533586	0.136683812703054	0.160272696783585	0.127961444259895	0.140818003228708	0.121602457901012	0.107029489376514	0	0.115196384225437	0.103162506217614	0.0947793828994179	0.156214442042049	0.110033031036283	0.117002955178814	0.107918552140209	0.14503889184378	0.120683861282738	0.121531806231982	0.0902693032824173	0.115600519149927	0.128976581053697	0.0996939167213332	0.105109847684383	0.134545791269117	0.106050267379533	0.0975406457788023	0.0972853544929626	0.104449547560513	0.168555822024831	0.159726750626972	0.117393995458986	0.177418481528709	0.102435298994222	0.121823594793603	0.152557186076115	0.105408487425736	0.14689131325479
700034628	0.122803441214632	0.129811559072807	0.10496983047322	0.131249063419536	0.141741802755792	0.114100068768801	0.0852728375482445	0.144813556910927	0.0954803338654826	0.12699964793141	0.104939468378346	0.093004429200481	0.125464803211855	0.133591001162845	0.109134897781512	0.106299018895206	0.134882506208408	0.138673594580027	0.115724513471019	0.112740320492831	0.0941474602121355	0.0683722419473382	0.114772604270292	0.13070440326	0.0872978343824959	0.140297340887947	0.14502171960911	0.146209971497426	0.141181163518581	0.131153511657392	0.115196384225437	0	0.103788389480413	0.121647106890071	0.140712635852044	0.0824979047835551	0.142307804466346	0.129618894021652	0.128156934423798	0.14541755985664	0.121955751348586	0.109321389974075	0.12710185622048	0.0677961602515881	0.116420667458583	0.128323685709932	0.136980923333096	0.119429449488864	0.127402536258616	0.0734987870705904	0.0925768592306159	0.113197905535317	0.116814701675518	0.108585550617989	0.145295598656513	0.110476851378323	0.113863797450386	0.0972571534727363	0.0926281816751228	0.0805887691273695
700023645	0.122883411987242	0.125275440114634	0.121465275537668	0.152716552939959	0.129208402884194	0.125779475227964	0.128228832666021	0.123167858888495	0.117000688180274	0.111813747812878	0.0949277490921756	0.110534950491193	0.118219761478847	0.126025410579663	0.126377754298843	0.0964380237967446	0.111785624542256	0.134207098043673	0.115687767175356	0.120700906136087	0.113718645121012	0.0874097482638864	0.127565663211298	0.120864728283867	0.121094142879365	0.141129075619508	0.125897066617376	0.124704075311685	0.119792221765891	0.129648136864393	0.103162506217614	0.103788389480413	0	0.109057166570287	0.133864466142573	0.0974604775577121	0.121069304103891	0.13949673859284	0.122706350931562	0.13285492968519	0.101583344436734	0.102151761561015	0.106773525049553	0.106189721539711	0.0940923225384766	0.0997969678614355	0.115215088976525	0.106101941346275	0.12071018854265	0.0961019839273486	0.095074984660875	0.132132833011869	0.127986228788612	0.11318451729717	0.155347467010181	0.107716825001039	0.110794712698545	0.125077385311277	0.100872459465473	0.127726548261422
700038744	0.15883167608823	0.132033237748341	0.0844069742746023	0.169399282085838	0.147614286847657	0.0818959479784329	0.154684939308317	0.109461078919099	0.163943094617866	0.0705830620316831	0.100819520223192	0.0891338558786085	0.0883445362154911	0.113700920557006	0.104248637976812	0.129584441664274	0.102798902045624	0.103461211773792	0.149184646187583	0.152179543582392	0.147162558559642	0.108903346735359	0.146676375185483	0.150987684364369	0.14853947451313	0.161260626152119	0.125630192673425	0.135470871377381	0.110055378831697	0.0867750812921761	0.0947793828994179	0.121647106890071	0.109057166570287	0	0.151613182421748	0.13048535454655	0.116320130266449	0.0853342135936007	0.153394091462114	0.10582023724916	0.134954152530835	0.0792970994357346	0.121844291174437	0.133452182595445	0.10004872968324	0.104519670249599	0.150313714657671	0.0933721007902772	0.0853191918577748	0.0981354067289741	0.101963363282522	0.173728799667137	0.166862339326143	0.115977772120047	0.181417453998081	0.0849231951463038	0.130857904557286	0.160586054597729	0.105455843507686	0.154858505359028
700038485	0.132495494493028	0.129803485308074	0.153238802510501	0.128411819222791	0.110498502908567	0.162506033615354	0.130125043288809	0.17353475806216	0.119556007153098	0.159723359071372	0.139784976715627	0.157953063037178	0.163451226896953	0.138795540789841	0.164038902857355	0.120229707050621	0.164754618120259	0.168941184546816	0.127073610643283	0.128809700723431	0.142272734476807	0.147746051377636	0.12571924237542	0.120071051939301	0.144034773805839	0.0826420691722793	0.150719873457663	0.12729992070697	0.127523612167972	0.161432623860293	0.156214442042049	0.140712635852044	0.133864466142573	0.151613182421748	0	0.125907494721036	0.149034896119644	0.167776051158188	0.11341349360482	0.168287564240872	0.128309993174275	0.157707454190683	0.145668614109484	0.13098606673638	0.145793599788893	0.114522966686923	0.106458951199567	0.159941406413893	0.151853992591675	0.138535285549931	0.122016403456916	0.10834682139263	0.115835947731033	0.131657165889951	0.122590131784994	0.157419290971059	0.142658252525777	0.136268253793517	0.136885672439156	0.140511219414866
700024743	0.113601520677984	0.11812397095652	0.114818051198318	0.113787892381629	0.13212745490851	0.11530594895037	0.0833672997521186	0.133780566818988	0.117901649535672	0.121228890967612	0.0970538289105731	0.111913178785968	0.137213172709531	0.126428396379344	0.119279565046243	0.111550871564725	0.122915938320247	0.145054842259047	0.11354914810734	0.0920507174137957	0.0902993521072618	0.0874719269423075	0.109551900227255	0.109074210032878	0.0860806555189044	0.126710282968557	0.140445922681867	0.141610895872528	0.113827777718577	0.13272702133737	0.110033031036283	0.0824979047835551	0.0974604775577121	0.13048535454655	0.125907494721036	0	0.139185296812901	0.129820666088807	0.114669405747699	0.1478231665755	0.119704398524777	0.1112510643514	0.115152422233342	0.0845171657351477	0.107342961582803	0.113278049349242	0.122477513658995	0.11680271288519	0.119196313882536	0.0920064770800646	0.0972565095452142	0.105459554036427	0.0935878417125367	0.0985314021682455	0.125540592732174	0.129858953105973	0.097525414286555	0.0869204358067881	0.0893860980783028	0.0988063125454021
