700108602	700014971	700033565	700109389	700023058	700023927	700106341	700114221	700023543	700023439	700016978	700024192	700113058	700099448	700109870	700033928	700023693	700109627	700095416	700110425	700111580	700111302	700098605	700111991	700108960	700024452	700032931	700095837	700024548	700110161	700023496	700034628	700023645	700038744	700038485	700024743	700099596	700110760	700101587	700106399	700032322	700095653	700021312	700101230	700023590	700038905	700033136	700023382	700096424	700105469	700016908	700096053	700108479	700109569	700033814	700016125	700109756	700102665	700101777	700109455
700108602	0	0.139864855706132	0.158802880764575	0.10239099164439	0.119356204845086	0.168646557256883	0.0880760533458628	0.176031178489753	0.102175726812552	0.163464678643592	0.114710178920857	0.156027297999793	0.153069807082696	0.150815428340633	0.151183633956878	0.100831669892309	0.164616146503627	0.149847018449013	0.0801113857561381	0.0941126815611542	0.0878676999833757	0.106833644816517	0.110991224183526	0.080612814725189	0.0904579114355676	0.122327458188362	0.150498990527989	0.132986612730827	0.131893993624323	0.163616546077991	0.163115877376083	0.114191755589635	0.105776549669194	0.145045498829037	0.1247864180606	0.119943264171897	0.132630393404092	0.173090425446703	0.0913846355043273	0.178108453170948	0.101246650259544	0.150270292616587	0.139434496286976	0.112579783550564	0.143663857863693	0.126708845053375	0.117695547497666	0.145965585983174	0.136294102395074	0.132239516186346	0.111247229824692	0.0858243730092078	0.0928847084965712	0.104443852400769	0.0904250886758714	0.162106365219	0.10561042908733	0.083852687298516	0.134399748017486	0.103106140924977
700014971	0.139864855706132	0	0.137301714295491	0.159752744718518	0.114025628163917	0.145397550803863	0.149908910242569	0.136141110518245	0.14056597080562	0.117356541333398	0.124750890998463	0.157616768788463	0.127203659321941	0.1217263423913	0.135603749010034	0.152001286581847	0.132796290095882	0.145955382538103	0.145347994811031	0.135474948091634	0.134274453794578	0.118078999663558	0.115920144610232	0.158205893329814	0.150765125097864	0.145349456683314	0.112189232359595	0.132718399263648	0.115525283208551	0.129447380193091	0.126030013080952	0.127639144184543	0.114883911592128	0.122756838578887	0.133660972416148	0.119578330095442	0.13717188319739	0.156954073729798	0.137911770370849	0.136912757929628	0.135964361276128	0.125955602741666	0.127265736757256	0.135097885440835	0.118404569559617	0.116225140942364	0.107311556130449	0.123823241363325	0.118297617945197	0.1325412626802	0.128730364825375	0.146332248383249	0.140506712252177	0.12203631081793	0.163121121598703	0.122102605449579	0.136548831753201	0.143112423409222	0.127193037486501	0.13836987117171
700033565	0.158802880764575	0.137301714295491	0	0.147195727505212	0.147246888278429	0.0772106040469459	0.139248253280702	0.0987620668400442	0.169856817681813	0.0924481715565831	0.0977859942405027	0.0642542364903904	0.0990080371325602	0.131602852312142	0.0781387707826235	0.125295947840061	0.0978445323966494	0.095168189902898	0.149271967926642	0.14197976539561	0.141142275084402	0.0928307317943794	0.13895529581709	0.148406172645218	0.137565379156118	0.169314345253074	0.13209764064405	0.144178359799058	0.125225711642857	0.111030081248335	0.10975507791655	0.100738571913952	0.112990469538238	0.0981287908266189	0.160769816206326	0.103209294534216	0.135235936739946	0.0847552449282158	0.161788634066518	0.108856617674001	0.14415563527023	0.089446431687431	0.133995104870821	0.112317188803763	0.108900664625279	0.123230784688523	0.142969788381957	0.09341380161039	0.115857806172021	0.0793045572623601	0.0800107551536883	0.164493108580731	0.158863283513021	0.124729329616933	0.18574795596094	0.11367309529921	0.128754552686338	0.153169748862395	0.0854489547652266	0.129398805568788
700109389	0.10239099164439	0.159752744718518	0.147195727505212	0	0.141255675913949	0.171379348676417	0.0831831537642123	0.181164323131415	0.140937552915925	0.168545048449447	0.138650152355997	0.147581453279376	0.167490255948431	0.155639912975232	0.140797299736341	0.132651211640569	0.172423910328388	0.181203367518535	0.130050832602725	0.0983253609337367	0.107319793694248	0.137145931528874	0.102994662950709	0.113704794412549	0.105591309040521	0.120037663467384	0.174371748748358	0.154411503460092	0.136968364778771	0.164010016044415	0.177827921784565	0.137225228694028	0.13005472309115	0.151378482989252	0.124318296076307	0.127546142352609	0.167856462892184	0.165381571322127	0.132059945197265	0.163866802868886	0.13827636028832	0.165931397249452	0.155786909609299	0.129800965891207	0.148300402360409	0.136863913187169	0.144485664156092	0.153931854626749	0.151516475558149	0.135568967276347	0.115729274808565	0.0971363184210815	0.0773316929821689	0.145681894732921	0.107279314504642	0.173230210848231	0.10335836654856	0.091703561130435	0.116741903614066	0.103772237904343
700023058	0.119356204845086	0.114025628163917	0.147246888278429	0.141255675913949	0	0.146170377075081	0.123758489945776	0.146145442911961	0.119610374882447	0.136071045263309	0.118461660896103	0.147640791541131	0.138432120884222	0.125556618475706	0.135951749387911	0.120298797164133	0.138531846505638	0.144233208043656	0.112975114712563	0.118495441227078	0.125696690906849	0.11957812806481	0.119053406872375	0.129911732514849	0.135586361776553	0.112715194557872	0.134407530938951	0.129150093907728	0.117939611421095	0.133637901015708	0.125055115995294	0.126825571573194	0.111819822029156	0.120870838978471	0.112129463826162	0.125210091886821	0.115230393502839	0.142656426620417	0.115208180958782	0.147514691505875	0.12740808886663	0.124653557936147	0.12281751686603	0.127954500895222	0.123580374728043	0.11376897041806	0.113982934847805	0.122108403619323	0.125445217040903	0.133295989680341	0.121774276274126	0.128243451972828	0.12035431896513	0.125107341105432	0.140795553393878	0.146474759098374	0.128062209942057	0.121850872177176	0.131301711055797	0.122173723546654
700023927	0.168646557256883	0.145397550803863	0.0772106040469459	0.171379348676417	0.146170377075081	0	0.158093367960621	0.112527457141949	0.179285681266887	0.100756010024556	0.115226889248983	0.0960453891245939	0.109157885532268	0.105648689769837	0.0872906562152815	0.143634545651634	0.102779180611223	0.08104679372801	0.161000102377097	0.15322433526526	0.147086308682606	0.119879375331174	0.139754050301671	0.165956315512727	0.147484703295358	0.177927315498656	0.143258285513713	0.164527853560153	0.12678629977922	0.0984100022314198	0.0884946421823036	0.121840620776537	0.134064013206433	0.0905542960958657	0.17031979999735	0.122532771795424	0.130195650066382	0.071897662799622	0.170315127641115	0.118665873492191	0.156717083391044	0.0919354265100849	0.120029726719246	0.135797865100627	0.10963970115174	0.129612551457545	0.15355175028339	0.103019108407372	0.0951663802948277	0.0964224360644111	0.11065894438816	0.171873959497225	0.169622192644154	0.125662360314788	0.194239564804615	0.123755511683527	0.134485110782876	0.158008115059036	0.10561984154604	0.141620349746247
700106341	0.0880760533458628	0.149908910242569	0.139248253280702	0.0831831537642123	0.123758489945776	0.158093367960621	0	0.169487633092998	0.102612081572691	0.16295463356275	0.116694152685247	0.125048583241098	0.158860299836367	0.144785170881485	0.129274190525131	0.116024495805923	0.161395414143567	0.172102296080848	0.100608702008434	0.088257492644209	0.0873759445505122	0.11120011489523	0.105333898092487	0.105308491338191	0.0772199990178558	0.128238988101405	0.171603967025049	0.151297439768591	0.138412099029864	0.157009273167237	0.16276126047631	0.0875302103934768	0.11592551680116	0.13740712906971	0.130857714480832	0.0980763422030832	0.15745349414374	0.160489405347083	0.0967567147740607	0.165715443893628	0.132866095480265	0.15035713563692	0.133206166796401	0.0936439095558135	0.135549159484984	0.135683874460008	0.124736874656479	0.135129892741052	0.141661087376606	0.115366399427867	0.101404371864818	0.072187014676953	0.0823596775571964	0.127392855878618	0.11226206797202	0.160495722916787	0.0992081258378556	0.0649032965363683	0.111400316310568	0.0680810721852805
700114221	0.176031178489753	0.136141110518245	0.0987620668400442	0.181164323131415	0.146145442911961	0.112527457141949	0.169487633092998	0	0.181495387002179	0.0827175600567889	0.123041801207072	0.108528316928193	0.0902072466363856	0.146820452150812	0.09473558902895	0.152362633918657	0.0760275317277359	0.132538830996175	0.170865839590208	0.160800368391245	0.154270300538876	0.131185152534261	0.164347638408955	0.179795574920577	0.168176201797158	0.191139979969751	0.131125008269789	0.14234237802053	0.122096266484548	0.115489124522762	0.113081450258384	0.139247440543716	0.128675090103364	0.102657774892398	0.181299193253853	0.122685730320581	0.148587516689245	0.0986046207235257	0.172721746580532	0.0817457096206617	0.147827265806811	0.0791373364141307	0.148572166926146	0.142063697541706	0.098680650790665	0.12746160868398	0.136589989830035	0.0719991451510487	0.13903228944848	0.111921615774292	0.130413777326874	0.181408878774537	0.175249396686252	0.143785882957071	0.207661288590057	0.10089850668087	0.139558627395664	0.179680458428015	0.123606924764678	0.16076670194729
700023543	0.102175726812552	0.14056597080562	0.169856817681813	0.140937552915925	0.119610374882447	0.179285681266887	0.102612081572691	0.181495387002179	0	0.167539633952506	0.12691417286651	0.16493610774842	0.16811801102664	0.14660860381412	0.161913592445652	0.115052637011473	0.170350705460517	0.173658375928888	0.103172877081588	0.121634048827646	0.115888145769778	0.118520423290137	0.115627566690157	0.105200501717814	0.124991546104052	0.103462720325111	0.154500250691559	0.133261037089989	0.1515685324604	0.166954469433928	0.169837255256219	0.112969917457941	0.124154258418304	0.153043959092112	0.108112144464498	0.127647980947738	0.144273357480911	0.182506851484413	0.0857775206085103	0.191075041660161	0.119552722944996	0.166311165715441	0.134357170303434	0.107202545030785	0.158590605840534	0.140188126560861	0.101021940115921	0.156737280829899	0.159787799041339	0.138435000167746	0.133671568619042	0.0884081496441066	0.0999506006390648	0.129500107498574	0.103505295093465	0.169231692674895	0.133297512166403	0.101593585680319	0.140107014810294	0.111597075029724
700023439	0.163464678643592	0.117356541333398	0.0924481715565831	0.168545048449447	0.136071045263309	0.100756010024556	0.16295463356275	0.0827175600567889	0.167539633952506	0	0.115156513621926	0.106112642203355	0.0945146388751205	0.131936674811771	0.101450209337385	0.14211781195793	0.071663315578211	0.113371715950228	0.161934166596732	0.150400478557651	0.14566840259143	0.111382011413372	0.151259866180294	0.160542719073959	0.156066526710561	0.173253983114127	0.12638782802536	0.136864033625848	0.107001931319412	0.101590436662394	0.1035890723092	0.128358864812086	0.104872597220933	0.0882241209132559	0.157447512141137	0.111161044182452	0.130693228012049	0.0909099099953512	0.169682900428232	0.0878288845568413	0.136997565508068	0.0759232772705365	0.136369060974959	0.13285245252518	0.0979703864529612	0.117806941355872	0.126004242114565	0.07999200793289	0.104608890955921	0.10306994973873	0.115062252298702	0.173818448305106	0.169199301531488	0.137104886971048	0.192067760052449	0.0993936018880864	0.128670982369132	0.170186167638657	0.108309609046698	0.151239953551015
700016978	0.114710178920857	0.124750890998463	0.0977859942405027	0.138650152355997	0.118461660896103	0.115226889248983	0.116694152685247	0.123041801207072	0.12691417286651	0.115156513621926	0	0.0991180096472384	0.111221184892921	0.128138188307278	0.117174349935893	0.101293145497334	0.117531912037411	0.10531768495026	0.119877767344089	0.105862373663385	0.101545282563653	0.0683174552701748	0.119804761586332	0.124198257630528	0.101007071022509	0.152367277628725	0.133315521925697	0.120532114150153	0.12344620752698	0.116667834153395	0.101771645133668	0.0845895956566935	0.0822068543455276	0.0891386133528439	0.149937472326188	0.0892988747442829	0.12136687843166	0.129366655295704	0.119868917167847	0.135953022725762	0.108382240818487	0.0935565624910715	0.100841206807522	0.0869771171689417	0.108236183903362	0.122744113532039	0.125560379574302	0.095193236447111	0.10619354995839	0.0896471480220631	0.0856524731444988	0.130344284687429	0.124714061696744	0.097767835424156	0.149095004287761	0.120033717657456	0.109763602548175	0.121038341460306	0.0970589717973741	0.109407709756166
700024192	0.156027297999793	0.157616768788463	0.0642542364903904	0.147581453279376	0.147640791541131	0.0960453891245939	0.125048583241098	0.108528316928193	0.16493610774842	0.106112642203355	0.0991180096472384	0	0.0953856644283437	0.146759735354191	0.0824236369132445	0.117317664294764	0.114604898137116	0.110980437566589	0.142315638518253	0.140647069897026	0.130677499269411	0.0941699746354494	0.140889815104724	0.152046937383573	0.128617418220124	0.168034561044002	0.145498358856868	0.144166463668873	0.125663930411837	0.127356742496618	0.119911530975774	0.0935206589454538	0.106265249772238	0.0942132775163532	0.16234022103241	0.104653197293204	0.147749336506847	0.0961440692860065	0.161445938802351	0.106497140967563	0.144803114435222	0.0842162327077857	0.14185035938752	0.105611705560472	0.0966804102054594	0.124488157301772	0.147890481786934	0.0870279059058741	0.13646369848861	0.0752590218340636	0.0768765013807474	0.156405813032903	0.156076204574545	0.137961395393371	0.187562321711596	0.109898825161899	0.121103769664017	0.147096228915287	0.0885982208006865	0.123927512744737
700113058	0.153069807082696	0.127203659321941	0.0990080371325602	0.167490255948431	0.138432120884222	0.109157885532268	0.158860299836367	0.0902072466363856	0.16811801102664	0.0945146388751205	0.111221184892921	0.0953856644283437	0	0.131386461429558	0.0909540650198027	0.130037762009681	0.100775453341184	0.115868285078644	0.153178988068075	0.143462791802401	0.136360798289864	0.115303408001114	0.148019900643308	0.158474279475263	0.150889964267302	0.172478666722706	0.130228226552412	0.11574994296559	0.102204083652606	0.108728546239056	0.0931160564647259	0.117321970693697	0.110513297848989	0.0941436037582634	0.164000327665455	0.126322695325167	0.128395700591717	0.116271218474595	0.153595833922453	0.0997907003016557	0.142753369181582	0.0712831028913253	0.154566229702615	0.126576170120751	0.0900448066923461	0.110042512722631	0.142109873921905	0.0893506533676125	0.124305001794219	0.103085200561947	0.114634167189806	0.164925959317315	0.161988007199187	0.13985148016664	0.191264647125866	0.0820222094806211	0.130279978992672	0.165126881994284	0.106158993806219	0.140566317597884
700099448	0.150815428340633	0.1217263423913	0.131602852312142	0.155639912975232	0.125556618475706	0.105648689769837	0.144785170881485	0.146820452150812	0.14660860381412	0.131936674811771	0.128138188307278	0.146759735354191	0.131386461429558	0	0.121702855743432	0.144518659272779	0.131999268759986	0.123665731482715	0.135111739133335	0.132694253957565	0.133023691372294	0.133192451570539	0.11730930688531	0.143381010646148	0.144996128747869	0.131877657548368	0.129239695557313	0.145948022504472	0.111135137681322	0.0943116247259068	0.110322501833959	0.141682693118953	0.129544063692809	0.105288202366616	0.126189684600818	0.12721711529793	0.118960712778236	0.120174462741847	0.140274819844154	0.147271890992809	0.145482056670677	0.127597558735705	0.12382546894479	0.145482993689902	0.120816302728037	0.123911631374822	0.124811190219222	0.132536902572186	0.0909300512261045	0.132535170739271	0.115494765558906	0.128904839415198	0.147365025925605	0.126977673335814	0.155634928431513	0.151509404479255	0.120140797593617	0.131046036200316	0.112701685939462	0.135937433056301
700109870	0.151183633956878	0.135603749010034	0.0781387707826235	0.140797299736341	0.135951749387911	0.0872906562152815	0.129274190525131	0.09473558902895	0.161913592445652	0.101450209337385	0.117174349935893	0.0824236369132445	0.0909540650198027	0.121702855743432	0	0.133718511213188	0.0959374407954137	0.121113967986924	0.149360724547302	0.132300138819625	0.125959964405657	0.114112047934955	0.121865429141545	0.155205623407105	0.136730232693057	0.165832562531218	0.141868211409121	0.139855259511884	0.101380900328223	0.0909067218349203	0.115169125771128	0.107561800675951	0.127347456105514	0.105447210679642	0.157421318859958	0.117977749230092	0.137516699318108	0.073548044843416	0.160292987130527	0.0928604913743425	0.152412445390647	0.0783646764387858	0.147761855443355	0.12053386822694	0.0902544266420489	0.112093209732126	0.141018367444245	0.0837367126491554	0.112819836799195	0.0862212327866289	0.0991123486348582	0.151321926818418	0.145836980200596	0.138745638182596	0.181169767674969	0.104428040371583	0.107831970037828	0.146588304265897	0.0779351918390246	0.121523602780835
700033928	0.100831669892309	0.152001286581847	0.125295947840061	0.132651211640569	0.120298797164133	0.143634545651634	0.116024495805923	0.152362633918657	0.115052637011473	0.14211781195793	0.101293145497334	0.117317664294764	0.130037762009681	0.144518659272779	0.133718511213188	0	0.147605961386931	0.128921769180962	0.1016395761867	0.113841525915696	0.105454004072093	0.0986711701484125	0.130406457300664	0.0890513487424673	0.106921810242719	0.125026522225989	0.150519074907043	0.1136380999855	0.137154008388038	0.147233400917264	0.133480341353697	0.097980984819301	0.104773210263346	0.12631413011041	0.134222254984256	0.121804369461045	0.125983745384402	0.149343855803366	0.104767722483114	0.155975676768048	0.0977304451001798	0.119037119300899	0.135418747404801	0.107912602855077	0.123030978882747	0.126250944119679	0.119966294723274	0.127800358106657	0.138058161589321	0.104533580061446	0.0919803977256248	0.115121310536351	0.110332544659619	0.128355791175092	0.126763332574102	0.137747929051049	0.114564018136713	0.109107531052019	0.120157984823498	0.103930128353745
700023693	0.164616146503627	0.132796290095882	0.0978445323966494	0.172423910328388	0.138531846505638	0.102779180611223	0.161395414143567	0.0760275317277359	0.170350705460517	0.071663315578211	0.117531912037411	0.114604898137116	0.100775453341184	0.131999268759986	0.0959374407954137	0.147605961386931	0	0.118944574883878	0.163492439272339	0.155408048528987	0.145519764552615	0.116510053238179	0.150614122724182	0.164259297569413	0.160267899081	0.176814542399274	0.127260040071786	0.143561644619204	0.107610863517204	0.113358358734674	0.108352258880995	0.131039796996886	0.116609024426161	0.105222815485294	0.170301770707245	0.108963600717654	0.132794719417919	0.100695489598239	0.167722747612293	0.0977410962474307	0.14454191232065	0.0855833364354622	0.133581912134651	0.135006125588185	0.108764815981154	0.119913503114257	0.138388713761323	0.0876720865874146	0.122360654933978	0.109395466226982	0.119440413292126	0.173825430792055	0.17008892429804	0.138018564342166	0.194756382871063	0.106005404083925	0.13239848954124	0.170948950450198	0.113016550162196	0.152210070440361
700109627	0.149847018449013	0.145955382538103	0.095168189902898	0.181203367518535	0.144233208043656	0.08104679372801	0.172102296080848	0.132538830996175	0.173658375928888	0.113371715950228	0.10531768495026	0.110980437566589	0.115868285078644	0.123665731482715	0.121113967986924	0.128921769180962	0.118944574883878	0	0.146589635714546	0.160728707551031	0.149161336211356	0.111052974675901	0.156039449276213	0.144019390849285	0.149903490759758	0.178514475965326	0.127401764566268	0.155674633559064	0.139691893416173	0.115377823597382	0.0937827040959871	0.130013132215344	0.127533711120163	0.102554297771626	0.171436555885991	0.13032807970811	0.107923632997948	0.095005786364574	0.165582879001055	0.142675889042772	0.149033213319859	0.100580723689056	0.121789721957328	0.135885218854183	0.129292058531463	0.134758393697482	0.147313993818043	0.129115936143408	0.0925956532588773	0.113695029023645	0.110670337131408	0.180119733162516	0.175194962891835	0.120132131702753	0.184519529336283	0.136163062186781	0.149982374076151	0.167848187679712	0.124121235464537	0.155393947711291
700095416	0.0801113857561381	0.145347994811031	0.149271967926642	0.130050832602725	0.112975114712563	0.161000102377097	0.100608702008434	0.170865839590208	0.103172877081588	0.161934166596732	0.119877767344089	0.142315638518253	0.153178988068075	0.135111739133335	0.149360724547302	0.1016395761867	0.163492439272339	0.146589635714546	0	0.111124934925575	0.0939187442032088	0.109696552847437	0.115977222916555	0.0815703483739099	0.104553478315698	0.116352594877275	0.143713210352164	0.137411704327499	0.135951239124738	0.158130867880892	0.148906962446721	0.111035223746396	0.105196118760554	0.142463276439345	0.128908784512999	0.119243168833378	0.123435145799182	0.162610517333707	0.0899838627300679	0.183316666054765	0.0956259737415002	0.149326340539222	0.121806568376273	0.110394263010299	0.140698156439822	0.12857858948648	0.107238524716971	0.143779508534952	0.143108236919264	0.125412414118275	0.106678372342579	0.103232069944147	0.111326017286677	0.111549910749993	0.11023108507826	0.160326208730594	0.117653702619527	0.0966102110704361	0.131148196765553	0.107005806105491
700110425	0.0941126815611542	0.135474948091634	0.14197976539561	0.0983253609337367	0.118495441227078	0.15322433526526	0.088257492644209	0.160800368391245	0.121634048827646	0.150400478557651	0.105862373663385	0.140647069897026	0.143462791802401	0.132694253957565	0.132300138819625	0.113841525915696	0.155408048528987	0.160728707551031	0.111124934925575	0	0.0822368756667299	0.108714903952658	0.0954375301624922	0.114644126370957	0.0666626028351867	0.12903676167297	0.150725890949606	0.133356822591798	0.127506253953045	0.133261515986756	0.153013339883744	0.102022952267407	0.104777294956734	0.12765855054765	0.129761700910102	0.0975725247076253	0.149363404064959	0.161788582522203	0.122685772620907	0.161511490098262	0.124371628862215	0.137625982321243	0.125951071773028	0.087367073159249	0.123650222001372	0.127364870460793	0.121337480063207	0.129430842863565	0.123016428485933	0.120648255498915	0.10991318055726	0.0775657801356099	0.0640671678620252	0.122963524527195	0.117021691737081	0.151754462598752	0.0770816231853037	0.0738559856623627	0.0992794932681732	0.0836299114650582
700111580	0.0878676999833757	0.134274453794578	0.141142275084402	0.107319793694248	0.125696690906849	0.147086308682606	0.0873759445505122	0.154270300538876	0.115888145769778	0.14566840259143	0.101545282563653	0.130677499269411	0.136360798289864	0.133023691372294	0.125959964405657	0.105454004072093	0.145519764552615	0.149161336211356	0.0939187442032088	0.0822368756667299	0	0.0913192886028537	0.0978038578203606	0.0996480386174732	0.0685123708165294	0.137822977939632	0.154089736223545	0.149689811415875	0.116805296776184	0.14703026028529	0.144972702504448	0.0954771552409816	0.0911083633735486	0.125942366938679	0.13762220674359	0.094167513911754	0.148029911949815	0.147748573257155	0.12038481077288	0.156345262128747	0.115083902108297	0.127832859444288	0.12465268875116	0.0947271509594638	0.114191535552205	0.112021652560828	0.111441169014995	0.116373817493818	0.123701900751177	0.108844648697999	0.10238085496752	0.0871688923698511	0.0893031256155716	0.107850845926077	0.119295762917945	0.144822364790261	0.0755309566587298	0.0745440453754807	0.0989746129978106	0.075732859200613
700111302	0.106833644816517	0.118078999663558	0.0928307317943794	0.137145931528874	0.11957812806481	0.119879375331174	0.11120011489523	0.131185152534261	0.118520423290137	0.111382011413372	0.0683174552701748	0.0941699746354494	0.115303408001114	0.133192451570539	0.114112047934955	0.0986711701484125	0.116510053238179	0.111052974675901	0.109696552847437	0.108714903952658	0.0913192886028537	0	0.124146502003626	0.111110869134491	0.0914899527814958	0.146349677807279	0.131833400086637	0.136834916264542	0.120937217562319	0.132099936785196	0.119899078997883	0.0668939609822144	0.0767615080055291	0.0940113494837202	0.143936848809666	0.0847596788595543	0.129838927258832	0.128296304319357	0.120931728841797	0.137818621797284	0.112897647093472	0.0979221159595278	0.112543982259075	0.0867049578832229	0.111843370909383	0.118712516261708	0.116791528133768	0.100139787226579	0.110311702254502	0.0766648990962425	0.0745821367027831	0.124518632012506	0.120365953200556	0.104358897573337	0.141689351303509	0.117942915012555	0.106522834421715	0.113260285381454	0.0918673043349205	0.100543078676196
700098605	0.110991224183526	0.115920144610232	0.13895529581709	0.102994662950709	0.119053406872375	0.139754050301671	0.105333898092487	0.164347638408955	0.115627566690157	0.151259866180294	0.119804761586332	0.140889815104724	0.148019900643308	0.11730930688531	0.121865429141545	0.130406457300664	0.150614122724182	0.156039449276213	0.115977222916555	0.0954375301624922	0.0978038578203606	0.124146502003626	0	0.118302213724599	0.116756624208576	0.12160570164665	0.136329456483183	0.14709028628698	0.120833625945252	0.134061791834422	0.148144587040496	0.114171424606403	0.110955197261767	0.128444892349828	0.116951179452205	0.106395478034957	0.136175578892595	0.138538478647212	0.121071206898233	0.15615197905521	0.127040442783388	0.142934309398598	0.128197402632771	0.106239264593929	0.14083492157981	0.117589629101929	0.114892708490812	0.134526937648014	0.126776682665632	0.124328422064177	0.112499149218151	0.104032861992698	0.0974662066459495	0.121411263088481	0.111957616709606	0.157848171175817	0.108944302507751	0.0950824026350758	0.105993550129608	0.0885760689951417
700111991	0.080612814725189	0.158205893329814	0.148406172645218	0.113704794412549	0.129911732514849	0.165956315512727	0.105308491338191	0.179795574920577	0.105200501717814	0.160542719073959	0.124198257630528	0.152046937383573	0.158474279475263	0.143381010646148	0.155205623407105	0.0890513487424673	0.164259297569413	0.144019390849285	0.0815703483739099	0.114644126370957	0.0996480386174732	0.111110869134491	0.118302213724599	0	0.103232348075228	0.103324834338143	0.142905863343564	0.131010964517985	0.129153828691273	0.166227596061344	0.159899480854768	0.123688011104382	0.109939138132924	0.142438876620254	0.120913699524282	0.121833058585524	0.133357212529401	0.156721552790036	0.106507375517441	0.182656826941444	0.0995604996512838	0.159088095361342	0.136212825205005	0.121631924840353	0.147440911892005	0.134404986003088	0.110842657942418	0.152200549617586	0.138691621867244	0.130086579762517	0.109649618090055	0.104905045387027	0.106000900634568	0.115057157086081	0.0966512856232375	0.166158705125094	0.118956342987259	0.0985793077860804	0.130361301253088	0.111106596833949
700108960	0.0904579114355676	0.150765125097864	0.137565379156118	0.105591309040521	0.135586361776553	0.147484703295358	0.0772199990178558	0.168176201797158	0.124991546104052	0.156066526710561	0.101007071022509	0.128617418220124	0.150889964267302	0.144996128747869	0.136730232693057	0.106921810242719	0.160267899081	0.149903490759758	0.104553478315698	0.0666626028351867	0.0685123708165294	0.0914899527814958	0.116756624208576	0.103232348075228	0	0.145543016924665	0.171231967789524	0.147173671031059	0.136198489577207	0.147166449850434	0.155163739256556	0.0871338262952924	0.10922431655016	0.129242183736196	0.146279606174759	0.0998419469849124	0.157621649341168	0.156371244657707	0.123048763355396	0.163803377877345	0.129704423429339	0.136825657420735	0.130472838388717	0.0833912452998247	0.126679584736537	0.140088173945966	0.134092026791522	0.133830922351554	0.129339058080719	0.102489274370238	0.100407438634394	0.0816858721744259	0.0785626324491941	0.116142501147824	0.117550842932494	0.154967665590037	0.0824257379861613	0.0662444639676767	0.104647027668444	0.0687588969106564
700024452	0.122327458188362	0.145349456683314	0.169314345253074	0.120037663467384	0.112715194557872	0.177927315498656	0.128238988101405	0.191139979969751	0.103462720325111	0.173253983114127	0.152367277628725	0.168034561044002	0.172478666722706	0.131877657548368	0.165832562531218	0.125026522225989	0.176814542399274	0.178514475965326	0.116352594877275	0.12903676167297	0.137822977939632	0.146349677807279	0.12160570164665	0.103324834338143	0.145543016924665	0	0.153338438655133	0.131244422421715	0.115777205561316	0.164099219502329	0.176186868337869	0.150911759269002	0.127955091829675	0.153756608639407	0.0643579723694231	0.133586948195533	0.148666608056673	0.169773107349522	0.101780547807677	0.176409476461134	0.12885545818664	0.17421785395676	0.143806747383095	0.145017982944795	0.148978330340344	0.120078766394563	0.119959619060085	0.168220817152808	0.152193295706695	0.157788948193074	0.124619870167601	0.103992526403411	0.104376473840883	0.139985107868438	0.101251300119902	0.174920338310265	0.129279159575966	0.126396506448814	0.139904105000955	0.141228284602741
700032931	0.150498990527989	0.112189232359595	0.13209764064405	0.174371748748358	0.134407530938951	0.143258285513713	0.171603967025049	0.131125008269789	0.154500250691559	0.12638782802536	0.133315521925697	0.145498358856868	0.130228226552412	0.129239695557313	0.141868211409121	0.150519074907043	0.127260040071786	0.127401764566268	0.143713210352164	0.150725890949606	0.154089736223545	0.131833400086637	0.136329456483183	0.142905863343564	0.171231967789524	0.153338438655133	0	0.132111806985333	0.132629445442535	0.131383330648138	0.129857222810637	0.149527816382941	0.128077584336421	0.117535575619172	0.148237343453196	0.142170630938293	0.117146621548309	0.131780925190559	0.148541336796712	0.145140917450474	0.135407331975412	0.130375569869049	0.130976725455186	0.144221814846652	0.140389713802937	0.126043062672903	0.128072417384929	0.127739119152465	0.122952479144718	0.132923507140346	0.129382885733737	0.170235692740989	0.167741263696394	0.120187957823549	0.167228603352107	0.131796974704548	0.157451240433853	0.168684643563688	0.138001415611828	0.15582319906361
700095837	0.132986612730827	0.132718399263648	0.144178359799058	0.154411503460092	0.129150093907728	0.164527853560153	0.151297439768591	0.14234237802053	0.133261037089989	0.136864033625848	0.120532114150153	0.144166463668873	0.11574994296559	0.145948022504472	0.139855259511884	0.1136380999855	0.143561644619204	0.155674633559064	0.137411704327499	0.133356822591798	0.149689811415875	0.136834916264542	0.14709028628698	0.131010964517985	0.147173671031059	0.131244422421715	0.132111806985333	0	0.112774853978873	0.127939988406766	0.144497932551493	0.139308870483896	0.124114348071047	0.129399855611914	0.134129905174842	0.147229070262168	0.1269186220483	0.16711327122019	0.128478348887306	0.142710267081517	0.123707070416254	0.131663550917807	0.146998414147943	0.133165334045315	0.118483180617992	0.123027128582178	0.132307982985211	0.132016732790759	0.147787648598501	0.135044469561963	0.121506654523742	0.14508549192689	0.138521424666382	0.146072624637932	0.14680153820346	0.132366086968855	0.14010827550207	0.149068907827574	0.136729472672041	0.139642972964689
700024548	0.131893993624323	0.115525283208551	0.125225711642857	0.136968364778771	0.117939611421095	0.12678629977922	0.138412099029864	0.122096266484548	0.1515685324604	0.107001931319412	0.12344620752698	0.125663930411837	0.102204083652606	0.111135137681322	0.101380900328223	0.137154008388038	0.107610863517204	0.139691893416173	0.135951239124738	0.127506253953045	0.116805296776184	0.120937217562319	0.120833625945252	0.129153828691273	0.136198489577207	0.115777205561316	0.132629445442535	0.112774853978873	0	0.11100020727388	0.118709792129936	0.137246949908934	0.106168161171265	0.106073706445617	0.113688178591187	0.109995738890123	0.127093688067259	0.118590941202444	0.140554234441825	0.105509233989413	0.127144672250025	0.104387853438224	0.13948381508346	0.140533083205233	0.0816777772420357	0.0755577046268501	0.118845691768402	0.101430527030927	0.116315389994409	0.126512120016756	0.0973085951440157	0.140601239402164	0.129749060008247	0.121454501753539	0.148802998352432	0.127745014198895	0.108417756703586	0.139947654281656	0.106035608229891	0.140253112370941
700110161	0.163616546077991	0.129447380193091	0.111030081248335	0.164010016044415	0.133637901015708	0.0984100022314198	0.157009273167237	0.115489124522762	0.166954469433928	0.101590436662394	0.116667834153395	0.127356742496618	0.108728546239056	0.0943116247259068	0.0909067218349203	0.147233400917264	0.113358358734674	0.115377823597382	0.158130867880892	0.133261515986756	0.14703026028529	0.132099936785196	0.134061791834422	0.166227596061344	0.147166449850434	0.164099219502329	0.131383330648138	0.127939988406766	0.11100020727388	0	0.102709697462226	0.132767539711688	0.133940997603484	0.0915941200461842	0.153522549081258	0.130253516930686	0.127088806964407	0.101214825325719	0.163089746891505	0.117468368494027	0.159121734213187	0.0957706277127784	0.135887778051367	0.133043573204809	0.108781412310803	0.129132832364811	0.149521147547014	0.107808115773711	0.099454640605729	0.113191332194837	0.125576884747249	0.153839229976004	0.158122681134897	0.135176317265311	0.181676744235748	0.126733133852204	0.124797592226475	0.154651250178024	0.102240605759918	0.145201675592341
700023496	0.163115877376083	0.126030013080952	0.10975507791655	0.177827921784565	0.125055115995294	0.0884946421823036	0.16276126047631	0.113081450258384	0.169837255256219	0.1035890723092	0.101771645133668	0.119911530975774	0.0931160564647259	0.110322501833959	0.115169125771128	0.133480341353697	0.108352258880995	0.0937827040959871	0.148906962446721	0.153013339883744	0.144972702504448	0.119899078997883	0.148144587040496	0.159899480854768	0.155163739256556	0.176186868337869	0.129857222810637	0.144497932551493	0.118709792129936	0.102709697462226	0	0.127924444782528	0.123858038653144	0.0896995707460267	0.164526099818827	0.120594617659751	0.118880065890195	0.112441680651891	0.160546417539175	0.125112264473214	0.143991076592337	0.0869694910997914	0.119710961043251	0.137238615969545	0.101111416552098	0.114687517473007	0.138327613623932	0.103103927345758	0.101589960449577	0.113382111615733	0.118070233768569	0.174133545481958	0.167069997528239	0.12848685520701	0.194911937657583	0.106665016907441	0.142013330970953	0.168893902889389	0.128453567638303	0.152054728275567
700034628	0.114191755589635	0.127639144184543	0.100738571913952	0.137225228694028	0.126825571573194	0.121840620776537	0.0875302103934768	0.139247440543716	0.112969917457941	0.128358864812086	0.0845895956566935	0.0935206589454538	0.117321970693697	0.141682693118953	0.107561800675951	0.097980984819301	0.131039796996886	0.130013132215344	0.111035223746396	0.102022952267407	0.0954771552409816	0.0668939609822144	0.114171424606403	0.123688011104382	0.0871338262952924	0.150911759269002	0.149527816382941	0.139308870483896	0.137246949908934	0.132767539711688	0.127924444782528	0	0.0978540304016565	0.102303594291708	0.153490272006111	0.087078400934741	0.144459091560605	0.12953316947487	0.124588730847471	0.135717611088125	0.129863110470849	0.105066487347856	0.120432292925085	0.0605995178481773	0.11301388903736	0.130972727424248	0.128641168889371	0.105802799690292	0.125268508686464	0.0736089973549934	0.0935400305237732	0.109944828974827	0.114925154894077	0.125090818579603	0.154606736408116	0.119268129017312	0.103669514645854	0.101129524641185	0.0913799182047687	0.0796591123602174
700023645	0.105776549669194	0.114883911592128	0.112990469538238	0.13005472309115	0.111819822029156	0.134064013206433	0.11592551680116	0.128675090103364	0.124154258418304	0.104872597220933	0.0822068543455276	0.106265249772238	0.110513297848989	0.129544063692809	0.127347456105514	0.104773210263346	0.116609024426161	0.127533711120163	0.105196118760554	0.104777294956734	0.0911083633735486	0.0767615080055291	0.110955197261767	0.109939138132924	0.10922431655016	0.127955091829675	0.128077584336421	0.124114348071047	0.106168161171265	0.133940997603484	0.123858038653144	0.0978540304016565	0	0.0920381055743182	0.127043194932233	0.0807123992336411	0.12193088064955	0.132585598404812	0.117039946491515	0.130750670302735	0.104029725331517	0.110113916193332	0.10624979858255	0.095131617975996	0.103930804701769	0.100964164493157	0.0998935203122758	0.0952978399973859	0.115234255884411	0.0970738895490442	0.0782739594441118	0.122040408189639	0.121439041680829	0.103906306658577	0.137040718659889	0.116668029077001	0.105274478442517	0.112728254821613	0.0941967787094369	0.111357601381842
700038744	0.145045498829037	0.122756838578887	0.0981287908266189	0.151378482989252	0.120870838978471	0.0905542960958657	0.13740712906971	0.102657774892398	0.153043959092112	0.0882241209132559	0.0891386133528439	0.0942132775163532	0.0941436037582634	0.105288202366616	0.105447210679642	0.12631413011041	0.105222815485294	0.102554297771626	0.142463276439345	0.12765855054765	0.125942366938679	0.0940113494837202	0.128444892349828	0.142438876620254	0.129242183736196	0.153756608639407	0.117535575619172	0.129399855611914	0.106073706445617	0.0915941200461842	0.0896995707460267	0.102303594291708	0.0920381055743182	0	0.150206711761702	0.0955496193340404	0.112931110313748	0.0937324440612269	0.149626529936245	0.100132298947137	0.130190496785957	0.0792732378512175	0.105691158070981	0.113913986203206	0.0905118669768728	0.110030833942425	0.128157315020833	0.0751705609835413	0.0870953495710972	0.0853441948604296	0.0963397925198697	0.152077337828037	0.150216579628126	0.117684500692235	0.176047997861683	0.101934363136586	0.1165692373484	0.14565832260054	0.0939323015445496	0.131529279908964
700038485	0.1247864180606	0.133660972416148	0.160769816206326	0.124318296076307	0.112129463826162	0.17031979999735	0.130857714480832	0.181299193253853	0.108112144464498	0.157447512141137	0.149937472326188	0.16234022103241	0.164000327665455	0.126189684600818	0.157421318859958	0.134222254984256	0.170301770707245	0.171436555885991	0.128908784512999	0.129761700910102	0.13762220674359	0.143936848809666	0.116951179452205	0.120913699524282	0.146279606174759	0.0643579723694231	0.148237343453196	0.134129905174842	0.113688178591187	0.153522549081258	0.164526099818827	0.153490272006111	0.127043194932233	0.150206711761702	0	0.129850328751658	0.140519545999264	0.164542992085902	0.110538394428981	0.165792942596605	0.135716031175663	0.166033532302152	0.145363058348898	0.139914536684027	0.146278133308568	0.109765305864542	0.106181029981055	0.166513255898073	0.147406192454216	0.15877753675317	0.120906282906227	0.111349760161944	0.108040675343192	0.133710238433808	0.1055729731574	0.168358364837833	0.138023406990958	0.124575398614655	0.139911593846401	0.135664742734424
700024743	0.119943264171897	0.119578330095442	0.103209294534216	0.127546142352609	0.125210091886821	0.122532771795424	0.0980763422030832	0.122685730320581	0.127647980947738	0.111161044182452	0.0892988747442829	0.104653197293204	0.126322695325167	0.12721711529793	0.117977749230092	0.121804369461045	0.108963600717654	0.13032807970811	0.119243168833378	0.0975725247076253	0.094167513911754	0.0847596788595543	0.106395478034957	0.121833058585524	0.0998419469849124	0.133586948195533	0.142170630938293	0.147229070262168	0.109995738890123	0.130253516930686	0.120594617659751	0.087078400934741	0.0807123992336411	0.0955496193340404	0.129850328751658	0	0.138729408482952	0.126455012995418	0.125759800413855	0.125853683053421	0.123593184066805	0.111504211418816	0.107023434755869	0.0865973180145019	0.103821427560534	0.110753163780236	0.11886356247147	0.0930469707439881	0.109809740503394	0.0980457062305072	0.0842528837754697	0.114433120496993	0.110683785970302	0.109432759937997	0.138235729301306	0.132622820817258	0.101133348277578	0.101515608738386	0.0842379598137116	0.0969536685626914
