700108602	700014971	700033565	700109389	700023058	700023927	700106341	700114221	700023543	700023439	700016978	700024192	700113058	700099448	700109870	700033928	700023693	700109627	700095416	700110425	700111580	700111302	700098605	700111991	700108960	700024452	700032931	700095837	700024548	700110161	700023496	700034628	700023645	700038744	700038485	700024743	700099596	700110760	700101587	700106399	700032322	700095653	700021312	700101230	700023590	700038905	700033136	700023382	700096424	700105469	700016908	700096053	700108479	700109569	700033814	700016125	700109756	700102665	700101777	700109455
700108602	0	0.21451817724888	0.338138467812532	0.190927870339848	0.219199421783326	0.305033747759777	0.106198958538575	0.303200963916751	0.146352351509894	0.298766944476114	0.218508366139087	0.344209251112436	0.312814232476307	0.239068919028996	0.338693585511923	0.203088829532335	0.293826347958259	0.282781868114879	0.153590301213188	0.0986382086354805	0.174001689911898	0.251724939570198	0.133520414112734	0.0917882942115527	0.177181025493501	0.194734399516177	0.237443186154944	0.318888842048491	0.303634009147874	0.316618644518968	0.273508945721111	0.271550871390547	0.222951965048385	0.267454816808065	0.177628040518431	0.149811071802048	0.242495748943142	0.3262524280156	0.0921833165589244	0.355825161725906	0.136676218581694	0.327670302123547	0.196498869041619	0.187847917857534	0.279070827923376	0.228639484602669	0.18608047138027	0.304559043040377	0.256122645172409	0.310198322127299	0.301345186025316	0.090721972829275	0.122871087071462	0.15417640075487	0.127626915037071	0.285757205636702	0.164871590233856	0.124845867848587	0.284833461114111	0.144761626883859
700014971	0.21451817724888	0	0.305085907961285	0.325454380067478	0.128440912408923	0.235808472292063	0.261238442385618	0.181392064399045	0.191859905588285	0.189075142361263	0.194468280665118	0.306877307070265	0.208202560695177	0.128773087063336	0.286237761112281	0.233921549007817	0.178038749758552	0.242849006571197	0.211817849784901	0.237123460115979	0.241568089971695	0.239790434304126	0.198812105032267	0.215302869191111	0.30162737954014	0.165361206164251	0.111640664068282	0.224091720414249	0.177814098968185	0.212608951089515	0.159145019895709	0.265536045639429	0.173563534067529	0.16664191605077	0.158578224714653	0.197920368412252	0.194443847872031	0.274182072524621	0.170180704739074	0.23557942423942	0.144131341273869	0.225713337183341	0.166530081187259	0.245604475522097	0.175462523747473	0.15973208480717	0.114962882413233	0.216525877223033	0.196709751368818	0.275475421176016	0.291878696264907	0.217375910150267	0.257832702963175	0.181679391106834	0.281148656030718	0.215262886125313	0.247021571609008	0.249579759228609	0.261548677938281	0.231162889282003
700033565	0.338138467812532	0.305085907961285	0	0.441733816988448	0.345571115141147	0.103642838472907	0.327381254893464	0.191654164412154	0.287860394431737	0.16690567124273	0.163006603594484	0.0499773930424531	0.173363704946527	0.220606612630936	0.173214443302402	0.167190011552529	0.188731291408821	0.140964559503156	0.258347566235515	0.29640517957132	0.246606747760712	0.127107404595537	0.336736394937748	0.297013081549576	0.261500937254486	0.347303386163434	0.242614152362686	0.379319212808863	0.314546787531024	0.206610554688609	0.183245170473509	0.166206573018934	0.1739393347923	0.175504665523462	0.344962302625223	0.245494322059506	0.256437328205885	0.141630219207673	0.29901260404712	0.244826016150012	0.276536987039524	0.128027169371058	0.231768483537929	0.264292957955219	0.204388450826428	0.245583558028391	0.25530239466203	0.151076928295697	0.141056277305756	0.0673416777139275	0.0942170336678929	0.328431105001797	0.38135801089501	0.234144719016728	0.407500498242182	0.146835012109751	0.232562714124712	0.287842738065077	0.094906443829198	0.284680515186448
700109389	0.190927870339848	0.325454380067478	0.441733816988448	0	0.323672084849027	0.428898725863682	0.195379100582591	0.407785286050584	0.285430197160099	0.403243531281019	0.351137084901799	0.446762236253951	0.41152638457291	0.364298575280217	0.441322857676855	0.332759668798527	0.407569771516823	0.41841193900008	0.316749922357518	0.202549609008819	0.29009638613344	0.373399537028073	0.200633459292847	0.263772448719377	0.281695982785476	0.278957377691344	0.368275775246368	0.400772649339641	0.367298621355381	0.409102708830868	0.390208284769331	0.385344546463433	0.348124647838661	0.381096702389326	0.252441623819561	0.269100449934159	0.382008899646378	0.44825163553894	0.241989281747786	0.415041962539251	0.263289657064791	0.418771408740115	0.324974101715072	0.308426549516225	0.379001131768962	0.342240963035172	0.323476771308471	0.403298251997436	0.388067772513184	0.419680225123067	0.411669124153971	0.196475831797832	0.124946825393762	0.295568202553581	0.163620482727659	0.396963975640487	0.269826472340767	0.242038165427938	0.391360613656137	0.261055548320381
700023058	0.219199421783326	0.128440912408923	0.345571115141147	0.323672084849027	0	0.276997032679408	0.25462305216603	0.24321879004168	0.200434975502281	0.253534856762899	0.230868773901563	0.342578788479351	0.269782375361755	0.187919568262663	0.321395554603754	0.246086241120122	0.236278411211771	0.26395359063967	0.214391899589638	0.253386946790171	0.25692136099126	0.277612949696587	0.226696520848399	0.21433150968958	0.310496837302755	0.166656561618493	0.172716374269488	0.263138583238519	0.228095072141636	0.253798889164949	0.224027199009295	0.302086463371068	0.222055565915093	0.226250054160306	0.179135926496988	0.239874194510159	0.17904762108923	0.258562906898531	0.172386374834911	0.304568731838564	0.155028797091472	0.277344069963597	0.179872486242158	0.271481479789274	0.230185121809119	0.199412645563733	0.161078701860375	0.27080798167476	0.24192090408058	0.32145087476168	0.323520934274714	0.223307895925603	0.264884943061771	0.207566778415236	0.28745100999089	0.265707782717658	0.275463338539115	0.252704156259368	0.301904852278934	0.236586933117456
700023927	0.305033747759777	0.235808472292063	0.103642838472907	0.428898725863682	0.276997032679408	0	0.316805861074999	0.14259126436099	0.255627453314334	0.119980307216101	0.129782543641955	0.109993390601166	0.139157544434672	0.146246431794191	0.161694734215553	0.15776416394923	0.118510215250407	0.0851121561423364	0.232795731852302	0.277460500343681	0.222430394807801	0.149412464650853	0.295096952633662	0.263227121228441	0.258064556382251	0.306249172962284	0.187249756521131	0.353786486498423	0.262516206646726	0.172020907230403	0.116943483036554	0.159159193221322	0.140764260661431	0.117245616819851	0.306293368308082	0.22597347316724	0.200145419979325	0.101240420051911	0.263036664846907	0.208658993514503	0.234780732720323	0.0984627014462579	0.1771862844399	0.246751119469688	0.15398819406617	0.179223475981362	0.194151727990402	0.121020795910256	0.0740226095398533	0.105057215556344	0.145706970213169	0.30723283424898	0.363124537316011	0.203189286072685	0.379167462007324	0.101080885866382	0.209777719857979	0.261963559858913	0.113536876348486	0.255913173583748
700106341	0.106198958538575	0.261238442385618	0.327381254893464	0.195379100582591	0.25462305216603	0.316805861074999	0	0.31344306763545	0.124743607803193	0.308284800907135	0.225793384912363	0.327928284220719	0.316151929629592	0.275183035990524	0.335446484631415	0.212145652136614	0.303815983058634	0.3180253879214	0.16819909391309	0.0862475843145175	0.154068368509363	0.231360884650875	0.132938023964683	0.130867184714892	0.132759009112686	0.254820612323964	0.287827935543746	0.359982152169198	0.330289781492994	0.327488096514421	0.285203151587411	0.221032354247913	0.239689369274815	0.288962923459223	0.230226956844381	0.114848133111074	0.280883815716283	0.336152349433967	0.126137746368605	0.372990417971414	0.164023229816151	0.329102516697399	0.201382521272204	0.151432497233064	0.283146895390166	0.267666260725863	0.21922068920832	0.303826990325493	0.267431861141191	0.298227109752634	0.301757777841074	0.0894191801559492	0.112329881697296	0.153270621041697	0.14400572488179	0.291744977882958	0.157298517398595	0.107355805636169	0.27398003258543	0.106992960759399
700114221	0.303200963916751	0.181392064399045	0.191654164412154	0.407785286050584	0.24321879004168	0.14259126436099	0.31344306763545	0	0.249414555495801	0.0647804534591541	0.206863335011579	0.204858452952969	0.084817612283167	0.117820399714885	0.155897178549832	0.232537182704181	0.0493073872442993	0.189322535709669	0.25351297768838	0.284978858247067	0.262369373411247	0.229835064376045	0.3051680606355	0.287242100688092	0.336521322475674	0.276773028750501	0.135048740800852	0.287903366679869	0.192783971136564	0.118397822240821	0.130742719507723	0.239927720699729	0.170108447723741	0.131267316881955	0.27263263955003	0.215524395909815	0.209127376107024	0.170187447508241	0.253996942221132	0.138541698365	0.19708168118586	0.108251205925366	0.209995536744436	0.265864940179625	0.108493851384531	0.142993418772182	0.152076321749228	0.0955317586270492	0.152443225140564	0.192902979479292	0.242348636591101	0.283736753226374	0.343125534153102	0.226640066995612	0.394011861890965	0.103669241562895	0.231172955163904	0.307325145837845	0.192831839299439	0.268384142184204
700023543	0.146352351509894	0.191859905588285	0.287860394431737	0.285430197160099	0.200434975502281	0.255627453314334	0.124743607803193	0.249414555495801	0	0.238237153180096	0.168046499687444	0.294942289659073	0.255049045579725	0.208527009591557	0.296610949130454	0.159666826633871	0.233396453016279	0.2503018311983	0.134165053920982	0.143872601412441	0.161403616152292	0.192315755389579	0.186256767847777	0.110976802021226	0.171063400348312	0.220414528530552	0.212458447656359	0.309567284873392	0.300556601302846	0.259098663609119	0.212398529099994	0.183238430954073	0.172150993455429	0.216090631937087	0.184634923041641	0.138372350403515	0.201301764065957	0.285102348563842	0.0935458590941024	0.321557552503754	0.119514427749551	0.271761450277566	0.142942771404036	0.118982655787351	0.234810151950354	0.218402486205645	0.154404741937939	0.248717837107215	0.221955541871764	0.256567675901169	0.261962028602534	0.113842735997813	0.176945804298762	0.122448663179429	0.216407475866862	0.2291656520762	0.188434688457878	0.119636243403563	0.241948750497352	0.0978869718942282
700023439	0.298766944476114	0.189075142361263	0.16690567124273	0.403243531281019	0.253534856762899	0.119980307216101	0.308284800907135	0.0647804534591541	0.238237153180096	0	0.187870662920588	0.187761043906089	0.0509583576299836	0.105695423558557	0.151125995864281	0.213147575884741	0.0693485118448009	0.165981192162931	0.24476793168382	0.27115847103481	0.246888764930692	0.213279282901026	0.30028625018977	0.264001806097598	0.318618608804895	0.285303027514646	0.144837925944972	0.290097925995976	0.199928520205197	0.0978017142766855	0.114553252948781	0.224956911890605	0.152568709637141	0.105001838735149	0.280890369280068	0.217391852589186	0.196214281626734	0.145829978425777	0.251514797533521	0.134443542783616	0.197794878363764	0.087426948757507	0.195011565624748	0.252678418702751	0.100896033424074	0.143997729750983	0.164440944611788	0.0754448473525722	0.129150383227358	0.172888962310077	0.21904221363568	0.275329915483122	0.343225684217853	0.2099369317267	0.387782878892112	0.085785159640462	0.216575906402534	0.284946618544429	0.165807794164589	0.254206195409957
700016978	0.218508366139087	0.194468280665118	0.163006603594484	0.351137084901799	0.230868773901563	0.129782543641955	0.225793384912363	0.206863335011579	0.168046499687444	0.187870662920588	0	0.171067591038524	0.205930633481539	0.174840007038246	0.251781398433898	0.0969719101539554	0.178855617389111	0.118361634106993	0.163990567714285	0.178740583546054	0.16009011599732	0.0808209351423459	0.244361996214207	0.168680557523225	0.160365314878484	0.267204773061911	0.188610132003754	0.299496093512192	0.272148119881125	0.215083028574152	0.118303757562833	0.124426350168015	0.0801286752995204	0.125869062184728	0.244580147128095	0.158103413510091	0.176124753777263	0.196519046861767	0.175185980391234	0.282827510248611	0.166048365731925	0.163501354492154	0.105616466758306	0.161299855531372	0.178605272386614	0.195820699714313	0.155054092855484	0.185295600241498	0.119539938385243	0.150621583586317	0.143260606409655	0.209777670943983	0.275849952229106	0.128192576617172	0.295284556312773	0.160627302041835	0.177609847511977	0.166358509242791	0.136447211395277	0.176727405090324
700024192	0.344209251112436	0.306877307070265	0.0499773930424531	0.446762236253951	0.342578788479351	0.109993390601166	0.327928284220719	0.204858452952969	0.294942289659073	0.187761043906089	0.171067591038524	0	0.18874166177718	0.236892492156388	0.179037312675051	0.174018318630899	0.191780714873411	0.152065618370566	0.256218466662597	0.298457348249671	0.237641994658942	0.133183844189102	0.339585550516608	0.308686652387128	0.266102329071179	0.352075303505201	0.25745420560511	0.382559994642844	0.313205417593917	0.234905881453461	0.184221971871593	0.159720654435948	0.176762649178402	0.180951782620177	0.355036948796139	0.245920465910329	0.264458786468135	0.160160856282044	0.307365194354246	0.248985525277418	0.27870624965627	0.136661612824262	0.235613001174026	0.264580081329221	0.189542736362982	0.236594123119974	0.250036039660028	0.153621972103197	0.155283877914001	0.0845413369264882	0.100456215233388	0.336297955738559	0.383855857751091	0.2377931312017	0.417954304848797	0.152811130403892	0.230384317451654	0.293055477338081	0.124440708976848	0.287399576934845
700113058	0.312814232476307	0.208202560695177	0.173363704946527	0.41152638457291	0.269782375361755	0.139157544434672	0.316151929629592	0.084817612283167	0.255049045579725	0.0509583576299836	0.205930633481539	0.18874166177718	0	0.126763731575138	0.149378910368318	0.230405874966653	0.0990206745416554	0.185391547400449	0.263562164448088	0.280602487948482	0.267662170108208	0.220086880215373	0.322703644899563	0.289964062954616	0.329206253210998	0.300480133969723	0.160942885859373	0.290268549985677	0.210623851937556	0.10641323222716	0.131018104052471	0.232114151793048	0.1714371893245	0.115366932041434	0.297708458934996	0.228970029779398	0.217057664226929	0.155599460604897	0.268010782791074	0.143550094825998	0.213159282023158	0.081418856814109	0.216526387925818	0.262196189821127	0.11318755632118	0.170483603228279	0.195351107874652	0.0814145246392368	0.152982200928817	0.176475415728672	0.228022663749928	0.287041591328095	0.353320235671126	0.235466474844878	0.407381527894791	0.0844777215066023	0.23222582660612	0.303987862372221	0.174830223951431	0.26392337627678
700099448	0.239068919028996	0.128773087063336	0.220606612630936	0.364298575280217	0.187919568262663	0.146246431794191	0.275183035990524	0.117820399714885	0.208527009591557	0.105695423558557	0.174840007038246	0.236892492156388	0.126763731575138	0	0.202503319507766	0.200447810708924	0.109346348855943	0.167883628957891	0.195461825325357	0.243546166617987	0.227917002125454	0.216671778194219	0.243073119423194	0.217055645978888	0.296288297578699	0.21672070489492	0.0871020533278816	0.263863622714695	0.181113561126631	0.126925832176404	0.112765016942324	0.235721326831369	0.143920177275062	0.101066401290876	0.222476322706603	0.196099155414467	0.155314287951306	0.177562668803036	0.20172598700953	0.18983392961035	0.170038960778487	0.149103144509579	0.1559083582688	0.241769863121782	0.117080264841506	0.127027827757807	0.12472289058388	0.137401832960045	0.110282314685666	0.201694851519509	0.235911602348664	0.236362941569193	0.304998551012699	0.1824837519923	0.323529224305207	0.135143688691891	0.199424511885838	0.254677179174623	0.184431568845248	0.231736674929667
700109870	0.338693585511923	0.286237761112281	0.173214443302402	0.441322857676855	0.321395554603754	0.161694734215553	0.335446484631415	0.155897178549832	0.296610949130454	0.151125995864281	0.251781398433898	0.179037312675051	0.149378910368318	0.202503319507766	0	0.272353773132607	0.164426789323686	0.233267337759573	0.276118929197289	0.315294716312456	0.259940594047684	0.248943193833688	0.322854555751492	0.319708270836565	0.348438019441771	0.341711952580397	0.239599775309576	0.375967150870985	0.261468749729935	0.186866028987306	0.234116046493392	0.252762313301514	0.242821300292327	0.227569943080311	0.346062466124146	0.257654889767136	0.268803593645227	0.1474747156431	0.299549544064532	0.178576648655081	0.274160513459689	0.177960421254745	0.271343914445447	0.294879678271571	0.179552736187876	0.192491469759722	0.229500184442858	0.137075225947284	0.183755988074149	0.184143900532001	0.246557076664119	0.33398067856285	0.378836773265207	0.25449545099407	0.407583337920129	0.15344091332769	0.249775913009748	0.342019887601907	0.193574515135528	0.307987622884786
700033928	0.203088829532335	0.233921549007817	0.167190011552529	0.332759668798527	0.246086241120122	0.15776416394923	0.212145652136614	0.232537182704181	0.159666826633871	0.213147575884741	0.0969719101539554	0.174018318630899	0.230405874966653	0.200447810708924	0.272353773132607	0	0.209666619673103	0.140788481662208	0.158707257224297	0.193494217449445	0.15347523125259	0.0960095189526827	0.249177485811412	0.164164324293761	0.171643858363505	0.254724659542908	0.219096141332759	0.324112781975165	0.2932445595217	0.238760228545663	0.153236918179066	0.136602877721774	0.0950521075070805	0.164329883218707	0.252234431266157	0.201136705118451	0.207228622174984	0.224860349207975	0.171611312759459	0.303378688502996	0.162019242910494	0.184487323109386	0.138709421758139	0.191758545079527	0.190153708464223	0.202201073428107	0.161525924118211	0.204779622714667	0.149086968826384	0.140269032054284	0.138103844968623	0.19594683006156	0.260708168381275	0.159641389187305	0.298883807038503	0.185924772896986	0.181763409804468	0.147395387652129	0.126978219019747	0.161283178612282
700023693	0.293826347958259	0.178038749758552	0.188731291408821	0.407569771516823	0.236278411211771	0.118510215250407	0.303815983058634	0.0493073872442993	0.233396453016279	0.0693485118448009	0.178855617389111	0.191780714873411	0.0990206745416554	0.109346348855943	0.164426789323686	0.209666619673103	0	0.160633107239978	0.238802105974486	0.264840030314166	0.236009144986449	0.213793640583032	0.293670235232759	0.264354988723406	0.316690491056348	0.270689604792102	0.135136800392257	0.292053337529145	0.193062308228362	0.117502550729882	0.10763435534447	0.223818056391004	0.148456334367445	0.115067356364387	0.267877747213272	0.205390245740085	0.184419656735168	0.165501713631468	0.246018790591503	0.159461122238139	0.187608630535615	0.115796482329127	0.179284404430326	0.246852871896532	0.0983785817433474	0.134424524612336	0.137142447560214	0.101841002065368	0.125700070894187	0.182200713760342	0.22516337192429	0.276304626826732	0.340859502926619	0.201042244842413	0.386436774274737	0.0980352460572172	0.209554691015592	0.286689683084059	0.19013081538676	0.251053317455259
700109627	0.282781868114879	0.242849006571197	0.140964559503156	0.41841193900008	0.26395359063967	0.0851121561423364	0.3180253879214	0.189322535709669	0.2503018311983	0.165981192162931	0.118361634106993	0.152065618370566	0.185391547400449	0.167883628957891	0.233267337759573	0.140788481662208	0.160633107239978	0	0.227882484423114	0.267503941823602	0.245840590735076	0.145450970305011	0.312676141178677	0.237107703166375	0.252494397594181	0.290001886145537	0.192691757887875	0.339315295339623	0.309639295209395	0.198993044434578	0.121536550092493	0.181630229695566	0.130447026408609	0.127755835580162	0.302177655920799	0.240637476540804	0.157110739280388	0.136750932820576	0.253617829229939	0.265937462998527	0.236230898424203	0.148450782655576	0.17028680510449	0.241475661772475	0.198043714303339	0.214302282858741	0.208802900533983	0.183477420836034	0.109743408057735	0.154680463545142	0.144149422193011	0.29458514234439	0.356619205133563	0.217344248422605	0.359537046757822	0.154250049048889	0.243345924569328	0.253445887537384	0.151749914063326	0.264889180362097
700095416	0.153590301213188	0.211817849784901	0.258347566235515	0.316749922357518	0.214391899589638	0.232795731852302	0.16819909391309	0.25351297768838	0.134165053920982	0.24476793168382	0.163990567714285	0.256218466662597	0.263562164448088	0.195461825325357	0.276118929197289	0.158707257224297	0.238802105974486	0.227882484423114	0	0.164166125394889	0.119592686823787	0.168729608888469	0.184079072372473	0.104145612547809	0.170030298176536	0.211308155355569	0.209310602259406	0.344218799512788	0.281940290579946	0.274098773420765	0.211714247209711	0.166501370638248	0.171707293099838	0.222666027937712	0.213861048016783	0.154143806337624	0.198228881581521	0.231451635945386	0.132698294995776	0.324362031317674	0.136122017787113	0.271982577469724	0.127057408007375	0.181544807247043	0.220519703890315	0.195443536745679	0.135990034220884	0.243600228673926	0.181324332316026	0.22136790191881	0.244058775917385	0.168188805746979	0.23784295523506	0.0910610145181735	0.218764886267111	0.223465377052516	0.143871919262839	0.155646236354939	0.203301129387627	0.153787961930151
700110425	0.0986382086354805	0.237123460115979	0.29640517957132	0.202549609008819	0.253386946790171	0.277460500343681	0.0862475843145175	0.284978858247067	0.143872601412441	0.27115847103481	0.178740583546054	0.298457348249671	0.280602487948482	0.243546166617987	0.315294716312456	0.193494217449445	0.264840030314166	0.267503941823602	0.164166125394889	0	0.137244256932042	0.20045950122431	0.141612603173075	0.114544599841126	0.118211698262028	0.247318500404333	0.252975127533376	0.329423122486453	0.304666378320599	0.288100113550452	0.245172432333862	0.218349488469555	0.196411595771477	0.247114861615057	0.216846917201887	0.106535624843663	0.238879462525129	0.303590245994042	0.12120310043831	0.348522616592805	0.149783806647154	0.287436793366724	0.168308168329712	0.129368408384478	0.241273916406653	0.24271273627886	0.184543851518443	0.267197341179372	0.231906450998031	0.267824637827745	0.264706300393504	0.0887223278656979	0.117758823197321	0.12352675941653	0.164321220170386	0.251935510421141	0.113774718301828	0.105788025937179	0.240987257804625	0.111765720803601
700111580	0.174001689911898	0.241568089971695	0.246606747760712	0.29009638613344	0.25692136099126	0.222430394807801	0.154068368509363	0.262369373411247	0.161403616152292	0.246888764930692	0.16009011599732	0.237641994658942	0.267662170108208	0.227917002125454	0.259940594047684	0.15347523125259	0.236009144986449	0.245840590735076	0.119592686823787	0.137244256932042	0	0.156700807347978	0.181490706617245	0.142110696202747	0.117780045859577	0.273773009575151	0.263464269769906	0.370748021107212	0.265176629588069	0.287284580224111	0.208514019847079	0.154159847310528	0.167008005054656	0.220896237636432	0.260087589494732	0.142847916388795	0.262139354510871	0.239921472045376	0.162561595043595	0.308454786545028	0.159730642902872	0.252002594411913	0.145666286072492	0.172239551913015	0.192402725680513	0.197847536961257	0.163852736483463	0.217623971788211	0.177043762825952	0.199687570204323	0.233992873156027	0.159305545656251	0.222012977047518	0.0951877416176288	0.245701100861762	0.217131570519402	0.0944711322586265	0.117960462515759	0.179816478484379	0.127014413267917
700111302	0.251724939570198	0.239790434304126	0.127107404595537	0.373399537028073	0.277612949696587	0.149412464650853	0.231360884650875	0.229835064376045	0.192315755389579	0.213279282901026	0.0808209351423459	0.133183844189102	0.220086880215373	0.216671778194219	0.248943193833688	0.0960095189526827	0.213793640583032	0.145450970305011	0.168729608888469	0.20045950122431	0.156700807347978	0	0.264053380474746	0.203898666116758	0.155014510364152	0.297217054895951	0.233317494925252	0.339543768116044	0.311461271756144	0.24312708129982	0.161912923152341	0.077248223700794	0.116567011415117	0.163327539139055	0.279397793013586	0.177804960739079	0.226359883201792	0.197137644932436	0.209649466076531	0.292938225622506	0.215006302628704	0.173507089475345	0.156304379888239	0.171837565501217	0.192776427629221	0.232981557174416	0.191710044910612	0.189769943197233	0.144096254288646	0.094452648235737	0.120622888894323	0.233927757786787	0.29688820560221	0.144197375185715	0.322590323331918	0.171540340718371	0.168954756863971	0.191359362508859	0.0958698794845773	0.195842295911473
700098605	0.133520414112734	0.198812105032267	0.336736394937748	0.200633459292847	0.226696520848399	0.295096952633662	0.132938023964683	0.3051680606355	0.186256767847777	0.30028625018977	0.244361996214207	0.339585550516608	0.322703644899563	0.243073119423194	0.322854555751492	0.249177485811412	0.293670235232759	0.312676141178677	0.184079072372473	0.141612603173075	0.181490706617245	0.264053380474746	0	0.164073100264938	0.206508040100629	0.231469077453669	0.255292785449949	0.341792823533525	0.298138462022869	0.326903911022287	0.286786874707793	0.267441310730756	0.252119013143077	0.287704087586678	0.207760111357965	0.162947614171742	0.273545562730397	0.312337364772357	0.144330444342666	0.339162123387866	0.17482706262878	0.338931756928466	0.212794835437725	0.207505999838883	0.292148570579086	0.230056799163368	0.20151100949279	0.311986934798991	0.253598192346495	0.304283765632405	0.316134598568445	0.162322850872288	0.135979643951034	0.16148747775134	0.13193214552141	0.291666938145069	0.188013445116386	0.188677822698254	0.288106811064725	0.16531307017058
700111991	0.0917882942115527	0.215302869191111	0.297013081549576	0.263772448719377	0.21433150968958	0.263227121228441	0.130867184714892	0.287242100688092	0.110976802021226	0.264001806097598	0.168680557523225	0.308686652387128	0.289964062954616	0.217055645978888	0.319708270836565	0.164164324293761	0.264354988723406	0.237107703166375	0.104145612547809	0.114544599841126	0.142110696202747	0.203898666116758	0.164073100264938	0	0.159037203799789	0.199461542577731	0.223911747671481	0.32370602163122	0.307320009709688	0.289791969499725	0.23770310713728	0.2194416735018	0.191969588113849	0.236802995992899	0.180737025855093	0.131030801823237	0.205267355463898	0.28028704559218	0.0865344368247709	0.357082493676786	0.12469083490055	0.302031467689068	0.150962800387448	0.15612316625986	0.251996933875359	0.227615622260077	0.16189425966748	0.281105130978387	0.215438355499758	0.272183962628733	0.260091030641875	0.117842947174949	0.185410170091256	0.107991269055842	0.159981955879321	0.26239330162469	0.162494632305295	0.109544792116728	0.246674200711184	0.121946287416181
700108960	0.177181025493501	0.30162737954014	0.261500937254486	0.281695982785476	0.310496837302755	0.258064556382251	0.132759009112686	0.336521322475674	0.171063400348312	0.318618608804895	0.160365314878484	0.266102329071179	0.329206253210998	0.296288297578699	0.348438019441771	0.171643858363505	0.316690491056348	0.252494397594181	0.170030298176536	0.118211698262028	0.117780045859577	0.155014510364152	0.206508040100629	0.159037203799789	0	0.319611884798924	0.312645249210488	0.400858681151943	0.354122480578911	0.338235309466909	0.25928315509476	0.137689974108737	0.201750565878974	0.264603166413671	0.291313768532656	0.146358675168485	0.298065769411537	0.297402486719886	0.183160733169866	0.395496503309193	0.213751866968374	0.28211048120069	0.186148069796062	0.147743304124046	0.285871345632193	0.298364056797017	0.24356598783007	0.299320279571065	0.231171327766435	0.222676178242191	0.242339958284479	0.158549395594792	0.187350016818074	0.145042376909591	0.20994391399448	0.284564224175951	0.142716794721432	0.101528453001346	0.198799617554337	0.127192209909903
700024452	0.194734399516177	0.165361206164251	0.347303386163434	0.278957377691344	0.166656561618493	0.306249172962284	0.254820612323964	0.276773028750501	0.220414528530552	0.285303027514646	0.267204773061911	0.352075303505201	0.300480133969723	0.21672070489492	0.341711952580397	0.254724659542908	0.270689604792102	0.290001886145537	0.211308155355569	0.247318500404333	0.273773009575151	0.297217054895951	0.231469077453669	0.199461542577731	0.319611884798924	0	0.190150187524639	0.251286573057049	0.202107319036836	0.266106227904662	0.259638047172545	0.314459780961828	0.239669715034485	0.252959634543138	0.0811847888549091	0.226841171711669	0.242411103647538	0.310787038844614	0.169431455830655	0.315661612578291	0.161524223689862	0.304105979069528	0.230299422736624	0.275178890902482	0.256362663035481	0.200882802288614	0.173703710993244	0.303585404309985	0.259917462376988	0.332457456093779	0.327183667300757	0.205012341968336	0.245510681658403	0.218833561301381	0.25051240245722	0.286678248850105	0.255245117699861	0.248891662736274	0.300101898611897	0.249602485351344
700032931	0.237443186154944	0.111640664068282	0.242614152362686	0.368275775246368	0.172716374269488	0.187249756521131	0.287827935543746	0.135048740800852	0.212458447656359	0.144837925944972	0.188610132003754	0.25745420560511	0.160942885859373	0.0871020533278816	0.239599775309576	0.219096141332759	0.135136800392257	0.192691757887875	0.209310602259406	0.252975127533376	0.263464269769906	0.233317494925252	0.255292785449949	0.223911747671481	0.312645249210488	0.190150187524639	0	0.231138045313786	0.180235622761755	0.155056431398475	0.129701966084441	0.261494061265881	0.1561067237737	0.114514735042912	0.195142078501191	0.206561704453196	0.153928812082205	0.211273910488397	0.199735534579193	0.210507834950361	0.169227132393559	0.171216166829831	0.171118472000159	0.244244108536123	0.143782645568396	0.142198940428807	0.128473739254178	0.167300090675269	0.15373235088069	0.232827313214846	0.252572728531127	0.241960565824748	0.301486211954496	0.201786004310613	0.319726055079468	0.170097287465975	0.236099526231215	0.265818852101035	0.217677126393609	0.249320694850442
700095837	0.318888842048491	0.224091720414249	0.379319212808863	0.400772649339641	0.263138583238519	0.353786486498423	0.359982152169198	0.287903366679869	0.309567284873392	0.290097925995976	0.299496093512192	0.382559994642844	0.290268549985677	0.263863622714695	0.375967150870985	0.324112781975165	0.292053337529145	0.339315295339623	0.344218799512788	0.329423122486453	0.370748021107212	0.339543768116044	0.341792823533525	0.32370602163122	0.400858681151943	0.251286573057049	0.231138045313786	0	0.186099484862285	0.237731185610775	0.280246734526986	0.371877705572266	0.281981962075283	0.259116351075588	0.254190938913379	0.311401990728101	0.302305718909102	0.384579699943179	0.287615490089921	0.329441797192627	0.263158140716253	0.297085594964217	0.304975414647789	0.331730541129793	0.274229903157	0.280905336497951	0.2610438032773	0.308824203488927	0.326837794409317	0.369992209322204	0.357808435061254	0.310754789737799	0.354360468568512	0.32823562512089	0.389485839766248	0.313822923376939	0.359772855505397	0.354189798791056	0.355582153642339	0.344723248797426
700024548	0.303634009147874	0.177814098968185	0.314546787531024	0.367298621355381	0.228095072141636	0.262516206646726	0.330289781492994	0.192783971136564	0.300556601302846	0.199928520205197	0.272148119881125	0.313205417593917	0.210623851937556	0.181113561126631	0.261468749729935	0.2932445595217	0.193062308228362	0.309639295209395	0.281940290579946	0.304666378320599	0.265176629588069	0.311461271756144	0.298138462022869	0.307320009709688	0.354122480578911	0.202107319036836	0.180235622761755	0.186099484862285	0	0.172451812662609	0.228373112273235	0.324688568521631	0.244686197015387	0.210757731577566	0.217355679432381	0.248779799386943	0.28992110603552	0.296821836588033	0.260843140004301	0.200044272720514	0.218729882903005	0.220434894816327	0.256905926693099	0.323723819889808	0.153532767834321	0.138172462350209	0.186703013162911	0.21083857631013	0.240064993418666	0.304940870296092	0.331838695209872	0.290356182939948	0.320931330775484	0.253583026537732	0.360558950323953	0.237973407093508	0.261791048224796	0.321071560929971	0.278646602592774	0.301206980825235
700110161	0.316618644518968	0.212608951089515	0.206610554688609	0.409102708830868	0.253798889164949	0.172020907230403	0.327488096514421	0.118397822240821	0.259098663609119	0.0978017142766855	0.215083028574152	0.234905881453461	0.10641323222716	0.126925832176404	0.186866028987306	0.238760228545663	0.117502550729882	0.198993044434578	0.274098773420765	0.288100113550452	0.287284580224111	0.24312708129982	0.326903911022287	0.289791969499725	0.338235309466909	0.266106227904662	0.155056431398475	0.237731185610775	0.172451812662609	0	0.139664110119005	0.260071524686304	0.18742717252738	0.123243067434371	0.267680817302434	0.245586710735206	0.212129021460623	0.175535508872642	0.2698226751171	0.18983408661567	0.21719344086024	0.11939052256749	0.217713371383997	0.273634361499774	0.140992922799289	0.188696612027177	0.195174059429614	0.132610408021662	0.16185916632281	0.215858218163966	0.251707604249629	0.293416434836906	0.360559016249908	0.240526602631606	0.401390494037543	0.14425357955577	0.249664425709817	0.304268838750808	0.20236895970738	0.280527832569658
700023496	0.273508945721111	0.159145019895709	0.183245170473509	0.390208284769331	0.224027199009295	0.116943483036554	0.285203151587411	0.130742719507723	0.212398529099994	0.114553252948781	0.118303757562833	0.184221971871593	0.131018104052471	0.112765016942324	0.234116046493392	0.153236918179066	0.10763435534447	0.121536550092493	0.211714247209711	0.245172432333862	0.208514019847079	0.161912923152341	0.286786874707793	0.23770310713728	0.25928315509476	0.259638047172545	0.129701966084441	0.280246734526986	0.228373112273235	0.139664110119005	0	0.187974012962478	0.0972911231292091	0.0626088265982893	0.264200050945756	0.214284683758052	0.161292964561869	0.1715403693542	0.226694131577865	0.222492719970037	0.171863174638065	0.11136495500937	0.124171869901182	0.224694159311451	0.115030051478029	0.161331498603026	0.143742992368899	0.12838693946585	0.105017389258592	0.179972069592572	0.181907638944847	0.257310806169433	0.327046360926239	0.178937153917024	0.3677338898658	0.124956848367529	0.209797253430651	0.227664271225085	0.179998258277666	0.225390276092699
700034628	0.271550871390547	0.265536045639429	0.166206573018934	0.385344546463433	0.302086463371068	0.159159193221322	0.221032354247913	0.239927720699729	0.183238430954073	0.224956911890605	0.124426350168015	0.159720654435948	0.232114151793048	0.235721326831369	0.252762313301514	0.136602877721774	0.223818056391004	0.181630229695566	0.166501370638248	0.218349488469555	0.154159847310528	0.077248223700794	0.267441310730756	0.2194416735018	0.137689974108737	0.314459780961828	0.261494061265881	0.371877705572266	0.324688568521631	0.260071524686304	0.187974012962478	0	0.154346566776348	0.194461887996027	0.296242291403932	0.164991561347961	0.258711915087588	0.206199253482002	0.22727769487954	0.29542845341254	0.232224719193658	0.186143174229532	0.164722412605208	0.159114807619638	0.209745871412755	0.246054959765122	0.209402996049151	0.197786150847936	0.163955500540698	0.120506774154201	0.171951589052634	0.233484414735591	0.295884123889148	0.164327306982352	0.323154139302708	0.179660623393678	0.165050758180119	0.180374850083584	0.118898049960824	0.170286692460015
700023645	0.222951965048385	0.173563534067529	0.1739393347923	0.348124647838661	0.222055565915093	0.140764260661431	0.239689369274815	0.170108447723741	0.172150993455429	0.152568709637141	0.0801286752995204	0.176762649178402	0.1714371893245	0.143920177275062	0.242821300292327	0.0950521075070805	0.148456334367445	0.130447026408609	0.171707293099838	0.196411595771477	0.167008005054656	0.116567011415117	0.252119013143077	0.191969588113849	0.201750565878974	0.239669715034485	0.1561067237737	0.281981962075283	0.244686197015387	0.18742717252738	0.0972911231292091	0.154346566776348	0	0.0968103896274286	0.23795580435075	0.171847851974429	0.158845503258988	0.196776928158594	0.180723172421655	0.251424790875669	0.147216515083033	0.141199446413665	0.108918734655017	0.185800655132472	0.135705883602332	0.149121825474648	0.123937819579085	0.148036685361881	0.119552840865121	0.152167447504064	0.154725332962557	0.209005281723548	0.281668635438697	0.152452345356792	0.320566393087503	0.125096715229982	0.176504913624764	0.176170818978191	0.132807308282331	0.18483757797189
700038744	0.267454816808065	0.16664191605077	0.175504665523462	0.381096702389326	0.226250054160306	0.117245616819851	0.288962923459223	0.131267316881955	0.216090631937087	0.105001838735149	0.125869062184728	0.180951782620177	0.115366932041434	0.101066401290876	0.227569943080311	0.164329883218707	0.115067356364387	0.127755835580162	0.222666027937712	0.247114861615057	0.220896237636432	0.163327539139055	0.287704087586678	0.236802995992899	0.264603166413671	0.252959634543138	0.114514735042912	0.259116351075588	0.210757731577566	0.123243067434371	0.0626088265982893	0.194461887996027	0.0968103896274286	0	0.246504573668783	0.199242070304253	0.159357559771252	0.16140067414703	0.221871037817851	0.202096487153007	0.183030850767649	0.0973418692376509	0.145654851498616	0.223923210496289	0.10914841425392	0.152397222493973	0.159596705232982	0.113392190508741	0.0999109647276914	0.167979062015159	0.186003227112921	0.256776350497731	0.324647729088413	0.1885128475961	0.358465337505181	0.118596758545392	0.205999945847956	0.23246823472073	0.1623667323741	0.229369731692795
700038485	0.177628040518431	0.158578224714653	0.344962302625223	0.252441623819561	0.179135926496988	0.306293368308082	0.230226956844381	0.27263263955003	0.184634923041641	0.280890369280068	0.244580147128095	0.355036948796139	0.297708458934996	0.222476322706603	0.346062466124146	0.252234431266157	0.267877747213272	0.302177655920799	0.213861048016783	0.216846917201887	0.260087589494732	0.279397793013586	0.207760111357965	0.180737025855093	0.291313768532656	0.0811847888549091	0.195142078501191	0.254190938913379	0.217355679432381	0.267680817302434	0.264200050945756	0.296242291403932	0.23795580435075	0.246504573668783	0	0.198085059324086	0.259820068830783	0.333009973711315	0.137575437430986	0.312376910649297	0.160401694822673	0.307171505068172	0.218216696315377	0.239565912185045	0.260199761870712	0.203621796506317	0.179532168466418	0.304832611469285	0.261916168800339	0.32782483111003	0.324375224991728	0.1759510510178	0.212787684519337	0.195485953571061	0.223007153282873	0.284608106827881	0.251134302633226	0.222678809172479	0.300775637242698	0.21855874830211
700024743	0.149811071802048	0.197920368412252	0.245494322059506	0.269100449934159	0.239874194510159	0.22597347316724	0.114848133111074	0.215524395909815	0.138372350403515	0.217391852589186	0.158103413510091	0.245920465910329	0.228970029779398	0.196099155414467	0.257654889767136	0.201136705118451	0.205390245740085	0.240637476540804	0.154143806337624	0.106535624843663	0.142847916388795	0.177804960739079	0.162947614171742	0.131030801823237	0.146358675168485	0.226841171711669	0.206561704453196	0.311401990728101	0.248779799386943	0.245586710735206	0.214284683758052	0.164991561347961	0.171847851974429	0.199242070304253	0.198085059324086	0	0.223561995919239	0.253984887522935	0.120321174399171	0.284800064039448	0.132006729511523	0.241137700932691	0.156952880983882	0.109934641601146	0.199275378553784	0.19016053364304	0.155282093846483	0.21690451117048	0.183937881826233	0.226350201816982	0.248097319395828	0.120713245191623	0.177066538175112	0.105529987330782	0.205224436395718	0.204230538150368	0.128487680777968	0.122989565050216	0.201060876328558	0.101681433521146
