700108602	700014971	700033565	700109389	700023058	700023927	700106341	700114221	700023543	700023439	700016978	700024192	700113058	700099448	700109870	700033928	700023693	700109627	700095416	700110425	700111580	700111302	700098605	700111991	700108960	700024452	700032931	700095837	700024548	700110161	700023496	700034628	700023645	700038744	700038485	700024743	700099596	700110760	700101587	700106399	700032322	700095653	700021312	700101230	700023590	700038905	700033136	700023382	700096424	700105469	700016908	700096053	700108479	700109569	700033814	700016125	700109756	700102665	700101777	700109455
700108602	0	0.161671359473711	0.162305027460664	0.098674033029019	0.119327414753611	0.168338238541759	0.0819158203603989	0.179232776546245	0.0932419460761929	0.163868453348779	0.125196858497619	0.154323540489533	0.158720975311121	0.14735909171936	0.160164481144293	0.10365128744255	0.175169594644118	0.153873234410882	0.0895453393486297	0.0866459590289938	0.085095534486447	0.115782972266612	0.0971949043099385	0.0762508504396843	0.0819319673467946	0.10226616769038	0.148745839704864	0.132738756099878	0.144127049730827	0.159559691162984	0.156260390448238	0.121195933815105	0.118533986281715	0.160500008587654	0.118932289556304	0.115790763012063	0.140555918353015	0.169273083057299	0.0876209349883088	0.178557008705894	0.106575927703632	0.152543981286561	0.131652840259001	0.114083110300417	0.139376088667456	0.121544384766195	0.115378980309298	0.146746991093585	0.147178054072363	0.13428122464811	0.119606278367139	0.087020862587524	0.0910165114339689	0.112694680359955	0.0967008724798047	0.161350905483553	0.0986326378861093	0.0729249911477557	0.129486888500174	0.0962595052661066
700014971	0.161671359473711	0	0.163134124116644	0.171087003882685	0.146264108722881	0.16345875427691	0.178059459182642	0.154805441772816	0.156754468627047	0.13760621519653	0.137622516587421	0.171439269365636	0.151642882800137	0.137725789276471	0.161387204981016	0.162468500932069	0.139276685583391	0.167069249204616	0.164610426564294	0.158752150605191	0.151501942473886	0.145846647742374	0.132073081067108	0.148901398714786	0.170711108036341	0.150896466985801	0.126941310282346	0.137021848316314	0.137888017708942	0.139412983898639	0.145251314770667	0.160747877857981	0.131120624767369	0.130627159306296	0.147129589702627	0.146403934641998	0.158819531365282	0.170029449224235	0.149257538323666	0.154143270442264	0.145992405475823	0.151390310558145	0.143712210769418	0.157374710458034	0.139408533665699	0.116818792720633	0.113262426312348	0.150433330557158	0.13801850256099	0.163809316870581	0.152371916764985	0.164013388060774	0.156387481998372	0.134648753254529	0.167086768254383	0.124629472785124	0.14459269647217	0.161507485225989	0.139233299459982	0.167330737534438
700033565	0.162305027460664	0.163134124116644	0	0.149604859446743	0.146724810107829	0.07191946973557	0.143759062621963	0.105703757763266	0.154390856414067	0.0941271971366459	0.103030658454913	0.0639866766566558	0.0920766294066617	0.123454669893803	0.0872024161068122	0.117178481909074	0.106328968595035	0.0837968745382404	0.142216596175869	0.146614509063447	0.138080715358476	0.0893451085755693	0.137724640709598	0.143139015840287	0.140222225847231	0.163655699927805	0.138645568221619	0.153805705384043	0.119481401917239	0.0987360552188477	0.092364964092757	0.0990474621531416	0.107378539228149	0.0804079747974986	0.164903588380136	0.106827545265192	0.12710201781089	0.0783744264101153	0.159364940780034	0.113637843595636	0.146041311652714	0.0746125347239537	0.133470338360925	0.119837608448066	0.105857605701743	0.126101272267188	0.142325615682724	0.0896502520787732	0.106028957819147	0.0817558910950965	0.0822821967609787	0.169996677576388	0.156132452372186	0.117600057678343	0.181191263650364	0.114693094708556	0.131871541867229	0.152465776693941	0.0835238180795976	0.13759254596825
700109389	0.098674033029019	0.171087003882685	0.149604859446743	0	0.135537718034239	0.169705371146605	0.0888622859703212	0.184234739267471	0.134983225375481	0.167972021942447	0.141231955055628	0.138427874433967	0.159141393179583	0.154919848394685	0.146908161123914	0.132956978664178	0.178212851424682	0.178663983224024	0.131627400199216	0.0915697054939738	0.109284507125451	0.141258207885398	0.108177419550557	0.111625725748984	0.102617962913034	0.108334786070886	0.172811199355391	0.152901665570493	0.134159881103501	0.159735193853285	0.170973095867959	0.139943068923717	0.1405947315785	0.161511750721449	0.123719339154522	0.11299832070267	0.174151700628149	0.1652655253607	0.123586433991336	0.168844209378206	0.141373253463592	0.154039539707858	0.153848609580254	0.133145593746514	0.14721823598047	0.132567640247581	0.150092019921585	0.155730120279391	0.16047334773319	0.140679561898464	0.113435924120903	0.102777851608488	0.0792662834358236	0.138181952646275	0.116847811030246	0.173419412616046	0.0999252929997814	0.0908692906814727	0.122177261114578	0.109078532519428
700023058	0.119327414753611	0.146264108722881	0.146724810107829	0.135537718034239	0	0.140456939986965	0.119980377807165	0.152379055038583	0.114881055327667	0.134102976894605	0.118712307733201	0.144235563472756	0.138217543518478	0.118636473504901	0.13875442841499	0.117512967457141	0.14592055322134	0.14078626162045	0.119779102985438	0.121542782121769	0.124134304726185	0.124114825662648	0.120217757406085	0.12787132792452	0.132797093783151	0.106858416047083	0.145589185135777	0.128189418105976	0.126956816872571	0.129664680957364	0.138495376774912	0.141895458233905	0.117553471350229	0.137177942112927	0.101223307004708	0.125286175958234	0.126004825083618	0.144350909234456	0.103625733988097	0.15516289438283	0.118948799845195	0.134412407466649	0.121187808461394	0.124011258716634	0.125736059752091	0.106010234287504	0.112671338565151	0.138351490510059	0.126299370736651	0.139369917532711	0.122408058602638	0.117903268399268	0.123409951976171	0.12159579129219	0.134098817938962	0.13960984416839	0.124488219470026	0.123693659272181	0.125799602636816	0.12343462773572
700023927	0.168338238541759	0.16345875427691	0.07191946973557	0.169705371146605	0.140456939986965	0	0.162949180909091	0.101658453392736	0.167977088174148	0.0940452961091483	0.11799222029972	0.0976646580565652	0.103434404287561	0.105392809887741	0.0910438195765164	0.135340236074525	0.103605083269202	0.0727463521981707	0.156872752461192	0.154842959159546	0.149513981408288	0.11952522050135	0.139909183884938	0.155491482414911	0.152274445608865	0.168916710292304	0.138831190245366	0.163173411664036	0.12668012931357	0.0939088269244594	0.0726896073836409	0.127419293922751	0.121938508387181	0.0834159645657379	0.171178672107206	0.124747726112471	0.122492723684233	0.0662180959493357	0.16741339748884	0.1225214859388	0.156519179627473	0.087823959585103	0.11921766537174	0.135338651072831	0.115633093464568	0.134976834707451	0.147819401009743	0.107257365660163	0.0844615382022611	0.102913936191903	0.109636083945462	0.178362928074096	0.171563238966419	0.125069388380597	0.185596808557528	0.117598432952948	0.138420532067744	0.160121287241216	0.10137761299761	0.147672328896208
700106341	0.0819158203603989	0.178059459182642	0.143759062621963	0.0888622859703212	0.119980377807165	0.162949180909091	0	0.178975142919468	0.0908817593934829	0.166010702194638	0.123791654704134	0.131494961911957	0.150297945921938	0.145543442302559	0.145433757310198	0.105125982829047	0.175194777415713	0.170232163853272	0.106919329665127	0.0768660617014214	0.0844743709741283	0.111138707073389	0.100031779601812	0.101633020070669	0.0702780031084809	0.111235024240392	0.177826742938484	0.159556354759834	0.14707091075198	0.160365109427678	0.156289160309879	0.0835265253274167	0.123536768481222	0.157926977787794	0.130877115891124	0.092367337084664	0.159463677936149	0.160536444371899	0.0909122463436123	0.174785668417358	0.133046299207177	0.144056160319906	0.129994322985688	0.0983244801999404	0.133513994693544	0.132410015535348	0.132346424086756	0.133749084713762	0.15530683172235	0.116646857285563	0.11419557967102	0.0694523071474819	0.0817755967181492	0.119371686249709	0.124956571661483	0.160042215647199	0.0935093146775855	0.0689453837280763	0.115820512025811	0.0677060412961974
700114221	0.179232776546245	0.154805441772816	0.105703757763266	0.184234739267471	0.152379055038583	0.101658453392736	0.178975142919468	0	0.178699343925491	0.0886059340406641	0.130267006680758	0.115943721386754	0.0850733003494146	0.148568598851279	0.0974537702839447	0.149565867043057	0.0795298847158891	0.124125572496476	0.167475294657791	0.17006145246419	0.161158254378795	0.127915178316305	0.162131620631878	0.172984175601237	0.173468700089056	0.186212424455984	0.137497181883246	0.14569172623346	0.11999942729072	0.11828548604226	0.108991446545308	0.144498927130632	0.116258827410913	0.116941172295332	0.186047389846353	0.130414873882226	0.150642034328873	0.0976961837832066	0.17573486630607	0.0862791274601494	0.150496039396	0.0824888750529677	0.161928690396638	0.145049258140797	0.108952472071209	0.126915278448883	0.149480548434913	0.0871189407968609	0.129336796719612	0.111189701704666	0.129077992256218	0.19508939594209	0.178816162430444	0.135796963236623	0.204733976068028	0.101873679819313	0.147794022598663	0.18765762695278	0.123472607054812	0.166705684921052
700023543	0.0932419460761929	0.156754468627047	0.154390856414067	0.134983225375481	0.114881055327667	0.167977088174148	0.0908817593934829	0.178699343925491	0	0.153442600485851	0.110507621726886	0.147345274651355	0.15673817638666	0.154399707731119	0.157516773105755	0.0922517823427992	0.168931886966928	0.155325644451436	0.0903977496340726	0.113022614173965	0.103652614709278	0.111663715266592	0.105044346552918	0.0999577224744801	0.102889942483049	0.102479022905068	0.145687796131315	0.126495122376463	0.1638216287656	0.157957442199808	0.149678098832567	0.0979513222551576	0.114200675763072	0.155411253803589	0.121153848951227	0.120856741118333	0.132980650985724	0.168133201101943	0.0798482707920707	0.184161581353055	0.11871315384647	0.155987545164511	0.116405122634854	0.0943151257364927	0.148880966879256	0.123344336707677	0.104514075676812	0.143227353195037	0.158757425676014	0.129545178661929	0.12300217167037	0.0937249674838047	0.103969941933431	0.121838179488917	0.119558307805802	0.158707882963025	0.12285241375723	0.0913747322306435	0.129913820189234	0.0930827918028924
700023439	0.163868453348779	0.13760621519653	0.0941271971366459	0.167972021942447	0.134102976894605	0.0940452961091483	0.166010702194638	0.0886059340406641	0.153442600485851	0	0.112505277015849	0.107553281043211	0.0866944168190353	0.114946947041934	0.0989330668694519	0.137398976477444	0.0774625111856059	0.103944704841421	0.15228815238408	0.155864315792571	0.135548749459007	0.105266499800112	0.144700204768267	0.147389924273759	0.152243330597757	0.166355328532187	0.139594629183664	0.141514411978126	0.111052952331346	0.103091262963185	0.0945655418171628	0.13254689491656	0.096559779280497	0.0842029844430151	0.163031813237901	0.119633860127807	0.127701662641077	0.0868686216518669	0.157637423421907	0.0971059461425839	0.138064202766257	0.0807730200882013	0.134152710368659	0.135044055728683	0.104843333070919	0.106633711258534	0.129681510028099	0.0922392451378522	0.104745415554994	0.10886871738732	0.106856630088241	0.173237886600499	0.16133045390109	0.11406599710848	0.179842482213534	0.0926627193411022	0.12924621813472	0.16202295123173	0.110129555018282	0.152915745502339
700016978	0.125196858497619	0.137622516587421	0.103030658454913	0.141231955055628	0.118712307733201	0.11799222029972	0.123791654704134	0.130267006680758	0.110507621726886	0.112505277015849	0	0.101754108395661	0.110489851405221	0.127371809720108	0.12248638019108	0.101386927300946	0.123898570519165	0.116976351955977	0.122076803421153	0.109637183948348	0.102757667476355	0.070137337114286	0.114594233753783	0.109094098446753	0.101955154910894	0.135730036115945	0.125680685891812	0.116399197458704	0.127651069230325	0.11100565580806	0.100575353223924	0.0938470846140438	0.081991431452998	0.103287084331653	0.134667899793336	0.0911982005402744	0.112925814115237	0.126841626533096	0.113245043775188	0.143229334436105	0.111620637703449	0.100151023832642	0.101868722203699	0.0937779029720332	0.110564508124138	0.11476078666969	0.116858776668875	0.096721204749041	0.109952923111647	0.0967192679341638	0.0958290698553247	0.136429163471226	0.119874632054671	0.0802823304067765	0.14130363785337	0.113579616974464	0.101596368481018	0.118786264278791	0.0871561392953617	0.117374704375128
700024192	0.154323540489533	0.171439269365636	0.0639866766566558	0.138427874433967	0.144235563472756	0.0976646580565652	0.131494961911957	0.115943721386754	0.147345274651355	0.107553281043211	0.101754108395661	0	0.0857225734759023	0.141356958990284	0.089421947893651	0.114287803722451	0.124529657539407	0.112411273092773	0.138652481771078	0.136638531474458	0.130765158724107	0.0904310552956094	0.130265655149519	0.151050462261977	0.13112192711903	0.16047076756007	0.147165222272726	0.147240279487397	0.119444425408782	0.122711560014045	0.102525308949855	0.090599744934209	0.100723291139318	0.0964388444183696	0.166555743319249	0.101345070698101	0.143491946558535	0.0964705102738138	0.153899367463555	0.110345947387629	0.138674962586956	0.0688096538309639	0.141170401992141	0.111341304152524	0.0964758607806813	0.123564637008998	0.148563153236519	0.0818497719804717	0.127560909207328	0.073957866667708	0.0746379640460341	0.162419375125215	0.148845876412475	0.126394904363279	0.184224119246409	0.110465686841849	0.12247744784837	0.145898287834002	0.0848533533613697	0.130429206106137
700113058	0.158720975311121	0.151642882800137	0.0920766294066617	0.159141393179583	0.138217543518478	0.103434404287561	0.150297945921938	0.0850733003494146	0.15673817638666	0.0866944168190353	0.110489851405221	0.0857225734759023	0	0.129522485315786	0.0796738916737004	0.122250560900077	0.10673196385323	0.117144080080415	0.144885508751273	0.14545703493681	0.136428146014449	0.0998884087110021	0.141284981407302	0.153515931191791	0.140601978347067	0.162776305525611	0.134131555549308	0.121936527844966	0.0958575469677816	0.0992023775881417	0.103581762291848	0.109571505600985	0.0992321826711178	0.0878526284100107	0.166480432669727	0.11547896439058	0.140432537407454	0.0981995145939059	0.154964884398774	0.0801383886082019	0.136522253843378	0.0578138836047852	0.160195814070781	0.120938629057736	0.080245950214994	0.111085251367839	0.147349933040562	0.0678464295166187	0.119337105864619	0.0900203133145476	0.106296551765893	0.165553631302276	0.151607958096792	0.131200624615513	0.188268787935329	0.0804008308051449	0.121080838792925	0.160065227230886	0.095332702627186	0.133567237691859
700099448	0.14735909171936	0.137725789276471	0.123454669893803	0.154919848394685	0.118636473504901	0.105392809887741	0.145543442302559	0.148568598851279	0.154399707731119	0.114946947041934	0.127371809720108	0.141356958990284	0.129522485315786	0	0.124572426712294	0.139157037611978	0.119607784483683	0.117825182629186	0.141892879070005	0.143003230368082	0.131850309619214	0.130801727274529	0.11469589595974	0.139368759666685	0.14531922277187	0.127921848345234	0.136800200204101	0.153364703086303	0.119133557299995	0.102899759952894	0.109681351791895	0.14571312481825	0.123114754307597	0.106880425017534	0.125357894219532	0.134355410998722	0.131637038443747	0.118691042317865	0.141781524778593	0.146651391970731	0.144754473850835	0.123743222566555	0.123750756323172	0.146919593989163	0.121302118826278	0.115182244582007	0.12387274078954	0.126067859609147	0.0911830958063903	0.132265587086108	0.124550007449447	0.139771010170506	0.150889072266483	0.124618343863512	0.146679409012435	0.134150525024248	0.120074252207831	0.144514771842216	0.107164391948203	0.14319655274582
700109870	0.160164481144293	0.161387204981016	0.0872024161068122	0.146908161123914	0.13875442841499	0.0910438195765164	0.145433757310198	0.0974537702839447	0.157516773105755	0.0989330668694519	0.12248638019108	0.089421947893651	0.0796738916737004	0.124572426712294	0	0.130136184097049	0.114162328079761	0.12240586753604	0.152378334234117	0.137415676804072	0.132084678224193	0.116872303492131	0.121636923613128	0.161344770604068	0.142597190624114	0.157590273954366	0.136498316504092	0.142786788516865	0.102177321151552	0.0927077046348302	0.113406932118348	0.114481084164774	0.12103270480102	0.108950764137902	0.16870991567232	0.12351405128243	0.149351389374071	0.0801719345590609	0.158618620159079	0.0980123319972388	0.150489634997197	0.0734453383797778	0.156468508590695	0.122070576086806	0.0915476343062207	0.119847931979602	0.142476706657017	0.0827212685392009	0.119052228345176	0.0869718897936905	0.105407119866313	0.160558618730175	0.151137319036341	0.129520138085552	0.184398728846668	0.0950244045378882	0.116641957713876	0.151405944795241	0.0899586179023978	0.132141305940079
700033928	0.10365128744255	0.162468500932069	0.117178481909074	0.132956978664178	0.117512967457141	0.135340236074525	0.105125982829047	0.149565867043057	0.0922517823427992	0.137398976477444	0.101386927300946	0.114287803722451	0.122250560900077	0.139157037611978	0.130136184097049	0	0.150868174022804	0.123572646880502	0.0935907121763518	0.114918589058545	0.0999460111582625	0.0931613258153911	0.117642823088565	0.0964865163619303	0.102303885910983	0.120586792664708	0.133907419164427	0.11178813347331	0.139860655671762	0.135372877498103	0.121259782917838	0.0985292230284212	0.0953641462641881	0.13314621650749	0.130104642311813	0.123103217836024	0.117813452349512	0.136352255946472	0.0999526433461583	0.155989821855643	0.102429845142294	0.111950780503742	0.136876638808287	0.104419406510395	0.114121049915549	0.117454332832655	0.113136964522926	0.1202766870253	0.134838487038349	0.106842471655758	0.0899184028851659	0.108590651605024	0.115051009036829	0.112511817920631	0.136371821927728	0.1290721300065	0.114252194374041	0.101462958892633	0.102932331004855	0.100083379459248
700023693	0.175169594644118	0.139276685583391	0.106328968595035	0.178212851424682	0.14592055322134	0.103605083269202	0.175194777415713	0.0795298847158891	0.168931886966928	0.0774625111856059	0.123898570519165	0.124529657539407	0.10673196385323	0.119607784483683	0.114162328079761	0.150868174022804	0	0.113299108417519	0.166253109298906	0.165617884050787	0.154611490663311	0.120472590002174	0.153781169716659	0.157372946487171	0.170172551097974	0.17548341034456	0.138881899790815	0.147098002882622	0.114731729290569	0.114131369566795	0.092747200881324	0.146574714490098	0.115721677219229	0.103324659660665	0.170403107451047	0.129885104255176	0.13415708190899	0.106574411262722	0.1655535043655	0.108875568273222	0.140033194612424	0.0975156859122649	0.133513639524833	0.149874266681739	0.11127963523621	0.122984396090413	0.13332927741465	0.102729708294446	0.109900458662863	0.122529406491542	0.126552368341509	0.189508051785762	0.172820517760003	0.115897367062084	0.193464702456516	0.113872447773657	0.141876762953709	0.180559464489967	0.125690320543515	0.165601255519341
700109627	0.153873234410882	0.167069249204616	0.0837968745382404	0.178663983224024	0.14078626162045	0.0727463521981707	0.170232163853272	0.124125572496476	0.155325644451436	0.103944704841421	0.116976351955977	0.112411273092773	0.117144080080415	0.117825182629186	0.12240586753604	0.123572646880502	0.113299108417519	0	0.144257230026437	0.15980350035965	0.148529607894169	0.105280055056941	0.152858471356161	0.138582137496538	0.153212643842555	0.166514151337041	0.13414147609618	0.148281584111839	0.143459468086513	0.115761522813643	0.0813673102489826	0.134021983744257	0.115285384891101	0.0969591670767711	0.159213084214409	0.136514848375214	0.109043539750911	0.0908206353844881	0.160453655082615	0.132840966257895	0.148941865542036	0.104341565854742	0.120172518956664	0.131396531796721	0.124129313548377	0.138258563635407	0.141056602039939	0.123994634889884	0.0898260743015802	0.117175166021625	0.10676616456567	0.182057126471727	0.170375480328032	0.116662209339532	0.175861451374843	0.132894822580861	0.146758255343809	0.164724540246335	0.11589022453014	0.161348014846131
700095416	0.0895453393486297	0.164610426564294	0.142216596175869	0.131627400199216	0.119779102985438	0.156872752461192	0.106919329665127	0.167475294657791	0.0903977496340726	0.15228815238408	0.122076803421153	0.138652481771078	0.144885508751273	0.141892879070005	0.152378334234117	0.0935907121763518	0.166253109298906	0.144257230026437	0	0.125789975918222	0.0986426653796702	0.114240682780906	0.11658593293819	0.0919070065851895	0.103215922206451	0.111673929019097	0.1473351923906	0.134214941345489	0.14158330420026	0.159571869326347	0.139541851227135	0.117459277140804	0.113811087440684	0.155066507628369	0.119537750118892	0.121888288490248	0.120195446812482	0.156419512015178	0.0963268879324825	0.172040753466645	0.0914935910718546	0.144393791436639	0.119031316126519	0.117781676859833	0.130589096812931	0.120211456602307	0.109967192256577	0.144355675117524	0.145388109959106	0.133001062397129	0.108340012776795	0.114064592727754	0.121341714106486	0.111105678852296	0.121692866176037	0.149309005414745	0.118966708747182	0.0972969374941298	0.126841347691225	0.115342932120552
700110425	0.0866459590289938	0.158752150605191	0.146614509063447	0.0915697054939738	0.121542782121769	0.154842959159546	0.0768660617014214	0.17006145246419	0.113022614173965	0.155864315792571	0.109637183948348	0.136638531474458	0.14545703493681	0.143003230368082	0.137415676804072	0.114918589058545	0.165617884050787	0.15980350035965	0.125789975918222	0	0.0852696741036314	0.110400852534283	0.0854965147155722	0.105005341383729	0.0646773020734216	0.1196196432419	0.157632044337556	0.138396892937634	0.134402161973095	0.134273074029589	0.153621637993362	0.111818726814456	0.114502678001352	0.150318352174035	0.125431319637159	0.0926406081965551	0.155214710805387	0.160165203674306	0.113571477616729	0.167221016608277	0.135378233005801	0.133661636778679	0.131038829292445	0.0858656185126542	0.127136570791731	0.122018456193285	0.129975820508745	0.129806163449705	0.140294711015814	0.118657373500709	0.114196053167361	0.0802295152492731	0.0560544599424319	0.119612777714621	0.124705768611601	0.152941059369873	0.0676244183352817	0.0744251230723959	0.100311235293098	0.0820467740895764
700111580	0.085095534486447	0.151501942473886	0.138080715358476	0.109284507125451	0.124134304726185	0.149513981408288	0.0844743709741283	0.161158254378795	0.103652614709278	0.135548749459007	0.102757667476355	0.130765158724107	0.136428146014449	0.131850309619214	0.132084678224193	0.0999460111582625	0.154611490663311	0.148529607894169	0.0986426653796702	0.0852696741036314	0	0.09437845029553	0.092181459198571	0.0914775423646357	0.0638274303995384	0.123477495523365	0.155047900231575	0.145838385486316	0.125112777226988	0.143964609466244	0.133308940928104	0.0945806462585465	0.100945011623063	0.146214324455923	0.137229604962791	0.0944958874258952	0.151399461501296	0.145311899893918	0.109458975172539	0.156785754807993	0.123577188722039	0.123726764857355	0.124937001388094	0.1000688856613	0.114535886424117	0.106149221864616	0.11228863126301	0.115837682173546	0.129343620851764	0.10652932653832	0.109767254577312	0.0943161614679473	0.0965378786301482	0.090748241808673	0.12744750119033	0.139345814105451	0.0702151925309856	0.0763813057037962	0.0982042234315197	0.0838149366066489
700111302	0.115782972266612	0.145846647742374	0.0893451085755693	0.141258207885398	0.124114825662648	0.11952522050135	0.111138707073389	0.127915178316305	0.111663715266592	0.105266499800112	0.070137337114286	0.0904310552956094	0.0998884087110021	0.130801727274529	0.116872303492131	0.0931613258153911	0.120472590002174	0.105280055056941	0.114240682780906	0.110400852534283	0.09437845029553	0	0.121426098418727	0.104820446363704	0.0986394151187912	0.139764067510488	0.137948095907794	0.12715931523078	0.122800804354104	0.121305154538646	0.104670320211731	0.073708816021583	0.0647440049542877	0.105676418874408	0.139830372558705	0.0832556918167936	0.121571806151921	0.127316716545819	0.121115625073792	0.127228108510471	0.133224522769851	0.0943421122646627	0.117499174128057	0.0912668846609835	0.0975242729931124	0.112403870708376	0.114660857557498	0.0802565973425727	0.115537289089662	0.0771080393124818	0.0821872484199719	0.132727377798895	0.123638863460462	0.0907473508795909	0.151327352789577	0.110644058450675	0.0948038056466923	0.116667935225565	0.0766017154553875	0.11174674683082
700098605	0.0971949043099385	0.132073081067108	0.137724640709598	0.108177419550557	0.120217757406085	0.139909183884938	0.100031779601812	0.162131620631878	0.105044346552918	0.144700204768267	0.114594233753783	0.130265655149519	0.141284981407302	0.11469589595974	0.121636923613128	0.117642823088565	0.153781169716659	0.152858471356161	0.11658593293819	0.0854965147155722	0.092181459198571	0.121426098418727	0	0.107104616645878	0.103953578307339	0.111207491025604	0.135884131423095	0.127430875344337	0.130498444605345	0.129296522889705	0.139377448511161	0.109511751244108	0.119242337441499	0.141837658857868	0.117335485803256	0.104796260744826	0.138441889377172	0.137743810341017	0.108828005157852	0.156110629773314	0.12309962395977	0.13331916124354	0.130935294977966	0.0961275796787954	0.131612346322864	0.10896022979971	0.108352441379803	0.128050548126582	0.132444990981117	0.113827249646799	0.110749876503279	0.0948161477780205	0.0953211127123553	0.116906802991806	0.115726998701966	0.145785401572855	0.0918179653205623	0.0842942140424534	0.103854320795564	0.0799771698216258
700111991	0.0762508504396843	0.148901398714786	0.143139015840287	0.111625725748984	0.12787132792452	0.155491482414911	0.101633020070669	0.172984175601237	0.0999577224744801	0.147389924273759	0.109094098446753	0.151050462261977	0.153515931191791	0.139368759666685	0.161344770604068	0.0964865163619303	0.157372946487171	0.138582137496538	0.0919070065851895	0.105005341383729	0.0914775423646357	0.104820446363704	0.107104616645878	0	0.0980969533588014	0.101230242168517	0.140245355050811	0.129952782612055	0.140839765118402	0.158095691533768	0.144535706812778	0.12694969183263	0.114719522409677	0.149001086990282	0.108039358941852	0.108942326410548	0.134653684915926	0.156492948093114	0.0968710095866344	0.177587673010182	0.108599114520473	0.146378203985515	0.126410130822359	0.116228695569333	0.143974660056146	0.116812737083728	0.108027399608799	0.143044703998113	0.139592643434149	0.137238839636634	0.110437096380182	0.104251284859387	0.102308913887536	0.0917151218724248	0.0926998066248535	0.164064156607483	0.106558210587252	0.0841345702241003	0.124990498559018	0.10780668164291
700108960	0.0819319673467946	0.170711108036341	0.140222225847231	0.102617962913034	0.132797093783151	0.152274445608865	0.0702780031084809	0.173468700089056	0.102889942483049	0.152243330597757	0.101955154910894	0.13112192711903	0.140601978347067	0.14531922277187	0.142597190624114	0.102303885910983	0.170172551097974	0.153212643842555	0.103215922206451	0.0646773020734216	0.0638274303995384	0.0986394151187912	0.103953578307339	0.0980969533588014	0	0.129743994359639	0.172024042621353	0.149813743578814	0.138092546893779	0.145135046351292	0.143622306600037	0.0933392943545731	0.110630212520835	0.150925373381847	0.141686844162443	0.0941369868843533	0.148535306777773	0.153737905209884	0.108163908389509	0.168484836285349	0.138715656298581	0.130351094832654	0.12785581747304	0.0868443865638255	0.125388083847385	0.131838556986216	0.132036707207103	0.126033781927324	0.14053488509702	0.107561543587626	0.104538239758489	0.0884511926071168	0.0714644454894764	0.108800983585984	0.120371519186244	0.152012032521828	0.0795697521113957	0.0670702722244618	0.100418332553076	0.0734062176501126
700024452	0.10226616769038	0.150896466985801	0.163655699927805	0.108334786070886	0.106858416047083	0.168916710292304	0.111235024240392	0.186212424455984	0.102479022905068	0.166355328532187	0.135730036115945	0.16047076756007	0.162776305525611	0.127921848345234	0.157590273954366	0.120586792664708	0.17548341034456	0.166514151337041	0.111673929019097	0.1196196432419	0.123477495523365	0.139764067510488	0.111207491025604	0.101230242168517	0.129743994359639	0	0.141277824053009	0.126319744959478	0.121984517587486	0.160734105650548	0.169045129312594	0.14624311327819	0.140162975378654	0.159528464671334	0.076014123889296	0.128610056421266	0.15430976106593	0.164835983526727	0.08687255505376	0.175437727630136	0.120215630314373	0.159186536391998	0.143032464550684	0.13231540413991	0.147866445350939	0.114876520349044	0.11200038933369	0.156157634167572	0.159805789179647	0.147985438400093	0.127029973337058	0.0915995539021596	0.0981251863185015	0.131713142208185	0.0940502153118577	0.173903653932207	0.120400376849138	0.106385725183767	0.13284720420747	0.126693531761873
700032931	0.148745839704864	0.126941310282346	0.138645568221619	0.172811199355391	0.145589185135777	0.138831190245366	0.177826742938484	0.137497181883246	0.145687796131315	0.139594629183664	0.125680685891812	0.147165222272726	0.134131555549308	0.136800200204101	0.136498316504092	0.133907419164427	0.138881899790815	0.13414147609618	0.1473351923906	0.157632044337556	0.155047900231575	0.137948095907794	0.135884131423095	0.140245355050811	0.172024042621353	0.141277824053009	0	0.121397684631367	0.140655399998915	0.130758375180004	0.136964446180328	0.15024299488675	0.130746211684617	0.135138263320896	0.148100518300434	0.149989657319004	0.126409016468822	0.136846512747775	0.138625078701587	0.143195471237145	0.132833078650663	0.13055723478235	0.14486384987703	0.147306656519369	0.134416886849279	0.128506642424212	0.129729645381614	0.133132272861125	0.138313306785941	0.138707632246389	0.137539252000725	0.169060338590665	0.158548330531107	0.125241490932069	0.150837292286993	0.143759150428354	0.151926483367912	0.165830200231385	0.134975333798259	0.162763338808851
700095837	0.132738756099878	0.137021848316314	0.153805705384043	0.152901665570493	0.128189418105976	0.163173411664036	0.159556354759834	0.14569172623346	0.126495122376463	0.141514411978126	0.116399197458704	0.147240279487397	0.121936527844966	0.153364703086303	0.142786788516865	0.11178813347331	0.147098002882622	0.148281584111839	0.134214941345489	0.138396892937634	0.145838385486316	0.12715931523078	0.127430875344337	0.129952782612055	0.149813743578814	0.126319744959478	0.121397684631367	0	0.108513531119945	0.134120090760211	0.157097060357542	0.153620326937975	0.111411507923135	0.135956825216123	0.129309065896075	0.141713841433836	0.135344204225169	0.162135972679776	0.11715956258517	0.148284960237437	0.118233632476809	0.131990015300575	0.14977825445533	0.129094393428299	0.123224995104624	0.11635663217735	0.121629455522428	0.129333525251692	0.146869535102694	0.139848487505438	0.123719474770098	0.147233042587065	0.135385553953485	0.137815083389502	0.140064866926818	0.132173154537029	0.138462019954826	0.144254481633122	0.133709999610769	0.14705167576354
700024548	0.144127049730827	0.137888017708942	0.119481401917239	0.134159881103501	0.126956816872571	0.12668012931357	0.14707091075198	0.11999942729072	0.1638216287656	0.111052952331346	0.127651069230325	0.119444425408782	0.0958575469677816	0.119133557299995	0.102177321151552	0.139860655671762	0.114731729290569	0.143459468086513	0.14158330420026	0.134402161973095	0.125112777226988	0.122800804354104	0.130498444605345	0.140839765118402	0.138092546893779	0.121984517587486	0.140655399998915	0.108513531119945	0	0.11477710530011	0.130648137454422	0.142528202492405	0.108438102656119	0.111520447492691	0.132120334136064	0.112959943115748	0.155006039974284	0.118513203933971	0.137301786365183	0.106020548688319	0.130481021310896	0.0915428453876453	0.145947421888431	0.142260623307251	0.0772831944599441	0.092425424247936	0.135671192516919	0.109574136737232	0.125995804731394	0.123094739513057	0.110582733671272	0.149686788617688	0.129878395762066	0.12205252818566	0.154389981972539	0.120848820267109	0.110413424108665	0.144656273515076	0.106193252682568	0.147249763454678
700110161	0.159559691162984	0.139412983898639	0.0987360552188477	0.159735193853285	0.129664680957364	0.0939088269244594	0.160365109427678	0.11828548604226	0.157957442199808	0.103091262963185	0.11100565580806	0.122711560014045	0.0992023775881417	0.102899759952894	0.0927077046348302	0.135372877498103	0.114131369566795	0.115761522813643	0.159571869326347	0.134273074029589	0.143964609466244	0.121305154538646	0.129296522889705	0.158095691533768	0.145135046351292	0.160734105650548	0.130758375180004	0.134120090760211	0.11477710530011	0	0.106086313330537	0.129030003195124	0.121799712514603	0.0838212822432435	0.162637225438256	0.1345749214405	0.126919918965856	0.10515055758086	0.15841987091097	0.121872827391994	0.151910859295454	0.0973970056018412	0.128903210088866	0.134024558359494	0.10800654939631	0.126209082741068	0.139971495253397	0.104288363253994	0.0898058823593433	0.112618677020723	0.124496712064803	0.163262709409781	0.151680967987628	0.128211691488968	0.17846805257872	0.106407119259135	0.116237650371191	0.155661004620998	0.0991298155339798	0.145850235730224
700023496	0.156260390448238	0.145251314770667	0.092364964092757	0.170973095867959	0.138495376774912	0.0726896073836409	0.156289160309879	0.108991446545308	0.149678098832567	0.0945655418171628	0.100575353223924	0.102525308949855	0.103581762291848	0.109681351791895	0.113406932118348	0.121259782917838	0.092747200881324	0.0813673102489826	0.139541851227135	0.153621637993362	0.133308940928104	0.104670320211731	0.139377448511161	0.144535706812778	0.143622306600037	0.169045129312594	0.136964446180328	0.157097060357542	0.130648137454422	0.106086313330537	0	0.121612346705583	0.105500813765005	0.0928729365150982	0.165392914376649	0.121826334395077	0.115042221745561	0.0941585681510532	0.153418280865476	0.116852287192265	0.131355586114628	0.0911726829041378	0.120359805310836	0.133526888128545	0.103090493706463	0.121555883707391	0.133689698504091	0.099214389249066	0.0851900934896114	0.101550974956427	0.10970880011706	0.17400422591665	0.166980245158109	0.100702623528441	0.1842124487191	0.106760699482701	0.130314464653299	0.159259323343187	0.109759614981011	0.146991221218773
700034628	0.121195933815105	0.160747877857981	0.0990474621531416	0.139943068923717	0.141895458233905	0.127419293922751	0.0835265253274167	0.144498927130632	0.0979513222551576	0.13254689491656	0.0938470846140438	0.090599744934209	0.109571505600985	0.14571312481825	0.114481084164774	0.0985292230284212	0.146574714490098	0.134021983744257	0.117459277140804	0.111818726814456	0.0945806462585465	0.073708816021583	0.109511751244108	0.12694969183263	0.0933392943545731	0.14624311327819	0.15024299488675	0.153620326937975	0.142528202492405	0.129030003195124	0.121612346705583	0	0.103082152667285	0.119228317056841	0.158282814648703	0.0812510745790435	0.137660012420847	0.124292076842482	0.12760921698198	0.144501683652782	0.14536087093603	0.101496998228575	0.122231213138671	0.0757770611797418	0.111942090011663	0.129206342797297	0.127023711028852	0.0964503873794819	0.134905241847282	0.068752945533615	0.100412993838651	0.122328283601752	0.123529330420456	0.113146571233925	0.166689561557562	0.119255448660343	0.107199450942964	0.101566438078269	0.0830903766249839	0.0773648656616535
700023645	0.118533986281715	0.131120624767369	0.107378539228149	0.1405947315785	0.117553471350229	0.121938508387181	0.123536768481222	0.116258827410913	0.114200675763072	0.096559779280497	0.081991431452998	0.100723291139318	0.0992321826711178	0.123114754307597	0.12103270480102	0.0953641462641881	0.115721677219229	0.115285384891101	0.113811087440684	0.114502678001352	0.100945011623063	0.0647440049542877	0.119242337441499	0.114719522409677	0.110630212520835	0.140162975378654	0.130746211684617	0.111411507923135	0.108438102656119	0.121799712514603	0.105500813765005	0.103082152667285	0	0.104075478814932	0.136819263626147	0.0934611790694168	0.119353542748361	0.131319956481241	0.118367736895826	0.126026979929558	0.114412865886715	0.0874935720501225	0.115594978203853	0.102606718267559	0.0932238079105533	0.097902247597777	0.107900490170818	0.0847700806128532	0.11478776209659	0.090202556851822	0.0871636690735925	0.13476077017982	0.129267397826434	0.096230972276154	0.155062914002592	0.098530375105365	0.105173710651134	0.121872723766972	0.0897554780175735	0.118956200686378
700038744	0.160500008587654	0.130627159306296	0.0804079747974986	0.161511750721449	0.137177942112927	0.0834159645657379	0.157926977787794	0.116941172295332	0.155411253803589	0.0842029844430151	0.103287084331653	0.0964388444183696	0.0878526284100107	0.106880425017534	0.108950764137902	0.13314621650749	0.103324659660665	0.0969591670767711	0.155066507628369	0.150318352174035	0.146214324455923	0.105676418874408	0.141837658857868	0.149001086990282	0.150925373381847	0.159528464671334	0.135138263320896	0.135956825216123	0.111520447492691	0.0838212822432435	0.0928729365150982	0.119228317056841	0.104075478814932	0	0.157866715929964	0.119278187833586	0.123637016370585	0.0948625650232216	0.156871452518086	0.111668040029869	0.148118288440474	0.0805637814335719	0.119304223265503	0.130321406477626	0.10219338625578	0.109848140272947	0.140255386210574	0.0889322793161654	0.0900793925249716	0.107931340946328	0.104612219914003	0.173253298714492	0.159045862496665	0.123424522711378	0.184003632055083	0.0954111661770719	0.133099190245966	0.161202409736946	0.105165095412879	0.149806592315455
700038485	0.118932289556304	0.147129589702627	0.164903588380136	0.123719339154522	0.101223307004708	0.171178672107206	0.130877115891124	0.186047389846353	0.121153848951227	0.163031813237901	0.134667899793336	0.166555743319249	0.166480432669727	0.125357894219532	0.16870991567232	0.130104642311813	0.170403107451047	0.159213084214409	0.119537750118892	0.125431319637159	0.137229604962791	0.139830372558705	0.117335485803256	0.108039358941852	0.141686844162443	0.076014123889296	0.148100518300434	0.129309065896075	0.132120334136064	0.162637225438256	0.165392914376649	0.158282814648703	0.136819263626147	0.157866715929964	0	0.130214225002725	0.14783988463176	0.168716390015885	0.100362062234597	0.172852690294569	0.12523419356635	0.164843905590081	0.143403761157263	0.130685090120471	0.152387557111013	0.111362924108119	0.122345749804229	0.164173339959871	0.155347946222829	0.159332828330932	0.130134737138092	0.106110391932618	0.115841682355218	0.133186446320379	0.102612622236552	0.173618907171093	0.137117884865782	0.121830255214841	0.137192885919072	0.141444748668143
700024743	0.115790763012063	0.146403934641998	0.106827545265192	0.11299832070267	0.125286175958234	0.124747726112471	0.092367337084664	0.130414873882226	0.120856741118333	0.119633860127807	0.0911982005402744	0.101345070698101	0.11547896439058	0.134355410998722	0.12351405128243	0.123103217836024	0.129885104255176	0.136514848375214	0.121888288490248	0.0926406081965551	0.0944958874258952	0.0832556918167936	0.104796260744826	0.108942326410548	0.0941369868843533	0.128610056421266	0.149989657319004	0.141713841433836	0.112959943115748	0.1345749214405	0.121826334395077	0.0812510745790435	0.0934611790694168	0.119278187833586	0.130214225002725	0	0.142587091958305	0.128004102986549	0.117778818008082	0.13568657031062	0.134767669670442	0.105425554433526	0.123804274596618	0.0807197673110825	0.102674680545196	0.109980162024229	0.130316789087801	0.0946596536326007	0.125160068198249	0.0916966505503922	0.0938756634065904	0.120358493064807	0.104353283937679	0.0980832989053453	0.133757190407823	0.12709735931948	0.0905686440328986	0.0971114236273832	0.0867003490024754	0.0967968015407341
