700108602	700014971	700033565	700109389	700023058	700023927	700106341	700114221	700023543	700023439	700016978	700024192	700113058	700099448	700109870	700033928	700023693	700109627	700095416	700110425	700111580	700111302	700098605	700111991	700108960	700024452	700032931	700095837	700024548	700110161	700023496	700034628	700023645	700038744	700038485	700024743	700099596	700110760	700101587	700106399	700032322	700095653	700021312	700101230	700023590	700038905	700033136	700023382	700096424	700105469	700016908	700096053	700108479	700109569	700033814	700016125	700109756	700102665	700101777	700109455
700108602	0	0.234299366868995	0.32858335441661	0.242107752522743	0.173263298177346	0.296541232511039	0.106850514346041	0.328571841674979	0.133351752947655	0.291219511697582	0.225725814340335	0.335622247064832	0.319277118105447	0.226740103916018	0.338041048711839	0.201647991119525	0.305224197179819	0.27792128583034	0.121677435748971	0.123210932726647	0.164087112000281	0.245367152375576	0.131186755635394	0.0752119281190177	0.149993314217824	0.198894819820463	0.236950955953237	0.332645332306695	0.307311491853415	0.332017861777736	0.287754358740779	0.245498877772611	0.235275861702678	0.28002581596909	0.193612611143472	0.167515128367423	0.23024805201424	0.305640654950101	0.106856391122847	0.367008208332892	0.128418966452868	0.335334985413693	0.193456592262334	0.179741600716546	0.302860733807037	0.249824442549154	0.199710036850056	0.310050173568232	0.232746570310245	0.309441235846724	0.293377584145188	0.10653755281996	0.126087221192907	0.165228861861958	0.112476259532163	0.3092708695666	0.166438374984468	0.127816535151141	0.290584324021897	0.141012684050413
700014971	0.234299366868995	0	0.283626125200894	0.357547534827495	0.13636273074634	0.204909021090022	0.229576117269946	0.15154156755851	0.185599478450631	0.160495717289837	0.165259090866636	0.282777984799331	0.182033235702377	0.132769679376602	0.236712983168173	0.214497694915234	0.133445247652639	0.246391037127451	0.201778345724307	0.21845730204178	0.230323481503426	0.221139546487073	0.195670414999467	0.204412994765709	0.282960206139385	0.196188959981597	0.117526028678996	0.210544871881889	0.177646121348518	0.179576811970159	0.16425877933131	0.241922436271603	0.130420940427248	0.160712267739438	0.180161531572623	0.172992465408524	0.193581607237928	0.250008285021211	0.173932202242718	0.236578232167961	0.166166930075564	0.208124961744575	0.169449371598771	0.216793390045935	0.162859995601607	0.16779237589416	0.109960351542223	0.183077216663765	0.169030394158611	0.265311394032794	0.284036882507494	0.221074671289884	0.239743027750151	0.149617764699684	0.293944132953851	0.156277375660147	0.225652355235851	0.242189275156563	0.233890761480516	0.220862287082075
700033565	0.32858335441661	0.283626125200894	0	0.456923529860228	0.309000914539989	0.123582507543741	0.319199930245826	0.219911556785454	0.302199541365641	0.166425070597734	0.187543490776189	0.0957913347623604	0.184634512981904	0.238051550834359	0.191183178517168	0.167799057694995	0.224945400424346	0.127251566454075	0.248567699866408	0.309772733550177	0.244080566404886	0.116226003730565	0.338265201582423	0.284882523700612	0.257975312550465	0.34821755699242	0.238582062530118	0.371448268552832	0.308859479370017	0.205889623990775	0.157126625746669	0.16502791228444	0.206844250125503	0.159035818753353	0.348776231026352	0.254825574308947	0.250000102966537	0.142587720877358	0.319224879586962	0.259732460790363	0.264846443734694	0.115552035603083	0.215192329081497	0.276298331686776	0.219786105926408	0.237962887983507	0.25552391254705	0.165554509718052	0.178595261511347	0.0531612955667487	0.118756296616616	0.350241993908998	0.361737948007803	0.207920345308766	0.397398615752533	0.174998369406467	0.226543375332215	0.32090571949618	0.0885256858214555	0.274840867254593
700109389	0.242107752522743	0.357547534827495	0.456923529860228	0	0.319545865994053	0.435320924815765	0.21684417504368	0.42420493943386	0.294244495983548	0.411668154117511	0.354660559130676	0.460890152779681	0.423832168408165	0.370948118170412	0.441464508491788	0.344998356424094	0.412039830006476	0.442312011335693	0.320309159365119	0.217316010667669	0.309721764405831	0.398050060235643	0.22538477968551	0.276179753029313	0.280395360855487	0.276147711014611	0.383319932672718	0.418644942284129	0.363950424022166	0.419221654774256	0.414176220463634	0.401388945129343	0.356472409064154	0.401555007701399	0.26966707854644	0.300864242418966	0.387884939923562	0.456037632159942	0.260807094473618	0.427206330240066	0.281328948809416	0.437286008676909	0.350910015831241	0.325519929258508	0.404375416894198	0.362643370827993	0.354707031399305	0.415638357434807	0.386631509032378	0.442698435258195	0.423570621346484	0.185149015569743	0.169889164053954	0.340743161948882	0.201804863764686	0.416906729923449	0.281137720736259	0.236353245676848	0.418818893175283	0.2907306676031
700023058	0.173263298177346	0.13636273074634	0.309000914539989	0.319545865994053	0	0.230888656104439	0.190844782649359	0.239777862050302	0.15550403791437	0.21799145734009	0.191342485104367	0.310749879625813	0.248057349084632	0.158177851972862	0.282711735086826	0.206781219083219	0.210289074402617	0.243024322284079	0.164847288297421	0.1971935200704	0.219040566859557	0.240868134063357	0.17528383050313	0.1613075583887	0.260346923823479	0.163448003032301	0.169757417532942	0.274096814386994	0.231047023598672	0.252106541945985	0.220155329658314	0.249808652096056	0.172391561223466	0.209385778080005	0.153338785776963	0.186265559544357	0.164484750475794	0.236731254771726	0.116200857147248	0.292077879262876	0.1383346136793	0.261355556957697	0.161475491545439	0.210004963745342	0.226086774015973	0.194050327618522	0.127714748489054	0.236989405232708	0.178674343320504	0.295476756954896	0.29845356566158	0.18295515872041	0.191493684104182	0.142116064573908	0.225980897387657	0.230066835314653	0.227075339402406	0.207388613782421	0.259063399159625	0.189899659110213
700023927	0.296541232511039	0.204909021090022	0.123582507543741	0.435320924815765	0.230888656104439	0	0.293833800749246	0.169858774508454	0.273305395662141	0.0994190533229192	0.136350267458693	0.138350268665067	0.150233853780833	0.150171198570103	0.175939525187071	0.159051628001083	0.155710016278272	0.092143090898894	0.220417442365567	0.275381270186172	0.225302069874478	0.151367561085334	0.274821801505035	0.245488030231748	0.267450859489044	0.301167431812676	0.165201567465294	0.327184360034833	0.249847493948243	0.179008935371341	0.0756413426085127	0.184322678832569	0.151928342136388	0.0810671681239529	0.301329979082504	0.21048547440621	0.176362235792151	0.101092381325031	0.277349294170109	0.209126860555771	0.223237393159684	0.0973770332985191	0.150097126916185	0.249116721176872	0.150378304622134	0.166636728475638	0.178242704467817	0.12977890551131	0.0840093838905496	0.125198115596395	0.183006825539481	0.322222577160916	0.333512143481697	0.166998956830591	0.363899654201748	0.112851039266463	0.211800200643949	0.293643502596374	0.103376662429882	0.246925199927789
700106341	0.106850514346041	0.229576117269946	0.319199930245826	0.21684417504368	0.190844782649359	0.293833800749246	0	0.307350083639876	0.120654478292768	0.277406656428287	0.206952906427127	0.319542800468274	0.292827044973717	0.23272187936762	0.327739343032074	0.190590065301048	0.295539269971892	0.305434466493095	0.135853705433192	0.0861082769001367	0.142648065750586	0.237029122785141	0.153695471169311	0.105661141472128	0.115338549337879	0.236804710450124	0.268534438745772	0.344116202536593	0.304111483906908	0.309684991921222	0.270547530628156	0.209841649274051	0.207578223444253	0.261411060452089	0.207460786097157	0.133360296642537	0.250750983364582	0.321374885535299	0.128072645240238	0.358532299603714	0.131231462749168	0.299183992946788	0.191429155427976	0.141879604547957	0.27032441677674	0.260596900322423	0.21087967788433	0.274786393404223	0.239918186004826	0.295736375397986	0.291150242542719	0.0754230935301029	0.10381253818724	0.167750549561812	0.163680605501875	0.273757198827974	0.148759344682265	0.0705807285499999	0.278822257207088	0.104307693245949
700114221	0.328571841674979	0.15154156755851	0.219911556785454	0.42420493943386	0.239777862050302	0.169858774508454	0.307350083639876	0	0.281208609030401	0.0979760396389903	0.20566486601342	0.23349870576334	0.0996347255650029	0.167268654254355	0.1585958938742	0.244812040186616	0.0864976324633089	0.235071199605081	0.278703769659009	0.288715230868487	0.285186818146087	0.246960665758412	0.300559960534025	0.299287298180969	0.347963124217678	0.270154831030167	0.13674632414862	0.236029584417762	0.158790864842732	0.101397007176247	0.164147168663503	0.267635411608165	0.168188868275676	0.133565351538626	0.265851951582366	0.223392782298798	0.233138831088321	0.183336794304935	0.271690960077343	0.164148925073516	0.242571535593449	0.127958458178112	0.23812671515468	0.284487575989187	0.117964885163686	0.16546476237656	0.181840390767877	0.112489984940993	0.183185317019251	0.213166950389364	0.289473307633549	0.307861654920246	0.325200497931116	0.219257124009975	0.402553597126423	0.0941278551972964	0.237335631481478	0.329059085704893	0.190066777049256	0.283926412370637
700023543	0.133351752947655	0.185599478450631	0.302199541365641	0.294244495983548	0.15550403791437	0.273305395662141	0.120654478292768	0.281208609030401	0	0.245059688610426	0.192169600489713	0.312186584480529	0.273326560683672	0.217912119219901	0.301221569292281	0.175526459007652	0.259955482586194	0.279579351371403	0.136326618825287	0.144884860400881	0.18353495398666	0.224667243161385	0.172615403592893	0.118084790730323	0.178504210433136	0.220869605749677	0.217979171329971	0.303718787969915	0.299758774091375	0.283074654288947	0.244990921592235	0.188587538533268	0.199400073626581	0.241535584791029	0.179249319281772	0.128871908215793	0.216911416330638	0.300155311577695	0.109884569678403	0.329942681434489	0.133433272591502	0.288815970139621	0.183912891858956	0.104063424060402	0.263856100480091	0.236496313798611	0.174616882512618	0.263559897379424	0.226030546598825	0.284141262792414	0.28551999155867	0.12554521657967	0.147024839766866	0.15341525828481	0.199717440320419	0.263055487302767	0.194342094098347	0.11572397812888	0.271731165175129	0.121234176571017
700023439	0.291219511697582	0.160495717289837	0.166425070597734	0.411668154117511	0.21799145734009	0.0994190533229192	0.277406656428287	0.0979760396389903	0.245059688610426	0	0.164447641906975	0.193276375066583	0.0767887213537868	0.138026074955647	0.140944795544869	0.197982308135195	0.0947338489363685	0.166531997630497	0.226669432045258	0.252373796517897	0.241108375672169	0.201511420811321	0.261537796438263	0.242980361348997	0.309161466455109	0.282052063491899	0.133581522601296	0.285730965170424	0.202246237150588	0.123239693695951	0.0986923750035763	0.224925042840687	0.147598471636348	0.0833696881786719	0.276228247803889	0.18812863622813	0.174023535874011	0.125619608300177	0.251289277325622	0.152722639627304	0.196946285569404	0.109693238211519	0.183463030828178	0.248273985724219	0.123867159593749	0.125510046616848	0.150805534626766	0.0903946394581938	0.12298115864259	0.166042261359494	0.237618327560551	0.29205926743559	0.305921647400196	0.162578848342275	0.361623786831851	0.0803549577861614	0.20024504256699	0.287941201690659	0.1396136336486	0.246485509145295
700016978	0.225725814340335	0.165259090866636	0.187543490776189	0.354660559130676	0.191342485104367	0.136350267458693	0.206952906427127	0.20566486601342	0.192169600489713	0.164447641906975	0	0.180344752949399	0.190569847619773	0.151889219627996	0.252421471390947	0.0945299559184588	0.190339765985013	0.152279351906484	0.154348739643427	0.179696443389801	0.16382704444964	0.0953842968047314	0.238415201639549	0.17374791098262	0.180575298641008	0.259064629383918	0.168925265467858	0.278000457599252	0.246606645782649	0.212312990205113	0.0993548499247046	0.155762822635828	0.0661768034188782	0.124512148371339	0.250446463233627	0.137406586460503	0.158645593123414	0.212639673073642	0.187103810048192	0.268243584811491	0.146095107308452	0.144539079518261	0.0990278444707837	0.166517320442061	0.164679163218263	0.186247494762692	0.145908212992294	0.166728035665541	0.114148290676807	0.169836932441002	0.163972021791521	0.230150560531208	0.245444742724342	0.121875522484024	0.299471661732396	0.15144840176606	0.190212408698854	0.198433910674249	0.143450032474924	0.183627157829357
700024192	0.335622247064832	0.282777984799331	0.0957913347623604	0.460890152779681	0.310749879625813	0.138350268665067	0.319542800468274	0.23349870576334	0.312186584480529	0.193276375066583	0.180344752949399	0	0.211869724775829	0.250962959051858	0.207204044384058	0.177372992170111	0.225586193011504	0.139092987127472	0.2577332522822	0.304021279241741	0.244001784110083	0.113663790389708	0.334706005684224	0.30025878993722	0.28080775909932	0.364447838647991	0.264105748578533	0.373193307059148	0.317496069575035	0.250528167292689	0.154059576527905	0.185697382666846	0.193559560350526	0.176925340588015	0.365197801529966	0.25530998924061	0.255508840159265	0.174295425367944	0.328220650615702	0.263386980444267	0.278461003306208	0.126610110497826	0.224318574311554	0.270380379871275	0.200805361395393	0.238499349361908	0.248989109985902	0.177611634266046	0.189936134678764	0.0943448426885651	0.109070037835366	0.357877185076596	0.36591692610231	0.221985826243961	0.414219056962581	0.17942845002358	0.248085097220775	0.326602191394224	0.113889022681976	0.273248850363928
700113058	0.319277118105447	0.182033235702377	0.184634512981904	0.423832168408165	0.248057349084632	0.150233853780833	0.292827044973717	0.0996347255650029	0.273326560683672	0.0767887213537868	0.190569847619773	0.211869724775829	0	0.160141273971138	0.13899324996599	0.230252174434882	0.117367811952016	0.209165628690336	0.266798790705752	0.274838382862193	0.281198980172201	0.227596099593668	0.30549566402323	0.283719171372665	0.331407456207482	0.303254555213041	0.149610498951637	0.279426806967619	0.211694428631197	0.121853166919749	0.139757772221997	0.252484016755084	0.162717116111735	0.109954842876806	0.300130379861484	0.21639253168961	0.218020254628272	0.165536613199842	0.270439162150039	0.166920485656528	0.234560536802263	0.108195803632117	0.229716545556975	0.270723657912994	0.139883912522475	0.166675560088107	0.201299447294459	0.0910648273487404	0.168177238121742	0.1876065610693	0.262067066105248	0.308047633894391	0.320404131520355	0.216696879473743	0.39524256894775	0.0878127585968585	0.235001929312523	0.31380365934918	0.166970853623341	0.277196419767309
700099448	0.226740103916018	0.132769679376602	0.238051550834359	0.370948118170412	0.158177851972862	0.150171198570103	0.23272187936762	0.167268654254355	0.217912119219901	0.138026074955647	0.151889219627996	0.250962959051858	0.160141273971138	0	0.225616018980625	0.18058616886059	0.145189210981803	0.178963033642568	0.176493049541927	0.211481522264804	0.222326142814598	0.207440016846124	0.227340787540729	0.183972126568381	0.267458795835286	0.201012160728121	0.100247138715621	0.254817812911814	0.191973320373341	0.158881003679088	0.135335180335644	0.241009319105405	0.122068715779832	0.111680138077527	0.21051040579791	0.163946503269513	0.136294398308208	0.180811597877722	0.188730393756339	0.239333881956909	0.153666591173683	0.176792920967102	0.126149271296601	0.230022686381563	0.138789827011931	0.157018863239105	0.114833547894442	0.16167312519068	0.0950451535176551	0.230735016007481	0.244231572067912	0.236477591653378	0.264999507056149	0.143889282943575	0.28677055771596	0.143461020037225	0.193147672173992	0.238878430513982	0.195084362342669	0.223465038753128
700109870	0.338041048711839	0.236712983168173	0.191183178517168	0.441464508491788	0.282711735086826	0.175939525187071	0.327739343032074	0.1585958938742	0.301221569292281	0.140944795544869	0.252421471390947	0.207204044384058	0.13899324996599	0.225616018980625	0	0.267386447686462	0.142448471403922	0.251227574777404	0.298169270686776	0.312468394299001	0.277905827364341	0.259407343827168	0.308703958543528	0.318684204173904	0.359222442019538	0.337152409372403	0.206132064430317	0.333318526850049	0.221012635877644	0.161863691358779	0.209156943069485	0.274391342088839	0.230431538341611	0.177897113095716	0.335836979789544	0.260061046767678	0.27255882483517	0.149335645117601	0.310304691895393	0.150963489460264	0.283777777499245	0.14918375343155	0.272816695505297	0.304556350176883	0.152739970495342	0.153669500091244	0.228654449045309	0.108275848684727	0.212439606915889	0.19456623157315	0.280424944301556	0.34199054125598	0.345318771498237	0.243885452084446	0.405936019089239	0.154628755464063	0.253138982643572	0.349403860822216	0.181713075972672	0.300312906230828
700033928	0.201647991119525	0.214497694915234	0.167799057694995	0.344998356424094	0.206781219083219	0.159051628001083	0.190590065301048	0.244812040186616	0.175526459007652	0.197982308135195	0.0945299559184588	0.177372992170111	0.230252174434882	0.18058616886059	0.267386447686462	0	0.231318227639317	0.141788780263924	0.131086256632545	0.191994174865379	0.153049864835672	0.0981800607021811	0.239316103854006	0.152139280606244	0.175289256838433	0.250410383496822	0.210244166619924	0.315384847668891	0.283821271628002	0.238627057087063	0.139618960183767	0.135921111498693	0.11461122190701	0.164817995827308	0.244593826972442	0.180510028702152	0.187257707652039	0.221170119673288	0.189004837434978	0.296114483473743	0.147910675104958	0.163758058346404	0.122666649049893	0.179771341905979	0.197856858646883	0.196059785224393	0.168584955209735	0.204251037249428	0.1483594657645	0.149579877331058	0.144783487037141	0.213839593863434	0.232188355771035	0.132337781815464	0.28333997375846	0.187639378758053	0.181668715238095	0.18078604170485	0.135499120464956	0.15370397961929
700023693	0.305224197179819	0.133445247652639	0.224945400424346	0.412039830006476	0.210289074402617	0.155710016278272	0.295539269971892	0.0864976324633089	0.259955482586194	0.0947338489363685	0.190339765985013	0.225586193011504	0.117367811952016	0.145189210981803	0.142448471403922	0.231318227639317	0	0.216326393642256	0.259478561854683	0.27753314074499	0.243713190086835	0.238579588063117	0.268181723635761	0.277205804541109	0.335125472197134	0.267536078451376	0.119582770417112	0.254540417918451	0.157062345996706	0.136789397970027	0.139878187366705	0.2613891670224	0.153194068347583	0.121936135714574	0.260332459113073	0.213455880833434	0.209874074557841	0.185702160205446	0.247665781210821	0.133308681593472	0.223311938967684	0.147484842150166	0.214018927095298	0.273444364000218	0.0972504176087554	0.118787507685756	0.14720665369097	0.104743361185452	0.160959625467662	0.224010860180711	0.279442957123411	0.295198005893087	0.303831302217956	0.19577730162157	0.371272600299282	0.0976555287345455	0.222674737597701	0.311600650607209	0.201449922892657	0.271680604075354
700109627	0.27792128583034	0.246391037127451	0.127251566454075	0.442312011335693	0.243024322284079	0.092143090898894	0.305434466493095	0.235071199605081	0.279579351371403	0.166531997630497	0.152279351906484	0.139092987127472	0.209165628690336	0.178963033642568	0.251227574777404	0.141788780263924	0.216326393642256	0	0.215485749066791	0.282850960013382	0.244964874162788	0.123560402687884	0.304881010085975	0.237229680006841	0.259578197731953	0.316209687817264	0.202310923050366	0.348238152918252	0.326292932159314	0.231079214172281	0.109280176968788	0.191545529966774	0.183180447203768	0.138256409935099	0.321094941972224	0.242601447418623	0.162477752913068	0.141956316579643	0.284083182655755	0.279916502212871	0.236936061728267	0.149468848062335	0.155774855169516	0.249458486751017	0.218319049009436	0.237904821431732	0.210900426013197	0.207829212887425	0.122196705612975	0.138326104781723	0.152659598797405	0.332721667054272	0.345021208679509	0.182892875539483	0.342540291853209	0.18441964121639	0.251278172313034	0.296548483876556	0.12561289626516	0.266637200885256
700095416	0.121677435748971	0.201778345724307	0.248567699866408	0.320309159365119	0.164847288297421	0.220417442365567	0.135853705433192	0.278703769659009	0.136326618825287	0.226669432045258	0.154348739643427	0.2577332522822	0.266798790705752	0.176493049541927	0.298169270686776	0.131086256632545	0.259478561854683	0.215485749066791	0	0.160663940263871	0.120237452704415	0.169935469608112	0.185175849503854	0.0824615849387195	0.148906916523175	0.220519394968658	0.203989763133477	0.32898228042587	0.284829236572592	0.274188930464034	0.204064770922592	0.160764419519336	0.155261511027073	0.202027317292727	0.193394237756204	0.146501999833819	0.181999011905378	0.240614207053257	0.123996766892834	0.330219400853891	0.0904431962026601	0.256382477927232	0.107879475842657	0.149354332353501	0.232925477952269	0.216250501873846	0.141993102973201	0.240709303841654	0.166479284910671	0.231964406943316	0.226001487765009	0.170458300627469	0.197220400797243	0.0930473101551125	0.196827248097717	0.228480865752285	0.158590432815769	0.139426503116182	0.21610138566996	0.117808632924733
700110425	0.123210932726647	0.21845730204178	0.309772733550177	0.217316010667669	0.1971935200704	0.275381270186172	0.0861082769001367	0.288715230868487	0.144884860400881	0.252373796517897	0.179696443389801	0.304021279241741	0.274838382862193	0.211481522264804	0.312468394299001	0.191994174865379	0.27753314074499	0.282850960013382	0.160663940263871	0	0.154703300753297	0.224191159216193	0.127129858805278	0.124318896977749	0.1220315965192	0.247275490196646	0.238058345912195	0.316172379397614	0.285896122357956	0.283335821353125	0.248014337127633	0.236148982364218	0.19088037687617	0.24387228525246	0.215148090534921	0.122777129681972	0.220492874519901	0.303107474784533	0.144225373033921	0.339060641726457	0.131869334483758	0.280235710755344	0.172030167162886	0.141509768250774	0.252436438969486	0.238834387131139	0.187749836669174	0.258408974840847	0.217813141456147	0.289473855517125	0.27828461810361	0.101389445266801	0.0945453036941816	0.159285572453899	0.170933367528334	0.258837387183617	0.124612310130722	0.102115154424148	0.258449728042317	0.141653152084955
700111580	0.164087112000281	0.230323481503426	0.244080566404886	0.309721764405831	0.219040566859557	0.225302069874478	0.142648065750586	0.285186818146087	0.18353495398666	0.241108375672169	0.16382704444964	0.244001784110083	0.281198980172201	0.222326142814598	0.277905827364341	0.153049864835672	0.243713190086835	0.244964874162788	0.120237452704415	0.154703300753297	0	0.173524839100414	0.186305779806325	0.132885884216875	0.115572598192019	0.28099464519423	0.265673449202347	0.366749660164133	0.258500923262074	0.294071236597893	0.216679444475341	0.157897522685917	0.161977073350368	0.220929640512369	0.266475450626634	0.155880511992521	0.246941858066278	0.240477535137159	0.18025666995889	0.310750988216208	0.144010653949232	0.251476954178445	0.149740921035433	0.171205082523561	0.209751737865601	0.205710419487779	0.179802286165021	0.218142274162096	0.179103574515509	0.213087030330896	0.221453103106005	0.1746371795896	0.206038485141062	0.117458257827415	0.237843321841157	0.229129531424018	0.0976491830742627	0.141571929723375	0.202665619024212	0.11007275568749
700111302	0.245367152375576	0.221139546487073	0.116226003730565	0.398050060235643	0.240868134063357	0.151367561085334	0.237029122785141	0.246960665758412	0.224667243161385	0.201511420811321	0.0953842968047314	0.113663790389708	0.227596099593668	0.207440016846124	0.259407343827168	0.0981800607021811	0.238579588063117	0.123560402687884	0.169935469608112	0.224191159216193	0.173524839100414	0	0.272851062396239	0.204018827653671	0.191676071640014	0.305914414767123	0.223866672162795	0.331474369881243	0.308086830876802	0.244904868047365	0.137661285839785	0.119304902013741	0.129699503316836	0.162005311538876	0.298833067446914	0.193806408088752	0.200048645981271	0.204150275376237	0.240105820710767	0.29029801650672	0.198176157386652	0.148815996687065	0.1402141967235	0.191023925848325	0.197273104967729	0.224171868991704	0.194173808286702	0.189439285406625	0.153435317846749	0.100422650082009	0.102400682230418	0.27217969343269	0.28564073339633	0.141979658537207	0.328432391273557	0.178624286032952	0.198447589140239	0.238316402949487	0.105134069721546	0.200370051179647
700098605	0.131186755635394	0.195670414999467	0.338265201582423	0.22538477968551	0.17528383050313	0.274821801505035	0.153695471169311	0.300559960534025	0.172615403592893	0.261537796438263	0.238415201639549	0.334706005684224	0.30549566402323	0.227340787540729	0.308703958543528	0.239316103854006	0.268181723635761	0.304881010085975	0.185175849503854	0.127129858805278	0.186305779806325	0.272851062396239	0	0.150687711348742	0.197157485129783	0.222491179962818	0.237370967397763	0.323715179995397	0.267288270516911	0.310623717284162	0.268607577301148	0.274414660803531	0.231592591006592	0.263928388485392	0.19444690614903	0.176013831596318	0.250136166871708	0.296792597891577	0.149602879028109	0.317700441995402	0.159274143403972	0.316081298323301	0.210180110227315	0.194692230627521	0.280904136920138	0.221407420104895	0.185840644457311	0.284824271764219	0.232706838213381	0.321374922767393	0.325819110719851	0.149547564428843	0.125047940118269	0.171576415669858	0.138912620567381	0.28642052525885	0.18370498878727	0.177871918495789	0.28719380906238	0.161793585452427
700111991	0.0752119281190177	0.204412994765709	0.284882523700612	0.276179753029313	0.1613075583887	0.245488030231748	0.105661141472128	0.299287298180969	0.118084790730323	0.242980361348997	0.17374791098262	0.30025878993722	0.283719171372665	0.183972126568381	0.318684204173904	0.152139280606244	0.277205804541109	0.237229680006841	0.0824615849387195	0.124318896977749	0.132885884216875	0.204018827653671	0.150687711348742	0	0.145010200516062	0.209954021783451	0.212453203356906	0.320065218215138	0.294714396008234	0.289047867162043	0.234450691412107	0.20699572909848	0.186166208027099	0.227911736687885	0.186623259930387	0.127662625156429	0.1870696159948	0.271436691629049	0.101387769367535	0.347964807395331	0.0890611473312518	0.289497386117483	0.140440334482394	0.150414823725266	0.256440226828371	0.229928611647077	0.161222478186469	0.262067610046958	0.189709046069308	0.269179703773881	0.251663719278922	0.13276750226316	0.159524555896695	0.119700303626228	0.149028406303344	0.261299247117694	0.150166898331524	0.112833555321625	0.250772047604972	0.120377490185689
700108960	0.149993314217824	0.282960206139385	0.257975312550465	0.280395360855487	0.260346923823479	0.267450859489044	0.115338549337879	0.347963124217678	0.178504210433136	0.309161466455109	0.180575298641008	0.28080775909932	0.331407456207482	0.267458795835286	0.359222442019538	0.175289256838433	0.335125472197134	0.259578197731953	0.148906916523175	0.1220315965192	0.115572598192019	0.191676071640014	0.197157485129783	0.145010200516062	0	0.314765238870444	0.302849592498717	0.388583134360797	0.34265186012231	0.341474153432365	0.252348110922039	0.146136885117079	0.210661155554355	0.269497340853303	0.284070399489937	0.156238576811949	0.276400131678208	0.304734107266415	0.195869464077277	0.392674324464061	0.186133487820434	0.28497568220913	0.182043375451225	0.149119327622693	0.298405674510232	0.299738360427163	0.250517046551314	0.300603923242515	0.234969806422893	0.236982614969879	0.229328007402329	0.158063158999137	0.154499289462264	0.172884850194056	0.192985936762753	0.292179900491381	0.139089294015338	0.114226312320806	0.239261426450827	0.123352380299528
700024452	0.198894819820463	0.196188959981597	0.34821755699242	0.276147711014611	0.163448003032301	0.301167431812676	0.236804710450124	0.270154831030167	0.220869605749677	0.282052063491899	0.259064629383918	0.364447838647991	0.303254555213041	0.201012160728121	0.337152409372403	0.250410383496822	0.267536078451376	0.316209687817264	0.220519394968658	0.247275490196646	0.28099464519423	0.305914414767123	0.222491179962818	0.209954021783451	0.314765238870444	0	0.207617061359544	0.246980422116865	0.193760836357528	0.270637138587689	0.290883085545667	0.316834575552748	0.23630767444356	0.268121526355718	0.0798717344061985	0.230063628108075	0.256052873870056	0.320845158308967	0.156904101171241	0.320989917342389	0.176870729399359	0.318035769560761	0.227324894897321	0.285866648041762	0.273525814252963	0.227981586541895	0.184160925209007	0.297405783293433	0.240828676273221	0.341802390603146	0.339004977129014	0.203255792248913	0.221054860640632	0.217375435702409	0.229471595743296	0.285831597446761	0.260701694230969	0.254600237935504	0.311601821194786	0.267564902093901
700032931	0.236950955953237	0.117526028678996	0.238582062530118	0.383319932672718	0.169757417532942	0.165201567465294	0.268534438745772	0.13674632414862	0.217979171329971	0.133581522601296	0.168925265467858	0.264105748578533	0.149610498951637	0.100247138715621	0.206132064430317	0.210244166619924	0.119582770417112	0.202310923050366	0.203989763133477	0.238058345912195	0.265673449202347	0.223866672162795	0.237370967397763	0.212453203356906	0.302849592498717	0.207617061359544	0	0.219788421886858	0.186881184944838	0.154820799645287	0.155119385506983	0.259583782625397	0.143961530105335	0.114097161705441	0.210321079115629	0.188726790307903	0.151657073297888	0.196251756931062	0.192378339863481	0.208776528033094	0.180952906635556	0.174050854168891	0.164058548021979	0.244458653735873	0.153857920419985	0.155067235006982	0.116641410654842	0.149553960251918	0.13002606559408	0.228525045096129	0.269421913326217	0.259419244993023	0.274963153304553	0.176513517758539	0.302504517663981	0.129489462643526	0.231503711885893	0.27258362889753	0.203655679865946	0.260899995872416
700095837	0.332645332306695	0.210544871881889	0.371448268552832	0.418644942284129	0.274096814386994	0.327184360034833	0.344116202536593	0.236029584417762	0.303718787969915	0.285730965170424	0.278000457599252	0.373193307059148	0.279426806967619	0.254817812911814	0.333318526850049	0.315384847668891	0.254540417918451	0.348238152918252	0.32898228042587	0.316172379397614	0.366749660164133	0.331474369881243	0.323715179995397	0.320065218215138	0.388583134360797	0.246980422116865	0.219788421886858	0	0.200038002206322	0.213449968848333	0.297245938066426	0.365589622105967	0.250279930127189	0.266742505252241	0.24978274113052	0.287193695463285	0.292216790253652	0.357790446152372	0.282829196640721	0.333882456802061	0.288837303173153	0.304073527532268	0.305719864344782	0.328993973079012	0.256537451592087	0.282550006243855	0.257648522882617	0.282209794878253	0.291151583158953	0.362207223872551	0.372082940714264	0.322652415344322	0.332771972605542	0.303144661933457	0.388655588642015	0.268501878409481	0.344179757921196	0.345469116486476	0.333179830513705	0.355134126673281
700024548	0.307311491853415	0.177646121348518	0.308859479370017	0.363950424022166	0.231047023598672	0.249847493948243	0.304111483906908	0.158790864842732	0.299758774091375	0.202246237150588	0.246606645782649	0.317496069575035	0.211694428631197	0.191973320373341	0.221012635877644	0.283821271628002	0.157062345996706	0.326292932159314	0.284829236572592	0.285896122357956	0.258500923262074	0.308086830876802	0.267288270516911	0.294714396008234	0.34265186012231	0.193760836357528	0.186881184944838	0.200038002206322	0	0.154339929307098	0.25373790301269	0.329636884289009	0.206272190372	0.211243096650411	0.202128086039435	0.235125641722443	0.291785693070672	0.269740761160417	0.254266852152455	0.204553098642228	0.242935293369767	0.233690806946146	0.255291444951661	0.321343370198054	0.160346350877616	0.147264347696983	0.200778560812153	0.189082812065077	0.228882060330993	0.303877008348193	0.339178711274757	0.290694507689733	0.291273844827303	0.235228443895551	0.339562113395478	0.200791130559307	0.244618552077229	0.318862446204687	0.258624993809996	0.294011322682682
700110161	0.332017861777736	0.179576811970159	0.205889623990775	0.419221654774256	0.252106541945985	0.179008935371341	0.309684991921222	0.101397007176247	0.283074654288947	0.123239693695951	0.212312990205113	0.250528167292689	0.121853166919749	0.158881003679088	0.161863691358779	0.238627057087063	0.136789397970027	0.231079214172281	0.274188930464034	0.283335821353125	0.294071236597893	0.244904868047365	0.310623717284162	0.289047867162043	0.341474153432365	0.270637138587689	0.154820799645287	0.213449968848333	0.154339929307098	0	0.167343116339025	0.269969440621281	0.181071299371037	0.134792006736941	0.266657523467486	0.231826620494808	0.229277243535395	0.169790483120745	0.27802349462863	0.209643052271503	0.245580819101793	0.144013099339294	0.229732311571139	0.282402128001092	0.138643765689469	0.191772837835101	0.197762508311263	0.123544949119436	0.176680152590172	0.216876823364934	0.284021119041778	0.308117451696409	0.331944524268132	0.220870446553413	0.399303200464617	0.12149476586035	0.247447003500988	0.318616429510882	0.191181940227134	0.293088449777892
700023496	0.287754358740779	0.16425877933131	0.157126625746669	0.414176220463634	0.220155329658314	0.0756413426085127	0.270547530628156	0.164147168663503	0.244990921592235	0.0986923750035763	0.0993548499247046	0.154059576527905	0.139757772221997	0.135335180335644	0.209156943069485	0.139618960183767	0.139878187366705	0.109280176968788	0.204064770922592	0.248014337127633	0.216679444475341	0.137661285839785	0.268607577301148	0.234450691412107	0.252348110922039	0.290883085545667	0.155119385506983	0.297245938066426	0.25373790301269	0.167343116339025	0	0.1799055432717	0.099300188384511	0.0762242330158095	0.285116760626259	0.196238653517608	0.160275291015669	0.157049033730473	0.242168427030249	0.222850932676007	0.192957484203181	0.103596792274182	0.138401010702749	0.22270037058843	0.139268283709522	0.177505428933944	0.15869106362747	0.127400571962237	0.0962353122374439	0.150678965467517	0.185609325213833	0.289998765817173	0.30910558072558	0.150091344124768	0.360615808191337	0.101640877107413	0.223225351326376	0.267970252425049	0.138910191119466	0.231134786133824
700034628	0.245498877772611	0.241922436271603	0.16502791228444	0.401388945129343	0.249808652096056	0.184322678832569	0.209841649274051	0.267635411608165	0.188587538533268	0.224925042840687	0.155762822635828	0.185697382666846	0.252484016755084	0.241009319105405	0.274391342088839	0.135921111498693	0.2613891670224	0.191545529966774	0.160764419519336	0.236148982364218	0.157897522685917	0.119304902013741	0.274414660803531	0.20699572909848	0.146136885117079	0.316834575552748	0.259583782625397	0.365589622105967	0.329636884289009	0.269969440621281	0.1799055432717	0	0.17520967178097	0.195126607280709	0.293201038332126	0.167651478495196	0.256343049851579	0.222244105619997	0.246795217861755	0.307212280940603	0.21626845691548	0.18231363032064	0.175242907249671	0.161632787550265	0.22511304602355	0.25235113977229	0.224766928919105	0.20877546562204	0.185918788259363	0.136565266594812	0.176449486536822	0.263318183524183	0.275873654862385	0.150976850064417	0.316121439756584	0.198355219719608	0.173592885316773	0.202999464485664	0.157306839018278	0.147813966027987
700023645	0.235275861702678	0.130420940427248	0.206844250125503	0.356472409064154	0.172391561223466	0.151928342136388	0.207578223444253	0.168188868275676	0.199400073626581	0.147598471636348	0.0661768034188782	0.193559560350526	0.162717116111735	0.122068715779832	0.230431538341611	0.11461122190701	0.153194068347583	0.183180447203768	0.155261511027073	0.19088037687617	0.161977073350368	0.129699503316836	0.231592591006592	0.186166208027099	0.210661155554355	0.23630767444356	0.143961530105335	0.250279930127189	0.206272190372	0.181071299371037	0.099300188384511	0.17520967178097	0	0.0995316508426195	0.232205047722218	0.14249849561356	0.170305825265817	0.206275926807138	0.183222326065548	0.240288411644698	0.149717132870527	0.131793829498756	0.108407079659629	0.183017780216663	0.123595558798794	0.165486456665536	0.121566338054088	0.133284238333481	0.111621349341655	0.184719092736059	0.18812908250875	0.224837465638985	0.245372495569617	0.120118407578566	0.311959863315243	0.111284157991854	0.181798429503321	0.200667229926051	0.155147458953378	0.180623764358649
700038744	0.28002581596909	0.160712267739438	0.159035818753353	0.401555007701399	0.209385778080005	0.0810671681239529	0.261411060452089	0.133565351538626	0.241535584791029	0.0833696881786719	0.124512148371339	0.176925340588015	0.109954842876806	0.111680138077527	0.177897113095716	0.164817995827308	0.121936135714574	0.138256409935099	0.202027317292727	0.24387228525246	0.220929640512369	0.162005311538876	0.263928388485392	0.227911736687885	0.269497340853303	0.268121526355718	0.114097161705441	0.266742505252241	0.211243096650411	0.134792006736941	0.0762242330158095	0.195126607280709	0.0995316508426195	0	0.265059907883843	0.174322379204699	0.15381940495713	0.136369935134654	0.236160847558826	0.181695932136665	0.189458704474175	0.102573161267737	0.136784593550251	0.226543959550339	0.11638952992305	0.14432631411629	0.161039975237756	0.0951181056860836	0.0788439018782614	0.154215357532761	0.206567562647314	0.285124263969537	0.298473563225779	0.148710062366535	0.35058395599817	0.0763744279164947	0.202301028855382	0.259946081406058	0.131006732977063	0.230884986865917
700038485	0.193612611143472	0.180161531572623	0.348776231026352	0.26966707854644	0.153338785776963	0.301329979082504	0.207460786097157	0.265851951582366	0.179249319281772	0.276228247803889	0.250446463233627	0.365197801529966	0.300130379861484	0.21051040579791	0.335836979789544	0.244593826972442	0.260332459113073	0.321094941972224	0.193394237756204	0.215148090534921	0.266475450626634	0.298833067446914	0.19444690614903	0.186623259930387	0.284070399489937	0.0798717344061985	0.210321079115629	0.24978274113052	0.202128086039435	0.266657523467486	0.285116760626259	0.293201038332126	0.232205047722218	0.265059907883843	0	0.194326853387592	0.26156189883616	0.330406896141896	0.127002102021355	0.315314795914068	0.167106797152382	0.316209673953517	0.219869820949063	0.244460186823762	0.269034412365309	0.226000286664982	0.190633577331097	0.296868300397439	0.248394813407766	0.343925342208212	0.337712554315742	0.169911104568125	0.181523484709743	0.20285996528891	0.209833943538466	0.281722568774044	0.253599658084677	0.221183344511151	0.307670470719522	0.237094534621342
700024743	0.167515128367423	0.172992465408524	0.254825574308947	0.300864242418966	0.186265559544357	0.21048547440621	0.133360296642537	0.223392782298798	0.128871908215793	0.18812863622813	0.137406586460503	0.25530998924061	0.21639253168961	0.163946503269513	0.260061046767678	0.180510028702152	0.213455880833434	0.242601447418623	0.146501999833819	0.122777129681972	0.155880511992521	0.193806408088752	0.176013831596318	0.127662625156429	0.156238576811949	0.230063628108075	0.188726790307903	0.287193695463285	0.235125641722443	0.231826620494808	0.196238653517608	0.167651478495196	0.14249849561356	0.174322379204699	0.194326853387592	0	0.200744871874628	0.246063321259291	0.141566178876386	0.277298049351412	0.134335589907245	0.215977132910172	0.148788494349959	0.103208919460411	0.19040127637922	0.193181855312435	0.170733584258782	0.19262102728909	0.162634230958708	0.242350512093022	0.24704274582457	0.164391244526729	0.172652354235269	0.125650551644041	0.224943836853291	0.192179692521321	0.145938667981505	0.119521201867898	0.206960363372634	0.107935664853066
