700108602	700014971	700033565	700109389	700023058	700023927	700106341	700114221	700023543	700023439	700016978	700024192	700113058	700099448	700109870	700033928	700023693	700109627	700095416	700110425	700111580	700111302	700098605	700111991	700108960	700024452	700032931	700095837	700024548	700110161	700023496	700034628	700023645	700038744	700038485	700024743	700099596	700110760	700101587	700106399	700032322	700095653	700021312	700101230	700023590	700038905	700033136	700023382	700096424	700105469	700016908	700096053	700108479	700109569	700033814	700016125	700109756	700102665	700101777	700109455
700108602	0	0.152846685556095	0.160969027560143	0.0937235454741832	0.128479066429348	0.170075626751581	0.085138940739137	0.172702739552359	0.0992767183382044	0.164021220917481	0.126072301577134	0.165471198652027	0.164382391543532	0.157799210774577	0.164472304222689	0.125259431038986	0.183139011416771	0.169549034043033	0.0913330252380807	0.104017296414713	0.0919938322395908	0.123222159576313	0.107719761952378	0.0720876264955234	0.0955235293561239	0.114423276118585	0.154116658690079	0.127665879471137	0.14538294907444	0.158135986969066	0.165651161927216	0.126196036811634	0.121596341999946	0.156405537248182	0.115245283309454	0.11955309175249	0.145650335017553	0.179700711314494	0.0986207573703359	0.17848411455146	0.102351216086807	0.155402531385908	0.13972235692602	0.118411282040605	0.149500714683204	0.129501810003181	0.105813392671129	0.156735298907305	0.148229388255394	0.144661660893012	0.129487341847488	0.0912090886961005	0.0899919368455015	0.106348312308098	0.0950440635099669	0.155385134959887	0.112367126809979	0.0844676897235335	0.138031430601622	0.106102823687288
700014971	0.152846685556095	0	0.146685464345529	0.158524089696932	0.135833788896078	0.145428863328715	0.157170716867782	0.143996558463151	0.155227306628949	0.127861470853908	0.13477083596655	0.158627029214443	0.140517263589379	0.135727611340773	0.140768494427876	0.163416452925	0.129907716647157	0.155115217303959	0.169141308796275	0.153498009611783	0.150476880072904	0.125796677322246	0.127956112044369	0.158330557692549	0.162545383913387	0.145576948292275	0.130698631449219	0.132715372661664	0.117039227455785	0.122128698734193	0.132333134076941	0.146244152134349	0.125946035629467	0.123806375955878	0.146668035230473	0.135238359939543	0.147678139565659	0.158896935435705	0.145102894081751	0.14457917150876	0.144103510532366	0.1374033039557	0.125755733275317	0.144634395656806	0.12817957139427	0.124650234378367	0.117440237720234	0.132808847779488	0.12520945059324	0.138910746828297	0.147727023992459	0.167832065476724	0.149885412283115	0.130243274682032	0.171685239384736	0.117289230934749	0.151078850176431	0.158650925350263	0.13694777716918	0.154733112981913
700033565	0.160969027560143	0.146685464345529	0	0.140961229679821	0.158057503576307	0.0815983280513494	0.136432069642865	0.116728487027926	0.152081589234378	0.0978269959747912	0.0945531905578055	0.067272908396228	0.103359472675198	0.121776301941281	0.0842064317303686	0.127670763727644	0.112644599736558	0.0946562312291087	0.14657249575179	0.138232598736201	0.134921125034654	0.0830227998078675	0.131066077985862	0.141831722730135	0.131501984454972	0.147179429749585	0.13415564433068	0.14285502314395	0.128993752479955	0.103912232469899	0.104845053712402	0.100446457933541	0.117551906215766	0.085463534620587	0.158283622082035	0.110321450258904	0.12323812026006	0.0854700172879274	0.155906053265808	0.115573270494458	0.13405362351146	0.0890709338132161	0.127737961497906	0.121260020356261	0.107181447832985	0.123788953581929	0.137430923534116	0.0774209000833416	0.105813797815205	0.0817331748871844	0.0715788042147966	0.164892149411597	0.148243495098802	0.122225169947787	0.178594051704795	0.117123230000326	0.124624118413869	0.148602425519217	0.0824568297185003	0.134095009609972
700109389	0.0937235454741832	0.158524089696932	0.140961229679821	0	0.142202233670403	0.16339244296796	0.0855585016033657	0.178141652262687	0.136471404998642	0.168619020631205	0.14015529563289	0.142693669234269	0.160783014578918	0.153578231585028	0.143783743346691	0.146027468748271	0.179977017990846	0.182545640181555	0.131128348041009	0.0864618715440156	0.102096308681725	0.125809092872769	0.101043619690899	0.11151601415331	0.0958460889254749	0.114487989599822	0.179422400095609	0.150159706109866	0.134197148437802	0.15586350152258	0.17617714467349	0.134874304069001	0.137140624538315	0.156385613105844	0.118154529212806	0.116679444559875	0.170274615500186	0.163428341723832	0.126117818245837	0.161063723055345	0.128738602813801	0.152343658183134	0.157135617231209	0.122060928445972	0.143594772015067	0.142925715249669	0.139443088841389	0.151318944907967	0.155148856047965	0.136693154870267	0.115080142757247	0.0967075401027582	0.0685153332787112	0.133784699074038	0.112348052718809	0.170179720562928	0.103149859091835	0.0848158754047103	0.116582789264653	0.0986833676425162
700023058	0.128479066429348	0.135833788896078	0.158057503576307	0.142202233670403	0	0.143724993701774	0.120684991806161	0.161505267386342	0.0992642544682425	0.147802256624005	0.127797036813965	0.152984322131812	0.154392848690941	0.132279843401452	0.151494065634168	0.141563605787704	0.160233257457528	0.161532773080422	0.126010690038579	0.127685437384352	0.132054866100171	0.138890153768433	0.126219209061268	0.127773858151805	0.13726528010338	0.104340412860283	0.150022415880396	0.123458930975382	0.134257604569084	0.138815608723826	0.148987618727792	0.142728382785778	0.123363101147869	0.13943670819158	0.0990170217156823	0.13506809159427	0.12376799470387	0.153682051837148	0.0998778683775155	0.164886011793069	0.130509889996577	0.140613069185889	0.135274774798573	0.130594199127868	0.131224159817254	0.123215807064764	0.116429623719503	0.144313529368362	0.138253293969478	0.145496292501811	0.141076107562054	0.116682078189782	0.121572377384003	0.126277394098254	0.133611051492911	0.155815619849098	0.131006507033845	0.13247549733414	0.140153481090104	0.129375631104388
700023927	0.170075626751581	0.145428863328715	0.0815983280513494	0.16339244296796	0.143724993701774	0	0.148369576575849	0.11791544829904	0.157722988681566	0.0842886562474563	0.101615906765524	0.0991793456382126	0.102446679423361	0.105538120286395	0.0860369174017968	0.149480997418043	0.105419795323991	0.071838063769472	0.154179484941008	0.142396661675146	0.138403381605101	0.107334090688498	0.134692204611796	0.158106506285162	0.137730152342383	0.147252452757869	0.135742470616638	0.155627568651717	0.111140391930514	0.0954098344576657	0.0782106375252975	0.128926268767178	0.11554780222729	0.072066691113666	0.1600821263565	0.11634987541473	0.113046978191422	0.0675589603209473	0.163092516393016	0.11052871110216	0.140993657208852	0.0884857809109998	0.103072093710103	0.142496737160451	0.106885224816395	0.112734586744188	0.137539718858603	0.0798979541429585	0.0770707782682411	0.0965542346723568	0.107562173518528	0.172236849538569	0.15949451872743	0.117323166571127	0.18179617649668	0.110387181972528	0.119236490337306	0.15222096764775	0.0965926474040696	0.141689218572613
700106341	0.085138940739137	0.157170716867782	0.136432069642865	0.0855585016033657	0.120684991806161	0.148369576575849	0	0.174793745614032	0.0881821228599882	0.159277064447158	0.118880137507605	0.129067302249649	0.149682769446916	0.150168041597348	0.138006144937707	0.120829050749276	0.169319545283556	0.167761430059612	0.103336414347355	0.0727715488788952	0.0817396130317916	0.102059372343326	0.105603140412649	0.105324378493368	0.0702725609252042	0.122166795032429	0.17763632357665	0.146421314510207	0.138388986619501	0.152484097651768	0.160687992439338	0.0829660214075169	0.113878735416702	0.14739969139909	0.123737948848851	0.0922739751362817	0.150060244348586	0.158267911189666	0.0919485647402544	0.16098463669083	0.116019939968895	0.132570513564588	0.136664088040675	0.0883315603191829	0.134749464372806	0.132539054030997	0.127627088745217	0.132846858382894	0.144745577909725	0.115810614741605	0.105725362756742	0.0749313506763373	0.0740405850889075	0.113067731877122	0.116741534809613	0.158636814183774	0.091416804779521	0.0739183470748736	0.114144115900752	0.062428762445665
700114221	0.172702739552359	0.143996558463151	0.116728487027926	0.178141652262687	0.161505267386342	0.11791544829904	0.174793745614032	0	0.177467507114147	0.0936103800666701	0.132794637286118	0.119086253866432	0.0979761903363812	0.15121978586765	0.104363930864929	0.169628711726365	0.0803256336132248	0.142915941877425	0.176261880719791	0.170233115011704	0.162563481104064	0.134750664026574	0.164222602409501	0.181432584205428	0.172238558281026	0.173485399487158	0.135925111989464	0.146357780890207	0.119151771431858	0.116105901082101	0.109215712216557	0.144915971933163	0.124485586026325	0.118443566771447	0.183066446943695	0.127479391605527	0.149800515154543	0.106225029465991	0.178895967256459	0.08879111603224	0.142963621934044	0.101385985261619	0.145735437138669	0.147456121005597	0.107810735740158	0.123605386346174	0.12856398404984	0.0927395241603132	0.13734765104833	0.109883085751417	0.136731416907243	0.191453622691923	0.177787511902417	0.148095972747052	0.209352268038424	0.0977392514163892	0.148126250415584	0.187495460050021	0.122840507901175	0.165735677237474
700023543	0.0992767183382044	0.155227306628949	0.152081589234378	0.136471404998642	0.0992642544682425	0.157722988681566	0.0881821228599882	0.177467507114147	0	0.160145002093143	0.117741255761513	0.149491250410085	0.157898234002205	0.143379379845092	0.15374423335883	0.109717390397003	0.176720499792264	0.165762459835842	0.0936125710079294	0.103749988706004	0.0971613136634773	0.119259626223239	0.112463122415253	0.107468632294782	0.104894082886136	0.115487193338603	0.157419624294033	0.128338255853381	0.161371474797195	0.15438246740268	0.164403406495157	0.0989439373454837	0.110361836355042	0.146555229120144	0.110088082435478	0.115021511775394	0.139973884739092	0.169745077244079	0.0791541244726782	0.177048110220134	0.119029872615645	0.137367598267243	0.146351279843435	0.0943613913176175	0.144919713684101	0.135629542620927	0.115863121222764	0.145089645791779	0.150756436545919	0.128789529789996	0.128997654765626	0.0855929633166385	0.102175309995865	0.120287733797871	0.114134558989338	0.152046700216524	0.114768312869352	0.0897939587758867	0.129341757027652	0.0904731164743425
700023439	0.164021220917481	0.127861470853908	0.0978269959747912	0.168619020631205	0.147802256624005	0.0842886562474563	0.159277064447158	0.0936103800666701	0.160145002093143	0	0.113575236275427	0.109307100144554	0.0856570577820733	0.124527259450535	0.0925929335086801	0.144156208989704	0.0817900027609554	0.105316052770775	0.160245882367977	0.156152821000818	0.140303973191168	0.122611318604462	0.142696412785704	0.161016020907387	0.15395064887735	0.154541276915458	0.133670087074322	0.144699548817274	0.107615777836725	0.0936067434089611	0.0934399414365472	0.135351580269425	0.109742659189189	0.0810808107240828	0.165966114767628	0.12503207263034	0.126160439934962	0.0946849164556354	0.166591942040324	0.0891360638389165	0.128109488076266	0.0986178658592913	0.122234642613725	0.141875461280523	0.0999886953364527	0.107068448194804	0.129815652033626	0.0870262945157679	0.105483829911822	0.109815821061273	0.115175506253206	0.17775858345383	0.167420032027284	0.127178792172124	0.183235052211065	0.0998404118797522	0.127853225973667	0.162360622731396	0.104343326541021	0.151597831749917
700016978	0.126072301577134	0.13477083596655	0.0945531905578055	0.14015529563289	0.127797036813965	0.101615906765524	0.118880137507605	0.132794637286118	0.117741255761513	0.113575236275427	0	0.106151400078217	0.11796049744352	0.124075475743609	0.122362661628349	0.123674550502899	0.120333865182164	0.114689884534795	0.126757120465948	0.113295935924961	0.11205455577039	0.0777173969733901	0.121766388023773	0.124463337811815	0.107401059176775	0.13658381778442	0.133613465125316	0.121543594100566	0.13409919129988	0.107808932927979	0.104580140767789	0.0987983907936876	0.0844640287888796	0.0960247326497947	0.146279092071059	0.0904291262169137	0.115422597090465	0.124762448201402	0.123935885312249	0.139960603732337	0.103496284726276	0.102570255752314	0.106553084567222	0.101427151430569	0.109526937679055	0.118085228314127	0.112686414558232	0.0995751763398926	0.105779384117019	0.100131364745868	0.0919152398920618	0.138536374643127	0.13023278948363	0.0920977088830321	0.144027135890424	0.126748447153042	0.103508010974568	0.12872002700226	0.0993311121135872	0.123554054223241
700024192	0.165471198652027	0.158627029214443	0.067272908396228	0.142693669234269	0.152984322131812	0.0991793456382126	0.129067302249649	0.119086253866432	0.149491250410085	0.109307100144554	0.106151400078217	0	0.0864124799782371	0.14647189633316	0.0820756757021131	0.129071861725664	0.121131085206722	0.112609844420017	0.144474161603922	0.133228842915669	0.131201685988217	0.0754219865130046	0.138720303671693	0.161292362574889	0.128912809477033	0.148599854609973	0.146244538197522	0.142656507199249	0.125585314083423	0.123679034162243	0.109059560058348	0.0925308843671769	0.0995686505734538	0.093502188173584	0.173338808655079	0.111040613389005	0.137104272096011	0.0866330989072184	0.162262003030381	0.0956555922718969	0.127737632162865	0.0726696224410408	0.144269505445249	0.110829617740832	0.0954112923035282	0.124336098884637	0.137410703554187	0.0769971250442771	0.128508476777186	0.0698266725520604	0.0797399034447476	0.16537139940094	0.150735260379653	0.140764915394151	0.189724042402136	0.106637457758142	0.116471197314999	0.149860680086744	0.0874975143388184	0.128417405021732
700113058	0.164382391543532	0.140517263589379	0.103359472675198	0.160783014578918	0.154392848690941	0.102446679423361	0.149682769446916	0.0979761903363812	0.157898234002205	0.0856570577820733	0.11796049744352	0.0864124799782371	0	0.135148635485817	0.0860230718882876	0.135038385332055	0.109401205302562	0.12433057306864	0.158582664686416	0.142024565835915	0.139481341312529	0.103472248352123	0.146398839153086	0.161607146112135	0.14488159235821	0.155583425653552	0.14260627229913	0.130256023791828	0.108165018078204	0.100840590700255	0.104163463338516	0.115794415465934	0.104382444678329	0.0858668034660756	0.176026577821147	0.121998014937036	0.134850143200249	0.109067317865074	0.15787528965597	0.0784772492793475	0.130679704655946	0.0747174148306938	0.15264500487516	0.128687509409241	0.0921399317145368	0.106305146164447	0.137769222534264	0.0765598097560505	0.118380169757392	0.0892208900220716	0.113044872880841	0.170013087597005	0.161104173574587	0.145973491056826	0.19369893566715	0.0842013941084927	0.123327103010552	0.162476979405503	0.0991360074823029	0.139293712209683
700099448	0.157799210774577	0.135727611340773	0.121776301941281	0.153578231585028	0.132279843401452	0.105538120286395	0.150168041597348	0.15121978586765	0.143379379845092	0.124527259450535	0.124075475743609	0.14647189633316	0.135148635485817	0	0.124512995359981	0.158655672256306	0.134213045108317	0.12315475414614	0.139716827032032	0.135456565340702	0.136122152498498	0.127970111207418	0.103626721717022	0.135967215035676	0.147024139133211	0.119181085640433	0.134516486722024	0.146317076298014	0.120307204400463	0.0977723751380083	0.114588524387525	0.146283822008198	0.128475548601127	0.104125548853767	0.128461844627646	0.131855869927352	0.124361821785333	0.122674608850917	0.147383482005821	0.150492799246194	0.148945833317718	0.122449846578292	0.117565746889469	0.142815434602922	0.119300597886722	0.126317177534823	0.135721936689856	0.121511567561125	0.0875396225911203	0.130226387829198	0.127003093014293	0.141929360402265	0.152460620156142	0.129806780995227	0.158875556007674	0.140580078063815	0.129567256955014	0.137294595237683	0.109572895068961	0.143206107515093
700109870	0.164472304222689	0.140768494427876	0.0842064317303686	0.143783743346691	0.151494065634168	0.0860369174017968	0.138006144937707	0.104363930864929	0.15374423335883	0.0925929335086801	0.122362661628349	0.0820756757021131	0.0860230718882876	0.124512995359981	0	0.146360656985267	0.111579798587771	0.116455318756654	0.154335092431342	0.134041497751596	0.133278918754014	0.110235129999627	0.128004797717812	0.15969878812512	0.139815927399666	0.146678443943068	0.136348785664611	0.140250138202087	0.104669020170215	0.0945656564533566	0.121255242142417	0.116562799025954	0.124081025048991	0.103296463006927	0.16575174344988	0.119491104786481	0.135349089764158	0.0756703677245008	0.164179511178022	0.0848372387421649	0.148096129273749	0.0752047203709559	0.145855516675324	0.1305124802031	0.100520028481899	0.109335954031299	0.136281714987549	0.067640387957079	0.113354654985327	0.0859357277771464	0.103631374779104	0.164222269562439	0.147361635896311	0.135324527441272	0.183282310845163	0.0967215941149724	0.114064757925159	0.153856846794182	0.086200084056639	0.127587022096262
700033928	0.125259431038986	0.163416452925	0.127670763727644	0.146027468748271	0.141563605787704	0.149480997418043	0.120829050749276	0.169628711726365	0.109717390397003	0.144156208989704	0.123674550502899	0.129071861725664	0.135038385332055	0.158655672256306	0.146360656985267	0	0.163957218626948	0.141445035112543	0.1125386605445	0.134287023374727	0.12278872441213	0.111218720947224	0.139760271133051	0.108392121545988	0.124341695345886	0.138496685573382	0.14642826953565	0.123599449288779	0.155188420376379	0.154032980257986	0.147727879629306	0.117205223150878	0.120889602179611	0.132890308552445	0.134872089840713	0.135063790312908	0.139226868840986	0.155819767934234	0.117742984906694	0.163903864036922	0.110131980859205	0.128203831176621	0.144224805709725	0.128904784174307	0.136139968326172	0.129887533614348	0.132307994653192	0.137382971089274	0.148940636259674	0.122177775636245	0.111476184740863	0.137815256464263	0.124313170006271	0.14199559746684	0.133748213704011	0.14414767446556	0.131734865653394	0.128061697894785	0.128699965221888	0.126536986062543
700023693	0.183139011416771	0.129907716647157	0.112644599736558	0.179977017990846	0.160233257457528	0.105419795323991	0.169319545283556	0.0803256336132248	0.176720499792264	0.0817900027609554	0.120333865182164	0.121131085206722	0.109401205302562	0.134213045108317	0.111579798587771	0.163957218626948	0	0.127457098787755	0.179824585024863	0.170799368163981	0.15817291173177	0.132701698298635	0.153754766097526	0.177246222802987	0.170261141089252	0.171228433943942	0.137936535915383	0.156130138928119	0.117915065251172	0.109786040743131	0.102021195218461	0.147256239625994	0.124764302110883	0.0987211497564307	0.181034102885751	0.129290134082024	0.140490313841304	0.109691122844078	0.182598403293364	0.098834498098623	0.141915451230288	0.104115694629183	0.127976977187766	0.149741673309463	0.102052682354782	0.126162971953333	0.136267044742025	0.0963371584758626	0.120764773771184	0.119984807949947	0.134933511596171	0.193458045039413	0.180435001652275	0.131819677778576	0.205064901035803	0.114786375651374	0.140528088771396	0.183838916263072	0.126541745527983	0.166501936359861
700109627	0.169549034043033	0.155115217303959	0.0946562312291087	0.182545640181555	0.161532773080422	0.071838063769472	0.167761430059612	0.142915941877425	0.165762459835842	0.105316052770775	0.114689884534795	0.112609844420017	0.12433057306864	0.12315475414614	0.116455318756654	0.141445035112543	0.127457098787755	0	0.158668034486436	0.162988173414007	0.155049897671357	0.119476502756113	0.153411906674231	0.15701160451685	0.153416547144735	0.166576604667376	0.137293110507351	0.161511405154948	0.151595443895434	0.118862772158015	0.0997567714065947	0.138629930425937	0.131615971324791	0.0924386225303578	0.17356817386349	0.144662846055145	0.11638123070867	0.0951860902018248	0.174778185889257	0.144886032318462	0.153570019048437	0.109411762148259	0.107402816053267	0.147303304773618	0.137277786024644	0.14364275626731	0.152415784052444	0.113931249997838	0.0973353641972028	0.118440519639489	0.113410942926527	0.185398080677142	0.17811395909063	0.126357512272819	0.18522491404289	0.13046836043258	0.143962201521537	0.172783973372997	0.127020435330774	0.163584136812356
700095416	0.0913330252380807	0.169141308796275	0.14657249575179	0.131128348041009	0.126010690038579	0.154179484941008	0.103336414347355	0.176261880719791	0.0936125710079294	0.160245882367977	0.126757120465948	0.144474161603922	0.158582664686416	0.139716827032032	0.154335092431342	0.1125386605445	0.179824585024863	0.158668034486436	0	0.118221630520034	0.103780944623715	0.121171152830868	0.118832864853092	0.0954106502082232	0.115497384312052	0.108157247093362	0.153449441272724	0.135765624386196	0.150877752353346	0.155887392356215	0.153589237179887	0.121615339432921	0.115441444793105	0.146197165032332	0.116153065097892	0.120951516481107	0.128759969642942	0.164136405869049	0.0902911242973352	0.180597625672054	0.102329355296725	0.142402477845118	0.126671373054346	0.114930859032774	0.141503458352816	0.130859149448734	0.112530170394443	0.14953982034061	0.140433463523784	0.138868448809513	0.114252881935674	0.105455602435725	0.120192065238239	0.115891083972891	0.116750949279722	0.155800137669299	0.120598110429549	0.101293441013541	0.13260337000452	0.116877482198956
700110425	0.104017296414713	0.153498009611783	0.138232598736201	0.0864618715440156	0.127685437384352	0.142396661675146	0.0727715488788952	0.170233115011704	0.103749988706004	0.156152821000818	0.113295935924961	0.133228842915669	0.142024565835915	0.135456565340702	0.134041497751596	0.134287023374727	0.170799368163981	0.162988173414007	0.118221630520034	0	0.0852631749841529	0.103069880780084	0.091288835536397	0.109466095903633	0.0635369114785698	0.1199754625464	0.165360988489153	0.129974900585417	0.134611834652511	0.135264293635594	0.159463547604954	0.108625013984032	0.106794053581581	0.140367743087391	0.123547739690346	0.0880669835933535	0.146601594234853	0.157943065592773	0.113216154889075	0.158516579925658	0.123706995556509	0.124494076558496	0.143758443676194	0.0833512638384394	0.127575961347447	0.126488762195629	0.125968781485721	0.127034890751493	0.134520490341243	0.112458888570195	0.11126558664221	0.0793175378846653	0.0583451894133844	0.121995528116433	0.12072187908245	0.151267889703914	0.0748706808500242	0.0716792205245065	0.105386406784517	0.0759427366268795
700111580	0.0919938322395908	0.150476880072904	0.134921125034654	0.102096308681725	0.132054866100171	0.138403381605101	0.0817396130317916	0.162563481104064	0.0971613136634773	0.140303973191168	0.11205455577039	0.131201685988217	0.139481341312529	0.136122152498498	0.133278918754014	0.12278872441213	0.15817291173177	0.155049897671357	0.103780944623715	0.0852631749841529	0	0.0939412397490219	0.0984875960592492	0.106124408265796	0.0680240443936053	0.131657860866101	0.163526483376773	0.140533789895004	0.124634181894037	0.140682063570654	0.150518399855567	0.0993377365010617	0.096210944096104	0.129130879348267	0.135331972422918	0.0927877408784221	0.154450849918576	0.149268994932391	0.116374204146907	0.152911176911292	0.107283257295488	0.122049862889863	0.135627335633488	0.103464737546133	0.116693442721523	0.114028417749016	0.112866079417358	0.118789855635679	0.122881606973961	0.108414652785801	0.110263375524185	0.0923364631638518	0.0961879198933169	0.0959111149907753	0.124598113887549	0.143387207341404	0.0730959583509538	0.0746043993335191	0.0982679561986966	0.0817819311013047
700111302	0.123222159576313	0.125796677322246	0.0830227998078675	0.125809092872769	0.138890153768433	0.107334090688498	0.102059372343326	0.134750664026574	0.119259626223239	0.122611318604462	0.0777173969733901	0.0754219865130046	0.103472248352123	0.127970111207418	0.110235129999627	0.111218720947224	0.132701698298635	0.119476502756113	0.121171152830868	0.103069880780084	0.0939412397490219	0	0.12021152080822	0.119672574287313	0.0935451819891656	0.136945247517313	0.137579297841999	0.129550811678858	0.123172806000269	0.121162131230866	0.111376484892987	0.068787560035827	0.0800849147337833	0.0939086660135439	0.149486272432765	0.0871842493971867	0.127895469925301	0.124760068779061	0.130831715003614	0.126180119042626	0.109040604894903	0.0853240897935695	0.120553447681587	0.0844320920809368	0.0993068283068275	0.122279773066068	0.113057308949021	0.0864054936241816	0.113920064784919	0.0717673749512553	0.0806680269326643	0.129288583304568	0.119346302556186	0.109914109767652	0.158813574270531	0.111314045070623	0.101604708981326	0.11136568295831	0.0805290556050876	0.107610289281469
700098605	0.107719761952378	0.127956112044369	0.131066077985862	0.101043619690899	0.126219209061268	0.134692204611796	0.105603140412649	0.164222602409501	0.112463122415253	0.142696412785704	0.121766388023773	0.138720303671693	0.146398839153086	0.103626721717022	0.128004797717812	0.139760271133051	0.153754766097526	0.153411906674231	0.118832864853092	0.091288835536397	0.0984875960592492	0.12021152080822	0	0.105598518455691	0.118498620317427	0.111958553582174	0.144150565400502	0.130149857318136	0.133809652323962	0.123907067854129	0.142943075013245	0.120229644928482	0.115270841897354	0.125110282106535	0.11931209129315	0.104929052183558	0.136607650976891	0.135708165476471	0.115507569595942	0.153492710780234	0.124303994303913	0.134903373967487	0.132632523695523	0.107102150690535	0.138230048678345	0.119920016645195	0.112471249122954	0.126324447336205	0.119308811794424	0.122008818661117	0.119999591814303	0.103537719380779	0.0984903424000694	0.113301444266562	0.116601657902061	0.142288329559557	0.115777160473222	0.0910367469378153	0.111544045224563	0.0822904489410165
700111991	0.0720876264955234	0.158330557692549	0.141831722730135	0.11151601415331	0.127773858151805	0.158106506285162	0.105324378493368	0.181432584205428	0.107468632294782	0.161016020907387	0.124463337811815	0.161292362574889	0.161607146112135	0.135967215035676	0.15969878812512	0.108392121545988	0.177246222802987	0.15701160451685	0.0954106502082232	0.109466095903633	0.106124408265796	0.119672574287313	0.105598518455691	0	0.108814596820284	0.098744003344481	0.148023377920941	0.130614110817424	0.147283717129201	0.160493867527954	0.159271323140254	0.131181582225839	0.125286776267379	0.145756813994973	0.100102374239571	0.117980050671683	0.135508560121921	0.16598787659534	0.102387496656537	0.17746511538197	0.111652565571816	0.156196865115273	0.139773623510278	0.124040940187225	0.142083061595133	0.127342437806889	0.108266377915066	0.14854433377614	0.141037373820835	0.144073497040602	0.12223045402745	0.104300268229958	0.105777801648875	0.112991877939275	0.0967287982293652	0.159306126555472	0.124673678963638	0.0924188343915171	0.134136895090822	0.116148083120496
700108960	0.0955235293561239	0.162545383913387	0.131501984454972	0.0958460889254749	0.13726528010338	0.137730152342383	0.0702725609252042	0.172238558281026	0.104894082886136	0.15395064887735	0.107401059176775	0.128912809477033	0.14488159235821	0.147024139133211	0.139815927399666	0.124341695345886	0.170261141089252	0.153416547144735	0.115497384312052	0.0635369114785698	0.0680240443936053	0.0935451819891656	0.118498620317427	0.108814596820284	0	0.14244192393593	0.179712942268203	0.142740020532488	0.136480594069795	0.140486570878369	0.15618516188272	0.0967928323375003	0.114085046336351	0.137876429156399	0.134112291388856	0.0971234303749848	0.149361192650976	0.155691857761317	0.118522520667719	0.158309156334558	0.124600014289367	0.120712700850632	0.142536172005332	0.0969724267858033	0.128573003720597	0.138658697495323	0.133130463690752	0.129672102309464	0.132320408161493	0.105132844569309	0.105293027369511	0.0930205756681868	0.0746867030389301	0.109688518124005	0.121289758957884	0.154463237412574	0.0721267319655105	0.0771984838050612	0.105117294553878	0.0790298904884592
700024452	0.114423276118585	0.145576948292275	0.147179429749585	0.114487989599822	0.104340412860283	0.147252452757869	0.122166795032429	0.173485399487158	0.115487193338603	0.154541276915458	0.13658381778442	0.148599854609973	0.155583425653552	0.119181085640433	0.146678443943068	0.138496685573382	0.171228433943942	0.166576604667376	0.108157247093362	0.1199754625464	0.131657860866101	0.136945247517313	0.111958553582174	0.098744003344481	0.14244192393593	0	0.149652168435881	0.121084552118655	0.115572559871728	0.148116673394177	0.163828338607973	0.150563916593181	0.126479954417467	0.137919003131716	0.0760839192238887	0.127574392737617	0.137327821017512	0.151716574802399	0.107224556076701	0.155844012790176	0.123890452080678	0.144825905981232	0.147472035012781	0.129826463318976	0.130186723990292	0.113474147425188	0.116966722645128	0.146648273448449	0.142214240353084	0.148353334527536	0.127402901108106	0.11207799811378	0.117752779098075	0.134760574219531	0.112808287517777	0.153470151971323	0.122237258495544	0.118817126405699	0.123567872533192	0.137222714422238
700032931	0.154116658690079	0.130698631449219	0.13415564433068	0.179422400095609	0.150022415880396	0.135742470616638	0.17763632357665	0.135925111989464	0.157419624294033	0.133670087074322	0.133613465125316	0.146244538197522	0.14260627229913	0.134516486722024	0.136348785664611	0.14642826953565	0.137936535915383	0.137293110507351	0.153449441272724	0.165360988489153	0.163526483376773	0.137579297841999	0.144150565400502	0.148023377920941	0.179712942268203	0.149652168435881	0	0.131521665910068	0.147578326122912	0.130726923064428	0.139146746090809	0.155355378289004	0.137008682713172	0.129721415279758	0.147569933192742	0.15134857746779	0.131116521438872	0.14026448852196	0.148590211439586	0.146245356904069	0.147314900441023	0.136793364411886	0.134787852963442	0.151545188265681	0.141796955628377	0.141503348868325	0.127630177377842	0.129344288440998	0.136720734654154	0.141377951453545	0.147735438171611	0.181493147986531	0.160543758639556	0.1335915746211	0.156956338708325	0.134016626332933	0.160517294194105	0.17350103162617	0.141833712722069	0.170983101922545
700095837	0.127665879471137	0.132715372661664	0.14285502314395	0.150159706109866	0.123458930975382	0.155627568651717	0.146421314510207	0.146357780890207	0.128338255853381	0.144699548817274	0.121543594100566	0.142656507199249	0.130256023791828	0.146317076298014	0.140250138202087	0.123599449288779	0.156130138928119	0.161511405154948	0.135765624386196	0.129974900585417	0.140533789895004	0.129550811678858	0.130149857318136	0.130614110817424	0.142740020532488	0.121084552118655	0.131521665910068	0	0.113954731042348	0.117901032457621	0.150429617705265	0.144081099651254	0.11156960930255	0.131139617263944	0.129073176505448	0.139490577822538	0.125051763052227	0.16211648642754	0.125191852912526	0.152211164663716	0.115896376587842	0.125301948685628	0.152596736090203	0.122115839316139	0.117624394725377	0.110086346205355	0.118678119948652	0.135414869464234	0.146796815423002	0.135318488597423	0.136167246957952	0.145253830713918	0.130357207664769	0.140088405413556	0.144365376243623	0.126228462736871	0.132833353640993	0.140466690817314	0.137576104099935	0.146880932495337
700024548	0.14538294907444	0.117039227455785	0.128993752479955	0.134197148437802	0.134257604569084	0.111140391930514	0.138388986619501	0.119151771431858	0.161371474797195	0.107615777836725	0.13409919129988	0.125585314083423	0.108165018078204	0.120307204400463	0.104669020170215	0.155188420376379	0.117915065251172	0.151595443895434	0.150877752353346	0.134611834652511	0.124634181894037	0.123172806000269	0.133809652323962	0.147283717129201	0.136480594069795	0.115572559871728	0.147578326122912	0.113954731042348	0	0.104714527293234	0.122562804893841	0.148635717677931	0.114451821341082	0.10831444742356	0.136144398657258	0.117804659283371	0.145027969334228	0.124039105751534	0.144984301440131	0.112003806356536	0.130551112198464	0.105688922538592	0.131809686777793	0.142841889762908	0.0788959475086212	0.0804262284960583	0.126873930997363	0.104745928375235	0.11466703246966	0.121544682911049	0.123553078051669	0.151430096317677	0.138569669277512	0.126711779572035	0.160254049763007	0.115956896912906	0.110621707132099	0.143440102069835	0.10581167532955	0.14972227322645
700110161	0.158135986969066	0.122128698734193	0.103912232469899	0.15586350152258	0.138815608723826	0.0954098344576657	0.152484097651768	0.116105901082101	0.15438246740268	0.0936067434089611	0.107808932927979	0.123679034162243	0.100840590700255	0.0977723751380083	0.0945656564533566	0.154032980257986	0.109786040743131	0.118862772158015	0.155887392356215	0.135264293635594	0.140682063570654	0.121162131230866	0.123907067854129	0.160493867527954	0.140486570878369	0.148116673394177	0.130726923064428	0.117901032457621	0.104714527293234	0	0.10597770083447	0.13617222126251	0.123630393476609	0.0894762703602209	0.161650651211237	0.127966532739641	0.12114855483444	0.10627474826611	0.157792311217406	0.114860174575745	0.143157133440768	0.0985348506219223	0.128080882508733	0.13229582182244	0.109451848920796	0.11722657551592	0.137856224372136	0.0944969541498563	0.0933800608412971	0.108075386004759	0.125049466927562	0.162881259395449	0.146259881127889	0.126299920687856	0.176971697654862	0.112053593531561	0.114888887155194	0.153104269277735	0.101991698881305	0.143771485468552
700023496	0.165651161927216	0.132333134076941	0.104845053712402	0.17617714467349	0.148987618727792	0.0782106375252975	0.160687992439338	0.109215712216557	0.164403406495157	0.0934399414365472	0.104580140767789	0.109059560058348	0.104163463338516	0.114588524387525	0.121255242142417	0.147727879629306	0.102021195218461	0.0997567714065947	0.153589237179887	0.159463547604954	0.150518399855567	0.111376484892987	0.142943075013245	0.159271323140254	0.15618516188272	0.163828338607973	0.139146746090809	0.150429617705265	0.122562804893841	0.10597770083447	0	0.136758323206911	0.104953125652539	0.0842210980949175	0.170414885971415	0.12474868567935	0.122097564330477	0.108529932911666	0.162532136869242	0.126191719512685	0.126527286950783	0.104510617454341	0.109359700921056	0.146006818640248	0.102550741623468	0.112554558171943	0.133882237534943	0.0992680727580096	0.0950975858778344	0.118559300359844	0.117581479442022	0.182014808834331	0.172520792962112	0.12094054517191	0.19033467337183	0.108718154063854	0.133654635891256	0.167624227926784	0.128477999178175	0.159611427545115
700034628	0.126196036811634	0.146244152134349	0.100446457933541	0.134874304069001	0.142728382785778	0.128926268767178	0.0829660214075169	0.144915971933163	0.0989439373454837	0.135351580269425	0.0987983907936876	0.0925308843671769	0.115794415465934	0.146283822008198	0.116562799025954	0.117205223150878	0.147256239625994	0.138629930425937	0.121615339432921	0.108625013984032	0.0993377365010617	0.068787560035827	0.120229644928482	0.131181582225839	0.0967928323375003	0.150563916593181	0.155355378289004	0.144081099651254	0.148635717677931	0.13617222126251	0.136758323206911	0	0.100217742806607	0.116389104315564	0.156436474955825	0.0862716719621885	0.144992195207145	0.129108132568309	0.131216411501074	0.136442482539426	0.124251957935579	0.0994894431372561	0.134284736375433	0.0711844690154117	0.119790664242438	0.138116656598807	0.127764894281808	0.101319293804278	0.136771603323139	0.0770164972868865	0.0965380756344581	0.123804560593046	0.116165959411369	0.127309849523682	0.164888304723408	0.120755550423895	0.113857248382637	0.10601798225653	0.0942200089614797	0.0775369822684973
700023645	0.121596341999946	0.125946035629467	0.117551906215766	0.137140624538315	0.123363101147869	0.11554780222729	0.113878735416702	0.124485586026325	0.110361836355042	0.109742659189189	0.0844640287888796	0.0995686505734538	0.104382444678329	0.128475548601127	0.124081025048991	0.120889602179611	0.124764302110883	0.131615971324791	0.115441444793105	0.106794053581581	0.096210944096104	0.0800849147337833	0.115270841897354	0.125286776267379	0.114085046336351	0.126479954417467	0.137008682713172	0.11156960930255	0.114451821341082	0.123630393476609	0.104953125652539	0.100217742806607	0	0.0975410200790997	0.141142113917789	0.0868696373151827	0.12302192431047	0.138795694077962	0.121913171945372	0.128498984962199	0.0981526373082437	0.0981793652581045	0.109532925401965	0.0986994236008916	0.0963296656209274	0.100925554411135	0.105535894783132	0.0940814067370719	0.117256055577589	0.0948596526172943	0.0990388631426483	0.121891337717334	0.12827935903911	0.111277548843729	0.144436967770975	0.106186344672965	0.0973148639723748	0.118614295035209	0.0973167657570975	0.118167492508325
700038744	0.156405537248182	0.123806375955878	0.085463534620587	0.156385613105844	0.13943670819158	0.072066691113666	0.14739969139909	0.118443566771447	0.146555229120144	0.0810808107240828	0.0960247326497947	0.093502188173584	0.0858668034660756	0.104125548853767	0.103296463006927	0.132890308552445	0.0987211497564307	0.0924386225303578	0.146197165032332	0.140367743087391	0.129130879348267	0.0939086660135439	0.125110282106535	0.145756813994973	0.137876429156399	0.137919003131716	0.129721415279758	0.131139617263944	0.10831444742356	0.0894762703602209	0.0842210980949175	0.116389104315564	0.0975410200790997	0	0.157387537741537	0.110717796471381	0.110795945919142	0.0927123867756301	0.154074076924951	0.104819128274396	0.121817535956844	0.0847278634264261	0.111046429551471	0.126507310797521	0.0899483820195241	0.108096545679521	0.124272338617987	0.0778866878666715	0.0873657779128091	0.0960819105103825	0.103290075325398	0.164564295398707	0.158180424522432	0.112261229319359	0.176038150271235	0.100313130611152	0.120004501397793	0.147387313059768	0.0977847382079434	0.144399015707967
700038485	0.115245283309454	0.146668035230473	0.158283622082035	0.118154529212806	0.0990170217156823	0.1600821263565	0.123737948848851	0.183066446943695	0.110088082435478	0.165966114767628	0.146279092071059	0.173338808655079	0.176026577821147	0.128461844627646	0.16575174344988	0.134872089840713	0.181034102885751	0.17356817386349	0.116153065097892	0.123547739690346	0.135331972422918	0.149486272432765	0.11931209129315	0.100102374239571	0.134112291388856	0.0760839192238887	0.147569933192742	0.129073176505448	0.136144398657258	0.161650651211237	0.170414885971415	0.156436474955825	0.141142113917789	0.157387537741537	0	0.132873424325753	0.140660487005829	0.165416412314498	0.0983325691597276	0.177530748359733	0.135929426460166	0.16529631709917	0.147347449587362	0.136017549365745	0.153660864008692	0.130536380478228	0.118335664427706	0.164089619528337	0.153482774833838	0.160891133027587	0.138299451225658	0.106778556651505	0.101496921135133	0.132748968768544	0.102166091771581	0.171558502352045	0.138768791019079	0.117648864108769	0.142100812486724	0.136703257265327
700024743	0.11955309175249	0.135238359939543	0.110321450258904	0.116679444559875	0.13506809159427	0.11634987541473	0.0922739751362817	0.127479391605527	0.115021511775394	0.12503207263034	0.0904291262169137	0.111040613389005	0.121998014937036	0.131855869927352	0.119491104786481	0.135063790312908	0.129290134082024	0.144662846055145	0.120951516481107	0.0880669835933535	0.0927877408784221	0.0871842493971867	0.104929052183558	0.117980050671683	0.0971234303749848	0.127574392737617	0.15134857746779	0.139490577822538	0.117804659283371	0.127966532739641	0.12474868567935	0.0862716719621885	0.0868696373151827	0.110717796471381	0.132873424325753	0	0.141456662592117	0.125974275441674	0.119506079921542	0.130704886050564	0.121809890630234	0.113146109490213	0.127971702784856	0.088878100757703	0.104702011002572	0.116447863778636	0.114619412044306	0.100993504692612	0.117050470274269	0.0967604820553005	0.0965001683705709	0.110104130980183	0.105542425072966	0.105068016578164	0.136536790134344	0.134288330104334	0.0970874799463423	0.0955642463429884	0.0928069449474105	0.0935680591567633
