700108602	700014971	700033565	700109389	700023058	700023927	700106341	700114221	700023543	700023439	700016978	700024192	700113058	700099448	700109870	700033928	700023693	700109627	700095416	700110425	700111580	700111302	700098605	700111991	700108960	700024452	700032931	700095837	700024548	700110161	700023496	700034628	700023645	700038744	700038485	700024743	700099596	700110760	700101587	700106399	700032322	700095653	700021312	700101230	700023590	700038905	700033136	700023382	700096424	700105469	700016908	700096053	700108479	700109569	700033814	700016125	700109756	700102665	700101777	700109455
700108602	0	0.222139974147694	0.304539072653101	0.228091192529973	0.210332840450334	0.294418403918113	0.0975178224693618	0.293712264390864	0.136747992034656	0.270991952644478	0.200206705761952	0.322112425911132	0.300540953279328	0.230341571631331	0.321242105407814	0.169836094124452	0.286398191745058	0.271586440023	0.126982518215511	0.102772780164243	0.148633665937455	0.22878660514582	0.124325833788287	0.0812183489866638	0.153704528978165	0.213076154355698	0.241352507730691	0.300738942347915	0.282472094799795	0.308518727123033	0.258773635841911	0.223143965329173	0.238453657318508	0.279703067157974	0.167457146119063	0.135984598108386	0.21888930195372	0.292960688984672	0.0970865228595177	0.353815863844569	0.148649345833326	0.322421150251865	0.188725258188713	0.158464867509263	0.279106334305243	0.213341388128031	0.174954475172407	0.289447271542771	0.239099724882743	0.291840582763044	0.254805921852463	0.0951356665843492	0.124930499435864	0.120850585857104	0.132858223976059	0.290759873035638	0.15096539204005	0.102756444887522	0.278478096327178	0.127891346057875
700014971	0.222139974147694	0	0.287616608110175	0.334558393436424	0.134675600083769	0.263936001778617	0.245554981990905	0.218191784065002	0.199179892083653	0.181766663658185	0.196113936563562	0.306061714377476	0.209093826054636	0.153187565917044	0.257229447041964	0.222584303761911	0.178587058522219	0.255613263374145	0.218128110664182	0.21125902161032	0.248574027348094	0.242042973820768	0.194919163295819	0.230351992140982	0.304851567080544	0.161432428078213	0.144951589430286	0.196021913480545	0.156769394362022	0.201543225171545	0.161229358206366	0.262153281611258	0.162098556889408	0.165513111489791	0.171492839043817	0.186738428571006	0.24395537150845	0.256363139331744	0.177490814969862	0.243104654644332	0.175939852696943	0.222826915780163	0.162126164279	0.230239915763882	0.161014655711065	0.152571575114424	0.134754246685981	0.207275199848193	0.197302110973921	0.287538071558251	0.286064118271526	0.201262813486411	0.237245169268738	0.171868057118632	0.278430169909429	0.205822584873257	0.22820807635923	0.264348477875113	0.267728544303272	0.2387916882356
700033565	0.304539072653101	0.287616608110175	0	0.439372011933613	0.311939904012955	0.0817199316912579	0.325825758012614	0.1579103984196	0.254570322451846	0.153047527607341	0.157259766884521	0.084620558750813	0.165950803867661	0.209386987005627	0.179879022142764	0.167869436150936	0.203737174209699	0.122570483627759	0.246263873313514	0.283672976513045	0.240563278158758	0.102881984366482	0.324393747007882	0.276641819844063	0.274713576557734	0.33523238624322	0.21503554252751	0.3497984092412	0.302937569717331	0.190280839694635	0.179500334259547	0.170621232212674	0.182582783980725	0.151218997990573	0.339547033424217	0.247760700597489	0.256093693869441	0.133904285238379	0.29883705034008	0.24034984363921	0.242497720220231	0.144246664827424	0.223213489559227	0.239665736525945	0.240389155183575	0.235077793096779	0.231034128627627	0.169948460376081	0.164302791398856	0.0688158062476555	0.119395548007185	0.294945296519253	0.35975899755051	0.2259351967644	0.386889572753894	0.145092921754162	0.212103183236429	0.273196953917086	0.066858825401779	0.280778325258853
700109389	0.228091192529973	0.334558393436424	0.439372011933613	0	0.33088689124003	0.441805557480797	0.193226619968105	0.418338516314796	0.304565565427825	0.405335201557386	0.353830069105523	0.448546622478275	0.417451594349158	0.374004658199676	0.42911140136157	0.329162127513716	0.416086903032677	0.428025730489062	0.318974525011729	0.237589994679839	0.294134671548595	0.380453781613724	0.21145737394649	0.262577067843319	0.281718622811747	0.296191100886973	0.381962468993396	0.414094004999623	0.35638143664876	0.420709249853548	0.402555037777663	0.381126230493808	0.369473389366687	0.400064976372107	0.253400733531665	0.282259096901492	0.380873748565901	0.434815635424967	0.263080432928567	0.42310236068147	0.292464721134932	0.431805429575313	0.345113208188919	0.322831043957626	0.393008827166982	0.323252926124827	0.339816168683558	0.409788985049761	0.389510307944299	0.426756873480883	0.401486197410122	0.238028395979705	0.147804721970581	0.295572595483789	0.199746927330262	0.411161152936475	0.289092036711675	0.248966665579811	0.410671273730704	0.266512308721789
700023058	0.210332840450334	0.134675600083769	0.311939904012955	0.33088689124003	0	0.2698070918934	0.229053754654574	0.25137832522786	0.186631906943076	0.221183604532693	0.211817792715603	0.323954579346193	0.255310153605387	0.162115434950751	0.288560699387839	0.217538710449136	0.218188290570502	0.258060172192143	0.194228743116065	0.218589669838294	0.241782313707501	0.264027133906232	0.189676282267649	0.198199175290266	0.305031442204926	0.162532599498224	0.169774137628166	0.24420102961152	0.212540179917785	0.241619114946106	0.197063380501584	0.276706840768039	0.189823329400101	0.215426277150742	0.171794612858012	0.219906713781963	0.18377695043637	0.236115708095683	0.164865075058477	0.297972090566795	0.162279328198169	0.262470844045504	0.150640224335635	0.251392385844631	0.207563756342088	0.18531273159795	0.132310201272589	0.241532702846897	0.193550259468007	0.31022525049162	0.29543976800316	0.186894049905351	0.238016226371921	0.175617757087109	0.251225487668582	0.241132883315669	0.246017231399404	0.250164504266671	0.291793806382569	0.221236269980689
700023927	0.294418403918113	0.263936001778617	0.0817199316912579	0.441805557480797	0.2698070918934	0	0.328399330775423	0.150004258573336	0.249816502903619	0.114253283941904	0.156699321959016	0.118391878306207	0.153207862790233	0.156023346595256	0.186183905700341	0.168612673283001	0.176633587207293	0.0872529818592789	0.226538739465451	0.282781363600703	0.225066118626922	0.142621913068074	0.301086890651153	0.260003017718941	0.274895382783883	0.315037244582455	0.192130740000161	0.347529675498363	0.28801610435519	0.193614560399766	0.127397930477444	0.177053116235069	0.179617746166974	0.13667032089279	0.323769254733201	0.250684740124146	0.221633869769663	0.096499729665346	0.28713888098524	0.226039974208819	0.218345665894462	0.131623726395893	0.193573494918421	0.238991748606991	0.222694020266518	0.210906811148552	0.198996216814696	0.16419403731153	0.108484407185758	0.0999038770455861	0.154356665386151	0.289869375745207	0.360457391892921	0.207628282442676	0.369614489136212	0.130488281336415	0.195500868321094	0.271689341363036	0.0934789028284561	0.269700392007926
700106341	0.0975178224693618	0.245554981990905	0.325825758012614	0.193226619968105	0.229053754654574	0.328399330775423	0	0.297512218509312	0.127040090147942	0.285739900313063	0.218803409030809	0.333312744355007	0.298022903461763	0.254737907497585	0.330516049898024	0.197347194671548	0.301954177379598	0.314882685924928	0.165085879716575	0.103109661800568	0.156065310552824	0.246391834601794	0.127170045241366	0.125370204434701	0.130699349004909	0.244239588146954	0.286139440853246	0.336558837329411	0.296459128933554	0.311918773591634	0.274526858913204	0.215152431885343	0.242444949365799	0.28143506240192	0.191601047490922	0.12577508116156	0.25935498934623	0.321482169951392	0.133077052095213	0.365577224531107	0.167896670038583	0.316112759829295	0.204381325724828	0.161735023702161	0.273562412377765	0.235603419124078	0.207694444349442	0.284460361762016	0.270410142123385	0.305926486233548	0.291369774344795	0.104413544110574	0.0912882935270403	0.14985210570925	0.149821852348984	0.290133666841137	0.170615891902851	0.100854422106439	0.295924602988825	0.0998478469401093
700114221	0.293712264390864	0.218191784065002	0.1579103984196	0.418338516314796	0.25137832522786	0.150004258573336	0.297512218509312	0	0.235758967247358	0.0833064510541507	0.190653418352215	0.182251469092616	0.0685804804558813	0.140457684521273	0.110794298380883	0.219118360576685	0.0976586053331875	0.189860981271012	0.254004528881761	0.251720732974518	0.257086428052805	0.212838724017396	0.28755115049023	0.27868585401228	0.335446106760854	0.298746384919913	0.147667685208887	0.285761657204067	0.220453517656411	0.118651920407873	0.120787832309795	0.234622191800001	0.16375683897671	0.123311073589532	0.309826341635827	0.216504863517725	0.242047852184133	0.0992962687001209	0.267940633845009	0.135382179068795	0.200450920391544	0.10834328079947	0.201802650600858	0.242240107392691	0.159835251912054	0.164485387613465	0.173597648409255	0.0748457177812051	0.154104811811146	0.176063458667806	0.239668098621984	0.261386051384765	0.325973621342528	0.209758846565327	0.386256272756809	0.0715719902615593	0.198729799554089	0.310177035943146	0.156328050771338	0.264299251759152
700023543	0.136747992034656	0.199179892083653	0.254570322451846	0.304565565427825	0.186631906943076	0.249816502903619	0.127040090147942	0.235758967247358	0	0.205623432594533	0.152390538146616	0.27050369897536	0.239465299577561	0.199129800332718	0.273770510540583	0.12692243423923	0.234810328997713	0.239142493374236	0.0972951092992843	0.145305055311479	0.146377133430298	0.186132333581506	0.174171305475144	0.116452196900026	0.171107368519578	0.217674540790848	0.218050156658489	0.291996008587155	0.277576023072688	0.249227813315084	0.196749157962621	0.137090254093778	0.177146522562233	0.210404115842896	0.19042545911761	0.127107905400377	0.202740982576962	0.244222825645987	0.121666168253049	0.31105764659478	0.122557964153105	0.25534328821166	0.14167911261316	0.104370359503749	0.227070705474311	0.201398132031574	0.139950342387394	0.225329953947565	0.198160694519853	0.238180410760031	0.232411201315595	0.0966333770426478	0.183327312460893	0.111252077800954	0.226231188577785	0.22101541304044	0.166218287394791	0.123743968995874	0.234579190986015	0.0963288267786603
700023439	0.270991952644478	0.181766663658185	0.153047527607341	0.405335201557386	0.221183604532693	0.114253283941904	0.285739900313063	0.0833064510541507	0.205623432594533	0	0.156847422036984	0.174127107958101	0.0850594793109632	0.105944902705043	0.148424449172846	0.181676440681576	0.0864493212621391	0.136172631066862	0.222629107282443	0.226174249504374	0.222478807295313	0.192482427608152	0.262131474727664	0.23515152611926	0.30381899333107	0.277478372558374	0.137649771114141	0.271078248229145	0.209621403838566	0.132440460868823	0.0648834514085068	0.213508488331286	0.132877261965625	0.0884643237375133	0.282835635487866	0.195605882130173	0.206873736510622	0.102728720594145	0.245022662390861	0.156677537912608	0.166680428745278	0.112453790329746	0.159230763101278	0.216141059461839	0.138833572159671	0.142514456020348	0.143318432372162	0.0996537234523258	0.0961982509365212	0.167992334281043	0.210127677196352	0.237206423415305	0.31514094695076	0.177235744318508	0.357209189389065	0.0838724670020803	0.169140492404067	0.271012446397552	0.156989010200148	0.241748736491909
700016978	0.200206705761952	0.196113936563562	0.157259766884521	0.353830069105523	0.211817792715603	0.156699321959016	0.218803409030809	0.190653418352215	0.152390538146616	0.156847422036984	0	0.166372586787265	0.196318673106664	0.173326029363741	0.2444697057686	0.0735084992236456	0.196719960635466	0.122825179282612	0.16591607046971	0.157361989658027	0.162385186187261	0.0871449052841837	0.232535563873421	0.167241157831534	0.184110562171506	0.258069237872495	0.193331522664413	0.274668756649103	0.259780377887798	0.208693696628917	0.142284325295044	0.119995830135969	0.0933061868121867	0.132531816985341	0.248271364111751	0.148369488855613	0.197660819024808	0.193045996680238	0.178979540183577	0.269158879772638	0.146770223141968	0.162234654150275	0.12336734778311	0.144549698141852	0.176187018989496	0.183463155603896	0.139219339493839	0.185200173066726	0.130481701555992	0.1539150566562	0.142775474064285	0.185094856654427	0.24656581585782	0.137531743253164	0.291904571150875	0.157608574956454	0.157901743060595	0.171458415605933	0.138831281137236	0.192104778522937
700024192	0.322112425911132	0.306061714377476	0.084620558750813	0.448546622478275	0.323954579346193	0.118391878306207	0.333312744355007	0.182251469092616	0.27050369897536	0.174127107958101	0.166372586787265	0	0.1865283001073	0.238354613461623	0.191014244544482	0.187238535562002	0.207038298681396	0.142644055338928	0.266287112719351	0.285541918480702	0.238935284476002	0.115911322185742	0.337246859597237	0.295539069022576	0.291195488627518	0.356682815748653	0.257103268982634	0.360961960884168	0.307708548892712	0.235800554413289	0.186010828514918	0.184840267896382	0.185848603301979	0.169885464337004	0.367837771329527	0.25352060582194	0.28470419320072	0.167014827780575	0.322707463348112	0.247213751614368	0.258134783637923	0.141793864810622	0.244044043250153	0.248678135575057	0.218829659516188	0.239997415652603	0.247470520552266	0.169715927645167	0.176507072036021	0.0741490155266658	0.121861623690964	0.313410750253072	0.370053227627243	0.247129839209797	0.411559377834119	0.156134990123888	0.215016318326868	0.288866764329133	0.11371346926473	0.289504293730234
700113058	0.300540953279328	0.209093826054636	0.165950803867661	0.417451594349158	0.255310153605387	0.153207862790233	0.298022903461763	0.0685804804558813	0.239465299577561	0.0850594793109632	0.196318673106664	0.1865283001073	0	0.143776583806479	0.11815183628156	0.225994709759797	0.12172821322125	0.188141892870862	0.260874210422537	0.255382743544015	0.262138861672931	0.221009791472495	0.292490830459679	0.287090227197543	0.338637218857655	0.306021279864884	0.15167494874461	0.277205411699203	0.21562651948861	0.131742825958439	0.123811205746281	0.238001441286501	0.167523259727055	0.118450750023745	0.318704620567144	0.228051420514793	0.251429864381727	0.128764141438348	0.273478937030173	0.144713799157595	0.209488304359481	0.105833220634562	0.216249394662881	0.248216563188352	0.155281094839011	0.167481783690646	0.191859327710576	0.0825376000616405	0.159152997635606	0.182523820542746	0.249044446344763	0.261796146259747	0.326765254881141	0.223850883461521	0.392054736859317	0.073295492744816	0.202117235422165	0.314812753222043	0.16203616765161	0.268205205060026
700099448	0.230341571631331	0.153187565917044	0.209386987005627	0.374004658199676	0.162115434950751	0.156023346595256	0.254737907497585	0.140457684521273	0.199129800332718	0.105944902705043	0.173326029363741	0.238354613461623	0.143776583806479	0	0.185583443267153	0.189120951588061	0.121908771294104	0.1659528002105	0.1862853775056	0.210310608905438	0.222970828769055	0.217227895201308	0.22144148726121	0.20650413618181	0.297977880920532	0.204982285515827	0.0927193084426384	0.246669338171896	0.184410218714034	0.152477597453152	0.095045484357189	0.239813794563617	0.143481629298388	0.12282371838083	0.226393116244331	0.192245013172616	0.175420658761864	0.141033499973789	0.200263052777615	0.208844022330598	0.151936926983961	0.168513183336146	0.127988071596101	0.226331300958937	0.147277124144904	0.127321439440996	0.107345249018457	0.140704548415454	0.0985257963764092	0.215142100303066	0.228314603689747	0.202237350669704	0.278322889850628	0.160299542478892	0.298117073370003	0.136741262289183	0.172358879879867	0.258904690960073	0.190772850901332	0.229867838225557
700109870	0.321242105407814	0.257229447041964	0.179879022142764	0.42911140136157	0.288560699387839	0.186183905700341	0.330516049898024	0.110794298380883	0.273770510540583	0.148424449172846	0.2444697057686	0.191014244544482	0.11815183628156	0.185583443267153	0	0.262696216111699	0.135323813757133	0.234053949752315	0.289775881618186	0.298016233843416	0.269043559134646	0.254202525209231	0.311695013662238	0.316389120936361	0.368301487807414	0.329433052229144	0.192379966096693	0.322078386869183	0.22998047615162	0.155820312376252	0.182896100512024	0.274536422161676	0.222930056743898	0.178385209034664	0.343091273090443	0.265882693197469	0.289266301902235	0.123213892201331	0.307557981605802	0.155166161726311	0.260996801118549	0.142323022668799	0.263830094297487	0.281661562423419	0.188916652134147	0.182017706664191	0.229908527033936	0.1087700878517	0.193112326711558	0.198653571542277	0.273275584975593	0.303645181311461	0.351877032958705	0.250512088303004	0.402802644109353	0.132813557053626	0.230234626676429	0.344061998325098	0.184739094645401	0.304815131685854
700033928	0.169836094124452	0.222584303761911	0.167869436150936	0.329162127513716	0.217538710449136	0.168612673283001	0.197347194671548	0.219118360576685	0.12692243423923	0.181676440681576	0.0735084992236456	0.187238535562002	0.225994709759797	0.189120951588061	0.262696216111699	0	0.221846593452054	0.150164295521215	0.138803151454081	0.168229419342517	0.143284521368979	0.105337112487464	0.227648343565773	0.129537945922178	0.175279012272685	0.234913927686248	0.21560287082716	0.291605158992293	0.275416158748204	0.231785521153005	0.171084154368998	0.116343583790789	0.109598330972755	0.16111397193156	0.231476778117728	0.166769676932255	0.199867793486418	0.206403332011597	0.174973139286354	0.295876086256044	0.135149444525776	0.18930501641957	0.138358859365951	0.150288235910271	0.200273516318513	0.189720722910006	0.145431845945325	0.213275962800745	0.155779423282123	0.16274415931366	0.133965435781243	0.155661444735334	0.232019974825158	0.145092461383206	0.267806177770814	0.186129888245356	0.152375404685774	0.134218797180813	0.149390977790172	0.160740405456728
700023693	0.286398191745058	0.178587058522219	0.203737174209699	0.416086903032677	0.218188290570502	0.176633587207293	0.301954177379598	0.0976586053331875	0.234810328997713	0.0864493212621391	0.196719960635466	0.207038298681396	0.12172821322125	0.121908771294104	0.135323813757133	0.221846593452054	0	0.19561246949964	0.249014628803779	0.257945277201036	0.23746814786713	0.236246989411366	0.272888520501889	0.2784063719069	0.344991495296062	0.272167411775436	0.136053435293186	0.26115677252006	0.177007915053315	0.143903758743563	0.0993902639521171	0.251083094433092	0.152394469119497	0.110571962686505	0.278334089051783	0.223311274646637	0.236028641759703	0.158530214026877	0.255060753994043	0.139773783500737	0.199030244750251	0.128082177268946	0.187649872089447	0.251195753443811	0.124599102092659	0.121932244258072	0.15420457227671	0.0938948891060694	0.142326807398886	0.216674345978779	0.259162775497481	0.257084442117477	0.320675762592048	0.19863742961404	0.373928508112191	0.114757371934999	0.19883082107446	0.311788839733956	0.210972845847866	0.272323471960095
700109627	0.271586440023	0.255613263374145	0.122570483627759	0.428025730489062	0.258060172192143	0.0872529818592789	0.314882685924928	0.189860981271012	0.239142493374236	0.136172631066862	0.122825179282612	0.142644055338928	0.188141892870862	0.1659528002105	0.234053949752315	0.150164295521215	0.19561246949964	0	0.237304896234516	0.256343740365192	0.251908428345143	0.142953082886369	0.302318327066418	0.23341083258074	0.273733841179879	0.303256790870032	0.192973428379049	0.316073841121546	0.315821363125905	0.208721514234245	0.12966295838724	0.188992906125237	0.161076205353805	0.149345689088135	0.308448179511437	0.235452239867311	0.188379170978167	0.131563500907253	0.264149072997454	0.265560689063504	0.220122755438656	0.169595782892163	0.171123720655566	0.222774272022479	0.229587010163683	0.231963915919998	0.197541919060607	0.203347523116475	0.0972812738057996	0.148210414427568	0.149049398524903	0.273581728219242	0.344040455299484	0.220107008825185	0.345326163305446	0.167101995011898	0.222956548305908	0.256444049824523	0.137341549844946	0.280665836769609
700095416	0.126982518215511	0.218128110664182	0.246263873313514	0.318974525011729	0.194228743116065	0.226538739465451	0.165085879716575	0.254004528881761	0.0972951092992843	0.222629107282443	0.16591607046971	0.266287112719351	0.260874210422537	0.1862853775056	0.289775881618186	0.138803151454081	0.249014628803779	0.237304896234516	0	0.164736666300159	0.12856323286298	0.1791808077156	0.179876703348084	0.104056659264648	0.172195448096102	0.216353968730141	0.208913657424525	0.306102896213897	0.279546309276565	0.276729715192043	0.209295700981847	0.150837691848822	0.196185027021777	0.230867087604155	0.192835894045042	0.151379626027599	0.186180248097898	0.24091224606892	0.120735737390011	0.324436339912247	0.120583941431065	0.277267541414005	0.131115164685908	0.147345361739789	0.23573422004609	0.200418731827858	0.128360909629379	0.247951869061472	0.188852668597694	0.233531510055321	0.214740810119921	0.132949531362437	0.208264491038914	0.0990038746546453	0.19644921258275	0.244270403414652	0.152321975915957	0.147911737037484	0.22619727083565	0.134836978680865
700110425	0.102772780164243	0.21125902161032	0.283672976513045	0.237589994679839	0.218589669838294	0.282781363600703	0.103109661800568	0.251720732974518	0.145305055311479	0.226174249504374	0.157361989658027	0.285541918480702	0.255382743544015	0.210310608905438	0.298016233843416	0.168229419342517	0.257945277201036	0.256343740365192	0.164736666300159	0	0.128892757682031	0.202727802538909	0.145218149224838	0.113291850691012	0.134516993532903	0.243931650417343	0.239468330828171	0.292001876732472	0.256180906317172	0.257787276081051	0.211172537715683	0.200648099920618	0.181872834921047	0.222104142349049	0.197536858339345	0.0949686194097979	0.24280192089915	0.268147114214056	0.135891378181101	0.326417068928655	0.145436957581732	0.257357831254264	0.150172473247188	0.12760019603649	0.216772696466709	0.192790338966231	0.157823489699277	0.239083274906145	0.213217236575909	0.265614064909698	0.246086261448036	0.103875774590946	0.121414834544586	0.12536599332328	0.200667264224715	0.232802639317361	0.121412278898783	0.0949938581594352	0.252149455316498	0.118360096814009
700111580	0.148633665937455	0.248574027348094	0.240563278158758	0.294134671548595	0.241782313707501	0.225066118626922	0.156065310552824	0.257086428052805	0.146377133430298	0.222478807295313	0.162385186187261	0.238935284476002	0.262138861672931	0.222970828769055	0.269043559134646	0.143284521368979	0.23746814786713	0.251908428345143	0.12856323286298	0.128892757682031	0	0.165173661548725	0.183748733107087	0.123507311369793	0.126888451090691	0.278881163383081	0.272890646082432	0.351225980380368	0.24863644548411	0.285725049916762	0.208064178844995	0.148000025331042	0.186338702816132	0.223121176688154	0.244508284855321	0.145784629491803	0.249875667131287	0.245736142348319	0.167303090343991	0.305859711067977	0.137427445042872	0.240865692547519	0.172475394141493	0.150189675973711	0.205684265363044	0.177294252912446	0.171440184134862	0.225973387150613	0.182063987614727	0.208229137343211	0.211558730228692	0.133857087098455	0.210052965057943	0.110597986308331	0.233293066134148	0.225643739317786	0.0982013941316613	0.111074995302562	0.199724912501596	0.12258440373122
700111302	0.22878660514582	0.242042973820768	0.102881984366482	0.380453781613724	0.264027133906232	0.142621913068074	0.246391834601794	0.212838724017396	0.186132333581506	0.192482427608152	0.0871449052841837	0.115911322185742	0.221009791472495	0.217227895201308	0.254202525209231	0.105337112487464	0.236246989411366	0.142953082886369	0.1791808077156	0.202727802538909	0.165173661548725	0	0.270115724134682	0.20643046914699	0.191953140459047	0.294333604539992	0.23963168261829	0.326187314751468	0.304413056180011	0.240646198984335	0.184095108184238	0.0992007845164	0.139025092872781	0.168072490974835	0.293846515778162	0.181369029195709	0.231595075415497	0.204243159194865	0.230585769015418	0.290156514672058	0.193461086396142	0.179405194605102	0.172516640251488	0.173496501771868	0.215655749888746	0.230947438042612	0.186275001514302	0.20062372385135	0.16715879544774	0.0828721400368922	0.0902710455685273	0.222525436025602	0.284553808302872	0.166432960373616	0.326075653721872	0.177097270198506	0.171256157223985	0.198433745323245	0.0992050165956873	0.212538729789248
700098605	0.124325833788287	0.194919163295819	0.324393747007882	0.21145737394649	0.189676282267649	0.301086890651153	0.127170045241366	0.28755115049023	0.174171305475144	0.262131474727664	0.232535563873421	0.337246859597237	0.292490830459679	0.22144148726121	0.311695013662238	0.227648343565773	0.272888520501889	0.302318327066418	0.179876703348084	0.145218149224838	0.183748733107087	0.270115724134682	0	0.15303832318068	0.201777333072548	0.216911492566778	0.235143436680917	0.299480548140663	0.265245107637363	0.309152147583587	0.252166977713766	0.258358341601305	0.248932903970266	0.276096388758772	0.185078629815631	0.158471891732384	0.246475921267848	0.296444835081943	0.126442461545803	0.322006094220802	0.158531556052926	0.319174732724737	0.204797964457386	0.203205470652653	0.279730148648148	0.191418903863858	0.173019172447579	0.283139298153447	0.243254336204945	0.311919579119338	0.297387217739339	0.151712910023843	0.128705271362557	0.155124225623163	0.138165269544753	0.283460441600156	0.19378290132463	0.171763952374213	0.294238243991585	0.136155549449518
700111991	0.0812183489866638	0.230351992140982	0.276641819844063	0.262577067843319	0.198199175290266	0.260003017718941	0.125370204434701	0.27868585401228	0.116452196900026	0.23515152611926	0.167241157831534	0.295539069022576	0.287090227197543	0.20650413618181	0.316389120936361	0.129537945922178	0.2784063719069	0.23341083258074	0.104056659264648	0.113291850691012	0.123507311369793	0.20643046914699	0.15303832318068	0	0.150821447620448	0.200776622964584	0.230069385506602	0.302216672773947	0.286223743725493	0.285398450006933	0.222410188422249	0.20017325275278	0.202298654534393	0.244699628871987	0.168728427299536	0.130859848826433	0.192907933805847	0.251177750151201	0.107772069527414	0.353426428228778	0.118934175444728	0.289089576454457	0.14593975022709	0.141310220387189	0.251539540263144	0.215383876782012	0.147531490669929	0.271064972494411	0.200943938974324	0.26768989680095	0.22993162449085	0.0965327581711617	0.167489447544409	0.110082002448791	0.15387928675819	0.264184533328566	0.151934222857377	0.0949278925882441	0.253150779968158	0.118462116866875
700108960	0.153704528978165	0.304851567080544	0.274713576557734	0.281718622811747	0.305031442204926	0.274895382783883	0.130699349004909	0.335446106760854	0.171107368519578	0.30381899333107	0.184110562171506	0.291195488627518	0.338637218857655	0.297977880920532	0.368301487807414	0.175279012272685	0.344991495296062	0.273733841179879	0.172195448096102	0.134516993532903	0.126888451090691	0.191953140459047	0.201777333072548	0.150821447620448	0	0.331592120590586	0.331323338344834	0.386047738642614	0.342733741291577	0.344062507952352	0.291225742113294	0.144095393971015	0.241489755987347	0.283600627886881	0.270534436994791	0.151581013421057	0.292192319947267	0.318585412819002	0.190745830519513	0.403876279865424	0.211622211789281	0.303368285322809	0.224438221809721	0.140940374231044	0.304246645928681	0.286758013912576	0.250506181873782	0.323132671119811	0.262920857888457	0.250026056336245	0.235113273129135	0.176018450331326	0.175294095278084	0.16940004186714	0.199081629544275	0.303552608287456	0.179606744523322	0.0885237380655728	0.240968061503555	0.123727323735759
700024452	0.213076154355698	0.161432428078213	0.33523238624322	0.296191100886973	0.162532599498224	0.315037244582455	0.244239588146954	0.298746384919913	0.217674540790848	0.277478372558374	0.258069237872495	0.356682815748653	0.306021279864884	0.204982285515827	0.329433052229144	0.234913927686248	0.272167411775436	0.303256790870032	0.216353968730141	0.243931650417343	0.278881163383081	0.294333604539992	0.216911492566778	0.200776622964584	0.331592120590586	0	0.196326712010491	0.23414098564462	0.192571033362596	0.265836862879872	0.25919851701023	0.311505860959212	0.234891263535185	0.262814582918683	0.0885267343495194	0.238590438080727	0.258657721101882	0.300981009862206	0.178389507180169	0.315248635229412	0.190744970042421	0.308014227726833	0.213068904201099	0.267605883683291	0.237661763446922	0.19535196993472	0.17495768192609	0.291572478911866	0.247994785788694	0.336547033182489	0.315818197217657	0.191422251054468	0.223825412240744	0.211507080756646	0.225220953856275	0.287597212272217	0.248634919036315	0.272360081719938	0.309452844727585	0.26400412665667
700032931	0.241352507730691	0.144951589430286	0.21503554252751	0.381962468993396	0.169774137628166	0.192130740000161	0.286139440853246	0.147667685208887	0.218050156658489	0.137649771114141	0.193331522664413	0.257103268982634	0.15167494874461	0.0927193084426384	0.192379966096693	0.21560287082716	0.136053435293186	0.192973428379049	0.208913657424525	0.239468330828171	0.272890646082432	0.23963168261829	0.235143436680917	0.230069385506602	0.331323338344834	0.196326712010491	0	0.21092357669332	0.193906095774336	0.151137904894152	0.126239093756116	0.266176278558451	0.15594961088778	0.129682558973329	0.222685476871488	0.219794349674706	0.182359758290353	0.160022289965468	0.21134944503809	0.200693815765145	0.186638080773728	0.173549196144028	0.162169976225354	0.240717004871404	0.177111479452482	0.150495812405362	0.134947817820837	0.139384424398541	0.149398222100201	0.235419066982733	0.260977300641522	0.229937910532193	0.282024704324815	0.201645656587245	0.296696304925452	0.139678139620243	0.22444577533465	0.292832293381121	0.211435001474717	0.271645907681791
700095837	0.300738942347915	0.196021913480545	0.3497984092412	0.414094004999623	0.24420102961152	0.347529675498363	0.336558837329411	0.285761657204067	0.291996008587155	0.271078248229145	0.274668756649103	0.360961960884168	0.277205411699203	0.246669338171896	0.322078386869183	0.291605158992293	0.26115677252006	0.316073841121546	0.306102896213897	0.292001876732472	0.351225980380368	0.326187314751468	0.299480548140663	0.302216672773947	0.386047738642614	0.23414098564462	0.21092357669332	0	0.186199005886058	0.212325812000974	0.253855222472252	0.357039050538377	0.230496108585104	0.235437880669248	0.255074864924657	0.287766027443968	0.287266432704025	0.328778752812025	0.270224538938152	0.331024219672207	0.269747853287398	0.277008130673712	0.265165669720802	0.30584936390199	0.205828118655716	0.254896575435493	0.237296601871847	0.271133332709274	0.28697895174896	0.35074999454499	0.340028300243078	0.286083429191741	0.322998149530014	0.287520257014424	0.369459002546965	0.274894154314679	0.319345490682301	0.34293327602879	0.333916727057912	0.33546177475142
700024548	0.282472094799795	0.156769394362022	0.302937569717331	0.35638143664876	0.212540179917785	0.28801610435519	0.296459128933554	0.220453517656411	0.277576023072688	0.209621403838566	0.259780377887798	0.307708548892712	0.21562651948861	0.184410218714034	0.22998047615162	0.275416158748204	0.177007915053315	0.315821363125905	0.279546309276565	0.256180906317172	0.24863644548411	0.304413056180011	0.265245107637363	0.286223743725493	0.342733741291577	0.192571033362596	0.193906095774336	0.186199005886058	0	0.17282267042621	0.217137358426624	0.324733251753424	0.216306371883432	0.193888066090755	0.21449192227131	0.235739705120475	0.320272026854312	0.267055879572591	0.260657515126855	0.221485476769247	0.223518734086992	0.206928984977665	0.237435987158629	0.299555522030969	0.129293671482674	0.122006958877932	0.209218747488081	0.19302485635595	0.234983620740927	0.308450520077096	0.322703334368435	0.254836292341784	0.284931946694897	0.219331799396181	0.326046172719643	0.217373485037445	0.215302250744153	0.311289359213463	0.28182438597752	0.28869710096709
700110161	0.308518727123033	0.201543225171545	0.190280839694635	0.420709249853548	0.241619114946106	0.193614560399766	0.311918773591634	0.118651920407873	0.249227813315084	0.132440460868823	0.208693696628917	0.235800554413289	0.131742825958439	0.152477597453152	0.155820312376252	0.231785521153005	0.143903758743563	0.208721514234245	0.276729715192043	0.257787276081051	0.285725049916762	0.240646198984335	0.309152147583587	0.285398450006933	0.344062507952352	0.265836862879872	0.151137904894152	0.212325812000974	0.17282267042621	0	0.140531355491128	0.263978952625061	0.163880882179017	0.108866518232666	0.276669351712876	0.242733875776638	0.256002885848159	0.142316494104744	0.283719435593561	0.212838828894185	0.232513409685055	0.131122792783749	0.206859047369343	0.257096272219779	0.135168775670281	0.203826329991965	0.197468402672817	0.131098946116911	0.173693372749026	0.224775798325032	0.259929707300022	0.269510737355257	0.334169993851084	0.232952741183216	0.392310735230587	0.131754169481281	0.226817421679696	0.312066174847386	0.19394311084317	0.291338978884713
700023496	0.258773635841911	0.161229358206366	0.179500334259547	0.402555037777663	0.197063380501584	0.127397930477444	0.274526858913204	0.120787832309795	0.196749157962621	0.0648834514085068	0.142284325295044	0.186010828514918	0.123811205746281	0.095045484357189	0.182896100512024	0.171084154368998	0.0993902639521171	0.12966295838724	0.209295700981847	0.211172537715683	0.208064178844995	0.184095108184238	0.252166977713766	0.222410188422249	0.291225742113294	0.25919851701023	0.126239093756116	0.253855222472252	0.217137358426624	0.140531355491128	0	0.206279569251985	0.111666858856526	0.0795075926508957	0.263552846399633	0.193985821807141	0.189595387171674	0.123858982800221	0.231910339776556	0.196371854361507	0.156157823974623	0.122615192997185	0.122243689212525	0.205661355780137	0.121439791038872	0.153275368034037	0.11995790329357	0.114350510117045	0.0799852258248951	0.183940127412429	0.210138315008281	0.230393928152959	0.305898967795742	0.166097219908878	0.350163781202266	0.094743649868248	0.166789366529815	0.258637152496493	0.179005896191762	0.234923322320442
700034628	0.223143965329173	0.262153281611258	0.170621232212674	0.381126230493808	0.276706840768039	0.177053116235069	0.215152431885343	0.234622191800001	0.137090254093778	0.213508488331286	0.119995830135969	0.184840267896382	0.238001441286501	0.239813794563617	0.274536422161676	0.116343583790789	0.251083094433092	0.188992906125237	0.150837691848822	0.200648099920618	0.148000025331042	0.0992007845164	0.258358341601305	0.20017325275278	0.144095393971015	0.311505860959212	0.266176278558451	0.357039050538377	0.324733251753424	0.263978952625061	0.206279569251985	0	0.166716879519817	0.190817377649569	0.288351019669784	0.162642847978827	0.258956024004113	0.226817848994757	0.220554547238492	0.306080482616455	0.202227696914728	0.200365642379232	0.185462687813514	0.130608930543901	0.239030278550874	0.249610836951629	0.200201026978783	0.222167228659712	0.194849094735733	0.141736094671361	0.17117321329781	0.21232774999152	0.26521072128534	0.164076295518317	0.307390495382418	0.19492565154226	0.171708186387566	0.168446020673921	0.151062887718073	0.156738069124885
700023645	0.238453657318508	0.162098556889408	0.182582783980725	0.369473389366687	0.189823329400101	0.179617746166974	0.242444949365799	0.16375683897671	0.177146522562233	0.132877261965625	0.0933061868121867	0.185848603301979	0.167523259727055	0.143481629298388	0.222930056743898	0.109598330972755	0.152394469119497	0.161076205353805	0.196185027021777	0.181872834921047	0.186338702816132	0.139025092872781	0.248932903970266	0.202298654534393	0.241489755987347	0.234891263535185	0.15594961088778	0.230496108585104	0.216306371883432	0.163880882179017	0.111666858856526	0.166716879519817	0	0.0890121655404345	0.245472106387011	0.168863621165905	0.211540790496025	0.184930767114129	0.218308129084996	0.247715002730723	0.15666549046833	0.119552810520904	0.134230471404836	0.188326385013069	0.11806858000778	0.171595249807745	0.129316539769877	0.14625720225925	0.135420091117043	0.172520922745265	0.167992902769364	0.200562261418698	0.27025184690762	0.17574656178645	0.336854376623744	0.120749547207003	0.17049508438624	0.204775033356271	0.155981696334204	0.220438202134056
700038744	0.279703067157974	0.165513111489791	0.151218997990573	0.400064976372107	0.215426277150742	0.13667032089279	0.28143506240192	0.123311073589532	0.210404115842896	0.0884643237375133	0.132531816985341	0.169885464337004	0.118450750023745	0.12282371838083	0.178385209034664	0.16111397193156	0.110571962686505	0.149345689088135	0.230867087604155	0.222104142349049	0.223121176688154	0.168072490974835	0.276096388758772	0.244699628871987	0.283600627886881	0.262814582918683	0.129682558973329	0.235437880669248	0.193888066090755	0.108866518232666	0.0795075926508957	0.190817377649569	0.0890121655404345	0	0.272177055240985	0.198801041533853	0.221850023167682	0.137075927187655	0.252361247663338	0.203343521362194	0.180979053868904	0.0851357378505284	0.152690561782062	0.215961524013573	0.113894816593818	0.162790192990731	0.154051855237684	0.103991434666494	0.110377924794183	0.161264830426215	0.198770955548408	0.241284805240576	0.309235756845404	0.189801054217911	0.368471201625556	0.0847078909404335	0.180626664549228	0.253108067872734	0.15403240891364	0.251564318275592
700038485	0.167457146119063	0.171492839043817	0.339547033424217	0.253400733531665	0.171794612858012	0.323769254733201	0.191601047490922	0.309826341635827	0.19042545911761	0.282835635487866	0.248271364111751	0.367837771329527	0.318704620567144	0.226393116244331	0.343091273090443	0.231476778117728	0.278334089051783	0.308448179511437	0.192835894045042	0.197536858339345	0.244508284855321	0.293846515778162	0.185078629815631	0.168728427299536	0.270534436994791	0.0885267343495194	0.222685476871488	0.255074864924657	0.21449192227131	0.276669351712876	0.263552846399633	0.288351019669784	0.245472106387011	0.272177055240985	0	0.191541309273148	0.26839682647063	0.320421764771871	0.129545015759247	0.326701816133276	0.190856591180811	0.320896010681682	0.216176002667256	0.219176742600149	0.261134632879787	0.199349138547519	0.191307353243443	0.303684927531968	0.263778381501014	0.345358647613883	0.315216043471236	0.156250053924045	0.161893758463614	0.1783833466008	0.185209077177489	0.301716318501048	0.234571383885928	0.217551537386568	0.321732805002554	0.213835208190917
700024743	0.135984598108386	0.186738428571006	0.247760700597489	0.282259096901492	0.219906713781963	0.250684740124146	0.12577508116156	0.216504863517725	0.127107905400377	0.195605882130173	0.148369488855613	0.25352060582194	0.228051420514793	0.192245013172616	0.265882693197469	0.166769676932255	0.223311274646637	0.235452239867311	0.151379626027599	0.0949686194097979	0.145784629491803	0.181369029195709	0.158471891732384	0.130859848826433	0.151581013421057	0.238590438080727	0.219794349674706	0.287766027443968	0.235739705120475	0.242733875776638	0.193985821807141	0.162642847978827	0.168863621165905	0.198801041533853	0.191541309273148	0	0.234295878279246	0.235237783792412	0.136541680521468	0.288858937081169	0.143305140656218	0.241298249813234	0.155962495991621	0.0995248475760527	0.195539015011189	0.177024832096063	0.157987532642143	0.208405553215403	0.186973199954946	0.239870187265506	0.235672637334903	0.140547899806092	0.168870036457718	0.102656480061324	0.214529995903125	0.212522533972171	0.135882008924216	0.126703832366899	0.221913660489544	0.0992997689510434
