700108602	700014971	700033565	700109389	700023058	700023927	700106341	700114221	700023543	700023439	700016978	700024192	700113058	700099448	700109870	700033928	700023693	700109627	700095416	700110425	700111580	700111302	700098605	700111991	700108960	700024452	700032931	700095837	700024548	700110161	700023496	700034628	700023645	700038744	700038485	700024743	700099596	700110760	700101587	700106399	700032322	700095653	700021312	700101230	700023590	700038905	700033136	700023382	700096424	700105469	700016908	700096053	700108479	700109569	700033814	700016125	700109756	700102665	700101777	700109455
700108602	0	-0.166082990957429	-0.205250677255022	-0.113426214787483	-0.139397243947749	-0.211899776844917	-0.0807786794761905	-0.229673299532572	-0.103755441620199	-0.210814819004398	-0.149816955821698	-0.221181266805931	-0.22546767025312	-0.164465656716434	-0.220376645400992	-0.123977929936577	-0.223308301965126	-0.194806321817109	-0.0962735312187899	-0.100557978493456	-0.122347990229252	-0.153951916372727	-0.115058389935407	-0.0617739020041596	-0.118208759671816	-0.103483640706218	-0.165472354706296	-0.185827625647183	-0.191689170262871	-0.206036978813008	-0.199044434915456	-0.17170842306596	-0.144195976534731	-0.192073973825145	-0.121932797341418	-0.141580231722843	-0.174422071585916	-0.216492265307309	-0.100823043375817	-0.25574362994624	-0.109236196683827	-0.221877878127739	-0.156143103748404	-0.151550842666617	-0.196876950326396	-0.160390099186502	-0.128389527664824	-0.207927956043397	-0.175507549067839	-0.190154084173202	-0.147157177357625	-0.0793474827891673	-0.0852674045444772	-0.125654491859617	-0.0828220203471249	-0.211264797351432	-0.130016736413225	-0.0865106477019583	-0.177635352070597	-0.117357225735248
700014971	-0.166082990957429	0	-0.172784195946865	-0.219678640322564	-0.130292025135752	-0.166957209330244	-0.173908423232641	-0.130726346644635	-0.142735516760637	-0.120169508346524	-0.124440446883926	-0.192599633543293	-0.142492132363862	-0.114658138355063	-0.152594211762919	-0.15746540108588	-0.121582922927116	-0.173575546325381	-0.151592411240148	-0.155661956937955	-0.15666771290918	-0.142972708233414	-0.113513464725358	-0.156527783285452	-0.19472606522859	-0.13625975929147	-0.102138208398477	-0.136977497594382	-0.112184081866681	-0.128204182344379	-0.129438082770659	-0.159690337770874	-0.115025953440745	-0.128855752505424	-0.140149189406102	-0.118755706002124	-0.160406273909957	-0.167032428177648	-0.13587365583524	-0.154885612714539	-0.131442783375142	-0.13961961989074	-0.123402649925627	-0.140920986422858	-0.118289592806633	-0.121366554973946	-0.103153905631402	-0.138144945595676	-0.123475311524756	-0.159744611921529	-0.168692436892757	-0.162176453056568	-0.168728727203146	-0.129616346055052	-0.173917968412545	-0.131580051099617	-0.160989769605971	-0.162827384250482	-0.15304920397341	-0.172860241888917
700033565	-0.205250677255022	-0.172784195946865	0	-0.218198911417751	-0.183325979506764	-0.074539634012763	-0.193738373207047	-0.114616671620457	-0.17920203069816	-0.100460679214777	-0.0875889149511243	-0.0606900990574624	-0.111457568959938	-0.137930396066062	-0.0960523785647883	-0.126468857161965	-0.100827963889038	-0.0990321029793177	-0.178367746109685	-0.180117423897323	-0.169060704021328	-0.0881508263863402	-0.176830969708505	-0.180560281466098	-0.176921692815126	-0.195255460880154	-0.151485628004271	-0.165897744737332	-0.148398118405024	-0.12320266930977	-0.112886666086622	-0.133005663070801	-0.107679455473201	-0.0854518091441572	-0.201182678725363	-0.125074419304456	-0.151661748096297	-0.103212464399201	-0.180194752616798	-0.147400389574618	-0.157867805727057	-0.0858402359308639	-0.141019677565993	-0.136266715974374	-0.117473802437005	-0.134033307858814	-0.150582900556907	-0.0796650825682255	-0.122481500283585	-0.0745107232382221	-0.0814585445499581	-0.215357407398564	-0.199237018212567	-0.143932654515943	-0.229191483217457	-0.0963887194937838	-0.140284337201731	-0.203864570079558	-0.0820465862666652	-0.188497648078668
700109389	-0.113426214787483	-0.219678640322564	-0.218198911417751	0	-0.195995469302397	-0.246492267304017	-0.100391151867794	-0.249320934301718	-0.175371137199801	-0.243633498447698	-0.200613266298784	-0.227987840272992	-0.240939537423973	-0.220638567386366	-0.223071739919118	-0.171360874126338	-0.242615906952813	-0.243218579442429	-0.173864395785127	-0.11375666839144	-0.14908251739021	-0.197691813152751	-0.1580482128068	-0.145082758155724	-0.134075110544171	-0.151573469254627	-0.235512796504415	-0.216528585530523	-0.197075963341108	-0.234266984702308	-0.240639738683252	-0.211852760564182	-0.176989844415888	-0.224166780083284	-0.155006415453259	-0.173184667565491	-0.244587126933328	-0.255205805511924	-0.16428609305001	-0.243265498403114	-0.143953350454069	-0.238339591057381	-0.210411126565187	-0.185741616903306	-0.208187010588506	-0.189158520814959	-0.176688955898429	-0.226485158916093	-0.220026887778308	-0.216583090252109	-0.170220842739978	-0.109136595488189	-0.0823561580797477	-0.175534229737523	-0.130305269325264	-0.231247476398788	-0.120879659858585	-0.119482595646728	-0.186619531002486	-0.14079089788503
700023058	-0.139397243947749	-0.130292025135752	-0.183325979506764	-0.195995469302397	0	-0.169264165482415	-0.154766432992299	-0.177732561201862	-0.135098882694195	-0.161867835568708	-0.139427321919534	-0.200747824040519	-0.188309354561417	-0.130066041222089	-0.175443850239338	-0.138092179375617	-0.165377017612688	-0.169150684851158	-0.134611236021963	-0.164358623125249	-0.16524515684788	-0.165556060750578	-0.141300919949346	-0.144573734431026	-0.205346831493848	-0.121176589391944	-0.14115922683941	-0.171479524597614	-0.154855127197274	-0.160833370533769	-0.14300008129466	-0.190095631319903	-0.150386793328277	-0.149379170792758	-0.127681846237482	-0.15815783152809	-0.118412849686391	-0.147846028897359	-0.131900544886911	-0.202528906847819	-0.116059941236864	-0.178741653828685	-0.130966028237469	-0.158933933323427	-0.155106207084577	-0.132130549407078	-0.111135792112686	-0.165149565496875	-0.137098998941774	-0.187657148536762	-0.166906902277329	-0.149653529333621	-0.157451986964356	-0.138290599412253	-0.154870134514367	-0.172999267543416	-0.171932492464481	-0.162902541320166	-0.167273565502471	-0.165656191016599
700023927	-0.211899776844917	-0.166957209330244	-0.074539634012763	-0.246492267304017	-0.169264165482415	0	-0.22278500999242	-0.129424816004688	-0.189598857769635	-0.0839955418572457	-0.109255393085757	-0.101781648657525	-0.126910135003092	-0.112655759068848	-0.109208167503255	-0.149587845421533	-0.11216913567763	-0.0688301249151245	-0.179613969964547	-0.21117387597795	-0.181343776715312	-0.122527699862464	-0.175885490175171	-0.191835549986059	-0.200661933266167	-0.19283811642935	-0.140405889954567	-0.201376350270186	-0.164429257276012	-0.109654689364556	-0.0801341220776739	-0.159300258140069	-0.143595951075388	-0.0826503558619432	-0.20020140605996	-0.149230182978965	-0.130706988375882	-0.0758438065007926	-0.188958995241412	-0.160429208326604	-0.171994324722056	-0.109912155371972	-0.124340551478717	-0.172664845599049	-0.148048391091012	-0.133601199315288	-0.157648283368999	-0.108416905485666	-0.0820756244193856	-0.0998354921285586	-0.116712475317506	-0.226350507396681	-0.222301620361394	-0.136592025747899	-0.226634585331776	-0.115240656091349	-0.153560048378009	-0.215730299783043	-0.100314302944772	-0.204444677148083
700106341	-0.0807786794761905	-0.173908423232641	-0.193738373207047	-0.100391151867794	-0.154766432992299	-0.22278500999242	0	-0.225047282467968	-0.0972113855674625	-0.221511297403787	-0.148608134857604	-0.201062596521108	-0.218392605281091	-0.19095166736698	-0.21333788845762	-0.129613200136212	-0.217116925384377	-0.216223515756187	-0.123084560594829	-0.0717471409092068	-0.107023176863926	-0.144763148871198	-0.120602224024777	-0.0999496184147051	-0.0815780220101343	-0.13888917993454	-0.201219737908401	-0.192986479193732	-0.189840139989763	-0.212343973376661	-0.206650817348184	-0.132137784311615	-0.137790860491997	-0.199422205739801	-0.13549521950285	-0.1157015928568	-0.201619647645556	-0.234715764194236	-0.100204297076792	-0.249628482444636	-0.118235098825271	-0.210884410455196	-0.154506973241235	-0.111876805664699	-0.180801486962465	-0.174997049705011	-0.139546451192029	-0.194002602320491	-0.195918415704218	-0.173232339082174	-0.149365186163391	-0.0600018826760644	-0.0581463112232504	-0.121497376334335	-0.110521773037719	-0.201739793791263	-0.10376429228238	-0.0698536758376138	-0.164527592440312	-0.0867651806025192
700114221	-0.229673299532572	-0.130726346644635	-0.114616671620457	-0.249320934301718	-0.177732561201862	-0.129424816004688	-0.225047282467968	0	-0.206211531716899	-0.0808107607023276	-0.147058851042997	-0.127262015487123	-0.0730038813833079	-0.137378479076045	-0.0855180995495257	-0.179235231183643	-0.0545952400904888	-0.156892119748864	-0.20893704452793	-0.204121520360898	-0.196001756166607	-0.162001515922375	-0.195466420319009	-0.212863888261625	-0.237734173583561	-0.20179355176622	-0.121959653367256	-0.150214772133473	-0.113296088264294	-0.0989260654325776	-0.127858855741742	-0.184704430233177	-0.140025632881749	-0.114771841897273	-0.208917601334243	-0.154966595663695	-0.181846378346202	-0.103932679167849	-0.196715379403012	-0.0913468206517711	-0.16198259809189	-0.0691934834228289	-0.162561349795031	-0.17525871894061	-0.0897142717077351	-0.133431882561389	-0.140804012028177	-0.0861687526293045	-0.136604331945797	-0.133439700909298	-0.157071793736562	-0.229522214443782	-0.221989417531969	-0.171211412641634	-0.256763279751876	-0.0877071426300593	-0.179830845743196	-0.235523765161318	-0.132541025712905	-0.22093507584918
700023543	-0.103755441620199	-0.142735516760637	-0.17920203069816	-0.175371137199801	-0.135098882694195	-0.189598857769635	-0.0972113855674625	-0.206211531716899	0	-0.186612985554224	-0.122866735392933	-0.19213268106459	-0.207003382550902	-0.159978202695236	-0.199796066536116	-0.0922009797064615	-0.196518626859296	-0.184724792496215	-0.0968895901428675	-0.130838043292453	-0.129234619934115	-0.12282558205641	-0.115321791410619	-0.0915431865201038	-0.132793664738667	-0.129014607361691	-0.163629008110055	-0.175884438130964	-0.202010758902519	-0.18422454962105	-0.174519318785813	-0.107589298349608	-0.137720309559159	-0.169636553691371	-0.129415924040092	-0.130751952122964	-0.158027044413786	-0.200875597160607	-0.0880187669161078	-0.240491791900346	-0.119266701730954	-0.199901329700234	-0.136202456545628	-0.0926125461036066	-0.18682597952969	-0.162474114095119	-0.114734533934142	-0.177169759600268	-0.17585851590244	-0.156383340795916	-0.142941466431273	-0.0949134760007661	-0.114609960822183	-0.122936591231879	-0.127889452607996	-0.185050308275043	-0.151053358129959	-0.0929541519776324	-0.164046351160999	-0.0954898574611171
700023439	-0.210814819004398	-0.120169508346524	-0.100460679214777	-0.243633498447698	-0.161867835568708	-0.0839955418572457	-0.221511297403787	-0.0808107607023276	-0.186612985554224	0	-0.122844652726031	-0.126110531943244	-0.0763618568102077	-0.107835791485441	-0.0936617446592563	-0.160823619049622	-0.068109000659704	-0.113321639869449	-0.183969688127602	-0.199639298595875	-0.186887562984418	-0.145508078741627	-0.174125334848439	-0.191752436407982	-0.220823601039333	-0.187017936083891	-0.111962879788987	-0.159265038532271	-0.123163482896748	-0.0879243429436059	-0.0880964175341857	-0.173010431665689	-0.12557196700382	-0.085750209508248	-0.191653472377107	-0.147026689597359	-0.142746506740804	-0.0833403734414642	-0.179295219590029	-0.109724408577056	-0.150080670712936	-0.0771654091601484	-0.137805092495935	-0.16766543415555	-0.107114828263414	-0.122206117307782	-0.131213550503665	-0.0912729695720594	-0.0985327375522089	-0.12474219593256	-0.1412092588002	-0.217200325383582	-0.217573650931502	-0.142969166174408	-0.232658687433969	-0.0880934132747347	-0.164460440028443	-0.210863109998489	-0.118516661111434	-0.205790731392714
700016978	-0.149816955821698	-0.124440446883926	-0.0875889149511243	-0.200613266298784	-0.139427321919534	-0.109255393085757	-0.148608134857604	-0.147058851042997	-0.122866735392933	-0.122844652726031	0	-0.111182589572058	-0.139848604595859	-0.121433781086369	-0.14508522518152	-0.0825203442297823	-0.12695163144711	-0.108618141426104	-0.12462184454005	-0.137321313294965	-0.121629533696236	-0.0604787461736625	-0.12594288399362	-0.129625347196471	-0.134710266688668	-0.156628751695409	-0.127359213994866	-0.146532320062049	-0.14979686796401	-0.130827486994043	-0.103746184138988	-0.0990512636708253	-0.0755291920206074	-0.0896714411503169	-0.15640629089607	-0.0927057452635358	-0.120970681876174	-0.136408537350892	-0.120263486258002	-0.182457784497033	-0.113670221306751	-0.122972745890395	-0.0920345417242067	-0.107485505468291	-0.12650053239473	-0.124545255628013	-0.105608438306583	-0.104375388172007	-0.105677373947156	-0.0926073187044227	-0.0825452094383263	-0.156969033194617	-0.152227267502701	-0.0898527346455587	-0.176186149509533	-0.114475915641498	-0.11507512399529	-0.148594330771766	-0.0875493426186354	-0.143987204722646
700024192	-0.221181266805931	-0.192599633543293	-0.0606900990574624	-0.227987840272992	-0.200747824040519	-0.101781648657525	-0.201062596521108	-0.127262015487123	-0.19213268106459	-0.126110531943244	-0.111182589572058	0	-0.118281205311159	-0.169303123602645	-0.112312868592089	-0.136176050470429	-0.117323691484148	-0.122070682952676	-0.178570434720685	-0.194646486738787	-0.161496077777113	-0.0983132900665111	-0.194046710748949	-0.200305035663233	-0.178504637665779	-0.214268532332507	-0.177418730006299	-0.192982740018915	-0.169528604281012	-0.157403850554714	-0.129319457678924	-0.122205404520598	-0.129623812218356	-0.112263242320498	-0.227028140537453	-0.143228837961741	-0.176248570567461	-0.121827512416701	-0.198004036876433	-0.152292348492	-0.17109522128898	-0.0916448032115126	-0.167776695234034	-0.147736387242073	-0.117436678816494	-0.154639934061616	-0.164661998524421	-0.0894369062867411	-0.149349164583871	-0.0734642210685064	-0.0951899330268961	-0.224650604625371	-0.209984974452907	-0.150988911279522	-0.249135654285717	-0.103692476183251	-0.136579313369255	-0.212494390203841	-0.0910619809042871	-0.194724908490207
700113058	-0.22546767025312	-0.142492132363862	-0.111457568959938	-0.240939537423973	-0.188309354561417	-0.126910135003092	-0.218392605281091	-0.0730038813833079	-0.207003382550902	-0.0763618568102077	-0.139848604595859	-0.118281205311159	0	-0.140043607362325	-0.0863727730228823	-0.176387553574828	-0.0892225190606503	-0.156454128963123	-0.213531904930064	-0.192544250102425	-0.203516252093651	-0.156459871305067	-0.195295257248387	-0.220868892022334	-0.2294621462135	-0.206869399519339	-0.126894317655776	-0.142963589928544	-0.117613677499847	-0.0986795118917527	-0.130390776044524	-0.174877388383027	-0.138113275353308	-0.114194524510159	-0.2188977108969	-0.158592174817598	-0.186299108315626	-0.121628582527495	-0.195441096444333	-0.10705574685729	-0.170945474370503	-0.0597928486152951	-0.176077385004489	-0.171199043342901	-0.0954896829286724	-0.14809137510936	-0.166334425163954	-0.0989944765806308	-0.139264228607732	-0.127090515934059	-0.152572207053316	-0.225795987192732	-0.221236425730635	-0.183620367100924	-0.259652162375083	-0.0758901380469231	-0.171899516563091	-0.231127590681432	-0.126797271043766	-0.209603233738231
700099448	-0.164465656716434	-0.114658138355063	-0.137930396066062	-0.220638567386366	-0.130066041222089	-0.112655759068848	-0.19095166736698	-0.137378479076045	-0.159978202695236	-0.107835791485441	-0.121433781086369	-0.169303123602645	-0.140043607362325	0	-0.136514043063361	-0.149940440041376	-0.119862487499825	-0.127097575286269	-0.144831565675864	-0.167443992101575	-0.167496831075079	-0.15021805520345	-0.136679248509177	-0.151927663944536	-0.199963634170028	-0.141854993169538	-0.0985788608094927	-0.165676671808322	-0.124824799152206	-0.105387486417644	-0.102873341000518	-0.177178587605889	-0.121582789139932	-0.103358429741652	-0.156982563721157	-0.138924234437298	-0.125827715913805	-0.113542025429576	-0.152607042696161	-0.172429850615928	-0.146089432909494	-0.135919124052578	-0.105246152115029	-0.165603944915736	-0.12135229039807	-0.111122283415295	-0.118015951299998	-0.133460062117014	-0.0722871151229711	-0.145542551643096	-0.146101370553484	-0.176899434008785	-0.187124353268195	-0.132754446114129	-0.175206440578583	-0.130637568405812	-0.142856853403663	-0.181177597646765	-0.123144205102798	-0.184353608724273
700109870	-0.220376645400992	-0.152594211762919	-0.0960523785647883	-0.223071739919118	-0.175443850239338	-0.109208167503255	-0.21333788845762	-0.0855180995495257	-0.199796066536116	-0.0936617446592563	-0.14508522518152	-0.112312868592089	-0.0863727730228823	-0.136514043063361	0	-0.171480996772317	-0.0900177144233301	-0.154262062072644	-0.204085792717677	-0.195472244756285	-0.18290285962195	-0.151408170627497	-0.172835867169739	-0.212372344170628	-0.221362563989567	-0.198402331353742	-0.15000583451705	-0.172513105187535	-0.123532002863655	-0.105801079220922	-0.132829270119283	-0.169021090570346	-0.144683683356375	-0.123790391370402	-0.210663668547734	-0.154531912555316	-0.183169806088544	-0.0919156774246101	-0.196525850763999	-0.101898425562296	-0.173081564714437	-0.0774744574158913	-0.177117865425318	-0.16907390483151	-0.11627008539433	-0.126684623783173	-0.157978581200581	-0.0829492519859439	-0.133452849129612	-0.118157131147884	-0.142947539159243	-0.223180159506008	-0.206940362317584	-0.173012881152428	-0.236088334341065	-0.0839646466493978	-0.1589355747783	-0.230143662141097	-0.112415733848013	-0.203243395067514
700033928	-0.123977929936577	-0.15746540108588	-0.126468857161965	-0.171360874126338	-0.138092179375617	-0.149587845421533	-0.129613200136212	-0.179235231183643	-0.0922009797064615	-0.160823619049622	-0.0825203442297823	-0.136176050470429	-0.176387553574828	-0.149940440041376	-0.171480996772317	0	-0.165187732833565	-0.141422350092359	-0.101569313961673	-0.131371533351574	-0.117187158970518	-0.0873183460006424	-0.131850181581918	-0.0956361731244239	-0.141429883869187	-0.1390426596435	-0.153998480856708	-0.156440358284044	-0.177266208025494	-0.167741781235409	-0.141113866064215	-0.123716290589631	-0.0933354841657596	-0.132602238569091	-0.145800916299212	-0.125451169444611	-0.1427528073774	-0.173963579209773	-0.110399616275971	-0.213419879093812	-0.0925573481524936	-0.152805168961428	-0.12092809429334	-0.113895768365014	-0.147176977349421	-0.142243829725049	-0.0959099607251171	-0.143341739933429	-0.15113556272863	-0.112043276608615	-0.0872279808975917	-0.12533843592271	-0.12720600415793	-0.113369023371301	-0.154157417098256	-0.148041059685969	-0.122651799701577	-0.115343284826999	-0.1151878820186	-0.119848793947244
700023693	-0.223308301965126	-0.121582922927116	-0.100827963889038	-0.242615906952813	-0.165377017612688	-0.11216913567763	-0.217116925384377	-0.0545952400904888	-0.196518626859296	-0.068109000659704	-0.12695163144711	-0.117323691484148	-0.0892225190606503	-0.119862487499825	-0.0900177144233301	-0.165187732833565	0	-0.137129753254361	-0.192590940080945	-0.196520278707401	-0.176186931555114	-0.146758463408295	-0.183321084865053	-0.202592331454764	-0.22382018435475	-0.193561028994428	-0.125486556769189	-0.155953773990022	-0.102919139849005	-0.10169859703177	-0.10118271577684	-0.171093107197086	-0.126573880633448	-0.100882993905407	-0.202285838137585	-0.141335139483871	-0.161986277187085	-0.102538026166035	-0.187106626910044	-0.0854978366481328	-0.149948401861561	-0.0734744154881347	-0.143041948005175	-0.162917808743662	-0.0804181804326949	-0.117205996304942	-0.12490354729037	-0.0745351106771211	-0.115606252994755	-0.120164025656479	-0.144146396264658	-0.224054550650483	-0.214847518099466	-0.154276112839324	-0.243993646406031	-0.0859226922731544	-0.163555168890605	-0.220227812047581	-0.125589820909434	-0.20802822642945
700109627	-0.194806321817109	-0.173575546325381	-0.0990321029793177	-0.243218579442429	-0.169150684851158	-0.0688301249151245	-0.216223515756187	-0.156892119748864	-0.184724792496215	-0.113321639869449	-0.108618141426104	-0.122070682952676	-0.156454128963123	-0.127097575286269	-0.154262062072644	-0.141422350092359	-0.137129753254361	0	-0.172669795526892	-0.200096434358706	-0.190255943863307	-0.120304701908473	-0.180973706241665	-0.166979515408047	-0.194390215462724	-0.194488045557908	-0.144685003423072	-0.186617126351995	-0.197168768396785	-0.140663174404277	-0.0888202365344511	-0.163307748271117	-0.138356819706498	-0.0974699664847404	-0.192922238498451	-0.156536263216064	-0.113695888144234	-0.105133612729148	-0.181403885339121	-0.19202222879765	-0.173462110682526	-0.141467271548742	-0.124548798821743	-0.164322206147507	-0.172138650402653	-0.156829927835558	-0.156456061128315	-0.139128546439998	-0.0974633660567962	-0.120155649715059	-0.104695891955856	-0.221152604788978	-0.21576115554384	-0.142662529655871	-0.213780097973618	-0.14415956836137	-0.168667057409756	-0.209791093864509	-0.125368833602389	-0.213467906290276
700095416	-0.0962735312187899	-0.151592411240148	-0.178367746109685	-0.173864395785127	-0.134611236021963	-0.179613969964547	-0.123084560594829	-0.20893704452793	-0.0968895901428675	-0.183969688127602	-0.12462184454005	-0.178570434720685	-0.213531904930064	-0.144831565675864	-0.204085792717677	-0.101569313961673	-0.192590940080945	-0.172669795526892	0	-0.13712168712143	-0.113249450219686	-0.131074562397456	-0.119835187601161	-0.072491954429655	-0.14010483589322	-0.120300043853525	-0.159744999830509	-0.195158918119932	-0.182520693007509	-0.194887863180017	-0.161020614346426	-0.139358165241799	-0.127997301725802	-0.169970029132265	-0.132468181333951	-0.128723316153331	-0.145063903831767	-0.182416591755999	-0.10666713327786	-0.240797696846825	-0.0997678416739866	-0.202348523298767	-0.124922656491777	-0.136022194947357	-0.172853727788417	-0.142433985533106	-0.0999149089979452	-0.179790335012747	-0.151625594881487	-0.163042929338076	-0.1342435119989	-0.11987800595849	-0.129550636781925	-0.102342303165779	-0.110666415953144	-0.18670278176565	-0.135812835223156	-0.112303091640175	-0.157454446510765	-0.128701447967462
700110425	-0.100557978493456	-0.155661956937955	-0.180117423897323	-0.11375666839144	-0.164358623125249	-0.21117387597795	-0.0717471409092068	-0.204121520360898	-0.130838043292453	-0.199639298595875	-0.137321313294965	-0.194646486738787	-0.192544250102425	-0.167443992101575	-0.195472244756285	-0.131371533351574	-0.196520278707401	-0.200096434358706	-0.13712168712143	0	-0.106077564547139	-0.141523796342502	-0.107516417850548	-0.105704464448619	-0.086254532032895	-0.15397174194288	-0.173820841897379	-0.162943167348074	-0.169231032250921	-0.18447130816369	-0.190525885612908	-0.153719106721516	-0.119641348553888	-0.17843385998603	-0.14614590956469	-0.10546288968314	-0.191896029795322	-0.216854184705703	-0.111641333185702	-0.230735062330522	-0.120074704644672	-0.1868948177622	-0.141324264420426	-0.106758802198422	-0.159176164356054	-0.163192173534956	-0.126470750013335	-0.177045557052729	-0.174215593727726	-0.166394715662058	-0.14259359072498	-0.0856597615140451	-0.0648759498542445	-0.118463967755136	-0.128315797349753	-0.179825776577048	-0.0851163735957881	-0.0932680867159885	-0.155189278947768	-0.111766254445414
700111580	-0.122347990229252	-0.15666771290918	-0.169060704021328	-0.14908251739021	-0.16524515684788	-0.181343776715312	-0.107023176863926	-0.196001756166607	-0.129234619934115	-0.186887562984418	-0.121629533696236	-0.161496077777113	-0.203516252093651	-0.167496831075079	-0.18290285962195	-0.117187158970518	-0.176186931555114	-0.190255943863307	-0.113249450219686	-0.106077564547139	0	-0.106731912204415	-0.104169136321264	-0.107537708825227	-0.0822474486766427	-0.164869059347071	-0.190912218179318	-0.203739271190276	-0.158755612893888	-0.200592608405431	-0.16753133534138	-0.117724723764196	-0.114395663473003	-0.175674732611779	-0.173265078305713	-0.0974688966016276	-0.187694841455339	-0.192947693441919	-0.128708550325987	-0.222121544876706	-0.108806535380891	-0.180210310264427	-0.141657411993472	-0.124853824810987	-0.149010698709576	-0.134138133147226	-0.106030757611769	-0.146969361415494	-0.154397424611293	-0.129919650229239	-0.1174003580253	-0.107493912244094	-0.108564279344959	-0.0863658247134729	-0.140984687231438	-0.170289006548063	-0.0775028338642381	-0.0929630581295758	-0.119341769700879	-0.0980537823900601
700111302	-0.153951916372727	-0.142972708233414	-0.0881508263863402	-0.197691813152751	-0.165556060750578	-0.122527699862464	-0.144763148871198	-0.162001515922375	-0.12282558205641	-0.145508078741627	-0.0604787461736625	-0.0983132900665111	-0.156459871305067	-0.15021805520345	-0.151408170627497	-0.0873183460006424	-0.146758463408295	-0.120304701908473	-0.131074562397456	-0.141523796342502	-0.106731912204415	0	-0.140542147643342	-0.130314813735494	-0.118341308238172	-0.175457605263962	-0.149824406623359	-0.166078919792299	-0.171474062894382	-0.160511851280625	-0.129938553322039	-0.0833052283987654	-0.0792991964640903	-0.112229373187848	-0.174380039975376	-0.0990252280059209	-0.142543626177427	-0.158123604370036	-0.133787840587312	-0.191141136784789	-0.134507332919255	-0.132122159121827	-0.115994713739242	-0.104736526730431	-0.140704305049964	-0.154200516141803	-0.122478117844292	-0.110650584099484	-0.137394169464387	-0.0640133840694985	-0.0717708442223424	-0.155198989364127	-0.152226961863666	-0.10757134038264	-0.183149805731494	-0.123742093368011	-0.116575188165384	-0.145031941541699	-0.0834874908766554	-0.135997097685757
700098605	-0.115058389935407	-0.113513464725358	-0.176830969708505	-0.1580482128068	-0.141300919949346	-0.175885490175171	-0.120602224024777	-0.195466420319009	-0.115321791410619	-0.174125334848439	-0.12594288399362	-0.194046710748949	-0.195295257248387	-0.136679248509177	-0.172835867169739	-0.131850181581918	-0.183321084865053	-0.180973706241665	-0.119835187601161	-0.107516417850548	-0.104169136321264	-0.140542147643342	0	-0.110679355386196	-0.1365124347298	-0.130123985279635	-0.147274316730371	-0.172398151722296	-0.161314388211886	-0.169679496581116	-0.163278827583712	-0.150396774635632	-0.130251408635438	-0.16392697616728	-0.133046664651245	-0.106216465664733	-0.159589682716781	-0.180816589714847	-0.10751382114805	-0.210806261630331	-0.116330239245736	-0.188464788256027	-0.139625729248743	-0.130332912986414	-0.168938001820995	-0.119377267894339	-0.11602040832647	-0.164289976020843	-0.148439185256902	-0.160488056755296	-0.153446694078241	-0.107653698796419	-0.111036519452753	-0.10243721756855	-0.109079720716855	-0.177885459533571	-0.118766766025051	-0.119826111981313	-0.148846267341439	-0.116083991010672
700111991	-0.0617739020041596	-0.156527783285452	-0.180560281466098	-0.145082758155724	-0.144573734431026	-0.191835549986059	-0.0999496184147051	-0.212863888261625	-0.0915431865201038	-0.191752436407982	-0.129625347196471	-0.200305035663233	-0.220868892022334	-0.151927663944536	-0.212372344170628	-0.0956361731244239	-0.202592331454764	-0.166979515408047	-0.072491954429655	-0.105704464448619	-0.107537708825227	-0.130314813735494	-0.110679355386196	0	-0.115014557769916	-0.104943705410008	-0.156927814232879	-0.180551634613633	-0.186687965071793	-0.201677683729434	-0.178152201330385	-0.152521809913329	-0.125174279821006	-0.173660241195965	-0.118129262325211	-0.114989991421473	-0.156488929731909	-0.194993613800838	-0.0920533163862599	-0.250570023354965	-0.0995893056398698	-0.209063226925123	-0.130856924042593	-0.132328165479176	-0.181947451055948	-0.148407339556281	-0.105090255001682	-0.184385641058659	-0.160089935833242	-0.16562802556881	-0.129352058201851	-0.0986242997492535	-0.101122456158483	-0.10382005048966	-0.0882760837788226	-0.200758648719781	-0.123043498645351	-0.0922491947565746	-0.157267888138648	-0.11674880002571
700108960	-0.118208759671816	-0.19472606522859	-0.176921692815126	-0.134075110544171	-0.205346831493848	-0.200661933266167	-0.0815780220101343	-0.237734173583561	-0.132793664738667	-0.220823601039333	-0.134710266688668	-0.178504637665779	-0.2294621462135	-0.199963634170028	-0.221362563989567	-0.141429883869187	-0.22382018435475	-0.194390215462724	-0.14010483589322	-0.086254532032895	-0.0822474486766427	-0.118341308238172	-0.1365124347298	-0.115014557769916	0	-0.193267076598426	-0.216507376039752	-0.218597209151863	-0.203614727683825	-0.220698268044011	-0.2000455207886	-0.108745049773668	-0.139602718101807	-0.194853265585853	-0.187786560048652	-0.116567735078612	-0.206698754415184	-0.22755898226166	-0.137090298870529	-0.265035204098198	-0.148439834169255	-0.205725494825483	-0.159596379061005	-0.120493623390735	-0.190596715508258	-0.193270616125305	-0.155879186817029	-0.189699401533984	-0.185290164997892	-0.146453732006672	-0.128498439115722	-0.110580116535515	-0.0917967850306625	-0.106384570223835	-0.134229312819953	-0.203039038990171	-0.0897430967365514	-0.0942064051773033	-0.142151056379764	-0.102593526458264
700024452	-0.103483640706218	-0.13625975929147	-0.195255460880154	-0.151573469254627	-0.121176589391944	-0.19283811642935	-0.13888917993454	-0.20179355176622	-0.129014607361691	-0.187017936083891	-0.156628751695409	-0.214268532332507	-0.206869399519339	-0.141854993169538	-0.198402331353742	-0.1390426596435	-0.193561028994428	-0.194488045557908	-0.120300043853525	-0.15397174194288	-0.164869059347071	-0.175457605263962	-0.130123985279635	-0.104943705410008	-0.193267076598426	0	-0.145976831898701	-0.161757490534708	-0.140114317271694	-0.178106161196438	-0.190133407034264	-0.196204609231531	-0.146551306125595	-0.176006406539013	-0.0676474544151565	-0.139168194551323	-0.17513345335805	-0.199499815000761	-0.109573256884039	-0.211545088708673	-0.117618194461462	-0.204254096667689	-0.150287692316543	-0.168032295548604	-0.174084852219007	-0.126788043828603	-0.115800959615706	-0.190196276835182	-0.158686895489636	-0.190944217807699	-0.17291081805297	-0.120156254131332	-0.132587664916246	-0.138612515818415	-0.112145734164799	-0.197853622547116	-0.150521276098007	-0.140700686070245	-0.166902239433203	-0.162948110963326
700032931	-0.165472354706296	-0.102138208398477	-0.151485628004271	-0.235512796504415	-0.14115922683941	-0.140405889954567	-0.201219737908401	-0.121959653367256	-0.163629008110055	-0.111962879788987	-0.127359213994866	-0.177418730006299	-0.126894317655776	-0.0985788608094927	-0.15000583451705	-0.153998480856708	-0.125486556769189	-0.144685003423072	-0.159744999830509	-0.173820841897379	-0.190912218179318	-0.149824406623359	-0.147274316730371	-0.156927814232879	-0.216507376039752	-0.145976831898701	0	-0.13181995647122	-0.128101707402429	-0.112576299772406	-0.132465573512636	-0.180796559786675	-0.121881647088308	-0.113172511652933	-0.154368189306588	-0.15109527507374	-0.135067484137102	-0.134860496318963	-0.161153526991684	-0.158585742264787	-0.156860220962204	-0.122461710365272	-0.120907341563104	-0.162124339451407	-0.120096836183598	-0.134307303494664	-0.130663350711823	-0.133214203454251	-0.118497710209381	-0.150604621801337	-0.165571992589599	-0.187214595720342	-0.191160332800881	-0.148880098286665	-0.186600115992387	-0.131072573133818	-0.178761729007044	-0.195824680030047	-0.146045359720091	-0.20269297724061
700095837	-0.185827625647183	-0.136977497594382	-0.165897744737332	-0.216528585530523	-0.171479524597614	-0.201376350270186	-0.192986479193732	-0.150214772133473	-0.175884438130964	-0.159265038532271	-0.146532320062049	-0.192982740018915	-0.142963589928544	-0.165676671808322	-0.172513105187535	-0.156440358284044	-0.155953773990022	-0.186617126351995	-0.195158918119932	-0.162943167348074	-0.203739271190276	-0.166078919792299	-0.172398151722296	-0.180551634613633	-0.218597209151863	-0.161757490534708	-0.13181995647122	0	-0.121205485965122	-0.127524415444336	-0.181374825080772	-0.196259198391597	-0.138425871272323	-0.149728745473027	-0.153591266256875	-0.168837253822453	-0.17543796435147	-0.200039523732255	-0.164212342150547	-0.181759561480326	-0.162632464786826	-0.148402377744393	-0.162529589077164	-0.155517946623684	-0.139998831049327	-0.162803844967629	-0.154687009616614	-0.161645105868962	-0.178389207786037	-0.177927010704906	-0.160082920843326	-0.192870631881857	-0.181715491303618	-0.185729038048598	-0.207524989820768	-0.16010441652292	-0.185984228618658	-0.199255901312168	-0.1703416051955	-0.203392520646356
700024548	-0.191689170262871	-0.112184081866681	-0.148398118405024	-0.197075963341108	-0.154855127197274	-0.164429257276012	-0.189840139989763	-0.113296088264294	-0.202010758902519	-0.123163482896748	-0.14979686796401	-0.169528604281012	-0.117613677499847	-0.124824799152206	-0.123532002863655	-0.177266208025494	-0.102919139849005	-0.197168768396785	-0.182520693007509	-0.169231032250921	-0.158755612893888	-0.171474062894382	-0.161314388211886	-0.186687965071793	-0.203614727683825	-0.140114317271694	-0.128101707402429	-0.121205485965122	0	-0.110335202068313	-0.148327955295685	-0.20034058096294	-0.130283972036482	-0.132439535016459	-0.15475328595063	-0.136846238672226	-0.196846992637258	-0.153935977021725	-0.172422448213445	-0.12946614215565	-0.141391541814424	-0.114906432446	-0.15762856713633	-0.183196007264814	-0.0762795237078483	-0.0937317756224279	-0.128619540797657	-0.12453562326495	-0.127863599898549	-0.162330512005566	-0.160380134336552	-0.190556855048957	-0.178308675535107	-0.144618905915488	-0.199430239472511	-0.130864233941084	-0.144949825728256	-0.200515583704545	-0.13703986126428	-0.203681945017801
700110161	-0.206036978813008	-0.128204182344379	-0.12320266930977	-0.234266984702308	-0.160833370533769	-0.109654689364556	-0.212343973376661	-0.0989260654325776	-0.18422454962105	-0.0879243429436059	-0.130827486994043	-0.157403850554714	-0.0986795118917527	-0.105387486417644	-0.105801079220922	-0.167741781235409	-0.10169859703177	-0.140663174404277	-0.194887863180017	-0.18447130816369	-0.200592608405431	-0.160511851280625	-0.169679496581116	-0.201677683729434	-0.220698268044011	-0.178106161196438	-0.112576299772406	-0.127524415444336	-0.110335202068313	0	-0.123852222043245	-0.181757276412918	-0.144206866041714	-0.0995625737767832	-0.18139803101671	-0.159892112137979	-0.152510065148069	-0.112544144089903	-0.18177097884274	-0.137873306604152	-0.169961893791618	-0.101665911754271	-0.146437101500838	-0.168173777220286	-0.121416219873876	-0.140849237758974	-0.153458844204574	-0.118191843681997	-0.109574884455778	-0.136387870361631	-0.157314981728066	-0.206154817476041	-0.21020571314117	-0.156942367577122	-0.226256310324295	-0.108109010913246	-0.170431398079251	-0.211346675668547	-0.130772364977635	-0.206373703663876
700023496	-0.199044434915456	-0.129438082770659	-0.112886666086622	-0.240639738683252	-0.14300008129466	-0.0801341220776739	-0.206650817348184	-0.127858855741742	-0.174519318785813	-0.0880964175341857	-0.103746184138988	-0.129319457678924	-0.130390776044524	-0.102873341000518	-0.132829270119283	-0.141113866064215	-0.10118271577684	-0.0888202365344511	-0.161020614346426	-0.190525885612908	-0.16753133534138	-0.129938553322039	-0.163278827583712	-0.178152201330385	-0.2000455207886	-0.190133407034264	-0.132465573512636	-0.181374825080772	-0.148327955295685	-0.123852222043245	0	-0.164679230584139	-0.116556927222997	-0.0763463534709488	-0.192441601765394	-0.141035036078804	-0.121979759303093	-0.100347793585301	-0.172368674355539	-0.160961924945798	-0.142346081026487	-0.113371370521939	-0.0952572020155029	-0.159364447816635	-0.120261651443723	-0.126428392646413	-0.120185487505672	-0.102125090845262	-0.076697013656974	-0.12789724553642	-0.124265767478494	-0.21155582173674	-0.208639830768828	-0.121009482165707	-0.219534897458164	-0.106960098497301	-0.155213520687223	-0.204806190006785	-0.131243844386318	-0.193572490005345
700034628	-0.17170842306596	-0.159690337770874	-0.133005663070801	-0.211852760564182	-0.190095631319903	-0.159300258140069	-0.132137784311615	-0.184704430233177	-0.107589298349608	-0.173010431665689	-0.0990512636708253	-0.122205404520598	-0.174877388383027	-0.177178587605889	-0.169021090570346	-0.123716290589631	-0.171093107197086	-0.163307748271117	-0.139358165241799	-0.153719106721516	-0.117724723764196	-0.0833052283987654	-0.150396774635632	-0.152521809913329	-0.108745049773668	-0.196204609231531	-0.180796559786675	-0.196259198391597	-0.20034058096294	-0.181757276412918	-0.164679230584139	0	-0.123192636098831	-0.151606803580626	-0.195359226423219	-0.100315676939231	-0.171049154683606	-0.177310980148378	-0.15301903512959	-0.214739909035288	-0.161602959261235	-0.15169164333492	-0.145593645590222	-0.0825747389247212	-0.163605328570551	-0.180113570803592	-0.151474006890138	-0.133448889967998	-0.165368226233394	-0.0920500558413811	-0.124723915930111	-0.162263149557709	-0.156663690976552	-0.124700428358427	-0.197885529802809	-0.141587474173591	-0.123981020373499	-0.137617602197086	-0.115140948916036	-0.101913952771418
700023645	-0.144195976534731	-0.115025953440745	-0.107679455473201	-0.176989844415888	-0.150386793328277	-0.143595951075388	-0.137790860491997	-0.140025632881749	-0.137720309559159	-0.12557196700382	-0.0755291920206074	-0.129623812218356	-0.138113275353308	-0.121582789139932	-0.144683683356375	-0.0933354841657596	-0.126573880633448	-0.138356819706498	-0.127997301725802	-0.119641348553888	-0.114395663473003	-0.0792991964640903	-0.130251408635438	-0.125174279821006	-0.139602718101807	-0.146551306125595	-0.121881647088308	-0.138425871272323	-0.130283972036482	-0.144206866041714	-0.116556927222997	-0.123192636098831	0	-0.0940778603733401	-0.152297136134051	-0.0851635867914956	-0.143691986651567	-0.153523033100348	-0.122856381959224	-0.174082654691314	-0.106463708531997	-0.114025334974415	-0.0946378721356996	-0.102771446897041	-0.101615200318308	-0.123495250263202	-0.0922795530188643	-0.104924246251767	-0.127089226571103	-0.105928651435585	-0.0907033547343955	-0.146824609626919	-0.137147462369021	-0.106845353105888	-0.175298502526711	-0.106001376221464	-0.109388679278525	-0.137136314582414	-0.0978867077944529	-0.139086289551229
700038744	-0.192073973825145	-0.128855752505424	-0.0854518091441572	-0.224166780083284	-0.149379170792758	-0.0826503558619432	-0.199422205739801	-0.114771841897273	-0.169636553691371	-0.085750209508248	-0.0896714411503169	-0.112263242320498	-0.114194524510159	-0.103358429741652	-0.123790391370402	-0.132602238569091	-0.100882993905407	-0.0974699664847404	-0.169970029132265	-0.17843385998603	-0.175674732611779	-0.112229373187848	-0.16392697616728	-0.173660241195965	-0.194853265585853	-0.176006406539013	-0.113172511652933	-0.149728745473027	-0.132439535016459	-0.0995625737767832	-0.0763463534709488	-0.151606803580626	-0.0940778603733401	0	-0.176795021260985	-0.127378158704446	-0.129993675778821	-0.101877034263315	-0.168897840737526	-0.151969431636631	-0.145179607681151	-0.0900714601999836	-0.099556099232875	-0.149201733158122	-0.103866626618919	-0.122286017798458	-0.126682420108768	-0.0937924027752819	-0.091559023764563	-0.109968489045614	-0.111064606354598	-0.203860951794373	-0.199350870207098	-0.127361952552321	-0.216599546993103	-0.0984608080305674	-0.149882228528612	-0.194532776366351	-0.107002607640218	-0.19087006062668
