700108602	700014971	700033565	700109389	700023058	700023927	700106341	700114221	700023543	700023439	700016978	700024192	700113058	700099448	700109870	700033928	700023693	700109627	700095416	700110425	700111580	700111302	700098605	700111991	700108960	700024452	700032931	700095837	700024548	700110161	700023496	700034628	700023645	700038744	700038485	700024743	700099596	700110760	700101587	700106399	700032322	700095653	700021312	700101230	700023590	700038905	700033136	700023382	700096424	700105469	700016908	700096053	700108479	700109569	700033814	700016125	700109756	700102665	700101777	700109455
700108602	0	0.156262864655403	0.159332335994652	0.100027658971689	0.130387407118735	0.164434137368865	0.0813308860088556	0.177700729230901	0.0937816513138546	0.169427814868694	0.134695160566556	0.155338432982867	0.165839555482719	0.151106423946147	0.160454293673536	0.102101871592043	0.171339085502868	0.162438169300303	0.0900054470106175	0.0965808758393021	0.0912472252406174	0.116106455798952	0.101356425878376	0.0736911327639527	0.0880183625339771	0.104291109155264	0.155349593996124	0.129789334614325	0.142106353915429	0.164260096029492	0.157562900946769	0.12891814184226	0.126264772827074	0.162298889290238	0.122732984062	0.115326858070196	0.133571411460078	0.172419253816367	0.102501202820312	0.179700195689311	0.103903747686872	0.152759871692205	0.139587690398652	0.113028335349166	0.148924488088489	0.125386881589884	0.112960928068431	0.140851649777244	0.14198666866975	0.143870531197968	0.124391218871849	0.0932335201344273	0.0940184951772629	0.107075827418769	0.093910306315746	0.161739872743769	0.100591449100228	0.0821504410609312	0.129165359168633	0.0963809799105529
700014971	0.156262864655403	0	0.144649559982268	0.16569271669763	0.146480563922229	0.143289996119169	0.167121435102594	0.137281133594919	0.157735071073415	0.12163017827357	0.128740873550572	0.160233848473775	0.145672419193424	0.138862162540561	0.145174672575187	0.158761746294673	0.12653697137241	0.156917788573794	0.153430767913829	0.152331790819322	0.14618634488357	0.125622150090867	0.132114285276993	0.172298182649753	0.1595997782391	0.153925079486059	0.132194775918949	0.148192291354481	0.129548710477286	0.139641824566062	0.130685991630541	0.153470000344337	0.115280362149874	0.129997084617616	0.1592866950925	0.12932119634048	0.155360034703764	0.158215555434343	0.145758698111494	0.135667150819129	0.156607434170289	0.136817406670638	0.136180805237701	0.154202725967043	0.138694112396937	0.133461678549955	0.127054039877227	0.130957216954446	0.135099438227229	0.139858585127451	0.14294651754293	0.170065874052748	0.154306799835251	0.129578139015276	0.179333757778811	0.126205527185309	0.148039607479107	0.162981312885909	0.135425720035741	0.153194775001107
700033565	0.159332335994652	0.144649559982268	0	0.149899129391961	0.154120070721235	0.064084105488492	0.146148832117204	0.114460450377017	0.153918621506863	0.0965578812415148	0.0840670275799454	0.0608909097654091	0.105384334316131	0.116395096385903	0.0856000072408041	0.118511538868425	0.100439969256249	0.0930065935686573	0.144531816024901	0.133208421628016	0.13377237845416	0.086797316723734	0.130992975882597	0.155676851023015	0.130990690858944	0.156613463303306	0.146764128506426	0.1438762820916	0.114585604965646	0.107227103490686	0.0976261710701436	0.111219689815269	0.10586966661896	0.0810462923806645	0.154790091163941	0.0990448077741295	0.130871034665801	0.0804506982218592	0.157063749272812	0.115575383639507	0.147731894506098	0.0753126067407418	0.128108954512511	0.126195306842879	0.106180590534254	0.121523486237029	0.137992877186361	0.0885462706675661	0.114030247973917	0.0816816647080526	0.0825928955405965	0.16894188850757	0.142146256646866	0.118441129441259	0.183366077588882	0.109548950346567	0.120477689558257	0.151858005575462	0.0810817765595959	0.135341916720018
700109389	0.100027658971689	0.16569271669763	0.149899129391961	0	0.145264054437949	0.167726331102084	0.0909560887117999	0.185649997108396	0.140675774715458	0.173890118231002	0.147441416079309	0.14541235479457	0.176398387892944	0.152936488132575	0.148845437186676	0.13867227105098	0.174436738287278	0.181470978841292	0.133692895133939	0.0931629658203005	0.108532068159926	0.132166770666041	0.102416985114681	0.122305300810515	0.106273862203809	0.119895068475804	0.180016883614589	0.145778788353906	0.133717693049569	0.163016547835197	0.170506182551331	0.138804507616675	0.142078203859128	0.160330454741941	0.120087393196835	0.1167049609695	0.168887539357515	0.169053060363983	0.125245191617737	0.173090282219539	0.134916385043914	0.157455162175869	0.155427716155506	0.128194123676975	0.152447141354422	0.139275213568558	0.153322786281188	0.152933583753174	0.165935458468752	0.146904108344002	0.120986550527924	0.103926694175273	0.0750881335932692	0.144215822679401	0.114591683332377	0.170545524561903	0.095017783241879	0.101747738151704	0.114161053832192	0.101666069770757
700023058	0.130387407118735	0.146480563922229	0.154120070721235	0.145264054437949	0	0.15941582278653	0.125553117267422	0.163472518988593	0.112071215713235	0.147572755538038	0.135656127540286	0.159100434014106	0.16267455000469	0.121266699418141	0.151381522610197	0.132194405707827	0.150969703962443	0.15563633778486	0.12589404033648	0.133728054492235	0.1323063011574	0.136463458527487	0.128218797398156	0.133969474612667	0.143878127953772	0.114845224061904	0.148291448115515	0.136277130628578	0.13089589965029	0.148168666055794	0.146226211128039	0.152619178069295	0.132289302585527	0.144779739461653	0.106192123991023	0.139909989996681	0.131734552428785	0.156717060891824	0.100517421481962	0.15936148539268	0.131312172879545	0.142776114718498	0.126917806774567	0.137526179333905	0.132915176786995	0.117550727586925	0.112174221627625	0.142610681453202	0.126843016368513	0.146594521757193	0.138978940954232	0.12135538679908	0.127505990972775	0.129460621947232	0.13104169637405	0.161254713134997	0.138484527568147	0.127075477359885	0.132103199406409	0.133641633923248
700023927	0.164434137368865	0.143289996119169	0.064084105488492	0.167726331102084	0.15941582278653	0	0.163340923281185	0.106647892617121	0.164569843737654	0.101505196559374	0.109196053769491	0.0929235386270735	0.105832160910657	0.105882779525574	0.083725422537629	0.128774294203314	0.0936357624011878	0.077564307789463	0.15377517042268	0.147470841905124	0.145253829640903	0.118750143560738	0.136021062488922	0.163327281855046	0.144154958455018	0.165233772140661	0.146692079719052	0.158097900060459	0.123334183048719	0.0983468810240213	0.0765859211752501	0.133203096232472	0.122153586176912	0.0816920323552209	0.16708591062541	0.124547479183895	0.127925050945536	0.0693516492461693	0.168842947417191	0.116862864024536	0.158668007175259	0.0824952226963431	0.110813407153051	0.138707127100765	0.114296902435514	0.122560492811824	0.13872291757708	0.093944221260361	0.0931517880553321	0.0934206463229612	0.103208263883136	0.177952348636315	0.157329885458628	0.123548717507607	0.193580008501833	0.106792841281828	0.130209463963704	0.16181396806394	0.0950515656618846	0.148269617620761
700106341	0.0813308860088556	0.167121435102594	0.146148832117204	0.0909560887117999	0.125553117267422	0.163340923281185	0	0.177973106400864	0.0855443645403883	0.169818678942211	0.13195053637495	0.133612368982452	0.166706932442159	0.138433015678476	0.147329451804343	0.111784998773687	0.170945494121796	0.165970896077897	0.105530073625008	0.0705421861796561	0.0862160342598034	0.10795382042624	0.103953195262298	0.110817155268181	0.0712754293804137	0.116018964644154	0.179468088196754	0.143630858424977	0.141520958155074	0.163790032524376	0.156939845368565	0.0935057525899439	0.119810921280512	0.156468587348631	0.116813690380452	0.0916546353696199	0.155988655076625	0.168352259461278	0.0881793607633495	0.176277435058941	0.130856033399379	0.140356304723621	0.128819203998023	0.0935443088014645	0.140956173211475	0.134607687476602	0.131068215446491	0.130048499315365	0.151145697603904	0.124264692932086	0.11592598849194	0.0699930025331486	0.0804207387588607	0.119410421400624	0.114413975595749	0.160069261568672	0.0899068032847637	0.0770265874371449	0.116972785668463	0.0777743569117414
700114221	0.177700729230901	0.137281133594919	0.114460450377017	0.185649997108396	0.163472518988593	0.106647892617121	0.177973106400864	0	0.181604810706443	0.0897777407378418	0.129562645906632	0.113331623388279	0.0820754280070205	0.152435108578501	0.101493371860789	0.151405045930232	0.0919669981510064	0.141797866115338	0.173893402035736	0.167957738751022	0.163310664354626	0.135583037671196	0.167493421055343	0.184998371479456	0.170010640462242	0.184713066808572	0.158094550660558	0.149414531105344	0.121661368748396	0.122373487661311	0.119439391317297	0.149382172218577	0.11723265917961	0.111276395708866	0.18681075388875	0.140060235461512	0.162262080736253	0.106729060053613	0.186464321922858	0.0975176669115991	0.157408820163409	0.0883272803919404	0.152492066023395	0.146802876289854	0.0980345691658328	0.128503133500886	0.140424292335415	0.0900276211901876	0.14181565163429	0.10410283782707	0.142386026037212	0.196215724161173	0.173597371239377	0.157169888061346	0.213770225598693	0.0956288141185987	0.148091123356237	0.191567542292253	0.122500770639806	0.170338961541072
700023543	0.0937816513138546	0.157735071073415	0.153918621506863	0.140675774715458	0.112071215713235	0.164569843737654	0.0855443645403883	0.181604810706443	0	0.165180899391153	0.126334033207562	0.150486604000518	0.167483365686172	0.141015943824039	0.157418842844483	0.102980217864464	0.163164467090299	0.158760382279863	0.0822543237716366	0.112950890680335	0.108223202502539	0.115606325734381	0.10969737243866	0.105599398277523	0.115309338723921	0.110187556453698	0.149432079833419	0.139578766576672	0.162535158049982	0.160269800609425	0.156747782307177	0.10038965615868	0.120183952085881	0.157587879488124	0.108585629050662	0.124323171738961	0.133792281032331	0.17291220417301	0.0865119498630805	0.175462918528563	0.120193605939428	0.148290650425205	0.128363062984689	0.0971675934275925	0.151888137431817	0.128717995540274	0.104633133080336	0.139948624333851	0.152122648232051	0.133221057734657	0.124332065319565	0.0948199183909878	0.114953174332739	0.115829518173667	0.115063815070359	0.157325809007263	0.129927189666083	0.0926459602822641	0.137710951309266	0.0989274128947257
700023439	0.169427814868694	0.12163017827357	0.0965578812415148	0.173890118231002	0.147572755538038	0.101505196559374	0.169818678942211	0.0897777407378418	0.165180899391153	0	0.105319856957192	0.111594426340943	0.0905866280467881	0.124570991536886	0.101692037686566	0.137044372702134	0.0796829221922366	0.11897395934361	0.159100170432317	0.157854232112685	0.143851774454477	0.118188059670783	0.145053264603872	0.169073004177699	0.154636365544939	0.167328829522539	0.14018002928364	0.143630366700805	0.112019277708902	0.106453505001165	0.0965949584944087	0.1401841845984	0.0994186969395798	0.0829418655302137	0.168944398158804	0.121492601607894	0.147269946691959	0.0926021725098325	0.163265627698831	0.0861999977762599	0.151919707744182	0.0937656878201879	0.139246904418027	0.141711533760837	0.102053259159558	0.115479292225034	0.135050020377414	0.0953417152745462	0.105567981958125	0.105131409866215	0.115903234783618	0.180578478939739	0.157164267573583	0.128234708476484	0.187369811300006	0.107605110042658	0.13405308837544	0.169521862008168	0.108931173253717	0.156446941038076
700016978	0.134695160566556	0.128740873550572	0.0840670275799454	0.147441416079309	0.135656127540286	0.109196053769491	0.13195053637495	0.129562645906632	0.126334033207562	0.105319856957192	0	0.0958926124219896	0.112385973338983	0.120401143121769	0.123297385151899	0.102022665030626	0.107569261028519	0.104340082895763	0.127521915866096	0.117848210140953	0.115323538896332	0.0761703057719222	0.125200159405665	0.133097972520643	0.114956693295635	0.150562684373975	0.133311899812841	0.122243771735198	0.125104768060041	0.122489260720686	0.0932689420903854	0.0988361469548982	0.0773492976774588	0.0879408124280224	0.143616614364339	0.0906629873507778	0.122317279953698	0.120894690858079	0.129013601524677	0.129109521777122	0.128633561961534	0.0951752921851629	0.112882324820645	0.0989560899348019	0.102471412779359	0.120613235035954	0.119426784344194	0.0938467396241441	0.114859811899353	0.0905253658757646	0.0914830250659212	0.151630679787341	0.129342312946668	0.0942805420385009	0.154925372047846	0.113132926771501	0.111195362805521	0.130542726834293	0.0957972437572545	0.130565321103897
700024192	0.155338432982867	0.160233848473775	0.0608909097654091	0.14541235479457	0.159100434014106	0.0929235386270735	0.133612368982452	0.113331623388279	0.150486604000518	0.111594426340943	0.0958926124219896	0	0.095606767779552	0.141939511557645	0.0874314390123465	0.114736755368755	0.118907977942358	0.115246181093636	0.136237812062312	0.130926071725906	0.12855115320066	0.0820466194477121	0.132171245768362	0.162224964291207	0.124138871093765	0.161511338796887	0.160036654676888	0.149112869176683	0.120286662215929	0.125992404229649	0.107340133725647	0.0927769961515561	0.100854946954365	0.0892445243541745	0.161013937442762	0.101765509387112	0.149308076602662	0.0936872860371902	0.158704601933498	0.111332552571163	0.143229543821864	0.0715485279469694	0.140738008775962	0.114327085963568	0.0878578049753041	0.125130683779926	0.142933121435851	0.0803865010452906	0.13774348750811	0.0630695139898688	0.0761013918072907	0.164604708556546	0.141028871147052	0.127556224906631	0.192969544497461	0.0994904734448995	0.1131167562509	0.150547202785882	0.0817619022814888	0.129651679607968
700113058	0.165839555482719	0.145672419193424	0.105384334316131	0.176398387892944	0.16267455000469	0.105832160910657	0.166706932442159	0.0820754280070205	0.167483365686172	0.0905866280467881	0.112385973338983	0.095606767779552	0	0.139992277066263	0.0935003827931516	0.13754973519658	0.0976704878275444	0.135485913342606	0.160501603096983	0.156253124242044	0.151677669435515	0.117499868788931	0.156262205230908	0.178243688543945	0.157414929652353	0.170756967898113	0.152147713973664	0.132494259942066	0.110738784243524	0.111998955349095	0.116492719135594	0.131776726141721	0.105381330880459	0.0959816565013965	0.177190633135899	0.126851963164941	0.151273113056639	0.115261655022361	0.167443589266589	0.096712474402441	0.152109115951429	0.0861447403876434	0.160554471443307	0.133537232866366	0.0953260942157931	0.114393752953801	0.132335740105078	0.0797253518493518	0.132594067596803	0.0963078158135234	0.124648708422724	0.185419690492158	0.164720037640152	0.149357037414541	0.200423804463206	0.0877764913458366	0.135118071888979	0.17871196391508	0.112424296900901	0.157284764727677
700099448	0.151106423946147	0.138862162540561	0.116395096385903	0.152936488132575	0.121266699418141	0.105882779525574	0.138433015678476	0.152435108578501	0.141015943824039	0.124570991536886	0.120401143121769	0.141939511557645	0.139992277066263	0	0.119416568725001	0.139216547466995	0.121899739188308	0.121010457990717	0.140957479746791	0.127645732496717	0.128419045090751	0.127332998404381	0.110593031599022	0.147757066190497	0.138484233513052	0.132060027958044	0.137124480227473	0.144888142632255	0.114324658958439	0.105114615419694	0.106300795164626	0.139243863030559	0.122512966845382	0.108395841081878	0.128660992597566	0.120134621030181	0.118441728698261	0.119851713080793	0.136252363223598	0.147831659857648	0.156932490641807	0.116957931543039	0.110963091700699	0.148125470883548	0.118461273706064	0.113728532608948	0.120676561928781	0.123502468818979	0.0903970926530519	0.119760437984369	0.112744941515553	0.138673923155951	0.136168230841699	0.12921053157568	0.155770050419948	0.143647934773869	0.117977533661975	0.13559008539217	0.102568804783533	0.130552635981961
700109870	0.160454293673536	0.145174672575187	0.0856000072408041	0.148845437186676	0.151381522610197	0.083725422537629	0.147329451804343	0.101493371860789	0.157418842844483	0.101692037686566	0.123297385151899	0.0874314390123465	0.0935003827931516	0.119416568725001	0	0.134326408595432	0.0972709995207542	0.121278288800736	0.154566711794166	0.132658607825904	0.131633012348162	0.119387326792263	0.126021431556169	0.159463470055231	0.139570701431348	0.158342721731409	0.14370764109968	0.139457937129004	0.0996357100931563	0.0905969526499487	0.121486046902107	0.125461653445813	0.122374961294924	0.109235060176168	0.158922769355394	0.117309614805387	0.150857427929275	0.0788590034549116	0.156648664863724	0.0952642225268843	0.157348415313738	0.0738754275765003	0.152673998543025	0.12955855678948	0.0951429866982463	0.10934830580186	0.137208276078584	0.0755529614439576	0.121730427699407	0.0866254637265668	0.107271046877098	0.161239393134677	0.140343871067792	0.137854067192843	0.186317451144737	0.101422386269392	0.118821931622823	0.15835674504427	0.0833320053940092	0.129925212286619
700033928	0.102101871592043	0.158761746294673	0.118511538868425	0.13867227105098	0.132194405707827	0.128774294203314	0.111784998773687	0.151405045930232	0.102980217864464	0.137044372702134	0.102022665030626	0.114736755368755	0.13754973519658	0.139216547466995	0.134326408595432	0	0.14445631558621	0.124936729972967	0.0883166942248127	0.113510168759931	0.105271132934572	0.0978997198978436	0.121276092800367	0.0943996389617551	0.104975354149616	0.120484082707493	0.14845430615145	0.112498781984846	0.138859887021583	0.137957596283835	0.127082752376331	0.108298893969405	0.100569219390565	0.123921123481413	0.128019501315586	0.122445832920311	0.114590486897637	0.145058770359459	0.10295387349126	0.157729430500586	0.0902059357848663	0.113387966122519	0.128793651173445	0.111070479324665	0.122263523947951	0.111380051115857	0.114773126138246	0.123243593819845	0.133383962144109	0.107682186661718	0.0920897794338566	0.120050632388979	0.116879481415393	0.109614622777326	0.134931210995033	0.131600754366105	0.117788097578664	0.106431989233769	0.111759838364582	0.106895964398862
700023693	0.171339085502868	0.12653697137241	0.100439969256249	0.174436738287278	0.150969703962443	0.0936357624011878	0.170945494121796	0.0919669981510064	0.163164467090299	0.0796829221922366	0.107569261028519	0.118907977942358	0.0976704878275444	0.121899739188308	0.0972709995207542	0.14445631558621	0	0.116909448465321	0.158645341892099	0.153957134529805	0.141803709655821	0.125524142413515	0.142507551020278	0.169090791104492	0.157233719722275	0.160910740737344	0.148021162521788	0.146031236726831	0.117128877506878	0.101000894093328	0.108872959562066	0.139378224657116	0.110960837549516	0.098484878482908	0.165278061908625	0.122790588764317	0.142623121974198	0.102307186263296	0.165598851428108	0.0986082647813281	0.154221044797283	0.0926362519733481	0.121299462521552	0.141199770996851	0.106925685313131	0.113390062101291	0.123554077547098	0.0903253857554799	0.116759698658885	0.103678044863405	0.119720400317827	0.181342954535046	0.155172857666795	0.132734501976016	0.190367986478863	0.105715941147078	0.132138396493906	0.172408970113448	0.106931099983687	0.153401122003791
700109627	0.162438169300303	0.156917788573794	0.0930065935686573	0.181470978841292	0.15563633778486	0.077564307789463	0.165970896077897	0.141797866115338	0.158760382279863	0.11897395934361	0.104340082895763	0.115246181093636	0.135485913342606	0.121010457990717	0.121278288800736	0.124936729972967	0.116909448465321	0	0.156210713767271	0.151641732975072	0.152154518548134	0.115873753810857	0.150119647117612	0.147753783820252	0.149464061540067	0.164575125146607	0.137740307088412	0.154165518151372	0.147816194578654	0.11925436556645	0.0901147261345421	0.132774237049058	0.12178426778953	0.107173558608679	0.164013561864128	0.136405625056407	0.108918456430856	0.0885108282066538	0.16465065001425	0.141282944808298	0.161843620573571	0.101973749175994	0.106851891977942	0.138340827105763	0.131520415654611	0.134028938972715	0.136867413834617	0.129597186427331	0.0968472085381786	0.11311262202339	0.109448169403766	0.18144443059779	0.161615713239277	0.126499350223633	0.180821619865413	0.132453728280233	0.143398387642505	0.163839980013335	0.12146434083299	0.157640741441542
700095416	0.0900054470106175	0.153430767913829	0.144531816024901	0.133692895133939	0.12589404033648	0.15377517042268	0.105530073625008	0.173893402035736	0.0822543237716366	0.159100170432317	0.127521915866096	0.136237812062312	0.160501603096983	0.140957479746791	0.154566711794166	0.0883166942248127	0.158645341892099	0.156210713767271	0	0.111360346701909	0.0996767003201601	0.114855443303983	0.105665830483725	0.0990902046599359	0.111330878265257	0.112756940051906	0.148981437302425	0.12912435152012	0.149703241093881	0.153458464131013	0.143038795839868	0.111739563356111	0.111352186641106	0.147365874219722	0.120405919824208	0.118547363758686	0.122733418271044	0.165688314220302	0.101215230249037	0.17139027839654	0.0960762690493499	0.143795067880791	0.124089708501867	0.112512379114199	0.143174112780543	0.119248510014475	0.107222965921376	0.138380709174077	0.136816669856518	0.128371176104258	0.110687494427657	0.115743705548095	0.114413583334017	0.107134917981072	0.119606852384165	0.148100532888791	0.117456660601337	0.0948899167286232	0.127679573917645	0.104622771898087
700110425	0.0965808758393021	0.152331790819322	0.133208421628016	0.0931629658203005	0.133728054492235	0.147470841905124	0.0705421861796561	0.167957738751022	0.112950890680335	0.157854232112685	0.117848210140953	0.130926071725906	0.156253124242044	0.127645732496717	0.132658607825904	0.113510168759931	0.153957134529805	0.151641732975072	0.111360346701909	0	0.0805885648264547	0.102938393206209	0.0878860716914565	0.117328709428626	0.0611997375068878	0.124503822497642	0.158676565048055	0.131729531341605	0.129584417061521	0.137796094496837	0.151149992194427	0.101502123489751	0.109869496005566	0.141966487138824	0.126098129301557	0.0818926805107502	0.14770310693475	0.156162855174865	0.108300084429915	0.169213713560027	0.13275730012229	0.1250775245776	0.137978568174422	0.0857936502495014	0.131211968550846	0.121554798683651	0.126125397763152	0.121497182031377	0.134040088251703	0.11516135389086	0.113531000034072	0.0820373125669525	0.0630863597898203	0.122601110453986	0.128591567513297	0.148544930611941	0.0659848291203735	0.0730062667462523	0.102539802576277	0.0738119754651552
700111580	0.0912472252406174	0.14618634488357	0.13377237845416	0.108532068159926	0.1323063011574	0.145253829640903	0.0862160342598034	0.163310664354626	0.108223202502539	0.143851774454477	0.115323538896332	0.12855115320066	0.151677669435515	0.128419045090751	0.131633012348162	0.105271132934572	0.141803709655821	0.152154518548134	0.0996767003201601	0.0805885648264547	0	0.0901674700515934	0.0877571615484351	0.108406806362738	0.0677660547295398	0.131494357937694	0.16237086524804	0.142780808810963	0.118362243982772	0.148817906750772	0.139091257803109	0.101683004326708	0.0988402464455702	0.140918942641939	0.138660112645413	0.0927213273486643	0.151677431311929	0.151354858190158	0.116038720306022	0.156725541244015	0.118488929524475	0.12394421152759	0.126139992271202	0.101592020030473	0.119686715861373	0.107260107891344	0.109947755501131	0.112880811008197	0.128115956254176	0.111414778354706	0.111983039904738	0.0964958960760905	0.0934930573482582	0.0942063986701984	0.125712528454759	0.139431086509643	0.0706493953306379	0.0733236078362316	0.095019353692612	0.0836515458871907
700111302	0.116106455798952	0.125622150090867	0.086797316723734	0.132166770666041	0.136463458527487	0.118750143560738	0.10795382042624	0.135583037671196	0.115606325734381	0.118188059670783	0.0761703057719222	0.0820466194477121	0.117499868788931	0.127332998404381	0.119387326792263	0.0978997198978436	0.125524142413515	0.115873753810857	0.114855443303983	0.102938393206209	0.0901674700515934	0	0.113306034192338	0.13023880775302	0.0906895433823829	0.137486190837864	0.144186431703914	0.132783494660975	0.120353483556278	0.128583124677057	0.108544987961586	0.078269592687879	0.074442781075818	0.0980173077007264	0.13960602348235	0.0822736035387314	0.13120859372731	0.124940838073879	0.125346755068682	0.132684653994317	0.124527329856805	0.0922144376005864	0.112051252922299	0.0926399547185072	0.102380479857531	0.119796260878677	0.114710510313222	0.0875183132753748	0.123684203731776	0.0768939803426606	0.0802719829488119	0.130558740495159	0.116941775976705	0.0942765304660544	0.154277981597349	0.114209572358568	0.0949420975602143	0.115008406914181	0.0832998556726395	0.112110363622408
700098605	0.101356425878376	0.132114285276993	0.130992975882597	0.102416985114681	0.128218797398156	0.136021062488922	0.103953195262298	0.167493421055343	0.10969737243866	0.145053264603872	0.125200159405665	0.132171245768362	0.156262205230908	0.110593031599022	0.126021431556169	0.121276092800367	0.142507551020278	0.150119647117612	0.105665830483725	0.0878860716914565	0.0877571615484351	0.113306034192338	0	0.118866822942426	0.108200873706155	0.116536562760547	0.13947250335555	0.136209244665908	0.128829358219631	0.135800276150221	0.139429044455287	0.111573065364242	0.115138717548946	0.138243311162374	0.118028366654362	0.103396363751089	0.132765968854219	0.136122865138177	0.114023282648699	0.153845614883293	0.129616171615967	0.135785474267916	0.132485165115042	0.110025498778981	0.135132006680552	0.116549385428113	0.113229369621377	0.12745623544747	0.129578711527638	0.119977639977889	0.106480532037128	0.103110325370212	0.0924221258905007	0.110970784896226	0.118112222127627	0.149835599584724	0.0949961379819618	0.0873037707999285	0.104417733842215	0.0731904893857409
700111991	0.0736911327639527	0.172298182649753	0.155676851023015	0.122305300810515	0.133969474612667	0.163327281855046	0.110817155268181	0.184998371479456	0.105599398277523	0.169073004177699	0.133097972520643	0.162224964291207	0.178243688543945	0.147757066190497	0.159463470055231	0.0943996389617551	0.169090791104492	0.147753783820252	0.0990902046599359	0.117328709428626	0.108406806362738	0.13023880775302	0.118866822942426	0	0.114952516032952	0.0991327224199779	0.14664716201466	0.135226659796785	0.149443257950969	0.169243679277594	0.157490518399618	0.139616285257027	0.135353576655991	0.160647824751484	0.114355236599055	0.127530860520593	0.133597247972619	0.167009430482921	0.106663080232943	0.188225402542053	0.102455745543868	0.159534419417919	0.141046413123161	0.128282266241238	0.157004482571629	0.132451212439796	0.118240075697418	0.151170602047143	0.138374684207385	0.148443964223742	0.128205330372008	0.107222508056502	0.106426668320443	0.107296915025354	0.102580829285105	0.167091729662188	0.123055118955802	0.100393371255534	0.134189718823819	0.118324329865826
700108960	0.0880183625339771	0.1595997782391	0.130990690858944	0.106273862203809	0.143878127953772	0.144154958455018	0.0712754293804137	0.170010640462242	0.115309338723921	0.154636365544939	0.114956693295635	0.124138871093765	0.157414929652353	0.138484233513052	0.139570701431348	0.104975354149616	0.157233719722275	0.149464061540067	0.111330878265257	0.0611997375068878	0.0677660547295398	0.0906895433823829	0.108200873706155	0.114952516032952	0	0.138817648239786	0.176916456993946	0.141214483762295	0.133545414096	0.146097448908287	0.146564221511065	0.0887680151355953	0.1094254351347	0.14222983607417	0.140729971863845	0.0894152730019391	0.153987853733508	0.156076288360604	0.11731124472745	0.170826287220531	0.133425790655703	0.120962496853877	0.1332571105116	0.0903053564632739	0.130180083751445	0.132941807802471	0.131633985810791	0.122319888361043	0.135897900687885	0.109855344899061	0.104664490013635	0.0916429015529201	0.0804368567964587	0.103066701704897	0.124419371484934	0.148650088325019	0.0708473377699552	0.0712432453639314	0.0956067028311699	0.0810553900761473
700024452	0.104291109155264	0.153925079486059	0.156613463303306	0.119895068475804	0.114845224061904	0.165233772140661	0.116018964644154	0.184713066808572	0.110187556453698	0.167328829522539	0.150562684373975	0.161511338796887	0.170756967898113	0.132060027958044	0.158342721731409	0.120484082707493	0.160910740737344	0.164575125146607	0.112756940051906	0.124503822497642	0.131494357937694	0.137486190837864	0.116536562760547	0.0991327224199779	0.138817648239786	0	0.153627103894785	0.125484738030613	0.122557271935243	0.149536946887479	0.162631452585111	0.153345759870504	0.143255328222011	0.152752072143964	0.0790701695402528	0.131882756412551	0.138025549441801	0.167856765939318	0.101235442882873	0.172695614562168	0.121706952960518	0.154750143402269	0.137824600327979	0.136868678159127	0.14725210367801	0.115096976835576	0.111090127443455	0.152850144786574	0.152182505392187	0.151353454648769	0.127837653920597	0.10201127041824	0.104451263395748	0.138400365822637	0.118630625904295	0.15861478116773	0.125218915960333	0.119011390027355	0.129296908458067	0.130031986372985
700032931	0.155349593996124	0.132194775918949	0.146764128506426	0.180016883614589	0.148291448115515	0.146692079719052	0.179468088196754	0.158094550660558	0.149432079833419	0.14018002928364	0.133311899812841	0.160036654676888	0.152147713973664	0.137124480227473	0.14370764109968	0.14845430615145	0.148021162521788	0.137740307088412	0.148981437302425	0.158676565048055	0.16237086524804	0.144186431703914	0.13947250335555	0.14664716201466	0.176916456993946	0.153627103894785	0	0.136319383054231	0.145705837798701	0.144385016827389	0.141331780179934	0.162468094881994	0.130857883038038	0.135422920263326	0.154697819081386	0.146567616140652	0.13329517775094	0.142837631616962	0.147821261454772	0.162260153341025	0.149150948611775	0.142200626257377	0.146442502307302	0.149611011201505	0.138839474237594	0.144503439860905	0.127064807087944	0.138627939801415	0.130966492852531	0.14035567247221	0.136060559244365	0.175457112367388	0.162935238179869	0.134371141207468	0.159490240991302	0.147743924800761	0.15892993642255	0.168947785381615	0.145020371475658	0.163745540179048
700095837	0.129789334614325	0.148192291354481	0.1438762820916	0.145778788353906	0.136277130628578	0.158097900060459	0.143630858424977	0.149414531105344	0.139578766576672	0.143630366700805	0.122243771735198	0.149112869176683	0.132494259942066	0.144888142632255	0.139457937129004	0.112498781984846	0.146031236726831	0.154165518151372	0.12912435152012	0.131729531341605	0.142780808810963	0.132783494660975	0.136209244665908	0.135226659796785	0.141214483762295	0.125484738030613	0.136319383054231	0	0.112888977736571	0.121108540343861	0.148779572487457	0.146055495737969	0.117101747976313	0.134232232654763	0.127305946147909	0.133166830674464	0.129103072416865	0.16110419031673	0.130586717790809	0.152178324543061	0.125189897094848	0.126068708176593	0.151793532211759	0.124279149624221	0.123255289644158	0.116254801320122	0.125067794434048	0.130778881596793	0.142222463947252	0.142890831379761	0.126851465081548	0.146811417443423	0.121769461136938	0.14896276169328	0.144456372034198	0.139055164508601	0.131102725524867	0.145790831804969	0.123422800377515	0.137484338643331
700024548	0.142106353915429	0.129548710477286	0.114585604965646	0.133717693049569	0.13089589965029	0.123334183048719	0.141520958155074	0.121661368748396	0.162535158049982	0.112019277708902	0.125104768060041	0.120286662215929	0.110738784243524	0.114324658958439	0.0996357100931563	0.138859887021583	0.117128877506878	0.147816194578654	0.149703241093881	0.129584417061521	0.118362243982772	0.120353483556278	0.128829358219631	0.149443257950969	0.133545414096	0.122557271935243	0.145705837798701	0.112888977736571	0	0.109794383921548	0.127271892801225	0.145694220857097	0.114756345951614	0.105163010471434	0.12271966152566	0.103367340836079	0.148677391655196	0.117035313724965	0.137299013182914	0.100095381569283	0.132393706407344	0.0917266947385653	0.141281279707309	0.142886230410557	0.0810527638749571	0.0885908613353607	0.124018099315806	0.100623791328133	0.13107915139784	0.11661655141904	0.120563846193273	0.1433710767016	0.119545310110256	0.132004712324478	0.154279945625035	0.120326444962756	0.109536861195526	0.14300356784056	0.0959727426564213	0.143491575781899
700110161	0.164260096029492	0.139641824566062	0.107227103490686	0.163016547835197	0.148168666055794	0.0983468810240213	0.163790032524376	0.122373487661311	0.160269800609425	0.106453505001165	0.122489260720686	0.125992404229649	0.111998955349095	0.105114615419694	0.0905969526499487	0.137957596283835	0.101000894093328	0.11925436556645	0.153458464131013	0.137796094496837	0.148817906750772	0.128583124677057	0.135800276150221	0.169243679277594	0.146097448908287	0.149536946887479	0.144385016827389	0.121108540343861	0.109794383921548	0	0.108852413040807	0.140999146850799	0.128633920246783	0.0918400734747029	0.15885104814552	0.133572137045415	0.134256282123424	0.106494681556884	0.158259029393134	0.117071500631684	0.156659929964025	0.0885389960327019	0.143091823336573	0.136739543696291	0.114032919114687	0.118254415680476	0.142602059666073	0.102673328293655	0.104734599091994	0.11119574963031	0.121965145665933	0.163019775727455	0.149237531470838	0.139813458335462	0.182744238797268	0.110398408905778	0.126769984144852	0.159185781567694	0.107496190771604	0.148463151698852
700023496	0.157562900946769	0.130685991630541	0.0976261710701436	0.170506182551331	0.146226211128039	0.0765859211752501	0.156939845368565	0.119439391317297	0.156747782307177	0.0965949584944087	0.0932689420903854	0.107340133725647	0.116492719135594	0.106300795164626	0.121486046902107	0.127082752376331	0.108872959562066	0.0901147261345421	0.143038795839868	0.151149992194427	0.139091257803109	0.108544987961586	0.139429044455287	0.157490518399618	0.146564221511065	0.162631452585111	0.141331780179934	0.148779572487457	0.127271892801225	0.108852413040807	0	0.132733462884808	0.0965508654534495	0.075354564147844	0.167857620622139	0.125046812470305	0.123219012307855	0.103489919734076	0.155630468206587	0.123712778709873	0.138159122518338	0.0953260881783983	0.102742446464089	0.134298096131839	0.0966179507938737	0.117831764790341	0.13304788435019	0.103421235597864	0.0895998451584819	0.106758667039811	0.111767293123125	0.176850894759544	0.1594974732751	0.107836982336228	0.186061031314127	0.103036045904859	0.128207836108486	0.165095204646857	0.117797625526866	0.156360095685549
700034628	0.12891814184226	0.153470000344337	0.111219689815269	0.138804507616675	0.152619178069295	0.133203096232472	0.0935057525899439	0.149382172218577	0.10038965615868	0.1401841845984	0.0988361469548982	0.0927769961515561	0.131776726141721	0.139243863030559	0.125461653445813	0.108298893969405	0.139378224657116	0.132774237049058	0.111739563356111	0.101502123489751	0.101683004326708	0.078269592687879	0.111573065364242	0.139616285257027	0.0887680151355953	0.153345759870504	0.162468094881994	0.146055495737969	0.145694220857097	0.140999146850799	0.132733462884808	0	0.0966230817181715	0.123823874871021	0.139722225591806	0.083500609449534	0.150587597494862	0.137702451743672	0.129610911203892	0.143413028740899	0.13920068316554	0.107816371315595	0.133226534703837	0.0743639958603361	0.122177933504518	0.137480882352945	0.134741067764961	0.1017351982584	0.143275651595859	0.0844167307953802	0.0962916299267366	0.124064444861582	0.119125697400226	0.115877753081963	0.161684424530745	0.122085099609111	0.105582024663259	0.104603855640611	0.0985402022806727	0.0891278347402652
700023645	0.126264772827074	0.115280362149874	0.10586966661896	0.142078203859128	0.132289302585527	0.122153586176912	0.119810921280512	0.11723265917961	0.120183952085881	0.0994186969395798	0.0773492976774588	0.100854946954365	0.105381330880459	0.122512966845382	0.122374961294924	0.100569219390565	0.110960837549516	0.12178426778953	0.111352186641106	0.109869496005566	0.0988402464455702	0.074442781075818	0.115138717548946	0.135353576655991	0.1094254351347	0.143255328222011	0.130857883038038	0.117101747976313	0.114756345951614	0.128633920246783	0.0965508654534495	0.0966230817181715	0	0.0922158777248504	0.142650945897095	0.0871128779263399	0.131843252363857	0.127675676887073	0.126396776684344	0.117984208285503	0.121718738597413	0.0916328673207627	0.107588291386398	0.0973206928577644	0.0983495402021057	0.0995362119900237	0.100396503820922	0.0842828838144468	0.121895124847687	0.0820368489234277	0.0879658485769665	0.138257230632263	0.124991058420586	0.104097678491175	0.154627511011827	0.0960014067695827	0.099814415079708	0.118737863824152	0.0938194358297891	0.118324978735575
700038744	0.162298889290238	0.129997084617616	0.0810462923806645	0.160330454741941	0.144779739461653	0.0816920323552209	0.156468587348631	0.111276395708866	0.157587879488124	0.0829418655302137	0.0879408124280224	0.0892445243541745	0.0959816565013965	0.108395841081878	0.109235060176168	0.123921123481413	0.098484878482908	0.107173558608679	0.147365874219722	0.141966487138824	0.140918942641939	0.0980173077007264	0.138243311162374	0.160647824751484	0.14222983607417	0.152752072143964	0.135422920263326	0.134232232654763	0.105163010471434	0.0918400734747029	0.075354564147844	0.123823874871021	0.0922158777248504	0	0.154513890158459	0.106166501572996	0.122422380953119	0.0925163205320666	0.15389348896252	0.110038860835128	0.143069284928944	0.0786629034519722	0.118389781755304	0.128285169709751	0.0920064513168172	0.109680890845095	0.134633758939466	0.0879193852481205	0.106095745702832	0.0912644946780565	0.0984610058373923	0.175467335741271	0.151170818385149	0.116662855272035	0.18648529010975	0.0923237343092698	0.126984487779285	0.159523837004402	0.0999411007427741	0.152521785061471
700038485	0.122732984062	0.1592866950925	0.154790091163941	0.120087393196835	0.106192123991023	0.16708591062541	0.116813690380452	0.18681075388875	0.108585629050662	0.168944398158804	0.143616614364339	0.161013937442762	0.177190633135899	0.128660992597566	0.158922769355394	0.128019501315586	0.165278061908625	0.164013561864128	0.120405919824208	0.126098129301557	0.138660112645413	0.13960602348235	0.118028366654362	0.114355236599055	0.140729971863845	0.0790701695402528	0.154697819081386	0.127305946147909	0.12271966152566	0.15885104814552	0.167857620622139	0.139722225591806	0.142650945897095	0.154513890158459	0	0.116073371502889	0.14168465738243	0.167212144689567	0.0996985512958165	0.170670059188644	0.133484570599576	0.15780394262981	0.141056600275462	0.128108663028709	0.151980181263769	0.114235136139321	0.118310746468295	0.158371703814798	0.157183928750372	0.154561581349249	0.124109071918907	0.101378100271741	0.105974665155667	0.135270043286098	0.0975409164802622	0.175679044816609	0.134035640048848	0.117659113057336	0.131714556539251	0.130550918981426
700024743	0.115326858070196	0.12932119634048	0.0990448077741295	0.1167049609695	0.139909989996681	0.124547479183895	0.0916546353696199	0.140060235461512	0.124323171738961	0.121492601607894	0.0906629873507778	0.101765509387112	0.126851963164941	0.120134621030181	0.117309614805387	0.122445832920311	0.122790588764317	0.136405625056407	0.118547363758686	0.0818926805107502	0.0927213273486643	0.0822736035387314	0.103396363751089	0.127530860520593	0.0894152730019391	0.131882756412551	0.146567616140652	0.133166830674464	0.103367340836079	0.133572137045415	0.125046812470305	0.083500609449534	0.0871128779263399	0.106166501572996	0.116073371502889	0	0.141124110124323	0.126426952681499	0.117397662692555	0.137238616358724	0.131789237621605	0.108775768702443	0.119017801709595	0.0840736994591429	0.101705067357344	0.107898796650757	0.108946782441112	0.0922757189702901	0.127996951400301	0.0942698907669142	0.0914977230810171	0.114540325292377	0.101567174307505	0.101349442229589	0.138984939921307	0.124826426086039	0.0841909162417283	0.098741741762057	0.0819486437613383	0.0959804415117856
