700108602	700014971	700033565	700109389	700023058	700023927	700106341	700114221	700023543	700023439	700016978	700024192	700113058	700099448	700109870	700033928	700023693	700109627	700095416	700110425	700111580	700111302	700098605	700111991	700108960	700024452	700032931	700095837	700024548	700110161	700023496	700034628	700023645	700038744	700038485	700024743	700099596	700110760	700101587	700106399	700032322	700095653	700021312	700101230	700023590	700038905	700033136	700023382	700096424	700105469	700016908	700096053	700108479	700109569	700033814	700016125	700109756	700102665	700101777	700109455
700108602	0	-0.147442666674305	-0.194908451830787	-0.122357362509501	-0.129832690028613	-0.196630704527539	-0.0769648957277776	-0.216497107567685	-0.0917874282171031	-0.201855915276859	-0.135622928457426	-0.202810945761221	-0.20649242543758	-0.160935309996739	-0.204302116612405	-0.106571575779032	-0.209247245499539	-0.197324743044538	-0.0921021939250619	-0.0907023950315842	-0.103494079882893	-0.127623067620823	-0.0956576290612036	-0.0706622949478718	-0.0977603227556387	-0.131430935389843	-0.16988196972518	-0.176399522204617	-0.170332547075455	-0.199982978929676	-0.179185211094178	-0.143304076632082	-0.129224879626194	-0.181204184504991	-0.123858005480233	-0.110492100039011	-0.171176328126139	-0.217807417686406	-0.0760464914431515	-0.239042578831473	-0.0975189675627686	-0.200782419437841	-0.132479594872928	-0.130113459641905	-0.183199062678192	-0.146263613257053	-0.126870369637198	-0.188520737989552	-0.166774255389705	-0.169567573898923	-0.137565053954202	-0.0778945737384561	-0.0849141642463943	-0.113839935955943	-0.0864060684975212	-0.189269589029434	-0.118235441719105	-0.0771221139846302	-0.164825533747967	-0.103944576797253
700014971	-0.147442666674305	0	-0.171104023129895	-0.21341197175741	-0.116778923386138	-0.14603496549027	-0.170566937694115	-0.15144490732978	-0.139373736533299	-0.122123566899818	-0.113520887530867	-0.192816963728544	-0.144148072374975	-0.10565408617082	-0.164086217682111	-0.158021994041839	-0.125346771394272	-0.162662106178296	-0.160692298908003	-0.150504462763886	-0.157304429927618	-0.148479845116287	-0.124877043043296	-0.160715397609859	-0.182060711451711	-0.170365288342813	-0.109398368667485	-0.1412530959388	-0.12066248141464	-0.131766409969828	-0.12221251794738	-0.148249505760159	-0.120441571007247	-0.122080291865726	-0.133438763988662	-0.11828648382661	-0.15648888214673	-0.171098516090278	-0.131727016199145	-0.150188783522505	-0.136098502052326	-0.132680553324849	-0.117830136108795	-0.134551404996385	-0.12194704425249	-0.125453933644418	-0.115597006115264	-0.135213891280604	-0.120688741215627	-0.152077516048207	-0.161810088135093	-0.167876845400125	-0.164430807287632	-0.117233982567638	-0.176859560233799	-0.121889797838623	-0.14418268634408	-0.167152968882654	-0.160416737156163	-0.158062042022841
700033565	-0.194908451830787	-0.171104023129895	0	-0.22883060647549	-0.194272261233128	-0.0730234118413706	-0.205446552000003	-0.107849437708708	-0.177496364142061	-0.099227825269009	-0.108566461384492	-0.0762045466112847	-0.111477912569325	-0.139881527570654	-0.103162942694625	-0.129959324777692	-0.103855663518731	-0.099691797927131	-0.179874875785025	-0.183413397120387	-0.173530742215734	-0.111036936998146	-0.185080287275633	-0.181286286909163	-0.176207814833168	-0.212815223902146	-0.150253642038413	-0.176423102633851	-0.169323607281438	-0.108550647832898	-0.105248651886283	-0.129309136517829	-0.126902833440211	-0.100449359696859	-0.195124885233375	-0.148635473087803	-0.148589583442516	-0.108950815048511	-0.183662102961375	-0.148061433089857	-0.167275567249215	-0.0871702798535675	-0.154972028206503	-0.155918152995543	-0.132059120503847	-0.146464618994021	-0.152128324072786	-0.0940771714940396	-0.115842936471558	-0.0911838338817573	-0.0901891905281647	-0.217627269776353	-0.197635904051749	-0.143993973429024	-0.229414498920483	-0.117430826513436	-0.15543365220984	-0.198794164658919	-0.0848792108937876	-0.187862096819584
700109389	-0.122357362509501	-0.21341197175741	-0.22883060647549	0	-0.181062413818443	-0.242257747065726	-0.114436622794053	-0.245693527826449	-0.171486873686959	-0.24057619062853	-0.189953366075921	-0.230304760805747	-0.238863433660459	-0.20826561097822	-0.225173735678618	-0.175691984572438	-0.247560022781589	-0.243098150961377	-0.174119629368406	-0.116802702298589	-0.148257537757595	-0.188103730375231	-0.150424737600232	-0.147573577078853	-0.139020150448407	-0.142717528718138	-0.239198548828495	-0.215013649864402	-0.176681921922785	-0.228699779698671	-0.232244739797067	-0.208783084284089	-0.173279820090448	-0.224195873878584	-0.146844847819793	-0.168409904416827	-0.238966722030091	-0.258215943734749	-0.161486137786974	-0.241653319647103	-0.146980268627456	-0.231814925223275	-0.208077843136403	-0.183651558839445	-0.212578806339065	-0.17959591491058	-0.198796991135995	-0.229783208445531	-0.218744926796498	-0.218523265465137	-0.175977419327314	-0.106138364260045	-0.0822511869975975	-0.18714479688379	-0.1293087354649	-0.229247339780693	-0.125787100944382	-0.117717226389918	-0.191573932171631	-0.156073451010976
700023058	-0.129832690028613	-0.116778923386138	-0.194272261233128	-0.181062413818443	0	-0.170526211288911	-0.148182296634039	-0.190022253924351	-0.130393620937323	-0.161047575992335	-0.122800557207033	-0.208624605281405	-0.180614758898125	-0.124432744424295	-0.184104901076067	-0.146971172606477	-0.167859493385805	-0.154115283542595	-0.12446836943893	-0.142120125837717	-0.156571071044045	-0.156239406941403	-0.137797959719108	-0.127400922707262	-0.170453799412435	-0.134781020421701	-0.140322673847225	-0.159663256082765	-0.138215398194326	-0.167394874465425	-0.143497590570136	-0.179023199700184	-0.128540660394534	-0.149751730313456	-0.110598528107151	-0.137582711740835	-0.132948616058498	-0.157634980096638	-0.110053349672948	-0.201454978171216	-0.114484286466711	-0.166918353261431	-0.120994455475158	-0.149419676983662	-0.150187311950815	-0.146405189438123	-0.119134306831881	-0.166931388876604	-0.136339994225306	-0.188161804204735	-0.160921697415887	-0.14175702075498	-0.141892581350928	-0.112202851695148	-0.146611576375965	-0.169953831991904	-0.154559158452972	-0.152680017442309	-0.176226245965224	-0.148775951772908
700023927	-0.196630704527539	-0.14603496549027	-0.0730234118413706	-0.242257747065726	-0.170526211288911	0	-0.215044051652674	-0.111238020849531	-0.184149554571857	-0.0870080217174471	-0.109834030549232	-0.101186543363115	-0.107823540160776	-0.106927674385016	-0.10831996459218	-0.141282315887051	-0.0943081037001441	-0.0750751431021262	-0.180935204315937	-0.187523186653512	-0.184376834399271	-0.135266616589053	-0.181586516533069	-0.186540043507554	-0.196921202779992	-0.208332268001287	-0.119115552718163	-0.17664424433223	-0.155656656495465	-0.108743202829645	-0.0610952067954141	-0.154222240481192	-0.120933280161026	-0.0758617057381642	-0.191602665508914	-0.152266840294872	-0.129017448973023	-0.0860253885520645	-0.178732937760041	-0.145816814038342	-0.160323441555716	-0.0862041654691909	-0.132978559756679	-0.166754045538711	-0.121367701553415	-0.142046191269932	-0.14516619084487	-0.0966111914400036	-0.0842694337941023	-0.115787179033635	-0.115448801270168	-0.227251789033916	-0.209455508235927	-0.132738006898012	-0.230053399177499	-0.108779939922094	-0.159038253907434	-0.209482648055994	-0.106400151964681	-0.198322751095887
700106341	-0.0769648957277776	-0.170566937694115	-0.205446552000003	-0.114436622794053	-0.148182296634039	-0.215044051652674	0	-0.215034777107419	-0.0883263574160141	-0.213396883645244	-0.141757397962797	-0.191717563276967	-0.21132304196612	-0.180988595111431	-0.205318099330017	-0.127512445829547	-0.221158359691558	-0.223358177525616	-0.113109576586655	-0.0867208116408698	-0.0947782441365447	-0.120983423168377	-0.130407087155384	-0.105884705455634	-0.0810006804541936	-0.16332931345103	-0.207443898044615	-0.207855562043822	-0.193578432964738	-0.208282310449676	-0.195121473812455	-0.117156175978402	-0.137002928713667	-0.200345634220833	-0.147071918511059	-0.100434910006691	-0.204699267806228	-0.233397570565593	-0.10421103719759	-0.248780964355691	-0.117058655234328	-0.201445228474832	-0.147123673135004	-0.106438169143492	-0.182663257543559	-0.170979958541857	-0.155467186047245	-0.188611784065005	-0.189992610703396	-0.164627973935445	-0.150535167008212	-0.0798962264327947	-0.0843440125119193	-0.127976983910034	-0.116550239650305	-0.194149940050516	-0.118153563832739	-0.0611118547408715	-0.168434688618723	-0.0762991420905552
700114221	-0.216497107567685	-0.15144490732978	-0.107849437708708	-0.245693527826449	-0.190022253924351	-0.111238020849531	-0.215034777107419	0	-0.197921196569292	-0.0770488207059076	-0.136229168650046	-0.110693914767375	-0.0729261181864849	-0.145504127149232	-0.0858293793178488	-0.179313717227712	-0.0720121839903695	-0.144615516599727	-0.205520708029411	-0.192319398866457	-0.190267136878563	-0.163082954050952	-0.20173086566608	-0.21263697516351	-0.217333756432199	-0.230483139140845	-0.137112357789356	-0.171560486363063	-0.153137560404902	-0.106923707561146	-0.128093183753138	-0.159491934074139	-0.128226420937497	-0.113293045674287	-0.213260664680988	-0.152719738319764	-0.172139157822977	-0.108213556364187	-0.206373740857123	-0.0970381853294096	-0.16635199858703	-0.0731242318835493	-0.186548750655844	-0.167675817418558	-0.102182741864119	-0.137390724878438	-0.149047869883566	-0.0751782182884705	-0.138671792912256	-0.117361020578564	-0.146375289250063	-0.229601071417108	-0.21025851097142	-0.170221885325579	-0.262515576318312	-0.0756994935090877	-0.154490301417306	-0.227964033468442	-0.118535602524913	-0.20373752470207
700023543	-0.0917874282171031	-0.139373736533299	-0.177496364142061	-0.171486873686959	-0.130393620937323	-0.184149554571857	-0.0883263574160141	-0.197921196569292	0	-0.180388271344104	-0.118942725269711	-0.189312408422235	-0.187304213620721	-0.154086624922518	-0.196488132343222	-0.0987943545795725	-0.187062940380583	-0.184440734527862	-0.105879227276597	-0.118534375146352	-0.124880752316146	-0.110819290600072	-0.123454837056578	-0.101448233517749	-0.121638980271167	-0.157677263022025	-0.162142667319674	-0.166855965117872	-0.199027752358569	-0.178365660803598	-0.166770228554267	-0.108263383618827	-0.128025453631285	-0.166599798893975	-0.123863690632034	-0.115797231032651	-0.163702599647418	-0.209142981019771	-0.0829444983618898	-0.226640290629715	-0.103047477504029	-0.179684158725024	-0.120574132058872	-0.0841633961442539	-0.17228481173903	-0.163260991984846	-0.124449604455721	-0.1723734445739	-0.169839818620395	-0.153179228406684	-0.139953563325815	-0.101399034285256	-0.114657129106878	-0.12170437242263	-0.125406544095894	-0.171745119535779	-0.152988208289824	-0.0922965975388099	-0.159556640146099	-0.0940263675672477
700023439	-0.201855915276859	-0.122123566899818	-0.099227825269009	-0.24057619062853	-0.161047575992335	-0.0870080217174471	-0.213396883645244	-0.0770488207059076	-0.180388271344104	0	-0.114034139978265	-0.131634209048544	-0.0713388296597812	-0.110768501615478	-0.111362648597602	-0.158440887100182	-0.0582427793004774	-0.115696996819117	-0.18641497556259	-0.188225515682379	-0.184396938503896	-0.153625476903093	-0.180466880805539	-0.19033039817485	-0.209555618349273	-0.208716611414977	-0.111977174184172	-0.153453870445384	-0.134975465243509	-0.0881750153861513	-0.0951495328712661	-0.157182253348199	-0.113803807743195	-0.0807501227399574	-0.185410074463004	-0.1504979348347	-0.142782965894168	-0.107159949033196	-0.18292576602104	-0.103021212197044	-0.144365063719065	-0.0656800821254041	-0.150422309862391	-0.162336485959512	-0.0996712375136671	-0.122958454005034	-0.130429454341981	-0.0866342283518225	-0.101805127451696	-0.122014350169201	-0.132734141300785	-0.217228928721086	-0.206700671541438	-0.136024809453587	-0.238527737595783	-0.0822108613814074	-0.158715192530287	-0.212729632099244	-0.120248051850634	-0.197873908450719
700016978	-0.135622928457426	-0.113520887530867	-0.108566461384492	-0.189953366075921	-0.122800557207033	-0.109834030549232	-0.141757397962797	-0.136229168650046	-0.118942725269711	-0.114034139978265	0	-0.129603623412584	-0.124198554135334	-0.102878869654216	-0.15132612719769	-0.0982771219441898	-0.122144786538485	-0.116974320217964	-0.127469409253764	-0.114305790041543	-0.128250416103954	-0.0755419728436687	-0.140258869114012	-0.126464809756378	-0.12419779043089	-0.179616388357988	-0.12154995609668	-0.134261907770823	-0.146001860684539	-0.121503829444042	-0.0912853039984934	-0.103275562523627	-0.0626823659322579	-0.0874952901543659	-0.14160254544743	-0.0849880953851067	-0.128442146963827	-0.155812554511663	-0.123040202243447	-0.164456390103076	-0.101330615343714	-0.10102305605737	-0.0925932149282411	-0.106877078020726	-0.109614987975837	-0.125189944209618	-0.115277486165655	-0.103228516797297	-0.108050676834812	-0.11067864699393	-0.0847563636180175	-0.154540081580081	-0.141081419976884	-0.0937347549874823	-0.170743341494429	-0.10804729446704	-0.124857570728595	-0.135062874813997	-0.110193026427106	-0.143269055957537
700024192	-0.202810945761221	-0.192816963728544	-0.0762045466112847	-0.230304760805747	-0.208624605281405	-0.101186543363115	-0.191717563276967	-0.110693914767375	-0.189312408422235	-0.131634209048544	-0.129603623412584	0	-0.11126790702489	-0.166587991376099	-0.0987975693080197	-0.139842434008022	-0.133583263326038	-0.125881308305092	-0.172565274859289	-0.186532447325374	-0.162449451782639	-0.114620106218951	-0.198455167010584	-0.20416642575931	-0.170219289982869	-0.22435010639036	-0.175171790785443	-0.191406240708878	-0.181184978677964	-0.14490308579065	-0.115472119362931	-0.114081302850076	-0.129006123025885	-0.121489165947449	-0.22161546457114	-0.154265674429904	-0.170625883008375	-0.121076839653807	-0.20263993614193	-0.152132478154272	-0.177987578679266	-0.087212501874865	-0.176934142746692	-0.14866302100734	-0.119529085328596	-0.164840296689174	-0.16000706108268	-0.0959000692102852	-0.140217632207569	-0.0839924100470307	-0.0965748031192084	-0.223184524822944	-0.201433800124785	-0.148411555000938	-0.250025009780622	-0.105890511575127	-0.141320347430916	-0.206247778438155	-0.0963995729261514	-0.182359391830583
700113058	-0.20649242543758	-0.144148072374975	-0.111477912569325	-0.238863433660459	-0.180614758898125	-0.107823540160776	-0.21132304196612	-0.0729261181864849	-0.187304213620721	-0.0713388296597812	-0.124198554135334	-0.11126790702489	0	-0.134933681335236	-0.0867169402647767	-0.173299296112519	-0.0821430621590843	-0.142738281654064	-0.200237274514405	-0.184323608220064	-0.190087680154338	-0.157020543698089	-0.194418945904449	-0.206466779097038	-0.210892650866829	-0.223391914844493	-0.13258407300758	-0.151960330712232	-0.145508949991316	-0.0986435716164657	-0.114480933513405	-0.156194060736634	-0.113642103684984	-0.0940312828038994	-0.208762045692225	-0.158220502751169	-0.164060033623608	-0.122777387846272	-0.19190146906611	-0.111788088590877	-0.15778671893906	-0.0709032041429132	-0.180460457575077	-0.161621726246295	-0.101067691896444	-0.12889652245703	-0.162309616874619	-0.0865524339517662	-0.127073590937706	-0.119326328580336	-0.141751006274009	-0.221699091782812	-0.205996441191636	-0.166819572270665	-0.25743494837329	-0.0677517320322661	-0.155668315826746	-0.221741874977701	-0.114671388635768	-0.195048157630399
700099448	-0.160935309996739	-0.10565408617082	-0.139881527570654	-0.20826561097822	-0.124432744424295	-0.106927674385016	-0.180988595111431	-0.145504127149232	-0.154086624922518	-0.110768501615478	-0.102878869654216	-0.166587991376099	-0.134933681335236	0	-0.150159473647186	-0.138687870944911	-0.11963744518234	-0.117201375821867	-0.14523113652666	-0.149636886161065	-0.151466918902188	-0.1421686498709	-0.143202651390081	-0.144784517649228	-0.176111848726165	-0.154894382087523	-0.10357173880529	-0.152264284213347	-0.127654094678388	-0.107092052562789	-0.0905959795392106	-0.161055852338372	-0.108675171561183	-0.0961001339676829	-0.144498028138552	-0.134859650072883	-0.124469135172939	-0.128899871134934	-0.138641231151054	-0.166637947648397	-0.139393969046617	-0.117672438199299	-0.114076212937942	-0.157403091344033	-0.109859332864591	-0.13430966039148	-0.101199792536336	-0.126886124939943	-0.0732308316228572	-0.143256758145653	-0.129080373874036	-0.170039676562939	-0.176266895932975	-0.108548343158796	-0.179847795612118	-0.121944325873328	-0.129773895794888	-0.171593121420686	-0.125302397330382	-0.169836927533892
700109870	-0.204302116612405	-0.164086217682111	-0.103162942694625	-0.225173735678618	-0.184104901076067	-0.10831996459218	-0.205318099330017	-0.0858293793178488	-0.196488132343222	-0.111362648597602	-0.15132612719769	-0.0987975693080197	-0.0867169402647767	-0.150159473647186	0	-0.178311669789615	-0.099425421721405	-0.147564889009658	-0.197539180476999	-0.17921714710712	-0.175824615294117	-0.159490787009732	-0.184241183016213	-0.216213048813982	-0.204409314967863	-0.214988317959307	-0.1587534823463	-0.181595088395992	-0.14629708048767	-0.106883412768094	-0.126995992405353	-0.16063761955409	-0.148703024421402	-0.136594207897499	-0.214014661000793	-0.161358885680059	-0.170555451043334	-0.093852907076024	-0.198090455819852	-0.116503590804887	-0.184809546419029	-0.0882272929924732	-0.193976805678282	-0.163368277355477	-0.11811688652284	-0.129533788799684	-0.156158441306327	-0.0862235400098069	-0.132620957566267	-0.11919677880028	-0.146925860955969	-0.219480902200952	-0.196482969671437	-0.166553067540212	-0.241182309456032	-0.102823575494569	-0.134578918487595	-0.221372391659541	-0.106756845809785	-0.187363000432177
700033928	-0.106571575779032	-0.158021994041839	-0.129959324777692	-0.175691984572438	-0.146971172606477	-0.141282315887051	-0.127512445829547	-0.179313717227712	-0.0987943545795725	-0.158440887100182	-0.0982771219441898	-0.139842434008022	-0.173299296112519	-0.138687870944911	-0.178311669789615	0	-0.169769745575174	-0.14087807500036	-0.0862724923732085	-0.133678243460365	-0.109034478027475	-0.0844950888580112	-0.12814866709425	-0.0911230065895758	-0.116332093853643	-0.166763002279447	-0.154688501014918	-0.156302909795345	-0.18242940872804	-0.167022873841355	-0.128848884446882	-0.112147638565683	-0.0945523923389758	-0.135693755863934	-0.14397126980638	-0.128871227654737	-0.144233225973444	-0.178616205730732	-0.109442583559027	-0.213146237763518	-0.0968046098927824	-0.143713513855473	-0.114745868070525	-0.120322348903338	-0.141993440009712	-0.146813596667033	-0.113082638444362	-0.151602116947398	-0.13889299605274	-0.117279975425285	-0.0882646352415881	-0.137869913882743	-0.139609718080776	-0.102680305258948	-0.148906675264998	-0.146822851823499	-0.134299006112488	-0.116702401475555	-0.121880439993193	-0.116106566884235
700023693	-0.209247245499539	-0.125346771394272	-0.103855663518731	-0.247560022781589	-0.167859493385805	-0.0943081037001441	-0.221158359691558	-0.0720121839903695	-0.187062940380583	-0.0582427793004774	-0.122144786538485	-0.133583263326038	-0.0821430621590843	-0.11963744518234	-0.099425421721405	-0.169769745575174	0	-0.126020275756667	-0.19909878388856	-0.191338519558045	-0.186516114258568	-0.166249904728663	-0.183714536932164	-0.200308817215894	-0.223324253884234	-0.217198082925598	-0.119236228604618	-0.161963194935696	-0.131723903983038	-0.0970587961476659	-0.0974435010049516	-0.169514358221108	-0.125019865326898	-0.0954429757081149	-0.19246152482541	-0.151642620464532	-0.146551253150488	-0.100494982519165	-0.188617918958734	-0.100522289833665	-0.157373407996047	-0.077605280341062	-0.158211052496355	-0.17211482060394	-0.102955942903482	-0.116555516302791	-0.137643999701679	-0.0802764084288801	-0.106127139314079	-0.133374428995512	-0.143550015319348	-0.227532728830825	-0.210094726552309	-0.150176667569212	-0.24421500939757	-0.0907747707881863	-0.150769670347058	-0.225032162065487	-0.127793397774326	-0.204758961230111
700109627	-0.197324743044538	-0.162662106178296	-0.099691797927131	-0.243098150961377	-0.154115283542595	-0.0750751431021262	-0.223358177525616	-0.144615516599727	-0.184440734527862	-0.115696996819117	-0.116974320217964	-0.125881308305092	-0.142738281654064	-0.117201375821867	-0.147564889009658	-0.14087807500036	-0.126020275756667	0	-0.170659713197533	-0.188863437738996	-0.198072027023372	-0.151884259791787	-0.18862982312597	-0.171249946866492	-0.197678399573954	-0.202993898722909	-0.127314605430671	-0.173387073151675	-0.18366822759243	-0.132208342545215	-0.0818290782849678	-0.16666337326282	-0.137479493818769	-0.101139223692765	-0.19029729022288	-0.166653016464512	-0.0984325718306193	-0.088059127350158	-0.183014284779852	-0.174831237930035	-0.162882978040521	-0.114806987750003	-0.136206208774116	-0.166766632050282	-0.144943942119254	-0.166583492118221	-0.147372723209115	-0.130656391116891	-0.0967466415970394	-0.136352881332144	-0.116136711350275	-0.229121588998054	-0.213307775644813	-0.141125612334686	-0.208210399839384	-0.135643166223219	-0.178733004266023	-0.206722584807386	-0.138663905230063	-0.209805342699657
700095416	-0.0921021939250619	-0.160692298908003	-0.179874875785025	-0.174119629368406	-0.12446836943893	-0.180935204315937	-0.113109576586655	-0.205520708029411	-0.105879227276597	-0.18641497556259	-0.127469409253764	-0.172565274859289	-0.200237274514405	-0.14523113652666	-0.197539180476999	-0.0862724923732085	-0.19909878388856	-0.170659713197533	0	-0.124783461187422	-0.113244042851738	-0.120534825332058	-0.124552096347626	-0.0745793266313415	-0.125179638167317	-0.126510819931908	-0.157830068108103	-0.181484026988361	-0.180502745391928	-0.194394953146736	-0.155794810810313	-0.131684572902666	-0.120787747608151	-0.174817367063651	-0.130910994697824	-0.12911056800982	-0.153287816675136	-0.184841788941401	-0.0979641057515688	-0.232729650730599	-0.108036542372699	-0.184352485927664	-0.117086698197759	-0.125494007209333	-0.167534575788171	-0.155508225091545	-0.101669720397327	-0.180548570932685	-0.150626699616997	-0.161712148007896	-0.123559419816178	-0.131299811188376	-0.133530661920978	-0.0965235964548594	-0.109805079743534	-0.177727957342573	-0.136878366960002	-0.116719085667192	-0.157829254432941	-0.121397225124285
700110425	-0.0907023950315842	-0.150504462763886	-0.183413397120387	-0.116802702298589	-0.142120125837717	-0.187523186653512	-0.0867208116408698	-0.192319398866457	-0.118534375146352	-0.188225515682379	-0.114305790041543	-0.186532447325374	-0.184323608220064	-0.149636886161065	-0.17921714710712	-0.133678243460365	-0.191338519558045	-0.188863437738996	-0.124783461187422	0	-0.097588788105063	-0.123743275092678	-0.119530482308252	-0.115453488806806	-0.0772017381891488	-0.161855736245616	-0.171181906939601	-0.170080434553838	-0.161927544611522	-0.173288033300993	-0.17294364360766	-0.139301556018296	-0.1168570252466	-0.17386500938905	-0.144956823246148	-0.0885467442813363	-0.177693655804506	-0.207870555891323	-0.116755589039786	-0.222768457899602	-0.10403601451556	-0.177784881982774	-0.13643962337632	-0.0975092102111755	-0.157508065377067	-0.144547386476819	-0.138403541010928	-0.167907675738317	-0.161426806005486	-0.163231682219877	-0.13659017117749	-0.0929428829612638	-0.0612035558875545	-0.122697238015363	-0.121515032193516	-0.170629437496729	-0.0769386984146717	-0.0846381358838183	-0.152454339685862	-0.104675445143691
700111580	-0.103494079882893	-0.157304429927618	-0.173530742215734	-0.148257537757595	-0.156571071044045	-0.184376834399271	-0.0947782441365447	-0.190267136878563	-0.124880752316146	-0.184396938503896	-0.128250416103954	-0.162449451782639	-0.190087680154338	-0.151466918902188	-0.175824615294117	-0.109034478027475	-0.186516114258568	-0.198072027023372	-0.113244042851738	-0.097588788105063	0	-0.0967753672465341	-0.104539895182494	-0.111001368724756	-0.075645742427903	-0.178571291423432	-0.187056898059243	-0.203756280451016	-0.153218148943886	-0.19472860647158	-0.161534202797453	-0.11218043104444	-0.117687904844578	-0.179431586072216	-0.166920435779745	-0.109648856416178	-0.195387131999017	-0.18475517217957	-0.124530287286604	-0.213626173047782	-0.117245700670262	-0.167978273600271	-0.131622935294658	-0.126876613176679	-0.138828270698235	-0.131107950240783	-0.119970910211991	-0.148178494264507	-0.141865748977697	-0.133351670111857	-0.12038278956361	-0.108753007330258	-0.11588826767461	-0.0991470254640398	-0.139665416019871	-0.163740725767685	-0.0827083102007472	-0.0852456719789296	-0.128123629884027	-0.087222633196308
700111302	-0.127623067620823	-0.148479845116287	-0.111036936998146	-0.188103730375231	-0.156239406941403	-0.135266616589053	-0.120983423168377	-0.163082954050952	-0.110819290600072	-0.153625476903093	-0.0755419728436687	-0.114620106218951	-0.157020543698089	-0.1421686498709	-0.159490787009732	-0.0844950888580112	-0.166249904728663	-0.151884259791787	-0.120534825332058	-0.123743275092678	-0.0967753672465341	0	-0.139470582745014	-0.125026126757517	-0.0919332238765963	-0.203025548294493	-0.162682018500452	-0.180037960739261	-0.19109424036044	-0.162067874140668	-0.125071926476308	-0.0639181434865319	-0.0966742543513227	-0.128282299126225	-0.172015316631348	-0.0970483856543336	-0.168796687913032	-0.174537169000588	-0.130586396635976	-0.200403579650155	-0.131019542569902	-0.130015927771956	-0.112585568651689	-0.109292925800174	-0.134357691246641	-0.163438080309753	-0.131398896554377	-0.123067112266185	-0.132178690102884	-0.072618829663389	-0.0836264471909334	-0.147751281659734	-0.14067725535148	-0.0961807899694847	-0.173116552045451	-0.13387444865818	-0.125035534712634	-0.127073094844608	-0.0909174339977053	-0.116792218281502
700098605	-0.0956576290612036	-0.124877043043296	-0.185080287275633	-0.150424737600232	-0.137797959719108	-0.181586516533069	-0.130407087155384	-0.20173086566608	-0.123454837056578	-0.180466880805539	-0.140258869114012	-0.198455167010584	-0.194418945904449	-0.143202651390081	-0.184241183016213	-0.12814866709425	-0.183714536932164	-0.18862982312597	-0.124552096347626	-0.119530482308252	-0.104539895182494	-0.139470582745014	0	-0.116247432240104	-0.138039810418057	-0.146144604146381	-0.155549713913607	-0.177705331800073	-0.151370251864611	-0.184869976422217	-0.163947303053517	-0.149609118415897	-0.138637381481484	-0.174780920809767	-0.125014597537742	-0.125476610696986	-0.172273482195312	-0.187032867955227	-0.102826115067425	-0.202916671503599	-0.123860264957966	-0.185221525760268	-0.135335741306485	-0.143232816892598	-0.180146476963409	-0.133509008152184	-0.129957773742688	-0.170753838724351	-0.146665813684035	-0.159017398407273	-0.150154471255379	-0.122469102797211	-0.116461712703307	-0.106598703294188	-0.10703351763072	-0.179286921769755	-0.119751924724964	-0.127104024805293	-0.158374279773704	-0.108676656557349
700111991	-0.0706622949478718	-0.160715397609859	-0.181286286909163	-0.147573577078853	-0.127400922707262	-0.186540043507554	-0.105884705455634	-0.21263697516351	-0.101448233517749	-0.19033039817485	-0.126464809756378	-0.20416642575931	-0.206466779097038	-0.144784517649228	-0.216213048813982	-0.0911230065895758	-0.200308817215894	-0.171249946866492	-0.0745793266313415	-0.115453488806806	-0.111001368724756	-0.125026126757517	-0.116247432240104	0	-0.115856198346221	-0.134160314991996	-0.158629753933321	-0.178029052248292	-0.183903293630666	-0.197775794822672	-0.165841876848552	-0.153192984454234	-0.12770570245258	-0.175604429135548	-0.123561192382705	-0.122929277615158	-0.159325503385436	-0.203522793850467	-0.0908901032264043	-0.241929188600754	-0.0963200196988657	-0.194657320856318	-0.119481765464032	-0.133393433077522	-0.178015357695686	-0.156952525819767	-0.109564086537614	-0.186589474820902	-0.157931218177176	-0.171521482699925	-0.128981922578639	-0.110469775265201	-0.119036479068186	-0.11074686598301	-0.0894341008214711	-0.19105323296048	-0.138538867695534	-0.0939701594539454	-0.168144619477882	-0.117445094872789
700108960	-0.0977603227556387	-0.182060711451711	-0.176207814833168	-0.139020150448407	-0.170453799412435	-0.196921202779992	-0.0810006804541936	-0.217333756432199	-0.121638980271167	-0.209555618349273	-0.12419779043089	-0.170219289982869	-0.210892650866829	-0.176111848726165	-0.204409314967863	-0.116332093853643	-0.223324253884234	-0.197678399573954	-0.125179638167317	-0.0772017381891488	-0.075645742427903	-0.0919332238765963	-0.138039810418057	-0.115856198346221	0	-0.19593041962796	-0.21011568043183	-0.208833121416911	-0.192307693603784	-0.204632766343833	-0.182273991191321	-0.103468699786233	-0.13038000406229	-0.189807301258693	-0.18091731952474	-0.104300201174212	-0.204742561649854	-0.223659622525455	-0.122350806901216	-0.252526704518315	-0.132499428436824	-0.191047856293752	-0.139285795528288	-0.115739363172414	-0.177920455788787	-0.178399090343867	-0.160037092751053	-0.183099804054491	-0.170849542721799	-0.138953234238431	-0.117619986716591	-0.107373953148991	-0.0922186837768594	-0.112795105381289	-0.128327742763761	-0.19248747263571	-0.10015454166022	-0.0699419587587518	-0.135651845223691	-0.0875873725027871
700024452	-0.131430935389843	-0.170365288342813	-0.212815223902146	-0.142717528718138	-0.134781020421701	-0.208332268001287	-0.16332931345103	-0.230483139140845	-0.157677263022025	-0.208716611414977	-0.179616388357988	-0.22435010639036	-0.223391914844493	-0.154894382087523	-0.214988317959307	-0.166763002279447	-0.217198082925598	-0.202993898722909	-0.126510819931908	-0.161855736245616	-0.178571291423432	-0.203025548294493	-0.146144604146381	-0.134160314991996	-0.19593041962796	0	-0.174733361539753	-0.175347782465931	-0.137801197771496	-0.192282385988983	-0.19411691211968	-0.214262675047034	-0.167692342532367	-0.188252151308784	-0.0763903427585665	-0.172277894581072	-0.187257446263032	-0.210052286777493	-0.128125557517746	-0.222957509390412	-0.136133929526672	-0.21080941087087	-0.184174579289383	-0.183393931844169	-0.192393436872618	-0.143977494750726	-0.130850672560637	-0.217503814224633	-0.176701056532873	-0.213175440080365	-0.178724642044137	-0.122536487524663	-0.13817957963362	-0.16333607693519	-0.114681890118051	-0.209066491168483	-0.16037777255899	-0.166399799195695	-0.187932316645505	-0.188597995057689
700032931	-0.16988196972518	-0.109398368667485	-0.150253642038413	-0.239198548828495	-0.140322673847225	-0.119115552718163	-0.207443898044615	-0.137112357789356	-0.162142667319674	-0.111977174184172	-0.12154995609668	-0.175171790785443	-0.13258407300758	-0.10357173880529	-0.1587534823463	-0.154688501014918	-0.119236228604618	-0.127314605430671	-0.157830068108103	-0.171181906939601	-0.187056898059243	-0.162682018500452	-0.155549713913607	-0.158629753933321	-0.21011568043183	-0.174733361539753	0	-0.144004716439097	-0.15545975204296	-0.129626384325588	-0.108104384177549	-0.171937770037883	-0.124868169404551	-0.115281781846871	-0.157035869928886	-0.155984624676847	-0.125333171460669	-0.142251478284285	-0.152611939549425	-0.157746299324287	-0.141336274280611	-0.126060678425048	-0.132422360168109	-0.161475817990678	-0.132104988139042	-0.135177448489477	-0.110800341240103	-0.12689546203759	-0.110313603740043	-0.144398598586	-0.156066939447794	-0.193662407255325	-0.19321627929517	-0.13436026274995	-0.191103647941882	-0.108615000079641	-0.164317683601506	-0.203679097003774	-0.148725771529248	-0.199380514581721
700095837	-0.176399522204617	-0.1412530959388	-0.176423102633851	-0.215013649864402	-0.159663256082765	-0.17664424433223	-0.207855562043822	-0.171560486363063	-0.166855965117872	-0.153453870445384	-0.134261907770823	-0.191406240708878	-0.151960330712232	-0.152264284213347	-0.181595088395992	-0.156302909795345	-0.161963194935696	-0.173387073151675	-0.181484026988361	-0.170080434553838	-0.203756280451016	-0.180037960739261	-0.177705331800073	-0.178029052248292	-0.208833121416911	-0.175347782465931	-0.144004716439097	0	-0.140587154497644	-0.120448562896817	-0.16388884780478	-0.190925410435734	-0.134776679293868	-0.128359641448926	-0.150154413937422	-0.164548961294671	-0.156967912229459	-0.202248270590793	-0.172432029000866	-0.177717312441335	-0.144841453774183	-0.146561051431065	-0.174218547980592	-0.164004373596273	-0.134495305662671	-0.159426555210384	-0.163525707992304	-0.162622075805186	-0.17791905937981	-0.179489365853789	-0.153041546268595	-0.186108340228432	-0.183479257963904	-0.175802351112503	-0.208375549186154	-0.144894635730808	-0.179308529281713	-0.202309184814745	-0.176385755477883	-0.208877810032737
700024548	-0.170332547075455	-0.12066248141464	-0.169323607281438	-0.176681921922785	-0.138215398194326	-0.155656656495465	-0.193578432964738	-0.153137560404902	-0.199027752358569	-0.134975465243509	-0.146001860684539	-0.181184978677964	-0.145508949991316	-0.127654094678388	-0.14629708048767	-0.18242940872804	-0.131723903983038	-0.18366822759243	-0.180502745391928	-0.161927544611522	-0.153218148943886	-0.19109424036044	-0.151370251864611	-0.183903293630666	-0.192307693603784	-0.137801197771496	-0.15545975204296	-0.140587154497644	0	-0.133102250528528	-0.150359708990159	-0.206030094361477	-0.133546531228352	-0.132531251163005	-0.139407173775112	-0.146637780275257	-0.187088025379051	-0.157447913228419	-0.165297824836732	-0.129484438567587	-0.142757094353629	-0.133941413840125	-0.175350183466637	-0.195950869617863	-0.10246433425099	-0.0859606946882581	-0.1425495446083	-0.144302399161173	-0.141445211111527	-0.190691873705113	-0.160816391048013	-0.17725047226471	-0.161737296844108	-0.144275901024117	-0.176616932757405	-0.150261030767324	-0.125927290176305	-0.192070307486914	-0.161704705994439	-0.201917032483448
700110161	-0.199982978929676	-0.131766409969828	-0.108550647832898	-0.228699779698671	-0.167394874465425	-0.108743202829645	-0.208282310449676	-0.106923707561146	-0.178365660803598	-0.0881750153861513	-0.121503829444042	-0.14490308579065	-0.0986435716164657	-0.107092052562789	-0.106883412768094	-0.167022873841355	-0.0970587961476659	-0.132208342545215	-0.194394953146736	-0.173288033300993	-0.19472860647158	-0.162067874140668	-0.184869976422217	-0.197775794822672	-0.204632766343833	-0.192282385988983	-0.129626384325588	-0.120448562896817	-0.133102250528528	0	-0.116607396353316	-0.168249356912004	-0.130190579830274	-0.0923624114273246	-0.181985809026673	-0.156481250795185	-0.147246902004497	-0.125798178190943	-0.181569886188428	-0.124845026649479	-0.159808243679148	-0.0896035556344467	-0.167606140447458	-0.16163759695925	-0.112967573134389	-0.146578587552575	-0.150684564937968	-0.109003293136758	-0.119366960868979	-0.134909322459084	-0.143160896242193	-0.200587222721341	-0.198819459346639	-0.157393889464837	-0.232821606271898	-0.103537338503864	-0.155198162470445	-0.206989464535768	-0.119701993608132	-0.196673839943968
700023496	-0.179185211094178	-0.12221251794738	-0.105248651886283	-0.232244739797067	-0.143497590570136	-0.0610952067954141	-0.195121473812455	-0.128093183753138	-0.166770228554267	-0.0951495328712661	-0.0912853039984934	-0.115472119362931	-0.114480933513405	-0.0905959795392106	-0.126995992405353	-0.128848884446882	-0.0974435010049516	-0.0818290782849678	-0.155794810810313	-0.17294364360766	-0.161534202797453	-0.125071926476308	-0.163947303053517	-0.165841876848552	-0.182273991191321	-0.19411691211968	-0.108104384177549	-0.16388884780478	-0.150359708990159	-0.116607396353316	0	-0.137517181569737	-0.105853410556031	-0.0767616440442423	-0.172455808754764	-0.137154817988758	-0.108340523410674	-0.0984802708862735	-0.164356022741363	-0.15294510649635	-0.1420039356838	-0.0907675251210422	-0.106727947459359	-0.153695741975873	-0.102902899013144	-0.127070083397852	-0.116049287625405	-0.0986112109774594	-0.0662987185067058	-0.117015209208449	-0.109658384497726	-0.209438184203107	-0.196531270180413	-0.110493042807412	-0.212652022130457	-0.097710953832724	-0.136252477501675	-0.194231404108237	-0.114158120174118	-0.17910052124312
700034628	-0.143304076632082	-0.148249505760159	-0.129309136517829	-0.208783084284089	-0.179023199700184	-0.154222240481192	-0.117156175978402	-0.159491934074139	-0.108263383618827	-0.157182253348199	-0.103275562523627	-0.114081302850076	-0.156194060736634	-0.161055852338372	-0.16063761955409	-0.112147638565683	-0.169514358221108	-0.16666337326282	-0.131684572902666	-0.139301556018296	-0.11218043104444	-0.0639181434865319	-0.149609118415897	-0.153192984454234	-0.103468699786233	-0.214262675047034	-0.171937770037883	-0.190925410435734	-0.206030094361477	-0.168249356912004	-0.137517181569737	0	-0.117284103643954	-0.147625317223796	-0.185526163890349	-0.101233751240368	-0.175617745006381	-0.177379236865755	-0.14962847715037	-0.204292633682536	-0.149207630034958	-0.13549508845373	-0.131288063106834	-0.0872468733818779	-0.144863669768365	-0.177029464396742	-0.139607124525539	-0.129569107451815	-0.147802535075179	-0.0810663110825514	-0.114122498717711	-0.162429943123867	-0.152201585590294	-0.118890032041365	-0.190358340864867	-0.12965200866991	-0.13618367758311	-0.127843665928666	-0.110337961061196	-0.0976924543747879
700023645	-0.129224879626194	-0.120441571007247	-0.126902833440211	-0.173279820090448	-0.128540660394534	-0.120933280161026	-0.137002928713667	-0.128226420937497	-0.128025453631285	-0.113803807743195	-0.0626823659322579	-0.129006123025885	-0.113642103684984	-0.108675171561183	-0.148703024421402	-0.0945523923389758	-0.125019865326898	-0.137479493818769	-0.120787747608151	-0.1168570252466	-0.117687904844578	-0.0966742543513227	-0.138637381481484	-0.12770570245258	-0.13038000406229	-0.167692342532367	-0.124868169404551	-0.134776679293868	-0.133546531228352	-0.130190579830274	-0.105853410556031	-0.117284103643954	0	-0.0933247395752498	-0.137314143332224	-0.087146425198813	-0.139731228722034	-0.164390325428572	-0.12472689197775	-0.16003642997544	-0.0896204537156366	-0.101974255754384	-0.109816668869178	-0.119921688626578	-0.0980832717833918	-0.108157624293581	-0.111005029882114	-0.105022946321729	-0.115558796582895	-0.112306164835558	-0.0812623842762625	-0.146877150084012	-0.137038130002796	-0.0974303696603007	-0.177984579295561	-0.0927976532675476	-0.108154847728536	-0.135324567451472	-0.104897849649417	-0.140533697729774
700038744	-0.181204184504991	-0.122080291865726	-0.100449359696859	-0.224195873878584	-0.149751730313456	-0.0758617057381642	-0.200345634220833	-0.113293045674287	-0.166599798893975	-0.0807501227399574	-0.0874952901543659	-0.121489165947449	-0.0940312828038994	-0.0961001339676829	-0.136594207897499	-0.135693755863934	-0.0954429757081149	-0.101139223692765	-0.174817367063651	-0.17386500938905	-0.179431586072216	-0.128282299126225	-0.174780920809767	-0.175604429135548	-0.189807301258693	-0.188252151308784	-0.115281781846871	-0.128359641448926	-0.132531251163005	-0.0923624114273246	-0.0767616440442423	-0.147625317223796	-0.0933247395752498	0	-0.173096885103355	-0.138160237571367	-0.123328163611638	-0.11706660807387	-0.16684205795133	-0.133731592562733	-0.134776873618559	-0.0748887902974592	-0.132886315898584	-0.153599969188754	-0.0947927350997942	-0.136793790993776	-0.139845241615234	-0.0947715513949405	-0.0988929286433086	-0.115404749264696	-0.114118493315785	-0.204639136544434	-0.196106954394793	-0.127992387306421	-0.224755352409159	-0.0866058905656078	-0.155953984089308	-0.196575330842338	-0.115412819838435	-0.193759427734622
