700108602	700014971	700033565	700109389	700023058	700023927	700106341	700114221	700023543	700023439	700016978	700024192	700113058	700099448	700109870	700033928	700023693	700109627	700095416	700110425	700111580	700111302	700098605	700111991	700108960	700024452	700032931	700095837	700024548	700110161	700023496	700034628	700023645	700038744	700038485	700024743	700099596	700110760	700101587	700106399	700032322	700095653	700021312	700101230	700023590	700038905	700033136	700023382	700096424	700105469	700016908	700096053	700108479	700109569	700033814	700016125	700109756	700102665	700101777	700109455
700108602	0	0.23353771907439	0.336988607573201	0.21904558743636	0.211019393265401	0.312094259957254	0.0937157509066063	0.338999979135063	0.14736031761049	0.287805327495751	0.218988670349393	0.347141962297529	0.324565282432638	0.245419586977483	0.340061220233968	0.209551163528515	0.307303504265437	0.29243446013711	0.161951671995942	0.115791078594868	0.166753337848529	0.260564191576745	0.138040580521989	0.0716046785794223	0.168278127788767	0.193367116669884	0.251080846653215	0.352399515181136	0.351420224936174	0.330780105816528	0.257267150086656	0.263272231245141	0.224464095193952	0.287941336440338	0.197016468987615	0.165297955531485	0.226493794017319	0.313693373944182	0.11033656754595	0.368184579621039	0.147162115681673	0.341389198602566	0.190296047754786	0.20109710685918	0.295086501368151	0.229226742524222	0.207689338764442	0.32731043031117	0.258631139224534	0.328388559698972	0.30990441761124	0.107319728996987	0.119991481867234	0.179255199167749	0.112117875038088	0.300806446646403	0.178010888966462	0.0981050201753229	0.287405807316749	0.136256245678083
700014971	0.23353771907439	0	0.286272800877853	0.338105865739147	0.126186901277715	0.235293577682734	0.237565383106951	0.160675605066878	0.180815030468434	0.169136669208373	0.185891060436715	0.285806584154366	0.197814162054917	0.126942317017136	0.237788464022252	0.224318571893891	0.164199043514077	0.248827786104262	0.20557910237912	0.229392404174925	0.239840645821001	0.244092996788295	0.21560905416907	0.220983452788239	0.29989695182625	0.169409984219537	0.111931071562553	0.232073486844153	0.185174818534507	0.188507428279926	0.152480827634555	0.243355273658609	0.174455396351558	0.163366201556335	0.177160364891268	0.180377288286031	0.194757386463521	0.236406791080564	0.169361650528127	0.2262535032407	0.167749443438396	0.202300028141957	0.167328680835299	0.210361479042358	0.154146480469552	0.159057229498107	0.114217993160747	0.193728983659401	0.185105391854824	0.283025079764804	0.291854654257858	0.209318353579418	0.235659444537832	0.161871904045493	0.275443739999105	0.177647736333707	0.220973556018255	0.242039567654531	0.23975862270365	0.227680662903326
700033565	0.336988607573201	0.286272800877853	0	0.448990533910784	0.32753853566735	0.0904936245951673	0.31686417779943	0.221032321380279	0.273233633051035	0.160814947329066	0.154771691246594	0.0808070311435446	0.170449568562964	0.219262858276326	0.18136773603335	0.158655714420715	0.195501243080148	0.1213842047427	0.231938664951073	0.297157208572354	0.255967331951645	0.122823338028477	0.345751092336834	0.295161235100386	0.28633339966787	0.347525879831841	0.239758515987266	0.39352770491956	0.332799380479796	0.194197525443186	0.17789293276968	0.188276571235954	0.170493437798775	0.157048890524674	0.35830579614771	0.232163226808585	0.263867374682118	0.159890851488765	0.304463711869886	0.246011326803184	0.268137788871263	0.137446775143894	0.231863118627107	0.234258670575765	0.218795535978289	0.245796542399441	0.235144544983729	0.166839300886726	0.172509196938978	0.0783705901229213	0.104175311169244	0.321762182980907	0.360514525616928	0.209464481429289	0.390460224198519	0.175479676881559	0.235556241495031	0.309078445999628	0.116839624566227	0.297756747360968
700109389	0.21904558743636	0.338105865739147	0.448990533910784	0	0.314637729261721	0.439451232856725	0.208015499833289	0.41258862722734	0.298729356251921	0.399195688896337	0.356477989928952	0.450573129020138	0.41527004052678	0.369886916338363	0.433405412176792	0.354174005209261	0.402694576580157	0.431082923971831	0.330068198723576	0.209902888851589	0.305951333624571	0.392912126456816	0.208155543337336	0.251353004701851	0.283442790446374	0.257324173414784	0.360446851675938	0.399447059174031	0.3822198095374	0.405153103120851	0.380869570019007	0.399065623792174	0.341264593859142	0.394134367558516	0.263559411554732	0.294254760356663	0.370530319312135	0.441267562814574	0.255066557895756	0.417483228068325	0.265608419746309	0.420945146446682	0.333210789142572	0.332296698356916	0.379097540456993	0.341447671568222	0.346606045365965	0.410012439005426	0.39490749356725	0.439172404002073	0.42927542377434	0.212389507230478	0.160621387478278	0.328046142787572	0.191827110622572	0.398258640000991	0.283213585195912	0.234589252476796	0.398094432367417	0.275062137710983
700023058	0.211019393265401	0.126186901277715	0.32753853566735	0.314637729261721	0	0.274534262789662	0.227392930700953	0.227064976091973	0.176718359351915	0.221126987878804	0.217839376402254	0.32486221328254	0.259958070945055	0.177355043852976	0.289862672725229	0.2383463267474	0.226468483894542	0.266385744025533	0.21501470739736	0.237097598991214	0.255446228404123	0.273421787935636	0.224749140209882	0.206447144750465	0.307406095295039	0.146533542811261	0.164538726556861	0.255623264365688	0.235879814576941	0.238191698558396	0.198935188444453	0.288365622051306	0.21541663543644	0.209470005288876	0.142823882394543	0.217553900205069	0.187242381511954	0.247733181817948	0.158917929676017	0.28907694764093	0.176619092112008	0.267449602688409	0.164103787549051	0.235978548207907	0.216938243046598	0.22164089297584	0.158174005072436	0.255097660387867	0.206214233674795	0.334458114164286	0.328338986416979	0.20556802424587	0.229576224213001	0.184780286924493	0.259263186096315	0.241067232111906	0.257102729660549	0.237220976003127	0.289528374922287	0.22543544125843
700023927	0.312094259957254	0.235293577682734	0.0904936245951673	0.439451232856725	0.274534262789662	0	0.29608406867063	0.179833086250067	0.248203333868729	0.107806455958537	0.133229171291792	0.117761390904178	0.142253221638178	0.155183005427274	0.164263786082495	0.148859932854001	0.146344252901561	0.0751508755001837	0.209901357484971	0.280987705516825	0.227815937288308	0.150071838277882	0.308279495618035	0.270538124684268	0.280964900640908	0.310865261335521	0.192903773108192	0.381231658598691	0.293405972282419	0.18039688083546	0.115465403164043	0.164458366632902	0.15553846407204	0.103139952018043	0.32360103219262	0.215044880793999	0.223370176859752	0.107076247136951	0.276027236056305	0.214276498913503	0.237542326587578	0.0972599875098602	0.18447136158495	0.217366534119627	0.176002179865422	0.190184575215538	0.179459600897932	0.143980025953949	0.102767360809187	0.110083551420637	0.162305064604081	0.302080415421615	0.337865771695457	0.175171925068849	0.368048175938497	0.124791438717307	0.198684689133182	0.291752781155091	0.112428197902754	0.266683070778771
700106341	0.0937157509066063	0.237565383106951	0.31686417779943	0.208015499833289	0.227392930700953	0.29608406867063	0	0.321540189979965	0.126644775772966	0.267424029282987	0.199637167600978	0.308132228618523	0.285887295459134	0.253305276204234	0.320723634484991	0.195717064134616	0.28249515013732	0.300836332380069	0.14931717812033	0.0813235518038359	0.140245500893972	0.232211202775467	0.160493318992976	0.0969961791445382	0.130544063174571	0.22651620889863	0.278728024095609	0.360703906012141	0.339383620848864	0.299779634742576	0.246814486944258	0.216420963197072	0.209246548459342	0.267902273134411	0.225073403206024	0.132763322589957	0.259026663582634	0.305004101366119	0.13973273326972	0.355257197715451	0.141417082993221	0.298944726100087	0.1841091884776	0.164209751865209	0.253036440197028	0.250582352164604	0.219119163538579	0.284114952365772	0.256902597450642	0.292580606476285	0.296414261207032	0.0660043133414387	0.114113094045722	0.156772669802384	0.163693310365601	0.268494839856477	0.145360156878885	0.0794421493310488	0.255741635386389	0.090084130759148
700114221	0.338999979135063	0.160675605066878	0.221032321380279	0.41258862722734	0.227064976091973	0.179833086250067	0.321540189979965	0	0.277663707526297	0.115635586613479	0.237957647453969	0.223318133555205	0.108040806635616	0.14454949945361	0.131705961327254	0.262103061834577	0.0695200821349085	0.224620091684549	0.285455533757405	0.3103809024216	0.277266045081823	0.266901726161293	0.330369318370865	0.3204184475892	0.377674776543606	0.279750831355106	0.154044572362253	0.286055269072229	0.1665271035116	0.115659363801378	0.171189779791456	0.266421384884897	0.218830971791331	0.150092118170761	0.296395772009276	0.246645434378018	0.254823542096933	0.149764337951874	0.27853155977749	0.122173715391878	0.250594813216056	0.119198545290983	0.250560255926083	0.273834456953286	0.105874413351581	0.173146455281087	0.176285568007804	0.083949346354283	0.196956679476953	0.236569258212277	0.291826157935612	0.303127545318666	0.333075546776307	0.231792270351367	0.396321692880047	0.115320002263701	0.226764321189168	0.345895755102026	0.226391362457623	0.304785882589773
700023543	0.14736031761049	0.180815030468434	0.273233633051035	0.298729356251921	0.176718359351915	0.248203333868729	0.126644775772966	0.277663707526297	0	0.203632996826138	0.148497901694179	0.277538985236242	0.244259685745088	0.208132408313204	0.278305626705435	0.143254644912542	0.233901646601705	0.246768465545004	0.120984283652347	0.142913334944972	0.153513375601276	0.189592157873507	0.193227379207492	0.109937613390495	0.168999941759018	0.206670453916503	0.215802083158749	0.323849926494373	0.315456891608121	0.25087416154037	0.17655778947351	0.167619288512257	0.160917780163946	0.212708722255052	0.197272937984301	0.134991478771694	0.194502035360322	0.261231563841961	0.100892325046834	0.313206910369898	0.108531502539534	0.25848135673294	0.136072972694143	0.109264608069014	0.225810049114964	0.218230707222297	0.14614154430493	0.243348814583178	0.210553049309366	0.25828934748408	0.257210425336	0.112143802260507	0.163096606461516	0.115901744021314	0.19159508807271	0.214408441306445	0.173265553053789	0.114894830271323	0.226124046554372	0.103166069036266
700023439	0.287805327495751	0.169136669208373	0.160814947329066	0.399195688896337	0.221126987878804	0.107806455958537	0.267424029282987	0.115635586613479	0.203632996826138	0	0.152428060044977	0.177147755814883	0.0958978045101954	0.105860676364722	0.144663198091078	0.182073037216896	0.0755036155182386	0.13382344639068	0.202870195393734	0.240630891504955	0.219294236323514	0.194749135941129	0.28752830289362	0.244318626961759	0.302430406070583	0.269615560714292	0.145923085948346	0.31631479907523	0.229612640057779	0.129651189271144	0.0808326703989658	0.200574441339568	0.145154037591726	0.0754248220625389	0.284692355415994	0.172542892868561	0.187935640506549	0.108866875206505	0.229488767852067	0.160981469474834	0.181683971779303	0.114271882921571	0.160391137640573	0.205506605812017	0.123015456826487	0.151745682281812	0.125554346573881	0.103940226675705	0.100429382141577	0.181601185243535	0.218410688439134	0.256352502591058	0.300396655659052	0.152236183623392	0.349294300115416	0.0768212846152077	0.168085705609844	0.265841807258528	0.167316820415741	0.23524536000976
700016978	0.218988670349393	0.185891060436715	0.154771691246594	0.356477989928952	0.217839376402254	0.133229171291792	0.199637167600978	0.237957647453969	0.148497901694179	0.152428060044977	0	0.172462334576535	0.200542524548423	0.178819353204864	0.242521342981726	0.0803677481535102	0.188803898363935	0.126807809365454	0.119942784198551	0.179907167841676	0.149126522951389	0.0879320739181022	0.246781001602213	0.172808774716154	0.17887044123742	0.25430110482941	0.194815193408229	0.324486259216736	0.299418603674693	0.21097429213125	0.117047916826116	0.116839029049869	0.0695286464288637	0.133638512058893	0.252011719466684	0.130294174010672	0.18806458094483	0.207628453968334	0.174514271719234	0.273207066539667	0.148317368628284	0.16303807087428	0.115031080311624	0.128429466252627	0.171294226618238	0.180541835419474	0.147935837630183	0.204575677555102	0.124064768085236	0.161731455432381	0.147364159832175	0.200755896298049	0.241784507655912	0.08634973189803	0.278206983338417	0.164208040844836	0.159048046139479	0.192841572001745	0.125197339399039	0.185345754311658
700024192	0.347141962297529	0.285806584154366	0.0808070311435446	0.450573129020138	0.32486221328254	0.117761390904178	0.308132228618523	0.223318133555205	0.277538985236242	0.177147755814883	0.172462334576535	0	0.188509270240042	0.240159693807469	0.191565243913101	0.165561473244413	0.191523477032557	0.149632824810228	0.245470823764058	0.296632016057197	0.242132006559985	0.138993838755262	0.348273711153899	0.3088881838439	0.297147984870497	0.359334859002349	0.268739968337642	0.393542171036514	0.324562918407499	0.234997994349752	0.180277786706518	0.183843869015206	0.168497753326794	0.172527344747953	0.377099827039504	0.23230295002139	0.280795076312766	0.184466898881769	0.319936998986328	0.246117017315983	0.271442450098208	0.125593383720852	0.248513760594769	0.2325952105323	0.187366618804514	0.249203678192003	0.240309859926086	0.167419791793168	0.172474234231983	0.0942581453498575	0.113383718486833	0.32397195758057	0.35432209576127	0.218143420874051	0.406738017539599	0.167236957066475	0.229335501499994	0.318461133888782	0.150823261706156	0.290192588988896
700113058	0.324565282432638	0.197814162054917	0.170449568562964	0.41527004052678	0.259958070945055	0.142253221638178	0.285887295459134	0.108040806635616	0.244259685745088	0.0958978045101954	0.200542524548423	0.188509270240042	0	0.137345680345194	0.117888810552552	0.225131925416465	0.0971605164381005	0.182507371326469	0.25130508913579	0.268473599019355	0.270087973097706	0.223734398719382	0.331713459843181	0.28773974079701	0.333908944255055	0.306561538485657	0.164450304982819	0.313184927672404	0.23564712101759	0.106953862711517	0.136406814274282	0.225902800799895	0.182552766675816	0.11102034231884	0.325083769564026	0.214550391995737	0.238365707225116	0.125668391627191	0.265530334514915	0.148373239539357	0.2204936070501	0.10354269009548	0.22034854946713	0.236949966403812	0.13331250054318	0.207511485062509	0.188535672344259	0.071560026191364	0.164757181855957	0.189880679071404	0.242740849508911	0.277627099833264	0.324971682007828	0.20191618872796	0.393400301422129	0.0838414000040803	0.210122984856528	0.307176331404608	0.17954438075452	0.270664524388813
700099448	0.245419586977483	0.126942317017136	0.219262858276326	0.369886916338363	0.177355043852976	0.155183005427274	0.253305276204234	0.14454949945361	0.208132408313204	0.105860676364722	0.178819353204864	0.240159693807469	0.137345680345194	0	0.175582922594437	0.203441597781073	0.11480387031459	0.171726729259873	0.195257838346443	0.238838628328018	0.231728051947643	0.231197792390823	0.252773363259952	0.223782031919604	0.305495679548996	0.20893100449651	0.0947189995328958	0.286077140418043	0.194583753370212	0.141373806367806	0.109356774744951	0.239005633879025	0.164807762624983	0.105027395940248	0.226719678304269	0.193241358891586	0.159790088758069	0.145769601760799	0.20100715436369	0.198466833471729	0.180112791686791	0.153995927766676	0.145986445498161	0.224247560414691	0.129702633073624	0.141714674951598	0.111309961111148	0.139643909757896	0.109632885232351	0.225153484708828	0.24945731609689	0.231596860679493	0.280074405871127	0.156927030404269	0.302825556580914	0.1337993294715	0.180069082397627	0.257675837212217	0.195842557267578	0.237848201266513
700109870	0.340061220233968	0.237788464022252	0.18136773603335	0.433405412176792	0.289862672725229	0.164263786082495	0.320723634484991	0.131705961327254	0.278305626705435	0.144663198091078	0.242521342981726	0.191565243913101	0.117888810552552	0.175582922594437	0	0.259918260911933	0.117860706439128	0.218522024229916	0.279734571579381	0.306181846932396	0.270884658645912	0.259932628743766	0.334460302020115	0.316322150797727	0.365359775571202	0.329278287094656	0.205899608731825	0.361325697206758	0.247516568932126	0.148910859960133	0.192922746857771	0.258580638366642	0.232813886506303	0.17588673867716	0.349365769853289	0.254246483708469	0.266860093150978	0.121158629877303	0.297902219933718	0.151188639184373	0.270558344423092	0.149829525847295	0.264703981616008	0.269802422634329	0.173922071620632	0.1960207046595	0.211827298846934	0.101128727718318	0.196658913866899	0.199897839394163	0.263427668682614	0.314133266379238	0.337927267325828	0.233450583375131	0.396918928890023	0.133686766906372	0.223252238575678	0.337372273266781	0.205974450404996	0.298681200833035
700033928	0.209551163528515	0.224318571893891	0.158655714420715	0.354174005209261	0.2383463267474	0.148859932854001	0.195717064134616	0.262103061834577	0.143254644912542	0.182073037216896	0.0803677481535102	0.165561473244413	0.225131925416465	0.203441597781073	0.259918260911933	0	0.216534224455786	0.142222228909586	0.118909885095032	0.199371629639889	0.148512602692718	0.0854462444167218	0.245332444307926	0.164228007239096	0.187575772047141	0.2587659612598	0.224708837008122	0.341937024096844	0.323846925370988	0.234697829114607	0.151719987981381	0.129861041361755	0.0907193318384593	0.166348364966638	0.26909196834032	0.169534898512836	0.203294144420079	0.225459923443223	0.182393173163706	0.296872099237033	0.146823965663697	0.176077101295515	0.141720876661491	0.155609044643064	0.189505968905419	0.200665466882124	0.168278604545501	0.226423344585091	0.148328604735578	0.148696017546808	0.143275347138049	0.195651496045383	0.246788231671198	0.119225089447487	0.274955560413248	0.188295522106864	0.17153668461109	0.184466509724173	0.119746546903415	0.176219709385063
700023693	0.307303504265437	0.164199043514077	0.195501243080148	0.402694576580157	0.226468483894542	0.146344252901561	0.28249515013732	0.0695200821349085	0.233901646601705	0.0755036155182386	0.188803898363935	0.191523477032557	0.0971605164381005	0.11480387031459	0.117860706439128	0.216534224455786	0	0.186163072272467	0.239424442819628	0.260983332881709	0.227985292194628	0.218756319359059	0.309810794270395	0.272670606202435	0.329006519144846	0.278736735205334	0.135877812516397	0.305045318222516	0.191086354309819	0.119428418585425	0.125388046518989	0.221562159493974	0.16947392656183	0.108759777751174	0.29657678178716	0.201758918309412	0.214793744910582	0.134916615502846	0.244121497760781	0.120809373236849	0.202754379672787	0.111751698639578	0.204089754860442	0.229215247227317	0.0993352257920312	0.156254497732703	0.137740435160954	0.0781406228332195	0.151584925190568	0.197248316580683	0.250001634718436	0.266618226381908	0.306942096664288	0.186378846139184	0.376548215068164	0.0779449889113785	0.178575507198736	0.298842823842735	0.189296250867922	0.259030627391853
700109627	0.29243446013711	0.248827786104262	0.1213842047427	0.431082923971831	0.266385744025533	0.0751508755001837	0.300836332380069	0.224620091684549	0.246768465545004	0.13382344639068	0.126807809365454	0.149632824810228	0.182507371326469	0.171726729259873	0.218522024229916	0.142222228909586	0.186163072272467	0	0.212526611473978	0.26895098788362	0.247967832278794	0.150427690906839	0.320610501775899	0.254647316197345	0.27701566844146	0.300185031420721	0.201083147841442	0.365806186100307	0.333527433846259	0.203758457972318	0.119005461389369	0.187210262183783	0.143814401325331	0.117018871585654	0.303537298512227	0.216545493576039	0.18868286198696	0.139672607425411	0.264110268935469	0.261158646236638	0.235652905183008	0.142678522215434	0.16569137502293	0.20709521111869	0.202223908714501	0.215512787265315	0.189619786571403	0.19879098514577	0.0927218927527295	0.159017310537018	0.161556997595134	0.298196262386032	0.338592518227166	0.188716003220275	0.344579246489126	0.16853367968916	0.226639564097559	0.280989690490991	0.154965549185483	0.283297747826709
700095416	0.161951671995942	0.20557910237912	0.231938664951073	0.330068198723576	0.21501470739736	0.209901357484971	0.14931717812033	0.285455533757405	0.120984283652347	0.202870195393734	0.119942784198551	0.245470823764058	0.25130508913579	0.195257838346443	0.279734571579381	0.118909885095032	0.239424442819628	0.212526611473978	0	0.168102942167671	0.10274400201406	0.142619946728566	0.201927199400127	0.12321386322459	0.158878262002773	0.227930351492985	0.225375670200113	0.35898231357379	0.315042625979829	0.262720156505463	0.163023035079521	0.141632070793484	0.144533071676648	0.193690476990771	0.226695443639602	0.144892843055309	0.204390395409243	0.241337231848	0.142695993069245	0.318936779355145	0.12319375871286	0.248723814896763	0.115056580056566	0.152445404130494	0.210100853911243	0.180447191018877	0.155067697990208	0.247306985866069	0.177933240998893	0.207549795223653	0.210684819898721	0.160767130279443	0.21861996307569	0.0784743606696358	0.227416824048089	0.209321848944483	0.144795979147634	0.143995904265017	0.175971006281472	0.13694006202584
700110425	0.115791078594868	0.229392404174925	0.297157208572354	0.209902888851589	0.237097598991214	0.280987705516825	0.0813235518038359	0.3103809024216	0.142913334944972	0.240630891504955	0.179907167841676	0.296632016057197	0.268473599019355	0.238838628328018	0.306181846932396	0.199371629639889	0.260983332881709	0.26895098788362	0.168102942167671	0	0.149184929637823	0.227589273213588	0.159619274564509	0.112273260276042	0.13445735454293	0.246733498128977	0.256106381566148	0.337995631835527	0.326685915070088	0.277027767620876	0.216739177897569	0.23012355603861	0.173216133227668	0.243987665319908	0.235095647705326	0.121515807629743	0.234779766087478	0.291836925555546	0.144837016189335	0.337074276211198	0.132256473815542	0.279796411992832	0.166548167848077	0.148244084075382	0.231670686820563	0.238913324298221	0.199341720429727	0.269638168387087	0.230670043405152	0.289060182313861	0.277188211728127	0.0916145512006683	0.0961245164151971	0.153460556941092	0.172411144739866	0.2426220838667	0.131991423315428	0.099153356388463	0.251029398313075	0.122278853956794
700111580	0.166753337848529	0.239840645821001	0.255967331951645	0.305951333624571	0.255446228404123	0.227815937288308	0.140245500893972	0.277266045081823	0.153513375601276	0.219294236323514	0.149126522951389	0.242132006559985	0.270087973097706	0.231728051947643	0.270884658645912	0.148512602692718	0.227985292194628	0.247967832278794	0.10274400201406	0.149184929637823	0	0.166284111129281	0.203134683802794	0.142280880124528	0.122042073841835	0.267584382358276	0.270206014861859	0.38866378099279	0.29781819928616	0.288985416674116	0.196577998461658	0.151354125107195	0.162093188566278	0.222980641528369	0.277106226046112	0.133806106334018	0.263143306674488	0.255569052041065	0.177661297624679	0.305332226863862	0.142738050466169	0.243755955439075	0.16624317004633	0.15075511198174	0.189695287089353	0.186107387787523	0.195700453166281	0.236715895567637	0.191539751913103	0.215371477602943	0.232897901248491	0.149516453686349	0.197945744355914	0.118688212670921	0.238643189730951	0.218613997267265	0.100916590506786	0.13225555680074	0.173873610522237	0.124757986708853
700111302	0.260564191576745	0.244092996788295	0.122823338028477	0.392912126456816	0.273421787935636	0.150071838277882	0.232211202775467	0.266901726161293	0.189592157873507	0.194749135941129	0.0879320739181022	0.138993838755262	0.223734398719382	0.231197792390823	0.259932628743766	0.0854462444167218	0.218756319359059	0.150427690906839	0.142619946728566	0.227589273213588	0.166284111129281	0	0.285429724119371	0.216398160288599	0.186677495437816	0.308171710088568	0.254809034672409	0.370392893539056	0.348668943503807	0.244357214865549	0.168024275180607	0.0983464003986167	0.109351192581329	0.178393071732559	0.312604032076109	0.180545826156191	0.237896076152218	0.233167779542006	0.232352715092628	0.290694543586723	0.211508451853372	0.172203322562023	0.176301092290148	0.168185864329204	0.203955120930213	0.238088772249644	0.201945471736897	0.221355090057493	0.171852933001294	0.0952954484429233	0.11207850050098	0.238694417163657	0.277627690933407	0.135626752886045	0.324225575240232	0.187253103472171	0.194101987406208	0.230705986892979	0.0932280186512264	0.211808870967974
700098605	0.138040580521989	0.21560905416907	0.345751092336834	0.208155543337336	0.224749140209882	0.308279495618035	0.160493318992976	0.330369318370865	0.193227379207492	0.28752830289362	0.246781001602213	0.348273711153899	0.331713459843181	0.252773363259952	0.334460302020115	0.245332444307926	0.309810794270395	0.320610501775899	0.201927199400127	0.159619274564509	0.203134683802794	0.285429724119371	0	0.144192823312941	0.208249970130392	0.211872407178427	0.246981929588615	0.355065766762493	0.327304519643894	0.340063913611758	0.265519710545284	0.268719775524437	0.267229422663266	0.295489801955606	0.212418806702599	0.18014234277665	0.260777355520165	0.309611199058716	0.163893903394362	0.338165958061709	0.194601988015911	0.34364693592718	0.2251540472031	0.221518864369458	0.308041513653104	0.215727092244302	0.218914002833867	0.328285766801897	0.272169596159679	0.333764338156462	0.333609554676218	0.176204519397202	0.117209212651412	0.192315882760416	0.114003237077091	0.305530731085521	0.205441670916454	0.176965106895427	0.291824449074088	0.148465288245652
700111991	0.0716046785794223	0.220983452788239	0.295161235100386	0.251353004701851	0.206447144750465	0.270538124684268	0.0969961791445382	0.3204184475892	0.109937613390495	0.244318626961759	0.172808774716154	0.3088881838439	0.28773974079701	0.223782031919604	0.316322150797727	0.164228007239096	0.272670606202435	0.254647316197345	0.12321386322459	0.112273260276042	0.142280880124528	0.216398160288599	0.144192823312941	0	0.145406029281016	0.205411852792026	0.241646072450678	0.339253249501985	0.337538002371372	0.293528136112685	0.213674036639805	0.220142946294156	0.188095162953933	0.246973450088389	0.191706765511531	0.121345892878989	0.205798034002181	0.28151055774601	0.0969306115568106	0.352539871056831	0.114961106550553	0.30242866315513	0.152073497607258	0.157504472102726	0.257365590608773	0.212829170084621	0.177462301132527	0.292346298010092	0.228497290755643	0.290282634573669	0.270195521444228	0.0966780826103351	0.13888470542936	0.137010868392157	0.132021987304153	0.264706465166421	0.159066436144609	0.0867092071947297	0.247204920259419	0.10868765117901
700108960	0.168278127788767	0.29989695182625	0.28633339966787	0.283442790446374	0.307406095295039	0.280964900640908	0.130544063174571	0.377674776543606	0.168999941759018	0.302430406070583	0.17887044123742	0.297147984870497	0.333908944255055	0.305495679548996	0.365359775571202	0.187575772047141	0.329006519144846	0.27701566844146	0.158878262002773	0.13445735454293	0.122042073841835	0.186677495437816	0.208249970130392	0.145406029281016	0	0.320433295490699	0.329118039078487	0.420618078919767	0.392790276485756	0.345865354650114	0.267480280838501	0.149993265117915	0.195064585724019	0.282188427285219	0.310194545358604	0.152452017378662	0.303917670507627	0.336478679722628	0.205931497602116	0.401283731581054	0.197463546380233	0.303398237735735	0.213320264301372	0.15121585443552	0.285512329349523	0.294233319740566	0.274213351185613	0.332892529923636	0.255921795871074	0.248970370946354	0.257650313294906	0.158514130990579	0.166388938246938	0.181988727847927	0.189065513437965	0.301066568262005	0.18247732313867	0.111387057942111	0.214214222565769	0.129148832116923
700024452	0.193367116669884	0.169409984219537	0.347525879831841	0.257324173414784	0.146533542811261	0.310865261335521	0.22651620889863	0.279750831355106	0.206670453916503	0.269615560714292	0.25430110482941	0.359334859002349	0.306561538485657	0.20893100449651	0.329278287094656	0.2587659612598	0.278736735205334	0.300185031420721	0.227930351492985	0.246733498128977	0.267584382358276	0.308171710088568	0.211872407178427	0.205411852792026	0.320433295490699	0	0.18934010086542	0.273137842631454	0.231366883679527	0.273779216836296	0.244189124414454	0.306536379010236	0.245120262896032	0.261986793921582	0.0874154599942914	0.233850924848335	0.233615301989499	0.296298729077741	0.15999164931068	0.3115899660537	0.176769127452455	0.313459699997702	0.210702042923447	0.265569096833908	0.254945720686627	0.195441021492869	0.172782061859662	0.303073062382981	0.257651744267481	0.343831609107961	0.340837545828753	0.194240284236482	0.221861739714504	0.211704553949428	0.215979225787827	0.286323398141013	0.238436989073349	0.238360831963976	0.298945858646844	0.248655023420746
700032931	0.251080846653215	0.111931071562553	0.239758515987266	0.360446851675938	0.164538726556861	0.192903773108192	0.278728024095609	0.154044572362253	0.215802083158749	0.145923085948346	0.194815193408229	0.268739968337642	0.164450304982819	0.0947189995328958	0.205899608731825	0.224708837008122	0.135877812516397	0.201083147841442	0.225375670200113	0.256106381566148	0.270206014861859	0.254809034672409	0.246981929588615	0.241646072450678	0.329118039078487	0.18934010086542	0	0.257814335983364	0.193730151807996	0.164762079950592	0.135199191724904	0.266092945813636	0.183571940007669	0.130390273715253	0.202111121590576	0.208047464629565	0.165971613249687	0.177021556220574	0.199288952961262	0.190539617160981	0.190954255714817	0.195250797764601	0.166059199439941	0.238466743323511	0.167387913172691	0.149172634278575	0.117261169497662	0.170753876201681	0.155439502584047	0.250631239102076	0.276285065884577	0.251641267472269	0.266365339553236	0.18267146801027	0.290884103376281	0.151003798767339	0.224307455274774	0.280182905848278	0.222310874000036	0.264037155043536
700095837	0.352399515181136	0.232073486844153	0.39352770491956	0.399447059174031	0.255623264365688	0.381231658598691	0.360703906012141	0.286055269072229	0.323849926494373	0.31631479907523	0.324486259216736	0.393542171036514	0.313184927672404	0.286077140418043	0.361325697206758	0.341937024096844	0.305045318222516	0.365806186100307	0.35898231357379	0.337995631835527	0.38866378099279	0.370392893539056	0.355065766762493	0.339253249501985	0.420618078919767	0.273137842631454	0.257814335983364	0	0.186473676683427	0.256969279760914	0.309892543304169	0.389214143822461	0.302672498642352	0.302198307491111	0.278787945053021	0.31908525596735	0.315167142044445	0.372684766343151	0.301058116215904	0.34471811949569	0.305843916450251	0.313836534152014	0.325218654026063	0.332550454949253	0.279033940534532	0.323405039245877	0.276334816635113	0.315055400655699	0.340619153635297	0.401657268337474	0.390061011579165	0.332853752422226	0.347653708337541	0.327387780435767	0.382722072827631	0.312999724937348	0.362597433484915	0.370439463845654	0.37414679115474	0.368255574880838
700024548	0.351420224936174	0.185174818534507	0.332799380479796	0.3822198095374	0.235879814576941	0.293405972282419	0.339383620848864	0.1665271035116	0.315456891608121	0.229612640057779	0.299418603674693	0.324562918407499	0.23564712101759	0.194583753370212	0.247516568932126	0.323846925370988	0.191086354309819	0.333527433846259	0.315042625979829	0.326685915070088	0.29781819928616	0.348668943503807	0.327304519643894	0.337538002371372	0.392790276485756	0.231366883679527	0.193730151807996	0.186473676683427	0	0.192202618581013	0.258657326200385	0.352136779574295	0.269562868364292	0.239750200911605	0.250181926286454	0.273687809153748	0.315334525515585	0.272275010928439	0.295371165030578	0.215168812027636	0.272239654030676	0.227535794007229	0.284188862770708	0.3254457912674	0.165516021721888	0.185225310917153	0.232959625456576	0.198275744642449	0.269295381122628	0.335902007082149	0.362709550262154	0.314794104213294	0.334277929418325	0.26893847550015	0.366657295710321	0.231458186338619	0.261326401112735	0.357711042156417	0.300018741888289	0.331518582736984
700110161	0.330780105816528	0.188507428279926	0.194197525443186	0.405153103120851	0.238191698558396	0.18039688083546	0.299779634742576	0.115659363801378	0.25087416154037	0.129651189271144	0.21097429213125	0.234997994349752	0.106953862711517	0.141373806367806	0.148910859960133	0.234697829114607	0.119428418585425	0.203758457972318	0.262720156505463	0.277027767620876	0.288985416674116	0.244357214865549	0.340063913611758	0.293528136112685	0.345865354650114	0.273779216836296	0.164762079950592	0.256969279760914	0.192202618581013	0	0.159837887207433	0.255642563229863	0.197434342187166	0.133096712122918	0.291025687611677	0.231969801865153	0.240357100381742	0.144873298277268	0.273528412583485	0.193783165591398	0.23212652968904	0.135690163368232	0.226495682058899	0.248816218113888	0.139734692438336	0.228283612583366	0.187478793374446	0.114986491099013	0.182405024571176	0.226469110092508	0.264584490146853	0.278322773133515	0.335972013432499	0.215094247134063	0.39070277563987	0.13635494802354	0.229429050638248	0.309434008980792	0.211275547063047	0.290453634399824
700023496	0.257267150086656	0.152480827634555	0.17789293276968	0.380869570019007	0.198935188444453	0.115465403164043	0.246814486944258	0.171189779791456	0.17655778947351	0.0808326703989658	0.117047916826116	0.180277786706518	0.136406814274282	0.109356774744951	0.192922746857771	0.151719987981381	0.125388046518989	0.119005461389369	0.163023035079521	0.216739177897569	0.196577998461658	0.168024275180607	0.265519710545284	0.213674036639805	0.267480280838501	0.244189124414454	0.135199191724904	0.309892543304169	0.258657326200385	0.159837887207433	0	0.182276853510786	0.113648343497358	0.0718854309348016	0.256318712930261	0.155764718876391	0.151525542646804	0.143466888830727	0.202488838314208	0.209911547092789	0.157843076217233	0.145389621289238	0.115516429595733	0.176844482139466	0.125057191667213	0.163015374079989	0.107898959392423	0.145207401711096	0.0754682129760284	0.182528269839122	0.19504625277748	0.235320376579287	0.281159031343954	0.121340305820261	0.323321032220288	0.0989142534762398	0.174918953115862	0.237783516552801	0.171393001359996	0.219819853602988
700034628	0.263272231245141	0.243355273658609	0.188276571235954	0.399065623792174	0.288365622051306	0.164458366632902	0.216420963197072	0.266421384884897	0.167619288512257	0.200574441339568	0.116839029049869	0.183843869015206	0.225902800799895	0.239005633879025	0.258580638366642	0.129861041361755	0.221562159493974	0.187210262183783	0.141632070793484	0.23012355603861	0.151354125107195	0.0983464003986167	0.268719775524437	0.220142946294156	0.149993265117915	0.306536379010236	0.266092945813636	0.389214143822461	0.352136779574295	0.255642563229863	0.182276853510786	0	0.145153504008325	0.188553433266356	0.310229931182567	0.155749015482164	0.267596715568651	0.233043132794277	0.238205042252448	0.288053825731762	0.218890605103153	0.180484719199285	0.190591616454032	0.12941757911853	0.206065150256652	0.238565296988965	0.205727773842019	0.224082850012406	0.1870984624386	0.139227768744439	0.182869083992723	0.22807275599154	0.265974916410435	0.143532178332029	0.311326325734482	0.182975240592073	0.177969001240454	0.206652971807376	0.115721775815568	0.161732682655853
700023645	0.224464095193952	0.174455396351558	0.170493437798775	0.341264593859142	0.21541663543644	0.15553846407204	0.209246548459342	0.218830971791331	0.160917780163946	0.145154037591726	0.0695286464288637	0.168497753326794	0.182552766675816	0.164807762624983	0.232813886506303	0.0907193318384593	0.16947392656183	0.143814401325331	0.144533071676648	0.173216133227668	0.162093188566278	0.109351192581329	0.267229422663266	0.188095162953933	0.195064585724019	0.245120262896032	0.183571940007669	0.302672498642352	0.269562868364292	0.197434342187166	0.113648343497358	0.145153504008325	0	0.123154257528006	0.257274363190501	0.128056140552188	0.189634789957701	0.21107284244694	0.181810448346116	0.253154656711245	0.146302184525701	0.139469417561866	0.123308356934879	0.139695410706882	0.135117954675707	0.192792993502253	0.143038602949814	0.18092836324002	0.122292828959343	0.16903601119121	0.156877778779242	0.194120879804693	0.249421874965745	0.120868694861604	0.300863785119601	0.14278057834945	0.165292938809306	0.196644413610596	0.137171222308007	0.199811571816232
700038744	0.287941336440338	0.163366201556335	0.157048890524674	0.394134367558516	0.209470005288876	0.103139952018043	0.267902273134411	0.150092118170761	0.212708722255052	0.0754248220625389	0.133638512058893	0.172527344747953	0.11102034231884	0.105027395940248	0.17588673867716	0.166348364966638	0.108759777751174	0.117018871585654	0.193690476990771	0.243987665319908	0.222980641528369	0.178393071732559	0.295489801955606	0.246973450088389	0.282188427285219	0.261986793921582	0.130390273715253	0.302198307491111	0.239750200911605	0.133096712122918	0.0718854309348016	0.188553433266356	0.123154257528006	0	0.275269593839827	0.179092073313688	0.184219692095429	0.134796785251879	0.229062225666807	0.188558929724063	0.187132535690779	0.102116591583924	0.150894264688973	0.195881119178136	0.113938451819048	0.171875351175873	0.141291727611943	0.115436372739442	0.0822426925029974	0.173215947131805	0.202082353375154	0.259556960027719	0.306901999632285	0.1598507407965	0.35090448867346	0.0926791477837328	0.1903436910729	0.260444486783031	0.159666672095076	0.251401911310956
700038485	0.197016468987615	0.177160364891268	0.35830579614771	0.263559411554732	0.142823882394543	0.32360103219262	0.225073403206024	0.296395772009276	0.197272937984301	0.284692355415994	0.252011719466684	0.377099827039504	0.325083769564026	0.226719678304269	0.349365769853289	0.26909196834032	0.29657678178716	0.303537298512227	0.226695443639602	0.235095647705326	0.277106226046112	0.312604032076109	0.212418806702599	0.191706765511531	0.310194545358604	0.0874154599942914	0.202111121590576	0.278787945053021	0.250181926286454	0.291025687611677	0.256318712930261	0.310229931182567	0.257274363190501	0.275269593839827	0	0.220853438739412	0.244499803687873	0.320771255934503	0.149023581538311	0.32872364464576	0.185762294053704	0.335064453359952	0.211532398446035	0.246754455940824	0.274885522566145	0.213654106414433	0.189417294583723	0.325021773910739	0.268072547645995	0.372130012650553	0.355315984842355	0.185281444336392	0.215439831367831	0.21615891529247	0.196632641525054	0.303243504685467	0.258115343049777	0.225782210965126	0.320697561037991	0.245599656275225
700024743	0.165297955531485	0.180377288286031	0.232163226808585	0.294254760356663	0.217553900205069	0.215044880793999	0.132763322589957	0.246645434378018	0.134991478771694	0.172542892868561	0.130294174010672	0.23230295002139	0.214550391995737	0.193241358891586	0.254246483708469	0.169534898512836	0.201758918309412	0.216545493576039	0.144892843055309	0.121515807629743	0.133806106334018	0.180545826156191	0.18014234277665	0.121345892878989	0.152452017378662	0.233850924848335	0.208047464629565	0.31908525596735	0.273687809153748	0.231969801865153	0.155764718876391	0.155749015482164	0.128056140552188	0.179092073313688	0.220853438739412	0	0.21828272735699	0.225622431384777	0.148059550544733	0.280933513500849	0.131129466964825	0.221964387710884	0.150559467663918	0.101571383622015	0.180901586134294	0.19053629124768	0.1710095145556	0.215920434857792	0.177726990774173	0.238000436679338	0.235577862719621	0.136681698324931	0.172638257442858	0.108933319160944	0.212167682544574	0.186534193637533	0.134847589076504	0.125217906009645	0.192927925978085	0.105674621334176
