700108602	700014971	700033565	700109389	700023058	700023927	700106341	700114221	700023543	700023439	700016978	700024192	700113058	700099448	700109870	700033928	700023693	700109627	700095416	700110425	700111580	700111302	700098605	700111991	700108960	700024452	700032931	700095837	700024548	700110161	700023496	700034628	700023645	700038744	700038485	700024743	700099596	700110760	700101587	700106399	700032322	700095653	700021312	700101230	700023590	700038905	700033136	700023382	700096424	700105469	700016908	700096053	700108479	700109569	700033814	700016125	700109756	700102665	700101777	700109455
700108602	0	-0.153002800549156	-0.196063214997269	-0.13408425711756	-0.142059217913536	-0.198699411820406	-0.0894212948819049	-0.216165729909154	-0.0975057423975254	-0.196346704204339	-0.129400159484432	-0.199446532287376	-0.212562479937013	-0.17248799084356	-0.209464593816651	-0.10801211308524	-0.212651712734741	-0.182728782409524	-0.0907297414419225	-0.0970996537109955	-0.108660908723952	-0.133996049016909	-0.10266402116425	-0.0799163329450323	-0.106710008003363	-0.115108144803369	-0.160246588278064	-0.169517558673913	-0.178118973340809	-0.204027495756691	-0.178101922129447	-0.146426164073341	-0.116425750348118	-0.186841999274637	-0.115763208142387	-0.111649501195894	-0.157908601279326	-0.210641795065619	-0.0773750522548651	-0.242292292978215	-0.0884582626257595	-0.201169364456482	-0.128062379751318	-0.133810772570855	-0.181155049007228	-0.141060777334843	-0.127121325146846	-0.194755549536615	-0.15625021843358	-0.166090456575934	-0.146866932811106	-0.0763420921885523	-0.079981289093978	-0.104978890796331	-0.0916769320509816	-0.202838003209922	-0.123652945317403	-0.0846333529307301	-0.15712967805731	-0.109346469102231
700014971	-0.153002800549156	0	-0.173470643046059	-0.217205985474826	-0.132421723518308	-0.149541925455405	-0.176456141214703	-0.133990358804167	-0.154417290014743	-0.125937735630138	-0.137047451678223	-0.190733752365335	-0.141764152184972	-0.10263803045807	-0.171885874760123	-0.156556227218046	-0.125419668103406	-0.164366611387542	-0.153617441888568	-0.158861296037666	-0.16222674509643	-0.153271091484686	-0.133492646651217	-0.153554091098382	-0.191070341525902	-0.150806996150865	-0.099892076020348	-0.138171352209033	-0.114610027521563	-0.121244781938735	-0.118186417979645	-0.171547163171663	-0.117305886503693	-0.128656517376932	-0.144306165108946	-0.130990782768305	-0.159257943414867	-0.164021042890869	-0.147700740230499	-0.165138618357407	-0.135050160904437	-0.147055840356801	-0.124260425518585	-0.159144352283862	-0.119491871712902	-0.110464693976447	-0.102803662802963	-0.136654276778281	-0.122085911630029	-0.164906898988271	-0.183308064203114	-0.162559782247611	-0.165050149054239	-0.115162570465305	-0.177280296901009	-0.137308088267151	-0.156624314588754	-0.172874665630331	-0.152301233605112	-0.169481807831776
700033565	-0.196063214997269	-0.173470643046059	0	-0.239784286522013	-0.186981008652542	-0.0779253655615229	-0.202038728446517	-0.107174994302234	-0.176021823971965	-0.0942139791622942	-0.101373074921461	-0.0689529266797474	-0.112953093253264	-0.143353102704369	-0.0998956917593768	-0.128657835367069	-0.0979521135233402	-0.08914079187293	-0.171276658293462	-0.18505125509895	-0.176313843081708	-0.101201234531615	-0.1861873567476	-0.176307375400044	-0.189464164088392	-0.208034520759277	-0.147375055745003	-0.177825813425798	-0.167069385132826	-0.124821904252202	-0.100798696526107	-0.134374118044583	-0.121914165476712	-0.0964410153347459	-0.19464215230275	-0.143888518905336	-0.154048723624117	-0.102948780076982	-0.188055809419397	-0.151893775326064	-0.168298247625649	-0.0787462519378246	-0.146489764749478	-0.150823622822081	-0.128800139763366	-0.140131191781201	-0.156309608809248	-0.0992661102473848	-0.13702825358307	-0.0876824944951097	-0.0984978578981712	-0.213953522423487	-0.206399490845914	-0.131661511422998	-0.232699517774953	-0.112709990642817	-0.153706322685073	-0.209986880406634	-0.0978413531703265	-0.194055925207741
700109389	-0.13408425711756	-0.217205985474826	-0.239784286522013	0	-0.184632246469969	-0.256532971744843	-0.116349134045235	-0.251917500077475	-0.176885603990669	-0.254615024470559	-0.191260345310458	-0.232719826961019	-0.250940964594942	-0.232006339290439	-0.234561412766224	-0.178275261250368	-0.256911288656632	-0.242260453976401	-0.185147376622151	-0.122803746189695	-0.15500251767068	-0.207169827549082	-0.153471775944852	-0.167012691242613	-0.139744155565984	-0.138596528583746	-0.239928652537958	-0.21909690248086	-0.18940775377407	-0.234451645924301	-0.242498105074577	-0.221158803647153	-0.182966626672598	-0.237373537369125	-0.141404646613633	-0.168417195076614	-0.244226415700893	-0.260332906968624	-0.161244022771866	-0.247780682443886	-0.143888766848848	-0.239621196388022	-0.204371695494983	-0.193366964361994	-0.21561907753785	-0.191390117599188	-0.213099402636731	-0.232779131136223	-0.223639551341481	-0.220754542846711	-0.195652132924294	-0.120786770222942	-0.0885870430282873	-0.192671998808065	-0.136450669614973	-0.247276094768817	-0.133355032167129	-0.124766640540358	-0.189246255067909	-0.160083188730035
700023058	-0.142059217913536	-0.132421723518308	-0.186981008652542	-0.184632246469969	0	-0.16202034708742	-0.145050975569668	-0.178607553780222	-0.131283736200318	-0.172417740378124	-0.136978115177942	-0.194778925274709	-0.186213583076527	-0.145182776694036	-0.185967096569519	-0.141394667892941	-0.170440290982334	-0.156210107364941	-0.142228941780304	-0.14996122120058	-0.161014627413182	-0.163098940484498	-0.141241925930917	-0.13124286099898	-0.180090105868064	-0.128358511629086	-0.147861808768376	-0.170772073342424	-0.159939715766316	-0.163901041195521	-0.151952477151642	-0.187426818425352	-0.136857328285918	-0.157673403939535	-0.122676038043508	-0.150737997738528	-0.138308894558557	-0.153598722672301	-0.116082121568252	-0.214212893291598	-0.117845853136827	-0.179408349486547	-0.117272925741022	-0.161160846864243	-0.158779949797375	-0.135122074246165	-0.122229007598524	-0.16878596620877	-0.127414472124152	-0.186216310513112	-0.18493273744754	-0.137793740645014	-0.144083217148796	-0.132680209573432	-0.152306106431147	-0.183687754460374	-0.16502828772465	-0.149325197633823	-0.173358372782853	-0.143373100178641
700023927	-0.198699411820406	-0.149541925455405	-0.0779253655615229	-0.256532971744843	-0.16202034708742	0	-0.221552155718972	-0.119506266002264	-0.18961209640354	-0.0819342247004451	-0.123417661529235	-0.103492546484336	-0.115430754582617	-0.105831249672127	-0.111367141303996	-0.150190649362452	-0.104822283905894	-0.0641716589934724	-0.177068143277517	-0.199020969311293	-0.185897666028854	-0.134287250997652	-0.18199100731845	-0.176888631679177	-0.209152826194702	-0.201654088656425	-0.130908078630623	-0.19216113791482	-0.162308769816777	-0.119543228800936	-0.0718734386696047	-0.162816052730261	-0.132250031614854	-0.0809887561025573	-0.204760999448163	-0.158235650916868	-0.126716115890879	-0.069438147707008	-0.187736049326373	-0.155049978430328	-0.173672696952106	-0.0972630643747386	-0.131018146767251	-0.170477046355067	-0.132603418574771	-0.131951580317092	-0.144837638901284	-0.116735775188074	-0.089421844325849	-0.114253738101226	-0.127422718034549	-0.22260361161398	-0.220564009566691	-0.139630743382535	-0.227505559751765	-0.115065404792138	-0.161667838385516	-0.21788093597141	-0.12009335669121	-0.20323003118725
700106341	-0.0894212948819049	-0.176456141214703	-0.202038728446517	-0.116349134045235	-0.145050975569668	-0.221552155718972	0	-0.220141506637762	-0.091399685716705	-0.218366785240385	-0.134381766894885	-0.188945379167882	-0.209335199598043	-0.194921944842814	-0.205811782885691	-0.124670228198806	-0.216647478946132	-0.211326353217578	-0.116934485485849	-0.0806127153120079	-0.0967544677291326	-0.135416346015377	-0.11680548897044	-0.123650262463964	-0.0855094175128438	-0.145170108188178	-0.206875255510701	-0.202820462043181	-0.193023572545448	-0.214666853772623	-0.191910735710399	-0.1215667614944	-0.12917192599604	-0.200518426467886	-0.136974640786191	-0.0995134943810282	-0.203376462856229	-0.227636430918173	-0.104718014859921	-0.245122932130614	-0.111772410256191	-0.193708721256153	-0.135931963525625	-0.106308563956285	-0.174042012702811	-0.167235060368554	-0.15425652079866	-0.186134920809733	-0.180688471089825	-0.168958411171095	-0.160187368478532	-0.0689826664926692	-0.07848952119389	-0.12461703456964	-0.12607685269144	-0.208679010732242	-0.113499360558867	-0.0676588457205813	-0.155653807751959	-0.0724387966578864
700114221	-0.216165729909154	-0.133990358804167	-0.107174994302234	-0.251917500077475	-0.178607553780222	-0.119506266002264	-0.220141506637762	0	-0.20234302156921	-0.0747260674214312	-0.150890234010672	-0.126011991155108	-0.080037192604019	-0.135119839330716	-0.0939435276935337	-0.175852553489318	-0.0563510636628617	-0.13774706957567	-0.203362696641474	-0.204040127047088	-0.205661117480636	-0.164248082088109	-0.198314703611942	-0.208297350897627	-0.23601502822599	-0.214971163370508	-0.123758946183402	-0.154769770557872	-0.128316626968933	-0.0934186584312927	-0.112863895617369	-0.179121169364023	-0.148303261655265	-0.10061279653098	-0.203930638511612	-0.156203492806352	-0.180443948918428	-0.100782734739045	-0.206373682261276	-0.0928023267780327	-0.169142505239599	-0.0809368135232486	-0.173498617376646	-0.181461807101523	-0.102499414475942	-0.125692627215049	-0.143891975217643	-0.0794286195948382	-0.152638404508256	-0.136721651384788	-0.157863399663623	-0.224921450856858	-0.219085307423341	-0.159436079085791	-0.252842114459364	-0.0846851475878296	-0.17183820539755	-0.237995852012688	-0.141319157359546	-0.207723380478523
700023543	-0.0975057423975254	-0.154417290014743	-0.176021823971965	-0.176885603990669	-0.131283736200318	-0.18961209640354	-0.091399685716705	-0.20234302156921	0	-0.181555572679086	-0.113447622052802	-0.181175671102046	-0.195559996305897	-0.156980514628348	-0.191090960433998	-0.0895429644819329	-0.192335080757312	-0.1746506795624	-0.0911353106173377	-0.111060510441751	-0.122175716429148	-0.120214439221138	-0.117435593200528	-0.102745744063561	-0.110206238358374	-0.13453807795398	-0.163055614200139	-0.166417156886372	-0.199690511631648	-0.187854083289802	-0.161122794194464	-0.112329157565483	-0.122093265958593	-0.172465751741159	-0.121636902841865	-0.125026186015495	-0.15927787436375	-0.196509305192087	-0.0828345555659231	-0.237914509748867	-0.112310061331285	-0.181076262864996	-0.115496872570384	-0.085354319926179	-0.170396104951988	-0.152453469948331	-0.117064604408316	-0.174133315229534	-0.167362536393786	-0.151233133000566	-0.143616418047375	-0.0843677373126952	-0.10824221890424	-0.10991063986082	-0.127839519299371	-0.192317238357761	-0.14558643587185	-0.0896441581946079	-0.152824410862872	-0.0879988466402912
700023439	-0.196346704204339	-0.125937735630138	-0.0942139791622942	-0.254615024470559	-0.172417740378124	-0.0819342247004451	-0.218366785240385	-0.0747260674214312	-0.181555572679086	0	-0.132574929526824	-0.118401100139097	-0.0794781837894388	-0.112873667199584	-0.107797619560297	-0.149278747208361	-0.0680818116894445	-0.10320525842881	-0.175341545450445	-0.194347018504915	-0.182096258958067	-0.140093192903773	-0.174093363476128	-0.177945572523247	-0.213684772009256	-0.202093999694106	-0.114156208407624	-0.1655097642884	-0.141458027357783	-0.102266842019476	-0.0809051918798953	-0.162022161086643	-0.121530008425781	-0.0812713343557601	-0.195108482196038	-0.145960830599883	-0.146440912729128	-0.0881435660336763	-0.18285073277176	-0.114595455776654	-0.156885560445043	-0.0799601117606504	-0.14643459643258	-0.165854425133937	-0.108344494119696	-0.110752086832333	-0.123420309502779	-0.088333101493994	-0.122068363280783	-0.113615590775758	-0.134108729873853	-0.209484568063645	-0.212634498187036	-0.133055954286568	-0.230772267035905	-0.0826044004616822	-0.161607992512308	-0.20644217112661	-0.123029227030306	-0.196689098696716
700016978	-0.129400159484432	-0.137047451678223	-0.101373074921461	-0.191260345310458	-0.136978115177942	-0.123417661529235	-0.134381766894885	-0.150890234010672	-0.113447622052802	-0.132574929526824	0	-0.100136534142457	-0.136658620235294	-0.139331874832577	-0.141935246048214	-0.0799413804445605	-0.143806675918895	-0.112287944907549	-0.11165852993004	-0.118070028690672	-0.111799454826531	-0.0590540834169193	-0.12992637909691	-0.126941177526543	-0.11631001461944	-0.175583377273571	-0.142709177207095	-0.152992084171545	-0.161033832881731	-0.149854406610123	-0.104796427861051	-0.0955788078403015	-0.0671366456861189	-0.109047055457092	-0.155591309580919	-0.0849781803493597	-0.140309394501438	-0.155088804708617	-0.12422988090509	-0.182404988423587	-0.111685967427394	-0.105348616159555	-0.090759696827988	-0.0953871779868529	-0.115407546459803	-0.132768113219697	-0.115194976774915	-0.116081319329792	-0.118447701209821	-0.0891075990930368	-0.0896147686143337	-0.142991533529644	-0.135537446241177	-0.0802038500862204	-0.174889647442092	-0.12558294657301	-0.11381926033483	-0.137240848460676	-0.0902221105625918	-0.125462637412238
700024192	-0.199446532287376	-0.190733752365335	-0.0689529266797474	-0.232719826961019	-0.194778925274709	-0.103492546484336	-0.188945379167882	-0.126011991155108	-0.181175671102046	-0.118401100139097	-0.100136534142457	0	-0.105335333944247	-0.166905036912101	-0.0913037187714626	-0.12681823982493	-0.124906362614992	-0.118640048661592	-0.166843978671179	-0.174779470729202	-0.159443038549214	-0.095759936084039	-0.191084180278725	-0.199686311517369	-0.177509112790966	-0.220090304589412	-0.181214669152972	-0.187648823827523	-0.172819170731729	-0.153124932327377	-0.103240334154596	-0.128531615038349	-0.121591450887682	-0.0998792383116075	-0.214226912789517	-0.140013450166482	-0.172557297297835	-0.118569539821573	-0.202643004771372	-0.148409678967533	-0.170629156087346	-0.0731799437392675	-0.164321351582968	-0.138727160718404	-0.111663892944055	-0.147083169999388	-0.167932316948433	-0.100002186170971	-0.152860140526368	-0.0808946481993913	-0.0953570265000776	-0.214282784921521	-0.204093154300313	-0.135440663566146	-0.250311681592318	-0.103273832148018	-0.131221464195904	-0.210630642736335	-0.103100948720033	-0.181785890570425
700113058	-0.212562479937013	-0.141764152184972	-0.112953093253264	-0.250940964594942	-0.186213583076527	-0.115430754582617	-0.209335199598043	-0.080037192604019	-0.195559996305897	-0.0794781837894388	-0.136658620235294	-0.105335333944247	0	-0.135848720834425	-0.0881237521440194	-0.166478325021633	-0.0848311612049673	-0.145192754737103	-0.200703919173112	-0.190833630286386	-0.193943337232001	-0.14778538613077	-0.200767790177439	-0.2105536342502	-0.220009840890821	-0.222713619916078	-0.130930957516557	-0.159201526960628	-0.137331928557223	-0.114878132746884	-0.103750488947938	-0.161704987569226	-0.140456538217384	-0.0973979782302334	-0.218830322142111	-0.149368070738696	-0.18126885573117	-0.119517112777627	-0.201271011485371	-0.105699724622106	-0.170289497973343	-0.0672192004249923	-0.176393771949698	-0.168189046442201	-0.0931017042077031	-0.131082148738626	-0.157041989451408	-0.0681444329500929	-0.15444150373234	-0.122662946763539	-0.14562710219358	-0.219191459259466	-0.217395768240195	-0.161035609886239	-0.259444931212474	-0.0652862985573087	-0.159217380541789	-0.229028720629245	-0.128762220942597	-0.188844203898268
700099448	-0.17248799084356	-0.10263803045807	-0.143353102704369	-0.232006339290439	-0.145182776694036	-0.105831249672127	-0.194921944842814	-0.135119839330716	-0.156980514628348	-0.112873667199584	-0.139331874832577	-0.166905036912101	-0.135848720834425	0	-0.154496230716978	-0.148293386894653	-0.118661755456397	-0.120200547044431	-0.15265895792149	-0.173019771039483	-0.177180104205561	-0.160224055943255	-0.160164027809842	-0.142951088772867	-0.203237867455471	-0.152750582388258	-0.0957256727907101	-0.156172619152469	-0.13805570027242	-0.108536831107484	-0.0979575832900601	-0.182330663710494	-0.136698300043737	-0.106244261279269	-0.166501906796251	-0.152974896519989	-0.122001077016273	-0.124644646222348	-0.155789122973307	-0.175171541364108	-0.154656147223817	-0.130787510299648	-0.125987665787568	-0.172415337187697	-0.117622349566001	-0.126959071844415	-0.109971185590951	-0.134613601818449	-0.0965755178691655	-0.158464454601087	-0.154163264985362	-0.173352344580411	-0.197610881755859	-0.13789045506434	-0.186299671130541	-0.135328999461984	-0.155450494095774	-0.182896415409019	-0.144174562191081	-0.186563799299058
700109870	-0.209464593816651	-0.171885874760123	-0.0998956917593768	-0.234561412766224	-0.185967096569519	-0.111367141303996	-0.205811782885691	-0.0939435276935337	-0.191090960433998	-0.107797619560297	-0.141935246048214	-0.0913037187714626	-0.0881237521440194	-0.154496230716978	0	-0.161146454064982	-0.0992237729483274	-0.141212854624562	-0.193542754306468	-0.187226045770994	-0.176689082971983	-0.148273866109436	-0.186648707955673	-0.210469208954999	-0.212365839017997	-0.215487306748232	-0.156113826608127	-0.182821522865351	-0.144985262107139	-0.112478348657357	-0.121534807570567	-0.160409625827218	-0.152304319199958	-0.124359448910684	-0.215919859675134	-0.150708751985426	-0.186232342904091	-0.0864526837652986	-0.209254640854722	-0.114512321174782	-0.179132181667298	-0.0712314224025642	-0.185997723231176	-0.161783439712657	-0.110973711291775	-0.126840001547294	-0.162933680665538	-0.0763025330134905	-0.156721713426785	-0.114965703817501	-0.13709664973149	-0.217875398486441	-0.206613090334601	-0.154325172618337	-0.247717459748919	-0.0915839585916566	-0.141598014615277	-0.225324386880684	-0.115829443811236	-0.187686291902031
700033928	-0.10801211308524	-0.156556227218046	-0.128657835367069	-0.178275261250368	-0.141394667892941	-0.150190649362452	-0.124670228198806	-0.175852553489318	-0.0895429644819329	-0.149278747208361	-0.0799413804445605	-0.12681823982493	-0.166478325021633	-0.148293386894653	-0.161146454064982	0	-0.165505480985893	-0.129631238048781	-0.0998335947534617	-0.117441744184922	-0.110627962964115	-0.0812136190920266	-0.132554266984466	-0.103163697532516	-0.124066056085857	-0.147994623158288	-0.156164774401928	-0.149735809340227	-0.179288946636058	-0.169865820453898	-0.126277705106936	-0.114613763265283	-0.0823410814974348	-0.133408264138125	-0.145238151596366	-0.12522058309701	-0.136278379622775	-0.169399773254982	-0.108085577775054	-0.207852075315294	-0.0948122935480712	-0.131268399931019	-0.109700597208084	-0.108393859648972	-0.13449489693303	-0.135354196181339	-0.112303408017769	-0.149071099339898	-0.140625940314727	-0.109066375429776	-0.104021244539895	-0.121315672831525	-0.12484103583273	-0.104959133406163	-0.16296267365715	-0.153940479290562	-0.127619313173112	-0.116415249527612	-0.116435727855135	-0.115996733902156
700023693	-0.212651712734741	-0.125419668103406	-0.0979521135233402	-0.256911288656632	-0.170440290982334	-0.104822283905894	-0.216647478946132	-0.0563510636628617	-0.192335080757312	-0.0680818116894445	-0.143806675918895	-0.124906362614992	-0.0848311612049673	-0.118661755456397	-0.0992237729483274	-0.165505480985893	0	-0.122379704329788	-0.192190089826962	-0.198078977976933	-0.186491347970887	-0.152559329630256	-0.191748939868918	-0.192524784503871	-0.230421702386024	-0.211631438426988	-0.117972345002512	-0.162667137853342	-0.12303705641963	-0.101291202353545	-0.0952983375922956	-0.171997600421135	-0.141286064605634	-0.0932875985078535	-0.198876507462538	-0.152868329880635	-0.160853874713776	-0.0986067254148346	-0.197241994524208	-0.0997042826864114	-0.164153514209244	-0.0787876238154245	-0.153944911711832	-0.175552657823315	-0.0921847885732198	-0.111518389770083	-0.131588278513953	-0.0729598329118055	-0.133328786021856	-0.134726956493708	-0.150019682986058	-0.219030685241892	-0.218172668634174	-0.143125496472158	-0.24671933756481	-0.0825137919461094	-0.161718037378179	-0.226226943271865	-0.140102631263129	-0.200664520953293
700109627	-0.182728782409524	-0.164366611387542	-0.08914079187293	-0.242260453976401	-0.156210107364941	-0.0641716589934724	-0.211326353217578	-0.13774706957567	-0.1746506795624	-0.10320525842881	-0.112287944907549	-0.118640048661592	-0.145192754737103	-0.120200547044431	-0.141212854624562	-0.129631238048781	-0.122379704329788	0	-0.169180899858308	-0.179064908874232	-0.187739772857083	-0.126269057598197	-0.178720782834103	-0.155992194285174	-0.195080716118694	-0.204548959453536	-0.136741414615985	-0.180062835617474	-0.186867599664278	-0.138085620198164	-0.0842478310654837	-0.167643999587285	-0.123934338972321	-0.0900881289800173	-0.193586822162812	-0.156119390509544	-0.114454960211691	-0.0924820783819561	-0.171727489891586	-0.180148666385826	-0.169091549774221	-0.119040169023186	-0.123383973456253	-0.161510377480797	-0.149270503788327	-0.152678286188946	-0.143012689962398	-0.132646586060649	-0.0984108695270741	-0.127029535852777	-0.1153543659186	-0.212524636714853	-0.208132995225849	-0.141334815898537	-0.208668744896112	-0.141146553342861	-0.171396580467005	-0.202455588304343	-0.138765670343684	-0.198791417459642
700095416	-0.0907297414419225	-0.153617441888568	-0.171276658293462	-0.185147376622151	-0.142228941780304	-0.177068143277517	-0.116934485485849	-0.203362696641474	-0.0911353106173377	-0.175341545450445	-0.11165852993004	-0.166843978671179	-0.200703919173112	-0.15265895792149	-0.193542754306468	-0.0998335947534617	-0.192190089826962	-0.169180899858308	0	-0.125158625227538	-0.0977585328073295	-0.111286085272131	-0.121871453863304	-0.0906353382140208	-0.107762588787822	-0.134724442063733	-0.160455269885942	-0.180540754169062	-0.186404455068897	-0.193393078926549	-0.149825246939275	-0.12141620371155	-0.102587966590023	-0.168303541665052	-0.135850340024241	-0.1256621080394	-0.142729927189022	-0.185385886996549	-0.0842401632326447	-0.23968002540642	-0.104265434726677	-0.177898787107561	-0.0949978835057905	-0.121364131047956	-0.158504458970128	-0.138346974566159	-0.10263701843931	-0.177383632553931	-0.138121889751681	-0.144512488330552	-0.132791644131609	-0.118262394186439	-0.126942324611914	-0.0856464741315805	-0.128992769340503	-0.1890739685557	-0.123938414776462	-0.104950612395209	-0.14114276380908	-0.122688105788091
700110425	-0.0970996537109955	-0.158861296037666	-0.18505125509895	-0.122803746189695	-0.14996122120058	-0.199020969311293	-0.0806127153120079	-0.204040127047088	-0.111060510441751	-0.194347018504915	-0.118070028690672	-0.174779470729202	-0.190833630286386	-0.173019771039483	-0.187226045770994	-0.117441744184922	-0.198078977976933	-0.179064908874232	-0.125158625227538	0	-0.0961741433789534	-0.137597018747881	-0.113104636900303	-0.11529320308529	-0.0800240174619145	-0.158184394389726	-0.182219731863583	-0.175236065217369	-0.174364704444147	-0.189280316660415	-0.175752898793058	-0.145490824950428	-0.111480597105882	-0.180746092106377	-0.141606953627111	-0.0885387428936608	-0.183447506332256	-0.203917498519096	-0.120346539313401	-0.230849799491376	-0.0978815229870421	-0.171226996299011	-0.126501869028066	-0.0995524071359916	-0.156453622777804	-0.152536259999355	-0.137670382048346	-0.167332168149152	-0.154764679562114	-0.164531077993675	-0.151119210742783	-0.0858848240189549	-0.0710461287328616	-0.116142581282826	-0.13093683082613	-0.189112417733117	-0.0836754674626037	-0.0829778356055181	-0.139879698541589	-0.101619880896319
700111580	-0.108660908723952	-0.16222674509643	-0.176313843081708	-0.15500251767068	-0.161014627413182	-0.185897666028854	-0.0967544677291326	-0.205661117480636	-0.122175716429148	-0.182096258958067	-0.111799454826531	-0.159443038549214	-0.193943337232001	-0.177180104205561	-0.176689082971983	-0.110627962964115	-0.186491347970887	-0.187739772857083	-0.0977585328073295	-0.0961741433789534	0	-0.104790689726844	-0.110439004567046	-0.124355008488519	-0.0704274250655931	-0.170584809263168	-0.194122956767696	-0.208992715795694	-0.161640660685259	-0.200495951443467	-0.161459487401341	-0.122012983535787	-0.102018535191325	-0.18063647969805	-0.168900579088744	-0.107783200365796	-0.184474247081987	-0.196786063059397	-0.12634433347102	-0.22044011991318	-0.109489779296888	-0.167461805233946	-0.12646052409734	-0.123744340223647	-0.141108995903427	-0.133118986146629	-0.126015010912243	-0.157303265535491	-0.141305413736709	-0.131312701087985	-0.128668132987664	-0.105752790162442	-0.107380496598144	-0.0853695955140804	-0.149814896025922	-0.178639137663181	-0.0821026448951803	-0.0915877422514275	-0.11896255501269	-0.0999159931485649
700111302	-0.133996049016909	-0.153271091484686	-0.101201234531615	-0.207169827549082	-0.163098940484498	-0.134287250997652	-0.135416346015377	-0.164248082088109	-0.120214439221138	-0.140093192903773	-0.0590540834169193	-0.095759936084039	-0.14778538613077	-0.160224055943255	-0.148273866109436	-0.0812136190920266	-0.152559329630256	-0.126269057598197	-0.111286085272131	-0.137597018747881	-0.104790689726844	0	-0.145396083955396	-0.136888104333385	-0.11659885440445	-0.188958861506529	-0.163578441862257	-0.177747379704343	-0.185944136554802	-0.170423363494944	-0.116855580228485	-0.0742805641958472	-0.0807801441113928	-0.116249060708419	-0.179896372555333	-0.107718638110247	-0.153327604710213	-0.163485953727214	-0.140279828331634	-0.192344770790587	-0.136142969462874	-0.115753161070007	-0.11019372098338	-0.108779103866006	-0.129017594759175	-0.154750263616566	-0.13043843121151	-0.121241837231998	-0.133091836148701	-0.0631540001703075	-0.0817639006731277	-0.150060806146796	-0.146652032355327	-0.0904532095142647	-0.19475872492171	-0.133483571389737	-0.126226540760349	-0.147147209239203	-0.0842970085480967	-0.129998392592069
700098605	-0.10266402116425	-0.133492646651217	-0.1861873567476	-0.153471775944852	-0.141241925930917	-0.18199100731845	-0.11680548897044	-0.198314703611942	-0.117435593200528	-0.174093363476128	-0.12992637909691	-0.191084180278725	-0.200767790177439	-0.160164027809842	-0.186648707955673	-0.132554266984466	-0.191748939868918	-0.178720782834103	-0.121871453863304	-0.113104636900303	-0.110439004567046	-0.145396083955396	0	-0.126255915444875	-0.1327514052562	-0.140583837920302	-0.15605509599962	-0.17285982714842	-0.161312859106353	-0.171713910953414	-0.164758490200539	-0.155444431311933	-0.122253382407749	-0.170246632011953	-0.130341337684046	-0.112446031360558	-0.161535884824895	-0.190848842686642	-0.117985013839772	-0.211099174084878	-0.114261857103719	-0.188511956852119	-0.132862318207574	-0.128655082427494	-0.179040140274514	-0.127605919148368	-0.12899180043151	-0.176936677952479	-0.150674136890783	-0.163484127238857	-0.16945889166263	-0.106112617462724	-0.104082489883818	-0.104504912009909	-0.107284784740696	-0.193388234785497	-0.125752409765085	-0.114811861977604	-0.154730979730086	-0.101712307482775
700111991	-0.0799163329450323	-0.153554091098382	-0.176307375400044	-0.167012691242613	-0.13124286099898	-0.176888631679177	-0.123650262463964	-0.208297350897627	-0.102745744063561	-0.177945572523247	-0.126941177526543	-0.199686311517369	-0.2105536342502	-0.142951088772867	-0.210469208954999	-0.103163697532516	-0.192524784503871	-0.155992194285174	-0.0906353382140208	-0.11529320308529	-0.124355008488519	-0.136888104333385	-0.126255915444875	0	-0.132977299987747	-0.121302206666849	-0.144399597997278	-0.176236330740935	-0.187367216486008	-0.197520021392161	-0.160573761359968	-0.16025032616868	-0.116059258817235	-0.173721188327593	-0.122647489779537	-0.126327548259437	-0.135079829534819	-0.181523821556982	-0.0855048462224737	-0.247223741992972	-0.10544157512778	-0.194553525054238	-0.105371640981495	-0.133390958125179	-0.175968214382632	-0.135216778696765	-0.10523661975685	-0.191983802778184	-0.138441455522677	-0.172815133200501	-0.144887841187487	-0.116321534255951	-0.123815369912805	-0.105242417646664	-0.0907135938762451	-0.207960937963764	-0.139095116746003	-0.102577650257545	-0.153435901707488	-0.125096387116982
700108960	-0.106710008003363	-0.191070341525902	-0.189464164088392	-0.139744155565984	-0.180090105868064	-0.209152826194702	-0.0855094175128438	-0.23601502822599	-0.110206238358374	-0.213684772009256	-0.11631001461944	-0.177509112790966	-0.220009840890821	-0.203237867455471	-0.212365839017997	-0.124066056085857	-0.230421702386024	-0.195080716118694	-0.107762588787822	-0.0800240174619145	-0.0704274250655931	-0.11659885440445	-0.1327514052562	-0.132977299987747	0	-0.186322364770863	-0.220022680328085	-0.216486646959631	-0.205470485299801	-0.224170430170642	-0.187370502270141	-0.113683755797282	-0.124085889201288	-0.202407600171254	-0.17191218747665	-0.11188906993702	-0.201330027840841	-0.22685154989736	-0.121563152575117	-0.260145820140726	-0.129670849212859	-0.191675039949718	-0.137500643837545	-0.104422829162679	-0.181696783017093	-0.184809489030093	-0.163477999857534	-0.196016356733755	-0.171459645925286	-0.146045429359917	-0.130495644218074	-0.0953784037188093	-0.0936998355484423	-0.113696307364116	-0.136198074290678	-0.212481785230959	-0.100239498897252	-0.0740957196039689	-0.132421937367285	-0.0969899660892506
700024452	-0.115108144803369	-0.150806996150865	-0.208034520759277	-0.138596528583746	-0.128358511629086	-0.201654088656425	-0.145170108188178	-0.214971163370508	-0.13453807795398	-0.202093999694106	-0.175583377273571	-0.220090304589412	-0.222713619916078	-0.152750582388258	-0.215487306748232	-0.147994623158288	-0.211631438426988	-0.204548959453536	-0.134724442063733	-0.158184394389726	-0.170584809263168	-0.188958861506529	-0.140583837920302	-0.121302206666849	-0.186322364770863	0	-0.157101280328481	-0.165237377388858	-0.146372846881689	-0.184592125365972	-0.192738277018422	-0.201980773586999	-0.156721300126526	-0.197637008793867	-0.07135718419507	-0.160772902199298	-0.176475640956005	-0.207591863474263	-0.111870567244313	-0.225724324302927	-0.123290997566926	-0.213230385528363	-0.160525920982169	-0.185043724551507	-0.184904055490334	-0.136333511592807	-0.135746389339513	-0.206899391266925	-0.175445349269827	-0.196804570964851	-0.194560501518334	-0.128681170566965	-0.127786186121984	-0.152748135944004	-0.11730034231974	-0.216353900699753	-0.161298723321194	-0.143626903481522	-0.175385277642689	-0.171263065664077
700032931	-0.160246588278064	-0.099892076020348	-0.147375055745003	-0.239928652537958	-0.147861808768376	-0.130908078630623	-0.206875255510701	-0.123758946183402	-0.163055614200139	-0.114156208407624	-0.142709177207095	-0.181214669152972	-0.130930957516557	-0.0957256727907101	-0.156113826608127	-0.156164774401928	-0.117972345002512	-0.136741414615985	-0.160455269885942	-0.182219731863583	-0.194122956767696	-0.163578441862257	-0.15605509599962	-0.144399597997278	-0.220022680328085	-0.157101280328481	0	-0.144842689512237	-0.146750186655102	-0.120743022960439	-0.111425004822595	-0.179796830915287	-0.134011979558677	-0.119331442563225	-0.168750618509577	-0.15677376213375	-0.125403880004854	-0.129517710891649	-0.15909883591905	-0.162311142686796	-0.149037610942107	-0.132894533601293	-0.136783396902857	-0.172543158794879	-0.137793383985773	-0.120300662503864	-0.116178669349032	-0.125305160674225	-0.117132814782885	-0.155166473383672	-0.174322155689146	-0.187754566661021	-0.191481462651722	-0.139329473173729	-0.182084956726634	-0.133610243218208	-0.180850579916127	-0.200022784371262	-0.145718967634559	-0.194171339105
700095837	-0.169517558673913	-0.138171352209033	-0.177825813425798	-0.21909690248086	-0.170772073342424	-0.19216113791482	-0.202820462043181	-0.154769770557872	-0.166417156886372	-0.1655097642884	-0.152992084171545	-0.187648823827523	-0.159201526960628	-0.156172619152469	-0.182821522865351	-0.149735809340227	-0.162667137853342	-0.180062835617474	-0.180540754169062	-0.175236065217369	-0.208992715795694	-0.177747379704343	-0.17285982714842	-0.176236330740935	-0.216486646959631	-0.165237377388858	-0.144842689512237	0	-0.135267822802522	-0.11989220295616	-0.170026143748583	-0.196268718406301	-0.15518249541006	-0.139290052463377	-0.154485913932314	-0.166538341560972	-0.176762321217301	-0.195300828535707	-0.173409056203889	-0.186917756214816	-0.145821716771194	-0.160921567145968	-0.175638325765841	-0.166595729334823	-0.148902432986604	-0.152932261056307	-0.160621601392135	-0.150913811734217	-0.192139663615242	-0.178466146895223	-0.181899905921478	-0.186339390332712	-0.183183026113391	-0.174796204264118	-0.203348823664829	-0.153605952771508	-0.194645407283332	-0.199013452834379	-0.184497216954694	-0.200045715801064
700024548	-0.178118973340809	-0.114610027521563	-0.167069385132826	-0.18940775377407	-0.159939715766316	-0.162308769816777	-0.193023572545448	-0.128316626968933	-0.199690511631648	-0.141458027357783	-0.161033832881731	-0.172819170731729	-0.137331928557223	-0.13805570027242	-0.144985262107139	-0.179288946636058	-0.12303705641963	-0.186867599664278	-0.186404455068897	-0.174364704444147	-0.161640660685259	-0.185944136554802	-0.161312859106353	-0.187367216486008	-0.205470485299801	-0.146372846881689	-0.146750186655102	-0.135267822802522	0	-0.118818091738784	-0.147463801331456	-0.207067916584752	-0.143981185415415	-0.138585461707975	-0.144874307652238	-0.141764277142379	-0.198049920635489	-0.161582799464657	-0.177016684607894	-0.130503085617953	-0.137410599004392	-0.140659587102081	-0.171524545502337	-0.200586522854341	-0.0940108469941865	-0.0842818063936646	-0.153493952239804	-0.125797909653416	-0.150057882782618	-0.180938910804185	-0.178710928652744	-0.183181712206944	-0.17166584562527	-0.142308098956815	-0.189770976605223	-0.135788140607233	-0.140091439409721	-0.199996740943557	-0.154406044701956	-0.197049613035697
700110161	-0.204027495756691	-0.121244781938735	-0.124821904252202	-0.234451645924301	-0.163901041195521	-0.119543228800936	-0.214666853772623	-0.0934186584312927	-0.187854083289802	-0.102266842019476	-0.149854406610123	-0.153124932327377	-0.114878132746884	-0.108536831107484	-0.112478348657357	-0.169865820453898	-0.101291202353545	-0.138085620198164	-0.193393078926549	-0.189280316660415	-0.200495951443467	-0.170423363494944	-0.171713910953414	-0.197520021392161	-0.224170430170642	-0.184592125365972	-0.120743022960439	-0.11989220295616	-0.118818091738784	0	-0.119123252038239	-0.183834902448417	-0.154379539108658	-0.0917832146951092	-0.18513950059921	-0.161183843907092	-0.160206660017978	-0.111872177417901	-0.197643924783528	-0.141921722201252	-0.166985810116828	-0.107904453165445	-0.160203305611483	-0.17560774416992	-0.128298450961755	-0.131785680424703	-0.156576040298635	-0.100866891731358	-0.136294106811453	-0.14901667490139	-0.166740641838285	-0.206853534830067	-0.205637427010636	-0.15232823414476	-0.230431184824327	-0.114559682716267	-0.167335071684322	-0.217949881369909	-0.138119242090726	-0.201597879447071
700023496	-0.178101922129447	-0.118186417979645	-0.100798696526107	-0.242498105074577	-0.151952477151642	-0.0718734386696047	-0.191910735710399	-0.112863895617369	-0.161122794194464	-0.0809051918798953	-0.104796427861051	-0.103240334154596	-0.103750488947938	-0.0979575832900601	-0.121534807570567	-0.126277705106936	-0.0952983375922956	-0.0842478310654837	-0.149825246939275	-0.175752898793058	-0.161459487401341	-0.116855580228485	-0.164758490200539	-0.160573761359968	-0.187370502270141	-0.192738277018422	-0.111425004822595	-0.170026143748583	-0.147463801331456	-0.119123252038239	0	-0.144460722195532	-0.106396314898752	-0.0719418869876492	-0.187421370606802	-0.138127384799883	-0.123806919725951	-0.100133755838812	-0.164695454203144	-0.15260147398393	-0.146563739991188	-0.0921216130359124	-0.110467894253118	-0.150118364063782	-0.102240313944063	-0.112571063168149	-0.115945042510956	-0.100195770429436	-0.0869875360547612	-0.109804900651253	-0.120120175673249	-0.196109468997054	-0.200473902671074	-0.110725529920893	-0.217605655201297	-0.100513544895163	-0.137228949538017	-0.192933457451752	-0.122797483770486	-0.17562439221768
700034628	-0.146426164073341	-0.171547163171663	-0.134374118044583	-0.221158803647153	-0.187426818425352	-0.162816052730261	-0.1215667614944	-0.179121169364023	-0.112329157565483	-0.162022161086643	-0.0955788078403015	-0.128531615038349	-0.161704987569226	-0.182330663710494	-0.160409625827218	-0.114613763265283	-0.171997600421135	-0.167643999587285	-0.12141620371155	-0.145490824950428	-0.122012983535787	-0.0742805641958472	-0.155444431311933	-0.16025032616868	-0.113683755797282	-0.201980773586999	-0.179796830915287	-0.196268718406301	-0.207067916584752	-0.183834902448417	-0.144460722195532	0	-0.11687719471303	-0.143170580605271	-0.195870586630837	-0.108492087028928	-0.184455918551879	-0.179945614431978	-0.157820439402351	-0.205371588607254	-0.162015116848372	-0.134562541319925	-0.136303283391325	-0.0816020526439922	-0.155041156653764	-0.175651701591283	-0.150966933346477	-0.142021848654706	-0.161621314811923	-0.0812046685982026	-0.119518232221447	-0.157630597217257	-0.156548914688055	-0.111812186639866	-0.202190115219966	-0.147059783363774	-0.139972139448489	-0.140802316406604	-0.111107430852056	-0.0992144765748448
700023645	-0.116425750348118	-0.117305886503693	-0.121914165476712	-0.182966626672598	-0.136857328285918	-0.132250031614854	-0.12917192599604	-0.148303261655265	-0.122093265958593	-0.121530008425781	-0.0671366456861189	-0.121591450887682	-0.140456538217384	-0.136698300043737	-0.152304319199958	-0.0823410814974348	-0.141286064605634	-0.123934338972321	-0.102587966590023	-0.111480597105882	-0.102018535191325	-0.0807801441113928	-0.122253382407749	-0.116059258817235	-0.124085889201288	-0.156721300126526	-0.134011979558677	-0.15518249541006	-0.143981185415415	-0.154379539108658	-0.106396314898752	-0.11687719471303	0	-0.110637917750777	-0.148315255923679	-0.0837250009682117	-0.142497788160919	-0.155487734766492	-0.11804168569079	-0.178949606239978	-0.0902167617830458	-0.117532671323798	-0.0915213621777709	-0.11586930555165	-0.107235453931849	-0.102575293353384	-0.101538693783426	-0.119415447247201	-0.112709406672903	-0.102677115735465	-0.104922772620629	-0.130860260698068	-0.133107645538295	-0.080089938871459	-0.167672609652372	-0.127399053838767	-0.108876093852751	-0.127783888769257	-0.0992497531821611	-0.129294277695078
700038744	-0.186841999274637	-0.128656517376932	-0.0964410153347459	-0.237373537369125	-0.157673403939535	-0.0809887561025573	-0.200518426467886	-0.10061279653098	-0.172465751741159	-0.0812713343557601	-0.109047055457092	-0.0998792383116075	-0.0973979782302334	-0.106244261279269	-0.124359448910684	-0.133408264138125	-0.0932875985078535	-0.0900881289800173	-0.168303541665052	-0.180746092106377	-0.18063647969805	-0.116249060708419	-0.170246632011953	-0.173721188327593	-0.202407600171254	-0.197637008793867	-0.119331442563225	-0.139290052463377	-0.138585461707975	-0.0917832146951092	-0.0719418869876492	-0.143170580605271	-0.110637917750777	0	-0.190159088347994	-0.136371703672588	-0.138882633592919	-0.100302354961839	-0.179367306302357	-0.134751649376048	-0.147859010818469	-0.0831302084319406	-0.128852272106666	-0.154337160062251	-0.0995318842732777	-0.12743181373587	-0.14054910385336	-0.0841733875612543	-0.116284944861203	-0.103887303082785	-0.128759965276362	-0.204167557687008	-0.205697236858955	-0.127687976418351	-0.228488616922813	-0.0876159482940286	-0.158663479420235	-0.201427651430311	-0.125996942825608	-0.191012135319879
