700108602	700014971	700033565	700109389	700023058	700023927	700106341	700114221	700023543	700023439	700016978	700024192	700113058	700099448	700109870	700033928	700023693	700109627	700095416	700110425	700111580	700111302	700098605	700111991	700108960	700024452	700032931	700095837	700024548	700110161	700023496	700034628	700023645	700038744	700038485	700024743	700099596	700110760	700101587	700106399	700032322	700095653	700021312	700101230	700023590	700038905	700033136	700023382	700096424	700105469	700016908	700096053	700108479	700109569	700033814	700016125	700109756	700102665	700101777	700109455
700108602	0	0.147190314073262	0.158191732385567	0.0975582952551555	0.138278136578364	0.165706823448818	0.0844765706936095	0.178600039350339	0.108017071860728	0.157002757199312	0.129907401800099	0.158688402205802	0.153537102227456	0.145414318832606	0.162937614612803	0.111550878356785	0.175456513119271	0.159824561490825	0.0834256790251782	0.0985478086005788	0.093318482244054	0.105249087865815	0.111392497111551	0.071907479189554	0.104647040391392	0.100562328162632	0.14548453663259	0.122704898875044	0.142463972573283	0.160575779621996	0.16074587926051	0.124152166013855	0.122855136362978	0.157300464841947	0.125371501319427	0.114911227144302	0.134590576705091	0.170705396232462	0.0966566708405921	0.182104411822753	0.101217259369712	0.154351791124694	0.146023226561402	0.118619012478104	0.142074471813703	0.125818247292142	0.124553370379654	0.150148908168746	0.149091049116932	0.141379360652284	0.117614903061833	0.0949183731512917	0.0994079142958163	0.105648649272118	0.0918349165897091	0.157153296542992	0.106096501148868	0.0855915731832312	0.134967021221773	0.0977418877399694
700014971	0.147190314073262	0	0.144239169979573	0.162853858507646	0.144695637700679	0.148737502470386	0.155304161103476	0.140029265116458	0.143891604821786	0.127063561546108	0.128571587801129	0.162392281000679	0.143579736874037	0.13182205067049	0.146714187535915	0.153463722926286	0.136938883778923	0.153664584462349	0.150180399027704	0.147078951584222	0.145624600248388	0.126670807491966	0.123324947274814	0.15480222782338	0.155160838738201	0.152892634812375	0.122672816635014	0.129747240742034	0.131453622080623	0.134180505716035	0.130342096737384	0.145556705125297	0.125382887029446	0.133508662360763	0.149631178823907	0.133800179968562	0.150931943377017	0.158786006823393	0.145333185095955	0.1468280994529	0.140553494882943	0.13989663734869	0.143491515345652	0.145683206291584	0.126477972028546	0.128249862849411	0.112436343445637	0.130986563337543	0.131195143213784	0.138457350365634	0.137599828876478	0.158762914353875	0.144932485896	0.1267818963474	0.168173670018031	0.124600653117943	0.144030399930774	0.153031258908075	0.136645831848889	0.15083684256894
700033565	0.158191732385567	0.144239169979573	0	0.14057314477811	0.158137595025365	0.0719490536261402	0.134267361648928	0.103383648759055	0.156091973994124	0.0900700300722217	0.103945356411033	0.06462253953749	0.0969939776229321	0.128475284617869	0.0851674493948445	0.119430058003172	0.104269185075062	0.0983312685293842	0.149534085478359	0.137173101599681	0.142481140675985	0.100678423094195	0.119930606242197	0.154260767064536	0.132003598320804	0.154902385470029	0.129645305845934	0.139451148327363	0.112588943090404	0.1048140171557	0.100038869263826	0.106228909638495	0.108901714983445	0.0867707462453122	0.148561682915236	0.10841846062018	0.135042506394181	0.0827440496471546	0.161126325792135	0.113496663433433	0.15156115714761	0.077285380856328	0.137004884830244	0.129984742019338	0.100027036843796	0.114805949445166	0.139625018853742	0.0879462539470031	0.110876448306841	0.0843665730139295	0.0803363634562087	0.165102510526114	0.155477536471271	0.125165755603748	0.184184728359574	0.104466287364222	0.12602544705321	0.14959140024709	0.0904266679475421	0.140483256132289
700109389	0.0975582952551555	0.162853858507646	0.14057314477811	0	0.148423382054952	0.164271441431437	0.0778804661629211	0.181190317798276	0.14327252191847	0.165218205201789	0.143316068280288	0.140895848335575	0.166387088386944	0.153482775663063	0.150342843778712	0.142072062278993	0.178001686988958	0.180588552380303	0.129270055611945	0.0912622852942129	0.105753233127392	0.132513017628509	0.098294160053857	0.12365099302625	0.0978950232960082	0.109293268242328	0.174428246724377	0.147970505509386	0.133153890134923	0.159637824231746	0.16887684872205	0.138777386253367	0.133104421478462	0.163315921211786	0.121863931969418	0.104867731269186	0.170034955579909	0.166223653312105	0.133400045531954	0.168361296801833	0.129353511806427	0.152827359155183	0.154769862972103	0.12894464790022	0.144820129323752	0.134036510721032	0.149290269811543	0.149135604007644	0.163060273442618	0.140765548700374	0.116236824015788	0.0995847134362277	0.0760974695043816	0.135156627032929	0.113989254751899	0.168175899156379	0.101043969782986	0.0857749151865159	0.123711431082925	0.100868184518466
700023058	0.138278136578364	0.144695637700679	0.158137595025365	0.148423382054952	0	0.150849620360082	0.132410652107741	0.171755264909735	0.128334190084354	0.154583170546174	0.144824043136095	0.151947685511666	0.153248639907824	0.127358988774037	0.15269071084215	0.137657869478004	0.158856405039882	0.159261122167028	0.139491274602174	0.144145051902893	0.141359637298244	0.145981528521931	0.127054611748626	0.1477072144216	0.155078158580389	0.111699310141514	0.158922441529081	0.136086315825561	0.132482411705649	0.132822957157094	0.153680213002881	0.151502276553657	0.137427773865094	0.138746415509789	0.130041082674515	0.145330652502288	0.12837587457678	0.152642158434873	0.126943574698556	0.167096158890203	0.13764880921826	0.149511420070652	0.131459391829878	0.149488896636906	0.134552581654241	0.128057984463268	0.123843773446023	0.149994486324348	0.139270254242523	0.151676065021932	0.127870499051506	0.129086109454861	0.132474018325123	0.137319779591224	0.144061225802399	0.160609576835679	0.137235859662376	0.139422434815981	0.14289000932916	0.134201354916178
700023927	0.165706823448818	0.148737502470386	0.0719490536261402	0.164271441431437	0.150849620360082	0	0.146120469298585	0.111562238690044	0.163253241882906	0.0844664634244585	0.108338357451454	0.0932425026970909	0.103861933595241	0.107321916749441	0.0862246836385499	0.130112831361743	0.106546994178758	0.0807162073528949	0.152322696835962	0.146197448848712	0.143999308749426	0.118265420034293	0.132072793802885	0.163202134655681	0.136918747835005	0.164658265829133	0.131240933391047	0.150007732269102	0.117535593150693	0.102538442320252	0.0861020977204845	0.123615445355411	0.116447596721378	0.0831474855828318	0.161028605491226	0.116740687185451	0.112581354169167	0.0617522971974962	0.16559767806117	0.116756531312963	0.160376008089022	0.0944894548386508	0.112013019546162	0.133670711451391	0.0986606618623752	0.120119606518299	0.146377960616048	0.0904571611885416	0.0807707646990857	0.0903248749463773	0.103079934579285	0.168958011037097	0.161194519331902	0.121560136807173	0.185646180316323	0.118029967786347	0.128877215759225	0.150085708490412	0.0987745269685195	0.148726500686079
700106341	0.0844765706936095	0.155304161103476	0.134267361648928	0.0778804661629211	0.132410652107741	0.146120469298585	0	0.175190176657034	0.0947066139821246	0.151661543812266	0.125137195108784	0.117932044751519	0.151248720682913	0.145130706958283	0.139630724888701	0.114047672174297	0.171525004940873	0.16351557193574	0.102510024546416	0.0728950299817504	0.0805549934827856	0.103883131683759	0.0966916362915509	0.110907427817517	0.0658227857281327	0.117229010894155	0.17023440527247	0.146853552170708	0.143925212362323	0.148817218205711	0.149354315225099	0.0846004731139134	0.115074736893457	0.149580791990368	0.125900570871694	0.0796241369164318	0.151781401365341	0.154737150208969	0.108789601158853	0.1750367131103	0.128315796504764	0.134210397578131	0.1339613837253	0.0870787340829606	0.125858824763025	0.134644472369585	0.126126325538002	0.129607489146863	0.144461367865884	0.11147183464539	0.0978159270089294	0.0684605729836852	0.0841847524777018	0.1103207398997	0.117775167252415	0.151908800903168	0.0911644729014056	0.0572417390653751	0.111537636115659	0.0601263549702024
700114221	0.178600039350339	0.140029265116458	0.103383648759055	0.181190317798276	0.171755264909735	0.111562238690044	0.175190176657034	0	0.182739780844118	0.0869465982158986	0.136819005218806	0.116888354058866	0.0818037654582894	0.153810518124579	0.0943331085780981	0.155232918004129	0.0723033531951086	0.135833524842236	0.175119709330709	0.168056316398316	0.162184744076268	0.137745718556703	0.158366583052692	0.176085607553012	0.172139981691798	0.183841894119838	0.141027090592183	0.141773280450556	0.116152653492973	0.116034773267365	0.113350672930935	0.146385473854521	0.120146044692601	0.111674335410422	0.182489544178852	0.136459925989297	0.161221943115406	0.102320689235606	0.190297709822411	0.0841814321579005	0.164968512169214	0.0915718424102752	0.162982985039295	0.148190494286093	0.100513001448355	0.125263807267207	0.14072026050618	0.0895997667068276	0.135407286704569	0.1119357758717	0.139067527964973	0.190787755071175	0.175582074132029	0.148331394966302	0.214098950068258	0.0962366201209078	0.141292619835587	0.184879404080736	0.11854586032006	0.174678755545054
700023543	0.108017071860728	0.143891604821786	0.156091973994124	0.14327252191847	0.128334190084354	0.163253241882906	0.0947066139821246	0.182739780844118	0	0.152846221070209	0.124321404601693	0.14933957956876	0.159274099385384	0.145601621258876	0.160254940186845	0.109727221317065	0.169033485057562	0.162495000600562	0.0934680788974441	0.116632558853546	0.113634897454033	0.117352078573213	0.114643368642966	0.107079502504892	0.11657962822401	0.103378744893648	0.146068424516476	0.132367601121904	0.160270020054686	0.15084491807602	0.151226937471844	0.0991523556129484	0.126317158140705	0.158159388445436	0.117082497298892	0.124072174806269	0.133557930820019	0.169731916589001	0.0896720145438036	0.188193800913902	0.124186465981973	0.152542391578309	0.146200657228489	0.0964902610340623	0.14756197868467	0.138667403472289	0.107299754021947	0.144376170120371	0.156780222831268	0.12861130633263	0.121771373211548	0.0918852525556334	0.119893567927652	0.125181819276271	0.119394320130122	0.155806573234166	0.1320319502533	0.0983496120901242	0.136992160264612	0.0998286452712236
700023439	0.157002757199312	0.127063561546108	0.0900700300722217	0.165218205201789	0.154583170546174	0.0844664634244585	0.151661543812266	0.0869465982158986	0.152846221070209	0	0.10196372599202	0.103677153814326	0.0841159019406693	0.125168503179259	0.0918239063966385	0.126759832590708	0.0818868684056978	0.110727689233768	0.147073078364071	0.147939972443854	0.132790719822905	0.109538998205697	0.134149299055527	0.154901742157093	0.149752212188655	0.16381849272163	0.133301424393124	0.129667892620992	0.106214298406254	0.105239307755226	0.0889655410071937	0.122996207130777	0.0994795701873267	0.0906553418524403	0.158151524669274	0.115790520753169	0.134158205937802	0.0830676962680499	0.164470101610099	0.0911896168215638	0.139158078245114	0.0827232642633847	0.135657068775239	0.133663667449377	0.0892124792934313	0.101613929691333	0.130405012104065	0.0836249491383717	0.111123501588845	0.0959160263963869	0.107077326447715	0.166393602169045	0.162740203932602	0.115944900520273	0.183468437405639	0.0872810653633397	0.122654533886571	0.158764127963208	0.0982164446651645	0.150479946524199
700016978	0.129907401800099	0.128571587801129	0.103945356411033	0.143316068280288	0.144824043136095	0.108338357451454	0.125137195108784	0.136819005218806	0.124321404601693	0.10196372599202	0	0.109240548446408	0.112603036573062	0.128890771248901	0.137117633553785	0.115895818381928	0.121420534208257	0.110924668853801	0.125278335195342	0.122921806580893	0.117530539125902	0.0852621699885471	0.11851858695412	0.133774769223853	0.114018758203601	0.146784536946333	0.129090358001843	0.117163836987522	0.128822408884662	0.121231099000601	0.0909843210893458	0.104949256058005	0.0847461733593244	0.0951908887046796	0.152090402695728	0.0966602144906959	0.119641045191706	0.124152794990698	0.13263728948983	0.138500116348051	0.114885332208426	0.102577038888937	0.105238794271789	0.110919311300398	0.111173210479606	0.11925161105035	0.125265519064219	0.103840986083847	0.103915895101308	0.106589279343972	0.0940616187162711	0.143709985471745	0.140580676322765	0.0925551702290495	0.152192517415124	0.1182287758948	0.113220933010679	0.133061476712851	0.105688879424488	0.132088268809722
700024192	0.158688402205802	0.162392281000679	0.06462253953749	0.140895848335575	0.151947685511666	0.0932425026970909	0.117932044751519	0.116888354058866	0.14933957956876	0.103677153814326	0.109240548446408	0	0.0947090359062914	0.150002702806878	0.0895451996050192	0.106251422674036	0.122137065628739	0.114788244318061	0.143058001803604	0.135740467928159	0.1333319828123	0.0950274242568752	0.12795973511759	0.160657106581511	0.123611053173169	0.155952194588455	0.145341556047406	0.136434246437462	0.117892855415175	0.12524440357135	0.103201038427976	0.0899374424358895	0.0939203032591698	0.0915327748440877	0.161196485645716	0.100903397957178	0.143273041737156	0.0999050527110733	0.167402468405836	0.112692608606583	0.151126358454874	0.0712604449742972	0.145958571536414	0.110412719378108	0.0936092413250932	0.119875430496103	0.140829835791046	0.0797909988051765	0.133621354020566	0.0754642138009334	0.0805679332115856	0.156095868832185	0.154437850339993	0.132768472782115	0.189820213177819	0.0984645961630228	0.120406856311128	0.145595343112297	0.0901606622534419	0.132849285829674
700113058	0.153537102227456	0.143579736874037	0.0969939776229321	0.166387088386944	0.153248639907824	0.103861933595241	0.151248720682913	0.0818037654582894	0.159274099385384	0.0841159019406693	0.112603036573062	0.0947090359062914	0	0.140109822473904	0.0831105573719232	0.127589094511248	0.105005119684605	0.128205582059366	0.154047322342778	0.143022914578796	0.13991397729442	0.113431513148726	0.145178757387873	0.160477931285264	0.147643333312455	0.169616540443857	0.138318303652014	0.123092432819671	0.109685134130777	0.106118030464953	0.102589537028577	0.120117483427118	0.0979619485512191	0.0989051944231667	0.171841482989018	0.119695802503868	0.140686492435543	0.108407972432063	0.162006477073522	0.0948772090302151	0.150690588499438	0.0810346484076474	0.14812188993965	0.127444870599273	0.0934707063251361	0.109861536154842	0.142303968706525	0.0800289772150509	0.120024622991027	0.095546586007558	0.117677545072489	0.165639938062055	0.169832115483455	0.138653393505752	0.193197122213696	0.0738100918923015	0.118072506895902	0.161354790753617	0.101135389850579	0.148152375589554
700099448	0.145414318832606	0.13182205067049	0.128475284617869	0.153482775663063	0.127358988774037	0.107321916749441	0.145130706958283	0.153810518124579	0.145601621258876	0.125168503179259	0.128890771248901	0.150002702806878	0.140109822473904	0	0.126932750794913	0.14758095208043	0.132348267317684	0.117905595240424	0.135645848069912	0.129945631867523	0.128481306831476	0.133208743731833	0.104631095731458	0.142361888603545	0.142659784971152	0.127357274344122	0.127335161619752	0.144113897970321	0.122493238359792	0.096628851278169	0.105649779122791	0.138384738008129	0.120882632368771	0.120522798518069	0.134071022316625	0.122246426182896	0.120119674160081	0.124401853244457	0.140395465849222	0.14870878284064	0.140148579894603	0.127496181014705	0.114370574123289	0.150450848897043	0.114283282804236	0.115445989983899	0.132120301739651	0.128136027051871	0.08197109352102	0.130897272196923	0.123562976560465	0.13839379979714	0.138215718324119	0.119560771198597	0.142144312446904	0.149678270530741	0.117607907015352	0.134546051951832	0.108459837556785	0.140531689514814
700109870	0.162937614612803	0.146714187535915	0.0851674493948445	0.150342843778712	0.15269071084215	0.0862246836385499	0.139630724888701	0.0943331085780981	0.160254940186845	0.0918239063966385	0.137117633553785	0.0895451996050192	0.0831105573719232	0.126932750794913	0	0.135417832732612	0.0998314910291904	0.127573367174054	0.158899445870477	0.135583859807801	0.130936393236615	0.121894309407986	0.126814368201759	0.165750174875387	0.133473217028778	0.163849086772699	0.143935153113503	0.140645684424521	0.105161597134553	0.096553640656308	0.117541459908393	0.114464624041024	0.122538806018099	0.113716987902405	0.161247825447559	0.114605025374636	0.143387175131258	0.0813797984109728	0.170795870772158	0.0916148664413558	0.164151850687332	0.0777514201166327	0.155800161036155	0.127165093770107	0.0903579623570564	0.112286108723066	0.143765260448523	0.0729722621343641	0.11733666170894	0.0882767522929824	0.111211993026711	0.157797035752685	0.148115573425935	0.132870187645465	0.188019395566201	0.102849657630584	0.107523776979411	0.147521059811214	0.0840913109878862	0.134742263717262
700033928	0.111550878356785	0.153463722926286	0.119430058003172	0.142072062278993	0.137657869478004	0.130112831361743	0.114047672174297	0.155232918004129	0.109727221317065	0.126759832590708	0.115895818381928	0.106251422674036	0.127589094511248	0.14758095208043	0.135417832732612	0	0.152715548697468	0.128333965668464	0.099094498790412	0.131301838275382	0.111326699106675	0.0932684653690616	0.128590763956399	0.10028677750647	0.119539671003061	0.136366089432621	0.136056871289997	0.120362317361117	0.139139126958227	0.142673892218246	0.126492030944548	0.107065992082272	0.104070866330735	0.124825569618366	0.134269679039418	0.122394160396833	0.127262253439203	0.143766966886723	0.111156301898215	0.158330708703874	0.116583177044644	0.110525218227143	0.141759523170255	0.113740133578448	0.117881306826261	0.11956461299576	0.11966618440842	0.12601600445826	0.143309627084759	0.107263306020317	0.0949146055069955	0.127598104090186	0.134490238237539	0.11809388342675	0.139634490346339	0.125894097218608	0.127391060941142	0.115736421640333	0.114004748482307	0.11663993712038
700023693	0.175456513119271	0.136938883778923	0.104269185075062	0.178001686988958	0.158856405039882	0.106546994178758	0.171525004940873	0.0723033531951086	0.169033485057562	0.0818868684056978	0.121420534208257	0.122137065628739	0.105005119684605	0.132348267317684	0.0998314910291904	0.152715548697468	0	0.117963298442264	0.17126990699143	0.170844415035364	0.156628506184054	0.132931523547542	0.143092156064938	0.179280622895489	0.171862472105974	0.174595483633736	0.133453496055162	0.144956669953474	0.104932620350239	0.113329275886717	0.0959774049748814	0.143138085785493	0.121128118752081	0.106420214583535	0.16630644228412	0.13155110299518	0.137221673065664	0.0994230170124598	0.171506256310665	0.0874132931423005	0.156339685938184	0.100366636188187	0.144239845336315	0.151457186589872	0.104337361096242	0.10682389314	0.138325392044658	0.0914007408467257	0.11530928723394	0.112843638208583	0.129437056046704	0.189942476247633	0.173988342198145	0.133685314755061	0.198942166767251	0.117452170281353	0.135784098974308	0.179997082810381	0.118206224215907	0.168918510380824
700109627	0.159824561490825	0.153664584462349	0.0983312685293842	0.180588552380303	0.159261122167028	0.0807162073528949	0.16351557193574	0.135833524842236	0.162495000600562	0.110727689233768	0.110924668853801	0.114788244318061	0.128205582059366	0.117905595240424	0.127573367174054	0.128333965668464	0.117963298442264	0	0.160037938943733	0.163460060488252	0.150075776782619	0.11780732943899	0.146725685954113	0.153203481060485	0.151197102208535	0.169074100178777	0.134567373209728	0.151308788849201	0.145040816947451	0.126611385213898	0.0935944265746041	0.137360933507553	0.124053639390665	0.100910932989869	0.169085689942029	0.134217603478648	0.103142522941225	0.0887886869884753	0.175147276696594	0.141310690212454	0.15999505813805	0.108486009374512	0.130793087057985	0.144924727549433	0.131922129870068	0.137383998548564	0.157008524736209	0.122869991616729	0.0925635677227638	0.120926995437852	0.109245944623092	0.18123086707315	0.175310279517817	0.125060507173828	0.18029898558805	0.133659393726757	0.147565905569655	0.16774837608392	0.122704116698717	0.16304693827613
700095416	0.0834256790251782	0.150180399027704	0.149534085478359	0.129270055611945	0.139491274602174	0.152322696835962	0.102510024546416	0.175119709330709	0.0934680788974441	0.147073078364071	0.125278335195342	0.143058001803604	0.154047322342778	0.135645848069912	0.158899445870477	0.099094498790412	0.17126990699143	0.160037938943733	0	0.110779251047541	0.0975747857773617	0.107027501045819	0.117688911617282	0.0880019776678513	0.118766461317118	0.105308849305899	0.13495706503463	0.126353392047806	0.145034507552403	0.154649839291299	0.145721903128631	0.11240543493429	0.109307202484518	0.151606661893059	0.125066973796402	0.116809133577057	0.123486664388035	0.165008105574135	0.0983189468256939	0.183387476470146	0.0968931275161455	0.143700732304016	0.115292712233115	0.111968925412767	0.131851747360895	0.125862014611596	0.107323052963587	0.146375689761778	0.143341472924651	0.128728619690034	0.106856831567697	0.106247440802463	0.114022767667228	0.105529375362273	0.112222731160961	0.155861401450745	0.119368723341901	0.096120153151769	0.126674285864974	0.110059603824558
700110425	0.0985478086005788	0.147078951584222	0.137173101599681	0.0912622852942129	0.144145051902893	0.146197448848712	0.0728950299817504	0.168056316398316	0.116632558853546	0.147939972443854	0.122921806580893	0.135740467928159	0.143022914578796	0.129945631867523	0.135583859807801	0.131301838275382	0.170844415035364	0.163460060488252	0.110779251047541	0	0.0805565981696591	0.109737167549518	0.0930827961941017	0.111576750177618	0.0626918335629805	0.123811041805519	0.154424482708859	0.137101733394114	0.134771443480384	0.132740647311721	0.15159087561311	0.0998934732958972	0.105094532659704	0.147861356929898	0.12199439473132	0.0861247331939475	0.15552405742261	0.156566702656413	0.12240359504126	0.169863381541403	0.131395263427419	0.130113051031931	0.131302043455504	0.0832730240453087	0.117901065536059	0.126049408859417	0.124074664624758	0.129519871490755	0.135977093933967	0.121231276349396	0.105047362116025	0.0805841927553762	0.0634129123572128	0.117654780208925	0.122803185263878	0.144315414219165	0.0707993551008243	0.0666975284784573	0.10030725933577	0.0779456442021668
700111580	0.093318482244054	0.145624600248388	0.142481140675985	0.105753233127392	0.141359637298244	0.143999308749426	0.0805549934827856	0.162184744076268	0.113634897454033	0.132790719822905	0.117530539125902	0.1333319828123	0.13991397729442	0.128481306831476	0.130936393236615	0.111326699106675	0.156628506184054	0.150075776782619	0.0975747857773617	0.0805565981696591	0	0.0891383160812615	0.0998345774869389	0.106624318806513	0.0717208865330298	0.129549590874256	0.154471009218674	0.142162340792464	0.122996900221282	0.142495241993507	0.140891735029069	0.0964568275619463	0.0996297044961071	0.144648975492609	0.139624828070133	0.0886310496394858	0.155289387185004	0.152376389700318	0.126790312371365	0.158544881103259	0.121567678177577	0.12207788030842	0.135571899228597	0.104517545779584	0.110437651778259	0.112035884294427	0.120030938555446	0.12122585389093	0.130282615082206	0.113709723853473	0.105959858216642	0.0887496357222707	0.0984564270941	0.0933516892453573	0.122208738746698	0.145685470750969	0.0701729381931327	0.0728434100802106	0.0923473698480308	0.0794309261648746
700111302	0.105249087865815	0.126670807491966	0.100678423094195	0.132513017628509	0.145981528521931	0.118265420034293	0.103883131683759	0.137745718556703	0.117352078573213	0.109538998205697	0.0852621699885471	0.0950274242568752	0.113431513148726	0.133208743731833	0.121894309407986	0.0932684653690616	0.132931523547542	0.11780732943899	0.107027501045819	0.109737167549518	0.0891383160812615	0	0.12390349381478	0.115311032148973	0.0935823453007797	0.137199959589244	0.135013525596387	0.124833917266446	0.125773876035127	0.13029564903671	0.114093618936637	0.0713765933878815	0.0765658641436249	0.109318484770467	0.145672537941893	0.09078752953416	0.136289656863177	0.128533561564663	0.131243763018956	0.1439832794964	0.129518557912487	0.0904812156214314	0.123803715475573	0.104382158956385	0.103386297742445	0.11828539270843	0.12093836289814	0.101322005379947	0.119546005110529	0.0787864022808228	0.0812236479835217	0.122460873899597	0.123672858438536	0.0886094114394355	0.148712345154622	0.109464067710535	0.100375166736415	0.114090331946659	0.0812373157791902	0.110463510173172
700098605	0.111392497111551	0.123324947274814	0.119930606242197	0.098294160053857	0.127054611748626	0.132072793802885	0.0966916362915509	0.158366583052692	0.114643368642966	0.134149299055527	0.11851858695412	0.12795973511759	0.145178757387873	0.104631095731458	0.126814368201759	0.128590763956399	0.143092156064938	0.146725685954113	0.117688911617282	0.0930827961941017	0.0998345774869389	0.12390349381478	0	0.122411112400577	0.111872991289644	0.111304958771835	0.132962904804379	0.130807968974245	0.122900069407151	0.124999184828811	0.132376184946867	0.114902468182744	0.11056338180445	0.13143968369119	0.113581270151208	0.0964812870559737	0.13263577078857	0.130254231804557	0.121963245075054	0.145236221923023	0.120379090278	0.129569502610537	0.128985390919249	0.106943017354773	0.122046128386893	0.103803636576129	0.119038551017764	0.122672876110629	0.123060739074676	0.124504114739994	0.10526215646026	0.106246255065374	0.0935082179165275	0.111550633520205	0.120793215116604	0.144699885523609	0.102810367151564	0.0925751363123151	0.102634049801177	0.0877862463893094
700111991	0.071907479189554	0.15480222782338	0.154260767064536	0.12365099302625	0.1477072144216	0.163202134655681	0.110907427817517	0.176085607553012	0.107079502504892	0.154901742157093	0.133774769223853	0.160657106581511	0.160477931285264	0.142361888603545	0.165750174875387	0.10028677750647	0.179280622895489	0.153203481060485	0.0880019776678513	0.111576750177618	0.106624318806513	0.115311032148973	0.122411112400577	0	0.118415328162232	0.106596123585958	0.132027698219228	0.127597131996261	0.149991290794891	0.165410058021248	0.156945288319905	0.132022380868813	0.125349810343181	0.160362699041293	0.125473365523101	0.123331795840611	0.144086921072387	0.16934399658754	0.108021486325128	0.19367598581371	0.107944300595055	0.155161708948097	0.137048273810286	0.127648049927213	0.1384985647643	0.129072634228307	0.113441828489635	0.156926922770874	0.147084228877246	0.147776596780379	0.119621778361779	0.115933751747528	0.113788750092791	0.108121820072762	0.10468019634545	0.161204842712418	0.12413166922549	0.0991078317252069	0.135559948798223	0.1176131101978
700108960	0.104647040391392	0.155160838738201	0.132003598320804	0.0978950232960082	0.155078158580389	0.136918747835005	0.0658227857281327	0.172139981691798	0.11657962822401	0.149752212188655	0.114018758203601	0.123611053173169	0.147643333312455	0.142659784971152	0.133473217028778	0.119539671003061	0.171862472105974	0.151197102208535	0.118766461317118	0.0626918335629805	0.0717208865330298	0.0935823453007797	0.111872991289644	0.118415328162232	0	0.139227944971372	0.170052259425026	0.149151645461112	0.137820752187238	0.144117033977655	0.14967527455859	0.0864852402161644	0.1138859571961	0.147285348690444	0.145179954460765	0.0786746582656941	0.160639612073122	0.150773824561022	0.127449668123667	0.171804115747735	0.137508534458737	0.124571477102564	0.140681880319731	0.0923690303950618	0.124812832288665	0.140352600335107	0.145116196453009	0.130045671403612	0.136890245998111	0.102654523632094	0.101411487283596	0.0873565596213464	0.087021897363523	0.104303013878662	0.120834707995824	0.149172036564685	0.0815974188102121	0.0662935984240565	0.0927228653463191	0.0772012474318044
700024452	0.100562328162632	0.152892634812375	0.154902385470029	0.109293268242328	0.111699310141514	0.164658265829133	0.117229010894155	0.183841894119838	0.103378744893648	0.16381849272163	0.146784536946333	0.155952194588455	0.169616540443857	0.127357274344122	0.163849086772699	0.136366089432621	0.174595483633736	0.169074100178777	0.105308849305899	0.123811041805519	0.129549590874256	0.137199959589244	0.111304958771835	0.106596123585958	0.139227944971372	0	0.149522707393057	0.127303605039273	0.116060785451495	0.146032518575404	0.166792748880277	0.142463086784007	0.134384480477077	0.159096854389639	0.074138210668866	0.125434224478224	0.152278366262648	0.169084243637143	0.0963840817516867	0.170413714841747	0.115912391776735	0.156087293830254	0.144373479085549	0.13665924763014	0.141570282547093	0.112097052789818	0.117259197584573	0.156768718839671	0.155260557521289	0.15290238104783	0.118845268097324	0.0953248801134604	0.102131797350409	0.128131043501302	0.0981445909633942	0.16258519195073	0.127781784946716	0.116650868612654	0.1335746023112	0.129611482412549
700032931	0.14548453663259	0.122672816635014	0.129645305845934	0.174428246724377	0.158922441529081	0.131240933391047	0.17023440527247	0.141027090592183	0.146068424516476	0.133301424393124	0.129090358001843	0.145341556047406	0.138318303652014	0.127335161619752	0.143935153113503	0.136056871289997	0.133453496055162	0.134567373209728	0.13495706503463	0.154424482708859	0.154471009218674	0.135013525596387	0.132962904804379	0.132027698219228	0.170052259425026	0.149522707393057	0	0.128823329367595	0.139777195987595	0.135613001872672	0.124115127608173	0.150650365310459	0.125855742774083	0.126386756623542	0.154801933017103	0.143396819265697	0.127107669375946	0.141367235299382	0.139501135343718	0.150153457270111	0.140475784956274	0.139987767189466	0.136884190584962	0.141994971631909	0.130386615969196	0.124372396626747	0.122467189028186	0.135703960259054	0.125584782041204	0.13676938227795	0.131651387966773	0.170082354063342	0.157762133610144	0.137718775202275	0.150861977513717	0.132695472357396	0.150181441658741	0.163430932876397	0.134275363411599	0.159711328737581
700095837	0.122704898875044	0.129747240742034	0.139451148327363	0.147970505509386	0.136086315825561	0.150007732269102	0.146853552170708	0.141773280450556	0.132367601121904	0.129667892620992	0.117163836987522	0.136434246437462	0.123092432819671	0.144113897970321	0.140645684424521	0.120362317361117	0.144956669953474	0.151308788849201	0.126353392047806	0.137101733394114	0.142162340792464	0.124833917266446	0.130807968974245	0.127597131996261	0.149151645461112	0.127303605039273	0.128823329367595	0	0.10631762454059	0.118995662478828	0.140886260733868	0.139652030383587	0.115340952838277	0.126790351814706	0.13474592477763	0.133452355709576	0.128928386088019	0.157224497358795	0.127551520292142	0.142210427593585	0.120594693268267	0.125953435635628	0.146698640685492	0.133671694975088	0.109380559971728	0.109287807182852	0.119779992993974	0.124535655603106	0.139783113828064	0.129970763276998	0.118472074304478	0.14741601147011	0.140021402015515	0.139188472721694	0.146540893522853	0.125185154501424	0.132668691658592	0.146527491995951	0.1338173667647	0.143549018370043
700024548	0.142463972573283	0.131453622080623	0.112588943090404	0.133153890134923	0.132482411705649	0.117535593150693	0.143925212362323	0.116152653492973	0.160270020054686	0.106214298406254	0.128822408884662	0.117892855415175	0.109685134130777	0.122493238359792	0.105161597134553	0.139139126958227	0.104932620350239	0.145040816947451	0.145034507552403	0.134771443480384	0.122996900221282	0.125773876035127	0.122900069407151	0.149991290794891	0.137820752187238	0.116060785451495	0.139777195987595	0.10631762454059	0	0.104454785609762	0.119372920817212	0.140847753529678	0.109434823261767	0.108809209606853	0.121954882093989	0.106433520376747	0.150055922034286	0.116693486595717	0.149386701098298	0.102000050335826	0.135209223333291	0.0992286804046635	0.139829634692002	0.146350616577544	0.0800239135425243	0.0759247899507878	0.130542297434565	0.0945898673483676	0.127772562834976	0.120087919112703	0.11471409376252	0.14772964368257	0.128551640898548	0.123750855569383	0.158461635578059	0.119395032156214	0.108335447745845	0.142037006763425	0.107432146165762	0.146381899651253
700110161	0.160575779621996	0.134180505716035	0.1048140171557	0.159637824231746	0.132822957157094	0.102538442320252	0.148817218205711	0.116034773267365	0.15084491807602	0.105239307755226	0.121231099000601	0.12524440357135	0.106118030464953	0.096628851278169	0.096553640656308	0.142673892218246	0.113329275886717	0.126611385213898	0.154649839291299	0.132740647311721	0.142495241993507	0.13029564903671	0.124999184828811	0.165410058021248	0.144117033977655	0.146032518575404	0.135613001872672	0.118995662478828	0.104454785609762	0	0.101226091067211	0.132708842138236	0.122786990691403	0.0972321388089295	0.156859725645832	0.126581533085131	0.134889045067887	0.107710729929272	0.158124581760203	0.118215613485332	0.155218766180656	0.0966954041966295	0.130322234014943	0.13694435291324	0.0975713249047356	0.1187755291131	0.138638891317509	0.0986736381050043	0.0998835115433318	0.109095624402899	0.117751093992789	0.152437198669872	0.153517079705807	0.127021787467114	0.176111169550179	0.112267359718749	0.113271536958077	0.149907473170631	0.101840152267878	0.144273508530096
700023496	0.16074587926051	0.130342096737384	0.100038869263826	0.16887684872205	0.153680213002881	0.0861020977204845	0.149354315225099	0.113350672930935	0.151226937471844	0.0889655410071937	0.0909843210893458	0.103201038427976	0.102589537028577	0.105649779122791	0.117541459908393	0.126492030944548	0.0959774049748814	0.0935944265746041	0.145721903128631	0.15159087561311	0.140891735029069	0.114093618936637	0.132376184946867	0.156945288319905	0.14967527455859	0.166792748880277	0.124115127608173	0.140886260733868	0.119372920817212	0.101226091067211	0	0.124584055919909	0.095760540867302	0.0855976254884868	0.16404378695339	0.118114226129557	0.113245035382011	0.103066840360889	0.163483092017166	0.118177364332055	0.142197088323362	0.0978884982198348	0.10750537164633	0.131186155670799	0.102679256408894	0.116607338877533	0.131499389814048	0.0939528335719511	0.0865645157180207	0.105230213907574	0.111299231275093	0.174084267717092	0.165108872938552	0.112363644502702	0.18598092301722	0.101517525039489	0.126009334471788	0.160278902282446	0.112424587381693	0.153566899698813
700034628	0.124152166013855	0.145556705125297	0.106228909638495	0.138777386253367	0.151502276553657	0.123615445355411	0.0846004731139134	0.146385473854521	0.0991523556129484	0.122996207130777	0.104949256058005	0.0899374424358895	0.120117483427118	0.138384738008129	0.114464624041024	0.107065992082272	0.143138085785493	0.137360933507553	0.11240543493429	0.0998934732958972	0.0964568275619463	0.0713765933878815	0.114902468182744	0.132022380868813	0.0864852402161644	0.142463086784007	0.150650365310459	0.139652030383587	0.140847753529678	0.132708842138236	0.124584055919909	0	0.0939685902669341	0.118967763832295	0.151065920532008	0.0807511716469152	0.147699322983158	0.129391318703105	0.141201562118655	0.150618638824262	0.148794181934966	0.093497764291983	0.132184020186683	0.0775890310092319	0.109753894173525	0.135808148800781	0.128588899141311	0.095192104369399	0.13772772846924	0.0729588331273858	0.0958484942532392	0.112622328804409	0.123950302071204	0.113317759687328	0.15936378476577	0.113607220024021	0.111787586184299	0.102878329578296	0.0836943406684751	0.0880585637819636
700023645	0.122855136362978	0.125382887029446	0.108901714983445	0.133104421478462	0.137427773865094	0.116447596721378	0.115074736893457	0.120146044692601	0.126317158140705	0.0994795701873267	0.0847461733593244	0.0939203032591698	0.0979619485512191	0.120882632368771	0.122538806018099	0.104070866330735	0.121128118752081	0.124053639390665	0.109307202484518	0.105094532659704	0.0996297044961071	0.0765658641436249	0.11056338180445	0.125349810343181	0.1138859571961	0.134384480477077	0.125855742774083	0.115340952838277	0.109434823261767	0.122786990691403	0.095760540867302	0.0939685902669341	0	0.0952183603546472	0.138885773723621	0.082407897976008	0.131833579153403	0.126162094366636	0.137862917486363	0.12103360275548	0.125577333434743	0.0861034299356094	0.10936577231042	0.0934788069365479	0.0842456581893248	0.0986824469859831	0.111809364979083	0.0829300351232464	0.124607652853604	0.0894449254042944	0.0910723883080985	0.127542392904841	0.126971567521448	0.108996162178559	0.153087437338841	0.099635028742207	0.0984835660483876	0.114344535021523	0.0825850677042869	0.120568200441302
700038744	0.157300464841947	0.133508662360763	0.0867707462453122	0.163315921211786	0.138746415509789	0.0831474855828318	0.149580791990368	0.111674335410422	0.158159388445436	0.0906553418524403	0.0951908887046796	0.0915327748440877	0.0989051944231667	0.120522798518069	0.113716987902405	0.124825569618366	0.106420214583535	0.100910932989869	0.151606661893059	0.147861356929898	0.144648975492609	0.109318484770467	0.13143968369119	0.160362699041293	0.147285348690444	0.159096854389639	0.126386756623542	0.126790351814706	0.108809209606853	0.0972321388089295	0.0855976254884868	0.118967763832295	0.0952183603546472	0	0.162556653247614	0.116429787471049	0.124671409692991	0.0868789440312789	0.168160129887319	0.115858531980212	0.146107508714448	0.0801226638531261	0.120036052839338	0.13169478848062	0.09669668301011	0.110642561396415	0.134384035444634	0.082335803034251	0.0959164518877831	0.0946523402808967	0.100714555162007	0.170582876759211	0.163882785642074	0.120233317541117	0.190306557997556	0.0933868305996147	0.127949778543358	0.159798601545197	0.104037444371239	0.155482799616328
700038485	0.125371501319427	0.149631178823907	0.148561682915236	0.121863931969418	0.130041082674515	0.161028605491226	0.125900570871694	0.182489544178852	0.117082497298892	0.158151524669274	0.152090402695728	0.161196485645716	0.171841482989018	0.134071022316625	0.161247825447559	0.134269679039418	0.16630644228412	0.169085689942029	0.125066973796402	0.12199439473132	0.139624828070133	0.145672537941893	0.113581270151208	0.125473365523101	0.145179954460765	0.074138210668866	0.154801933017103	0.13474592477763	0.121954882093989	0.156859725645832	0.16404378695339	0.151065920532008	0.138885773723621	0.162556653247614	0	0.132285718284513	0.158343414318194	0.16509207297515	0.110146514386673	0.167754011815995	0.132778382630178	0.160262001132152	0.155604747038561	0.140588068226881	0.147478536069549	0.115954043238989	0.125581820557712	0.159827992935911	0.161402787974999	0.156182096676916	0.125923982539357	0.102881353878988	0.104345752967442	0.141697271065401	0.104343319596014	0.167698470185354	0.139910874348348	0.122468487836597	0.139052649805043	0.130908767686281
700024743	0.114911227144302	0.133800179968562	0.10841846062018	0.104867731269186	0.145330652502288	0.116740687185451	0.0796241369164318	0.136459925989297	0.124072174806269	0.115790520753169	0.0966602144906959	0.100903397957178	0.119695802503868	0.122246426182896	0.114605025374636	0.122394160396833	0.13155110299518	0.134217603478648	0.116809133577057	0.0861247331939475	0.0886310496394858	0.09078752953416	0.0964812870559737	0.123331795840611	0.0786746582656941	0.125434224478224	0.143396819265697	0.133452355709576	0.106433520376747	0.126581533085131	0.118114226129557	0.0807511716469152	0.082407897976008	0.116429787471049	0.132285718284513	0	0.150049480749215	0.121995986693453	0.127931258389812	0.139789791031892	0.126168618107893	0.101243510765653	0.120578080084042	0.0806748667837719	0.100222289700323	0.106756108424339	0.125654447589708	0.099570027937809	0.127626596656233	0.0968063202382579	0.0884236005060037	0.107487148295286	0.102958059144611	0.10488821290064	0.135588476308688	0.122027524033458	0.0810266181545244	0.0869519818744054	0.0771714081812716	0.0924498798115935
