700108602	700014971	700033565	700109389	700023058	700023927	700106341	700114221	700023543	700023439	700016978	700024192	700113058	700099448	700109870	700033928	700023693	700109627	700095416	700110425	700111580	700111302	700098605	700111991	700108960	700024452	700032931	700095837	700024548	700110161	700023496	700034628	700023645	700038744	700038485	700024743	700099596	700110760	700101587	700106399	700032322	700095653	700021312	700101230	700023590	700038905	700033136	700023382	700096424	700105469	700016908	700096053	700108479	700109569	700033814	700016125	700109756	700102665	700101777	700109455
700108602	0	0.209030533600546	0.296016593159389	0.239199107020943	0.198842407519957	0.27862576752788	0.0876497468068427	0.311816785381308	0.100893557086736	0.268245972252745	0.193444853460295	0.326304031198359	0.285034470694371	0.196497445404345	0.320255644691413	0.172115975520625	0.284045968415131	0.274734681069143	0.129985676515781	0.109391385117174	0.143814840806598	0.230655072034414	0.14459697711015	0.0613798432408065	0.162577799024972	0.20309801098945	0.225606022292255	0.307832677759991	0.292415308509985	0.282106982458035	0.258805068666028	0.225749474359326	0.204163159089131	0.251167560126287	0.165753955564353	0.128555792045563	0.21597849875667	0.294852464408212	0.0915422764390173	0.350684035166282	0.143508907432986	0.307300260347018	0.18619297028892	0.161586470969713	0.269268292897353	0.214478385021987	0.211029016942276	0.27125292666145	0.21902369990392	0.280661428452244	0.262149019122027	0.095540647356386	0.133203646252208	0.122853135853469	0.164768028149679	0.271518202480198	0.151346365528269	0.0894218697035575	0.259091980132599	0.139303343855327
700014971	0.209030533600546	0	0.25429271078017	0.347514925968083	0.137008295846861	0.215105871336616	0.230759747177203	0.161299167318872	0.175401467867444	0.161980721726541	0.159243554162432	0.298955606009401	0.169937996256953	0.121998700240861	0.246615529406705	0.220258753721176	0.149621427519573	0.250145805533755	0.215730070588129	0.209118315179623	0.230111006390452	0.223382421136517	0.193864561446806	0.208012980318783	0.284174713681607	0.194194986964796	0.106959787282843	0.194416850823218	0.163728089728324	0.174612419006604	0.15366979136751	0.233667370098818	0.155900736882098	0.164536914387031	0.19724271121367	0.161155953968846	0.200150848562492	0.238542180222572	0.164033223724101	0.199433242796323	0.151617991220321	0.198620512159954	0.157975862671267	0.199078365302227	0.159532587013944	0.172149908350431	0.114493048370129	0.183442978353253	0.167805585623707	0.247542982658253	0.279786091165869	0.208525743261968	0.234550818175393	0.163892962101308	0.277698625790353	0.18759417151522	0.210216439270304	0.233304653091688	0.23445612476417	0.216126557320363
700033565	0.296016593159389	0.25429271078017	0	0.432708948436052	0.276689919774022	0.095624773639687	0.302340662567324	0.192358081077255	0.268794984672547	0.144655467520355	0.153836783604531	0.106747062350249	0.150189649534448	0.206822375625956	0.169271622815413	0.156857596538398	0.198221475475666	0.117469767528992	0.244388034439172	0.276083991436902	0.239870553920016	0.100907343980461	0.315611194334666	0.258278916189464	0.24394431885482	0.322935625560943	0.234206423871644	0.347629323357044	0.306178038005304	0.165848977500934	0.137952129659397	0.171223491524402	0.157352780195813	0.124437849691828	0.353628685568651	0.227453210105852	0.240388798188645	0.124545818999588	0.2739617248749	0.244635997478629	0.2376191989045	0.125903943799401	0.213720543908638	0.238157571659973	0.199025238336803	0.198740861940118	0.247808949879737	0.155408959751505	0.150655060922918	0.070648744436243	0.131996390160925	0.326722733025435	0.349071221557616	0.22472412704466	0.392902871621573	0.127932384192068	0.237232095565284	0.279359587381952	0.0877160213906447	0.260184688613768
700109389	0.239199107020943	0.347514925968083	0.432708948436052	0	0.342329660432243	0.43113545406458	0.225110931147517	0.429427584132402	0.300520856198158	0.413810592829677	0.359815075815887	0.455585889162917	0.420721207889923	0.354552976174777	0.435626105171474	0.339483646058976	0.421063731288118	0.436325819758928	0.331736996333872	0.231282147369295	0.299514635897325	0.386404681758885	0.209735088881736	0.263369410808479	0.301481823786042	0.303123278552937	0.366827504747389	0.410852476768203	0.380323183099621	0.421576382177179	0.407209239203286	0.38612053572596	0.358040820981656	0.404957375578682	0.26635152900285	0.291150635508282	0.38202430645531	0.442447854714396	0.263286782310687	0.424123255028695	0.31089606873781	0.434984118094433	0.359102917740243	0.327543964990083	0.402339466971854	0.345280686430945	0.361414240004195	0.410136720336204	0.380645339466974	0.421115403687615	0.40382618164097	0.210023288187364	0.154134075401834	0.303750271759447	0.20185182631799	0.417996424264023	0.268168238490628	0.247255992732283	0.39352104327441	0.290580881169612
700023058	0.198842407519957	0.137008295846861	0.276689919774022	0.342329660432243	0	0.221955280841724	0.226557228306963	0.236198639730153	0.16575821923749	0.205089883801766	0.187996646537648	0.300785573432888	0.233211485417339	0.149405088146885	0.259886973211554	0.204544916859297	0.194524438587195	0.234182770891163	0.189368136635932	0.213419342535608	0.219171003798369	0.232718499441253	0.199960167932777	0.191933249332279	0.290515511446386	0.193485950662634	0.141848245665516	0.270898811006071	0.21748421949197	0.229020606096945	0.208110064634276	0.259731730837694	0.18604592976738	0.205768581024856	0.198523764024158	0.202152036861103	0.154691994438983	0.208707474091433	0.157767867986346	0.258366746025442	0.136694347407124	0.242259447752342	0.142768059597576	0.218464616050571	0.204781991069766	0.170004504703632	0.127165943036467	0.214626881505656	0.173169379593364	0.265717506749895	0.280376879229799	0.20604226548912	0.233003865823711	0.170703428317729	0.255802235109898	0.231822240944664	0.207821252076137	0.227104207749813	0.248444229303067	0.21846357382978
700023927	0.27862576752788	0.215105871336616	0.095624773639687	0.43113545406458	0.221955280841724	0	0.303263114677521	0.170815571255113	0.248793128482744	0.0990162808783044	0.145291089500377	0.150174487424016	0.118175439629509	0.146556571608949	0.171674095557789	0.163523041913921	0.152549140308823	0.087951318999647	0.241315913694848	0.268516828074271	0.23365518724047	0.148147819418726	0.288632337679275	0.243866559876594	0.261842870023317	0.296345057770834	0.188018867677783	0.335825316862259	0.267845128640425	0.148351103975346	0.0973632855667726	0.179485623458297	0.144444665304656	0.0841016522173409	0.329025318790816	0.215933329001607	0.196234649727159	0.087791854868589	0.258693095615507	0.205359856517647	0.206254242991359	0.102588686339309	0.166818195856709	0.228557468240575	0.167949341580421	0.174045856283391	0.204234686319184	0.133693087438334	0.0900802589547704	0.116379182065224	0.184101240878312	0.317322449503259	0.339888023645138	0.207122409194151	0.369906965899071	0.0975998946047136	0.225497669098311	0.268787175359568	0.117596510583866	0.256719797990455
700106341	0.0876497468068427	0.230759747177203	0.302340662567324	0.225110931147517	0.226557228306963	0.303263114677521	0	0.319507573251945	0.120485582445158	0.28131000167394	0.210782902532498	0.320703106590909	0.290688268772888	0.231720185443667	0.323810161065016	0.199141770130429	0.300344928482109	0.315481059097036	0.152992735435866	0.101166283583934	0.136369523326001	0.229517478345765	0.14764109030755	0.111508206147384	0.126483630600892	0.257231552174069	0.273439427258418	0.344857512211802	0.317061513715399	0.308549117083462	0.271291744392777	0.194071858802447	0.220427817211442	0.27561734502393	0.204953750959214	0.127219089598581	0.257919407718075	0.310546379957002	0.120449223550657	0.356738910837258	0.164723232267516	0.312540067872345	0.209839190066115	0.147249324861193	0.276450167510635	0.234658255588376	0.248019875209413	0.273972584030445	0.24299194844449	0.277240664850957	0.274515299008626	0.103373023669241	0.107913615978992	0.134221281963444	0.170164908833944	0.276837020256349	0.14924554377155	0.0862380755315807	0.259543243965743	0.092991107592715
700114221	0.311816785381308	0.161299167318872	0.192358081077255	0.429427584132402	0.236198639730153	0.170815571255113	0.319507573251945	0	0.278345532694216	0.101506288892321	0.220403214424461	0.255012874875924	0.0896736522507236	0.173636122349131	0.154933192590252	0.260500432860376	0.0979288120989549	0.237335721848119	0.300371624851006	0.29232950818107	0.297291158141119	0.245258425044137	0.312147552386903	0.299788730459025	0.356579669564881	0.270446309511544	0.181643121329692	0.250634815831239	0.190273062304499	0.0991760739616509	0.148413412157504	0.262398217704823	0.188933700729138	0.144872397457654	0.30434773130857	0.247749647522339	0.252676732447227	0.160719072602468	0.272265710647473	0.133831655505041	0.218109991454563	0.110578295272829	0.232826862851369	0.268305271987629	0.124292742799157	0.192678512417601	0.164923377386114	0.124642238763833	0.182437160473916	0.219810449666819	0.28890713613109	0.309147412444773	0.340485669464752	0.263865491262695	0.40077224092207	0.119312080191822	0.247212349515185	0.33355446014392	0.202775613192009	0.29364062985005
700023543	0.100893557086736	0.175401467867444	0.268794984672547	0.300520856198158	0.16575821923749	0.248793128482744	0.120485582445158	0.278345532694216	0	0.237039801942844	0.167566867651808	0.298658028946127	0.257021913054812	0.185426095915997	0.286084247036571	0.156051764929122	0.248452785036629	0.264137713234624	0.116498860978883	0.150486880072224	0.161860153789741	0.203651745191144	0.16762490083257	0.100162647975166	0.181330135741793	0.217041764726953	0.193549231304212	0.288455576593575	0.287817116926171	0.25412771770087	0.227109787907835	0.165223742932082	0.19104327618036	0.225480280794599	0.175566135493282	0.134985523418694	0.195054735912878	0.266540145461037	0.0881256039928199	0.317115653178616	0.14429901708034	0.279127670516086	0.170083809146982	0.110929415531977	0.247787472286993	0.205924013342282	0.173146657030728	0.242274353905644	0.204073899565316	0.250090582606462	0.259238128158768	0.135462424971993	0.15831524956662	0.117486570432975	0.195122719089919	0.243050308838083	0.175902699418663	0.121048800238571	0.239089933940796	0.113930836901414
700023439	0.268245972252745	0.161980721726541	0.144655467520355	0.413810592829677	0.205089883801766	0.0990162808783044	0.28131000167394	0.101506288892321	0.237039801942844	0	0.166306943157994	0.200654839625594	0.0608503369500551	0.124208988225263	0.141414585275451	0.201917308886196	0.0818760225603107	0.167905701197117	0.245228667169544	0.244062725039541	0.232942651425225	0.191826255205882	0.278000547056098	0.237461862535636	0.30682949782671	0.279701887593238	0.166451531391031	0.27950454652222	0.208524539670471	0.0993976311862286	0.0835318442046776	0.213065632815475	0.140942256964534	0.0827040433966684	0.31003602625572	0.192972878428661	0.202964130173386	0.114420055742477	0.241477358447552	0.129401403470737	0.166618632526747	0.0887748026798806	0.183918452492834	0.222824415968996	0.105334062822213	0.148323331542524	0.15833332137902	0.0719720732169978	0.104641446926273	0.167152936503598	0.232325493914279	0.285849485231976	0.317836045816328	0.196955624464843	0.365182927577568	0.0683027668451054	0.201960290431732	0.272702429780398	0.159359814797234	0.249141749524433
700016978	0.193444853460295	0.159243554162432	0.153836783604531	0.359815075815887	0.187996646537648	0.145291089500377	0.210782902532498	0.220403214424461	0.167566867651808	0.166306943157994	0	0.193022542037095	0.169690512026722	0.150541179199856	0.250681683461164	0.0962692020339378	0.193395032989882	0.154816966396305	0.177091822903539	0.163913053438982	0.164496909499542	0.0939559592318581	0.238036240474385	0.156960964115473	0.16968873654651	0.266185335551358	0.178643440058229	0.274664305777832	0.257020300932424	0.192114978943416	0.107145130105063	0.141210461400447	0.0617337856505404	0.115806507697169	0.261336541868659	0.126291556792383	0.183058560146909	0.207352546639611	0.172221186309462	0.263727863363566	0.142497046886113	0.155549267114065	0.116780005385708	0.148880721709209	0.177047909422054	0.205055831420898	0.181813925382398	0.167314868416496	0.149263946924128	0.149874811715747	0.153704887170072	0.21764732726018	0.248424427901215	0.146743528552842	0.294604024664256	0.146791146910865	0.195830596646147	0.177622096134119	0.143486744567578	0.184753035732387
700024192	0.326304031198359	0.298955606009401	0.106747062350249	0.455585889162917	0.300785573432888	0.150174487424016	0.320703106590909	0.255012874875924	0.298658028946127	0.200654839625594	0.193022542037095	0	0.202216783347259	0.260597969755575	0.2142533119901	0.178994414719217	0.238021014623529	0.152684500819343	0.270550558911145	0.302706518661275	0.244616154869618	0.121217782778968	0.347863379022321	0.293053081277872	0.259343830758055	0.371715153688826	0.296371928806026	0.387014674566534	0.341983660996675	0.249263785428134	0.170959368430165	0.186789855869172	0.189081792135162	0.18766307828816	0.387770047264706	0.262513495856982	0.286413752931457	0.190831224885733	0.309935782365759	0.281127814067311	0.263407562518998	0.167911331174559	0.257156303067693	0.26241280050662	0.228046973926005	0.245011186830735	0.272339431556238	0.198448442003303	0.203287279191984	0.0859914439271289	0.095179692204639	0.356314369480642	0.373255815781	0.253285974033224	0.429572085237392	0.175250879047928	0.245911641360374	0.307710270446188	0.140773343105345	0.282449818540455
700113058	0.285034470694371	0.169937996256953	0.150189649534448	0.420721207889923	0.233211485417339	0.118175439629509	0.290688268772888	0.0896736522507236	0.257021913054812	0.0608503369500551	0.169690512026722	0.202216783347259	0	0.147803742739948	0.153096726523014	0.214100940251293	0.113467196693694	0.182207122920358	0.263722561903141	0.249978956707637	0.252122387490009	0.192807506381616	0.298134452370222	0.255469129244176	0.310757960301595	0.28762309527623	0.183593258544154	0.269750178703465	0.218538178407526	0.105234075097989	0.0923325454633817	0.216204573100557	0.142945454028445	0.0942058269747403	0.320487137782998	0.206349198263348	0.228298361843121	0.132463726733513	0.258253671569788	0.134701918087937	0.188863220904572	0.0751809306460576	0.199579087284192	0.226135830751039	0.111816406626893	0.185124536874647	0.187186872384306	0.0858374009511413	0.136542701487022	0.166908231034222	0.234167424954856	0.296297879238145	0.327550457280216	0.228490798685019	0.386481716805058	0.0596570696578401	0.22516873521546	0.286918014844346	0.155802845772634	0.251894805983197
700099448	0.196497445404345	0.121998700240861	0.206822375625956	0.354552976174777	0.149405088146885	0.146556571608949	0.231720185443667	0.173636122349131	0.185426095915997	0.124208988225263	0.150541179199856	0.260597969755575	0.147803742739948	0	0.217136166498232	0.178058473487506	0.137228778036061	0.185654355802591	0.174252755605047	0.196195494295637	0.202740326183681	0.202822304629708	0.206536560319638	0.179791970809665	0.263805092426165	0.201680704029678	0.115266051957643	0.255117429349462	0.178318135864218	0.143579817417414	0.130000715226231	0.224013550757257	0.127334186840845	0.11862372401199	0.229172466861181	0.157551720353048	0.157218871103293	0.167986959141364	0.171246842367788	0.214709218235534	0.128786961373807	0.174249254851296	0.123524582873415	0.204506234713403	0.139154295059097	0.145961841029086	0.133232039344154	0.152223589475556	0.0927858195391217	0.210529288043555	0.234887819771897	0.219426817434136	0.255394184556658	0.148225336470305	0.275072875636191	0.155511659635761	0.168645744701623	0.216045082398709	0.187783807469667	0.206583780947622
700109870	0.320255644691413	0.246615529406705	0.169271622815413	0.435626105171474	0.259886973211554	0.171674095557789	0.323810161065016	0.154933192590252	0.286084247036571	0.141414585275451	0.250681683461164	0.2142533119901	0.153096726523014	0.217136166498232	0	0.272477584199633	0.15635787907274	0.246867919231095	0.301738751525366	0.313861533478422	0.27343292563669	0.24785423885875	0.316206591669207	0.309286194261552	0.354194953070767	0.328200279206058	0.234780416925848	0.348031008319331	0.257563013532966	0.168578484628742	0.197789458179012	0.265861823823466	0.231049624335459	0.193870298404638	0.361711331650387	0.267736088751564	0.275444265343887	0.134713891600908	0.288166422441732	0.180188266542218	0.249440026680297	0.148837335505071	0.275744606303088	0.284745854932401	0.172174375739151	0.178793851413601	0.216635274170928	0.131336420657675	0.185437294502019	0.198694141588535	0.276104884728187	0.341172887015529	0.352774461619356	0.267342552263787	0.406079568997136	0.146333918006269	0.239228302906869	0.34037052445145	0.190385872819112	0.298864231666939
700033928	0.172115975520625	0.220258753721176	0.156857596538398	0.339483646058976	0.204544916859297	0.163523041913921	0.199141770130429	0.260500432860376	0.156051764929122	0.201917308886196	0.0962692020339378	0.178994414719217	0.214100940251293	0.178058473487506	0.272477584199633	0	0.230274037940497	0.145163288746468	0.165458863415191	0.189766882453503	0.163293949054197	0.0989158965467585	0.233197378381666	0.137040717335795	0.169880006294324	0.253377119629369	0.219978795988493	0.311732996161326	0.290542020595581	0.225307006140185	0.151071369726347	0.150679543000258	0.100338057765714	0.156258804263512	0.257922369515422	0.178556074380098	0.205754564248527	0.225602251062379	0.179062382484779	0.301395866096266	0.143639143346024	0.194167556110601	0.152388710404869	0.176928719900372	0.211660853896124	0.19735055547128	0.195134110471081	0.208868484867324	0.167320227286219	0.135278370620702	0.135987881360876	0.207518681629052	0.237293998872647	0.158520283706905	0.294031059766709	0.185160936149437	0.199650268002125	0.153297342679985	0.134621376013002	0.181895553579847
700023693	0.284045968415131	0.149621427519573	0.198221475475666	0.421063731288118	0.194524438587195	0.152549140308823	0.300344928482109	0.0979288120989549	0.248452785036629	0.0818760225603107	0.193395032989882	0.238021014623529	0.113467196693694	0.137228778036061	0.15635787907274	0.230274037940497	0	0.203745389734447	0.267280657011847	0.271506555364	0.241717605479658	0.225853779702825	0.283848008815145	0.268306143244359	0.335695089718546	0.273963060371563	0.157872368385611	0.270812986203459	0.163263867664724	0.126116804596865	0.117825132045507	0.245060962443963	0.165396746582632	0.123262057757736	0.2995215892588	0.223167169296964	0.212540340812532	0.166384440004181	0.245883304408285	0.117647675527259	0.178619400997109	0.123426681273665	0.195644918360343	0.249140050336582	0.0819168461608868	0.134929329158299	0.131782519659577	0.0879863169824757	0.13860476262542	0.210349651358039	0.268658764713569	0.289226304993004	0.321221859570561	0.219287332156989	0.374315347547053	0.128670738923866	0.21265828021986	0.302969842620147	0.214675957017955	0.27277916544328
700109627	0.274734681069143	0.250145805533755	0.117469767528992	0.436325819758928	0.234182770891163	0.087951318999647	0.315481059097036	0.237335721848119	0.264137713234624	0.167905701197117	0.154816966396305	0.152684500819343	0.182207122920358	0.185654355802591	0.246867919231095	0.145163288746468	0.203745389734447	0	0.239122173741804	0.272017363887259	0.26252179404617	0.133875030920932	0.313690570909656	0.238770848634405	0.251366661471826	0.332286587681173	0.215091694245839	0.350603648307107	0.32741033904084	0.197582528323324	0.133750099350659	0.205499090653783	0.161582543987555	0.132627413985864	0.344981199732938	0.233368668980062	0.181282638037518	0.141645124509691	0.267510266274749	0.272236708983456	0.236523384958591	0.174651731282894	0.173568805602993	0.238982547547872	0.231668945365951	0.234160483594139	0.243511780804887	0.210391267713965	0.140531666997367	0.137757204415593	0.155839643667164	0.325243168469987	0.351960291098244	0.232527217455984	0.359629378921914	0.168486798568186	0.260736465582866	0.27253649838863	0.159970093283097	0.278551814110959
700095416	0.129985676515781	0.215730070588129	0.244388034439172	0.331736996333872	0.189368136635932	0.241315913694848	0.152992735435866	0.300371624851006	0.116498860978883	0.245228667169544	0.177091822903539	0.270550558911145	0.263722561903141	0.174252755605047	0.301738751525366	0.165458863415191	0.267280657011847	0.239122173741804	0	0.168407888103118	0.134914353927148	0.17820810682265	0.203396697806853	0.109068698834584	0.152621949208411	0.237566028634334	0.206860252230957	0.32786941430642	0.294133160747293	0.269087744006874	0.2314195002424	0.14986851259522	0.181272410868001	0.22558999478896	0.207480382932955	0.144678848049313	0.199405100807893	0.238214536905061	0.131650859003667	0.338968676336827	0.155587236404896	0.284801652386818	0.154649407508695	0.161401143764067	0.253718828750996	0.190962184894557	0.205074436140515	0.249641962866905	0.182751845069555	0.224256129643475	0.222601261689372	0.188325422997813	0.212409869016846	0.0947924389750837	0.220002815998511	0.244966432606044	0.158905016665696	0.148143640096242	0.205360748217313	0.138284855077224
700110425	0.109391385117174	0.209118315179623	0.276083991436902	0.231282147369295	0.213419342535608	0.268516828074271	0.101166283583934	0.29232950818107	0.150486880072224	0.244062725039541	0.163913053438982	0.302706518661275	0.249978956707637	0.196195494295637	0.313861533478422	0.189766882453503	0.271506555364	0.272017363887259	0.168407888103118	0	0.135186711786911	0.213756425671149	0.151536430528502	0.105699847370538	0.133140675055092	0.247205744617216	0.240871820589589	0.310223152475199	0.29065156906602	0.261744102708618	0.227863037792189	0.215028149910902	0.172692797503751	0.231399865257699	0.210161422057788	0.101923938788171	0.2328770443516	0.286332896945489	0.123700955621685	0.332325884923559	0.146463867537397	0.267880301151559	0.17061418423855	0.12251717793831	0.239354363555164	0.23864819984379	0.22017591707457	0.241250022900739	0.212878288930294	0.259934690067404	0.24956432670887	0.100643761751836	0.117804525407662	0.13861378692842	0.182890425682083	0.238655468077285	0.12467479374541	0.0926273141147698	0.240357869474034	0.126869905102759
700111580	0.143814840806598	0.230111006390452	0.239870553920016	0.299514635897325	0.219171003798369	0.23365518724047	0.136369523326001	0.297291158141119	0.161860153789741	0.232942651425225	0.164496909499542	0.244616154869618	0.252122387490009	0.202740326183681	0.27343292563669	0.163293949054197	0.241717605479658	0.26252179404617	0.134914353927148	0.135186711786911	0	0.16815709466837	0.191999829413572	0.121135560530632	0.11998549213885	0.287064783328871	0.268504289634014	0.360233142291134	0.266799866006281	0.283414461687013	0.212072559555506	0.150168641285423	0.170911252315047	0.232397430878613	0.251330562226459	0.137904296606804	0.258112005751085	0.246391307912014	0.159461416142988	0.307067723267363	0.142348188432724	0.244120980777316	0.183842297242819	0.156773566860262	0.214833118358797	0.166486192572544	0.213669848416639	0.215216789510301	0.174266683930345	0.20525126175901	0.212629525308241	0.170879043072485	0.195026216413665	0.0936826955732472	0.252889204563593	0.222262770214277	0.0982980954663333	0.118402424989142	0.181883793081455	0.116259516661748
700111302	0.230655072034414	0.223382421136517	0.100907343980461	0.386404681758885	0.232718499441253	0.148147819418726	0.229517478345765	0.245258425044137	0.203651745191144	0.191826255205882	0.0939559592318581	0.121217782778968	0.192807506381616	0.202822304629708	0.24785423885875	0.0989158965467585	0.225853779702825	0.133875030920932	0.17820810682265	0.213756425671149	0.16815709466837	0	0.266613656264722	0.192734426313053	0.172790211367834	0.312339157840219	0.232119282158144	0.330149466172246	0.312654186202122	0.227725860267156	0.141718258500203	0.116131114656603	0.116839891818291	0.149642513742497	0.30696776523268	0.185825151706124	0.214799393330178	0.200146370071213	0.211125187103632	0.282102534983776	0.190980505049769	0.175427571278363	0.167018460907852	0.186432191513093	0.206083677640715	0.204723224400021	0.232188613562248	0.185902554978028	0.158596220037447	0.0738494819140396	0.09673716868695	0.267248523834393	0.286952288414568	0.157893282564151	0.33987426570386	0.160873325920056	0.194194420456053	0.215387952153133	0.102269197655152	0.192604999482295
700098605	0.14459697711015	0.193864561446806	0.315611194334666	0.209735088881736	0.199960167932777	0.288632337679275	0.14764109030755	0.312147552386903	0.16762490083257	0.278000547056098	0.238036240474385	0.347863379022321	0.298134452370222	0.206536560319638	0.316206591669207	0.233197378381666	0.283848008815145	0.313690570909656	0.203396697806853	0.151536430528502	0.191999829413572	0.266613656264722	0	0.1561032527151	0.223053098506944	0.223237628337889	0.210768955044641	0.299073067950075	0.278577397080055	0.302823056333271	0.274233927151751	0.268823973554773	0.246770775639392	0.273918794330924	0.187343173955418	0.176484816802017	0.244225690901287	0.301228305471538	0.133313403861278	0.319702807333956	0.176203273459055	0.32455549336726	0.223514548091448	0.208417495794874	0.293355318521522	0.206985176113088	0.21533715226026	0.28987850454113	0.232358268543994	0.302383199551872	0.308148717499848	0.155887829283794	0.1213369702383	0.161055384185163	0.140634715593126	0.288831245659734	0.180628210208222	0.174802414999143	0.286597676705842	0.156154992296044
700111991	0.0613798432408065	0.208012980318783	0.258278916189464	0.263369410808479	0.191933249332279	0.243866559876594	0.111508206147384	0.299788730459025	0.100162647975166	0.237461862535636	0.156960964115473	0.293053081277872	0.255469129244176	0.179791970809665	0.309286194261552	0.137040717335795	0.268306143244359	0.238770848634405	0.109068698834584	0.105699847370538	0.121135560530632	0.192734426313053	0.1561032527151	0	0.150685036048739	0.220108596637252	0.219751558875714	0.308051715135331	0.287005125232782	0.259247735211328	0.22443419855346	0.193511215276394	0.174842320114822	0.217219060445718	0.181396897094383	0.111935107379632	0.198634800934769	0.260478764094866	0.0975438901697169	0.339378123041349	0.126706239939301	0.278924172079575	0.152007800606204	0.143982656599371	0.251558014905393	0.199814951666388	0.197125151359704	0.248703691394733	0.189484318400287	0.245544022951248	0.228674949183302	0.125321192748787	0.1588043681024	0.0982957756424384	0.184909927962929	0.240606070932644	0.147877174915823	0.0864486517547451	0.227493815123538	0.121505504492812
700108960	0.162577799024972	0.284174713681607	0.24394431885482	0.301481823786042	0.290515511446386	0.261842870023317	0.126483630600892	0.356579669564881	0.181330135741793	0.30682949782671	0.16968873654651	0.259343830758055	0.310757960301595	0.263805092426165	0.354194953070767	0.169880006294324	0.335695089718546	0.251366661471826	0.152621949208411	0.133140675055092	0.11998549213885	0.172790211367834	0.223053098506944	0.150685036048739	0	0.333512854501246	0.317464338655829	0.395984198102729	0.355186139179393	0.32624783852314	0.25627521296071	0.125747298304565	0.194928193760585	0.263876262106898	0.28321316279783	0.151932383205688	0.296589616933532	0.308187757987328	0.181623361040359	0.392316743889498	0.217426656930352	0.288338577332139	0.222517785191605	0.153885571663338	0.302819594966714	0.265193206252717	0.302525394524116	0.303720958450758	0.248019633084555	0.213886173994211	0.204782450534757	0.182990744435866	0.183843096672169	0.148921196411632	0.233298432183649	0.28251207182405	0.166446309953713	0.116075727442163	0.191591973505222	0.122838832249221
700024452	0.20309801098945	0.194194986964796	0.322935625560943	0.303123278552937	0.193485950662634	0.296345057770834	0.257231552174069	0.270446309511544	0.217041764726953	0.279701887593238	0.266185335551358	0.371715153688826	0.28762309527623	0.201680704029678	0.328200279206058	0.253377119629369	0.273963060371563	0.332286587681173	0.237566028634334	0.247205744617216	0.287064783328871	0.312339157840219	0.223237628337889	0.220108596637252	0.333512854501246	0	0.181840592441283	0.219149386483062	0.183458107355143	0.263328637489389	0.287810229181068	0.317761985971312	0.24399971221208	0.262850953837857	0.0873944257238135	0.235354709258255	0.270914476912869	0.313706594318896	0.185240554348714	0.298575061369142	0.194460409428299	0.303825461482929	0.231459598050836	0.273743733335594	0.263513506054033	0.213084489414002	0.182882540520871	0.285924247435629	0.24666390956447	0.316794430115527	0.338260161356872	0.19467807311913	0.238148020322534	0.238588926170371	0.241020840002852	0.292582038942466	0.259094547252334	0.252863025172666	0.291728547931951	0.280082969488726
700032931	0.225606022292255	0.106959787282843	0.234206423871644	0.366827504747389	0.141848245665516	0.188018867677783	0.273439427258418	0.181643121329692	0.193549231304212	0.166451531391031	0.178643440058229	0.296371928806026	0.183593258544154	0.115266051957643	0.234780416925848	0.219978795988493	0.157872368385611	0.215091694245839	0.206860252230957	0.240871820589589	0.268504289634014	0.232119282158144	0.210768955044641	0.219751558875714	0.317464338655829	0.181840592441283	0	0.214476258955036	0.194446053209987	0.169694222670671	0.172809242784081	0.257733176486402	0.170871183743712	0.148915137481415	0.219892879943269	0.199442875541256	0.156497744531636	0.195667416209511	0.184910610625233	0.211094524338878	0.173376569028655	0.214515210192385	0.14941095057607	0.228816111027628	0.182976226912234	0.17464558158593	0.125682548714582	0.182741239155435	0.145077329669163	0.232999492197099	0.282477167278398	0.248868252474261	0.268894989844486	0.19939678811755	0.266252156206478	0.179675940335445	0.23609990819832	0.264931824301173	0.226547513245836	0.256785176524635
700095837	0.307832677759991	0.194416850823218	0.347629323357044	0.410852476768203	0.270898811006071	0.335825316862259	0.344857512211802	0.250634815831239	0.288455576593575	0.27950454652222	0.274664305777832	0.387014674566534	0.269750178703465	0.255117429349462	0.348031008319331	0.311732996161326	0.270812986203459	0.350603648307107	0.32786941430642	0.310223152475199	0.360233142291134	0.330149466172246	0.299073067950075	0.308051715135331	0.395984198102729	0.219149386483062	0.214476258955036	0	0.179087596367362	0.240420600222164	0.269338638485394	0.358291698419265	0.26210274649245	0.269714047421362	0.252277887644208	0.284910010739493	0.288825782837899	0.348531051782446	0.266786830251702	0.291098767910653	0.269425039430456	0.289934369358748	0.281263419235185	0.305925997172545	0.266126083785247	0.300375025137775	0.219140577289581	0.287329925536894	0.299551702510534	0.346977835764295	0.368220767272583	0.298785838505441	0.334461174614461	0.316650774144652	0.359189444858309	0.295370225179042	0.336576020193767	0.338020992977405	0.342218552352082	0.338871427336614
700024548	0.292415308509985	0.163728089728324	0.306178038005304	0.380323183099621	0.21748421949197	0.267845128640425	0.317061513715399	0.190273062304499	0.287817116926171	0.208524539670471	0.257020300932424	0.341983660996675	0.218538178407526	0.178318135864218	0.257563013532966	0.290542020595581	0.163263867664724	0.32741033904084	0.294133160747293	0.29065156906602	0.266799866006281	0.312654186202122	0.278577397080055	0.287005125232782	0.355186139179393	0.183458107355143	0.194446053209987	0.179087596367362	0	0.197234672186992	0.229963790889961	0.32835906539285	0.225577350949119	0.226557761646239	0.219204728100704	0.247375770302726	0.293586440003456	0.277825916606987	0.252915686172829	0.185822912806022	0.200556926332637	0.214462155963462	0.247064159563833	0.307317947749055	0.154293505178942	0.157407723336444	0.163345080801851	0.195370774246941	0.216645251344666	0.309755877362905	0.337081673798148	0.281119266509254	0.310953762734989	0.253075141674187	0.33336635290472	0.243802757313445	0.241986182433897	0.313350377924084	0.281523504174816	0.304772507804574
700110161	0.282106982458035	0.174612419006604	0.165848977500934	0.421576382177179	0.229020606096945	0.148351103975346	0.308549117083462	0.0991760739616509	0.25412771770087	0.0993976311862286	0.192114978943416	0.249263785428134	0.105234075097989	0.143579817417414	0.168578484628742	0.225307006140185	0.126116804596865	0.197582528323324	0.269087744006874	0.261744102708618	0.283414461687013	0.227725860267156	0.302823056333271	0.259247735211328	0.32624783852314	0.263328637489389	0.169694222670671	0.240420600222164	0.197234672186992	0	0.133586284648505	0.250966659039894	0.169976883631311	0.111200951649113	0.29369083973339	0.223108225153148	0.216502060705011	0.13658162146332	0.258477262495855	0.182606002595892	0.207823182847533	0.113564661262485	0.191933090505525	0.244606882028576	0.135132784630386	0.199275636082254	0.181499535125163	0.135277456324787	0.149412570215788	0.210341031723924	0.264311082794191	0.282523155432564	0.33159305827265	0.233360401666791	0.376365523194132	0.13221350123914	0.244308178776521	0.291580812797691	0.188710075963727	0.285895276066793
700023496	0.258805068666028	0.15366979136751	0.137952129659397	0.407209239203286	0.208110064634276	0.0973632855667726	0.271291744392777	0.148413412157504	0.227109787907835	0.0835318442046776	0.107145130105063	0.170959368430165	0.0923325454633817	0.130000715226231	0.197789458179012	0.151071369726347	0.117825132045507	0.133750099350659	0.2314195002424	0.227863037792189	0.212072559555506	0.141718258500203	0.274233927151751	0.22443419855346	0.25627521296071	0.287810229181068	0.172809242784081	0.269338638485394	0.229963790889961	0.133586284648505	0	0.174668784233836	0.0877895355309195	0.0661335314638528	0.29827526963332	0.180805007234835	0.196054291030882	0.153407375600123	0.232098112992344	0.178066542491709	0.162837354229979	0.0957980830937838	0.154667019628998	0.198804245820676	0.126916853358459	0.19016556750438	0.16211617389754	0.10868789486016	0.11168483683156	0.144513716640839	0.189477903790159	0.272661130733439	0.306957469635783	0.192212450785859	0.360114242489745	0.0862366640778111	0.207365243228418	0.241070087475797	0.154244728242159	0.237601421943931
700034628	0.225749474359326	0.233667370098818	0.171223491524402	0.38612053572596	0.259731730837694	0.179485623458297	0.194071858802447	0.262398217704823	0.165223742932082	0.213065632815475	0.141210461400447	0.186789855869172	0.216204573100557	0.224013550757257	0.265861823823466	0.150679543000258	0.245060962443963	0.205499090653783	0.14986851259522	0.215028149910902	0.150168641285423	0.116131114656603	0.268823973554773	0.193511215276394	0.125747298304565	0.317761985971312	0.257733176486402	0.358291698419265	0.32835906539285	0.250966659039894	0.174668784233836	0	0.156896258428369	0.183763284494634	0.299722244131195	0.160416750881847	0.267586185370085	0.217662984355972	0.20954160825427	0.299672682738382	0.218448278721077	0.196950377116929	0.210235933367906	0.134324990800401	0.226527878504946	0.216912475106312	0.248934523437403	0.208327707546368	0.18371005624708	0.137018326911323	0.184558798050594	0.253115039607228	0.267095359586473	0.155183290756926	0.319932401250407	0.183504958778228	0.181634793148318	0.182052000426542	0.133630207986045	0.139089185777557
700023645	0.204163159089131	0.155900736882098	0.157352780195813	0.358040820981656	0.18604592976738	0.144444665304656	0.220427817211442	0.188933700729138	0.19104327618036	0.140942256964534	0.0617337856505404	0.189081792135162	0.142945454028445	0.127334186840845	0.231049624335459	0.100338057765714	0.165396746582632	0.161582543987555	0.181272410868001	0.172692797503751	0.170911252315047	0.116839891818291	0.246770775639392	0.174842320114822	0.194928193760585	0.24399971221208	0.170871183743712	0.26210274649245	0.225577350949119	0.169976883631311	0.0877895355309195	0.156896258428369	0	0.0955966879199304	0.25478584831987	0.127004783745187	0.193681665723319	0.197014670726757	0.186171483941074	0.232564476308334	0.132211922372776	0.133375052370819	0.12115691456342	0.162571534703567	0.140944956342346	0.183414633629631	0.157691101429423	0.140485282445679	0.137124029427031	0.144841192346506	0.152566986532639	0.223325956002412	0.255750454339284	0.164164259882746	0.314114506041954	0.125526608108769	0.176126907816208	0.186703639660735	0.136044757860849	0.197472110420226
700038744	0.251167560126287	0.164536914387031	0.124437849691828	0.404957375578682	0.205768581024856	0.0841016522173409	0.27561734502393	0.144872397457654	0.225480280794599	0.0827040433966684	0.115806507697169	0.18766307828816	0.0942058269747403	0.11862372401199	0.193870298404638	0.156258804263512	0.123262057757736	0.132627413985864	0.22558999478896	0.231399865257699	0.232397430878613	0.149642513742497	0.273918794330924	0.217219060445718	0.263876262106898	0.262850953837857	0.148915137481415	0.269714047421362	0.226557761646239	0.111200951649113	0.0661335314638528	0.183763284494634	0.0955966879199304	0	0.293774985783283	0.179892167900926	0.180661938142345	0.133519744805749	0.228599291331109	0.183560567273397	0.179764947249876	0.10202287598744	0.15006250049052	0.21118840461475	0.125963195935757	0.171695431986005	0.172799309013848	0.105644792055979	0.10573430121458	0.142865692202361	0.193876020133404	0.276835106134979	0.311250494118985	0.198565935997765	0.349145617367818	0.0905754853376094	0.220825328081003	0.240846936919877	0.144900537386811	0.246155147466882
700038485	0.165753955564353	0.19724271121367	0.353628685568651	0.26635152900285	0.198523764024158	0.329025318790816	0.204953750959214	0.30434773130857	0.175566135493282	0.31003602625572	0.261336541868659	0.387770047264706	0.320487137782998	0.229172466861181	0.361711331650387	0.257922369515422	0.2995215892588	0.344981199732938	0.207480382932955	0.210161422057788	0.251330562226459	0.30696776523268	0.187343173955418	0.181396897094383	0.28321316279783	0.0873944257238135	0.219892879943269	0.252277887644208	0.219204728100704	0.29369083973339	0.29827526963332	0.299722244131195	0.25478584831987	0.293774985783283	0	0.198341298661	0.276779051760473	0.346808223310895	0.138348547903666	0.330289418559349	0.196082285638437	0.336932819911845	0.238939148478724	0.232172878762709	0.295713122330533	0.235106357507096	0.198498012882885	0.320334474750556	0.275667077716722	0.346948876294695	0.340778503110769	0.152272579062566	0.180443917330365	0.199268021099336	0.17679420855344	0.324254703385523	0.2418325655919	0.206664349662799	0.319425297286694	0.229650611373818
700024743	0.128555792045563	0.161155953968846	0.227453210105852	0.291150635508282	0.202152036861103	0.215933329001607	0.127219089598581	0.247749647522339	0.134985523418694	0.192972878428661	0.126291556792383	0.262513495856982	0.206349198263348	0.157551720353048	0.267736088751564	0.178556074380098	0.223167169296964	0.233368668980062	0.144678848049313	0.101923938788171	0.137904296606804	0.185825151706124	0.176484816802017	0.111935107379632	0.151932383205688	0.235354709258255	0.199442875541256	0.284910010739493	0.247375770302726	0.223108225153148	0.180805007234835	0.160416750881847	0.127004783745187	0.179892167900926	0.198341298661	0	0.211073320590694	0.233877358975763	0.107199675025384	0.287870454262853	0.138968069856667	0.226938001561359	0.154890721623102	0.0895461754746203	0.20066664305309	0.196744944874614	0.196640049676893	0.195378157503713	0.169558350540587	0.221206285969847	0.224678787964258	0.151498155423788	0.170666905762752	0.110907636854492	0.212517677110678	0.196440705883159	0.14355408120604	0.107291634191468	0.203613510571943	0.107945662014722
