700108602	700014971	700033565	700109389	700023058	700023927	700106341	700114221	700023543	700023439	700016978	700024192	700113058	700099448	700109870	700033928	700023693	700109627	700095416	700110425	700111580	700111302	700098605	700111991	700108960	700024452	700032931	700095837	700024548	700110161	700023496	700034628	700023645	700038744	700038485	700024743	700099596	700110760	700101587	700106399	700032322	700095653	700021312	700101230	700023590	700038905	700033136	700023382	700096424	700105469	700016908	700096053	700108479	700109569	700033814	700016125	700109756	700102665	700101777	700109455
700108602	0	0.244793561026011	0.357934840823045	0.184622918693343	0.198909806903512	0.317512814690508	0.118292644829506	0.309192105681189	0.164114803176655	0.294185190459918	0.23558388613635	0.370986934139766	0.320807069178429	0.249973214568766	0.35298135117284	0.216454579259527	0.302813618511727	0.322196403848346	0.150496780448284	0.117864363140766	0.189837718954052	0.277694416313937	0.118281382584039	0.0824885165979427	0.176639606035734	0.223281664855543	0.249611662688649	0.302108114404961	0.289667720187948	0.319178215506555	0.268419907471634	0.27714155038067	0.241452719868305	0.290944440554188	0.148346622267805	0.168082704287108	0.26255925614811	0.344742964364296	0.109530480925212	0.35195548365388	0.181618740882402	0.341057150495387	0.222358564080777	0.19726840289161	0.292648362613482	0.227172302230008	0.193142950806463	0.322873003319479	0.267320830000274	0.339121211805275	0.317262774364883	0.0998060103210288	0.0994396942281556	0.155321701722304	0.118194400740172	0.294281257401791	0.189672205560589	0.120565690192517	0.3254856408379	0.162932738488309
700014971	0.244793561026011	0	0.323349943980119	0.325820763258354	0.150094400340722	0.249572554675059	0.271564016401154	0.19528689909156	0.233433075190632	0.192661136466062	0.208238021700428	0.329632922004584	0.221293605680403	0.14579265035939	0.279112564636415	0.260055995456272	0.170238734234682	0.287015361786759	0.244037036733903	0.24616021094249	0.274877938519998	0.25417058122864	0.200893196984033	0.239152422210803	0.323192568535199	0.171986201575501	0.14967321908826	0.202017754563507	0.150261925533833	0.176058085648913	0.178783813437176	0.281302485904777	0.177291272031812	0.198920204681375	0.198269409200955	0.215958036582373	0.232635457691091	0.292221093353346	0.209267698504711	0.237271035297027	0.194686640747896	0.243385109305642	0.18922997237029	0.24463413565021	0.171577731833682	0.17529914036838	0.160092972374151	0.246902208432123	0.20418486840698	0.301928577224681	0.320602840030806	0.233115149671769	0.258128136114975	0.20861839252928	0.29751732817948	0.195526525892465	0.247851371188356	0.263052147548162	0.288660855986108	0.265113537244304
700033565	0.357934840823045	0.323349943980119	0	0.439947776358337	0.313924908175816	0.135056725136849	0.316723219273473	0.206802080697157	0.271395544691051	0.173457909396425	0.161379467520109	0.0926207816986748	0.188867249486396	0.243859757446034	0.192099438501234	0.17659355854113	0.235647745282175	0.129828522873406	0.263574448324406	0.313458172241249	0.248761837317587	0.110073852651424	0.346548620406992	0.308424857599313	0.264297789491734	0.36135642615248	0.253038422353385	0.38407555569726	0.324597284487841	0.229681531632008	0.198632297986537	0.165325230894773	0.207950912589585	0.157589110008611	0.371977125184486	0.249135250833767	0.255757283902838	0.149037265054916	0.29659861241105	0.254558681038124	0.242340616258953	0.13374935389642	0.245052674503087	0.270419263432048	0.238546873857878	0.246436109646411	0.26017732928327	0.15253174973352	0.182016859182146	0.071310459634363	0.109108088848532	0.342339625327177	0.366389403901193	0.268726259528401	0.40345190411311	0.179863841573726	0.239991801146874	0.313717125866991	0.0805985426158285	0.29571045242445
700109389	0.184622918693343	0.325820763258354	0.439947776358337	0	0.308938765281469	0.414807870527023	0.210401376599323	0.397577737509258	0.295703868993886	0.391401738953247	0.342076977085229	0.445862185664122	0.404185783191239	0.351152176749636	0.428205354421411	0.329049136548219	0.393846598262833	0.429686802780854	0.299166066073713	0.193482664747434	0.287660898053498	0.374549994977621	0.202554251580833	0.24203171966949	0.261373144689626	0.297721276160507	0.367741379911752	0.398299286303012	0.35053750931903	0.396686026060457	0.375348331480559	0.38091345543164	0.339810871632096	0.389597122493546	0.232025413978553	0.274921330230008	0.377676000143043	0.438404717564346	0.239722583345283	0.406717710278563	0.290757942588783	0.420205330631009	0.339343047596164	0.306210834129064	0.368951053311524	0.333937499024068	0.321655616870998	0.410208980524249	0.375128356537402	0.42229752575329	0.40789635396347	0.186932620263618	0.126315958776286	0.276619674596506	0.176169649113612	0.389405797133314	0.266065699863931	0.221060351496197	0.404949113750869	0.259513913689135
700023058	0.198909806903512	0.150094400340722	0.313924908175816	0.308938765281469	0	0.211307183930834	0.20963478575586	0.214665755386601	0.166518559447386	0.207109794128207	0.188290405580528	0.305721858377625	0.23816002238802	0.150012656157166	0.276316546500524	0.206606167967897	0.186979813328351	0.247562368312119	0.163429359265994	0.196780475684215	0.226054632264366	0.238113262261861	0.183046003580251	0.163713666256323	0.272072529277492	0.155250943246672	0.156420794939062	0.241412227790534	0.217760859590641	0.212195385602279	0.176030793167353	0.26089521957185	0.162038077504954	0.201340355633541	0.157874188713254	0.193669184733726	0.171907964156155	0.240767681951667	0.147661176203296	0.287227395674813	0.145211439384412	0.250681130453119	0.130062264838923	0.209571769638255	0.194096943133732	0.166571980108376	0.117339524092088	0.24540846106776	0.174824517192129	0.288099413384089	0.295358059485931	0.171884476991072	0.217183285749125	0.151553501246169	0.252528739717793	0.204421695149225	0.215337228327727	0.205296361813695	0.27288024645199	0.207677545051664
700023927	0.317512814690508	0.249572554675059	0.135056725136849	0.414807870527023	0.211307183930834	0	0.290806851819611	0.153449947985846	0.232311230606499	0.0936005385458491	0.133104100824644	0.160051197029917	0.136468774491806	0.150945846778153	0.160476680940384	0.168303553693487	0.154326842220337	0.0978606333219109	0.218521321121174	0.272693958829153	0.215172391654997	0.159873480942081	0.271870837995262	0.259605260143651	0.267840957524537	0.280673132899004	0.17265032933286	0.338539541868516	0.246206604770591	0.181272927982555	0.10558007714407	0.184093453570035	0.152958180374314	0.0736869437444163	0.312656729184397	0.203509056655701	0.170412901966746	0.0796918136742513	0.256613293193654	0.195049386178736	0.184933101762169	0.110307536708721	0.148010609389513	0.237734642576791	0.163359911805501	0.162527404918727	0.178911024333873	0.106260418718969	0.071013482757487	0.125181111907884	0.188446044457519	0.310494035322368	0.33675978596659	0.208709877600176	0.354308590209835	0.113695058587163	0.181671609534972	0.277574445882962	0.121352950380799	0.2568822493187
700106341	0.118292644829506	0.271564016401154	0.316723219273473	0.210401376599323	0.20963478575586	0.290806851819611	0	0.301449333974217	0.127699747513868	0.284128781526455	0.218936259863571	0.309755408263879	0.302838961221625	0.261334473426863	0.312334433063988	0.197929919573356	0.284307317153443	0.319261259296957	0.133755938169318	0.104781564092168	0.132730363282301	0.233942303963395	0.141983001453107	0.130395660256609	0.107971689826175	0.277942610168606	0.295339464179211	0.342323824494474	0.293044811172311	0.319300218194605	0.265252476661542	0.200834138295673	0.229007315571275	0.287223122620663	0.216314426328237	0.129515589486035	0.273705510982089	0.306402198308858	0.115687539281145	0.3454181998201	0.174657438473651	0.317299753922232	0.218570234506063	0.168768202478405	0.26927915217349	0.230347300989293	0.196702827912591	0.288939350542932	0.257257967035335	0.285723468428971	0.288611851018195	0.107163608308875	0.114019059680731	0.124673488837232	0.147838740354234	0.282034366008443	0.149964634119501	0.119649757595295	0.278384020851358	0.0805746488622703
700114221	0.309192105681189	0.19528689909156	0.206802080697157	0.397577737509258	0.214665755386601	0.153449947985846	0.301449333974217	0	0.265996193644959	0.093590658024235	0.202866673681141	0.236555145595638	0.0760246427322102	0.155906073528894	0.135427335322848	0.236894665929458	0.0842675351616276	0.222003183380292	0.263325964458785	0.274200198463297	0.281914760843888	0.234210979952347	0.274494547328907	0.282308221886876	0.342981117932148	0.273169513438662	0.129347041656124	0.277193785753354	0.197608424827889	0.100273183797373	0.142840558878028	0.251449820088956	0.163431766766479	0.123248455384397	0.305212913366724	0.232461761958024	0.216618250053407	0.152728045315378	0.259636427046304	0.115110114199561	0.201344400626088	0.127420450240753	0.205713431442176	0.25860126066816	0.141280773653375	0.13757678817472	0.184516965583804	0.118925870237848	0.15996725816004	0.199927100656971	0.273979546049257	0.285828817396116	0.314436745481405	0.247361428139368	0.380109514608874	0.0795206491750565	0.226257041785569	0.312197755827108	0.18703970929498	0.289235965140779
700023543	0.164114803176655	0.233433075190632	0.271395544691051	0.295703868993886	0.166518559447386	0.232311230606499	0.127699747513868	0.265996193644959	0	0.223448398557521	0.155178995800165	0.279042975277267	0.261050350720098	0.212841361343877	0.289321597281462	0.140428632162366	0.250019340378585	0.253750008774287	0.0937378408828131	0.151793973115918	0.134021340447691	0.190851136578791	0.185092480962576	0.123607470984806	0.145153104335183	0.259855032269897	0.243395293209182	0.30448287077774	0.299595204013064	0.272720062232181	0.20512091213106	0.157802505036175	0.17562312980033	0.224031021556425	0.202880165799033	0.114085610772118	0.213912676761245	0.261914441848209	0.101710575035966	0.327222307870771	0.123553046641939	0.265755254595941	0.164651246732489	0.104215243608166	0.234245561569477	0.214668216783405	0.144338853563536	0.240826715598008	0.199339980712793	0.244271956755265	0.250817841776398	0.137915759219842	0.184935361415594	0.117949010664338	0.209620433270945	0.22588458734087	0.155846220868227	0.112488394565456	0.240445654788537	0.0903671514086947
700023439	0.294185190459918	0.192661136466062	0.173457909396425	0.391401738953247	0.207109794128207	0.0936005385458491	0.284128781526455	0.093590658024235	0.223448398557521	0	0.156137179310352	0.199668183404667	0.0770128078650636	0.127433666026737	0.150229428969087	0.189585164890895	0.100957481961327	0.162796839518564	0.224283394781172	0.245428016819063	0.232031430984759	0.195423491859206	0.253156729489198	0.248488008248647	0.298205077560899	0.268128289298364	0.143323711402667	0.290433786067521	0.205661232258251	0.130432863044083	0.0886190894892457	0.21574099205222	0.139920806501721	0.076067452023749	0.304861020822961	0.197254503482503	0.172584817996436	0.13178535936185	0.234158948900916	0.149325767901321	0.157965423024145	0.112740096798183	0.160208226558409	0.221401467776415	0.125328570889337	0.130643903522709	0.159703699864513	0.0962584199993528	0.0941469388353853	0.163819845975829	0.225564951221776	0.281901830576113	0.310110960597053	0.211955121272154	0.358128235614031	0.075512832742134	0.180586803485028	0.264321178087329	0.157606935382886	0.248188038369902
700016978	0.23558388613635	0.208238021700428	0.161379467520109	0.342076977085229	0.188290405580528	0.133104100824644	0.218936259863571	0.202866673681141	0.155178995800165	0.156137179310352	0	0.172796008410618	0.200485258515075	0.168233446338347	0.240280878659346	0.091326809122967	0.183883502242451	0.131233275279792	0.159504248135363	0.183238151414002	0.155718638601372	0.0826397407408213	0.229282874480924	0.186420484941375	0.178582423910675	0.262747993316625	0.200190659767052	0.28229971607264	0.263019929812657	0.209553161877223	0.123127868945364	0.126700188436164	0.0832877933631827	0.120452197995127	0.260815521346148	0.127469874820992	0.171240204822987	0.18656160529887	0.173836953444387	0.268554833336199	0.119749388409776	0.158375918582549	0.129955309336488	0.145024512573754	0.169342258653719	0.170349350726593	0.134346102124047	0.165451904285285	0.120757990701526	0.146019484805142	0.149221289741018	0.220495346317177	0.251017668567596	0.164042478346288	0.291121881830276	0.167712217310106	0.144695668318177	0.19562480312031	0.140325524984734	0.197943621042223
700024192	0.370986934139766	0.329632922004584	0.0926207816986748	0.445862185664122	0.305721858377625	0.160051197029917	0.309755408263879	0.236555145595638	0.279042975277267	0.199668183404667	0.172796008410618	0	0.209988503236165	0.266537510798152	0.205322728522033	0.189650109347345	0.231377914580334	0.140486308764249	0.269322585594759	0.309162880680163	0.239776515321082	0.108786718735537	0.342901638432554	0.32949328153491	0.28655472913978	0.363420917289292	0.286549969646184	0.386299001576335	0.32964247821061	0.276408608304357	0.195425280792835	0.181035295665414	0.192598750876879	0.172356696127	0.391355975662818	0.249660593445508	0.264502629045669	0.166928340260036	0.316862481846341	0.262264272859291	0.23805698121117	0.134883650461156	0.251862999600519	0.264835891989104	0.222319155809599	0.245074789419447	0.250110060151429	0.166618441065338	0.198889085172581	0.0856919692249083	0.105690490625952	0.350765376493131	0.371535983688683	0.274524585027764	0.419188687688128	0.201886000761111	0.233553404448969	0.323461068157723	0.131596961584997	0.294578178455014
700113058	0.320807069178429	0.221293605680403	0.188867249486396	0.404185783191239	0.23816002238802	0.136468774491806	0.302838961221625	0.0760246427322102	0.261050350720098	0.0770128078650636	0.200485258515075	0.209988503236165	0	0.164257372169536	0.126687714279262	0.22924069791277	0.12694171556407	0.203884432800292	0.261587659836919	0.265640767702773	0.271197222942876	0.218963649600236	0.284516376431294	0.285469214668754	0.331233810116075	0.297595737334842	0.168229489599387	0.301207255631445	0.221251520825566	0.128898833888692	0.136204824769239	0.235324953027964	0.169374000644692	0.112650331928132	0.336092896816243	0.237848784692703	0.217886048727796	0.145166791071926	0.26645001117118	0.122276539827124	0.196777767916033	0.11359057325808	0.210115580786937	0.251249726292902	0.147562150503915	0.156170179630122	0.201886519390226	0.0984642984625775	0.15100093704102	0.175829043020606	0.256161936638932	0.297991321025085	0.324395624825094	0.256032852431247	0.392318232913423	0.0732106332582145	0.214709099017758	0.305428934330874	0.163227574941177	0.275563123737053
700099448	0.249973214568766	0.14579265035939	0.243859757446034	0.351152176749636	0.150012656157166	0.150945846778153	0.261334473426863	0.155906073528894	0.212841361343877	0.127433666026737	0.168233446338347	0.266537510798152	0.164257372169536	0	0.220225733945542	0.199115487144323	0.12933155551962	0.195555087232503	0.187332234389899	0.218770874462208	0.231692795307302	0.218925913319024	0.21134371216201	0.197070066459121	0.285029376792781	0.199495442557219	0.106506999640784	0.239370117932445	0.177366847556217	0.133942867761139	0.111822692979464	0.24760950782187	0.142423065877539	0.121167242980868	0.222672701676882	0.195245954989138	0.157802982221808	0.190482356144957	0.20460549446247	0.223644272753775	0.153225533986685	0.174795051806965	0.113274610430619	0.224646918822819	0.116342717005351	0.127138528627947	0.131003297674773	0.177836782437612	0.102709382221189	0.225183638936906	0.25072808912909	0.227995517707225	0.270881410129121	0.188741110716234	0.304994963556677	0.145990960725733	0.188081355328264	0.235738179077412	0.21181187329239	0.242149468703955
700109870	0.35298135117284	0.279112564636415	0.192099438501234	0.428205354421411	0.276316546500524	0.160476680940384	0.312334433063988	0.135427335322848	0.289321597281462	0.150229428969087	0.240280878659346	0.205322728522033	0.126687714279262	0.220225733945542	0	0.262595569091609	0.160109575823648	0.235764988130151	0.283331137536922	0.312279927171538	0.272712914949516	0.24793143620102	0.309591146035649	0.319076041793675	0.355008170607881	0.326108065869334	0.220250378446199	0.351184901772468	0.244209239930484	0.174986278984695	0.206575217704035	0.268278548865752	0.23486769398164	0.18079370454718	0.362895712234976	0.269525105674088	0.259585385037547	0.136250700210328	0.298150209704403	0.145053390300364	0.255018540698645	0.162627896871751	0.261435815028341	0.29579029219097	0.191347042210665	0.17682186985291	0.227221448821917	0.10752934211041	0.192890586572526	0.184878690457938	0.272108185909026	0.336788778957305	0.356059642633262	0.262018998163308	0.398420195349948	0.139590849146003	0.23830682778341	0.348089647093768	0.17909632148305	0.303927915761238
700033928	0.216454579259527	0.260055995456272	0.17659355854113	0.329049136548219	0.206606167967897	0.168303553693487	0.197929919573356	0.236894665929458	0.140428632162366	0.189585164890895	0.091326809122967	0.189650109347345	0.22924069791277	0.199115487144323	0.262595569091609	0	0.228908406211466	0.158290617625973	0.135257507815482	0.20000432135966	0.146155963184353	0.109743526239787	0.236995742503707	0.165609807272508	0.175884747696871	0.264120695163396	0.238578451754163	0.313222832531634	0.28734048747471	0.247097265049936	0.158593772046092	0.127270648412779	0.113958831167058	0.15798306728346	0.26116962069676	0.158333362389054	0.206162267118499	0.214436655008391	0.167195629313902	0.297718320560254	0.111904497089412	0.180992545154414	0.156223300719769	0.180138539265459	0.19547467787663	0.186706393595251	0.157809639452708	0.201607373829348	0.161921376317017	0.152801082923707	0.149672932044332	0.205885215456131	0.240883066665144	0.178044519293848	0.277381088263701	0.194815069390091	0.160494560383413	0.175679986231729	0.150920698458815	0.174181097935458
700023693	0.302813618511727	0.170238734234682	0.235647745282175	0.393846598262833	0.186979813328351	0.154326842220337	0.284307317153443	0.0842675351616276	0.250019340378585	0.100957481961327	0.183883502242451	0.231377914580334	0.12694171556407	0.12933155551962	0.160109575823648	0.228908406211466	0	0.219959206144141	0.247109420472791	0.262299525077744	0.240409472025693	0.236474711869779	0.258776317042064	0.267234553559808	0.330808065850102	0.249462504398678	0.128682248094443	0.259376153149266	0.164834760578145	0.118315762888632	0.12751611801582	0.254051982846059	0.148843456544242	0.11829806385262	0.286343318109105	0.220313242735769	0.200629694878248	0.18006700256325	0.24982763817562	0.146746401973164	0.186602509060201	0.136315044181889	0.184772701659984	0.247296841505896	0.100210283063808	0.105242550689739	0.149971389520275	0.125203500516043	0.13969338684214	0.213811785495146	0.272709058130094	0.277561322872205	0.309137316506628	0.217786590157091	0.372725378913044	0.107595423284209	0.198323996950381	0.295398425692759	0.218648538656198	0.273095086410558
700109627	0.322196403848346	0.287015361786759	0.129828522873406	0.429686802780854	0.247562368312119	0.0978606333219109	0.319261259296957	0.222003183380292	0.253750008774287	0.162796839518564	0.131233275279792	0.140486308764249	0.203884432800292	0.195555087232503	0.235764988130151	0.158290617625973	0.219959206144141	0	0.238393038607627	0.285794877871164	0.254620718036489	0.128362454344492	0.311348445412181	0.262172657250635	0.273595754035989	0.316763828428656	0.217244477392117	0.354819432565701	0.332284591336397	0.240435730786653	0.142546251371101	0.188090592421429	0.184258915105945	0.134435288186507	0.32117863350263	0.229968966986763	0.172037520314826	0.132979397375447	0.271105424877234	0.278774843660568	0.216552864016402	0.147912178647491	0.170346670095862	0.240492573451638	0.233173356966205	0.233641003986847	0.225119607198809	0.187351672218414	0.126835076885806	0.128964229620424	0.14772188337942	0.326100887042959	0.352348135665962	0.245856517692526	0.356965032856475	0.192152085895452	0.229593078980775	0.291425391019	0.148474397495719	0.293637543305522
700095416	0.150496780448284	0.244037036733903	0.263574448324406	0.299166066073713	0.163429359265994	0.218521321121174	0.133755938169318	0.263325964458785	0.0937378408828131	0.224283394781172	0.159504248135363	0.269322585594759	0.261587659836919	0.187332234389899	0.283331137536922	0.135257507815482	0.247109420472791	0.238393038607627	0	0.156275410152733	0.128707049218448	0.189317411377888	0.178937929572366	0.0975003842800808	0.160637527212803	0.22269764412919	0.221971153389921	0.310079673744227	0.278173465032938	0.27531512575266	0.196110144600566	0.173368738095002	0.174879121176448	0.222073301685395	0.184264813369865	0.128669510755376	0.198068952916469	0.238695806952365	0.105470981956697	0.325510426289692	0.112787267987792	0.273745455811523	0.134700583938611	0.160640855125566	0.227200649006001	0.190016456327683	0.127162546725147	0.246122695244454	0.178329017021516	0.242938705095937	0.234510892305269	0.157892020508248	0.196417678221514	0.0958224402214767	0.195585208720875	0.231573846640178	0.145846020636024	0.142638160146347	0.232808723867063	0.126828434625001
700110425	0.117864363140766	0.24616021094249	0.313458172241249	0.193482664747434	0.196780475684215	0.272693958829153	0.104781564092168	0.274200198463297	0.151793973115918	0.245428016819063	0.183238151414002	0.309162880680163	0.265640767702773	0.218770874462208	0.312279927171538	0.20000432135966	0.262299525077744	0.285794877871164	0.156275410152733	0	0.156959756048809	0.222974716404268	0.133692678449073	0.126745391468857	0.124649151207427	0.257368050290591	0.256344228494219	0.292262846499588	0.273254758560651	0.277991296360477	0.228770596974122	0.233195444361293	0.190138212831986	0.245358508743096	0.197949975886003	0.119392337221045	0.228865366511647	0.302125343208248	0.124966718298476	0.327623394934431	0.156659653356909	0.275172660501027	0.19039456739205	0.13219936444929	0.2305072307928	0.209288401265428	0.170615610043157	0.264440467329	0.22600381712023	0.282320261984578	0.282470377525062	0.095961708491679	0.0906384361428115	0.151337441030739	0.166465733616173	0.246508473700667	0.12113700299671	0.109269795951939	0.273779602294562	0.123824363636546
700111580	0.189837718954052	0.274877938519998	0.248761837317587	0.287660898053498	0.226054632264366	0.215172391654997	0.132730363282301	0.281914760843888	0.134021340447691	0.232031430984759	0.155718638601372	0.239776515321082	0.271197222942876	0.231692795307302	0.272712914949516	0.146155963184353	0.240409472025693	0.254620718036489	0.128707049218448	0.156959756048809	0	0.167737344501031	0.192773622180839	0.156524390638813	0.117303207532365	0.291257669516053	0.287787667020278	0.355227558384134	0.258113703719573	0.299535291165626	0.202273315014027	0.156943279261505	0.163478095231074	0.21907054244969	0.257916301275345	0.118375471857482	0.262492025604292	0.232486259856013	0.155354913881746	0.306442149735616	0.136720257783645	0.248626701808158	0.186436454115088	0.167866165892209	0.19545893440343	0.185049181993541	0.157750634903083	0.208379835487691	0.188976508544112	0.210878110467593	0.222972629795203	0.166089154156157	0.207230965634558	0.110682288594411	0.241767368394857	0.235672975107608	0.102873927889263	0.134179717107308	0.198893233600971	0.121624802696846
700111302	0.277694416313937	0.25417058122864	0.110073852651424	0.374549994977621	0.238113262261861	0.159873480942081	0.233942303963395	0.234210979952347	0.190851136578791	0.195423491859206	0.0826397407408213	0.108786718735537	0.218963649600236	0.218925913319024	0.24793143620102	0.109743526239787	0.236474711869779	0.128362454344492	0.189317411377888	0.222974716404268	0.167737344501031	0	0.272267549173007	0.236293850387108	0.197037166665469	0.309105914980209	0.251871330892113	0.329412928819954	0.303964925600088	0.257768561790111	0.170311068719596	0.107871224188551	0.127950002329837	0.155418706821437	0.311105328967994	0.168079759532708	0.220974663730151	0.194816291087041	0.226211578590003	0.283339829616204	0.168700770504195	0.147544928284248	0.182981399053494	0.183402501789455	0.200970421507011	0.219421177171554	0.179547802237379	0.182830081875835	0.168565795622408	0.0876960068756513	0.102054664828874	0.26018594245256	0.288553327910675	0.202739725974313	0.334403578344121	0.189068195901479	0.185164280055127	0.231254034246175	0.112444847338238	0.216830926324215
700098605	0.118281382584039	0.200893196984033	0.346548620406992	0.202554251580833	0.183046003580251	0.271870837995262	0.141983001453107	0.274494547328907	0.185092480962576	0.253156729489198	0.229282874480924	0.342901638432554	0.284516376431294	0.21134371216201	0.309591146035649	0.236995742503707	0.258776317042064	0.311348445412181	0.178937929572366	0.133692678449073	0.192773622180839	0.272267549173007	0	0.14285550065583	0.205744081159886	0.220476292954283	0.226152285703288	0.302782022244698	0.25958935187188	0.287731997710845	0.23305980159359	0.278222657223086	0.219307781995105	0.253127710534366	0.191255041066041	0.157525510387212	0.248828215392847	0.302878612942851	0.140798988723013	0.307489743953758	0.175501232217277	0.30583557152753	0.203951317267125	0.203821768882461	0.262944392320925	0.200946444754825	0.17584187007781	0.27971037032441	0.225439820833482	0.314863746041584	0.3224354424128	0.15143433897021	0.132164790803742	0.149841968146558	0.148546464327278	0.258872213821285	0.187629987559412	0.174938246081482	0.303011107973936	0.148757123042154
700111991	0.0824885165979427	0.239152422210803	0.308424857599313	0.24203171966949	0.163713666256323	0.259605260143651	0.130395660256609	0.282308221886876	0.123607470984806	0.248488008248647	0.186420484941375	0.32949328153491	0.285469214668754	0.197070066459121	0.319076041793675	0.165609807272508	0.267234553559808	0.262172657250635	0.0975003842800808	0.126745391468857	0.156524390638813	0.236293850387108	0.14285550065583	0	0.168793586238879	0.208987153837472	0.225921939726411	0.297700399024627	0.288704983167981	0.286271114131595	0.223684760788229	0.232372460568067	0.205404664290211	0.248556911940599	0.144908466772787	0.134590555288214	0.208605836030988	0.288849220543435	0.0759754892387458	0.34380711257551	0.142073532145	0.305881339258747	0.165706269631241	0.166285763878781	0.257081285784817	0.204507984716141	0.151139872605606	0.275814183077992	0.211625026580879	0.293963856157334	0.272330493923442	0.109941324595313	0.148909771652961	0.117196018099793	0.146135971835764	0.259094530355316	0.171516183619885	0.112669777021366	0.281669494324868	0.140729663377114
700108960	0.176639606035734	0.323192568535199	0.264297789491734	0.261373144689626	0.272072529277492	0.267840957524537	0.107971689826175	0.342981117932148	0.145153104335183	0.298205077560899	0.178582423910675	0.28655472913978	0.331233810116075	0.285029376792781	0.355008170607881	0.175884747696871	0.330808065850102	0.273595754035989	0.160637527212803	0.124649151207427	0.117303207532365	0.197037166665469	0.205744081159886	0.168793586238879	0	0.34226419712977	0.32914446473123	0.374195745046953	0.340510784689135	0.346410348302417	0.262136964056698	0.159942609699671	0.212265206917597	0.268752685037653	0.264913258285232	0.139044904321206	0.289429751832541	0.301840218209248	0.166773941562249	0.391390447557667	0.195490621413169	0.294804016528511	0.229438689300704	0.15285362650023	0.285039925480907	0.283058983601373	0.234161071562725	0.299779658550183	0.254512781244584	0.252439230388225	0.239389093333007	0.162955490242853	0.162940140318153	0.160140429814874	0.193965001736292	0.306232466588403	0.159726112163576	0.123204202312541	0.233902419560691	0.112013631933603
700024452	0.223281664855543	0.171986201575501	0.36135642615248	0.297721276160507	0.155250943246672	0.280673132899004	0.277942610168606	0.273169513438662	0.259855032269897	0.268128289298364	0.262747993316625	0.363420917289292	0.297595737334842	0.199495442557219	0.326108065869334	0.264120695163396	0.249462504398678	0.316763828428656	0.22269764412919	0.257368050290591	0.291257669516053	0.309105914980209	0.220476292954283	0.208987153837472	0.34226419712977	0	0.20046862331966	0.243289390322818	0.190634630408231	0.25743509674956	0.256917871240616	0.332289323650132	0.234316780904557	0.264884108166355	0.12443038915688	0.257317009773896	0.253871416782689	0.300911275237296	0.217541616291354	0.30363054787664	0.205975655252706	0.308436239466817	0.21528629061499	0.284968134073211	0.243250046016821	0.19777306492598	0.190286993232246	0.304317719248778	0.23553951196784	0.337614163960849	0.347500239336163	0.224106323508177	0.251218325763701	0.227610899477772	0.2506665911564	0.260786992413208	0.250178382981636	0.258037259647903	0.314988127863974	0.286304422394573
700032931	0.249611662688649	0.14967321908826	0.253038422353385	0.367741379911752	0.156420794939062	0.17265032933286	0.295339464179211	0.129347041656124	0.243395293209182	0.143323711402667	0.200190659767052	0.286549969646184	0.168229489599387	0.106506999640784	0.220250378446199	0.238578451754163	0.128682248094443	0.217244477392117	0.221971153389921	0.256344228494219	0.287787667020278	0.251871330892113	0.226152285703288	0.225921939726411	0.32914446473123	0.20046862331966	0	0.229351900910309	0.183620741130412	0.131612186916254	0.150502574590849	0.280490582169946	0.172330423415913	0.147103435090084	0.214911348490107	0.232692319646023	0.161028596346758	0.199636602345266	0.225901872470242	0.199581072692756	0.194229278215063	0.181152225604079	0.157853612067192	0.247177156074313	0.16571559405272	0.151717269173473	0.160007061253978	0.183348274012028	0.150400893420927	0.240764711200901	0.291209004501884	0.26025539161821	0.278279111575504	0.223732840751183	0.303427091299342	0.137248857868695	0.242190679778662	0.279028057126133	0.239613987481091	0.290455655603524
700095837	0.302108114404961	0.202017754563507	0.38407555569726	0.398299286303012	0.241412227790534	0.338539541868516	0.342323824494474	0.277193785753354	0.30448287077774	0.290433786067521	0.28229971607264	0.386299001576335	0.301207255631445	0.239370117932445	0.351184901772468	0.313222832531634	0.259376153149266	0.354819432565701	0.310079673744227	0.292262846499588	0.355227558384134	0.329412928819954	0.302782022244698	0.297700399024627	0.374195745046953	0.243289390322818	0.229351900910309	0	0.193665532435454	0.212532817612603	0.28454276140117	0.36353855529649	0.255661552760624	0.284377740666604	0.280211360581901	0.309820574664285	0.289998857803968	0.370008868548908	0.284232430790059	0.340765348712739	0.270942139800013	0.309151747926125	0.287541792498204	0.299910483387053	0.239030080321255	0.261788656596844	0.257078607319362	0.321922082570456	0.303081365766348	0.369355550179186	0.373043461042143	0.291193382309956	0.316048663833578	0.307991887818109	0.370082863501472	0.276558060727233	0.324573126049383	0.323015634089431	0.361996752560015	0.347908959310579
700024548	0.289667720187948	0.150261925533833	0.324597284487841	0.35053750931903	0.217760859590641	0.246206604770591	0.293044811172311	0.197608424827889	0.299595204013064	0.205661232258251	0.263019929812657	0.32964247821061	0.221251520825566	0.177366847556217	0.244209239930484	0.28734048747471	0.164834760578145	0.332284591336397	0.278173465032938	0.273254758560651	0.258113703719573	0.303964925600088	0.25958935187188	0.288704983167981	0.340510784689135	0.190634630408231	0.183620741130412	0.193665532435454	0	0.155653458847128	0.229790756550107	0.331267985421122	0.214647015349211	0.21753965122987	0.246328814960602	0.251656137451214	0.289257272353784	0.276535397183422	0.262995449255464	0.213438292692105	0.224681022385171	0.230494719984185	0.245966938655386	0.303919759859503	0.137506139059039	0.142486704345864	0.207615631554079	0.219804705530829	0.228779001886263	0.306474052633958	0.343942971009466	0.270397189817857	0.291314916805566	0.242950977993752	0.335589208028142	0.202270996983183	0.22535560127547	0.30216170755825	0.280138156680834	0.302974451487542
700110161	0.319178215506555	0.176058085648913	0.229681531632008	0.396686026060457	0.212195385602279	0.181272927982555	0.319300218194605	0.100273183797373	0.272720062232181	0.130432863044083	0.209553161877223	0.276408608304357	0.128898833888692	0.133942867761139	0.174986278984695	0.247097265049936	0.118315762888632	0.240435730786653	0.27531512575266	0.277991296360477	0.299535291165626	0.257768561790111	0.287731997710845	0.286271114131595	0.346410348302417	0.25743509674956	0.131612186916254	0.212532817612603	0.155653458847128	0	0.168902430121669	0.28299191797481	0.185960131372393	0.14785287415144	0.283584605208705	0.254897878089297	0.219997753633035	0.189270726612316	0.268900978015353	0.179728428842851	0.222112778963688	0.16913977080899	0.213635084301637	0.267984256564627	0.144124750397823	0.170409975207481	0.206262833586681	0.161411303597625	0.171546160527496	0.23556315712441	0.289495725749148	0.2860605096534	0.318993678018258	0.260793207073459	0.385064264047225	0.124407632636773	0.240868375560876	0.307429562281133	0.214627947116824	0.308572487382998
700023496	0.268419907471634	0.178783813437176	0.198632297986537	0.375348331480559	0.176030793167353	0.10558007714407	0.265252476661542	0.142840558878028	0.20512091213106	0.0886190894892457	0.123127868945364	0.195425280792835	0.136204824769239	0.111822692979464	0.206575217704035	0.158593772046092	0.12751611801582	0.142546251371101	0.196110144600566	0.228770596974122	0.202273315014027	0.170311068719596	0.23305980159359	0.223684760788229	0.262136964056698	0.256917871240616	0.150502574590849	0.28454276140117	0.229790756550107	0.168902430121669	0	0.201240724750878	0.0975016541061642	0.0706345400355953	0.27865394590574	0.171210957041637	0.150699672084635	0.155547887513278	0.212285918168382	0.210982865043146	0.126053176109453	0.137758825550606	0.114949514629889	0.201228593826807	0.129895720812345	0.136191704728561	0.129952315683451	0.128831800941144	0.0761590058540977	0.183264858595321	0.202896823771311	0.258691648324425	0.291077490484405	0.186500669160833	0.336657746525953	0.113602858646271	0.174983485350526	0.231708617512764	0.181672508490542	0.236297843866817
700034628	0.27714155038067	0.281302485904777	0.165325230894773	0.38091345543164	0.26089521957185	0.184093453570035	0.200834138295673	0.251449820088956	0.157802505036175	0.21574099205222	0.126700188436164	0.181035295665414	0.235324953027964	0.24760950782187	0.268278548865752	0.127270648412779	0.254051982846059	0.188090592421429	0.173368738095002	0.233195444361293	0.156943279261505	0.107871224188551	0.278222657223086	0.232372460568067	0.159942609699671	0.332289323650132	0.280490582169946	0.36353855529649	0.331267985421122	0.28299191797481	0.201240724750878	0	0.165081448234037	0.181495703785392	0.305947655721849	0.158357080555145	0.257324323626273	0.214901909713933	0.219751528726373	0.29656474782778	0.191994869337902	0.186487544105513	0.210434357258119	0.153762254352152	0.22914011054422	0.241914685016617	0.20440608231699	0.205890711644626	0.196769424955857	0.144817035427657	0.175930156564957	0.251087265971026	0.280771753365094	0.196343391152012	0.325522119188806	0.205967263387896	0.184351821302915	0.200833377311729	0.144334707527454	0.164464151132259
700023645	0.241452719868305	0.177291272031812	0.207950912589585	0.339810871632096	0.162038077504954	0.152958180374314	0.229007315571275	0.163431766766479	0.17562312980033	0.139920806501721	0.0832877933631827	0.192598750876879	0.169374000644692	0.142423065877539	0.23486769398164	0.113958831167058	0.148843456544242	0.184258915105945	0.174879121176448	0.190138212831986	0.163478095231074	0.127950002329837	0.219307781995105	0.205404664290211	0.212265206917597	0.234316780904557	0.172330423415913	0.255661552760624	0.214647015349211	0.185960131372393	0.0975016541061642	0.165081448234037	0	0.101730551070895	0.256680986011255	0.142620098396074	0.186331170245887	0.209513223042524	0.193771052284459	0.242079903476365	0.106977001112531	0.130771652945574	0.118510314200637	0.167869788394733	0.120189013931835	0.137995519668926	0.117289789673259	0.154174903065682	0.130286552954476	0.173389551853387	0.184013161474209	0.21074770669685	0.252629859593447	0.184720785299703	0.314755643761886	0.127644534578594	0.154702517905297	0.196648532274818	0.165650113929096	0.209789280805321
700038744	0.290944440554188	0.198920204681375	0.157589110008611	0.389597122493546	0.201340355633541	0.0736869437444163	0.287223122620663	0.123248455384397	0.224031021556425	0.076067452023749	0.120452197995127	0.172356696127	0.112650331928132	0.121167242980868	0.18079370454718	0.15798306728346	0.11829806385262	0.134435288186507	0.222073301685395	0.245358508743096	0.21907054244969	0.155418706821437	0.253127710534366	0.248556911940599	0.268752685037653	0.264884108166355	0.147103435090084	0.284377740666604	0.21753965122987	0.14785287415144	0.0706345400355953	0.181495703785392	0.101730551070895	0	0.296578082818196	0.194456682420003	0.170024955824542	0.135707630500794	0.237869580822008	0.1812173416048	0.154148750866668	0.0914210497819721	0.153015851044615	0.213642546341929	0.118346514486726	0.139216332765241	0.160485834224172	0.104938850984057	0.0841089773163207	0.140571341870905	0.194442087318527	0.280427311584202	0.311006867755274	0.210533659764921	0.358038063770902	0.0926632481459362	0.18336638986685	0.250132965991317	0.143051948561381	0.257805563018169
700038485	0.148346622267805	0.198269409200955	0.371977125184486	0.232025413978553	0.157874188713254	0.312656729184397	0.216314426328237	0.305212913366724	0.202880165799033	0.304861020822961	0.260815521346148	0.391355975662818	0.336092896816243	0.222672701676882	0.362895712234976	0.26116962069676	0.286343318109105	0.32117863350263	0.184264813369865	0.197949975886003	0.257916301275345	0.311105328967994	0.191255041066041	0.144908466772787	0.264913258285232	0.12443038915688	0.214911348490107	0.280211360581901	0.246328814960602	0.283584605208705	0.27865394590574	0.305947655721849	0.256680986011255	0.296578082818196	0	0.207670905720892	0.258096346962381	0.334161156440046	0.142194403291438	0.342195969393273	0.222079733300656	0.346146344061507	0.227596589899418	0.226290154155478	0.280532676139441	0.234375163230825	0.208163788185159	0.340864403042541	0.268903061627563	0.363365660518366	0.346777940868908	0.150759384479986	0.169503081224968	0.183408607541026	0.163610279684119	0.300738049026237	0.242402021475357	0.184039087950256	0.341969076186588	0.230022618703553
700024743	0.168082704287108	0.215958036582373	0.249135250833767	0.274921330230008	0.193669184733726	0.203509056655701	0.129515589486035	0.232461761958024	0.114085610772118	0.197254503482503	0.127469874820992	0.249660593445508	0.237848784692703	0.195245954989138	0.269525105674088	0.158333362389054	0.220313242735769	0.229968966986763	0.128669510755376	0.119392337221045	0.118375471857482	0.168079759532708	0.157525510387212	0.134590555288214	0.139044904321206	0.257317009773896	0.232692319646023	0.309820574664285	0.251656137451214	0.254897878089297	0.171210957041637	0.158357080555145	0.142620098396074	0.194456682420003	0.207670905720892	0	0.208799967561814	0.234687132064423	0.117457733292949	0.295668698867793	0.119864897686479	0.23860131854324	0.155295621507599	0.105013907947329	0.196660287256427	0.185505062273567	0.149898513694126	0.207293328146657	0.165405588375299	0.225975340630387	0.225874695524165	0.140940784501926	0.174052062200672	0.108957773128554	0.210667531897238	0.207766695768036	0.117729368060301	0.115184443338619	0.213913740596972	0.105586572337894
