700108602	700014971	700033565	700109389	700023058	700023927	700106341	700114221	700023543	700023439	700016978	700024192	700113058	700099448	700109870	700033928	700023693	700109627	700095416	700110425	700111580	700111302	700098605	700111991	700108960	700024452	700032931	700095837	700024548	700110161	700023496	700034628	700023645	700038744	700038485	700024743	700099596	700110760	700101587	700106399	700032322	700095653	700021312	700101230	700023590	700038905	700033136	700023382	700096424	700105469	700016908	700096053	700108479	700109569	700033814	700016125	700109756	700102665	700101777	700109455
700108602	0	-0.165266980228542	-0.196809659696866	-0.127518538449263	-0.153636814156675	-0.197486668782705	-0.0792637627695427	-0.220017797097141	-0.107646982651764	-0.203029039359786	-0.143275862040508	-0.201712027330987	-0.209850273956193	-0.152315602404851	-0.209335960231002	-0.110911588447798	-0.221736261568486	-0.195638682990034	-0.0938951127110178	-0.0848703577545247	-0.10833184253675	-0.128660169778747	-0.106299884312619	-0.061483900062282	-0.10266806558036	-0.116050467251395	-0.16894296107842	-0.175747101457754	-0.187406999806956	-0.197025898452796	-0.187288870752693	-0.152420654437809	-0.131195609995866	-0.192133242199143	-0.123399562926244	-0.120920546161037	-0.166729338478636	-0.212760475639012	-0.0934437885018617	-0.254662592606481	-0.103578407047024	-0.206832841561875	-0.138177212995199	-0.130433789843908	-0.189738139371803	-0.14804573459229	-0.114638849645706	-0.202357683514942	-0.160805173318202	-0.174899484633547	-0.139729821914399	-0.0655656351074213	-0.0838347660649595	-0.100379734105759	-0.0936399941790878	-0.203317453235766	-0.12112316948147	-0.0699447723357569	-0.180345703857238	-0.113148071385942
700014971	-0.165266980228542	0	-0.164644134991467	-0.223387470886344	-0.132910718091239	-0.138375530744377	-0.177307025082668	-0.118394769275239	-0.144511101232066	-0.11200716625934	-0.105999856141704	-0.181920048647502	-0.122762439462469	-0.098540029383417	-0.150492037053493	-0.154771799698381	-0.111354203331971	-0.156442419877374	-0.164971520662425	-0.16080776721529	-0.157222461712991	-0.136222656774987	-0.136014692457426	-0.157646000079379	-0.186754785885656	-0.158840203998044	-0.0912873699357949	-0.142007448918735	-0.123092035167054	-0.123523228503612	-0.10866417947739	-0.157171961370801	-0.117464605108353	-0.111388221321255	-0.160350067287951	-0.123465035102846	-0.148686193815225	-0.172168046455792	-0.135910550520829	-0.147307472002712	-0.133889607867998	-0.121919546880996	-0.134699000069676	-0.150501810329253	-0.10820583664757	-0.117714748076502	-0.105319319637715	-0.126950535916217	-0.10411325161818	-0.148192763997161	-0.153062055553962	-0.162300686047846	-0.173763386175669	-0.127091914416161	-0.187846482274136	-0.108334769790366	-0.151237641813545	-0.170813108466267	-0.143220771121849	-0.163072037522899
700033565	-0.196809659696866	-0.164644134991467	0	-0.232825817577977	-0.200209195875191	-0.0832900809510326	-0.199595826497265	-0.11582782003603	-0.173142423377722	-0.0915584117581582	-0.098379097538518	-0.06804839669294	-0.11644738579009	-0.139793236565813	-0.103619896129499	-0.137837395537637	-0.1251714141275	-0.114292279796934	-0.168545048550851	-0.185584494248865	-0.169975121593704	-0.103168233567891	-0.194107636973727	-0.184729264718683	-0.175339144626094	-0.197416854792359	-0.158865103298919	-0.193362517045655	-0.171569537950181	-0.118899510497983	-0.108631679813159	-0.128844498916643	-0.13190693188778	-0.0950263952682159	-0.206380401766083	-0.150203167057311	-0.156919598037364	-0.0963492742108533	-0.193182386446327	-0.15980022154396	-0.165339865475151	-0.0896078911215579	-0.148702971284185	-0.158003255191583	-0.129342661881865	-0.151150298844406	-0.165985865575424	-0.103381163806356	-0.12370833764367	-0.0820327130167375	-0.0895178618117412	-0.207235699948974	-0.210347765826355	-0.142842446038022	-0.226841016582862	-0.12189722345161	-0.155807206827614	-0.200863617674649	-0.0792027298912319	-0.179397209785904
700109389	-0.127518538449263	-0.223387470886344	-0.232825817577977	0	-0.202265871015923	-0.25424835230523	-0.118526288925337	-0.250305534419497	-0.188596872267491	-0.248756252315637	-0.200582096678606	-0.231366811689515	-0.247166677599063	-0.211898556608982	-0.23437384698256	-0.179102334196613	-0.256734841202015	-0.255270279309463	-0.188861956176947	-0.121266767873429	-0.153032443506872	-0.202649234421411	-0.148785623919588	-0.157527142436223	-0.144047307040069	-0.144862563850063	-0.239575429553894	-0.20434733047471	-0.1963434300309	-0.229739706260954	-0.244620908928982	-0.217751333354129	-0.180306825834068	-0.231659444048364	-0.143772979948388	-0.170472191798068	-0.24245771354886	-0.266805264339813	-0.151484831887118	-0.246148199927658	-0.1520706464038	-0.240469190711143	-0.212236705638755	-0.189155863392148	-0.218945579200071	-0.186232030829347	-0.18900022606577	-0.238126468305736	-0.210588960812216	-0.22061172688992	-0.186461164815153	-0.119106225163476	-0.0871729122118221	-0.187131945070313	-0.140552797887359	-0.235341211543277	-0.136789745518509	-0.119051817886591	-0.20755480972458	-0.170358138378569
700023058	-0.153636814156675	-0.132910718091239	-0.200209195875191	-0.202265871015923	0	-0.163697320125735	-0.156783838527458	-0.179296185517063	-0.136861647968304	-0.162079338970706	-0.137953784221475	-0.207398422025371	-0.17689606057589	-0.13670124223008	-0.18707958694559	-0.152539552327241	-0.17957891864983	-0.155900624930956	-0.148423288279643	-0.159621949659906	-0.166609174422082	-0.167075064514782	-0.145218002159313	-0.149485975708876	-0.194019672676888	-0.134644245165965	-0.135343042623925	-0.154928129767486	-0.15269644911724	-0.154129698578554	-0.146775283040367	-0.194612624161964	-0.139855273100214	-0.155120524841522	-0.124930781871746	-0.165073177037104	-0.135975653519432	-0.170568652843255	-0.119009174395198	-0.204739417625717	-0.132497291487185	-0.166513831530581	-0.136819656116085	-0.167799886536483	-0.155209035301806	-0.154456568637422	-0.109405427122061	-0.172749385564944	-0.142491176449193	-0.195710474601941	-0.172301125694918	-0.152946022178233	-0.163616250834945	-0.140880652974666	-0.165408273944983	-0.169407566594898	-0.16774831587148	-0.165043691023429	-0.187715516999203	-0.16025513541433
700023927	-0.197486668782705	-0.138375530744377	-0.0832900809510326	-0.25424835230523	-0.163697320125735	0	-0.217242140098576	-0.117018628121049	-0.178883834841951	-0.0760634956352296	-0.109442676806505	-0.108094405930471	-0.116366732692446	-0.107999753369441	-0.10963620129097	-0.150796710260332	-0.112775985627725	-0.0792241989637597	-0.166074886165031	-0.196772184860204	-0.174988765452381	-0.133594107738324	-0.183786457276154	-0.186750346956565	-0.20150468393502	-0.195288729149792	-0.127085975802018	-0.202443563456385	-0.16601467861379	-0.114884950892486	-0.0671292487087026	-0.157511882166021	-0.140527751576192	-0.0832209078358932	-0.19276322467782	-0.161606847839045	-0.12364402325824	-0.0658723701506852	-0.193902250516716	-0.155163912438679	-0.16233726083157	-0.0940261069738525	-0.116345398601345	-0.176137274137409	-0.123796910982837	-0.132293884176524	-0.1517161178212	-0.111566805810515	-0.0832132341985292	-0.103583035673302	-0.122437544716166	-0.218998866567842	-0.224892280833163	-0.121415726491602	-0.224790617900081	-0.115014526095617	-0.153480636609612	-0.212146954873007	-0.0966469759252117	-0.186815344654748
700106341	-0.0792637627695427	-0.177307025082668	-0.199595826497265	-0.118526288925337	-0.156783838527458	-0.217242140098576	0	-0.218696091443045	-0.0945765422857504	-0.214943391053749	-0.151412350633375	-0.187041979700403	-0.214456988549586	-0.178566544470186	-0.20548744977637	-0.128067427929533	-0.222150823999275	-0.225733990355964	-0.119575224590955	-0.0768735823375217	-0.0919231240014041	-0.13272321167789	-0.114580347760544	-0.108426086121987	-0.0777274891591441	-0.157915727827769	-0.215195762038287	-0.198770085026674	-0.202461490084433	-0.21329565441781	-0.201238359173866	-0.128980941032358	-0.138640104882241	-0.207070300796688	-0.160641350035192	-0.105240779565608	-0.207913112063257	-0.232230291975116	-0.102216201213085	-0.253934342218744	-0.116896364695072	-0.208301338592079	-0.146238778923608	-0.119111759375383	-0.183105790800151	-0.164406399879092	-0.142522111544111	-0.196021646088116	-0.176255359900409	-0.171169380070011	-0.158245692637041	-0.0653224709030182	-0.0813441108314099	-0.13092446221241	-0.123870237916438	-0.200755682181849	-0.111885069181116	-0.0633051726061239	-0.176690192627702	-0.0867898584923681
700114221	-0.220017797097141	-0.118394769275239	-0.11582782003603	-0.250305534419497	-0.179296185517063	-0.117018628121049	-0.218696091443045	0	-0.19895443505985	-0.0750979212342231	-0.134496325278131	-0.126575707195076	-0.0720902625099871	-0.122277832339403	-0.0809245934493682	-0.175815699338301	-0.0639479834717804	-0.145219890569572	-0.210489043671385	-0.198851889133063	-0.196280956657728	-0.16254260999365	-0.198899185447046	-0.212336925599323	-0.227489839450806	-0.211787429247072	-0.120461107105225	-0.167854849689917	-0.139916796244241	-0.100966153840557	-0.110679994390544	-0.175041880774949	-0.140529527823004	-0.0925949469070026	-0.214089106148923	-0.152923738575082	-0.169998699758585	-0.1127800590773	-0.190821147546661	-0.095163521964744	-0.161811696446577	-0.066486605199332	-0.171329898885712	-0.176543922300932	-0.0883026137539114	-0.140754033460239	-0.151575134658796	-0.0706917818189235	-0.129392793461538	-0.124790592364161	-0.15424342151353	-0.223136268422787	-0.218494668588364	-0.170251104723787	-0.254093408545185	-0.079290968380963	-0.161251196080586	-0.227563429628811	-0.112128716419781	-0.199908347635253
700023543	-0.107646982651764	-0.144511101232066	-0.173142423377722	-0.188596872267491	-0.136861647968304	-0.178883834841951	-0.0945765422857504	-0.19895443505985	0	-0.173080675586307	-0.119285275509192	-0.171687047291332	-0.188619606658696	-0.158908728928924	-0.194133159215523	-0.0936177659772394	-0.195947269356092	-0.189087832258291	-0.0891924700423084	-0.11737993007972	-0.109252029721277	-0.101433133050604	-0.109455541019891	-0.103753993303314	-0.111663665687933	-0.15044108689348	-0.172497445486028	-0.174273023769499	-0.198420252015643	-0.181096579738995	-0.164519825636649	-0.101756727761772	-0.12181625496387	-0.16765778270101	-0.144952029866715	-0.122563802646393	-0.164882382333687	-0.195598832105719	-0.097859652208	-0.239413869688803	-0.10921937972427	-0.179190932106392	-0.126962025813989	-0.0924248550810695	-0.172209624757722	-0.15340983194329	-0.11292450588437	-0.175073902069175	-0.156885271899655	-0.144033557784197	-0.132297710859669	-0.0884000546693198	-0.126427827495016	-0.125988396238856	-0.130282690127334	-0.177955761262555	-0.14567209541078	-0.0877934504359203	-0.163584219046722	-0.0818735097691275
700023439	-0.203029039359786	-0.11200716625934	-0.0915584117581582	-0.248756252315637	-0.162079338970706	-0.0760634956352296	-0.214943391053749	-0.0750979212342231	-0.173080675586307	0	-0.108008519902943	-0.124312519510008	-0.081262880836823	-0.100918200293348	-0.0956394022436466	-0.151013429248146	-0.0726811230632999	-0.101135718131587	-0.180983143338804	-0.189925842100864	-0.175584388238735	-0.146874227431714	-0.177517532607282	-0.191180354307964	-0.208992766374497	-0.194049466731389	-0.114941003610376	-0.172589404844646	-0.143953584766752	-0.0911382566267568	-0.066317619416302	-0.163136613123657	-0.121873233521218	-0.0687128964339229	-0.192538767191746	-0.147973288884101	-0.134423251612843	-0.0948043031556122	-0.180299437303393	-0.123224622713039	-0.147295963085697	-0.0714068733247012	-0.135981027837395	-0.166423842582501	-0.0979193421360881	-0.118908790686914	-0.13417864237397	-0.0824056092818556	-0.0837639261501526	-0.112157186976189	-0.128315702861146	-0.209587677426687	-0.216237900328769	-0.139431163897288	-0.230342090169758	-0.0823441874024046	-0.147652595691117	-0.204999186088125	-0.0987907214458384	-0.185553606688466
700016978	-0.143275862040508	-0.105999856141704	-0.098379097538518	-0.200582096678606	-0.137953784221475	-0.109442676806505	-0.151412350633375	-0.134496325278131	-0.119285275509192	-0.108008519902943	0	-0.114994217393089	-0.124900521397367	-0.112062327598254	-0.139793163814523	-0.0979557624501285	-0.130693486825432	-0.116243345926978	-0.127580193862047	-0.128183568368153	-0.127464248947595	-0.0723094858195674	-0.138855155276211	-0.132487012282961	-0.134309765151076	-0.159667153625848	-0.128861386015838	-0.137107328629153	-0.156031248780008	-0.122916882128397	-0.0917155910253344	-0.106317139135785	-0.0777234291525569	-0.0920921606636171	-0.151485855852079	-0.0927691992315023	-0.123785017008573	-0.143723057296259	-0.118722295729316	-0.176620465102527	-0.105714959141505	-0.109537018826535	-0.0851804988290952	-0.108933720979113	-0.110668740811801	-0.118106406085957	-0.111038006944087	-0.117833849173518	-0.0925962130856904	-0.10156803226514	-0.0900764427148586	-0.151334301603547	-0.153358347469359	-0.103176171185397	-0.172075951802886	-0.116432891314813	-0.116988313621013	-0.148848554392561	-0.0982135410991573	-0.132145477707229
700024192	-0.201712027330987	-0.181920048647502	-0.06804839669294	-0.231366811689515	-0.207398422025371	-0.108094405930471	-0.187041979700403	-0.126575707195076	-0.171687047291332	-0.124312519510008	-0.114994217393089	0	-0.112116868064388	-0.162304783033173	-0.102011159013984	-0.138383682947997	-0.130884617191714	-0.140091352812726	-0.171086102020212	-0.183120052413073	-0.153666999610441	-0.0967761477647126	-0.201203008292302	-0.20115452605899	-0.170671618450694	-0.218258794748139	-0.188066392916156	-0.20301431980787	-0.186660480127347	-0.151743695688899	-0.122401520862061	-0.111853818921215	-0.130517876137924	-0.121241130645186	-0.224161487482155	-0.149487627870564	-0.180728591610892	-0.11720544838321	-0.203815861198417	-0.163089644228302	-0.15932560287075	-0.0937787657480083	-0.149867724490493	-0.150531525764228	-0.119761319997941	-0.159054822761619	-0.178525130827801	-0.106820988576711	-0.146763326452931	-0.0770185563509769	-0.102974202993265	-0.212613429610705	-0.206880757340911	-0.151605760344067	-0.24668335447476	-0.111844231746147	-0.138484184447852	-0.20265989486991	-0.0878586044717672	-0.168563094474412
700113058	-0.209850273956193	-0.122762439462469	-0.11644738579009	-0.247166677599063	-0.17689606057589	-0.116366732692446	-0.214456988549586	-0.0720902625099871	-0.188619606658696	-0.081262880836823	-0.124900521397367	-0.112116868064388	0	-0.116462251157775	-0.0724710223913521	-0.164350971534438	-0.0749681324789617	-0.142005365818069	-0.198465805761165	-0.195570035877617	-0.185334315951157	-0.143935275325918	-0.193198517064184	-0.207097843545964	-0.219515525874509	-0.215759194878451	-0.12914690099599	-0.162399210821072	-0.141325954649785	-0.104087782804076	-0.105298788569501	-0.162896174020059	-0.128352197914264	-0.0885840245214543	-0.215729873495175	-0.151915109433807	-0.165152316548304	-0.119824808643093	-0.180017440399547	-0.115223212350753	-0.153363330011393	-0.0665468274242753	-0.173132290942431	-0.16884679823116	-0.0951785339657871	-0.134644080500842	-0.16396658681636	-0.0776010360155002	-0.12570836209603	-0.114599307600989	-0.148712501610718	-0.214381116147145	-0.218056877770996	-0.170808153568768	-0.250206889937565	-0.0629671867066406	-0.153631929273064	-0.213571249542865	-0.104581436301724	-0.187956729313569
700099448	-0.152315602404851	-0.098540029383417	-0.139793236565813	-0.211898556608982	-0.13670124223008	-0.107999753369441	-0.178566544470186	-0.122277832339403	-0.158908728928924	-0.100918200293348	-0.112062327598254	-0.162304783033173	-0.116462251157775	0	-0.126760393762454	-0.141359898505607	-0.113049640594368	-0.130755500014336	-0.143300456719392	-0.159904541622026	-0.152285752161901	-0.147501937773271	-0.136939667757393	-0.143181859588976	-0.187240967318111	-0.147329087718833	-0.0932923653968782	-0.155724188480281	-0.113678526783042	-0.0997577600578781	-0.0937304224135887	-0.172853090022353	-0.110993031916945	-0.0960183206525288	-0.150036971035397	-0.135085712798244	-0.126170801591439	-0.133615385733121	-0.146844097508027	-0.15909384954833	-0.129473011862925	-0.112532265312766	-0.115126341549537	-0.167529104658204	-0.104493102830809	-0.107407961611784	-0.103477162812284	-0.121438402023979	-0.0723757821788094	-0.144203156647588	-0.130223016491385	-0.163869913785138	-0.179707767707021	-0.109820591418734	-0.178884954413987	-0.11257867091984	-0.123129791561618	-0.169236951514292	-0.116872474445309	-0.164062090532852
700109870	-0.209335960231002	-0.150492037053493	-0.103619896129499	-0.23437384698256	-0.18707958694559	-0.10963620129097	-0.20548744977637	-0.0809245934493682	-0.194133159215523	-0.0956394022436466	-0.139793163814523	-0.102011159013984	-0.0724710223913521	-0.126760393762454	0	-0.170428460593396	-0.0965728140182307	-0.149430089071779	-0.20578023037937	-0.185162312439438	-0.178100691191207	-0.150567994843372	-0.188246204888049	-0.211119564603989	-0.210856568608082	-0.215149438209502	-0.15195094354997	-0.185813634556539	-0.14359369894802	-0.104087442433097	-0.121481335686943	-0.159943989851022	-0.145404930003216	-0.109733948321262	-0.218895952964972	-0.155418193253596	-0.174373245367713	-0.102329906865869	-0.199736866704681	-0.112415763373452	-0.166797721253496	-0.072590030213034	-0.174399949467851	-0.162210768691001	-0.101833284436044	-0.131463779782669	-0.159470924326693	-0.0735497181919033	-0.125458402353713	-0.111214984137295	-0.152751312155871	-0.215870617353934	-0.210354747585321	-0.166366168650681	-0.244295148515539	-0.0861785434128638	-0.139463861007136	-0.218841609899599	-0.0960510276916223	-0.186044456612897
700033928	-0.110911588447798	-0.154771799698381	-0.137837395537637	-0.179102334196613	-0.152539552327241	-0.150796710260332	-0.128067427929533	-0.175815699338301	-0.0936177659772394	-0.151013429248146	-0.0979557624501285	-0.138383682947997	-0.164350971534438	-0.141359898505607	-0.170428460593396	0	-0.171360863988835	-0.149924220493707	-0.100246293315147	-0.12463722943136	-0.115558612752795	-0.0920670923345485	-0.132655378717812	-0.109745657170704	-0.129509975467761	-0.157026720462088	-0.165487698638579	-0.154963881981245	-0.189097853297006	-0.160221944625359	-0.141096468990315	-0.117090653297095	-0.0869798533095444	-0.141971431434173	-0.155501693453025	-0.139068080603757	-0.147853930123551	-0.177881214240336	-0.116739936341946	-0.219521525831746	-0.0954323735530597	-0.14978096426421	-0.122327316346736	-0.123662429507236	-0.146245955179946	-0.141538521355	-0.11637045069944	-0.155916251983341	-0.13500880955017	-0.107764129790983	-0.0913837654877587	-0.118287016571811	-0.13538612323634	-0.131569698406335	-0.165227542568358	-0.147520930475022	-0.133966277856317	-0.109749448114997	-0.12621865758449	-0.108168234902632
700023693	-0.221736261568486	-0.111354203331971	-0.1251714141275	-0.256734841202015	-0.17957891864983	-0.112775985627725	-0.222150823999275	-0.0639479834717804	-0.195947269356092	-0.0726811230632999	-0.130693486825432	-0.130884617191714	-0.0749681324789617	-0.113049640594368	-0.0965728140182307	-0.171360863988835	0	-0.137745159692832	-0.208646713848057	-0.199151978579967	-0.179056580568305	-0.160015720888593	-0.194841098560748	-0.208106526207607	-0.22638422505886	-0.215460171757563	-0.133134923828788	-0.176442368040916	-0.139414302949396	-0.113544149021528	-0.0973582011299116	-0.175029524253579	-0.138283694382216	-0.099788047203139	-0.219049789575501	-0.154720608887966	-0.160307531530562	-0.128238036503296	-0.189963332655196	-0.0933566344633099	-0.160803517564751	-0.0758574421657709	-0.166074152251686	-0.178430139983465	-0.0855207604188198	-0.129864463990302	-0.151254143596522	-0.073429127318991	-0.120634601045107	-0.128966593214708	-0.1541731855941	-0.222609094006122	-0.22222254556424	-0.167829742450331	-0.255175830732007	-0.0804506874996702	-0.156478793294064	-0.222646385313771	-0.126473513971658	-0.200029667414417
700109627	-0.195638682990034	-0.156442419877374	-0.114292279796934	-0.255270279309463	-0.155900624930956	-0.0792241989637597	-0.225733990355964	-0.145219890569572	-0.189087832258291	-0.101135718131587	-0.116243345926978	-0.140091352812726	-0.142005365818069	-0.130755500014336	-0.149430089071779	-0.149924220493707	-0.137745159692832	0	-0.178121244067135	-0.19599205004807	-0.204614522153419	-0.14799655694616	-0.198399440318688	-0.176917605138727	-0.204836791636672	-0.202737211095625	-0.133347996962418	-0.186205663595444	-0.196122348059763	-0.129495988913394	-0.0829431446254111	-0.173171677547265	-0.140341299419781	-0.106197599040944	-0.190356963393998	-0.170809263330686	-0.0938874550016105	-0.100321635353872	-0.185953039027497	-0.186285561847272	-0.176431867310008	-0.123398612038998	-0.129503879177481	-0.173534349990668	-0.15490948709155	-0.165518354957358	-0.159121722321088	-0.145396950383681	-0.100771706901077	-0.141381236070546	-0.127690094575809	-0.218645039560013	-0.225826259890853	-0.148949166522376	-0.216657665389945	-0.141043822718374	-0.17745980215625	-0.218736400220307	-0.139893821548434	-0.204914097214671
700095416	-0.0938951127110178	-0.164971520662425	-0.168545048550851	-0.188861956176947	-0.148423288279643	-0.166074886165031	-0.119575224590955	-0.210489043671385	-0.0891924700423084	-0.180983143338804	-0.127580193862047	-0.171086102020212	-0.198465805761165	-0.143300456719392	-0.20578023037937	-0.100246293315147	-0.208646713848057	-0.178121244067135	0	-0.129132220241833	-0.106144209804765	-0.114320380396635	-0.127894851442657	-0.091678133068452	-0.118695014603977	-0.140333367854153	-0.167738451220414	-0.189888766362868	-0.19133691052317	-0.188665560214002	-0.162084004677548	-0.130908914442941	-0.11856148513428	-0.179272876779636	-0.142568540365435	-0.139454676979469	-0.151595673979664	-0.180524132094417	-0.115954311047986	-0.250910973879346	-0.105387628261547	-0.189249516325009	-0.102338224302213	-0.135518225231878	-0.172497158468707	-0.147375030354139	-0.108635057198246	-0.191455660723648	-0.153734814049162	-0.153527864980564	-0.119982805502223	-0.12078587528269	-0.14442373331346	-0.0996049349070504	-0.131338724964491	-0.189185261195468	-0.139588076416389	-0.108647947583216	-0.163161812648098	-0.115020526281538
700110425	-0.0848703577545247	-0.16080776721529	-0.185584494248865	-0.121266767873429	-0.159621949659906	-0.196772184860204	-0.0768735823375217	-0.198851889133063	-0.11737993007972	-0.189925842100864	-0.128183568368153	-0.183120052413073	-0.195570035877617	-0.159904541622026	-0.185162312439438	-0.12463722943136	-0.199151978579967	-0.19599205004807	-0.129132220241833	0	-0.0929938887708235	-0.124617296197747	-0.106462793460939	-0.0984384938234094	-0.0752602567811745	-0.151490506389327	-0.188640438428815	-0.170210987746994	-0.183372340010745	-0.180775698447725	-0.182149501348298	-0.140786634620025	-0.117144838309073	-0.180882367521009	-0.143396237521538	-0.0939186598066352	-0.178458555134124	-0.216702616607671	-0.10361437470241	-0.234742018645346	-0.107097918027974	-0.183352020815759	-0.132664309093002	-0.0927289460484799	-0.160450334596192	-0.148805877079883	-0.120000678369403	-0.176195287677579	-0.152053902139726	-0.16265370223142	-0.142072972487871	-0.0738455703108294	-0.0645382501420334	-0.123118491201264	-0.122064672821369	-0.182472820922278	-0.0759666856775136	-0.076804787653865	-0.155475925844325	-0.0954821765680236
700111580	-0.10833184253675	-0.157222461712991	-0.169975121593704	-0.153032443506872	-0.166609174422082	-0.174988765452381	-0.0919231240014041	-0.196280956657728	-0.109252029721277	-0.175584388238735	-0.127464248947595	-0.153666999610441	-0.185334315951157	-0.152285752161901	-0.178100691191207	-0.115558612752795	-0.179056580568305	-0.204614522153419	-0.106144209804765	-0.0929938887708235	0	-0.105246483754243	-0.111260199526141	-0.115798815961286	-0.0800406179813408	-0.169241741721635	-0.19170226894531	-0.200045744777306	-0.166959464532424	-0.196787370106923	-0.175219359473411	-0.117624821639743	-0.111364214499175	-0.182293976529107	-0.175841120670469	-0.10665040697286	-0.19711241757542	-0.186324446117486	-0.135522404242187	-0.22079849548625	-0.0945353761112219	-0.172241746730961	-0.124777934910389	-0.12179473470138	-0.141769446415886	-0.126144113926647	-0.115561227541851	-0.158803175109888	-0.145160212811602	-0.137239691248411	-0.125235307734439	-0.10365173719859	-0.113588101501843	-0.104283684231201	-0.149170040613432	-0.170796876434322	-0.0871505713038422	-0.0850757759769276	-0.138009771812625	-0.0905579487819146
700111302	-0.128660169778747	-0.136222656774987	-0.103168233567891	-0.202649234421411	-0.167075064514782	-0.133594107738324	-0.13272321167789	-0.16254260999365	-0.101433133050604	-0.146874227431714	-0.0723094858195674	-0.0967761477647126	-0.143935275325918	-0.147501937773271	-0.150567994843372	-0.0920670923345485	-0.160015720888593	-0.14799655694616	-0.114320380396635	-0.124617296197747	-0.105246483754243	0	-0.145797556402309	-0.129006307641851	-0.108536268776855	-0.17793054681679	-0.159277760987286	-0.168623653928305	-0.189200616616093	-0.157953061138977	-0.131789260335216	-0.065115264516222	-0.0843543961883661	-0.128011154822548	-0.176382019738174	-0.102346176282912	-0.156167116745877	-0.158874594886365	-0.135559093777631	-0.203276735405172	-0.123916717835341	-0.129118848379012	-0.111224571115907	-0.102241585370611	-0.133178090883505	-0.153450726580658	-0.134249641381318	-0.130184637030293	-0.128920659781766	-0.0722195147527684	-0.0870189582038071	-0.137209773799878	-0.148233308614491	-0.107965903656603	-0.180126757632354	-0.129425347924255	-0.127243078269964	-0.13094457711508	-0.105224467035201	-0.110612903336625
700098605	-0.106299884312619	-0.136014692457426	-0.194107636973727	-0.148785623919588	-0.145218002159313	-0.183786457276154	-0.114580347760544	-0.198899185447046	-0.109455541019891	-0.177517532607282	-0.138855155276211	-0.201203008292302	-0.193198517064184	-0.136939667757393	-0.188246204888049	-0.132655378717812	-0.194841098560748	-0.198399440318688	-0.127894851442657	-0.106462793460939	-0.111260199526141	-0.145797556402309	0	-0.102158051769886	-0.141196887962737	-0.132600561046742	-0.153972533151247	-0.162530068735427	-0.164805022540296	-0.177119046145936	-0.171274129507629	-0.161053152981586	-0.133989310398834	-0.177614538962628	-0.129511124888633	-0.12059997682621	-0.169336781581896	-0.199971841879323	-0.111132723982399	-0.213332332242637	-0.110292433961661	-0.186649766944928	-0.14702103927263	-0.127317650825072	-0.179248960729911	-0.124486926067954	-0.116232667522179	-0.185944591656751	-0.148015809745909	-0.177344910401562	-0.153774766985625	-0.101094857516042	-0.110560562913651	-0.11743451634903	-0.103772935114181	-0.186464103113137	-0.12297193371578	-0.109466167911929	-0.168634191782242	-0.107950230922765
700111991	-0.061483900062282	-0.157646000079379	-0.184729264718683	-0.157527142436223	-0.149485975708876	-0.186750346956565	-0.108426086121987	-0.212336925599323	-0.103753993303314	-0.191180354307964	-0.132487012282961	-0.20115452605899	-0.207097843545964	-0.143181859588976	-0.211119564603989	-0.109745657170704	-0.208106526207607	-0.176917605138727	-0.091678133068452	-0.0984384938234094	-0.115798815961286	-0.129006307641851	-0.102158051769886	0	-0.115845281387283	-0.110531513075798	-0.150482964803151	-0.165695973569108	-0.182536390183624	-0.193722228836677	-0.179661258734911	-0.15652324896917	-0.126960865320236	-0.185279671331163	-0.117143304933719	-0.113031350394987	-0.154817731812574	-0.199563634276141	-0.0881873535982424	-0.248630961221417	-0.106147415904604	-0.201144954347803	-0.128308627101194	-0.128414128799139	-0.185054123442374	-0.13731015626713	-0.105514297352182	-0.19888679329671	-0.155225722126984	-0.17354223727279	-0.130272923783928	-0.0947534828017456	-0.106717433143295	-0.0906645698217838	-0.0753299747431564	-0.199922316894532	-0.132250111468833	-0.101887249261626	-0.172236218660194	-0.119667510612992
700108960	-0.10266806558036	-0.186754785885656	-0.175339144626094	-0.144047307040069	-0.194019672676888	-0.20150468393502	-0.0777274891591441	-0.227489839450806	-0.111663665687933	-0.208992766374497	-0.134309765151076	-0.170671618450694	-0.219515525874509	-0.187240967318111	-0.210856568608082	-0.129509975467761	-0.22638422505886	-0.204836791636672	-0.118695014603977	-0.0752602567811745	-0.0800406179813408	-0.108536268776855	-0.141196887962737	-0.115845281387283	0	-0.189272553421281	-0.220287061364763	-0.207714769200195	-0.212620049090452	-0.209245274934439	-0.197795554015012	-0.1041456973435	-0.134880559691132	-0.198895555346796	-0.187704376692857	-0.102979153259166	-0.206329848642838	-0.220992821771415	-0.129513914943051	-0.263618287937187	-0.13217688927455	-0.201575668208858	-0.139873348119575	-0.103463298116247	-0.183507721480755	-0.182127222085757	-0.157131675793995	-0.1987194786036	-0.166048857091227	-0.144940630158325	-0.128454696601923	-0.0951921946425389	-0.0945053860728961	-0.127546034507815	-0.131898279043521	-0.200892718412051	-0.107403702019382	-0.0800544281654438	-0.154164547022869	-0.0872856038848646
700024452	-0.116050467251395	-0.158840203998044	-0.197416854792359	-0.144862563850063	-0.134644245165965	-0.195288729149792	-0.157915727827769	-0.211787429247072	-0.15044108689348	-0.194049466731389	-0.159667153625848	-0.218258794748139	-0.215759194878451	-0.147329087718833	-0.215149438209502	-0.157026720462088	-0.215460171757563	-0.202737211095625	-0.140333367854153	-0.151490506389327	-0.169241741721635	-0.17793054681679	-0.132600561046742	-0.110531513075798	-0.189272553421281	0	-0.149491956500768	-0.155757667361755	-0.134680625440446	-0.186302247922891	-0.185556835036003	-0.203136420709069	-0.157594506126388	-0.186514390992096	-0.0629106498060143	-0.147887111094773	-0.173474064228823	-0.206698897351939	-0.116402000813669	-0.216550988549204	-0.137914334106581	-0.202669294203126	-0.15635476935851	-0.179813746209035	-0.186811425492551	-0.131937264411803	-0.112968486644252	-0.206331603114529	-0.163334977369734	-0.200650381315728	-0.167266547542025	-0.132440921282772	-0.130338351419237	-0.123829255455441	-0.11363776069423	-0.20865350672305	-0.160297940494445	-0.149525823560224	-0.185817427947902	-0.177590491545461
700032931	-0.16894296107842	-0.0912873699357949	-0.158865103298919	-0.239575429553894	-0.135343042623925	-0.127085975802018	-0.215195762038287	-0.120461107105225	-0.172497445486028	-0.114941003610376	-0.128861386015838	-0.188066392916156	-0.12914690099599	-0.0932923653968782	-0.15195094354997	-0.165487698638579	-0.133134923828788	-0.133347996962418	-0.167738451220414	-0.188640438428815	-0.19170226894531	-0.159277760987286	-0.153972533151247	-0.150482964803151	-0.220287061364763	-0.149491956500768	0	-0.141580653889332	-0.134978400057478	-0.112416582894435	-0.106422483501759	-0.186766430988169	-0.13696372464637	-0.101997298700386	-0.157757069045203	-0.162456319650798	-0.12126030050188	-0.145134717050721	-0.157939524639202	-0.150964021307721	-0.159869301352415	-0.121047706780832	-0.144060500897793	-0.177737105074455	-0.12048147081391	-0.134221053220836	-0.119277754297212	-0.128935856210782	-0.103138144676224	-0.150706696462969	-0.163944246986127	-0.193650849102149	-0.199760512148559	-0.126727807835841	-0.184646527848995	-0.12252812829595	-0.173649962969008	-0.205504687749402	-0.148276823361472	-0.193129420805527
700095837	-0.175747101457754	-0.142007448918735	-0.193362517045655	-0.20434733047471	-0.154928129767486	-0.202443563456385	-0.198770085026674	-0.167854849689917	-0.174273023769499	-0.172589404844646	-0.137107328629153	-0.20301431980787	-0.162399210821072	-0.155724188480281	-0.185813634556539	-0.154963881981245	-0.176442368040916	-0.186205663595444	-0.189888766362868	-0.170210987746994	-0.200045744777306	-0.168623653928305	-0.162530068735427	-0.165695973569108	-0.207714769200195	-0.155757667361755	-0.141580653889332	0	-0.125614501816126	-0.133735962760999	-0.170931925100822	-0.197367726426353	-0.141493783380528	-0.140789352878521	-0.147500814508487	-0.162847976054215	-0.163136778771708	-0.221460151774605	-0.137011213853313	-0.182204342166379	-0.154139584373308	-0.160285225355688	-0.177540366247055	-0.165113075218283	-0.150075542674704	-0.155292181803721	-0.151280386787008	-0.172542894859283	-0.165924010147648	-0.190004443158117	-0.161848122014956	-0.17779928202007	-0.172602122608163	-0.178799926661489	-0.190534729794586	-0.157503563420005	-0.180129673279844	-0.193371921080993	-0.180045779968629	-0.190075790929259
700024548	-0.187406999806956	-0.123092035167054	-0.171569537950181	-0.1963434300309	-0.15269644911724	-0.16601467861379	-0.202461490084433	-0.139916796244241	-0.198420252015643	-0.143953584766752	-0.156031248780008	-0.186660480127347	-0.141325954649785	-0.113678526783042	-0.14359369894802	-0.189097853297006	-0.139414302949396	-0.196122348059763	-0.19133691052317	-0.183372340010745	-0.166959464532424	-0.189200616616093	-0.164805022540296	-0.182536390183624	-0.212620049090452	-0.134680625440446	-0.134978400057478	-0.125614501816126	0	-0.12548074490987	-0.150978309383488	-0.216202104295833	-0.143543592676039	-0.128266380806977	-0.143441489153244	-0.151297517922142	-0.19009478212495	-0.178741314387346	-0.15936627784673	-0.130101023197536	-0.153651269490496	-0.129367732192324	-0.168886307486932	-0.205274253628834	-0.0961886010819779	-0.091196384190191	-0.130271913623588	-0.138024239079572	-0.137072868959148	-0.19223823139095	-0.168112399130104	-0.18692997873883	-0.184492819523668	-0.146475061537042	-0.186770547669671	-0.143738514978427	-0.143701879772248	-0.197652969862278	-0.154786602163954	-0.207020234485289
700110161	-0.197025898452796	-0.123523228503612	-0.118899510497983	-0.229739706260954	-0.154129698578554	-0.114884950892486	-0.21329565441781	-0.100966153840557	-0.181096579738995	-0.0911382566267568	-0.122916882128397	-0.151743695688899	-0.104087782804076	-0.0997577600578781	-0.104087442433097	-0.160221944625359	-0.113544149021528	-0.129495988913394	-0.188665560214002	-0.180775698447725	-0.196787370106923	-0.157953061138977	-0.177119046145936	-0.193722228836677	-0.209245274934439	-0.186302247922891	-0.112416582894435	-0.133735962760999	-0.12548074490987	0	-0.102729851447598	-0.175338794448597	-0.138442429938135	-0.0732686739078696	-0.181115630209945	-0.154994151721427	-0.135323730686028	-0.124712265544748	-0.174949153011868	-0.133687865155815	-0.169738211744457	-0.0941620476400319	-0.149660814728707	-0.166325281713509	-0.11946917990102	-0.143939883074229	-0.154160753306427	-0.113030799251138	-0.0979285873913455	-0.133330639203499	-0.148276318186134	-0.199658019357945	-0.204360381518319	-0.154434477699361	-0.225937731715388	-0.104827136332337	-0.158941523558537	-0.203354840568731	-0.121021925756203	-0.192865427054029
700023496	-0.187288870752693	-0.10866417947739	-0.108631679813159	-0.244620908928982	-0.146775283040367	-0.0671292487087026	-0.201238359173866	-0.110679994390544	-0.164519825636649	-0.066317619416302	-0.0917155910253344	-0.122401520862061	-0.105298788569501	-0.0937304224135887	-0.121481335686943	-0.141096468990315	-0.0973582011299116	-0.0829431446254111	-0.162084004677548	-0.182149501348298	-0.175219359473411	-0.131789260335216	-0.171274129507629	-0.179661258734911	-0.197795554015012	-0.185556835036003	-0.106422483501759	-0.170931925100822	-0.150978309383488	-0.102729851447598	0	-0.156611117522411	-0.11020553706895	-0.0713559343485103	-0.180358753189265	-0.145868434636549	-0.113040909538138	-0.107951722215979	-0.169715101261447	-0.153645215500343	-0.143000545138172	-0.0915164824616597	-0.110662337133929	-0.163973540152283	-0.0986639142787192	-0.12556498568494	-0.131943559049645	-0.101237552387425	-0.0635438406196026	-0.119263231219674	-0.127069300178052	-0.204059661941886	-0.209594553749283	-0.126109886525322	-0.220282857214419	-0.0982832470841056	-0.143673054518652	-0.200275448193493	-0.114425051445272	-0.181830859658228
700034628	-0.152420654437809	-0.157171961370801	-0.128844498916643	-0.217751333354129	-0.194612624161964	-0.157511882166021	-0.128980941032358	-0.175041880774949	-0.101756727761772	-0.163136613123657	-0.106317139135785	-0.111853818921215	-0.162896174020059	-0.172853090022353	-0.159943989851022	-0.117090653297095	-0.175029524253579	-0.173171677547265	-0.130908914442941	-0.140786634620025	-0.117624821639743	-0.065115264516222	-0.161053152981586	-0.15652324896917	-0.1041456973435	-0.203136420709069	-0.186766430988169	-0.197367726426353	-0.216202104295833	-0.175338794448597	-0.156611117522411	0	-0.119561869943211	-0.152246503363211	-0.203757819200491	-0.096997631240647	-0.1855633637664	-0.17216460611754	-0.165799765407468	-0.213662350978086	-0.152260525236152	-0.147305557262651	-0.128794458704928	-0.0801629702580128	-0.154708614360769	-0.178979457052006	-0.156208234942049	-0.143372882154275	-0.152539721840273	-0.0826544220388048	-0.12719007280517	-0.149793810909605	-0.162411714062025	-0.134453344236449	-0.199011576475052	-0.139251477810501	-0.142504726554671	-0.134847849837761	-0.127463417617581	-0.0883603075370761
700023645	-0.131195609995866	-0.117464605108353	-0.13190693188778	-0.180306825834068	-0.139855273100214	-0.140527751576192	-0.138640104882241	-0.140529527823004	-0.12181625496387	-0.121873233521218	-0.0777234291525569	-0.130517876137924	-0.128352197914264	-0.110993031916945	-0.145404930003216	-0.0869798533095444	-0.138283694382216	-0.140341299419781	-0.11856148513428	-0.117144838309073	-0.111364214499175	-0.0843543961883661	-0.133989310398834	-0.126960865320236	-0.134880559691132	-0.157594506126388	-0.13696372464637	-0.141493783380528	-0.143543592676039	-0.138442429938135	-0.11020553706895	-0.119561869943211	0	-0.105894232627025	-0.156008851889185	-0.10091617047776	-0.139758353863343	-0.172541378788074	-0.115135714077677	-0.182048405298647	-0.0966065047407961	-0.111294221499511	-0.10271133295549	-0.121005792781367	-0.100014341589291	-0.117890183934921	-0.101027380674903	-0.112655456013042	-0.103199576014845	-0.107322098306659	-0.0891142654924935	-0.134418048004838	-0.143928563490683	-0.119837880889893	-0.176177838741655	-0.112953483882544	-0.108523409623549	-0.129451050720747	-0.110935360082637	-0.128519455619198
700038744	-0.192133242199143	-0.111388221321255	-0.0950263952682159	-0.231659444048364	-0.155120524841522	-0.0832209078358932	-0.207070300796688	-0.0925949469070026	-0.16765778270101	-0.0687128964339229	-0.0920921606636171	-0.121241130645186	-0.0885840245214543	-0.0960183206525288	-0.109733948321262	-0.141971431434173	-0.099788047203139	-0.106197599040944	-0.179272876779636	-0.180882367521009	-0.182293976529107	-0.128011154822548	-0.177614538962628	-0.185279671331163	-0.198895555346796	-0.186514390992096	-0.101997298700386	-0.140789352878521	-0.128266380806977	-0.0732686739078696	-0.0713559343485103	-0.152246503363211	-0.105894232627025	0	-0.180714313587716	-0.142096396114199	-0.128113188875751	-0.110935225814533	-0.162502569772049	-0.128023229483751	-0.150559962621227	-0.0666162878433766	-0.129664295521168	-0.160952608358732	-0.0873137325014588	-0.127580125577973	-0.14305922185384	-0.0868601328934876	-0.0865686705489047	-0.107087023503839	-0.123311784307772	-0.199535607112996	-0.204943785437923	-0.139910657200694	-0.22194405987829	-0.0763240940499008	-0.152882922816681	-0.197373233865882	-0.101190823379528	-0.182775107336628
