700108602	700014971	700033565	700109389	700023058	700023927	700106341	700114221	700023543	700023439	700016978	700024192	700113058	700099448	700109870	700033928	700023693	700109627	700095416	700110425	700111580	700111302	700098605	700111991	700108960	700024452	700032931	700095837	700024548	700110161	700023496	700034628	700023645	700038744	700038485	700024743	700099596	700110760	700101587	700106399	700032322	700095653	700021312	700101230	700023590	700038905	700033136	700023382	700096424	700105469	700016908	700096053	700108479	700109569	700033814	700016125	700109756	700102665	700101777	700109455
700108602	0	0.137861171727026	0.159985755082528	0.102472191284223	0.111934219396235	0.166658680876848	0.0824956625561164	0.185782189197234	0.0945297335155778	0.164232185176855	0.11805294206029	0.15620678655301	0.164593393782781	0.150112712575033	0.157181021686342	0.113953110827641	0.176095113933863	0.166116809571867	0.0973067024894307	0.0913446349963813	0.0879615795284476	0.111958183049753	0.105471967935885	0.0791884941209078	0.0890217502506179	0.115068342671588	0.153635269178286	0.133023382073264	0.146303404978099	0.158794987914813	0.155319564099572	0.122700520965515	0.11422603758143	0.14821636235749	0.11670603233933	0.121026544260057	0.133646193355291	0.166909178842987	0.0847781400091301	0.175641724301836	0.104116546592994	0.158821517571826	0.136531822430641	0.117038777795244	0.140884564541751	0.127051423688723	0.112184847822388	0.147350633935503	0.149803775836567	0.135589852268527	0.125445260915051	0.0931708334952422	0.0943425041563321	0.108329559091826	0.0866082347985359	0.168513528000432	0.0988897729439782	0.0762916807377482	0.135357037124017	0.0952887822287129
700014971	0.137861171727026	0	0.149868913536911	0.163211094211473	0.124761618659021	0.143965336937966	0.164926153133743	0.161857547889558	0.151766999896847	0.13068254065847	0.125321642530566	0.161294311281385	0.143904659355928	0.128069051795053	0.145656440277791	0.163884588433471	0.130880960973054	0.157676873238512	0.156596977526135	0.147563056228185	0.140367838586601	0.131261010069232	0.127910993474747	0.150559904369908	0.157398353545921	0.142757973718801	0.102349926978903	0.139085336519003	0.13615693203434	0.132714846269237	0.12628168928279	0.142567793163192	0.120924348868866	0.121787679772854	0.134391595795528	0.132147619129028	0.135181039359858	0.157293004315673	0.135819956232743	0.147642088048729	0.139212243301299	0.145738772153914	0.133693016669178	0.144687375375531	0.132727104562896	0.112998473192517	0.103636460427999	0.133532161277374	0.125425347150944	0.141025113962781	0.140770466086597	0.160481469053187	0.161102145329076	0.12573493460049	0.148931764342877	0.132850199859494	0.138644076580135	0.151517740940587	0.130951302754689	0.153422214077376
700033565	0.159985755082528	0.149868913536911	0	0.15030513580007	0.139100296825363	0.063789638529613	0.151366876118028	0.114865687735876	0.15880577854812	0.089890323929199	0.0988798372892883	0.0596141885440519	0.110931069705011	0.123947135383537	0.0855142682573491	0.124351836759049	0.106566184810559	0.0986643330191476	0.139899049494489	0.146641034607722	0.138313602735102	0.0959074280734108	0.127138590437373	0.152830212141022	0.141332020802873	0.160025453762342	0.135406816895686	0.149350761669737	0.121541980944611	0.0982103082047226	0.0939611770985148	0.101580332261779	0.113999251199782	0.0866621451027392	0.148722315075942	0.108736861919948	0.123168018244647	0.067592841463874	0.147875562838789	0.114362092733601	0.140330445891564	0.0903975793093689	0.133121277616295	0.113333201642831	0.116509566270763	0.121329496456241	0.137744357463955	0.0937611007765478	0.105184490230905	0.0743587289840981	0.0782386171022743	0.166655415943834	0.153760748733619	0.117130765339911	0.175041815451543	0.108790872392871	0.121038280559191	0.157163088290785	0.0804442538433013	0.138464662675735
700109389	0.102472191284223	0.163211094211473	0.15030513580007	0	0.136510697743951	0.166809924399584	0.0894654119203221	0.191367038165333	0.135727395655103	0.168054751532902	0.144704921778845	0.142599806596044	0.175645268589075	0.156675055489792	0.144571723366834	0.136630435116954	0.18230864215851	0.186780521345604	0.133423594295978	0.0877196892507619	0.106649704926326	0.131930523179042	0.103713295857059	0.121548931700587	0.107123344048493	0.120510782781624	0.170046090452329	0.148390017956679	0.134897731048666	0.152658779737379	0.167953478619028	0.13342954012208	0.142371996741883	0.159481741419949	0.115010106099295	0.120520944546461	0.163887956064641	0.164771799737804	0.115679971654845	0.174598490487616	0.120541154252577	0.166030269323553	0.146269021396892	0.122550844429591	0.151528771419095	0.143472189512932	0.137056143201166	0.155280463703021	0.161774504980757	0.133364172444083	0.121534923828574	0.0969914360194249	0.0725491977002057	0.151276099566012	0.111085241949589	0.171657992006454	0.104953688324373	0.0876213743146493	0.12248661078717	0.10667151206736
700023058	0.111934219396235	0.124761618659021	0.139100296825363	0.136510697743951	0	0.130334863144847	0.118909722963497	0.152722138765972	0.117182602829977	0.135530603093518	0.114851343561458	0.142324057988207	0.152997488127092	0.125048199750855	0.137336340084946	0.127817442176321	0.149073078319109	0.14344511619538	0.120655876769129	0.126898281451451	0.12054596260246	0.126998030663018	0.116105639180153	0.119931676229938	0.130944848652253	0.103564894887554	0.141785412072169	0.126752158577919	0.118569686730472	0.131121028219674	0.134194481354283	0.134998559599205	0.116861146998989	0.123439734793915	0.101024173071193	0.123346607658091	0.109290861294719	0.133881832166506	0.0972083695339016	0.151047055770394	0.114554892421548	0.132869824791495	0.119151018906688	0.132515648410804	0.116017337059077	0.11149611029122	0.10383271742742	0.127156337354595	0.117183344537077	0.13270704002451	0.121818142582926	0.122597693427404	0.120191300217206	0.121697930740107	0.123862605702313	0.135104733176139	0.124255228797152	0.120028989448505	0.12691629025057	0.118622952024284
700023927	0.166658680876848	0.143965336937966	0.063789638529613	0.166809924399584	0.130334863144847	0	0.161429474225091	0.118594621414543	0.170283298676232	0.0826992326929785	0.106441795268844	0.0888323690720599	0.109287975929108	0.102831120901822	0.0811536417064817	0.141919968700447	0.104389797959061	0.0804710779915684	0.155535706179174	0.150797718226491	0.144571693662297	0.118582668930384	0.129030230005492	0.163200792137534	0.14994357281734	0.167130967774064	0.13745773524647	0.155120657609987	0.119586436364863	0.093070900230172	0.0762964730429402	0.123605029878991	0.124060129002465	0.0829292737224901	0.159573716903374	0.116575936720927	0.117438256382976	0.0556523029274616	0.155688615965937	0.117059605408854	0.145969958870376	0.0889504724655638	0.130820943404421	0.134038740628544	0.118203533156658	0.118996731441372	0.146986575626976	0.0923796896040276	0.0745819541817123	0.0938822388602406	0.0997491169568607	0.175560665170897	0.160355498427602	0.109545188211049	0.178915468185096	0.113398014492688	0.129707774930028	0.164221671080535	0.0988570576302939	0.143667934449597
700106341	0.0824956625561164	0.164926153133743	0.151366876118028	0.0894654119203221	0.118909722963497	0.161429474225091	0	0.181760241244968	0.0825349558564116	0.163098064167074	0.124273216310978	0.137400853534863	0.165350688414074	0.146758329948209	0.142823849233474	0.116596989293852	0.17307155767791	0.17983887376153	0.115606954476897	0.0721247744797287	0.086053041937895	0.110763628115958	0.113970083489383	0.106822809750067	0.0736096325866171	0.119614130331731	0.17524743494276	0.154543882491551	0.141994885250191	0.152081380709247	0.151134805592991	0.0943038477739933	0.123044990543962	0.148172984566542	0.112095905839936	0.0975969872560994	0.156359294674965	0.164079654159327	0.0888139876920424	0.176904216744111	0.121506814986783	0.148645324911869	0.121202994925474	0.096741274967613	0.140020694562586	0.145359273596417	0.131843256813245	0.139410925411704	0.151331051961097	0.117725737186444	0.118085611079292	0.0630042961328271	0.0752672506412064	0.128456752496035	0.112769285185114	0.158587616790025	0.0937255688206259	0.0637706945755248	0.124916153036661	0.0734652313423833
700114221	0.185782189197234	0.161857547889558	0.114865687735876	0.191367038165333	0.152722138765972	0.118594621414543	0.181760241244968	0	0.183993278049011	0.105065216355603	0.141107417406443	0.11730492952649	0.0974298183255362	0.158979500040176	0.101460130535878	0.149585950685955	0.0906301027803883	0.146700628412684	0.176445923885639	0.177385557228453	0.166611914095616	0.138786987229088	0.17263349803592	0.188775258548799	0.177453863395673	0.188344373987913	0.14679667794524	0.147574086484497	0.117056910712197	0.11575216240666	0.1199237768702	0.145777359577091	0.132538800333089	0.123339878997899	0.178716189016089	0.13118657729365	0.158296058562415	0.106415592658721	0.172882227291243	0.10473379459209	0.153253270719872	0.0876244403164553	0.161405326118613	0.149299774417345	0.1057049295677	0.136108112261637	0.152183489252817	0.088863904837027	0.136167800489542	0.114148780089293	0.135103966408529	0.196350285115583	0.182763420236379	0.150805970093585	0.207355974593519	0.101925142557171	0.148038667971705	0.190168545482175	0.126714565163557	0.168674745716507
700023543	0.0945297335155778	0.151766999896847	0.15880577854812	0.135727395655103	0.117182602829977	0.170283298676232	0.0825349558564116	0.183993278049011	0	0.164853320741589	0.123522829915527	0.15524935626802	0.165528833454622	0.148741512106832	0.158562731639954	0.10536027410794	0.1741207823944	0.17283471704911	0.111164098437498	0.109548252186613	0.108448561331875	0.118531296843133	0.115684055727349	0.0985199876326961	0.113579269896405	0.103326453325621	0.156094274785985	0.130723871276513	0.167490126329686	0.159341155874527	0.151097762595324	0.110756368085951	0.122564136942999	0.150721215080693	0.107153270278298	0.123303794615696	0.138088615895701	0.171142829093411	0.0771813070923952	0.183821039729888	0.116674743833354	0.15641957015746	0.11907700487342	0.103309876036733	0.146512529164356	0.129502288393007	0.104418086764341	0.147609738953131	0.161557519084365	0.132105262409744	0.131125291913757	0.0856530794792636	0.104165980514147	0.131335529109372	0.112151758675244	0.161232178963386	0.129539428940538	0.0886235593411624	0.139113110796347	0.0977560594948345
700023439	0.164232185176855	0.13068254065847	0.089890323929199	0.168054751532902	0.135530603093518	0.0826992326929785	0.163098064167074	0.105065216355603	0.164853320741589	0	0.110682467697461	0.106395610593698	0.0902637381829611	0.122636229596305	0.0926282595398822	0.134418893045691	0.0852468483726607	0.107637781748298	0.146252883651391	0.155682326309239	0.13623330031523	0.115189655146157	0.139863971584433	0.154373241714452	0.149761093564224	0.165215752382244	0.136090568655871	0.139920031977125	0.10868701530836	0.0944524210095404	0.0796553566857045	0.126613490932242	0.110672177827934	0.0830543121693231	0.152404447382896	0.115029780561935	0.127171791242679	0.080764862551097	0.156870064416316	0.0872531322145534	0.127362824229423	0.0785805060163267	0.137605302969155	0.13537861249063	0.0914863548848835	0.10279406365389	0.131533068929598	0.0820011303436373	0.0995574188051714	0.0994542855346006	0.105949921496286	0.170654612287219	0.165693273411927	0.118172710574575	0.178562895334292	0.087520646512156	0.121260535890893	0.163193324986188	0.101388561430501	0.150730198812326
700016978	0.11805294206029	0.125321642530566	0.0988798372892883	0.144704921778845	0.114851343561458	0.106441795268844	0.124273216310978	0.141107417406443	0.123522829915527	0.110682467697461	0	0.10813678898828	0.128147575864907	0.118183420729198	0.128209961309252	0.11455776609499	0.120657608379143	0.111750064330249	0.116026800236584	0.117469531690794	0.10900834943791	0.0743085268941886	0.122500788975851	0.123609829290792	0.103894057010504	0.144688851910298	0.130746100099719	0.127708660527186	0.125597133344514	0.113505728170593	0.0907379509252167	0.100165157439595	0.0877508163453607	0.0866267487019192	0.134981577366151	0.0960146257056336	0.108024003198036	0.117098556274786	0.105559013014566	0.137952264131162	0.10719817233254	0.108009402278369	0.0944885973036201	0.114375205307988	0.117545691613643	0.111000222078438	0.112564045097644	0.101356361774213	0.0998091603872591	0.0944582700598327	0.0922834726505777	0.13602143007657	0.128725196425828	0.0812353231188565	0.138381781710355	0.130184199839906	0.105978903243113	0.129213389394482	0.107881376922524	0.119700645323737
700024192	0.15620678655301	0.161294311281385	0.0596141885440519	0.142599806596044	0.142324057988207	0.0888323690720599	0.137400853534863	0.11730492952649	0.15524935626802	0.106395610593698	0.10813678898828	0	0.101016673174126	0.144081427706324	0.0806468003825034	0.112754380489618	0.121419495198637	0.121154131898002	0.13123487594468	0.1341899359951	0.130269910525143	0.0866262946010749	0.134948126629834	0.154663315896621	0.128557238091061	0.161769155563156	0.147811446244601	0.142712086123471	0.11282234730845	0.111185493910765	0.0951656845310378	0.0879173815457573	0.104802977392701	0.10361341377621	0.15421652305747	0.110140722423567	0.138472183154938	0.0864341370457904	0.149229044484902	0.105466726341182	0.130926761991256	0.0723090720689243	0.14367729247033	0.10602637712385	0.0991924951135972	0.125858895478656	0.143523502531754	0.0795665209976446	0.125237619316023	0.0660018775223674	0.0632192387048287	0.163592025003791	0.147794022335319	0.134523189728623	0.180734323993555	0.0995668083353822	0.117577267133503	0.153192726942197	0.0826399431119729	0.130449888515764
700113058	0.164593393782781	0.143904659355928	0.110931069705011	0.175645268589075	0.152997488127092	0.109287975929108	0.165350688414074	0.0974298183255362	0.165528833454622	0.0902637381829611	0.128147575864907	0.101016673174126	0	0.137193282111627	0.0875955177205033	0.131334129096083	0.119092906435996	0.141514698485155	0.153830448580712	0.158386556835482	0.142625882915153	0.113420496977399	0.15617510951443	0.164504898508206	0.15843817098902	0.172673883330782	0.139788898664177	0.129967446565127	0.105427148119242	0.0976837264948007	0.102610165417964	0.126485629031428	0.116686935227109	0.0994825242245509	0.16673883847629	0.137852387628383	0.148255333013063	0.112392467893256	0.15877872672534	0.0976702454017059	0.132599541194792	0.0737614232543767	0.165467473716454	0.132225536424887	0.0942781742190817	0.111508471723222	0.147691244715619	0.0788257210569577	0.118593299809487	0.103279802167786	0.115324012870354	0.177081211714297	0.171349900665204	0.147909195636945	0.194149875547085	0.074344205509154	0.126616412442282	0.170724526568299	0.10596949203434	0.151193394760274
700099448	0.150112712575033	0.128069051795053	0.123947135383537	0.156675055489792	0.125048199750855	0.102831120901822	0.146758329948209	0.158979500040176	0.148741512106832	0.122636229596305	0.118183420729198	0.144081427706324	0.137193282111627	0	0.124750940601969	0.1491754405057	0.133195461598972	0.125615392767426	0.144590417511996	0.136961030274121	0.133046137628712	0.1319478309996	0.105802726006907	0.14088110542296	0.150978735990474	0.124924883505404	0.128541279311118	0.143672226934615	0.125124088821715	0.104704651916368	0.11220082559047	0.146343590464393	0.136026139989628	0.10953062613071	0.132385919521693	0.120740380468923	0.11768406310415	0.118440040434231	0.137923760354927	0.15925240065373	0.14279132428575	0.132480495330987	0.112728816903306	0.142867267416863	0.124626148907307	0.112982842095404	0.123001075799974	0.133640752431864	0.0818579240953635	0.130113673795689	0.124448219663424	0.133250469244393	0.153922998307419	0.116502247137936	0.141793224745647	0.141080865362539	0.125873949342898	0.137951320592347	0.10539254105974	0.144026188673248
700109870	0.157181021686342	0.145656440277791	0.0855142682573491	0.144571723366834	0.137336340084946	0.0811536417064817	0.142823849233474	0.101460130535878	0.158562731639954	0.0926282595398822	0.128209961309252	0.0806468003825034	0.0875955177205033	0.124750940601969	0	0.131794057657285	0.105773772975024	0.130497422350456	0.15355141079875	0.133627102762847	0.127285825694828	0.115343101376081	0.125193717371221	0.165772583290159	0.13744475204469	0.16464788574071	0.146161853912927	0.142977201617678	0.0968077837049545	0.0761197446514593	0.102473993691848	0.109327385086532	0.128799948070747	0.105653966892804	0.157681891667028	0.118588310340861	0.143291709057591	0.0749313820987563	0.155882647695128	0.0912994086604887	0.139858008114101	0.0708405970775862	0.151178690237349	0.118624673711552	0.0932631216168173	0.109520968717643	0.139021193032856	0.0745548841433561	0.110069729992594	0.0778093717040642	0.100325734159027	0.161002170789843	0.141192322211145	0.1375962055637	0.179974597810416	0.0916568791783095	0.104032500340538	0.152291220525108	0.0777225111401989	0.123543186261533
700033928	0.113953110827641	0.163884588433471	0.124351836759049	0.136630435116954	0.127817442176321	0.141919968700447	0.116596989293852	0.149585950685955	0.10536027410794	0.134418893045691	0.11455776609499	0.112754380489618	0.131334129096083	0.1491754405057	0.131794057657285	0	0.155460825010883	0.144098054520999	0.0996014684189719	0.122514338243113	0.109606895196096	0.099951165938002	0.13492084414617	0.106097119245646	0.104898079599848	0.129565642194715	0.157082070572549	0.111799124902423	0.137686997517962	0.13409691390005	0.129580225295361	0.105105918309403	0.103923458084001	0.129657670056419	0.119873676042404	0.125105130872101	0.116655573777774	0.136570276069852	0.115352957302087	0.157437239652587	0.100999401667909	0.119956311577918	0.142117135175833	0.10842945433725	0.120242459240254	0.13218021188381	0.121212148636349	0.129743682514955	0.138178695715986	0.0987408439210289	0.0915625097434054	0.12617831052066	0.118874883907056	0.128429209409242	0.140920260201713	0.126926722157932	0.121341113650697	0.111053711987632	0.11393033838973	0.108520338965198
700023693	0.176095113933863	0.130880960973054	0.106566184810559	0.18230864215851	0.149073078319109	0.104389797959061	0.17307155767791	0.0906301027803883	0.1741207823944	0.0852468483726607	0.120657608379143	0.121419495198637	0.119092906435996	0.133195461598972	0.105773772975024	0.155460825010883	0	0.122750328945253	0.165081640887456	0.169547631980147	0.153431901664791	0.129625457176472	0.153212004568221	0.173942065569313	0.168715091370379	0.179699685702021	0.139079325087425	0.148637743254851	0.11750469521789	0.106798545980607	0.0914583297929101	0.138233021711511	0.11880874413037	0.103761197066116	0.162987259352717	0.119697083254209	0.139485401391872	0.113903983924403	0.165742520813087	0.0971919945391851	0.137544451065534	0.100743740690203	0.139663526313269	0.14968288755511	0.111491959854164	0.113058628800127	0.136631879346751	0.0962535438809553	0.114536724118749	0.111993025270304	0.124355555589893	0.186367390657732	0.174786377860843	0.133313141914535	0.193181787741651	0.113398754215357	0.137548863592469	0.183269899795061	0.121697737089624	0.162997811738013
700109627	0.166116809571867	0.157676873238512	0.0986643330191476	0.186780521345604	0.14344511619538	0.0804710779915684	0.17983887376153	0.146700628412684	0.17283471704911	0.107637781748298	0.111750064330249	0.121154131898002	0.141514698485155	0.125615392767426	0.130497422350456	0.144098054520999	0.122750328945253	0	0.161162979746321	0.167282369289177	0.160157634497421	0.119937854024014	0.154216400234017	0.160291075940061	0.158908959172949	0.180530063486888	0.143479562257802	0.157082173510227	0.155925113151644	0.124386094281451	0.0996315255862174	0.140260568776004	0.134607836456832	0.104894005967095	0.170008714292595	0.142237312397243	0.113975357364295	0.0896626444955218	0.165213935577523	0.146684764200907	0.161806765488453	0.122801231418163	0.133174798094275	0.149592407761557	0.145228115589371	0.141408014007832	0.152538811556128	0.132287595544464	0.0972983476284843	0.123989529113131	0.115383570278193	0.190566580880945	0.178589904966873	0.11353657458614	0.178743413656858	0.132194106985014	0.152014651498969	0.179297782420405	0.129865818668868	0.166273379165767
700095416	0.0973067024894307	0.156596977526135	0.139899049494489	0.133423594295978	0.120655876769129	0.155535706179174	0.115606954476897	0.176445923885639	0.111164098437498	0.146252883651391	0.116026800236584	0.13123487594468	0.153830448580712	0.144590417511996	0.15355141079875	0.0996014684189719	0.165081640887456	0.161162979746321	0	0.125875814011789	0.100423109214556	0.110844529727259	0.126051042350762	0.0954360725476108	0.10754830155618	0.120307690262033	0.15990038922136	0.133294868239448	0.146599566632521	0.150392768320958	0.143634610478907	0.117042597735021	0.107573645060705	0.144841652830423	0.117203812124037	0.127973302955795	0.115979074023518	0.15308949740738	0.100824778429118	0.164305076755863	0.100653281803033	0.138652665401476	0.120501724637296	0.122315388716339	0.124088055887322	0.122617797004439	0.11191222987285	0.14383738449667	0.147540293418223	0.12701258945154	0.109653888531289	0.115049570623801	0.126475966027389	0.121406343924653	0.112199157927681	0.149771118793781	0.115632274878121	0.10709035444697	0.128256396038528	0.118227689629696
700110425	0.0913446349963813	0.147563056228185	0.146641034607722	0.0877196892507619	0.126898281451451	0.150797718226491	0.0721247744797287	0.177385557228453	0.109548252186613	0.155682326309239	0.117469531690794	0.1341899359951	0.158386556835482	0.136961030274121	0.133627102762847	0.122514338243113	0.169547631980147	0.167282369289177	0.125875814011789	0	0.0827824623088335	0.105076336688616	0.09296090637579	0.118822299798345	0.0721184003147128	0.132919015088335	0.156635200130149	0.137009570160659	0.131909380000355	0.132929895020303	0.147565310754563	0.106726500131091	0.1234704568632	0.14145986232851	0.126361115753851	0.0903398051991498	0.146760627957213	0.154314816052171	0.0999057549503683	0.171073630426423	0.116028765704837	0.142278843578006	0.125563739668393	0.0883971735788165	0.134773458566744	0.133340355975133	0.123800064648518	0.134528389892694	0.136906910706567	0.117300522010288	0.114087202930847	0.0765736905449085	0.0565289441533471	0.127722626827668	0.115461722238625	0.158744761077943	0.0810771517563138	0.0708357032543406	0.109184978652468	0.0761897015061892
700111580	0.0879615795284476	0.140367838586601	0.138313602735102	0.106649704926326	0.12054596260246	0.144571693662297	0.086053041937895	0.166611914095616	0.108448561331875	0.13623330031523	0.10900834943791	0.130269910525143	0.142625882915153	0.133046137628712	0.127285825694828	0.109606895196096	0.153431901664791	0.160157634497421	0.100423109214556	0.0827824623088335	0	0.0936537614675747	0.100118110894832	0.101640284147301	0.0655807224514413	0.133879059733267	0.15498169852925	0.146146988352876	0.123645235491933	0.134089045774888	0.133182825436847	0.0989682520504215	0.100926698865828	0.13321899750926	0.125853834133386	0.100202277900739	0.141798333883661	0.14562559869012	0.108404684445661	0.153513455849504	0.108655857244872	0.12634647638793	0.124368347553972	0.100645077059352	0.117250565534707	0.116643666422545	0.113104730714766	0.116647085041118	0.130605584514969	0.105194134073974	0.108322616225755	0.0963205706676291	0.0983265355591824	0.101529878061644	0.112577599549262	0.142397365541837	0.0641103193689701	0.0740766630252568	0.0994290660614196	0.0800312989061042
700111302	0.111958183049753	0.131261010069232	0.0959074280734108	0.131930523179042	0.126998030663018	0.118582668930384	0.110763628115958	0.138786987229088	0.118531296843133	0.115189655146157	0.0743085268941886	0.0866262946010749	0.113420496977399	0.1319478309996	0.115343101376081	0.099951165938002	0.129625457176472	0.119937854024014	0.110844529727259	0.105076336688616	0.0936537614675747	0	0.125720633232146	0.115311986147344	0.0909801176785514	0.144715652429338	0.130643331168785	0.129618620855896	0.119347673602195	0.115563406742094	0.0994862104995352	0.0724860016792806	0.0829380709438979	0.0963955587412588	0.134699254406107	0.0935300331616082	0.121417222609679	0.12306382704625	0.113887095964397	0.129669230931812	0.114685639226699	0.097597531218925	0.117988820088762	0.0893039327183563	0.101268786986219	0.121705287045498	0.117702528138283	0.0921354292592772	0.113319965428736	0.0682154472880888	0.0791889053156204	0.129831789821798	0.122420935376732	0.0944574593501447	0.141169455808862	0.107812328023479	0.0962353533883373	0.119182175254865	0.0882905452230746	0.110205407940317
700098605	0.105471967935885	0.127910993474747	0.127138590437373	0.103713295857059	0.116105639180153	0.129030230005492	0.113970083489383	0.17263349803592	0.115684055727349	0.139863971584433	0.122500788975851	0.134948126629834	0.15617510951443	0.105802726006907	0.125193717371221	0.13492084414617	0.153212004568221	0.154216400234017	0.126051042350762	0.09296090637579	0.100118110894832	0.125720633232146	0	0.116158104945393	0.122111359562022	0.121883264794395	0.136880118512096	0.138314374668525	0.144537191822314	0.123118189898011	0.137641936030729	0.120233667220434	0.126678049627736	0.131561282816457	0.118905062749329	0.10750349272464	0.130142223950841	0.133234008285491	0.107607506548542	0.161329214979107	0.124121110941409	0.145893988487644	0.117731896409072	0.108174285548168	0.136993590972585	0.117788448611729	0.111686968498374	0.13840694473436	0.125304736231552	0.120970187613303	0.113844197019863	0.100273608716297	0.102589408854239	0.115121535795192	0.110525592440795	0.157869884986214	0.116696985404135	0.096514627493551	0.112337981627708	0.0879730594962116
700111991	0.0791884941209078	0.150559904369908	0.152830212141022	0.121548931700587	0.119931676229938	0.163200792137534	0.106822809750067	0.188775258548799	0.0985199876326961	0.154373241714452	0.123609829290792	0.154663315896621	0.164504898508206	0.14088110542296	0.165772583290159	0.106097119245646	0.173942065569313	0.160291075940061	0.0954360725476108	0.118822299798345	0.101640284147301	0.115311986147344	0.116158104945393	0	0.107222050194053	0.104163701948712	0.154303273423891	0.139900533721857	0.149550042464252	0.160151193774095	0.153839469114149	0.130126334022517	0.118796611299485	0.14457651024684	0.108716216330013	0.123922773743376	0.119232790155288	0.156230239489301	0.0943838168871977	0.181396620498458	0.107004945528	0.16118719024131	0.134368559678663	0.125929810756491	0.144471660651263	0.126948491650553	0.0999790780815327	0.148729206406258	0.145931657852668	0.132692380446638	0.117761518343328	0.108403749202559	0.106553016960646	0.114765808562788	0.0902373963324507	0.165468997459531	0.121054202120919	0.0973843492363517	0.135254213204499	0.116954703707192
700108960	0.0890217502506179	0.157398353545921	0.141332020802873	0.107123344048493	0.130944848652253	0.14994357281734	0.0736096325866171	0.177453863395673	0.113579269896405	0.149761093564224	0.103894057010504	0.128557238091061	0.15843817098902	0.150978735990474	0.13744475204469	0.104898079599848	0.168715091370379	0.158908959172949	0.10754830155618	0.0721184003147128	0.0655807224514413	0.0909801176785514	0.122111359562022	0.107222050194053	0	0.147716501807424	0.175208506128571	0.155848071993974	0.134105782910506	0.139264935635039	0.141399834305735	0.0977524891849845	0.113306714513358	0.140321864253943	0.13272590977148	0.101800544430255	0.14610138461856	0.153140397028311	0.109947044057467	0.165979491242418	0.125200434383424	0.134082328406959	0.124891916472463	0.0993459197119053	0.136065924916465	0.139913812371241	0.135542741099642	0.13193725012989	0.138010525489753	0.105388756971156	0.110391232130147	0.0939376046834147	0.0800774223727228	0.111611236807608	0.111159112237486	0.154225071745035	0.0699902769903471	0.0769824963925541	0.111025722341176	0.0819969474602738
700024452	0.115068342671588	0.142757973718801	0.160025453762342	0.120510782781624	0.103564894887554	0.167130967774064	0.119614130331731	0.188344373987913	0.103326453325621	0.165215752382244	0.144688851910298	0.161769155563156	0.172673883330782	0.124924883505404	0.16464788574071	0.129565642194715	0.179699685702021	0.180530063486888	0.120307690262033	0.132919015088335	0.133879059733267	0.144715652429338	0.121883264794395	0.104163701948712	0.147716501807424	0	0.153701016465455	0.123979454896742	0.132650304146028	0.155190450097978	0.166661594348356	0.153628933225848	0.138110820666991	0.158573025876329	0.0693051748100529	0.135439675575862	0.135973745408987	0.166872097423047	0.0943694440960058	0.173667076666619	0.120878587220907	0.166995680878615	0.134990791739404	0.1378778493012	0.144643542865905	0.11910671835464	0.107412364280329	0.160141161945262	0.155443003035194	0.148292362983991	0.136199722663441	0.105514603170054	0.114052690053506	0.140813730939004	0.101840597504107	0.171580297854805	0.135467465356725	0.118218998934208	0.139386370167069	0.14045767733394
700032931	0.153635269178286	0.102349926978903	0.135406816895686	0.170046090452329	0.141785412072169	0.13745773524647	0.17524743494276	0.14679667794524	0.156094274785985	0.136090568655871	0.130746100099719	0.147811446244601	0.139788898664177	0.128541279311118	0.146161853912927	0.157082070572549	0.139079325087425	0.143479562257802	0.15990038922136	0.156635200130149	0.15498169852925	0.130643331168785	0.136880118512096	0.154303273423891	0.175208506128571	0.153701016465455	0	0.130873191070234	0.142543092246271	0.135475524350842	0.126299573498112	0.148945974625352	0.134823000961174	0.124949911523062	0.150630152715226	0.138908014039864	0.139854938721927	0.137239821057325	0.144931799580119	0.149384722146305	0.147651699241288	0.139173166325161	0.145966519752488	0.136278593510588	0.132932910528538	0.128583846921656	0.117409129197086	0.129683747285401	0.128312807643939	0.132852707083993	0.136227502038246	0.170066832184615	0.170433286195343	0.132697249077253	0.158510462736403	0.130031023852793	0.157444674796498	0.167005530777564	0.135749533355067	0.161535030559569
700095837	0.133023382073264	0.139085336519003	0.149350761669737	0.148390017956679	0.126752158577919	0.155120657609987	0.154543882491551	0.147574086484497	0.130723871276513	0.139920031977125	0.127708660527186	0.142712086123471	0.129967446565127	0.143672226934615	0.142977201617678	0.111799124902423	0.148637743254851	0.157082173510227	0.133294868239448	0.137009570160659	0.146146988352876	0.129618620855896	0.138314374668525	0.139900533721857	0.155848071993974	0.123979454896742	0.130873191070234	0	0.11124629145645	0.121668075405975	0.137382097934783	0.147564526533439	0.122071275061078	0.124242277056061	0.123709506801125	0.138650654129982	0.123350856972654	0.159429150076273	0.123446319141166	0.15521927923294	0.109545722056148	0.135304590247836	0.153540814553061	0.132624623364094	0.118980172720269	0.105585779785943	0.117926034116844	0.129091815308154	0.148758279106687	0.135003077834437	0.120560169043499	0.146991964059639	0.140801665765484	0.145661795514782	0.146045309423491	0.129466709566598	0.14552255592738	0.147822520187144	0.131577640292553	0.142215620390783
700024548	0.146303404978099	0.13615693203434	0.121541980944611	0.134897731048666	0.118569686730472	0.119586436364863	0.141994885250191	0.117056910712197	0.167490126329686	0.10868701530836	0.125597133344514	0.11282234730845	0.105427148119242	0.125124088821715	0.0968077837049545	0.137686997517962	0.11750469521789	0.155925113151644	0.146599566632521	0.131909380000355	0.123645235491933	0.119347673602195	0.144537191822314	0.149550042464252	0.134105782910506	0.132650304146028	0.142543092246271	0.11124629145645	0	0.101886600975199	0.119629505618904	0.131839913514232	0.117982220471481	0.106610555979631	0.127938878829876	0.106098939110675	0.136599190075276	0.120172901598363	0.143105456394193	0.108539011278107	0.12306177043307	0.0967269846178646	0.146297448924024	0.136982135095193	0.0765088962475518	0.0883405177556882	0.129442740119481	0.0904620939358009	0.113769992952081	0.109422103061395	0.1099202661439	0.153528246551214	0.135825541339925	0.137280768304827	0.161583716932779	0.105683174061267	0.106010683224527	0.150460436339396	0.0970318228514941	0.144234553897388
700110161	0.158794987914813	0.132714846269237	0.0982103082047226	0.152658779737379	0.131121028219674	0.093070900230172	0.152081380709247	0.11575216240666	0.159341155874527	0.0944524210095404	0.113505728170593	0.111185493910765	0.0976837264948007	0.104704651916368	0.0761197446514593	0.13409691390005	0.106798545980607	0.124386094281451	0.150392768320958	0.132929895020303	0.134089045774888	0.115563406742094	0.123118189898011	0.160151193774095	0.139264935635039	0.155190450097978	0.135475524350842	0.121668075405975	0.101886600975199	0	0.0934680956436105	0.122351026294757	0.129776173406914	0.0907735383212511	0.149266425670303	0.118446148606287	0.134645340100536	0.100331847364822	0.148335540226863	0.113780124655813	0.140827734220792	0.0904496578176526	0.138538160939786	0.121386076695461	0.108523152232143	0.11171993844143	0.140095946158994	0.0920852643316044	0.0891168083784241	0.0998776623211499	0.110867044087272	0.155793524023016	0.144405743607145	0.129411318743147	0.173176487692676	0.102195784222001	0.111278934127721	0.151151758722598	0.0915081196478887	0.133422046606767
700023496	0.155319564099572	0.12628168928279	0.0939611770985148	0.167953478619028	0.134194481354283	0.0762964730429402	0.151134805592991	0.1199237768702	0.151097762595324	0.0796553566857045	0.0907379509252167	0.0951656845310378	0.102610165417964	0.11220082559047	0.102473993691848	0.129580225295361	0.0914583297929101	0.0996315255862174	0.143634610478907	0.147565310754563	0.133182825436847	0.0994862104995352	0.137641936030729	0.153839469114149	0.141399834305735	0.166661594348356	0.126299573498112	0.137382097934783	0.119629505618904	0.0934680956436105	0	0.112416936175737	0.100889579149172	0.0818057229088736	0.153077680009374	0.105313610369524	0.126329507760426	0.097928407918666	0.143599540767964	0.11311099998548	0.122454679381765	0.0819579141913017	0.125655913259985	0.128758423460592	0.0981494265639996	0.104573441137382	0.131144299356067	0.0797484808150236	0.0874008325153172	0.0933867315346564	0.101332130993116	0.167498694900602	0.160049747259539	0.107859813773543	0.179844214781413	0.0936193948654045	0.116832978548113	0.161571407714632	0.112040589273502	0.143275723831464
700034628	0.122700520965515	0.142567793163192	0.101580332261779	0.13342954012208	0.134998559599205	0.123605029878991	0.0943038477739933	0.145777359577091	0.110756368085951	0.126613490932242	0.100165157439595	0.0879173815457573	0.126485629031428	0.146343590464393	0.109327385086532	0.105105918309403	0.138233021711511	0.140260568776004	0.117042597735021	0.106726500131091	0.0989682520504215	0.0724860016792806	0.120233667220434	0.130126334022517	0.0977524891849845	0.153628933225848	0.148945974625352	0.147564526533439	0.131839913514232	0.122351026294757	0.112416936175737	0	0.0927630117969559	0.109986195590877	0.142732854845807	0.0862255094075227	0.133421322507111	0.121676828344486	0.126275565068245	0.137262590952506	0.13180749576267	0.108379421030679	0.122576305204057	0.0670552847333932	0.115438779512772	0.133302576040823	0.126196335630894	0.102060315692057	0.129403773927005	0.0631018843026585	0.0919565868592538	0.123975772567031	0.120500609617279	0.119759258870983	0.153955724336221	0.11072513395352	0.106614537312012	0.111770377309507	0.0913495797861084	0.0758586783152167
700023645	0.11422603758143	0.120924348868866	0.113999251199782	0.142371996741883	0.116861146998989	0.124060129002465	0.123044990543962	0.132538800333089	0.122564136942999	0.110672177827934	0.0877508163453607	0.104802977392701	0.116686935227109	0.136026139989628	0.128799948070747	0.103923458084001	0.11880874413037	0.134607836456832	0.107573645060705	0.1234704568632	0.100926698865828	0.0829380709438979	0.126678049627736	0.118796611299485	0.113306714513358	0.138110820666991	0.134823000961174	0.122071275061078	0.117982220471481	0.129776173406914	0.100889579149172	0.0927630117969559	0	0.0964541389149957	0.127376481238884	0.102823753227429	0.11641286304058	0.132157812549863	0.111074951803721	0.126906348273843	0.108193325084248	0.103285252371545	0.114526868406978	0.104934884849716	0.0973465387850478	0.107363730139446	0.107886659800919	0.0970640991090373	0.122764460481844	0.0891468569182746	0.0845707310642067	0.133920418933474	0.136591790123475	0.107603074637024	0.146937183204701	0.107937233534303	0.106328019887911	0.123290571153603	0.103800474083569	0.119705921166609
700038744	0.14821636235749	0.121787679772854	0.0866621451027392	0.159481741419949	0.123439734793915	0.0829292737224901	0.148172984566542	0.123339878997899	0.150721215080693	0.0830543121693231	0.0866267487019192	0.10361341377621	0.0994825242245509	0.10953062613071	0.105653966892804	0.129657670056419	0.103761197066116	0.104894005967095	0.144841652830423	0.14145986232851	0.13321899750926	0.0963955587412588	0.131561282816457	0.14457651024684	0.140321864253943	0.158573025876329	0.124949911523062	0.124242277056061	0.106610555979631	0.0907735383212511	0.0818057229088736	0.109986195590877	0.0964541389149957	0	0.14460694135145	0.103084136681483	0.106544469921034	0.0966879170702795	0.139064099090131	0.113947583505543	0.126261124085632	0.0864665856009327	0.113805329906024	0.125343169666336	0.10296775376566	0.103777099028325	0.133560353477955	0.0805712443053723	0.0806558778537103	0.092635031258416	0.099012889928294	0.162778752131681	0.155928895949349	0.102083436423394	0.172678577700222	0.100640015196481	0.116902736978053	0.155452682816712	0.103983419337847	0.14397071532158
700038485	0.11670603233933	0.134391595795528	0.148722315075942	0.115010106099295	0.101024173071193	0.159573716903374	0.112095905839936	0.178716189016089	0.107153270278298	0.152404447382896	0.134981577366151	0.15421652305747	0.16673883847629	0.132385919521693	0.157681891667028	0.119873676042404	0.162987259352717	0.170008714292595	0.117203812124037	0.126361115753851	0.125853834133386	0.134699254406107	0.118905062749329	0.108716216330013	0.13272590977148	0.0693051748100529	0.150630152715226	0.123709506801125	0.127938878829876	0.149266425670303	0.153077680009374	0.142732854845807	0.127376481238884	0.14460694135145	0	0.122949147519655	0.131406971356552	0.161404579313615	0.100270042829628	0.161903237925263	0.116505086796306	0.158982692040803	0.139720566029072	0.125789657468807	0.138668655783407	0.114370300693345	0.108257404201912	0.152930122718231	0.145495583909801	0.142089183342131	0.126386728562449	0.103967275235807	0.112502595095738	0.136460115374384	0.105444231720416	0.157154835242167	0.131463303973967	0.116890750722197	0.134900732167115	0.129651033135662
700024743	0.121026544260057	0.132147619129028	0.108736861919948	0.120520944546461	0.123346607658091	0.116575936720927	0.0975969872560994	0.13118657729365	0.123303794615696	0.115029780561935	0.0960146257056336	0.110140722423567	0.137852387628383	0.120740380468923	0.118588310340861	0.125105130872101	0.119697083254209	0.142237312397243	0.127973302955795	0.0903398051991498	0.100202277900739	0.0935300331616082	0.10750349272464	0.123922773743376	0.101800544430255	0.135439675575862	0.138908014039864	0.138650654129982	0.106098939110675	0.118446148606287	0.105313610369524	0.0862255094075227	0.102823753227429	0.103084136681483	0.122949147519655	0	0.130008286479852	0.118629845153528	0.113566159640738	0.136025201175523	0.120634906102146	0.115665897784928	0.112322762846595	0.0852704310377373	0.107836830010562	0.108040927107568	0.120335243783509	0.100842036796935	0.111032621101429	0.0957882663111719	0.101805065599964	0.115042448756212	0.110840215185261	0.106127237396174	0.129233143002684	0.128671426214478	0.0980139308592205	0.107165591273207	0.0971885340919683	0.101835999790346
