700108602	700014971	700033565	700109389	700023058	700023927	700106341	700114221	700023543	700023439	700016978	700024192	700113058	700099448	700109870	700033928	700023693	700109627	700095416	700110425	700111580	700111302	700098605	700111991	700108960	700024452	700032931	700095837	700024548	700110161	700023496	700034628	700023645	700038744	700038485	700024743	700099596	700110760	700101587	700106399	700032322	700095653	700021312	700101230	700023590	700038905	700033136	700023382	700096424	700105469	700016908	700096053	700108479	700109569	700033814	700016125	700109756	700102665	700101777	700109455
700108602	0	0.241047112365543	0.301869338710779	0.224301290040128	0.200022197013369	0.274965813848216	0.0935127157393186	0.292712888045253	0.118947398134646	0.270805280921882	0.194716318144684	0.313829612665917	0.297249592763775	0.227468456838198	0.313914304997292	0.175552991968399	0.276468213586407	0.268906797939883	0.115684894041055	0.131712003096286	0.147652619650107	0.212287057198508	0.151047729387299	0.0641213952841747	0.161475219268919	0.184287071405986	0.224953324730215	0.294428405866892	0.27431837267671	0.298030446645459	0.24703932785923	0.222940351622816	0.221846549015665	0.259433709552656	0.184352046225601	0.131173577598961	0.21572970606208	0.289746045338068	0.113851092822215	0.343716167126128	0.131607359952661	0.313639438830931	0.197728310366459	0.17151891243808	0.270324373354683	0.199446271172875	0.170016697100947	0.276184664662494	0.213031504485454	0.290917336063058	0.264727820493912	0.088083073507314	0.127944033821044	0.12452237439323	0.156931352704197	0.292939026197308	0.143569785647779	0.126647609677874	0.271193440397502	0.140763879346415
700014971	0.241047112365543	0	0.28784848334359	0.357279609312462	0.131993561856136	0.239357610039371	0.271677384869178	0.188767988413566	0.237869064608669	0.176655082174021	0.207872635171156	0.308930991787921	0.182621378493027	0.153219646777432	0.259765131283286	0.264856592350293	0.181796779623903	0.246239976865958	0.229387394454947	0.255075839990877	0.269528039077456	0.274257592899786	0.233417635720574	0.265208713233674	0.329646828206803	0.169086741847101	0.165221916048212	0.169765061012325	0.136301179816449	0.157030276192455	0.17167549348408	0.275755240875456	0.175118259561549	0.190824070331398	0.187393190501735	0.217918307100684	0.226973357670372	0.25300908423646	0.200535177840574	0.232529812768003	0.167087250339665	0.201736730207803	0.168818760638115	0.259543158899939	0.178450393939462	0.167623546055918	0.171844165518204	0.220357287966254	0.190422588380629	0.285787813844447	0.30974786313155	0.239811628881535	0.272641034563342	0.197229714210933	0.328943504912199	0.195624141033137	0.251770615452841	0.278459986679891	0.272392709027979	0.267993947271497
700033565	0.301869338710779	0.28784848334359	0	0.440066480536522	0.308012793387467	0.0888935596569752	0.318452702392343	0.176961723970453	0.259323290388123	0.156894493056426	0.144860781205775	0.0615376514465274	0.18281139742799	0.207842728511895	0.177493544243442	0.164595363563209	0.18862335713855	0.130143699154906	0.249747993227244	0.307518642702855	0.249100486415772	0.141300365889145	0.341204384639995	0.289410567464975	0.286837431002847	0.334652938748177	0.193905672462851	0.358565615418582	0.273226956586903	0.19141465847966	0.156211183995433	0.177674873194088	0.16845029506705	0.125151061005604	0.351535121887401	0.219943368649864	0.258363954527945	0.141872275362069	0.290575990730316	0.241356372331042	0.261391348406615	0.130415788985444	0.225927977363286	0.240353862561611	0.192081718802335	0.231165896090849	0.213607849704443	0.144885678014108	0.173074076112828	0.0742799503692194	0.118040080678654	0.306654151429045	0.353665299498486	0.227368415548789	0.404393809364179	0.139450926019709	0.246536420889131	0.302876277277086	0.0986602078348297	0.278356629203235
700109389	0.224301290040128	0.357279609312462	0.440066480536522	0	0.326000820913043	0.429722863106935	0.199244923681803	0.420074863899323	0.293829802676253	0.409873836255102	0.347079339580071	0.448484586028949	0.420823832009639	0.374485401209368	0.433570991644523	0.339717930396516	0.410473592429194	0.420380074323554	0.306457527962835	0.207832724173483	0.293019041442939	0.369462105942918	0.192586445269567	0.248783881219066	0.271720226750868	0.280675266043678	0.382030150253075	0.407223037932097	0.3588827042991	0.415689041788916	0.394790927811785	0.383215817998476	0.357635300331074	0.40189204932581	0.269077789799534	0.282732193546487	0.377574683826728	0.439522712824283	0.264445840930024	0.421825104243818	0.289284406310655	0.428110950437296	0.353363683812825	0.316359134194014	0.390492094016856	0.331540392007723	0.337393947301401	0.407753670968394	0.375226695074135	0.430868421993221	0.41727094760617	0.211407043729152	0.152890377485294	0.306336827640701	0.188616038167348	0.41697366751347	0.262305862809086	0.214262106360835	0.410163048788992	0.274204150180276
700023058	0.200022197013369	0.131993561856136	0.308012793387467	0.326000820913043	0	0.259717780955132	0.217646940621758	0.224493079436532	0.192405298800659	0.217390486578152	0.208669295039061	0.327995023564285	0.235874450919853	0.15898600165792	0.281409193178829	0.236130877530978	0.21500192563182	0.240424994043943	0.181394796536541	0.212565144645255	0.246659004215733	0.26598989897308	0.203077778341669	0.209485550060736	0.298056905815371	0.136382079896234	0.183536424872734	0.229541509648959	0.194421924871963	0.213089622267346	0.205982395794755	0.275357886154983	0.200189603998964	0.21366882888505	0.159364568826465	0.217512335940693	0.191761100905027	0.245329775085964	0.146618819177084	0.28584479683086	0.141473881615123	0.24011744215495	0.139909767305477	0.234843507612634	0.214866449036546	0.183021990262608	0.168255728471385	0.246119327119103	0.197914920783	0.310141112417001	0.322303233878667	0.192353681634336	0.225490828404189	0.174805734500305	0.275550507262994	0.23929217135818	0.249524863447832	0.229864476642417	0.300111533638052	0.218671280129225
700023927	0.274965813848216	0.239357610039371	0.0888935596569752	0.429722863106935	0.259717780955132	0	0.303874616803617	0.138575895881391	0.240776572052375	0.110194751638877	0.139533106545926	0.138044818616389	0.136742915278624	0.144647499533633	0.155327409545896	0.172366674073851	0.152973260132617	0.103896832312367	0.220968554310168	0.292706499343092	0.227810752742882	0.174972961156261	0.300065620295854	0.261025051734004	0.276317463022841	0.299575649547079	0.150516189020641	0.341773654799752	0.240079025404563	0.143177741946007	0.105241542149809	0.174688890598143	0.157881542668211	0.0846510066703567	0.319832849629693	0.202510939262054	0.213080026072762	0.0790227205751144	0.265446429152096	0.205892278956892	0.223429342783994	0.102845972408788	0.183165090100498	0.227413223014965	0.163942851943332	0.191785353072313	0.172256042123077	0.120639827618732	0.106188208479756	0.130034336596623	0.174661547315655	0.286956541162233	0.339710261237506	0.186613982362581	0.376171587740356	0.111371540493792	0.222226598801867	0.28634464974663	0.105151931391574	0.25313537814708
700106341	0.0935127157393186	0.271677384869178	0.318452702392343	0.199244923681803	0.217646940621758	0.303874616803617	0	0.299481702052991	0.126999005418637	0.284236932643747	0.220273268894192	0.318674965045885	0.300586631880947	0.246258958651893	0.321995414044213	0.208144779863136	0.285422332020754	0.31038775996732	0.149678852385992	0.0950920095063004	0.149287965921347	0.228747868157497	0.143565210734657	0.110964440257217	0.136639466257475	0.229085435615517	0.269351225385388	0.340777253317637	0.293299733255926	0.308796077733573	0.26203111593966	0.215379664913196	0.237009346568455	0.279536216139251	0.229997805743094	0.133314177676203	0.256044763778154	0.315945407758526	0.129138099726817	0.352637932963676	0.15531314783888	0.312879260415058	0.213169271558878	0.165907485143492	0.268736469766314	0.232119086560163	0.20164825435256	0.279929077195794	0.244075930551116	0.300369233231251	0.296949443898334	0.0835463398980292	0.0997243707841402	0.152690045584102	0.162558110703527	0.293767942730347	0.141832732015625	0.0992914301025262	0.285198310730224	0.108212897345436
700114221	0.292712888045253	0.188767988413566	0.176961723970453	0.420074863899323	0.224493079436532	0.138575895881391	0.299481702052991	0	0.267383555229689	0.0865206327147739	0.202215249145798	0.209738436114263	0.0781084636197821	0.150955768548944	0.12117295346531	0.247520946451827	0.079691637797494	0.192364308275381	0.25641106232216	0.281941580902317	0.274571448961616	0.253773758797002	0.31000019510539	0.300823340919642	0.346700343610901	0.277319621385426	0.131356813689939	0.281075518574789	0.167472322946468	0.0882772404921812	0.132054771336791	0.234507790581762	0.163612302456426	0.121635969555191	0.298268148315713	0.219443915833646	0.236611336300091	0.124233405393879	0.250265158333964	0.135972022476299	0.203311600884962	0.0884980680787063	0.197858230384567	0.263597070055759	0.113824972150771	0.171309020022742	0.184608446770325	0.104398294687641	0.191922202725361	0.203069566493161	0.267112154839708	0.281838203715518	0.321818354930782	0.226489086833531	0.406450065731314	0.0921758568253054	0.238867757584741	0.314818329443213	0.187451090430025	0.282291854308105
700023543	0.118947398134646	0.237869064608669	0.259323290388123	0.293829802676253	0.192405298800659	0.240776572052375	0.126999005418637	0.267383555229689	0	0.230103977181057	0.14863894769238	0.272117151700807	0.267359729667177	0.204407463911142	0.298581588976566	0.13756043612138	0.248242847245109	0.236083146111134	0.106163360761072	0.153089412484633	0.14083706225126	0.167618554961734	0.19788145868873	0.118822573926806	0.145486470387348	0.220891097301083	0.213063071380879	0.302898663756357	0.293858721074273	0.265462931585242	0.197219766705081	0.14602013419339	0.178978111658509	0.216932157207982	0.220704481579454	0.130935569301683	0.200210561237208	0.257054446531696	0.107587563537223	0.329392677199267	0.141647712715865	0.263058233296134	0.15376559774382	0.0921354042600049	0.23341368629074	0.222075778066418	0.138475605934402	0.226532092295306	0.188858869262551	0.247854410208339	0.234919253218226	0.106868489144621	0.168142400153013	0.110011792851666	0.207346630942682	0.244689195583777	0.175931341436991	0.11457529600659	0.233169825982159	0.0870166022588441
700023439	0.270805280921882	0.176655082174021	0.156894493056426	0.409873836255102	0.217390486578152	0.110194751638877	0.284236932643747	0.0865206327147739	0.230103977181057	0	0.163510873833987	0.192864744947186	0.0807952932885212	0.106321919665965	0.152925482866308	0.208628038508675	0.0869293053112062	0.139740599155403	0.227032530920526	0.255562901319126	0.244090876436889	0.223404190394029	0.288187513392502	0.265046491779153	0.31330702344956	0.272006118431041	0.116525172146099	0.281695302849041	0.192689987064585	0.0996773013082944	0.0859134633326525	0.212073231412688	0.133863481905884	0.0837615884937431	0.288093816395494	0.192385259191255	0.205077593371188	0.122002331999442	0.225742107896189	0.15590537503322	0.182013380121604	0.103888727177847	0.164871764290457	0.232546894886212	0.111560528440767	0.153312136390842	0.147451235149036	0.0978434638853532	0.131858313961319	0.185066458631041	0.22981277201937	0.259653171699996	0.312504312229499	0.183446923536887	0.383976406174911	0.0924069508029075	0.212970683798808	0.279816899413219	0.175126332123878	0.249684610636618
700016978	0.194716318144684	0.207872635171156	0.144860781205775	0.347079339580071	0.208669295039061	0.139533106545926	0.220273268894192	0.202215249145798	0.14863894769238	0.163510873833987	0	0.162496266705919	0.199328881180792	0.159839927721389	0.244434392447451	0.0927587830059309	0.180751549117232	0.115718911056453	0.156588516289144	0.197126798341757	0.165108478556909	0.0996518606934629	0.254753690287352	0.190910652009784	0.197489422142934	0.245395078185541	0.164553249267847	0.280225762716193	0.243975941362993	0.204278018093031	0.115211571776015	0.134605941662911	0.0688263847006382	0.115281598456954	0.256066758764248	0.149637631107414	0.183654432735685	0.194521987002232	0.167214043506396	0.267561663196373	0.157500223063048	0.156022594904501	0.12014263753235	0.143427171849744	0.167584196074907	0.17862573352145	0.117703225992183	0.158965426234285	0.119305511993139	0.156168618197837	0.149451600964519	0.198515914076223	0.245927862378927	0.133389691704121	0.310519259569939	0.157242089920045	0.181626921964079	0.194561630876369	0.144373079107892	0.19124509582524
700024192	0.313829612665917	0.308930991787921	0.0615376514465274	0.448484586028949	0.327995023564285	0.138044818616389	0.318674965045885	0.209738436114263	0.272117151700807	0.192864744947186	0.162496266705919	0	0.216455288541273	0.238430651352606	0.193296563161681	0.170295735107053	0.19793602844036	0.15382240631279	0.249521272204193	0.314709256342318	0.235385579868724	0.147895598856388	0.353204929277545	0.302161663484662	0.287104793455947	0.34870361373011	0.238330071023552	0.380140857441974	0.302981572681824	0.237900983518567	0.165408336212411	0.175653942112338	0.180714584683212	0.162784051235987	0.369704232116441	0.23478494874741	0.276541835818973	0.174116110352133	0.305241845501697	0.255726801592973	0.269880676149587	0.16055152809176	0.247394477319747	0.243177911290235	0.196800701338369	0.244858204464183	0.218247732396746	0.161780731218502	0.191906580959131	0.0758253370276889	0.120551543635492	0.317224934894552	0.362432961880379	0.235558222017727	0.418328499645991	0.161832199279392	0.237562096328749	0.311357900778929	0.130306738816388	0.282617984097131
700113058	0.297249592763775	0.182621378493027	0.18281139742799	0.420823832009639	0.235874450919853	0.136742915278624	0.300586631880947	0.0781084636197821	0.267359729667177	0.0807952932885212	0.199328881180792	0.216455288541273	0	0.153126770720051	0.142040433358658	0.247837309468779	0.110948603482957	0.193855962000536	0.262342184192043	0.276504112492021	0.282824824387652	0.252838967356039	0.322514377424646	0.30154072131321	0.343810193400673	0.286086933140429	0.146160520855618	0.269097350720906	0.172699073430386	0.0871614236066887	0.139694087210042	0.237442842084177	0.162431939460221	0.12426779516005	0.307306374030312	0.225221312986108	0.244961665535337	0.151884174120371	0.24621065896587	0.155758663638351	0.212973869812721	0.0828379642440163	0.206637829346626	0.262658183353155	0.115041426697429	0.188477502395891	0.203329923138854	0.116222316848024	0.184502046095206	0.211755056494734	0.266291245952486	0.27897789076214	0.328471127479569	0.236334547871202	0.416076157846699	0.080192691100348	0.243939993196949	0.310836480031985	0.186064705734407	0.282041258191201
700099448	0.227468456838198	0.153219646777432	0.207842728511895	0.374485401209368	0.15898600165792	0.144647499533633	0.246258958651893	0.150955768548944	0.204407463911142	0.106321919665965	0.159839927721389	0.238430651352606	0.153126770720051	0	0.203382449184126	0.192364961449645	0.129332060115749	0.144268031904981	0.171522801467717	0.219580199166636	0.212276764007701	0.214433193625073	0.23427221366352	0.209649828004809	0.280475461512576	0.200410540681423	0.09403294141739	0.264355087155645	0.181497366611089	0.137709220459405	0.101487313592795	0.215287116348202	0.132066395646208	0.110824292513766	0.234245779017044	0.171191126854186	0.156798873943741	0.146469673762075	0.186159653348666	0.217263993270981	0.144448460390797	0.164486276083874	0.112588585678091	0.217878461137341	0.121983173072633	0.131685022944486	0.106419949801475	0.15060646451433	0.0960713217544722	0.209898298514152	0.235541642189569	0.216645889252285	0.273110906892018	0.15268810885785	0.315617796225297	0.145961222554718	0.185981845592739	0.240782263630037	0.199256425519034	0.217491317102523
700109870	0.313914304997292	0.259765131283286	0.177493544243442	0.433570991644523	0.281409193178829	0.155327409545896	0.321995414044213	0.12117295346531	0.298581588976566	0.152925482866308	0.244434392447451	0.193296563161681	0.142040433358658	0.203382449184126	0	0.275071804720593	0.133698525345392	0.236892807458999	0.281859969939569	0.326103270212839	0.273154654064774	0.277671636829164	0.325071769532489	0.324767654552644	0.362303165576402	0.330527990745026	0.193253613954463	0.345561479422934	0.203633108677611	0.151962722826629	0.191129690486096	0.259748170371162	0.229378926473787	0.176044069479034	0.354520373461646	0.249191132468298	0.280077679995823	0.134260447354695	0.301512069651402	0.157064002268825	0.254428822761406	0.155880951017564	0.264800004974752	0.290057543035401	0.153627140280531	0.185674854469281	0.222209785365782	0.117900817225093	0.222000238297565	0.195476941372834	0.277666523896216	0.315061016603895	0.349638780096136	0.256417042913192	0.414009738529523	0.141555832975626	0.252707564918586	0.348738802203388	0.190823035110693	0.301891874255173
700033928	0.175552991968399	0.264856592350293	0.164595363563209	0.339717930396516	0.236130877530978	0.172366674073851	0.208144779863136	0.247520946451827	0.13756043612138	0.208628038508675	0.0927587830059309	0.170295735107053	0.247837309468779	0.192364961449645	0.275071804720593	0	0.230896585438144	0.140989262511808	0.138564647089843	0.209613508281992	0.154163805788705	0.0918924068727953	0.252939732945537	0.16315156793431	0.190580128204753	0.23936759760376	0.202668623040539	0.320379350092084	0.278908452925012	0.245942788386069	0.159519905260878	0.148639297724728	0.11755358878084	0.165093797200918	0.268922438072971	0.185474044073997	0.204101552799475	0.225425335975645	0.172064625316296	0.310934792982507	0.155835714238271	0.201698870099892	0.170720982869771	0.163430787215393	0.205524978387076	0.20617361039452	0.136804050961397	0.210757843236688	0.154150509011263	0.149643598483271	0.138336698308398	0.179566277672436	0.24396065601955	0.144664173160145	0.292210242076505	0.203756216789634	0.188943662517262	0.177197577464069	0.148099919886792	0.173843334917027
700023693	0.276468213586407	0.181796779623903	0.18862335713855	0.410473592429194	0.21500192563182	0.152973260132617	0.285422332020754	0.079691637797494	0.248242847245109	0.0869293053112062	0.180751549117232	0.19793602844036	0.110948603482957	0.129332060115749	0.133698525345392	0.230896585438144	0	0.174815219735924	0.239048996890415	0.270937020566076	0.23167383813993	0.240321571423345	0.290432470605269	0.282154017991118	0.331765197104927	0.27001619815477	0.126261800640569	0.281977477258828	0.155691303630449	0.123195156916426	0.110179513133978	0.22631679900135	0.155664196206316	0.120608054974149	0.285682577940759	0.203411733544777	0.21749703158614	0.151775456347775	0.234323876519015	0.129747008973183	0.18212300961201	0.130246038560186	0.179432408340711	0.249514502764058	0.090743419328231	0.11845698353063	0.156468685803746	0.0853714695049909	0.169822044251475	0.200046721493775	0.258085360206231	0.271955086057199	0.310881101508077	0.209646279113831	0.389881470957952	0.112495729821389	0.211744142632277	0.303939827796919	0.204519636092548	0.262068887233382
700109627	0.268906797939883	0.246239976865958	0.130143699154906	0.420380074323554	0.240424994043943	0.103896832312367	0.31038775996732	0.192364308275381	0.236083146111134	0.139740599155403	0.115718911056453	0.15382240631279	0.193855962000536	0.144268031904981	0.236892807458999	0.140989262511808	0.174815219735924	0	0.225214351622499	0.272982925126952	0.252641102580703	0.164035570990361	0.313201079839938	0.25172108772317	0.281441433893049	0.281043564745193	0.152924202457189	0.317105383105278	0.285062683829566	0.190653067243898	0.108981596090785	0.197141790577465	0.131140420322207	0.10321604951372	0.298377988052836	0.2255221597326	0.180698290022988	0.140081687462482	0.250099235955112	0.25753737049849	0.227392262559658	0.155340690519918	0.159301918517738	0.21866111106053	0.196590611600961	0.213020874465683	0.178175042040295	0.172098638921403	0.108209861875536	0.160880062202472	0.162202293859662	0.281084536296679	0.328325897217098	0.207146984089567	0.361746079008813	0.159970405965306	0.250408170945673	0.272576740299349	0.157701563253614	0.273970358196592
700095416	0.115684894041055	0.229387394454947	0.249747993227244	0.306457527962835	0.181394796536541	0.220968554310168	0.149678852385992	0.25641106232216	0.106163360761072	0.227032530920526	0.156588516289144	0.249521272204193	0.262342184192043	0.171522801467717	0.281859969939569	0.138564647089843	0.239048996890415	0.225214351622499	0	0.169390424395022	0.129577404622102	0.163014749707329	0.193335847109376	0.0954053518095461	0.179437748660005	0.183080725040061	0.183040294804779	0.309045645140225	0.261103593721925	0.258756791594587	0.190775107548698	0.16167294513701	0.182838362334527	0.213004565368625	0.198962940357154	0.130476647197694	0.184241802154353	0.229101592698734	0.127644532274971	0.318531886442302	0.115153917476557	0.262243898391098	0.128089120275597	0.153700296083961	0.222936030072593	0.187972396220299	0.107094588900194	0.232029662324915	0.156608731128836	0.234729452327622	0.224371759850298	0.136090763903205	0.196354982100521	0.0719127046730313	0.207229332656407	0.243722775446204	0.150482889306418	0.160904044074788	0.226025087663856	0.134826502232846
700110425	0.131712003096286	0.255075839990877	0.307518642702855	0.207832724173483	0.212565144645255	0.292706499343092	0.0950920095063004	0.281941580902317	0.153089412484633	0.255562901319126	0.197126798341757	0.314709256342318	0.276504112492021	0.219580199166636	0.326103270212839	0.209613508281992	0.270937020566076	0.272982925126952	0.169390424395022	0	0.161065971525698	0.233233945861831	0.156881456985953	0.123725466276801	0.135506360148313	0.231209345675755	0.243186265339455	0.309356325704338	0.278546716730581	0.278258210515529	0.235420480291458	0.239000803205267	0.194128022303647	0.251377687189184	0.220640152029781	0.134453275606947	0.246944495475733	0.304231777362542	0.129101697837492	0.346164835210517	0.155651982425498	0.27332971612251	0.180631785595085	0.152154795133728	0.233389261783365	0.229223109246757	0.190323863349622	0.265715326947044	0.23117556578409	0.304633100656818	0.298856683670747	0.104718492735971	0.093178176657226	0.157585020678114	0.194351562685179	0.263797876483157	0.130155661180592	0.0978695024814838	0.288634912206173	0.139834686807088
700111580	0.147652619650107	0.269528039077456	0.249100486415772	0.293019041442939	0.246659004215733	0.227810752742882	0.149287965921347	0.274571448961616	0.14083706225126	0.244090876436889	0.165108478556909	0.235385579868724	0.282824824387652	0.212276764007701	0.273154654064774	0.154163805788705	0.23167383813993	0.252641102580703	0.129577404622102	0.161065971525698	0	0.150109566633623	0.202946509617571	0.138512795646148	0.125300999009702	0.264553435333485	0.252408080851374	0.366500622768323	0.247400242881293	0.279563115103232	0.193093618816994	0.153108592294802	0.183011238932426	0.229214222585958	0.279294135384584	0.12863822313238	0.259835193985632	0.246022971273291	0.175723781482868	0.31176901074801	0.155357510621255	0.253877341679068	0.189201022980074	0.151018559781456	0.20498460337231	0.184839895539576	0.13752217341083	0.209674008785215	0.17608801535389	0.203731838105287	0.22129608443929	0.140622207572493	0.201798482862498	0.110149526269008	0.240908156563183	0.233295056903811	0.098642673132535	0.127530517191401	0.198127043998716	0.121367755444816
700111302	0.212287057198508	0.274257592899786	0.141300365889145	0.369462105942918	0.26598989897308	0.174972961156261	0.228747868157497	0.253773758797002	0.167618554961734	0.223404190394029	0.0996518606934629	0.147895598856388	0.252838967356039	0.214433193625073	0.277671636829164	0.0918924068727953	0.240321571423345	0.164035570990361	0.163014749707329	0.233233945861831	0.150109566633623	0	0.286690884262962	0.199076569043569	0.163917159895688	0.287212381663747	0.229893777428132	0.356230969030569	0.305314059269361	0.258265959047398	0.174416850178131	0.0859604209119668	0.130747482797504	0.173891803590879	0.301169045545707	0.179661108760167	0.242979747868115	0.230206792560828	0.213004986467297	0.311054968843384	0.209217223992808	0.208276893842016	0.186085348557189	0.17380505367144	0.211743671730336	0.237350288009297	0.165174451226578	0.207003177453068	0.162592485606734	0.108006464528608	0.104615326656719	0.214482427126198	0.269269351883952	0.14701940841093	0.323014366104635	0.205771742440359	0.189298232202613	0.21125535137589	0.108601317305971	0.191769801781305
700098605	0.151047729387299	0.233417635720574	0.341204384639995	0.192586445269567	0.203077778341669	0.300065620295854	0.143565210734657	0.31000019510539	0.19788145868873	0.288187513392502	0.254753690287352	0.353204929277545	0.322514377424646	0.23427221366352	0.325071769532489	0.252939732945537	0.290432470605269	0.313201079839938	0.193335847109376	0.156881456985953	0.202946509617571	0.286690884262962	0	0.163436512502514	0.217683652381155	0.204879597173159	0.251839129338943	0.322225193101389	0.270304401075334	0.306798309735397	0.267014243477388	0.283197578234988	0.270248145982958	0.284851408037206	0.203574814529498	0.177400405381089	0.255897917958493	0.305590913300626	0.176228491604283	0.327879402095011	0.165622631178683	0.334527357727819	0.228576591989071	0.215717837306433	0.292712223542822	0.206106876510534	0.198879250930664	0.297432553035274	0.248072547091806	0.327622224325118	0.339523397089183	0.166663832061392	0.129085318802297	0.179771408788098	0.145096929240385	0.312301052527121	0.188109114163121	0.190647564323772	0.320117240641744	0.169624027174775
700111991	0.0641213952841747	0.265208713233674	0.289410567464975	0.248783881219066	0.209485550060736	0.261025051734004	0.110964440257217	0.300823340919642	0.118822573926806	0.265046491779153	0.190910652009784	0.302161663484662	0.30154072131321	0.209649828004809	0.324767654552644	0.16315156793431	0.282154017991118	0.25172108772317	0.0954053518095461	0.123725466276801	0.138512795646148	0.199076569043569	0.163436512502514	0	0.149522263929119	0.197205402246023	0.221260858227486	0.31872507300225	0.291557530549688	0.296789012476723	0.237484652589241	0.214643267049297	0.219824701123607	0.254233214970123	0.203429801271229	0.125996067598693	0.207330779871013	0.269904247414704	0.126565306826994	0.360977801880352	0.140335493013306	0.308072633736341	0.17636488116439	0.16354201901344	0.264986971949491	0.220511336768143	0.156250734988129	0.275570496361049	0.196353473211618	0.280670075565788	0.254745605612063	0.106890433990266	0.149084583284868	0.120095776022524	0.149762320422289	0.291795625732419	0.139008351822241	0.124495937997837	0.264170941722059	0.132143887952861
700108960	0.161475219268919	0.329646828206803	0.286837431002847	0.271720226750868	0.298056905815371	0.276317463022841	0.136639466257475	0.346700343610901	0.145486470387348	0.31330702344956	0.197489422142934	0.287104793455947	0.343810193400673	0.280475461512576	0.362303165576402	0.190580128204753	0.331765197104927	0.281441433893049	0.179437748660005	0.135506360148313	0.125300999009702	0.163917159895688	0.217683652381155	0.149522263929119	0	0.309209126188731	0.306294548098877	0.395017767630637	0.343054364642129	0.343527853985457	0.266331364514553	0.154566427024839	0.223837133147662	0.274857629086274	0.306922590773954	0.157101681723124	0.298869181141488	0.317107512125644	0.202994534753369	0.40066454788883	0.226690124310086	0.302857827778833	0.235630851662313	0.134667524951537	0.296045802789442	0.287636450099901	0.225647067059371	0.301908963445325	0.236389300239648	0.252882388348575	0.241199310399566	0.157216200417786	0.155883274324179	0.165011828116121	0.195667623811527	0.303804819564562	0.158463668687275	0.118804557407892	0.233238817245911	0.123520623314862
700024452	0.184287071405986	0.169086741847101	0.334652938748177	0.280675266043678	0.136382079896234	0.299575649547079	0.229085435615517	0.277319621385426	0.220891097301083	0.272006118431041	0.245395078185541	0.34870361373011	0.286086933140429	0.200410540681423	0.330527990745026	0.23936759760376	0.27001619815477	0.281043564745193	0.183080725040061	0.231209345675755	0.264553435333485	0.287212381663747	0.204879597173159	0.197205402246023	0.309209126188731	0	0.210397417635989	0.232895059037462	0.202340337793112	0.264097632900961	0.252852938583498	0.294430175746233	0.237756317943633	0.264166987630647	0.0742070755973121	0.221103894790653	0.233262858757217	0.29908821960749	0.161094706452185	0.317903566481468	0.15655799067218	0.288756214860003	0.198015060316501	0.256611605184369	0.263406816892456	0.190221608390051	0.187733254972257	0.298361633928405	0.23135460559214	0.330537318395255	0.326025751305707	0.188948313964453	0.214678095338095	0.19816397024205	0.241090456010238	0.291965690899384	0.246201346321368	0.226155719548866	0.311943034790182	0.251644502186672
700032931	0.224953324730215	0.165221916048212	0.193905672462851	0.382030150253075	0.183536424872734	0.150516189020641	0.269351225385388	0.131356813689939	0.213063071380879	0.116525172146099	0.164553249267847	0.238330071023552	0.146160520855618	0.09403294141739	0.193253613954463	0.202668623040539	0.126261800640569	0.152924202457189	0.183040294804779	0.243186265339455	0.252408080851374	0.229893777428132	0.251839129338943	0.221260858227486	0.306294548098877	0.210397417635989	0	0.249928224619928	0.191037186050461	0.147224125784613	0.108975961088895	0.226674287608327	0.155461935460915	0.112073027962976	0.235491176863498	0.1906117062836	0.153311187013403	0.157408212351311	0.202261714796041	0.198860574663606	0.157923888865812	0.166676486457441	0.136753709817594	0.226625788148761	0.149879774611204	0.139635485155183	0.138854918948014	0.143274698915908	0.128904715410451	0.219146585416165	0.249261999080687	0.2371855921091	0.275856074144247	0.181385834008127	0.319845054556121	0.144749745261685	0.222996987648239	0.270396940162824	0.202816289727106	0.253943758308086
700095837	0.294428405866892	0.169765061012325	0.358565615418582	0.407223037932097	0.229541509648959	0.341773654799752	0.340777253317637	0.281075518574789	0.302898663756357	0.281695302849041	0.280225762716193	0.380140857441974	0.269097350720906	0.264355087155645	0.345561479422934	0.320379350092084	0.281977477258828	0.317105383105278	0.309045645140225	0.309356325704338	0.366500622768323	0.356230969030569	0.322225193101389	0.31872507300225	0.395017767630637	0.232895059037462	0.249928224619928	0	0.22083394358844	0.238227346004813	0.287641788869038	0.354050637907116	0.255999041207847	0.276320261356129	0.234840524418623	0.304794207751721	0.29661750852974	0.351525317958912	0.262354299629468	0.328554351789914	0.265472764576194	0.281684609488705	0.267423995389405	0.321235043400228	0.267335832311696	0.270517623275954	0.278723212828567	0.304322370483162	0.306768022775437	0.369161270663287	0.368208925794859	0.310359791596379	0.328925993049307	0.309575878311956	0.385478701899813	0.281683003046574	0.350945817888431	0.339478949363782	0.356986611657638	0.351466488950547
700024548	0.27431837267671	0.136301179816449	0.273226956586903	0.3588827042991	0.194421924871963	0.240079025404563	0.293299733255926	0.167472322946468	0.293858721074273	0.192689987064585	0.243975941362993	0.302981572681824	0.172699073430386	0.181497366611089	0.203633108677611	0.278908452925012	0.155691303630449	0.285062683829566	0.261103593721925	0.278546716730581	0.247400242881293	0.305314059269361	0.270304401075334	0.291557530549688	0.343054364642129	0.202340337793112	0.191037186050461	0.22083394358844	0	0.146251271043053	0.212645190008305	0.303820676034997	0.208558414431845	0.209809817967346	0.224545492015793	0.225368975615196	0.293788728751691	0.239149543860315	0.246922032168265	0.175774656723058	0.202398205734872	0.180243511668933	0.227950562277327	0.30390260048642	0.136272619541572	0.111767260459884	0.202383097905573	0.180461957139243	0.23672915151961	0.294651307981656	0.329120454836253	0.265718380382002	0.291582818497768	0.233531846565813	0.344447921969475	0.183510542696242	0.228761845081125	0.299140571935421	0.266161428237472	0.293666574586467
700110161	0.298030446645459	0.157030276192455	0.19141465847966	0.415689041788916	0.213089622267346	0.143177741946007	0.308796077733573	0.0882772404921812	0.265462931585242	0.0996773013082944	0.204278018093031	0.237900983518567	0.0871614236066887	0.137709220459405	0.151962722826629	0.245942788386069	0.123195156916426	0.190653067243898	0.258756791594587	0.278258210515529	0.279563115103232	0.258265959047398	0.306798309735397	0.296789012476723	0.343527853985457	0.264097632900961	0.147224125784613	0.238227346004813	0.146251271043053	0	0.139595206754549	0.24517856149676	0.173498643532799	0.119600758605423	0.288132734756621	0.226271645417737	0.232342854292009	0.138747693393884	0.248608435039481	0.179304317626502	0.211350316744233	0.102622093673508	0.194383233161498	0.267018507995171	0.126692173421147	0.185493779071966	0.189365165161596	0.134597816382585	0.178187921042588	0.221054571039925	0.270668951937131	0.278457562437214	0.330015512306185	0.220393370852349	0.403644241561968	0.111423268537244	0.243152608928537	0.304411220557412	0.194742796684823	0.281732934268558
700023496	0.24703932785923	0.17167549348408	0.156211183995433	0.394790927811785	0.205982395794755	0.105241542149809	0.26203111593966	0.132054771336791	0.197219766705081	0.0859134633326525	0.115211571776015	0.165408336212411	0.139694087210042	0.101487313592795	0.191129690486096	0.159519905260878	0.110179513133978	0.108981596090785	0.190775107548698	0.235420480291458	0.193093618816994	0.174416850178131	0.267014243477388	0.237484652589241	0.266331364514553	0.252852938583498	0.108975961088895	0.287641788869038	0.212645190008305	0.139595206754549	0	0.17488843058786	0.106086321307874	0.0741218304714652	0.274183716981258	0.178429285381966	0.175015239852925	0.128731264428737	0.209322165395644	0.195932699436846	0.159655219097239	0.124218146951889	0.128600356208177	0.191759480614252	0.115880814694256	0.14622437834486	0.117533372065536	0.107803691405812	0.0844268557920411	0.159879561432173	0.19238137460134	0.241047272067391	0.294722784917312	0.153110572376298	0.360824675708078	0.107005670942163	0.186149451586145	0.2406404258993	0.166775333505548	0.217912874674382
700034628	0.222940351622816	0.275755240875456	0.177674873194088	0.383215817998476	0.275357886154983	0.174688890598143	0.215379664913196	0.234507790581762	0.14602013419339	0.212073231412688	0.134605941662911	0.175653942112338	0.237442842084177	0.215287116348202	0.259748170371162	0.148639297724728	0.22631679900135	0.197141790577465	0.16167294513701	0.239000803205267	0.153108592294802	0.0859604209119668	0.283197578234988	0.214643267049297	0.154566427024839	0.294430175746233	0.226674287608327	0.354050637907116	0.303820676034997	0.24517856149676	0.17488843058786	0	0.161667775495156	0.169004833628262	0.305130065834484	0.15216398310274	0.262460169970401	0.212301623578059	0.223421947022504	0.291766376942627	0.220210501508634	0.190589876577336	0.200484409626095	0.136209942638079	0.204309070841763	0.236492580610759	0.172649170786282	0.188050453665998	0.182376630259205	0.137391588513067	0.170868886112504	0.218344036356009	0.269624427695534	0.152980182767896	0.310968854749964	0.185063787829673	0.187969055920648	0.200515372771716	0.134275401066653	0.154309770816415
700023645	0.221846549015665	0.175118259561549	0.16845029506705	0.357635300331074	0.200189603998964	0.157881542668211	0.237009346568455	0.163612302456426	0.178978111658509	0.133863481905884	0.0688263847006382	0.180714584683212	0.162431939460221	0.132066395646208	0.229378926473787	0.11755358878084	0.155664196206316	0.131140420322207	0.182838362334527	0.194128022303647	0.183011238932426	0.130747482797504	0.270248145982958	0.219824701123607	0.223837133147662	0.237756317943633	0.155461935460915	0.255999041207847	0.208558414431845	0.173498643532799	0.106086321307874	0.161667775495156	0	0.100694674945347	0.251611822774148	0.165004861680797	0.199669174891624	0.201379336837927	0.17398596305629	0.236804192524407	0.159766645720151	0.124787751619194	0.133718882568443	0.165642656715198	0.126730863080418	0.173403580647359	0.132887895057231	0.146755846068155	0.128904326709372	0.170441164138169	0.169726996085195	0.207620435070792	0.256674138917292	0.161105437591788	0.341301728311652	0.117776843226087	0.191507675382367	0.201798661203981	0.156623997100128	0.208412217217636
700038744	0.259433709552656	0.190824070331398	0.125151061005604	0.40189204932581	0.21366882888505	0.0846510066703567	0.279536216139251	0.121635969555191	0.216932157207982	0.0837615884937431	0.115281598456954	0.162784051235987	0.12426779516005	0.110824292513766	0.176044069479034	0.165093797200918	0.120608054974149	0.10321604951372	0.213004565368625	0.251377687189184	0.229214222585958	0.173891803590879	0.284851408037206	0.254233214970123	0.274857629086274	0.264166987630647	0.112073027962976	0.276320261356129	0.209809817967346	0.119600758605423	0.0741218304714652	0.169004833628262	0.100694674945347	0	0.284758033930538	0.188018314479152	0.187320762887188	0.123138869215544	0.223431108460648	0.189669460705104	0.189809606375513	0.0866003298274381	0.147893862277973	0.206730066042084	0.115209635812481	0.16188991674636	0.155596279051881	0.100177963640326	0.115039450491333	0.154038732871426	0.190635269143509	0.25526695892231	0.307959978385073	0.179237210130678	0.371759121039137	0.079964921779769	0.220331427382767	0.254779506797294	0.146550428550875	0.245531799150302
700038485	0.184352046225601	0.187393190501735	0.351535121887401	0.269077789799534	0.159364568826465	0.319832849629693	0.229997805743094	0.298268148315713	0.220704481579454	0.288093816395494	0.256066758764248	0.369704232116441	0.307306374030312	0.234245779017044	0.354520373461646	0.268922438072971	0.285682577940759	0.298377988052836	0.198962940357154	0.220640152029781	0.279294135384584	0.301169045545707	0.203574814529498	0.203429801271229	0.306922590773954	0.0742070755973121	0.235491176863498	0.234840524418623	0.224545492015793	0.288132734756621	0.274183716981258	0.305130065834484	0.251611822774148	0.284758033930538	0	0.219818738776335	0.262569958048998	0.332229415572809	0.151313048426135	0.326821161033907	0.181256308403013	0.315892032171581	0.214901006560043	0.253531345254778	0.290546758987051	0.208613607465467	0.21703374219457	0.316425050815956	0.260941560832607	0.360653211666282	0.34127413605272	0.191843734415727	0.208547995010528	0.206554746371404	0.233933948378196	0.313719857564388	0.269308317151766	0.224510394953231	0.337964186765619	0.252136675379325
700024743	0.131173577598961	0.217918307100684	0.219943368649864	0.282732193546487	0.217512335940693	0.202510939262054	0.133314177676203	0.219443915833646	0.130935569301683	0.192385259191255	0.149637631107414	0.23478494874741	0.225221312986108	0.171191126854186	0.249191132468298	0.185474044073997	0.203411733544777	0.2255221597326	0.130476647197694	0.134453275606947	0.12863822313238	0.179661108760167	0.177400405381089	0.125996067598693	0.157101681723124	0.221103894790653	0.1906117062836	0.304794207751721	0.225368975615196	0.226271645417737	0.178429285381966	0.15216398310274	0.165004861680797	0.188018314479152	0.219818738776335	0	0.225265313421666	0.221124865239372	0.146516333184993	0.282827520244015	0.14737411061748	0.226901610907093	0.165467265881232	0.118300154479141	0.18985337838437	0.163128968598448	0.139221657874175	0.194582425799249	0.157334355914496	0.222378840224213	0.242231273842179	0.127768054592786	0.172133404550904	0.0967029821319714	0.215610554573524	0.21565990035345	0.112969484940525	0.139407424544566	0.205190948579975	0.11239697762244
