700108602	700014971	700033565	700109389	700023058	700023927	700106341	700114221	700023543	700023439	700016978	700024192	700113058	700099448	700109870	700033928	700023693	700109627	700095416	700110425	700111580	700111302	700098605	700111991	700108960	700024452	700032931	700095837	700024548	700110161	700023496	700034628	700023645	700038744	700038485	700024743	700099596	700110760	700101587	700106399	700032322	700095653	700021312	700101230	700023590	700038905	700033136	700023382	700096424	700105469	700016908	700096053	700108479	700109569	700033814	700016125	700109756	700102665	700101777	700109455
700108602	0	0.152674542816717	0.15501718703202	0.104347732333581	0.127657483482882	0.16069161234438	0.0810610315510872	0.185151148080176	0.0882446250206176	0.154696302830822	0.113683951487559	0.149419705926198	0.160035222878395	0.145610398135874	0.156891001040857	0.114141219620721	0.178588019153413	0.152883088641691	0.0854120360206736	0.0976468291281464	0.0898022682343406	0.105478010255328	0.114386817783424	0.0686521780973492	0.0992417269240854	0.11536984483885	0.157445859486024	0.139338455070169	0.138922637377764	0.158109084411597	0.152424244499992	0.117343001312416	0.113355657411964	0.143304763468947	0.114611175342716	0.113503370690628	0.123274851474904	0.162147893170624	0.102161193208684	0.176408788269147	0.102185968416133	0.143555519779819	0.133956961910313	0.109831281852635	0.145205692766267	0.127120137803815	0.126474507912231	0.149721128576829	0.139672104120764	0.129304777902106	0.10698197455025	0.0886724016218728	0.0938861705520569	0.1035961435866	0.108182381846298	0.147619509496506	0.10723323842048	0.0807867678459559	0.129285838100989	0.10201592100249
700014971	0.152674542816717	0	0.148845519293109	0.164892351759677	0.125812682642973	0.14204902532719	0.150891671693378	0.147313482520709	0.15348557923636	0.129509522798049	0.119869303322687	0.158523742286452	0.141394457304814	0.128992514030281	0.144829350290133	0.148840186216185	0.122339882763042	0.144369960543395	0.159446475089066	0.142832258397588	0.141231086426965	0.12856628831895	0.132529913025864	0.154820385948591	0.155753902063413	0.151596646960138	0.116244000556154	0.146734792103787	0.128423220953021	0.132105953380021	0.129682659755706	0.136890412243626	0.127159758971705	0.122018576454387	0.145402003382315	0.12418072929712	0.149621782393336	0.157844028844936	0.14006840659709	0.141813533767076	0.1480452684249	0.134081730455671	0.134098028055828	0.135756131990703	0.132996346201661	0.126583873756947	0.133807058886948	0.135548874877935	0.12094732595673	0.140972176612786	0.135879072728298	0.154785190862991	0.151143479304997	0.127802531578153	0.169627167383299	0.13452243389435	0.139569834472973	0.149439514016167	0.135631999432552	0.151052467015474
700033565	0.15501718703202	0.148845519293109	0	0.146737384293734	0.153845881618175	0.0761228586042995	0.137935598518143	0.114765660882522	0.144799413555961	0.101590577943413	0.0996716272250111	0.0524763142557947	0.103031320854587	0.126060985841774	0.0833995002424984	0.119501972531047	0.110549253760891	0.0940160250006929	0.151194787913415	0.140611032588978	0.133072671845939	0.0902971771132011	0.139123186293444	0.151746904775554	0.12346361165356	0.165397790078686	0.144013172108498	0.144526596214947	0.122061481390776	0.0981013822624047	0.104173489001599	0.0902492784428957	0.112178843247946	0.087088661276832	0.155101312314511	0.106955463840172	0.14249825255592	0.0776324310313235	0.152612272698763	0.108640268536316	0.136346339920831	0.0720206914489035	0.127863759602993	0.116574864289013	0.0978411257423565	0.118859432022237	0.145516875939377	0.0797291786367203	0.116354348821454	0.073862570278385	0.0762752144881225	0.164846797745184	0.147166619661506	0.12722341935284	0.182817514714301	0.091294762093052	0.117514140013911	0.153849026979597	0.077982484084071	0.129735086755791
700109389	0.104347732333581	0.164892351759677	0.146737384293734	0	0.143726633129381	0.167712174583345	0.0843624375483805	0.188489234033396	0.126340632070566	0.174365997409004	0.138779233111442	0.140670517423392	0.172982139033309	0.160017214692276	0.152728006175614	0.146255574028711	0.183020504023615	0.181265837410352	0.129194696824364	0.088627996032713	0.107791610038558	0.132274533918141	0.111981952711309	0.105982783393525	0.0974231237532863	0.123751137095876	0.179431284064618	0.154496845325158	0.142593198248972	0.155881979383375	0.169494354852002	0.133889105097247	0.140148730632144	0.154615361486487	0.117942464448773	0.114353372592501	0.173718484471122	0.16304007567578	0.13138543036611	0.172329080592498	0.139846910042465	0.157624022041107	0.155213189776664	0.128340420442127	0.149738028878356	0.146511746285944	0.157881591344338	0.159045679780662	0.160670382699332	0.13877785168816	0.116387365611166	0.101792524762909	0.0738537322659061	0.134949235745183	0.117781648057512	0.165707452321298	0.112558629984151	0.0869363978399907	0.119829197989572	0.0985729885543382
700023058	0.127657483482882	0.125812682642973	0.153845881618175	0.143726633129381	0	0.149027156825491	0.129773242454811	0.15911129601321	0.120598292692076	0.144353404651345	0.121589610062845	0.150230739212484	0.152617425124598	0.132189479426733	0.146231531125172	0.128147540722244	0.151260363105144	0.147648980190975	0.120361183572396	0.132944662382613	0.132144416817283	0.128206074030965	0.125266187054438	0.124517605735918	0.14652508222543	0.114116577451531	0.150214012011252	0.126809735875107	0.127689890133296	0.138227341784223	0.142914791506417	0.150304493321665	0.123982709581799	0.132605478780691	0.103079589884254	0.133222738821884	0.132944247182076	0.14875572589806	0.124748544389356	0.154031524376768	0.126149926462501	0.136779883377988	0.128107642112328	0.133116716516823	0.128899441283231	0.122107274398864	0.128807189471326	0.140699305944644	0.129148293035045	0.143146449772028	0.12672567052656	0.128283544787396	0.12712192529769	0.126794757116681	0.137183161111048	0.145644539666631	0.134044750877707	0.137145481643246	0.13773752565483	0.135905373030872
700023927	0.16069161234438	0.14204902532719	0.0761228586042995	0.167712174583345	0.149027156825491	0	0.157115471780676	0.117569105821404	0.154452938883165	0.0934379757716847	0.0988093176959397	0.0887930674005086	0.108889201096364	0.102301208235176	0.10326921060394	0.128499217353427	0.107625281322169	0.0805136032205249	0.155656134903262	0.156640244459663	0.138665671918196	0.108743072971484	0.142455935263416	0.153496475731071	0.141775525795412	0.169441107641622	0.139876673861193	0.15687040356789	0.118035939925451	0.101634200586158	0.0677426047332225	0.115241506049894	0.123416206313693	0.0819263988151858	0.158106223473988	0.124071664953794	0.128248387840839	0.0668614675780624	0.161008286941368	0.116621195410394	0.145322843813681	0.085536871448218	0.113217788581468	0.133566795335212	0.100606229357565	0.112470806384068	0.143462698220899	0.0844841276561483	0.0823518194404165	0.0948516019835382	0.10324683192345	0.173755849636408	0.161855280286151	0.118091115559171	0.184947406228064	0.101330898191091	0.126444398423825	0.168089758084432	0.097192148043529	0.151196834543993
700106341	0.0810610315510872	0.150891671693378	0.137935598518143	0.0843624375483805	0.129773242454811	0.157115471780676	0	0.180293362569997	0.0808450093399829	0.166003846152582	0.119526084029858	0.126882328797663	0.154560030128994	0.150675865365447	0.138759219885523	0.119716065486736	0.174114473217634	0.169281401567383	0.105091797175362	0.0763462231675581	0.0824559193318762	0.0996584564331631	0.111182302441411	0.0962650418507215	0.0675293064015424	0.130478874731066	0.177557981081841	0.15392630068618	0.146376972845407	0.14968308715623	0.156617227919805	0.0810124724673434	0.114298589319794	0.138200010011663	0.125100083237958	0.0841796223145445	0.147680751853856	0.156697257845012	0.0994827422114262	0.171873919843409	0.124696258694456	0.135394872284229	0.129335652780787	0.0886718314387859	0.134229947756797	0.143190991758464	0.143769989130484	0.140623292751144	0.147436954047601	0.109959185012922	0.0988232495788268	0.0741482914816636	0.0751588636726944	0.107659568632697	0.129596718614221	0.146671325587955	0.0946794809974085	0.0636869187020193	0.108735607298124	0.0672138803750354
700114221	0.185151148080176	0.147313482520709	0.114765660882522	0.188489234033396	0.15911129601321	0.117569105821404	0.180293362569997	0	0.18560967682262	0.092918919432296	0.142070892853412	0.124811646945773	0.104320074915354	0.151186267518905	0.107647302207211	0.158854277319201	0.0803218863979046	0.151492199383283	0.187817107893931	0.170630849608324	0.166992839876415	0.143584598434474	0.17615139931236	0.190280560243574	0.177829554647305	0.191319939307215	0.145546996575891	0.150862239355485	0.11262073544013	0.115562501807026	0.120286953392106	0.14949024668482	0.127749109990648	0.117714338399909	0.184772218416744	0.143774912766826	0.162881805325398	0.10923658838887	0.180383850346301	0.0962188512627114	0.160000298627003	0.0918730205383881	0.149267209665734	0.146774521587013	0.109696961034124	0.127874922385761	0.147253846438231	0.09819299652376	0.142730021576742	0.127487740946712	0.140160274721456	0.197120818426503	0.180748208692288	0.161883144755893	0.215460641544851	0.109907817905977	0.143906959215194	0.194704522724615	0.131929406434006	0.172640589754648
700023543	0.0882446250206176	0.15348557923636	0.144799413555961	0.126340632070566	0.120598292692076	0.154452938883165	0.0808450093399829	0.18560967682262	0	0.156437800799647	0.113864624509148	0.137646481319449	0.156773523241633	0.136792952927455	0.148399221820296	0.105693772497158	0.175441641974966	0.161041665651602	0.0879922046031056	0.105241728559674	0.0991315411837202	0.099373678181248	0.11627762850051	0.0911307819891618	0.10334025167725	0.104096507251386	0.153970689388142	0.129786742759517	0.150836122660541	0.150228462829299	0.154564824138353	0.0969395272360006	0.115000650158842	0.138389963903233	0.103438671514403	0.111913256254211	0.134457171823434	0.1611097472955	0.0857566689277055	0.177227139110226	0.113116783707726	0.136840850329447	0.123006288952673	0.0906044277142185	0.143161535450809	0.135891908850647	0.117401183056762	0.138237121010875	0.15253538809821	0.113333028827366	0.110214919863567	0.0831254341386423	0.101348438458779	0.115477473749877	0.117651075539727	0.145132150170883	0.118997048754224	0.086561995753374	0.122628927712613	0.089816340291669
700023439	0.154696302830822	0.129509522798049	0.101590577943413	0.174365997409004	0.144353404651345	0.0934379757716847	0.166003846152582	0.092918919432296	0.156437800799647	0	0.106018679234308	0.11130164003069	0.101488914831075	0.119340955222797	0.110518820454079	0.145039137640807	0.0879778868688039	0.112387168621025	0.15503370871823	0.159044913254347	0.143373077420323	0.122355196675885	0.148396555667995	0.153028795700819	0.158292068817173	0.162252867354913	0.133744876844699	0.141312311517109	0.0994462303975898	0.102401215062623	0.0941102405774893	0.132873935139007	0.10596154638265	0.101280130583283	0.149582648237156	0.129065118223245	0.134047059902113	0.0914447677116868	0.15028666179877	0.0904379649263143	0.124916894166277	0.0894152411995831	0.134780218512773	0.14155197923328	0.107668325615066	0.100895962809719	0.132034689399977	0.0866434465410398	0.111324726939266	0.113895896703256	0.120751997456114	0.174533857256555	0.164114170222844	0.123337369826054	0.181365176053387	0.102507723672115	0.131559801472368	0.169844160435118	0.112922467352704	0.159278308545502
700016978	0.113683951487559	0.119869303322687	0.0996716272250111	0.138779233111442	0.121589610062845	0.0988093176959397	0.119526084029858	0.142070892853412	0.113864624509148	0.106018679234308	0	0.096335726628123	0.112904823674776	0.121223663871088	0.123837058345141	0.10099433283519	0.127992768193764	0.0998019430120848	0.115101632436518	0.11623412567575	0.0993577778455979	0.0684970669989777	0.123324519074598	0.114644612422144	0.100732183858739	0.134761586351753	0.13507842776728	0.118189414739794	0.116904446006371	0.111823853471186	0.0935348320164046	0.0943106449296926	0.0814547634334883	0.0826154877655595	0.131074327649658	0.0945758062703166	0.123021963811605	0.118808077238349	0.104509536745325	0.127403953679009	0.106899574862609	0.0894739763886607	0.104429858514427	0.101178288438092	0.104367157407995	0.0985552853425344	0.126287955117525	0.0912513064178499	0.106478057676316	0.0982935713091515	0.0800657548484009	0.131870896201002	0.117605118222749	0.085912372561835	0.13940665085155	0.10243834104608	0.0986456271288418	0.119841321255963	0.0892613299530363	0.120453403301273
700024192	0.149419705926198	0.158523742286452	0.0524763142557947	0.140670517423392	0.150230739212484	0.0887930674005086	0.126882328797663	0.124811646945773	0.137646481319449	0.11130164003069	0.096335726628123	0	0.0918082266405097	0.135543053949095	0.0862133174046647	0.109722376552496	0.120783857180882	0.113330726501496	0.141098238589106	0.131634049681232	0.124555574279766	0.0818230854225426	0.139945121050779	0.152477596848661	0.116971053726305	0.164354760802591	0.156033807174149	0.140679651942025	0.119796997862238	0.10766162157485	0.102110194357829	0.0811344817786053	0.0998147045050207	0.0880577471592079	0.155576240408126	0.105651452316951	0.147646171406919	0.0890160176734988	0.146704895251877	0.106834219972884	0.137272555990399	0.0627469016819786	0.138282237513798	0.108515846178817	0.0814920584164818	0.1155737966492	0.145693635850245	0.0763060272793088	0.130026551855271	0.0657278286991089	0.0702082258476428	0.15771115865003	0.142087942289398	0.132645879061429	0.188371071979701	0.0845101705300194	0.109720332393829	0.149332760115317	0.074829197955333	0.120595321311418
700113058	0.160035222878395	0.141394457304814	0.103031320854587	0.172982139033309	0.152617425124598	0.108889201096364	0.154560030128994	0.104320074915354	0.156773523241633	0.101488914831075	0.112904823674776	0.0918082266405097	0	0.133526702893704	0.101290439429011	0.136221349680461	0.10669917223651	0.133492800614169	0.157577303817517	0.14755864960914	0.149186640124645	0.112325403541306	0.15614929998655	0.168153204678576	0.154618525010364	0.174107539176764	0.144814018135988	0.134544160409103	0.113028325078289	0.0979938167753073	0.107922336946706	0.119300306339032	0.102067338405643	0.0939584959327755	0.165158631720688	0.130460102846568	0.147111794283103	0.111567796866869	0.154431067527222	0.089051725633987	0.147076319116883	0.0756727900938274	0.156422176480702	0.125258582654481	0.0899573233783915	0.113536841912209	0.146616913014949	0.0796242576399669	0.128333653841968	0.101910670852381	0.114418901454529	0.167078620976553	0.160485549493195	0.152165802246987	0.2067112349953	0.0719560923461974	0.128525006982992	0.172405193792327	0.106439748128923	0.151268557267528
700099448	0.145610398135874	0.128992514030281	0.126060985841774	0.160017214692276	0.132189479426733	0.102301208235176	0.150675865365447	0.151186267518905	0.136792952927455	0.119340955222797	0.121223663871088	0.135543053949095	0.133526702893704	0	0.121644988240679	0.150520104015687	0.130611729460243	0.124696381741523	0.137657747836898	0.14385484285344	0.135044141143001	0.136749261684444	0.106162175193464	0.141653615000611	0.144484093963724	0.133064214403731	0.140227189209061	0.148591593380584	0.122325211828842	0.0954356885298689	0.108829053077158	0.138363190393058	0.134535644415835	0.107118505825773	0.134537623556309	0.134242251120051	0.12480954274764	0.111513180948699	0.147610038207297	0.143379501541173	0.142839229236047	0.116926536881706	0.127595753205791	0.141573562192295	0.123412375612481	0.123103800738397	0.139690249832713	0.121813705396507	0.0808565849777495	0.126775105652552	0.11562673506927	0.137750638192529	0.148894700035816	0.124211300523346	0.156732548379027	0.128334304821353	0.123411082253396	0.140284694726186	0.114048192965127	0.142729478889632
700109870	0.156891001040857	0.144829350290133	0.0833995002424984	0.152728006175614	0.146231531125172	0.10326921060394	0.138759219885523	0.107647302207211	0.148399221820296	0.110518820454079	0.123837058345141	0.0862133174046647	0.101290439429011	0.121644988240679	0	0.141562449650335	0.110595988495513	0.131077918632617	0.158818433767656	0.129447232547438	0.128092665142257	0.112851378693983	0.136375018343966	0.164241022824941	0.13025351479694	0.168370555255158	0.149138855372694	0.143645438612147	0.116484852717351	0.0849508499814298	0.120071683854848	0.102052775098804	0.129490642631706	0.101450939458524	0.165668861869776	0.12611179340572	0.149466610346642	0.0772240478058457	0.15963868247745	0.0981602663391246	0.154048275857025	0.0775263169690801	0.153589821050655	0.116108383877335	0.0959331651497063	0.118243036184624	0.154572032358888	0.0825332433973388	0.116340451769797	0.0889197739445087	0.10621912929404	0.159796491078783	0.141823283716189	0.141787056443756	0.191284107842825	0.0949215996278818	0.10788551657708	0.154599621192178	0.0899898524776076	0.127288265696922
700033928	0.114141219620721	0.148840186216185	0.119501972531047	0.146255574028711	0.128147540722244	0.128499217353427	0.119716065486736	0.158854277319201	0.105693772497158	0.145039137640807	0.10099433283519	0.109722376552496	0.136221349680461	0.150520104015687	0.141562449650335	0	0.141933674134961	0.126647084309058	0.106187602825339	0.127848864019728	0.108800390075725	0.0935605303404976	0.135570931240156	0.110166674218554	0.111843805125591	0.149989407055663	0.140078780527266	0.120565264402713	0.144444489553907	0.145849971851777	0.129368900303041	0.106508341391482	0.104350248648848	0.115948761277488	0.131355958645863	0.123540034302143	0.129760970484047	0.14763805059883	0.118913542705745	0.156691361638046	0.106179058466422	0.110068545243877	0.131034581063556	0.114169804101661	0.127075262818094	0.131863822526756	0.12315405690831	0.122541269497587	0.14073902842209	0.106276711932875	0.0910423975065931	0.128931616597609	0.122885661491975	0.120265412696646	0.141400632258112	0.120822765379522	0.12128145802554	0.124353833828378	0.111342772086234	0.11550497072509
700023693	0.178588019153413	0.122339882763042	0.110549253760891	0.183020504023615	0.151260363105144	0.107625281322169	0.174114473217634	0.0803218863979046	0.175441641974966	0.0879778868688039	0.127992768193764	0.120783857180882	0.10669917223651	0.130611729460243	0.110595988495513	0.141933674134961	0	0.125639141372104	0.175601470641029	0.1653109508524	0.157140988110831	0.134461193068286	0.157838902724113	0.179478255739313	0.170900868719026	0.187204728226074	0.13527237917338	0.151684723151742	0.108310251826174	0.107657663933476	0.100175367601662	0.141970473395738	0.12622444960096	0.101432545703919	0.171760252402717	0.134823048281406	0.14605731240872	0.114084248607786	0.171247326685512	0.0981938715986973	0.150712507283579	0.0947892843459959	0.129132562355875	0.145315051876225	0.110818143384354	0.112625705270201	0.141635638592739	0.0969982453114679	0.116036976316828	0.122939617638947	0.131454229558308	0.189000432825316	0.176248685693748	0.14633394922344	0.204930024970802	0.1053380553792	0.14156229044634	0.186951929764189	0.127861536919141	0.166334036868015
700109627	0.152883088641691	0.144369960543395	0.0940160250006929	0.181265837410352	0.147648980190975	0.0805136032205249	0.169281401567383	0.151492199383283	0.161041665651602	0.112387168621025	0.0998019430120848	0.113330726501496	0.133492800614169	0.124696381741523	0.131077918632617	0.126647084309058	0.125639141372104	0	0.160756368168205	0.163164594129276	0.1527994388888	0.114767382520394	0.153466072138334	0.151182837698363	0.145886589141032	0.171047909318707	0.13755195569002	0.150395809940343	0.148787620121829	0.118319749837711	0.0943733294952618	0.129907366110969	0.132637422891475	0.112419009195978	0.156335630400016	0.144381693558512	0.112606633002373	0.0953194326676086	0.165455841555294	0.13988960244722	0.148491593643255	0.103955579710039	0.125062563707727	0.136674215568764	0.139887800048598	0.137471562553282	0.154412208939763	0.118870310696801	0.094915413666221	0.117950660198907	0.114013401643629	0.184818659357779	0.166107851934484	0.12095542577936	0.178069317373185	0.125589184613568	0.143788003963714	0.171635907480371	0.123047672767644	0.160741236745671
700095416	0.0854120360206736	0.159446475089066	0.151194787913415	0.129194696824364	0.120361183572396	0.155656134903262	0.105091797175362	0.187817107893931	0.0879922046031056	0.15503370871823	0.115101632436518	0.141098238589106	0.157577303817517	0.137657747836898	0.158818433767656	0.106187602825339	0.175601470641029	0.160756368168205	0	0.120482957014276	0.102612260523513	0.11322218329924	0.115557183300474	0.0849727796672906	0.115635698183207	0.119086956895842	0.148407783212189	0.137876865144424	0.148060739717034	0.157156903989918	0.15066201382308	0.121147973310593	0.118074892899695	0.140829400619916	0.107260152984422	0.123336884444636	0.122505420956586	0.160856061473918	0.0994401993196751	0.179688487281403	0.100062800617302	0.148636466970561	0.119725069207015	0.121172172814556	0.144486096087517	0.130178588362908	0.119427862458454	0.148479145698125	0.148640446170756	0.132917079120473	0.106843592681275	0.103429898159869	0.113956659654811	0.110679603587939	0.114760667063202	0.153475461475956	0.124677440310584	0.101027274135629	0.130063217516613	0.113668509419109
700110425	0.0976468291281464	0.142832258397588	0.140611032588978	0.088627996032713	0.132944662382613	0.156640244459663	0.0763462231675581	0.170630849608324	0.105241728559674	0.159044913254347	0.11623412567575	0.131634049681232	0.14755864960914	0.14385484285344	0.129447232547438	0.127848864019728	0.1653109508524	0.163164594129276	0.120482957014276	0	0.0906490606813075	0.105984816975802	0.0917195119555388	0.107488857480873	0.0673543517033423	0.133971332487373	0.159874684896397	0.135425004780033	0.14323592151955	0.128497596166811	0.152652538917167	0.106090019638309	0.107871697109445	0.132377847186494	0.126377202012908	0.0954176046148311	0.148054408287307	0.155379565624234	0.112689409481736	0.165901490372405	0.123031261907907	0.128251689873548	0.138888103301389	0.0840921087153724	0.127625948672669	0.133079674265382	0.136317686467139	0.138637846147953	0.138946583971395	0.115734438978174	0.106255138453528	0.0842343654523832	0.0506077461626584	0.117135561311274	0.128793707300508	0.139923031015476	0.0812870388352518	0.070364565074121	0.105816911445978	0.0752209907179849
700111580	0.0898022682343406	0.141231086426965	0.133072671845939	0.107791610038558	0.132144416817283	0.138665671918196	0.0824559193318762	0.166992839876415	0.0991315411837202	0.143373077420323	0.0993577778455979	0.124555574279766	0.149186640124645	0.135044141143001	0.128092665142257	0.108800390075725	0.157140988110831	0.1527994388888	0.102612260523513	0.0906490606813075	0	0.0858633925991708	0.102181590131376	0.096903829185456	0.0718687374601661	0.139839078116475	0.158045458392201	0.147987110170811	0.12545159223925	0.141891123259861	0.138695717401402	0.0924174115325927	0.103077247938158	0.127278083921073	0.133893316656192	0.0955902789900508	0.146979891369874	0.146137735004848	0.112595933937156	0.154468106640162	0.117134917296277	0.117863615123404	0.134809474763995	0.0994717798844625	0.118282426784324	0.116354427677656	0.132073739033435	0.118522532038502	0.128304521198856	0.107486351920875	0.10059449614431	0.0898257933527618	0.0918952593599763	0.0951214877685251	0.127869229860459	0.135519318179923	0.0716540859566092	0.0763906704904111	0.0925528209729242	0.0806118588974166
700111302	0.105478010255328	0.12856628831895	0.0902971771132011	0.132274533918141	0.128206074030965	0.108743072971484	0.0996584564331631	0.143584598434474	0.099373678181248	0.122355196675885	0.0684970669989777	0.0818230854225426	0.112325403541306	0.136749261684444	0.112851378693983	0.0935605303404976	0.134461193068286	0.114767382520394	0.11322218329924	0.105984816975802	0.0858633925991708	0	0.130296613636165	0.112119133288318	0.083909588847059	0.150202238955023	0.146033747690726	0.136068897286233	0.130432276328984	0.117938758376748	0.112106006044715	0.0656714039670107	0.0704576211009454	0.0906151376796121	0.142776153717492	0.0842737690397079	0.12895932790822	0.129327635921613	0.111969733939705	0.130560242907174	0.118684606980332	0.0837111417565554	0.107648432500305	0.0867014704726367	0.102906279130208	0.118865811405369	0.130739407174651	0.0880314715842492	0.112123143953126	0.0682495044632416	0.0739940671187915	0.119872434459541	0.111740827896948	0.0932227514533086	0.156737963719908	0.102419891191287	0.0878679166926662	0.116368764327233	0.0742633295810991	0.103723407361076
700098605	0.114386817783424	0.132529913025864	0.139123186293444	0.111981952711309	0.125266187054438	0.142455935263416	0.111182302441411	0.17615139931236	0.11627762850051	0.148396555667995	0.123324519074598	0.139945121050779	0.15614929998655	0.106162175193464	0.136375018343966	0.135570931240156	0.157838902724113	0.153466072138334	0.115557183300474	0.0917195119555388	0.102181590131376	0.130296613636165	0	0.114584419602998	0.117421045985031	0.12384589384193	0.140600346005382	0.140348601104707	0.141170590205468	0.122851082848083	0.143668615166004	0.122303889191775	0.125550646559982	0.13040427788856	0.123865746968719	0.113534296530568	0.133677699134649	0.134790684549454	0.123521285418089	0.160625782884936	0.127512404878909	0.137722218323302	0.131370654800685	0.109004489090449	0.148533488198085	0.119911585416941	0.128376294781511	0.139792535692245	0.124358017423359	0.123794896118812	0.113658392838067	0.108589038641222	0.098113938241176	0.112045254641429	0.121398580336114	0.147197441240799	0.118367655881413	0.0957168980035362	0.119981363940153	0.0837947445051405
700111991	0.0686521780973492	0.154820385948591	0.151746904775554	0.105982783393525	0.124517605735918	0.153496475731071	0.0962650418507215	0.190280560243574	0.0911307819891618	0.153028795700819	0.114644612422144	0.152477596848661	0.168153204678576	0.141653615000611	0.164241022824941	0.110166674218554	0.179478255739313	0.151182837698363	0.0849727796672906	0.107488857480873	0.096903829185456	0.112119133288318	0.114584419602998	0	0.101668399489607	0.107976322852893	0.147441041690531	0.133996697602183	0.142590671945436	0.160856213400103	0.152808229875397	0.128896043159545	0.1241262554117	0.147498640042763	0.101781397304096	0.114843949478052	0.137163087485133	0.161827362993798	0.108700695962095	0.17737580899248	0.110276427333377	0.14932184964763	0.133281445776344	0.118966696406313	0.15007364188958	0.133235319251409	0.123622425312054	0.147771129256524	0.143576789269919	0.137224433791183	0.112190307333645	0.103182351537371	0.0942133699021847	0.0985270481574524	0.0876813510501693	0.154658625682728	0.123973422928298	0.0863752844954043	0.129973857603477	0.11143250418237
700108960	0.0992417269240854	0.155753902063413	0.12346361165356	0.0974231237532863	0.14652508222543	0.141775525795412	0.0675293064015424	0.177829554647305	0.10334025167725	0.158292068817173	0.100732183858739	0.116971053726305	0.154618525010364	0.144484093963724	0.13025351479694	0.111843805125591	0.170900868719026	0.145886589141032	0.115635698183207	0.0673543517033423	0.0718687374601661	0.083909588847059	0.117421045985031	0.101668399489607	0	0.149276354958004	0.174064413393184	0.149533051665966	0.142817135987988	0.140408610273888	0.146956583469435	0.0801820487756567	0.111059929909414	0.12957292633735	0.137863496950711	0.0856076143389472	0.151847595597053	0.148260974873407	0.116798091605887	0.168604064315944	0.133071299946317	0.121661095304675	0.132461912614368	0.0908438998774283	0.126651903879914	0.142787428580658	0.148215527593739	0.136058482818254	0.138480039571434	0.0941741226895534	0.0887475816903084	0.0933245549299025	0.0699831099120639	0.10039237227461	0.125359401151273	0.141848329461813	0.0791816920438953	0.0736449035424265	0.0880388642971123	0.0741895092675932
700024452	0.11536984483885	0.151596646960138	0.165397790078686	0.123751137095876	0.114116577451531	0.169441107641622	0.130478874731066	0.191319939307215	0.104096507251386	0.162252867354913	0.134761586351753	0.164354760802591	0.174107539176764	0.133064214403731	0.168370555255158	0.149989407055663	0.187204728226074	0.171047909318707	0.119086956895842	0.133971332487373	0.139839078116475	0.150202238955023	0.12384589384193	0.107976322852893	0.149276354958004	0	0.163612708240011	0.126643360669794	0.121974677051349	0.158674897077163	0.171141933927352	0.160300299950885	0.144293399327539	0.158819902700093	0.0762406657470117	0.143039490842663	0.148652455517135	0.172600265947926	0.102026480323217	0.174803193137132	0.125205394209334	0.165219134223286	0.148651684558163	0.142578843840545	0.157079089446117	0.118889518129605	0.129927874183567	0.164084557350713	0.158641006970651	0.159045533637362	0.127606208188438	0.113170778814836	0.114952510880912	0.13625587087414	0.10523457161734	0.159316693190961	0.13490713822355	0.124933115200543	0.142174185137279	0.143693949416987
700032931	0.157445859486024	0.116244000556154	0.144013172108498	0.179431284064618	0.150214012011252	0.139876673861193	0.177557981081841	0.145546996575891	0.153970689388142	0.133744876844699	0.13507842776728	0.156033807174149	0.144814018135988	0.140227189209061	0.149138855372694	0.140078780527266	0.13527237917338	0.13755195569002	0.148407783212189	0.159874684896397	0.158045458392201	0.146033747690726	0.140600346005382	0.147441041690531	0.174064413393184	0.163612708240011	0	0.124457533284566	0.135104079127609	0.132486635534443	0.134327825831773	0.14796320763085	0.138686365261788	0.125430444980957	0.150394521113688	0.154055420442657	0.139658510282878	0.134265448426193	0.149518795940623	0.143199192192899	0.147825183522493	0.134670868883722	0.142521532561209	0.136543217021246	0.13810231029939	0.133620341522031	0.121203336973948	0.134816015947346	0.126630712469622	0.14219680917877	0.144546004949178	0.173920986103308	0.167707806446347	0.134626178310966	0.161987280858251	0.137412707538886	0.157894197822015	0.170367003513249	0.141781868078848	0.164482505536825
700095837	0.139338455070169	0.146734792103787	0.144526596214947	0.154496845325158	0.126809735875107	0.15687040356789	0.15392630068618	0.150862239355485	0.129786742759517	0.141312311517109	0.118189414739794	0.140679651942025	0.134544160409103	0.148591593380584	0.143645438612147	0.120565264402713	0.151684723151742	0.150395809940343	0.137876865144424	0.135425004780033	0.147987110170811	0.136068897286233	0.140348601104707	0.133996697602183	0.149533051665966	0.126643360669794	0.124457533284566	0	0.110822913575825	0.120427288524417	0.14644225844905	0.155294718515352	0.125348222168006	0.12725973793932	0.127404095507268	0.147705239263271	0.136367842232539	0.158375793159913	0.126422885792694	0.141146508266897	0.129445691820364	0.12659952920612	0.151528935628557	0.128433499003316	0.127853704126504	0.121351370983835	0.128090729453994	0.136789134645296	0.152382079423445	0.14393950827507	0.11818525693379	0.148628391579006	0.135638222226286	0.146176707322147	0.143598369520663	0.131664707703952	0.135363749826648	0.147413366842162	0.137100767448787	0.149747598818411
700024548	0.138922637377764	0.128423220953021	0.122061481390776	0.142593198248972	0.127689890133296	0.118035939925451	0.146376972845407	0.11262073544013	0.150836122660541	0.0994462303975898	0.116904446006371	0.119796997862238	0.113028325078289	0.122325211828842	0.116484852717351	0.144444489553907	0.108310251826174	0.148787620121829	0.148060739717034	0.14323592151955	0.12545159223925	0.130432276328984	0.141170590205468	0.142590671945436	0.142817135987988	0.121974677051349	0.135104079127609	0.110822913575825	0	0.108882741373364	0.114660894101189	0.145277558383792	0.117756950698934	0.105634741801978	0.121857157620139	0.121525479975786	0.14654342582951	0.117867828987621	0.139505762676109	0.105056002646467	0.130502722095219	0.101371297523904	0.136982526365596	0.141163374464258	0.0865930221878684	0.0760475337724862	0.128218661205222	0.10350126237454	0.119967047541667	0.126692719044361	0.111113228006107	0.153598878688645	0.140295467522598	0.126175738670242	0.160946674552797	0.102686511528108	0.113511970321589	0.152226312749803	0.114033992876534	0.155999181215972
700110161	0.158109084411597	0.132105953380021	0.0981013822624047	0.155881979383375	0.138227341784223	0.101634200586158	0.14968308715623	0.115562501807026	0.150228462829299	0.102401215062623	0.111823853471186	0.10766162157485	0.0979938167753073	0.0954356885298689	0.0849508499814298	0.145849971851777	0.107657663933476	0.118319749837711	0.157156903989918	0.128497596166811	0.141891123259861	0.117938758376748	0.122851082848083	0.160856213400103	0.140408610273888	0.158674897077163	0.132486635534443	0.120427288524417	0.108882741373364	0	0.104285814118814	0.119563703517163	0.119859807704649	0.0847403086557269	0.1554487159231	0.125807503099919	0.128362315882048	0.0934041033212857	0.157458724898117	0.107430810198681	0.145790407721357	0.0842636853308209	0.133991159408025	0.114141009755607	0.103781369210356	0.117264679033677	0.149292832276492	0.0988612634176228	0.0898424057430532	0.105406783131619	0.111753027032716	0.1556767354145	0.143663885127856	0.129143802770537	0.185855501016362	0.0943377716200829	0.109665676929298	0.152389155600123	0.0989531678523537	0.140515503291782
700023496	0.152424244499992	0.129682659755706	0.104173489001599	0.169494354852002	0.142914791506417	0.0677426047332225	0.156617227919805	0.120286953392106	0.154564824138353	0.0941102405774893	0.0935348320164046	0.102110194357829	0.107922336946706	0.108829053077158	0.120071683854848	0.129368900303041	0.100175367601662	0.0943733294952618	0.15066201382308	0.152652538917167	0.138695717401402	0.112106006044715	0.143668615166004	0.152808229875397	0.146956583469435	0.171141933927352	0.134327825831773	0.14644225844905	0.114660894101189	0.104285814118814	0	0.122552524723399	0.115358516071655	0.0811522265827303	0.158077775979058	0.124607668135898	0.124910539020042	0.0967175416794064	0.151841431607385	0.119313920904627	0.13340299140745	0.090334255774777	0.110191688555135	0.136463087389037	0.101051831441211	0.107056482230832	0.140165147910674	0.0910260994469261	0.0858053713330752	0.109563539483696	0.110032845640838	0.172848930072174	0.164852842904539	0.117652624172464	0.182998238536883	0.0943814159211019	0.122665041636989	0.169314076693439	0.114562357970139	0.152104061405871
700034628	0.117343001312416	0.136890412243626	0.0902492784428957	0.133889105097247	0.150304493321665	0.115241506049894	0.0810124724673434	0.14949024668482	0.0969395272360006	0.132873935139007	0.0943106449296926	0.0811344817786053	0.119300306339032	0.138363190393058	0.102052775098804	0.106508341391482	0.141970473395738	0.129907366110969	0.121147973310593	0.106090019638309	0.0924174115325927	0.0656714039670107	0.122303889191775	0.128896043159545	0.0801820487756567	0.160300299950885	0.14796320763085	0.155294718515352	0.145277558383792	0.119563703517163	0.122552524723399	0	0.102793288362302	0.0999041410348377	0.153353764686424	0.0763132741336923	0.139079341527404	0.118281815107644	0.124334023316662	0.138592292931274	0.135582972003411	0.0915627165401144	0.126083115948134	0.0717483469764452	0.112979667251777	0.135645744458245	0.139160518290488	0.0995851730258922	0.1313040935021	0.0635894088278751	0.0878559723070423	0.117531385199492	0.115342216156307	0.112816599456302	0.16466646918212	0.101878127293425	0.105404322534203	0.106823746985109	0.0773373176262801	0.0790255841285616
700023645	0.113355657411964	0.127159758971705	0.112178843247946	0.140148730632144	0.123982709581799	0.123416206313693	0.114298589319794	0.127749109990648	0.115000650158842	0.10596154638265	0.0814547634334883	0.0998147045050207	0.102067338405643	0.134535644415835	0.129490642631706	0.104350248648848	0.12622444960096	0.132637422891475	0.118074892899695	0.107871697109445	0.103077247938158	0.0704576211009454	0.125550646559982	0.1241262554117	0.111059929909414	0.144293399327539	0.138686365261788	0.125348222168006	0.117756950698934	0.119859807704649	0.115358516071655	0.102793288362302	0	0.0926540636715258	0.137645536984264	0.090010856097833	0.132888224175145	0.135767132463624	0.119806867062307	0.119086559050784	0.109666102825141	0.0902018146288169	0.105814056643914	0.0923397218164643	0.0961288386438545	0.105892878019087	0.120138626826881	0.0931484142758043	0.125121249382243	0.0929285366819527	0.0839505871779694	0.126874926763559	0.115749874892511	0.119170737092774	0.163369221752815	0.0970826093160209	0.103539258316651	0.121408188211727	0.097000848870558	0.119442445387901
700038744	0.143304763468947	0.122018576454387	0.087088661276832	0.154615361486487	0.132605478780691	0.0819263988151858	0.138200010011663	0.117714338399909	0.138389963903233	0.101280130583283	0.0826154877655595	0.0880577471592079	0.0939584959327755	0.107118505825773	0.101450939458524	0.115948761277488	0.101432545703919	0.112419009195978	0.140829400619916	0.132377847186494	0.127278083921073	0.0906151376796121	0.13040427788856	0.147498640042763	0.12957292633735	0.158819902700093	0.125430444980957	0.12725973793932	0.105634741801978	0.0847403086557269	0.0811522265827303	0.0999041410348377	0.0926540636715258	0	0.157379148189555	0.105572348197524	0.126099160797081	0.0980780323066371	0.13317817880179	0.111191246737015	0.126824716382986	0.074721932014169	0.109910228151493	0.119409625456999	0.0851867694982124	0.102033823929028	0.132064121284576	0.0822505018716842	0.0927169993338797	0.0895324117887998	0.0929714313971499	0.152995807251388	0.144679086462995	0.114134132404073	0.181057170786444	0.0787830270609538	0.111130675771825	0.150205832727036	0.0907031355981664	0.138925942077817
700038485	0.114611175342716	0.145402003382315	0.155101312314511	0.117942464448773	0.103079589884254	0.158106223473988	0.125100083237958	0.184772218416744	0.103438671514403	0.149582648237156	0.131074327649658	0.155576240408126	0.165158631720688	0.134537623556309	0.165668861869776	0.131355958645863	0.171760252402717	0.156335630400016	0.107260152984422	0.126377202012908	0.133893316656192	0.142776153717492	0.123865746968719	0.101781397304096	0.137863496950711	0.0762406657470117	0.150394521113688	0.127404095507268	0.121857157620139	0.1554487159231	0.158077775979058	0.153353764686424	0.137645536984264	0.157379148189555	0	0.131613728716482	0.140982866201437	0.164901211236353	0.114636801943235	0.169728435557182	0.126068185762305	0.155329074438865	0.146657553117189	0.133702464721804	0.149779650690415	0.117280786772696	0.123947173606404	0.159409037072007	0.155909880233516	0.153589655411703	0.116570914381062	0.105199236960985	0.110614744654069	0.129656392123688	0.102132080803739	0.158194979517462	0.141041850001455	0.117321421212189	0.137424799299693	0.135157751497736
700024743	0.113503370690628	0.12418072929712	0.106955463840172	0.114353372592501	0.133222738821884	0.124071664953794	0.0841796223145445	0.143774912766826	0.111913256254211	0.129065118223245	0.0945758062703166	0.105651452316951	0.130460102846568	0.134242251120051	0.12611179340572	0.123540034302143	0.134823048281406	0.144381693558512	0.123336884444636	0.0954176046148311	0.0955902789900508	0.0842737690397079	0.113534296530568	0.114843949478052	0.0856076143389472	0.143039490842663	0.154055420442657	0.147705239263271	0.121525479975786	0.125807503099919	0.124607668135898	0.0763132741336923	0.090010856097833	0.105572348197524	0.131613728716482	0	0.145024152657977	0.134532690999967	0.111559200350806	0.139266754711943	0.127189077779753	0.109331653285337	0.111311956695082	0.0897644043730974	0.111484211026554	0.118658414609939	0.136416793289819	0.109518396493024	0.127508104886658	0.0918101047927014	0.087130269013706	0.116833947069373	0.100675474578976	0.10062256441963	0.150661951408874	0.115998293045232	0.0979944489360138	0.103768755654453	0.0910695258437382	0.0849033472857351
