700108602	700014971	700033565	700109389	700023058	700023927	700106341	700114221	700023543	700023439	700016978	700024192	700113058	700099448	700109870	700033928	700023693	700109627	700095416	700110425	700111580	700111302	700098605	700111991	700108960	700024452	700032931	700095837	700024548	700110161	700023496	700034628	700023645	700038744	700038485	700024743	700099596	700110760	700101587	700106399	700032322	700095653	700021312	700101230	700023590	700038905	700033136	700023382	700096424	700105469	700016908	700096053	700108479	700109569	700033814	700016125	700109756	700102665	700101777	700109455
700108602	0	-0.167353165729252	-0.202485692618912	-0.115247501593485	-0.13056794323572	-0.204094035736563	-0.0839081925311465	-0.218657977963054	-0.0914707882467942	-0.204818252148526	-0.143962542388648	-0.207510981943297	-0.21726150936414	-0.164041386209333	-0.219987910648612	-0.117732475300214	-0.206624538637546	-0.190136569150341	-0.105190839555947	-0.0929807978866806	-0.112004747107709	-0.144369184531205	-0.103015722077411	-0.0665028751320725	-0.100833416498694	-0.125579563075161	-0.177651127015393	-0.178023831261938	-0.176183156693513	-0.208376812319883	-0.197922348437297	-0.155961132910526	-0.140659592542598	-0.188228850667591	-0.123317143683362	-0.120746902974092	-0.162509974367895	-0.217010697364505	-0.0836985242503411	-0.244082376310917	-0.114701026518224	-0.21278150683148	-0.137048966778813	-0.133512310882401	-0.186069591419914	-0.162759296016011	-0.137052685732885	-0.214516411673116	-0.184006398965779	-0.191692322198341	-0.148980905436881	-0.077542302793719	-0.0803787670702372	-0.118753886635762	-0.0937915189525104	-0.194039705119822	-0.122897400508805	-0.0714182683873685	-0.177608509666323	-0.106968732290819
700014971	-0.167353165729252	0	-0.17113819159987	-0.225683896908198	-0.133322875489378	-0.154601787791519	-0.194099181953637	-0.149450986920655	-0.156716790119657	-0.123755309179177	-0.129423787150539	-0.189911801635934	-0.133143925560164	-0.116751195580689	-0.18425869015497	-0.161334185920687	-0.13629518807961	-0.174198015536969	-0.169642715672986	-0.168600916623389	-0.174433792532007	-0.159110045491921	-0.143594801460242	-0.175933995477768	-0.203773124071614	-0.155102250231428	-0.107851305029224	-0.131138473033182	-0.123384333230779	-0.140751547114993	-0.131848318774364	-0.175442542947835	-0.120609287699134	-0.130758650227123	-0.138667241615243	-0.13495755636837	-0.145945552182115	-0.175115228699263	-0.161379044563161	-0.153259865698586	-0.140641885853197	-0.143535771440945	-0.145988287636419	-0.16320972832904	-0.126247295073634	-0.131996013770103	-0.115006502497718	-0.164633315861017	-0.137725192174551	-0.176035412765759	-0.174672581007741	-0.180742717047539	-0.182679600774802	-0.138598399782451	-0.193246133628385	-0.125913342122166	-0.169560982101928	-0.187051602931415	-0.162711325054886	-0.175235170316102
700033565	-0.202485692618912	-0.17113819159987	0	-0.22847160606354	-0.18073304796268	-0.0548370565094479	-0.197034336946728	-0.106159047653164	-0.173584189156165	-0.0919849638544375	-0.101030849137809	-0.0660109012265205	-0.123494412748627	-0.125551391027226	-0.107371065653724	-0.126336624060045	-0.0954244929796811	-0.103455325095248	-0.171013614566206	-0.184249189786813	-0.172964897491484	-0.10164441575139	-0.188983240726584	-0.1797399115084	-0.188272994159717	-0.204907578180531	-0.152063354684946	-0.185867646750509	-0.15501929731562	-0.113357694175682	-0.0999334817590983	-0.129530941738744	-0.118587391442156	-0.0862691558864734	-0.186568645618291	-0.139433875314997	-0.153200612619344	-0.0943504585176949	-0.18365389506232	-0.145328750246395	-0.158827625532801	-0.0913207745283386	-0.141848251266144	-0.153032936445131	-0.12900758547854	-0.13729767350871	-0.150518373693608	-0.0914527905876743	-0.12810644339309	-0.0790499777308883	-0.0914426430372024	-0.219849693776562	-0.204675728871264	-0.126339003100134	-0.228103781206792	-0.10512230773306	-0.14731600650825	-0.203678660879188	-0.0809721244914969	-0.189591380600447
700109389	-0.115247501593485	-0.225683896908198	-0.22847160606354	0	-0.181626669298527	-0.237053147861149	-0.111619339931368	-0.241405631209399	-0.167351487704109	-0.237276803129143	-0.191168228413281	-0.220122595126308	-0.2410992715483	-0.20954032539407	-0.227788789448589	-0.155846842466499	-0.241584865217563	-0.242170779252972	-0.174225760501756	-0.112296474491691	-0.144468749572252	-0.193126527326949	-0.136008662988647	-0.137869466078514	-0.126693171458853	-0.155139846246921	-0.22810123230097	-0.215776437170808	-0.184456274086375	-0.234057237040437	-0.242250820352619	-0.203892420115736	-0.184087828081685	-0.21790649938903	-0.151033996470992	-0.167926028893385	-0.22594072238749	-0.249942114781469	-0.145744231769758	-0.236239723878781	-0.156808243634228	-0.234651352584542	-0.198720877571452	-0.188647110909025	-0.208079005520809	-0.190453222094135	-0.204330919589556	-0.23311711639726	-0.221308689040288	-0.212173367807587	-0.177141339631499	-0.111995205763872	-0.0804899959341131	-0.18679507564189	-0.125214837064767	-0.221482420191115	-0.126540944684946	-0.115379510699132	-0.194897708923136	-0.146561419740964
700023058	-0.13056794323572	-0.133322875489378	-0.18073304796268	-0.181626669298527	0	-0.163364357585643	-0.146321094040455	-0.191161123749896	-0.123443179807789	-0.159360062788202	-0.136960184554961	-0.193255572950478	-0.184526219844814	-0.138201782765911	-0.187412963940698	-0.130809851104282	-0.175577294127602	-0.162379867690043	-0.136921766790812	-0.144582802352364	-0.156225979401531	-0.160179448115612	-0.134302592951411	-0.134687064248098	-0.177918207789562	-0.109542795807507	-0.144571177254309	-0.167926370665181	-0.156557734000831	-0.168390566428298	-0.153377715996351	-0.180543311677486	-0.13514006365826	-0.151504985500228	-0.109089240402807	-0.139322536869245	-0.118974341096557	-0.155758913148043	-0.115732154310204	-0.199810394486666	-0.124096132415617	-0.180168583788445	-0.117131328624656	-0.15590612627677	-0.154658076808519	-0.137873121187152	-0.120057994825165	-0.186119035431336	-0.125395270282917	-0.189430525580769	-0.167718113761627	-0.138392609289307	-0.141133405084265	-0.121003815916985	-0.149412243542603	-0.172762362651074	-0.157517511390805	-0.151591376998927	-0.16556303277229	-0.139968979745265
700023927	-0.204094035736563	-0.154601787791519	-0.0548370565094479	-0.237053147861149	-0.163364357585643	0	-0.206159317083663	-0.0982371878447981	-0.169523097887631	-0.0804077193398244	-0.109959610026204	-0.0798377632754035	-0.1091780877292	-0.095640702047762	-0.0916265189576498	-0.13230512134518	-0.0866591942482236	-0.0888938184035829	-0.172061862687726	-0.182191674926998	-0.170194532375365	-0.117609913894916	-0.174570904060666	-0.18562277537037	-0.197416315883628	-0.204814371435534	-0.137054108946055	-0.185519632418896	-0.146769558396667	-0.103631272423341	-0.0708143257849794	-0.145835127684705	-0.121940661905019	-0.0773917059315533	-0.186187665570503	-0.141009678231312	-0.136632746061459	-0.0685431381628396	-0.186320123481474	-0.138106554642954	-0.143726954293635	-0.0815489960686789	-0.130545369841119	-0.16064120910767	-0.116243468102052	-0.126893550125544	-0.134651075691515	-0.0888027744085504	-0.0951240501120815	-0.0814132025603624	-0.10810190724832	-0.222669987273675	-0.210662822542436	-0.117126178645395	-0.229205629411165	-0.0929619914526291	-0.140303429259205	-0.207884599791018	-0.085438035484128	-0.184662019639491
700106341	-0.0839081925311465	-0.194099181953637	-0.197034336946728	-0.111619339931368	-0.146321094040455	-0.206159317083663	0	-0.216288385493935	-0.0926912194062524	-0.210102524245402	-0.142314289239171	-0.18577160504463	-0.218497414738696	-0.182841310869891	-0.21548331396413	-0.117485918083189	-0.207679364321204	-0.217409439247613	-0.124257538950935	-0.092518663744981	-0.0897159455040386	-0.13392355165621	-0.130749648355359	-0.096351126845806	-0.0728271750516126	-0.165695078474193	-0.220622590990666	-0.209805308744882	-0.190500466340389	-0.215489066962971	-0.203890770556849	-0.118675302081688	-0.13851773320116	-0.189560549287939	-0.155424493950591	-0.113269237136985	-0.190804707641008	-0.227819490949056	-0.0925448032543438	-0.24357283034495	-0.125461376340055	-0.205238835726535	-0.141240529199493	-0.121856496723763	-0.185601802618579	-0.177495287204592	-0.161264988892755	-0.193409802966328	-0.194882439831836	-0.171049998784947	-0.146907840362333	-0.0823685169258046	-0.0960848551916311	-0.134047849227951	-0.137878427039595	-0.189229558780355	-0.107788504744095	-0.0606598884538191	-0.167097206034412	-0.0758611759063883
700114221	-0.218657977963054	-0.149450986920655	-0.106159047653164	-0.241405631209399	-0.191161123749896	-0.0982371878447981	-0.216288385493935	0	-0.193789836648113	-0.0750583739970407	-0.138325807924038	-0.116927233322222	-0.072317213193715	-0.126313988249019	-0.0880606275731638	-0.158272359450167	-0.0667681759481788	-0.146779000382615	-0.196866963336781	-0.1841876015489	-0.19377485834009	-0.153195070366898	-0.200425660168782	-0.207810480562276	-0.222353457122739	-0.219920688963035	-0.137815828392558	-0.172970925670568	-0.136003979164714	-0.10559805304906	-0.122943434137804	-0.171169674420306	-0.129598992175384	-0.106237444391363	-0.201892216365109	-0.146038411796198	-0.16389689543832	-0.0999770814180062	-0.202536307880772	-0.0945987070274384	-0.157275149360173	-0.0818980804674731	-0.174128161668805	-0.169141264452428	-0.105147833658179	-0.129210899827591	-0.150517546162558	-0.0805459080977437	-0.134997173702132	-0.111654284557671	-0.146922768482064	-0.232740901481957	-0.213292660443026	-0.168244525949255	-0.250163123869498	-0.077966375604556	-0.158584008633164	-0.224925933586413	-0.118066336679272	-0.194009828762957
700023543	-0.0914707882467942	-0.156716790119657	-0.173584189156165	-0.167351487704109	-0.123443179807789	-0.169523097887631	-0.0926912194062524	-0.193789836648113	0	-0.177706602200245	-0.121221353121762	-0.17484096447879	-0.195674719940754	-0.151417894500301	-0.193343431710553	-0.097344108853094	-0.179582075257087	-0.174997829672521	-0.100702508096696	-0.12055630741081	-0.11374847633232	-0.108452281826195	-0.119706016268526	-0.0904200970144567	-0.106374785232629	-0.138939171380358	-0.169187993075309	-0.167902420901361	-0.195913927901503	-0.183895304038506	-0.170870937305391	-0.10706599615936	-0.118255154812718	-0.161320001289981	-0.130383535928025	-0.119403631436532	-0.144782383439796	-0.191151445992603	-0.0859157883489565	-0.226590872487965	-0.110748815884069	-0.181216274587395	-0.122674004780231	-0.0873653900601641	-0.170734005466676	-0.164521770511124	-0.115389150670385	-0.179771934514582	-0.175174956716846	-0.153345478595982	-0.136438182266514	-0.103164234338622	-0.108838812490802	-0.109175761002597	-0.134584691340583	-0.164571982639198	-0.137078457539287	-0.0805342463021604	-0.150816158043094	-0.0812423323332062
700023439	-0.204818252148526	-0.123755309179177	-0.0919849638544375	-0.237276803129143	-0.159360062788202	-0.0804077193398244	-0.210102524245402	-0.0750583739970407	-0.177706602200245	0	-0.119521406161641	-0.126811341133308	-0.0820452240525735	-0.102740577414328	-0.111316759449714	-0.149273270418186	-0.0630491641902336	-0.121805808797368	-0.181364460187689	-0.182568333482987	-0.182869881313528	-0.146056028349527	-0.180366460658903	-0.186532026191795	-0.217730114302764	-0.196701563695724	-0.110437472697054	-0.154769151496233	-0.120744935410026	-0.0867724694634883	-0.091382499805494	-0.168922366927634	-0.118014052268868	-0.0696932868252058	-0.176734506701431	-0.135711576337341	-0.130450802936012	-0.0894636539464173	-0.184838855455848	-0.0999125947681122	-0.133399161997909	-0.0833364255765864	-0.144730297988846	-0.171855706463261	-0.0872654176664432	-0.105937404204359	-0.122873607702589	-0.0855887360417262	-0.102927709533605	-0.115775016919275	-0.138494572861146	-0.217340418218805	-0.209017205127076	-0.136657324511537	-0.230039180962747	-0.0793644464188296	-0.157266627197348	-0.211885151599802	-0.114048933382655	-0.190993514219321
700016978	-0.143962542388648	-0.129423787150539	-0.101030849137809	-0.191168228413281	-0.136960184554961	-0.109959610026204	-0.142314289239171	-0.138325807924038	-0.121221353121762	-0.119521406161641	0	-0.117921348113257	-0.140397058149311	-0.110612133831006	-0.1562406934813	-0.0829725956754877	-0.118907885211011	-0.117594985994449	-0.123668091565511	-0.118573149596958	-0.123609024514424	-0.0711529678811171	-0.14411274113628	-0.126648153344435	-0.13482857040025	-0.168792736347374	-0.139345376985057	-0.148190127769175	-0.146246547235638	-0.13908453782855	-0.10660073851869	-0.100167995529951	-0.06011911464571	-0.0988397496048571	-0.143682673113049	-0.0876765728929658	-0.126135510828961	-0.143477260907888	-0.12494545764986	-0.173823560331044	-0.10196626435732	-0.121965459038773	-0.0942502924474748	-0.109739175205364	-0.120726194740254	-0.126482896772035	-0.115618301074263	-0.123844267832749	-0.117927540065086	-0.107678050947	-0.0920911815978699	-0.158036070743372	-0.15246369236012	-0.0914476323482294	-0.172972810231618	-0.102593385532572	-0.122521104918932	-0.141598961591535	-0.109337863994759	-0.141176151307362
700024192	-0.207510981943297	-0.189911801635934	-0.0660109012265205	-0.220122595126308	-0.193255572950478	-0.0798377632754035	-0.18577160504463	-0.116927233322222	-0.17484096447879	-0.126811341133308	-0.117921348113257	0	-0.118211660665898	-0.153648760124391	-0.0937144231493024	-0.125137046023656	-0.123162600792105	-0.124866612205543	-0.164244073890062	-0.171973815309723	-0.160533560118569	-0.0945256256705439	-0.197242500600313	-0.193010876288691	-0.176100354185923	-0.218760170876499	-0.178654378609952	-0.192564336941262	-0.169621194694483	-0.142556007113079	-0.111774259565372	-0.115110867455552	-0.115588248150105	-0.10886371639298	-0.205117053136153	-0.143671954427952	-0.17345468823138	-0.111220198470647	-0.193797948963375	-0.144898075095432	-0.162392350932702	-0.0862363070979544	-0.163462173683812	-0.140118296837291	-0.124194696722733	-0.153427710459733	-0.164920697304087	-0.0847429004223051	-0.145939650740504	-0.0697557391179172	-0.087940319792887	-0.223335519566511	-0.203357114660179	-0.142584981322333	-0.243776112024605	-0.101014496556568	-0.133701109699332	-0.204273537784726	-0.0849004628137236	-0.178940790858129
700113058	-0.21726150936414	-0.133143925560164	-0.123494412748627	-0.2410992715483	-0.184526219844814	-0.1091780877292	-0.218497414738696	-0.072317213193715	-0.195674719940754	-0.0820452240525735	-0.140397058149311	-0.118211660665898	0	-0.12820760602073	-0.0979449679711439	-0.157004692075489	-0.10043747829019	-0.152325369802603	-0.203754455171938	-0.185597374152014	-0.199704609842766	-0.155812699632295	-0.19939017136922	-0.212473023853876	-0.228742683716078	-0.214679372011004	-0.120903666941947	-0.145694707603539	-0.120853036124021	-0.103228421327409	-0.123336950013846	-0.17408751354827	-0.133931555401806	-0.0952520356488661	-0.199525355283539	-0.152650192003502	-0.162719521823572	-0.122145788741847	-0.202485138302643	-0.0952035742128546	-0.156959185802085	-0.0681685322161233	-0.1804617714451	-0.178083623463873	-0.096488723382347	-0.129306158516917	-0.159103237617457	-0.0923082678218717	-0.137610164121793	-0.121561009572009	-0.148387422070145	-0.228031080430269	-0.214036061903109	-0.17619988396625	-0.248748075045937	-0.0765677198841523	-0.166653460029574	-0.227382534102172	-0.121824266606333	-0.197709335505259
700099448	-0.164041386209333	-0.116751195580689	-0.125551391027226	-0.20954032539407	-0.138201782765911	-0.095640702047762	-0.182841310869891	-0.126313988249019	-0.151417894500301	-0.102740577414328	-0.110612133831006	-0.153648760124391	-0.12820760602073	0	-0.146200406003867	-0.132271678520166	-0.100155081193365	-0.118746053129635	-0.142431130131677	-0.152909652118942	-0.152710954994931	-0.141837763902197	-0.141107513897376	-0.143107265224628	-0.186789765224968	-0.155497641340214	-0.1021417850275	-0.164589762711679	-0.125914010934463	-0.113560074405697	-0.0913084682773667	-0.167303842016567	-0.109690413604891	-0.0949188515810461	-0.145153809467	-0.129705138729589	-0.119373856383534	-0.118127458939267	-0.151715797183053	-0.15845483010159	-0.119868120250895	-0.127732184281835	-0.106424689820659	-0.162171517418396	-0.110591090391377	-0.114380610926784	-0.0993066145473046	-0.133536726104477	-0.0732945444702433	-0.132061623438316	-0.132696172292682	-0.179955287129491	-0.18050049802493	-0.103334973579621	-0.179387764845712	-0.112842078721653	-0.122189768386178	-0.173096380457357	-0.115658675593491	-0.162316455280852
700109870	-0.219987910648612	-0.18425869015497	-0.107371065653724	-0.227788789448589	-0.187412963940698	-0.0916265189576498	-0.21548331396413	-0.0880606275731638	-0.193343431710553	-0.111316759449714	-0.1562406934813	-0.0937144231493024	-0.0979449679711439	-0.146200406003867	0	-0.165282607317255	-0.102549071266247	-0.160652942520075	-0.197894352612405	-0.187477421565556	-0.172058543943141	-0.147440190921401	-0.188367192863252	-0.215410266490083	-0.213305896764156	-0.218898039379005	-0.160458628007516	-0.193899766545567	-0.138587691725492	-0.115510834504848	-0.134583441667969	-0.165691387107159	-0.152081332981283	-0.127125060048146	-0.209100281505413	-0.15587956724072	-0.187215315296181	-0.0917945262388103	-0.208702025330543	-0.101684379620293	-0.175011848546935	-0.093764497947808	-0.190635888172814	-0.168198721740484	-0.110119325081691	-0.12749957203934	-0.149511120353523	-0.0772664290675277	-0.146076560136311	-0.101322370172729	-0.139892756584814	-0.233063425284703	-0.209203725112102	-0.166409653619404	-0.247154822862933	-0.108087388620657	-0.14477123095183	-0.225749455523524	-0.104799505207325	-0.186777429174264
700033928	-0.117732475300214	-0.161334185920687	-0.126336624060045	-0.155846842466499	-0.130809851104282	-0.13230512134518	-0.117485918083189	-0.158272359450167	-0.097344108853094	-0.149273270418186	-0.0829725956754877	-0.125137046023656	-0.157004692075489	-0.132271678520166	-0.165282607317255	0	-0.147921157261142	-0.134552338784953	-0.106995162216919	-0.109904759797034	-0.112502682439178	-0.0861444510526245	-0.13524379189569	-0.095825624218406	-0.127238152408491	-0.14907237556409	-0.159234575454996	-0.150209715300458	-0.16075796975848	-0.159959546031015	-0.140810110302877	-0.117592883850759	-0.083742619618747	-0.129126101472363	-0.130003254047128	-0.118064274180425	-0.128405822351158	-0.17016848762565	-0.104632235126843	-0.193299369915512	-0.0854365970330956	-0.134968493766396	-0.104689568322868	-0.11649275514565	-0.130966106034033	-0.131004890405613	-0.116313626676419	-0.142429316618546	-0.150016550860915	-0.118301489183484	-0.0862511863161596	-0.131910278059123	-0.119815297987702	-0.106058662279804	-0.161134625001195	-0.119142942580471	-0.120358311536015	-0.113838274039728	-0.11733402588644	-0.11021157616898
700023693	-0.206624538637546	-0.13629518807961	-0.0954244929796811	-0.241584865217563	-0.175577294127602	-0.0866591942482236	-0.207679364321204	-0.0667681759481788	-0.179582075257087	-0.0630491641902336	-0.118907885211011	-0.123162600792105	-0.10043747829019	-0.100155081193365	-0.102549071266247	-0.147921157261142	0	-0.130332477542002	-0.180945805789825	-0.17937980315186	-0.168347825491958	-0.141809706721373	-0.181944860298923	-0.190440315981174	-0.213683420042862	-0.20855212635107	-0.12961278111778	-0.170453274877019	-0.125230806336991	-0.104479031448417	-0.0911722649936244	-0.163137608546966	-0.123094654446242	-0.0948829075750558	-0.187571299883834	-0.14002202187126	-0.140033032312243	-0.106815454657057	-0.187801462320202	-0.103589972404184	-0.140825856256712	-0.0982272078719467	-0.145693987835347	-0.165518046756785	-0.0918562339372037	-0.104686731327146	-0.118696110255246	-0.0768231381146689	-0.107262493921898	-0.111976825989617	-0.136819413953501	-0.221634762145405	-0.207944692429207	-0.141470804234932	-0.237098037167122	-0.0881639568851668	-0.149142564329378	-0.210813187824998	-0.116678058409693	-0.186380034451954
700109627	-0.190136569150341	-0.174198015536969	-0.103455325095248	-0.242170779252972	-0.162379867690043	-0.0888938184035829	-0.217409439247613	-0.146779000382615	-0.174997829672521	-0.121805808797368	-0.117594985994449	-0.124866612205543	-0.152325369802603	-0.118746053129635	-0.160652942520075	-0.134552338784953	-0.130332477542002	0	-0.173147614978424	-0.182758524843854	-0.197750859463866	-0.136153089409368	-0.186941138878401	-0.163593244097038	-0.206047796810033	-0.19545372051445	-0.132918331979278	-0.180110570751618	-0.189792161902641	-0.14207751000531	-0.089688868738456	-0.167541256661675	-0.13324291396323	-0.110159189997498	-0.188125743040451	-0.160815013542288	-0.107653195282867	-0.0978122090858195	-0.189924026298203	-0.183909829182888	-0.157307626920596	-0.125811558205653	-0.118484558027986	-0.164847568531552	-0.159063228143561	-0.163710116112529	-0.148291314265442	-0.144993815948487	-0.093712164518278	-0.138938455950143	-0.120418136463934	-0.22221110546946	-0.214222369194825	-0.128069543673725	-0.207190728287382	-0.136140104417156	-0.184644309773152	-0.20932643555997	-0.13728943512666	-0.208850018093137
700095416	-0.105190839555947	-0.169642715672986	-0.171013614566206	-0.174225760501756	-0.136921766790812	-0.172061862687726	-0.124257538950935	-0.196866963336781	-0.100702508096696	-0.181364460187689	-0.123668091565511	-0.164244073890062	-0.203754455171938	-0.142431130131677	-0.197894352612405	-0.106995162216919	-0.180945805789825	-0.173147614978424	0	-0.134277066464136	-0.10801494431274	-0.122496650114652	-0.136404462802638	-0.0839678204534751	-0.129683824925883	-0.132967081782458	-0.164466381708402	-0.183331277691116	-0.183563409127928	-0.198717814342963	-0.159987175209136	-0.140247498224699	-0.120943419634228	-0.167011630173228	-0.138169973402211	-0.135823914722206	-0.140092911336693	-0.178288219243514	-0.104349867617387	-0.230060952628314	-0.0996798244526339	-0.190827949235401	-0.101983187742118	-0.131170196199568	-0.165042382337225	-0.152645037336173	-0.114833704655608	-0.18459084659872	-0.153479655751905	-0.159242451504197	-0.128065415574017	-0.133160091464013	-0.136873874620946	-0.0967391293084807	-0.12907533893017	-0.169021198273859	-0.134276466296852	-0.113731907037617	-0.153586950528568	-0.122308378422564
700110425	-0.0929807978866806	-0.168600916623389	-0.184249189786813	-0.112296474491691	-0.144582802352364	-0.182191674926998	-0.092518663744981	-0.1841876015489	-0.12055630741081	-0.182568333482987	-0.118573149596958	-0.171973815309723	-0.185597374152014	-0.152909652118942	-0.187477421565556	-0.109904759797034	-0.17937980315186	-0.182758524843854	-0.134277066464136	0	-0.100703913231799	-0.132104234384435	-0.116314331517687	-0.108254653250441	-0.0790382920679662	-0.157778782589591	-0.177743825278343	-0.162041532885805	-0.156163965748366	-0.172801861643903	-0.183290219774976	-0.147337923386945	-0.113772127590101	-0.162317738933351	-0.136083533728501	-0.0938859937710293	-0.157567358060472	-0.201699600470925	-0.108138925800377	-0.212751744941358	-0.112319642631947	-0.171801735517556	-0.134118142100919	-0.109231291270307	-0.151356974986624	-0.152365405398226	-0.131426805497893	-0.176166517061804	-0.166256446435739	-0.168377876134469	-0.139117186419641	-0.0964745585759746	-0.0743668059555405	-0.129203750184864	-0.134099430330252	-0.160000243141631	-0.07872306786799	-0.0888166223515906	-0.153790833825039	-0.112604331212304
700111580	-0.112004747107709	-0.174433792532007	-0.172964897491484	-0.144468749572252	-0.156225979401531	-0.170194532375365	-0.0897159455040386	-0.19377485834009	-0.11374847633232	-0.182869881313528	-0.123609024514424	-0.160533560118569	-0.199704609842766	-0.152710954994931	-0.172058543943141	-0.112502682439178	-0.168347825491958	-0.197750859463866	-0.10801494431274	-0.100703913231799	0	-0.107819995007908	-0.11691386170383	-0.108457308012498	-0.0755767847580709	-0.174941081367212	-0.19830847261931	-0.204418732856718	-0.150845213733045	-0.200432822898451	-0.167829945575359	-0.120459854051888	-0.1184821077028	-0.174041936472552	-0.165497172267988	-0.110927803065861	-0.186934655129948	-0.18826559958893	-0.114618970425397	-0.214907118117102	-0.109262619775704	-0.1774451021091	-0.12745623643444	-0.1199027154797	-0.144637617792042	-0.142854616716813	-0.126977020247982	-0.163489581491487	-0.159254235344364	-0.139931959717571	-0.12156241160145	-0.111854341331726	-0.112940378351282	-0.104130518244346	-0.152636566333623	-0.160961156406563	-0.0789731305324911	-0.0875852133683292	-0.123085501544919	-0.0910018348005106
700111302	-0.144369184531205	-0.159110045491921	-0.10164441575139	-0.193126527326949	-0.160179448115612	-0.117609913894916	-0.13392355165621	-0.153195070366898	-0.108452281826195	-0.146056028349527	-0.0711529678811171	-0.0945256256705439	-0.155812699632295	-0.141837763902197	-0.147440190921401	-0.0861444510526245	-0.141809706721373	-0.136153089409368	-0.122496650114652	-0.132104234384435	-0.107819995007908	0	-0.158420277841279	-0.129986656273907	-0.113764625306401	-0.182952276051436	-0.171192024894155	-0.169275765541919	-0.176147705390119	-0.158583029897678	-0.130818631293248	-0.0580271054232982	-0.0831552501604135	-0.12184331775393	-0.168776921674805	-0.112813182924924	-0.147915459209783	-0.155488052997778	-0.133152715662204	-0.189006904131952	-0.132822798622703	-0.126903051492326	-0.122652759225723	-0.0983508584493356	-0.139660869473638	-0.159434254226736	-0.131385324049011	-0.129477399967224	-0.14976532067849	-0.0703304396821053	-0.0695268093955381	-0.158653533719167	-0.153963365488771	-0.0915658932248641	-0.189445736132488	-0.110981032171751	-0.116446083858216	-0.134697169142957	-0.0825489216483263	-0.12444413590301
700098605	-0.103015722077411	-0.143594801460242	-0.188983240726584	-0.136008662988647	-0.134302592951411	-0.174570904060666	-0.130749648355359	-0.200425660168782	-0.119706016268526	-0.180366460658903	-0.14411274113628	-0.197242500600313	-0.19939017136922	-0.141107513897376	-0.188367192863252	-0.13524379189569	-0.181944860298923	-0.186941138878401	-0.136404462802638	-0.116314331517687	-0.11691386170383	-0.158420277841279	0	-0.121729077192277	-0.144464615253406	-0.128505580026233	-0.15584613689014	-0.166811012914033	-0.160234783425411	-0.183865656253329	-0.176653226094162	-0.16753532974352	-0.135935841706844	-0.166500169383962	-0.123068496294535	-0.121080992782398	-0.164112002110262	-0.189664005595178	-0.121853271629085	-0.202973233637059	-0.124636279949258	-0.196704388586835	-0.142514291812672	-0.134354880915462	-0.17589515396042	-0.141875770613577	-0.131205668809797	-0.195593034078201	-0.159601582432432	-0.182753226352833	-0.172199006044676	-0.120837729563449	-0.112036833263247	-0.123691139010514	-0.108390972897539	-0.178494194519317	-0.131440575943451	-0.12390883752822	-0.16426783517974	-0.110990714503048
700111991	-0.0665028751320725	-0.175933995477768	-0.1797399115084	-0.137869466078514	-0.134687064248098	-0.18562277537037	-0.096351126845806	-0.207810480562276	-0.0904200970144567	-0.186532026191795	-0.126648153344435	-0.193010876288691	-0.212473023853876	-0.143107265224628	-0.215410266490083	-0.095825624218406	-0.190440315981174	-0.163593244097038	-0.0839678204534751	-0.108254653250441	-0.108457308012498	-0.129986656273907	-0.121729077192277	0	-0.109296523493273	-0.117071368253834	-0.167526990379943	-0.177812604230499	-0.178492713733192	-0.200091786332403	-0.174511424655023	-0.150634430036495	-0.132398559506569	-0.173310291600075	-0.118659223634489	-0.123762914850885	-0.142140438764182	-0.193417046230391	-0.0855054579854629	-0.242213826833784	-0.106246437486873	-0.198665378997172	-0.111878895206952	-0.136173891537755	-0.176647941083969	-0.155174417656575	-0.116828214014804	-0.199648419122784	-0.160438225722101	-0.172294104562341	-0.128271558775604	-0.105293030064634	-0.107136557168993	-0.104234900611327	-0.0894881271786802	-0.182442943178635	-0.120440445629633	-0.0870126655030999	-0.160788030638997	-0.112901199929157
700108960	-0.100833416498694	-0.203773124071614	-0.188272994159717	-0.126693171458853	-0.177918207789562	-0.197416315883628	-0.0728271750516126	-0.222353457122739	-0.106374785232629	-0.217730114302764	-0.13482857040025	-0.176100354185923	-0.228742683716078	-0.186789765224968	-0.213305896764156	-0.127238152408491	-0.213683420042862	-0.206047796810033	-0.129683824925883	-0.0790382920679662	-0.0755767847580709	-0.113764625306401	-0.144464615253406	-0.109296523493273	0	-0.193167700614634	-0.226885567086339	-0.214471519503873	-0.196702647083143	-0.215910904809678	-0.201299871149498	-0.107374736728418	-0.142810702825804	-0.194828237646299	-0.175903476384336	-0.117877275956471	-0.199236002106351	-0.220989858400207	-0.11710456877283	-0.253336919945765	-0.141039576504221	-0.205069635540313	-0.146090006289388	-0.105988498193472	-0.189374119551161	-0.193214451894987	-0.173573283853893	-0.202891838197422	-0.195746231996759	-0.157348412654715	-0.124832010922297	-0.102076933125584	-0.0903786654686268	-0.120635120378483	-0.138373340745888	-0.19214491198857	-0.0914581237542633	-0.067311187270803	-0.150941225491378	-0.0914494963620504
700024452	-0.125579563075161	-0.155102250231428	-0.204907578180531	-0.155139846246921	-0.109542795807507	-0.204814371435534	-0.165695078474193	-0.219920688963035	-0.138939171380358	-0.196701563695724	-0.168792736347374	-0.218760170876499	-0.214679372011004	-0.155497641340214	-0.218898039379005	-0.14907237556409	-0.20855212635107	-0.19545372051445	-0.132967081782458	-0.157778782589591	-0.174941081367212	-0.182952276051436	-0.128505580026233	-0.117071368253834	-0.193167700614634	0	-0.149605347282805	-0.153068891889562	-0.15523146142294	-0.188393256817385	-0.194582993868902	-0.202645139951169	-0.156088726932913	-0.183400804327336	-0.070813409660923	-0.151101538480559	-0.165183506774313	-0.205731213583075	-0.124631990777724	-0.218433943049417	-0.141937987692555	-0.20789898554362	-0.151929997495287	-0.176280389387949	-0.179302703389917	-0.148595611144674	-0.129254761788393	-0.220819653849783	-0.169362571484947	-0.206680162911858	-0.185341569529469	-0.133320940943463	-0.133627615358636	-0.140157531348417	-0.107100518959848	-0.196585164086959	-0.165337201622244	-0.15937271679682	-0.183596418180659	-0.16600706889597
700032931	-0.177651127015393	-0.107851305029224	-0.152063354684946	-0.22810123230097	-0.144571177254309	-0.137054108946055	-0.220622590990666	-0.137815828392558	-0.169187993075309	-0.110437472697054	-0.139345376985057	-0.178654378609952	-0.120903666941947	-0.1021417850275	-0.160458628007516	-0.159234575454996	-0.12961278111778	-0.132918331979278	-0.164466381708402	-0.177743825278343	-0.19830847261931	-0.171192024894155	-0.15584613689014	-0.167526990379943	-0.226885567086339	-0.149605347282805	0	-0.13427072436062	-0.136690918630908	-0.123672257382308	-0.126740650148225	-0.194719135279118	-0.131331901183219	-0.106412887782809	-0.151501473446115	-0.151993509765445	-0.119624563009565	-0.132785812223298	-0.173435334628809	-0.139062454443524	-0.143339532358415	-0.130960517662239	-0.138493997440277	-0.178922974455287	-0.125898469754646	-0.129168894820247	-0.111748543941647	-0.149188902163748	-0.115147148966319	-0.158177590865724	-0.170198449162249	-0.202561382028804	-0.192734609193386	-0.13404095312321	-0.182847715008291	-0.117591547959056	-0.173637935615296	-0.210525731100703	-0.149675678889151	-0.199306458022449
700095837	-0.178023831261938	-0.131138473033182	-0.185867646750509	-0.215776437170808	-0.167926370665181	-0.185519632418896	-0.209805308744882	-0.172970925670568	-0.167902420901361	-0.154769151496233	-0.148190127769175	-0.192564336941262	-0.145694707603539	-0.164589762711679	-0.193899766545567	-0.150209715300458	-0.170453274877019	-0.180110570751618	-0.183331277691116	-0.162041532885805	-0.204418732856718	-0.169275765541919	-0.166811012914033	-0.177812604230499	-0.214471519503873	-0.153068891889562	-0.13427072436062	0	-0.135470112743933	-0.124949111917827	-0.184090029514992	-0.194824735402223	-0.140639244686363	-0.14688121058386	-0.140556402178723	-0.15759625285363	-0.150603222829004	-0.203611363772417	-0.165624971925724	-0.174357607304074	-0.15046308612371	-0.150094656029309	-0.173939594083635	-0.165752630311039	-0.144215554703679	-0.152577758038566	-0.1489825507312	-0.181191811286845	-0.17571384169982	-0.191166327414041	-0.179804670613193	-0.18762796744178	-0.176488549371868	-0.180250879401884	-0.189434589488202	-0.147170375068837	-0.190267177553548	-0.196623946066972	-0.177096630304497	-0.198199383425119
700024548	-0.176183156693513	-0.123384333230779	-0.15501929731562	-0.184456274086375	-0.156557734000831	-0.146769558396667	-0.190500466340389	-0.136003979164714	-0.195913927901503	-0.120744935410026	-0.146246547235638	-0.169621194694483	-0.120853036124021	-0.125914010934463	-0.138587691725492	-0.16075796975848	-0.125230806336991	-0.189792161902641	-0.183563409127928	-0.156163965748366	-0.150845213733045	-0.176147705390119	-0.160234783425411	-0.178492713733192	-0.196702647083143	-0.15523146142294	-0.136690918630908	-0.135470112743933	0	-0.119737062449873	-0.1605022129376	-0.203619819298459	-0.131124070770431	-0.119509283936533	-0.140347654776821	-0.127397597531034	-0.183879026823253	-0.160145056576956	-0.164966788158564	-0.122977677826035	-0.136092276738988	-0.112471355241239	-0.16576113489716	-0.190208343458221	-0.080631290012118	-0.0937869306049969	-0.143292872580177	-0.124257862611673	-0.137625636639624	-0.16717672120069	-0.161350286883177	-0.181176397420695	-0.161754814362712	-0.154308217721142	-0.189044973395431	-0.12766175117792	-0.129649266035922	-0.191675256180276	-0.146349506378268	-0.186267754935097
700110161	-0.208376812319883	-0.140751547114993	-0.113357694175682	-0.234057237040437	-0.168390566428298	-0.103631272423341	-0.215489066962971	-0.10559805304906	-0.183895304038506	-0.0867724694634883	-0.13908453782855	-0.142556007113079	-0.103228421327409	-0.113560074405697	-0.115510834504848	-0.159959546031015	-0.104479031448417	-0.14207751000531	-0.198717814342963	-0.172801861643903	-0.200432822898451	-0.158583029897678	-0.183865656253329	-0.200091786332403	-0.215910904809678	-0.188393256817385	-0.123672257382308	-0.124949111917827	-0.119737062449873	0	-0.126616625393989	-0.180527687959699	-0.138955460580707	-0.0884697498606854	-0.174601635710843	-0.149569297052198	-0.146542581157673	-0.112845330307025	-0.188248797102799	-0.128073855073193	-0.161064268162622	-0.0872589184857513	-0.166481960410539	-0.171303255027397	-0.108369327506346	-0.146714643710462	-0.150893803743703	-0.121056376885	-0.126840623250252	-0.134485742959535	-0.153838150781736	-0.208437597086872	-0.207139061092224	-0.153976712652941	-0.235032514413303	-0.106798769328912	-0.161262993913251	-0.212405676067777	-0.129504176988967	-0.195977438094165
700023496	-0.197922348437297	-0.131848318774364	-0.0999334817590983	-0.242250820352619	-0.153377715996351	-0.0708143257849794	-0.203890770556849	-0.122943434137804	-0.170870937305391	-0.091382499805494	-0.10660073851869	-0.111774259565372	-0.123336950013846	-0.0913084682773667	-0.134583441667969	-0.140810110302877	-0.0911722649936244	-0.089688868738456	-0.159987175209136	-0.183290219774976	-0.167829945575359	-0.130818631293248	-0.176653226094162	-0.174511424655023	-0.201299871149498	-0.194582993868902	-0.126740650148225	-0.184090029514992	-0.1605022129376	-0.126616625393989	0	-0.154985356114216	-0.121475472745792	-0.0894042473960891	-0.179623621694722	-0.142801087504939	-0.115116013112276	-0.0893245230769121	-0.183978769583643	-0.154416436891425	-0.134254967099746	-0.113864775640248	-0.108349283048528	-0.163383974700356	-0.123727243625493	-0.129872471552631	-0.125473977779736	-0.116080231133692	-0.0746157128416067	-0.11253503967072	-0.124076805239369	-0.220752549540143	-0.212543110542657	-0.109487469471743	-0.221970920690642	-0.103303690575897	-0.14856967387503	-0.208375443347254	-0.121181396632024	-0.186381765351114
700034628	-0.155961132910526	-0.175442542947835	-0.129530941738744	-0.203892420115736	-0.180543311677486	-0.145835127684705	-0.118675302081688	-0.171169674420306	-0.10706599615936	-0.168922366927634	-0.100167995529951	-0.115110867455552	-0.17408751354827	-0.167303842016567	-0.165691387107159	-0.117592883850759	-0.163137608546966	-0.167541256661675	-0.140247498224699	-0.147337923386945	-0.120459854051888	-0.0580271054232982	-0.16753532974352	-0.150634430036495	-0.107374736728418	-0.202645139951169	-0.194719135279118	-0.194824735402223	-0.203619819298459	-0.180527687959699	-0.154985356114216	0	-0.110136886717061	-0.149655449803663	-0.190235451255643	-0.106658283294066	-0.17939772264788	-0.17860431806919	-0.153778578432633	-0.202320563260403	-0.155088719973163	-0.148463386506451	-0.141148882662979	-0.0815480264604258	-0.167272549518284	-0.184217075377812	-0.154445581560219	-0.148717518326355	-0.174198051747026	-0.0942184592079605	-0.105689809426704	-0.161537183984808	-0.166540633880499	-0.117540361782834	-0.201947016774789	-0.132047551947299	-0.132297815681586	-0.124784986090236	-0.111275664609457	-0.0985623727219465
700023645	-0.140659592542598	-0.120609287699134	-0.118587391442156	-0.184087828081685	-0.13514006365826	-0.121940661905019	-0.13851773320116	-0.129598992175384	-0.118255154812718	-0.118014052268868	-0.06011911464571	-0.115588248150105	-0.133931555401806	-0.109690413604891	-0.152081332981283	-0.083742619618747	-0.123094654446242	-0.13324291396323	-0.120943419634228	-0.113772127590101	-0.1184821077028	-0.0831552501604135	-0.135935841706844	-0.132398559506569	-0.142810702825804	-0.156088726932913	-0.131331901183219	-0.140639244686363	-0.131124070770431	-0.138955460580707	-0.121475472745792	-0.110136886717061	0	-0.0938714872594464	-0.137834308304057	-0.0819817766235814	-0.130905211366562	-0.149155443291847	-0.12330222920152	-0.162274752086336	-0.0985925467826051	-0.112453971277854	-0.0999160082173402	-0.107845910832341	-0.0984696326525595	-0.115368795662395	-0.102098465032356	-0.110128010904811	-0.123771455715738	-0.104482416859	-0.0973851075720814	-0.150299056146099	-0.148706940715167	-0.10104538623746	-0.176162951354433	-0.086550033723955	-0.117870230902481	-0.137795423331119	-0.104177604145119	-0.135166887293389
700038744	-0.188228850667591	-0.130758650227123	-0.0862691558864734	-0.21790649938903	-0.151504985500228	-0.0773917059315533	-0.189560549287939	-0.106237444391363	-0.161320001289981	-0.0696932868252058	-0.0988397496048571	-0.10886371639298	-0.0952520356488661	-0.0949188515810461	-0.127125060048146	-0.129126101472363	-0.0948829075750558	-0.110159189997498	-0.167011630173228	-0.162317738933351	-0.174041936472552	-0.12184331775393	-0.166500169383962	-0.173310291600075	-0.194828237646299	-0.183400804327336	-0.106412887782809	-0.14688121058386	-0.119509283936533	-0.0884697498606854	-0.0894042473960891	-0.149655449803663	-0.0938714872594464	0	-0.166931126898195	-0.122381675382095	-0.121808529895565	-0.101832192194513	-0.174050270788086	-0.124552891918761	-0.131585213437865	-0.0781171044347404	-0.123982521249468	-0.159489121511514	-0.0911576242737965	-0.120629246175498	-0.132518913284668	-0.088695278968787	-0.0930043458894287	-0.100650176319694	-0.115751412205798	-0.205090069195869	-0.19581385972816	-0.113986149377322	-0.216276388236288	-0.0743701238655202	-0.146293846365123	-0.195784524521517	-0.0991509989400884	-0.183746028154555
