700108602	700014971	700033565	700109389	700023058	700023927	700106341	700114221	700023543	700023439	700016978	700024192	700113058	700099448	700109870	700033928	700023693	700109627	700095416	700110425	700111580	700111302	700098605	700111991	700108960	700024452	700032931	700095837	700024548	700110161	700023496	700034628	700023645	700038744	700038485	700024743	700099596	700110760	700101587	700106399	700032322	700095653	700021312	700101230	700023590	700038905	700033136	700023382	700096424	700105469	700016908	700096053	700108479	700109569	700033814	700016125	700109756	700102665	700101777	700109455
700108602	0	0.152434955793204	0.159629079326304	0.107712669456716	0.137195291213513	0.172414931805389	0.0863546260297696	0.173531266465489	0.0963707180256824	0.164553119552041	0.121219184231159	0.155838326086823	0.156266697190261	0.150242586606019	0.158190962253517	0.0966598495224479	0.169738869280729	0.161854543666457	0.0959559200884311	0.100553252155482	0.091521503626841	0.113448658920005	0.115899971493499	0.0804346041846521	0.0929240663257448	0.120623182489475	0.155869301243516	0.132563018178004	0.154756802144434	0.165314751776574	0.15080512902009	0.119669595337219	0.117043660386666	0.149758517977111	0.131913462222206	0.116522347890365	0.128411196895622	0.178184854284207	0.0847411023491581	0.189405551939756	0.106950371217037	0.152037411489996	0.141830238347606	0.116979744327502	0.13935588630547	0.134526333089988	0.119809044003803	0.148755475382943	0.148416402642994	0.13804737476441	0.121838331534089	0.100207818909319	0.0941023354849293	0.100453083625161	0.105364778544945	0.158365211521905	0.109701606196288	0.0826838056150573	0.13483198001916	0.103151675899836
700014971	0.152434955793204	0	0.146542393418986	0.154802220952112	0.135822926850305	0.141653503266415	0.158344543837964	0.130655671359455	0.145887250517371	0.128461703343243	0.129281871714353	0.160943157728491	0.132870062206052	0.129327343455617	0.143753244871876	0.159540000163055	0.134667251311708	0.153564953680121	0.156042193456772	0.150157047759581	0.1418171931882	0.134545701394641	0.129146882156026	0.168309065447617	0.154620651969198	0.157385073723349	0.134642509220036	0.138057069764963	0.123231954978441	0.134555180423312	0.128828833590985	0.142178070253977	0.1173246836065	0.130457100340044	0.144530523780546	0.130145189194083	0.148113989946672	0.167228763412387	0.151030431171665	0.133834570231363	0.141436669176862	0.138557872835946	0.133569064371029	0.141225426372662	0.129574748057852	0.130430404388178	0.133799732812605	0.13543410091295	0.128088563632117	0.142027512277007	0.136803754795338	0.159993017838206	0.149026193914301	0.137695834613915	0.178489827230076	0.130032191810924	0.145159310716494	0.155262015100773	0.13309551513317	0.149448259944421
700033565	0.159629079326304	0.146542393418986	0	0.158455383296743	0.159567952776236	0.0733592576709251	0.155793277376128	0.109259930543611	0.152127008380259	0.098180328257661	0.0977158383835911	0.074479465626296	0.115303301996482	0.128434946976408	0.0902032970363067	0.126082731701141	0.0969718651840719	0.088494375920663	0.150419857766911	0.151392346205652	0.142569196001532	0.10642682418855	0.138384394123151	0.152965943080592	0.140152821250455	0.160045388892171	0.14272597758371	0.146264441249244	0.127086597447542	0.100223990140485	0.0953700401834817	0.105838415566722	0.109408671449807	0.0769722679878318	0.15162811866029	0.115399369074254	0.124906031441913	0.0864961950041856	0.159836456289013	0.123168593318499	0.142661051327124	0.0804280727507987	0.136637461911261	0.122482117275385	0.116193938505615	0.117712450047657	0.141176245627491	0.0983908848969555	0.108416663522222	0.0814592882117855	0.090422608672837	0.169997555339234	0.154596545267007	0.119446798643427	0.185379962417634	0.104158858108985	0.13025453685969	0.166667879303286	0.0873144050361424	0.142860072437928
700109389	0.107712669456716	0.154802220952112	0.158455383296743	0	0.149308367150901	0.174612034229318	0.0899294205937892	0.180426119442215	0.130233441911201	0.172594046976178	0.140769256663929	0.15094590592056	0.169814067018845	0.160468151613266	0.14779978352837	0.146659079218428	0.180626951506176	0.18584058435109	0.137610567092948	0.101685013901101	0.106293005227793	0.139089719979473	0.104341439493222	0.125437239014633	0.103766899404953	0.117357956683025	0.186324010702435	0.145488455941179	0.139704075671062	0.163777377222069	0.177211781149107	0.13462196594371	0.138164647602798	0.158714499083127	0.11863922222827	0.111254687118296	0.170070662335861	0.167867459968599	0.122738685016835	0.172140642296733	0.139407316622556	0.162386598418744	0.153263026858287	0.126446016722729	0.153260588903842	0.138056188773248	0.149893370973132	0.156837068376984	0.157901437304727	0.14435044422405	0.116571301571473	0.101022714304333	0.0726773022570733	0.137773130941026	0.114585362910351	0.164716227424017	0.105832951888517	0.093374373178601	0.121897326669048	0.0984540306911263
700023058	0.137195291213513	0.135822926850305	0.159567952776236	0.149308367150901	0	0.148426946474207	0.13837766105392	0.166099949371881	0.123635595445759	0.147542607844318	0.128745105558875	0.159557693176723	0.156248479882013	0.122257568969714	0.146310131700174	0.131783793507156	0.157473205665925	0.150648897688807	0.120858373697945	0.126205541620332	0.139966131389417	0.136637214919855	0.124301941996409	0.134076278111303	0.1492924869229	0.113310767554598	0.151184253474951	0.133052771838679	0.114955824458571	0.134024915011945	0.14402118371903	0.147533579207553	0.127006808385091	0.133754803426069	0.104954114382913	0.132893697807903	0.122440965426992	0.151937764717003	0.119324521435887	0.156370734620528	0.138499695207634	0.147489938616145	0.127878485544866	0.138980590010065	0.129188935611919	0.126315428197975	0.124761052190918	0.140173107292343	0.123548470702666	0.147457548519715	0.136547632258476	0.138294646144829	0.125295212745704	0.139780506096529	0.141279904958188	0.155127827171632	0.136086773217198	0.138273544239747	0.142407568890918	0.136703397367419
700023927	0.172414931805389	0.141653503266415	0.0733592576709251	0.174612034229318	0.148426946474207	0	0.162957154582688	0.102998365136298	0.15873136883229	0.0928223909380222	0.110586497985112	0.095349967287546	0.115096142207416	0.107077010994329	0.088491141065744	0.136985030320853	0.0845546165118137	0.0826385245610959	0.157117979392351	0.158552042382882	0.143016973747403	0.119383962898112	0.135214845835648	0.160495601261644	0.149250117112351	0.168295396192895	0.140566431539708	0.158842849407207	0.111333183536128	0.0873536150656733	0.079500620245356	0.121909234725237	0.116924705256477	0.0726376235347492	0.161032028460826	0.121704095181241	0.115255295816931	0.0684209764372587	0.167845348648623	0.11131540352889	0.149007881019783	0.0783722602053855	0.129848104516687	0.130466704089901	0.107586693244908	0.119526887242215	0.145763967898714	0.0898054115251981	0.0786074091467688	0.102713765310269	0.111991801874455	0.177740402841323	0.158918451217121	0.116679682172347	0.194702053882053	0.11565420185331	0.132291155534113	0.16865326942982	0.104823624552672	0.150179293738473
700106341	0.0863546260297696	0.158344543837964	0.155793277376128	0.0899294205937892	0.13837766105392	0.162957154582688	0	0.176140418373998	0.078326398890145	0.167025608583194	0.121957786219966	0.133823991596712	0.163379651267292	0.145949189982316	0.141701623602534	0.123458601977096	0.163655820011106	0.175773577687154	0.111088954728665	0.0848722842644878	0.0872329744059461	0.105131091003585	0.108995556861977	0.108990031528698	0.0755630502161346	0.119651189690716	0.187323490038774	0.149612468137105	0.143616270848831	0.162175206212577	0.154709154327295	0.0902284208040031	0.120917759188354	0.148027364386078	0.119659373231503	0.0872030960411224	0.158358875575127	0.170509700956192	0.0883712884795242	0.181151754365463	0.130217541168142	0.144474622308635	0.135906354901298	0.0933460067871417	0.137474454158527	0.131981801327111	0.130807377298984	0.137686908659287	0.150759925970282	0.12153807386774	0.114088060954324	0.0713942708068478	0.0772700508679455	0.119311725336853	0.118526513799388	0.154632876528687	0.0924778105030393	0.0760461896146186	0.119552592013059	0.0796217824700583
700114221	0.173531266465489	0.130655671359455	0.109259930543611	0.180426119442215	0.166099949371881	0.102998365136298	0.176140418373998	0	0.169278837792427	0.085400077831344	0.12905434052587	0.110897546690127	0.083019708241356	0.147988880546089	0.0971604174349078	0.156314186904388	0.0756710944748762	0.12220742411207	0.166431113656542	0.16324473878768	0.155908513800469	0.134992237720399	0.165162433831951	0.184316417045115	0.167834315660365	0.186898559754532	0.152267033443058	0.149517235894731	0.118477163531822	0.111648318242942	0.122004813975319	0.140756268553379	0.118070467947586	0.118484498825772	0.175517884718653	0.137073798823451	0.151903449302565	0.102731539589082	0.172809740531959	0.0863869871065286	0.153213441650154	0.0857632103711431	0.16012452349441	0.144096115309162	0.101737107719793	0.12938032996308	0.145951084005031	0.0870783919639855	0.141355125865498	0.111351036331622	0.140067243422372	0.191545270337689	0.178451787279384	0.143967370997351	0.216745335456779	0.0961271094864217	0.143400527535653	0.185884972155611	0.118272149150396	0.164747018539145
700023543	0.0963707180256824	0.145887250517371	0.152127008380259	0.130233441911201	0.123635595445759	0.15873136883229	0.078326398890145	0.169278837792427	0	0.148594990174388	0.105581005037099	0.140688876027517	0.152726943279692	0.142106544301904	0.143251241896443	0.0935637826031934	0.151703236715981	0.154635605545443	0.0887085072332641	0.108683454006448	0.0944958559160329	0.0953004681329723	0.109064656901723	0.107617047070023	0.0911084413470708	0.109856970528268	0.167267153470388	0.126493701667547	0.154511599727825	0.150638454685067	0.144701910613517	0.0836790253251994	0.109935943178197	0.144302002508301	0.117941460236506	0.109608060215173	0.130099635636579	0.165197706244768	0.0764120274604508	0.173707452679218	0.125395050614657	0.137375930599751	0.135784703115536	0.0819788502977906	0.131819622812993	0.132527875378421	0.116699068824859	0.132474267706885	0.149454924812134	0.122826191419334	0.113064891672617	0.0843253294777308	0.10099057552458	0.116323147609061	0.12345492355361	0.148637202149537	0.11779931148741	0.08684423942342	0.128209944829319	0.0826631292968132
700023439	0.164553119552041	0.128461703343243	0.098180328257661	0.172594046976178	0.147542607844318	0.0928223909380222	0.167025608583194	0.085400077831344	0.148594990174388	0	0.106953930629678	0.109334084346449	0.0934361465264417	0.133244237233792	0.103774442963428	0.141411955414062	0.0744902130319192	0.112595757846393	0.153162887708969	0.161561363627019	0.141691327220294	0.115125611609795	0.145222565381513	0.159444314025901	0.156271212446727	0.162528054452817	0.143762377472492	0.141075436518636	0.117412460472868	0.111683924017644	0.0999203025583819	0.130138186009221	0.0967250135140523	0.0945251551268477	0.153497434389224	0.123808796100599	0.132445358863389	0.0949352777393543	0.155189691062359	0.0922163109848923	0.129733111406363	0.0873407784357935	0.144748954433551	0.131909192942044	0.101234189608508	0.111653802986156	0.131586765798699	0.0909560338598183	0.118181198864025	0.106036759366386	0.113048372268172	0.181216287423987	0.166853846981478	0.124786126263316	0.185141697218644	0.100228209480625	0.136213280666806	0.172399821789463	0.110074774932134	0.15376985571818
700016978	0.121219184231159	0.129281871714353	0.0977158383835911	0.140769256663929	0.128745105558875	0.110586497985112	0.121957786219966	0.12905434052587	0.105581005037099	0.106953930629678	0	0.0956674572200577	0.120422324465648	0.131374386467421	0.123317113094791	0.104080659745997	0.0979316758628806	0.11611315756767	0.111802246580966	0.121692316945095	0.107290701397672	0.0677064203456352	0.128019388775425	0.122685865078087	0.103302336211009	0.139056044111395	0.144563135871686	0.115931450349142	0.119108914381761	0.121087787973831	0.0989240036377848	0.092518399888155	0.0744238645156933	0.0942000574611784	0.130554349966805	0.0883557129386221	0.115248155440211	0.129355465262358	0.108521211399634	0.136061429447101	0.113629632056724	0.0983597245975989	0.115064473286793	0.097477205845761	0.109402850484947	0.110751708160641	0.119813031425585	0.102687349564704	0.116965958993707	0.0962564377861805	0.0857463961078513	0.142820557693454	0.12665484930766	0.0893730881037686	0.149432846836077	0.114193190429398	0.110866333200767	0.129553451381924	0.0965877761058585	0.124004458766517
700024192	0.155838326086823	0.160943157728491	0.074479465626296	0.15094590592056	0.159557693176723	0.095349967287546	0.133823991596712	0.110897546690127	0.140688876027517	0.109334084346449	0.0956674572200577	0	0.0974958359598867	0.15078014601806	0.0836994429128856	0.120969543440788	0.105891288775252	0.112835014906565	0.142617741904766	0.143413677753733	0.130119766351919	0.0897743204347016	0.14078067474317	0.157280051907699	0.126736948298807	0.162667157912455	0.155883707635243	0.1380633809412	0.123311725336017	0.12018681619301	0.107460359077988	0.0921043041956517	0.0960999588326985	0.0877590642872107	0.159328567155607	0.107237707618506	0.135423447033482	0.0958868077564028	0.148249431230492	0.11122251435625	0.131103533722434	0.0693104274831222	0.154082395130333	0.103741035851404	0.100149531150143	0.111624779402556	0.14312277797003	0.0775981035660536	0.132972271292936	0.0651843999298788	0.0853837702641959	0.16474414302667	0.149139077721628	0.129124603686655	0.190223938792817	0.100253591825428	0.120105813231588	0.15820443774105	0.0853935847165067	0.131358566590629
700113058	0.156266697190261	0.132870062206052	0.115303301996482	0.169814067018845	0.156248479882013	0.115096142207416	0.163379651267292	0.083019708241356	0.152726943279692	0.0934361465264417	0.120422324465648	0.0974958359598867	0	0.143215806192629	0.0933082675853647	0.142192045688537	0.104891326979521	0.127004412595363	0.154451356929255	0.152925681438436	0.143752831106165	0.114530030987303	0.150357333309315	0.16928541567896	0.154763613035169	0.168792691112966	0.146310947754587	0.117268296665088	0.111027819655224	0.104976962453575	0.118337558148262	0.126352574784472	0.111321387657754	0.10809695222019	0.166958759397232	0.133361045861691	0.141072652439472	0.122982441281821	0.154165561003916	0.0983988261347289	0.1326076712709	0.0818876333373951	0.165109188193398	0.130399774259312	0.0971024897074832	0.111756763439245	0.148499828986846	0.0892631661527675	0.13546578649984	0.101744772892952	0.12644489079937	0.173369196065535	0.168248607110158	0.139839963551835	0.200363919545547	0.078887381406505	0.133957934241323	0.172062536419101	0.110704042197925	0.151768784244088
700099448	0.150242586606019	0.129327343455617	0.128434946976408	0.160468151613266	0.122257568969714	0.107077010994329	0.145949189982316	0.147988880546089	0.142106544301904	0.133244237233792	0.131374386467421	0.15078014601806	0.143215806192629	0	0.127428736217476	0.147632367612372	0.129599330299061	0.118680211604841	0.136766566650226	0.13745418946935	0.132139579679114	0.132518106118043	0.104147798265029	0.137815722921824	0.149117381824694	0.126788039269991	0.133849751733433	0.14124735264729	0.114400525848847	0.100173674886613	0.116576263312429	0.140400042275145	0.122776987837833	0.102981194509571	0.119497599844122	0.122018033645065	0.120237494525588	0.127274869245148	0.140047963114992	0.148633355118162	0.147912547407348	0.127469291556435	0.114470181419139	0.14366708512031	0.125056695816098	0.113599892370466	0.122738802423899	0.12659041027027	0.079982511365349	0.135372780631852	0.128456601540905	0.139727608231878	0.146020811996634	0.119063716770101	0.150097865890769	0.147220644728544	0.126356179490411	0.138231844043443	0.114665730671131	0.14514158101185
700109870	0.158190962253517	0.143753244871876	0.0902032970363067	0.14779978352837	0.146310131700174	0.088491141065744	0.141701623602534	0.0971604174349078	0.143251241896443	0.103774442963428	0.123317113094791	0.0836994429128856	0.0933082675853647	0.127428736217476	0	0.139942171566017	0.0970274801022036	0.12605015601514	0.154339844533269	0.13548548466406	0.130054191748869	0.114181866972631	0.127570946095404	0.158699684281531	0.137658356710668	0.159863077474172	0.153736862979476	0.143549479974297	0.101224587499805	0.0901161482218871	0.122326815481563	0.10883244507329	0.119900591082985	0.106313108890196	0.157917493395744	0.114777854823252	0.143590296533303	0.0843883105954925	0.154644790910208	0.0971307778584789	0.153022330042069	0.0781233633462877	0.154218475535905	0.118369712571949	0.0942213021809998	0.106982063161547	0.145875617397652	0.0746809516437581	0.115270893347066	0.0769291636481488	0.111429912198123	0.159149230522332	0.142340997694627	0.137257719813293	0.188880321011948	0.100193261926988	0.106380292925297	0.1577894694457	0.086655537415093	0.125825995484562
700033928	0.0966598495224479	0.159540000163055	0.126082731701141	0.146659079218428	0.131783793507156	0.136985030320853	0.123458601977096	0.156314186904388	0.0935637826031934	0.141411955414062	0.104080659745997	0.120969543440788	0.142192045688537	0.147632367612372	0.139942171566017	0	0.141163544340015	0.136505464128785	0.0888492709762879	0.124684329319403	0.105256729608441	0.0979509702727529	0.125248560945708	0.0777167055446598	0.110191178767846	0.126610028270861	0.153385162637057	0.117115724960659	0.153768554544724	0.147577964057999	0.122283403792983	0.0979554233079042	0.100163756444847	0.127270003070459	0.134263262809226	0.129050964587534	0.109629187744785	0.153900127860074	0.103044862169182	0.169471440115199	0.0980588234104133	0.120170194596675	0.135481528442453	0.113786328871987	0.119770258411904	0.125021975840107	0.12388450011295	0.13344653950166	0.14090132296981	0.111142148341298	0.0935510175666596	0.12811128841404	0.124213730013251	0.111043271697348	0.128868968336739	0.137104480823425	0.11428863580524	0.114133193573736	0.119779522183271	0.110891206024478
700023693	0.169738869280729	0.134667251311708	0.0969718651840719	0.180626951506176	0.157473205665925	0.0845546165118137	0.163655820011106	0.0756710944748762	0.151703236715981	0.0744902130319192	0.0979316758628806	0.105891288775252	0.104891326979521	0.129599330299061	0.0970274801022036	0.141163544340015	0	0.105664435868496	0.154740855696342	0.161231283243821	0.142297393253416	0.11847242071499	0.146659167928706	0.165788683993762	0.157802645488521	0.172865247485805	0.152611539294866	0.149369783940788	0.111055308744865	0.104104005617982	0.0966602031677798	0.129493085337052	0.107852872382433	0.102454046238609	0.163228844710553	0.125456922610492	0.133174679772551	0.102633460186571	0.160803448943611	0.0962745830898629	0.140358656754907	0.0799664663161163	0.13409191903347	0.134923299385481	0.0956243614825793	0.115053949465484	0.140612073398945	0.0897835202392513	0.117636277430118	0.103879832516763	0.122571209352118	0.185334067882852	0.172461860644496	0.125085855643208	0.199131596395704	0.103722220254588	0.130685191684664	0.176191165164259	0.11634557244041	0.156629136569887
700109627	0.161854543666457	0.153564953680121	0.088494375920663	0.18584058435109	0.150648897688807	0.0826385245610959	0.175773577687154	0.12220742411207	0.154635605545443	0.112595757846393	0.11611315756767	0.112835014906565	0.127004412595363	0.118680211604841	0.12605015601514	0.136505464128785	0.105664435868496	0	0.156046361594739	0.159722973043067	0.159393709791557	0.126435028345116	0.150379600750118	0.159154681495893	0.156504159660133	0.166902378422837	0.143331562770142	0.1557857657568	0.137028636331593	0.114542885109477	0.0905484254363704	0.139309706902278	0.126368968452317	0.0925157065740928	0.163684593674936	0.143801062549976	0.102550340908124	0.0925557566711424	0.165710396479752	0.141590364452807	0.146821176304561	0.0971852405392863	0.123929815030663	0.138487589739054	0.125832449763851	0.136063947358214	0.14176460406413	0.121548013156292	0.0932918665642765	0.120137277840697	0.121105421949741	0.184720305913435	0.172121977655145	0.118702654844262	0.190848397220662	0.13076210120603	0.15794416605418	0.178834373818367	0.128649244194919	0.165214933264088
700095416	0.0959559200884311	0.156042193456772	0.150419857766911	0.137610567092948	0.120858373697945	0.157117979392351	0.111088954728665	0.166431113656542	0.0887085072332641	0.153162887708969	0.111802246580966	0.142617741904766	0.154451356929255	0.136766566650226	0.154339844533269	0.0888492709762879	0.154740855696342	0.156046361594739	0	0.119429417743133	0.106959114125194	0.10699296896131	0.113516584825423	0.101460277335427	0.12137634910559	0.108544089181397	0.147033818759421	0.130390322676194	0.147619616358412	0.158220687899258	0.142143210298525	0.114816688615655	0.108866383080749	0.143571944125722	0.116378519468572	0.124993934421352	0.117141620958588	0.165063881173366	0.0933279953982712	0.178434423148398	0.0984126838978175	0.137167698538837	0.121608727186624	0.116401656210996	0.134095620500181	0.121136767927849	0.102459647990734	0.14182140468063	0.145360509620232	0.133128124784906	0.106604103369976	0.114798823732604	0.120968421127476	0.109642635238789	0.120657271402028	0.149176369717203	0.117949572322982	0.107605675521879	0.130032883810686	0.114825953899353
700110425	0.100553252155482	0.150157047759581	0.151392346205652	0.101685013901101	0.126205541620332	0.158552042382882	0.0848722842644878	0.16324473878768	0.108683454006448	0.161561363627019	0.121692316945095	0.143413677753733	0.152925681438436	0.13745418946935	0.13548548466406	0.124684329319403	0.161231283243821	0.159722973043067	0.119429417743133	0	0.0904935603706838	0.111310110018404	0.101672825140065	0.114245584135175	0.0772133106575801	0.128535824975685	0.164806049580786	0.124457294706567	0.129973908287989	0.136235028313559	0.153066353673043	0.117924506980926	0.118352785651888	0.140015519904367	0.118622548151467	0.0981142378800763	0.144395876563791	0.169382765926901	0.112071260007384	0.167941693820533	0.129860496426228	0.137877082277371	0.137524817653499	0.0933560803593999	0.125311282993467	0.124254830583644	0.12796580287864	0.13612377185726	0.134651073188338	0.134924891993655	0.121145828087077	0.0880422401551539	0.0597793457942183	0.117807455015797	0.132440207875185	0.146391086892326	0.0838682784362858	0.0842237605346748	0.115975253120105	0.0943194032858118
700111580	0.091521503626841	0.1418171931882	0.142569196001532	0.106293005227793	0.139966131389417	0.143016973747403	0.0872329744059461	0.155908513800469	0.0944958559160329	0.141691327220294	0.107290701397672	0.130119766351919	0.143752831106165	0.132139579679114	0.130054191748869	0.105256729608441	0.142297393253416	0.159393709791557	0.106959114125194	0.0904935603706838	0	0.0934212116727126	0.103091326057683	0.105149049194446	0.0694431638404949	0.130063599181891	0.165695554499982	0.137501810779321	0.125661038260037	0.143265558206704	0.143425069493706	0.0914646060969163	0.103301012323264	0.135809784351245	0.131627707803252	0.0960870962442992	0.142884989939588	0.152331775243148	0.107970040770982	0.158274092200388	0.11846116493716	0.125983880686679	0.137313245100684	0.097835142155957	0.108512553157649	0.110675068484412	0.120256904979241	0.119440694051382	0.127390380545763	0.114648129616903	0.104425614129183	0.0968922896263167	0.0920727058687343	0.0870337786165604	0.122134157315577	0.141586383153432	0.0684919152250335	0.078117112412765	0.0965291809582864	0.0882658700094546
700111302	0.113448658920005	0.134545701394641	0.10642682418855	0.139089719979473	0.136637214919855	0.119383962898112	0.105131091003585	0.134992237720399	0.0953004681329723	0.115125611609795	0.0677064203456352	0.0897743204347016	0.114530030987303	0.132518106118043	0.114181866972631	0.0979509702727529	0.11847242071499	0.126435028345116	0.10699296896131	0.111310110018404	0.0934212116727126	0	0.12739448881711	0.117557568039685	0.0908460403240299	0.146746690952954	0.149692845801413	0.119468831430112	0.13051080945451	0.126206307039568	0.11300098044062	0.0724313030210692	0.0750153026081945	0.0938944941628866	0.14133771575876	0.0937282871115232	0.126553693809298	0.139894596544493	0.108121197612655	0.143931783720972	0.125125279089054	0.099182177197956	0.122531281309638	0.0928710010066889	0.103909329562996	0.120474829389494	0.129895039294761	0.0982743857539577	0.124637646559579	0.0835292985461699	0.0891511021903933	0.125124619826631	0.121208179791163	0.0956859557410578	0.152020106896012	0.10936437873934	0.105034927243321	0.119532770806742	0.0940168017319014	0.110298485568142
700098605	0.115899971493499	0.129146882156026	0.138384394123151	0.104341439493222	0.124301941996409	0.135214845835648	0.108995556861977	0.165162433831951	0.109064656901723	0.145222565381513	0.128019388775425	0.14078067474317	0.150357333309315	0.104147798265029	0.127570946095404	0.125248560945708	0.146659167928706	0.150379600750118	0.113516584825423	0.101672825140065	0.103091326057683	0.12739448881711	0	0.121975538154927	0.121180995415053	0.112603950251043	0.144298972357646	0.130505616496445	0.132556073502051	0.127772636905614	0.142571678572403	0.115340477039987	0.11904869825972	0.128103128261645	0.105953611232548	0.110379554473125	0.127527074672148	0.139022440986189	0.117361863601741	0.154956156841233	0.127337524461816	0.137711780306468	0.134275118839824	0.105641717400493	0.140959614065924	0.115746414281875	0.122791069781945	0.136811880928293	0.123730304495501	0.127497493857298	0.113110217453847	0.103114943189581	0.0947353387751784	0.115012694418606	0.123404154540858	0.14994170898119	0.11105368203704	0.0968309381515107	0.116776032994614	0.0767685668803742
700111991	0.0804346041846521	0.168309065447617	0.152965943080592	0.125437239014633	0.134076278111303	0.160495601261644	0.108990031528698	0.184316417045115	0.107617047070023	0.159444314025901	0.122685865078087	0.157280051907699	0.16928541567896	0.137815722921824	0.158699684281531	0.0777167055446598	0.165788683993762	0.159154681495893	0.101460277335427	0.114245584135175	0.105149049194446	0.117557568039685	0.121975538154927	0	0.107799091715481	0.10626285150978	0.154227483590753	0.132794295703162	0.157632396007685	0.164260196014311	0.152215568426632	0.123392531770312	0.128274191312357	0.147911303474073	0.120601184912303	0.1209636605241	0.128344960121794	0.169711473941813	0.103318055346425	0.1899558949478	0.118288171077746	0.152711372274929	0.136981417311988	0.125627486526173	0.139313768959316	0.126027154667109	0.118981137987896	0.1498549323423	0.142363633124468	0.141907144095273	0.121444762609236	0.113346331217422	0.11063459905614	0.108321627854318	0.105165836735557	0.165343242909474	0.111962995479348	0.091775216953487	0.137016842235959	0.1148396268888
700108960	0.0929240663257448	0.154620651969198	0.140152821250455	0.103766899404953	0.1492924869229	0.149250117112351	0.0755630502161346	0.167834315660365	0.0911084413470708	0.156271212446727	0.103302336211009	0.126736948298807	0.154763613035169	0.149117381824694	0.137658356710668	0.110191178767846	0.157802645488521	0.156504159660133	0.12137634910559	0.0772133106575801	0.0694431638404949	0.0908460403240299	0.121180995415053	0.107799091715481	0	0.140839692095136	0.189141245971146	0.139422271162855	0.139286010588586	0.145951041394129	0.147925459098875	0.0858836821719855	0.110077530268603	0.134118085623733	0.136112019566996	0.0911564668354596	0.145727662903173	0.160972014884959	0.105909710561632	0.171113236404532	0.133046060368546	0.130384844005959	0.144487842955301	0.0856156110254278	0.128055722891608	0.130963876892175	0.142451591824682	0.133395377315616	0.135189821872333	0.109892988010925	0.101114826854999	0.0947931259215646	0.0817972642041447	0.100508949121309	0.120202998894489	0.146398075283265	0.0825038487564274	0.0786887609260757	0.106579026719618	0.0876477931240539
700024452	0.120623182489475	0.157385073723349	0.160045388892171	0.117357956683025	0.113310767554598	0.168295396192895	0.119651189690716	0.186898559754532	0.109856970528268	0.162528054452817	0.139056044111395	0.162667157912455	0.168792691112966	0.126788039269991	0.159863077474172	0.126610028270861	0.172865247485805	0.166902378422837	0.108544089181397	0.128535824975685	0.130063599181891	0.146746690952954	0.112603950251043	0.10626285150978	0.140839692095136	0	0.155502291110389	0.12598543842971	0.122781942224908	0.155684014581478	0.169302283272103	0.147881038135084	0.137001921352759	0.15406158543466	0.0766691415728288	0.131721962183029	0.141925527672532	0.166832150260097	0.100803912535991	0.167023835350187	0.123341137190188	0.157587887889657	0.146404199514619	0.135029758854601	0.145262039390922	0.117290423363824	0.104946316899313	0.15927958350776	0.147493371369908	0.156361828210562	0.123950176489179	0.109882628185449	0.111458781685272	0.136652497624305	0.104676535117141	0.16933096720042	0.128355737175493	0.11466235176724	0.134230296970401	0.13292121051945
700032931	0.155869301243516	0.134642509220036	0.14272597758371	0.186324010702435	0.151184253474951	0.140566431539708	0.187323490038774	0.152267033443058	0.167267153470388	0.143762377472492	0.144563135871686	0.155883707635243	0.146310947754587	0.133849751733433	0.153736862979476	0.153385162637057	0.152611539294866	0.143331562770142	0.147033818759421	0.164806049580786	0.165695554499982	0.149692845801413	0.144298972357646	0.154227483590753	0.189141245971146	0.155502291110389	0	0.135181888549912	0.150795423805381	0.145804822330883	0.144940614449327	0.159312706471849	0.145525652142756	0.142700444235907	0.154171982330583	0.153849182110506	0.134533261160968	0.148543382763933	0.156365536890374	0.155726718706519	0.138342974030152	0.145119091708479	0.145873550848748	0.149715674832128	0.148415537366989	0.137217854525729	0.124940736265416	0.139183286776721	0.13121956685381	0.151710190634735	0.147988437442358	0.184031750768927	0.166129044132155	0.135060519936204	0.164545406534884	0.151590539367177	0.164918271683857	0.177836632668292	0.140524596880239	0.172878971115156
700095837	0.132563018178004	0.138057069764963	0.146264441249244	0.145488455941179	0.133052771838679	0.158842849407207	0.149612468137105	0.149517235894731	0.126493701667547	0.141075436518636	0.115931450349142	0.1380633809412	0.117268296665088	0.14124735264729	0.143549479974297	0.117115724960659	0.149369783940788	0.1557857657568	0.130390322676194	0.124457294706567	0.137501810779321	0.119468831430112	0.130505616496445	0.132794295703162	0.139422271162855	0.12598543842971	0.135181888549912	0	0.122522321081921	0.128108843362893	0.146780829031201	0.134626224886341	0.108256967115386	0.130053381672851	0.127856860065929	0.127669944596628	0.128021446725029	0.162080319572557	0.114389194347582	0.149946675897872	0.117602299624279	0.132722282725295	0.142492910302111	0.121622806523354	0.123538966305971	0.111771084663452	0.123929807755199	0.12988157582418	0.149409093557453	0.138584489729183	0.116947027276123	0.144763235677928	0.134267818271334	0.137463798020583	0.148710929913774	0.124119235738179	0.139448276418575	0.142698803505959	0.126917932266352	0.143871707721471
700024548	0.154756802144434	0.123231954978441	0.127086597447542	0.139704075671062	0.114955824458571	0.111333183536128	0.143616270848831	0.118477163531822	0.154511599727825	0.117412460472868	0.119108914381761	0.123311725336017	0.111027819655224	0.114400525848847	0.101224587499805	0.153768554544724	0.111055308744865	0.137028636331593	0.147619616358412	0.129973908287989	0.125661038260037	0.13051080945451	0.132556073502051	0.157632396007685	0.139286010588586	0.122781942224908	0.150795423805381	0.122522321081921	0	0.108555581181364	0.134551729463912	0.142777999818926	0.11448346644219	0.110187240336518	0.117287925222886	0.105966073209934	0.148367845577387	0.125701581412865	0.145621257944658	0.101569715060536	0.134071471612312	0.0991806962982163	0.144469989166287	0.139654740482629	0.0888370437631219	0.0797418218494096	0.130548593705598	0.09871644647415	0.116308894807403	0.12536334434972	0.118120341222342	0.15298632739688	0.131716581641699	0.131399995833897	0.16567160585038	0.122053141864922	0.109727531915282	0.151596506904048	0.103479911954883	0.153577254349307
700110161	0.165314751776574	0.134555180423312	0.100223990140485	0.163777377222069	0.134024915011945	0.0873536150656733	0.162175206212577	0.111648318242942	0.150638454685067	0.111683924017644	0.121087787973831	0.12018681619301	0.104976962453575	0.100173674886613	0.0901161482218871	0.147577964057999	0.104104005617982	0.114542885109477	0.158220687899258	0.136235028313559	0.143265558206704	0.126206307039568	0.127772636905614	0.164260196014311	0.145951041394129	0.155684014581478	0.145804822330883	0.128108843362893	0.108555581181364	0	0.105181251499291	0.131081620110353	0.123536780578965	0.0884330029660223	0.151227315399881	0.126145396889743	0.128377384392054	0.102974703459435	0.158955500686285	0.110130285632441	0.15641497383472	0.0955490651094574	0.134147147836161	0.130238324042686	0.115926830643259	0.124581528407553	0.152047003909811	0.0998624011332491	0.0892752941351124	0.106678871468892	0.125186377371008	0.162961533838901	0.15201285294047	0.124254063303269	0.188817312482336	0.110958254750194	0.121430214088786	0.156873760459302	0.104036848846788	0.144235320475529
700023496	0.15080512902009	0.128828833590985	0.0953700401834817	0.177211781149107	0.14402118371903	0.079500620245356	0.154709154327295	0.122004813975319	0.144701910613517	0.0999203025583819	0.0989240036377848	0.107460359077988	0.118337558148262	0.116576263312429	0.122326815481563	0.122283403792983	0.0966602031677798	0.0905484254363704	0.142143210298525	0.153066353673043	0.143425069493706	0.11300098044062	0.142571678572403	0.152215568426632	0.147925459098875	0.169302283272103	0.144940614449327	0.146780829031201	0.134551729463912	0.105181251499291	0	0.120253081727872	0.101300333430791	0.0840701190379093	0.154525784924409	0.124735777581735	0.109392466856066	0.113111555667046	0.149683024468573	0.134693434658744	0.132783975125125	0.0991034505230485	0.113037678352784	0.131938031560242	0.108198886845331	0.124976996046172	0.137263714529566	0.107701800660299	0.0920021813596931	0.10471198525063	0.110254208399023	0.177256587128715	0.163843401195276	0.114603909174771	0.190377416475068	0.105941982250659	0.139121871889451	0.168511759803621	0.121920264856779	0.151788656655261
700034628	0.119669595337219	0.142178070253977	0.105838415566722	0.13462196594371	0.147533579207553	0.121909234725237	0.0902284208040031	0.140756268553379	0.0836790253251994	0.130138186009221	0.092518399888155	0.0921043041956517	0.126352574784472	0.140400042275145	0.10883244507329	0.0979554233079042	0.129493085337052	0.139309706902278	0.114816688615655	0.117924506980926	0.0914646060969163	0.0724313030210692	0.115340477039987	0.123392531770312	0.0858836821719855	0.147881038135084	0.159312706471849	0.134626224886341	0.142777999818926	0.131081620110353	0.120253081727872	0	0.0931023050427461	0.110650673046624	0.141585785525525	0.0763733992043475	0.137196893327703	0.131886308932826	0.114705571583038	0.145033232742178	0.136062948213948	0.103311663887445	0.134162486782377	0.0658524147172417	0.117435450761351	0.126636872029885	0.139476636567799	0.104750150183486	0.132021710923854	0.0753439781531492	0.0912003427644933	0.113216899056254	0.116935270945892	0.111407265832275	0.153116682201907	0.112053412571639	0.103068083776154	0.104624419431978	0.0923177550150949	0.0763403427064595
700023645	0.117043660386666	0.1173246836065	0.109408671449807	0.138164647602798	0.127006808385091	0.116924705256477	0.120917759188354	0.118070467947586	0.109935943178197	0.0967250135140523	0.0744238645156933	0.0960999588326985	0.111321387657754	0.122776987837833	0.119900591082985	0.100163756444847	0.107852872382433	0.126368968452317	0.108866383080749	0.118352785651888	0.103301012323264	0.0750153026081945	0.11904869825972	0.128274191312357	0.110077530268603	0.137001921352759	0.145525652142756	0.108256967115386	0.11448346644219	0.123536780578965	0.101300333430791	0.0931023050427461	0	0.0869991484701626	0.126852376745501	0.0901776222476146	0.11929374215131	0.127387372744537	0.111549935900906	0.12427476340316	0.110710331203212	0.096478851929066	0.113034780535492	0.0998229561263206	0.0961099625201884	0.0958582364839882	0.113021844819791	0.0989280177326457	0.114174251565145	0.0963532175555253	0.0836069491779393	0.135524611521518	0.130285899881658	0.103470467223374	0.151891665450259	0.0973568873458348	0.106983176362188	0.125350135082757	0.0946365081613099	0.120488904891846
700038744	0.149758517977111	0.130457100340044	0.0769722679878318	0.158714499083127	0.133754803426069	0.0726376235347492	0.148027364386078	0.118484498825772	0.144302002508301	0.0945251551268477	0.0942000574611784	0.0877590642872107	0.10809695222019	0.102981194509571	0.106313108890196	0.127270003070459	0.102454046238609	0.0925157065740928	0.143571944125722	0.140015519904367	0.135809784351245	0.0938944941628866	0.128103128261645	0.147911303474073	0.134118085623733	0.15406158543466	0.142700444235907	0.130053381672851	0.110187240336518	0.0884330029660223	0.0840701190379093	0.110650673046624	0.0869991484701626	0	0.142367697620992	0.106069578319348	0.11051345102254	0.0907357334940069	0.147174386904325	0.113538739071356	0.133519155909843	0.0805801280135385	0.116025394255505	0.116041502630042	0.0996455841929955	0.102122142698372	0.138495605286794	0.0913009571166714	0.0816813213267803	0.0938607542509564	0.0985271982872475	0.163652905205026	0.153209292523065	0.11122598427189	0.180174958455139	0.0963701688922923	0.129513931077154	0.155575949957776	0.0961624205352388	0.145706878558094
700038485	0.131913462222206	0.144530523780546	0.15162811866029	0.11863922222827	0.104954114382913	0.161032028460826	0.119659373231503	0.175517884718653	0.117941460236506	0.153497434389224	0.130554349966805	0.159328567155607	0.166958759397232	0.119497599844122	0.157917493395744	0.134263262809226	0.163228844710553	0.163684593674936	0.116378519468572	0.118622548151467	0.131627707803252	0.14133771575876	0.105953611232548	0.120601184912303	0.136112019566996	0.0766691415728288	0.154171982330583	0.127856860065929	0.117287925222886	0.151227315399881	0.154525784924409	0.141585785525525	0.126852376745501	0.142367697620992	0	0.113065723311139	0.142743052938653	0.165110202105715	0.109687530775999	0.158475440322892	0.12336803451147	0.156018562948947	0.141317386625889	0.125474042821025	0.143610796599902	0.10970156279546	0.11457360158462	0.155335257248268	0.13820244772157	0.1489830711007	0.120087179656955	0.104128070568875	0.106902822760378	0.132414976687813	0.11226271663015	0.158404915877829	0.135041721587944	0.116202954119187	0.132765867060921	0.126373104224522
700024743	0.116522347890365	0.130145189194083	0.115399369074254	0.111254687118296	0.132893697807903	0.121704095181241	0.0872030960411224	0.137073798823451	0.109608060215173	0.123808796100599	0.0883557129386221	0.107237707618506	0.133361045861691	0.122018033645065	0.114777854823252	0.129050964587534	0.125456922610492	0.143801062549976	0.124993934421352	0.0981142378800763	0.0960870962442992	0.0937282871115232	0.110379554473125	0.1209636605241	0.0911564668354596	0.131721962183029	0.153849182110506	0.127669944596628	0.105966073209934	0.126145396889743	0.124735777581735	0.0763733992043475	0.0901776222476146	0.106069578319348	0.113065723311139	0	0.139255523815891	0.130736488949629	0.109604827160225	0.136998378667196	0.125563419441623	0.111663782921288	0.125861026287625	0.0738545703932372	0.10887631977403	0.0959368200766932	0.123610831596567	0.102037508677196	0.118470668943418	0.104056007759715	0.0917081041672196	0.109920806284429	0.0991644328852542	0.102029969272797	0.135389050529882	0.122429922297935	0.0984587419357349	0.0976980000772923	0.0898478394881615	0.0992966752076584
