700108602	700014971	700033565	700109389	700023058	700023927	700106341	700114221	700023543	700023439	700016978	700024192	700113058	700099448	700109870	700033928	700023693	700109627	700095416	700110425	700111580	700111302	700098605	700111991	700108960	700024452	700032931	700095837	700024548	700110161	700023496	700034628	700023645	700038744	700038485	700024743	700099596	700110760	700101587	700106399	700032322	700095653	700021312	700101230	700023590	700038905	700033136	700023382	700096424	700105469	700016908	700096053	700108479	700109569	700033814	700016125	700109756	700102665	700101777	700109455
700108602	0	0.140073074520312	0.162876239688901	0.105002365916981	0.117047361995637	0.165848901935009	0.092978800912123	0.176707129420674	0.0969719461974859	0.164192922785488	0.114194943473288	0.155206789819414	0.149919494877761	0.146232784805106	0.158044698359943	0.106876307966658	0.171398089885061	0.162664139011621	0.0902627983931492	0.0966317690627763	0.091609385176874	0.109272745000713	0.116132999468235	0.0808362724546906	0.0948611104372651	0.110465009273723	0.152578347439987	0.142585912451697	0.144487176318478	0.158072784630539	0.155492277820204	0.122761465299232	0.112859430538089	0.159445863140491	0.127025938947974	0.114709612640441	0.128499594910553	0.168094315674626	0.0929639105816663	0.177574826598098	0.0942035379343246	0.152232538735249	0.12864878831947	0.111293679431757	0.152174726141991	0.128485910675455	0.110339878497271	0.156091823692179	0.147589353973234	0.1398531826021	0.116536902479751	0.0909943159450233	0.0939338913237566	0.0995351123084789	0.0936395456631493	0.163068168164657	0.110049143910902	0.0871029748661687	0.128400675959326	0.106146557304127
700014971	0.140073074520312	0	0.149747969189351	0.154651027713524	0.132772131182282	0.149011973693955	0.148372464835031	0.152642964373018	0.147762081595507	0.133030457408402	0.117374216948604	0.156868284355109	0.139387515781475	0.12201131187225	0.145611863302009	0.155206701233257	0.136988274168062	0.159548019708171	0.150873896826644	0.131550719414903	0.136875871180461	0.127615785082787	0.120614901301309	0.141700333696996	0.149579207390232	0.144156109027622	0.118757253750561	0.140300912027495	0.117795233112997	0.144480310326031	0.142043067561708	0.146061929519905	0.117934523316032	0.130824059227619	0.128103647690901	0.118403520121397	0.152288967971027	0.160029718364986	0.14085176303104	0.136910768769811	0.122794860348766	0.131830548544283	0.145693483112401	0.132348514444551	0.131383656217236	0.124119754794908	0.108632366505249	0.13492737910988	0.139593044221642	0.136577670730905	0.129765771958291	0.152164011478832	0.140848264786672	0.124316279672317	0.1549430314153	0.128972351960322	0.140589482627464	0.136777852972357	0.127997187566199	0.147981392724895
700033565	0.162876239688901	0.149747969189351	0	0.149340742566591	0.152705519094559	0.0602693559976401	0.139317714759205	0.116469616335862	0.15929700482183	0.0948227397127486	0.100469468293416	0.0585632115658856	0.106772747203307	0.125855861019497	0.0846665190451543	0.112881771960216	0.113075768313892	0.101102324516234	0.149365462573188	0.143367808210094	0.141026692219977	0.0955925668018148	0.13027495388476	0.159405040556184	0.13541811388065	0.154636967119697	0.149374493947835	0.145244462400027	0.120117407746588	0.111133217129287	0.0943846444044496	0.107219996263054	0.106549568850737	0.0826632914545116	0.154531426446776	0.109367669986817	0.134544504087055	0.0726579151973198	0.165747576269013	0.122616831406256	0.137799889232247	0.0803304379724942	0.128394344048453	0.130743499786909	0.103722992270488	0.120346173252654	0.144141208411069	0.08122389196887	0.107370891316322	0.0814760751816493	0.0834094091956917	0.16748196573669	0.159269264610133	0.130189453268753	0.180193534311667	0.113291645686101	0.118779570335197	0.153914221971354	0.0908860305592665	0.138279476220908
700109389	0.105002365916981	0.154651027713524	0.149340742566591	0	0.141355929769517	0.169823353717171	0.0891343909972598	0.182486583989223	0.142327969338375	0.172334895260549	0.137932971939626	0.144362643385511	0.163019385011137	0.157180980302919	0.146683927811244	0.132221484296696	0.173381548948013	0.184841557677636	0.140220047266886	0.0920653075837361	0.106587491325376	0.136842364231933	0.102513485691623	0.128704937749295	0.102980457128679	0.117370473743563	0.182751290231625	0.154307842151987	0.133450927393967	0.16053360911757	0.175262923517596	0.138172043446261	0.138050878547854	0.162993947154477	0.122766137294506	0.111929732663486	0.176210813217799	0.164031639773755	0.135512402185593	0.175369633820282	0.130165977032199	0.156187039476566	0.150298408757364	0.134976089362476	0.15156793880095	0.14577719365765	0.146326261775863	0.156452115256914	0.161292478884096	0.145638553993549	0.118086380369204	0.101388201208861	0.0709624374631705	0.145584595796106	0.115960130198689	0.176111726452408	0.0987113159736217	0.0836696651614056	0.113071871598666	0.0977567631641304
700023058	0.117047361995637	0.132772131182282	0.152705519094559	0.141355929769517	0	0.147619072183731	0.11734638240139	0.162568594861207	0.114015294186516	0.145702614596721	0.116989389911817	0.145831124601749	0.13804688001523	0.126170676628594	0.140720256084923	0.130457360025307	0.151937002285752	0.152905359915385	0.127471131624086	0.116948903372335	0.124234204935709	0.122569147039114	0.120610170737851	0.134017398726509	0.133824155320887	0.109629571928738	0.143287534547971	0.133546873703561	0.127094226428448	0.125439396065456	0.139133526487547	0.136933923525417	0.118830282224553	0.131773135532086	0.11009442526059	0.126601478708822	0.125377405891673	0.147354766289401	0.108650878625105	0.161339884021109	0.119682275990586	0.131391251679545	0.115250535249588	0.132316612269078	0.139298675486019	0.11984748918331	0.10597621585895	0.145489496537167	0.136467068771473	0.138635081622096	0.124875969626071	0.112598617680736	0.119023969154921	0.108848409746306	0.134278782112461	0.150684475720965	0.130181576664781	0.119773219723899	0.131967740128996	0.123120846854283
700023927	0.165848901935009	0.149011973693955	0.0602693559976401	0.169823353717171	0.147619072183731	0	0.154552859778402	0.121260008787232	0.167446101103537	0.0920038657491285	0.108208359247802	0.0931882309990437	0.100646571674042	0.10753675690251	0.094379438836118	0.126978324353341	0.110584327216328	0.0777900221976291	0.157492566806844	0.151099779232259	0.14597640144494	0.112042751699799	0.139772442260646	0.16238888188048	0.141077311219503	0.166527682731623	0.14775342922185	0.163861135118167	0.121113049371123	0.106203617142134	0.0730256409004481	0.125315248075291	0.116022969183912	0.0762306692234875	0.156431967577424	0.116857094515842	0.123882047316775	0.0716508709121954	0.174290001152173	0.123086611342974	0.14845715746541	0.0893958234564858	0.117139945778153	0.147840572512196	0.11374703612046	0.124352986126578	0.140891532846086	0.0908916440278044	0.0832284699661638	0.0940090765265112	0.109240662737674	0.172016803378446	0.168305321146929	0.120684430750086	0.185869668870436	0.114353737655165	0.127711327375697	0.159292281264766	0.108336124251841	0.153327781578285
700106341	0.092978800912123	0.148372464835031	0.139317714759205	0.0891343909972598	0.11734638240139	0.154552859778402	0	0.176529513537899	0.0922574644044418	0.163654379484878	0.118230534056484	0.126486214512974	0.149042527377109	0.150110748157956	0.136552483930744	0.102934378828577	0.165623051532705	0.170570217784743	0.107600373957445	0.0770832564702142	0.080669948147305	0.102091743301857	0.10155617235316	0.109371262844881	0.0694567805296118	0.122613855016132	0.177797480383905	0.157820340661256	0.141728415191633	0.155932097580319	0.152138674624453	0.0776109885930507	0.110568250577459	0.148570360987637	0.13075625578032	0.0832072942707101	0.15874296418438	0.154779069524253	0.101025165300855	0.176332544667291	0.123548156328503	0.141908092499847	0.123942292735364	0.0972741015564886	0.138571764217519	0.137816694978539	0.127297162501153	0.135774186843663	0.150161352963021	0.114520652021145	0.103333714181842	0.0729037286274812	0.08248593387495	0.114586513212227	0.11337514780831	0.155565563380374	0.090023415604753	0.0621106178745636	0.105102539636661	0.0643273500617291
700114221	0.176707129420674	0.152642964373018	0.116469616335862	0.182486583989223	0.162568594861207	0.121260008787232	0.176529513537899	0	0.183507099476942	0.0769665786481193	0.139937943814283	0.108418581461512	0.0976187797694133	0.159471968537109	0.0997080665197103	0.156759966744626	0.0961789370893796	0.145145555919087	0.171927467929531	0.164016117616682	0.160979350477196	0.131892605646949	0.166842962781093	0.188700447814004	0.169431054753754	0.186258973263213	0.159554973607329	0.144914151397331	0.118197050118151	0.11824593667385	0.117184776724716	0.143787005758591	0.120352210123774	0.120641830386428	0.180603583515629	0.139292434086705	0.159475300278673	0.102446212505117	0.188623548631708	0.081429398716485	0.144099165790613	0.0821590585962774	0.161213112977089	0.150357551957098	0.0910720891698241	0.114428692223348	0.145674341845447	0.0817521703086603	0.146466097349249	0.115038896852371	0.137550145758311	0.189926447918568	0.182249852464492	0.158498380032928	0.211806626441096	0.0994575020827482	0.138131636471517	0.185138308521562	0.125687419171126	0.168470663219323
700023543	0.0969719461974859	0.147762081595507	0.15929700482183	0.142327969338375	0.114015294186516	0.167446101103537	0.0922574644044418	0.183507099476942	0	0.165731888396952	0.122645935650219	0.15216870238177	0.152333015013477	0.155156952813702	0.159074241201053	0.103380395504616	0.166258492861867	0.172137436423764	0.0939634740584912	0.117163836417205	0.106786724237767	0.108153604387218	0.126449317462975	0.106744398045432	0.115107095715437	0.107665752406181	0.15427549308386	0.138460964485326	0.163315251992674	0.156022810937648	0.155136467248553	0.103105644101	0.113685224497896	0.15997038912483	0.126882110758302	0.12005891106141	0.149403769807874	0.175228872510016	0.0754978343924427	0.182729624622948	0.122843189168803	0.150622885096835	0.12581102841739	0.0963317642537472	0.154251381620645	0.13334532589733	0.115024939492865	0.15267641399623	0.157144144437767	0.136277158113959	0.123437184456874	0.0803172327282507	0.110076011171822	0.116753082405595	0.110070824860175	0.164405706649572	0.133382717800717	0.105078682265043	0.131359728520144	0.105945109570742
700023439	0.164192922785488	0.133030457408402	0.0948227397127486	0.172334895260549	0.145702614596721	0.0920038657491285	0.163654379484878	0.0769665786481193	0.165731888396952	0	0.109741930996618	0.0992647395545379	0.0886888416106488	0.131868116965232	0.0952522503983996	0.142792521774267	0.0888820401895518	0.112162607093988	0.160236315357184	0.157141377742401	0.141815840799424	0.116105817152387	0.143662899235485	0.162547300337267	0.15592159275178	0.16408355399856	0.138393487009787	0.131992859961952	0.106317747364082	0.10157254319497	0.0939732815223335	0.131612864278198	0.103243126971361	0.0929595528786382	0.155241924110702	0.120571138633452	0.135112296727143	0.0859338181849777	0.16741088896212	0.0801300925334838	0.12604863895261	0.068437216894207	0.13506465609439	0.142783824439177	0.101034729468401	0.108715050715522	0.126472482373743	0.0786006904176204	0.11320985355774	0.100682988742976	0.116111991541496	0.172324557679097	0.173036548992017	0.125202432430307	0.189425139687238	0.100755336474812	0.128446705384512	0.164210109905912	0.11228806241215	0.156641673734249
700016978	0.114194943473288	0.117374216948604	0.100469468293416	0.137932971939626	0.116989389911817	0.108208359247802	0.118230534056484	0.139937943814283	0.122645935650219	0.109741930996618	0	0.106677582457934	0.118070209351727	0.123049172524154	0.127201638192835	0.10384519359963	0.124670888774161	0.116668012934458	0.123376662666257	0.109285742776407	0.103939978904538	0.0787568953085609	0.11717109206775	0.121724626496308	0.104952009286219	0.13799326482335	0.130060713807396	0.126855909058242	0.123148927287118	0.1216777240778	0.104872404756835	0.109711727257869	0.0788604601522067	0.105433283777697	0.136530018686034	0.095990539413336	0.124846418461732	0.118977649405965	0.124566305236002	0.136098803833671	0.104145578820229	0.0991565052458966	0.0951282597456059	0.108191332029708	0.116000081218568	0.11609072232962	0.103752738921546	0.104983779768968	0.105470508923967	0.100871447186077	0.087452916499944	0.133782277954043	0.130411168196138	0.0838435440774793	0.137983259780709	0.127516800651084	0.108951921233957	0.116314314523244	0.0935789117267272	0.125351495111786
700024192	0.155206789819414	0.156868284355109	0.0585632115658856	0.144362643385511	0.145831124601749	0.0931882309990437	0.126486214512974	0.108418581461512	0.15216870238177	0.0992647395545379	0.106677582457934	0	0.0946177491680506	0.147013796223176	0.0790177375180409	0.113602560159535	0.110597298859795	0.120685535551842	0.140233128934028	0.131125017774725	0.128054110837006	0.0829652038632193	0.135766144463863	0.165450263833156	0.122055422649141	0.157596073551059	0.152843900931197	0.143532782792939	0.117005300999907	0.122396823761531	0.104405010709409	0.0922387367564113	0.0993200139421908	0.10157290743891	0.155815855068069	0.108475101339077	0.146863857492786	0.0873796274381914	0.165500361856242	0.112227758750396	0.133488437327444	0.0707849173502598	0.142107335014416	0.117489688438854	0.086608850088522	0.120761683097139	0.14260686249842	0.0782206522029432	0.128239499003898	0.0708183703838939	0.0728728648542734	0.159180409286876	0.151799328723441	0.133712848028019	0.187556846938516	0.0990082666066159	0.110660249051084	0.145879240897408	0.0899691647034786	0.12902234319913
700113058	0.149919494877761	0.139387515781475	0.106772747203307	0.163019385011137	0.13804688001523	0.100646571674042	0.149042527377109	0.0976187797694133	0.152333015013477	0.0886888416106488	0.118070209351727	0.0946177491680506	0	0.134047111304128	0.0851903295653137	0.132780138539538	0.0914537877720752	0.132265403070565	0.149024990831152	0.133962040087548	0.141121048321723	0.106046342436108	0.147404859869126	0.167573605878394	0.139504434106188	0.165834776143865	0.149121799449506	0.125644864208767	0.1044239991431	0.0987995471529435	0.108139910330976	0.118329619806013	0.106783901707927	0.0952705844325033	0.162630939784882	0.125306614458289	0.134801083022007	0.113996961849002	0.157660316270232	0.0945798609060401	0.130771934504023	0.0725328313740684	0.143848732480898	0.126878981187479	0.0934533506209488	0.116368391525219	0.143885410083645	0.0878847210072436	0.115240027003025	0.0978277402486118	0.110512607325197	0.159812196761513	0.157882789875269	0.139828306022375	0.188390802521137	0.0812036918964285	0.115864810239675	0.162365324235316	0.105974399722949	0.136852023555097
700099448	0.146232784805106	0.12201131187225	0.125855861019497	0.157180980302919	0.126170676628594	0.10753675690251	0.150110748157956	0.159471968537109	0.155156952813702	0.131868116965232	0.123049172524154	0.147013796223176	0.134047111304128	0	0.128875826057047	0.144818889535163	0.133154730733093	0.116754095066288	0.148135036975504	0.139312124238598	0.137446933597401	0.134732875177421	0.109978561175765	0.140585931237159	0.1496474683095	0.135535457264489	0.125091700205625	0.149267161666018	0.118489664377479	0.104366678573228	0.113652110280867	0.149165300326062	0.127410798909178	0.103702887067298	0.135285612658686	0.12438281635084	0.126089690061963	0.118795153943807	0.15233745106007	0.150898427550421	0.14671567970096	0.12780940933444	0.120125158832271	0.15389968504388	0.134154657774475	0.122732432190209	0.127775233809354	0.132658902337069	0.0922439644334482	0.133622344605154	0.124419606324273	0.143737329921592	0.154444745220686	0.118284227940193	0.149910908267767	0.144334019197466	0.122069417909492	0.139126676411544	0.109604851241381	0.147856911514199
700109870	0.158044698359943	0.145611863302009	0.0846665190451543	0.146683927811244	0.140720256084923	0.094379438836118	0.136552483930744	0.0997080665197103	0.159074241201053	0.0952522503983996	0.127201638192835	0.0790177375180409	0.0851903295653137	0.128875826057047	0	0.12903597413313	0.0971130630666603	0.127898584604256	0.15806884702458	0.132210928655975	0.132911448133557	0.106236699922247	0.126853104366832	0.166809338541164	0.134301743138097	0.162357769168723	0.150144167155683	0.145275384670832	0.102126283001794	0.0965562397084517	0.110327161352531	0.112998532612511	0.121287925963596	0.110096467176788	0.160266728999123	0.115705358657571	0.141280451583618	0.0782791723811347	0.164532820386335	0.0981713566512964	0.141349984816192	0.0827353612422837	0.150690428672369	0.13633717713928	0.0953941703958502	0.109183022553384	0.136913955077673	0.0825881342470263	0.122047581130456	0.0801885513737244	0.102200826844281	0.159173837218813	0.148573160913167	0.135339564922441	0.185084990684033	0.0967208185166551	0.100674713223271	0.148407083344126	0.0894710635552226	0.128796344459712
700033928	0.106876307966658	0.155206701233257	0.112881771960216	0.132221484296696	0.130457360025307	0.126978324353341	0.102934378828577	0.156759966744626	0.103380395504616	0.142792521774267	0.10384519359963	0.113602560159535	0.132780138539538	0.144818889535163	0.12903597413313	0	0.14956966915251	0.130244666315834	0.100044043420627	0.113926764622616	0.106075230305934	0.0856292412184312	0.129942701546939	0.102496068325455	0.100463976695512	0.135632538489325	0.140779696324899	0.121920053190251	0.139874423408535	0.145125454275072	0.11909522875967	0.10664790071141	0.100706916196697	0.128135988865184	0.134748797515384	0.118942107345466	0.124568151637086	0.141820881864679	0.102044787245501	0.157762675935907	0.109450084749477	0.119118511492462	0.122489359676084	0.110791403069813	0.125947201314176	0.125025213297811	0.124603554361753	0.127338859624917	0.131005266726171	0.0997114969825823	0.0888361853206989	0.112135065316629	0.118005756540789	0.118771903256012	0.127550863043263	0.133871043963857	0.112303627197446	0.111313385484114	0.109315607568383	0.107463641299335
700023693	0.171398089885061	0.136988274168062	0.113075768313892	0.173381548948013	0.151937002285752	0.110584327216328	0.165623051532705	0.0961789370893796	0.166258492861867	0.0888820401895518	0.124670888774161	0.110597298859795	0.0914537877720752	0.133154730733093	0.0971130630666603	0.14956966915251	0	0.137289872189214	0.165010185670707	0.156771351007991	0.147823283435583	0.123662540442475	0.147002926821017	0.174453420083209	0.160052229967606	0.170578618991578	0.151589086191402	0.154356900377323	0.113268591701219	0.118762182227828	0.112195621662111	0.137580349368349	0.114951786649234	0.108980296701389	0.163757114777286	0.126927630972242	0.14611533737765	0.113022522114422	0.176914104081092	0.0955957988834307	0.14338768076665	0.0923477826155812	0.139400323202216	0.14287078000916	0.111327860059524	0.114201970234932	0.129707069886808	0.091406813603075	0.117790921917885	0.104113228876771	0.124200407229603	0.176665006202252	0.172010819248417	0.137238304074357	0.190744575428921	0.0981368999919853	0.130097293302049	0.171791290074684	0.118091157944637	0.156290772453992
700109627	0.162664139011621	0.159548019708171	0.101102324516234	0.184841557677636	0.152905359915385	0.0777900221976291	0.170570217784743	0.145145555919087	0.172137436423764	0.112162607093988	0.116668012934458	0.120685535551842	0.132265403070565	0.116754095066288	0.127898584604256	0.130244666315834	0.137289872189214	0	0.161014849158065	0.164618623873344	0.151872915481999	0.118653549419522	0.150904581468446	0.150177714528173	0.153903001232269	0.174988550215877	0.128594919169427	0.1612095424936	0.147416528836788	0.126753708755371	0.0953541547972135	0.13757815392656	0.127579854549771	0.101466792973264	0.154282430595545	0.141987870014123	0.116927957054113	0.0910718506503645	0.180375599295561	0.143377215133999	0.156112842853524	0.116531255402664	0.123251846989073	0.142028602579296	0.145456433739836	0.14574470633114	0.14627507203555	0.126911296572032	0.0921478148657246	0.118277813577181	0.12021209604881	0.181768043012966	0.178356063269685	0.120785366238753	0.179105649177858	0.132000062911149	0.148847113227964	0.172942203879193	0.125656585878656	0.165089093812358
700095416	0.0902627983931492	0.150873896826644	0.149365462573188	0.140220047266886	0.127471131624086	0.157492566806844	0.107600373957445	0.171927467929531	0.0939634740584912	0.160236315357184	0.123376662666257	0.140233128934028	0.149024990831152	0.148135036975504	0.15806884702458	0.100044043420627	0.165010185670707	0.161014849158065	0	0.118006938936534	0.104955019820501	0.109237942249472	0.127643562334585	0.0974232538223557	0.11808277194716	0.121139057174415	0.152725436168744	0.135372519973626	0.148617606631603	0.153713659667019	0.141170383081554	0.114775451458034	0.101652380925354	0.152415767576628	0.136501776111654	0.123264642916979	0.12688755681861	0.16475986794091	0.0987332234195282	0.178117022566222	0.0978826259429666	0.145184305270597	0.11500834996717	0.113026913535803	0.146892715284159	0.127503353720897	0.117197384225597	0.155026710982777	0.148128302711615	0.133434189918619	0.108789411011453	0.109730056247246	0.121945208877724	0.112708238080921	0.117630275627547	0.151783171301666	0.123741372551188	0.109059050848235	0.132307213767065	0.121277896889856
700110425	0.0966317690627763	0.131550719414903	0.143367808210094	0.0920653075837361	0.116948903372335	0.151099779232259	0.0770832564702142	0.164016117616682	0.117163836417205	0.157141377742401	0.109285742776407	0.131125017774725	0.133962040087548	0.139312124238598	0.132210928655975	0.113926764622616	0.156771351007991	0.164618623873344	0.118006938936534	0	0.0813670686289984	0.104337282617754	0.0965775317408598	0.112533288661656	0.0620809677788844	0.130109295281863	0.163332949703726	0.142020403081699	0.129091142801833	0.128958469549121	0.145439212841025	0.109872784693687	0.105472276500775	0.140281418292088	0.127650284492941	0.0830506845232584	0.152454994957515	0.1564992090956	0.117209236284502	0.16944154572463	0.119612247307771	0.133815143566409	0.135970396055517	0.0927178282942785	0.128031495855309	0.125676656971081	0.126191824169605	0.132567963169517	0.130985638364333	0.119365540514719	0.106537771392786	0.0818501802467112	0.0622176939702455	0.114536207479472	0.121587249135768	0.146190881413402	0.0645657079535969	0.0716579882618717	0.101961794316707	0.0790199144656169
700111580	0.091609385176874	0.136875871180461	0.141026692219977	0.106587491325376	0.124234204935709	0.14597640144494	0.080669948147305	0.160979350477196	0.106786724237767	0.141815840799424	0.103939978904538	0.128054110837006	0.141121048321723	0.137446933597401	0.132911448133557	0.106075230305934	0.147823283435583	0.151872915481999	0.104955019820501	0.0813670686289984	0	0.0902759872481509	0.0983049216818575	0.105812589329499	0.070638808208893	0.12770256498749	0.163168189162996	0.152370522401077	0.121027808745834	0.143119215986609	0.141074009891456	0.099442007147121	0.103652540053977	0.141591706688188	0.136891668154492	0.0892441778576477	0.157238568812131	0.147275763977979	0.12082880708686	0.157151782510291	0.106564784409232	0.124357334571019	0.123650778567224	0.0974668005424605	0.124848149542448	0.118085543637649	0.118207298392498	0.122875992127076	0.128075654804397	0.115246198206728	0.106751364650612	0.0875107724604221	0.096464513376707	0.0943054491446327	0.122286144089835	0.143134539713989	0.0751221480450938	0.0709656335828199	0.0905822735195239	0.0885096930068396
700111302	0.109272745000713	0.127615785082787	0.0955925668018148	0.136842364231933	0.122569147039114	0.112042751699799	0.102091743301857	0.131892605646949	0.108153604387218	0.116105817152387	0.0787568953085609	0.0829652038632193	0.106046342436108	0.134732875177421	0.106236699922247	0.0856292412184312	0.123662540442475	0.118653549419522	0.109237942249472	0.104337282617754	0.0902759872481509	0	0.124882598844031	0.122788988894128	0.0883161124176646	0.139073486258936	0.142620696294578	0.133300757823198	0.124788473033824	0.1252879575586	0.106912210482329	0.0683599224488927	0.0768064231110382	0.102967466599522	0.140301346674039	0.0906111758132135	0.133892568728259	0.122181464253821	0.125442103714348	0.130820184884527	0.120374836737425	0.0933399961244832	0.115751739752238	0.0875706396405328	0.101913795623177	0.116368382419823	0.116943982311294	0.0894109831812658	0.121475578550953	0.0642639590806522	0.0812889623133641	0.123485931489697	0.120110209245837	0.0951084172336369	0.151103154515254	0.105406630672282	0.0999156253028453	0.112490333750725	0.0791627078882863	0.109397255286548
700098605	0.116132999468235	0.120614901301309	0.13027495388476	0.102513485691623	0.120610170737851	0.139772442260646	0.10155617235316	0.166842962781093	0.126449317462975	0.143662899235485	0.11717109206775	0.135766144463863	0.147404859869126	0.109978561175765	0.126853104366832	0.129942701546939	0.147002926821017	0.150904581468446	0.127643562334585	0.0965775317408598	0.0983049216818575	0.124882598844031	0	0.116576046164994	0.115836470741419	0.124691450278036	0.142903662534942	0.140089478753421	0.130042954830285	0.127092828627503	0.139301972921369	0.120444245370275	0.118047239708903	0.133988808204331	0.121316074773402	0.0979737563808933	0.138368087766453	0.129704917032708	0.122606723944082	0.154398470307157	0.120993728664536	0.138110995989442	0.128375434493044	0.110180935418557	0.142633151653246	0.121028111105167	0.119000869997902	0.132944928536314	0.12833202805701	0.128709053264722	0.112721182475066	0.106583249130908	0.10122349618396	0.113855437813318	0.109863478101531	0.155589634287068	0.103008687647789	0.0896571759963991	0.102120700239575	0.0864134534522083
700111991	0.0808362724546906	0.141700333696996	0.159405040556184	0.128704937749295	0.134017398726509	0.16238888188048	0.109371262844881	0.188700447814004	0.106744398045432	0.162547300337267	0.121724626496308	0.165450263833156	0.167573605878394	0.140585931237159	0.166809338541164	0.102496068325455	0.174453420083209	0.150177714528173	0.0974232538223557	0.112533288661656	0.105812589329499	0.122788988894128	0.116576046164994	0	0.106585738911021	0.116457619664707	0.141526817219782	0.136389434980527	0.1528557693138	0.168210132953914	0.152823900632395	0.138746819443854	0.124038716569945	0.159197149770373	0.12812532989449	0.113794789217159	0.132491143480299	0.164871685827439	0.101323574024963	0.190779707823161	0.109431359467521	0.161095793084533	0.134350422169578	0.114230572282513	0.158585729136193	0.131036046695687	0.116049269231232	0.163668817676464	0.143968137222912	0.148866835427535	0.127723940385464	0.112399076061263	0.113149680959393	0.112548568698311	0.0876195638806092	0.172500900779549	0.12741313150045	0.105038387824278	0.134146037916721	0.121078011933125
700108960	0.0948611104372651	0.149579207390232	0.13541811388065	0.102980457128679	0.133824155320887	0.141077311219503	0.0694567805296118	0.169431054753754	0.115107095715437	0.15592159275178	0.104952009286219	0.122055422649141	0.139504434106188	0.1496474683095	0.134301743138097	0.100463976695512	0.160052229967606	0.153903001232269	0.11808277194716	0.0620809677788844	0.070638808208893	0.0883161124176646	0.115836470741419	0.106585738911021	0	0.13760074056738	0.178505883940032	0.15790072345214	0.132053442356474	0.144328385470741	0.142732780193333	0.087877357126226	0.114279217417045	0.142458287197447	0.141061869838088	0.0877449341364751	0.155819070604733	0.14865174581989	0.124500961930487	0.171998979462083	0.124552604038762	0.128718783669364	0.131738600233443	0.0985072459900222	0.129934522419977	0.142132409369524	0.136669912300936	0.13138901883364	0.134040513314962	0.105811082127933	0.101934619151889	0.089016243919606	0.0749034951958093	0.105479600288501	0.118778396390022	0.145028585985424	0.0797679219964004	0.0761863838748135	0.0967974233116125	0.083152013565991
700024452	0.110465009273723	0.144156109027622	0.154636967119697	0.117370473743563	0.109629571928738	0.166527682731623	0.122613855016132	0.186258973263213	0.107665752406181	0.16408355399856	0.13799326482335	0.157596073551059	0.165834776143865	0.135535457264489	0.162357769168723	0.135632538489325	0.170578618991578	0.174988550215877	0.121139057174415	0.130109295281863	0.12770256498749	0.139073486258936	0.124691450278036	0.116457619664707	0.13760074056738	0	0.158113048790111	0.131985997266216	0.118549054224452	0.150230878555847	0.169260433786964	0.149528149773446	0.139369469798715	0.15792403453402	0.0775709523097379	0.125449704552156	0.150855382455933	0.162575815217751	0.0990254240626975	0.178188866527253	0.117282501349698	0.153191978838688	0.145652819618891	0.134996762900664	0.148027297688577	0.12545111185222	0.106407043059568	0.156653344317857	0.154657357958857	0.150904764230634	0.129554792066691	0.0999372632197151	0.114544056584895	0.13700266771642	0.11247466057383	0.176563805340032	0.131537921426041	0.118771204788408	0.131920408127078	0.135282534306615
700032931	0.152578347439987	0.118757253750561	0.149374493947835	0.182751290231625	0.143287534547971	0.14775342922185	0.177797480383905	0.159554973607329	0.15427549308386	0.138393487009787	0.130060713807396	0.152843900931197	0.149121799449506	0.125091700205625	0.150144167155683	0.140779696324899	0.151589086191402	0.128594919169427	0.152725436168744	0.163332949703726	0.163168189162996	0.142620696294578	0.142903662534942	0.141526817219782	0.178505883940032	0.158113048790111	0	0.135495727903409	0.145307152697234	0.14849228076314	0.142739147830079	0.163512140363037	0.136266263380034	0.132791856697881	0.152239506549752	0.14769846516841	0.144493640421696	0.146147138052296	0.146050810467038	0.149517803821688	0.146693719977142	0.13623986534036	0.14790702877097	0.14793679094333	0.142881004459618	0.146348615022271	0.119599771006567	0.143823015765067	0.141249400504775	0.143248945785991	0.133711684164021	0.174792414218814	0.169990388680255	0.129666434354811	0.155935225117271	0.143257174805214	0.162811841623172	0.170614504758723	0.142786685393309	0.170768652259353
700095837	0.142585912451697	0.140300912027495	0.145244462400027	0.154307842151987	0.133546873703561	0.163861135118167	0.157820340661256	0.144914151397331	0.138460964485326	0.131992859961952	0.126855909058242	0.143532782792939	0.125644864208767	0.149267161666018	0.145275384670832	0.121920053190251	0.154356900377323	0.1612095424936	0.135372519973626	0.142020403081699	0.152370522401077	0.133300757823198	0.140089478753421	0.136389434980527	0.15790072345214	0.131985997266216	0.135495727903409	0	0.110079971759631	0.125314012057005	0.154884121517937	0.15317570787332	0.121167087436965	0.136168141460671	0.132214087124482	0.143830393555641	0.143915874528361	0.161385693574117	0.130146923420269	0.146141028604732	0.114077721021876	0.127025043725007	0.153241685744707	0.126018870480491	0.124038400002952	0.114996592183294	0.128092649249512	0.139574479917355	0.153313062378205	0.136829093291782	0.119636514376414	0.152111671895917	0.139048023844592	0.156807992792627	0.153758415726133	0.144819073011617	0.14284401582255	0.15211013240271	0.139108258910151	0.152243270861898
700024548	0.144487176318478	0.117795233112997	0.120117407746588	0.133450927393967	0.127094226428448	0.121113049371123	0.141728415191633	0.118197050118151	0.163315251992674	0.106317747364082	0.123148927287118	0.117005300999907	0.1044239991431	0.118489664377479	0.102126283001794	0.139874423408535	0.113268591701219	0.147416528836788	0.148617606631603	0.129091142801833	0.121027808745834	0.124788473033824	0.130042954830285	0.1528557693138	0.132053442356474	0.118549054224452	0.145307152697234	0.110079971759631	0	0.10939922520011	0.136490827480167	0.139566919154774	0.115830191435943	0.11694685661865	0.122423110275371	0.108567714479163	0.151172264292484	0.121587872698414	0.151275710595107	0.10756383921721	0.113689485728297	0.0982928531425965	0.142623653257464	0.144003807610901	0.0852165819070108	0.0898076909621462	0.118585979839912	0.106136545670136	0.121608969552917	0.110694247751322	0.107025079899083	0.145227546561189	0.130124786456817	0.134469237462496	0.154940345423699	0.123313496528179	0.103318127158737	0.138757813685552	0.10533345069327	0.147628821261888
700110161	0.158072784630539	0.144480310326031	0.111133217129287	0.16053360911757	0.125439396065456	0.106203617142134	0.155932097580319	0.11824593667385	0.156022810937648	0.10157254319497	0.1216777240778	0.122396823761531	0.0987995471529435	0.104366678573228	0.0965562397084517	0.145125454275072	0.118762182227828	0.126753708755371	0.153713659667019	0.128958469549121	0.143119215986609	0.1252879575586	0.127092828627503	0.168210132953914	0.144328385470741	0.150230878555847	0.14849228076314	0.125314012057005	0.10939922520011	0	0.102479562366296	0.134545240332985	0.12129541971898	0.094589355727188	0.153245246944174	0.124674413500891	0.131645926740783	0.101440435354494	0.159652833446341	0.128941035165015	0.147814363950327	0.0928686014579014	0.129143835857087	0.135357637520736	0.119709966728045	0.119358924349598	0.139353768021304	0.108805686800972	0.104334787193758	0.112802839311582	0.125331392330697	0.148051454956588	0.15016948635139	0.127559907471611	0.17033786473692	0.118866475602753	0.110970779041641	0.151689574002999	0.108163805463348	0.144349187823506
700023496	0.155492277820204	0.142043067561708	0.0943846444044496	0.175262923517596	0.139133526487547	0.0730256409004481	0.152138674624453	0.117184776724716	0.155136467248553	0.0939732815223335	0.104872404756835	0.104405010709409	0.108139910330976	0.113652110280867	0.110327161352531	0.11909522875967	0.112195621662111	0.0953541547972135	0.141170383081554	0.145439212841025	0.141074009891456	0.106912210482329	0.139301972921369	0.152823900632395	0.142732780193333	0.169260433786964	0.142739147830079	0.154884121517937	0.136490827480167	0.102479562366296	0	0.129053195186132	0.109430075640412	0.0846819302979642	0.160941433881912	0.122619131502342	0.113075920717332	0.0912546212395591	0.160493015238896	0.120331128886271	0.133836332021822	0.0947014804368775	0.10434678453837	0.13817961299171	0.111831800096407	0.115943635201278	0.133941126320125	0.101111881307172	0.0859859497933914	0.103443821570832	0.114372823885189	0.168487589837695	0.169416279321874	0.10669121343397	0.182373135678482	0.101868315445896	0.128800653580058	0.160979247541185	0.125061571703795	0.153142739245455
700034628	0.122761465299232	0.146061929519905	0.107219996263054	0.138172043446261	0.136933923525417	0.125315248075291	0.0776109885930507	0.143787005758591	0.103105644101	0.131612864278198	0.109711727257869	0.0922387367564113	0.118329619806013	0.149165300326062	0.112998532612511	0.10664790071141	0.137580349368349	0.13757815392656	0.114775451458034	0.109872784693687	0.099442007147121	0.0683599224488927	0.120444245370275	0.138746819443854	0.087877357126226	0.149528149773446	0.163512140363037	0.15317570787332	0.139566919154774	0.134545240332985	0.129053195186132	0	0.102430379910843	0.119769635259101	0.153219948562224	0.0834989809769199	0.147851222267327	0.124055911788289	0.133708251947668	0.144102792423836	0.142411899588862	0.10194833337756	0.126611436794395	0.0834566327994768	0.123245474774988	0.139144034048844	0.138643668546092	0.103382962731323	0.134564299121929	0.0804588566383568	0.0947310089881775	0.122080547166586	0.118150444057835	0.113360521099746	0.157936851585297	0.122422954902612	0.111285869410943	0.107989352811411	0.0906796184377733	0.0777714142539192
700023645	0.112859430538089	0.117934523316032	0.106549568850737	0.138050878547854	0.118830282224553	0.116022969183912	0.110568250577459	0.120352210123774	0.113685224497896	0.103243126971361	0.0788604601522067	0.0993200139421908	0.106783901707927	0.127410798909178	0.121287925963596	0.100706916196697	0.114951786649234	0.127579854549771	0.101652380925354	0.105472276500775	0.103652540053977	0.0768064231110382	0.118047239708903	0.124038716569945	0.114279217417045	0.139369469798715	0.136266263380034	0.121167087436965	0.115830191435943	0.12129541971898	0.109430075640412	0.102430379910843	0	0.105515552790533	0.128440050229487	0.0922120934586052	0.122197965576302	0.125972367044303	0.131495617048424	0.12046975093145	0.10967257656205	0.0886183666344864	0.109323352660208	0.0951496171302333	0.101339866199307	0.099715831151442	0.105083715490044	0.0908416486924072	0.119253772961387	0.0934603576544413	0.080025381519285	0.125392206459302	0.131589347256451	0.108327450005924	0.145786515768024	0.110451053242727	0.101977854772865	0.112769291111094	0.0915176124527777	0.122630739351709
700038744	0.159445863140491	0.130824059227619	0.0826632914545116	0.162993947154477	0.131773135532086	0.0762306692234875	0.148570360987637	0.120641830386428	0.15997038912483	0.0929595528786382	0.105433283777697	0.10157290743891	0.0952705844325033	0.103702887067298	0.110096467176788	0.128135988865184	0.108980296701389	0.101466792973264	0.152415767576628	0.140281418292088	0.141591706688188	0.102967466599522	0.133988808204331	0.159197149770373	0.142458287197447	0.15792403453402	0.132791856697881	0.136168141460671	0.11694685661865	0.094589355727188	0.0846819302979642	0.119769635259101	0.105515552790533	0	0.150819308631988	0.110577408134017	0.121440695929368	0.0948240121966666	0.158734904000567	0.116228980312766	0.139671951221892	0.081423255475259	0.111049408690684	0.134834427499825	0.0982270442119904	0.117704093147486	0.137303699275617	0.0876423009340131	0.0878340317693554	0.0951454277988536	0.106751883389702	0.164731962575139	0.161185956278893	0.114937337329048	0.180522518232364	0.0978099368287326	0.125111625743149	0.15689150761638	0.112021148651503	0.148753680386163
700038485	0.127025938947974	0.128103647690901	0.154531426446776	0.122766137294506	0.11009442526059	0.156431967577424	0.13075625578032	0.180603583515629	0.126882110758302	0.155241924110702	0.136530018686034	0.155815855068069	0.162630939784882	0.135285612658686	0.160266728999123	0.134748797515384	0.163757114777286	0.154282430595545	0.136501776111654	0.127650284492941	0.136891668154492	0.140301346674039	0.121316074773402	0.12812532989449	0.141061869838088	0.0775709523097379	0.152239506549752	0.132214087124482	0.122423110275371	0.153245246944174	0.160941433881912	0.153219948562224	0.128440050229487	0.150819308631988	0	0.127777509483013	0.144064561210582	0.162419472201754	0.121674324232372	0.170304395137596	0.12230260873248	0.156865897406283	0.150857812345765	0.137950033431575	0.147128630665034	0.116231682499561	0.114621577367863	0.161902349589432	0.150388714907566	0.152680125820964	0.12666597820887	0.112225230970236	0.11844459727344	0.14019742249906	0.116611478165947	0.165794528392204	0.13299410002133	0.120738260771868	0.133338252239179	0.135200742053357
700024743	0.114709612640441	0.118403520121397	0.109367669986817	0.111929732663486	0.126601478708822	0.116857094515842	0.0832072942707101	0.139292434086705	0.12005891106141	0.120571138633452	0.095990539413336	0.108475101339077	0.125306614458289	0.12438281635084	0.115705358657571	0.118942107345466	0.126927630972242	0.141987870014123	0.123264642916979	0.0830506845232584	0.0892441778576477	0.0906111758132135	0.0979737563808933	0.113794789217159	0.0877449341364751	0.125449704552156	0.14769846516841	0.143830393555641	0.108567714479163	0.124674413500891	0.122619131502342	0.0834989809769199	0.0922120934586052	0.110577408134017	0.127777509483013	0	0.144259891710211	0.123439031751246	0.126019825948112	0.142826932172817	0.11918535486655	0.102771220312873	0.124420446794713	0.0948802320131315	0.110206191717367	0.105414205749748	0.121048951399186	0.106438461213047	0.117299236113153	0.0990847245343581	0.0934563584292242	0.111140643953553	0.101559056535839	0.0983063452153368	0.125616744291695	0.13509662277791	0.0879430880659366	0.0857530990216482	0.0833870544044425	0.0932109656871782
