700108602	700014971	700033565	700109389	700023058	700023927	700106341	700114221	700023543	700023439	700016978	700024192	700113058	700099448	700109870	700033928	700023693	700109627	700095416	700110425	700111580	700111302	700098605	700111991	700108960	700024452	700032931	700095837	700024548	700110161	700023496	700034628	700023645	700038744	700038485	700024743	700099596	700110760	700101587	700106399	700032322	700095653	700021312	700101230	700023590	700038905	700033136	700023382	700096424	700105469	700016908	700096053	700108479	700109569	700033814	700016125	700109756	700102665	700101777	700109455
700108602	0	-0.157736660882932	-0.212990475711738	-0.111070446262253	-0.138277444757415	-0.214656981611257	-0.0846720571403491	-0.233802636439917	-0.0978187851499913	-0.220108248914795	-0.149659397830827	-0.217247666136791	-0.222420761795594	-0.175394847165694	-0.223583737564042	-0.138259002628246	-0.218875038579265	-0.198026123869909	-0.094606134861144	-0.109296259578042	-0.126240042046715	-0.164588377548959	-0.0993728323126288	-0.0705907884224666	-0.115177647020252	-0.108051852424358	-0.168922692136211	-0.175238550062885	-0.181125024713246	-0.213670901365279	-0.208259812072804	-0.163238473316911	-0.156142321259603	-0.208620092867724	-0.112034259247656	-0.123582721182658	-0.172814050276465	-0.218680529066801	-0.095482901757175	-0.247770510580859	-0.122536742103299	-0.215801616394108	-0.159881117602869	-0.140086770829728	-0.187655641913325	-0.155619782537901	-0.142789511044565	-0.217100695852139	-0.183853530855667	-0.198872974453389	-0.156297140044498	-0.10171018998016	-0.0823571767866295	-0.130731615001624	-0.0803535620351913	-0.213455123553043	-0.142317725967303	-0.0891237024658568	-0.188542918640392	-0.116712703871619
700014971	-0.157736660882932	0	-0.172697601177317	-0.212099512686717	-0.131105527996807	-0.160054021266186	-0.178747649462569	-0.13759319022288	-0.13991922147951	-0.114527435267917	-0.114494212302344	-0.177115688913913	-0.137053507087952	-0.106322597106978	-0.148924073609195	-0.152478523265936	-0.121237017296179	-0.16406963179031	-0.152268691256338	-0.15878368729138	-0.151368206244362	-0.145890036537361	-0.133502314374001	-0.160521820148377	-0.192413410223248	-0.147673143087467	-0.114344611461974	-0.130672162900577	-0.111337634604987	-0.13169939644363	-0.127771054911856	-0.156231053380126	-0.122221359804335	-0.117910286647883	-0.15122781300464	-0.121276142242238	-0.17769746679301	-0.167625643923677	-0.128026654645655	-0.147446071578538	-0.121606649736837	-0.13069092396052	-0.131930684156945	-0.158936582838433	-0.111495534487452	-0.103207099793502	-0.10132523013464	-0.125820200382055	-0.123079972496382	-0.155160407737517	-0.163981591860164	-0.16812172700226	-0.163519249519858	-0.122384447447057	-0.19007841585552	-0.123920718006319	-0.152123275625215	-0.173250442550996	-0.146531328752907	-0.167826119904486
700033565	-0.212990475711738	-0.172697601177317	0	-0.232422761957936	-0.197130262730998	-0.0795674557797034	-0.205178851809873	-0.11376529428549	-0.186077087485966	-0.104673931118318	-0.117158307730297	-0.0677383768881671	-0.102113326146559	-0.150913926175337	-0.105526473837694	-0.131709260031089	-0.11000543131587	-0.113940578989424	-0.178593672186307	-0.178381337106879	-0.173705526230474	-0.0951643907808364	-0.187120368256149	-0.183964232909315	-0.185557991999132	-0.208949133145124	-0.153196429003546	-0.183066509519317	-0.162427040691183	-0.120439945943139	-0.111067581274285	-0.128692069718886	-0.110333461908074	-0.096669580931387	-0.211920441437304	-0.138327598829901	-0.160447425744954	-0.0884305422141617	-0.187362003108864	-0.153510807615274	-0.156090375146092	-0.0848559156745456	-0.147533891493194	-0.159474736454523	-0.132003100131345	-0.147289970781019	-0.169318191652621	-0.103982461033476	-0.124569347106717	-0.0737817672186945	-0.0871970546197881	-0.218366538944726	-0.205808217232886	-0.146933543949929	-0.244663795460715	-0.110419765798448	-0.149076729370605	-0.208087924602463	-0.0831701593513359	-0.186422679929609
700109389	-0.111070446262253	-0.212099512686717	-0.232422761957936	0	-0.184167049595404	-0.250987909221656	-0.100714862338137	-0.244815326368297	-0.168755912699037	-0.246779576249199	-0.191501416849937	-0.227199825786263	-0.241583674041996	-0.21553732163975	-0.22395556404163	-0.173867361695563	-0.239819136553477	-0.237300813450555	-0.167636118816789	-0.111450076143125	-0.146030578114536	-0.197606624953848	-0.145402339471086	-0.142595852537178	-0.134372497030955	-0.147189059040153	-0.227887081886765	-0.206610148863378	-0.194990095097928	-0.231269829836107	-0.24036486747739	-0.208055014666764	-0.182364849342067	-0.230793726110729	-0.144828563607053	-0.16307737498849	-0.236271961667829	-0.25223811838317	-0.159510511732555	-0.241659229182261	-0.160716857607045	-0.224540174214963	-0.209951283476103	-0.179181039737654	-0.192359767581612	-0.184490971361649	-0.202504329383754	-0.226673268003548	-0.219151126693049	-0.218135445013726	-0.176122673198175	-0.108145240778057	-0.0787534189311258	-0.186649146736916	-0.126084762445109	-0.231827949962037	-0.129473345302931	-0.10511548105234	-0.194332440858967	-0.156205887841267
700023058	-0.138277444757415	-0.131105527996807	-0.197130262730998	-0.184167049595404	0	-0.160581905391721	-0.146546997588077	-0.190443482782443	-0.111981175285069	-0.16551281137074	-0.130592482632721	-0.192422317797227	-0.187744162099235	-0.137634852731076	-0.183705214329592	-0.143707273133735	-0.168353115352724	-0.155046304341415	-0.121338298049085	-0.158072778432655	-0.162092656289893	-0.171904074398359	-0.140544375329155	-0.139605593601257	-0.187923965345595	-0.116274565105987	-0.132551024452603	-0.160204117377859	-0.150154310211378	-0.159260783458949	-0.157404815314321	-0.175569387832333	-0.142789106610209	-0.168757222126222	-0.119024983945776	-0.149555176542989	-0.149196810439869	-0.15675000048813	-0.105884185969632	-0.20349799638764	-0.133953986882563	-0.175404396234281	-0.126850149294799	-0.157991924542169	-0.159549901777118	-0.138925743518374	-0.107484599540793	-0.174004441363822	-0.140371274793186	-0.18588882603515	-0.176346429192474	-0.141426148681887	-0.133801879155972	-0.117110738413095	-0.164774372783728	-0.179037300724767	-0.164375895680304	-0.159770762476645	-0.174273086043772	-0.149713555855929
700023927	-0.214656981611257	-0.160054021266186	-0.0795674557797034	-0.250987909221656	-0.160581905391721	0	-0.220968671069054	-0.121761871593148	-0.183241225487115	-0.0929516362717693	-0.120221081117661	-0.102004709689421	-0.113947099964931	-0.110957105605697	-0.114002812814949	-0.149200640050158	-0.111897006045208	-0.082583279635764	-0.175957515840439	-0.188798489944641	-0.181413107737835	-0.125998341037595	-0.179617640257682	-0.183426381730832	-0.2063502700929	-0.203902436283669	-0.130967353293164	-0.191344307409491	-0.159996277774622	-0.110436487833615	-0.0765254773020956	-0.157304582282619	-0.127708931830032	-0.0939299032631212	-0.205055367979439	-0.155356230606003	-0.135014495969991	-0.0549133823960202	-0.182040631660132	-0.160376963935175	-0.156950289744957	-0.100913171243074	-0.114374546158817	-0.180550548406371	-0.130777037805755	-0.139758355529798	-0.147560389859276	-0.117011469894589	-0.0732493955733892	-0.100677014343338	-0.121704849064455	-0.226308006001495	-0.221948261909057	-0.122245888365353	-0.242681530068749	-0.114849269733937	-0.151270579804139	-0.2197240514399	-0.103739297741884	-0.192245247206106
700106341	-0.0846720571403491	-0.178747649462569	-0.205178851809873	-0.100714862338137	-0.146546997588077	-0.220968671069054	0	-0.223192064641919	-0.096707842627905	-0.223970351897062	-0.148648793688749	-0.194232953975996	-0.213927658933454	-0.192432814362869	-0.207631480948442	-0.126165680393119	-0.213711197766915	-0.218853748526351	-0.114752468757957	-0.0835899974023345	-0.0965682771701846	-0.150933047754794	-0.120036412193664	-0.109444833872576	-0.0793504090262376	-0.144930568709423	-0.201615690508784	-0.195356826401241	-0.193023116991376	-0.210563421063769	-0.205509893811994	-0.130279842753818	-0.152934785876471	-0.205627688119735	-0.141454053614764	-0.109816529101698	-0.204229712427407	-0.226850041298051	-0.103239489969507	-0.24953365757395	-0.12981911783198	-0.199126748083031	-0.151808834391193	-0.113899782761141	-0.167729113516989	-0.167797651540253	-0.164347865092078	-0.198331321291613	-0.192151664858706	-0.178570858626321	-0.154307251823247	-0.0665358839739097	-0.075784730348848	-0.143976993615632	-0.125893197840445	-0.200102143232427	-0.116918663948323	-0.0761593080441539	-0.17096315500641	-0.0815351483996841
700114221	-0.233802636439917	-0.13759319022288	-0.11376529428549	-0.244815326368297	-0.190443482782443	-0.121761871593148	-0.223192064641919	0	-0.207667711436743	-0.0694744521798138	-0.146937246520348	-0.11998362807226	-0.0699866203107247	-0.13769122032812	-0.0857211613395217	-0.174739972911713	-0.0783492821684001	-0.141443577428476	-0.209896130677068	-0.195819877690226	-0.20212544099757	-0.155864994605597	-0.210341312592098	-0.209851626448958	-0.234757130978397	-0.220532433408501	-0.138093819777854	-0.15781142468488	-0.13326777243244	-0.107881161946747	-0.123708253842773	-0.16876891951761	-0.126079519519038	-0.098014505107027	-0.227835471262985	-0.152352001537124	-0.195012478458279	-0.107115719608105	-0.20109266436939	-0.0963211273373489	-0.159657373804225	-0.0740259326482835	-0.178232409802758	-0.179771655456376	-0.0978508649898323	-0.137082795492161	-0.156254522061695	-0.0691078149363364	-0.143965381548677	-0.115543606572571	-0.152974099781716	-0.223256793006615	-0.215106176760708	-0.170299722257708	-0.273079179235386	-0.094398068555296	-0.16656397938262	-0.233738307261525	-0.118942800632558	-0.202272916184419
700023543	-0.0978187851499913	-0.13991922147951	-0.186077087485966	-0.168755912699037	-0.111981175285069	-0.183241225487115	-0.096707842627905	-0.207667711436743	0	-0.187165319702636	-0.123199781055136	-0.193369808040649	-0.195700236399587	-0.145726951740817	-0.199272955433644	-0.103052287461239	-0.187545107757792	-0.181580578412195	-0.0812039506789116	-0.131698999914237	-0.127146859248148	-0.141785683445074	-0.104221027099002	-0.0976763238454931	-0.129644293026939	-0.114766419684861	-0.14942557556448	-0.166301605403905	-0.190703976986309	-0.178727903906641	-0.168764578619926	-0.121181199369544	-0.132966488062046	-0.176738918186114	-0.113278356349128	-0.12858209288725	-0.153750233252622	-0.191969447884445	-0.0669409692507972	-0.239229423970311	-0.11584061612502	-0.186789030107378	-0.135893542466616	-0.109182235904715	-0.174754455151168	-0.150341181190311	-0.116919335023086	-0.19145562014649	-0.16233015366853	-0.163852781383737	-0.144336802796691	-0.0957595036126881	-0.116142832910436	-0.116697072173034	-0.127519339963979	-0.183114375680461	-0.151542272540475	-0.109046843176419	-0.163376565449797	-0.0948424119365365
700023439	-0.220108248914795	-0.114527435267917	-0.104673931118318	-0.246779576249199	-0.16551281137074	-0.0929516362717693	-0.223970351897062	-0.0694744521798138	-0.187165319702636	0	-0.121425564968395	-0.120079851809048	-0.0765179718285808	-0.108981742451223	-0.0905637009666409	-0.163397546175219	-0.0645411572465285	-0.11080235797598	-0.188118680798497	-0.197218700394047	-0.186139572954022	-0.151895952504556	-0.191058212285579	-0.191423771342157	-0.230785152204666	-0.204068619698735	-0.126106701838917	-0.158067664607033	-0.122563609847304	-0.0847616858210331	-0.0919152381122291	-0.168438202574536	-0.11823118695441	-0.0719333881616345	-0.20315934141632	-0.149710647949599	-0.1613753631814	-0.0852243086698611	-0.182670833015939	-0.103334669966955	-0.146165250538842	-0.0768899658458485	-0.148608579192552	-0.183130566154255	-0.0976718636846535	-0.115602326359189	-0.129496732988454	-0.0755277471984956	-0.105021918040539	-0.122528576857798	-0.145509264081429	-0.222427165817605	-0.214914574410086	-0.136692795448187	-0.252451558127476	-0.0890038748156354	-0.156767400081697	-0.223091700853774	-0.118204231904229	-0.200150535160776
700016978	-0.149659397830827	-0.114494212302344	-0.117158307730297	-0.191501416849937	-0.130592482632721	-0.120221081117661	-0.148648793688749	-0.146937246520348	-0.123199781055136	-0.121425564968395	0	-0.119323762178522	-0.123639075635465	-0.11371554395591	-0.14641387116829	-0.102463299505208	-0.129466122265221	-0.106694992273922	-0.131215004228691	-0.119627230539611	-0.134186355225451	-0.0799271628149317	-0.141141029226747	-0.1328429492814	-0.13720401416458	-0.158676342557849	-0.119363703242927	-0.127028602278601	-0.145489361264174	-0.118103202799836	-0.100966022523872	-0.104767363578457	-0.0736446690900813	-0.0893652154767519	-0.150283044818703	-0.0924944555795129	-0.138677064115333	-0.129401088557033	-0.12360519241341	-0.17802801404898	-0.0996463920178854	-0.105837973900598	-0.103798935337091	-0.106341084549126	-0.114710696501789	-0.12055641977505	-0.123334296637475	-0.123267519024143	-0.103030456139517	-0.114477644003794	-0.10076070461178	-0.157602394128778	-0.14537707658853	-0.0993959053110006	-0.180075537923658	-0.124787091232961	-0.129920389521271	-0.144463670731859	-0.113409494693825	-0.138814489232511
700024192	-0.217247666136791	-0.177115688913913	-0.0677383768881671	-0.227199825786263	-0.192422317797227	-0.102004709689421	-0.194232953975996	-0.11998362807226	-0.193369808040649	-0.120079851809048	-0.119323762178522	0	-0.101627617316147	-0.166581117450634	-0.100714737609306	-0.133901896345001	-0.123446971206374	-0.128136530699148	-0.178174278715761	-0.168416985529565	-0.16324106372359	-0.101623456872324	-0.196723136695959	-0.195266526929242	-0.183063530924467	-0.22273277492465	-0.179774271680903	-0.180523829215153	-0.164347839559224	-0.147654850663157	-0.112346889149263	-0.116071108543577	-0.101920520449381	-0.107774755559422	-0.225823659997817	-0.130247088285537	-0.177821410559277	-0.108343885382947	-0.196664135323068	-0.147519576346734	-0.150773176085046	-0.0776589899491961	-0.147762995912189	-0.146605723354557	-0.11480877442571	-0.14487745151168	-0.168565656565003	-0.0951284754155073	-0.135053531316	-0.0764337005829409	-0.0933639016215697	-0.213570737222697	-0.205823913474321	-0.145266196884758	-0.258594864469965	-0.105627624115264	-0.12956606873098	-0.210243300219033	-0.0931505681557404	-0.178417544496867
700113058	-0.222420761795594	-0.137053507087952	-0.102113326146559	-0.241583674041996	-0.187744162099235	-0.113947099964931	-0.213927658933454	-0.0699866203107247	-0.195700236399587	-0.0765179718285808	-0.123639075635465	-0.101627617316147	0	-0.132106449797755	-0.0793746673439668	-0.15746787785422	-0.0933198295279994	-0.134125933436472	-0.196757636334665	-0.185563098958016	-0.188427201404608	-0.134354868712353	-0.200460266985519	-0.194724004689107	-0.223402379540353	-0.21737693572655	-0.141131320097854	-0.156004421244326	-0.14153021191364	-0.109720684486639	-0.108801095665816	-0.154519122332771	-0.111764292609296	-0.0864789251989643	-0.223198962578684	-0.144264217332407	-0.17785798046475	-0.105230177596443	-0.190804429508946	-0.117819555874205	-0.143347239557222	-0.0691739447661245	-0.170768864007315	-0.170875984761025	-0.106035964199018	-0.129599679643242	-0.162806019468762	-0.0837515161841003	-0.124958189485548	-0.105841920232419	-0.135339432875524	-0.214539165404212	-0.211539958179411	-0.160807932215997	-0.262652829759645	-0.072911332713391	-0.154537707461113	-0.223422469014081	-0.108159340192074	-0.188945150812434
700099448	-0.175394847165694	-0.106322597106978	-0.150913926175337	-0.21553732163975	-0.137634852731076	-0.110957105605697	-0.192432814362869	-0.13769122032812	-0.145726951740817	-0.108981742451223	-0.11371554395591	-0.166581117450634	-0.132106449797755	0	-0.139792989252161	-0.151165955750026	-0.118579277125584	-0.114520646705705	-0.145896633531348	-0.163954676120785	-0.166643835909306	-0.146606368692071	-0.14818703502113	-0.145989418745115	-0.202212786474356	-0.143979166902976	-0.0895248802920202	-0.147422383938681	-0.123535405465391	-0.0994172399916605	-0.111331573875115	-0.172376239703862	-0.118275687747658	-0.103211961624639	-0.153827203397481	-0.139650151003332	-0.135451089031985	-0.116168966033613	-0.138062408832591	-0.1689241684728	-0.131651633212412	-0.121952612133617	-0.111143551347235	-0.174571228775112	-0.111927397853014	-0.116312273367675	-0.0958476262385979	-0.127717169175223	-0.076828868409636	-0.14642593334914	-0.144717373300597	-0.182857551013022	-0.184290349141108	-0.111623923393434	-0.191494524978701	-0.137304199630199	-0.141904028386876	-0.184702128633815	-0.125723430814811	-0.179492093561027
700109870	-0.223583737564042	-0.148924073609195	-0.105526473837694	-0.22395556404163	-0.183705214329592	-0.114002812814949	-0.207631480948442	-0.0857211613395217	-0.199272955433644	-0.0905637009666409	-0.14641387116829	-0.100714737609306	-0.0793746673439668	-0.139792989252161	0	-0.171711118515826	-0.0909275824059484	-0.151130319470396	-0.202529035463481	-0.177539350261969	-0.178730925564107	-0.150197383998247	-0.191807608853058	-0.210024497103002	-0.217948684684859	-0.215001000796262	-0.153215792275546	-0.170186900936155	-0.130143681968002	-0.105244160502605	-0.135134762699575	-0.165045630340402	-0.136407372595241	-0.117716988087454	-0.223179613558731	-0.153383855307326	-0.197401428227013	-0.0885443188842162	-0.196484566487631	-0.102002143462398	-0.167234418819788	-0.06955206047972	-0.182989135708189	-0.169488359107049	-0.10333843807899	-0.121105964265349	-0.161385513698567	-0.0766627415043014	-0.141797913174124	-0.110933896738318	-0.140257911489515	-0.213575838970074	-0.203673874992198	-0.166919746787792	-0.257282660923437	-0.0973913692109823	-0.142311297275514	-0.226435302675077	-0.107812101735144	-0.192112237969634
700033928	-0.138259002628246	-0.152478523265936	-0.131709260031089	-0.173867361695563	-0.143707273133735	-0.149200640050158	-0.126165680393119	-0.174739972911713	-0.103052287461239	-0.163397546175219	-0.102463299505208	-0.133901896345001	-0.15746787785422	-0.151165955750026	-0.171711118515826	0	-0.163319700948124	-0.145142728916811	-0.0978510966114692	-0.127362016442866	-0.108499597289529	-0.0897875113653267	-0.124271928296967	-0.0957527010901407	-0.128407224555781	-0.153478707910514	-0.154946248506857	-0.15015551925079	-0.174651029426359	-0.161564717019622	-0.134256323847168	-0.103703712531991	-0.0775786357347968	-0.142528873793758	-0.155367264123256	-0.128960564507397	-0.144628907775079	-0.164755841008332	-0.112495059991562	-0.214041624234318	-0.0903114400676758	-0.136481320283438	-0.119754958426372	-0.124982288038867	-0.141495347587933	-0.140073773449044	-0.126587202668906	-0.160158366739432	-0.13889272524095	-0.111548689163504	-0.0936424276077716	-0.129910526352399	-0.131572115007322	-0.111470393727567	-0.171495041804854	-0.141432372273486	-0.125867268523295	-0.119826753635439	-0.117170693185597	-0.106814830996555
700023693	-0.218875038579265	-0.121237017296179	-0.11000543131587	-0.239819136553477	-0.168353115352724	-0.111897006045208	-0.213711197766915	-0.0783492821684001	-0.187545107757792	-0.0645411572465285	-0.129466122265221	-0.123446971206374	-0.0933198295279994	-0.118579277125584	-0.0909275824059484	-0.163319700948124	0	-0.126644969498148	-0.189807449941914	-0.186658387146136	-0.176879868739024	-0.147133204542013	-0.18629382660854	-0.195071561051471	-0.226843783179983	-0.205693298628943	-0.133156510460609	-0.162726373067532	-0.121654893432514	-0.108076950072581	-0.106844879202717	-0.165393511972294	-0.117643775820573	-0.10163962187394	-0.208373879407733	-0.145049782078403	-0.166386380095034	-0.108040617431832	-0.181505336243717	-0.0939256860491004	-0.152751672529378	-0.0894529060285384	-0.157977142040785	-0.178620794972609	-0.0959143676339504	-0.0995218325364051	-0.130207452918478	-0.0775620467596218	-0.116615283143272	-0.121629583449216	-0.142340626947517	-0.219807301503296	-0.206332176576109	-0.147936400388117	-0.251800583624055	-0.0899684526689195	-0.151471222572968	-0.226382156181167	-0.119199507056182	-0.194031477264584
700109627	-0.198026123869909	-0.16406963179031	-0.113940578989424	-0.237300813450555	-0.155046304341415	-0.082583279635764	-0.218853748526351	-0.141443577428476	-0.181580578412195	-0.11080235797598	-0.106694992273922	-0.128136530699148	-0.134125933436472	-0.114520646705705	-0.151130319470396	-0.145142728916811	-0.126644969498148	0	-0.175969696654615	-0.186851523993479	-0.200187798779079	-0.132230543709113	-0.192167673051562	-0.163735006768465	-0.206626562579119	-0.203273872328685	-0.130456293938985	-0.177035151881637	-0.174832035889712	-0.120960699378293	-0.0862259950481488	-0.169264255467742	-0.119485054508977	-0.102626963264895	-0.195629182372588	-0.161619563620404	-0.119327685410297	-0.0960960849998769	-0.184817059300045	-0.184386786042053	-0.150008370924694	-0.119384636755681	-0.118652147840395	-0.172600043176312	-0.151425757503049	-0.154421937016535	-0.14224731162839	-0.142850573789519	-0.095349080218302	-0.137554934853198	-0.120638381324053	-0.223946567906498	-0.209071217691876	-0.135418751031214	-0.224503708048689	-0.139706008761276	-0.175542091007512	-0.210762434937503	-0.142377726209263	-0.206800441690667
700095416	-0.094606134861144	-0.152268691256338	-0.178593672186307	-0.167636118816789	-0.121338298049085	-0.175957515840439	-0.114752468757957	-0.209896130677068	-0.0812039506789116	-0.188118680798497	-0.131215004228691	-0.178174278715761	-0.196757636334665	-0.145896633531348	-0.202529035463481	-0.0978510966114692	-0.189807449941914	-0.175969696654615	0	-0.128937209223662	-0.120414411743914	-0.142905375593318	-0.116681668008072	-0.0769060306939408	-0.134954924868223	-0.114440598017053	-0.146986831233887	-0.174891748880374	-0.181224212376312	-0.187577104205743	-0.163753155978685	-0.135920514517076	-0.127709696427564	-0.17830016641378	-0.123581238230563	-0.127694096597736	-0.139053249399257	-0.178709714232971	-0.0885604170041525	-0.239211826995734	-0.104313030617552	-0.184628814612855	-0.114692353339644	-0.131917964862653	-0.165555923917313	-0.148748437256178	-0.107774661079919	-0.194018752202408	-0.153934793332638	-0.167947331912989	-0.136551148426085	-0.124473692443207	-0.128818388141509	-0.0907764993477898	-0.122577391732747	-0.183304955779326	-0.139991557644192	-0.118235366296741	-0.162953103804726	-0.11497602802247
700110425	-0.109296259578042	-0.15878368729138	-0.178381337106879	-0.111450076143125	-0.158072778432655	-0.188798489944641	-0.0835899974023345	-0.195819877690226	-0.131698999914237	-0.197218700394047	-0.119627230539611	-0.168416985529565	-0.185563098958016	-0.163954676120785	-0.177539350261969	-0.127362016442866	-0.186658387146136	-0.186851523993479	-0.128937209223662	0	-0.0988052460329316	-0.123578493853862	-0.113299629429047	-0.115112502649306	-0.085290607937261	-0.152730756964504	-0.168955027447634	-0.167397792984357	-0.16491109473853	-0.177268998623668	-0.182345416721061	-0.140072284790148	-0.125138248290026	-0.179742711205266	-0.14334439547839	-0.0925772865800721	-0.182100124941771	-0.196100235358977	-0.124606898679027	-0.22064257374434	-0.109229076854545	-0.168982299829431	-0.135567948161348	-0.106212229952202	-0.142476139624001	-0.136311272017278	-0.14620690088933	-0.173956373223611	-0.158078443481777	-0.154529314652212	-0.133138729129025	-0.0931127207039079	-0.0672975767900073	-0.123901918936884	-0.139174173180275	-0.174012509587035	-0.0708744600432056	-0.102659489420325	-0.13806703545866	-0.109625381077541
700111580	-0.126240042046715	-0.151368206244362	-0.173705526230474	-0.146030578114536	-0.162092656289893	-0.181413107737835	-0.0965682771701846	-0.20212544099757	-0.127146859248148	-0.186139572954022	-0.134186355225451	-0.16324106372359	-0.188427201404608	-0.166643835909306	-0.178730925564107	-0.108499597289529	-0.176879868739024	-0.200187798779079	-0.120414411743914	-0.0988052460329316	0	-0.11697598144736	-0.103852670916242	-0.117363828058517	-0.0794447723940989	-0.170633421331507	-0.185005798867165	-0.195813932174418	-0.158938390908585	-0.19814610420463	-0.17114123672017	-0.116748794606538	-0.125987084833709	-0.184721242599475	-0.169436696119659	-0.104940356204553	-0.199750453676875	-0.186883536245167	-0.130562702204542	-0.218658214130772	-0.111115261868348	-0.163427783553769	-0.131596713020116	-0.133061060756868	-0.13256441757132	-0.130596735746464	-0.140406995792747	-0.166552367405146	-0.151366505294559	-0.138414592333224	-0.121434547312841	-0.100957252706176	-0.113822873086097	-0.0994723432250463	-0.153627413897409	-0.166421284575431	-0.0825293860895008	-0.0887142958363349	-0.127635628625175	-0.0987399859730815
700111302	-0.164588377548959	-0.145890036537361	-0.0951643907808364	-0.197606624953848	-0.171904074398359	-0.125998341037595	-0.150933047754794	-0.155864994605597	-0.141785683445074	-0.151895952504556	-0.0799271628149317	-0.101623456872324	-0.134354868712353	-0.146606368692071	-0.150197383998247	-0.0897875113653267	-0.147133204542013	-0.132230543709113	-0.142905375593318	-0.123578493853862	-0.11697598144736	0	-0.151939867005431	-0.130942565009307	-0.121520553091056	-0.183388736226067	-0.151513146490165	-0.157497807780392	-0.177686900130212	-0.152678099077175	-0.123889004412529	-0.0723386677869325	-0.0828833663241779	-0.117709629483887	-0.178691311913495	-0.110349033545626	-0.152185151688924	-0.151488594248115	-0.148573508195707	-0.191294501135916	-0.122730844638389	-0.113162436246188	-0.115359476802635	-0.117498619649237	-0.1321299600136	-0.150770132182253	-0.148504398309884	-0.132498731188452	-0.121756680347005	-0.0707732620941347	-0.0742652869339779	-0.161014690939367	-0.157466960289885	-0.122763437871438	-0.207417169486409	-0.112251436341728	-0.124170378621412	-0.147456236468016	-0.0892638704522444	-0.129423747460299
700098605	-0.0993728323126288	-0.133502314374001	-0.187120368256149	-0.145402339471086	-0.140544375329155	-0.179617640257682	-0.120036412193664	-0.210341312592098	-0.104221027099002	-0.191058212285579	-0.141141029226747	-0.196723136695959	-0.200460266985519	-0.14818703502113	-0.191807608853058	-0.124271928296967	-0.18629382660854	-0.192167673051562	-0.116681668008072	-0.113299629429047	-0.103852670916242	-0.151939867005431	0	-0.119905931743857	-0.132883392704457	-0.128295659850121	-0.154501604725855	-0.168334445726894	-0.169824168678636	-0.180558085760893	-0.175640062144373	-0.150945917023063	-0.140949319744284	-0.187517768432839	-0.130031994616634	-0.128654341803411	-0.166235482604948	-0.187556311236724	-0.103823436562678	-0.217995111009352	-0.125775869031535	-0.191358746719817	-0.145513264406817	-0.147517900061999	-0.176102014974625	-0.139542275200171	-0.137906819452433	-0.192752620628201	-0.15688831398662	-0.165289282509487	-0.155634085020932	-0.122490956900334	-0.107037085087128	-0.112226740814625	-0.111675560218247	-0.189723624558671	-0.127802211951741	-0.129205144697246	-0.156428030212217	-0.105992915491984
700111991	-0.0705907884224666	-0.160521820148377	-0.183964232909315	-0.142595852537178	-0.139605593601257	-0.183426381730832	-0.109444833872576	-0.209851626448958	-0.0976763238454931	-0.191423771342157	-0.1328429492814	-0.195266526929242	-0.194724004689107	-0.145989418745115	-0.210024497103002	-0.0957527010901407	-0.195071561051471	-0.163735006768465	-0.0769060306939408	-0.115112502649306	-0.117363828058517	-0.130942565009307	-0.119905931743857	0	-0.13329787410597	-0.106036355351897	-0.143379141241318	-0.167115765637954	-0.180436193977771	-0.189137894990503	-0.170348859765276	-0.154526187785678	-0.125929885331274	-0.178429695163369	-0.11753729537557	-0.124494062045842	-0.143377705709438	-0.192261423562597	-0.0944133814285689	-0.24222539163384	-0.0889842617530869	-0.190177633489929	-0.129465836674241	-0.142365690107904	-0.162791443552119	-0.141360121559763	-0.117579836000249	-0.199560194811234	-0.156011393892514	-0.173059535444502	-0.131203008679741	-0.117732391720302	-0.109980996113719	-0.109145525375036	-0.109179963931376	-0.182939332172134	-0.131386702266801	-0.103317324879745	-0.164113745040113	-0.123050965707024
700108960	-0.115177647020252	-0.192413410223248	-0.185557991999132	-0.134372497030955	-0.187923965345595	-0.2063502700929	-0.0793504090262376	-0.234757130978397	-0.129644293026939	-0.230785152204666	-0.13720401416458	-0.183063530924467	-0.223402379540353	-0.202212786474356	-0.217948684684859	-0.128407224555781	-0.226843783179983	-0.206626562579119	-0.134954924868223	-0.085290607937261	-0.0794447723940989	-0.121520553091056	-0.132883392704457	-0.13329787410597	0	-0.194684947718209	-0.21534970308019	-0.213990074472024	-0.207318867272509	-0.216082951359146	-0.201228994838909	-0.109105048839203	-0.15513170309573	-0.206796152805184	-0.178315154699497	-0.111380531986837	-0.212039387939539	-0.221351434296253	-0.140686439479439	-0.261766116685601	-0.141271565001003	-0.192622361372928	-0.152050767427101	-0.113814102984824	-0.174293291429694	-0.185979108331475	-0.188963107090137	-0.207686701194526	-0.182069958000318	-0.155134585124276	-0.126883771387652	-0.101064704843634	-0.103561893762534	-0.135415656631291	-0.139280147342823	-0.203276414447521	-0.106104497433899	-0.081300072301003	-0.151320968095573	-0.085813537468005
700024452	-0.108051852424358	-0.147673143087467	-0.208949133145124	-0.147189059040153	-0.116274565105987	-0.203902436283669	-0.144930568709423	-0.220532433408501	-0.114766419684861	-0.204068619698735	-0.158676342557849	-0.22273277492465	-0.21737693572655	-0.143979166902976	-0.215001000796262	-0.153478707910514	-0.205693298628943	-0.203273872328685	-0.114440598017053	-0.152730756964504	-0.170633421331507	-0.183388736226067	-0.128295659850121	-0.106036355351897	-0.194684947718209	0	-0.14743826948195	-0.160900669248806	-0.152407984481838	-0.185208333090759	-0.203232571631386	-0.193725739298439	-0.159636577722015	-0.195583017038443	-0.0669191333036385	-0.1496225213066	-0.173757212282211	-0.204616591494382	-0.0938889194645365	-0.223603619862754	-0.128310761111242	-0.209601537315192	-0.158434641389223	-0.176532699552676	-0.177066065912277	-0.142386184901121	-0.119840900411992	-0.209956922522805	-0.171943006882243	-0.201567916922028	-0.184780341263958	-0.129659290352431	-0.128391910200356	-0.139989619021485	-0.117457135428207	-0.210596642750829	-0.167681617437553	-0.152640207518088	-0.184953551689101	-0.167691812707166
700032931	-0.168922692136211	-0.114344611461974	-0.153196429003546	-0.227887081886765	-0.132551024452603	-0.130967353293164	-0.201615690508784	-0.138093819777854	-0.14942557556448	-0.126106701838917	-0.119363703242927	-0.179774271680903	-0.141131320097854	-0.0895248802920202	-0.153215792275546	-0.154946248506857	-0.133156510460609	-0.130456293938985	-0.146986831233887	-0.168955027447634	-0.185005798867165	-0.151513146490165	-0.154501604725855	-0.143379141241318	-0.21534970308019	-0.14743826948195	0	-0.141142955310885	-0.145020266611197	-0.121969878056766	-0.132203548044535	-0.177252673829596	-0.124709805680436	-0.12594540828901	-0.165542935259487	-0.150208414406106	-0.135802781005296	-0.132500734413902	-0.144537000854029	-0.172482996080815	-0.129951312271652	-0.135427085101638	-0.130193634161654	-0.172057843639385	-0.131557599276196	-0.12572290294494	-0.100326454253519	-0.136646637144303	-0.11638786784385	-0.153749295216706	-0.167154417712268	-0.194205106277348	-0.183307130992157	-0.130297653251546	-0.18443299853274	-0.141894704181686	-0.171244877845534	-0.201564598728969	-0.144465415614896	-0.188733955104693
700095837	-0.175238550062885	-0.130672162900577	-0.183066509519317	-0.206610148863378	-0.160204117377859	-0.191344307409491	-0.195356826401241	-0.15781142468488	-0.166301605403905	-0.158067664607033	-0.127028602278601	-0.180523829215153	-0.156004421244326	-0.147422383938681	-0.170186900936155	-0.15015551925079	-0.162726373067532	-0.177035151881637	-0.174891748880374	-0.167397792984357	-0.195813932174418	-0.157497807780392	-0.168334445726894	-0.167115765637954	-0.213990074472024	-0.160900669248806	-0.141142955310885	0	-0.117381209626808	-0.123016040226284	-0.171763900421847	-0.183119707001406	-0.126479071436446	-0.132709621406064	-0.158443718492713	-0.16118637704882	-0.173941258977621	-0.19256308696077	-0.155520426269517	-0.179087224900163	-0.131888742856746	-0.14544013479257	-0.181372325534467	-0.164823406984565	-0.144825361406657	-0.144911291147125	-0.147692466712783	-0.146580619198249	-0.168416879818398	-0.174169252490007	-0.164489140856486	-0.185838871128282	-0.169346661540419	-0.171671998558548	-0.211429504993132	-0.163958774489373	-0.181868090954369	-0.19021347780837	-0.166284370528143	-0.188595704053502
700024548	-0.181125024713246	-0.111337634604987	-0.162427040691183	-0.194990095097928	-0.150154310211378	-0.159996277774622	-0.193023116991376	-0.13326777243244	-0.190703976986309	-0.122563609847304	-0.145489361264174	-0.164347839559224	-0.14153021191364	-0.123535405465391	-0.130143681968002	-0.174651029426359	-0.121654893432514	-0.174832035889712	-0.181224212376312	-0.16491109473853	-0.158938390908585	-0.177686900130212	-0.169824168678636	-0.180436193977771	-0.207318867272509	-0.152407984481838	-0.145020266611197	-0.117381209626808	0	-0.119354810749578	-0.152505856673535	-0.199936882720988	-0.137584926826621	-0.120975524197638	-0.163933364228772	-0.132144717398412	-0.207451063069954	-0.154928507926064	-0.164941026031789	-0.138214361569378	-0.140029049021525	-0.121732691881531	-0.161453709835072	-0.198913987708425	-0.0825304390801611	-0.0861383796631871	-0.140414789910281	-0.118303006006877	-0.14424908293951	-0.170403257418893	-0.162675406110961	-0.185772310463382	-0.169952946769696	-0.140363666129763	-0.211210204469785	-0.154185168724676	-0.133023121989868	-0.19656489521155	-0.149776394742687	-0.198298603501446
700110161	-0.213670901365279	-0.13169939644363	-0.120439945943139	-0.231269829836107	-0.159260783458949	-0.110436487833615	-0.210563421063769	-0.107881161946747	-0.178727903906641	-0.0847616858210331	-0.118103202799836	-0.147654850663157	-0.109720684486639	-0.0994172399916605	-0.105244160502605	-0.161564717019622	-0.108076950072581	-0.120960699378293	-0.187577104205743	-0.177268998623668	-0.19814610420463	-0.152678099077175	-0.180558085760893	-0.189137894990503	-0.216082951359146	-0.185208333090759	-0.121969878056766	-0.123016040226284	-0.119354810749578	0	-0.114896896905125	-0.173345798879819	-0.128712381174357	-0.0816906575856606	-0.186559824835704	-0.15508705797654	-0.154764867870272	-0.10387695975656	-0.173333902234755	-0.135292716422751	-0.151797928402645	-0.0952913938251187	-0.147817014854868	-0.173018629564238	-0.121411675091255	-0.136763742564362	-0.149934281845419	-0.10104693769384	-0.11251830814771	-0.134041007579827	-0.147111583366827	-0.202679028552858	-0.200630971632513	-0.146137914561364	-0.239591720088465	-0.12295624138021	-0.163252201258333	-0.209657772115677	-0.123645957965412	-0.194939753038606
700023496	-0.208259812072804	-0.127771054911856	-0.111067581274285	-0.24036486747739	-0.157404815314321	-0.0765254773020956	-0.205509893811994	-0.123708253842773	-0.168764578619926	-0.0919152381122291	-0.100966022523872	-0.112346889149263	-0.108801095665816	-0.111331573875115	-0.135134762699575	-0.134256323847168	-0.106844879202717	-0.0862259950481488	-0.163753155978685	-0.182345416721061	-0.17114123672017	-0.123889004412529	-0.175640062144373	-0.170348859765276	-0.201228994838909	-0.203232571631386	-0.132203548044535	-0.171763900421847	-0.152505856673535	-0.114896896905125	0	-0.148605943263014	-0.0998326899623826	-0.0803289064464899	-0.196746420648792	-0.14378785972259	-0.143510738930072	-0.103430300781126	-0.167894410178524	-0.158873341351361	-0.122924400009344	-0.100241064733599	-0.109069741443152	-0.169527927558303	-0.113445927011607	-0.124958168179634	-0.129241330648669	-0.115967651063223	-0.0794663400892634	-0.110343385718086	-0.120803965850275	-0.211027587009769	-0.206447588147922	-0.114203107432091	-0.240327536972785	-0.101008960108953	-0.147150859037761	-0.205043706271146	-0.126246324245832	-0.185643760526073
700034628	-0.163238473316911	-0.156231053380126	-0.128692069718886	-0.208055014666764	-0.175569387832333	-0.157304582282619	-0.130279842753818	-0.16876891951761	-0.121181199369544	-0.168438202574536	-0.104767363578457	-0.116071108543577	-0.154519122332771	-0.172376239703862	-0.165045630340402	-0.103703712531991	-0.165393511972294	-0.169264255467742	-0.135920514517076	-0.140072284790148	-0.116748794606538	-0.0723386677869325	-0.150945917023063	-0.154526187785678	-0.109105048839203	-0.193725739298439	-0.177252673829596	-0.183119707001406	-0.199936882720988	-0.173345798879819	-0.148605943263014	0	-0.109452407480664	-0.146971747784741	-0.190564654715004	-0.106762797276264	-0.179872279425587	-0.16750639902769	-0.150822030794296	-0.206256751984055	-0.13974234126338	-0.132717926915121	-0.128585626879719	-0.0922402418788078	-0.147587429834218	-0.170326513603839	-0.162088672071319	-0.146541561429564	-0.148450218272055	-0.0857153796289646	-0.11127906649065	-0.150673564924582	-0.159821800778028	-0.129823395318881	-0.20745476530395	-0.12898823947864	-0.133248298279185	-0.141175761732659	-0.108767311918755	-0.0962823181468067
700023645	-0.156142321259603	-0.122221359804335	-0.110333461908074	-0.182364849342067	-0.142789106610209	-0.127708931830032	-0.152934785876471	-0.126079519519038	-0.132966488062046	-0.11823118695441	-0.0736446690900813	-0.101920520449381	-0.111764292609296	-0.118275687747658	-0.136407372595241	-0.0775786357347968	-0.117643775820573	-0.119485054508977	-0.127709696427564	-0.125138248290026	-0.125987084833709	-0.0828833663241779	-0.140949319744284	-0.125929885331274	-0.15513170309573	-0.159636577722015	-0.124709805680436	-0.126479071436446	-0.137584926826621	-0.128712381174357	-0.0998326899623826	-0.109452407480664	0	-0.0961485700251102	-0.15738893937935	-0.0947269098623016	-0.147493325732623	-0.136857584245605	-0.132417123070834	-0.161861477853534	-0.0825133569169862	-0.0968938868248705	-0.115799384085704	-0.121589977617325	-0.0973167404653505	-0.100339436308958	-0.108612260099824	-0.112305863953555	-0.1144854006372	-0.101050927384331	-0.0901469033403783	-0.155140795962628	-0.147560949343751	-0.105354274554764	-0.195891538512534	-0.0973810815550205	-0.110987205177416	-0.146747583162606	-0.0989141893420373	-0.138497909410724
700038744	-0.208620092867724	-0.117910286647883	-0.096669580931387	-0.230793726110729	-0.168757222126222	-0.0939299032631212	-0.205627688119735	-0.098014505107027	-0.176738918186114	-0.0719333881616345	-0.0893652154767519	-0.107774755559422	-0.0864789251989643	-0.103211961624639	-0.117716988087454	-0.142528873793758	-0.10163962187394	-0.102626963264895	-0.17830016641378	-0.179742711205266	-0.184721242599475	-0.117709629483887	-0.187517768432839	-0.178429695163369	-0.206796152805184	-0.195583017038443	-0.12594540828901	-0.132709621406064	-0.120975524197638	-0.0816906575856606	-0.0803289064464899	-0.146971747784741	-0.0961485700251102	0	-0.195867431425038	-0.13336769772332	-0.155101292127858	-0.110362640713704	-0.171028751264074	-0.128921703402061	-0.131125342099229	-0.0754405473298154	-0.134845784745804	-0.167977761571909	-0.0973779073489881	-0.121053444131969	-0.14852038974636	-0.0857419475847559	-0.0965318684358537	-0.107748016134702	-0.121792550560355	-0.20823429156585	-0.20176382651045	-0.137929675252049	-0.24346784345768	-0.0936929996703999	-0.15596329707581	-0.201751527992028	-0.115799914699144	-0.19290182116516
