700108602	700014971	700033565	700109389	700023058	700023927	700106341	700114221	700023543	700023439	700016978	700024192	700113058	700099448	700109870	700033928	700023693	700109627	700095416	700110425	700111580	700111302	700098605	700111991	700108960	700024452	700032931	700095837	700024548	700110161	700023496	700034628	700023645	700038744	700038485	700024743	700099596	700110760	700101587	700106399	700032322	700095653	700021312	700101230	700023590	700038905	700033136	700023382	700096424	700105469	700016908	700096053	700108479	700109569	700033814	700016125	700109756	700102665	700101777	700109455
700108602	0	-0.157742384912848	-0.202085755461813	-0.110046643714203	-0.161011247678945	-0.200476656503037	-0.0833264531112682	-0.2221550533721	-0.108055968101012	-0.200458416114668	-0.145501910432952	-0.207800423032694	-0.211749470373483	-0.15822224017754	-0.218471544787295	-0.122807804347925	-0.21324639456861	-0.193527710397565	-0.0871010991110227	-0.099707467996103	-0.116262684306075	-0.137825176325307	-0.108334093819312	-0.0594325847327066	-0.120885928938975	-0.104100070579469	-0.156689129204927	-0.169172022977246	-0.186350246303352	-0.203495885758884	-0.18929431231381	-0.165046268407286	-0.148748947039236	-0.190408574011921	-0.116891813477775	-0.126996767804536	-0.164970786001218	-0.214171526039016	-0.0869399785239657	-0.252233855480885	-0.10411084584805	-0.210271662644955	-0.150575982528291	-0.13854073047809	-0.189103566073385	-0.149832654064631	-0.137813020859627	-0.2049872307255	-0.177930418886463	-0.186538597952179	-0.144200310912112	-0.0895708851935786	-0.0922445581574484	-0.117116401037526	-0.0838230265199529	-0.196660258408956	-0.124450322365962	-0.0899216421712515	-0.176422393652811	-0.111143116517559
700014971	-0.157742384912848	0	-0.16798008805274	-0.212716354636436	-0.145595598693691	-0.154574909900701	-0.179293788073419	-0.134363534745724	-0.141318173367188	-0.11536249832053	-0.10755638496334	-0.18941646499457	-0.142195337517136	-0.102885825085004	-0.162861800813053	-0.159799310543492	-0.126941805854265	-0.169068383005928	-0.151923959901954	-0.16051804914759	-0.162740619024208	-0.134330809252756	-0.12216242404294	-0.160014039004173	-0.189743904486551	-0.155419740435596	-0.107324145747464	-0.127180837004052	-0.125934860759582	-0.120595562698093	-0.111548964370547	-0.15791122201862	-0.112892015177578	-0.128071116603806	-0.144845288417155	-0.143128989364191	-0.158982648154646	-0.163836226159256	-0.134994549547327	-0.152191963744858	-0.122563657877974	-0.137573573947563	-0.131335615672538	-0.155638407644306	-0.116149006506224	-0.116422753766742	-0.109273996071478	-0.135688317061512	-0.121375498364841	-0.163599878879729	-0.151455951805497	-0.165703588081869	-0.169412849294238	-0.123065595667582	-0.181393884688925	-0.119397790967233	-0.150810830224482	-0.178126638690578	-0.148644495497035	-0.167301850408707
700033565	-0.202085755461813	-0.16798008805274	0	-0.226314930023783	-0.207353570200325	-0.0669417697422037	-0.196741439519658	-0.109859725645843	-0.174746469315578	-0.0902130884373784	-0.108064892185766	-0.0722960226416665	-0.0970336473629371	-0.145180559411398	-0.0968810765053301	-0.132502446771949	-0.114052761385548	-0.105348824400966	-0.169803419998925	-0.17376880643262	-0.173190809783821	-0.0947203009949765	-0.177776792791076	-0.186020375418329	-0.179469707308847	-0.202405556678721	-0.142488912062646	-0.180573945335514	-0.160935212367878	-0.11875131653097	-0.111245244960982	-0.121076663381919	-0.123461545151272	-0.0922738503972023	-0.192400050646917	-0.14172396350446	-0.163112199707787	-0.101877299784917	-0.185365411524393	-0.14966199049296	-0.176272551861492	-0.0823886599107428	-0.159454830634948	-0.155363996657305	-0.125572900382593	-0.139152790999956	-0.151707143326265	-0.100918545913492	-0.12344548331569	-0.0768837115548894	-0.0867983788980284	-0.2143783315707	-0.209467601546979	-0.140896730715574	-0.230727341933962	-0.105649807128079	-0.155211991487325	-0.20363461880007	-0.0848991331448925	-0.191761301511117
700109389	-0.110046643714203	-0.212716354636436	-0.226314930023783	0	-0.197972271556981	-0.243895181537525	-0.103304510169858	-0.245801991819155	-0.179565952672946	-0.235208549336746	-0.19251440164228	-0.223687354199691	-0.240613599264264	-0.210112843920703	-0.230409599971764	-0.171404653798165	-0.247773321807989	-0.249796721445187	-0.16710159353738	-0.114139987965662	-0.142216917390269	-0.185340140192577	-0.142365093357388	-0.146466194806559	-0.131300140679381	-0.140780785540896	-0.230057223798417	-0.208404105290707	-0.189496945426988	-0.233477099115356	-0.232641300886708	-0.205694637237044	-0.181608786226403	-0.233453602869442	-0.142805566615586	-0.157229456282156	-0.234912402995692	-0.256031103663613	-0.154974187487092	-0.245901280390676	-0.158186638146342	-0.230381254468148	-0.199192992989076	-0.177103823359988	-0.216547651741614	-0.18660458407552	-0.195253278786612	-0.2256332133028	-0.229923366105635	-0.216360803740701	-0.17519831639642	-0.10976688954951	-0.0732590335375178	-0.175436705121225	-0.123904690091423	-0.228036477045025	-0.120827075267047	-0.115388386187197	-0.194967216673586	-0.143161685333059
700023058	-0.161011247678945	-0.145595598693691	-0.207353570200325	-0.197972271556981	0	-0.173401942071626	-0.179642529670608	-0.197070226402099	-0.157698673630904	-0.177508313713688	-0.162358537392657	-0.204450716560369	-0.195029173607037	-0.137451149509059	-0.195034231474211	-0.161826345555473	-0.181704507084705	-0.17414334933734	-0.161037016346353	-0.185655785088198	-0.18632466664942	-0.18537607270141	-0.148419462556674	-0.162424248358606	-0.219773844609581	-0.137560242776483	-0.151490501478861	-0.157594538575256	-0.167017872969927	-0.158976129247313	-0.16449721943857	-0.208678774484594	-0.158714223788979	-0.162826484300288	-0.14815474112668	-0.193668888573577	-0.127745124966365	-0.165908177424177	-0.140768090168431	-0.216370022582021	-0.135061461553975	-0.189628655163316	-0.134302379055415	-0.188745744985882	-0.168868966912731	-0.148586917656057	-0.134646727714512	-0.188918144797094	-0.153460078641323	-0.206196485354159	-0.168706164825468	-0.162747328660362	-0.171691004019144	-0.154856086000733	-0.17434242799472	-0.186935300038787	-0.177719213466684	-0.186897448731822	-0.185263484480945	-0.17105126352
700023927	-0.200476656503037	-0.154574909900701	-0.0669417697422037	-0.243895181537525	-0.173401942071626	0	-0.210171600235405	-0.116086429268912	-0.176320662587263	-0.0831717820445035	-0.112486323740851	-0.101049014574671	-0.10496936456084	-0.107972342420609	-0.104896956755194	-0.144441626154977	-0.106894149321245	-0.0799811381679224	-0.163811364281907	-0.186392734636368	-0.180704153949452	-0.124390228343372	-0.173387736806066	-0.185709204542693	-0.199001060566509	-0.198313806290112	-0.11940514692836	-0.183964824853129	-0.158027143435278	-0.110011850782089	-0.089368460581331	-0.14857159889411	-0.131473076997475	-0.0673944199323935	-0.199419533421781	-0.153627291968069	-0.12941721519546	-0.0616537395625067	-0.184264398825904	-0.153729920644043	-0.164553341080687	-0.0966848708168636	-0.120743460170477	-0.17011850780064	-0.122084608757368	-0.132010025520463	-0.144211112750856	-0.107801703039511	-0.0775533713676841	-0.0992707269549161	-0.111769213091931	-0.223575771021772	-0.219705162706567	-0.133896798499788	-0.225833541851483	-0.111782842888099	-0.156779163201653	-0.210244204833687	-0.103779564134491	-0.197961420972644
700106341	-0.0833264531112682	-0.179293788073419	-0.196741439519658	-0.103304510169858	-0.179642529670608	-0.210171600235405	0	-0.223008034182487	-0.105267815603654	-0.205408483347336	-0.145554629250049	-0.183769666406058	-0.209255589786091	-0.184006851009045	-0.211942903002842	-0.125278363746626	-0.22422617221529	-0.218981293006071	-0.110676767525467	-0.0751119584016242	-0.0905054482297152	-0.1336728119493	-0.120584100965024	-0.109153326802789	-0.0766896992684878	-0.151862144729631	-0.202186482650051	-0.199914788080771	-0.201978953111678	-0.207173218473378	-0.19312003477514	-0.122467667451646	-0.146943504546606	-0.203494739198076	-0.146368376442344	-0.0994944072717766	-0.197698244648765	-0.226081064899514	-0.108582758085446	-0.256447248938709	-0.129515105662032	-0.197276591281943	-0.156243779767555	-0.10180162746892	-0.18162465075861	-0.173870123461925	-0.155263481821971	-0.193239146814834	-0.191563585276282	-0.170626181231422	-0.14499100577427	-0.0697455076082732	-0.0929733262183309	-0.125359984401131	-0.121960681208982	-0.194968824725331	-0.108038733906469	-0.0602308789099894	-0.165675306544841	-0.0637205459147505
700114221	-0.2221550533721	-0.134363534745724	-0.109859725645843	-0.245801991819155	-0.197070226402099	-0.116086429268912	-0.223008034182487	0	-0.20531522954779	-0.0756794864180007	-0.14689392621945	-0.123405174117916	-0.0697611368986087	-0.140754391839404	-0.0807500324566505	-0.176168093807564	-0.063673103139816	-0.158528266941877	-0.204633026486962	-0.200656784402135	-0.195468404122198	-0.157805411179048	-0.188787898365123	-0.211286175886523	-0.231726153002783	-0.220147972417726	-0.131888314251965	-0.161160934943731	-0.129854413471218	-0.102148929964294	-0.115955322028403	-0.170672413825578	-0.128631851944655	-0.110794978013725	-0.214614433932977	-0.171653584515416	-0.185186782836141	-0.107952825745534	-0.203261212610964	-0.0816984533198566	-0.170946333993564	-0.0743584027177869	-0.173219137518007	-0.177901958400624	-0.0918249963243449	-0.125251398252321	-0.142368495643132	-0.0745536594818514	-0.138122397281769	-0.121879381370456	-0.155818329669442	-0.22503931332185	-0.220724933544478	-0.167839044284769	-0.259260811842756	-0.085199975912203	-0.155634262824731	-0.236301578467827	-0.121874050523748	-0.209516790288843
700023543	-0.108055968101012	-0.141318173367188	-0.174746469315578	-0.179565952672946	-0.157698673630904	-0.176320662587263	-0.105267815603654	-0.20531522954779	0	-0.1740902473518	-0.115487331220587	-0.179711151731912	-0.191776614362595	-0.152733741841821	-0.198260723549632	-0.10583866231101	-0.190714317334772	-0.17743106651528	-0.0875647350936907	-0.122781573244455	-0.130769821500789	-0.12194387927662	-0.119371086303604	-0.0992717594065593	-0.130358182603258	-0.127111235340725	-0.148535485113765	-0.166124598208646	-0.204453406091528	-0.177120973881411	-0.161214102591092	-0.11451102264447	-0.139417369014335	-0.167368909106227	-0.124985299981374	-0.123460651350622	-0.148703618696509	-0.189710413754824	-0.0841678206767862	-0.243070545117577	-0.120123722694138	-0.186681840425252	-0.148660263660538	-0.0875581294270156	-0.178851482753611	-0.160030540311683	-0.110311239733745	-0.178962520301685	-0.169371115164271	-0.153600824256818	-0.130184912841445	-0.104332195536696	-0.134632687663978	-0.118878872492428	-0.124328641604061	-0.173897137183403	-0.152360056890468	-0.10313957890282	-0.160927379441138	-0.0997085825255164
700023439	-0.200458416114668	-0.11536249832053	-0.0902130884373784	-0.235208549336746	-0.177508313713688	-0.0831717820445035	-0.205408483347336	-0.0756794864180007	-0.1740902473518	0	-0.10731987137359	-0.114359406918401	-0.0718141484777669	-0.110867328489744	-0.095739224096084	-0.140754909283965	-0.0736661418465691	-0.124598508431744	-0.17070917965712	-0.18216985030362	-0.169017253901033	-0.125918033506326	-0.165030036254955	-0.183698602511267	-0.207643821160571	-0.200512170006405	-0.113906366082831	-0.152578476298466	-0.127348019173661	-0.0952941692057037	-0.0779737868149978	-0.149021652849092	-0.103480977388488	-0.0777743960520806	-0.194019439902064	-0.149602014848197	-0.157251929993444	-0.08874203265562	-0.180902790082118	-0.108877774695119	-0.14539926481734	-0.072723880579562	-0.139773509429325	-0.163862793606469	-0.088132914881733	-0.10672302390788	-0.122880593741782	-0.0753105178580075	-0.0983085356143846	-0.100527484090978	-0.115664675899627	-0.208678913036433	-0.208843166641704	-0.135415303658813	-0.231661115752774	-0.0663571682493372	-0.146117392071589	-0.203629333685238	-0.0957796690045923	-0.186383019976435
700016978	-0.145501910432952	-0.10755638496334	-0.108064892185766	-0.19251440164228	-0.162358537392657	-0.112486323740851	-0.145554629250049	-0.14689392621945	-0.115487331220587	-0.10731987137359	0	-0.120347879876367	-0.126426566638945	-0.11733589555529	-0.157483314203638	-0.106592072294835	-0.132897590208356	-0.116615391673694	-0.118474017735442	-0.123434233682168	-0.133057983379175	-0.0790044965042173	-0.131401751220213	-0.133298781935223	-0.132648112722804	-0.168020258447453	-0.118307997317187	-0.137015270337307	-0.156960412005333	-0.131211985350252	-0.0842683494798502	-0.108805652124315	-0.0784798992652936	-0.0972394454223016	-0.157248785965513	-0.0972805346872735	-0.131316527241238	-0.13956976803707	-0.123529695695789	-0.181724737612557	-0.110732230909946	-0.12073351897046	-0.105154010395436	-0.108701962891699	-0.124325217847919	-0.12856753009355	-0.111984614650032	-0.122575582250967	-0.104590748494978	-0.119049460874285	-0.0903577987842814	-0.157730046673953	-0.159807483465468	-0.0944259936580244	-0.171221817533536	-0.112294425864901	-0.127739727151777	-0.146187261010342	-0.115030376227279	-0.141383429344673
700024192	-0.207800423032694	-0.18941646499457	-0.0722960226416665	-0.223687354199691	-0.204450716560369	-0.101049014574671	-0.183769666406058	-0.123405174117916	-0.179711151731912	-0.114359406918401	-0.120347879876367	0	-0.10572709062019	-0.171734496960831	-0.105771754917251	-0.127113569026684	-0.136844116070129	-0.123290320787701	-0.169012542531661	-0.169089998738177	-0.16310849948106	-0.102200499624105	-0.186669824833967	-0.195466798540055	-0.17531855775727	-0.220562653357722	-0.169945494880113	-0.184287738744702	-0.17319385174291	-0.152192711563985	-0.111483352026711	-0.110166844670649	-0.109958489959565	-0.106579188404081	-0.221467738538157	-0.137227707970828	-0.176599160197228	-0.122715838843163	-0.200018887188067	-0.157201267148737	-0.178011797734277	-0.0786426060392756	-0.164314689492165	-0.137178970469018	-0.117245711951095	-0.149780146940769	-0.154967097922985	-0.0953347632372795	-0.146371531487157	-0.0827509134888104	-0.095916640431566	-0.214215934225252	-0.213224631173339	-0.147959912272999	-0.247382819347384	-0.107403829758491	-0.140729399349988	-0.203645653117246	-0.0998815713335194	-0.184290104227295
700113058	-0.211749470373483	-0.142195337517136	-0.0970336473629371	-0.240613599264264	-0.195029173607037	-0.10496936456084	-0.209255589786091	-0.0697611368986087	-0.191776614362595	-0.0718141484777669	-0.126426566638945	-0.10572709062019	0	-0.141793024021674	-0.0789016047215149	-0.161419695124104	-0.0990458763122589	-0.147059130309253	-0.191945990445824	-0.186041015390102	-0.19069434039289	-0.142740544853148	-0.184985304797099	-0.205195101161495	-0.217750238907205	-0.220508889529688	-0.133957972725764	-0.160925871670639	-0.144776718327782	-0.113261165534644	-0.107344353017631	-0.154791901929339	-0.119732717676293	-0.103409582409509	-0.216088365056148	-0.161050347065464	-0.17415372126886	-0.106951628203033	-0.194063806260832	-0.113967429321007	-0.166168699524863	-0.081284424865651	-0.17093349335114	-0.167817031944609	-0.107416935644914	-0.127269177400521	-0.155804074417891	-0.0787187006423865	-0.126542785120117	-0.104863448869917	-0.141903526921082	-0.21836215998037	-0.221980260936669	-0.170795512912829	-0.251772708789506	-0.0694954890467945	-0.152093516755261	-0.223786459220406	-0.109535267171672	-0.193232587682571
700099448	-0.15822224017754	-0.102885825085004	-0.145180559411398	-0.210112843920703	-0.137451149509059	-0.107972342420609	-0.184006851009045	-0.140754391839404	-0.152733741841821	-0.110867328489744	-0.11733589555529	-0.171734496960831	-0.141793024021674	0	-0.147635564156478	-0.148324470550175	-0.120335857635242	-0.119151470403432	-0.13807752898941	-0.156459275753647	-0.159452757989405	-0.138810393373508	-0.12893180866044	-0.143783332845681	-0.190896679272167	-0.149287194774185	-0.090836357985394	-0.15386713349443	-0.134267836657043	-0.102735796776936	-0.0932317113537671	-0.167363559797135	-0.109574979557942	-0.103351594781062	-0.154594706552912	-0.147573423842651	-0.123886742045685	-0.11871689246814	-0.142028935467615	-0.172598894863569	-0.121954098399412	-0.130496190982922	-0.101120042600618	-0.17548270340779	-0.113293779500874	-0.109421046861376	-0.108200934379498	-0.134167045488968	-0.0707864266528876	-0.145529552400044	-0.130390248788491	-0.17640571427916	-0.176505440910543	-0.116193710323959	-0.174479861181717	-0.13001664256163	-0.130200224740122	-0.176772665095165	-0.125283903219795	-0.171100337798331
700109870	-0.218471544787295	-0.162861800813053	-0.0968810765053301	-0.230409599971764	-0.195034231474211	-0.104896956755194	-0.211942903002842	-0.0807500324566505	-0.198260723549632	-0.095739224096084	-0.157483314203638	-0.105771754917251	-0.0789016047215149	-0.147635564156478	0	-0.170385699364414	-0.0949541906670165	-0.1601520250251	-0.199928506954959	-0.189683838595807	-0.178114546615388	-0.15235368226929	-0.173653130342493	-0.214723326200628	-0.218578882112375	-0.215003525443092	-0.150431777094073	-0.181656280327468	-0.135847326643915	-0.111905657439926	-0.133677052310816	-0.159346788732024	-0.151225151759313	-0.125820204426822	-0.214729775559015	-0.168126063836113	-0.187451970050738	-0.0974344916389935	-0.206020284140622	-0.107770468322522	-0.191657159811414	-0.0833995609980343	-0.185370796988059	-0.176007549692489	-0.103962179408004	-0.120266430909313	-0.153383564610042	-0.0787798512281458	-0.13324745046353	-0.110210518176368	-0.146235906613754	-0.221005074626546	-0.212040089904452	-0.163660275157493	-0.24685036931686	-0.106680132008585	-0.137918675491728	-0.22790224897778	-0.108046158675519	-0.196621520216228
700033928	-0.122807804347925	-0.159799310543492	-0.132502446771949	-0.171404653798165	-0.161826345555473	-0.144441626154977	-0.125278363746626	-0.176168093807564	-0.10583866231101	-0.140754909283965	-0.106592072294835	-0.127113569026684	-0.161419695124104	-0.148324470550175	-0.170385699364414	0	-0.174307975432792	-0.147542921593516	-0.0918631304241348	-0.1350930486046	-0.11634697539987	-0.0871451803224484	-0.134362617949125	-0.102157171250654	-0.138419158121526	-0.155802499921237	-0.14696736870689	-0.157221836306978	-0.180535675458725	-0.166358238432699	-0.130542073324533	-0.114021879485116	-0.0970731814672002	-0.13898604226815	-0.15305026382622	-0.135664717267448	-0.150532903517271	-0.166902826511804	-0.117516811162405	-0.216799789392087	-0.112337073098271	-0.136461946237517	-0.131952280048816	-0.119597831081661	-0.137590822992427	-0.13794203472944	-0.107292196074293	-0.154089127744522	-0.149206834601091	-0.11193455602014	-0.0880665252738898	-0.133470158277512	-0.144513785420605	-0.109072472910178	-0.166907123003166	-0.134521896803535	-0.143058124069848	-0.119907236236812	-0.118391955874208	-0.115738095449832
700023693	-0.21324639456861	-0.126941805854265	-0.114052761385548	-0.247773321807989	-0.181704507084705	-0.106894149321245	-0.22422617221529	-0.063673103139816	-0.190714317334772	-0.0736661418465691	-0.132897590208356	-0.136844116070129	-0.0990458763122589	-0.120335857635242	-0.0949541906670165	-0.174307975432792	0	-0.135957878108795	-0.19537888760036	-0.204594332168653	-0.187103678728684	-0.158386042515758	-0.170548040137789	-0.20670157595878	-0.235205932451029	-0.20904613408117	-0.117662704126991	-0.169826438261578	-0.121262581112602	-0.104142501175763	-0.0950174981522767	-0.175025818909259	-0.137449331687364	-0.102781603053268	-0.19863078190217	-0.174280497639344	-0.160233997885709	-0.104926380321542	-0.190305543165505	-0.0891832461984988	-0.166465122726329	-0.100279914098036	-0.155014552299706	-0.18533720137719	-0.0998557811065109	-0.0990932671609453	-0.132060206507947	-0.0802077659446459	-0.114080499342011	-0.129505417135168	-0.147192352680424	-0.228918633707554	-0.221537225854446	-0.151025828404367	-0.239892424116894	-0.104635241771514	-0.156258726371055	-0.231406050827096	-0.127539595208191	-0.210621121984807
700109627	-0.193527710397565	-0.169068383005928	-0.105348824400966	-0.249796721445187	-0.17414334933734	-0.0799811381679224	-0.218981293006071	-0.158528266941877	-0.17743106651528	-0.124598508431744	-0.116615391673694	-0.123290320787701	-0.147059130309253	-0.119151470403432	-0.1601520250251	-0.147542921593516	-0.135957878108795	0	-0.172616123634642	-0.193080424252566	-0.195849175885447	-0.135182210400684	-0.187222369003064	-0.173707524147111	-0.202325741756538	-0.208551311304443	-0.134913376415325	-0.191851781030912	-0.201805909339355	-0.147312191072733	-0.0991736550976695	-0.165738151766163	-0.144867053568296	-0.101074595082047	-0.203885862018636	-0.162470088846515	-0.108822995961364	-0.0884770716413159	-0.192022764538869	-0.196949214099963	-0.172630898743216	-0.13421575816555	-0.136406714170379	-0.174444233541689	-0.16301658763163	-0.16482510538231	-0.157816355295546	-0.152237324322057	-0.0891718421114504	-0.133793671068166	-0.109937461900451	-0.228908423645751	-0.22798090893587	-0.146292170285188	-0.215400867223938	-0.142591279877606	-0.180792501913824	-0.214729564921275	-0.138612284449576	-0.210932464126335
700095416	-0.0871010991110227	-0.151923959901954	-0.169803419998925	-0.16710159353738	-0.161037016346353	-0.163811364281907	-0.110676767525467	-0.204633026486962	-0.0875647350936907	-0.17070917965712	-0.118474017735442	-0.169012542531661	-0.191945990445824	-0.13807752898941	-0.199928506954959	-0.0918631304241348	-0.19537888760036	-0.172616123634642	0	-0.111930668704991	-0.104173175302026	-0.108820996479095	-0.122177539513009	-0.0730530412251437	-0.127581959790214	-0.115798682409974	-0.14067908698394	-0.171835024589353	-0.181954156346735	-0.184753337181043	-0.155409865350362	-0.12752945864095	-0.11782646285588	-0.161705259343616	-0.128315432339491	-0.118815011770115	-0.145851057378839	-0.184863300581853	-0.0906547203933643	-0.243533006548688	-0.0856517191287623	-0.180898289170277	-0.108818084388042	-0.117959459963884	-0.16328531812703	-0.139608042955869	-0.104442567229268	-0.179939522945267	-0.150970951568513	-0.150621324987057	-0.116253947786535	-0.118225997720858	-0.128282232088674	-0.0833303977158586	-0.117579657079131	-0.172513219696495	-0.133340720667087	-0.103007305008768	-0.147486904785132	-0.112474450612169
700110425	-0.099707467996103	-0.16051804914759	-0.17376880643262	-0.114139987965662	-0.185655785088198	-0.186392734636368	-0.0751119584016242	-0.200656784402135	-0.122781573244455	-0.18216985030362	-0.123434233682168	-0.169089998738177	-0.186041015390102	-0.156459275753647	-0.189683838595807	-0.1350930486046	-0.204594332168653	-0.193080424252566	-0.111930668704991	0	-0.0906682273491266	-0.124740184383826	-0.106162697294522	-0.105885794636305	-0.0752522949919662	-0.154743970277294	-0.172861512587707	-0.173038482465968	-0.178692008437925	-0.179479230001136	-0.173244176861438	-0.137878620455534	-0.121024141770845	-0.181946508487396	-0.141316339227459	-0.090837396634209	-0.178727885676879	-0.202644045544698	-0.117412834436574	-0.235202063421694	-0.123347842139903	-0.174103577396752	-0.138787469207621	-0.09724248612208	-0.154515713442915	-0.148697886919876	-0.132243049812936	-0.174330538273412	-0.163360721304772	-0.161236285862224	-0.123090622733909	-0.0907158764691747	-0.0749208513659055	-0.11561504684085	-0.129310854333425	-0.171322383230682	-0.0709594529848193	-0.0764178582864032	-0.140783665583265	-0.097876389142344
700111580	-0.116262684306075	-0.162740619024208	-0.173190809783821	-0.142216917390269	-0.18632466664942	-0.180704153949452	-0.0905054482297152	-0.195468404122198	-0.130769821500789	-0.169017253901033	-0.133057983379175	-0.16310849948106	-0.19069434039289	-0.159452757989405	-0.178114546615388	-0.11634697539987	-0.187103678728684	-0.195849175885447	-0.104173175302026	-0.0906682273491266	0	-0.104045157591242	-0.109656608287895	-0.119020931317523	-0.0801709348459711	-0.169017355647163	-0.181919938531286	-0.19766245464251	-0.161155233867825	-0.195460698844674	-0.164218302697717	-0.1198612809195	-0.123664025978891	-0.184672739169061	-0.166634087334771	-0.103634624422425	-0.198575088607164	-0.197691760705694	-0.133688859054297	-0.224780186394746	-0.123280697310122	-0.167043106144977	-0.139852499053395	-0.125361231510525	-0.140064885640677	-0.133825478537003	-0.122979462975831	-0.160286236762303	-0.161027144384087	-0.139515437927209	-0.122303077217093	-0.104864407217265	-0.118211623028172	-0.0855179373786946	-0.147275760159568	-0.176099810804577	-0.0898967202925548	-0.0852048714224058	-0.122104490998188	-0.0889008343452534
700111302	-0.137825176325307	-0.134330809252756	-0.0947203009949765	-0.185340140192577	-0.18537607270141	-0.124390228343372	-0.1336728119493	-0.157805411179048	-0.12194387927662	-0.125918033506326	-0.0790044965042173	-0.102200499624105	-0.142740544853148	-0.138810393373508	-0.15235368226929	-0.0871451803224484	-0.158386042515758	-0.135182210400684	-0.108820996479095	-0.124740184383826	-0.104045157591242	0	-0.144076711555986	-0.131047924349877	-0.115662315552482	-0.167350274234948	-0.140229567337782	-0.159027848748521	-0.172851918994911	-0.153452927220933	-0.120647537443832	-0.066839068745161	-0.0815133265050374	-0.120172045523644	-0.164786861397573	-0.101608998772402	-0.161575038631123	-0.154152981915356	-0.137735675810136	-0.199730578406305	-0.139525745381066	-0.114906331613155	-0.129882117547544	-0.116834590828454	-0.123448533241819	-0.14062930826783	-0.117111287429751	-0.126229102180828	-0.129154587400972	-0.0735054956221026	-0.0717624234480502	-0.146794895076734	-0.153746577615376	-0.0928445027960794	-0.1836545290841	-0.119421963990404	-0.127687077191152	-0.139609288988583	-0.0781344604438862	-0.131673589799824
700098605	-0.108334093819312	-0.12216242404294	-0.177776792791076	-0.142365093357388	-0.148419462556674	-0.173387736806066	-0.120584100965024	-0.188787898365123	-0.119371086303604	-0.165030036254955	-0.131401751220213	-0.186669824833967	-0.184985304797099	-0.12893180866044	-0.173653130342493	-0.134362617949125	-0.170548040137789	-0.187222369003064	-0.122177539513009	-0.106162697294522	-0.109656608287895	-0.144076711555986	0	-0.124721087350747	-0.14516329370667	-0.13216984411912	-0.145929311853983	-0.158377021342142	-0.154745220063527	-0.165247603668537	-0.152484943564052	-0.158062558246259	-0.132918781192342	-0.16669846285881	-0.126516244389288	-0.120275158035115	-0.161105896199165	-0.180843311746258	-0.112215437055501	-0.20132387563041	-0.110433119012562	-0.17643372568595	-0.135728956726754	-0.130887122773438	-0.162836345821893	-0.118754413834886	-0.124942802562428	-0.170246441292113	-0.149479928704364	-0.172758055668227	-0.141881087779822	-0.123327318403681	-0.108215422362017	-0.104660970779872	-0.116875975827094	-0.173408024375393	-0.104396901988699	-0.123422763485413	-0.148167053170505	-0.108371589838116
700111991	-0.0594325847327066	-0.160014039004173	-0.186020375418329	-0.146466194806559	-0.162424248358606	-0.185709204542693	-0.109153326802789	-0.211286175886523	-0.0992717594065593	-0.183698602511267	-0.133298781935223	-0.195466798540055	-0.205195101161495	-0.143783332845681	-0.214723326200628	-0.102157171250654	-0.20670157595878	-0.173707524147111	-0.0730530412251437	-0.105885794636305	-0.119020931317523	-0.131047924349877	-0.124721087350747	0	-0.129814695147488	-0.10663808919736	-0.141564619092524	-0.169331051236059	-0.18813239245126	-0.193288172165426	-0.172459353493525	-0.157607705662354	-0.136586643714563	-0.176639713018812	-0.117491834663883	-0.122545441335571	-0.156914626056868	-0.195442889831343	-0.0903732487326833	-0.255220345312739	-0.0925388848162308	-0.194986071779656	-0.131127551818158	-0.128538527243469	-0.172732410008901	-0.148925718801705	-0.115395633203358	-0.194540018981192	-0.163321799871178	-0.176473233056563	-0.128404607914125	-0.114269842614266	-0.114644291245854	-0.101201342940618	-0.0986902090031711	-0.187859537345799	-0.138355917008278	-0.0987428583409586	-0.164868234200943	-0.117760024582571
700108960	-0.120885928938975	-0.189743904486551	-0.179469707308847	-0.131300140679381	-0.219773844609581	-0.199001060566509	-0.0766896992684878	-0.231726153002783	-0.130358182603258	-0.207643821160571	-0.132648112722804	-0.17531855775727	-0.217750238907205	-0.190896679272167	-0.218578882112375	-0.138419158121526	-0.235205932451029	-0.202325741756538	-0.127581959790214	-0.0752522949919662	-0.0801709348459711	-0.115662315552482	-0.14516329370667	-0.129814695147488	0	-0.189110714686091	-0.212924045094755	-0.215283165320224	-0.209065717435998	-0.215231888820343	-0.193306165806065	-0.115284129386896	-0.147335569187577	-0.203250138950976	-0.178620447957142	-0.0970714044091384	-0.215055028218059	-0.225024969624059	-0.138161523342481	-0.266635490307533	-0.152172983979634	-0.192745218357829	-0.160362418752847	-0.114821516954874	-0.185118691103845	-0.191908847450249	-0.173626681017184	-0.202189967941233	-0.187269060600124	-0.15012470617324	-0.131191197252249	-0.103407560619628	-0.11746293411105	-0.114238231082153	-0.134837861380136	-0.197691551639816	-0.111237260200572	-0.0771043212010066	-0.144787628270834	-0.0957502735624912
700024452	-0.104100070579469	-0.155419740435596	-0.202405556678721	-0.140780785540896	-0.137560242776483	-0.198313806290112	-0.151862144729631	-0.220147972417726	-0.127111235340725	-0.200512170006405	-0.168020258447453	-0.220562653357722	-0.220508889529688	-0.149287194774185	-0.215003525443092	-0.155802499921237	-0.20904613408117	-0.208551311304443	-0.115798682409974	-0.154743970277294	-0.169017355647163	-0.167350274234948	-0.13216984411912	-0.10663808919736	-0.189110714686091	0	-0.158544533741847	-0.154942151239691	-0.145656748915999	-0.182020971423215	-0.198677010326732	-0.194484323287119	-0.167404582116943	-0.190419060443711	-0.0592291104874987	-0.157258935372912	-0.185411581942807	-0.209274813123668	-0.097947602792416	-0.223739558585834	-0.119154743668104	-0.209732584526238	-0.163324531158045	-0.17650886248009	-0.188253976247739	-0.139376459767713	-0.139400988077444	-0.210739157958326	-0.181130824592854	-0.203915025909625	-0.161285027316779	-0.118172706518309	-0.11731363736963	-0.138787232907754	-0.105288510312059	-0.203983709672337	-0.159896997635818	-0.153040454748253	-0.181591370766413	-0.164654267336032
700032931	-0.156689129204927	-0.107324145747464	-0.142488912062646	-0.230057223798417	-0.151490501478861	-0.11940514692836	-0.202186482650051	-0.131888314251965	-0.148535485113765	-0.113906366082831	-0.118307997317187	-0.169945494880113	-0.133957972725764	-0.090836357985394	-0.150431777094073	-0.14696736870689	-0.117662704126991	-0.134913376415325	-0.14067908698394	-0.172861512587707	-0.181919938531286	-0.140229567337782	-0.145929311853983	-0.141564619092524	-0.212924045094755	-0.158544533741847	0	-0.143886638101923	-0.149185391389758	-0.119167753462166	-0.105111610494749	-0.168292701819141	-0.115732343564149	-0.107683859352137	-0.170932744763037	-0.16396794243644	-0.121175530989503	-0.126227291355455	-0.147594428666533	-0.163414816643305	-0.130501150909024	-0.135441240924885	-0.120993432067964	-0.165021889789134	-0.127164343330884	-0.120551625979382	-0.11200972473739	-0.125629263705758	-0.109435586074251	-0.145804040539442	-0.143859417224046	-0.194227092598779	-0.19222822357839	-0.141147041822506	-0.177502693337309	-0.115097248870862	-0.161050817567813	-0.196015929713995	-0.136968639049661	-0.188577209334355
700095837	-0.169172022977246	-0.127180837004052	-0.180573945335514	-0.208404105290707	-0.157594538575256	-0.183964824853129	-0.199914788080771	-0.161160934943731	-0.166124598208646	-0.152578476298466	-0.137015270337307	-0.184287738744702	-0.160925871670639	-0.15386713349443	-0.181656280327468	-0.157221836306978	-0.169826438261578	-0.191851781030912	-0.171835024589353	-0.173038482465968	-0.19766245464251	-0.159027848748521	-0.158377021342142	-0.169331051236059	-0.215283165320224	-0.154942151239691	-0.143886638101923	0	-0.124983669158377	-0.122048810816601	-0.162408031837854	-0.189652793481751	-0.13027920685428	-0.148629791057254	-0.156342887054787	-0.170237476816486	-0.16696338273544	-0.19561637494217	-0.156109218717876	-0.175537294528447	-0.147003887421406	-0.1554220345403	-0.172513831457635	-0.170224251657668	-0.135472904075673	-0.142242157451795	-0.147234026509621	-0.15652490274373	-0.171890350328633	-0.180800103927738	-0.153999532255468	-0.182391698666886	-0.176483799294471	-0.175796590252069	-0.195408739713179	-0.147192790897068	-0.174722202223068	-0.197329709675007	-0.172281256352927	-0.194680370658474
700024548	-0.186350246303352	-0.125934860759582	-0.160935212367878	-0.189496945426988	-0.167017872969927	-0.158027143435278	-0.201978953111678	-0.129854413471218	-0.204453406091528	-0.127348019173661	-0.156960412005333	-0.17319385174291	-0.144776718327782	-0.134267836657043	-0.135847326643915	-0.180535675458725	-0.121262581112602	-0.201805909339355	-0.181954156346735	-0.178692008437925	-0.161155233867825	-0.172851918994911	-0.154745220063527	-0.18813239245126	-0.209065717435998	-0.145656748915999	-0.149185391389758	-0.124983669158377	0	-0.115403532409617	-0.147847513747752	-0.202138151331703	-0.133709074738278	-0.141120516890536	-0.14686770070337	-0.157175125738865	-0.201915781446737	-0.160314783580882	-0.17440108286241	-0.119651196710746	-0.151777348519246	-0.129594701573416	-0.164405650611888	-0.206958625144814	-0.0903346451750667	-0.0834947524459552	-0.143801668004752	-0.120791718957767	-0.151535295678371	-0.175472638234329	-0.164075579150843	-0.190282533922911	-0.168095283379528	-0.147572902588326	-0.192708295152755	-0.148945314996361	-0.13286416687352	-0.203153213622624	-0.152009527429935	-0.2028412946705
700110161	-0.203495885758884	-0.120595562698093	-0.11875131653097	-0.233477099115356	-0.158976129247313	-0.110011850782089	-0.207173218473378	-0.102148929964294	-0.177120973881411	-0.0952941692057037	-0.131211985350252	-0.152192711563985	-0.113261165534644	-0.102735796776936	-0.111905657439926	-0.166358238432699	-0.104142501175763	-0.147312191072733	-0.184753337181043	-0.179479230001136	-0.195460698844674	-0.153452927220933	-0.165247603668537	-0.193288172165426	-0.215231888820343	-0.182020971423215	-0.119167753462166	-0.122048810816601	-0.115403532409617	0	-0.11203098965631	-0.171281762600617	-0.130851678206914	-0.0964934237410126	-0.181578487427717	-0.167191016826915	-0.160168620740982	-0.112445410298556	-0.178460602617753	-0.13626233632403	-0.160552224397517	-0.100085586841895	-0.148204936162367	-0.175863220440023	-0.104826761708155	-0.132533864057922	-0.140876736976848	-0.105963576058977	-0.112806062379641	-0.128203064781218	-0.138775115100247	-0.198839051662908	-0.206500842791561	-0.151673104179351	-0.22837958518092	-0.106882952722771	-0.153447597294339	-0.210327852010439	-0.122556634246538	-0.194838139460656
700023496	-0.18929431231381	-0.111548964370547	-0.111245244960982	-0.232641300886708	-0.16449721943857	-0.089368460581331	-0.19312003477514	-0.115955322028403	-0.161214102591092	-0.0779737868149978	-0.0842683494798502	-0.111483352026711	-0.107344353017631	-0.0932317113537671	-0.133677052310816	-0.130542073324533	-0.0950174981522767	-0.0991736550976695	-0.155409865350362	-0.173244176861438	-0.164218302697717	-0.120647537443832	-0.152484943564052	-0.172459353493525	-0.193306165806065	-0.198677010326732	-0.105111610494749	-0.162408031837854	-0.147847513747752	-0.11203098965631	0	-0.145632003446738	-0.0951401407890195	-0.0790730109923385	-0.190521199990129	-0.143948685922266	-0.128885088404279	-0.108021226334913	-0.169065266764659	-0.148837983195597	-0.13314333205066	-0.102261099305577	-0.103535777205608	-0.153052863428087	-0.103719806680766	-0.119786008425642	-0.110728854414539	-0.102553991321317	-0.0717751547252327	-0.114657829719361	-0.109769162214715	-0.206210854030284	-0.204764955061095	-0.112986340263089	-0.220263294011346	-0.0928853277836488	-0.140832984619499	-0.196193056094433	-0.11633603081668	-0.179527270603503
700034628	-0.165046268407286	-0.15791122201862	-0.121076663381919	-0.205694637237044	-0.208678774484594	-0.14857159889411	-0.122467667451646	-0.170672413825578	-0.11451102264447	-0.149021652849092	-0.108805652124315	-0.110166844670649	-0.154791901929339	-0.167363559797135	-0.159346788732024	-0.114021879485116	-0.175025818909259	-0.165738151766163	-0.12752945864095	-0.137878620455534	-0.1198612809195	-0.066839068745161	-0.158062558246259	-0.157607705662354	-0.115284129386896	-0.194484323287119	-0.168292701819141	-0.189652793481751	-0.202138151331703	-0.171281762600617	-0.145632003446738	0	-0.115098875167933	-0.14316906878612	-0.194117096343216	-0.103171607984005	-0.190254723167418	-0.169722878145142	-0.163808478182895	-0.210379253861437	-0.174444418647302	-0.125588304735162	-0.148516611859718	-0.0962115296290992	-0.14518053789336	-0.172116505684876	-0.14078830634006	-0.13173827449209	-0.160809275777887	-0.0820209333339909	-0.11391106784897	-0.155877706342596	-0.17482218796846	-0.125275766028095	-0.206121968080539	-0.129571807866418	-0.147757923029793	-0.13693439589794	-0.0987147007389144	-0.112459624096139
700023645	-0.148748947039236	-0.112892015177578	-0.123461545151272	-0.181608786226403	-0.158714223788979	-0.131473076997475	-0.146943504546606	-0.128631851944655	-0.139417369014335	-0.103480977388488	-0.0784798992652936	-0.109958489959565	-0.119732717676293	-0.109574979557942	-0.151225151759313	-0.0970731814672002	-0.137449331687364	-0.144867053568296	-0.11782646285588	-0.121024141770845	-0.123664025978891	-0.0815133265050374	-0.132918781192342	-0.136586643714563	-0.147335569187577	-0.167404582116943	-0.115732343564149	-0.13027920685428	-0.133709074738278	-0.130851678206914	-0.0951401407890195	-0.115098875167933	0	-0.0964826868434515	-0.160674184952008	-0.102663686471069	-0.150051549591638	-0.148250301920752	-0.138319650499287	-0.164164951115829	-0.117092805495414	-0.0966088408151068	-0.101645722197698	-0.115916254722782	-0.0910631494184788	-0.114891017539997	-0.0985177699207388	-0.0955741273545265	-0.127564858398325	-0.110444784352754	-0.0954422787238564	-0.149802183189527	-0.152333109173154	-0.112281725164598	-0.189288375060431	-0.0950058092625455	-0.116147927192976	-0.144769890409462	-0.101865496662179	-0.141120005558543
700038744	-0.190408574011921	-0.128071116603806	-0.0922738503972023	-0.233453602869442	-0.162826484300288	-0.0673944199323935	-0.203494739198076	-0.110794978013725	-0.167368909106227	-0.0777743960520806	-0.0972394454223016	-0.106579188404081	-0.103409582409509	-0.103351594781062	-0.125820204426822	-0.13898604226815	-0.102781603053268	-0.101074595082047	-0.161705259343616	-0.181946508487396	-0.184672739169061	-0.120172045523644	-0.16669846285881	-0.176639713018812	-0.203250138950976	-0.190419060443711	-0.107683859352137	-0.148629791057254	-0.141120516890536	-0.0964934237410126	-0.0790730109923385	-0.14316906878612	-0.0964826868434515	0	-0.190307968286278	-0.150684736014161	-0.132322797290772	-0.083658722223294	-0.178866496254816	-0.147737716787799	-0.145634887819636	-0.0805470975304067	-0.115987760437331	-0.162186501070937	-0.102513030490877	-0.125005223740502	-0.128317586196029	-0.0855324714208687	-0.0873279694620905	-0.104374709873217	-0.113105796234429	-0.211786945758486	-0.212303882271517	-0.1334565500722	-0.225424536220178	-0.0858013011723722	-0.156528346314703	-0.206349476921883	-0.111289227558627	-0.194958837232993
