700108602	700014971	700033565	700109389	700023058	700023927	700106341	700114221	700023543	700023439	700016978	700024192	700113058	700099448	700109870	700033928	700023693	700109627	700095416	700110425	700111580	700111302	700098605	700111991	700108960	700024452	700032931	700095837	700024548	700110161	700023496	700034628	700023645	700038744	700038485	700024743	700099596	700110760	700101587	700106399	700032322	700095653	700021312	700101230	700023590	700038905	700033136	700023382	700096424	700105469	700016908	700096053	700108479	700109569	700033814	700016125	700109756	700102665	700101777	700109455
700108602	0	0.155265634835252	0.158258468007611	0.0953775735053599	0.110783504690003	0.156710794919251	0.0826091639932424	0.175898542400245	0.0862411165301465	0.162316557296365	0.123136018994216	0.153347712387761	0.155525329721664	0.146914196893624	0.156433551826517	0.103274059769189	0.164757377898931	0.156147103780646	0.0959263009991876	0.0899988473405247	0.0886279703783846	0.110372306492984	0.101913701877843	0.074381668048021	0.0884087179395972	0.10857148204383	0.157907200398499	0.137226658844716	0.137546275690393	0.154775188961985	0.160149563960117	0.118005533336784	0.120907728023516	0.148521019005579	0.121517747120072	0.112483223609804	0.126648165736618	0.166436497431306	0.0977605412473062	0.176841450092257	0.105656085701959	0.151910014338681	0.123502964434997	0.113960953588527	0.141576098209336	0.135213778848537	0.121358264467473	0.154837182372409	0.147437470143622	0.14038987974306	0.117457611754008	0.0864223174382581	0.0841108400641364	0.103209593278281	0.106168273691846	0.151320030217982	0.101080618326127	0.0727572972142113	0.128205223203141	0.0949470559078492
700014971	0.155265634835252	0	0.145446785486552	0.170220046929777	0.144890441866727	0.147662278261691	0.170714691389329	0.143450233964983	0.155391562872939	0.133901272954662	0.140215882294048	0.158183531335315	0.133738616033399	0.131864753081234	0.155094991857871	0.155987562277869	0.136664235191829	0.16614158975087	0.159846529322544	0.15830742210068	0.153300472592684	0.14416773508366	0.140414031716498	0.166713413965821	0.170172962186196	0.150520729908054	0.122959028206694	0.143152480690598	0.129633920145303	0.14443828020037	0.14164608376763	0.153492769917434	0.127903373791375	0.138887874506947	0.148044332431334	0.134720527118673	0.143440262419799	0.15827305754328	0.165355040348166	0.14310247165357	0.15630002598638	0.143955349726197	0.151283700073061	0.149686904211564	0.131862994142429	0.138578906069416	0.123923834623791	0.15275063730236	0.138145068867231	0.146432923193366	0.147802582921524	0.170944056979138	0.156143100217959	0.143026672550659	0.183265859356255	0.117859153037264	0.158806032286216	0.164539900745614	0.138135635506687	0.154870510827808
700033565	0.158258468007611	0.145446785486552	0	0.150193890797546	0.142891638151457	0.0619597773909607	0.145936881666682	0.107646409335524	0.154070792650757	0.0879106497874867	0.100077914428178	0.0645576858403133	0.109959391675709	0.116324667649389	0.0898954310728651	0.116128733039938	0.0992184013770631	0.0979101047582676	0.146680217757939	0.145848091883448	0.144512384232575	0.103603442343459	0.137980877069388	0.149981359526359	0.14574426244754	0.171198596226621	0.139738162735048	0.153416071695139	0.118274559056199	0.0977424730174106	0.0930397050168191	0.107946310161936	0.114450329123562	0.0810993473268344	0.148582959220774	0.10968266446268	0.128359015426472	0.071603857488289	0.168729906656771	0.111036613332332	0.144874810520146	0.084941074225326	0.121895798316532	0.133104504658432	0.110198408287046	0.115871833704234	0.140000488858656	0.0873451237450925	0.109085789235315	0.0802369494168534	0.0807216197360548	0.174377258229833	0.15501422253454	0.118109270945318	0.185371219648143	0.107318088564046	0.134631597220048	0.161923486297286	0.0859105488151236	0.137946616052511
700109389	0.0953775735053599	0.170220046929777	0.150193890797546	0	0.130827253671738	0.160098913220859	0.090348627523898	0.17625005386218	0.131699057933248	0.170303294005855	0.141143044606161	0.13732914744925	0.166369992353586	0.148697197145524	0.140631589311714	0.127535851473196	0.17480882883868	0.182072902072812	0.12710350077677	0.097848613433504	0.105374831062997	0.13369914785524	0.0995204424790259	0.110991821935422	0.100912185213768	0.122278489323287	0.175060461953287	0.156345375184324	0.133613708580814	0.15473728417211	0.171315591669113	0.133052249984613	0.136819731195511	0.150265934566008	0.122185823819046	0.118801094901016	0.162537709822354	0.158015406152045	0.126125146723121	0.16409554944587	0.130351654965198	0.15410960964003	0.150152571800068	0.130959717027317	0.143695628574317	0.142190282796547	0.152575857845007	0.159531857532357	0.154005438671729	0.129147204329416	0.113999545781918	0.101679552613158	0.0757002586207458	0.138239112378871	0.116968336102934	0.160431493449731	0.102447341966956	0.091443285975515	0.123208696952905	0.0975434951812377
700023058	0.110783504690003	0.144890441866727	0.142891638151457	0.130827253671738	0	0.136632383636895	0.104311348399765	0.160887721727559	0.102103687384283	0.141324372848399	0.125000260550328	0.142717571625352	0.144593868621028	0.122475316382285	0.137943020571592	0.115110746027179	0.152001101242627	0.149226815432013	0.124385877834846	0.113251732769957	0.116282694501879	0.122311679416208	0.114778662117476	0.116273103311478	0.124383850298492	0.0926395420989116	0.152489280711856	0.142688680000269	0.123034195206457	0.13386259840679	0.140856775244507	0.133502940346938	0.119034006322904	0.126088415102819	0.0965991151029131	0.115090971471626	0.117943083754853	0.136771688538556	0.102633062758278	0.147434659184061	0.122572436305225	0.13498749528341	0.114921980106418	0.122818772773279	0.12117094959046	0.114593590241425	0.118038060723958	0.139865712698665	0.123327683963672	0.134461485439848	0.122498325443274	0.114220458951444	0.110601189609564	0.115759059033841	0.128821479554531	0.145163977008512	0.119547172878486	0.117939833328302	0.121365564897981	0.114436576832985
700023927	0.156710794919251	0.147662278261691	0.0619597773909607	0.160098913220859	0.136632383636895	0	0.149367881943553	0.100723141717045	0.147703857987497	0.0839331504165063	0.111687811921401	0.0801901547244863	0.101981295865383	0.09745319617225	0.0799535399634733	0.113717165177454	0.0897640052915529	0.0879480166553665	0.150278181454065	0.140599504862814	0.138920951497228	0.103942523743581	0.134105783564015	0.154757948462437	0.141846826890123	0.173708110637979	0.137994266870567	0.158041946158906	0.110062810027496	0.089627812715522	0.077048896200293	0.114005998277557	0.117753853783533	0.0769922183960148	0.154754577948603	0.111220657222965	0.116666487131004	0.0653393164119581	0.167829428490414	0.107854180551417	0.141256097563595	0.0780080533206067	0.118855510420599	0.133687549361643	0.100473206931605	0.118808521689697	0.136056232839458	0.0825435606490929	0.0871785540469747	0.0830311949884635	0.0949740814447875	0.170583543593305	0.155906642481075	0.109053151278611	0.188431204065715	0.102423883272391	0.124295849994142	0.158124277540663	0.0912523799408415	0.140200263923264
700106341	0.0826091639932424	0.170714691389329	0.145936881666682	0.090348627523898	0.104311348399765	0.149367881943553	0	0.174568834520664	0.0824597507637763	0.164884930571401	0.121249076633759	0.128950489802794	0.159686985771456	0.145660010851816	0.140634210916354	0.10835530762354	0.168467487762502	0.172901826221616	0.113367080885075	0.0830657813261055	0.080158067761582	0.102501011068678	0.111083473733267	0.0971417715718546	0.0675918037072494	0.125375534196621	0.182130507082664	0.161395206599855	0.142051913281563	0.152937748993855	0.158386979538565	0.0820230219363716	0.116138050416874	0.138380134201679	0.131134788672992	0.0927739316632567	0.148393045132481	0.15948593834272	0.0954126094790877	0.169335406904697	0.119244213704186	0.141458170794725	0.123405959880275	0.103207685278653	0.137388593283635	0.138525126733331	0.136089140228309	0.139680662653242	0.152685177591496	0.11487357566395	0.104662486271878	0.0771243057496716	0.0880706263123805	0.117866486983907	0.127208792394949	0.150834348661508	0.0937527279773079	0.067657614734503	0.114516163254996	0.0719205488844815
700114221	0.175898542400245	0.143450233964983	0.107646409335524	0.17625005386218	0.160887721727559	0.100723141717045	0.174568834520664	0	0.169616104721989	0.086720627978593	0.132150964606376	0.11208314178454	0.0905729595242595	0.146381614908799	0.0964897389539798	0.142377744820905	0.076836667311241	0.136016724300761	0.167444950939253	0.159528666999687	0.159768350440434	0.133788323940167	0.166078235390305	0.172573399126532	0.170270355608156	0.182446525805514	0.152015384128855	0.149095666610026	0.11486019084747	0.115468362052633	0.121928016452157	0.140504308013526	0.121473163695326	0.109886785795066	0.172390726363993	0.131922840251707	0.148446125439032	0.101723300472368	0.1841067089375	0.0883210488418385	0.154377946400059	0.0942754003508798	0.15353582892453	0.140340872847545	0.102079750712283	0.126246436415423	0.148244980612183	0.0843809133494954	0.128101199280988	0.107394938133784	0.130113845303171	0.195977362335915	0.175493691498031	0.148391598977872	0.209075292225751	0.0912008657245232	0.142757078355131	0.185910413048686	0.11759673224863	0.161889039407939
700023543	0.0862411165301465	0.155391562872939	0.154070792650757	0.131699057933248	0.102103687384283	0.147703857987497	0.0824597507637763	0.169616104721989	0	0.154960832196317	0.121148178497755	0.138568707016918	0.148787655748766	0.142627537183718	0.143828046581976	0.101126353331596	0.160438736852803	0.149758655633427	0.103218016018043	0.101305662133736	0.0967238914857291	0.0992759234751541	0.108529154020643	0.0940726277097657	0.0954424475749919	0.105955364451135	0.152749660807191	0.129668028808477	0.153662173842366	0.150237836362429	0.150300816254562	0.0906664166670743	0.110637920445043	0.143119190236534	0.114817794482604	0.11380946428612	0.128624891084491	0.15819274818113	0.0901586826856088	0.16747954881531	0.106533479966375	0.142110391906044	0.120192369444944	0.0897349761671124	0.139857038407696	0.136116048481265	0.109757532079476	0.142022489678742	0.151608855778101	0.123206707771205	0.116994446124477	0.0923194518424094	0.102538760911733	0.112323913034035	0.125442397865176	0.143193406654713	0.113587155405805	0.0831834264536062	0.12552692571051	0.0873975808906381
700023439	0.162316557296365	0.133901272954662	0.0879106497874867	0.170303294005855	0.141324372848399	0.0839331504165063	0.164884930571401	0.086720627978593	0.154960832196317	0	0.111549078738148	0.108389663870792	0.0941016463023775	0.126874220651637	0.102046499634756	0.134876687076295	0.0759831767992251	0.113439283676804	0.157630277945034	0.152378484173935	0.14659058153672	0.121574350152179	0.146713920472263	0.15566597055988	0.159950287950713	0.169994259358721	0.135121976415149	0.140857206374358	0.0999401039690634	0.0943183769658574	0.0951192465019522	0.130225909196956	0.111959400055004	0.0801789915374405	0.148217132732465	0.115702942805628	0.121295459587011	0.0841061252462136	0.169920415746138	0.0899685111003294	0.136536249991842	0.0907270703616216	0.132941641895543	0.1418739814094	0.0937497431489234	0.0969773981594023	0.128417365750229	0.0856283724983439	0.104792274867683	0.104314820006242	0.114111804219316	0.180992365771185	0.164227458765146	0.118263896430812	0.191112346026211	0.089562818004782	0.137763179689621	0.171972706174106	0.110574397418581	0.155681072700016
700016978	0.123136018994216	0.140215882294048	0.100077914428178	0.141143044606161	0.125000260550328	0.111687811921401	0.121249076633759	0.132150964606376	0.121148178497755	0.111549078738148	0	0.107012619093559	0.119818337739912	0.121945300025432	0.127373049174927	0.0948684664604431	0.121203833830068	0.117248303766323	0.120773868408381	0.113887668453844	0.111373269080283	0.081506127174157	0.128370399894297	0.120126692346281	0.114701665326445	0.150157235670649	0.138919943779758	0.133059163772787	0.124546516522942	0.121823388120973	0.107718815444573	0.0966053943664564	0.0782914815389311	0.090390411560733	0.14270201410429	0.0957246684489877	0.116302180644539	0.124974915736372	0.13084653610032	0.137759800613963	0.10671330387048	0.106742457300822	0.0973058944526203	0.114067976369265	0.115457578016277	0.115371804867491	0.126233872710366	0.111273564852925	0.111612207439356	0.0955865533429507	0.0895314672388133	0.143925192327666	0.132639897874663	0.0928511982670878	0.154784349798004	0.111213631175664	0.110169999818034	0.129852876390592	0.10113821392533	0.128213469518263
700024192	0.153347712387761	0.158183531335315	0.0645576858403133	0.13732914744925	0.142717571625352	0.0801901547244863	0.128950489802794	0.11208314178454	0.138568707016918	0.108389663870792	0.107012619093559	0	0.0929538069903783	0.13493229208009	0.0752957903766629	0.104117192969354	0.111113197896804	0.117192031648827	0.133314342840431	0.130429923327916	0.128132461065104	0.0837604728858841	0.135244704007183	0.150277813130958	0.130551969897779	0.166955411437707	0.148172008669774	0.148198379418895	0.117850016572844	0.112180841632765	0.106261201620467	0.0868687692353959	0.0991907233473632	0.08406692496744	0.153701596410715	0.108316323625598	0.139341707044526	0.0870016273677433	0.163029131472312	0.101613202303007	0.139010668773252	0.0702576949917184	0.140000746633721	0.114313277508492	0.095746564892903	0.11948636412124	0.143199501929372	0.0730129204113271	0.124345023603593	0.0595596843760929	0.0657837564246999	0.164299444033563	0.147563287547019	0.128655385995199	0.185492944315736	0.0906974120122813	0.11866629548162	0.150898583845661	0.0783575273468367	0.122399683296798
700113058	0.155525329721664	0.133738616033399	0.109959391675709	0.166369992353586	0.144593868621028	0.101981295865383	0.159686985771456	0.0905729595242595	0.148787655748766	0.0941016463023775	0.119818337739912	0.0929538069903783	0	0.132308761307484	0.0868789139602554	0.119108057599075	0.102206538665582	0.131246828050544	0.153827774594338	0.143271984056648	0.145270088370025	0.112307019872614	0.149489899209308	0.159302498089942	0.15824740657926	0.168918669857395	0.129142649129328	0.1217413061395	0.103701397271743	0.10732241124524	0.11070673541959	0.120850039742505	0.116197509870115	0.0902166719190208	0.159772211317417	0.121407026614435	0.134018768483751	0.114042201201848	0.169793017905727	0.0862459902064459	0.140689521694286	0.071379881141846	0.148924101913686	0.137799353148522	0.0958952194006707	0.110359354620715	0.144119441325733	0.0786184274256193	0.117704689998928	0.0960605232350004	0.111544537230273	0.177040442004667	0.161338199878786	0.140931201619921	0.190649476345971	0.0778588744009199	0.132041051845584	0.168623329863964	0.103293127990118	0.144803928013936
700099448	0.146914196893624	0.131864753081234	0.116324667649389	0.148697197145524	0.122475316382285	0.09745319617225	0.145660010851816	0.146381614908799	0.142627537183718	0.126874220651637	0.121945300025432	0.13493229208009	0.132308761307484	0	0.124674634280132	0.133190542283249	0.118038703948192	0.120252286531055	0.140803391305699	0.134744405573585	0.12857258981418	0.12645198284609	0.110030714629219	0.134281440782324	0.1461704792914	0.135514851545629	0.126846112248907	0.154981042926885	0.11664020458393	0.101334297210034	0.111328722488015	0.136372200375324	0.130587650801953	0.10605867326124	0.130005589317043	0.122986984103127	0.123508064310715	0.115443834934007	0.145735679157548	0.142766664533799	0.138162353043873	0.125312492649534	0.116712655064356	0.141431636393062	0.121563293341495	0.125443204785203	0.120623430261804	0.135174135532639	0.0809295905130083	0.119630756083083	0.118933580344015	0.141027721203166	0.138146307529691	0.117024685555237	0.151745581864959	0.130313943526651	0.119122879950904	0.139271116629482	0.103278524600169	0.133907128183921
700109870	0.156433551826517	0.155094991857871	0.0898954310728651	0.140631589311714	0.137943020571592	0.0799535399634733	0.140634210916354	0.0964897389539798	0.143828046581976	0.102046499634756	0.127373049174927	0.0752957903766629	0.0868789139602554	0.124674634280132	0	0.121861363915841	0.104059245312187	0.131047154342553	0.151698199775209	0.132324972952281	0.12805773012655	0.107880590239633	0.12650573962112	0.15546807534696	0.138442601593634	0.167059432851459	0.142570339574265	0.145334503159202	0.10513466696696	0.0900397362089232	0.118697412644127	0.107243585214526	0.123868377082719	0.100984713354609	0.159670471406826	0.11089266998065	0.141615411941054	0.0751122237954756	0.168010288401515	0.084863901436694	0.147638662836154	0.0766437310920486	0.149242611473813	0.124407316745946	0.0930581530615882	0.116975871911495	0.134083977817977	0.0740265383799452	0.115004981963376	0.076797646996911	0.0961629367534434	0.163739778160186	0.144415827012608	0.134054950586731	0.185044197230186	0.0963595350472123	0.111438860040974	0.15284548971701	0.086094495028856	0.120740890171504
700033928	0.103274059769189	0.155987562277869	0.116128733039938	0.127535851473196	0.115110746027179	0.113717165177454	0.10835530762354	0.142377744820905	0.101126353331596	0.134876687076295	0.0948684664604431	0.104117192969354	0.119108057599075	0.133190542283249	0.121861363915841	0	0.134851270666264	0.119845144137657	0.102188828753454	0.105403425674499	0.100326488861477	0.0865269048746711	0.121267126878298	0.093490413252524	0.109290600758761	0.1337192141976	0.145252552653011	0.119718860451331	0.130582511271779	0.134664407094511	0.127263826643882	0.102809211552995	0.0978541071566877	0.11519468550789	0.128520335714252	0.116605775791105	0.114509802421298	0.137279201065223	0.117303632287242	0.145381802051406	0.0952494407509013	0.107133779681183	0.108306354787701	0.110451183736431	0.113390153154951	0.113848950238101	0.112481462708206	0.111681587855021	0.130409943269334	0.102282564843644	0.0812140889344915	0.122423075811384	0.11295733735939	0.103743107241907	0.140932720340646	0.111831142970507	0.110752898185455	0.10482620681547	0.105578767813683	0.102344011992159
700023693	0.164757377898931	0.136664235191829	0.0992184013770631	0.17480882883868	0.152001101242627	0.0897640052915529	0.168467487762502	0.076836667311241	0.160438736852803	0.0759831767992251	0.121203833830068	0.111113197896804	0.102206538665582	0.118038703948192	0.104059245312187	0.134851270666264	0	0.122345948111898	0.161328455045297	0.152724144836758	0.148700141771253	0.123762321825485	0.149477080957965	0.167448607556749	0.165689206955709	0.179077149348446	0.137624787807509	0.151007618235567	0.112423731580649	0.104136232732421	0.0966309610098899	0.13277642456953	0.124825866014521	0.100710801714013	0.162134698990605	0.123581481968812	0.127586725585132	0.105093704133865	0.171437158292848	0.101568086345482	0.143444519328998	0.096039815403741	0.130908385675336	0.142815582789293	0.0992749431542746	0.107907467890506	0.129076291130552	0.0886913448295138	0.10881726028776	0.107231667048552	0.123501578502237	0.187484494328714	0.161239189737197	0.127142977169753	0.201908525659089	0.102383079855665	0.138578736543497	0.1788162872758	0.116289446575568	0.155746779179901
700109627	0.156147103780646	0.16614158975087	0.0979101047582676	0.182072902072812	0.149226815432013	0.0879480166553665	0.172901826221616	0.136016724300761	0.149758655633427	0.113439283676804	0.117248303766323	0.117192031648827	0.131246828050544	0.120252286531055	0.131047154342553	0.119845144137657	0.122345948111898	0	0.156084849498694	0.152129302908829	0.154007709941449	0.120686793589317	0.144961293838966	0.144368223220582	0.158023958720266	0.161505827917661	0.131102755883268	0.150605962565355	0.145333749100495	0.126033236160816	0.0942612317980131	0.136072920539796	0.127776609116564	0.107543260280328	0.158016380557391	0.140462545757218	0.115678201688302	0.0998530165372231	0.173193779273242	0.145355082720546	0.148177135552251	0.108500980967618	0.115569690688645	0.133362231135582	0.13698299181541	0.137887147983424	0.140479290560105	0.129769265275846	0.0980052659093931	0.124240417845957	0.115812991563255	0.1815363574496	0.167437416162206	0.114570962513844	0.178470841511648	0.133427050727302	0.152225129778379	0.172297086241048	0.122377711199181	0.16336475380396
700095416	0.0959263009991876	0.159846529322544	0.146680217757939	0.12710350077677	0.124385877834846	0.150278181454065	0.113367080885075	0.167444950939253	0.103218016018043	0.157630277945034	0.120773868408381	0.133314342840431	0.153827774594338	0.140803391305699	0.151698199775209	0.102188828753454	0.161328455045297	0.156084849498694	0	0.120476057848749	0.104251757805227	0.116194053570655	0.127325042908621	0.0966883837626688	0.117573693332783	0.119413065612306	0.155835473509676	0.139195643755476	0.145516621829296	0.160716216596329	0.145835647864421	0.125130376306992	0.112846302626713	0.138469772819281	0.127175647950348	0.127379723070487	0.120794951507785	0.155499324060224	0.105549958931389	0.168044871370476	0.0987754623515328	0.147144745391847	0.107085958947774	0.120004847520004	0.136421376562213	0.130037455505376	0.119300161892403	0.147736488513454	0.141507967888245	0.129556077937664	0.105355648376369	0.120812590448165	0.119595593595097	0.108153754841906	0.127447330969078	0.142230471218431	0.123009515467025	0.103855756092824	0.126497452627502	0.117001369437289
700110425	0.0899988473405247	0.15830742210068	0.145848091883448	0.097848613433504	0.113251732769957	0.140599504862814	0.0830657813261055	0.159528666999687	0.101305662133736	0.152378484173935	0.113887668453844	0.130429923327916	0.143271984056648	0.134744405573585	0.132324972952281	0.105403425674499	0.152724144836758	0.152129302908829	0.120476057848749	0	0.0846415309898076	0.103171408001037	0.0978287858664739	0.111177923575972	0.061699795168738	0.12564093974137	0.154890904679319	0.130372143327439	0.126568327141795	0.125433843158998	0.150988599635966	0.105556094605371	0.104530729245259	0.127744350673647	0.125363740531444	0.0881074509086218	0.134302431229326	0.152438167872827	0.118386544551747	0.158082933096872	0.113842445832439	0.122996960078674	0.127507913429506	0.0893204283723623	0.123554114959306	0.131200471917411	0.125035229053098	0.135024800225373	0.135807952146922	0.120117115317075	0.108891039046203	0.0902815078686876	0.0674256609327323	0.119621611877569	0.129628920999327	0.132550489382836	0.0751068335084946	0.0793879614427887	0.106866905131595	0.0899252165066019
700111580	0.0886279703783846	0.153300472592684	0.144512384232575	0.105374831062997	0.116282694501879	0.138920951497228	0.080158067761582	0.159768350440434	0.0967238914857291	0.14659058153672	0.111373269080283	0.128132461065104	0.145270088370025	0.12857258981418	0.12805773012655	0.100326488861477	0.148700141771253	0.154007709941449	0.104251757805227	0.0846415309898076	0	0.0890677805285452	0.101602088530885	0.0953574586864834	0.0658660587518259	0.129613877007144	0.162890699242308	0.14908718810779	0.118642661188992	0.14494867444548	0.140692386322671	0.0971227703889347	0.104485394837217	0.131316675189145	0.133626448476587	0.0975921392450255	0.149050377072507	0.146447267529909	0.11246236967977	0.15564542876451	0.110243453794667	0.128080698311486	0.119947409039867	0.101004342264275	0.118169200722641	0.120043658112914	0.11851324078291	0.126176006102647	0.127218854677899	0.109590968711187	0.103922825272666	0.0951519105832628	0.0895538459296589	0.0996487937887165	0.126014429045212	0.129891119343839	0.0678475179733144	0.0759347174670808	0.0943547784662232	0.0803595576324815
700111302	0.110372306492984	0.14416773508366	0.103603442343459	0.13369914785524	0.122311679416208	0.103942523743581	0.102501011068678	0.133788323940167	0.0992759234751541	0.121574350152179	0.081506127174157	0.0837604728858841	0.112307019872614	0.12645198284609	0.107880590239633	0.0865269048746711	0.123762321825485	0.120686793589317	0.116194053570655	0.103171408001037	0.0890677805285452	0	0.123832692786052	0.111036417672392	0.0870949134813377	0.143460983968707	0.149576414708062	0.136645597555346	0.118580147593758	0.118143519963858	0.115479420856982	0.0582912224322203	0.0811252844228053	0.0942390703034786	0.141435320029498	0.0996465402746328	0.126751831079003	0.124068597331609	0.127314577069723	0.132649865850848	0.119371837932774	0.0951730774833906	0.11827215606029	0.0924923339543356	0.106803164193518	0.127266101918052	0.12260711101999	0.0973474927797767	0.120154390907891	0.0657524281723138	0.0750104788640739	0.127604632767297	0.120288962935796	0.0900782991678666	0.154623688828642	0.100579530429552	0.0951267967842685	0.109647451780955	0.0762952578803302	0.0997844307122734
700098605	0.101913701877843	0.140414031716498	0.137980877069388	0.0995204424790259	0.114778662117476	0.134105783564015	0.111083473733267	0.166078235390305	0.108529154020643	0.146713920472263	0.128370399894297	0.135244704007183	0.149489899209308	0.110030714629219	0.12650573962112	0.121267126878298	0.149477080957965	0.144961293838966	0.127325042908621	0.0978287858664739	0.101602088530885	0.123832692786052	0	0.117493797831263	0.117987556303223	0.118304823584057	0.137570460344021	0.135355996119418	0.133931683886514	0.126480126073696	0.145345592447345	0.11694016221894	0.120104833417393	0.129683546389233	0.11983242178807	0.104504993270641	0.131377528122018	0.133338605745504	0.130152554578876	0.157569178552335	0.126492034041632	0.142048533883594	0.128313850552611	0.103610026527041	0.137811559671248	0.124766359903991	0.119751188683832	0.147512116471744	0.122297446690203	0.121964276418607	0.11974391614977	0.101881330416241	0.0968378662168021	0.118512050274572	0.11941763870997	0.143883505526235	0.115793899925781	0.100578495338888	0.11383185458149	0.0797389172729948
700111991	0.074381668048021	0.166713413965821	0.149981359526359	0.110991821935422	0.116273103311478	0.154757948462437	0.0971417715718546	0.172573399126532	0.0940726277097657	0.15566597055988	0.120126692346281	0.150277813130958	0.159302498089942	0.134281440782324	0.15546807534696	0.093490413252524	0.167448607556749	0.144368223220582	0.0966883837626688	0.111177923575972	0.0953574586864834	0.111036417672392	0.117493797831263	0	0.101754286095322	0.105823890841362	0.148931943127592	0.139254450380103	0.140492179314874	0.15820410381275	0.151162212103713	0.123382154660218	0.123945217131975	0.145345519710236	0.111865022004303	0.119121584192929	0.12806737413172	0.15663312174938	0.0969937465687637	0.176275638638524	0.111929729699924	0.150224332828795	0.117718883591545	0.126006972307429	0.141468394837828	0.132256655703728	0.107846577565004	0.152362829346235	0.139864492660331	0.134968970133509	0.110441853569266	0.100829458772801	0.105302691774542	0.103054433247807	0.0927590019853328	0.154201409076051	0.109342352597069	0.0846683272017094	0.125868899701564	0.109508544008918
700108960	0.0884087179395972	0.170172962186196	0.14574426244754	0.100912185213768	0.124383850298492	0.141846826890123	0.0675918037072494	0.170270355608156	0.0954424475749919	0.159950287950713	0.114701665326445	0.130551969897779	0.15824740657926	0.1461704792914	0.138442601593634	0.109290600758761	0.165689206955709	0.158023958720266	0.117573693332783	0.061699795168738	0.0658660587518259	0.0870949134813377	0.117987556303223	0.101754286095322	0	0.139351470701803	0.180773863837925	0.154558507008837	0.13680961160098	0.142057794649216	0.151932748351343	0.0885951000552633	0.116438972455003	0.134673134500244	0.143084586497902	0.100011062172269	0.149309589143764	0.155315562608717	0.116754809332999	0.167628288181051	0.124564697108754	0.136294999845652	0.129532051088831	0.0938923336472565	0.13381991078322	0.145336876204741	0.144255830150816	0.138425903266781	0.146744125163649	0.113399210389183	0.102785124101163	0.0911753845751766	0.0714868565284075	0.110026671041366	0.123662976949293	0.143293302633232	0.0769509950660633	0.067871455444427	0.106961834396038	0.081124216875883
700024452	0.10857148204383	0.150520729908054	0.171198596226621	0.122278489323287	0.0926395420989116	0.173708110637979	0.125375534196621	0.182446525805514	0.105955364451135	0.169994259358721	0.150157235670649	0.166955411437707	0.168918669857395	0.135514851545629	0.167059432851459	0.1337192141976	0.179077149348446	0.161505827917661	0.119413065612306	0.12564093974137	0.129613877007144	0.143460983968707	0.118304823584057	0.105823890841362	0.139351470701803	0	0.148808598489519	0.130461339740667	0.130042290221679	0.154661343209418	0.164452872520231	0.151060979614147	0.128710508045685	0.15517110878831	0.0830216021241541	0.128852873941771	0.146491514094443	0.172893838480343	0.109735783262239	0.176084121694336	0.135116157777359	0.162197912550122	0.135243981260608	0.129614478897803	0.140114452984273	0.127806513171822	0.118587387221685	0.173645864951088	0.145176776668487	0.154907394784621	0.1389798276176	0.106931964750449	0.108643418842398	0.131518261759844	0.100190280883563	0.157685904376229	0.133285022755583	0.124426265527264	0.138996331147338	0.133051741066047
700032931	0.157907200398499	0.122959028206694	0.139738162735048	0.175060461953287	0.152489280711856	0.137994266870567	0.182130507082664	0.152015384128855	0.152749660807191	0.135121976415149	0.138919943779758	0.148172008669774	0.129142649129328	0.126846112248907	0.142570339574265	0.145252552653011	0.137624787807509	0.131102755883268	0.155835473509676	0.154890904679319	0.162890699242308	0.149576414708062	0.137570460344021	0.148931943127592	0.180773863837925	0.148808598489519	0	0.131858965417981	0.143545769809481	0.136809310434607	0.138383502215026	0.159789523413703	0.13873613550949	0.131280060553401	0.148588465824296	0.140353885215712	0.129858484034597	0.139400651381511	0.155686640232959	0.140430548557752	0.150244587046422	0.133962618577826	0.141983513753268	0.149361225248069	0.143510302270346	0.13805908454921	0.115589878632337	0.145051053443703	0.12969963189543	0.139830889553605	0.144833829538591	0.172284188874553	0.160323821924482	0.127727335339011	0.160705685535429	0.129398210767721	0.158824831840483	0.171338090254299	0.136805618806531	0.164226719051582
700095837	0.137226658844716	0.143152480690598	0.153416071695139	0.156345375184324	0.142688680000269	0.158041946158906	0.161395206599855	0.149095666610026	0.129668028808477	0.140857206374358	0.133059163772787	0.148198379418895	0.1217413061395	0.154981042926885	0.145334503159202	0.119718860451331	0.151007618235567	0.150605962565355	0.139195643755476	0.130372143327439	0.14908718810779	0.136645597555346	0.135355996119418	0.139254450380103	0.154558507008837	0.130461339740667	0.131858965417981	0	0.126193517704788	0.123793883006043	0.15850643546887	0.142826469423843	0.125783622558213	0.135604670711671	0.128513484014092	0.132491601892076	0.120378033081098	0.162634122070089	0.139112513596341	0.150871910501349	0.122736005381629	0.131852721104997	0.142827089714216	0.126433824403024	0.12935636250275	0.127364385594351	0.12695860218565	0.148281647464173	0.147616157103909	0.146774162453588	0.136201548853711	0.153817564490128	0.141377960248648	0.147272400285947	0.147777512894391	0.127540385609913	0.145700000618868	0.152607935107793	0.133680429361224	0.147979646373345
700024548	0.137546275690393	0.129633920145303	0.118274559056199	0.133613708580814	0.123034195206457	0.110062810027496	0.142051913281563	0.11486019084747	0.153662173842366	0.0999401039690634	0.124546516522942	0.117850016572844	0.103701397271743	0.11664020458393	0.10513466696696	0.130582511271779	0.112423731580649	0.145333749100495	0.145516621829296	0.126568327141795	0.118642661188992	0.118580147593758	0.133931683886514	0.140492179314874	0.13680961160098	0.130042290221679	0.143545769809481	0.126193517704788	0	0.102192420956507	0.130142813920788	0.140696607571502	0.110839647069712	0.0939935281315492	0.11724572620857	0.103713207444966	0.142941528002077	0.116198687894835	0.149268981259601	0.100600526113221	0.131765713637604	0.0940521229802102	0.138545996079842	0.136056833054106	0.0737830518284063	0.0888428796254888	0.133695370283609	0.0989834390460873	0.111966261800508	0.114107870080616	0.109496912341357	0.149203691479271	0.129006743273975	0.127199892388796	0.155299580141997	0.10118650998998	0.106094751805576	0.146588075083135	0.103230983332783	0.140587198076054
700110161	0.154775188961985	0.14443828020037	0.0977424730174106	0.15473728417211	0.13386259840679	0.089627812715522	0.152937748993855	0.115468362052633	0.150237836362429	0.0943183769658574	0.121823388120973	0.112180841632765	0.10732241124524	0.101334297210034	0.0900397362089232	0.134664407094511	0.104136232732421	0.126033236160816	0.160716216596329	0.125433843158998	0.14494867444548	0.118143519963858	0.126480126073696	0.15820410381275	0.142057794649216	0.154661343209418	0.136809310434607	0.123793883006043	0.102192420956507	0	0.106719830523103	0.125703179139762	0.126620024081158	0.0852047708082737	0.149616016026272	0.117645131713117	0.120880576571107	0.0943745606152852	0.162455028300793	0.116163731701185	0.146056775947528	0.0901341643130751	0.138509786002019	0.128405641449229	0.102418200621476	0.124754319737142	0.142809387164255	0.108664622723205	0.0976379919462766	0.105422100947439	0.118081283197953	0.158043353248377	0.146171101011288	0.124641593381218	0.184155488132036	0.103224376673172	0.120392269613277	0.154997932555976	0.103788471156845	0.137440406573425
700023496	0.160149563960117	0.14164608376763	0.0930397050168191	0.171315591669113	0.140856775244507	0.077048896200293	0.158386979538565	0.121928016452157	0.150300816254562	0.0951192465019522	0.107718815444573	0.106261201620467	0.11070673541959	0.111328722488015	0.118697412644127	0.127263826643882	0.0966309610098899	0.0942612317980131	0.145835647864421	0.150988599635966	0.140692386322671	0.115479420856982	0.145345592447345	0.151162212103713	0.151932748351343	0.164452872520231	0.138383502215026	0.15850643546887	0.130142813920788	0.106719830523103	0	0.126721443818637	0.117725201188695	0.0902632431458743	0.154336487506863	0.118399436026071	0.116697525860223	0.0980181909516937	0.164962088786292	0.130620299185856	0.137066025984226	0.0989656087425493	0.109367480255357	0.139056364524726	0.110377111914658	0.118000243995397	0.142344154008055	0.106968799464964	0.0813338239815573	0.105299427104954	0.112509573402568	0.179424572758146	0.165974483674559	0.109784964934438	0.188777926242213	0.104030105442083	0.134833475626653	0.168518395318293	0.120925863848816	0.153517698373008
700034628	0.118005533336784	0.153492769917434	0.107946310161936	0.133052249984613	0.133502940346938	0.114005998277557	0.0820230219363716	0.140504308013526	0.0906664166670743	0.130225909196956	0.0966053943664564	0.0868687692353959	0.120850039742505	0.136372200375324	0.107243585214526	0.102809211552995	0.13277642456953	0.136072920539796	0.125130376306992	0.105556094605371	0.0971227703889347	0.0582912224322203	0.11694016221894	0.123382154660218	0.0885951000552633	0.151060979614147	0.159789523413703	0.142826469423843	0.140696607571502	0.125703179139762	0.126721443818637	0	0.0941604956305937	0.109968225090326	0.146065160608862	0.0820235434779836	0.138851137946565	0.126146529106501	0.133190492669704	0.138556700403868	0.126983956398295	0.102034837111421	0.126876476390518	0.0769849141771454	0.123066842965562	0.136418128578094	0.133210936027612	0.106414177364153	0.133802769597434	0.06955195121931	0.0833226320170695	0.117659736605945	0.124049554389225	0.112247226264875	0.163304011477382	0.111300766914921	0.104777568243441	0.100307214414752	0.0839524106905703	0.0786798934793434
700023645	0.120907728023516	0.127903373791375	0.114450329123562	0.136819731195511	0.119034006322904	0.117753853783533	0.116138050416874	0.121473163695326	0.110637920445043	0.111959400055004	0.0782914815389311	0.0991907233473632	0.116197509870115	0.130587650801953	0.123868377082719	0.0978541071566877	0.124825866014521	0.127776609116564	0.112846302626713	0.104530729245259	0.104485394837217	0.0811252844228053	0.120104833417393	0.123945217131975	0.116438972455003	0.128710508045685	0.13873613550949	0.125783622558213	0.110839647069712	0.126620024081158	0.117725201188695	0.0941604956305937	0	0.0897115370964986	0.12675539875372	0.0826410536462746	0.131356823797551	0.128112671261844	0.12712788169251	0.126333660392331	0.112270113791043	0.10285521823841	0.112177999648614	0.0907829503531848	0.0944575410970171	0.104448847580467	0.112677691787148	0.0995793931325775	0.117662686780786	0.0896062640262554	0.0905508894114413	0.131657464832623	0.129277778676772	0.109754152446551	0.152020752652779	0.0926099633971362	0.106451300093321	0.122045075498938	0.0928881279239894	0.119343923150483
700038744	0.148521019005579	0.138887874506947	0.0810993473268344	0.150265934566008	0.126088415102819	0.0769922183960148	0.138380134201679	0.109886785795066	0.143119190236534	0.0801789915374405	0.090390411560733	0.08406692496744	0.0902166719190208	0.10605867326124	0.100984713354609	0.11519468550789	0.100710801714013	0.107543260280328	0.138469772819281	0.127744350673647	0.131316675189145	0.0942390703034786	0.129683546389233	0.145345519710236	0.134673134500244	0.15517110878831	0.131280060553401	0.135604670711671	0.0939935281315492	0.0852047708082737	0.0902632431458743	0.109968225090326	0.0897115370964986	0	0.141997944903036	0.0984082023161499	0.117482119355677	0.090007146100289	0.16292282619881	0.0998961734417708	0.1296869109303	0.0783233436519424	0.115292990576974	0.122601922954326	0.0886348587578084	0.105746906275652	0.138100686197345	0.0773766090324813	0.0864509017121486	0.0841170092852241	0.0935168966119261	0.163737497180319	0.148693515258987	0.102897247978029	0.178143978443808	0.0838152487287004	0.121504548929659	0.151772754380193	0.0888484303397832	0.139583492653331
700038485	0.121517747120072	0.148044332431334	0.148582959220774	0.122185823819046	0.0965991151029131	0.154754577948603	0.131134788672992	0.172390726363993	0.114817794482604	0.148217132732465	0.14270201410429	0.153701596410715	0.159772211317417	0.130005589317043	0.159670471406826	0.128520335714252	0.162134698990605	0.158016380557391	0.127175647950348	0.125363740531444	0.133626448476587	0.141435320029498	0.11983242178807	0.111865022004303	0.143084586497902	0.0830216021241541	0.148588465824296	0.128513484014092	0.11724572620857	0.149616016026272	0.154336487506863	0.146065160608862	0.12675539875372	0.141997944903036	0	0.118219368047007	0.141485010355607	0.156778432091638	0.104277602678967	0.159410182984111	0.123952291709946	0.151002255508518	0.133449439662906	0.126816979629281	0.138346890396396	0.108388586561825	0.122897309016282	0.158737550164871	0.147028519546562	0.150875669052168	0.126023444758113	0.111193145964945	0.117810109032842	0.131122015955603	0.109449567313937	0.151743535294778	0.137796299943683	0.125792405249017	0.137031806174905	0.130609550942617
700024743	0.112483223609804	0.134720527118673	0.10968266446268	0.118801094901016	0.115090971471626	0.111220657222965	0.0927739316632567	0.131922840251707	0.11380946428612	0.115702942805628	0.0957246684489877	0.108316323625598	0.121407026614435	0.122986984103127	0.11089266998065	0.116605775791105	0.123581481968812	0.140462545757218	0.127379723070487	0.0881074509086218	0.0975921392450255	0.0996465402746328	0.104504993270641	0.119121584192929	0.100011062172269	0.128852873941771	0.140353885215712	0.132491601892076	0.103713207444966	0.117645131713117	0.118399436026071	0.0820235434779836	0.0826410536462746	0.0984082023161499	0.118219368047007	0	0.13715280110414	0.123815141549167	0.122598155648883	0.130149706284421	0.117256795964411	0.101816010476924	0.118518971535591	0.0925686208509325	0.101008508705554	0.107588752382621	0.120514667373884	0.102221159467551	0.117672818757046	0.0934640382699686	0.0977411016505255	0.109329362729967	0.106820033163093	0.10729135626162	0.139447220786757	0.110458646206856	0.0985431224353874	0.101909856245379	0.0927048391707406	0.0988346663774487
