700108602	700014971	700033565	700109389	700023058	700023927	700106341	700114221	700023543	700023439	700016978	700024192	700113058	700099448	700109870	700033928	700023693	700109627	700095416	700110425	700111580	700111302	700098605	700111991	700108960	700024452	700032931	700095837	700024548	700110161	700023496	700034628	700023645	700038744	700038485	700024743	700099596	700110760	700101587	700106399	700032322	700095653	700021312	700101230	700023590	700038905	700033136	700023382	700096424	700105469	700016908	700096053	700108479	700109569	700033814	700016125	700109756	700102665	700101777	700109455
700108602	0	0.255260862349779	0.327649052931499	0.213733217710805	0.19404259560828	0.30446002107273	0.107627126417098	0.326442362618355	0.155891064117168	0.292812172170531	0.214889861243433	0.342520440829952	0.32386632760366	0.234094232238749	0.335076309303846	0.20179119778492	0.298443887253052	0.286993071680601	0.134242461927233	0.11250896515358	0.175561035712091	0.261370865742842	0.108571074446865	0.100289050854167	0.171240848366886	0.172351193417861	0.25293620478041	0.316977412122944	0.270125387069134	0.326048730358594	0.286462272809459	0.253247203412488	0.247501500141602	0.280452000836003	0.186565861468879	0.138784102561387	0.255737849263357	0.311051966349984	0.134316211625408	0.370625076366664	0.178242191663252	0.33878785681429	0.212275000899314	0.196459664316911	0.303276500125067	0.233022532964402	0.198084714652323	0.324974753619082	0.246498071530265	0.320268445677083	0.290422997161538	0.114150851466472	0.122265141444071	0.160082647810916	0.118238832253262	0.30243839742983	0.171847477681554	0.133546785137939	0.296447489243333	0.153437772041461
700014971	0.255260862349779	0	0.29891262484367	0.347231451792636	0.167247922546896	0.246704278298471	0.274321012443688	0.186910819849091	0.222272590687527	0.193256325744054	0.197775349581885	0.326952932947407	0.211473727870521	0.146630971320669	0.294665749714938	0.257375347975908	0.181906976291473	0.285792266526918	0.241022527523261	0.236690645813806	0.272065853927541	0.266536097139998	0.218948535658469	0.254527448777278	0.325475499853293	0.174092731442584	0.130175280216459	0.188161634286867	0.135311605961426	0.171998662791171	0.194326280374135	0.293577840468146	0.185907023945606	0.182646880788265	0.167892601032692	0.212152390808061	0.23072065511007	0.261658010709015	0.195849777343464	0.229095609016195	0.174893488580726	0.214355644548742	0.17978756212697	0.254718938893796	0.191707440184184	0.192451054931897	0.171353496314454	0.226156843920464	0.196104903236916	0.30216130003472	0.319926265426499	0.235519567432831	0.261387918341267	0.218536349094527	0.295840909605052	0.192958361878892	0.25982307850819	0.259815214985787	0.272949647595554	0.269448157811757
700033565	0.327649052931499	0.29891262484367	0	0.439593393355699	0.304568244353274	0.0979618558775812	0.311758994800043	0.19131732608745	0.262757418102105	0.152784160965913	0.159585581178364	0.0755081121109465	0.183939315990263	0.229687602863393	0.18030333329249	0.163170197339511	0.188336533419548	0.128726702317274	0.2478013843802	0.302302445894697	0.244050155715017	0.104239501337634	0.322967742826596	0.288502945266148	0.270044731003814	0.348910883333987	0.248637920563847	0.354534462181987	0.287259478812292	0.209080338170132	0.171474358022016	0.179291701087133	0.162832284591541	0.142903823163968	0.346104355353792	0.255649309758458	0.260987490175644	0.154655153963665	0.273193777701226	0.246405507861322	0.25948940751853	0.139820376821355	0.255145470624945	0.243129518783534	0.206125204674667	0.203005183806208	0.219605941604367	0.153449472171894	0.162847373651072	0.0670816442189021	0.110094832424058	0.317365265626701	0.364501605645797	0.232035291303018	0.40275951336342	0.16552312219432	0.219560533043028	0.314636548800802	0.0950207074648246	0.268576904998289
700109389	0.213733217710805	0.347231451792636	0.439593393355699	0	0.320348406761816	0.430948319013488	0.209187010103151	0.417453149935736	0.306544477457912	0.405906579217084	0.349923774127905	0.451985340229078	0.417990157184829	0.363069414339012	0.444489111455801	0.342085993247661	0.407742019632471	0.428066247136527	0.313254809897268	0.214460019105745	0.298915807066572	0.388141994485172	0.209683059033644	0.271574230565468	0.279610204157651	0.262383944909357	0.376881767799743	0.412397791844194	0.337546779809751	0.419686669587566	0.400222241133767	0.384221992191551	0.35306070146474	0.391665748021278	0.258488533317363	0.268544682062008	0.381613287950819	0.439800002183543	0.274652434258554	0.427785581230251	0.294697067055938	0.428530636576487	0.339128110598775	0.323020786967499	0.393486416175506	0.357541322761407	0.336708832262205	0.419100140145965	0.382609828072325	0.436238646680739	0.409781469123496	0.208549274692813	0.13547371787118	0.316285775038941	0.178322765756847	0.404794176707712	0.282421949081998	0.226328103442592	0.409475229886613	0.280705787959302
700023058	0.19404259560828	0.167247922546896	0.304568244353274	0.320348406761816	0	0.246533951291186	0.211340403586159	0.232426513464211	0.167630072844875	0.225276856081314	0.181846985231008	0.313349237080417	0.240597180286715	0.146610524184183	0.288074984235279	0.221796446042383	0.202670479906133	0.242367883458787	0.167421978669354	0.184308417091919	0.215939848280652	0.264049737498787	0.188670661031837	0.172842404727229	0.275717944744614	0.148943119770496	0.159725210264688	0.26092246890381	0.197508642455249	0.229602823691347	0.19910607270618	0.267334586922339	0.185337677215501	0.210482765968518	0.170474974980207	0.190765136557997	0.156063719568617	0.221825787424823	0.13918817250309	0.287908698602842	0.123478721447098	0.242531648189791	0.109782096561651	0.223244031662351	0.211788652270253	0.186135452074048	0.145583246071004	0.243542620370076	0.185678867223579	0.304663804848772	0.296318261676385	0.17809720431917	0.220352072781883	0.158903080877247	0.240796478146036	0.219179054154652	0.231535161637342	0.204952853389396	0.265472780168909	0.207137544385695
700023927	0.30446002107273	0.246704278298471	0.0979618558775812	0.430948319013488	0.246533951291186	0	0.306447186545851	0.152801719306809	0.23163943006865	0.0915685339585015	0.131978614395353	0.139049720474852	0.141604903708371	0.157457042998201	0.170705145390607	0.161645306899202	0.140822189824144	0.0960569170790398	0.230635927459169	0.282270008547537	0.234653145280764	0.154027139046158	0.287267805042834	0.260830004083618	0.274787220850261	0.314547647353612	0.191992282836271	0.331294620863788	0.252386349877953	0.157676786130198	0.10224794480822	0.192147347899847	0.140121961143669	0.097706593938405	0.312026644644072	0.239078264011439	0.209280574126776	0.097373819012198	0.248793586942274	0.210980392379693	0.216677185778923	0.105540964266193	0.202953745218288	0.226357421441362	0.171349867508003	0.157841006043771	0.180707778884322	0.121138098285194	0.0858349258451817	0.122188535197378	0.178292429629441	0.297327125254303	0.348376522733424	0.203057620497828	0.375309870102676	0.11985116118515	0.208224378894602	0.293108345008784	0.10422198453756	0.255674171109835
700106341	0.107627126417098	0.274321012443688	0.311758994800043	0.209187010103151	0.211340403586159	0.306447186545851	0	0.302921099796675	0.134819850179973	0.279137085715922	0.212367844500301	0.309212491741582	0.299977999947468	0.255688279130169	0.32037426743779	0.196090082793402	0.285561617248552	0.31029699037437	0.144306478947366	0.0989628888031532	0.138987515247826	0.243164019285851	0.136544906243915	0.144106579854657	0.127660560114974	0.228168044775991	0.290453510856744	0.347226040333463	0.26993592188331	0.318615733356945	0.265846365949829	0.20662413806452	0.226619636691782	0.269892987918592	0.222386777927746	0.121848603494544	0.270487666408416	0.306377594541625	0.133388235783416	0.362294431867778	0.168958502489326	0.308110011809101	0.204070683880038	0.167626977917332	0.270874308300022	0.242578401744662	0.198470695362033	0.292202547301961	0.255478015922791	0.293229963902032	0.285491001406637	0.0879601942899745	0.120842540760058	0.154448687212881	0.161481116913932	0.276336461477509	0.1488161754474	0.10268419467755	0.270770605450116	0.100805779504783
700114221	0.326442362618355	0.186910819849091	0.19131732608745	0.417453149935736	0.232426513464211	0.152801719306809	0.302921099796675	0	0.255772759629187	0.104191684429261	0.206076879644713	0.224797762654313	0.0709184327894804	0.145574149983509	0.158861301334953	0.241168049856025	0.0725332507852222	0.223641744288582	0.274742587914983	0.269178617571176	0.279596046998111	0.240929007938516	0.304753374468868	0.299021534043517	0.348324571283619	0.291177929383941	0.154389940969766	0.264958100054577	0.176305075031123	0.0920896596948457	0.144673213806267	0.263287556928077	0.172440511162474	0.132388091615205	0.289586881432029	0.244672022399512	0.230726046791442	0.127193371046161	0.249616046985879	0.128754870069001	0.204810881081239	0.0877824332957585	0.217420043271298	0.263209356328993	0.11826528043927	0.157245582695503	0.189573873156494	0.100050260205345	0.159704344962953	0.21211619245888	0.276578999722937	0.283939773086587	0.326698397520027	0.243169133964784	0.392413190005149	0.0954862487245	0.225080089926602	0.309267571734552	0.174816126192117	0.285781746210163
700023543	0.155891064117168	0.222272590687527	0.262757418102105	0.306544477457912	0.167630072844875	0.23163943006865	0.134819850179973	0.255772759629187	0	0.207669161264166	0.139832391318861	0.271573802453134	0.25829394486115	0.201195486095969	0.28269950051934	0.138109502297834	0.229713101695598	0.242602403089106	0.0829195135595506	0.152173645140132	0.134335293055047	0.191977931619032	0.173993639717814	0.122988064722605	0.158461211752805	0.208343151821746	0.231871922529222	0.303528688895356	0.263956240307971	0.257053504996816	0.199086559191792	0.14786413882197	0.1721118981569	0.202459679138247	0.196312969151151	0.134578344249985	0.217726547000378	0.249553654221549	0.086735293014134	0.324975265945666	0.139065193236732	0.250892555137836	0.154956487496985	0.10784264290225	0.223361590179383	0.198577077378353	0.122283651466099	0.237680368897768	0.190491775503216	0.241418603194548	0.246386670108883	0.120407959880478	0.191583114438685	0.113423939920076	0.215641047210264	0.218923145298766	0.166019109198927	0.122328071975612	0.226050777147338	0.0954378674755146
700023439	0.292812172170531	0.193256325744054	0.152784160965913	0.405906579217084	0.225276856081314	0.0915685339585015	0.279137085715922	0.104191684429261	0.207669161264166	0	0.149921572948565	0.188397023338686	0.0901017805784305	0.125574398431958	0.16665490649904	0.186990019892806	0.0844298788526701	0.156078444176269	0.225101205980644	0.250963428015378	0.229632092395443	0.198074772204016	0.271486403664986	0.245004750921304	0.301816130412425	0.29173717597351	0.161232603890315	0.283168750954517	0.20013449129111	0.122591707930594	0.0905709507306727	0.22579417711541	0.14243312371313	0.0917918603765033	0.286703458593305	0.206111135890455	0.195931007485534	0.102541690665775	0.218228213695779	0.168354896590724	0.181558403920127	0.105300404415167	0.188924103888397	0.221485220870523	0.127525550435188	0.12432099688168	0.147601228230524	0.0957570900358291	0.0858619213924603	0.170412008872	0.222908716726681	0.266838585957321	0.319725542499842	0.18604493295346	0.357874973553843	0.078600501610223	0.183002693143877	0.272673508380558	0.146415620439208	0.240668139863768
700016978	0.214889861243433	0.197775349581885	0.159585581178364	0.349923774127905	0.181846985231008	0.131978614395353	0.212367844500301	0.206076879644713	0.139832391318861	0.149921572948565	0	0.180784123999715	0.207705181271295	0.16644022788382	0.243655556069213	0.0878529700276602	0.178322551144399	0.142752711347234	0.138605384614096	0.17521885549897	0.152593428306968	0.108066589232931	0.222990747954306	0.168453908490853	0.177578716818819	0.235464635868973	0.187282241691987	0.273837860582993	0.232194979463256	0.203943109121636	0.114158750668352	0.138931130114383	0.0721832220656655	0.105357520207584	0.241832441328934	0.1395554427286	0.18179451602183	0.192671748619038	0.143693547240806	0.276960799453189	0.143991243472504	0.156421859504716	0.127068278372195	0.136517121030523	0.171019304345318	0.163595432201021	0.113096546003617	0.173310435752144	0.118707047162166	0.169976957099266	0.162569367201951	0.197302376037886	0.251034855547912	0.132337423713019	0.284920460557427	0.156387027122811	0.173577816455425	0.191593924279141	0.145818869165922	0.174526506135397
700024192	0.342520440829952	0.326952932947407	0.0755081121109465	0.451985340229078	0.313349237080417	0.139049720474852	0.309212491741582	0.224797762654313	0.271573802453134	0.188397023338686	0.180784123999715	0	0.209657085091639	0.264575320529206	0.191365766849882	0.180588351423949	0.216520646929187	0.149890727331432	0.26336440298985	0.311731361151037	0.242771001785973	0.124771798258306	0.335932510178203	0.309193134478571	0.286247164692499	0.367161267005545	0.288850651316131	0.372562431851484	0.31147256756679	0.256127729071518	0.176081869399516	0.18519198715151	0.176883616614608	0.178448751920683	0.370403110769192	0.273370444506752	0.282839214031298	0.180801682550784	0.291354729286584	0.271819298770594	0.27447488353893	0.163153495845281	0.278127919860922	0.251016310567885	0.20742702121123	0.226058569744472	0.233088427321457	0.16615463674238	0.194206580531287	0.085821618013381	0.109461686031583	0.330638863157218	0.375199046393533	0.247510511507612	0.423627475780312	0.185609384884737	0.235809088150708	0.327288337584374	0.142158146750365	0.276220537488982
700113058	0.32386632760366	0.211473727870521	0.183939315990263	0.417990157184829	0.240597180286715	0.141604903708371	0.299977999947468	0.0709184327894804	0.25829394486115	0.0901017805784305	0.207705181271295	0.209657085091639	0	0.148878343768926	0.134784139816045	0.242434222798164	0.0940115450999198	0.219608356838577	0.278468414571681	0.270118920600641	0.271015899679001	0.238273018017246	0.303297333405278	0.299553730819152	0.348170644750554	0.310550467727541	0.174031395430873	0.281584678730248	0.186374186385192	0.119183665495519	0.133932531754176	0.263155330479706	0.179663730626678	0.13461235370799	0.307970684719168	0.252904440884379	0.234065599027464	0.119405890810593	0.246329092937733	0.119413825423497	0.216413507512043	0.0975679515955462	0.23698854157426	0.267524116827954	0.12336382355218	0.143832217791122	0.193617967111445	0.085740455650795	0.154445996755799	0.20322678485529	0.269009719162628	0.286482139531405	0.330949287436015	0.242892353226916	0.391916885450564	0.078013840718476	0.220631569249122	0.313235333350604	0.154029627754673	0.283407866484635
700099448	0.234094232238749	0.146630971320669	0.229687602863393	0.363069414339012	0.146610524184183	0.157457042998201	0.255688279130169	0.145574149983509	0.201195486095969	0.125574398431958	0.16644022788382	0.264575320529206	0.148878343768926	0	0.222294477853769	0.206825683603473	0.119769469064183	0.19405919117652	0.187628168632306	0.215096349300467	0.228446256083156	0.231045796157331	0.220638977467521	0.20318804476811	0.29677502340173	0.199297100868374	0.0927986650298554	0.249522807155465	0.158031790235173	0.142660910261788	0.124741384266437	0.258720030282787	0.141479543759536	0.123209532742291	0.217864879543965	0.199647275522081	0.165215803388084	0.160378588624471	0.18058825402365	0.206133528165801	0.144449977731962	0.165020832924876	0.13607228215697	0.238081794839621	0.14175516426894	0.118831153768429	0.121744153807029	0.158293026694283	0.101806968732729	0.233836734884705	0.253094262796676	0.221560904433473	0.270755896921215	0.167510099773879	0.28883864265444	0.134777298896705	0.188305114603335	0.243132024461905	0.196598922969384	0.234453143645425
700109870	0.335076309303846	0.294665749714938	0.18030333329249	0.444489111455801	0.288074984235279	0.170705145390607	0.32037426743779	0.158861301334953	0.28269950051934	0.16665490649904	0.243655556069213	0.191365766849882	0.134784139816045	0.222294477853769	0	0.26170034326329	0.149651148616079	0.251980522240121	0.289495112160697	0.321124055262644	0.265563370837851	0.25226669654181	0.317756784595354	0.328097157469564	0.3558186130986	0.357020067976874	0.256315384759187	0.360988661926179	0.246273414704396	0.19011732146662	0.207959236633006	0.278767867214154	0.248702944901426	0.213334832798818	0.355376118670234	0.288530453921094	0.286999155725602	0.134344698053348	0.291056743961688	0.173169055709744	0.273308157398525	0.169427068723634	0.296184187351298	0.295477049018599	0.187295659623259	0.165776046962089	0.239432497016497	0.142279966631172	0.195133554902236	0.19669186406935	0.271720885226579	0.330794977231869	0.366205511647518	0.255538928799467	0.412165975011234	0.165119613587401	0.231573472127276	0.356237318558474	0.162546362099333	0.298598092266447
700033928	0.20179119778492	0.257375347975908	0.163170197339511	0.342085993247661	0.221796446042383	0.161645306899202	0.196090082793402	0.241168049856025	0.138109502297834	0.186990019892806	0.0878529700276602	0.180588351423949	0.242434222798164	0.206825683603473	0.26170034326329	0	0.217243097305973	0.147168599926213	0.128057806667973	0.207348920070378	0.147447972621752	0.100589354165773	0.23027920088397	0.160073065604937	0.175345015338055	0.252619921716253	0.23648777493788	0.308815489481738	0.278066682423552	0.243322696142835	0.155325350349743	0.130606366104053	0.098964520988176	0.150345720850396	0.257562919479378	0.188840656630056	0.210018620248447	0.219312619949296	0.152341583586262	0.31008322127643	0.161813713188085	0.196167852455638	0.173862612502217	0.167160603191859	0.204306089754355	0.182484841818389	0.134941936861995	0.210044178007104	0.156470694158879	0.15324505831048	0.137423574207839	0.192510370062156	0.255527783813053	0.151883743727397	0.289633791766943	0.190188078418871	0.173628469568762	0.187160322609496	0.14577593213747	0.152838570546492
700023693	0.298443887253052	0.181906976291473	0.188336533419548	0.407742019632471	0.202670479906133	0.140822189824144	0.285561617248552	0.0725332507852222	0.229713101695598	0.0844298788526701	0.178322551144399	0.216520646929187	0.0940115450999198	0.119769469064183	0.149651148616079	0.217243097305973	0	0.200693848083144	0.248396489278089	0.256878836119861	0.234071612474231	0.230183455267153	0.276560329193461	0.273703907110858	0.332089030147903	0.272932106439726	0.141572158179019	0.268021909783071	0.150920748916373	0.116357844073026	0.109170751914669	0.250861806702984	0.155357201895918	0.118026817638753	0.270340732275958	0.223774816812903	0.201297289970284	0.129560989763871	0.223421666350829	0.137841428868354	0.180038366949982	0.103520928489626	0.191797732571775	0.24794062088312	0.10764763826102	0.104555840461119	0.153732911389082	0.0884456967136912	0.130389100180046	0.205542990727344	0.262542963591154	0.267675009271484	0.31431012385168	0.207114614997242	0.36494603557235	0.0843798044867954	0.198994521582981	0.294393077509609	0.17713317853938	0.265143646149
700109627	0.286993071680601	0.285792266526918	0.128726702317274	0.428066247136527	0.242367883458787	0.0960569170790398	0.31029699037437	0.223641744288582	0.242602403089106	0.156078444176269	0.142752711347234	0.149890727331432	0.219608356838577	0.19405919117652	0.251980522240121	0.147168599926213	0.200693848083144	0	0.220142815829954	0.285484017707118	0.24574171440612	0.138056714754814	0.300599817428918	0.227169767021061	0.2651732044051	0.30053098980085	0.210632676752028	0.336203672350234	0.311018017553927	0.215462341030982	0.136515624771952	0.186941689662227	0.155461783161782	0.13674957538731	0.315528626522675	0.247846188795861	0.181904021151974	0.144982901628581	0.247229110442156	0.288739869527969	0.238808861320336	0.177789931798961	0.195014479915319	0.222466201815873	0.223356988594414	0.208341344603707	0.193940828469418	0.194418487342768	0.124454533352684	0.146530091119934	0.153111324385877	0.299479946247352	0.349651657662888	0.214036951287536	0.353619524508158	0.184277879557996	0.235654564178811	0.290582054602328	0.153614643563739	0.268174990417838
700095416	0.134242461927233	0.241022527523261	0.2478013843802	0.313254809897268	0.167421978669354	0.230635927459169	0.144306478947366	0.274742587914983	0.0829195135595506	0.225101205980644	0.138605384614096	0.26336440298985	0.278468414571681	0.187628168632306	0.289495112160697	0.128057806667973	0.248396489278089	0.220142815829954	0	0.15759206163115	0.126503994385207	0.175115166473236	0.171482202930388	0.0989055778579225	0.156934773685981	0.192259213362444	0.218392262496578	0.308525363025578	0.269401281549564	0.267019103515859	0.206238120559197	0.160091703354524	0.168515098014349	0.211029436855197	0.197340170470886	0.14442293755783	0.197708648892732	0.240763086423627	0.100999659473958	0.343476756965892	0.133152662413214	0.265471151965156	0.129629567302343	0.143152468222228	0.235772556222363	0.200274233646447	0.126573389629386	0.252155906477475	0.17947772415281	0.235853594703482	0.215037898836366	0.142803065720152	0.206747427566547	0.0922753938567272	0.207370877294048	0.233658375820269	0.158629411880636	0.138067222837955	0.219002036410847	0.123703832052384
700110425	0.11250896515358	0.236690645813806	0.302302445894697	0.214460019105745	0.184308417091919	0.282270008547537	0.0989628888031532	0.269178617571176	0.152173645140132	0.250963428015378	0.17521885549897	0.311731361151037	0.270118920600641	0.215096349300467	0.321124055262644	0.207348920070378	0.256878836119861	0.285484017707118	0.15759206163115	0	0.160483349455856	0.240290089911241	0.140909695260243	0.135609010634574	0.144912505202482	0.209449591498728	0.241590805398756	0.294598550631403	0.241890933999678	0.269008474294005	0.233681905247988	0.233347792759658	0.181865110143875	0.230716078141099	0.20383966616417	0.0934977725539582	0.226429267391523	0.294965441483216	0.122403006631933	0.334738062324997	0.142294601228131	0.268410616787729	0.166249671680553	0.14907181549558	0.229910336792863	0.233101555152779	0.172046653654695	0.257900025987179	0.225540751304348	0.301111111773864	0.281086034216373	0.084193635158796	0.105521769140789	0.161101925209524	0.174837495480514	0.243724879354088	0.142012427999997	0.103890128262651	0.272554923850606	0.138261428692468
700111580	0.175561035712091	0.272065853927541	0.244050155715017	0.298915807066572	0.215939848280652	0.234653145280764	0.138987515247826	0.279596046998111	0.134335293055047	0.229632092395443	0.152593428306968	0.242771001785973	0.271015899679001	0.228446256083156	0.265563370837851	0.147447972621752	0.234071612474231	0.24574171440612	0.126503994385207	0.160483349455856	0	0.166684235466001	0.187534238297714	0.136919494738188	0.120576430223265	0.256881084981076	0.281724505432598	0.359893909869659	0.228130418834754	0.290289823925874	0.191029773752824	0.152323193532155	0.173798704472088	0.214805764536312	0.257984565661046	0.149544683571856	0.265640645385807	0.243463414867321	0.15666310778068	0.317446788244402	0.160220867428841	0.24112904604028	0.189747090189051	0.157040286866171	0.203994845715619	0.183194834787835	0.145831737724167	0.219276049593632	0.186713635889327	0.214952681212482	0.214572612821285	0.149216858359745	0.216208707500687	0.0983167954297746	0.247820736459137	0.222063250613867	0.0977517426514519	0.140479012160356	0.184953846791193	0.105649056571022
700111302	0.261370865742842	0.266536097139998	0.104239501337634	0.388141994485172	0.264049737498787	0.154027139046158	0.243164019285851	0.240929007938516	0.191977931619032	0.198074772204016	0.108066589232931	0.124771798258306	0.238273018017246	0.231045796157331	0.25226669654181	0.100589354165773	0.230183455267153	0.138056714754814	0.175115166473236	0.240290089911241	0.166684235466001	0	0.275483439935184	0.220114333384107	0.179972286530545	0.300249283810519	0.25690586390634	0.34068179165194	0.299443071327438	0.256984143327282	0.171255995809001	0.10227373458902	0.124688294521467	0.155451734047144	0.304987847132347	0.210253535770397	0.250108835692086	0.215342221734297	0.209953942041573	0.301087080463412	0.222375611962386	0.186024708126624	0.20628570334831	0.182359055819163	0.201819370492144	0.210621374818392	0.166713937461524	0.197735160980121	0.172851051718204	0.0783518994186152	0.0978473177680543	0.246824012999741	0.303020863268915	0.160604314385157	0.345647127020729	0.190785166334331	0.17850296871232	0.240418025994896	0.113810643449111	0.200394314825617
700098605	0.108571074446865	0.218948535658469	0.322967742826596	0.209683059033644	0.188670661031837	0.287267805042834	0.136544906243915	0.304753374468868	0.173993639717814	0.271486403664986	0.222990747954306	0.335932510178203	0.303297333405278	0.220638977467521	0.317756784595354	0.23027920088397	0.276560329193461	0.300599817428918	0.171482202930388	0.140909695260243	0.187534238297714	0.275483439935184	0	0.153948826304031	0.19723187693094	0.190630183468098	0.236982740340526	0.309707619671478	0.252915464811515	0.302988157847621	0.266812626473311	0.259876238696232	0.240934280867049	0.264068343938234	0.191780148086136	0.149140144465164	0.257000692636039	0.295972389103112	0.15204567972697	0.336045012201168	0.171362529309525	0.319312211360309	0.21370085907438	0.20066743907457	0.289518654379032	0.220148587926127	0.188964116316923	0.305241949541948	0.242646323474805	0.31327083539726	0.30618755747438	0.150463471964491	0.121764679255898	0.167972256325827	0.138216059035202	0.281740466096912	0.192469796984812	0.179827206895761	0.286253612047019	0.153951784519449
700111991	0.100289050854167	0.254527448777278	0.288502945266148	0.271574230565468	0.172842404727229	0.260830004083618	0.144106579854657	0.299021534043517	0.122988064722605	0.245004750921304	0.168453908490853	0.309193134478571	0.299553730819152	0.20318804476811	0.328097157469564	0.160073065604937	0.273703907110858	0.227169767021061	0.0989055778579225	0.135609010634574	0.136919494738188	0.220114333384107	0.153948826304031	0	0.169556139351546	0.166883255660104	0.229341001295292	0.309898888144917	0.271176616127837	0.291681720639245	0.236220605225064	0.215905445592119	0.199865731756417	0.23650643121149	0.195725195969883	0.131049121974339	0.198576190729778	0.263259235042233	0.11275466487202	0.365139826342697	0.13685168984554	0.297292298722653	0.144478625551474	0.166704155403601	0.262100401431342	0.217874288489643	0.142136602496495	0.285088070551895	0.204973046932156	0.282364528719384	0.253719508506062	0.125050140881121	0.186365071944438	0.128506699389105	0.160406727512083	0.265552146562626	0.168594876780452	0.126416081903533	0.259477466134232	0.138652516396055
700108960	0.171240848366886	0.325475499853293	0.270044731003814	0.279610204157651	0.275717944744614	0.274787220850261	0.127660560114974	0.348324571283619	0.158461211752805	0.301816130412425	0.177578716818819	0.286247164692499	0.348170644750554	0.29677502340173	0.3558186130986	0.175345015338055	0.332089030147903	0.2651732044051	0.156934773685981	0.144912505202482	0.120576430223265	0.179972286530545	0.19723187693094	0.169556139351546	0	0.300448130152491	0.331277237345613	0.391635299418753	0.320943276413816	0.349784852700038	0.268133897189773	0.13670512144777	0.214499244783945	0.25931165549976	0.291168379995665	0.14703611682096	0.305159979009586	0.322292043703195	0.18542126846567	0.408112091456219	0.22129203700484	0.299724528978264	0.231336430266576	0.142403411806342	0.299181600274752	0.288419430081147	0.227607314924429	0.311928023664013	0.256981430913378	0.241785925568522	0.23208702646047	0.159495239882583	0.190810970671407	0.158205914934667	0.207071464514489	0.303761192095938	0.169155582665778	0.134594020628222	0.229170634961738	0.116662085647953
700024452	0.172351193417861	0.174092731442584	0.348910883333987	0.262383944909357	0.148943119770496	0.314547647353612	0.228168044775991	0.291177929383941	0.208343151821746	0.29173717597351	0.235464635868973	0.367161267005545	0.310550467727541	0.199297100868374	0.357020067976874	0.252619921716253	0.272932106439726	0.30053098980085	0.192259213362444	0.209449591498728	0.256881084981076	0.300249283810519	0.190630183468098	0.166883255660104	0.300448130152491	0	0.187580126942166	0.25578115042903	0.199219291032763	0.271153226498299	0.27329284711938	0.306201652305411	0.234225135060071	0.271968614848595	0.073581067834889	0.211194098882319	0.240731391577771	0.310405766421739	0.157735773517466	0.326859199419348	0.16533610760651	0.309575440523951	0.184789304772691	0.250545140881734	0.279635935351305	0.231276523601773	0.189508528463601	0.31466397835623	0.255208170066884	0.353010351679212	0.329179617304976	0.174112482854987	0.191410913898701	0.203385970261844	0.192436913107107	0.288497273542337	0.260081738323406	0.198813534941634	0.320578888442836	0.245947412978106
700032931	0.25293620478041	0.130175280216459	0.248637920563847	0.376881767799743	0.159725210264688	0.191992282836271	0.290453510856744	0.154389940969766	0.231871922529222	0.161232603890315	0.187282241691987	0.288850651316131	0.174031395430873	0.0927986650298554	0.256315384759187	0.23648777493788	0.141572158179019	0.210632676752028	0.218392262496578	0.241590805398756	0.281724505432598	0.25690586390634	0.236982740340526	0.229341001295292	0.331277237345613	0.187580126942166	0	0.207673152976387	0.17020995489469	0.15325185797459	0.156192870423673	0.288998751752418	0.16908931126183	0.140547859287362	0.205628933175709	0.226034081372619	0.16267092326565	0.190160099984442	0.204520754913207	0.216070742376492	0.169840417633719	0.180647218247492	0.144773015378646	0.251696858146584	0.172002169509393	0.166243255024298	0.16468339307151	0.185582323409938	0.145936903731785	0.257131858528832	0.292262996636009	0.251554221970139	0.279475587465783	0.213537916604364	0.30020275062251	0.154879647874253	0.244778626370653	0.274059510580254	0.237731650187608	0.279217853098167
700095837	0.316977412122944	0.188161634286867	0.354534462181987	0.412397791844194	0.26092246890381	0.331294620863788	0.347226040333463	0.264958100054577	0.303528688895356	0.283168750954517	0.273837860582993	0.372562431851484	0.281584678730248	0.249522807155465	0.360988661926179	0.308815489481738	0.268021909783071	0.336203672350234	0.308525363025578	0.294598550631403	0.359893909869659	0.34068179165194	0.309707619671478	0.309898888144917	0.391635299418753	0.25578115042903	0.207673152976387	0	0.224734241760077	0.222416435281554	0.275311161920227	0.370659876118255	0.253878278956414	0.257667524560757	0.256942120854108	0.292991472355156	0.275469858904146	0.334578610931982	0.266470691395284	0.327372393386082	0.251956117599223	0.282003628506459	0.267417150521783	0.315496021881029	0.266328521560216	0.28471814221305	0.263482899674367	0.293252381777836	0.291777549611038	0.364946686603273	0.365956432325886	0.306829336116291	0.33205850739781	0.319811082379528	0.374734387328903	0.270250060777478	0.348241330507844	0.322773182999467	0.343506904130017	0.348799908658981
700024548	0.270125387069134	0.135311605961426	0.287259478812292	0.337546779809751	0.197508642455249	0.252386349877953	0.26993592188331	0.176305075031123	0.263956240307971	0.20013449129111	0.232194979463256	0.31147256756679	0.186374186385192	0.158031790235173	0.246273414704396	0.278066682423552	0.150920748916373	0.311018017553927	0.269401281549564	0.241890933999678	0.228130418834754	0.299443071327438	0.252915464811515	0.271176616127837	0.320943276413816	0.199219291032763	0.17020995489469	0.224734241760077	0	0.157617052484589	0.208059215884823	0.315120141696619	0.21444037997967	0.202842356659552	0.202584574902206	0.226594907552053	0.276772776167716	0.238123804845352	0.228760028635326	0.193353206816413	0.187130164742716	0.189523870679426	0.225460987260094	0.288379120473893	0.151767873151783	0.144136956386945	0.203300346795953	0.183161354009468	0.206680518718171	0.30321881726911	0.320713427762559	0.24527289704106	0.264318160559708	0.220861846991941	0.307712897628589	0.187316024801299	0.206593459008599	0.274210021480037	0.257601745502089	0.272626379224342
700110161	0.326048730358594	0.171998662791171	0.209080338170132	0.419686669587566	0.229602823691347	0.157676786130198	0.318615733356945	0.0920896596948457	0.257053504996816	0.122591707930594	0.203943109121636	0.256127729071518	0.119183665495519	0.142660910261788	0.19011732146662	0.243322696142835	0.116357844073026	0.215462341030982	0.267019103515859	0.269008474294005	0.290289823925874	0.256984143327282	0.302988157847621	0.291681720639245	0.349784852700038	0.271153226498299	0.15325185797459	0.222416435281554	0.157617052484589	0	0.150548866484628	0.283181372381801	0.182711031317366	0.128815336049415	0.271064240490252	0.254040044777915	0.220494268288799	0.144274683343956	0.250045926791874	0.180004870600687	0.208936763371742	0.121476197994884	0.206325145649404	0.26822654591457	0.14825360269486	0.17780831314268	0.196798822762452	0.137580380004356	0.150832319350194	0.235894335834449	0.285719825487297	0.285691268312053	0.335960398318505	0.237803320733845	0.387295958648855	0.131930032520885	0.236426899311453	0.29994614105628	0.194961513437757	0.295970298666358
700023496	0.286462272809459	0.194326280374135	0.171474358022016	0.400222241133767	0.19910607270618	0.10224794480822	0.265846365949829	0.144673213806267	0.199086559191792	0.0905709507306727	0.114158750668352	0.176081869399516	0.133932531754176	0.124741384266437	0.207959236633006	0.155325350349743	0.109170751914669	0.136515624771952	0.206238120559197	0.233681905247988	0.191029773752824	0.171255995809001	0.266812626473311	0.236220605225064	0.268133897189773	0.27329284711938	0.156192870423673	0.275311161920227	0.208059215884823	0.150548866484628	0	0.196570900506186	0.10160337937437	0.0727358959037249	0.278373056716156	0.205941980094279	0.17137041174463	0.127104592691904	0.207339402012756	0.200890161693987	0.163659835587592	0.106340530928078	0.156604717656084	0.200661105116263	0.117135681355318	0.143754887448803	0.12411458480539	0.105022828176918	0.0868215591821749	0.176287717250962	0.203947312637031	0.252444019656307	0.309526196879852	0.168540076234011	0.350295620739771	0.0906478133932271	0.190280814105201	0.249198413691748	0.157868104914697	0.223704915436374
700034628	0.253247203412488	0.293577840468146	0.179291701087133	0.384221992191551	0.267334586922339	0.192147347899847	0.20662413806452	0.263287556928077	0.14786413882197	0.22579417711541	0.138931130114383	0.18519198715151	0.263155330479706	0.258720030282787	0.278767867214154	0.130606366104053	0.250861806702984	0.186941689662227	0.160091703354524	0.233347792759658	0.152323193532155	0.10227373458902	0.259876238696232	0.215905445592119	0.13670512144777	0.306201652305411	0.288998751752418	0.370659876118255	0.315120141696619	0.283181372381801	0.196570900506186	0	0.16173892953083	0.18920255304986	0.296156725007386	0.176175053710271	0.282299856333105	0.242423637580982	0.196613124274954	0.32679070047696	0.237002195116979	0.217409087848995	0.223442186355536	0.125305768583625	0.236893052878446	0.239968856581177	0.188697640343237	0.229264790702439	0.207122361175796	0.143068991769962	0.17602472483394	0.225700528714035	0.284799139805788	0.150794746488225	0.320054045529501	0.216021860982813	0.178565097066662	0.203703274814796	0.152614335899801	0.14140118086112
700023645	0.247501500141602	0.185907023945606	0.162832284591541	0.35306070146474	0.185337677215501	0.140121961143669	0.226619636691782	0.172440511162474	0.1721118981569	0.14243312371313	0.0721832220656655	0.176883616614608	0.179663730626678	0.141479543759536	0.248702944901426	0.098964520988176	0.155357201895918	0.155461783161782	0.168515098014349	0.181865110143875	0.173798704472088	0.124688294521467	0.240934280867049	0.199865731756417	0.214499244783945	0.234225135060071	0.16908931126183	0.253878278956414	0.21444037997967	0.182711031317366	0.10160337937437	0.16173892953083	0	0.090679081689035	0.242714733651918	0.16236866551857	0.18221337651893	0.190325861662626	0.166867817988783	0.241610147997198	0.137186557424077	0.130886240261999	0.135354961272892	0.163062173162359	0.135884802215821	0.159519757189893	0.106335209159446	0.14459634687822	0.12538407524368	0.165642994484936	0.166118215606286	0.204736090460572	0.262850475845971	0.17175414713202	0.314816361718967	0.125103824747869	0.180293549643895	0.200794538056592	0.144520248235227	0.193559670608866
700038744	0.280452000836003	0.182646880788265	0.142903823163968	0.391665748021278	0.210482765968518	0.097706593938405	0.269892987918592	0.132388091615205	0.202459679138247	0.0917918603765033	0.105357520207584	0.178448751920683	0.13461235370799	0.123209532742291	0.213334832798818	0.150345720850396	0.118026817638753	0.13674957538731	0.211029436855197	0.230716078141099	0.214805764536312	0.155451734047144	0.264068343938234	0.23650643121149	0.25931165549976	0.271968614848595	0.140547859287362	0.257667524560757	0.202842356659552	0.128815336049415	0.0727358959037249	0.18920255304986	0.090679081689035	0	0.268489445034828	0.195427463064759	0.17769569548345	0.134410944622251	0.202606945354352	0.200727366229882	0.171828978711288	0.0926133980175058	0.164854211876065	0.202485491739384	0.12033483122188	0.146328358025705	0.143713147283379	0.102786334147325	0.0898928089773317	0.154464420221118	0.195523333987952	0.248644525879309	0.304822315120671	0.181959288117515	0.345737922275831	0.0918410158459217	0.190985529689594	0.245681527393024	0.135430533615573	0.230168059482961
700038485	0.186565861468879	0.167892601032692	0.346104355353792	0.258488533317363	0.170474974980207	0.312026644644072	0.222386777927746	0.289586881432029	0.196312969151151	0.286703458593305	0.241832441328934	0.370403110769192	0.307970684719168	0.217864879543965	0.355376118670234	0.257562919479378	0.270340732275958	0.315528626522675	0.197340170470886	0.20383966616417	0.257984565661046	0.304987847132347	0.191780148086136	0.195725195969883	0.291168379995665	0.073581067834889	0.205628933175709	0.256942120854108	0.202584574902206	0.271064240490252	0.278373056716156	0.296156725007386	0.242714733651918	0.268489445034828	0	0.205257440593292	0.262917313485549	0.326420161074979	0.145944936408017	0.321198587349582	0.180272438128479	0.309956461969987	0.208759839192196	0.238929930754249	0.28143854699325	0.229076451199072	0.206583369654975	0.314050627120276	0.259550285194055	0.353027553080227	0.335077726934441	0.169372508945745	0.181438826485827	0.19850200287061	0.200538588768353	0.285446208538632	0.254182612092886	0.192704034160717	0.32066750957532	0.234621362695293
700024743	0.138784102561387	0.212152390808061	0.255649309758458	0.268544682062008	0.190765136557997	0.239078264011439	0.121848603494544	0.244672022399512	0.134578344249985	0.206111135890455	0.1395554427286	0.273370444506752	0.252904440884379	0.199647275522081	0.288530453921094	0.188840656630056	0.223774816812903	0.247846188795861	0.14442293755783	0.0934977725539582	0.149544683571856	0.210253535770397	0.149140144465164	0.131049121974339	0.14703611682096	0.211194098882319	0.226034081372619	0.292991472355156	0.226594907552053	0.254040044777915	0.205941980094279	0.176175053710271	0.16236866551857	0.195427463064759	0.205257440593292	0	0.216342151069148	0.253498373738179	0.11503037994986	0.313018440027375	0.143969013226188	0.246294240854768	0.158494590263847	0.109657894719408	0.212594175380669	0.196349103342637	0.151147995020492	0.233602087698781	0.187449842598474	0.266886011718811	0.247458126582911	0.118111539802658	0.166650612918041	0.132113003607108	0.193025360362095	0.217429770144887	0.154887884889038	0.114630833567521	0.235080449907719	0.110492437194145
