700108602	700014971	700033565	700109389	700023058	700023927	700106341	700114221	700023543	700023439	700016978	700024192	700113058	700099448	700109870	700033928	700023693	700109627	700095416	700110425	700111580	700111302	700098605	700111991	700108960	700024452	700032931	700095837	700024548	700110161	700023496	700034628	700023645	700038744	700038485	700024743	700099596	700110760	700101587	700106399	700032322	700095653	700021312	700101230	700023590	700038905	700033136	700023382	700096424	700105469	700016908	700096053	700108479	700109569	700033814	700016125	700109756	700102665	700101777	700109455
700108602	0	0.209739548962879	0.326815722986828	0.220190776456845	0.166351085124866	0.308211375374838	0.0900662331855124	0.294447330213949	0.122379062844462	0.275544618574326	0.208726333008759	0.343969820675833	0.307706050741118	0.21221217561978	0.326147922141434	0.218098046819795	0.281338338206741	0.290083255452114	0.13817724838604	0.107694224874315	0.165400369963229	0.256875710697401	0.123593808707772	0.0609419736460291	0.171154694336758	0.193961607840238	0.246430959045682	0.337823714323379	0.278342750051859	0.306673748069014	0.26545654796461	0.238033069459999	0.226191134866113	0.273656532058375	0.165010625514739	0.137481866882716	0.225774286211391	0.319089625404105	0.0848249237586095	0.359411112707192	0.114489844967954	0.316517910470172	0.199445291351925	0.172488122412859	0.292523957743625	0.211921566202423	0.197655557774168	0.296573343491982	0.237648400451031	0.309742607176735	0.284858854866815	0.0837445147227514	0.102258285446266	0.141536930921121	0.128580482592859	0.271639107092364	0.158084586122849	0.107137529196055	0.297327326635284	0.134245879322937
700014971	0.209739548962879	0	0.27564055935767	0.354040253009265	0.149278270755927	0.233458241532721	0.235791498917183	0.179522419950106	0.174510727199357	0.157578487938906	0.172914901660635	0.294086124511733	0.190431711408786	0.124689045243242	0.23755414031679	0.226216028360422	0.150378529242214	0.245308822752145	0.206205600692713	0.218827098823309	0.242536769307662	0.236749706343733	0.199591757777878	0.216544807303766	0.298302729017151	0.186470244943495	0.108769174428434	0.248136573488935	0.161551140185788	0.175034051360003	0.143757920258157	0.237330725572538	0.151148360422072	0.155202624287307	0.185381159152804	0.179134940840327	0.197532212448493	0.244598860043986	0.185313281869986	0.216083421080982	0.168266740794122	0.205276790109754	0.169783718786048	0.214001712435321	0.168543967020719	0.163375047281402	0.113453826241416	0.219821649015183	0.165815935322727	0.26270257403956	0.268556658789874	0.210159751248303	0.247027074565163	0.160585002178503	0.276796287270775	0.152282169846903	0.206270001585793	0.233824795650227	0.249832338232918	0.238510737027494
700033565	0.326815722986828	0.27564055935767	0	0.436755529061952	0.292975522232901	0.0877166979034146	0.321354242745045	0.170244629498998	0.292181023260729	0.161816842401391	0.162303242446743	0.0978085232434164	0.171143987695491	0.234686632515341	0.177904436911126	0.14237482439953	0.216894731312254	0.127023043288855	0.241310069117265	0.306411979784675	0.246164516610168	0.110644179557433	0.334979635994947	0.291335488885896	0.2648007021165	0.352511770169635	0.259088383769186	0.394328195151823	0.276587601207759	0.200393564939818	0.186561813771289	0.186324370012041	0.189387637809907	0.172000717801045	0.347880385910546	0.238962010528857	0.242519283644147	0.122119635009041	0.295941247551056	0.27543520945631	0.262541674787234	0.13466765060425	0.213471045191581	0.257143412176949	0.211183917211415	0.236912172851811	0.246745379988983	0.142168887183488	0.190724271824433	0.0655380795101	0.115390172557256	0.329532288660157	0.353199858562253	0.222725594517287	0.401636838515223	0.179042135467647	0.235878810418146	0.277767004778274	0.0812103280227952	0.298833335158964
700109389	0.220190776456845	0.354040253009265	0.436755529061952	0	0.322561436358062	0.431207494828077	0.197259595606696	0.416234592890029	0.303225889170696	0.402801378917429	0.363494190768568	0.449178277377118	0.418654883136778	0.351976708738366	0.422735202434152	0.357482566193255	0.410917341991486	0.431302403081598	0.312912439289121	0.215143389263544	0.300039193471562	0.393367735369035	0.222946954678765	0.251017566737263	0.287538185294173	0.286951161103197	0.375809669210804	0.439082110033288	0.365542778130849	0.414210003181975	0.400623418910513	0.380166982992502	0.359148237619415	0.398758896705258	0.274436567419591	0.285748647638463	0.384745043756727	0.437815564499616	0.25689241731329	0.422586747039103	0.27321389120427	0.426334769938245	0.353965984649661	0.328481987971021	0.400404610951236	0.341670034342684	0.352141446788286	0.40976887224341	0.376309733170064	0.422945899462099	0.404319036325167	0.209914477227547	0.158747747615103	0.305890914576643	0.207192085175693	0.396842407466766	0.271010366330621	0.248399114220971	0.40986495664998	0.263454834329739
700023058	0.166351085124866	0.149278270755927	0.292975522232901	0.322561436358062	0	0.243271535658347	0.193410285017516	0.222865231837646	0.136557528597674	0.212340262863698	0.178780862787218	0.303108304380415	0.241071727728624	0.137527460609749	0.266255855309243	0.209579334497803	0.205352844172926	0.230312952635524	0.150710351529245	0.187471420589977	0.204687924941238	0.240993966462191	0.15842914512659	0.167683664526133	0.260999167434873	0.171430874768886	0.162847289239532	0.311108078657472	0.220525755936784	0.248010818405933	0.18696677786342	0.222679587447689	0.192119185769358	0.20841379935443	0.16210878968232	0.177268133615289	0.154825470994505	0.225745950648952	0.129666254400975	0.280225429157806	0.133177974286551	0.252287873424702	0.144093800149699	0.191124215776341	0.229351185207236	0.169937011639237	0.130935585151461	0.23971552335626	0.154072671594723	0.277153769054801	0.279510823421428	0.179764044232081	0.201181613144974	0.130524163146052	0.21097492208155	0.207609471627436	0.187740954312058	0.19585454396194	0.25836277170602	0.184786696968701
700023927	0.308211375374838	0.233458241532721	0.0877166979034146	0.431207494828077	0.243271535658347	0	0.31353308326464	0.156294314787136	0.278094792542549	0.115126148160205	0.140959792460385	0.119473158973418	0.15411672805475	0.163711501612566	0.182886258085558	0.136222509101759	0.170911879263241	0.0819585129180764	0.217622631410366	0.293946333986694	0.233024332461921	0.141352138015886	0.289880912148578	0.271919052668965	0.267255763447117	0.324782698150178	0.207904778432712	0.379857255727675	0.251190583563703	0.195791626685242	0.115115902863816	0.180175742341769	0.167768737292639	0.120513589482113	0.322230329063963	0.224932285125698	0.197911175441206	0.087465916838864	0.283040906549576	0.240509415507587	0.228073200165919	0.107978629304523	0.170066628862881	0.248129523677644	0.179260968904867	0.203649045516572	0.20232321294111	0.123917455569535	0.120932500356759	0.0997064561348557	0.150573160046605	0.315727089182505	0.345973860971419	0.196792921664862	0.380013163814682	0.141160013467269	0.212776626794954	0.266713924681345	0.0960579977639628	0.278528257916928
700106341	0.0900662331855124	0.235791498917183	0.321354242745045	0.197259595606696	0.193410285017516	0.31353308326464	0	0.29821982204082	0.135272891691782	0.278680733451922	0.22182112142703	0.331897596453684	0.300503097534128	0.232281841104559	0.327166997334627	0.218075276546551	0.294479000090365	0.313045338072931	0.152314475924	0.0755981426823269	0.155693884922766	0.247887624392278	0.120694435215464	0.0961707715550548	0.134212859132241	0.237281322848789	0.287748893330624	0.36563768851559	0.297800365118516	0.311181753896236	0.277025628872412	0.213240539011174	0.230179199771077	0.282847547841602	0.209189127877712	0.126430531977144	0.254082783892529	0.325425295021293	0.103911773831681	0.366531893242318	0.141938641403525	0.3101602205726	0.208865309252035	0.167053285827414	0.283577283021416	0.243879567499544	0.216538098413118	0.286198012136355	0.250526235012849	0.299100217074517	0.287163149951783	0.0798815490009036	0.0869709852807513	0.154604768263819	0.157254882595099	0.270437083483573	0.146187257685226	0.0971185594052211	0.289184042744129	0.0962529857307831
700114221	0.294447330213949	0.179522419950106	0.170244629498998	0.416234592890029	0.222865231837646	0.156294314787136	0.29821982204082	0	0.245849414340011	0.0839743750938808	0.200550768396005	0.21032189086193	0.079106053530398	0.155676665012345	0.112332230879262	0.227680835572474	0.0722489432244896	0.204499258021219	0.252585639014146	0.272825961755876	0.260429651734042	0.231123976605884	0.283250082594414	0.282151468091503	0.339324407977407	0.297060754737664	0.165012398961108	0.316032147920469	0.16053421353127	0.113546566079832	0.130373371069583	0.233052954634462	0.172341495090878	0.143539589591334	0.298186765651784	0.223492105055637	0.228283155303368	0.124385349689529	0.257777284905744	0.136492679319383	0.227549270614868	0.101883326046716	0.20685040849718	0.257311921377598	0.121094400791058	0.166142403730731	0.161044926999721	0.106202352637674	0.162031785438801	0.190405855899727	0.253274213351453	0.287889010329098	0.324111140075058	0.214459428822528	0.372616490913522	0.0792220267268217	0.204828875365973	0.29640612038078	0.17054516536053	0.281008240690995
700023543	0.122379062844462	0.174510727199357	0.292181023260729	0.303225889170696	0.136557528597674	0.278094792542549	0.135272891691782	0.245849414340011	0	0.230690653392082	0.174171676475717	0.310067974026258	0.261255681170025	0.195811827855936	0.297503100703436	0.184053871091209	0.236115451911671	0.269757072835759	0.12118988489691	0.146517713698476	0.176541246298449	0.217445895291703	0.172170074097693	0.114072279120723	0.193033527110173	0.201260087738826	0.219006471279592	0.313435178023209	0.272865595608238	0.259193926870484	0.221260022993403	0.169657060952071	0.184422961379618	0.231660601586133	0.165339395797824	0.141940411747742	0.196646335524024	0.288901838852465	0.0794977107403497	0.32648138246782	0.123665223118643	0.267602832895429	0.166587780132349	0.111978350948469	0.246841798403981	0.214991658610577	0.151513152709721	0.258221660737272	0.215683296289725	0.271823756138776	0.270656636911829	0.109143197636408	0.154219855488523	0.125903970552164	0.178108837294328	0.219082176568262	0.175981690999183	0.132189144574379	0.261140464448202	0.124504110539428
700023439	0.275544618574326	0.157578487938906	0.161816842401391	0.402801378917429	0.212340262863698	0.115126148160205	0.278680733451922	0.0839743750938808	0.230690653392082	0	0.161357834730554	0.19721790689988	0.0817100934760918	0.124841511206465	0.145547091004971	0.192139314251599	0.0938724407079879	0.155683111688734	0.216984577352825	0.248893769774645	0.240243999709308	0.204553443878461	0.269493787679693	0.250424232995872	0.305916700172895	0.288570814928433	0.148964106817562	0.310109073608769	0.175971549533364	0.124320062192855	0.0820892236166191	0.213747037640623	0.144181683186498	0.0970005313465667	0.284207537752827	0.195141766702247	0.177377190865867	0.124227525515409	0.239359038567449	0.160078448999094	0.200215236297117	0.100565793544364	0.168493502893742	0.227686746022609	0.113850736085594	0.16292493345788	0.155895550926736	0.109172661799013	0.113372800859642	0.168910723603896	0.219343725970369	0.267954722500331	0.311767033360942	0.176198733277331	0.352611593830611	0.0692531662840804	0.184341937479337	0.256601952417755	0.165048656416684	0.257889204973612
700016978	0.208726333008759	0.172914901660635	0.162303242446743	0.363494190768568	0.178780862787218	0.140959792460385	0.22182112142703	0.200550768396005	0.174171676475717	0.161357834730554	0	0.180671273308693	0.207344238839535	0.162668914463362	0.254012831233696	0.0988293113294679	0.192106486854855	0.130008771705988	0.158398533977544	0.187123751165947	0.167860474394272	0.107248447424267	0.237063256101235	0.180230534924923	0.183341727741126	0.26925321664252	0.198947777743234	0.317729080716336	0.240314305193344	0.213733009473072	0.134745748643263	0.146301929873614	0.0813140085121333	0.129176823805752	0.255896090473627	0.146982129694065	0.153369976290862	0.191981187021522	0.179486528213325	0.28463085330801	0.164526936501941	0.149990114030566	0.100934097665925	0.158452774347927	0.175086845155258	0.18812131014405	0.155862992850774	0.177710050895569	0.141516469890319	0.157018750675161	0.150468178739406	0.216291799196784	0.25349978747927	0.134478118272057	0.290481651064906	0.159510280480691	0.172922846616422	0.168417103464548	0.151432480599014	0.21116594647307
700024192	0.343969820675833	0.294086124511733	0.0978085232434164	0.449178277377118	0.303108304380415	0.119473158973418	0.331897596453684	0.21032189086193	0.310067974026258	0.19721790689988	0.180671273308693	0	0.209450881199123	0.259485163497045	0.212882070526338	0.156768703229445	0.229323643925884	0.143603858519081	0.255287609943735	0.314573105342479	0.244544455684351	0.124518906968449	0.340248592125386	0.31378725525804	0.282918497582651	0.37556633127405	0.28914331963886	0.403010868029964	0.300725262672725	0.267143813944427	0.199008688120835	0.190443713793474	0.192962607207708	0.193265508413479	0.377942910418721	0.249625165503207	0.2642773174299	0.16609765611868	0.316974866629345	0.286217591343195	0.279151985701232	0.144187813925604	0.228109884478253	0.267990058916548	0.210108840623302	0.249262095396151	0.257646088938817	0.156927899922066	0.21291173804679	0.0864011309975671	0.105367020793406	0.344680562224618	0.367193927055801	0.245255721252222	0.425551924356981	0.196240920269585	0.242697038668154	0.293914071497609	0.131957362965354	0.303975716862096
700113058	0.307706050741118	0.190431711408786	0.171143987695491	0.418654883136778	0.241071727728624	0.15411672805475	0.300503097534128	0.079106053530398	0.261255681170025	0.0817100934760918	0.207344238839535	0.209450881199123	0	0.162766179875871	0.1168873076747	0.233583995772149	0.119983185571958	0.201588728963637	0.26055871544708	0.272144569576044	0.272544171662773	0.236109918373245	0.30060696216549	0.290035562603957	0.339908666190964	0.316430143366406	0.177928335872037	0.310380356693312	0.175090127923227	0.122208573563183	0.132499260013121	0.235942720077802	0.17765101743996	0.131990383760085	0.316965424356676	0.234524024753534	0.234874988599798	0.140343826355513	0.269420007144614	0.155402173048839	0.237784354653777	0.0970212100239708	0.218680510986103	0.260402342668825	0.122724219138815	0.192494009806452	0.19060377045343	0.1193785603108	0.166492782454482	0.191858803402066	0.254643024900996	0.290697128756265	0.334273897854183	0.228961999538083	0.389165526244917	0.0801652862327421	0.212068671559126	0.299630652427688	0.168662574714213	0.283805457481421
700099448	0.21221217561978	0.124689045243242	0.234686632515341	0.351976708738366	0.137527460609749	0.163711501612566	0.232281841104559	0.155676665012345	0.195811827855936	0.124841511206465	0.162668914463362	0.259485163497045	0.162766179875871	0	0.204242616836283	0.19490581007637	0.13259310421976	0.178286282279647	0.169055993376049	0.207534999411629	0.212474146937688	0.221271256471468	0.200393641139128	0.197776292737918	0.277321223635658	0.205539076037877	0.115334669283962	0.30603743908472	0.167431117283634	0.16647582554395	0.105326801796002	0.227921179068463	0.146402701722689	0.131379745691317	0.206634595686871	0.175373406255426	0.150633031728941	0.170742034110085	0.185155528034979	0.225542556022653	0.149908611818883	0.182186874288987	0.133455851700755	0.223303197461368	0.157231924840484	0.1332974746621	0.114825318286735	0.18108188427517	0.0800722374519781	0.227595489643532	0.229293539589865	0.214599545686148	0.257904642523495	0.139182459655546	0.26940929880467	0.137291483161548	0.155934536577616	0.222798127033838	0.206855548170722	0.222939330648194
700109870	0.326147922141434	0.23755414031679	0.177904436911126	0.422735202434152	0.266255855309243	0.182886258085558	0.327166997334627	0.112332230879262	0.297503100703436	0.145547091004971	0.254012831233696	0.212882070526338	0.1168873076747	0.204242616836283	0	0.264841224542355	0.147065468898981	0.240768213180648	0.289818468080694	0.310002239580851	0.277611228900325	0.264543638150881	0.307101448943987	0.31899547104895	0.365803632909079	0.337334015434792	0.220084983722012	0.352193436527588	0.189710586238686	0.152929690808059	0.200540029469269	0.270218505963658	0.233858889878703	0.199613453568277	0.344847917586566	0.270468143572523	0.278046506091048	0.137156591179474	0.299538838812326	0.176077850117758	0.269190194469805	0.139481438855538	0.263058208376635	0.297232549949336	0.168074867189186	0.192339061366472	0.228430753878337	0.122527426365532	0.20532470683374	0.202237586478217	0.273737783907128	0.326972931177686	0.345055348721527	0.256988894662607	0.399739832178163	0.146689693318921	0.241455533792296	0.328804815837415	0.18448777375196	0.3113645467856
700033928	0.218098046819795	0.226216028360422	0.14237482439953	0.357482566193255	0.209579334497803	0.136222509101759	0.218075276546551	0.227680835572474	0.184053871091209	0.192139314251599	0.0988293113294679	0.156768703229445	0.233583995772149	0.19490581007637	0.264841224542355	0	0.231714036770908	0.134780740900841	0.13617055933615	0.225612900314416	0.152318753192763	0.0802198683509164	0.249524933648887	0.177028059270383	0.18623694821539	0.27799347093887	0.245646708431432	0.356536353697704	0.275222948306728	0.246372702646091	0.174794984586951	0.131301129207817	0.117255775775529	0.171773800084101	0.268335468975779	0.186080843406965	0.190338641727128	0.196725219880511	0.196363452697315	0.309907086021556	0.159393339656465	0.175376979896502	0.140740091577067	0.191373814600547	0.197986606303488	0.201247941746969	0.173857449768642	0.192586183150305	0.170689783796563	0.124144347637016	0.120292337443886	0.217547574783626	0.25495874518798	0.150194157867074	0.305866892933211	0.186707233898875	0.181621594657816	0.167267809639461	0.122159799387068	0.192150695557071
700023693	0.281338338206741	0.150378529242214	0.216894731312254	0.410917341991486	0.205352844172926	0.170911879263241	0.294479000090365	0.0722489432244896	0.236115451911671	0.0938724407079879	0.192106486854855	0.229323643925884	0.119983185571958	0.13259310421976	0.147065468898981	0.231714036770908	0	0.200675977116912	0.246759790653325	0.270097761995656	0.245631708911501	0.246576860045689	0.264289936745027	0.275992074700301	0.337718372078928	0.278755974484716	0.141322152160781	0.303787281773098	0.149206522139805	0.135963648309148	0.118801088327638	0.239739337143652	0.163524023792267	0.139514876700793	0.273253200061997	0.222578757961781	0.212209313241796	0.172903643371051	0.248213698829281	0.132618482713616	0.21341593956071	0.131239799814999	0.193512288337677	0.254434375533367	0.113018587688344	0.139405734773712	0.146443477748784	0.133850786228779	0.146146701865915	0.218550483322399	0.263863663393169	0.279876625008638	0.314335006587351	0.202558623284443	0.36115242214328	0.0980374154381313	0.199369888078117	0.290711960397658	0.214888243969363	0.277528053647541
700109627	0.290083255452114	0.245308822752145	0.127023043288855	0.431302403081598	0.230312952635524	0.0819585129180764	0.313045338072931	0.204499258021219	0.269757072835759	0.155683111688734	0.130008771705988	0.143603858519081	0.201588728963637	0.178286282279647	0.240768213180648	0.134780740900841	0.200675977116912	0	0.223916061634123	0.285500969435307	0.251584746746989	0.143818053606885	0.303052017045006	0.255916332314165	0.267003797293288	0.313316920479035	0.206427109661652	0.370897646986085	0.299254319195302	0.232066312196109	0.127882331331081	0.197059657624878	0.166457360226532	0.131767531456643	0.302247647808471	0.229527248208495	0.157565192768711	0.131015234215732	0.276828737096582	0.285284013525693	0.233015837546147	0.154364876217842	0.169612258923427	0.240505704114147	0.214031931640431	0.228024505579064	0.213799407680983	0.185122585102912	0.122759847012484	0.14486438672263	0.149404673214454	0.31051286591538	0.338792485140001	0.205049733681322	0.356762758613785	0.182058907202563	0.232623453813491	0.257371038840332	0.150009926398447	0.296187857907769
700095416	0.13817724838604	0.206205600692713	0.241310069117265	0.312912439289121	0.150710351529245	0.217622631410366	0.152314475924	0.252585639014146	0.12118988489691	0.216984577352825	0.158398533977544	0.255287609943735	0.26055871544708	0.169055993376049	0.289818468080694	0.13617055933615	0.246759790653325	0.223916061634123	0	0.157596016159165	0.111885535841594	0.164445850424702	0.176251077470548	0.0962365407052562	0.158112632540386	0.21260885018251	0.226546208464178	0.35306137295086	0.260394633254729	0.269821429560607	0.196255428047247	0.140554683068433	0.162264462039984	0.211410985632808	0.183448461146261	0.12622863261843	0.180063360274152	0.231882498486212	0.1227349819872	0.333992127543432	0.0978993422231709	0.253038808525985	0.116384500000044	0.13587809267147	0.227032100474194	0.190134022416336	0.143421843454408	0.223761510471951	0.168472074075641	0.222292239231619	0.208336459439811	0.15409817756114	0.188174040673979	0.0786029394058671	0.2124379201718	0.212115393686134	0.138129464639736	0.121294553723347	0.213500820338549	0.133807254936365
700110425	0.107694224874315	0.218827098823309	0.306411979784675	0.215143389263544	0.187471420589977	0.293946333986694	0.0755981426823269	0.272825961755876	0.146517713698476	0.248893769774645	0.187123751165947	0.314573105342479	0.272144569576044	0.207534999411629	0.310002239580851	0.225612900314416	0.270097761995656	0.285500969435307	0.157596016159165	0	0.158949745498469	0.242667282126548	0.127077472648748	0.106229719437984	0.138323557698328	0.231878997587929	0.257333404710456	0.332400253547422	0.271700466869067	0.279243891916422	0.243882274435735	0.224830036025336	0.200437184885873	0.250535729826926	0.214983540750055	0.115782901649023	0.222241594345204	0.301970007571329	0.120632351150541	0.342744311527319	0.147140644871931	0.274463073947779	0.188493023168096	0.144856834158326	0.251871301494836	0.229832572192912	0.187667965975169	0.266523307579586	0.223178690986745	0.287908704787379	0.276060651551228	0.0959848602168576	0.0905420711688271	0.141900886625874	0.172416898225826	0.240117677028921	0.115477686282612	0.109054257777748	0.279671626974611	0.125441411226461
700111580	0.165400369963229	0.242536769307662	0.246164516610168	0.300039193471562	0.204687924941238	0.233024332461921	0.155693884922766	0.260429651734042	0.176541246298449	0.240243999709308	0.167860474394272	0.244544455684351	0.272544171662773	0.212474146937688	0.277611228900325	0.152318753192763	0.245631708911501	0.251584746746989	0.111885535841594	0.158949745498469	0	0.168598916070713	0.183976610392162	0.132368663274014	0.12814402150973	0.275754403308993	0.287083785588413	0.393828684187646	0.242520629393295	0.29643447393809	0.221776176022178	0.141714363556747	0.178937480401951	0.236364268997314	0.264621869915338	0.131576336796035	0.237064748611848	0.241043900861095	0.153092595410464	0.318318784156632	0.135942266586127	0.237972722243468	0.152338020946803	0.159129964831155	0.210835024000733	0.18082141164695	0.196564026476686	0.201184337498004	0.193933706648982	0.208652522088617	0.213868033813011	0.15696451299142	0.200247793435887	0.118358632862625	0.248779756169707	0.224079195571347	0.104313085134099	0.106514276867513	0.191681005519028	0.129460950800734
700111302	0.256875710697401	0.236749706343733	0.110644179557433	0.393367735369035	0.240993966462191	0.141352138015886	0.247887624392278	0.231123976605884	0.217445895291703	0.204553443878461	0.107248447424267	0.124518906968449	0.236109918373245	0.221271256471468	0.264543638150881	0.0802198683509164	0.246576860045689	0.143818053606885	0.164445850424702	0.242667282126548	0.168598916070713	0	0.281191117492982	0.220387540515831	0.183176709855663	0.317035496191798	0.264217008988118	0.37604652838679	0.295988426642747	0.263344798941579	0.189435713274557	0.107871053419573	0.137267330486141	0.17934123589052	0.303830638033959	0.189455047506183	0.213124016673146	0.199786758236274	0.23253791676164	0.315600541727642	0.206440629820723	0.17274095586993	0.157952535952778	0.195142692545266	0.210712807706013	0.229349844355329	0.208557960816467	0.185002949749001	0.187841598407649	0.0777739485125115	0.0893185830546359	0.260298116346361	0.285869407555089	0.161204894183446	0.344636939950629	0.187712641559604	0.199355098036107	0.205931604010568	0.105833809590918	0.228080128464758
700098605	0.123593808707772	0.199591757777878	0.334979635994947	0.222946954678765	0.15842914512659	0.289880912148578	0.120694435215464	0.283250082594414	0.172170074097693	0.269493787679693	0.237063256101235	0.340248592125386	0.30060696216549	0.200393641139128	0.307101448943987	0.249524933648887	0.264289936745027	0.303052017045006	0.176251077470548	0.127077472648748	0.183976610392162	0.281191117492982	0	0.136306247716495	0.206069914792306	0.219994834823159	0.234975489246582	0.345376729998172	0.264051741849893	0.301322928333401	0.256290650697177	0.248066478516413	0.241500046144074	0.273658755943693	0.203218237911041	0.15250053378627	0.24663991473252	0.294092643225885	0.141499690772236	0.333633363117301	0.147460275164483	0.306540766658602	0.207772100466772	0.195237883204213	0.284683281819622	0.207668317016303	0.18979835860282	0.28362175302929	0.224878230189108	0.313124233497209	0.314748333038383	0.146862497796372	0.125593312090002	0.156187034085458	0.148568180521475	0.266059033065593	0.177111964978053	0.168445333946737	0.299165482504325	0.133784272898175
700111991	0.0609419736460291	0.216544807303766	0.291335488885896	0.251017566737263	0.167683664526133	0.271919052668965	0.0961707715550548	0.282151468091503	0.114072279120723	0.250424232995872	0.180230534924923	0.31378725525804	0.290035562603957	0.197776292737918	0.31899547104895	0.177028059270383	0.275992074700301	0.255916332314165	0.0962365407052562	0.106229719437984	0.132368663274014	0.220387540515831	0.136306247716495	0	0.149758390133345	0.206763590103092	0.246246024340601	0.345093689304536	0.281384682393298	0.295100293343726	0.238743709232725	0.203614113698375	0.204681430583285	0.248865168697123	0.175919330760699	0.11352496634167	0.197096810148636	0.284382704470904	0.0862074608296021	0.362522563600414	0.0959433060121982	0.295938644793615	0.163543417988889	0.149527477666491	0.268826292468116	0.211375700999633	0.170348069628713	0.264849557261422	0.20601434383278	0.276518030309287	0.252052276250113	0.092433458155444	0.133003244777	0.106916546542613	0.150579232196559	0.253447263412913	0.139253375112566	0.0951975662069803	0.266065879422291	0.119853789739339
700108960	0.171154694336758	0.298302729017151	0.2648007021165	0.287538185294173	0.260999167434873	0.267255763447117	0.134212859132241	0.339324407977407	0.193033527110173	0.305916700172895	0.183341727741126	0.282918497582651	0.339908666190964	0.277321223635658	0.365803632909079	0.18623694821539	0.337718372078928	0.267003797293288	0.158112632540386	0.138323557698328	0.12814402150973	0.183176709855663	0.206069914792306	0.149758390133345	0	0.324227437860874	0.335464130387514	0.42605687874744	0.341287162727986	0.348946771017259	0.282177966381244	0.143375958698772	0.218134127423534	0.275387293730432	0.291968440769333	0.149578935321036	0.27712274364406	0.302302179347562	0.178272816995626	0.407431393712946	0.200190776106426	0.284656156858248	0.206379074120138	0.155666256633591	0.300359506925915	0.28788654627892	0.272108984554357	0.294788997357496	0.260505160553773	0.235941312974028	0.21984812925285	0.169816081263203	0.159499402582805	0.169348551469167	0.214403571000572	0.29831587301891	0.167620850198729	0.110371950878125	0.228331859863979	0.13117390760789
700024452	0.193961607840238	0.186470244943495	0.352511770169635	0.286951161103197	0.171430874768886	0.324782698150178	0.237281322848789	0.297060754737664	0.201260087738826	0.288570814928433	0.26925321664252	0.37556633127405	0.316430143366406	0.205539076037877	0.337334015434792	0.27799347093887	0.278755974484716	0.313316920479035	0.21260885018251	0.231878997587929	0.275754403308993	0.317035496191798	0.219994834823159	0.206763590103092	0.324227437860874	0	0.201895626922408	0.277501476420323	0.218364006147467	0.269179440911798	0.266846009186477	0.306025586238583	0.247009192422787	0.271034998368897	0.0757157958263281	0.229305294559097	0.253149047143478	0.318446186768046	0.184574507973467	0.31328891288307	0.182057488600537	0.32056901365522	0.239837222379148	0.267834825092973	0.270943450709171	0.22117673538147	0.180462067830177	0.323573516869554	0.249303413514582	0.346831557168639	0.328625813446255	0.187338564535179	0.230228350075482	0.204253687999679	0.204547003471736	0.282438322983219	0.236818310129634	0.240826738322387	0.329663061833428	0.261530575240443
700032931	0.246430959045682	0.108769174428434	0.259088383769186	0.375809669210804	0.162847289239532	0.207904778432712	0.287748893330624	0.165012398961108	0.219006471279592	0.148964106817562	0.198947777743234	0.28914331963886	0.177928335872037	0.115334669283962	0.220084983722012	0.245646708431432	0.141322152160781	0.206427109661652	0.226546208464178	0.257333404710456	0.287083785588413	0.264217008988118	0.234975489246582	0.246246024340601	0.335464130387514	0.201895626922408	0	0.247386296045914	0.162859394656493	0.151850597413219	0.132414621414451	0.274629507617246	0.167041703593863	0.129121858233956	0.201830860368331	0.228184406150343	0.16967242768227	0.201484495324425	0.229658997950772	0.19895725879258	0.200237300319758	0.186056524216349	0.184601256500543	0.256392290484997	0.157949456168316	0.179086565802416	0.136587383195285	0.209655668308263	0.139703682664842	0.255066152769438	0.280333943579138	0.25580890079938	0.28502488349072	0.201189479734181	0.29315700150295	0.143483318320947	0.233903483902046	0.279060889420955	0.249560462427482	0.287984847900389
700095837	0.337823714323379	0.248136573488935	0.394328195151823	0.439082110033288	0.311108078657472	0.379857255727675	0.36563768851559	0.316032147920469	0.313435178023209	0.310109073608769	0.317729080716336	0.403010868029964	0.310380356693312	0.30603743908472	0.352193436527588	0.356536353697704	0.303787281773098	0.370897646986085	0.35306137295086	0.332400253547422	0.393828684187646	0.37604652838679	0.345376729998172	0.345093689304536	0.42605687874744	0.277501476420323	0.247386296045914	0	0.25154222197273	0.244648762418363	0.305208099799634	0.383795146247611	0.28927883800919	0.285735534103094	0.284545220098425	0.334523664157662	0.32123176496983	0.381997595144543	0.321247741823633	0.330471088075683	0.319613880693718	0.324194331698964	0.336523820481962	0.346060676977276	0.270396249102866	0.326778043171584	0.275474403558065	0.349143921107214	0.333504029597832	0.389348799227039	0.394884748573679	0.338587148042178	0.359540687151161	0.335071334415238	0.392187623873457	0.290585345542789	0.356215115451784	0.37152282716133	0.381815365351537	0.379760827193665
700024548	0.278342750051859	0.161551140185788	0.276587601207759	0.365542778130849	0.220525755936784	0.251190583563703	0.297800365118516	0.16053421353127	0.272865595608238	0.175971549533364	0.240314305193344	0.300725262672725	0.175090127923227	0.167431117283634	0.189710586238686	0.275222948306728	0.149206522139805	0.299254319195302	0.260394633254729	0.271700466869067	0.242520629393295	0.295988426642747	0.264051741849893	0.281384682393298	0.341287162727986	0.218364006147467	0.162859394656493	0.25154222197273	0	0.142791532788107	0.202265760368081	0.297636797029128	0.192051978471275	0.192274854786557	0.23341233400447	0.239870354556753	0.281102847589005	0.238942366819097	0.250083049325728	0.15396506068462	0.227003331118647	0.186912961454668	0.234468490089898	0.298897770224362	0.117259284467148	0.125538749397378	0.176298994660584	0.181679042176816	0.209585555200002	0.281228433090861	0.298281604341351	0.26734739062791	0.299303148283154	0.223388648151064	0.326464320691331	0.169536386762243	0.20751763068898	0.293227458982415	0.250925891517266	0.294889870396795
700110161	0.306673748069014	0.175034051360003	0.200393564939818	0.414210003181975	0.248010818405933	0.195791626685242	0.311181753896236	0.113546566079832	0.259193926870484	0.124320062192855	0.213733009473072	0.267143813944427	0.122208573563183	0.16647582554395	0.152929690808059	0.246372702646091	0.135963648309148	0.232066312196109	0.269821429560607	0.279243891916422	0.29643447393809	0.263344798941579	0.301322928333401	0.295100293343726	0.348946771017259	0.269179440911798	0.151850597413219	0.244648762418363	0.142791532788107	0	0.153312447689097	0.266810285757365	0.18246884893384	0.136552769825763	0.272544679122787	0.24875375479349	0.236174753173381	0.169872008244789	0.26942986610803	0.186250348711225	0.2481459361981	0.149683382263829	0.222519509843054	0.27084882475269	0.126690832922206	0.210819405272359	0.177652806384797	0.171618854536968	0.179126193196015	0.234948371837572	0.27844793492806	0.285055072112204	0.335930420756385	0.229801613988941	0.379914186659517	0.128999265539484	0.235196844713293	0.303444829196999	0.211156204295841	0.306124050169635
700023496	0.26545654796461	0.143757920258157	0.186561813771289	0.400623418910513	0.18696677786342	0.115115902863816	0.277025628872412	0.130373371069583	0.221260022993403	0.0820892236166191	0.134745748643263	0.199008688120835	0.132499260013121	0.105326801796002	0.200540029469269	0.174794984586951	0.118801088327638	0.127882331331081	0.196255428047247	0.243882274435735	0.221776176022178	0.189435713274557	0.256290650697177	0.238743709232725	0.282177966381244	0.266846009186477	0.132414621414451	0.305208099799634	0.202265760368081	0.153312447689097	0	0.20328528829778	0.1134517029604	0.0603487807837419	0.258443048464793	0.186673054727073	0.149825224090361	0.135385478733853	0.23353768960986	0.207913268877962	0.19421996732493	0.121821808708983	0.125736417498389	0.212038936619305	0.122395061436877	0.17990357319014	0.135569432138731	0.142354631826012	0.0904165717935198	0.188382045142209	0.209730794617562	0.261906759422115	0.30832495157471	0.167571860828793	0.338336684962035	0.0959995733644627	0.187762118113911	0.236476992820301	0.188453474955771	0.25497083659253
700034628	0.238033069459999	0.237330725572538	0.186324370012041	0.380166982992502	0.222679587447689	0.180175742341769	0.213240539011174	0.233052954634462	0.169657060952071	0.213747037640623	0.146301929873614	0.190443713793474	0.235942720077802	0.227921179068463	0.270218505963658	0.131301129207817	0.239739337143652	0.197059657624878	0.140554683068433	0.224830036025336	0.141714363556747	0.107871053419573	0.248066478516413	0.203614113698375	0.143375958698772	0.306025586238583	0.274629507617246	0.383795146247611	0.297636797029128	0.266810285757365	0.20328528829778	0	0.167169065678707	0.194979135152803	0.280276334789522	0.144380527197511	0.23417882242533	0.211474469392852	0.207262338968047	0.310166565826344	0.19899691747406	0.185629234603491	0.166926210896912	0.129653449076104	0.209887567585731	0.228758346280467	0.213652770480869	0.191870053787526	0.195753203143294	0.14631341396102	0.169844791539043	0.231475575273562	0.253153152532192	0.147264923158477	0.303270395293693	0.190356970524253	0.174550330957791	0.171402441248403	0.146697217768527	0.155342422048626
700023645	0.226191134866113	0.151148360422072	0.189387637809907	0.359148237619415	0.192119185769358	0.167768737292639	0.230179199771077	0.172341495090878	0.184422961379618	0.144181683186498	0.0813140085121333	0.192962607207708	0.17765101743996	0.146402701722689	0.233858889878703	0.117255775775529	0.163524023792267	0.166457360226532	0.162264462039984	0.200437184885873	0.178937480401951	0.137267330486141	0.241500046144074	0.204681430583285	0.218134127423534	0.247009192422787	0.167041703593863	0.28927883800919	0.192051978471275	0.18246884893384	0.1134517029604	0.167169065678707	0	0.1021580590371	0.244422555998729	0.162675048027655	0.175781586202031	0.191860632144997	0.193563245076992	0.246917364956369	0.176193995907199	0.118876443789286	0.122368365142646	0.181006800932786	0.124390608859823	0.182593532542805	0.123751822987869	0.174223632548227	0.154924843544338	0.174441471624142	0.170939845159449	0.212392915586595	0.262851398799294	0.152193606461622	0.31352370868711	0.126162912067679	0.168493097484747	0.174776200882715	0.170581420564956	0.220514021199082
700038744	0.273656532058375	0.155202624287307	0.172000717801045	0.398758896705258	0.20841379935443	0.120513589482113	0.282847547841602	0.143539589591334	0.231660601586133	0.0970005313465667	0.129176823805752	0.193265508413479	0.131990383760085	0.131379745691317	0.199613453568277	0.171773800084101	0.139514876700793	0.131767531456643	0.211410985632808	0.250535729826926	0.236364268997314	0.17934123589052	0.273658755943693	0.248865168697123	0.275387293730432	0.271034998368897	0.129121858233956	0.285735534103094	0.192274854786557	0.136552769825763	0.0603487807837419	0.194979135152803	0.1021580590371	0	0.265818852528299	0.198238172772546	0.164574890300765	0.14041053851625	0.242452492401603	0.200351217114346	0.211614682765015	0.101413630668692	0.141064694129409	0.22411653257008	0.111793307996219	0.1908650672615	0.157440332951285	0.147266333295137	0.116276921318544	0.181140367878056	0.200081966202388	0.266061328327853	0.315998576001037	0.18628554361238	0.348410132580194	0.102080727012316	0.199206628622576	0.235078729280746	0.177030657293485	0.270589845474676
700038485	0.165010625514739	0.185381159152804	0.347880385910546	0.274436567419591	0.16210878968232	0.322230329063963	0.209189127877712	0.298186765651784	0.165339395797824	0.284207537752827	0.255896090473627	0.377942910418721	0.316965424356676	0.206634595686871	0.344847917586566	0.268335468975779	0.273253200061997	0.302247647808471	0.183448461146261	0.214983540750055	0.264621869915338	0.303830638033959	0.203218237911041	0.175919330760699	0.291968440769333	0.0757157958263281	0.201830860368331	0.284545220098425	0.23341233400447	0.272544679122787	0.258443048464793	0.280276334789522	0.244422555998729	0.265818852528299	0	0.210666767403247	0.242082666860579	0.329000566477598	0.156875488870328	0.315598679733962	0.175943091394838	0.3259282023418	0.227689100875469	0.240889037913295	0.277821710380053	0.224634752297102	0.18671017631055	0.3280755231999	0.252007965375022	0.345578088241869	0.313426180431749	0.165694654345582	0.199219508226208	0.182311459249222	0.179436563902876	0.282639658689533	0.237984674373598	0.215559365319338	0.329234148154087	0.233614857443209
700024743	0.137481866882716	0.179134940840327	0.238962010528857	0.285748647638463	0.177268133615289	0.224932285125698	0.126430531977144	0.223492105055637	0.141940411747742	0.195141766702247	0.146982129694065	0.249625165503207	0.234524024753534	0.175373406255426	0.270468143572523	0.186080843406965	0.222578757961781	0.229527248208495	0.12622863261843	0.115782901649023	0.131576336796035	0.189455047506183	0.15250053378627	0.11352496634167	0.149578935321036	0.229305294559097	0.228184406150343	0.334523664157662	0.239870354556753	0.24875375479349	0.186673054727073	0.144380527197511	0.162675048027655	0.198238172772546	0.210666767403247	0	0.197734787396933	0.237422542452676	0.112863046707523	0.300208431553411	0.127936279399421	0.227271882986272	0.147364663546992	0.0941325315896967	0.202028044250928	0.186677862126885	0.171432778895503	0.196609341483878	0.163873189315686	0.226468207054395	0.22254039562475	0.14324145400335	0.165839807846516	0.0952152222820777	0.212251250530529	0.195117053230007	0.114925238610661	0.111627047094372	0.215523333392791	0.106555747238395
