700108602	700014971	700033565	700109389	700023058	700023927	700106341	700114221	700023543	700023439	700016978	700024192	700113058	700099448	700109870	700033928	700023693	700109627	700095416	700110425	700111580	700111302	700098605	700111991	700108960	700024452	700032931	700095837	700024548	700110161	700023496	700034628	700023645	700038744	700038485	700024743	700099596	700110760	700101587	700106399	700032322	700095653	700021312	700101230	700023590	700038905	700033136	700023382	700096424	700105469	700016908	700096053	700108479	700109569	700033814	700016125	700109756	700102665	700101777	700109455
700108602	0	0.144062533426242	0.164069465752755	0.114157910479631	0.12807409045047	0.171522184779765	0.0935553930239236	0.18084270373768	0.103317187681568	0.161489203098724	0.111734466968685	0.157509215524466	0.160188831981801	0.160646032246596	0.164309002040849	0.10448180443965	0.179436953341259	0.166032075125213	0.085934806493259	0.106318819785125	0.0933509194593347	0.113853670399541	0.110398837264764	0.0896446771877769	0.0980214409231801	0.109936745293544	0.147248912749177	0.134521986999454	0.145835484978664	0.165003277745752	0.155271338103004	0.121353075898589	0.112033026879188	0.153937746030146	0.123491035640936	0.116348822801704	0.133551073357732	0.176809848049694	0.0912515473347702	0.183057886267911	0.0879204375360314	0.156966786213956	0.127766596379577	0.118775332609629	0.148908112194805	0.123287441939768	0.122813745816584	0.152353368841494	0.142303697045554	0.132751900663336	0.125041114339294	0.0940395749898361	0.090745185063027	0.099229957084961	0.0989477715772828	0.161613810000096	0.115344199928101	0.0883799951274415	0.131616365189275	0.108235888385598
700014971	0.144062533426242	0	0.148948190906611	0.164258803117322	0.133726396585421	0.137510028091938	0.156551441057055	0.14220140294058	0.152853792178093	0.131010483460759	0.130298728263787	0.155419415352736	0.140772752172931	0.116906470109159	0.14437905991676	0.146165100794296	0.126202306052673	0.148557525139749	0.147875131690792	0.146785742835536	0.138515317700945	0.131029432750828	0.123112155530755	0.146221436113744	0.157110886868328	0.145565519163474	0.123080839327188	0.139675183518609	0.122269587664333	0.126928036426566	0.128937133871398	0.14745032956127	0.114900122025735	0.127660233132336	0.141069652773093	0.123007031512522	0.14369997688421	0.151037322680917	0.143270388573955	0.150815357760931	0.144250307939134	0.135206045319883	0.127823739598675	0.138509916917884	0.125557282599062	0.117605648798992	0.114004929475099	0.132381675521147	0.118146641624898	0.140221873496392	0.144379237234513	0.152505997297052	0.14319915296585	0.120310431646033	0.160816183898052	0.140787476934409	0.137406532712168	0.146004820626831	0.129996835600403	0.150243780874128
700033565	0.164069465752755	0.148948190906611	0	0.154121319062896	0.143635991388996	0.0774343680476021	0.143080370608005	0.107610675661153	0.154571820259423	0.0982678529647979	0.0975160142347211	0.0642682357041279	0.109309411657426	0.129488709175382	0.083451751787718	0.111421818955565	0.0981112462486072	0.0853040533383741	0.14530395810955	0.145498865610879	0.141081121838055	0.0908677879901406	0.133494255250419	0.141050835972857	0.139297310800067	0.162120341181643	0.133569131167095	0.139001390425191	0.116469206517204	0.107271119865149	0.0991286524061918	0.103382613417567	0.111506029545298	0.0844454931644353	0.147207482877714	0.109902360416817	0.135191719715451	0.0839134951704409	0.15762844243789	0.120510983810447	0.14410062483183	0.0823066378792069	0.129309141010267	0.128041502129637	0.107694532308762	0.117527679133388	0.14410894203572	0.0844787963897201	0.114949310530234	0.0807149851900916	0.0843533680790722	0.16822195632029	0.151282362505367	0.118802116020979	0.181466494872395	0.116647083568001	0.132124582412379	0.15982417745451	0.0914093685103139	0.138545905351451
700109389	0.114157910479631	0.164258803117322	0.154121319062896	0	0.132492033824139	0.173503608745185	0.0920231472894974	0.190530789432815	0.138627268424699	0.179530544184663	0.134435603783558	0.145539245457374	0.177171421867654	0.165640553199401	0.149589619847651	0.140117320961593	0.189893982373271	0.178423606391699	0.135113624984082	0.0985971026174215	0.111150559203697	0.145225633417579	0.107205783173633	0.125476087405283	0.105084164070411	0.110135680052796	0.183394189319916	0.160641769571667	0.133094955461506	0.159821268961278	0.174667049376646	0.145183804211349	0.13800079507862	0.161542153960853	0.118533493135192	0.118214042939258	0.178199937542929	0.166780638834619	0.131918500149956	0.173727483253606	0.12148037804725	0.160839907732388	0.149698792967008	0.134237572471344	0.151895808343849	0.137595000690322	0.160304510049772	0.158008163892404	0.162056019507368	0.140458449817516	0.121759987222828	0.10624727861576	0.076082943279771	0.146322611790665	0.112570836966099	0.181911682112347	0.103888359731577	0.0936703529949858	0.118378211180311	0.105194590388258
700023058	0.12807409045047	0.133726396585421	0.143635991388996	0.132492033824139	0	0.145662564997651	0.115679397686343	0.157678250022256	0.115328568340518	0.148900605719656	0.119348748869847	0.148284345678906	0.150076822181882	0.132693528439493	0.145515609746458	0.122439200986134	0.14948973379059	0.141898494042798	0.121303616397644	0.120685049687954	0.123594463505907	0.131872338347215	0.122487416943932	0.128324983494098	0.129145836587682	0.103287320981731	0.156525020806203	0.138951738082845	0.127923656641543	0.13448656495146	0.14223338171656	0.138841032689196	0.121600138294248	0.135188098780803	0.10597573466125	0.126477417655979	0.133118025776886	0.143059778337279	0.105369159056402	0.163151939327206	0.124165722900308	0.139082093092417	0.120273624583943	0.126247985111375	0.128393830973362	0.117314703863302	0.12258693644532	0.135978659343803	0.121306963938913	0.138660856235921	0.139841390943557	0.114551580016031	0.110260401797046	0.129423032088965	0.128037968397134	0.157982374042006	0.12711696699879	0.114051580763163	0.134077611671009	0.118503412351515
700023927	0.171522184779765	0.137510028091938	0.0774343680476021	0.173503608745185	0.145662564997651	0	0.162022422966864	0.118077496670154	0.168551055942622	0.0893292200113698	0.113494249420414	0.0956714678758262	0.108354094661155	0.10399099254848	0.0937185574087603	0.126606427592374	0.105887871533358	0.070207488127284	0.154363795057545	0.156629180541647	0.145060071812973	0.110734549208003	0.137884027034088	0.148906254082971	0.149126455945562	0.167969283481017	0.137171161607883	0.15628132190671	0.114991963746965	0.101220928383876	0.0774738916233863	0.127480701754023	0.120984150240974	0.0707448062769621	0.165982454100482	0.122669243149287	0.119975618025837	0.0684904129752852	0.162833951930605	0.117666182465606	0.160326546980715	0.091237709645074	0.124948216419152	0.141429048991674	0.113960463308619	0.116125989400271	0.151042603896454	0.0979149610744926	0.0888313267209275	0.100062240190738	0.108530374481397	0.175176981353936	0.160244069211405	0.124951247303547	0.182921091456116	0.119553509321507	0.134018475249783	0.16458002393668	0.106142428344799	0.153740126724389
700106341	0.0935553930239236	0.156551441057055	0.143080370608005	0.0920231472894974	0.115679397686343	0.162022422966864	0	0.182834612321687	0.0853061194171139	0.174007119123224	0.111271599323523	0.130454179937124	0.157323767428715	0.150638335780544	0.139297673139204	0.113040619206794	0.17564242043312	0.168556697345071	0.106755800819	0.0771353726604847	0.0869479193661239	0.107786538947185	0.0970549477185512	0.115505754593926	0.0785105598125912	0.112802237154518	0.178611702048168	0.157258756678945	0.141663197730219	0.158205635382839	0.15133018431641	0.0872412593651465	0.113210652144283	0.143899693925477	0.118606990830205	0.0881848160309104	0.160652221185063	0.160622369791743	0.101346238884088	0.176368590506855	0.121207784974205	0.139652771120047	0.119187880117435	0.0876208371504909	0.134463982212811	0.132483033130727	0.131695202444857	0.13472450629252	0.146592559029124	0.1148862070812	0.114713223997478	0.0690957575095851	0.0789738623902694	0.114820674556825	0.118091867712675	0.165799887880527	0.0935435411969242	0.06872090453248	0.109984214934588	0.0659456293724255
700114221	0.18084270373768	0.14220140294058	0.107610675661153	0.190530789432815	0.157678250022256	0.118077496670154	0.182834612321687	0	0.184443597834724	0.0882783670999912	0.132998317645883	0.114998407255395	0.0994898630837352	0.153762882948426	0.102886318723428	0.150867043295039	0.0721271040502337	0.124890907144995	0.17282196682026	0.176173254288421	0.170937297311329	0.141205388830021	0.168409175798965	0.177044645656292	0.181775552473307	0.188337398955659	0.136479593444419	0.145109294016562	0.115105434681151	0.11840035366819	0.118971125763064	0.147226406717776	0.129161538223654	0.108642701899689	0.172834817726719	0.136389861925268	0.163457787448237	0.0972690288151583	0.185559237743233	0.0913435543004572	0.158186992516836	0.0948389727460157	0.157490410559563	0.154289573774752	0.106265738914903	0.124200089654762	0.139270051232735	0.0922602866043823	0.139135809121521	0.11918445132771	0.134824793615036	0.198321905816784	0.17586114635761	0.143826713023976	0.20996990434177	0.108381496726717	0.150130072285465	0.19557148991006	0.132010164331085	0.174560666406393
700023543	0.103317187681568	0.152853792178093	0.154571820259423	0.138627268424699	0.115328568340518	0.168551055942622	0.0853061194171139	0.184443597834724	0	0.160845677584132	0.114201391102489	0.149405807624406	0.157269070106645	0.142345886460858	0.151048871137698	0.0993632769733956	0.179355586904044	0.161734194225202	0.094464112254877	0.112148953297367	0.108495526996997	0.116262242068843	0.113953070288155	0.106590408774131	0.105764030887478	0.103585612557551	0.150458796243727	0.133470848848446	0.157589784939989	0.158605561576645	0.148141727009491	0.104879327691928	0.119839468018871	0.152915866518747	0.108413916468616	0.124838582241009	0.146603276695672	0.168943350169233	0.0862879949916537	0.184931485668756	0.116173769022716	0.147435082704981	0.122646843381445	0.091000935880297	0.141659911723357	0.124988003853241	0.119896905370792	0.144810471292105	0.154457152434789	0.126119457199666	0.131728092166538	0.0845237311710476	0.110074324327436	0.118443345264727	0.117751192346954	0.164788262184985	0.127987343323764	0.0948318468123133	0.134595754213861	0.0965635260365953
700023439	0.161489203098724	0.131010483460759	0.0982678529647979	0.179530544184663	0.148900605719656	0.0893292200113698	0.174007119123224	0.0882783670999912	0.160845677584132	0	0.116132392749282	0.107768603105329	0.0911589668016906	0.125392376251423	0.106054762707304	0.131613874219538	0.0871973181579374	0.102667470396312	0.147197247609404	0.160662063795159	0.140664227036326	0.119069951671447	0.137796880121408	0.145612656862432	0.156272978808818	0.165263191700185	0.129313869658214	0.138981659766269	0.109813602504653	0.104832562336396	0.0962562585994833	0.130606430621446	0.107830352328762	0.0953647226837018	0.162656350893095	0.122571266693737	0.133471846085837	0.087368936197046	0.162390252714599	0.0922403045755272	0.143788264323399	0.0919100733743672	0.139320788360658	0.137278604352814	0.105818806183481	0.098964264071985	0.129348876299771	0.0921444029849964	0.121245798830927	0.100913849749415	0.115539876318421	0.171365278917171	0.162717461271622	0.119805715807087	0.179921906197232	0.0955482170003799	0.13411999999857	0.163809708995478	0.114158455413553	0.15419912030523
700016978	0.111734466968685	0.130298728263787	0.0975160142347211	0.134435603783558	0.119348748869847	0.113494249420414	0.111271599323523	0.132998317645883	0.114201391102489	0.116132392749282	0	0.0926015214376569	0.107262337638782	0.13483698745717	0.116988454839441	0.0910963908481593	0.126611589516294	0.111295852442183	0.109505482981921	0.110720002362402	0.096762265825479	0.0697290652457721	0.11595770672543	0.117443888710159	0.0986747514247949	0.143208554758158	0.13365823577953	0.117859067728334	0.116625712452416	0.121416022210241	0.103241362968415	0.0910495146610991	0.0792286168663694	0.095865028547399	0.141670244879068	0.0837737422129056	0.125253668293933	0.12900406361595	0.116140626146768	0.134888823419885	0.11119287262687	0.0871147399772989	0.0988073890940319	0.0917786567201033	0.102071565857483	0.109494933605095	0.123033653837392	0.0952413752851966	0.114866312631539	0.0835636486533515	0.0863478535483237	0.128544661222548	0.116679467189576	0.0825398753666047	0.146194488218024	0.11526432281728	0.0988839795127119	0.116469166397904	0.086782131191002	0.111343242540854
700024192	0.157509215524466	0.155419415352736	0.0642682357041279	0.145539245457374	0.148284345678906	0.0956714678758262	0.130454179937124	0.114998407255395	0.149405807624406	0.107768603105329	0.0926015214376569	0	0.0890540641746526	0.142670444409793	0.0750683288640801	0.103808914587402	0.117652222909549	0.112021729616773	0.134891359160125	0.136771057248945	0.127938457145562	0.0852769761933252	0.131647290576193	0.158219749564049	0.129070222857278	0.16081280654564	0.153730749837971	0.137291750484423	0.111564974721918	0.1206145101001	0.0964361373425226	0.0966064240929302	0.103164537337932	0.0831261752678111	0.155458556449485	0.10611537067797	0.147966873944451	0.0932452398466557	0.160920398985517	0.104502706080251	0.140747320986939	0.0663833611810068	0.142138575536791	0.114754200637684	0.0865926256377079	0.110939473626844	0.153930428947511	0.0805751624798741	0.13442606707874	0.0678200167528296	0.0724533171300932	0.161032745049561	0.147657579268225	0.12420686663978	0.186427555644374	0.0995315820661813	0.116952743173446	0.153602732103764	0.0866933420999947	0.127270927844171
700113058	0.160188831981801	0.140772752172931	0.109309411657426	0.177171421867654	0.150076822181882	0.108354094661155	0.157323767428715	0.0994898630837352	0.157269070106645	0.0911589668016906	0.107262337638782	0.0890540641746526	0	0.138714701275007	0.0848733158813738	0.13223369016217	0.105418349115071	0.128894314903821	0.152905217666338	0.152491162787555	0.146850403209383	0.110777130435627	0.150695726263368	0.164950353115436	0.154130922735443	0.175528517980172	0.137408165991598	0.129783356748587	0.109997461897349	0.11296392469475	0.0958903799850197	0.119167612266504	0.11046779099607	0.0921429298879939	0.175339890828582	0.120919241712755	0.146436026152095	0.112919415675169	0.160931729467938	0.0961340207863789	0.148943384626144	0.0768957120125783	0.148854516682431	0.13042271302366	0.0918425269648757	0.108957559414811	0.148660551107617	0.0727402605939256	0.134342303093861	0.0969477676027033	0.117770016022243	0.172933968115015	0.163819911936682	0.134734611006636	0.198828525920412	0.0813244224151113	0.125807502697105	0.173004864718386	0.11069947943327	0.143722682087994
700099448	0.160646032246596	0.116906470109159	0.129488709175382	0.165640553199401	0.132693528439493	0.10399099254848	0.150638335780544	0.153762882948426	0.142345886460858	0.125392376251423	0.13483698745717	0.142670444409793	0.138714701275007	0	0.129565834567546	0.139174729045075	0.138957474701203	0.124049385879331	0.13954441987239	0.1478468613321	0.140229607472479	0.136226704491577	0.117858525839716	0.136316126689387	0.152527074709611	0.130221753047791	0.136469995579631	0.144344775836281	0.119785193010615	0.101121294228063	0.11419244450405	0.144773007358164	0.138351803794259	0.104712499516749	0.139057550239305	0.132834825694925	0.119205105018627	0.120797532193747	0.141037752082397	0.154603931279321	0.158117692817323	0.123274810012167	0.12616187297609	0.148942109496176	0.125530093232784	0.122020172758521	0.126245916835089	0.129453193168128	0.0984814698234242	0.135352862126807	0.131570746596761	0.131367647311193	0.15340720906534	0.132057640639889	0.147083290447169	0.150671578575851	0.136998705053585	0.140838131290502	0.123475407024543	0.14793476681127
700109870	0.164309002040849	0.14437905991676	0.083451751787718	0.149589619847651	0.145515609746458	0.0937185574087603	0.139297673139204	0.102886318723428	0.151048871137698	0.106054762707304	0.116988454839441	0.0750683288640801	0.0848733158813738	0.129565834567546	0	0.121392012700543	0.108197524246143	0.118747228905462	0.148710612544056	0.137626358189991	0.13084403011897	0.112496524729751	0.127376646913423	0.155381806080807	0.139922725117813	0.16223545957794	0.141059575566593	0.139680721035518	0.104375002463754	0.0986738542491769	0.112593235394588	0.107700179585254	0.123862288497542	0.0979375669758359	0.162719314706004	0.115984133395665	0.151539008509976	0.0712960111012681	0.162096360414656	0.0999338659443715	0.152994076320501	0.073298163114825	0.154250804340283	0.123411429438055	0.0968424924960433	0.111193916427468	0.148123145234119	0.0769453684341447	0.126695152271936	0.089411365664073	0.103429573299734	0.160123184172223	0.145701351615958	0.127438281279483	0.184512412802728	0.0993801453298519	0.111977528749512	0.155114397102997	0.0889282463050341	0.126133657302303
700033928	0.10448180443965	0.146165100794296	0.111421818955565	0.140117320961593	0.122439200986134	0.126606427592374	0.113040619206794	0.150867043295039	0.0993632769733956	0.131613874219538	0.0910963908481593	0.103808914587402	0.13223369016217	0.139174729045075	0.121392012700543	0	0.143386776943962	0.115059428331296	0.0985396176699378	0.113239451631928	0.106203059598213	0.0835120843336674	0.1184521310819	0.101097956190507	0.105954219091955	0.126413638777508	0.137637674816254	0.111392918023071	0.135027214961918	0.133896837851548	0.121399961986541	0.0975116043700594	0.0982208502949397	0.111664751142362	0.123314628517322	0.117117925624004	0.117082184501934	0.137458308091163	0.103467834228078	0.151405775390197	0.0957144443430201	0.104316242568068	0.122174316605345	0.101867130147499	0.115737898533822	0.117071186592805	0.125454280982638	0.118057700117025	0.127364136782861	0.0947695646498671	0.0917753059549831	0.118597786384335	0.110699311354858	0.108001662228239	0.135018641820572	0.134078347304923	0.116266344841866	0.110656858158338	0.110452620242995	0.106954966085391
700023693	0.179436953341259	0.126202306052673	0.0981112462486072	0.189893982373271	0.14948973379059	0.105887871533358	0.17564242043312	0.0721271040502337	0.179355586904044	0.0871973181579374	0.126611589516294	0.117652222909549	0.105418349115071	0.138957474701203	0.108197524246143	0.143386776943962	0	0.117112543746264	0.166097684449595	0.173316813506469	0.161009927042744	0.125663391924588	0.160170153667707	0.164688480679896	0.177692350659754	0.18308139790704	0.136231017930751	0.150426784678937	0.115154766992278	0.118919122932949	0.106199213883911	0.139570454880607	0.13069935286093	0.106584068896024	0.165427401239611	0.131007266606694	0.144706474726752	0.102273915831406	0.175583889669814	0.104684389421768	0.157648505590216	0.0889964733823995	0.141822345044181	0.152107639647269	0.108075807736821	0.113832698047351	0.144516616548639	0.0969788446688429	0.124360633733389	0.120614409557202	0.128018984484232	0.193301725176584	0.170979542599436	0.134052530070837	0.203067155042639	0.112768194487148	0.147714702877507	0.188070730816523	0.132191589644188	0.166880796988498
700109627	0.166032075125213	0.148557525139749	0.0853040533383741	0.178423606391699	0.141898494042798	0.070207488127284	0.168556697345071	0.124890907144995	0.161734194225202	0.102667470396312	0.111295852442183	0.112021729616773	0.128894314903821	0.124049385879331	0.118747228905462	0.115059428331296	0.117112543746264	0	0.153344688531541	0.155312958475017	0.150315641737962	0.110662004068308	0.146267385507	0.139477547002277	0.150060658150386	0.175290331289428	0.129569447146377	0.151624345913127	0.134624490659061	0.119030705848014	0.0888035510410759	0.135764750763029	0.120962978281017	0.0937176184336275	0.164533026445552	0.134639191649516	0.117909922584444	0.0915936519767768	0.158663344368749	0.135502198035063	0.160200380185521	0.106355449910039	0.128191363023808	0.139029857365996	0.131176932488004	0.129867423093959	0.145222956902422	0.114912190591757	0.0925071239498603	0.113508938790452	0.11400993426187	0.18021617889805	0.160310594705339	0.125148629787619	0.176300359283802	0.140763710581735	0.141138914674097	0.168199412955209	0.125292175294814	0.158808722073218
700095416	0.085934806493259	0.147875131690792	0.14530395810955	0.135113624984082	0.121303616397644	0.154363795057545	0.106755800819	0.17282196682026	0.094464112254877	0.147197247609404	0.109505482981921	0.134891359160125	0.152905217666338	0.13954441987239	0.148710612544056	0.0985396176699378	0.166097684449595	0.153344688531541	0	0.116415287274065	0.0939141255704664	0.10441625918045	0.115854581126597	0.0992737580599351	0.100303812441675	0.108490483951077	0.153657149254583	0.126561940990763	0.142046745630962	0.151723892297723	0.134134447503702	0.107879646069441	0.104410752033089	0.139535243157921	0.124933377757434	0.119248258137402	0.118402248862301	0.154975756964193	0.0884411999831843	0.174775016965312	0.101031881234171	0.134734267268233	0.108966141888896	0.114386501016495	0.124421255077051	0.114673681583743	0.116601395981711	0.137688010351642	0.12858144710486	0.120708350713117	0.110386467776824	0.106143377679868	0.109859592036807	0.100905204940034	0.11833103261945	0.155747641412289	0.114938086254996	0.0995964033211077	0.12219854365985	0.118095860162142
700110425	0.106318819785125	0.146785742835536	0.145498865610879	0.0985971026174215	0.120685049687954	0.156629180541647	0.0771353726604847	0.176173254288421	0.112148953297367	0.160662063795159	0.110720002362402	0.136771057248945	0.152491162787555	0.1478468613321	0.137626358189991	0.113239451631928	0.173316813506469	0.155312958475017	0.116415287274065	0	0.0867065255347237	0.115552793205632	0.0954312459423976	0.113540329146114	0.0689598606100276	0.125722075902469	0.163703486315225	0.141258779832493	0.132992991830896	0.140802718350419	0.152177636256447	0.109725399706985	0.109764994826813	0.141952238478291	0.1248078171177	0.0843001279718424	0.154999900822265	0.157351129451403	0.121172393042145	0.171356541240737	0.118060942847547	0.132163780435113	0.127670855527427	0.0859579340585507	0.134533996251146	0.130857805940452	0.138261397256591	0.130831205986496	0.134372665627162	0.122481121360023	0.12331893694015	0.0828599205794014	0.0617012046424639	0.117382321742691	0.123595579370941	0.161075026197445	0.0771278592606974	0.0725467502400661	0.106611715599632	0.0795384979836787
700111580	0.0933509194593347	0.138515317700945	0.141081121838055	0.111150559203697	0.123594463505907	0.145060071812973	0.0869479193661239	0.170937297311329	0.108495526996997	0.140664227036326	0.096762265825479	0.127938457145562	0.146850403209383	0.140229607472479	0.13084403011897	0.106203059598213	0.161009927042744	0.150315641737962	0.0939141255704664	0.0867065255347237	0	0.0881630049662367	0.0970845851237484	0.105786682520334	0.0631514589477568	0.126440942972827	0.162152835410524	0.151846492916062	0.124339505823928	0.142696874509952	0.13847633649452	0.100884396244665	0.0939649595807012	0.137408025243185	0.138351147288189	0.0933924310511225	0.14770942812605	0.149135101381767	0.113615875775602	0.15602959276764	0.112501396694299	0.121894682614285	0.123928203319554	0.0970507142179123	0.118144723159748	0.108781362409676	0.126161170557679	0.119678808040438	0.120463941043352	0.104857111400318	0.108265455967905	0.0934841089399166	0.0859507718971906	0.0883215843941381	0.121574683109314	0.147042662706641	0.0714626378557501	0.0761275715137848	0.0921264124245144	0.0844160417089094
700111302	0.113853670399541	0.131029432750828	0.0908677879901406	0.145225633417579	0.131872338347215	0.110734549208003	0.107786538947185	0.141205388830021	0.116262242068843	0.119069951671447	0.0697290652457721	0.0852769761933252	0.110777130435627	0.136226704491577	0.112496524729751	0.0835120843336674	0.125663391924588	0.110662004068308	0.10441625918045	0.115552793205632	0.0881630049662367	0	0.119109421756142	0.117510181560152	0.092914490978789	0.143577637856214	0.142586316412934	0.138657396207073	0.126837367061541	0.127203725484131	0.103277225604304	0.0712731402164202	0.0780659065546341	0.09284971892943	0.146990911054582	0.0880483521436039	0.131618909884013	0.129676686723767	0.124625812570601	0.133040775999982	0.12697305429426	0.0896465150546365	0.110348997340727	0.0947112089759026	0.102994423211899	0.119386036791636	0.128639058289755	0.0891868386033239	0.111325825267638	0.0640303372331371	0.0828398623482596	0.125326053991913	0.116438108020677	0.0856008405992665	0.155749669647698	0.115065463313822	0.104744074382428	0.11940373750145	0.0793002012772238	0.108732546004595
700098605	0.110398837264764	0.123112155530755	0.133494255250419	0.107205783173633	0.122487416943932	0.137884027034088	0.0970549477185512	0.168409175798965	0.113953070288155	0.137796880121408	0.11595770672543	0.131647290576193	0.150695726263368	0.117858525839716	0.127376646913423	0.1184521310819	0.160170153667707	0.146267385507	0.115854581126597	0.0954312459423976	0.0970845851237484	0.119109421756142	0	0.113172097554198	0.107020395879163	0.122928875929774	0.141460528052158	0.136914402164947	0.128273053992359	0.120425155808729	0.139799018492434	0.113275969953966	0.116369672667386	0.125006521317982	0.120198676509015	0.101369619950605	0.133195948197176	0.133147603379292	0.115120126214101	0.157405314655174	0.125697979346756	0.135244928778196	0.120281908981637	0.102214777953743	0.142569433097324	0.113219147756616	0.120089524852866	0.129377558642585	0.120335588263106	0.114870360871708	0.118270287969585	0.0962189121440878	0.0922372492804819	0.109459894160334	0.107696327110684	0.154348897043383	0.109751368396775	0.0902441947132746	0.110061742227245	0.0779257060723167
700111991	0.0896446771877769	0.146221436113744	0.141050835972857	0.125476087405283	0.128324983494098	0.148906254082971	0.115505754593926	0.177044645656292	0.106590408774131	0.145612656862432	0.117443888710159	0.158219749564049	0.164950353115436	0.136316126689387	0.155381806080807	0.101097956190507	0.164688480679896	0.139477547002277	0.0992737580599351	0.113540329146114	0.105786682520334	0.117510181560152	0.113172097554198	0	0.118954922602586	0.11166341647801	0.134715240139866	0.137329665631501	0.145589962308603	0.157890783352344	0.140294729313406	0.133411250994198	0.11526138602717	0.140757627948562	0.114466203432623	0.119223412047016	0.126554402427047	0.150315714503627	0.0993718503055475	0.181135000659852	0.107158065098649	0.149155658687654	0.111585974399073	0.120307029511118	0.145349181406417	0.109527605488288	0.112983316281174	0.150335480788598	0.128978186400171	0.137845932025014	0.121641993871421	0.115692070820496	0.112699267967625	0.102857109219714	0.0914506826109624	0.169404305570933	0.120450285156879	0.0976596415208064	0.124615610564886	0.119257436102014
700108960	0.0980214409231801	0.157110886868328	0.139297310800067	0.105084164070411	0.129145836587682	0.149126455945562	0.0785105598125912	0.181775552473307	0.105764030887478	0.156272978808818	0.0986747514247949	0.129070222857278	0.154130922735443	0.152527074709611	0.139922725117813	0.105954219091955	0.177692350659754	0.150060658150386	0.100303812441675	0.0689598606100276	0.0631514589477568	0.092914490978789	0.107020395879163	0.118954922602586	0	0.132838351372752	0.178674202352599	0.152560292114035	0.13737108789097	0.149834743401214	0.144810587572539	0.0945841966014937	0.107995490137785	0.141353941599126	0.139828933249646	0.0946817179609193	0.155160239871298	0.158146470133212	0.109988971243282	0.171117345552052	0.122491868868513	0.130565588571275	0.127968512209166	0.0876923910414669	0.133396247785542	0.136874933462956	0.143878160931108	0.131772139220567	0.13434400205459	0.104651961699634	0.107048275022595	0.0819681818750422	0.0702844107515751	0.10479856518578	0.117072713027897	0.160071441668569	0.0834409240593768	0.0694622687773166	0.0947618966511854	0.0830651428527358
700024452	0.109936745293544	0.145565519163474	0.162120341181643	0.110135680052796	0.103287320981731	0.167969283481017	0.112802237154518	0.188337398955659	0.103585612557551	0.165263191700185	0.143208554758158	0.16081280654564	0.175528517980172	0.130221753047791	0.16223545957794	0.126413638777508	0.18308139790704	0.175290331289428	0.108490483951077	0.125722075902469	0.126440942972827	0.143577637856214	0.122928875929774	0.11166341647801	0.132838351372752	0	0.156716156024302	0.132115514115398	0.121989430968664	0.152990693511882	0.165891522096123	0.147405977385497	0.135043192068091	0.160853401501216	0.0800350092228353	0.131509591436104	0.148764149643641	0.166552742692835	0.0981278831742709	0.172776923536239	0.11214336588205	0.161474895915791	0.137970719468899	0.138809704103334	0.141385459043715	0.115602022536374	0.119163662346846	0.159387861080417	0.154968781224428	0.146962004618225	0.13785302075737	0.0987653321299245	0.105824673584992	0.136553443977617	0.105206607720689	0.177023788626336	0.128726587443265	0.108868973644426	0.132228913817364	0.134502000865184
700032931	0.147248912749177	0.123080839327188	0.133569131167095	0.183394189319916	0.156525020806203	0.137171161607883	0.178611702048168	0.136479593444419	0.150458796243727	0.129313869658214	0.13365823577953	0.153730749837971	0.137408165991598	0.136469995579631	0.141059575566593	0.137637674816254	0.136231017930751	0.129569447146377	0.153657149254583	0.163703486315225	0.162152835410524	0.142586316412934	0.141460528052158	0.134715240139866	0.178674202352599	0.156716156024302	0	0.141596933876559	0.139194664597473	0.136940748807616	0.128957101577903	0.150010858755444	0.13233449538465	0.130088651967873	0.151445631238861	0.147760041468791	0.126322438826786	0.136506889447727	0.149777318774697	0.158536518463318	0.141498621719255	0.14017383734289	0.141851249898999	0.152199515697089	0.147411954518853	0.129119404322837	0.129270135911447	0.134093265665251	0.12375665077242	0.141317651456362	0.139501992691247	0.173732893186787	0.16447161797032	0.128941789809073	0.164161300114225	0.146143369102231	0.160003856352434	0.173279990160831	0.138176528922221	0.164033029400226
700095837	0.134521986999454	0.139675183518609	0.139001390425191	0.160641769571667	0.138951738082845	0.15628132190671	0.157258756678945	0.145109294016562	0.133470848848446	0.138981659766269	0.117859067728334	0.137291750484423	0.129783356748587	0.144344775836281	0.139680721035518	0.111392918023071	0.150426784678937	0.151624345913127	0.126561940990763	0.141258779832493	0.151846492916062	0.138657396207073	0.136914402164947	0.137329665631501	0.152560292114035	0.132115514115398	0.141596933876559	0	0.115561373218962	0.120702112878905	0.14554608291553	0.142382138486959	0.128186868975903	0.11780673304063	0.132359097485354	0.134639769810409	0.13739339389453	0.154179226062054	0.132546871678747	0.148601547874428	0.11813679120092	0.126082934477448	0.146665667294239	0.128712851224484	0.119624037338927	0.11705285137136	0.138254999862219	0.12456144431844	0.155572568799073	0.13056082093159	0.134576486825208	0.150670137847782	0.142631983062737	0.143927349147031	0.156120824633222	0.126624574971952	0.144638047160077	0.151227462915273	0.143300019671141	0.150301241834376
700024548	0.145835484978664	0.122269587664333	0.116469206517204	0.133094955461506	0.127923656641543	0.114991963746965	0.141663197730219	0.115105434681151	0.157589784939989	0.109813602504653	0.116625712452416	0.111564974721918	0.109997461897349	0.119785193010615	0.104375002463754	0.135027214961918	0.115154766992278	0.134624490659061	0.142046745630962	0.132992991830896	0.124339505823928	0.126837367061541	0.128273053992359	0.145589962308603	0.13737108789097	0.121989430968664	0.139194664597473	0.115561373218962	0	0.1039558923696	0.118365578837237	0.139008139084827	0.112454178386112	0.106008022482641	0.12104385493912	0.105012061082693	0.148286764760388	0.110438214927672	0.139744014729276	0.106155864549316	0.12131056186569	0.103385667839756	0.139089291052582	0.146366314272409	0.0814305414659657	0.080491715720734	0.135586539901369	0.102131213190537	0.119696775278644	0.115531015178247	0.110286476100719	0.143692675877818	0.127823101825129	0.121185382677061	0.15309326879617	0.115028826863514	0.110261512639971	0.144760604367911	0.101893674755997	0.142230729832575
700110161	0.165003277745752	0.126928036426566	0.107271119865149	0.159821268961278	0.13448656495146	0.101220928383876	0.158205635382839	0.11840035366819	0.158605561576645	0.104832562336396	0.121416022210241	0.1206145101001	0.11296392469475	0.101121294228063	0.0986738542491769	0.133896837851548	0.118919122932949	0.119030705848014	0.151723892297723	0.140802718350419	0.142696874509952	0.127203725484131	0.120425155808729	0.157890783352344	0.149834743401214	0.152990693511882	0.136940748807616	0.120702112878905	0.1039558923696	0	0.106005049936415	0.132610479680756	0.133585373202907	0.084467652782227	0.159168180014254	0.125031639116914	0.129582811162014	0.0970781291154665	0.161291086736452	0.123346747629255	0.155104696471269	0.101571105663213	0.131232047911139	0.132982808317364	0.116026767195083	0.115494574277957	0.145432483776601	0.0933274926904255	0.0985273277404491	0.117642489171483	0.126775991847653	0.158753407637208	0.145659629961445	0.12970872044804	0.174138691221548	0.117839426263196	0.123545722913625	0.158357057635424	0.108830163341078	0.145321928893741
700023496	0.155271338103004	0.128937133871398	0.0991286524061918	0.174667049376646	0.14223338171656	0.0774738916233863	0.15133018431641	0.118971125763064	0.148141727009491	0.0962562585994833	0.103241362968415	0.0964361373425226	0.0958903799850197	0.11419244450405	0.112593235394588	0.121399961986541	0.106199213883911	0.0888035510410759	0.134134447503702	0.152177636256447	0.13847633649452	0.103277225604304	0.139799018492434	0.140294729313406	0.144810587572539	0.165891522096123	0.128957101577903	0.14554608291553	0.118365578837237	0.106005049936415	0	0.119107301514964	0.109470584228629	0.0789547430993392	0.165424560139861	0.123723466605577	0.119771406027092	0.102022691147669	0.149634140776019	0.122739757710206	0.144442070266194	0.09147584444811	0.117807083738601	0.131394942437445	0.105785003315794	0.103828157224344	0.137564652011828	0.0927754054908392	0.0940672762153835	0.100965530646758	0.109254791943923	0.168501115884226	0.159196156964356	0.108855879127804	0.182073634017918	0.105412276812547	0.124259946107833	0.15767215433913	0.118196513852999	0.14694163094891
700034628	0.121353075898589	0.14745032956127	0.103382613417567	0.145183804211349	0.138841032689196	0.127480701754023	0.0872412593651465	0.147226406717776	0.104879327691928	0.130606430621446	0.0910495146610991	0.0966064240929302	0.119167612266504	0.144773007358164	0.107700179585254	0.0975116043700594	0.139570454880607	0.135764750763029	0.107879646069441	0.109725399706985	0.100884396244665	0.0712731402164202	0.113275969953966	0.133411250994198	0.0945841966014937	0.147405977385497	0.150010858755444	0.142382138486959	0.139008139084827	0.132610479680756	0.119107301514964	0	0.0988466794739863	0.101308918759512	0.148535688185121	0.0879918870065249	0.145592689033596	0.129139709089945	0.131067551984846	0.14228251666101	0.139742889253273	0.0976198832138028	0.125132126461388	0.0806343648804682	0.121167188510575	0.132895672962297	0.138437389495716	0.101739179861611	0.127806872219303	0.0647624946918726	0.0941605187669435	0.122847071650196	0.113837755915016	0.106122390198557	0.162741498829838	0.121514953188251	0.115140759783232	0.110837491585985	0.0865701445225955	0.0811466802099959
700023645	0.112033026879188	0.114900122025735	0.111506029545298	0.13800079507862	0.121600138294248	0.120984150240974	0.113210652144283	0.129161538223654	0.119839468018871	0.107830352328762	0.0792286168663694	0.103164537337932	0.11046779099607	0.138351803794259	0.123862288497542	0.0982208502949397	0.13069935286093	0.120962978281017	0.104410752033089	0.109764994826813	0.0939649595807012	0.0780659065546341	0.116369672667386	0.11526138602717	0.107995490137785	0.135043192068091	0.13233449538465	0.128186868975903	0.112454178386112	0.133585373202907	0.109470584228629	0.0988466794739863	0	0.102445350511868	0.137317557635367	0.0896549768349607	0.135910393969103	0.130597881404544	0.12039200752068	0.127063253823122	0.108338982452815	0.100562203770524	0.104642364583326	0.10036339146432	0.0970314227547683	0.0939010317253798	0.119528626732206	0.0977193656915278	0.120755801352887	0.0879970459140586	0.0925668628860921	0.125588140580285	0.117285691812407	0.0916986742347705	0.149960989676978	0.110551430059261	0.100089138553199	0.114164859246699	0.0920220361776716	0.116329198285796
700038744	0.153937746030146	0.127660233132336	0.0844454931644353	0.161542153960853	0.135188098780803	0.0707448062769621	0.143899693925477	0.108642701899689	0.152915866518747	0.0953647226837018	0.095865028547399	0.0831261752678111	0.0921429298879939	0.104712499516749	0.0979375669758359	0.111664751142362	0.106584068896024	0.0937176184336275	0.139535243157921	0.141952238478291	0.137408025243185	0.09284971892943	0.125006521317982	0.140757627948562	0.141353941599126	0.160853401501216	0.130088651967873	0.11780673304063	0.106008022482641	0.084467652782227	0.0789547430993392	0.101308918759512	0.102445350511868	0	0.154168035720658	0.106509200385237	0.121901741628475	0.0861672823511598	0.153139319941013	0.109673898187479	0.139885088488892	0.0809684237989636	0.118306031772183	0.124786008179427	0.0958879962306891	0.108425812987528	0.143121414850594	0.0750822957392656	0.10072216593068	0.0781701508133777	0.102657395019977	0.163254622969558	0.150659767147915	0.111169401074736	0.180639385488251	0.0965813835483786	0.131167766441133	0.152944665062955	0.0997087676340931	0.138687541439795
700038485	0.123491035640936	0.141069652773093	0.147207482877714	0.118533493135192	0.10597573466125	0.165982454100482	0.118606990830205	0.172834817726719	0.108413916468616	0.162656350893095	0.141670244879068	0.155458556449485	0.175339890828582	0.139057550239305	0.162719314706004	0.123314628517322	0.165427401239611	0.164533026445552	0.124933377757434	0.1248078171177	0.138351147288189	0.146990911054582	0.120198676509015	0.114466203432623	0.139828933249646	0.0800350092228353	0.151445631238861	0.132359097485354	0.12104385493912	0.159168180014254	0.165424560139861	0.148535688185121	0.137317557635367	0.154168035720658	0	0.11852126197084	0.156349909140771	0.166279705683686	0.108795434909224	0.17179124222866	0.106981286384108	0.157969617794281	0.133564143079728	0.137300750190176	0.141169600890033	0.112078440539635	0.117118491606395	0.161512323776378	0.150429728952963	0.149884743803988	0.134046485921295	0.109883310127389	0.108999205020556	0.1369625405227	0.108702948285937	0.17747317796713	0.138812752360347	0.118010842623208	0.136385262821481	0.140952946488622
700024743	0.116348822801704	0.123007031512522	0.109902360416817	0.118214042939258	0.126477417655979	0.122669243149287	0.0881848160309104	0.136389861925268	0.124838582241009	0.122571266693737	0.0837737422129056	0.10611537067797	0.120919241712755	0.132834825694925	0.115984133395665	0.117117925624004	0.131007266606694	0.134639191649516	0.119248258137402	0.0843001279718424	0.0933924310511225	0.0880483521436039	0.101369619950605	0.119223412047016	0.0946817179609193	0.131509591436104	0.147760041468791	0.134639769810409	0.105012061082693	0.125031639116914	0.123723466605577	0.0879918870065249	0.0896549768349607	0.106509200385237	0.11852126197084	0	0.153035241840538	0.127600423361573	0.12346895380601	0.128864334614902	0.118950537470118	0.105517866696895	0.114448969722844	0.0847535117283706	0.107266716237844	0.108432308277939	0.121226033211007	0.0947607208278402	0.117856277653035	0.0951931003087792	0.105370437810874	0.112066152820352	0.100260392185277	0.100542035713052	0.127195576691607	0.126718134309083	0.0894329755283107	0.0968908915701784	0.0828456433236112	0.0963716103186113
