700108602	700014971	700033565	700109389	700023058	700023927	700106341	700114221	700023543	700023439	700016978	700024192	700113058	700099448	700109870	700033928	700023693	700109627	700095416	700110425	700111580	700111302	700098605	700111991	700108960	700024452	700032931	700095837	700024548	700110161	700023496	700034628	700023645	700038744	700038485	700024743	700099596	700110760	700101587	700106399	700032322	700095653	700021312	700101230	700023590	700038905	700033136	700023382	700096424	700105469	700016908	700096053	700108479	700109569	700033814	700016125	700109756	700102665	700101777	700109455
700108602	0	0.237564809996278	0.328737339873088	0.233898894371129	0.212223839004142	0.292887777261828	0.111290254043006	0.329458256260514	0.133173301618208	0.277363085055409	0.220016790268891	0.338831549787558	0.318151068574107	0.232011437577261	0.332732277743348	0.205941869171699	0.297127762775857	0.289005380544645	0.135156429097402	0.118499095271881	0.167552031069596	0.244938514117131	0.138831401603153	0.0892414436801566	0.158162628111655	0.189164786220177	0.242424749792768	0.323231064852629	0.294091769088559	0.313885613538259	0.274885697480938	0.2425890023585	0.239321132141456	0.295411942743732	0.170280673024601	0.141772741702025	0.257260536177092	0.307688057108067	0.119917887235116	0.350395057334924	0.151805586706345	0.332498015763873	0.198732573636872	0.188977765949637	0.295204231221458	0.205744175368488	0.192737379894864	0.296956219714293	0.244070178853093	0.310830253653969	0.285300937729755	0.120835969329402	0.128818933714997	0.139921964615649	0.116131374560029	0.305509104570103	0.160497774035394	0.127285203510008	0.265722480422023	0.145426217676275
700014971	0.237564809996278	0	0.306182767062619	0.356515968491364	0.161553180051707	0.232406963643585	0.26767498645612	0.180610430862305	0.2220224963104	0.188913564518705	0.218103359903516	0.299880599656232	0.198873020930008	0.138396582457797	0.27008591620729	0.222383009702924	0.178901509111787	0.238399918227591	0.222511585281525	0.235603714303661	0.255624366087576	0.256799021838599	0.2126662722017	0.239399614249235	0.311855909294381	0.15842180327971	0.128433285748415	0.206901983705369	0.149046505173271	0.170401698383457	0.157658082454382	0.269179828939383	0.151803200854209	0.168446956984478	0.174552573991099	0.19872027304066	0.211488178057458	0.245366866681898	0.180367860467502	0.238297122816145	0.168784788914874	0.219236846770396	0.194372050427631	0.248700190562009	0.153122158978701	0.181955276374575	0.10857482842671	0.224853407631303	0.188366010284606	0.287752391793527	0.285232447625904	0.219585535026898	0.260870120199641	0.182595444648943	0.296421990158615	0.17061811449319	0.237030298412607	0.264286131312167	0.245804123841966	0.251372067921242
700033565	0.328737339873088	0.306182767062619	0	0.449615450725344	0.333749026844002	0.129069204905217	0.330481686662512	0.214368885505589	0.275434033519016	0.160965008101157	0.146305149010455	0.0807529025318922	0.191776127825627	0.228591071456819	0.197058541087258	0.174795130155523	0.211643240604053	0.157985903980994	0.257821043614995	0.315641837810681	0.245968291731763	0.109700014803174	0.330274232494416	0.305646401226983	0.250189812409817	0.329958447345572	0.249471397423506	0.389264466115271	0.325342508149244	0.216940403972232	0.193232330511465	0.162245569739551	0.208820104028487	0.162054663088965	0.360387357163639	0.273561588448757	0.267896881067686	0.176908979767863	0.322005829114248	0.250481224582892	0.258920863793367	0.13850098353787	0.229683685224245	0.244943831596695	0.236302515907785	0.227660611860428	0.293170715381211	0.159986895351901	0.198419200863722	0.0527012311062992	0.0943281364899495	0.324046605301121	0.373688725774991	0.240579131998308	0.401063828723985	0.184145642817092	0.243125012584383	0.290413436989901	0.106906754112002	0.272915711053758
700109389	0.233898894371129	0.356515968491364	0.449615450725344	0	0.327927893196071	0.431133841661559	0.207312639568083	0.430605626511195	0.305252842435667	0.405092223508868	0.371071179953511	0.449808014644819	0.42061970530852	0.369282750561231	0.436432787844134	0.341629077921547	0.417744101605857	0.427183755600329	0.323907599659198	0.212596981974204	0.305082534708663	0.393295890824728	0.226658560327072	0.266750748612776	0.293866929562089	0.293681765499428	0.385685314714436	0.426271429996269	0.372840616387632	0.418083911982959	0.401011389127488	0.394635427755452	0.358546305811898	0.406306659234965	0.265239181772039	0.286112556367851	0.398037426922576	0.436741793291327	0.257601356030214	0.427285720688197	0.296398616728349	0.430896043895041	0.349543471194752	0.336234092990863	0.393848787968556	0.339169770327216	0.343661689983777	0.412279370689366	0.385960038574689	0.434339705202862	0.415631507393391	0.230461351456384	0.144030712335741	0.319451683495079	0.195890138739942	0.41523839119523	0.278726249980184	0.26204379310358	0.39281520491926	0.289672838802064
700023058	0.212223839004142	0.161553180051707	0.333749026844002	0.327927893196071	0	0.243355848699831	0.221663062048242	0.245734648337067	0.199822519579324	0.238365219493086	0.227324025308574	0.322539713574643	0.265794173991871	0.179269027862316	0.292764341951152	0.211619982364774	0.216381884998554	0.257417903543	0.185383954894581	0.222836004087646	0.224689403859567	0.276056394626472	0.205269456109326	0.194359531314135	0.294452137763179	0.148939910157844	0.189546674561233	0.286620201240581	0.22308714907343	0.241138042239399	0.209623979932129	0.280136368988191	0.197240517030218	0.235440752308931	0.177075966849588	0.213269117362821	0.184731110577797	0.232516893116956	0.143409437323602	0.29188737445643	0.155880470996381	0.269930558081095	0.169684982650098	0.255695835575123	0.209655949688235	0.186058939007404	0.104765738634811	0.251523523851496	0.192136093552838	0.315908421535894	0.308739695915809	0.184575959613761	0.240317241054437	0.177698140113207	0.26280693456917	0.231636401599359	0.228723740683187	0.229012146862572	0.268679734850112	0.227821977069282
700023927	0.292887777261828	0.232406963643585	0.129069204905217	0.431133841661559	0.243355848699831	0	0.312311850847684	0.155189079844929	0.24561123852906	0.0878027381108233	0.140843276078323	0.137053881041665	0.135496603470928	0.131966616063982	0.163639105132775	0.161465231270149	0.130981559938068	0.0921658601492659	0.226187258090083	0.284199558926904	0.222664947006325	0.167194682789579	0.278519585418093	0.262330770225336	0.266323808046357	0.272712026940502	0.177187568753743	0.348833356140904	0.258036880705966	0.164877892689476	0.105414950572336	0.171794342533564	0.161741633392599	0.0938883450615055	0.315205039093499	0.2319154057873	0.18571517722779	0.0848811945782919	0.286659853706179	0.193876890087879	0.21166677929421	0.0943635085292405	0.161683672750532	0.220813069238632	0.17040942025372	0.162579289185364	0.206981560476791	0.113777494765041	0.103559484953984	0.13558826768228	0.170980287026566	0.294514203551749	0.349892713868189	0.191813137043195	0.360897628439893	0.119402838148364	0.203673763086782	0.257122360604037	0.122773918434991	0.244521500377387
700106341	0.111290254043006	0.26767498645612	0.330481686662512	0.207312639568083	0.221663062048242	0.312311850847684	0	0.325094162696484	0.12179731917921	0.284977374264412	0.235656923401875	0.32604428624791	0.306123204958656	0.253659335933158	0.328308280615905	0.206777923723884	0.299303085774081	0.322717210654272	0.159853628276826	0.0993907803134272	0.153597600666862	0.251195225458508	0.136641854276425	0.125746568983091	0.131747703614456	0.231959515500334	0.297212581724613	0.364089401521561	0.313067396311475	0.317878121084846	0.27595462918151	0.211500579622926	0.240893940747707	0.295127714963289	0.214899507737211	0.131505044805959	0.285760317583325	0.321769983312667	0.141430430596493	0.360943459719177	0.165197084157116	0.319513817064391	0.209189548924328	0.171986623664763	0.279515201149614	0.23187173061855	0.230584980778891	0.287994967610954	0.268835706049372	0.305022408102287	0.30149722119899	0.112046140473159	0.101681938933964	0.1609420551213	0.135031754864155	0.293908774922429	0.157838236889734	0.108187728565635	0.266681783485374	0.110641695249192
700114221	0.329458256260514	0.180610430862305	0.214368885505589	0.430605626511195	0.245734648337067	0.155189079844929	0.325094162696484	0	0.284870443857016	0.118605736682933	0.231350588042846	0.218154793703003	0.0829896776551559	0.158649060069013	0.130067434248903	0.244031623274062	0.0975151843082046	0.212366188464011	0.281043180149073	0.288173405009751	0.283171016293227	0.25094125734482	0.308238823826642	0.308685141723126	0.350642166011214	0.255196580753547	0.152736025998734	0.279166562468509	0.186039888183068	0.096996795990302	0.144025386991693	0.24895389559751	0.166570502722448	0.120340415118725	0.291497506370262	0.238842890511595	0.231371538121853	0.126641245211722	0.265340910365161	0.149951982896861	0.227779570432743	0.0981891575293723	0.246528313234241	0.279131272910253	0.120722028431278	0.172009263036041	0.191542013854178	0.111494401928866	0.180584795602389	0.223089572107476	0.264108896562445	0.291108480387432	0.349034533047347	0.242752133230298	0.401208204615823	0.0906053543029877	0.23603539472208	0.325857368447248	0.197573606678073	0.29247234074131
700023543	0.133173301618208	0.2220224963104	0.275434033519016	0.305252842435667	0.199822519579324	0.24561123852906	0.12179731917921	0.284870443857016	0	0.217696874882155	0.165206867024979	0.280587208584873	0.269342414759689	0.209475561190521	0.294924494338317	0.139704375478891	0.253265240113647	0.249880084534336	0.105085473099023	0.150527942749692	0.144108260150741	0.190831242734473	0.178054870181546	0.104998772956138	0.153813835904168	0.212914711231296	0.234819581189122	0.324433873070371	0.30412040822589	0.261812088251872	0.212156859575922	0.15984095931074	0.193607044878567	0.236514709983904	0.20182962032249	0.12517637952567	0.216338908993359	0.259513723260886	0.132153196235438	0.331420478369057	0.122658443863549	0.273236763581975	0.148546727319114	0.1019604882205	0.243496073363067	0.207158623536182	0.179147845435861	0.234544707600413	0.210803044829964	0.254960929303947	0.243454493920864	0.118871860753681	0.182914936288541	0.107184452768953	0.184684321168006	0.243507368836933	0.164385571211898	0.096891795057754	0.2265662392009	0.105694684559629
700023439	0.277363085055409	0.188913564518705	0.160965008101157	0.405092223508868	0.238365219493086	0.0878027381108233	0.284977374264412	0.118605736682933	0.217696874882155	0	0.151051515439478	0.171823360518342	0.0895806499335607	0.115908465554853	0.15400452177971	0.171233880841493	0.0894435318118865	0.131381362002022	0.211311674029827	0.249754531915939	0.214445271423269	0.185748060182888	0.25953559109448	0.240196995160165	0.282388312346714	0.250183356917514	0.145494207380787	0.308507035266616	0.222678373434163	0.124906154246795	0.0771664406143182	0.188562074546018	0.138213801892791	0.0874892690401155	0.285299692324484	0.188947526091595	0.168905543839554	0.0984610451575355	0.247703238347526	0.162178395455654	0.170362483866723	0.107617650632971	0.165793776118413	0.21526216391801	0.133974508261214	0.125512016733566	0.183604843008893	0.0827889300861065	0.0939769984305447	0.162740385007262	0.193814858134138	0.255970226838887	0.317143906688848	0.171800967577799	0.349095341906692	0.0890386999902741	0.179684385467413	0.251190669240365	0.137080726445741	0.226802843221707
700016978	0.220016790268891	0.218103359903516	0.146305149010455	0.371071179953511	0.227324025308574	0.140843276078323	0.235656923401875	0.231350588042846	0.165206867024979	0.151051515439478	0	0.15634534001005	0.213867882366833	0.17700902794651	0.249873490739151	0.0653345266909823	0.194524273316494	0.11867103113002	0.153684364231346	0.20388577819665	0.164468622454768	0.0723979935313314	0.241866785171967	0.187450654115908	0.166388931579592	0.255971967731393	0.211029783471624	0.317066050033962	0.279246045205733	0.207733751260791	0.143170785385008	0.124892533833433	0.120164019032105	0.141036810903242	0.259283562243397	0.17647638736618	0.18961438016876	0.193430395345955	0.205714790945866	0.279311294149041	0.151703363326856	0.165502442519401	0.122013887039142	0.145992990900994	0.182077694679138	0.170975415499387	0.189255504543396	0.174543507122475	0.157422932777009	0.129483548060442	0.118080749356762	0.213821973475795	0.271704862680636	0.130413122922953	0.294454386188658	0.174974705008608	0.173977398128138	0.178390892221199	0.107089623499701	0.186702465731719
700024192	0.338831549787558	0.299880599656232	0.0807529025318922	0.449808014644819	0.322539713574643	0.137053881041665	0.32604428624791	0.218154793703003	0.280587208584873	0.171823360518342	0.15634534001005	0	0.193584676071374	0.234273716436535	0.189973895912514	0.17881371554636	0.20610613008862	0.153467784226953	0.272916856426776	0.308435578935217	0.254627033480317	0.140288927022231	0.330427617108728	0.31277477612843	0.276601562934184	0.347233286601859	0.262866807431928	0.376239951102258	0.31248649435259	0.239312417372087	0.17982163811351	0.187120285844062	0.193225683865765	0.169568367721299	0.369875841381007	0.262149071747784	0.263059929457657	0.184622883134907	0.325698422063869	0.246762806818945	0.262608183167991	0.132202773298799	0.240084388857114	0.241976302157678	0.204063514030974	0.229542630674583	0.284420416069602	0.158931194869254	0.208864523112851	0.0798732785603733	0.100141825597454	0.330925224817754	0.374978446629419	0.252251970032975	0.41065724849737	0.179240320288433	0.23963026704564	0.294087035196252	0.141487833048412	0.281470666115789
700113058	0.318151068574107	0.198873020930008	0.191776127825627	0.42061970530852	0.265794173991871	0.135496603470928	0.306123204958656	0.0829896776551559	0.269342414759689	0.0895806499335607	0.213867882366833	0.193584676071374	0	0.143131192066412	0.121795720901165	0.225280808463659	0.119187122535049	0.18486677768684	0.265206821400839	0.272573307234239	0.264419314334069	0.228361364817224	0.300831798039339	0.288017318685523	0.327421676713296	0.277418750485179	0.169341013537948	0.297597251629777	0.213801126955372	0.113417161136753	0.127086717649764	0.226181713989628	0.165254367354068	0.107020188553118	0.3171939157704	0.229734044479805	0.223849052198469	0.12087105364936	0.269681124253628	0.139569232977481	0.21542289843811	0.0837091514965199	0.233302570239073	0.260395437296101	0.139893678234066	0.16570440483837	0.22089411072268	0.0953530143494525	0.160309652893822	0.191303890379259	0.239895040563897	0.281396656960909	0.335717669449304	0.233634710594687	0.393387515296263	0.0906086598875948	0.217475868784816	0.304989789757005	0.177648815983926	0.270020087176242
700099448	0.232011437577261	0.138396582457797	0.228591071456819	0.369282750561231	0.179269027862316	0.131966616063982	0.253659335933158	0.158649060069013	0.209475561190521	0.115908465554853	0.17700902794651	0.234273716436535	0.143131192066412	0	0.19982478508155	0.172853387079196	0.128931112234663	0.157887495068763	0.17658151782826	0.219064085261942	0.212228927888968	0.216195170051677	0.225983585038269	0.199202109319964	0.274136167992972	0.187889737877273	0.108068603097234	0.275326675960438	0.187817628542139	0.137894686950303	0.106471482711242	0.221080282716737	0.125868685013945	0.114890596996939	0.233120141833703	0.177425595149728	0.152890365586959	0.142966542174999	0.205860557560771	0.208556870291761	0.148146842666783	0.16016925179251	0.13288522282147	0.22575510357811	0.136330817385367	0.126710615909208	0.134553448126334	0.152477328546933	0.0807390809874641	0.218223484485743	0.224249932240387	0.216587613665025	0.277764584590142	0.145911182570828	0.295123082047672	0.129115027031576	0.17317952713117	0.231927972534961	0.175178330679014	0.216455020956804
700109870	0.332732277743348	0.27008591620729	0.197058541087258	0.436432787844134	0.292764341951152	0.163639105132775	0.328308280615905	0.130067434248903	0.294924494338317	0.15400452177971	0.249873490739151	0.189973895912514	0.121795720901165	0.19982478508155	0	0.256671474082885	0.137055994994192	0.240298646197294	0.293943561322483	0.310234843337923	0.268899159037015	0.260151893906564	0.304798443927283	0.321262990969446	0.351910116375619	0.311549245633266	0.220742586168466	0.358191145420399	0.246595987003916	0.175547665553888	0.189296774508861	0.258416660894723	0.233273633013797	0.186419820416016	0.352548634256597	0.267171428972419	0.273019609557289	0.144742541950472	0.311555798307177	0.150341827068471	0.26288077616861	0.138225681916184	0.272695423226404	0.288182496746323	0.187114410775517	0.175425351709849	0.257957125241764	0.106890776840729	0.207476886604089	0.204030078879676	0.262686472576229	0.327594696729557	0.359995374098864	0.259115739035133	0.400519675783325	0.159853078100655	0.232793521239992	0.331930783515242	0.200948164167929	0.297223803126036
700033928	0.205941869171699	0.222383009702924	0.174795130155523	0.341629077921547	0.211619982364774	0.161465231270149	0.206777923723884	0.244031623274062	0.139704375478891	0.171233880841493	0.0653345266909823	0.17881371554636	0.225280808463659	0.172853387079196	0.256671474082885	0	0.211828656163583	0.149000092741596	0.1417110295695	0.194779054538922	0.150256702063894	0.103232632441336	0.233424308298388	0.157921792202014	0.166176696590244	0.225090737887418	0.216037226696109	0.314997371115338	0.278784821659393	0.219197571336994	0.158963896347149	0.139352971159004	0.114129392922164	0.154546716943125	0.245857978154715	0.188397219980086	0.199585526746568	0.208036980795369	0.178725875716415	0.290122613079388	0.127295167375146	0.17624624052522	0.126291614954224	0.14837194135876	0.184075002991774	0.168447008812026	0.17625035119363	0.188172553585957	0.167592025340759	0.14948473889071	0.141410323452366	0.181754427157127	0.245024144856688	0.149021000085727	0.275675448262667	0.183910651228154	0.16884717635633	0.146949327281111	0.121977160339381	0.167086084808878
700023693	0.297127762775857	0.178901509111787	0.211643240604053	0.417744101605857	0.216381884998554	0.130981559938068	0.299303085774081	0.0975151843082046	0.253265240113647	0.0894435318118865	0.194524273316494	0.20610613008862	0.119187122535049	0.128931112234663	0.137055994994192	0.211828656163583	0	0.178407541132125	0.245903713370959	0.261535230139935	0.227920008600443	0.229737140699859	0.263868979957939	0.273460928039102	0.323582089569983	0.243738457426694	0.134794513480106	0.293498831020432	0.170884210661266	0.12981486595486	0.103483337171021	0.227526474702822	0.156709022098912	0.117277369510328	0.277870056471921	0.209964835678394	0.189399638642585	0.139820279891181	0.242376002864073	0.134164226269253	0.194628938864904	0.126808970965316	0.205785748402565	0.253655469674067	0.109793804424141	0.104515274479815	0.164487401155988	0.094401884535732	0.141146993010601	0.20908591974953	0.241170814537369	0.267544135883548	0.324398941572439	0.20485491110755	0.371069272333375	0.0976230119011613	0.195361417905075	0.29355355541679	0.187831925026314	0.260587775809641
700109627	0.289005380544645	0.238399918227591	0.157985903980994	0.427183755600329	0.257417903543	0.0921658601492659	0.322717210654272	0.212366188464011	0.249880084534336	0.131381362002022	0.11867103113002	0.153467784226953	0.18486677768684	0.157887495068763	0.240298646197294	0.149000092741596	0.178407541132125	0	0.232706006244465	0.270208212403549	0.256760465270527	0.159269448377303	0.313169507522372	0.24606536538047	0.256536893594213	0.297260132436044	0.187877324711867	0.336867385982331	0.303622584962016	0.195201448510202	0.116899565119525	0.201153034647097	0.15932214565146	0.131453436141211	0.30752420886526	0.229988442696286	0.161041899284148	0.140352169981635	0.277855086550618	0.257596037232619	0.214324665000139	0.149708556663819	0.161254994146154	0.217267809825088	0.203858532382073	0.210442632569993	0.220755630793172	0.179897878719633	0.119977126446208	0.16426527429153	0.158804263106628	0.283302213058082	0.346817954602058	0.205405236162015	0.354477902198584	0.174350885491437	0.245814768291007	0.259846807928979	0.160553527402341	0.271980520213002
700095416	0.135156429097402	0.222511585281525	0.257821043614995	0.323907599659198	0.185383954894581	0.226187258090083	0.159853628276826	0.281043180149073	0.105085473099023	0.211311674029827	0.153684364231346	0.272916856426776	0.265206821400839	0.17658151782826	0.293943561322483	0.1417110295695	0.245903713370959	0.232706006244465	0	0.179426136224239	0.131171165052292	0.1811816301451	0.187390508920236	0.104109113911658	0.169336495616304	0.189601302000514	0.210723043462616	0.335459730032971	0.282617376439414	0.265697343563257	0.202911591961584	0.167291294106112	0.171056254064894	0.231151054313448	0.209580818793934	0.164591589828988	0.205255182366176	0.239371715277057	0.155315216387459	0.324589895543841	0.108923376892493	0.269913500996855	0.107888219246531	0.16558056815879	0.233869481832996	0.18419916875298	0.159696139030431	0.23438599300335	0.188354405474752	0.234383791723111	0.224591982357258	0.155803548831281	0.219160465235267	0.0914913996310259	0.199375284995488	0.236257686500268	0.156395123371149	0.139910167632451	0.204918964915363	0.134488404616887
700110425	0.118499095271881	0.235603714303661	0.315641837810681	0.212596981974204	0.222836004087646	0.284199558926904	0.0993907803134272	0.288173405009751	0.150527942749692	0.249754531915939	0.20388577819665	0.308435578935217	0.272573307234239	0.219064085261942	0.310234843337923	0.194779054538922	0.261535230139935	0.270208212403549	0.179426136224239	0	0.157489209502572	0.231921785954737	0.143827727105327	0.129230132511829	0.142597320844906	0.219038232487501	0.250647098644015	0.316085738845887	0.279239862975606	0.269650279688805	0.235546776060145	0.239778634701968	0.197112571291593	0.252912268642985	0.195553864691379	0.108833588449855	0.233326823259586	0.293011884921175	0.135822640748194	0.335891800977235	0.135075932487061	0.276732451139373	0.186802690932496	0.163676404405206	0.239087825856007	0.207223074591104	0.197863051695651	0.257412900196572	0.227701160580635	0.289160071385495	0.275485590281992	0.0956162376542028	0.105076759347185	0.14679337947734	0.172404230660842	0.252263063988695	0.126972530792831	0.125522916393217	0.24786811058889	0.138258597471556
700111580	0.167552031069596	0.255624366087576	0.245968291731763	0.305082534708663	0.224689403859567	0.222664947006325	0.153597600666862	0.283171016293227	0.144108260150741	0.214445271423269	0.164468622454768	0.254627033480317	0.264419314334069	0.212228927888968	0.268899159037015	0.150256702063894	0.227920008600443	0.256760465270527	0.131171165052292	0.157489209502572	0	0.168250695307144	0.169569537982658	0.141240484293727	0.117129213361244	0.245385454068295	0.279274628106271	0.374674592145115	0.255275968805487	0.278741030251873	0.200899607806216	0.153632186596125	0.17714890107744	0.225880238533586	0.253623356131779	0.156296559903461	0.263229210252867	0.251506734897381	0.181812746230443	0.302116321426407	0.141713040785253	0.238826989946659	0.151544409986653	0.151556144150062	0.195499625903872	0.163328276769265	0.211175667649806	0.201060106460718	0.208047165276763	0.213574144804831	0.220626563101239	0.152061619241148	0.212055197356373	0.132479571795896	0.238366205025402	0.222714836987575	0.0945548152590963	0.114731874958458	0.169554259783578	0.0994934457249041
700111302	0.244938514117131	0.256799021838599	0.109700014803174	0.393295890824728	0.276056394626472	0.167194682789579	0.251195225458508	0.25094125734482	0.190831242734473	0.185748060182888	0.0723979935313314	0.140288927022231	0.228361364817224	0.216195170051677	0.260151893906564	0.103232632441336	0.229737140699859	0.159269448377303	0.1811816301451	0.231921785954737	0.168250695307144	0	0.272479473903411	0.217720536967717	0.160078818290009	0.290293408646833	0.253967049471877	0.355941572699162	0.31918485583418	0.244208225842238	0.183750119826136	0.0939493181267622	0.164033095050682	0.170994829692379	0.297056272923078	0.204909487912018	0.238129731793712	0.220529241850077	0.243565600330712	0.291797676686197	0.201667488865438	0.179978393531364	0.167866273267668	0.163411567268767	0.214083146121098	0.213105929369495	0.236865309059259	0.188831015866704	0.195572072656521	0.0875217932333293	0.0948094395363453	0.239002511470194	0.292516190949638	0.167936803224311	0.327191163102726	0.190242920898428	0.19327956918029	0.203247613119956	0.0945545828369824	0.192929056171689
700098605	0.138831401603153	0.2126662722017	0.330274232494416	0.226658560327072	0.205269456109326	0.278519585418093	0.136641854276425	0.308238823826642	0.178054870181546	0.25953559109448	0.241866785171967	0.330427617108728	0.300831798039339	0.225983585038269	0.304798443927283	0.233424308298388	0.263868979957939	0.313169507522372	0.187390508920236	0.143827727105327	0.169569537982658	0.272479473903411	0	0.174113440022305	0.205191653782481	0.213314718358503	0.251695302469886	0.339314980371664	0.266726525350119	0.302819975842303	0.250901050434843	0.257296024610802	0.250898928119622	0.281321834592545	0.212873699727876	0.165461530645359	0.28042919408649	0.298511863459657	0.169761276587554	0.309219478268456	0.170339251856916	0.30991756218525	0.217011666920029	0.218526752174764	0.272349778119968	0.192868497539618	0.195364491110281	0.2700322221065	0.252458699544732	0.31079335748049	0.304220672603125	0.171719619445702	0.136715700642937	0.16442748602346	0.151356607121248	0.284621217915011	0.169811946068733	0.185931191582197	0.26378571827495	0.144184157976976
700111991	0.0892414436801566	0.239399614249235	0.305646401226983	0.266750748612776	0.194359531314135	0.262330770225336	0.125746568983091	0.308685141723126	0.104998772956138	0.240196995160165	0.187450654115908	0.31277477612843	0.288017318685523	0.199202109319964	0.321262990969446	0.157921792202014	0.273460928039102	0.24606536538047	0.104109113911658	0.129230132511829	0.141240484293727	0.217720536967717	0.174113440022305	0	0.159148698091827	0.182216865827733	0.234136997807361	0.328748200120286	0.299820288130489	0.28598990786745	0.23608909839974	0.218912378552439	0.201263668178699	0.25865265979555	0.176934369322533	0.131477231839627	0.214959054277684	0.269280193272279	0.114846542810216	0.351749414751509	0.111570860383343	0.299140254687709	0.152449441193502	0.161378657074442	0.258221492068698	0.20126816988816	0.178186596888254	0.262282416598249	0.210242110765929	0.284271283767965	0.259384484555708	0.10005969319857	0.167723831395804	0.11956448644358	0.14774814538063	0.267690913866177	0.160285843061225	0.101479343029606	0.245000328555382	0.1319846720718
700108960	0.158162628111655	0.311855909294381	0.250189812409817	0.293866929562089	0.294452137763179	0.266323808046357	0.131747703614456	0.350642166011214	0.153813835904168	0.282388312346714	0.166388931579592	0.276601562934184	0.327421676713296	0.274136167992972	0.351910116375619	0.166176696590244	0.323582089569983	0.256536893594213	0.169336495616304	0.142597320844906	0.117129213361244	0.160078818290009	0.205191653782481	0.159148698091827	0	0.299304391225542	0.324429732279383	0.403021878793422	0.34159706265461	0.328363823052255	0.273127316617157	0.132207448322696	0.224474120142222	0.269548114804539	0.27990773889414	0.158340266662929	0.294786581253089	0.312933667773119	0.207220237830794	0.388401753627227	0.196653366370999	0.279279834178449	0.192599325476078	0.140572082594586	0.283406584084361	0.263126935649066	0.281962470728909	0.289430856551136	0.260573697999398	0.23043170096848	0.221136219768043	0.160073429408422	0.185367929362698	0.164419673496766	0.209273204529854	0.294435509527645	0.161223959346719	0.103087252559504	0.192840208348687	0.112853010625411
700024452	0.189164786220177	0.15842180327971	0.329958447345572	0.293681765499428	0.148939910157844	0.272712026940502	0.231959515500334	0.255196580753547	0.212914711231296	0.250183356917514	0.255971967731393	0.347233286601859	0.277418750485179	0.187889737877273	0.311549245633266	0.225090737887418	0.243738457426694	0.297260132436044	0.189601302000514	0.219038232487501	0.245385454068295	0.290293408646833	0.213314718358503	0.182216865827733	0.299304391225542	0	0.177415822643968	0.261718444030458	0.181328418786058	0.241358209752044	0.246587198937586	0.277629069403297	0.21066010588337	0.245641495242363	0.087698705940658	0.211204794787784	0.260694401807429	0.282142591676001	0.1411996182674	0.291118402108051	0.150003006860702	0.285268247482947	0.208014278460148	0.258303927525884	0.229733899027053	0.182964983359415	0.139248855175401	0.272026933612598	0.222822761107623	0.309601031074101	0.31377719658939	0.174028632721593	0.222794397074355	0.190982972502754	0.222867867989461	0.241561836814477	0.22283217552196	0.231171144608669	0.258645552883827	0.240487359594084
700032931	0.242424749792768	0.128433285748415	0.249471397423506	0.385685314714436	0.189546674561233	0.177187568753743	0.297212581724613	0.152736025998734	0.234819581189122	0.145494207380787	0.211029783471624	0.262866807431928	0.169341013537948	0.108068603097234	0.220742586168466	0.216037226696109	0.134794513480106	0.187877324711867	0.210723043462616	0.250647098644015	0.279274628106271	0.253967049471877	0.251695302469886	0.234136997807361	0.324429732279383	0.177415822643968	0	0.234387679858085	0.189263595130019	0.141842632334207	0.144182700599062	0.264941018013665	0.150778600813541	0.141684509885261	0.211530720552221	0.212175868388718	0.166692887203266	0.177872839041417	0.205464874404496	0.199811317019936	0.180641680355948	0.181900952310025	0.184670968150535	0.255812537121744	0.168700906749718	0.1645164003426	0.129657320942255	0.173914863920623	0.134677892815943	0.249831585797287	0.260852805678467	0.246025668673725	0.287342618582383	0.186850199309997	0.301708834145402	0.129518495368605	0.238587130572269	0.27744543679622	0.222048388762286	0.277549308310502
700095837	0.323231064852629	0.206901983705369	0.389264466115271	0.426271429996269	0.286620201240581	0.348833356140904	0.364089401521561	0.279166562468509	0.324433873070371	0.308507035266616	0.317066050033962	0.376239951102258	0.297597251629777	0.275326675960438	0.358191145420399	0.314997371115338	0.293498831020432	0.336867385982331	0.335459730032971	0.316085738845887	0.374674592145115	0.355941572699162	0.339314980371664	0.328748200120286	0.403021878793422	0.261718444030458	0.234387679858085	0	0.20528128854166	0.233324756431613	0.291065378819019	0.370947086203593	0.254111117260606	0.27105343173599	0.259382721703678	0.299623599749334	0.305146535165231	0.349319521312523	0.272065701557849	0.343200111966371	0.284763563627083	0.311607195451112	0.323044101659562	0.332599012725936	0.253847453293886	0.299803566863943	0.247955725096115	0.320795926771031	0.305188182250735	0.374436164209496	0.36781144364027	0.312972067110013	0.34762375359321	0.311035658758182	0.384935832717015	0.275683553830798	0.347752664815642	0.360770383951746	0.350868619045694	0.363420396996783
700024548	0.294091769088559	0.149046505173271	0.325342508149244	0.372840616387632	0.22308714907343	0.258036880705966	0.313067396311475	0.186039888183068	0.30412040822589	0.222678373434163	0.279246045205733	0.31248649435259	0.213801126955372	0.187817628542139	0.246595987003916	0.278784821659393	0.170884210661266	0.303622584962016	0.282617376439414	0.279239862975606	0.255275968805487	0.31918485583418	0.266726525350119	0.299820288130489	0.34159706265461	0.181328418786058	0.189263595130019	0.20528128854166	0	0.173699854172636	0.220183587992043	0.320067433249654	0.196611723340045	0.200415731257169	0.212070320912867	0.240535424095446	0.287469622641406	0.262565270140203	0.24156422783939	0.212138650125139	0.223731292288818	0.220173109981077	0.264914213205533	0.310729233447927	0.140122992764258	0.138978687704191	0.194744428772191	0.210374041963492	0.229193070194418	0.318880797173282	0.329691785815128	0.274417090145128	0.305288623340165	0.244912040029971	0.339313898717025	0.197462805029387	0.229437278022436	0.312854220889522	0.265206639055692	0.295416487736343
700110161	0.313885613538259	0.170401698383457	0.216940403972232	0.418083911982959	0.241138042239399	0.164877892689476	0.317878121084846	0.096996795990302	0.261812088251872	0.124906154246795	0.207733751260791	0.239312417372087	0.113417161136753	0.137894686950303	0.175547665553888	0.219197571336994	0.12981486595486	0.195201448510202	0.265697343563257	0.269650279688805	0.278741030251873	0.244208225842238	0.302819975842303	0.28598990786745	0.328363823052255	0.241358209752044	0.141842632334207	0.233324756431613	0.173699854172636	0	0.135211666541213	0.250593209311396	0.151343973123559	0.104336171173217	0.268692890163619	0.227668564334845	0.201657628829384	0.144593262086956	0.249331157561904	0.197799855851402	0.213017881793273	0.13106249977785	0.217470001227023	0.260928877872527	0.132070067693049	0.186665087633587	0.200452729126286	0.140155107728464	0.149661653712866	0.225712136584228	0.254869879901123	0.267649484959905	0.339413835701207	0.215391524929116	0.384399206254326	0.109171778531342	0.232325086189128	0.29632451634493	0.205397571692551	0.28425057165901
700023496	0.274885697480938	0.157658082454382	0.193232330511465	0.401011389127488	0.209623979932129	0.105414950572336	0.27595462918151	0.144025386991693	0.212156859575922	0.0771664406143182	0.143170785385008	0.17982163811351	0.127086717649764	0.106471482711242	0.189296774508861	0.158963896347149	0.103483337171021	0.116899565119525	0.202911591961584	0.235546776060145	0.200899607806216	0.183750119826136	0.250901050434843	0.23608909839974	0.273127316617157	0.246587198937586	0.144182700599062	0.291065378819019	0.220183587992043	0.135211666541213	0	0.19227385086974	0.106534814858973	0.0825627322342073	0.273720160119312	0.188039944745607	0.148613288351817	0.129397404364775	0.229998460283363	0.195537614962557	0.157601818032795	0.120606766321154	0.142834729769083	0.207224039457242	0.115981272219912	0.144523834516854	0.159079582809612	0.11186148305261	0.101707491911631	0.183542442270203	0.197772058057441	0.240327270404409	0.310490884605207	0.165743761567503	0.347742852810434	0.0922328403396816	0.180379323332375	0.237442748471349	0.170056669206818	0.219267646504698
700034628	0.2425890023585	0.269179828939383	0.162245569739551	0.394635427755452	0.280136368988191	0.171794342533564	0.211500579622926	0.24895389559751	0.15984095931074	0.188562074546018	0.124892533833433	0.187120285844062	0.226181713989628	0.221080282716737	0.258416660894723	0.139352971159004	0.227526474702822	0.201153034647097	0.167291294106112	0.239778634701968	0.153632186596125	0.0939493181267622	0.257296024610802	0.218912378552439	0.132207448322696	0.277629069403297	0.264941018013665	0.370947086203593	0.320067433249654	0.250593209311396	0.19227385086974	0	0.18439441375355	0.178678770186901	0.291546887493968	0.182420359142242	0.264491233888429	0.221426500474906	0.249091666881599	0.287839679280317	0.205808044353182	0.182027140993413	0.170512024554624	0.130403924639474	0.216235111179092	0.211173495118873	0.246841793988983	0.189972842284467	0.206891263707296	0.144504285489908	0.170083371198727	0.23505141593914	0.281385291244176	0.168548033114658	0.304752038726649	0.189287712488049	0.180997433934349	0.174310528832807	0.119938208981565	0.148917706436473
700023645	0.239321132141456	0.151803200854209	0.208820104028487	0.358546305811898	0.197240517030218	0.161741633392599	0.240893940747707	0.166570502722448	0.193607044878567	0.138213801892791	0.120164019032105	0.193225683865765	0.165254367354068	0.125868685013945	0.233273633013797	0.114129392922164	0.156709022098912	0.15932214565146	0.171056254064894	0.197112571291593	0.17714890107744	0.164033095050682	0.250898928119622	0.201263668178699	0.224474120142222	0.21066010588337	0.150778600813541	0.254111117260606	0.196611723340045	0.151343973123559	0.106534814858973	0.18439441375355	0	0.0963840248795201	0.227643596538384	0.163580389421885	0.171650319577367	0.183259729028291	0.176144535350391	0.243453159612462	0.136635323152697	0.132687316611529	0.140854076477677	0.17720879732222	0.105412816147263	0.151040222152781	0.145661548471508	0.15735208139976	0.13973121250032	0.187405905034075	0.180261585022961	0.195342312474566	0.2730429266518	0.156796889099802	0.316143590831742	0.111452306952218	0.170738939701903	0.188713719483118	0.156166483546787	0.199593431964497
700038744	0.295411942743732	0.168446956984478	0.162054663088965	0.406306659234965	0.235440752308931	0.0938883450615055	0.295127714963289	0.120340415118725	0.236514709983904	0.0874892690401155	0.141036810903242	0.169568367721299	0.107020188553118	0.114890596996939	0.186419820416016	0.154546716943125	0.117277369510328	0.131453436141211	0.231151054313448	0.252912268642985	0.225880238533586	0.170994829692379	0.281321834592545	0.25865265979555	0.269548114804539	0.245641495242363	0.141684509885261	0.27105343173599	0.200415731257169	0.104336171173217	0.0825627322342073	0.178678770186901	0.0963840248795201	0	0.278971303682584	0.206079715162166	0.177532496301734	0.127125882832467	0.2411892632526	0.191259854838248	0.184903020657627	0.0746457339076212	0.173244377129839	0.213861157032717	0.111819557231792	0.157168755393273	0.187512808335694	0.11219062550019	0.113820825103013	0.154512831490005	0.185602728283853	0.252634005021629	0.324414666332463	0.191315185279999	0.366693831128359	0.0820108656858765	0.204993485088183	0.24578422095212	0.140166912665441	0.24168627223159
700038485	0.170280673024601	0.174552573991099	0.360387357163639	0.265239181772039	0.177075966849588	0.315205039093499	0.214899507737211	0.291497506370262	0.20182962032249	0.285299692324484	0.259283562243397	0.369875841381007	0.3171939157704	0.233120141833703	0.352548634256597	0.245857978154715	0.277870056471921	0.30752420886526	0.209580818793934	0.195553864691379	0.253623356131779	0.297056272923078	0.212873699727876	0.176934369322533	0.27990773889414	0.087698705940658	0.211530720552221	0.259382721703678	0.212070320912867	0.268692890163619	0.273720160119312	0.291546887493968	0.227643596538384	0.278971303682584	0	0.189305702470234	0.268217034862715	0.326085130295169	0.118198057474618	0.33025982669151	0.178654441616862	0.32669830399089	0.230153189856074	0.240479807695755	0.258738333552347	0.212152572759001	0.167713256359934	0.311896163331519	0.257877259692011	0.3477785858241	0.323092308780673	0.15368321671965	0.192320353451062	0.180325713535607	0.200886086688666	0.280997876698656	0.235804940992143	0.214285377480339	0.300029630351401	0.240241274365384
700024743	0.141772741702025	0.19872027304066	0.273561588448757	0.286112556367851	0.213269117362821	0.2319154057873	0.131505044805959	0.238842890511595	0.12517637952567	0.188947526091595	0.17647638736618	0.262149071747784	0.229734044479805	0.177425595149728	0.267171428972419	0.188397219980086	0.209964835678394	0.229988442696286	0.164591589828988	0.108833588449855	0.156296559903461	0.204909487912018	0.165461530645359	0.131477231839627	0.158340266662929	0.211204794787784	0.212175868388718	0.299623599749334	0.240535424095446	0.227668564334845	0.188039944745607	0.182420359142242	0.163580389421885	0.206079715162166	0.189305702470234	0	0.211494013553263	0.239347533437525	0.1372036538981	0.284350547779925	0.125951880584146	0.234678083650059	0.165422315008174	0.118796445231615	0.198643099092554	0.17182673021899	0.18458680519471	0.203663538770235	0.179221413163229	0.257860265948893	0.250662407796236	0.131144397337665	0.170057301652087	0.102477185225966	0.199128523387142	0.213622852515269	0.143927465086579	0.118417467735046	0.2117775534203	0.112146609870947
