700108602	700014971	700033565	700109389	700023058	700023927	700106341	700114221	700023543	700023439	700016978	700024192	700113058	700099448	700109870	700033928	700023693	700109627	700095416	700110425	700111580	700111302	700098605	700111991	700108960	700024452	700032931	700095837	700024548	700110161	700023496	700034628	700023645	700038744	700038485	700024743	700099596	700110760	700101587	700106399	700032322	700095653	700021312	700101230	700023590	700038905	700033136	700023382	700096424	700105469	700016908	700096053	700108479	700109569	700033814	700016125	700109756	700102665	700101777	700109455
700108602	0	-0.167255727443442	-0.209693714433648	-0.127405710775903	-0.133741395887361	-0.208229456295024	-0.0971022217165682	-0.226427041740067	-0.113620438907782	-0.209457115618064	-0.149199422678418	-0.210184823678339	-0.222314784529184	-0.156180244462899	-0.215915371429944	-0.116360386267752	-0.217506700562919	-0.188498753045693	-0.104283246038903	-0.100402659744454	-0.119636418423576	-0.148107166901485	-0.113684426233215	-0.0584996969610804	-0.12574544294294	-0.11777792514185	-0.165721888366212	-0.175269986018549	-0.186859939399288	-0.210781620677939	-0.196722788285268	-0.1683228035462	-0.14710183361036	-0.197050405501635	-0.104334650766714	-0.136571280675037	-0.156298304862135	-0.212543786068772	-0.0905979077230282	-0.246771912031391	-0.120710606845831	-0.219820311462892	-0.157155078399332	-0.153321030519709	-0.192457616355101	-0.148363309602402	-0.152159245921742	-0.207823816867062	-0.170847809023044	-0.190591573421056	-0.145162346131079	-0.0916569338685262	-0.0883808643991822	-0.120320088912835	-0.0847448795740784	-0.199717231220112	-0.131649954000393	-0.0878543918421044	-0.176047833116327	-0.123509850757176
700014971	-0.167255727443442	0	-0.162552904052788	-0.215631366954749	-0.124220551514012	-0.154812738829314	-0.175321894845537	-0.140766649925249	-0.149861558667795	-0.129064977396442	-0.128328251715306	-0.199682465584976	-0.146389100947272	-0.106219839301847	-0.166010712198973	-0.153998997247379	-0.125403272545538	-0.161532143190906	-0.157549224522341	-0.160257704576392	-0.162607029773141	-0.138414991786182	-0.141008053709478	-0.160674993365039	-0.193481381702524	-0.156742900064603	-0.0936376002377176	-0.14623231133378	-0.120621906826487	-0.12439205319744	-0.119337460628008	-0.155150918447709	-0.120770306588403	-0.120515214349711	-0.151603601457762	-0.119067127993882	-0.160216758933455	-0.173670236043251	-0.13775960808025	-0.167199113837231	-0.129247806192569	-0.13968932473515	-0.130584640515851	-0.153455260110096	-0.11477081690646	-0.11048721294965	-0.103456078238092	-0.141659868685045	-0.123646405760152	-0.174118541986718	-0.154484856696841	-0.170773282771186	-0.169043335710452	-0.118481861172234	-0.178911671515212	-0.128460873375212	-0.167401276728849	-0.173796058979693	-0.146270450834195	-0.171073969035385
700033565	-0.209693714433648	-0.162552904052788	0	-0.240400667307414	-0.183257187570294	-0.0645149825655115	-0.206902560204153	-0.105357641516721	-0.170868621627181	-0.08254198623003	-0.0990073614393917	-0.0760248629509599	-0.103742750919152	-0.142190921656013	-0.0883379738305442	-0.134659327339397	-0.102851352255669	-0.0898491373371298	-0.169260477163671	-0.19024242221504	-0.176416793504426	-0.103045947792207	-0.190652460850882	-0.198473717755262	-0.189080932294608	-0.212267453945377	-0.151561294894646	-0.188086677139563	-0.159404346458972	-0.116795434736869	-0.0922106438861056	-0.127026131567956	-0.117529450929263	-0.094780475800069	-0.215581330256202	-0.141503101389525	-0.163180570432012	-0.0971488803622399	-0.188746267374724	-0.138017523366529	-0.152756554309246	-0.0892045132557224	-0.142484942956185	-0.14748718112044	-0.122971072520219	-0.153890688458948	-0.155512280187589	-0.0859016045049677	-0.118899214694831	-0.0752882266281125	-0.0895676120768401	-0.221875729397222	-0.209235912858247	-0.135685268345057	-0.226295276005678	-0.103631319303396	-0.151261380101577	-0.203688899419742	-0.0890260029844806	-0.191573448645013
700109389	-0.127405710775903	-0.215631366954749	-0.240400667307414	0	-0.18862022293436	-0.256170279828493	-0.0991111440309084	-0.25019160424186	-0.182339462813018	-0.248046706822298	-0.198243072425248	-0.236854017264744	-0.25480471475979	-0.219380148990382	-0.235413178341644	-0.171542371722053	-0.250839484581513	-0.250414004585259	-0.188484083125317	-0.118227242160222	-0.150582413762067	-0.200949439383197	-0.15262787412412	-0.135440450810507	-0.139418387707054	-0.149623732104088	-0.231009893207659	-0.21203390576352	-0.197792723123504	-0.239530468499389	-0.250588318218305	-0.213339631668867	-0.194248940925078	-0.235994558448706	-0.141480321237178	-0.171189589161541	-0.237672158982383	-0.26566743165485	-0.156085300439933	-0.246331785841122	-0.171924825291776	-0.240598528869194	-0.213743224517115	-0.192330455199156	-0.210889652855422	-0.195070241520328	-0.206753594055917	-0.235582434472797	-0.222103735845718	-0.222975512419077	-0.186449863159941	-0.107280296685876	-0.0826105211835425	-0.188294921841707	-0.143882537750131	-0.233193433619662	-0.139193000125819	-0.13715360320072	-0.196615113215078	-0.153718477923682
700023058	-0.133741395887361	-0.124220551514012	-0.183257187570294	-0.18862022293436	0	-0.163994423687955	-0.153001078172563	-0.170699458965895	-0.134657104912997	-0.159939963238859	-0.133270558354551	-0.204456154177871	-0.177291840691625	-0.127830670127684	-0.176239849952534	-0.129989871982687	-0.164293616317085	-0.160456111149655	-0.141029830040124	-0.149366976447101	-0.160126151621248	-0.148836692782391	-0.140913314220737	-0.132964607442712	-0.194575758565502	-0.129813642292551	-0.119671228586921	-0.153678617370306	-0.144698098629069	-0.153316785935374	-0.148507051878788	-0.180613358226958	-0.135742331965822	-0.143615048586865	-0.12342631300272	-0.145448510854313	-0.121211522070545	-0.152627485956818	-0.11596824242087	-0.200462826293963	-0.126388846193612	-0.169196620298464	-0.13498243114766	-0.162565499867459	-0.146155151419742	-0.135652853422112	-0.107892326852504	-0.158169664414989	-0.133296256737035	-0.189529477873989	-0.161019109289927	-0.146560536589105	-0.147858019317057	-0.128195104369039	-0.167171101811312	-0.158813035517591	-0.168525652014114	-0.15817668580969	-0.16799254711685	-0.148924874284908
700023927	-0.208229456295024	-0.154812738829314	-0.0645149825655115	-0.256170279828493	-0.163994423687955	0	-0.223208404171662	-0.117800284008855	-0.1806431753077	-0.0858963255302114	-0.117739636708777	-0.110703034892096	-0.116075454619227	-0.109531826635425	-0.103551261853717	-0.145561563304764	-0.106181426063944	-0.0776812288307964	-0.165289546272911	-0.204552241510236	-0.174358876603494	-0.124785186829102	-0.174480297354491	-0.199042464402337	-0.201867207927942	-0.205596914610277	-0.135583947538666	-0.207340400791134	-0.163514436003959	-0.111087541608676	-0.0735626953217461	-0.15256365520551	-0.135824204429651	-0.0838722018312885	-0.209493501462185	-0.163602548852778	-0.149972153543424	-0.0751521230928611	-0.190919423245302	-0.149237114869985	-0.15544792975318	-0.106147070447003	-0.128330556255068	-0.1681330630246	-0.12965909663724	-0.136529536770563	-0.142745702449773	-0.105957902699004	-0.0725156355668494	-0.101062758008175	-0.113454821366088	-0.231042524285218	-0.223938933771947	-0.127337020543271	-0.224472967299849	-0.119463172507335	-0.148731896736704	-0.203720093400623	-0.0983244381972734	-0.199603558444483
700106341	-0.0971022217165682	-0.175321894845537	-0.206902560204153	-0.0991111440309084	-0.153001078172563	-0.223208404171662	0	-0.222530786603409	-0.105963578594714	-0.214447837141058	-0.146612957037806	-0.196803119663561	-0.212630417438768	-0.181330600324029	-0.211622999147898	-0.120155866001251	-0.214578664666552	-0.218280216298694	-0.130699187341764	-0.0757760783879486	-0.100736064109407	-0.140054490861484	-0.128469125032394	-0.0926150032933867	-0.0884768038331097	-0.155021097083777	-0.203917440951847	-0.19476850103988	-0.197900447309606	-0.218041198974995	-0.203933151490647	-0.136472956941428	-0.148709902765289	-0.199910479015385	-0.136304998481681	-0.117906497532995	-0.199767883535264	-0.237882599123237	-0.0983610324023765	-0.245974586618954	-0.127762114022271	-0.207682754302832	-0.155562818023483	-0.133032342719937	-0.18135059801635	-0.178082318003001	-0.161840266201288	-0.193211256667612	-0.188766954213592	-0.179731482244813	-0.154126810160019	-0.0679927316256917	-0.0787892485953082	-0.131095507194751	-0.134902865894116	-0.189477224571317	-0.105758628654409	-0.080894570418549	-0.1664073210757	-0.0866598289177246
700114221	-0.226427041740067	-0.140766649925249	-0.105357641516721	-0.25019160424186	-0.170699458965895	-0.117800284008855	-0.222530786603409	0	-0.203506314635274	-0.0751548683157239	-0.147474697022475	-0.136220629316544	-0.0843062824964797	-0.147809156981206	-0.0798917449761407	-0.173107697198568	-0.0651388860442409	-0.149062961101253	-0.204645495515952	-0.203023327672223	-0.200509856095888	-0.158691469445545	-0.199852669480575	-0.217840247264487	-0.237801480771853	-0.215280437457086	-0.124394475207685	-0.169568649884667	-0.128197719503457	-0.0955697227484317	-0.113961900448916	-0.175918028536547	-0.13549620480366	-0.105168901250345	-0.225503913053018	-0.153692848796377	-0.179692932854927	-0.103962296642213	-0.198211854327929	-0.0976502592399523	-0.156967430004483	-0.0792079731432075	-0.172934468341699	-0.179273038000863	-0.0962796933647496	-0.13880822530974	-0.144937413252031	-0.072000017761199	-0.145783203826556	-0.125510168581047	-0.151730543904836	-0.231228559529221	-0.218659683062675	-0.177281258240293	-0.254890994887325	-0.088529284526665	-0.177996869446114	-0.242636455919382	-0.135095982276666	-0.207473457003742
700023543	-0.113620438907782	-0.149861558667795	-0.170868621627181	-0.182339462813018	-0.134657104912997	-0.1806431753077	-0.105963578594714	-0.203506314635274	0	-0.174271713550693	-0.109401601082767	-0.180706230703827	-0.194880591200705	-0.158764275917049	-0.194678385437897	-0.0898725102067511	-0.189572191297332	-0.173023597303653	-0.0949555803572203	-0.123244980437071	-0.123898477877596	-0.114096696354808	-0.128521466898459	-0.0968278800724751	-0.120196855879856	-0.152137152894904	-0.16501151218609	-0.170782164903498	-0.20315710632409	-0.185985396107064	-0.162371104298783	-0.100417752102209	-0.127358966371907	-0.165725850084323	-0.130833039480764	-0.127687816525119	-0.151579164234404	-0.200981606500802	-0.0821737202764	-0.231565211122246	-0.114288922854727	-0.188918450980503	-0.127604883959901	-0.0870450055850503	-0.177672049861221	-0.170943634725275	-0.124684219304063	-0.175884093019608	-0.168830547865983	-0.15867233187451	-0.135602040484329	-0.105863448163443	-0.123399224050747	-0.108990586587276	-0.128749393203711	-0.170060846408542	-0.1463515326019	-0.0857624573844876	-0.160479112393225	-0.0841990031612352
700023439	-0.209457115618064	-0.129064977396442	-0.08254198623003	-0.248046706822298	-0.159939963238859	-0.0858963255302114	-0.214447837141058	-0.0751548683157239	-0.174271713550693	0	-0.126743577542618	-0.127478861378726	-0.0711776267670813	-0.119689850987228	-0.0837205476310535	-0.141799138423251	-0.0669066948687884	-0.113661677213404	-0.175581507328379	-0.193800020986422	-0.17461774502875	-0.136349737203271	-0.177843551866498	-0.195893135392959	-0.215029186994016	-0.201148704953572	-0.124965591337457	-0.171900569575946	-0.126781318292346	-0.101968110546703	-0.0792526530847123	-0.15787492970069	-0.113715526742118	-0.0888866530165976	-0.208445237268162	-0.137254318953457	-0.149479686433752	-0.0891389073996216	-0.184671786524033	-0.104760944886731	-0.135735489700553	-0.083146087005346	-0.146234195304047	-0.162531983587947	-0.0991295020249452	-0.114724279268765	-0.125128809683732	-0.0706743029604426	-0.109260806673838	-0.111403248867012	-0.120255729559417	-0.220423928628442	-0.211601625199216	-0.143891893042519	-0.232225219804149	-0.0855253519247053	-0.155690732861421	-0.209991761026665	-0.106741402702436	-0.188156161922647
700016978	-0.149199422678418	-0.128328251715306	-0.0990073614393917	-0.198243072425248	-0.133270558354551	-0.117739636708777	-0.146612957037806	-0.147474697022475	-0.109401601082767	-0.126743577542618	0	-0.116156831741472	-0.137022446189427	-0.123183066671025	-0.140789248138292	-0.0837512027674432	-0.134363376202722	-0.108379949359915	-0.112246750111107	-0.11932032462786	-0.116524333292882	-0.0588746926564727	-0.144790508513303	-0.134296823689343	-0.123047109441115	-0.176434110778202	-0.133460536955108	-0.143034127176671	-0.157706744085639	-0.137945090946575	-0.0972617938515847	-0.0931150220101505	-0.0743810879777701	-0.100842538545124	-0.160748642421059	-0.0930963233275859	-0.137481397825037	-0.148319637682648	-0.128713873697667	-0.178873349877567	-0.0990071936964236	-0.117882791524879	-0.0937222904443875	-0.0967835060872453	-0.113952211249121	-0.142340349092616	-0.117413096018869	-0.120306226721391	-0.109717745623497	-0.101111508426075	-0.0796671046962266	-0.155326257946752	-0.142497376339087	-0.0797438936400469	-0.168697402777639	-0.109785334362417	-0.1153962452816	-0.13480904808669	-0.0970467031199571	-0.129564910916173
700024192	-0.210184823678339	-0.199682465584976	-0.0760248629509599	-0.236854017264744	-0.204456154177871	-0.110703034892096	-0.196803119663561	-0.136220629316544	-0.180706230703827	-0.127478861378726	-0.116156831741472	0	-0.115449059057654	-0.178835497549687	-0.107341931411917	-0.138417355355669	-0.143739209774656	-0.126700730476691	-0.163132834989343	-0.192065273560359	-0.159907591907177	-0.0982271620244695	-0.201327761750694	-0.207714296647862	-0.172307190930879	-0.230901310823958	-0.190988884541363	-0.20809621131105	-0.189301808188928	-0.168598404850255	-0.121237212680363	-0.116538822916925	-0.128934381324511	-0.124678722598304	-0.230543958435163	-0.157939430231096	-0.197208780235927	-0.125646820136064	-0.205594392606541	-0.161049190063978	-0.162082282898366	-0.0970460865934524	-0.160713504771829	-0.143012201263621	-0.12722596224905	-0.182521019646434	-0.175134356332536	-0.109121641694869	-0.155572018188581	-0.073947248583988	-0.0971152330157314	-0.226623763897797	-0.210330830082284	-0.155031184363261	-0.240774274636427	-0.115437694021175	-0.136295324995275	-0.201294363363528	-0.0999302346107054	-0.188826065341646
700113058	-0.222314784529184	-0.146389100947272	-0.103742750919152	-0.25480471475979	-0.177291840691625	-0.116075454619227	-0.212630417438768	-0.0843062824964797	-0.194880591200705	-0.0711776267670813	-0.137022446189427	-0.115449059057654	0	-0.140773193116025	-0.0894287232845443	-0.161209486001996	-0.0839756283185758	-0.142230634198419	-0.197234711697507	-0.19306215944933	-0.187309109734023	-0.143150811631518	-0.205646462903968	-0.217230104257383	-0.220885560712064	-0.226087235518484	-0.137143178381787	-0.172094909691537	-0.141630644842753	-0.11948797386393	-0.096234277612437	-0.158126740987963	-0.124565226317583	-0.101175687085521	-0.235640793135718	-0.14559917088487	-0.173691524622983	-0.124961274119565	-0.201065740269929	-0.110002297822287	-0.149333355073701	-0.0730850473189553	-0.16838466354312	-0.164724293980901	-0.100017097156372	-0.14179654791171	-0.155164950544427	-0.0719494233124255	-0.135047871756436	-0.106060866597658	-0.141399569250656	-0.233173819412214	-0.22216212369584	-0.17644609734013	-0.26247377112969	-0.0645658265669214	-0.165204223292056	-0.229252758916131	-0.121211496976655	-0.19310833047879
700099448	-0.156180244462899	-0.106219839301847	-0.142190921656013	-0.219380148990382	-0.127830670127684	-0.109531826635425	-0.181330600324029	-0.147809156981206	-0.158764275917049	-0.119689850987228	-0.123183066671025	-0.178835497549687	-0.140773193116025	0	-0.148264294942218	-0.13620185710492	-0.121240166419015	-0.121568608446968	-0.136540088748247	-0.1592877117741	-0.156884650002924	-0.140879099996973	-0.140819772846501	-0.145074867036269	-0.190214335304799	-0.144799866291816	-0.0976192751000816	-0.173793658185777	-0.131816421907498	-0.119027787456176	-0.100675549613022	-0.172921342662725	-0.109824677086854	-0.105018875980084	-0.149118042603882	-0.133303310134291	-0.13015902112098	-0.128889185625053	-0.145937022828059	-0.175366447997648	-0.130014228849898	-0.139082354680738	-0.118830931733155	-0.1680975050994	-0.114871199957857	-0.10567956321315	-0.101387523771555	-0.134128731315613	-0.0737323562157512	-0.157957702990658	-0.133501234182257	-0.178142332160605	-0.184894042105261	-0.115464725343896	-0.175089736867516	-0.133823557884227	-0.141855972962846	-0.167234978170595	-0.127742911573542	-0.173476867660752
700109870	-0.215915371429944	-0.166010712198973	-0.0883379738305442	-0.235413178341644	-0.176239849952534	-0.103551261853717	-0.211622999147898	-0.0798917449761407	-0.194678385437897	-0.0837205476310535	-0.140789248138292	-0.107341931411917	-0.0894287232845443	-0.148264294942218	0	-0.16276927097419	-0.0928730020402463	-0.148349406320797	-0.194815747006361	-0.186539520337256	-0.177590513621642	-0.142170641947265	-0.18292256025281	-0.214881555338735	-0.213917486104205	-0.21786188888663	-0.15360422832775	-0.192244136799441	-0.141948455735754	-0.108078710943196	-0.1236576741492	-0.159296014610284	-0.147207069965035	-0.121159302951994	-0.228207761769139	-0.154925861845457	-0.190400213410625	-0.0941748360134394	-0.197571531360443	-0.099835858022616	-0.162353538974193	-0.0779954275801816	-0.178269718618222	-0.16033943390937	-0.108887368910265	-0.138415931510521	-0.15382029002443	-0.0691778998306537	-0.133145250411196	-0.104641196291804	-0.138676824794449	-0.225850425437684	-0.213746454063738	-0.175417757378644	-0.242074524195659	-0.0891255047357656	-0.149289199673661	-0.223594917145363	-0.106108862460284	-0.188087148414003
700033928	-0.116360386267752	-0.153998997247379	-0.134659327339397	-0.171542371722053	-0.129989871982687	-0.145561563304764	-0.120155866001251	-0.173107697198568	-0.0898725102067511	-0.141799138423251	-0.0837512027674432	-0.138417355355669	-0.161209486001996	-0.13620185710492	-0.16276927097419	0	-0.161901698852345	-0.139730576918747	-0.0972706223012201	-0.120136644293328	-0.105696550645976	-0.087290446730667	-0.130424833525565	-0.0992079790604768	-0.128728443490879	-0.142625426426198	-0.151050949242086	-0.148433924497359	-0.16893461398709	-0.164049654892894	-0.128858430063715	-0.111759263237336	-0.0826364160071385	-0.127960911841721	-0.140026003581848	-0.123192535594471	-0.140453158528349	-0.173157208769496	-0.107283627980574	-0.204149501166099	-0.0871354346273332	-0.145674225570596	-0.112124336198895	-0.118494642552884	-0.134829689225367	-0.145927942679632	-0.11530683725474	-0.144154822363364	-0.134683056610929	-0.115208856946013	-0.0896800389693326	-0.124280382313734	-0.124748249096712	-0.0992781335929099	-0.162422117875161	-0.13541971861575	-0.112529498039301	-0.110285814591266	-0.115293785334485	-0.102795685254723
700023693	-0.217506700562919	-0.125403272545538	-0.102851352255669	-0.250839484581513	-0.164293616317085	-0.106181426063944	-0.214578664666552	-0.0651388860442409	-0.189572191297332	-0.0669066948687884	-0.134363376202722	-0.143739209774656	-0.0839756283185758	-0.121240166419015	-0.0928730020402463	-0.161901698852345	0	-0.133031365461843	-0.191282337627315	-0.195019698555397	-0.179787653794373	-0.14841706824698	-0.187482992466862	-0.204044235873283	-0.229486301442587	-0.209894444681596	-0.126909035285199	-0.173433837253407	-0.121625843679865	-0.0994043882010266	-0.0910749233994677	-0.170115832231112	-0.123062852675465	-0.0934924828498575	-0.214247743437313	-0.145188326089038	-0.163901385823905	-0.113041977444947	-0.188534581979501	-0.0920609181560879	-0.148562549243143	-0.0900503686867899	-0.153625035397956	-0.173626353655739	-0.0910209309455418	-0.11691431837789	-0.123907629220363	-0.0708065654903182	-0.12021228134866	-0.126845303002057	-0.142713271095891	-0.224559576369667	-0.213509978976568	-0.156350115485921	-0.242691840404448	-0.0847640998390704	-0.170089271033543	-0.229218717631834	-0.12554856488477	-0.200562222829082
700109627	-0.188498753045693	-0.161532143190906	-0.0898491373371298	-0.250414004585259	-0.160456111149655	-0.0776812288307964	-0.218280216298694	-0.149062961101253	-0.173023597303653	-0.113661677213404	-0.108379949359915	-0.126700730476691	-0.142230634198419	-0.121568608446968	-0.148349406320797	-0.139730576918747	-0.133031365461843	0	-0.165564819954389	-0.193749185232287	-0.190100323691427	-0.126243819255753	-0.187903415780092	-0.176640541408688	-0.196681726838795	-0.207580875263213	-0.136855417070385	-0.186207656614259	-0.192110035036772	-0.136195218440336	-0.0818346340860227	-0.156990075102558	-0.12884588864505	-0.100828651150961	-0.19293698213926	-0.157826465506675	-0.11639455553178	-0.102343110642947	-0.193558703861065	-0.180916943819018	-0.155744820702909	-0.133746690419703	-0.123082290604747	-0.164130739133638	-0.151783189185381	-0.158386753745127	-0.14436116195862	-0.135598323027306	-0.0936678981933885	-0.119530100523668	-0.10555429600933	-0.219469094346514	-0.210756605120026	-0.126228705042965	-0.212839897407769	-0.14270373605028	-0.17391480560436	-0.19682388286311	-0.136578721402206	-0.203154353838552
700095416	-0.104283246038903	-0.157549224522341	-0.169260477163671	-0.188484083125317	-0.141029830040124	-0.165289546272911	-0.130699187341764	-0.204645495515952	-0.0949555803572203	-0.175581507328379	-0.112246750111107	-0.163132834989343	-0.197234711697507	-0.136540088748247	-0.194815747006361	-0.0972706223012201	-0.191282337627315	-0.165564819954389	0	-0.132424876086184	-0.106077470665634	-0.111806210785101	-0.118329962316428	-0.0873589093840332	-0.128412739933536	-0.137000566026471	-0.152589273572539	-0.175777298602598	-0.183730349468687	-0.193209936997612	-0.158440418473508	-0.127524307327577	-0.117717867759031	-0.166630543770321	-0.125880419346852	-0.132049475850009	-0.148945897893865	-0.181673341335842	-0.109091266801842	-0.233975168142357	-0.0995918083912758	-0.188632112738256	-0.120047346499403	-0.129051759619548	-0.161021297182939	-0.144962676301827	-0.120641001975523	-0.178968939303981	-0.144311630345966	-0.155114250347299	-0.124910182515395	-0.130498436453168	-0.137676653815296	-0.0875471052814061	-0.118633078998408	-0.17210128263808	-0.124089656079115	-0.0995281526875931	-0.146502293805207	-0.121364458400137
700110425	-0.100402659744454	-0.160257704576392	-0.19024242221504	-0.118227242160222	-0.149366976447101	-0.204552241510236	-0.0757760783879486	-0.203023327672223	-0.123244980437071	-0.193800020986422	-0.11932032462786	-0.192065273560359	-0.19306215944933	-0.1592877117741	-0.186539520337256	-0.120136644293328	-0.195019698555397	-0.193749185232287	-0.132424876086184	0	-0.097946969555304	-0.130527674567268	-0.117159480912145	-0.0971046990997149	-0.0829643279741134	-0.168901038862764	-0.17716715254446	-0.161024751632426	-0.174678285866933	-0.187531805896989	-0.186921575448128	-0.142514357718334	-0.129316767570575	-0.181120065436261	-0.14158971249048	-0.0959199755088449	-0.173203353238644	-0.216714199164754	-0.109521986374001	-0.226644672975121	-0.107470924069093	-0.182727978522587	-0.139340354988264	-0.109554196654366	-0.160303385978184	-0.152928905177635	-0.138295639016279	-0.178324470983021	-0.16513313386554	-0.17446324062154	-0.141670833295949	-0.0803326273466375	-0.066014034318834	-0.12113646278498	-0.125143369784891	-0.172835038977039	-0.0934358415273994	-0.0953739567893001	-0.150287326444474	-0.0974206607463118
700111580	-0.119636418423576	-0.162607029773141	-0.176416793504426	-0.150582413762067	-0.160126151621248	-0.174358876603494	-0.100736064109407	-0.200509856095888	-0.123898477877596	-0.17461774502875	-0.116524333292882	-0.159907591907177	-0.187309109734023	-0.156884650002924	-0.177590513621642	-0.105696550645976	-0.179787653794373	-0.190100323691427	-0.106077470665634	-0.097946969555304	0	-0.100082267479842	-0.109346649672956	-0.113093157472412	-0.0768877894749523	-0.17642095855767	-0.182112070308701	-0.196958265907327	-0.160758934328842	-0.206917104488224	-0.172195862961309	-0.121976721306172	-0.128597278575577	-0.17646350974942	-0.161108158888907	-0.115844827575565	-0.192997010825875	-0.192169853555596	-0.12483676730269	-0.21640088787764	-0.108395518824167	-0.166617133190108	-0.13507252167696	-0.123378667606221	-0.137938054096685	-0.140145849024034	-0.129206988422381	-0.161316713251004	-0.144780270232501	-0.147340905128445	-0.123817241438824	-0.116573526404669	-0.115023853784425	-0.0961399699724777	-0.13826012889566	-0.160954758386614	-0.0705662267051664	-0.0869546734966606	-0.12174649308068	-0.101530125107487
700111302	-0.148107166901485	-0.138414991786182	-0.103045947792207	-0.200949439383197	-0.148836692782391	-0.124785186829102	-0.140054490861484	-0.158691469445545	-0.114096696354808	-0.136349737203271	-0.0588746926564727	-0.0982271620244695	-0.143150811631518	-0.140879099996973	-0.142170641947265	-0.087290446730667	-0.14841706824698	-0.126243819255753	-0.111806210785101	-0.130527674567268	-0.100082267479842	0	-0.148023431835228	-0.139947692164233	-0.11522227268517	-0.187308204841658	-0.15212528678141	-0.167365433693509	-0.169937533955944	-0.163966746158864	-0.114107801115747	-0.0751139739483024	-0.0786664859070941	-0.118624358425393	-0.178033836792229	-0.105553676641762	-0.157748564297005	-0.157320397431288	-0.138883970550294	-0.182504949538628	-0.116288734145731	-0.124712376110911	-0.106541908200275	-0.097657378178463	-0.122129358349147	-0.163991604801161	-0.122578338489086	-0.117947139817499	-0.12803655705777	-0.0820468862705677	-0.0764356774816372	-0.157606258043449	-0.152741909459008	-0.0903229744989071	-0.179290333786585	-0.115578063136006	-0.10374315281729	-0.132688105339632	-0.0831976409843196	-0.129870401484592
700098605	-0.113684426233215	-0.141008053709478	-0.190652460850882	-0.15262787412412	-0.140913314220737	-0.174480297354491	-0.128469125032394	-0.199852669480575	-0.128521466898459	-0.177843551866498	-0.144790508513303	-0.201327761750694	-0.205646462903968	-0.140819772846501	-0.18292256025281	-0.130424833525565	-0.187482992466862	-0.187903415780092	-0.118329962316428	-0.117159480912145	-0.109346649672956	-0.148023431835228	0	-0.11621382885955	-0.145831101789216	-0.138349491859126	-0.152574261943521	-0.176070396388424	-0.163648640783068	-0.183727712055577	-0.174147961980294	-0.166551484164336	-0.14042083517956	-0.177723153017613	-0.129910931218989	-0.133407845460913	-0.172297934324429	-0.187228799398247	-0.106990994955222	-0.207587737682529	-0.123164173720773	-0.198062760464378	-0.15144386161283	-0.145385803834449	-0.175355872790383	-0.125051463259352	-0.136098894754335	-0.182974688612435	-0.150658828487343	-0.182261136572352	-0.158895610544404	-0.128068127889465	-0.12387951757244	-0.114940511684926	-0.103074864792391	-0.181603158770204	-0.131346843963256	-0.119368549262149	-0.15647464352342	-0.113150179468492
700111991	-0.0584996969610804	-0.160674993365039	-0.198473717755262	-0.135440450810507	-0.132964607442712	-0.199042464402337	-0.0926150032933867	-0.217840247264487	-0.0968278800724751	-0.195893135392959	-0.134296823689343	-0.207714296647862	-0.217230104257383	-0.145074867036269	-0.214881555338735	-0.0992079790604768	-0.204044235873283	-0.176640541408688	-0.0873589093840332	-0.0971046990997149	-0.113093157472412	-0.139947692164233	-0.11621382885955	0	-0.117294506198699	-0.115180423331648	-0.161737908923861	-0.17109792359875	-0.184417340625296	-0.201791326470523	-0.187034613016948	-0.156253935671068	-0.140193612210971	-0.184950878961791	-0.0950254558968081	-0.124004805690529	-0.157123601220678	-0.210279837509352	-0.0866643643785486	-0.250388326125953	-0.109890467188873	-0.208458491966931	-0.142525165657583	-0.141069862746053	-0.181065120510284	-0.150171838590207	-0.131431184720639	-0.199396284891228	-0.166026015955421	-0.187068409046901	-0.140816440960535	-0.0845368152615882	-0.0876407857758029	-0.101931933325393	-0.0954646803470386	-0.196074359635353	-0.133359058244212	-0.080882779544412	-0.169804947640469	-0.110111655545513
700108960	-0.12574544294294	-0.193481381702524	-0.189080932294608	-0.139418387707054	-0.194575758565502	-0.201867207927942	-0.0884768038331097	-0.237801480771853	-0.120196855879856	-0.215029186994016	-0.123047109441115	-0.172307190930879	-0.220885560712064	-0.190214335304799	-0.213917486104205	-0.128728443490879	-0.229486301442587	-0.196681726838795	-0.128412739933536	-0.0829643279741134	-0.0768877894749523	-0.11522227268517	-0.145831101789216	-0.117294506198699	0	-0.207017719749174	-0.216037219468666	-0.210386360228406	-0.210207674247458	-0.225034941267809	-0.19884759041808	-0.111227028717051	-0.149468658475104	-0.199764894065667	-0.176413201027219	-0.122789283407857	-0.203744422658762	-0.228748275578698	-0.138045901940499	-0.256751796601506	-0.14297309379859	-0.198895766900746	-0.148956166861472	-0.112448747618172	-0.181531128153913	-0.1930519115637	-0.184821586885613	-0.205661884570156	-0.175739184509834	-0.152346515193402	-0.1295975226163	-0.110658875826415	-0.104566920581639	-0.116788399470684	-0.126505626333956	-0.198379026588375	-0.083309246653456	-0.0764403871551593	-0.140032463910207	-0.0993246631783445
700024452	-0.11777792514185	-0.156742900064603	-0.212267453945377	-0.149623732104088	-0.129813642292551	-0.205596914610277	-0.155021097083777	-0.215280437457086	-0.152137152894904	-0.201148704953572	-0.176434110778202	-0.230901310823958	-0.226087235518484	-0.144799866291816	-0.21786188888663	-0.142625426426198	-0.209894444681596	-0.207580875263213	-0.137000566026471	-0.168901038862764	-0.17642095855767	-0.187308204841658	-0.138349491859126	-0.115180423331648	-0.207017719749174	0	-0.153843737453723	-0.172285665567955	-0.146230433016575	-0.187581020000124	-0.199125380750387	-0.203101531560602	-0.170962029095046	-0.192183322494001	-0.0615361125036954	-0.168336870092441	-0.18183306856212	-0.211041894870027	-0.1113791591483	-0.226343152766357	-0.141808227561371	-0.217794301113702	-0.187795270970778	-0.188922275318615	-0.18601657056287	-0.132487078859959	-0.142758116696712	-0.212425795084252	-0.168635957341502	-0.210725001038472	-0.176732363751844	-0.13286283737088	-0.13835671801652	-0.153213990152061	-0.127142308077828	-0.203748361990499	-0.169938917436491	-0.157922529823161	-0.184064429509427	-0.171247817498629
700032931	-0.165721888366212	-0.0936376002377176	-0.151561294894646	-0.231009893207659	-0.119671228586921	-0.135583947538666	-0.203917440951847	-0.124394475207685	-0.16501151218609	-0.124965591337457	-0.133460536955108	-0.190988884541363	-0.137143178381787	-0.0976192751000816	-0.15360422832775	-0.151050949242086	-0.126909035285199	-0.136855417070385	-0.152589273572539	-0.17716715254446	-0.182112070308701	-0.15212528678141	-0.152574261943521	-0.161737908923861	-0.216037219468666	-0.153843737453723	0	-0.143392051312262	-0.129752706827468	-0.109223169025018	-0.117634998671292	-0.173147727009011	-0.122057928189718	-0.108789380711319	-0.160897220010949	-0.14755628555454	-0.125404688418145	-0.133141993604565	-0.152792462186303	-0.173606851481483	-0.132661753791733	-0.12575789905205	-0.140553096392907	-0.169189369899235	-0.115165999622051	-0.118154274647982	-0.106534146534947	-0.129306691088316	-0.112855109447494	-0.160232564624249	-0.155652666861959	-0.191379049086306	-0.188714794810208	-0.127831061941512	-0.185628271052273	-0.11828674901596	-0.174910520430027	-0.19553418666153	-0.145463448278071	-0.185847207782598
700095837	-0.175269986018549	-0.14623231133378	-0.188086677139563	-0.21203390576352	-0.153678617370306	-0.207340400791134	-0.19476850103988	-0.169568649884667	-0.170782164903498	-0.171900569575946	-0.143034127176671	-0.20809621131105	-0.172094909691537	-0.173793658185777	-0.192244136799441	-0.148433924497359	-0.173433837253407	-0.186207656614259	-0.175777298602598	-0.161024751632426	-0.196958265907327	-0.167365433693509	-0.176070396388424	-0.17109792359875	-0.210386360228406	-0.172285665567955	-0.143392051312262	0	-0.125107717356592	-0.132342991810631	-0.171858121959094	-0.194810873596214	-0.134406660814297	-0.152634448177066	-0.171524541681911	-0.152801388856923	-0.163718683394914	-0.220105306027251	-0.165500014869043	-0.20577453910044	-0.137613815211611	-0.156920671737682	-0.169054147048998	-0.170268035600028	-0.140735639011944	-0.161042756704494	-0.150326390769631	-0.169403666335742	-0.190663975415129	-0.196429562871884	-0.152985856590448	-0.175860954765035	-0.168214263885509	-0.17433059126226	-0.194947972438457	-0.155428195544046	-0.199538341842215	-0.201011110035588	-0.18225505991085	-0.189429944490984
700024548	-0.186859939399288	-0.120621906826487	-0.159404346458972	-0.197792723123504	-0.144698098629069	-0.163514436003959	-0.197900447309606	-0.128197719503457	-0.20315710632409	-0.126781318292346	-0.157706744085639	-0.189301808188928	-0.141630644842753	-0.131816421907498	-0.141948455735754	-0.16893461398709	-0.121625843679865	-0.192110035036772	-0.183730349468687	-0.174678285866933	-0.160758934328842	-0.169937533955944	-0.163648640783068	-0.184417340625296	-0.210207674247458	-0.146230433016575	-0.129752706827468	-0.125107717356592	0	-0.119848687644362	-0.152304790353325	-0.200957965906195	-0.139547558549692	-0.133053463069206	-0.161308242214706	-0.137559586273424	-0.194522860887919	-0.16616048460199	-0.165182896140932	-0.150612061346257	-0.142319584663334	-0.113991444257796	-0.174658443241996	-0.196790625557225	-0.0889400495509523	-0.0899122854175076	-0.138207710295888	-0.122639721232051	-0.142106526523093	-0.181872016856185	-0.155739685618598	-0.187416744905083	-0.176672346736591	-0.154825728367654	-0.194222751552492	-0.135190865330571	-0.153106666672729	-0.204721031817343	-0.149014026431312	-0.199735659863892
700110161	-0.210781620677939	-0.12439205319744	-0.116795434736869	-0.239530468499389	-0.153316785935374	-0.111087541608676	-0.218041198974995	-0.0955697227484317	-0.185985396107064	-0.101968110546703	-0.137945090946575	-0.168598404850255	-0.11948797386393	-0.119027787456176	-0.108078710943196	-0.164049654892894	-0.0994043882010266	-0.136195218440336	-0.193209936997612	-0.187531805896989	-0.206917104488224	-0.163966746158864	-0.183727712055577	-0.201791326470523	-0.225034941267809	-0.187581020000124	-0.109223169025018	-0.132342991810631	-0.119848687644362	0	-0.105634507703628	-0.178932101619667	-0.138529007808183	-0.0866862104653971	-0.195413780151435	-0.156535881576436	-0.155897603058605	-0.121913955378678	-0.183381735513602	-0.145467651963387	-0.157644982674065	-0.107416539137752	-0.152184848138851	-0.174859478484284	-0.117906019878181	-0.139830302674092	-0.143512330457391	-0.111621238017144	-0.11782297163712	-0.136621364943543	-0.153607048150987	-0.21259300741927	-0.208835213216102	-0.158980140561531	-0.231717065828492	-0.113058911221114	-0.176203678123683	-0.219698133856362	-0.134572056789097	-0.2045578587733
700023496	-0.196722788285268	-0.119337460628008	-0.0922106438861056	-0.250588318218305	-0.148507051878788	-0.0735626953217461	-0.203933151490647	-0.113961900448916	-0.162371104298783	-0.0792526530847123	-0.0972617938515847	-0.121237212680363	-0.096234277612437	-0.100675549613022	-0.1236576741492	-0.128858430063715	-0.0910749233994677	-0.0818346340860227	-0.158440418473508	-0.186921575448128	-0.172195862961309	-0.114107801115747	-0.174147961980294	-0.187034613016948	-0.19884759041808	-0.199125380750387	-0.117634998671292	-0.171858121959094	-0.152304790353325	-0.105634507703628	0	-0.147018157313746	-0.0987731724814514	-0.064231907148556	-0.202095421342688	-0.132239406393544	-0.12821545952348	-0.113971967941284	-0.174561641843615	-0.142587838224711	-0.121031837998166	-0.0979653937713255	-0.109713694331002	-0.158176592622263	-0.104417020671228	-0.126564986395584	-0.121305449310446	-0.098161115761182	-0.0853981418567973	-0.114483724143927	-0.112825309153362	-0.215001192887141	-0.209703255806705	-0.115338324982986	-0.228318428381993	-0.0958894011783511	-0.151523361994832	-0.193625686408508	-0.124248405019616	-0.189159272848871
700034628	-0.1683228035462	-0.155150918447709	-0.127026131567956	-0.213339631668867	-0.180613358226958	-0.15256365520551	-0.136472956941428	-0.175918028536547	-0.100417752102209	-0.15787492970069	-0.0931150220101505	-0.116538822916925	-0.158126740987963	-0.172921342662725	-0.159296014610284	-0.111759263237336	-0.170115832231112	-0.156990075102558	-0.127524307327577	-0.142514357718334	-0.121976721306172	-0.0751139739483024	-0.166551484164336	-0.156253935671068	-0.111227028717051	-0.203101531560602	-0.173147727009011	-0.194810873596214	-0.200957965906195	-0.178932101619667	-0.147018157313746	0	-0.122667540635704	-0.144701852925183	-0.191361020115335	-0.105348094052589	-0.189068393806955	-0.176506444873831	-0.154691482400868	-0.199624829256087	-0.143654213268738	-0.142746171507795	-0.133895681016202	-0.0697655963686929	-0.14889495858153	-0.182545981683886	-0.156279000597655	-0.13885246527046	-0.157653795617518	-0.0911681001474394	-0.11701332987929	-0.169305602228342	-0.159163752526864	-0.122359373084433	-0.182569677970321	-0.128756890767773	-0.123543233556427	-0.134748629797651	-0.110349011552871	-0.103149031481036
700023645	-0.14710183361036	-0.120770306588403	-0.117529450929263	-0.194248940925078	-0.135742331965822	-0.135824204429651	-0.148709902765289	-0.13549620480366	-0.127358966371907	-0.113715526742118	-0.0743810879777701	-0.128934381324511	-0.124565226317583	-0.109824677086854	-0.147207069965035	-0.0826364160071385	-0.123062852675465	-0.12884588864505	-0.117717867759031	-0.129316767570575	-0.128597278575577	-0.0786664859070941	-0.14042083517956	-0.140193612210971	-0.149468658475104	-0.170962029095046	-0.122057928189718	-0.134406660814297	-0.139547558549692	-0.138529007808183	-0.0987731724814514	-0.122667540635704	0	-0.0921619132566793	-0.162855481481889	-0.0894402402235887	-0.133558420588016	-0.159968065932473	-0.13155975127272	-0.165629292366705	-0.0909796690877223	-0.114463961126604	-0.0968489856723917	-0.125549917525547	-0.09667706426472	-0.123643942474391	-0.0996942285136793	-0.104781979570696	-0.122623132224249	-0.110209725876856	-0.0858183041288496	-0.156509403728768	-0.155455698569719	-0.0998256810615146	-0.179817480966418	-0.101227423478803	-0.122151444251936	-0.142398376866998	-0.106276127095743	-0.143418922654154
700038744	-0.197050405501635	-0.120515214349711	-0.094780475800069	-0.235994558448706	-0.143615048586865	-0.0838722018312885	-0.199910479015385	-0.105168901250345	-0.165725850084323	-0.0888866530165976	-0.100842538545124	-0.124678722598304	-0.101175687085521	-0.105018875980084	-0.121159302951994	-0.127960911841721	-0.0934924828498575	-0.100828651150961	-0.166630543770321	-0.181120065436261	-0.17646350974942	-0.118624358425393	-0.177723153017613	-0.184950878961791	-0.199764894065667	-0.192183322494001	-0.108789380711319	-0.152634448177066	-0.133053463069206	-0.0866862104653971	-0.064231907148556	-0.144701852925183	-0.0921619132566793	0	-0.193830747720028	-0.124633089260861	-0.140220136519533	-0.11047522284702	-0.170014251568732	-0.145282039083509	-0.132077707453317	-0.0848676960607561	-0.123659865123152	-0.158336935643026	-0.0882201833613	-0.125237707240735	-0.126044150595719	-0.0820604680791798	-0.0960873444980837	-0.10268690434981	-0.115494037457263	-0.210670559967243	-0.205256324589811	-0.122027533116919	-0.225765508701681	-0.08462985511231	-0.155370149679633	-0.193242832974118	-0.113080437419332	-0.192248367877713
