700108602	700014971	700033565	700109389	700023058	700023927	700106341	700114221	700023543	700023439	700016978	700024192	700113058	700099448	700109870	700033928	700023693	700109627	700095416	700110425	700111580	700111302	700098605	700111991	700108960	700024452	700032931	700095837	700024548	700110161	700023496	700034628	700023645	700038744	700038485	700024743	700099596	700110760	700101587	700106399	700032322	700095653	700021312	700101230	700023590	700038905	700033136	700023382	700096424	700105469	700016908	700096053	700108479	700109569	700033814	700016125	700109756	700102665	700101777	700109455
700108602	0	0.15369851747535	0.159938646226038	0.106923964762752	0.117992403450849	0.170448802515217	0.0813514209756714	0.176674969048572	0.0947043315866585	0.164326413406026	0.114069148484089	0.154638532587979	0.158239442532887	0.151607691461912	0.161302804618968	0.105627492728668	0.186773395142927	0.161259796476943	0.0927492414707551	0.0988414861487505	0.0863959188164507	0.106538541838847	0.108612752146979	0.0678445154802226	0.0903723805469308	0.116660986722339	0.149047886863565	0.140629742797584	0.148234291829948	0.159204380618621	0.166115262088362	0.11512670509331	0.110432927933601	0.15360961409873	0.126854608401812	0.111220762331749	0.120438852070681	0.175053409014137	0.0925822950278649	0.173997435842644	0.106750870268663	0.158923678936713	0.147753723648536	0.112519104124425	0.15752592986006	0.126804485227012	0.12146327600741	0.147886747472859	0.141801947240935	0.132655763606677	0.124802014690511	0.0840247372272073	0.093539182269015	0.0989645085632469	0.103979039667678	0.154851056360329	0.100755468892958	0.0662691738276892	0.133407730645671	0.10101372735142
700014971	0.15369851747535	0	0.146178007661227	0.177196337915746	0.143809850061297	0.155168272597665	0.165935075826512	0.14578712430816	0.154614616448526	0.128465802833689	0.139061860117923	0.164659655332214	0.135224900693575	0.141157697525016	0.154746170637715	0.158280261578418	0.128782067389184	0.159930582873131	0.162204385797319	0.154942446658479	0.15647202829835	0.137139687875765	0.138477628136825	0.164910750680954	0.167720853727009	0.157840782668354	0.133083576818317	0.14664863548631	0.134910930587829	0.136274382009108	0.13940203307074	0.146038095274849	0.131652970219603	0.13213501060183	0.154097514381722	0.132362710144828	0.151406371078862	0.163030854750086	0.152673934093934	0.147712758851678	0.148644781364287	0.144203552790013	0.148579066359132	0.147866714704571	0.137696814900705	0.138787642870859	0.115865974038223	0.137684363208347	0.133240068066702	0.139527344646788	0.145997248831254	0.164782829346895	0.165127794812774	0.135254620047807	0.17702320363235	0.126148127832021	0.155480934276838	0.158148157883516	0.144680570170843	0.156796764275282
700033565	0.159938646226038	0.146178007661227	0	0.145038882977945	0.144122296224323	0.082131340677591	0.139597201705004	0.108928450054955	0.162534312263098	0.0956400159695614	0.08955400225807	0.0625117216693659	0.0967788804031537	0.121183617699564	0.0906221703699272	0.118977480908069	0.106584716723292	0.0926254191225993	0.149798559812182	0.138307633840651	0.138877231801798	0.0946452379463488	0.12483044944716	0.144784861451455	0.134456526262805	0.15791403420696	0.12070697823316	0.145806023075653	0.108293606034451	0.0996087228823866	0.105378825500147	0.10873635685663	0.101035130397295	0.0837566089857062	0.15434049775238	0.100264834071258	0.128864644905635	0.0840003964335209	0.159155059536121	0.115443930816287	0.132776482251705	0.0852464205660898	0.123609925712776	0.1169610351876	0.111049827078305	0.121835996985982	0.138105392344563	0.0905922632395688	0.111216297136425	0.0695120636177041	0.0864716381085674	0.165754661293067	0.143568435984966	0.122184946167735	0.180591532727936	0.105308923247656	0.123924986816528	0.154650866180263	0.09007533425533	0.132231725846243
700109389	0.106923964762752	0.177196337915746	0.145038882977945	0	0.13680961167863	0.174910669896185	0.0843402833705426	0.180383863030377	0.138027361530146	0.171777629330603	0.134757664983212	0.142911121313846	0.164223500819218	0.153965588491797	0.146613307519071	0.139068909887501	0.183559425003139	0.174618372737343	0.136208057928312	0.0908891913054661	0.107011918154938	0.137200488598158	0.0982154014817786	0.117223352529976	0.100687682903522	0.11947621013959	0.176418753111398	0.148046117992455	0.12730106276883	0.163848905056055	0.179806886509653	0.136263439872636	0.131642465706328	0.157160664488293	0.127460983779136	0.111335377606123	0.166014715397154	0.164963310399428	0.121005688003676	0.166190277410766	0.133794342873754	0.160482649911696	0.157414586690592	0.127284708346413	0.156519602451613	0.141186174235235	0.142737470962321	0.156589456315166	0.159757280646181	0.131092602786659	0.131471386999554	0.0924559730211031	0.0676856280482955	0.12976689391567	0.109217817330386	0.167202771917988	0.10703269919952	0.0848645733285106	0.118744717637698	0.105377919388531
700023058	0.117992403450849	0.143809850061297	0.144122296224323	0.13680961167863	0	0.146780152225012	0.119430637532904	0.158056137293483	0.108895169574508	0.149273428393041	0.125385743437672	0.14433535813069	0.141945697725136	0.120230313539249	0.140785747794315	0.124014395321855	0.160005449240417	0.144372008222007	0.128015772251513	0.118815662974279	0.121837481580498	0.12864289678195	0.124802245748268	0.119120194758326	0.132290083188563	0.10078976231364	0.150832283789952	0.134796187582981	0.121737076689193	0.13113333039593	0.142468490281362	0.133450649167145	0.120589331683549	0.130168515460001	0.110158031346229	0.13099820005747	0.111006587320029	0.140957222230655	0.102091597581677	0.152616600586407	0.123426311715455	0.138555110084414	0.129920093777682	0.123712872343315	0.137119662732739	0.121411536588967	0.105087414354117	0.134630270263684	0.128067927799353	0.130252429698677	0.133141721957436	0.110513491929794	0.1190969319937	0.12322708481732	0.125492928458087	0.143902557150196	0.125833721344122	0.122001833170037	0.136787025143041	0.123012736290782
700023927	0.170448802515217	0.155168272597665	0.082131340677591	0.174910669896185	0.146780152225012	0	0.158455432521392	0.105702367895505	0.173783930330783	0.0941387509577118	0.113489405006791	0.0917002060859969	0.105419349022666	0.115907640391414	0.0976902507794067	0.13484104364009	0.101114013829048	0.0682309510798038	0.159135233305526	0.155766515147153	0.148748530321837	0.116135734779592	0.145549857250597	0.154010654464502	0.146510764959828	0.175777021923771	0.135348250397224	0.166319034271709	0.121235740798088	0.102233948221772	0.080579833036918	0.127576425551222	0.115211379242029	0.0888013387895102	0.166753234085618	0.114962209444026	0.123332879050052	0.0754915306991158	0.173301170229719	0.122951898844142	0.153187673242424	0.0900849153978478	0.121124533075712	0.141007246663374	0.121388997583007	0.129700349722495	0.141668378212498	0.0958391151357858	0.0945150736648191	0.0919364003429759	0.110454585282404	0.178372820591424	0.161183973507276	0.133028003671372	0.194493608386255	0.110088331094148	0.13594095537118	0.164084561976092	0.116451855658305	0.151891706597182
700106341	0.0813514209756714	0.165935075826512	0.139597201705004	0.0843402833705426	0.119430637532904	0.158455432521392	0	0.170137453211759	0.0918888081478108	0.163287539669422	0.121793115047278	0.122325335938245	0.154073132658281	0.146266243215253	0.138419318038738	0.112611057268937	0.17811592528869	0.167850714768566	0.108760793632889	0.0856627305571172	0.0844331492818657	0.103556896392994	0.105655797813358	0.105650207933195	0.0734929148223196	0.12337877876418	0.173123033347867	0.154475668064654	0.136756792398251	0.159446213876997	0.158490070508197	0.0841695149423565	0.114219880071396	0.145410573496421	0.128915102846375	0.0870753095478052	0.148430377908601	0.159099704186306	0.0943698565837629	0.169894402602489	0.126057340210082	0.142585024961202	0.134496990757764	0.0957962762264797	0.143516070834395	0.14157416873759	0.126581813949946	0.133419480485879	0.147454044880442	0.108068782077737	0.123055924419984	0.079094588227252	0.0758524794346381	0.11241101431249	0.118446777887185	0.150926396380182	0.0978620727159797	0.0667487856893583	0.116260652724983	0.0751620986179025
700114221	0.176674969048572	0.14578712430816	0.108928450054955	0.180383863030377	0.158056137293483	0.105702367895505	0.170137453211759	0	0.185054449115439	0.0726183754225905	0.136033069878806	0.104433792611743	0.0881313928756248	0.15218032244364	0.0906272264941507	0.154664931390063	0.0818412749917725	0.124277764625313	0.172155696250753	0.159392577733056	0.154487893365655	0.132034072380297	0.161187048914137	0.173393946018405	0.166295353448303	0.186219507875762	0.140981496203138	0.15373497884451	0.111430473508371	0.118327765279071	0.11497999786321	0.135605153214438	0.116266538192689	0.106907508217427	0.182037367861262	0.134914147969361	0.158424152340928	0.100410571845825	0.17859963134816	0.0823575514155787	0.145728538059978	0.0769109349803309	0.15427801176014	0.144769570412478	0.0916294324983577	0.130419915295891	0.141134064460692	0.0790728724912469	0.132738413449443	0.106269257984526	0.135172401148952	0.190590736237401	0.168433259903575	0.139207382344397	0.206516573686472	0.0949704785268942	0.133758749350593	0.184713119177616	0.123821194002197	0.162160603076288
700023543	0.0947043315866585	0.154614616448526	0.162534312263098	0.138027361530146	0.108895169574508	0.173783930330783	0.0918888081478108	0.185054449115439	0	0.165157001486479	0.12443257922818	0.157632714458432	0.160853616835684	0.149437965559311	0.164563060490067	0.0934879250008107	0.184331852490891	0.166487226671933	0.103743877196376	0.119808738053256	0.108027226121129	0.118784336929162	0.122454404652576	0.105741290546306	0.115987358623047	0.0995772581726648	0.158490344454768	0.133384222486499	0.161552972827213	0.163450734942303	0.164891295190037	0.107290345126223	0.125277525642807	0.155026310641974	0.115264839086338	0.125610499328669	0.127989777063338	0.179165086284313	0.0938355027106005	0.18379070913384	0.121867198352867	0.159712011913475	0.137295550522744	0.0993966624974031	0.162027452865991	0.140160417234144	0.10716271495341	0.153440640009477	0.159828152804506	0.133759715332033	0.132625946576714	0.0871857957679937	0.111861656436951	0.122166798511709	0.114714249008536	0.157222454711038	0.131320831824548	0.0980231182891485	0.13905214246847	0.10683678253854
700023439	0.164326413406026	0.128465802833689	0.0956400159695614	0.171777629330603	0.149273428393041	0.0941387509577118	0.163287539669422	0.0726183754225905	0.165157001486479	0	0.113961923556001	0.102189881850622	0.0824393310824172	0.131986125267787	0.0949027945295605	0.138726215125809	0.0753643011144833	0.111356111080844	0.160228143603913	0.154580551223926	0.141880498956639	0.121398020723624	0.143587046697469	0.154691576862637	0.157139593171056	0.169782507177958	0.1329916659718	0.140743285967336	0.108077274497289	0.102185944245422	0.0998233516349554	0.128884500540703	0.100055583762547	0.0900587239808811	0.161633392418655	0.11406532748963	0.137968065497326	0.0942376310106886	0.168519217868773	0.0936232080329104	0.13198930040345	0.0789910544033827	0.145112850995362	0.136194084404561	0.0975629753437081	0.116653011793153	0.120937728157509	0.0832738754520433	0.110586380808727	0.101377248137215	0.113601308837989	0.180138904926037	0.157583083220242	0.12230002255356	0.191692268554013	0.0867727259889177	0.126912150976428	0.170154306113799	0.112401187821185	0.153769921017768
700016978	0.114069148484089	0.139061860117923	0.08955400225807	0.134757664983212	0.125385743437672	0.113489405006791	0.121793115047278	0.136033069878806	0.12443257922818	0.113961923556001	0	0.0995294608179009	0.114103291584822	0.122606943782439	0.132082039802641	0.0950761972798011	0.130348927831088	0.104633636593902	0.119296998237345	0.11259468904807	0.100374584385441	0.077261022773105	0.116509532593806	0.108342837569613	0.102046150172668	0.139402775440174	0.126647148747229	0.125255983918084	0.121119159477927	0.120745636992245	0.109366676982838	0.0938306207782671	0.0731491258735407	0.0913005485165852	0.144303872196212	0.0927467081867689	0.114150004999207	0.128972188338855	0.121811513169225	0.139378041925433	0.100664854668937	0.104680636277313	0.107787810892339	0.100257437413797	0.114832362914409	0.111801502874881	0.117449116552059	0.107566411311728	0.103123824892468	0.088215306260194	0.0895845036340148	0.135442698594525	0.116972933422325	0.0786369201976438	0.144562483417592	0.117577612761298	0.0982732192909776	0.121783551350901	0.0897242535007249	0.120070811960915
700024192	0.154638532587979	0.164659655332214	0.0625117216693659	0.142911121313846	0.14433535813069	0.0917002060859969	0.122325335938245	0.104433792611743	0.157632714458432	0.102189881850622	0.0995294608179009	0	0.0878822519263985	0.143383040612789	0.0792994966458427	0.109252792552405	0.121434725435265	0.109262511224075	0.140764557569936	0.132732823982559	0.126062390200917	0.0837308775406352	0.129028122544671	0.149440844990388	0.122672923909684	0.164763908503102	0.135028702070182	0.140823730481801	0.112147669101869	0.119739862531278	0.117966921221988	0.0908282188580923	0.0880477352938801	0.0853526212243614	0.16263734326383	0.103490004140592	0.140368187217937	0.0945015231233211	0.15853525033227	0.103381025218386	0.127498365697729	0.0703728873427726	0.144703126342231	0.112486502820103	0.0953828759973686	0.121048965962209	0.145252241108147	0.0771212055361187	0.131728477084456	0.052612354051562	0.0783001794744287	0.161437663667905	0.13984167540882	0.126415224343153	0.18432732824723	0.0907031052631505	0.111062128399498	0.147175191388954	0.0843445293929098	0.1231002172961
700113058	0.158239442532887	0.135224900693575	0.0967788804031537	0.164223500819218	0.141945697725136	0.105419349022666	0.154073132658281	0.0881313928756248	0.160853616835684	0.0824393310824172	0.114103291584822	0.0878822519263985	0	0.141205467395781	0.0903992958966794	0.126336031235746	0.0991740445208115	0.117512032529884	0.152781379179876	0.142597870726915	0.141801224228236	0.111513098099935	0.141864258885284	0.153719860988533	0.149715189639447	0.160806644305299	0.124353526674823	0.120961931855884	0.0965399492091683	0.0990227062670118	0.113905915614332	0.116392772977839	0.100690172905973	0.0855653693794145	0.160568230346279	0.122521362495199	0.136274495818058	0.105055171610342	0.154729201777756	0.0937112487587378	0.122543051454194	0.0700295692584278	0.145710257598137	0.126690196472099	0.0872831891245139	0.117177418955762	0.140929010071879	0.087224925764689	0.124922676906252	0.0907877781407261	0.105311133451895	0.171849315315344	0.154132019772299	0.136025255750034	0.18771833607151	0.0765827753857818	0.121890481127469	0.16901378087614	0.105915994306064	0.143045555976848
700099448	0.151607691461912	0.141157697525016	0.121183617699564	0.153965588491797	0.120230313539249	0.115907640391414	0.146266243215253	0.15218032244364	0.149437965559311	0.131986125267787	0.122606943782439	0.143383040612789	0.141205467395781	0	0.126353300638772	0.150279211692646	0.131371569427316	0.118805620257435	0.139591592976183	0.133645893845405	0.135026409067834	0.137604536064559	0.121085634904481	0.137767429418671	0.146738970864681	0.130940074703833	0.127594037822306	0.156013737617361	0.116711434698208	0.101407227717146	0.115873010387434	0.143186528438186	0.128369368359734	0.11368060453161	0.136342459518846	0.124333499838742	0.121107060903887	0.120150914659326	0.146451780603361	0.151041135158986	0.152035690466959	0.135092625203213	0.115710073214289	0.148083885124918	0.132423948768322	0.118603161570553	0.114882943383265	0.131657069872613	0.080494907462119	0.127675367576431	0.126629953547216	0.135489831405987	0.142234358756053	0.130072437827348	0.161147472183366	0.140813379549612	0.122756301465028	0.141979628981311	0.117050590924563	0.142967410691895
700109870	0.161302804618968	0.154746170637715	0.0906221703699272	0.146613307519071	0.140785747794315	0.0976902507794067	0.138419318038738	0.0906272264941507	0.164563060490067	0.0949027945295605	0.132082039802641	0.0792994966458427	0.0903992958966794	0.126353300638772	0	0.137266988967319	0.107969781329761	0.125909357070737	0.156485525214783	0.135592537685237	0.131804628971749	0.116834610076888	0.128481761758549	0.153650607979703	0.140741802239984	0.166730623041794	0.129477593346728	0.144422727120143	0.0944241425403064	0.0978993116952694	0.121593228198984	0.115777608816994	0.12194978576997	0.11094344476521	0.164078593491704	0.118609283079335	0.148485310786644	0.0757761036197913	0.166242534808237	0.0896950932244813	0.148260071871783	0.0777199657909466	0.149336574487363	0.131582607353543	0.101484017282263	0.111769767343351	0.14089082058004	0.0823161124690826	0.12146093842969	0.0871660391926444	0.111290699520118	0.159668965767871	0.140275701922051	0.135316336891952	0.18723848264989	0.0933450094964075	0.113605517653632	0.155415455319112	0.098006301941037	0.12920664125254
700033928	0.105627492728668	0.158280261578418	0.118977480908069	0.139068909887501	0.124014395321855	0.13484104364009	0.112611057268937	0.154664931390063	0.0934879250008107	0.138726215125809	0.0950761972798011	0.109252792552405	0.126336031235746	0.150279211692646	0.137266988967319	0	0.162388192136747	0.133577315828282	0.0979148029563351	0.118329223343084	0.10150714819849	0.0858244205503561	0.118487665747399	0.0957049900732814	0.105469785927094	0.12983369689905	0.138715486169621	0.108635530107915	0.143422654391079	0.143194713643517	0.138385116578716	0.102823081529294	0.090200855140955	0.120316733093827	0.137434459215043	0.123008769953081	0.116099365556372	0.15009945328436	0.100630198721881	0.152559904423585	0.0950235134685815	0.118085081759206	0.133057773771794	0.102968642430729	0.135521094953134	0.12821695230873	0.119709841793975	0.124885526671713	0.138258843152377	0.0970725835720462	0.095184231321722	0.127081993690346	0.116789748979793	0.112478847554419	0.12392410935287	0.12594225917976	0.114419578173277	0.113228684841077	0.114210845351377	0.105901949143495
700023693	0.186773395142927	0.128782067389184	0.106584716723292	0.183559425003139	0.160005449240417	0.101114013829048	0.17811592528869	0.0818412749917725	0.184331852490891	0.0753643011144833	0.130348927831088	0.121434725435265	0.0991740445208115	0.131371569427316	0.107969781329761	0.162388192136747	0	0.115722732790123	0.177198058416447	0.170910534472167	0.163170374008149	0.142769203069855	0.154985628083397	0.174382294972962	0.177561285318061	0.1780558281619	0.136247465016706	0.162430375458246	0.116472688875501	0.116101888455911	0.0972511586793042	0.149396365304365	0.123608107238577	0.109536442177402	0.167234540503218	0.128685560637383	0.146868206930211	0.0998567015839028	0.179725991290174	0.0992044728891114	0.146992073049303	0.0914143197305599	0.143084325787319	0.151822942473792	0.105190076767932	0.130502296225224	0.132776908165554	0.0975078583791281	0.114922976084501	0.118993802217953	0.130073117365832	0.193864737987879	0.17417130009241	0.137164333566267	0.205558898656848	0.108215277181623	0.145511771346116	0.189254634213135	0.127575566618731	0.169874805616222
700109627	0.161259796476943	0.159930582873131	0.0926254191225993	0.174618372737343	0.144372008222007	0.0682309510798038	0.167850714768566	0.124277764625313	0.166487226671933	0.111356111080844	0.104633636593902	0.109262511224075	0.117512032529884	0.118805620257435	0.125909357070737	0.133577315828282	0.115722732790123	0	0.160632281970386	0.154237324449201	0.149889260047913	0.121263942172772	0.152675170398509	0.140972598888051	0.148683792702222	0.171799422430728	0.131404787980445	0.155357441333893	0.143268894782746	0.113059726781763	0.095828692415329	0.13498488596867	0.117384149305715	0.104511337479502	0.165226742962201	0.128480555321815	0.114044665118229	0.095839878044963	0.168688329345739	0.137834055474177	0.147822208323918	0.114473755398408	0.113513331402492	0.134843924786674	0.143186438784455	0.138926536100726	0.131707559672343	0.118590814330441	0.0998603164787209	0.113421866475576	0.118423354425679	0.180281953711163	0.159916087586931	0.131134956134068	0.183083160345285	0.132515186252009	0.141404818182085	0.168081779993419	0.126769506647032	0.158308594400377
700095416	0.0927492414707551	0.162204385797319	0.149798559812182	0.136208057928312	0.128015772251513	0.159135233305526	0.108760793632889	0.172155696250753	0.103743877196376	0.160228143603913	0.119296998237345	0.140764557569936	0.152781379179876	0.139591592976183	0.156485525214783	0.0979148029563351	0.177198058416447	0.160632281970386	0	0.121172127927173	0.102095730153982	0.119135790943174	0.121355220224003	0.0899546262408493	0.120536918530193	0.115658596432925	0.144095962234248	0.132306457257518	0.147843056375919	0.15395320764453	0.150196114397827	0.119975197156004	0.111489285136214	0.143624328422271	0.1291066704595	0.125503647932979	0.117421013113737	0.166977467553946	0.112797017641296	0.174767463098734	0.0950093016880053	0.145069970184389	0.128282108913843	0.116051420570075	0.150031973660649	0.121136915433963	0.116547103247906	0.147285662845112	0.143052396157084	0.131948903647861	0.113283274014612	0.113409711737034	0.114309588178636	0.111914287097275	0.125019333086516	0.150499549619911	0.116506796744394	0.10085918695688	0.132863334665423	0.121380155790231
700110425	0.0988414861487505	0.154942446658479	0.138307633840651	0.0908891913054661	0.118815662974279	0.155766515147153	0.0856627305571172	0.159392577733056	0.119808738053256	0.154580551223926	0.11259468904807	0.132732823982559	0.142597870726915	0.133645893845405	0.135592537685237	0.118329223343084	0.170910534472167	0.154237324449201	0.121172127927173	0	0.0874906870676495	0.107448635488378	0.093590920319712	0.109937377268534	0.074027910027396	0.131214548927977	0.152578729513023	0.126004321839456	0.123712283307823	0.131432259262499	0.155478054624235	0.110722981700531	0.110326865717436	0.134162190504542	0.135360693797082	0.0984561371108763	0.140999843675262	0.161898431740358	0.111887682224444	0.162650386723075	0.1264225424136	0.136847505730963	0.128789168421512	0.0968207202154538	0.1320717779551	0.129576133526204	0.121346176440387	0.130589676498381	0.134940114469624	0.114926046467129	0.126493454904533	0.0824747915390172	0.064055312215741	0.106333360111293	0.129665351638754	0.140427932140725	0.0764328111181863	0.078537300984421	0.104136650563172	0.0872629846852194
700111580	0.0863959188164507	0.15647202829835	0.138877231801798	0.107011918154938	0.121837481580498	0.148748530321837	0.0844331492818657	0.154487893365655	0.108027226121129	0.141880498956639	0.100374584385441	0.126062390200917	0.141801224228236	0.135026409067834	0.131804628971749	0.10150714819849	0.163170374008149	0.149889260047913	0.102095730153982	0.0874906870676495	0	0.0919964829575667	0.0972007225371459	0.0964773152172557	0.0669551003183629	0.134006742580538	0.154743595157658	0.147516216891715	0.123394983066933	0.146906796596911	0.144610348754041	0.0969400975316943	0.0979977569244605	0.133529897672202	0.141094522932327	0.099619237343151	0.13599050101223	0.153298889302334	0.112206412521585	0.150702091711433	0.112078366765996	0.125750534839844	0.135617427208387	0.097936161742692	0.131960674986248	0.116483441111128	0.118848266780841	0.119251544698437	0.128489421347757	0.104999291350541	0.117251552765453	0.098815892261805	0.0882671335223361	0.0841836856785983	0.121538962696931	0.131768172105252	0.0732948450115037	0.0732320628500421	0.0975116401857861	0.0837274529984192
700111302	0.106538541838847	0.137139687875765	0.0946452379463488	0.137200488598158	0.12864289678195	0.116135734779592	0.103556896392994	0.132034072380297	0.118784336929162	0.121398020723624	0.077261022773105	0.0837308775406352	0.111513098099935	0.137604536064559	0.116834610076888	0.0858244205503561	0.142769203069855	0.121263942172772	0.119135790943174	0.107448635488378	0.0919964829575667	0	0.121085367240609	0.109946800855579	0.0835546404814871	0.149452671064111	0.132847738934594	0.139922457666583	0.132035842399973	0.125283733569273	0.130449668396103	0.0695317498674431	0.0807178400433379	0.0965982188352138	0.149615990825061	0.0996059293560402	0.119828257850433	0.136721626952913	0.127625521759573	0.133075052526607	0.121504511828708	0.093240093368506	0.135157247190762	0.0867685410059569	0.122195171977416	0.133760806394648	0.132186415216426	0.0950361076277397	0.123675653701192	0.0655007253669015	0.0920460498766463	0.128897246595331	0.115353530127213	0.0898587748268499	0.154958756805625	0.108571230767987	0.0985514970678706	0.111253399297563	0.0856038472011068	0.102065070011086
700098605	0.108612752146979	0.138477628136825	0.12483044944716	0.0982154014817786	0.124802245748268	0.145549857250597	0.105655797813358	0.161187048914137	0.122454404652576	0.143587046697469	0.116509532593806	0.129028122544671	0.141864258885284	0.121085634904481	0.128481761758549	0.118487665747399	0.154985628083397	0.152675170398509	0.121355220224003	0.093590920319712	0.0972007225371459	0.121085367240609	0	0.111002286626784	0.114725451749969	0.123806757884291	0.137083050016344	0.133352853695935	0.128660015602174	0.13654392006435	0.147507331549138	0.11746639072265	0.114110315964736	0.130792035075879	0.122594057599526	0.103585211985913	0.133356435790028	0.137846236199252	0.118666521251123	0.148896905667638	0.120404620279299	0.14032739749041	0.134845887143338	0.101648811568743	0.146057715504642	0.110741915064308	0.115519975410067	0.133035999591596	0.132837535010229	0.106979698288375	0.111857112893892	0.0925382347258526	0.0915251367943452	0.10706932249982	0.119828248075055	0.138965123907831	0.111952057545915	0.0928227201409107	0.100490191463459	0.0788753425567164
700111991	0.0678445154802226	0.164910750680954	0.144784861451455	0.117223352529976	0.119120194758326	0.154010654464502	0.105650207933195	0.173393946018405	0.105741290546306	0.154691576862637	0.108342837569613	0.149440844990388	0.153719860988533	0.137767429418671	0.153650607979703	0.0957049900732814	0.174382294972962	0.140972598888051	0.0899546262408493	0.109937377268534	0.0964773152172557	0.109946800855579	0.111002286626784	0	0.10306166939377	0.105509892473555	0.140997981599279	0.133493174776481	0.142185441531026	0.156334074901761	0.154501710488724	0.131360859111438	0.109795591628741	0.14504732216317	0.113254822892591	0.112451039212425	0.118163944899182	0.160501557073501	0.107459259495501	0.17484700416726	0.101289339652125	0.151897324821083	0.125587925912802	0.120042021674614	0.156435268481311	0.119909629198389	0.109338239790366	0.149522342892061	0.129165787493824	0.134854564938696	0.119878819678061	0.103241079594615	0.0998092856362417	0.0915282319945157	0.104189509304018	0.155850973855851	0.111205589258402	0.0860061899148231	0.133448795657791	0.111981632848078
700108960	0.0903723805469308	0.167720853727009	0.134456526262805	0.100687682903522	0.132290083188563	0.146510764959828	0.0734929148223196	0.166295353448303	0.115987358623047	0.157139593171056	0.102046150172668	0.122672923909684	0.149715189639447	0.146738970864681	0.140741802239984	0.105469785927094	0.177561285318061	0.148683792702222	0.120536918530193	0.074027910027396	0.0669551003183629	0.0835546404814871	0.114725451749969	0.10306166939377	0	0.146700059274305	0.172218236222124	0.150844101706593	0.134804354779554	0.147509605474785	0.156965740646954	0.0858747070571327	0.111329655449829	0.135783504844835	0.149313838463614	0.093657871884833	0.138312010881593	0.161004652459266	0.115564160171616	0.167318515165771	0.12872901068664	0.131618263628313	0.138949630174084	0.0968304440758843	0.142209498132824	0.142792815908183	0.140065667888399	0.134010225952131	0.140507076310918	0.101696701060483	0.115042934448422	0.0951318722891922	0.0784132621025759	0.0978278896927329	0.116256204103307	0.14400804586465	0.078724111115309	0.068765330550404	0.100217227458113	0.0768764673761429
700024452	0.116660986722339	0.157840782668354	0.15791403420696	0.11947621013959	0.10078976231364	0.175777021923771	0.12337877876418	0.186219507875762	0.0995772581726648	0.169782507177958	0.139402775440174	0.164763908503102	0.160806644305299	0.130940074703833	0.166730623041794	0.12983369689905	0.1780558281619	0.171799422430728	0.115658596432925	0.131214548927977	0.134006742580538	0.149452671064111	0.123806757884291	0.105509892473555	0.146700059274305	0	0.151569586416361	0.128213920597458	0.122370653272748	0.154269702848305	0.173040548201757	0.149701367981786	0.132687378039388	0.151386464170911	0.0702003992391738	0.129701312163634	0.14437344677902	0.170577072159948	0.110907131019282	0.17202933802895	0.126052715307937	0.166874570203143	0.145902939996503	0.130623674082259	0.157281765614247	0.112413426129637	0.101628014399578	0.161267650431726	0.154727291184513	0.15117567388184	0.135044637885139	0.0964053257681876	0.111843956408332	0.131744564977707	0.113006896109764	0.164954374046135	0.133115254893925	0.125206836785156	0.137562235281497	0.141615609560083
700032931	0.149047886863565	0.133083576818317	0.12070697823316	0.176418753111398	0.150832283789952	0.135348250397224	0.173123033347867	0.140981496203138	0.158490344454768	0.1329916659718	0.126647148747229	0.135028702070182	0.124353526674823	0.127594037822306	0.129477593346728	0.138715486169621	0.136247465016706	0.131404787980445	0.144095962234248	0.152578729513023	0.154743595157658	0.132847738934594	0.137083050016344	0.140997981599279	0.172218236222124	0.151569586416361	0	0.129956544376813	0.136904762424458	0.131128226573085	0.137753180515261	0.146618176147008	0.1299063031359	0.127792833038172	0.156595653597373	0.133892457542103	0.120415159313635	0.135449901725107	0.152106384864296	0.145963746920188	0.142016718381336	0.136250890889927	0.144022475794712	0.141070102911998	0.136530252900059	0.1357306345727	0.124006406953536	0.127643429408535	0.120502873078908	0.126524623780745	0.131457145678077	0.168493569822946	0.16415730363856	0.13316481966882	0.1654166895665	0.129122750608898	0.151194724209867	0.168982364499548	0.134860172154561	0.164024004230927
700095837	0.140629742797584	0.14664863548631	0.145806023075653	0.148046117992455	0.134796187582981	0.166319034271709	0.154475668064654	0.15373497884451	0.133384222486499	0.140743285967336	0.125255983918084	0.140823730481801	0.120961931855884	0.156013737617361	0.144422727120143	0.108635530107915	0.162430375458246	0.155357441333893	0.132306457257518	0.126004321839456	0.147516216891715	0.139922457666583	0.133352853695935	0.133493174776481	0.150844101706593	0.128213920597458	0.129956544376813	0	0.121759998971485	0.12715961818557	0.161861304952788	0.14315144929162	0.116987736036379	0.126064601346806	0.140683513460072	0.141103184168617	0.138257278455486	0.16673819172078	0.132236219168058	0.148488929712339	0.124724702541156	0.138680564561513	0.146708840009045	0.123608324092673	0.132931387701821	0.128837770241701	0.132679574168429	0.13274548068786	0.155285666609663	0.13418564733456	0.132262115920898	0.145338933148028	0.134029825072528	0.143282047671236	0.150290108305013	0.131572844402351	0.142277903591019	0.150877468917045	0.138995378145981	0.143175114832473
700024548	0.148234291829948	0.134910930587829	0.108293606034451	0.12730106276883	0.121737076689193	0.121235740798088	0.136756792398251	0.111430473508371	0.161552972827213	0.108077274497289	0.121119159477927	0.112147669101869	0.0965399492091683	0.116711434698208	0.0944241425403064	0.143422654391079	0.116472688875501	0.143268894782746	0.147843056375919	0.123712283307823	0.123394983066933	0.132035842399973	0.128660015602174	0.142185441531026	0.134804354779554	0.122370653272748	0.136904762424458	0.121759998971485	0	0.10826820862386	0.128287603502664	0.13436189559696	0.110043602947323	0.105487022634007	0.13037315738947	0.0973078457543464	0.145917011396022	0.111744022783418	0.142882603736906	0.103985859862421	0.128660279043278	0.0938784491070209	0.135670338807838	0.142644765173779	0.0863835399218108	0.0934327499282499	0.119611050602648	0.101024460624682	0.122530027484265	0.1091010363065	0.108340642160233	0.14404310590256	0.120261671708448	0.121154951160618	0.15578431298945	0.112531583578592	0.107459013144591	0.142456977198874	0.103515673796329	0.143024921074054
700110161	0.159204380618621	0.136274382009108	0.0996087228823866	0.163848905056055	0.13113333039593	0.102233948221772	0.159446213876997	0.118327765279071	0.163450734942303	0.102185944245422	0.120745636992245	0.119739862531278	0.0990227062670118	0.101407227717146	0.0978993116952694	0.143194713643517	0.116101888455911	0.113059726781763	0.15395320764453	0.131432259262499	0.146906796596911	0.125283733569273	0.13654392006435	0.156334074901761	0.147509605474785	0.154269702848305	0.131128226573085	0.12715961818557	0.10826820862386	0	0.0996622665459581	0.134477435288025	0.121810145993185	0.0799454790723081	0.162616214399977	0.12566357465647	0.122058170250591	0.0982674752257303	0.164291223105696	0.12225652598423	0.146224714272974	0.100100429656396	0.126339738708968	0.137817417839645	0.113306686516711	0.11811071785273	0.13975127953913	0.108198280779046	0.0939926156892558	0.112197657670766	0.123330437704066	0.163799120134706	0.151513662713315	0.134551992488918	0.18623568135672	0.107474721526213	0.116378436401487	0.155601513599387	0.110772466027663	0.145634026687576
700023496	0.166115262088362	0.13940203307074	0.105378825500147	0.179806886509653	0.142468490281362	0.080579833036918	0.158490070508197	0.11497999786321	0.164891295190037	0.0998233516349554	0.109366676982838	0.117966921221988	0.113905915614332	0.115873010387434	0.121593228198984	0.138385116578716	0.0972511586793042	0.095828692415329	0.150196114397827	0.155478054624235	0.144610348754041	0.130449668396103	0.147507331549138	0.154501710488724	0.156965740646954	0.173040548201757	0.137753180515261	0.161861304952788	0.128287603502664	0.0996622665459581	0	0.133191052614734	0.115632640025556	0.101049955700555	0.174516381710609	0.1229276791104	0.120845854838972	0.110603481109045	0.16349448107022	0.130297807417208	0.13272102767391	0.101813645353472	0.111310981169464	0.146064449843177	0.107861322165484	0.122544675933341	0.131651129055394	0.107579722648976	0.0884406769565233	0.114769144242183	0.117276713801112	0.179268805800042	0.165168609817712	0.122870909873439	0.197936772988444	0.113629475616941	0.133043499858688	0.17107370535282	0.129616444461176	0.154523989887294
700034628	0.11512670509331	0.146038095274849	0.10873635685663	0.136263439872636	0.133450649167145	0.127576425551222	0.0841695149423565	0.135605153214438	0.107290345126223	0.128884500540703	0.0938306207782671	0.0908282188580923	0.116392772977839	0.143186528438186	0.115777608816994	0.102823081529294	0.149396365304365	0.13498488596867	0.119975197156004	0.110722981700531	0.0969400975316943	0.0695317498674431	0.11746639072265	0.131360859111438	0.0858747070571327	0.149701367981786	0.146618176147008	0.14315144929162	0.13436189559696	0.134477435288025	0.133191052614734	0	0.101474736942475	0.110637050697745	0.153853666481432	0.0832890118939196	0.13273596125541	0.134539302817455	0.128448526874991	0.14384106285081	0.129143012574325	0.105810624287059	0.141341117777065	0.0752128007474349	0.124779615246178	0.136339653588037	0.136991974945714	0.106903306148729	0.134121270834979	0.0693360471360677	0.102620258570655	0.12068157830918	0.113734279908213	0.109862577225744	0.155582196911111	0.110812790541071	0.106799175146599	0.1075811750829	0.0924707453054511	0.0754516274272995
700023645	0.110432927933601	0.131652970219603	0.101035130397295	0.131642465706328	0.120589331683549	0.115211379242029	0.114219880071396	0.116266538192689	0.125277525642807	0.100055583762547	0.0731491258735407	0.0880477352938801	0.100690172905973	0.128369368359734	0.12194978576997	0.090200855140955	0.123608107238577	0.117384149305715	0.111489285136214	0.110326865717436	0.0979977569244605	0.0807178400433379	0.114110315964736	0.109795591628741	0.111329655449829	0.132687378039388	0.1299063031359	0.116987736036379	0.110043602947323	0.121810145993185	0.115632640025556	0.101474736942475	0	0.0860523529937075	0.135513113832871	0.0900062927913128	0.113461111152972	0.128229572806727	0.121348911278546	0.121702386390211	0.095443413822921	0.087874561178134	0.111070877478232	0.0945069109807898	0.100445243222668	0.105769052011397	0.103802453871967	0.0918228366701016	0.111747728747182	0.0829245179539001	0.086656901305207	0.132955335473985	0.116821401758639	0.0951862272213846	0.15117832181599	0.0974939019685528	0.0936089590714047	0.119529139637016	0.0936825985590255	0.118359105991069
700038744	0.15360961409873	0.13213501060183	0.0837566089857062	0.157160664488293	0.130168515460001	0.0888013387895102	0.145410573496421	0.106907508217427	0.155026310641974	0.0900587239808811	0.0913005485165852	0.0853526212243614	0.0855653693794145	0.11368060453161	0.11094344476521	0.120316733093827	0.109536442177402	0.104511337479502	0.143624328422271	0.134162190504542	0.133529897672202	0.0965982188352138	0.130792035075879	0.14504732216317	0.135783504844835	0.151386464170911	0.127792833038172	0.126064601346806	0.105487022634007	0.0799454790723081	0.101049955700555	0.110637050697745	0.0860523529937075	0	0.155109188781895	0.108795036440486	0.118805581959059	0.0945327751313251	0.15402021629355	0.108360150573146	0.126863700956188	0.0748960666319494	0.115301303419551	0.121080060902508	0.0872387716450503	0.110238279376651	0.132964780680395	0.0768449638145337	0.100385568755198	0.0824934602489245	0.0932543437906053	0.164205011345396	0.149216701345816	0.116646003612807	0.183033859130365	0.0956106067685119	0.12028258206899	0.152590854224342	0.095219371070703	0.143557385413341
700038485	0.126854608401812	0.154097514381722	0.15434049775238	0.127460983779136	0.110158031346229	0.166753234085618	0.128915102846375	0.182037367861262	0.115264839086338	0.161633392418655	0.144303872196212	0.16263734326383	0.160568230346279	0.136342459518846	0.164078593491704	0.137434459215043	0.167234540503218	0.165226742962201	0.1291066704595	0.135360693797082	0.141094522932327	0.149615990825061	0.122594057599526	0.113254822892591	0.149313838463614	0.0702003992391738	0.156595653597373	0.140683513460072	0.13037315738947	0.162616214399977	0.174516381710609	0.153853666481432	0.135513113832871	0.155109188781895	0	0.129077928119715	0.148439251972693	0.166170427769481	0.118626203611408	0.163162126747406	0.131306455533076	0.165249316105784	0.147974435304943	0.130832817464791	0.161675871200041	0.108606450290052	0.112836174628955	0.168042798784218	0.155152403545254	0.159188657645158	0.130452754710902	0.101712594639332	0.117546888957041	0.132918364102784	0.115304421104356	0.169179921840995	0.146163233920029	0.126086282975496	0.146774604966383	0.140964106276999
700024743	0.111220762331749	0.132362710144828	0.100264834071258	0.111335377606123	0.13099820005747	0.114962209444026	0.0870753095478052	0.134914147969361	0.125610499328669	0.11406532748963	0.0927467081867689	0.103490004140592	0.122521362495199	0.124333499838742	0.118609283079335	0.123008769953081	0.128685560637383	0.128480555321815	0.125503647932979	0.0984561371108763	0.099619237343151	0.0996059293560402	0.103585211985913	0.112451039212425	0.093657871884833	0.129701312163634	0.133892457542103	0.141103184168617	0.0973078457543464	0.12566357465647	0.1229276791104	0.0832890118939196	0.0900062927913128	0.108795036440486	0.129077928119715	0	0.127647042077776	0.119508709016932	0.115272038611943	0.141257854792126	0.123746055505426	0.113073195265855	0.1277069724094	0.0889868925333668	0.11169310721825	0.113966623436101	0.110754905916329	0.103200741209744	0.117004414817941	0.0884746683799291	0.0976308737930707	0.116826404343054	0.101132173940755	0.0872490707079935	0.131953803337034	0.122019223345964	0.098430913803577	0.0977455634292619	0.0907997521400089	0.0946462683490691
