700108602	700014971	700033565	700109389	700023058	700023927	700106341	700114221	700023543	700023439	700016978	700024192	700113058	700099448	700109870	700033928	700023693	700109627	700095416	700110425	700111580	700111302	700098605	700111991	700108960	700024452	700032931	700095837	700024548	700110161	700023496	700034628	700023645	700038744	700038485	700024743	700099596	700110760	700101587	700106399	700032322	700095653	700021312	700101230	700023590	700038905	700033136	700023382	700096424	700105469	700016908	700096053	700108479	700109569	700033814	700016125	700109756	700102665	700101777	700109455
700108602	0	0.229342364798262	0.290592321734253	0.247426367166758	0.206599757980944	0.265010493701596	0.0976274105180008	0.27955845605718	0.101261902859736	0.254876314815351	0.167588506051795	0.30317048230613	0.292558478292906	0.213648551038531	0.307683584326206	0.175768482038299	0.281965184543809	0.240720226388041	0.108975772137934	0.120872116200572	0.133671497662485	0.214230797224716	0.14369184373104	0.0595760169389116	0.151763479224742	0.184181675533458	0.254172461454711	0.312620941507686	0.295098585468858	0.291786844755395	0.231326119721678	0.214516765332072	0.174468241152869	0.252712918275845	0.170341523106063	0.127588444694387	0.219358648165003	0.280726416368406	0.0939162324629365	0.35881585498049	0.123385243920047	0.306093489364045	0.198850250902401	0.16777370988668	0.26807505477599	0.203152428339895	0.15751211660664	0.272989808528167	0.213656876702892	0.278457581230996	0.241083398342622	0.0914300336979195	0.15518911276874	0.110471126554305	0.167034507174092	0.259948440742228	0.136154016674263	0.115468786161907	0.246362802400256	0.130190061247648
700014971	0.229342364798262	0	0.299432995844255	0.33765402794448	0.154217362963908	0.241762215984222	0.253096609281463	0.245596335880784	0.210221506489891	0.189878501963904	0.202228621330083	0.307997694410886	0.208116095542419	0.163090632016594	0.290397319496791	0.250468585411337	0.184084804590494	0.257182124432193	0.225088273221769	0.230022076885154	0.258892623869542	0.256704463243772	0.205722099575429	0.235347980309644	0.305902043554215	0.176529924476119	0.123630373655901	0.187714648900414	0.149783145586449	0.187500903622645	0.169550520314864	0.276526682281106	0.193252801316901	0.198721765892703	0.164610824509442	0.190955817308252	0.228827483656279	0.28543019920123	0.188091618624395	0.219644610073937	0.180327969645501	0.204089563475188	0.162189502212445	0.226126908015554	0.174820537468588	0.163873209289344	0.150966646495831	0.213853280062895	0.20746690119579	0.305935886295938	0.303000926081513	0.211032021646199	0.253614205055497	0.207467729229443	0.290584300528375	0.181742403624984	0.244141379624695	0.258068585762813	0.25728680842136	0.243547759080994
700033565	0.290592321734253	0.299432995844255	0	0.435905705441231	0.314371285676238	0.0991509357471339	0.312063767106865	0.166352027087319	0.268819823178727	0.159773975191187	0.157336545879187	0.0531405866290392	0.183971954589323	0.209163696527367	0.16788932264963	0.144567336091745	0.199313787428331	0.128057639316807	0.238786877488181	0.291234348622464	0.252784051547146	0.110546189543336	0.320522477029594	0.299477436619922	0.280620855233374	0.342019651436371	0.258339495295527	0.358078384843959	0.318684617006745	0.18553643372122	0.181124240690601	0.192317855406047	0.152862460711045	0.124435515076501	0.33032381652817	0.22414922093505	0.250334132498006	0.133094584483124	0.288109919675077	0.262936163247339	0.232932853408351	0.140594244504697	0.249209030918823	0.224869217304104	0.214226642075181	0.25149082477538	0.25741424655928	0.171970463988574	0.154038198857584	0.0753272873857012	0.127763571991001	0.321459137993422	0.364494382029934	0.233666523627174	0.404447883291863	0.16641316025301	0.242130409661134	0.293584014259098	0.0827507345367628	0.264831605632868
700109389	0.247426367166758	0.33765402794448	0.435905705441231	0	0.326252567363626	0.419409892884613	0.204769172335083	0.408681810525647	0.306944910607834	0.396212583466476	0.345511945034607	0.439366356112878	0.411919975804361	0.36782047127294	0.43522352293678	0.346141380382616	0.405540992043194	0.415405248178204	0.313133701485029	0.223444868723705	0.297814516221433	0.389702293810201	0.217533401782681	0.246882923195076	0.278460895699924	0.260130157434298	0.37641746403431	0.405338291198707	0.374503060174606	0.409920514861718	0.382828899432799	0.385050158141983	0.339078113562138	0.396626835028591	0.244949345494594	0.292732814500818	0.386661865982635	0.438336190546966	0.265488381608849	0.416382519478587	0.283847225468528	0.421443611556943	0.349351553256167	0.333039408064166	0.387259168164089	0.323558806943781	0.324341326900624	0.402877376719813	0.385128805369477	0.428259486127775	0.393355714778389	0.205020282633374	0.138029818258892	0.303713023267873	0.194125986187508	0.392584679159336	0.257164367084845	0.234678651177171	0.393256052364238	0.282169993408281
700023058	0.206599757980944	0.154217362963908	0.314371285676238	0.326252567363626	0	0.255173123470618	0.223990141692562	0.252125938922185	0.183568578332249	0.229506646138877	0.205496143675005	0.313675810741745	0.253961207089836	0.175088899066736	0.296780600336135	0.239770954165769	0.220176712221082	0.260252095419631	0.197788830869171	0.215377832437886	0.235328956273416	0.271413671319543	0.209329228612821	0.201619544169623	0.293145833607089	0.154102405734035	0.170151632521775	0.259004685931419	0.218808732715495	0.236988043381981	0.197673216359444	0.278546533888153	0.214768419148055	0.237684323885841	0.166748031326392	0.209439812304553	0.173717700438507	0.230547961564103	0.163615923928435	0.2874672536447	0.162369794217204	0.250285541290253	0.142902332816169	0.235655262443428	0.213405016413466	0.168297231671044	0.131661993490372	0.237839534386719	0.206417549836402	0.322767765508429	0.311736465028384	0.180892496582813	0.234371393769376	0.198235385429021	0.264638214377026	0.226779889333278	0.244535426022923	0.227748755493263	0.276278753068404	0.219010937781227
700023927	0.265010493701596	0.241762215984222	0.0991509357471339	0.419409892884613	0.255173123470618	0	0.300121922666612	0.138642717660837	0.237947267714728	0.102168455076113	0.147096008379444	0.13007251685933	0.140648306420078	0.133736973686019	0.16243924057374	0.156055270187583	0.153771882087447	0.0903952151586633	0.217679428483378	0.267325017995527	0.242866287791098	0.150024896880117	0.285504491104352	0.264211867405354	0.276016479093743	0.299850803741754	0.191212083262451	0.321354893663635	0.276322341218596	0.136800071582559	0.120237454391453	0.20180783808081	0.133834347155413	0.0813675286850357	0.291647922576596	0.211318714185748	0.18581845919802	0.089030885197133	0.256900088778468	0.220039930574441	0.205699931643176	0.109794905076308	0.187509086128477	0.209641042719406	0.178889721854405	0.204883563871457	0.208041466602075	0.137989542156805	0.0948915477433002	0.153718995817577	0.194006112053967	0.29588347253084	0.344749771451563	0.210053284875372	0.369317078967223	0.121705323871281	0.229006326817812	0.272751026169958	0.102117492237332	0.248325017933872
700106341	0.0976274105180008	0.253096609281463	0.312063767106865	0.204769172335083	0.223990141692562	0.300121922666612	0	0.296626452512117	0.132291507567735	0.277334189366691	0.192481875939238	0.316622444848807	0.304574113833402	0.251152370916443	0.322122784628416	0.213534509452135	0.298128474438875	0.295249876528658	0.15355256311024	0.0939085697871025	0.147895221201228	0.243630943943658	0.133316551325932	0.0964838924760278	0.116033895693696	0.229035183578686	0.303673835181246	0.340644664178778	0.31693225859075	0.310857564753633	0.258518865671138	0.202939338538971	0.209476668828766	0.27706579378945	0.191768769777892	0.120731977765794	0.270619517165101	0.31653207117037	0.116991237302478	0.367648051674027	0.154916128729706	0.318780014019214	0.222692119556313	0.162247798309067	0.280957860740137	0.236864897912357	0.201324230752052	0.285682905880288	0.252263621329406	0.293022122939285	0.270149078059916	0.0936673023186151	0.0985702302749713	0.147362492604332	0.148295515249976	0.278072522904217	0.140613811828695	0.0893863369090411	0.266146253877479	0.0992383317522694
700114221	0.27955845605718	0.245596335880784	0.166352027087319	0.408681810525647	0.252125938922185	0.138642717660837	0.296626452512117	0	0.259530042047235	0.0923860797250846	0.208088336187729	0.170061387949563	0.096863235464739	0.166205018391698	0.108062812796259	0.225002382697022	0.0889183102104635	0.202079429655561	0.256657879765877	0.278348553661392	0.247629311938278	0.211779078585366	0.284570445985089	0.28972976033694	0.332909775355211	0.307993978177023	0.207228754509491	0.310353207189573	0.23721305715204	0.126940686071279	0.145405393092536	0.243376691098465	0.185490475527307	0.151494506040232	0.289318522478326	0.215656313439146	0.224658605368457	0.122681208438273	0.256869620767848	0.139921446055228	0.212696686972351	0.138967443355364	0.235233314198796	0.23719277612824	0.145459334723746	0.164869702735076	0.182147692607777	0.081093470243965	0.167861305514568	0.209609010469335	0.257032286876263	0.287833980271436	0.328909261844911	0.237914786175614	0.385105352871376	0.106832747703793	0.2056963080605	0.310877487105226	0.152852428696944	0.268348634307258
700023543	0.101261902859736	0.210221506489891	0.268819823178727	0.306944910607834	0.183568578332249	0.237947267714728	0.132291507567735	0.259530042047235	0	0.227984617037463	0.135361405271084	0.28198374789631	0.273125070007537	0.198321974068321	0.289880724739967	0.155856182851172	0.256235377429748	0.222040079432593	0.108839820990781	0.160199178812276	0.16187911934592	0.195450966434568	0.185640539095363	0.104911047919503	0.163355134245342	0.198419786334283	0.23472609426712	0.301867086526712	0.300084958647986	0.262633477408959	0.202038524766708	0.155667528346809	0.168989186099086	0.222429956054345	0.166928981964535	0.130463648152918	0.193585600343114	0.259076892630562	0.0875907184258661	0.339205837773434	0.124987069227792	0.275552219146821	0.176574706232529	0.109408713220974	0.251254991201579	0.214381750813995	0.15025605619906	0.245911343470839	0.201146608199301	0.255489935969591	0.245054982045313	0.125736618067718	0.186260106521814	0.121302036919905	0.201392092324583	0.234260041952623	0.188364182425468	0.120115197765369	0.23802665281482	0.113807492684099
700023439	0.254876314815351	0.189878501963904	0.159773975191187	0.396212583466476	0.229506646138877	0.102168455076113	0.277334189366691	0.0923860797250846	0.227984617037463	0	0.178842135088577	0.183272258289783	0.0782496449400804	0.106474154431945	0.150591915567144	0.200402588922944	0.0769836330486504	0.160907401414377	0.224030359872594	0.254071953065244	0.246734160378086	0.199525346401788	0.265131294284422	0.256452586857815	0.315026641191526	0.27899618059841	0.162332593362845	0.274794868249575	0.217929492426578	0.0985948630206967	0.0958897070927839	0.235272663795024	0.155988118697503	0.0971994307220189	0.259907306328868	0.187790282057748	0.178502902495112	0.132113794466935	0.224057028304818	0.149867609212223	0.178039076001817	0.121268301620658	0.184521061724371	0.219013168277034	0.134896491596765	0.15744357970194	0.165143456135666	0.0869487554488235	0.124732010907392	0.209452229773939	0.247592671883747	0.260115748597088	0.316093195210528	0.199846973690216	0.361937998209485	0.0797269749448125	0.203443569147116	0.279287616642966	0.151262050043302	0.244152669506539
700016978	0.167588506051795	0.202228621330083	0.157336545879187	0.345511945034607	0.205496143675005	0.147096008379444	0.192481875939238	0.208088336187729	0.135361405271084	0.178842135088577	0	0.176611237752155	0.222649836314221	0.169073890272881	0.244892742197078	0.0945756624644982	0.203671062096521	0.124659984449523	0.122064908190058	0.172166309564172	0.139666360372947	0.0919698582370467	0.216524352629667	0.165773466010172	0.158258436504781	0.242205528432054	0.222989621168091	0.292439440783561	0.272952073233279	0.210521410205921	0.128814898773214	0.115380230161081	0.0660646729825982	0.120696375628071	0.217804535278933	0.123109872002122	0.193956279331953	0.18647849846723	0.152026182583235	0.288439733653364	0.118474029036399	0.174819017829705	0.152670817966879	0.110801113241596	0.183888749518065	0.191153009193276	0.155416984227138	0.194723921762343	0.123710916355641	0.160663860763869	0.148548371340827	0.196860083637801	0.242096695619271	0.111622305324266	0.28161970418172	0.172595175977039	0.159767458880548	0.163406890123117	0.129803665932674	0.150520675807021
700024192	0.30317048230613	0.307997694410886	0.0531405866290392	0.439366356112878	0.313675810741745	0.13007251685933	0.316622444848807	0.170061387949563	0.28198374789631	0.183272258289783	0.176611237752155	0	0.192341879447537	0.220157641722149	0.168807332020997	0.156411360020774	0.198210119165507	0.153029557424494	0.2552467067042	0.290943497455608	0.247730639501016	0.126122109993107	0.327348386285082	0.314960612968265	0.289419159647474	0.353721711362863	0.272909423669639	0.358074449359659	0.306944078691187	0.212742848519026	0.176935220604721	0.197825008610192	0.164383962500994	0.131956456407045	0.344936477646586	0.240253292502422	0.258668822356661	0.150066644478279	0.301763131180107	0.259971612555206	0.240991174389145	0.146813714988448	0.257929186831092	0.229801205828828	0.194720345190797	0.245914858145723	0.261830491692507	0.16653925762466	0.171955029744392	0.0786425850872852	0.13355606248425	0.331585004516763	0.370664937436251	0.249957212441122	0.418048883520426	0.172224158732928	0.237248853774945	0.302331510931927	0.110342942180257	0.268246412912423
700113058	0.292558478292906	0.208116095542419	0.183971954589323	0.411919975804361	0.253961207089836	0.140648306420078	0.304574113833402	0.096863235464739	0.273125070007537	0.0782496449400804	0.222649836314221	0.192341879447537	0	0.150019848896671	0.143829006417283	0.23752169285055	0.100118229642976	0.209350470484015	0.271619241445839	0.279837233968447	0.279738817458669	0.230727050260664	0.297393120349973	0.303579685828262	0.347535405032408	0.305750154493456	0.181814611768959	0.274169833692317	0.221644965208994	0.112237514953321	0.141789177119076	0.259434458636436	0.198638528311175	0.139418764964379	0.291318722541112	0.236798061970795	0.228083623311039	0.163600512499305	0.262286163055381	0.146270864360806	0.220695653552199	0.120022531360176	0.228805835676858	0.250532729279862	0.137596679870826	0.184029930080097	0.207446338560902	0.0928131711881962	0.175403764994061	0.228313022762134	0.274094139658597	0.288515515889549	0.335077303488191	0.256094913337129	0.399897875744663	0.0799148392999045	0.233638846720133	0.316108970411927	0.175124404669372	0.276102422730858
700099448	0.213648551038531	0.163090632016594	0.209163696527367	0.36782047127294	0.175088899066736	0.133736973686019	0.251152370916443	0.166205018391698	0.198321974068321	0.106474154431945	0.169073890272881	0.220157641722149	0.150019848896671	0	0.209314790995951	0.187771049342229	0.127468173204729	0.166993515610568	0.171968442798668	0.21781613074243	0.221939212145885	0.204299581368135	0.226073312950399	0.20925979747669	0.284225729815756	0.206040769135805	0.1186841638931	0.262269672910924	0.196952921971725	0.134900435386397	0.102409641905567	0.24154170631861	0.144258281130011	0.125626649357239	0.214193423716957	0.176722309990361	0.143446183289594	0.157124858730455	0.190290465924507	0.21426845973592	0.152989651500469	0.161487239098278	0.122432340035059	0.207683706470956	0.139646157307474	0.13532107731616	0.120228180503662	0.142613596397138	0.104182043738294	0.229560787802694	0.240714236506108	0.220758253765872	0.285582566614947	0.170100682094167	0.301586203568759	0.124545994822356	0.183495778080596	0.244286102088321	0.173173421359699	0.21680550682758
700109870	0.307683584326206	0.290397319496791	0.16788932264963	0.43522352293678	0.296780600336135	0.16243924057374	0.322122784628416	0.108062812796259	0.289880724739967	0.150591915567144	0.244892742197078	0.168807332020997	0.143829006417283	0.209314790995951	0	0.255661139211193	0.148953053971102	0.239979940843314	0.278000414438633	0.319420922648042	0.259323795756374	0.237892643942223	0.308385258053161	0.319445847914167	0.349620720477448	0.347315677401162	0.258652712046921	0.35369855888344	0.275023627379125	0.167495531705459	0.195993703132723	0.269494629919577	0.234151376578848	0.20360987198687	0.335288605021099	0.251609325849639	0.269585458569612	0.142171268193926	0.301000421872805	0.193001007374259	0.260633642260218	0.188389553319986	0.282925728143536	0.269683909804494	0.188079233216958	0.201347848488689	0.242865601845749	0.130093630838025	0.195887457145771	0.211489303515915	0.270450315196364	0.329374658724843	0.365760540884353	0.25930482200984	0.4100750678378	0.159892721142522	0.234242353125264	0.339900722476073	0.173976202051176	0.29057311671591
700033928	0.175768482038299	0.250468585411337	0.144567336091745	0.346141380382616	0.239770954165769	0.156055270187583	0.213534509452135	0.225002382697022	0.155856182851172	0.200402588922944	0.0945756624644982	0.156411360020774	0.23752169285055	0.187771049342229	0.255661139211193	0	0.227715158095299	0.121314200237239	0.147949719138176	0.20314614144526	0.17039202826256	0.0800421979116307	0.247958443108597	0.184021212131352	0.197679247041045	0.260421430961299	0.254098671406098	0.307442294845422	0.298033167320452	0.226127268447639	0.15429199311822	0.14015057099399	0.0834436891191713	0.127468472090359	0.24969814666837	0.187506769622232	0.202888556307656	0.205405313485408	0.172906255611943	0.303632175496059	0.138909521188099	0.181685902047624	0.178984474973309	0.163531560929064	0.198473645744797	0.214060983274257	0.17754328553158	0.213248187406797	0.157501620333985	0.132824332063182	0.113086263749117	0.207044228765165	0.263685687157631	0.16348766748105	0.304387329786967	0.188331615100434	0.196095206941063	0.180314553547146	0.117336347430153	0.170307309539046
700023693	0.281965184543809	0.184084804590494	0.199313787428331	0.405540992043194	0.220176712221082	0.153771882087447	0.298128474438875	0.0889183102104635	0.256235377429748	0.0769836330486504	0.203671062096521	0.198210119165507	0.100118229642976	0.127468173204729	0.148953053971102	0.227715158095299	0	0.200599891478683	0.254511935456209	0.272089160846068	0.240351583785024	0.226540299399843	0.280162599165097	0.285233910518521	0.339593859435143	0.278517318667643	0.155370896330862	0.263539071829933	0.180262422605294	0.11962801621873	0.110578058257407	0.257575408262995	0.185434274721768	0.127627880669273	0.257972133621716	0.213697863231011	0.207416730651878	0.1585576689548	0.247920233217205	0.109643536964471	0.204921114686281	0.124143178310069	0.195155210524813	0.242875730365542	0.0994684127775312	0.125917490587804	0.165847766570096	0.0781349731576891	0.161304254261955	0.237818289713062	0.276377283585393	0.276279907164776	0.322204012875135	0.232108544305473	0.381741623581949	0.0895481632382837	0.212542936050537	0.302186518451562	0.19504059320337	0.269104743092716
700109627	0.240720226388041	0.257182124432193	0.128057639316807	0.415405248178204	0.260252095419631	0.0903952151586633	0.295249876528658	0.202079429655561	0.222040079432593	0.160907401414377	0.124659984449523	0.153029557424494	0.209350470484015	0.166993515610568	0.239979940843314	0.121314200237239	0.200599891478683	0	0.196056263054537	0.261709120695214	0.236427887139521	0.12107049765918	0.288244824347967	0.241841507157894	0.256552987259863	0.290675650321474	0.214683232249432	0.330685488574262	0.318790181043717	0.201050673944021	0.137787500598268	0.184963508906657	0.12335606360184	0.0994903265003506	0.28930790364581	0.214664233959932	0.177442925548203	0.141376604172636	0.247341182648404	0.284497269547516	0.204819837001336	0.171581422543328	0.189754380778814	0.198062260611552	0.219774802970856	0.235476852192109	0.205834107300808	0.201849252761042	0.0972831414362885	0.153096832573353	0.163573320669426	0.289227350328938	0.338004260621742	0.199992159124449	0.34577124361969	0.180752384650304	0.231331624296697	0.261875215797482	0.130438961080947	0.247832651867212
700095416	0.108975772137934	0.225088273221769	0.238786877488181	0.313133701485029	0.197788830869171	0.217679428483378	0.15355256311024	0.256657879765877	0.108839820990781	0.224030359872594	0.122064908190058	0.2552467067042	0.271619241445839	0.171968442798668	0.278000414438633	0.147949719138176	0.254511935456209	0.196056263054537	0	0.157996927468	0.11784278706343	0.167919165457879	0.181743718034328	0.107065428466378	0.163376379224601	0.189727816504351	0.233173785862218	0.32023272317581	0.282782375572264	0.259256853423543	0.182945131865795	0.153871793944235	0.136298956060181	0.213213149580644	0.190453298183032	0.132253532472565	0.190875087434126	0.222360955863729	0.122310544861098	0.336040794841214	0.0981702731585728	0.261791361133467	0.146970706324786	0.144422783638893	0.232729192922641	0.189985254290295	0.123596790933441	0.245307277835412	0.155277452503093	0.227868891415964	0.19838983046427	0.154179063437961	0.218721303322513	0.0851173176351698	0.216526830794219	0.221073433406424	0.15383333095781	0.141028654049144	0.203151150109223	0.126311393107656
700110425	0.120872116200572	0.230022076885154	0.291234348622464	0.223444868723705	0.215377832437886	0.267325017995527	0.0939085697871025	0.278348553661392	0.160199178812276	0.254071953065244	0.172166309564172	0.290943497455608	0.279837233968447	0.21781613074243	0.319420922648042	0.20314614144526	0.272089160846068	0.261709120695214	0.157996927468	0	0.141813030574359	0.230358617496513	0.153522608746204	0.121979542190298	0.126179014896825	0.22664130810718	0.268844809247528	0.309307716629822	0.289926777539709	0.269793267761283	0.212062087583071	0.220781227533158	0.175997583577731	0.229389193309276	0.201630774124926	0.133208849490196	0.232021780378753	0.292584180282794	0.132984423393171	0.34469456027025	0.127814668530533	0.267965418759412	0.182563204597465	0.149417219689803	0.236889524905314	0.211495380184623	0.180975820188362	0.253642517093091	0.228595367618147	0.285990047542142	0.25568978761025	0.102294997885223	0.119449458380468	0.149230934885618	0.183850876244781	0.23443872172152	0.13111389164951	0.0877942890621195	0.241616212879433	0.122182787475309
700111580	0.133671497662485	0.258892623869542	0.252784051547146	0.297814516221433	0.235328956273416	0.242866287791098	0.147895221201228	0.247629311938278	0.16187911934592	0.246734160378086	0.139666360372947	0.247730639501016	0.279738817458669	0.221939212145885	0.259323795756374	0.17039202826256	0.240351583785024	0.236427887139521	0.11784278706343	0.141813030574359	0	0.169997954513202	0.182873054533531	0.145928007506921	0.118225096649913	0.260116959750777	0.302880485010808	0.361045086008247	0.278711964699262	0.280496604207772	0.189653281007747	0.15055713413458	0.156250901868879	0.223797893169358	0.236327786688948	0.136361227114644	0.265672867861155	0.225598213516334	0.156649892921718	0.317912256642907	0.128325963413332	0.259934351125634	0.197071022036008	0.142022467825697	0.210477879617751	0.186785661273499	0.176456588639645	0.227650038049511	0.180187108085632	0.218525052665746	0.201311797548691	0.15294507676783	0.2111069565259	0.0902175997240639	0.250001198979942	0.227230901727617	0.105056622840783	0.119302903437343	0.200140967094069	0.112325950912256
700111302	0.214230797224716	0.256704463243772	0.110546189543336	0.389702293810201	0.271413671319543	0.150024896880117	0.243630943943658	0.211779078585366	0.195450966434568	0.199525346401788	0.0919698582370467	0.126122109993107	0.230727050260664	0.204299581368135	0.237892643942223	0.0800421979116307	0.226540299399843	0.12107049765918	0.167919165457879	0.230358617496513	0.169997954513202	0	0.27394299090946	0.228799363281166	0.194081813090567	0.296859772120979	0.262089460437218	0.328237897633184	0.315580109114926	0.228933649455198	0.164665821357583	0.109495604550522	0.0994964908097953	0.122152355305803	0.282586717619548	0.184001833211403	0.227240761886375	0.190292423220782	0.218475797451987	0.300631857683161	0.183495619748156	0.172028352239317	0.207137423054161	0.164088095927462	0.204552719359957	0.244455216341914	0.215006667571518	0.197345504970832	0.14786419930674	0.0859648636575254	0.091947076724582	0.251371636184023	0.301358612072312	0.156798545155247	0.345947432080365	0.176544135871675	0.198556591062457	0.221454960620872	0.0988597018518075	0.199241497032195
700098605	0.14369184373104	0.205722099575429	0.320522477029594	0.217533401782681	0.209329228612821	0.285504491104352	0.133316551325932	0.284570445985089	0.185640539095363	0.265131294284422	0.216524352629667	0.327348386285082	0.297393120349973	0.226073312950399	0.308385258053161	0.247958443108597	0.280162599165097	0.288244824347967	0.181743718034328	0.153522608746204	0.182873054533531	0.27394299090946	0	0.137225526942825	0.203289940046911	0.205989012405201	0.24930555974206	0.317782890409247	0.275406257172298	0.304795924040712	0.244765504635262	0.26037263701323	0.220596619189877	0.275310719699687	0.183920614655096	0.154380358039174	0.259811210362552	0.292129597122572	0.16229581778844	0.324897695329714	0.170205688307054	0.324021728599132	0.230221017739426	0.210205036650648	0.289248699769381	0.197974579472148	0.17170148354084	0.286521956486382	0.232702937051589	0.319259958116329	0.30345406096961	0.164391728448002	0.13827547137341	0.164222680128566	0.148222892867611	0.273674892397822	0.168309425932798	0.187891179659984	0.279761924733985	0.163579349398966
700111991	0.0595760169389116	0.235347980309644	0.299477436619922	0.246882923195076	0.201619544169623	0.264211867405354	0.0964838924760278	0.28972976033694	0.104911047919503	0.256452586857815	0.165773466010172	0.314960612968265	0.303579685828262	0.20925979747669	0.319445847914167	0.184021212131352	0.285233910518521	0.241841507157894	0.107065428466378	0.121979542190298	0.145928007506921	0.228799363281166	0.137225526942825	0	0.149034018280542	0.185427656702764	0.255077564277492	0.322000758125812	0.305336433311201	0.297582502690444	0.235497907071155	0.21691258994472	0.185587010348972	0.258186821545147	0.162749994587563	0.123476527380696	0.220028856440093	0.285544934605674	0.0958151998425153	0.367227668701895	0.131997640412721	0.312641496697715	0.189658466922461	0.162437166653002	0.276790629609731	0.213814826438884	0.151237121150836	0.283611498902681	0.220252015484349	0.289141332933236	0.25508816818064	0.0952484771355381	0.147933295170027	0.119456504485631	0.140286500133065	0.273175723331307	0.159536353528248	0.106424192508514	0.261083546190663	0.121590515788219
700108960	0.151763479224742	0.305902043554215	0.280620855233374	0.278460895699924	0.293145833607089	0.276016479093743	0.116033895693696	0.332909775355211	0.163355134245342	0.315026641191526	0.158258436504781	0.289419159647474	0.347535405032408	0.284225729815756	0.349620720477448	0.197679247041045	0.339593859435143	0.256552987259863	0.163376379224601	0.126179014896825	0.118225096649913	0.194081813090567	0.203289940046911	0.149034018280542	0	0.296551816856718	0.344306247432708	0.392042014887153	0.358277681127081	0.336565664170568	0.267746637828149	0.134779451839716	0.190875932770202	0.260101725229804	0.260578072668772	0.152551162548642	0.300921378789441	0.303870458990342	0.174079916092585	0.408859919802573	0.184266842724023	0.300790336198797	0.242094964125974	0.147788575596272	0.301519168877999	0.288500926541844	0.249484804404866	0.318240989957576	0.244711207646607	0.239908330664797	0.21654769270759	0.165400800613425	0.174367452271865	0.140688650181955	0.205644809266904	0.299391343760361	0.17159891694309	0.0987470354650038	0.234390521625339	0.119914614746656
700024452	0.184181675533458	0.176529924476119	0.342019651436371	0.260130157434298	0.154102405734035	0.299850803741754	0.229035183578686	0.307993978177023	0.198419786334283	0.27899618059841	0.242205528432054	0.353721711362863	0.305750154493456	0.206040769135805	0.347315677401162	0.260421430961299	0.278517318667643	0.290675650321474	0.189727816504351	0.22664130810718	0.260116959750777	0.296859772120979	0.205989012405201	0.185427656702764	0.296551816856718	0	0.186655845068965	0.25704023168084	0.214935171512234	0.276023252980752	0.258337080393969	0.311209092929436	0.234970082119689	0.278987722134773	0.0777151492521832	0.208721445009935	0.244753299694434	0.307188101235031	0.171275648878666	0.307698675059569	0.178581786858561	0.295831824827969	0.203130327721286	0.249721860263278	0.264921040246484	0.178715980644079	0.168943673704329	0.299642380347403	0.254885019184878	0.349241159257618	0.323978797237402	0.162334048795733	0.212298952731326	0.207054028478111	0.204882344984783	0.279312317292952	0.238599098277595	0.229941112640467	0.304533425768216	0.245243601267028
700032931	0.254172461454711	0.123630373655901	0.258339495295527	0.37641746403431	0.170151632521775	0.191212083262451	0.303673835181246	0.207228754509491	0.23472609426712	0.162332593362845	0.222989621168091	0.272909423669639	0.181814611768959	0.1186841638931	0.258652712046921	0.254098671406098	0.155370896330862	0.214683232249432	0.233173785862218	0.268844809247528	0.302880485010808	0.262089460437218	0.24930555974206	0.255077564277492	0.344306247432708	0.186655845068965	0	0.200148871853155	0.178448914460973	0.159748706830212	0.168790828886632	0.305137908784727	0.209969490325345	0.177957993494276	0.205459477192875	0.232591409123576	0.169773044747631	0.216938517966514	0.231249718435778	0.196114584403103	0.211297272534828	0.175891839517833	0.160979988299962	0.255939622668805	0.170961401008858	0.168744488179418	0.161005669224782	0.179989175303594	0.17527463953987	0.280434587389417	0.310778602530604	0.258618533213611	0.296797971590005	0.23881666855788	0.309985682459131	0.158335247277608	0.265163835390074	0.300063884697506	0.237337731908176	0.290080216311467
700095837	0.312620941507686	0.187714648900414	0.358078384843959	0.405338291198707	0.259004685931419	0.321354893663635	0.340644664178778	0.310353207189573	0.301867086526712	0.274794868249575	0.292439440783561	0.358074449359659	0.274169833692317	0.262269672910924	0.35369855888344	0.307442294845422	0.263539071829933	0.330685488574262	0.32023272317581	0.309307716629822	0.361045086008247	0.328237897633184	0.317782890409247	0.322000758125812	0.392042014887153	0.25704023168084	0.200148871853155	0	0.151407600510648	0.23285711144948	0.266964680344133	0.370107402220712	0.277285382209123	0.27304462372892	0.259909278856721	0.29814566523019	0.288512380621386	0.355411417227044	0.287017578054442	0.292607149662228	0.268455266638081	0.260729141830799	0.262790767904283	0.310742212128096	0.227494701883433	0.264462007337697	0.259307982463092	0.27942638406547	0.302383817194425	0.367577380910678	0.37199472325642	0.298797857743477	0.333146131457819	0.324222449251031	0.389302907519921	0.257212354908468	0.33438170567864	0.342551074332814	0.328282951588975	0.34024722543154
700024548	0.295098585468858	0.149783145586449	0.318684617006745	0.374503060174606	0.218808732715495	0.276322341218596	0.31693225859075	0.23721305715204	0.300084958647986	0.217929492426578	0.272952073233279	0.306944078691187	0.221644965208994	0.196952921971725	0.275023627379125	0.298033167320452	0.180262422605294	0.318790181043717	0.282782375572264	0.289926777539709	0.278711964699262	0.315580109114926	0.275406257172298	0.305336433311201	0.358277681127081	0.214935171512234	0.178448914460973	0.151407600510648	0	0.191237832396125	0.213136540118741	0.348985907690552	0.247924154053843	0.241126288650153	0.218656779450471	0.243915152377567	0.291367575308594	0.279256914564277	0.269435129305801	0.206238715187031	0.229333477400905	0.21089930853123	0.222327956129677	0.305057698679842	0.144212033564355	0.147941410229716	0.200945712100232	0.206119765243713	0.251193670634857	0.343944757168342	0.339891278491892	0.276529582893305	0.314544017044567	0.25944189475113	0.354752077732381	0.215372620598349	0.248829652523852	0.320394876177798	0.280791149985402	0.306200507710841
700110161	0.291786844755395	0.187500903622645	0.18553643372122	0.409920514861718	0.236988043381981	0.136800071582559	0.310857564753633	0.126940686071279	0.262633477408959	0.0985948630206967	0.210521410205921	0.212742848519026	0.112237514953321	0.134900435386397	0.167495531705459	0.226127268447639	0.11962801621873	0.201050673944021	0.259256853423543	0.269793267761283	0.280496604207772	0.228933649455198	0.304795924040712	0.297582502690444	0.336565664170568	0.276023252980752	0.159748706830212	0.23285711144948	0.191237832396125	0	0.139284955922788	0.262523108900032	0.192095718503495	0.128455470990849	0.262624998993101	0.229009981275418	0.211841580128123	0.165368342630299	0.25943682289017	0.161755604282466	0.214820469025646	0.101114881208641	0.194932873749244	0.242610040816217	0.112118562726732	0.19493494605627	0.211156129117905	0.116917079082137	0.163624399692662	0.235690732443402	0.273932648919211	0.276266806009076	0.339986548430526	0.237804151290636	0.394913825811596	0.104017403842341	0.235545572768604	0.301316188096097	0.174567877943585	0.273485178679357
700023496	0.231326119721678	0.169550520314864	0.181124240690601	0.382828899432799	0.197673216359444	0.120237454391453	0.258518865671138	0.145405393092536	0.202038524766708	0.0958897070927839	0.128814898773214	0.176935220604721	0.141789177119076	0.102409641905567	0.195993703132723	0.15429199311822	0.110578058257407	0.137787500598268	0.182945131865795	0.212062087583071	0.189653281007747	0.164665821357583	0.244765504635262	0.235497907071155	0.267746637828149	0.258337080393969	0.168790828886632	0.266964680344133	0.213136540118741	0.139284955922788	0	0.197411057988329	0.112478075371147	0.0850159293229472	0.246740715582094	0.176184907695452	0.159197255037473	0.147785715239468	0.198807283131252	0.201232936506785	0.13643405794964	0.136594062383676	0.135246199004271	0.180414137103407	0.110656819764179	0.144975195253702	0.133041607167779	0.120703815647227	0.0945339797541711	0.198087644201061	0.212538783002707	0.240613359712553	0.300921157182463	0.161182479901007	0.346324200683449	0.0951078330759254	0.177140538672757	0.237333216240697	0.16171422217707	0.20329906228147
700034628	0.214516765332072	0.276526682281106	0.192317855406047	0.385050158141983	0.278546533888153	0.20180783808081	0.202939338538971	0.243376691098465	0.155667528346809	0.235272663795024	0.115380230161081	0.197825008610192	0.259434458636436	0.24154170631861	0.269494629919577	0.14015057099399	0.257575408262995	0.184963508906657	0.153871793944235	0.220781227533158	0.15055713413458	0.109495604550522	0.26037263701323	0.21691258994472	0.134779451839716	0.311209092929436	0.305137908784727	0.370107402220712	0.348985907690552	0.262523108900032	0.197411057988329	0	0.138333392613148	0.173404904362129	0.278622245537773	0.161883216504842	0.26630975821011	0.224673497625652	0.203068871508719	0.324856813802045	0.192838482455832	0.211702798896805	0.22698875696171	0.120626932870811	0.235750304055433	0.267295903321158	0.228334001978761	0.230648109996998	0.185990101836885	0.148713205645035	0.165064795225347	0.236153377607698	0.27765819786311	0.147120371673296	0.317793571516489	0.20795320737082	0.198460396358256	0.181897378230549	0.165044368289365	0.138260413360025
700023645	0.174468241152869	0.193252801316901	0.152862460711045	0.339078113562138	0.214768419148055	0.133834347155413	0.209476668828766	0.185490475527307	0.168989186099086	0.155988118697503	0.0660646729825982	0.164383962500994	0.198638528311175	0.144258281130011	0.234151376578848	0.0834436891191713	0.185434274721768	0.12335606360184	0.136298956060181	0.175997583577731	0.156250901868879	0.0994964908097953	0.220596619189877	0.185587010348972	0.190875932770202	0.234970082119689	0.209969490325345	0.277285382209123	0.247924154053843	0.192095718503495	0.112478075371147	0.138333392613148	0	0.0955421448220705	0.222038674519635	0.135549722367207	0.185150622809605	0.179675441141831	0.16317341311031	0.264372288696252	0.110000065069019	0.153937419928586	0.141823646958091	0.137914686014824	0.160396727191136	0.164494780830177	0.133517988030566	0.17241265432473	0.117453277041363	0.156854578575199	0.140093773392168	0.201816700794443	0.255916252606246	0.14169130902575	0.294655794861653	0.147326440758348	0.16006270743237	0.176350298433076	0.11552131648779	0.168979566281613
700038744	0.252712918275845	0.198721765892703	0.124435515076501	0.396626835028591	0.237684323885841	0.0813675286850357	0.27706579378945	0.151494506040232	0.222429956054345	0.0971994307220189	0.120696375628071	0.131956456407045	0.139418764964379	0.125626649357239	0.20360987198687	0.127468472090359	0.127627880669273	0.0994903265003506	0.213213149580644	0.229389193309276	0.223797893169358	0.122152355305803	0.275310719699687	0.258186821545147	0.260101725229804	0.278987722134773	0.177957993494276	0.27304462372892	0.241126288650153	0.128455470990849	0.0850159293229472	0.173404904362129	0.0955421448220705	0	0.261488811824852	0.184501205766676	0.171286741537864	0.151139997769875	0.221023414753086	0.206462357052286	0.166513244374006	0.0959406682328137	0.168986883624373	0.188731765937218	0.137688092863429	0.182339965031895	0.180568689935457	0.119181979128488	0.110133307904092	0.145104825727313	0.179530213655766	0.259379607346868	0.316049329375223	0.196297168892005	0.363233691907936	0.0965037814881314	0.212566212627076	0.246334992602838	0.112925403933273	0.225511021937091
700038485	0.170341523106063	0.164610824509442	0.33032381652817	0.244949345494594	0.166748031326392	0.291647922576596	0.191768769777892	0.289318522478326	0.166928981964535	0.259907306328868	0.217804535278933	0.344936477646586	0.291318722541112	0.214193423716957	0.335288605021099	0.24969814666837	0.257972133621716	0.28930790364581	0.190453298183032	0.201630774124926	0.236327786688948	0.282586717619548	0.183920614655096	0.162749994587563	0.260578072668772	0.0777151492521832	0.205459477192875	0.259909278856721	0.218656779450471	0.262624998993101	0.246740715582094	0.278622245537773	0.222038674519635	0.261488811824852	0	0.172106934952459	0.261750049487928	0.316592773609651	0.130944061883344	0.287998247131897	0.172882463177264	0.288522474200605	0.210808298030031	0.208048780878305	0.252097021095513	0.170412696603017	0.173354534219831	0.283856976165039	0.250986978838061	0.330184293431177	0.31274516818849	0.136991888838702	0.172796951948532	0.178033352898136	0.192057276504229	0.261363483703956	0.217891955551535	0.192549717378228	0.28909189243031	0.203673298281096
700024743	0.127588444694387	0.190955817308252	0.22414922093505	0.292732814500818	0.209439812304553	0.211318714185748	0.120731977765794	0.215656313439146	0.130463648152918	0.187790282057748	0.123109872002122	0.240253292502422	0.236798061970795	0.176722309990361	0.251609325849639	0.187506769622232	0.213697863231011	0.214664233959932	0.132253532472565	0.133208849490196	0.136361227114644	0.184001833211403	0.154380358039174	0.123476527380696	0.152551162548642	0.208721445009935	0.232591409123576	0.29814566523019	0.243915152377567	0.229009981275418	0.176184907695452	0.161883216504842	0.135549722367207	0.184501205766676	0.172106934952459	0	0.222209628004101	0.223876542565029	0.122823898718969	0.295620864731998	0.118529560594048	0.24082159530676	0.177500777686322	0.101664374741176	0.206524899820549	0.176462587745619	0.153471228847914	0.205230858186334	0.160485496003454	0.23299953054855	0.224581912170415	0.144905719614037	0.185593426620638	0.0961252459407157	0.215409802361763	0.203546324801105	0.118567748254595	0.129778665153641	0.186190530301595	0.0957810289414096
