700108602	700014971	700033565	700109389	700023058	700023927	700106341	700114221	700023543	700023439	700016978	700024192	700113058	700099448	700109870	700033928	700023693	700109627	700095416	700110425	700111580	700111302	700098605	700111991	700108960	700024452	700032931	700095837	700024548	700110161	700023496	700034628	700023645	700038744	700038485	700024743	700099596	700110760	700101587	700106399	700032322	700095653	700021312	700101230	700023590	700038905	700033136	700023382	700096424	700105469	700016908	700096053	700108479	700109569	700033814	700016125	700109756	700102665	700101777	700109455
700108602	0	0.15784597207737	0.159334256088553	0.0990853432507121	0.139024294804313	0.165565091818967	0.081582393078459	0.172167623992556	0.108681305601432	0.161660691782216	0.122974266279342	0.1547686731912	0.159962497786882	0.154240028014193	0.164109895383734	0.111291371536753	0.180769282989958	0.161187147749837	0.0969150589234242	0.094174670947977	0.0908096746738512	0.118610395518345	0.115918084970347	0.0787424662857059	0.0884444775236687	0.111664857785874	0.154625707513424	0.13541975856342	0.142735214249515	0.166809664733635	0.161332097269886	0.121899999136698	0.125503135658733	0.154043973777158	0.130301688642922	0.121369965800097	0.136027386345971	0.173144605891453	0.0924029897354559	0.182124365654701	0.0969948930323206	0.154397395769846	0.145932519193093	0.116699991163727	0.143390993022003	0.135038290558155	0.126982731289071	0.150341852840192	0.149759607735381	0.13788224209154	0.12481093865329	0.0922273437896639	0.0935593024958898	0.103963696569064	0.097987429394164	0.159036925828586	0.107874800845126	0.0813105437527394	0.137238580227433	0.104079826414945
700014971	0.15784597207737	0	0.145726503876049	0.16872271815428	0.141477272065819	0.142761426593578	0.156650416384018	0.14689426009113	0.16430801851875	0.129594622223596	0.12967130265845	0.155492100311007	0.139005315648914	0.125677299713268	0.150202623327914	0.151768976107161	0.131301322358552	0.151644717630036	0.160450625412768	0.148763209412162	0.141451001347258	0.132637885871046	0.131492590070995	0.161173818071317	0.160161999332673	0.156295683854999	0.125897708834625	0.142995114399923	0.125971206833438	0.144407400036323	0.1311469982323	0.139874659424998	0.131156469123175	0.12528426025458	0.144372027823527	0.129622587443485	0.153261534735757	0.161025545510215	0.148549794888748	0.140469784147234	0.14855556516136	0.137267539703423	0.147713837575409	0.141503886720986	0.126103114799669	0.125032009283292	0.117057389639088	0.138995404815728	0.127102189670417	0.13770577735938	0.14866112890382	0.160324026604819	0.147439972655515	0.131513958947311	0.174451473342034	0.120031663400091	0.144352444527777	0.147840596784135	0.137296574633462	0.150571232314006
700033565	0.159334256088553	0.145726503876049	0	0.146143648837368	0.155025082186213	0.0717379967269041	0.140440354444484	0.0998350436841871	0.157914798054342	0.0862810889431562	0.0951026760337633	0.0543881353339414	0.0990247457142208	0.122315626286725	0.0801962688674969	0.124126230059982	0.103102298478411	0.0870370162376387	0.140488136129529	0.13604355907682	0.136502244532833	0.0931438211284075	0.128680073765563	0.145545080889865	0.135743836176953	0.152739058624405	0.139065836236665	0.148797930794714	0.111527875440711	0.102724910274948	0.0839205161586263	0.102556216589863	0.10091310673601	0.0789847696041252	0.147638031501105	0.106943231675121	0.130872474684233	0.0732899178569567	0.157354184492858	0.111703695929758	0.137821936483783	0.0700264467619315	0.133755383713792	0.122567253537967	0.101162692681604	0.116443322280864	0.132248318695373	0.0813750862710423	0.111466459818174	0.0690936248558285	0.0796395796941078	0.163906945563852	0.15227056393113	0.112021665011006	0.176928679315221	0.106859685480074	0.119162288556058	0.150844210758214	0.0830986795451244	0.133326399303141
700109389	0.0990853432507121	0.16872271815428	0.146143648837368	0	0.149765192429402	0.163983866093547	0.0830737850434717	0.176210683724374	0.152038021081481	0.164990325015777	0.142599820417638	0.138935898893676	0.165374349090676	0.152229150183928	0.150716946716692	0.141705983356189	0.17884608678489	0.177491664721145	0.132777420229105	0.0806915461296003	0.107022826607728	0.137339208244059	0.0993844016767779	0.117855241436919	0.101265386687555	0.113806438449581	0.17781649735672	0.144763069427069	0.139678808833321	0.167728242772858	0.167577211274494	0.13550942460934	0.139274870703691	0.156679648503277	0.124695654634575	0.116352469322084	0.162395531334094	0.165670925951573	0.117342460345593	0.168270396906539	0.123645069604252	0.15235034736601	0.160740199392392	0.122636619280749	0.142910437801314	0.137281892052056	0.147199223806417	0.154865200071343	0.165665377315723	0.138333497975253	0.112604303580274	0.0981140055537465	0.0733161726155148	0.144627663265497	0.106959366040409	0.167152688708477	0.0920798298836483	0.0853872880463576	0.117916167376756	0.0966740741868666
700023058	0.139024294804313	0.141477272065819	0.155025082186213	0.149765192429402	0	0.146887775217777	0.129467758469541	0.162783900524395	0.13435015571416	0.148855642364245	0.134267202044958	0.160697493540327	0.159685363590015	0.137496632641937	0.155094526183439	0.133551478199184	0.15853859231086	0.157593640707996	0.144760772615973	0.136780360955115	0.136830178334072	0.140433447575207	0.134285652864054	0.143360736285884	0.142230482428328	0.118888058585782	0.147987647153152	0.143072565372876	0.136968996630365	0.150058412509827	0.144317542371833	0.144643170651952	0.126924973787198	0.140488226448571	0.111072031680764	0.138959331974605	0.128807274652664	0.153762838728274	0.12071456827088	0.162298801360774	0.146708600166504	0.145999555787266	0.125474587780168	0.135257097294535	0.13810751747403	0.128047969914543	0.110894997159671	0.153131856125318	0.133750990052002	0.148024138525738	0.155606780998569	0.133774008221782	0.12159058823899	0.143547492781786	0.144186832044332	0.163622966402599	0.143449795067039	0.135738959487992	0.144396525796035	0.133565157494821
700023927	0.165565091818967	0.142761426593578	0.0717379967269041	0.163983866093547	0.146887775217777	0	0.152745866231648	0.100223812372377	0.16807960734157	0.0908970876774452	0.108699682755602	0.0976810489822327	0.111063715064229	0.0983737505247288	0.0870493899265997	0.141204358999113	0.0916112608705248	0.0826481041624471	0.150674862690398	0.144071151990891	0.138919284329321	0.11249014401781	0.133181714451633	0.156292250681725	0.142449452988528	0.156518128807248	0.14408611527549	0.162614217413921	0.10385105010376	0.0933730840584794	0.0658474946855247	0.125132440987075	0.110319784376766	0.0803126528666364	0.154651582710339	0.111852141002093	0.127476110972235	0.0679392442098446	0.161608344633867	0.112107834463498	0.149741625869011	0.0779209284360911	0.121909947281881	0.137020734825797	0.106906826697665	0.116688768178182	0.131477977439675	0.0867692384113826	0.0827632520451147	0.0916421012836376	0.105979799907154	0.17121624434259	0.159783417675325	0.119255524006054	0.177622317111645	0.115969266171924	0.121330273651749	0.156789499771352	0.0954538302137414	0.144929133869456
700106341	0.081582393078459	0.156650416384018	0.140440354444484	0.0830737850434717	0.129467758469541	0.152745866231648	0	0.165699386970621	0.10703294493372	0.160784477216473	0.124371595451399	0.127667470288528	0.15364366281623	0.142837391643444	0.14339328685155	0.123981521220256	0.171828103331007	0.169365912152804	0.0989697494750977	0.0659056680068992	0.0834283501929139	0.100429220585431	0.109302533640136	0.103078950833967	0.0725433653576347	0.110389581912274	0.172031513461504	0.149900015894956	0.146356534414095	0.162175497932913	0.150898087394537	0.0882486118013294	0.118029441600721	0.137938760764925	0.12421976122379	0.0905501026087907	0.146264907756671	0.158393771545153	0.0888535257673039	0.169709099475529	0.118161467314935	0.135721558015097	0.134294654754131	0.0909174896928246	0.130830559110694	0.136243258930056	0.131527101672056	0.132861644436473	0.152949436388981	0.113330679506957	0.112993122516295	0.0689990922746189	0.081744605788785	0.123904921802128	0.112211955954601	0.150575119409095	0.087236553621701	0.0662929917001624	0.114091266671358	0.0786495033486586
700114221	0.172167623992556	0.14689426009113	0.0998350436841871	0.176210683724374	0.162783900524395	0.100223812372377	0.165699386970621	0	0.177550546777784	0.0679167653058938	0.115940025472524	0.110135977423821	0.0865327927116268	0.143890547575109	0.0922579646670443	0.147437433987366	0.0733447658708459	0.132861028968202	0.162776280549044	0.163434711803613	0.150992745148065	0.125404620557809	0.159689809076961	0.172361962952263	0.164353228441371	0.174888318075188	0.145435112833573	0.158502538245036	0.112620082224604	0.114460103780365	0.100828868754733	0.139486144751325	0.113675374366579	0.111991845516376	0.17081193064772	0.119826933239513	0.148582613195116	0.093077480732382	0.166064775679505	0.0841388314304542	0.147890851600165	0.0804696528225794	0.156949882861548	0.143787896255889	0.108835973791327	0.126464743033832	0.132797090069971	0.0813742715259768	0.136261336023862	0.106917189282601	0.133390015588854	0.185960420455894	0.172689568748287	0.132289227508533	0.19972407018047	0.0963630617476056	0.134492928681439	0.178024467161794	0.114383513063469	0.162248586977114
700023543	0.108681305601432	0.16430801851875	0.157914798054342	0.152038021081481	0.13435015571416	0.16807960734157	0.10703294493372	0.177550546777784	0	0.164798962046837	0.126953198519021	0.157858220639254	0.169003032277108	0.151500631257048	0.166964203919773	0.104503980222933	0.186937975088219	0.164679076173009	0.0997206328350891	0.118411538232825	0.117159706268573	0.123492549999745	0.125005454585836	0.113593528126891	0.119029839250806	0.125093531368825	0.1459470651079	0.140174571471064	0.167260297663923	0.168372639634536	0.160352593198046	0.103573670805549	0.125726092734772	0.15807621303833	0.135342154598015	0.130013607661644	0.141487752074785	0.172771435541443	0.0969687023309379	0.189680687862387	0.11708522050606	0.155039128412781	0.136705393857125	0.0998630724605746	0.148602600789141	0.146240379165276	0.124915866345966	0.153652296645956	0.160463666750695	0.13434259381518	0.136506050398021	0.100451809453923	0.124473589626903	0.132612725858493	0.126030144704883	0.160297933888918	0.134749882146881	0.112077400164177	0.13789161546805	0.111866114099342
700023439	0.161660691782216	0.129594622223596	0.0862810889431562	0.164990325015777	0.148855642364245	0.0908970876774452	0.160784477216473	0.0679167653058938	0.164798962046837	0	0.110549680877312	0.106522722567813	0.0835791863184458	0.127831284793943	0.0976236317787422	0.134127120616616	0.0717242651905107	0.112285202391259	0.15009116325159	0.154533742896925	0.143126358905224	0.115070004013285	0.149192090029727	0.159630978637663	0.1520763818313	0.159523378797865	0.132330219737014	0.146734489735457	0.105240958669645	0.108669064339133	0.0871823507656792	0.133818398806267	0.102261528397284	0.0954417635258781	0.152565527674091	0.110370287465291	0.1326630352709	0.0945078618391871	0.150841724866905	0.0804499242599117	0.134104720432785	0.0823762408116001	0.143761229789266	0.140346001255279	0.100107851731142	0.105905699603966	0.120774864729722	0.0862226492858798	0.116895596554454	0.100271481055654	0.116765927826947	0.175078946695397	0.162401480774867	0.121866948703059	0.189304092614247	0.0875374596839309	0.126987030271066	0.162813506985156	0.105292568182212	0.154059214806727
700016978	0.122974266279342	0.12967130265845	0.0951026760337633	0.142599820417638	0.134267202044958	0.108699682755602	0.124371595451399	0.115940025472524	0.126953198519021	0.110549680877312	0	0.102519470181409	0.108709237259164	0.125440261252856	0.12812211833342	0.105507385474638	0.125476895674978	0.106584303496542	0.115524912827044	0.115733224078265	0.113264964472041	0.0843925274523476	0.11844048803007	0.128174600469335	0.109426663196156	0.143215827414637	0.129030754566481	0.129058119721639	0.123668150967567	0.119367940596943	0.0991289384084811	0.0986267697441501	0.0819852320251877	0.0968343292654825	0.143010342579499	0.0894977283827582	0.120803289277643	0.121100366143826	0.124540638514446	0.134081218644532	0.1124802292137	0.102555117814353	0.109905571179207	0.0976110194667221	0.110143938915184	0.117556924100487	0.116708179008166	0.101637516118161	0.110652103282176	0.0958615068762289	0.0961740022457033	0.142313565444552	0.130130354652916	0.0931960255614181	0.149159651655074	0.113498879068787	0.106482516232494	0.128476050827299	0.0959090026920086	0.129767636744004
700024192	0.1547686731912	0.155492100311007	0.0543881353339414	0.138935898893676	0.160697493540327	0.0976810489822327	0.127667470288528	0.110135977423821	0.157858220639254	0.106522722567813	0.102519470181409	0	0.093936213547113	0.1442504601139	0.0844537015142548	0.122620920009233	0.117943663376687	0.113769682234611	0.134229823148285	0.130007904146663	0.129351861079868	0.0887649306825878	0.135092978522227	0.156068574688406	0.126410749666146	0.154729871481748	0.153487192169443	0.150985851766649	0.122200082047247	0.118163136894007	0.100969183274316	0.0951050939927894	0.0955992748829027	0.0920648906479213	0.155845541765175	0.109308757945664	0.146920342110293	0.0856614464815569	0.155069725127408	0.105478618702284	0.1377803837477	0.0672507672118913	0.15293991125721	0.112543968213908	0.0958968332210592	0.121004356404875	0.148290889211242	0.0797119617540987	0.130531864524653	0.0617483123481406	0.070743912819675	0.162565347301452	0.150899342462373	0.126384116790459	0.184814729670764	0.101075493033061	0.110633600704925	0.148181003175502	0.0817535176180104	0.127067630988004
700113058	0.159962497786882	0.139005315648914	0.0990247457142208	0.165374349090676	0.159685363590015	0.111063715064229	0.15364366281623	0.0865327927116268	0.169003032277108	0.0835791863184458	0.108709237259164	0.093936213547113	0	0.131360282064229	0.0883536112505633	0.128060746725871	0.102871424318196	0.120247975409217	0.14787073399227	0.149178137852208	0.143019354925259	0.104718709861729	0.155575504098331	0.159367127113499	0.145568202045598	0.159872121119013	0.135569802724419	0.136841579872939	0.103186961003732	0.0966123815223644	0.0927485371455021	0.119960012528026	0.104524032021118	0.0924902916314966	0.16469239511841	0.117884080965944	0.141557235476181	0.109292580511155	0.155067486359529	0.0899646061129298	0.139548487598223	0.0782149014749329	0.158267584623873	0.131885531048897	0.095851335087629	0.108894702921324	0.146204666428543	0.0854902713892636	0.124311666254972	0.0956490066803596	0.113158899499172	0.170165986378264	0.162793298478515	0.138340375222066	0.192883981194694	0.0739606934239991	0.122003875341488	0.163468467206511	0.102650205932345	0.149685997246492
700099448	0.154240028014193	0.125677299713268	0.122315626286725	0.152229150183928	0.137496632641937	0.0983737505247288	0.142837391643444	0.143890547575109	0.151500631257048	0.127831284793943	0.125440261252856	0.1442504601139	0.131360282064229	0	0.126767669269969	0.142769815516003	0.13156001272279	0.119319736044407	0.140964168170041	0.136216869164022	0.133389507984538	0.134522621732017	0.107095267133826	0.139493429241665	0.146064089305305	0.129821174020141	0.133327547180788	0.148180465309345	0.113053590378029	0.103632308519534	0.101794520192555	0.13996415432259	0.12696020803881	0.109608248159448	0.133565495380322	0.127333067741942	0.125268458933924	0.122191218946209	0.132647900877365	0.147092462828052	0.150742040688855	0.122508990710206	0.111983885153026	0.146978317239712	0.12009087144665	0.112898888896823	0.122075995289775	0.121691813217417	0.0856402695188624	0.130651482714695	0.127499325673626	0.131797068750288	0.14542519072907	0.125329120598731	0.145315847371581	0.140807602404757	0.119221484392749	0.135915233270147	0.109753020038074	0.137521406161858
700109870	0.164109895383734	0.150202623327914	0.0801962688674969	0.150716946716692	0.155094526183439	0.0870493899265997	0.14339328685155	0.0922579646670443	0.166964203919773	0.0976236317787422	0.12812211833342	0.0844537015142548	0.0883536112505633	0.126767669269969	0	0.14323037278592	0.102562988012041	0.124038307561319	0.154296790806137	0.137194713546892	0.130603518386305	0.112677629858332	0.138647929840878	0.157845361646486	0.143957033467125	0.153901479596909	0.142855486142959	0.154513034838733	0.10062542657808	0.097622159076296	0.104960769353307	0.113463182690482	0.117415089509594	0.0997877678726249	0.158936128976956	0.119456511334682	0.155529694726909	0.0700294134460736	0.162207246443978	0.0957721873797195	0.151982896791018	0.07196966732131	0.160586947523475	0.129379735602916	0.0972849259997729	0.109214528111591	0.138848852879705	0.0799746334721623	0.120554288142482	0.0841636927596501	0.107767605549058	0.16581373566411	0.151173748055181	0.133786491508815	0.181965058362932	0.103512446369284	0.113173039620158	0.154710514465789	0.0828404548926914	0.13249412566917
700033928	0.111291371536753	0.151768976107161	0.124126230059982	0.141705983356189	0.133551478199184	0.141204358999113	0.123981521220256	0.147437433987366	0.104503980222933	0.134127120616616	0.105507385474638	0.122620920009233	0.128060746725871	0.142769815516003	0.14323037278592	0	0.150584173718852	0.1315059436306	0.0991169373765322	0.124581988929724	0.115912451974212	0.109539625572363	0.12418497017931	0.0980201283632325	0.122725857071085	0.122697026395626	0.125185090784808	0.106566204018029	0.136550069819559	0.144676203683654	0.126167552967182	0.109660694689651	0.0977168428368328	0.117419713042353	0.127870567209979	0.119976948815645	0.118821147776003	0.146634348279419	0.106711994546367	0.154420350652221	0.0822051625846339	0.120393939399267	0.140178998855928	0.113931624946042	0.114635786665196	0.117808921307468	0.115961292599164	0.125619056278132	0.13671189870043	0.105678407302969	0.104398616823218	0.13198627525941	0.128191853211234	0.118770257078466	0.134482815023732	0.124414252114452	0.124772585502622	0.121100645402714	0.119422109603145	0.119989135436357
700023693	0.180769282989958	0.131301322358552	0.103102298478411	0.17884608678489	0.15853859231086	0.0916112608705248	0.171828103331007	0.0733447658708459	0.186937975088219	0.0717242651905107	0.125476895674978	0.117943663376687	0.102871424318196	0.13156001272279	0.102562988012041	0.150584173718852	0	0.122404422388068	0.170251046199697	0.167753400138232	0.15544877310336	0.130616395606017	0.158979623767756	0.179737229778482	0.168483875866892	0.173005002665764	0.142335221862822	0.160818891291903	0.109459818707487	0.116933623987046	0.0857426380961964	0.144165728831915	0.114631251105194	0.0975532798416319	0.163471462823741	0.12224034319462	0.151992722176506	0.109333291870469	0.17478646760044	0.0904983112495533	0.15427264566782	0.0859911979558104	0.152127496252067	0.149934053172736	0.101726083778956	0.115602525432692	0.127618764249922	0.0920638022193066	0.117333273446026	0.113046182172434	0.133750914271043	0.192960988359196	0.172109350595922	0.129647508991117	0.205495509461356	0.104523082464343	0.140736142382938	0.180669866857043	0.120776105744937	0.164476639333018
700109627	0.161187147749837	0.151644717630036	0.0870370162376387	0.177491664721145	0.157593640707996	0.0826481041624471	0.169365912152804	0.132861028968202	0.164679076173009	0.112285202391259	0.106584303496542	0.113769682234611	0.120247975409217	0.119319736044407	0.124038307561319	0.1315059436306	0.122404422388068	0	0.157062256369648	0.159398195390637	0.147589861969345	0.120948798799077	0.145753513064801	0.14490010315119	0.152534839330436	0.164864668705993	0.132816833755907	0.16120453755723	0.136305949800782	0.116036356337113	0.0887296470528007	0.131486161531123	0.120950565527641	0.104860073365286	0.157401605170451	0.134405977501559	0.117663484642358	0.089873936372897	0.172010225518076	0.139601387247867	0.153261752439559	0.108720535342088	0.122913971597257	0.139595410052088	0.129946632458076	0.129576032716761	0.134432418428481	0.124763706179577	0.0952929958856967	0.114416928686579	0.114038450793065	0.181052460514017	0.170170923361041	0.120482580758879	0.177153782441789	0.134425078411258	0.142980314821278	0.167740521907994	0.119467426221289	0.162907778480077
700095416	0.0969150589234242	0.160450625412768	0.140488136129529	0.132777420229105	0.144760772615973	0.150674862690398	0.0989697494750977	0.162776280549044	0.0997206328350891	0.15009116325159	0.115524912827044	0.134229823148285	0.14787073399227	0.140964168170041	0.154296790806137	0.0991169373765322	0.170251046199697	0.157062256369648	0	0.116558249709864	0.0978598607470779	0.106476759220632	0.125042677422236	0.0927655809333243	0.101679410637569	0.114636069527599	0.146259796704888	0.136923994468185	0.137209252871188	0.150784864913004	0.141206357476499	0.1108334102814	0.109828502032442	0.139130983544365	0.131368477709485	0.123207433132513	0.116707764714318	0.157288000674205	0.0876213026456793	0.172697494430597	0.0964690567836396	0.142392252738588	0.125505409091805	0.116543438404753	0.124545110864009	0.128981825664809	0.121313035610312	0.133721045390184	0.140723906056606	0.121196856684968	0.10682183956111	0.113312827912008	0.119652984089483	0.106572363432533	0.118592160634891	0.145502827387228	0.109639562956428	0.104059482929702	0.123520076692427	0.118584052176001
700110425	0.094174670947977	0.148763209412162	0.13604355907682	0.0806915461296003	0.136780360955115	0.144071151990891	0.0659056680068992	0.163434711803613	0.118411538232825	0.154533742896925	0.115733224078265	0.130007904146663	0.149178137852208	0.136216869164022	0.137194713546892	0.124581988929724	0.167753400138232	0.159398195390637	0.116558249709864	0	0.0798614474042145	0.107457107756712	0.0894574464109979	0.107633704358851	0.0652996982792144	0.123608150935515	0.160207780540685	0.135119018489643	0.136992072914367	0.14255174814623	0.1495614701711	0.0960691772591848	0.114593342487567	0.137182539059059	0.127632302821091	0.0894178298921855	0.143524493206435	0.152851166647798	0.109459828528745	0.167324132270135	0.117241746757303	0.13102250678464	0.144709704634554	0.0848293285200613	0.128380662024982	0.131286774233829	0.129426407374179	0.132678126544954	0.141288902888807	0.116540100205664	0.111951024155702	0.0805015464994143	0.0569381118251521	0.12689380237527	0.118439456847238	0.149411277911	0.0702182453097664	0.0649224814836756	0.0981973570913807	0.0719437226230553
700111580	0.0908096746738512	0.141451001347258	0.136502244532833	0.107022826607728	0.136830178334072	0.138919284329321	0.0834283501929139	0.150992745148065	0.117159706268573	0.143126358905224	0.113264964472041	0.129351861079868	0.143019354925259	0.133389507984538	0.130603518386305	0.115912451974212	0.15544877310336	0.147589861969345	0.0978598607470779	0.0798614474042145	0	0.09045327030098	0.0991830286607889	0.102130076843473	0.0638684887968489	0.128952302252557	0.155965334935497	0.145585687694588	0.117807161228887	0.148037623414921	0.136858433993156	0.0960072302825919	0.104162317494134	0.135425191455572	0.138657305621402	0.0956400923399197	0.145561534726792	0.146562729556466	0.114826949516124	0.153165796071866	0.109118378626928	0.122407476338018	0.139931693562884	0.0948665440513172	0.107908023836229	0.111999428562293	0.120018286048119	0.118993659486273	0.132001594434462	0.113198515746359	0.108588149534482	0.0973983075375583	0.092798063224293	0.101733514772909	0.120564439667664	0.142045066150923	0.0676056171816267	0.074029414953736	0.0963982882272103	0.0882702853777502
700111302	0.118610395518345	0.132637885871046	0.0931438211284075	0.137339208244059	0.140433447575207	0.11249014401781	0.100429220585431	0.125404620557809	0.123492549999745	0.115070004013285	0.0843925274523476	0.0887649306825878	0.104718709861729	0.134522621732017	0.112677629858332	0.109539625572363	0.130616395606017	0.120948798799077	0.106476759220632	0.107457107756712	0.09045327030098	0	0.133973033662085	0.121504026892305	0.0890134506990173	0.150255139237978	0.142715982404302	0.142340661179746	0.128418200058456	0.130484010511614	0.105917031192103	0.0710733864133934	0.0804037528366118	0.089741835305852	0.148796472674674	0.0905126379322041	0.129703741224694	0.12549732372726	0.126701432953802	0.127432375842208	0.122581413310962	0.0921060049178289	0.127540165052792	0.0893551053405564	0.105134486560057	0.12379510727435	0.124621435510705	0.0925650401572146	0.12013622895278	0.0694727620011076	0.0857561410313292	0.130114462738701	0.123763741529522	0.103425269273745	0.155379993465262	0.104934375150343	0.0910880525733982	0.1160749638121	0.0826877449097866	0.110698212350794
700098605	0.115918084970347	0.131492590070995	0.128680073765563	0.0993844016767779	0.134285652864054	0.133181714451633	0.109302533640136	0.159689809076961	0.125005454585836	0.149192090029727	0.11844048803007	0.135092978522227	0.155575504098331	0.107095267133826	0.138647929840878	0.12418497017931	0.158979623767756	0.145753513064801	0.125042677422236	0.0894574464109979	0.0991830286607889	0.133973033662085	0	0.115058571804016	0.120435655823245	0.112008041709148	0.140368289515407	0.135403632917992	0.129469663323775	0.138200603414602	0.136182446381091	0.122151419454485	0.125886787015225	0.134478721921716	0.124387075647152	0.107312190391619	0.134948957175806	0.137812216760032	0.118145232261008	0.161072922122024	0.129688574337683	0.141559730864421	0.13353937668418	0.106648302882253	0.136089246241213	0.122285133079041	0.117942885838065	0.138670757141378	0.129389706886451	0.13042152252688	0.121234188952734	0.105803423920479	0.101076005111237	0.116097112447698	0.112376403056868	0.15448164160871	0.105027417282825	0.0927924809928659	0.11070479930682	0.0883174328539291
700111991	0.0787424662857059	0.161173818071317	0.145545080889865	0.117855241436919	0.143360736285884	0.156292250681725	0.103078950833967	0.172361962952263	0.113593528126891	0.159630978637663	0.128174600469335	0.156068574688406	0.159367127113499	0.139493429241665	0.157845361646486	0.0980201283632325	0.179737229778482	0.14490010315119	0.0927655809333243	0.107633704358851	0.102130076843473	0.121504026892305	0.115058571804016	0	0.102416164276934	0.10512408230103	0.139390526722771	0.13246211264738	0.136890565393994	0.163283229080677	0.157627497008168	0.129087075214335	0.132492407158806	0.152175208685082	0.116334210086642	0.116556978846096	0.124588296599786	0.160211704323658	0.107920009868356	0.185787554587948	0.106986155400459	0.150982960491301	0.138766092961878	0.115849126227969	0.134316197679286	0.131235709857375	0.11501441023999	0.151209708133512	0.145267894832908	0.138000051007986	0.122927664121355	0.111827908993269	0.107628592109478	0.111390526528674	0.0912223037783391	0.158064090618081	0.116068495557247	0.0969025883286451	0.132050301852248	0.111696410681912
700108960	0.0884444775236687	0.160161999332673	0.135743836176953	0.101265386687555	0.142230482428328	0.142449452988528	0.0725433653576347	0.164353228441371	0.119029839250806	0.1520763818313	0.109426663196156	0.126410749666146	0.145568202045598	0.146064089305305	0.143957033467125	0.122725857071085	0.168483875866892	0.152534839330436	0.101679410637569	0.0652996982792144	0.0638684887968489	0.0890134506990173	0.120435655823245	0.102416164276934	0	0.138067174380938	0.174003993581737	0.14925811515119	0.137326635525298	0.144937746600117	0.145376983855598	0.0927592092744438	0.111660243785701	0.137586060644573	0.142900607049899	0.0971208274775106	0.14530517746672	0.154269149410304	0.107790413418812	0.166098527325878	0.116173457640485	0.126534543640704	0.144373002156577	0.0880359226387085	0.123755155681091	0.133148112731504	0.135080808423097	0.128369596546425	0.138997232276071	0.10836328095183	0.106218005824034	0.0951873129577468	0.0783634977718444	0.113500791834523	0.118049110851766	0.145840172287421	0.0646493431812025	0.0766213311572405	0.101490427417427	0.0884673727366401
700024452	0.111664857785874	0.156295683854999	0.152739058624405	0.113806438449581	0.118888058585782	0.156518128807248	0.110389581912274	0.174888318075188	0.125093531368825	0.159523378797865	0.143215827414637	0.154729871481748	0.159872121119013	0.129821174020141	0.153901479596909	0.122697026395626	0.173005002665764	0.164864668705993	0.114636069527599	0.123608150935515	0.128952302252557	0.150255139237978	0.112008041709148	0.10512408230103	0.138067174380938	0	0.159492437256796	0.125811227505536	0.111519186424567	0.154384441290334	0.156376546203343	0.147484633373524	0.127721762480529	0.152611665701972	0.0842023938356871	0.128623328454042	0.150321205038741	0.166478239303565	0.0944370106742666	0.166853066836938	0.123515121180457	0.149585040326212	0.140255474023641	0.136332731995038	0.128202394642281	0.113281025602223	0.119148633296199	0.159919708482706	0.15169052222168	0.148811765157593	0.133834629776245	0.100915353578007	0.108005709623312	0.137683156510854	0.104592573549749	0.160754505221157	0.12022585975484	0.114786363134864	0.132611189054715	0.128820382080872
700032931	0.154625707513424	0.125897708834625	0.139065836236665	0.17781649735672	0.147987647153152	0.14408611527549	0.172031513461504	0.145435112833573	0.1459470651079	0.132330219737014	0.129030754566481	0.153487192169443	0.135569802724419	0.133327547180788	0.142855486142959	0.125185090784808	0.142335221862822	0.132816833755907	0.146259796704888	0.160207780540685	0.155965334935497	0.142715982404302	0.140368289515407	0.139390526722771	0.174003993581737	0.159492437256796	0	0.142215450617483	0.147755401958252	0.140600849384457	0.134236269509825	0.148294310652405	0.141825295807636	0.129864465876948	0.154917128561319	0.145843570329699	0.128915600696072	0.141637929753449	0.148661700286242	0.154205863817732	0.14100124784093	0.139087541634376	0.146440486372727	0.146747155831029	0.143720202673097	0.138353735079158	0.118282487626966	0.13831490316574	0.124642203557947	0.140726961993867	0.145788252716011	0.174498707039403	0.162865265437672	0.124928775280401	0.158529473155297	0.137220400915941	0.158687758464285	0.166180537612928	0.144775921193651	0.162874777451842
700095837	0.13541975856342	0.142995114399923	0.148797930794714	0.144763069427069	0.143072565372876	0.162614217413921	0.149900015894956	0.158502538245036	0.140174571471064	0.146734489735457	0.129058119721639	0.150985851766649	0.136841579872939	0.148180465309345	0.154513034838733	0.106566204018029	0.160818891291903	0.16120453755723	0.136923994468185	0.135119018489643	0.145585687694588	0.142340661179746	0.135403632917992	0.13246211264738	0.14925811515119	0.125811227505536	0.142215450617483	0	0.116490883736253	0.13164696019225	0.153370600904418	0.149667796789682	0.12995406856181	0.135341647984983	0.128584173989054	0.133732742599121	0.138087552298499	0.167141058356358	0.124973637086233	0.155383542626167	0.123782654936795	0.13674589703546	0.161945610055655	0.131707689611218	0.124995054678654	0.126545180181902	0.122422741667356	0.145896400907903	0.153910549427121	0.146460863190965	0.135791361920144	0.146428420098845	0.136322447001658	0.151444953551445	0.143887420760316	0.142556572470108	0.144001647784833	0.142977107328857	0.139449965354287	0.143444017320948
700024548	0.142735214249515	0.125971206833438	0.111527875440711	0.139678808833321	0.136968996630365	0.10385105010376	0.146356534414095	0.112620082224604	0.167260297663923	0.105240958669645	0.123668150967567	0.122200082047247	0.103186961003732	0.113053590378029	0.10062542657808	0.136550069819559	0.109459818707487	0.136305949800782	0.137209252871188	0.136992072914367	0.117807161228887	0.128418200058456	0.129469663323775	0.136890565393994	0.137326635525298	0.111519186424567	0.147755401958252	0.116490883736253	0	0.0987987305910719	0.107452031367019	0.146512536425688	0.110059611192593	0.106167017092671	0.125579524705836	0.103865356208826	0.150983508856396	0.119792438163694	0.136460878643306	0.0971080832116971	0.128677882063324	0.0859263734430885	0.150200430764959	0.14618657917073	0.080603469098582	0.0773577366052787	0.124768044070882	0.102524427563275	0.116234629285901	0.12168473685479	0.113255698015561	0.152137005345452	0.134253100327873	0.124073258987706	0.148788527683579	0.122832350916052	0.107104824929744	0.143439678939478	0.106004359766799	0.148856030900621
700110161	0.166809664733635	0.144407400036323	0.102724910274948	0.167728242772858	0.150058412509827	0.0933730840584794	0.162175497932913	0.114460103780365	0.168372639634536	0.108669064339133	0.119367940596943	0.118163136894007	0.0966123815223644	0.103632308519534	0.097622159076296	0.144676203683654	0.116933623987046	0.116036356337113	0.150784864913004	0.14255174814623	0.148037623414921	0.130484010511614	0.138200603414602	0.163283229080677	0.144937746600117	0.154384441290334	0.140600849384457	0.13164696019225	0.0987987305910719	0	0.0951695810211017	0.136085920421808	0.126153653488706	0.0914698548935304	0.158423136778633	0.134675051924457	0.135629999536526	0.0994760747181188	0.158289275011654	0.118305115639954	0.156139239292348	0.0936270762593204	0.143119191781252	0.140597817871816	0.112118768114018	0.125696417181239	0.142629185246881	0.0973199950959077	0.101579780528936	0.113027905377519	0.127687395739905	0.168993205839238	0.156676189811294	0.13746398177925	0.18415718603888	0.117146090969811	0.126344013783354	0.157568455891406	0.107470334854836	0.148391394599752
700023496	0.161332097269886	0.1311469982323	0.0839205161586263	0.167577211274494	0.144317542371833	0.0658474946855247	0.150898087394537	0.100828868754733	0.160352593198046	0.0871823507656792	0.0991289384084811	0.100969183274316	0.0927485371455021	0.101794520192555	0.104960769353307	0.126167552967182	0.0857426380961964	0.0887296470528007	0.141206357476499	0.1495614701711	0.136858433993156	0.105917031192103	0.136182446381091	0.157627497008168	0.145376983855598	0.156376546203343	0.134236269509825	0.153370600904418	0.107452031367019	0.0951695810211017	0	0.122079575968938	0.0970695416610782	0.0797808309781862	0.153018700644107	0.112049539471071	0.122803446633797	0.089244226868359	0.154377608896391	0.102973468175633	0.140665446253556	0.0810163874776275	0.119171721748878	0.128383827150761	0.0925543034140615	0.0992951416430606	0.125920824532435	0.0856392777531659	0.0867205242696011	0.0974055676247162	0.112061154658933	0.17437595552702	0.16454062163046	0.113964315254088	0.179442435756361	0.102198628190701	0.118406449568457	0.160610558271319	0.108371817291489	0.149939251973725
700034628	0.121899999136698	0.139874659424998	0.102556216589863	0.13550942460934	0.144643170651952	0.125132440987075	0.0882486118013294	0.139486144751325	0.103573670805549	0.133818398806267	0.0986267697441501	0.0951050939927894	0.119960012528026	0.13996415432259	0.113463182690482	0.109660694689651	0.144165728831915	0.131486161531123	0.1108334102814	0.0960691772591848	0.0960072302825919	0.0710733864133934	0.122151419454485	0.129087075214335	0.0927592092744438	0.147484633373524	0.148294310652405	0.149667796789682	0.146512536425688	0.136085920421808	0.122079575968938	0	0.0963763452618964	0.106094429902352	0.146926037822802	0.0830174530143357	0.141464553007526	0.123034117230795	0.13137990482563	0.143703453068444	0.131391684525223	0.0979776501448533	0.138763509946952	0.0727789143306731	0.112831347729979	0.135827515532904	0.135676497218627	0.0991812230382234	0.133369803759585	0.0721125161133493	0.0932577912985171	0.11554320619158	0.11923613498069	0.119620327599185	0.158389734558702	0.112159644411714	0.0965798595227491	0.0999459141108552	0.0877998533246897	0.0848103946537164
700023645	0.125503135658733	0.131156469123175	0.10091310673601	0.139274870703691	0.126924973787198	0.110319784376766	0.118029441600721	0.113675374366579	0.125726092734772	0.102261528397284	0.0819852320251877	0.0955992748829027	0.104524032021118	0.12696020803881	0.117415089509594	0.0977168428368328	0.114631251105194	0.120950565527641	0.109828502032442	0.114593342487567	0.104162317494134	0.0804037528366118	0.125886787015225	0.132492407158806	0.111660243785701	0.127721762480529	0.141825295807636	0.12995406856181	0.110059611192593	0.126153653488706	0.0970695416610782	0.0963763452618964	0	0.0917754344354466	0.137405454972342	0.0852486355093552	0.13060775073608	0.124396644916957	0.130789447840279	0.119826091031754	0.114591264901809	0.0873996044523425	0.117700535171259	0.0984191875161602	0.0887121828543066	0.100940333609717	0.112480391268701	0.0939957405102086	0.116796515312098	0.0909184685308887	0.093932358923236	0.134039630847206	0.129190135238803	0.110635760228489	0.150872150612795	0.103321263209481	0.100575493743082	0.12453952787662	0.0798762447789613	0.126676545604919
700038744	0.154043973777158	0.12528426025458	0.0789847696041252	0.156679648503277	0.140488226448571	0.0803126528666364	0.137938760764925	0.111991845516376	0.15807621303833	0.0954417635258781	0.0968343292654825	0.0920648906479213	0.0924902916314966	0.109608248159448	0.0997877678726249	0.117419713042353	0.0975532798416319	0.104860073365286	0.139130983544365	0.137182539059059	0.135425191455572	0.089741835305852	0.134478721921716	0.152175208685082	0.137586060644573	0.152611665701972	0.129864465876948	0.135341647984983	0.106167017092671	0.0914698548935304	0.0797808309781862	0.106094429902352	0.0917754344354466	0	0.139923310734292	0.103253922308383	0.124955812151532	0.0950910738131812	0.151183961632891	0.112371806879584	0.136605742501197	0.0756506506067879	0.128093443433962	0.126390330685439	0.0970304876500234	0.114530281463359	0.129559545529249	0.0789628183490812	0.0923569593674918	0.0777998743706383	0.100541946168494	0.162396570945048	0.147134529664665	0.10999674612305	0.178347277288394	0.095619063952977	0.123214916369822	0.146612434837973	0.0970478714595214	0.141669657713995
700038485	0.130301688642922	0.144372027823527	0.147638031501105	0.124695654634575	0.111072031680764	0.154651582710339	0.12421976122379	0.17081193064772	0.135342154598015	0.152565527674091	0.143010342579499	0.155845541765175	0.16469239511841	0.133565495380322	0.158936128976956	0.127870567209979	0.163471462823741	0.157401605170451	0.131368477709485	0.127632302821091	0.138657305621402	0.148796472674674	0.124387075647152	0.116334210086642	0.142900607049899	0.0842023938356871	0.154917128561319	0.128584173989054	0.125579524705836	0.158423136778633	0.153018700644107	0.146926037822802	0.137405454972342	0.139923310734292	0	0.128528698301486	0.136036011173958	0.159019951977279	0.114321879192918	0.167554835698881	0.136650247544796	0.151332598313671	0.148778105696301	0.136489777141982	0.130903758860474	0.120691591828003	0.118863813916317	0.160320427287325	0.147537750284257	0.145197940348727	0.135443550114632	0.113318999094187	0.108959511602911	0.133200139302912	0.126228832263433	0.156750735210818	0.134075653701085	0.12451075729332	0.138956602142918	0.129743109225795
700024743	0.121369965800097	0.129622587443485	0.106943231675121	0.116352469322084	0.138959331974605	0.111852141002093	0.0905501026087907	0.119826933239513	0.130013607661644	0.110370287465291	0.0894977283827582	0.109308757945664	0.117884080965944	0.127333067741942	0.119456511334682	0.119976948815645	0.12224034319462	0.134405977501559	0.123207433132513	0.0894178298921855	0.0956400923399197	0.0905126379322041	0.107312190391619	0.116556978846096	0.0971208274775106	0.128623328454042	0.145843570329699	0.133732742599121	0.103865356208826	0.134675051924457	0.112049539471071	0.0830174530143357	0.0852486355093552	0.103253922308383	0.128528698301486	0	0.144478817852139	0.122594267761174	0.118695879584157	0.128429373713303	0.120358948863548	0.100946569461458	0.128100276258723	0.0897262115254735	0.100608408537488	0.108510741949863	0.120050017991453	0.104174452863585	0.123604689908994	0.0986058301439763	0.0970941102900422	0.116368671084137	0.10892651543765	0.110459101684001	0.137256946635431	0.114446585513747	0.0863163152213255	0.0977666656857123	0.0911943639359642	0.100880837855037
