700108602	700014971	700033565	700109389	700023058	700023927	700106341	700114221	700023543	700023439	700016978	700024192	700113058	700099448	700109870	700033928	700023693	700109627	700095416	700110425	700111580	700111302	700098605	700111991	700108960	700024452	700032931	700095837	700024548	700110161	700023496	700034628	700023645	700038744	700038485	700024743	700099596	700110760	700101587	700106399	700032322	700095653	700021312	700101230	700023590	700038905	700033136	700023382	700096424	700105469	700016908	700096053	700108479	700109569	700033814	700016125	700109756	700102665	700101777	700109455
700108602	0	0.147625243157607	0.160042693245155	0.108606632131195	0.140143065535893	0.172936148154645	0.0859007931752197	0.179846327361124	0.0890301655854753	0.163274096696556	0.122339224047089	0.156409754576076	0.163269181207518	0.147879622991235	0.164282193674923	0.104138840608651	0.176623557159661	0.165396872403091	0.0936743464976705	0.103290887811214	0.0925695687307641	0.108748419546034	0.113845140079442	0.0931048960567741	0.0965146021782881	0.128385924574464	0.159177664094124	0.123321634190432	0.151432838150799	0.166893814931346	0.158818784250153	0.117651923870996	0.124582475217005	0.149047264759461	0.12718753430915	0.122640234922475	0.13529445594804	0.172799110014491	0.090840532347951	0.187555032944735	0.0940964868209311	0.158065248398921	0.139144710200051	0.111744989019203	0.151215086283063	0.136426519014064	0.113575909362342	0.14925075863005	0.149342232481783	0.136970588467951	0.116043497287354	0.0959575578736751	0.101739835217637	0.0919771901317696	0.0983615250980625	0.159490894681475	0.108573904044026	0.0796889794270656	0.136853209119843	0.101395693480523
700014971	0.147625243157607	0	0.144483014265835	0.158663723859478	0.119878348158721	0.138841589907753	0.145001583145774	0.139983199264557	0.141311662060534	0.129647190112395	0.121058985215609	0.148338763891207	0.128011559401212	0.117826367671905	0.137215310043594	0.156662738071644	0.121054691436826	0.144025698133663	0.151809776486197	0.137702034707699	0.135033705435566	0.121347735113072	0.122012169701061	0.161093342640159	0.14823164231157	0.15378892381782	0.129597786926697	0.135616986039311	0.11380822265145	0.128834446366138	0.127576917997008	0.132823168518528	0.114235639337679	0.119943045517568	0.147175429335047	0.113619791877227	0.150433028763788	0.154107317510695	0.137127189387195	0.126263096767041	0.138973398578392	0.1289039141019	0.135913392010334	0.13982459711772	0.12126504333074	0.120490230638033	0.122171834224905	0.123314226847039	0.124057791076582	0.134256133384523	0.130498489653121	0.153430392404111	0.14415622695084	0.129351872872906	0.166697468855071	0.133129414835397	0.134662514338767	0.147233044125731	0.127790532556579	0.143638541830207
700033565	0.160042693245155	0.144483014265835	0	0.142720623108403	0.158821020683089	0.0669330836146729	0.133909493042009	0.105241161144323	0.150461407971727	0.0929340797904153	0.0974552610007259	0.0578959514085191	0.104624811972194	0.127151985312581	0.0772621923665578	0.114633395833013	0.109305062771623	0.102988721499198	0.140310953239688	0.138994690373309	0.135631775818397	0.0950269464887147	0.121820755130263	0.144327366602613	0.129198110812105	0.157326718393452	0.138225736692274	0.139113347540416	0.122573822384703	0.111020237732834	0.0924406931068177	0.101408324701866	0.102229990620947	0.093439493845676	0.162411335151858	0.110737015503154	0.131965822128566	0.0738019209617252	0.152023093163869	0.109211418640894	0.137410500720403	0.0806157773593936	0.13304019005515	0.123518774880502	0.105231195063805	0.112669608188492	0.146314120024747	0.0894302251080677	0.113633953900381	0.0780766024188158	0.0754545732015171	0.161275275658578	0.154916025192757	0.118932486396204	0.175503439053247	0.11393197482954	0.122896671575626	0.150350189001211	0.0771875298890195	0.130278297678914
700109389	0.108606632131195	0.158663723859478	0.142720623108403	0	0.143514691375523	0.161918898011618	0.0924113289228402	0.175814831789378	0.133907077774136	0.167733382384573	0.137863854518529	0.141712224417765	0.165761726332395	0.144292342757737	0.141933678854911	0.140422693789698	0.182909617565195	0.181602601654122	0.13375139717591	0.0879239654813191	0.107422466330888	0.131801451331572	0.100214428603212	0.130593842903312	0.105261361373619	0.120203641076819	0.178839546745068	0.146890799627754	0.141023931155023	0.157812265235792	0.163279438270614	0.137135286199111	0.134617161108736	0.153083664642751	0.121734792141687	0.118451658452347	0.163865443194309	0.157539071774568	0.125607524889602	0.164162605702046	0.120028875337599	0.154447230004023	0.150872314996202	0.126721308435711	0.148451349450776	0.141948149739942	0.139761293180055	0.153874786041263	0.151110985806835	0.13894410170249	0.117142845402164	0.100342352391686	0.0737329909651826	0.134615286279008	0.111984104519156	0.16688983648816	0.103992187901454	0.0942168065811014	0.116878797817603	0.102774800237608
700023058	0.140143065535893	0.119878348158721	0.158821020683089	0.143514691375523	0	0.153328274135022	0.130803754602463	0.162609038976171	0.115856117536354	0.159514116554383	0.133526050151274	0.158234335357898	0.154640876774308	0.123185453464177	0.145331823142256	0.139697780676938	0.15415806464281	0.157405225796745	0.131958137727732	0.131833215540747	0.131272940801362	0.141413246609122	0.116739375416292	0.138087870487768	0.146909164890262	0.11115071110819	0.1447729365278	0.123020600734623	0.124048698883369	0.139618294583644	0.147020849120812	0.145093617095087	0.124210361264811	0.130735210619619	0.116772275745456	0.134789446652878	0.127083076469136	0.148179289957967	0.117534793573614	0.158211151518191	0.133382816220576	0.14493605414788	0.121021087324048	0.137969720850979	0.12805214401441	0.119739425604779	0.118815213226355	0.141253936702116	0.131947906600837	0.144732116525274	0.135072633193046	0.132898050383651	0.121675226639993	0.133883490763688	0.142113994153434	0.157272764970771	0.136014097689848	0.138714989697805	0.140757212255246	0.136025017878946
700023927	0.172936148154645	0.138841589907753	0.0669330836146729	0.161918898011618	0.153328274135022	0	0.150565028245382	0.103066083037188	0.158418039306272	0.0974666014804547	0.109899061260449	0.0880076553024718	0.10739243673518	0.115822019715363	0.0843393107593445	0.133875126371184	0.100866892318664	0.0775816511745382	0.150912491318741	0.147562604192252	0.144877730535626	0.119481412250318	0.129905516436255	0.153749416691608	0.141641424879016	0.164059805367707	0.137949700611022	0.14841672514308	0.118196806846506	0.108901990282189	0.0707154786594291	0.126700233323922	0.112667729279271	0.0879903235337293	0.17062944068393	0.120858514080446	0.121125351801476	0.0609488103118301	0.165246960709177	0.115092284540025	0.147904729551864	0.0909895539840576	0.114790820865419	0.138992705673721	0.107547002746148	0.115765165326181	0.148496711475172	0.0976101368535519	0.0904112359162001	0.0930886309566997	0.0998918092564848	0.173851858339767	0.163594197668757	0.12612977586574	0.180153429325568	0.116186259683226	0.130207902989036	0.161061578644033	0.0985419119065342	0.143976931813651
700106341	0.0859007931752197	0.145001583145774	0.133909493042009	0.0924113289228402	0.130803754602463	0.150565028245382	0	0.17368636708178	0.0827751260368634	0.157389082195569	0.114890471217637	0.121572589714738	0.153638720924209	0.137343450345587	0.135562964163989	0.107224132623735	0.169101842726956	0.168330031997042	0.0964650372075802	0.0768984733727978	0.0805418669329199	0.0988595947698919	0.100075688181017	0.110649037369493	0.0714423594663636	0.126802675991183	0.179944072169446	0.148554769522443	0.150233560456942	0.156412338549817	0.144791389311637	0.0793445173915105	0.105002189038851	0.139794453168376	0.124587853976943	0.0870623706587781	0.149159548618685	0.152847896501069	0.0902874198789151	0.172166230850857	0.115622117656568	0.13448685511361	0.116457158907154	0.0791860064067947	0.130128451320175	0.137866995626733	0.114345704691145	0.131523683350154	0.140980595316331	0.109053631669008	0.103351044711511	0.0716123353067164	0.0881945590781888	0.106148930906288	0.117396594936717	0.147683155029704	0.0973778103903558	0.0643558435542363	0.106193797101476	0.0648799871161148
700114221	0.179846327361124	0.139983199264557	0.105241161144323	0.175814831789378	0.162609038976171	0.103066083037188	0.17368636708178	0	0.177592135426498	0.0841066480497032	0.123577511536028	0.106229603931042	0.0870607981757875	0.146384323191173	0.0868974623496712	0.156022454612218	0.0887137152318724	0.128634618069655	0.170591053873837	0.16373349903851	0.162271299581843	0.139978544838595	0.160130815275084	0.182266536209219	0.171285683496843	0.178117753725983	0.130646730883753	0.136290737573813	0.114325111410529	0.116755114688181	0.108093295070638	0.14548419316318	0.117575061131453	0.12056749257074	0.182130347961388	0.127389064605349	0.149461226213758	0.0960562804165502	0.172114486532114	0.0876192191066472	0.148360886337095	0.0843803373368782	0.151701184361909	0.156113806664644	0.0992862475048046	0.124156660932866	0.14304581822292	0.0867840942484447	0.135889734296414	0.113127048913854	0.130535712050217	0.191856397196786	0.173521823290554	0.148484887582173	0.200809202846721	0.103107524523752	0.13612615939912	0.189373280491472	0.120030192979038	0.165825814892801
700023543	0.0890301655854753	0.141311662060534	0.150461407971727	0.133907077774136	0.115856117536354	0.158418039306272	0.0827751260368634	0.177592135426498	0	0.162735683064885	0.116628928181549	0.152064601564899	0.159090967029207	0.129938168430188	0.150816508607118	0.104891543878142	0.166707440369563	0.159556786219045	0.0959191389590639	0.108138482867015	0.0980107379626354	0.110149961150614	0.103373880747426	0.106274121327941	0.1075955149873	0.107155415011734	0.154382914193216	0.125574096633572	0.157461615544515	0.151301187021334	0.152176308142351	0.0973959510614693	0.121011605033563	0.144730671511081	0.108773192579509	0.120173454805556	0.130030842736518	0.164454453512222	0.0783035300510374	0.178947875477474	0.114086552861091	0.146418601118535	0.121582037133399	0.089222925204258	0.146246069042813	0.130873581478254	0.0937936478235014	0.145648357654414	0.144333563146139	0.125600446626224	0.123120252167036	0.0854503938504787	0.110196711099257	0.111406354136602	0.105247739045015	0.152189112320669	0.12532643499769	0.0874798002504448	0.128383486140382	0.0919174666974972
700023439	0.163274096696556	0.129647190112395	0.0929340797904153	0.167733382384573	0.159514116554383	0.0974666014804547	0.157389082195569	0.0841066480497032	0.162735683064885	0	0.105845993312647	0.0966666366932753	0.083351151987484	0.135398455904355	0.0932271425584488	0.134593290316131	0.0823196878158456	0.112474260092439	0.153400413108543	0.154219359863679	0.139464137660518	0.117888661702969	0.140700342584455	0.163943050024646	0.149271265003984	0.172826980920805	0.134421248838248	0.140891204582836	0.118105128969212	0.116949829996891	0.0930650959768826	0.129822494850478	0.101672056326502	0.0961676902979641	0.178118167661365	0.121579385790913	0.141653528604446	0.0895516160578519	0.162023885108585	0.0854597073233345	0.131995740028509	0.0847191199248182	0.1409626904269	0.146041132046474	0.106761976308977	0.108570530597475	0.137834930977018	0.083165705883269	0.1116872733477	0.0959918240674374	0.110644960620445	0.176197495320966	0.16646925857951	0.122706580605121	0.186397632983436	0.08711127549442	0.125232948997092	0.167325002983618	0.104038162852451	0.150711356213988
700016978	0.122339224047089	0.121058985215609	0.0974552610007259	0.137863854518529	0.133526050151274	0.109899061260449	0.114890471217637	0.123577511536028	0.116628928181549	0.105845993312647	0	0.0975227999837932	0.102125623235057	0.120900006961716	0.118182887175486	0.105261063978704	0.12497347959537	0.124501828168686	0.116570325620066	0.1139843733547	0.10860101435427	0.0749603117328792	0.117008982754953	0.124633117685374	0.102775848032706	0.152021084771632	0.131043542392196	0.118711355848497	0.125821962922995	0.117948054427634	0.0954455436322107	0.0897256036489099	0.0768263402342168	0.0886957134476789	0.141678813577822	0.0952824881080331	0.116747460491842	0.120674115201684	0.111547653019228	0.135424323811926	0.106072128507566	0.0966623843121441	0.1068618035748	0.097518240370838	0.0976109980446177	0.105320904213417	0.114957119281987	0.098371561910547	0.101320883165523	0.0889710264579604	0.085587341124524	0.134185335569149	0.129241464588986	0.0957276051946236	0.140352703668966	0.106187440696884	0.108621593895497	0.123454607767859	0.0935334482997547	0.116587577431215
700024192	0.156409754576076	0.148338763891207	0.0578959514085191	0.141712224417765	0.158234335357898	0.0880076553024718	0.121572589714738	0.106229603931042	0.152064601564899	0.0966666366932753	0.0975227999837932	0	0.0912805715200689	0.143270591641215	0.0830870348511756	0.111633710109295	0.126046179164897	0.118001119575433	0.138920036180465	0.130775208094521	0.129745803533675	0.0919061617706949	0.13132729080145	0.162759438360753	0.120069833459478	0.158506409126025	0.143727370272014	0.13876441966142	0.118270222939518	0.126448389634626	0.0956962476785813	0.09381863550923	0.0892179939504709	0.091134746109252	0.16795777936335	0.104039846525192	0.142341828911294	0.0820089142837785	0.157127744531289	0.105310725614598	0.136942786989681	0.0707116602755214	0.140651626984372	0.113088178829767	0.0846975952178512	0.116385011233336	0.142892109741333	0.0746470459944039	0.131187522772319	0.0715562076725697	0.078876263140852	0.159952422168284	0.15017993673804	0.127365788915118	0.179595692504456	0.100334568064989	0.117206168307632	0.145950337334801	0.0793085284628202	0.123972915463741
700113058	0.163269181207518	0.128011559401212	0.104624811972194	0.165761726332395	0.154640876774308	0.10739243673518	0.153638720924209	0.0870607981757875	0.159090967029207	0.083351151987484	0.102125623235057	0.0912805715200689	0	0.13250050354602	0.0935460114552304	0.136890593133667	0.107126968998075	0.130657345559858	0.152361773752675	0.150618042239682	0.145933252242961	0.118967203309219	0.149017692362912	0.174867929135067	0.15150559524129	0.169710749896815	0.133568922115548	0.118891016329407	0.1041308677879	0.113212306667552	0.102642865357063	0.122109533857242	0.0955788309686797	0.095618869675174	0.174476800792392	0.124457398408971	0.131988852097421	0.110845196336592	0.158580643011818	0.0937049943149643	0.138865889834032	0.0728313532240773	0.151983250792157	0.138434229576009	0.0885956243911219	0.115595638039705	0.144718258623234	0.0813452311173754	0.121194062015352	0.0940211682515006	0.116820012240565	0.174789857990439	0.163501946929722	0.140833767741009	0.191922221842038	0.0817762502062536	0.127615474204438	0.171534739226395	0.11227025575687	0.147968101397182
700099448	0.147879622991235	0.117826367671905	0.127151985312581	0.144292342757737	0.123185453464177	0.115822019715363	0.137343450345587	0.146384323191173	0.129938168430188	0.135398455904355	0.120900006961716	0.143270591641215	0.13250050354602	0	0.116745464284594	0.138629685812853	0.126098850316984	0.123270160897794	0.13321543666571	0.128144776997071	0.125834065505788	0.127645140691787	0.10493422780626	0.131065398446661	0.135344543248383	0.124210370827769	0.13066821894521	0.132237095396034	0.108453272966708	0.105653544319787	0.115088847338905	0.13466129226709	0.118197210581904	0.106647623809682	0.127292066374349	0.120108097176741	0.125665555332657	0.12319998329882	0.125381274839796	0.142406372670852	0.134256123997782	0.123635668096913	0.122418020609779	0.14795051649404	0.115199968310999	0.113478903360783	0.115652730137302	0.125916056650768	0.0786916857602593	0.127579362077454	0.110849086562547	0.13029948612008	0.138220032489242	0.128112259460636	0.140325665007267	0.136889389907647	0.119598441619068	0.132624685386759	0.106078303892014	0.135255173805638
700109870	0.164282193674923	0.137215310043594	0.0772621923665578	0.141933678854911	0.145331823142256	0.0843393107593445	0.135562964163989	0.0868974623496712	0.150816508607118	0.0932271425584488	0.118182887175486	0.0830870348511756	0.0935460114552304	0.116745464284594	0	0.130378433637113	0.101674785364888	0.120604319218181	0.150898876906942	0.124246554494547	0.129281141004622	0.118525948038292	0.122412046909527	0.162639599726752	0.134671783863731	0.158187612568935	0.13783118827192	0.130369946530436	0.10087649677219	0.0930296758432495	0.109339622736851	0.116598146348492	0.110122147664456	0.107438228784227	0.167253905488595	0.118535008246606	0.136987390812141	0.0732932046256273	0.155975099850886	0.0887708845172772	0.146391710031472	0.0657735036673969	0.148789565842582	0.129352691524115	0.0952734432893372	0.113852209623009	0.137254039149874	0.0816272728329761	0.113689471853163	0.0864297577296992	0.101695818597919	0.154812798224859	0.140965637867109	0.136935401117224	0.175113906180328	0.100297433885096	0.105188089218661	0.150617287915712	0.0848341279995049	0.127489949425438
700033928	0.104138840608651	0.156662738071644	0.114633395833013	0.140422693789698	0.139697780676938	0.133875126371184	0.107224132623735	0.156022454612218	0.104891543878142	0.134593290316131	0.105261063978704	0.111633710109295	0.136890593133667	0.138629685812853	0.130378433637113	0	0.152023318670086	0.134704672756738	0.100208901972453	0.123008090833359	0.105214410076581	0.096442644114753	0.120943312366158	0.0998908535760591	0.109722508091007	0.135821145773499	0.150782704361672	0.113574268763831	0.140142499065791	0.144219785170684	0.127053625512687	0.102453731798622	0.096375921323649	0.122479630083212	0.135218035891552	0.127098868240213	0.116384839652413	0.141071977326649	0.113439221628725	0.158090698398633	0.0866610662137161	0.112191925165115	0.133367113906105	0.111655324517111	0.120830803406376	0.124864282808404	0.110456384778696	0.131430493984809	0.134114654547496	0.0953524569968469	0.088467910712769	0.123401479111142	0.122569625660848	0.112206340409331	0.125603712385777	0.131467796721469	0.110706537445409	0.106661152283916	0.109831903299324	0.108274382475601
700023693	0.176623557159661	0.121054691436826	0.109305062771623	0.182909617565195	0.15415806464281	0.100866892318664	0.169101842726956	0.0887137152318724	0.166707440369563	0.0823196878158456	0.12497347959537	0.126046179164897	0.107126968998075	0.126098850316984	0.101674785364888	0.152023318670086	0	0.114762299259355	0.164807858051877	0.166454634597242	0.153290145340598	0.139301924347893	0.149636108002422	0.17357247429376	0.167523389058072	0.179574924932751	0.140156043634631	0.148017125636057	0.122252813550949	0.112258912467452	0.0947988443371608	0.142063515292715	0.117610060463919	0.116801352519033	0.175777745672649	0.129368013552244	0.143323449776604	0.108052748100689	0.162093984918102	0.101884403233478	0.1430227098068	0.100031946980875	0.133976704249221	0.161125310001773	0.112999591335053	0.114707714961762	0.138971681448817	0.0950430328187802	0.108486034323293	0.112252162559282	0.131524089116587	0.182936361188043	0.173142248286133	0.136638954874579	0.192657427330194	0.114718888804039	0.133112298538659	0.181676214848765	0.130249719601554	0.161709079408772
700109627	0.165396872403091	0.144025698133663	0.102988721499198	0.181602601654122	0.157405225796745	0.0775816511745382	0.168330031997042	0.128634618069655	0.159556786219045	0.112474260092439	0.124501828168686	0.118001119575433	0.130657345559858	0.123270160897794	0.120604319218181	0.134704672756738	0.114762299259355	0	0.156622748685911	0.160225376880735	0.156901082496439	0.119281612634199	0.149060784937599	0.147715600380813	0.152324223407218	0.171159144007899	0.132791179761484	0.146325660309703	0.133738990209877	0.115716491989645	0.0943333216732309	0.140530041132314	0.12695471323731	0.101670504423301	0.168365050129432	0.148214908982921	0.123643997925237	0.0949670942497493	0.165380655448846	0.13769747311705	0.154665705905009	0.108920713007876	0.123341962109341	0.150004555449596	0.130789459139475	0.136387238305959	0.145624745282965	0.123639246993669	0.0946462200021453	0.112649977371116	0.11629751833411	0.181718977723956	0.167241101006807	0.130727774833098	0.176144387043771	0.125270461752852	0.151584506776496	0.172958273762782	0.124397406758204	0.160635381237169
700095416	0.0936743464976705	0.151809776486197	0.140310953239688	0.13375139717591	0.131958137727732	0.150912491318741	0.0964650372075802	0.170591053873837	0.0959191389590639	0.153400413108543	0.116570325620066	0.138920036180465	0.152361773752675	0.13321543666571	0.150898876906942	0.100208901972453	0.164807858051877	0.156622748685911	0	0.12254829842371	0.0961007322602327	0.110950411057336	0.114809621927984	0.0989193424057215	0.105796578038621	0.121517153574554	0.15532481402576	0.122390629070591	0.142926429144383	0.163031279862889	0.137878989407596	0.109220043091972	0.10810722739014	0.143300540460278	0.123920893816899	0.123009851720063	0.115877388061779	0.155207382588343	0.0996495488035342	0.173280820699548	0.10407287907697	0.138103358571072	0.110705619528449	0.109959012573495	0.134723787038944	0.121722568897342	0.111733318314103	0.142535298215634	0.136814500303144	0.117113304093352	0.103873597123629	0.110061880370589	0.120355430563884	0.0987378490943406	0.119738815133156	0.144800049593887	0.119051653576754	0.0994869964372384	0.124406439172276	0.11598090367937
700110425	0.103290887811214	0.137702034707699	0.138994690373309	0.0879239654813191	0.131833215540747	0.147562604192252	0.0768984733727978	0.16373349903851	0.108138482867015	0.154219359863679	0.1139843733547	0.130775208094521	0.150618042239682	0.128144776997071	0.124246554494547	0.123008090833359	0.166454634597242	0.160225376880735	0.12254829842371	0	0.0855034850601487	0.109625298539699	0.09204872467741	0.118233270392982	0.0763977266247806	0.130891396624479	0.160209080535701	0.132163250484031	0.135761708000374	0.136685272195655	0.149744451776379	0.106480892179142	0.1097379169991	0.138359133972394	0.128593260584413	0.0854945234088157	0.143735822417466	0.152139130669835	0.107259804549297	0.162609347545174	0.120675317151698	0.133018252880016	0.127600568261295	0.0872649715458529	0.126487546489571	0.134043048024077	0.115792294349267	0.133167993294319	0.129951584232226	0.11376499788545	0.102816670987702	0.0805835818220413	0.060408126868355	0.116377414592247	0.110459027784656	0.143999190294945	0.0799726730548277	0.0770595512045776	0.104098387974387	0.0808472539179535
700111580	0.0925695687307641	0.135033705435566	0.135631775818397	0.107422466330888	0.131272940801362	0.144877730535626	0.0805418669329199	0.162271299581843	0.0980107379626354	0.139464137660518	0.10860101435427	0.129745803533675	0.145933252242961	0.125834065505788	0.129281141004622	0.105214410076581	0.153290145340598	0.156901082496439	0.0961007322602327	0.0855034850601487	0	0.0899350666689397	0.0963878148587454	0.106517280962317	0.0697090181286123	0.136132571523579	0.164738114520779	0.14222994792353	0.127394063080861	0.143723973552415	0.136023918233305	0.0952734157733647	0.10242804327359	0.136105151924751	0.140459649925888	0.0955672479406156	0.14693484445631	0.146935548273343	0.112270543606794	0.158690055717903	0.105629840749609	0.12321428506668	0.126744125570764	0.100369631193012	0.118993992012801	0.116176282524565	0.108588164064611	0.119100023341823	0.120016392127547	0.113107628402769	0.105601990312138	0.0909356189069006	0.0983189024214799	0.0899940798653957	0.114162788251876	0.134607457571224	0.0747920109269909	0.07102358229915	0.0986502977001895	0.0804713386830613
700111302	0.108748419546034	0.121347735113072	0.0950269464887147	0.131801451331572	0.141413246609122	0.119481412250318	0.0988595947698919	0.139978544838595	0.110149961150614	0.117888661702969	0.0749603117328792	0.0919061617706949	0.118967203309219	0.127645140691787	0.118525948038292	0.096442644114753	0.139301924347893	0.119281612634199	0.110950411057336	0.109625298539699	0.0899350666689397	0	0.118238731199362	0.118613442152196	0.0869717395420108	0.146297549641891	0.147359424936638	0.132415543332114	0.126955349560436	0.129051658514202	0.106188709455308	0.0728143636694362	0.0794945771261904	0.100273718496691	0.144928304029345	0.0953484317412363	0.131647709035296	0.12728076597297	0.117828653680276	0.138562722562336	0.119780005032951	0.0973823767384778	0.122608899902555	0.0907513504347672	0.0998029148672927	0.119121852766354	0.120080866949282	0.0994343840729699	0.115851746715684	0.0765417959319841	0.078983326183404	0.125461676299191	0.123391015421073	0.0884441139645662	0.136684858154165	0.110675454115633	0.102948852372694	0.109371214742867	0.0815338137985465	0.10938047330377
700098605	0.113845140079442	0.122012169701061	0.121820755130263	0.100214428603212	0.116739375416292	0.129905516436255	0.100075688181017	0.160130815275084	0.103373880747426	0.140700342584455	0.117008982754953	0.13132729080145	0.149017692362912	0.10493422780626	0.122412046909527	0.120943312366158	0.149636108002422	0.149060784937599	0.114809621927984	0.09204872467741	0.0963878148587454	0.118238731199362	0	0.114572052852167	0.110681408515785	0.119940446453545	0.139699264458964	0.130419124669149	0.129006367715993	0.125376553226182	0.130354653697789	0.11208588919183	0.121030247488605	0.125328582459623	0.117765984949535	0.101148491704455	0.126825522254035	0.124213656864806	0.109344773070738	0.149746150360893	0.112046855777493	0.136005813333212	0.126676621834621	0.104738654878212	0.135735209217165	0.114726007640926	0.115402326805585	0.13060852998697	0.120470365020212	0.120675388491259	0.107670865190828	0.102314303253426	0.103266857876193	0.113254229938245	0.105649558082222	0.146123749818504	0.109518102941858	0.0978355197805328	0.104558013816737	0.0841229335192755
700111991	0.0931048960567741	0.161093342640159	0.144327366602613	0.130593842903312	0.138087870487768	0.153749416691608	0.110649037369493	0.182266536209219	0.106274121327941	0.163943050024646	0.124633117685374	0.162759438360753	0.174867929135067	0.131065398446661	0.162639599726752	0.0998908535760591	0.17357247429376	0.147715600380813	0.0989193424057215	0.118233270392982	0.106517280962317	0.118613442152196	0.114572052852167	0	0.109446731628311	0.11294196072846	0.146229922420156	0.130488895201244	0.15266565400799	0.164529278410514	0.149236384398286	0.135449923625896	0.129979985938955	0.152880081339053	0.121154484208973	0.125665656065989	0.13102174654987	0.163293596940122	0.108283754576525	0.18561538333979	0.103277418220993	0.160673167310482	0.128724894618111	0.130525711998808	0.153851762398561	0.131552668029998	0.112946206192783	0.159326433884175	0.137841986413499	0.142668317772254	0.118752598138427	0.116002458154872	0.117601686688096	0.0964573421633115	0.0961141540458544	0.16730764985871	0.126166817809226	0.100572846104963	0.133272155849343	0.121475232208226
700108960	0.0965146021782881	0.14823164231157	0.129198110812105	0.105261361373619	0.146909164890262	0.141641424879016	0.0714423594663636	0.171285683496843	0.1075955149873	0.149271265003984	0.102775848032706	0.120069833459478	0.15150559524129	0.135344543248383	0.134671783863731	0.109722508091007	0.167523389058072	0.152324223407218	0.105796578038621	0.0763977266247806	0.0697090181286123	0.0869717395420108	0.110681408515785	0.109446731628311	0	0.146830666028122	0.177010782643716	0.144254016651246	0.140587545787478	0.147195919264486	0.142409767836357	0.0827058727168652	0.110931672878668	0.132366863011881	0.143280548245652	0.0935190786931509	0.146662251410568	0.147240479419938	0.111138888603468	0.167117528949015	0.122370153132305	0.127667971214689	0.128319668078747	0.0896099599021131	0.125750632337783	0.138384832785102	0.130125339033617	0.132697379542961	0.130797341441174	0.0975241808889761	0.0906993423121095	0.0896514253522153	0.0816704529333656	0.0959784332495121	0.108271816594012	0.143311697206509	0.0849766940726723	0.068633154861253	0.0975747912326246	0.0765467818586554
700024452	0.128385924574464	0.15378892381782	0.157326718393452	0.120203641076819	0.11115071110819	0.164059805367707	0.126802675991183	0.178117753725983	0.107155415011734	0.172826980920805	0.152021084771632	0.158506409126025	0.169710749896815	0.124210370827769	0.158187612568935	0.135821145773499	0.179574924932751	0.171159144007899	0.121517153574554	0.130891396624479	0.136132571523579	0.146297549641891	0.119940446453545	0.11294196072846	0.146830666028122	0	0.155408639826059	0.116385771745281	0.115754534212679	0.157765654939585	0.16027821277675	0.157856559863488	0.138819276635823	0.1538763202068	0.0718452761989417	0.129471939503674	0.149447995172434	0.161427795703624	0.108576927426379	0.165386785427192	0.12253395310453	0.162825407390971	0.137782751108373	0.142251698915404	0.147736481763924	0.113447302769024	0.107210974948215	0.164505337907996	0.151214517285753	0.147236293692892	0.129256714672057	0.108148529406167	0.112692518605254	0.134284282890135	0.115288004231729	0.172107144673877	0.12985816264587	0.122834035220634	0.130975391087724	0.139548310002489
700032931	0.159177664094124	0.129597786926697	0.138225736692274	0.178839546745068	0.1447729365278	0.137949700611022	0.179944072169446	0.130646730883753	0.154382914193216	0.134421248838248	0.131043542392196	0.143727370272014	0.133568922115548	0.13066821894521	0.13783118827192	0.150782704361672	0.140156043634631	0.132791179761484	0.15532481402576	0.160209080535701	0.164738114520779	0.147359424936638	0.139699264458964	0.146229922420156	0.177010782643716	0.155408639826059	0	0.122125105661733	0.140539674932451	0.134872680750775	0.132592789760745	0.154710465063031	0.134585182598008	0.123999444911173	0.150433416185597	0.149186467454561	0.1271891073483	0.133252780777734	0.146912227993387	0.13886340857756	0.136310654437793	0.135880213778958	0.141993552756619	0.158281517023489	0.135735271596277	0.129716325177832	0.127986486031146	0.12917223799075	0.137959761061622	0.137601571195064	0.136209991156174	0.181630443133666	0.165939199814387	0.134672556765234	0.161693202416987	0.132527781169109	0.162088566466823	0.17585487244222	0.134359629277045	0.166088717987614
700095837	0.123321634190432	0.135616986039311	0.139113347540416	0.146890799627754	0.123020600734623	0.14841672514308	0.148554769522443	0.136290737573813	0.125574096633572	0.140891204582836	0.118711355848497	0.13876441966142	0.118891016329407	0.132237095396034	0.130369946530436	0.113574268763831	0.148017125636057	0.146325660309703	0.122390629070591	0.132163250484031	0.14222994792353	0.132415543332114	0.130419124669149	0.130488895201244	0.144254016651246	0.116385771745281	0.122125105661733	0	0.100030165612869	0.113983420546137	0.142174319354045	0.145882108250406	0.10987433515002	0.123686622854182	0.126542723570329	0.135610877327428	0.118614218986442	0.149865551157696	0.117536203206909	0.141781136281817	0.117137735515841	0.121112002512251	0.142042995426622	0.137016032338118	0.118713701444408	0.12139635352019	0.114317370632297	0.131428527702532	0.140430074287348	0.124396428412137	0.111337708575542	0.14072072243879	0.129104610169288	0.13210122843222	0.138643641462766	0.136583970038166	0.133781931787958	0.142641379370153	0.130663606966039	0.143475504461552
700024548	0.151432838150799	0.11380822265145	0.122573822384703	0.141023931155023	0.124048698883369	0.118196806846506	0.150233560456942	0.114325111410529	0.157461615544515	0.118105128969212	0.125821962922995	0.118270222939518	0.1041308677879	0.108453272966708	0.10087649677219	0.140142499065791	0.122252813550949	0.133738990209877	0.142926429144383	0.135761708000374	0.127394063080861	0.126955349560436	0.129006367715993	0.15266565400799	0.140587545787478	0.115754534212679	0.140539674932451	0.100030165612869	0	0.100237413661164	0.117282044304534	0.147938784612504	0.112832831999336	0.100957545692207	0.125300389904124	0.114626633104892	0.138104366227343	0.113670877039661	0.141550636556951	0.103645224898401	0.127385470651533	0.099019109452792	0.139107056935371	0.151018425902347	0.0919589647805154	0.0761822192248933	0.126853677230442	0.106009928677182	0.114691135724827	0.120233293153069	0.108470306913288	0.150594240292995	0.134710743628029	0.12779519727934	0.156185501193627	0.121407806420633	0.110587634089804	0.150106645285698	0.105352569385537	0.153456174772155
700110161	0.166893814931346	0.128834446366138	0.111020237732834	0.157812265235792	0.139618294583644	0.108901990282189	0.156412338549817	0.116755114688181	0.151301187021334	0.116949829996891	0.117948054427634	0.126448389634626	0.113212306667552	0.105653544319787	0.0930296758432495	0.144219785170684	0.112258912467452	0.115716491989645	0.163031279862889	0.136685272195655	0.143723973552415	0.129051658514202	0.125376553226182	0.164529278410514	0.147195919264486	0.157765654939585	0.134872680750775	0.113983420546137	0.100237413661164	0	0.106695739970115	0.135419391400962	0.121774884241713	0.0965433941650231	0.157322687557645	0.1326894980832	0.127986463058983	0.107304219398246	0.152209118309528	0.118242470832172	0.154268856628019	0.100878649476381	0.13459304018789	0.141469392322846	0.115591476023428	0.129678810885788	0.14377488004829	0.104578179860528	0.100319004154535	0.110694359835276	0.123310460380897	0.158157715930402	0.147192939986576	0.138472503164415	0.168064807042039	0.11995408342774	0.114848605296628	0.159387790649867	0.107766342266355	0.145016441232178
700023496	0.158818784250153	0.127576917997008	0.0924406931068177	0.163279438270614	0.147020849120812	0.0707154786594291	0.144791389311637	0.108093295070638	0.152176308142351	0.0930650959768826	0.0954455436322107	0.0956962476785813	0.102642865357063	0.115088847338905	0.109339622736851	0.127053625512687	0.0947988443371608	0.0943333216732309	0.137878989407596	0.149744451776379	0.136023918233305	0.106188709455308	0.130354653697789	0.149236384398286	0.142409767836357	0.16027821277675	0.132592789760745	0.142174319354045	0.117282044304534	0.106695739970115	0	0.118263897498907	0.0905320156076443	0.0778224211691888	0.15939605189928	0.11311586880376	0.118021452705572	0.0868827549331539	0.153377965511495	0.117718517947736	0.128742493803822	0.0929454103124975	0.109436971254159	0.134016995511628	0.0883689318638856	0.103224138242653	0.138273399079866	0.0907910265264791	0.081847674874683	0.0930711249244064	0.103278810842565	0.171319716659007	0.16322292864541	0.109184827696992	0.178583514620353	0.101766937107655	0.122642719227069	0.159963828028264	0.112657959925575	0.144269878119306
700034628	0.117651923870996	0.132823168518528	0.101408324701866	0.137135286199111	0.145093617095087	0.126700233323922	0.0793445173915105	0.14548419316318	0.0973959510614693	0.129822494850478	0.0897256036489099	0.09381863550923	0.122109533857242	0.13466129226709	0.116598146348492	0.102453731798622	0.142063515292715	0.140530041132314	0.109220043091972	0.106480892179142	0.0952734157733647	0.0728143636694362	0.11208588919183	0.135449923625896	0.0827058727168652	0.157856559863488	0.154710465063031	0.145882108250406	0.147938784612504	0.135419391400962	0.118263897498907	0	0.0919561752269892	0.10993251481564	0.147631400719874	0.0868818329668532	0.138275686890284	0.131208962611854	0.123728507261055	0.143079436296296	0.129784440441421	0.100423528128529	0.125696489957676	0.060375285060976	0.109545128351999	0.134006693600149	0.129611753363566	0.10108040101536	0.124314336139941	0.0741268715375012	0.0944624014789139	0.11593563230784	0.121225620887429	0.107779246222619	0.145317909705608	0.113659996970767	0.108883441280105	0.100032013062613	0.0936483242348018	0.0783057730468571
700023645	0.124582475217005	0.114235639337679	0.102229990620947	0.134617161108736	0.124210361264811	0.112667729279271	0.105002189038851	0.117575061131453	0.121011605033563	0.101672056326502	0.0768263402342168	0.0892179939504709	0.0955788309686797	0.118197210581904	0.110122147664456	0.096375921323649	0.117610060463919	0.12695471323731	0.10810722739014	0.1097379169991	0.10242804327359	0.0794945771261904	0.121030247488605	0.129979985938955	0.110931672878668	0.138819276635823	0.134585182598008	0.10987433515002	0.112832831999336	0.121774884241713	0.0905320156076443	0.0919561752269892	0	0.0902400624978681	0.13925078812933	0.0878167534483695	0.116170802654358	0.120372959981576	0.121461774351805	0.124567625944612	0.108123546167885	0.0851378964572605	0.103792835216791	0.10298254591663	0.0795111562929151	0.100248133495371	0.105999982907434	0.0889928532448992	0.108824414516736	0.0786608915258908	0.0801226761748901	0.133508698107867	0.125338999907496	0.103529142635611	0.150022352161939	0.0966252785723915	0.0961270656926288	0.12365554469048	0.0905538979527672	0.116482580116818
700038744	0.149047264759461	0.119943045517568	0.093439493845676	0.153083664642751	0.130735210619619	0.0879903235337293	0.139794453168376	0.12056749257074	0.144730671511081	0.0961676902979641	0.0886957134476789	0.091134746109252	0.095618869675174	0.106647623809682	0.107438228784227	0.122479630083212	0.116801352519033	0.101670504423301	0.143300540460278	0.138359133972394	0.136105151924751	0.100273718496691	0.125328582459623	0.152880081339053	0.132366863011881	0.1538763202068	0.123999444911173	0.123686622854182	0.100957545692207	0.0965433941650231	0.0778224211691888	0.10993251481564	0.0902400624978681	0	0.151198074312132	0.108522129759125	0.110315774706888	0.0843366939120275	0.150109186058103	0.114532731216904	0.13223293466907	0.0830132543615839	0.118709005814648	0.128823086656393	0.082992058936412	0.10692751349933	0.133633047480096	0.0845542055451179	0.0854591821783842	0.0871538423783981	0.0956896675505124	0.163016608969622	0.149306804724164	0.113260752526863	0.171459573865243	0.103252934368509	0.124357731844624	0.151327106591718	0.0911121377595087	0.140507456675878
700038485	0.12718753430915	0.147175429335047	0.162411335151858	0.121734792141687	0.116772275745456	0.17062944068393	0.124587853976943	0.182130347961388	0.108773192579509	0.178118167661365	0.141678813577822	0.16795777936335	0.174476800792392	0.127292066374349	0.167253905488595	0.135218035891552	0.175777745672649	0.168365050129432	0.123920893816899	0.128593260584413	0.140459649925888	0.144928304029345	0.117765984949535	0.121154484208973	0.143280548245652	0.0718452761989417	0.150433416185597	0.126542723570329	0.125300389904124	0.157322687557645	0.15939605189928	0.147631400719874	0.13925078812933	0.151198074312132	0	0.131432541439787	0.145478945136264	0.168879209202369	0.104392011726598	0.170681522626416	0.123686163433161	0.166844603015403	0.13666304468549	0.13745482432255	0.152143041288715	0.112200443287052	0.105869169927163	0.172105642758184	0.147844179196562	0.1526249135772	0.128484637281041	0.104949854716093	0.112325648323219	0.134493031348784	0.113433805657123	0.175126140464954	0.142379684488489	0.125907522658117	0.138073981743415	0.134910003359035
700024743	0.122640234922475	0.113619791877227	0.110737015503154	0.118451658452347	0.134789446652878	0.120858514080446	0.0870623706587781	0.127389064605349	0.120173454805556	0.121579385790913	0.0952824881080331	0.104039846525192	0.124457398408971	0.120108097176741	0.118535008246606	0.127098868240213	0.129368013552244	0.148214908982921	0.123009851720063	0.0854945234088157	0.0955672479406156	0.0953484317412363	0.101148491704455	0.125665656065989	0.0935190786931509	0.129471939503674	0.149186467454561	0.135610877327428	0.114626633104892	0.1326894980832	0.11311586880376	0.0868818329668532	0.0878167534483695	0.108522129759125	0.131432541439787	0	0.14521429456231	0.128273000097691	0.114720023916126	0.127857339737323	0.113531681272888	0.110472702074608	0.113411642933606	0.0933357914519099	0.103677267445011	0.104938880349336	0.116694678032765	0.103058475670759	0.114744781316445	0.0962377444900564	0.0938725683695334	0.110813169945129	0.113515695913661	0.0996752281124908	0.130636915276832	0.124883873708959	0.099215613699264	0.096351875140907	0.0869320434036592	0.0969475287889974
