700108602	700014971	700033565	700109389	700023058	700023927	700106341	700114221	700023543	700023439	700016978	700024192	700113058	700099448	700109870	700033928	700023693	700109627	700095416	700110425	700111580	700111302	700098605	700111991	700108960	700024452	700032931	700095837	700024548	700110161	700023496	700034628	700023645	700038744	700038485	700024743	700099596	700110760	700101587	700106399	700032322	700095653	700021312	700101230	700023590	700038905	700033136	700023382	700096424	700105469	700016908	700096053	700108479	700109569	700033814	700016125	700109756	700102665	700101777	700109455
700108602	0	0.157056230627723	0.162604996260973	0.106263176901123	0.118119396660739	0.160850884121109	0.0878283357292705	0.175965124266526	0.0952300414277656	0.159315918695648	0.11987327169519	0.150525142795159	0.158880165990843	0.145067926168637	0.154762619520433	0.101068044023854	0.174734985148942	0.154983707747075	0.0932369327562219	0.0906804406546643	0.0858202561611299	0.101366132808756	0.109017089031642	0.0659424647899748	0.0928792605521369	0.118424770240517	0.13971150058895	0.123512617185869	0.145762699762971	0.161749660046573	0.161777775131296	0.121986013910209	0.114998322701917	0.149321932910985	0.119105764136974	0.106500578202428	0.128742153893805	0.167496448897105	0.0907603628796882	0.174102683270864	0.10603004630246	0.145408547737812	0.143188041488166	0.113890650722957	0.140257775894539	0.136590898007869	0.123940324827685	0.146266908139315	0.14316482615559	0.130061479086793	0.109784520813458	0.0998391065524588	0.0959801468718512	0.101849184323229	0.0895169003224373	0.155833558393533	0.0961309747654308	0.0799351391971573	0.130981063476309	0.0935186629805238
700014971	0.157056230627723	0	0.146522029213094	0.162269794853924	0.131951572492339	0.140884874163035	0.162301244111902	0.13826996885304	0.149819967480315	0.130301077627907	0.123473927740806	0.152948251460898	0.138387599111181	0.13012144751934	0.140079661312366	0.159397931621039	0.123538762690279	0.143392629373056	0.164924941081759	0.141411285962483	0.146981254346028	0.12626668732647	0.133546133072333	0.16626187471109	0.162624375265232	0.157330313760066	0.122917560339609	0.139579947635903	0.125749025588595	0.138923148846504	0.13473206720026	0.145407543366848	0.122931206510546	0.12337067908129	0.140756460536176	0.124991606883349	0.153923738192731	0.153685600785906	0.151119826701219	0.138025462181176	0.151044886299966	0.134152439247619	0.144750992772439	0.137688266410844	0.130699694013211	0.123756779709583	0.132883874210494	0.125878990600474	0.125695052469965	0.135624151219872	0.141212881032796	0.165342131432883	0.153013946518471	0.122320177045377	0.172129378954235	0.123561686158876	0.141591696592476	0.16044161727008	0.13105086676044	0.155444984488827
700033565	0.162604996260973	0.146522029213094	0	0.152915081009587	0.150075460121422	0.07516372109712	0.147760228896313	0.0960465349359499	0.154003978556686	0.101243535808046	0.101105173043086	0.0641845550260302	0.103201429583542	0.132693469369513	0.0865305149355489	0.119856359913061	0.102100870075863	0.0988552268241081	0.146856599816821	0.147305487490097	0.144084733696527	0.0955368250280924	0.142011377658016	0.1563607180466	0.141537045623757	0.170017819877465	0.141220628990605	0.145490355559888	0.12452867261686	0.101127951579962	0.105658079672413	0.107687160137935	0.113107820920062	0.088936942402942	0.160403644379623	0.115310115624691	0.137749104175966	0.0887394281124985	0.157581725982095	0.104958571350585	0.139182488850439	0.0822025965385806	0.143064358109134	0.121282153966661	0.109262794348095	0.126368932758453	0.155498448516447	0.088399277603731	0.125640124316691	0.0825034647447075	0.0895743060963475	0.167536739305539	0.161806687156887	0.122395804273038	0.191792149186654	0.107609946598911	0.131707528062799	0.156555977228851	0.0886936926634621	0.144653853719383
700109389	0.106263176901123	0.162269794853924	0.152915081009587	0	0.141203383418985	0.165366240548655	0.0937713856935194	0.1773168155584	0.137607384523511	0.168846640151357	0.140746544070952	0.138633843560163	0.165949094947364	0.147380374282917	0.145510570280563	0.137109460571095	0.178230530027013	0.171565547407767	0.143790346284995	0.0938236078194961	0.111452777015189	0.132517521636498	0.104233208669713	0.117926975485148	0.108318905125086	0.125379103933165	0.171460150776053	0.149024205865191	0.133839118531908	0.157899856688209	0.177697808996816	0.144688231828213	0.13742301269081	0.159476266749941	0.117326675240132	0.117176696394516	0.167923102755721	0.164258713431722	0.123038369034594	0.164879092996813	0.1268695546634	0.15343673218841	0.153271562198415	0.124123865981048	0.15078937572695	0.145489349318056	0.147645968313108	0.150224424717477	0.154003074418814	0.138800257184053	0.115459200336993	0.103682181544831	0.0729308683010974	0.133441155624623	0.121188910889766	0.168529343674609	0.109452856309568	0.0936079214392476	0.11412345091001	0.104232597943862
700023058	0.118119396660739	0.131951572492339	0.150075460121422	0.141203383418985	0	0.142049255520132	0.120215004076924	0.160503135306312	0.104872482277879	0.140145505018889	0.12221177244697	0.148783353680923	0.154887882759175	0.126174375972764	0.145337159472073	0.132031114016593	0.146363757517154	0.145136276163537	0.126010187878762	0.119713367569003	0.121800379869209	0.122602071689923	0.121434474736874	0.129730025816934	0.130148878424689	0.124432064759516	0.135079940127385	0.134854699324699	0.122784704468214	0.145734401115031	0.141716752908144	0.139251931305112	0.115887955129545	0.133976557352973	0.116854198409254	0.119747810844118	0.122190886885695	0.14365528898454	0.103477744148279	0.155707471417217	0.121478973826131	0.13569323086115	0.116127882477613	0.129590675401554	0.12764205722142	0.12465272052112	0.124254640115546	0.138517302193036	0.124326402558948	0.13559670960622	0.129230542555796	0.126690832299556	0.124264748378291	0.119851234989035	0.135872269430154	0.152484943969808	0.120401070795851	0.119738247582074	0.130837185684162	0.122033611021473
700023927	0.160850884121109	0.140884874163035	0.07516372109712	0.165366240548655	0.142049255520132	0	0.156167935036086	0.101728066381399	0.161004052491401	0.082491048492761	0.10595043767162	0.0854642662979288	0.107641715998432	0.0980438493375858	0.0792591478073	0.137967518634704	0.0973649226396607	0.085259114862227	0.156381520671828	0.151302234241732	0.144477323119457	0.119188959467408	0.129701129983877	0.164630187189234	0.148724416347817	0.178928762804908	0.131163756978449	0.150525053945631	0.120065822401048	0.0890873704259584	0.0712002148243073	0.120895272259033	0.116340112191662	0.07301461545576	0.165641737358996	0.115283832090628	0.11395753793653	0.0577557995590186	0.1639819305023	0.108501737463197	0.151868974140807	0.088146179170138	0.133873717622137	0.130228714100321	0.10797165266016	0.120767107287509	0.152986552026034	0.0812696509137779	0.0814703011600603	0.0879838805000017	0.108512379132913	0.172929171159496	0.166391621471449	0.124635686619831	0.186347757536674	0.104142257150097	0.132383318985136	0.160492461346926	0.100329488553326	0.149178809546893
700106341	0.0878283357292705	0.162301244111902	0.147760228896313	0.0937713856935194	0.120215004076924	0.156167935036086	0	0.176754254497445	0.0759305139203449	0.164800271188331	0.124139369856797	0.12918537603207	0.160326102248287	0.142327141529443	0.140786229289517	0.119157129777928	0.176145689772053	0.166590245515939	0.104272685340443	0.0761511048742084	0.0833064457088028	0.10122190173735	0.11182487671471	0.106713377360328	0.0665367216795381	0.12608993931646	0.173081376678327	0.155223169095822	0.144606198954087	0.157287270396733	0.164348263338808	0.085578907408852	0.118084585490991	0.147185045120084	0.123956887289014	0.0851195622031769	0.151768427194223	0.158258312484847	0.0834163629995998	0.171342987349086	0.120366321640824	0.141131257265493	0.124804556064826	0.0868316486102557	0.139853959175799	0.148315526123181	0.134703080864146	0.137421594034287	0.146367290988691	0.109601443251205	0.111847534196512	0.0682747272469588	0.0858028622935062	0.110424800340823	0.115440083163175	0.158681065675436	0.0944816605829366	0.0661375954286858	0.112094422606091	0.069751515966848
700114221	0.175965124266526	0.13826996885304	0.0960465349359499	0.1773168155584	0.160503135306312	0.101728066381399	0.176754254497445	0	0.170233685753615	0.0818292233418604	0.126197814071809	0.108705171652674	0.0891617786861132	0.146295062873645	0.0935413891874365	0.15304536313148	0.0769931331873712	0.139272915821184	0.1683742840186	0.166206828666584	0.160736835283905	0.135161702195913	0.165460889089968	0.181146943101935	0.174100145800883	0.181445714869293	0.143486084682865	0.148332953031851	0.118790650269586	0.110048113126926	0.122579718720101	0.142493158411725	0.122791839379689	0.11480852386994	0.182782599663611	0.13411965308756	0.145787551113878	0.0946634253684314	0.172528405626133	0.0926610045276185	0.142979265706389	0.0942404283394219	0.161371413337488	0.147516902968094	0.110040286526753	0.123399284635604	0.148103699971635	0.0885230167799091	0.132778240674696	0.109843487550825	0.131920107694381	0.191714444775411	0.177409628868455	0.138764051723325	0.205768001478723	0.0894009224360247	0.136497573241869	0.182243064685082	0.116469304613355	0.166349056917491
700023543	0.0952300414277656	0.149819967480315	0.154003978556686	0.137607384523511	0.104872482277879	0.161004052491401	0.0759305139203449	0.170233685753615	0	0.150650639231798	0.112134060530236	0.145488646236125	0.157879979976146	0.137591190532262	0.149813068304813	0.0979252164899939	0.171004248691693	0.155019073666219	0.0905393319429841	0.10443432536343	0.100181345224831	0.0980942406161442	0.114526684273359	0.108681158819331	0.097484299780226	0.108113269538043	0.146776505555369	0.129260486477039	0.151067879887158	0.153374560849033	0.156939011598539	0.0986506389550789	0.113710833976342	0.151111276210573	0.108662037088996	0.106876297938458	0.130243021253334	0.164981672532134	0.0791044428982318	0.176831189655733	0.112810782477178	0.142764245478537	0.124937982598709	0.0965326016048938	0.142320134744558	0.133371482889333	0.123309504362223	0.143168416168032	0.141253143308406	0.121002530347701	0.118541929326764	0.0895591310555703	0.107696750029254	0.107190542275371	0.115516661855012	0.156577728591853	0.114613537891603	0.087977132245627	0.128842377894501	0.0927528351814597
700023439	0.159315918695648	0.130301077627907	0.101243535808046	0.168846640151357	0.140145505018889	0.082491048492761	0.164800271188331	0.0818292233418604	0.150650639231798	0	0.107523828695066	0.101240651331696	0.0936551100676807	0.118626836893237	0.0988849132371826	0.139721542731379	0.0867786298840705	0.108976462261251	0.156602264638006	0.154578362753727	0.138433021662278	0.123048833793943	0.142527735908186	0.163027849286949	0.155689877789128	0.171454743091889	0.128536835219722	0.142765412883037	0.11669486352854	0.0979240317045418	0.0885717201151416	0.129846542390757	0.109175535007026	0.0919652733595436	0.166702235545632	0.120871031336901	0.115706054933076	0.0831669991845893	0.159052642694677	0.0945880662009659	0.135393579956636	0.0868878201393997	0.140895803892899	0.135241759223829	0.10421908389391	0.101641241055314	0.137014544535355	0.0845212724592412	0.102881974992944	0.104035494209299	0.116180711706509	0.1772726540565	0.168905728195337	0.116467116701794	0.185797756104018	0.0929205859818747	0.123560422670813	0.163385880327917	0.105298636479623	0.152372097278514
700016978	0.11987327169519	0.123473927740806	0.101105173043086	0.140746544070952	0.12221177244697	0.10595043767162	0.124139369856797	0.126197814071809	0.112134060530236	0.107523828695066	0	0.0946599645739619	0.116262385301037	0.12066004997483	0.121874010572863	0.0937488649660497	0.120993135145943	0.105501738970417	0.125805977469383	0.110788729085894	0.108457929499765	0.0697357106124743	0.12091142848779	0.122554584928141	0.112571145487983	0.153676852535505	0.118132053494635	0.12244649936337	0.125353085817357	0.113772246534334	0.105792880226284	0.0928500138532984	0.0870021103774435	0.0907405179891262	0.144066117818476	0.0906451175274069	0.120681544236014	0.123023852758977	0.119657380148809	0.129471451300331	0.108738434998131	0.0892262090530038	0.110352137494417	0.0987932539745007	0.111243269642962	0.115960655469051	0.129400556569415	0.0929783561287196	0.107245747866574	0.0849595467292763	0.0954162254102024	0.135471064561576	0.13176113484582	0.0749849941166358	0.146323510755027	0.111913022916192	0.108305560402583	0.125421834717076	0.0987092974136425	0.126677203992132
700024192	0.150525142795159	0.152948251460898	0.0641845550260302	0.138633843560163	0.148783353680923	0.0854642662979288	0.12918537603207	0.108705171652674	0.145488646236125	0.101240651331696	0.0946599645739619	0	0.0938502076569413	0.137080426313108	0.0821445666704949	0.110668358647371	0.112302380929914	0.119097246272362	0.136971635418451	0.132137956067671	0.129211152870193	0.0873684282293348	0.134636380098588	0.154970120769724	0.125904640132799	0.171591596926487	0.143329545763415	0.137460066047546	0.116423391335509	0.110056635560475	0.108680598896668	0.0863917077317154	0.0988221128668906	0.0907057130468536	0.163837250246338	0.105940746826501	0.130639238341689	0.092200669463512	0.152613508513211	0.0981280194712631	0.13239700425966	0.0688948994758714	0.147884386652953	0.105352406231899	0.0908930128303937	0.117621188614425	0.154200630686071	0.0743119088268361	0.12806194978189	0.0672283825770579	0.0808828396927426	0.159132253010015	0.150395278416025	0.12057215510065	0.187365968479998	0.0935202494628836	0.115370844226185	0.146283946947474	0.0779246607049335	0.131575198059524
700113058	0.158880165990843	0.138387599111181	0.103201429583542	0.165949094947364	0.154887882759175	0.107641715998432	0.160326102248287	0.0891617786861132	0.157879979976146	0.0936551100676807	0.116262385301037	0.0938502076569413	0	0.136195655416186	0.0930717085993662	0.136129628102824	0.105144551766841	0.132663790480293	0.158553848938469	0.144649032385062	0.14577734803273	0.118730632979271	0.15449511346192	0.172360400510207	0.156416927725524	0.166830687062033	0.139994175268145	0.122551348543232	0.106995231667202	0.0911146573030451	0.117208764818897	0.124232127711577	0.11187587851699	0.100174862884323	0.173326776452815	0.129944606381059	0.137018926524626	0.110559486061457	0.160754816037529	0.092672292063525	0.136405330911109	0.0742057734484939	0.172155329546979	0.130994300588056	0.0944460521641653	0.105832512885641	0.156006245381413	0.0781726688957546	0.123728236884259	0.0962885996517371	0.120827175334226	0.174796647945678	0.166757571610427	0.142060231083737	0.200028533126472	0.0726653468050948	0.121064066516151	0.167918895902401	0.105912228510711	0.149945042375069
700099448	0.145067926168637	0.13012144751934	0.132693469369513	0.147380374282917	0.126174375972764	0.0980438493375858	0.142327141529443	0.146295062873645	0.137591190532262	0.118626836893237	0.12066004997483	0.137080426313108	0.136195655416186	0	0.119738029596956	0.14021404128299	0.132865223018286	0.115537961704981	0.135887795612811	0.133595524688015	0.130378775658215	0.127487456746992	0.101796191010916	0.140410738751824	0.147795057755409	0.135973150161172	0.126806427995287	0.145445477903503	0.116326686594303	0.107990718399714	0.11715459535319	0.135620936684501	0.119330088141032	0.10745383946062	0.13067639740062	0.119677933204951	0.122693774859348	0.116058956749467	0.13531566674172	0.146089097971054	0.144188737045234	0.122387563365576	0.117543266035472	0.136085233531328	0.129001082240003	0.119328335799292	0.123313072826948	0.122508379306833	0.0821045339340927	0.122889753743868	0.118936826981668	0.136385766369709	0.14610900286567	0.122543581878227	0.148179960315882	0.136992509742772	0.123746799344149	0.13436756127981	0.110389304611261	0.137772531281971
700109870	0.154762619520433	0.140079661312366	0.0865305149355489	0.145510570280563	0.145337159472073	0.0792591478073	0.140786229289517	0.0935413891874365	0.149813068304813	0.0988849132371826	0.121874010572863	0.0821445666704949	0.0930717085993662	0.119738029596956	0	0.135867969269296	0.102603953817593	0.124029596709653	0.150110105633659	0.135260910638206	0.13048606034093	0.117179629722296	0.129408585547771	0.162199755693704	0.138556562589034	0.170968678403794	0.141261393044061	0.137136267195615	0.106147528865158	0.0876974656525731	0.114692952161346	0.107968985974757	0.120048851638764	0.10959410732144	0.16636491191577	0.113173994354347	0.134937253761019	0.074673572317819	0.157485696667183	0.0986394509737228	0.153744226751798	0.0771923820399744	0.161809325745868	0.120018602575137	0.103260081223426	0.116127306844301	0.151797781170518	0.0784723242777029	0.114907666607957	0.0834317316952968	0.110426398065758	0.157281027846979	0.144310474949078	0.132067731473547	0.185382565555232	0.10032893173601	0.112060500982924	0.151776231474876	0.0855982157911091	0.131273483804047
700033928	0.101068044023854	0.159397931621039	0.119856359913061	0.137109460571095	0.132031114016593	0.137967518634704	0.119157129777928	0.15304536313148	0.0979252164899939	0.139721542731379	0.0937488649660497	0.110668358647371	0.136129628102824	0.14021404128299	0.135867969269296	0	0.154892729448451	0.128028474990523	0.0877046255337425	0.116502897342253	0.101415461137735	0.0877406796099218	0.127521723890786	0.0947088023973931	0.105443680619943	0.132923627692256	0.145373001088407	0.110435143247276	0.145110676372121	0.137894747857971	0.142092738368434	0.109062178622177	0.102576250665455	0.12299252309699	0.129444630231646	0.121415513488161	0.111071883718187	0.147448042665932	0.106312176017719	0.154814672934265	0.0882701975152188	0.107177725240225	0.128460872451148	0.112913116449419	0.123513469062606	0.129404958380244	0.125680073832692	0.1213423220974	0.136475381806772	0.10007601167461	0.0829490320564912	0.121927518479333	0.119199472386855	0.1072729488541	0.130902255757757	0.131557034791615	0.115398067451121	0.109321868391011	0.113999733868261	0.114162633897461
700023693	0.174734985148942	0.123538762690279	0.102100870075863	0.178230530027013	0.146363757517154	0.0973649226396607	0.176145689772053	0.0769931331873712	0.171004248691693	0.0867786298840705	0.120993135145943	0.112302380929914	0.105144551766841	0.132865223018286	0.102603953817593	0.154892729448451	0	0.126642988273719	0.170604315040911	0.165439992910281	0.15389240359477	0.133657379275243	0.154486780470181	0.175645735657983	0.173484050207211	0.181246905348742	0.134085681308828	0.145390879039037	0.107799564218009	0.102927752215611	0.0988063315120029	0.138831983736364	0.122158641293307	0.104803047123447	0.170153088353414	0.127192089725747	0.136657338582727	0.105339333677037	0.173608827630539	0.0995599945201048	0.155519709987313	0.0955493212641926	0.146174026247062	0.14473475490797	0.0995947871330847	0.112213050877138	0.138592807388722	0.0922639236864109	0.117543446010819	0.116788428907696	0.132866464243539	0.18873315187393	0.178766473975836	0.128566582563171	0.201166432405784	0.102525175910117	0.136682632483883	0.181388525381612	0.123801356721765	0.169974431387556
700109627	0.154983707747075	0.143392629373056	0.0988552268241081	0.171565547407767	0.145136276163537	0.085259114862227	0.166590245515939	0.139272915821184	0.155019073666219	0.108976462261251	0.105501738970417	0.119097246272362	0.132663790480293	0.115537961704981	0.124029596709653	0.128028474990523	0.126642988273719	0	0.151031839958514	0.155701198066567	0.150124503657183	0.111832461025808	0.14257927740064	0.148330800728994	0.152774750598606	0.174083061307129	0.134839295348772	0.151391927255804	0.15706222418388	0.11887807778239	0.0934418051474306	0.128393710406669	0.121305124030943	0.100908676343432	0.151894319956168	0.134554868324084	0.107100425329122	0.103447698918689	0.159061894623965	0.149105718763046	0.163675101970343	0.114950744674675	0.122971410410026	0.136222973743315	0.147614704674525	0.133967202694858	0.147949014695901	0.121493480456314	0.0976526446977024	0.112223069038046	0.108500070548651	0.17363002694134	0.169638354748981	0.1243377197867	0.175917138781453	0.133850895344738	0.144624301926836	0.163633741174333	0.121972590937441	0.157370993022675
700095416	0.0932369327562219	0.164924941081759	0.146856599816821	0.143790346284995	0.126010187878762	0.156381520671828	0.104272685340443	0.1683742840186	0.0905393319429841	0.156602264638006	0.125805977469383	0.136971635418451	0.158553848938469	0.135887795612811	0.150110105633659	0.0877046255337425	0.170604315040911	0.151031839958514	0	0.116878683436182	0.101219598672112	0.106972244933489	0.12220119583535	0.103557220531152	0.107185860096622	0.114938123824342	0.147762418293725	0.127791650632864	0.14963277367405	0.149996009722383	0.15844956987985	0.113712437503856	0.105474101404548	0.146678060926333	0.122511527281442	0.121695307661849	0.115711202936629	0.159051484974385	0.0966547567904827	0.174195062293538	0.111649957326798	0.140302844703435	0.119924645476083	0.119844338265759	0.136920883630233	0.131605311950053	0.120703139228	0.14782968642094	0.142542125937998	0.123197404627107	0.0987652246603539	0.111309453964665	0.123144775257819	0.109396605243597	0.124708926563598	0.14854478721819	0.121251322985248	0.103474947113137	0.12549138661453	0.115073422458793
700110425	0.0906804406546643	0.141411285962483	0.147305487490097	0.0938236078194961	0.119713367569003	0.151302234241732	0.0761511048742084	0.166206828666584	0.10443432536343	0.154578362753727	0.110788729085894	0.132137956067671	0.144649032385062	0.133595524688015	0.135260910638206	0.116502897342253	0.165439992910281	0.155701198066567	0.116878683436182	0	0.0765217098468537	0.100138042188488	0.0998612621889563	0.103792776469747	0.0614223742718817	0.12654635047907	0.150842489052252	0.128526667666178	0.130422668335164	0.137039270557107	0.159626790353959	0.105585961906512	0.106032536685019	0.141126697095526	0.12252894859978	0.0740548730356996	0.143316706336906	0.159966297707247	0.102181138495637	0.161647223520958	0.120865638693228	0.128196543758026	0.133223399125099	0.0828825003439022	0.130317885034668	0.130696388536957	0.139832118835888	0.129038884580135	0.129830093653696	0.112205329872528	0.108195843906862	0.0798051161167421	0.0679736550111321	0.107363259153247	0.114992729004887	0.145535590680347	0.0759234434210932	0.0719301970939052	0.104830067056824	0.0884539071835432
700111580	0.0858202561611299	0.146981254346028	0.144084733696527	0.111452777015189	0.121800379869209	0.144477323119457	0.0833064457088028	0.160736835283905	0.100181345224831	0.138433021662278	0.108457929499765	0.129211152870193	0.14577734803273	0.130378775658215	0.13048606034093	0.101415461137735	0.15389240359477	0.150124503657183	0.101219598672112	0.0765217098468537	0	0.0863521591495275	0.101703034493345	0.096294910295912	0.0688962652429593	0.13876314986365	0.148162315888282	0.142916567534212	0.121320240555042	0.143640643641391	0.148417972778955	0.0952673207120817	0.099535735881141	0.137052786637152	0.130365183417186	0.086337785045165	0.142848584937481	0.149300289561536	0.108407089844234	0.156107031767188	0.113533831791158	0.121246704647173	0.132448416501798	0.0996258549117326	0.118261855250263	0.120209096993527	0.131413755479066	0.118427998272133	0.122368242592705	0.108531551758316	0.100539949460576	0.0932189638515386	0.0982303804436089	0.0886913292825567	0.122011784273442	0.136911510351861	0.0697248941617957	0.0721443601506764	0.0959408767227215	0.0816866568772512
700111302	0.101366132808756	0.12626668732647	0.0955368250280924	0.132517521636498	0.122602071689923	0.119188959467408	0.10122190173735	0.135161702195913	0.0980942406161442	0.123048833793943	0.0697357106124743	0.0873684282293348	0.118730632979271	0.127487456746992	0.117179629722296	0.0877406796099218	0.133657379275243	0.111832461025808	0.106972244933489	0.100138042188488	0.0863521591495275	0	0.123713016990564	0.109363521110067	0.0869035905889819	0.147052460044731	0.134912640458666	0.130229519874207	0.123029482523492	0.128745567922618	0.117541941858396	0.0710097436802747	0.0827804705906729	0.101128449033175	0.137987560499617	0.0847075975933341	0.122021476704724	0.133620738989832	0.111682451963549	0.131285221776498	0.11554745697219	0.0917686312287152	0.122405499679814	0.0908471876215277	0.104614573911249	0.123574336934978	0.133644335326986	0.0942948988869884	0.114950773875427	0.0721631305535125	0.0803998241808061	0.120139932619548	0.119745680351282	0.0782228766676783	0.14552704766302	0.115908138800722	0.0927531176658857	0.109695218049795	0.0872008852755776	0.106876625254364
700098605	0.109017089031642	0.133546133072333	0.142011377658016	0.104233208669713	0.121434474736874	0.129701129983877	0.11182487671471	0.165460889089968	0.114526684273359	0.142527735908186	0.12091142848779	0.134636380098588	0.15449511346192	0.101796191010916	0.129408585547771	0.127521723890786	0.154486780470181	0.14257927740064	0.12220119583535	0.0998612621889563	0.101703034493345	0.123713016990564	0	0.11440571734024	0.11743450766535	0.126674405738097	0.130408712873936	0.139091845801259	0.13141698711388	0.13558998388458	0.148567019742783	0.123815603509887	0.125674523348118	0.135083077296892	0.118058951730119	0.103918579473728	0.133932396367997	0.130995965303958	0.120776892954405	0.159934411755408	0.130761681700043	0.138544716578225	0.132984444595775	0.102894752595335	0.14685167488762	0.122410643284898	0.12435303913041	0.135384839552932	0.124826562666271	0.124445270253764	0.11369623941491	0.105925703555065	0.102000872409659	0.117331020780424	0.111335984058204	0.157603069527464	0.121473797606145	0.0946216337842949	0.110533949078304	0.0848589230982291
700111991	0.0659424647899748	0.16626187471109	0.1563607180466	0.117926975485148	0.129730025816934	0.164630187189234	0.106713377360328	0.181146943101935	0.108681158819331	0.163027849286949	0.122554584928141	0.154970120769724	0.172360400510207	0.140410738751824	0.162199755693704	0.0947088023973931	0.175645735657983	0.148330800728994	0.103557220531152	0.103792776469747	0.096294910295912	0.109363521110067	0.11440571734024	0	0.105607638554505	0.12000558646607	0.150973400344302	0.13790627845134	0.149129094582684	0.166864501553345	0.163353503138041	0.136708118111116	0.119315099074478	0.155773563639198	0.114091521710119	0.108767076776305	0.139893131601306	0.168919882982067	0.102787026820295	0.179320378890006	0.10781380231389	0.148065798220401	0.127964105102495	0.124312929462086	0.143244207214594	0.143686238658703	0.113929212992667	0.14911349024054	0.147757318739136	0.14026138900729	0.118953122032995	0.105558658645711	0.10281848018475	0.107323578864579	0.0868093447406326	0.164529320731076	0.117887320879899	0.0885658958992843	0.136152144570081	0.110707805153424
700108960	0.0928792605521369	0.162624375265232	0.141537045623757	0.108318905125086	0.130148878424689	0.148724416347817	0.0665367216795381	0.174100145800883	0.097484299780226	0.155689877789128	0.112571145487983	0.125904640132799	0.156416927725524	0.147795057755409	0.138556562589034	0.105443680619943	0.173484050207211	0.152774750598606	0.107185860096622	0.0614223742718817	0.0688962652429593	0.0869035905889819	0.11743450766535	0.105607638554505	0	0.147715116648368	0.17345208878659	0.146239052742053	0.139753971645711	0.147689761525359	0.157898690913964	0.0844615800071223	0.113775260467305	0.141430496401467	0.140527829939123	0.0845210479032903	0.147931941394011	0.158120071375821	0.106789047914698	0.16802994116052	0.12322874155628	0.127603954065853	0.139604084299418	0.0858397775442701	0.13814268702818	0.145775761324715	0.156196488997306	0.133214120502584	0.134533868958475	0.100443471214591	0.102447248318661	0.0866903590310942	0.0794300710871116	0.101768230359406	0.123003763592272	0.149103464666024	0.0816269005334695	0.0682908374930314	0.103395516790497	0.0761714944292618
700024452	0.118424770240517	0.157330313760066	0.170017819877465	0.125379103933165	0.124432064759516	0.178928762804908	0.12608993931646	0.181445714869293	0.108113269538043	0.171454743091889	0.153676852535505	0.171591596926487	0.166830687062033	0.135973150161172	0.170968678403794	0.132923627692256	0.181246905348742	0.174083061307129	0.114938123824342	0.12654635047907	0.13876314986365	0.147052460044731	0.126674405738097	0.12000558646607	0.147715116648368	0	0.15589392329353	0.12541010923118	0.130975796745118	0.16572840345809	0.17777881432352	0.158939573220277	0.139659552099971	0.164731824004466	0.0710943937490402	0.134547567275941	0.161420783676417	0.179983127488717	0.105452523499096	0.182312821791118	0.130710907545955	0.163641238834948	0.139106886854705	0.134615374623411	0.146269156904544	0.121227038524996	0.110080583439312	0.1675586532723	0.1590124688477	0.161987236277414	0.135706824016691	0.109943183172308	0.116109249198053	0.146347748438698	0.11316118517373	0.16640225616169	0.145930125350462	0.126076268084919	0.142308890322776	0.141122211862552
700032931	0.13971150058895	0.122917560339609	0.141220628990605	0.171460150776053	0.135079940127385	0.131163756978449	0.173081376678327	0.143486084682865	0.146776505555369	0.128536835219722	0.118132053494635	0.143329545763415	0.139994175268145	0.126806427995287	0.141261393044061	0.145373001088407	0.134085681308828	0.134839295348772	0.147762418293725	0.150842489052252	0.148162315888282	0.134912640458666	0.130408712873936	0.150973400344302	0.17345208878659	0.15589392329353	0	0.12532460954151	0.136275091113484	0.143641920412027	0.130935158099116	0.150593113815194	0.128520917080376	0.132585876610599	0.148675045200824	0.136176590490113	0.130307148884555	0.143932029153449	0.141010996857227	0.136744625950082	0.138227341219303	0.126600884186066	0.144391852095564	0.142201478314733	0.127744463981931	0.129143333928497	0.123531532609339	0.128356190997517	0.131738791398844	0.135019252587086	0.13487747307714	0.171503889586833	0.163278455316095	0.127204846096892	0.156628907769034	0.136014971625482	0.151094292215602	0.163939727352213	0.136619634021711	0.156253968707415
700095837	0.123512617185869	0.139579947635903	0.145490355559888	0.149024205865191	0.134854699324699	0.150525053945631	0.155223169095822	0.148332953031851	0.129260486477039	0.142765412883037	0.12244649936337	0.137460066047546	0.122551348543232	0.145445477903503	0.137136267195615	0.110435143247276	0.145390879039037	0.151391927255804	0.127791650632864	0.128526667666178	0.142916567534212	0.130229519874207	0.139091845801259	0.13790627845134	0.146239052742053	0.12541010923118	0.12532460954151	0	0.113177520177301	0.122473464968156	0.155564359861979	0.144335315597252	0.115170621434755	0.129508732692991	0.128355359742592	0.137465807598916	0.125199772315282	0.156975464785077	0.127520934914942	0.145596956888351	0.124941416419784	0.121274401426031	0.152600381686576	0.128039727131987	0.115100185490328	0.12440973104701	0.13254151701672	0.125511261669651	0.141882707090809	0.132488158861759	0.121235949429837	0.152346066934263	0.139269119407419	0.137028608648904	0.148761688122479	0.126054397265395	0.136728717430486	0.144667618860801	0.13508349875192	0.142534478761511
700024548	0.145762699762971	0.125749025588595	0.12452867261686	0.133839118531908	0.122784704468214	0.120065822401048	0.144606198954087	0.118790650269586	0.151067879887158	0.11669486352854	0.125353085817357	0.116423391335509	0.106995231667202	0.116326686594303	0.106147528865158	0.145110676372121	0.107799564218009	0.15706222418388	0.14963277367405	0.130422668335164	0.121320240555042	0.123029482523492	0.13141698711388	0.149129094582684	0.139753971645711	0.130975796745118	0.136275091113484	0.113177520177301	0	0.10921461238745	0.127824066108568	0.139445646932195	0.107879308140715	0.117443200840474	0.132784222415224	0.103543813573599	0.141831096360381	0.117255852330771	0.13810936599244	0.103313540875008	0.131875545159481	0.099992482702562	0.14638647192974	0.139340303190734	0.0728716170356964	0.0827038664636157	0.130443694379728	0.0969394038488944	0.120584333858218	0.121807860799452	0.112588976558174	0.152033374145066	0.134860643560929	0.124725956762284	0.160452054365055	0.107577801355218	0.10736112235382	0.143189206664845	0.101996392864051	0.145403379014955
700110161	0.161749660046573	0.138923148846504	0.101127951579962	0.157899856688209	0.145734401115031	0.0890873704259584	0.157287270396733	0.110048113126926	0.153374560849033	0.0979240317045418	0.113772246534334	0.110056635560475	0.0911146573030451	0.107990718399714	0.0876974656525731	0.137894747857971	0.102927752215611	0.11887807778239	0.149996009722383	0.137039270557107	0.143640643641391	0.128745567922618	0.13558998388458	0.166864501553345	0.147689761525359	0.16572840345809	0.143641920412027	0.122473464968156	0.10921461238745	0	0.106931025452602	0.128661224794925	0.116209175368372	0.0892089035486275	0.164034216580675	0.120477663170283	0.122254514806761	0.0950904320142154	0.159789747950332	0.110180678127737	0.158271302828125	0.0887559518340846	0.144031194754471	0.130839670222594	0.116360836188019	0.122328262279926	0.156087320478767	0.0937426628262506	0.0919698245836453	0.100739271450188	0.118600208568468	0.16235563400305	0.156959247522225	0.124961149035455	0.183196611941071	0.10300082285642	0.118300836619893	0.153520581426304	0.10381532869927	0.146326617457017
700023496	0.161777775131296	0.13473206720026	0.105658079672413	0.177697808996816	0.141716752908144	0.0712002148243073	0.164348263338808	0.122579718720101	0.156939011598539	0.0885717201151416	0.105792880226284	0.108680598896668	0.117208764818897	0.11715459535319	0.114692952161346	0.142092738368434	0.0988063315120029	0.0934418051474306	0.15844956987985	0.159626790353959	0.148417972778955	0.117541941858396	0.148567019742783	0.163353503138041	0.157898690913964	0.17777881432352	0.130935158099116	0.155564359861979	0.127824066108568	0.106931025452602	0	0.126145572625432	0.113609287002772	0.0871545310283467	0.170631334830972	0.128015327941034	0.114039911211589	0.0972930879673894	0.156030525886061	0.124730161149313	0.149799102861378	0.102555759011033	0.125988199840032	0.143027180821815	0.107481227780414	0.108471325136659	0.151726247053949	0.0999917820720457	0.0870744779907682	0.104521693040474	0.122497945568451	0.182386312059582	0.176303898391913	0.115222997587786	0.193294901026793	0.108242588755484	0.13313774228802	0.171005401909809	0.124465618668151	0.162980553525773
700034628	0.121986013910209	0.145407543366848	0.107687160137935	0.144688231828213	0.139251931305112	0.120895272259033	0.085578907408852	0.142493158411725	0.0986506389550789	0.129846542390757	0.0928500138532984	0.0863917077317154	0.124232127711577	0.135620936684501	0.107968985974757	0.109062178622177	0.138831983736364	0.128393710406669	0.113712437503856	0.105585961906512	0.0952673207120817	0.0710097436802747	0.123815603509887	0.136708118111116	0.0844615800071223	0.158939573220277	0.150593113815194	0.144335315597252	0.139445646932195	0.128661224794925	0.126145572625432	0	0.098031026220915	0.109795784899102	0.157598406561079	0.0784479613054271	0.13797034548177	0.127325354138616	0.126220561420137	0.138982255931241	0.135431618527183	0.0949277530733704	0.136857049317631	0.0644933374133162	0.121891404882627	0.136210153184923	0.155517000111079	0.100685483953082	0.126974077449935	0.0634127555776211	0.105349122139759	0.111959876036071	0.122137139575715	0.103229954479589	0.164048338919429	0.114097366847506	0.106735270083164	0.104876810239185	0.0888084631341405	0.0890592852149034
700023645	0.114998322701917	0.122931206510546	0.113107820920062	0.13742301269081	0.115887955129545	0.116340112191662	0.118084585490991	0.122791839379689	0.113710833976342	0.109175535007026	0.0870021103774435	0.0988221128668906	0.11187587851699	0.119330088141032	0.120048851638764	0.102576250665455	0.122158641293307	0.121305124030943	0.105474101404548	0.106032536685019	0.099535735881141	0.0827804705906729	0.125674523348118	0.119315099074478	0.113775260467305	0.139659552099971	0.128520917080376	0.115170621434755	0.107879308140715	0.116209175368372	0.113609287002772	0.098031026220915	0	0.102945396261191	0.135055948041297	0.0859437353522823	0.107441892845194	0.130781438720492	0.115521447832656	0.12486015075578	0.109897337433332	0.0897995798911845	0.111340466357788	0.0978435970204531	0.0923140055054846	0.101918825962885	0.131097881334342	0.0931741462208076	0.117160455240908	0.0894761312336338	0.0839296886878744	0.126636460373521	0.129309852786913	0.10172501261585	0.15389347904857	0.0993783563628964	0.0974218788680568	0.115946814793051	0.100947891612296	0.11464532830558
700038744	0.149321932910985	0.12337067908129	0.088936942402942	0.159476266749941	0.133976557352973	0.07301461545576	0.147185045120084	0.11480852386994	0.151111276210573	0.0919652733595436	0.0907405179891262	0.0907057130468536	0.100174862884323	0.10745383946062	0.10959410732144	0.12299252309699	0.104803047123447	0.100908676343432	0.146678060926333	0.141126697095526	0.137052786637152	0.101128449033175	0.135083077296892	0.155773563639198	0.141430496401467	0.164731824004466	0.132585876610599	0.129508732692991	0.117443200840474	0.0892089035486275	0.0871545310283467	0.109795784899102	0.102945396261191	0	0.15497566830875	0.113799281172558	0.112341391069974	0.091091793762297	0.153075941839818	0.110453992979007	0.137428367999299	0.0812173408030024	0.125653291743944	0.123602793603497	0.0989941382996199	0.110505136592031	0.145481636834499	0.0788348387267841	0.0818990493976804	0.0895677640586567	0.110380234009901	0.168310253194065	0.160809879237054	0.112393881949645	0.182629552456091	0.097422325234705	0.125006815022281	0.154339759345211	0.0998495833181061	0.146404899778269
700038485	0.119105764136974	0.140756460536176	0.160403644379623	0.117326675240132	0.116854198409254	0.165641737358996	0.123956887289014	0.182782599663611	0.108662037088996	0.166702235545632	0.144066117818476	0.163837250246338	0.173326776452815	0.13067639740062	0.16636491191577	0.129444630231646	0.170153088353414	0.151894319956168	0.122511527281442	0.12252894859978	0.130365183417186	0.137987560499617	0.118058951730119	0.114091521710119	0.140527829939123	0.0710943937490402	0.148675045200824	0.128355359742592	0.132784222415224	0.164034216580675	0.170631334830972	0.157598406561079	0.135055948041297	0.15497566830875	0	0.125647408992211	0.150343028455585	0.172585884628652	0.103380058282383	0.17918702575963	0.128208430550933	0.162307500657706	0.133073366198302	0.134325179172445	0.146908098684592	0.126694661624842	0.107793586510411	0.160556543846432	0.152323005871065	0.158917529404649	0.126761734808025	0.101871284602713	0.107860024433797	0.126401388637904	0.10268320861496	0.172231133256912	0.140319212470039	0.121485560021804	0.13989009575941	0.132167705749291
700024743	0.106500578202428	0.124991606883349	0.115310115624691	0.117176696394516	0.119747810844118	0.115283832090628	0.0851195622031769	0.13411965308756	0.106876297938458	0.120871031336901	0.0906451175274069	0.105940746826501	0.129944606381059	0.119677933204951	0.113173994354347	0.121415513488161	0.127192089725747	0.134554868324084	0.121695307661849	0.0740548730356996	0.086337785045165	0.0847075975933341	0.103918579473728	0.108767076776305	0.0845210479032903	0.134547567275941	0.136176590490113	0.137465807598916	0.103543813573599	0.120477663170283	0.128015327941034	0.0784479613054271	0.0859437353522823	0.113799281172558	0.125647408992211	0	0.129680371438687	0.124180513261359	0.108609542137942	0.133109430571178	0.122065569341076	0.104860188684318	0.124321081495419	0.0731857334052326	0.110901171777371	0.117150588516261	0.132904299532826	0.0983721652066968	0.10965723837325	0.0922718310166308	0.0960892402783401	0.0943212539845374	0.100277930250598	0.0847287533250775	0.126145605534569	0.125840510073193	0.0902052756531835	0.0833881570675326	0.0899480833199222	0.0927500904604634
