700108602	700014971	700033565	700109389	700023058	700023927	700106341	700114221	700023543	700023439	700016978	700024192	700113058	700099448	700109870	700033928	700023693	700109627	700095416	700110425	700111580	700111302	700098605	700111991	700108960	700024452	700032931	700095837	700024548	700110161	700023496	700034628	700023645	700038744	700038485	700024743	700099596	700110760	700101587	700106399	700032322	700095653	700021312	700101230	700023590	700038905	700033136	700023382	700096424	700105469	700016908	700096053	700108479	700109569	700033814	700016125	700109756	700102665	700101777	700109455
700108602	0	0.226598368940499	0.328157253444826	0.226748995596508	0.201932504983587	0.291279548012906	0.106637920076899	0.310968618361868	0.127784445976306	0.28069664776411	0.199922628772032	0.342979693291915	0.31063100834372	0.246867179660915	0.334534797825202	0.18709827777764	0.302224991378887	0.280239995149975	0.104872244145617	0.112947455279484	0.157890715958089	0.24297507114757	0.124954300088641	0.0829825892255622	0.165640318877767	0.187926342791614	0.252151399629237	0.343058258169616	0.299062381388191	0.308367037191347	0.272407019776514	0.241188451742604	0.23020254987741	0.289514196018755	0.182616513846912	0.139446114804421	0.23466675877012	0.309061416654629	0.111864924312957	0.359605976695232	0.145645498517099	0.331079310372346	0.202849911249657	0.179863925700843	0.2959585162323	0.21245233360962	0.160565700849324	0.291750387522188	0.235638470531978	0.310027874510594	0.289188259381153	0.0949612510678837	0.132673920554654	0.148070136616776	0.104587695640799	0.283097895186504	0.158409966857305	0.108174819025856	0.293052979780124	0.143962540335111
700014971	0.226598368940499	0	0.304801844864578	0.346877826013308	0.142029503924808	0.243115457346305	0.243639981315293	0.221703720097164	0.206902271950432	0.199915383523137	0.182665553064061	0.332160144765852	0.206754011640928	0.166634484163295	0.258455387755272	0.235621046711112	0.176164012906594	0.276401625531448	0.219678451655451	0.216270418207454	0.2402085260303	0.24577195143464	0.197997490161401	0.214952199213531	0.292410116816958	0.187678762129274	0.139793638646918	0.21819852174581	0.15733693132492	0.179238735950136	0.198922103357269	0.256665295946112	0.174780087937336	0.208931632076746	0.182462610858018	0.18071658347306	0.229697963266538	0.290703216823358	0.167098482612977	0.236346862429011	0.172243735423473	0.219368684410555	0.175938676004335	0.218611138484225	0.168221252454305	0.181885303513973	0.134269013910223	0.236621942097809	0.201088150052349	0.289870147956415	0.303238401615521	0.205660008327073	0.23805726270532	0.180190164460459	0.283658762340394	0.222501315871793	0.231438409353425	0.234921997265916	0.275543308580847	0.233529122787942
700033565	0.328157253444826	0.304801844864578	0	0.447499995247985	0.317150241271345	0.117728407949791	0.315073722601172	0.175760173199929	0.281412543017967	0.16093847522275	0.165235757449075	0.0608447129267028	0.185749996416871	0.208079625899649	0.203065280308939	0.180077302853324	0.188392445185389	0.120812681345323	0.270169010298442	0.32592988102942	0.252261138106703	0.113438258625494	0.335486956440215	0.316203162197072	0.265993013771045	0.340131158641446	0.245779014967373	0.39324082794567	0.310906254582856	0.226505836600855	0.168721586533876	0.186803249040946	0.169668851708703	0.134257166184485	0.36129160794968	0.238786896355207	0.265165238012326	0.13521332755697	0.300002883489128	0.25315465394633	0.243866184907472	0.127714948932263	0.239450283631285	0.265019115089341	0.209413485297829	0.239195432831961	0.268685930293419	0.155272055808729	0.178699111726586	0.0648881561345842	0.111816293113951	0.317633833609122	0.380500959221082	0.222025311715943	0.394894439890126	0.142883961931647	0.234794186946829	0.304237122884173	0.0860462896850766	0.282853693619805
700109389	0.226748995596508	0.346877826013308	0.447499995247985	0	0.337141218352945	0.426565892966739	0.215745355998592	0.424634980311403	0.298814526450724	0.4005586774717	0.347313669316876	0.459208298633838	0.417739946886827	0.384286791411681	0.430702147407515	0.342061098029789	0.417332936353119	0.432229465005765	0.294694412998001	0.192891463530762	0.299843758012829	0.386563538811417	0.217505178970502	0.266678219989022	0.293228729051485	0.281465056476214	0.391895613645993	0.429141101566871	0.373676184492686	0.416857177949458	0.407148232183291	0.388473890371782	0.358317180064368	0.413511710462687	0.27892709367086	0.289532964066439	0.386887276165866	0.448276215032782	0.255624754076801	0.421239628881345	0.295841969316245	0.433181778077365	0.349038140292207	0.31765791682374	0.39705141951087	0.340361471816249	0.323468026963838	0.409907425366181	0.386351700459776	0.435335365335268	0.414198711777283	0.216563554163161	0.141659617024517	0.315848859095572	0.198378818767657	0.402359267514415	0.266876481234349	0.237726074280552	0.415499378980558	0.276549366703227
700023058	0.201932504983587	0.142029503924808	0.317150241271345	0.337141218352945	0	0.241157660650384	0.234045579550653	0.250369927317455	0.173351352554786	0.234530990206135	0.200123277606557	0.339326569262295	0.253583428430089	0.185035597154852	0.284653935649167	0.224657816015378	0.223511576520214	0.250501915921683	0.195542221848429	0.216888523485689	0.256415036757307	0.257126187840265	0.208597657797818	0.174229821923898	0.292193744665396	0.162854429172419	0.1654153599699	0.275813143489472	0.230648667151152	0.214929587173019	0.222815002839617	0.271518501992121	0.205043396713041	0.230274594599572	0.152431369321691	0.206082607746356	0.166711618964277	0.249932686674956	0.143364683329498	0.294773398513667	0.175726329542765	0.260003824706967	0.160942738707594	0.218737825779161	0.228844312541457	0.203487298782768	0.134357866856528	0.256600920553483	0.187425450554324	0.309969984441943	0.313434183822857	0.190484196563986	0.222886543454628	0.184152294847043	0.247804743320363	0.250263917603175	0.25523174763824	0.215179492476372	0.294429614253654	0.229451176064601
700023927	0.291279548012906	0.243115457346305	0.117728407949791	0.426565892966739	0.241157660650384	0	0.304141908561131	0.12941860285973	0.247658307902525	0.0992043237736007	0.135109598319567	0.152286050725785	0.135573947302505	0.124433044514747	0.179031023851056	0.170707451916589	0.127885915015109	0.0717119453519378	0.240020804832941	0.297900806105926	0.235927809219719	0.155607796528137	0.284416569658662	0.268815410637133	0.266247612241313	0.288693234562797	0.171373771852939	0.357537897711062	0.258939448072693	0.17196038029204	0.080260065018672	0.186474152894886	0.125465223400008	0.0647052077743263	0.308121275178131	0.210128842749325	0.189809533466752	0.0961718106490971	0.265545137635887	0.204370351518809	0.203496825218471	0.100199369452089	0.163267882306896	0.233943070683656	0.154537509757323	0.176428675308392	0.207625864075033	0.122801124452906	0.0899190756811533	0.129830367013328	0.19103600582207	0.286134956836596	0.35634661252854	0.198325455400286	0.356266578682038	0.102836885000773	0.213585012251314	0.266643635753059	0.116529600357135	0.257595769685856
700106341	0.106637920076899	0.243639981315293	0.315073722601172	0.215745355998592	0.234045579550653	0.304141908561131	0	0.296469586394392	0.125730766664146	0.271944429438726	0.209455334298814	0.317665759999511	0.300322238160251	0.267982726936388	0.335469974367522	0.19723511279354	0.292359318400753	0.316740983034414	0.125777493993157	0.100154566624329	0.133552257352741	0.239255901589816	0.138000691388851	0.140606692926213	0.127528774673881	0.249346432167546	0.304560464467623	0.378466256611672	0.308326069907263	0.325476181243462	0.273837931585029	0.194477118181505	0.227801027726477	0.291070430462168	0.238447265122008	0.122781849562117	0.276513377356491	0.312349022297068	0.129312474291696	0.362374104529091	0.165601995988411	0.318710574096961	0.215921996424488	0.159617557293753	0.278851775461378	0.241806541454175	0.19736064333398	0.276705183846822	0.257800925696468	0.28770264120961	0.289308006330809	0.086228445074254	0.125975214775669	0.149228957187637	0.139407180037619	0.273682313041951	0.142758158118805	0.102713344620373	0.274653208231711	0.0931835503620957
700114221	0.310968618361868	0.221703720097164	0.175760173199929	0.424634980311403	0.250369927317455	0.12941860285973	0.296469586394392	0	0.263413672800881	0.0808422197021517	0.193829546491127	0.198968468472135	0.0741128736977332	0.133688973109162	0.117322763758702	0.239344050214745	0.0682722201288419	0.190227301408494	0.268064648387317	0.284549498732688	0.250878774459513	0.211684138400514	0.291365402285277	0.286265861570303	0.327546867908959	0.285603140529396	0.159155582501408	0.32493960734936	0.207324530254709	0.128882816477856	0.121359187909889	0.220620592346024	0.155792424395138	0.121706685391547	0.311606752584381	0.212247279458859	0.226178410854723	0.134624754676601	0.247882601619269	0.137071476217263	0.20359523960288	0.0976592630481102	0.206379132793826	0.256913238210815	0.125116002228377	0.157349815510518	0.193780951825432	0.0795987219905352	0.16777226893204	0.177126185698845	0.255934152823463	0.282693564960353	0.336695079686314	0.223242344908889	0.385312336283339	0.0880554226059856	0.207610505852038	0.30622191152597	0.15195054313771	0.274595074887261
700023543	0.127784445976306	0.206902271950432	0.281412543017967	0.298814526450724	0.173351352554786	0.247658307902525	0.125730766664146	0.263413672800881	0	0.224005547542048	0.152567808442288	0.300336834182887	0.269346305121904	0.212863990036306	0.306077123690535	0.140395929165026	0.249313652066275	0.248756824593261	0.0933328198573659	0.165074321540406	0.150312564583241	0.196507084793087	0.181533021408358	0.105282181668674	0.160031291629834	0.215344254845974	0.237099685944633	0.339087779550429	0.302515162139894	0.271829552357022	0.218683184103092	0.16382606779538	0.185594433534305	0.232982368802239	0.192490462178604	0.127843464706641	0.207121236003593	0.270778766249503	0.103850058461347	0.333778038363769	0.123245351540281	0.278009869944606	0.162955151352401	0.11454612425268	0.250322420393289	0.217857152412357	0.142791235215586	0.238569546135714	0.200396739002871	0.260603351906311	0.257980255817017	0.102864921080059	0.192802508551921	0.114065556717281	0.183138583576164	0.233015548349913	0.180611981567494	0.109894959297374	0.250919029745676	0.106194015959194
700023439	0.28069664776411	0.199915383523137	0.16093847522275	0.4005586774717	0.234530990206135	0.0992043237736007	0.271944429438726	0.0808422197021517	0.224005547542048	0	0.149148930067785	0.19429798473828	0.0835989768753434	0.103706663023475	0.146375195743211	0.197829814822564	0.0716330671371051	0.150578112866199	0.231001651153753	0.261990510833125	0.217669045928456	0.182238136836397	0.261166206128145	0.248528060434732	0.288571906447207	0.270496806132891	0.15028282052277	0.31472093338083	0.209199699951278	0.141852448136418	0.0743970012170246	0.200657813099244	0.120465092516055	0.0880645270969052	0.293472287391959	0.176277956871902	0.191674057946184	0.134954037722316	0.228704242330611	0.152596988289994	0.167440040179337	0.117058788635403	0.173326310085749	0.225924978732968	0.124222164448259	0.138258775986912	0.174416019898911	0.0864893383104063	0.115811100915295	0.155703430912382	0.225235085571349	0.252136412088971	0.32170555880878	0.176873468645851	0.348514362193619	0.0769758626104299	0.178218378578952	0.266381291686818	0.14340217171322	0.240445487463564
700016978	0.199922628772032	0.182665553064061	0.165235757449075	0.347313669316876	0.200123277606557	0.135109598319567	0.209455334298814	0.193829546491127	0.152567808442288	0.149148930067785	0	0.187303973711615	0.20120064006884	0.158681235133284	0.247495645619174	0.0920204824038549	0.175505087967715	0.139830528410074	0.151621722124565	0.196202560874009	0.143320529061833	0.0841843132305066	0.225747470400761	0.182099671563761	0.163563994915239	0.246201564962366	0.199488835891323	0.311612708787974	0.251091025805308	0.215227947033379	0.12750230694322	0.133051656644247	0.067647466587314	0.122304014338322	0.246117576863516	0.133018031192769	0.187756161262676	0.185736261985224	0.161341028427898	0.270092363163427	0.116246542525462	0.159072497395522	0.120487406121044	0.145488015729109	0.155283897105543	0.170807547734382	0.151900168495633	0.167649590414452	0.114318502820209	0.154008900952772	0.15494991037781	0.183880023931946	0.256233985884218	0.103599743498996	0.276454953532235	0.142963331959842	0.160899407226147	0.171253867623079	0.142492790660669	0.175172779325013
700024192	0.342979693291915	0.332160144765852	0.0608447129267028	0.459208298633838	0.339326569262295	0.152286050725785	0.317665759999511	0.198968468472135	0.300336834182887	0.19429798473828	0.187303973711615	0	0.212794979940608	0.24586599009449	0.226637382834112	0.195847579583581	0.213380725436114	0.149592530212544	0.28265377976421	0.338727281501227	0.248937977756398	0.125196236177648	0.353177367761815	0.337984761731565	0.267204652408822	0.36500720051255	0.283773777058548	0.411909765193716	0.326328422370866	0.273356220996579	0.180436972430544	0.178858102578558	0.187599043563602	0.15788717515389	0.384859794945905	0.257281286123853	0.289156742321664	0.166594053676869	0.320782673011095	0.273698867418838	0.26448201390431	0.156290278510653	0.268972062422067	0.276367913485807	0.207797610870091	0.25328919683076	0.28621209152543	0.174201980130671	0.206290177273676	0.0744745988651675	0.107289094525033	0.334222159709566	0.391934139007615	0.239750301921682	0.416919421060347	0.173052081761912	0.245109022517575	0.318900744394616	0.113250467718048	0.294960287667446
700113058	0.31063100834372	0.206754011640928	0.185749996416871	0.417739946886827	0.253583428430089	0.135573947302505	0.300322238160251	0.0741128736977332	0.269346305121904	0.0835989768753434	0.20120064006884	0.212794979940608	0	0.125740125071483	0.118589693033827	0.245448448634768	0.0939070059949996	0.191855491493024	0.270846845985143	0.284592490505511	0.269592428386824	0.222564009817152	0.290875808013581	0.28888932807563	0.332538566727691	0.287960069423395	0.150205759537471	0.303231712400943	0.205595157031751	0.118675208932549	0.130353134119256	0.234751019298225	0.16021948652685	0.118918653047093	0.314380793479163	0.222269430134166	0.22715550515829	0.15167407218992	0.250560008614127	0.134575457473326	0.212997971433076	0.0959216753274919	0.224148516578382	0.263118114727168	0.132459859328435	0.171976706540013	0.217892298445224	0.103347818832661	0.171838124114636	0.186585938456812	0.260279087443752	0.278128671663344	0.333076106315186	0.234400612285026	0.385488316934387	0.088241304062378	0.215477384015847	0.307104462478329	0.160240525039063	0.280747854015798
700099448	0.246867179660915	0.166634484163295	0.208079625899649	0.384286791411681	0.185035597154852	0.124433044514747	0.267982726936388	0.133688973109162	0.212863990036306	0.103706663023475	0.158681235133284	0.24586599009449	0.125740125071483	0	0.179185761174215	0.202644425192748	0.0969077972552217	0.16210690631813	0.20538431727521	0.247849210472741	0.224179686252081	0.20750669351085	0.228077990388562	0.205929762992223	0.2901835665686	0.212499815279238	0.0979627079233298	0.289864646491081	0.188253374146525	0.129596403776461	0.110778916226216	0.230100175419725	0.132106061916731	0.118781817922496	0.23289415475901	0.185817670090053	0.162418435665877	0.155333344602316	0.203636322442017	0.189372037416974	0.165538782623899	0.142766647089048	0.139537718397443	0.232579864589544	0.12513354681917	0.136668983123484	0.141295606171547	0.143774913866985	0.0885168384838829	0.203191700241825	0.24514449033976	0.232653605989758	0.29895467816186	0.175993883764744	0.302720932122438	0.138796494122183	0.178211731789808	0.241757006476894	0.174672811951547	0.242773125732347
700109870	0.334534797825202	0.258455387755272	0.203065280308939	0.430702147407515	0.284653935649167	0.179031023851056	0.335469974367522	0.117322763758702	0.306077123690535	0.146375195743211	0.247495645619174	0.226637382834112	0.118589693033827	0.179185761174215	0	0.289812153560786	0.138342250497456	0.232444474492026	0.311155860825164	0.318850191625507	0.280851810187068	0.261959836200036	0.308296922840363	0.328478964041191	0.367889736698819	0.315374385816394	0.199139628641285	0.35170510042498	0.21936483582996	0.14972414365282	0.177940093765938	0.271538100640307	0.221645110672837	0.178875769720144	0.344015264860588	0.264828420510816	0.267629708086996	0.160430618756148	0.292665199248394	0.149753545744589	0.265510087866296	0.151900160397751	0.274350044822205	0.302092091245269	0.172093472979572	0.174574630016662	0.240965885288402	0.115723683271782	0.215594833380373	0.210270072258388	0.286370883926306	0.31466356896106	0.36068823028242	0.270475780301872	0.399373760369542	0.143976071750568	0.254194935719865	0.341669202904029	0.185276050704666	0.319111377600011
700033928	0.18709827777764	0.235621046711112	0.180077302853324	0.342061098029789	0.224657816015378	0.170707451916589	0.19723511279354	0.239344050214745	0.140395929165026	0.197829814822564	0.0920204824038549	0.195847579583581	0.245448448634768	0.202644425192748	0.289812153560786	0	0.225574866327216	0.158227877245814	0.134812964157567	0.224362325035363	0.146489866454168	0.0964875647544012	0.232758961062849	0.164465252603968	0.156780807375326	0.255128156516924	0.245348336020027	0.351482648606191	0.302647393507882	0.256538627337583	0.173222772190037	0.140680753475111	0.107850778676379	0.160355347990192	0.245283552280766	0.179263989958012	0.217802488462468	0.216111864224159	0.167099399094168	0.312055920256277	0.123009812392474	0.191979723670122	0.152919305362101	0.178743852059871	0.197078248337183	0.204929242644604	0.170036395558676	0.215229401042338	0.166893992856634	0.157062379374342	0.152179481020756	0.179453934765204	0.260630538931288	0.132238169746504	0.259656541373993	0.184147132091681	0.192527767692792	0.157688500775491	0.154964730023474	0.160220377557791
700023693	0.302224991378887	0.176164012906594	0.188392445185389	0.417332936353119	0.223511576520214	0.127885915015109	0.292359318400753	0.0682722201288419	0.249313652066275	0.0716330671371051	0.175505087967715	0.213380725436114	0.0939070059949996	0.0969077972552217	0.138342250497456	0.225574866327216	0	0.176764017807033	0.257362896907751	0.276466371561393	0.234039074219899	0.209630754502427	0.274855808913258	0.270413687894809	0.318206674807083	0.261755811010796	0.121930856138563	0.294221851047008	0.173507072231824	0.120333849850781	0.102061475932955	0.221584861459401	0.141007841792321	0.110617503038811	0.283293578053874	0.202411136756622	0.210977283402602	0.159749258165123	0.231281635096121	0.140569474995228	0.191623242983464	0.105204406867289	0.182931210241857	0.245110119945196	0.0982528279040433	0.14293865395248	0.175677571451307	0.103355952057964	0.145205483903289	0.185672364709377	0.257559826433132	0.268795797286667	0.327305757986363	0.202100604211741	0.372528790386206	0.111095611241809	0.200379783125327	0.286835832117271	0.178552489827	0.26524505547571
700109627	0.280239995149975	0.276401625531448	0.120812681345323	0.432229465005765	0.250501915921683	0.0717119453519378	0.316740983034414	0.190227301408494	0.248756824593261	0.150578112866199	0.139830528410074	0.149592530212544	0.191855491493024	0.16210690631813	0.232444474492026	0.158227877245814	0.176764017807033	0	0.244528184976067	0.301638093837348	0.25330036892205	0.134334489387555	0.307108601562996	0.253648617903772	0.258559968642723	0.301929238273778	0.201082829100831	0.370174802047869	0.311647274187068	0.212882655667778	0.122460248030629	0.197830355750718	0.150906361581648	0.101841533813698	0.311971505607319	0.22710233172668	0.181748733229627	0.116025422620075	0.274263944716574	0.258764255960634	0.220092772369343	0.145952021160268	0.181135948043639	0.235785450027403	0.20206769751857	0.214716611201585	0.231100419607389	0.18394512067575	0.0973954629935743	0.133602111278275	0.169931555202743	0.296736875382738	0.362980928181502	0.207969965418213	0.339617382272239	0.156446646261117	0.236333247064175	0.270338223570395	0.132423013289424	0.276931721337835
700095416	0.104872244145617	0.219678451655451	0.270169010298442	0.294694412998001	0.195542221848429	0.240020804832941	0.125777493993157	0.268064648387317	0.0933328198573659	0.231001651153753	0.151621722124565	0.28265377976421	0.270846845985143	0.20538431727521	0.311155860825164	0.134812964157567	0.257362896907751	0.244528184976067	0	0.163754553386499	0.111788510743711	0.185233257290585	0.167881030210894	0.0886341277956915	0.152181766327666	0.204891146168881	0.236155464734134	0.355042182675844	0.283137956322828	0.28255857911197	0.218124951084703	0.172220381607568	0.174408161183068	0.235740211839658	0.193756724614301	0.125229326502131	0.210845388751723	0.253138913123005	0.119562675419531	0.336634978598351	0.0975280904364112	0.278586502432048	0.144231730687761	0.160015636792801	0.242437967352322	0.198149372064769	0.132963963533265	0.239517159658212	0.19071805998703	0.246809357471032	0.241228930144506	0.117862123212511	0.201535185202409	0.0856720297832522	0.175880795446084	0.231715417762178	0.145420240938034	0.113222309347064	0.237961478007807	0.116756362222058
700110425	0.112947455279484	0.216270418207454	0.32592988102942	0.192891463530762	0.216888523485689	0.297900806105926	0.100154566624329	0.284549498732688	0.165074321540406	0.261990510833125	0.196202560874009	0.338727281501227	0.284592490505511	0.247849210472741	0.318850191625507	0.224362325035363	0.276466371561393	0.301638093837348	0.163754553386499	0	0.17470327452317	0.245203990567237	0.121278488962608	0.140946531444217	0.159747969389072	0.231631059683478	0.270640451639091	0.330663109123586	0.286682540819119	0.290676638459231	0.265739543642108	0.248725549401714	0.211357366411562	0.274763874471484	0.227704398883338	0.134610553461804	0.253005283616667	0.325717171460138	0.126347515237857	0.344398150990612	0.161920615018778	0.299176931417679	0.2061868484959	0.151228773721591	0.262777452421723	0.224186567664951	0.181842386690466	0.276344805575977	0.247488533378719	0.308616902616584	0.296966137511887	0.0929202072040718	0.0816095703863463	0.166716398778716	0.155433715578658	0.268382299528619	0.130974734561544	0.123952252031605	0.288743615530047	0.148282230304318
700111580	0.157890715958089	0.2402085260303	0.252261138106703	0.299843758012829	0.256415036757307	0.235927809219719	0.133552257352741	0.250878774459513	0.150312564583241	0.217669045928456	0.143320529061833	0.248937977756398	0.269592428386824	0.224179686252081	0.280851810187068	0.146489866454168	0.234039074219899	0.25330036892205	0.111788510743711	0.17470327452317	0	0.175550698377508	0.186932070835627	0.160371367954112	0.119038318905599	0.263664721010283	0.285098823384847	0.385140227086493	0.254670849090181	0.29945679008112	0.194510114162666	0.150331144602287	0.166949891732628	0.229584833667095	0.264749005118451	0.132402536592814	0.271294149563022	0.234957148237624	0.157054132193058	0.308294995500195	0.134896109384215	0.254927665832605	0.177810694146253	0.170062128836587	0.19178039198798	0.181219840333226	0.172695592005606	0.21025567320758	0.190918888315908	0.208888147975934	0.223769181542061	0.137581801931942	0.220583455488179	0.105396122709234	0.228545081352215	0.209718799824271	0.11439195815042	0.121824774235265	0.196093540585794	0.113648758518656
700111302	0.24297507114757	0.24577195143464	0.113438258625494	0.386563538811417	0.257126187840265	0.155607796528137	0.239255901589816	0.211684138400514	0.196507084793087	0.182238136836397	0.0841843132305066	0.125196236177648	0.222564009817152	0.20750669351085	0.261959836200036	0.0964875647544012	0.209630754502427	0.134334489387555	0.185233257290585	0.245203990567237	0.175550698377508	0	0.279830651278852	0.234895366634694	0.182847747484103	0.29959413324322	0.247998814399593	0.352836354610466	0.309303978098196	0.250306183577533	0.162870412107582	0.122598722003498	0.110702053663419	0.141275817363918	0.297816578244358	0.182090037289178	0.232071673594668	0.194979713484436	0.223833256815775	0.290347935089718	0.177692000624838	0.162784018133082	0.183550219641321	0.186489791396954	0.184142914452029	0.230876837772132	0.20645938225307	0.184233003774318	0.162782611286331	0.0844991580140303	0.105345042677831	0.234792927269315	0.301173335178539	0.14566637195724	0.324556500517324	0.15777193895622	0.189518751732728	0.221123680662902	0.115235147718668	0.207594026055521
700098605	0.124954300088641	0.197997490161401	0.335486956440215	0.217505178970502	0.208597657797818	0.284416569658662	0.138000691388851	0.291365402285277	0.181533021408358	0.261166206128145	0.225747470400761	0.353177367761815	0.290875808013581	0.228077990388562	0.308296922840363	0.232758961062849	0.274855808913258	0.307108601562996	0.167881030210894	0.121278488962608	0.186932070835627	0.279830651278852	0	0.155232585888018	0.22205962308344	0.198583710180197	0.238521187559315	0.336110020025447	0.263279315772577	0.296587204905892	0.255395563975665	0.267986415000072	0.236098994221369	0.277550382069606	0.201433501179461	0.162844066385734	0.252295650484329	0.302309290978443	0.150171394031615	0.310325848713921	0.172187360707895	0.317003718501452	0.21920881009826	0.199919444783062	0.279315477939176	0.196647793486182	0.162879911607896	0.276606148383332	0.239827941459958	0.311523554755617	0.320885733278288	0.144298198480114	0.138934372966664	0.186343628278477	0.135799528190966	0.26882552655157	0.178993962315442	0.164332447557574	0.296662959770168	0.155088806655196
700111991	0.0829825892255622	0.214952199213531	0.316203162197072	0.266678219989022	0.174229821923898	0.268815410637133	0.140606692926213	0.286265861570303	0.105282181668674	0.248528060434732	0.182099671563761	0.337984761731565	0.28888932807563	0.205929762992223	0.328478964041191	0.164465252603968	0.270413687894809	0.253648617903772	0.0886341277956915	0.140946531444217	0.160371367954112	0.234895366634694	0.155232585888018	0	0.184481492980601	0.175980939239299	0.231388923589848	0.339579390630795	0.295920403421191	0.290322987503094	0.24312853292499	0.232080829469531	0.203576865595861	0.258871559315392	0.164928594562304	0.141874710821416	0.198939832788611	0.285914501827487	0.096922620841444	0.352727712588731	0.123690032913421	0.306983200159795	0.167214658646522	0.17215682482244	0.269973683253204	0.205248621293803	0.140701852338462	0.272129697488805	0.207873123980579	0.29921716351573	0.281461884664491	0.107341235511707	0.170431585354892	0.133245670858841	0.12863175483355	0.26448930155784	0.18140220415056	0.107002842966383	0.286468302430086	0.142953253334441
700108960	0.165640318877767	0.292410116816958	0.265993013771045	0.293228729051485	0.292193744665396	0.266247612241313	0.127528774673881	0.327546867908959	0.160031291629834	0.288571906447207	0.163563994915239	0.267204652408822	0.332538566727691	0.2901835665686	0.367889736698819	0.156780807375326	0.318206674807083	0.258559968642723	0.152181766327666	0.159747969389072	0.119038318905599	0.182847747484103	0.22205962308344	0.184481492980601	0	0.311543339969151	0.335324666649067	0.417036086500299	0.342564249567573	0.346203958169137	0.269911957728564	0.140644608207927	0.20200234794062	0.258446709236464	0.298046382654459	0.148532131167796	0.3100988918699	0.295181962669308	0.193003689396805	0.394911160129463	0.191352339260212	0.27959800473708	0.220438411569427	0.154600420774959	0.275613101139862	0.281546350800086	0.247147975533702	0.298280302931494	0.246139486372092	0.23332141741297	0.223668717247182	0.146734624850812	0.196923085649015	0.145687192656998	0.206950146488127	0.274422801778411	0.16402874345237	0.127091783857293	0.223766748373712	0.121511373262565
700024452	0.187926342791614	0.187678762129274	0.340131158641446	0.281465056476214	0.162854429172419	0.288693234562797	0.249346432167546	0.285603140529396	0.215344254845974	0.270496806132891	0.246201564962366	0.36500720051255	0.287960069423395	0.212499815279238	0.315374385816394	0.255128156516924	0.261755811010796	0.301929238273778	0.204891146168881	0.231631059683478	0.263664721010283	0.29959413324322	0.198583710180197	0.175980939239299	0.311543339969151	0	0.184871871698645	0.285644428657623	0.194068361180583	0.250477832092391	0.276796052649744	0.300796321375453	0.237159600869754	0.276695182011486	0.0754005557250286	0.214884037384012	0.260047694582045	0.310908647341573	0.154677648561925	0.298246669669112	0.175783614426057	0.296980302967352	0.215393351766153	0.270911523521372	0.256839951696658	0.18709861278895	0.1546668729078	0.293026769906596	0.241117463609324	0.327317905517802	0.340059852291445	0.198564105061098	0.207025103925127	0.215871625382805	0.207303778997534	0.280312161782488	0.229787963346581	0.21748785917133	0.304358157264785	0.257821884402116
700032931	0.252151399629237	0.139793638646918	0.245779014967373	0.391895613645993	0.1654153599699	0.171373771852939	0.304560464467623	0.159155582501408	0.237099685944633	0.15028282052277	0.199488835891323	0.283773777058548	0.150205759537471	0.0979627079233298	0.199139628641285	0.245348336020027	0.121930856138563	0.201082829100831	0.236155464734134	0.270640451639091	0.285098823384847	0.247998814399593	0.238521187559315	0.231388923589848	0.335324666649067	0.184871871698645	0	0.249534962213947	0.180316931184542	0.128015317161171	0.159513800327806	0.272678013016154	0.175108205524487	0.155346226144447	0.209309772330025	0.216878786109284	0.173343038948081	0.206195682565371	0.219079814331889	0.191460152681919	0.194071605880928	0.161540660698811	0.171711150475076	0.256027755775786	0.163797636204492	0.155909437305733	0.152164284484776	0.176835764139608	0.150179021158369	0.244805174383879	0.299029515937236	0.261023480811209	0.29376993624992	0.214202169799227	0.302248728402404	0.171792666572584	0.236065564627063	0.277145254924804	0.23028523934395	0.287806848140377
700095837	0.343058258169616	0.21819852174581	0.39324082794567	0.429141101566871	0.275813143489472	0.357537897711062	0.378466256611672	0.32493960734936	0.339087779550429	0.31472093338083	0.311612708787974	0.411909765193716	0.303231712400943	0.289864646491081	0.35170510042498	0.351482648606191	0.294221851047008	0.370174802047869	0.355042182675844	0.330663109123586	0.385140227086493	0.352836354610466	0.336110020025447	0.339579390630795	0.417036086500299	0.285644428657623	0.249534962213947	0	0.208099851562914	0.251337147503123	0.325205911007025	0.389448306051315	0.289952113186771	0.315649811370173	0.285995662039883	0.32400998733409	0.317091791128612	0.395517973995709	0.300913166786451	0.330519502696254	0.305198419502732	0.315224448854036	0.312171978719631	0.337174315234838	0.275481373178976	0.310806994959333	0.292475260939351	0.337684855868974	0.325644605188734	0.38964116778227	0.393216686244419	0.342249503348872	0.341082390237185	0.337606806430583	0.394306869256979	0.326142889635338	0.363116597686847	0.367913847934952	0.375551820445678	0.376501921186144
700024548	0.299062381388191	0.15733693132492	0.310906254582856	0.373676184492686	0.230648667151152	0.258939448072693	0.308326069907263	0.207324530254709	0.302515162139894	0.209199699951278	0.251091025805308	0.326328422370866	0.205595157031751	0.188253374146525	0.21936483582996	0.302647393507882	0.173507072231824	0.311647274187068	0.283137956322828	0.286682540819119	0.254670849090181	0.309303978098196	0.263279315772577	0.295920403421191	0.342564249567573	0.194068361180583	0.180316931184542	0.208099851562914	0	0.176295430559949	0.232544197675265	0.315238854992257	0.225714445183437	0.235979970016514	0.229167705767658	0.232197569801044	0.295831353402436	0.289101912661295	0.243029511975018	0.193679694499697	0.228719115058164	0.221485033582649	0.246434864465211	0.311203906433435	0.149129336024898	0.136314920003853	0.20562817727476	0.214867655345977	0.245515213634996	0.308421823425402	0.338920290561491	0.278662105510006	0.295098635406494	0.24985643513145	0.336920031769725	0.23687236491228	0.230834217620703	0.310022831279271	0.277717857580116	0.302352535910939
700110161	0.308367037191347	0.179238735950136	0.226505836600855	0.416857177949458	0.214929587173019	0.17196038029204	0.325476181243462	0.128882816477856	0.271829552357022	0.141852448136418	0.215227947033379	0.273356220996579	0.118675208932549	0.129596403776461	0.14972414365282	0.256538627337583	0.120333849850781	0.212882655667778	0.28255857911197	0.290676638459231	0.29945679008112	0.250306183577533	0.296587204905892	0.290322987503094	0.346203958169137	0.250477832092391	0.128015317161171	0.251337147503123	0.176295430559949	0	0.164635519945907	0.27267836389062	0.187396695823633	0.14753402597558	0.269730613175819	0.239761484501813	0.222460486327581	0.176840129415492	0.251061040516933	0.181321996975802	0.227743345239966	0.141173845620662	0.214977383266642	0.279184719115019	0.149471351309689	0.188395684741826	0.212397265733245	0.164048101291624	0.173583481470353	0.240986429409576	0.293846779865565	0.286430595306229	0.330316109662321	0.237528073125638	0.373703704212899	0.160076877280704	0.242695977626919	0.308373038298731	0.211890002498279	0.305526411585833
700023496	0.272407019776514	0.198922103357269	0.168721586533876	0.407148232183291	0.222815002839617	0.080260065018672	0.273837931585029	0.121359187909889	0.218683184103092	0.0743970012170246	0.12750230694322	0.180436972430544	0.130353134119256	0.110778916226216	0.177940093765938	0.173222772190037	0.102061475932955	0.122460248030629	0.218124951084703	0.265739543642108	0.194510114162666	0.162870412107582	0.255395563975665	0.24312853292499	0.269911957728564	0.276796052649744	0.159513800327806	0.325205911007025	0.232544197675265	0.164635519945907	0	0.181466477352359	0.102888309640694	0.0741117024924764	0.284778814708473	0.18853377490561	0.174189498907927	0.129355537685067	0.232374135164952	0.191631505590597	0.166869297198304	0.128165546876199	0.144648281975438	0.209859183196918	0.114019778721771	0.143799193371037	0.167811523730549	0.109017397563931	0.0854518816443374	0.151523706245769	0.208519195825785	0.258203983274927	0.326924479940047	0.167484282821688	0.343038721128998	0.097560377532882	0.193024539542902	0.242964651735757	0.15362483295583	0.231751067490624
700034628	0.241188451742604	0.256665295946112	0.186803249040946	0.388473890371782	0.271518501992121	0.186474152894886	0.194477118181505	0.220620592346024	0.16382606779538	0.200657813099244	0.133051656644247	0.178858102578558	0.234751019298225	0.230100175419725	0.271538100640307	0.140680753475111	0.221584861459401	0.197830355750718	0.172220381607568	0.248725549401714	0.150331144602287	0.122598722003498	0.267986415000072	0.232080829469531	0.140644608207927	0.300796321375453	0.272678013016154	0.389448306051315	0.315238854992257	0.27267836389062	0.181466477352359	0	0.149212230542475	0.169016377051938	0.289799196941253	0.148055708908032	0.273146340196568	0.202621898214968	0.224482170381417	0.29580134739014	0.194334740606763	0.191940527738775	0.211034116999523	0.150267044805174	0.202614439600433	0.237003478390403	0.211258279597299	0.19547585880657	0.194260232844451	0.146560051519872	0.193638340238628	0.216483241290712	0.292976153755577	0.142343562296829	0.302833958544997	0.171212517355962	0.182938260288943	0.200013312450663	0.151291919825653	0.146163718527218
700023645	0.23020254987741	0.174780087937336	0.169668851708703	0.358317180064368	0.205043396713041	0.125465223400008	0.227801027726477	0.155792424395138	0.185594433534305	0.120465092516055	0.067647466587314	0.187599043563602	0.16021948652685	0.132106061916731	0.221645110672837	0.107850778676379	0.141007841792321	0.150906361581648	0.174408161183068	0.211357366411562	0.166949891732628	0.110702053663419	0.236098994221369	0.203576865595861	0.20200234794062	0.237159600869754	0.175108205524487	0.289952113186771	0.225714445183437	0.187396695823633	0.102888309640694	0.149212230542475	0	0.0913432290552989	0.247127182900262	0.142927118123481	0.190403773497555	0.185171089458249	0.176133685768231	0.233268505849255	0.121425641008818	0.12632785711281	0.115606346611753	0.168638370089896	0.115976648909426	0.147948868848121	0.149230692510358	0.146766157973092	0.115398322986621	0.152769635980196	0.164480445036035	0.204591710600867	0.267681097088702	0.136211046751894	0.307171343225718	0.115936904986602	0.168010923149931	0.194267802593046	0.143290508377047	0.193417393349918
700038744	0.289514196018755	0.208931632076746	0.134257166184485	0.413511710462687	0.230274594599572	0.0647052077743263	0.291070430462168	0.121706685391547	0.232982368802239	0.0880645270969052	0.122304014338322	0.15788717515389	0.118918653047093	0.118781817922496	0.178875769720144	0.160355347990192	0.110617503038811	0.101841533813698	0.235740211839658	0.274763874471484	0.229584833667095	0.141275817363918	0.277550382069606	0.258871559315392	0.258446709236464	0.276695182011486	0.155346226144447	0.315649811370173	0.235979970016514	0.14753402597558	0.0741117024924764	0.169016377051938	0.0913432290552989	0	0.29445084117696	0.195046135118917	0.190672937515592	0.133056567285733	0.237878642646608	0.189967761463843	0.178646054976715	0.0794248501752858	0.161281985751015	0.22145539895041	0.123759261140045	0.162212065406816	0.196556902595842	0.122529788985986	0.105388794285573	0.132249369714097	0.188088568853098	0.268427284665644	0.333242684732698	0.184318298051778	0.359401396767332	0.103124287445167	0.20588072855048	0.250804521189463	0.132421983994349	0.250574919397174
700038485	0.182616513846912	0.182462610858018	0.36129160794968	0.27892709367086	0.152431369321691	0.308121275178131	0.238447265122008	0.311606752584381	0.192490462178604	0.293472287391959	0.246117576863516	0.384859794945905	0.314380793479163	0.23289415475901	0.344015264860588	0.245283552280766	0.283293578053874	0.311971505607319	0.193756724614301	0.227704398883338	0.264749005118451	0.297816578244358	0.201433501179461	0.164928594562304	0.298046382654459	0.0754005557250286	0.209309772330025	0.285995662039883	0.229167705767658	0.269730613175819	0.284778814708473	0.289799196941253	0.247127182900262	0.29445084117696	0	0.221481126074007	0.255173144013405	0.332313542150272	0.146437583717296	0.323450483296587	0.193062396506061	0.325316399624548	0.215255273020858	0.256823004692593	0.280162336409151	0.218137432440533	0.154417973256838	0.321460742152069	0.255021674929264	0.3505384384271	0.344750395594183	0.185173953394465	0.188910646276782	0.197805621575731	0.198224145524565	0.306310179579042	0.258849625951851	0.206825573551944	0.333164533810402	0.247822458202175
700024743	0.139446114804421	0.18071658347306	0.238786896355207	0.289532964066439	0.206082607746356	0.210128842749325	0.122781849562117	0.212247279458859	0.127843464706641	0.176277956871902	0.133018031192769	0.257281286123853	0.222269430134166	0.185817670090053	0.264828420510816	0.179263989958012	0.202411136756622	0.22710233172668	0.125229326502131	0.134610553461804	0.132402536592814	0.182090037289178	0.162844066385734	0.141874710821416	0.148532131167796	0.214884037384012	0.216878786109284	0.32400998733409	0.232197569801044	0.239761484501813	0.18853377490561	0.148055708908032	0.142927118123481	0.195046135118917	0.221481126074007	0	0.222540305114893	0.238085386327188	0.129225490604884	0.284606099648106	0.121475716938656	0.22999098884253	0.161435851089249	0.111541589055279	0.198893003247693	0.168567464586617	0.158871210670703	0.190201626492336	0.164629328371551	0.226220096392686	0.236588583659963	0.11973545946936	0.1902439222431	0.0988769052962387	0.196906493187904	0.186984591555351	0.113419973205666	0.129711874220448	0.207924287286487	0.101046876375435
