700108602	700014971	700033565	700109389	700023058	700023927	700106341	700114221	700023543	700023439	700016978	700024192	700113058	700099448	700109870	700033928	700023693	700109627	700095416	700110425	700111580	700111302	700098605	700111991	700108960	700024452	700032931	700095837	700024548	700110161	700023496	700034628	700023645	700038744	700038485	700024743	700099596	700110760	700101587	700106399	700032322	700095653	700021312	700101230	700023590	700038905	700033136	700023382	700096424	700105469	700016908	700096053	700108479	700109569	700033814	700016125	700109756	700102665	700101777	700109455
700108602	0	-0.14861746122497	-0.209372402752113	-0.12107109097636	-0.148125828898605	-0.210221422144845	-0.0758004496522572	-0.227629598208453	-0.0983641591956916	-0.205051909979079	-0.143304097729611	-0.209512680510605	-0.218377968281746	-0.155336229560976	-0.219353151997314	-0.116583573109572	-0.218820956499065	-0.188524149055475	-0.100552627975995	-0.106227614702737	-0.114582653874429	-0.14951853694761	-0.10852663243699	-0.0764246584760726	-0.115594668486809	-0.119070969198524	-0.171639765465732	-0.179565839121955	-0.193306788249541	-0.214554888921872	-0.192087527569124	-0.156594225975961	-0.144254486861685	-0.186209775298756	-0.128295824817768	-0.124902186569458	-0.170620350873854	-0.216489162176854	-0.0803285691376041	-0.247350045723165	-0.116550949090524	-0.21210920638611	-0.135686613291148	-0.146166975447018	-0.193020428291714	-0.140810014164873	-0.147457039877881	-0.210347037831897	-0.17595671857207	-0.187316115765968	-0.136097360060942	-0.0874202575678465	-0.0986918913095655	-0.122677355305555	-0.081181443382169	-0.200660534458778	-0.132996970221853	-0.082593933230726	-0.181394463438572	-0.1048883729636
700014971	-0.14861746122497	0	-0.172684118047158	-0.209450259179884	-0.130084780300158	-0.162047347731976	-0.15501354687764	-0.132457668348533	-0.146094402628197	-0.116930272154135	-0.107148152970992	-0.177533231981982	-0.132881295270417	-0.110099017571876	-0.162340210350026	-0.151852060465384	-0.126258645204323	-0.174420582968795	-0.147200586804447	-0.148582624330978	-0.150125149917167	-0.12753188612128	-0.131000696802773	-0.145789649489723	-0.176965036837873	-0.157941461374459	-0.108199318924603	-0.156093404160298	-0.134014076407153	-0.137296094059002	-0.115598340537286	-0.142694654243792	-0.0982867965385448	-0.122815167123785	-0.153082271105889	-0.0985618936308072	-0.160849151244299	-0.171087815539314	-0.129078062884602	-0.158659543409008	-0.128628975467055	-0.142046715857612	-0.126019699145784	-0.139724027351107	-0.124597203783529	-0.114193723839579	-0.112458198945116	-0.132089421317491	-0.112103780051804	-0.162665919882615	-0.149105473545948	-0.155711114275265	-0.157839760044782	-0.109935923681996	-0.176580782126169	-0.124976930442635	-0.146742074969739	-0.149400684039431	-0.146467560417572	-0.156711459250416
700033565	-0.209372402752113	-0.172684118047158	0	-0.231676441610838	-0.199544217287814	-0.0635074911337819	-0.19811244537904	-0.105461426459907	-0.182497257899734	-0.103030578470834	-0.103862166197303	-0.0612448954985897	-0.112959351103496	-0.140201628438731	-0.0915528344372772	-0.133135011802548	-0.107559960924659	-0.0856218806350233	-0.167865999588053	-0.185951695453062	-0.170686539889811	-0.0926483588037254	-0.19272135862254	-0.18065856995763	-0.175004453451221	-0.204526885521631	-0.159132952736211	-0.194263431858364	-0.164220380887078	-0.122184948606538	-0.106853556953791	-0.130685616184061	-0.133837722799764	-0.110729341954821	-0.210014793282914	-0.138132519456016	-0.161504546809874	-0.11077068935002	-0.189387966728058	-0.141911357965777	-0.167251396019244	-0.0817678908271285	-0.161333203272645	-0.143129039986382	-0.131864886694615	-0.148654390608389	-0.156304460138763	-0.100548944584047	-0.132433594254662	-0.0755756703039997	-0.101094608930785	-0.214066937183124	-0.201274226980259	-0.142414896462526	-0.226302007212196	-0.0944745809584879	-0.143685645344063	-0.206971423694425	-0.0735564863245688	-0.189783857169511
700109389	-0.12107109097636	-0.209450259179884	-0.231676441610838	0	-0.195742052665994	-0.253102615664947	-0.100463929988852	-0.248780395531148	-0.156466361331006	-0.248792168237984	-0.189000439934268	-0.2278119983052	-0.248169714686674	-0.208878718102274	-0.230971219992201	-0.173101164143438	-0.252014393931967	-0.243996320462536	-0.180815532747	-0.114759674313422	-0.146055078032023	-0.200568814125571	-0.14121287865382	-0.153942035129147	-0.140726060644034	-0.148521668560483	-0.232115994146687	-0.205007701054908	-0.195315584804642	-0.235663929923513	-0.236609413891994	-0.209670692189141	-0.175849951650717	-0.225756128393189	-0.159800233239254	-0.165080528920036	-0.2500132965374	-0.258724404071929	-0.15108109883645	-0.242199220846093	-0.170039835061063	-0.239912467520519	-0.206942189566297	-0.194162309816232	-0.21068137506609	-0.178439344045995	-0.208726967827423	-0.237365738039764	-0.217992189730456	-0.217026924493325	-0.16837556890376	-0.106067402860476	-0.090103575713225	-0.186582364920257	-0.127540663246133	-0.235841447865761	-0.127095125444202	-0.108064592398656	-0.200443540899689	-0.145933895079472
700023058	-0.148125828898605	-0.130084780300158	-0.199544217287814	-0.195742052665994	0	-0.174560868943565	-0.158518344908423	-0.177984037167671	-0.133030345742223	-0.16767918401678	-0.140398942051509	-0.201245939340851	-0.18569707676747	-0.134346688104167	-0.188092604278878	-0.159870625474745	-0.171507271234652	-0.170558837978878	-0.155606854451651	-0.152159483845231	-0.177913777502654	-0.169050856110089	-0.14925985335569	-0.156005651731441	-0.197486881342155	-0.129407888859816	-0.137346986219812	-0.161489747380381	-0.163159326343879	-0.158900944101247	-0.146197927470318	-0.192284348937615	-0.139734958391968	-0.152662437909446	-0.115979187826361	-0.154517120357904	-0.140015469134921	-0.153606804294965	-0.124990231574866	-0.202803112107148	-0.140990376253298	-0.179169797260212	-0.126700762149722	-0.177373995471267	-0.161827465813968	-0.152937207414566	-0.121656541731741	-0.16821909780525	-0.145297425285594	-0.198983930520342	-0.176378282468853	-0.149374732507987	-0.163127855965413	-0.142080694269568	-0.168980979604333	-0.171481124560347	-0.178237555278964	-0.161650132727147	-0.183844846700321	-0.156981378268473
700023927	-0.210221422144845	-0.162047347731976	-0.0635074911337819	-0.253102615664947	-0.174560868943565	0	-0.221262982065827	-0.109148574940259	-0.193830731727279	-0.0883264279371343	-0.11805013824595	-0.093295346431486	-0.120780588285608	-0.108288256004268	-0.10118626112388	-0.146662877168248	-0.106340389055071	-0.0603671216329523	-0.173426891023595	-0.205297546584047	-0.183639736474325	-0.124135676652121	-0.18859203283395	-0.186331549347432	-0.198702967271891	-0.200881722179468	-0.131121482345504	-0.208412668327022	-0.171816358046645	-0.120425026480047	-0.0796037091119324	-0.154179716855886	-0.144926016794705	-0.0935348873240738	-0.197334914542841	-0.156959984909337	-0.134754276845687	-0.0753725811790659	-0.191365587541193	-0.149008180988697	-0.167383392864722	-0.0988665491910556	-0.135452943517814	-0.167116829487676	-0.141050532069789	-0.142524696757368	-0.143988254921869	-0.110945190018284	-0.0932000039786752	-0.102089245902195	-0.129346033490991	-0.22784065529933	-0.219120249958751	-0.132973194341424	-0.226948216388248	-0.103393427140294	-0.156474823055767	-0.21803351866883	-0.0951379471848777	-0.2030092882435
700106341	-0.0758004496522572	-0.15501354687764	-0.19811244537904	-0.100463929988852	-0.158518344908423	-0.221262982065827	0	-0.216826953821093	-0.0906949402583863	-0.21339274733405	-0.140856761638682	-0.18559113124947	-0.215161879069331	-0.172651185141656	-0.209158524588993	-0.119905086609061	-0.211665859853925	-0.212909771636392	-0.114383719299318	-0.083472578043682	-0.0943829490976661	-0.137978847580692	-0.110484751974633	-0.104977179119655	-0.0901575299942516	-0.154387051745453	-0.202856285416291	-0.198265563326469	-0.189082848969563	-0.213370874268123	-0.196506671803898	-0.126689274487356	-0.136411169580779	-0.200616318153955	-0.158290268943266	-0.109525488459109	-0.205200030186067	-0.229362611334211	-0.0979912600362212	-0.237744479098733	-0.133398826147608	-0.1978449457931	-0.142294827533447	-0.124472128582047	-0.176640259786792	-0.153959039434971	-0.169617066530153	-0.195864165731507	-0.184701354819376	-0.171453558859146	-0.130680850479107	-0.0632972390944387	-0.08061549949498	-0.125278608040776	-0.11468257117641	-0.188778664145383	-0.105659327239177	-0.0685864929082078	-0.166826368965024	-0.0795483064906263
700114221	-0.227629598208453	-0.132457668348533	-0.105461426459907	-0.248780395531148	-0.177984037167671	-0.109148574940259	-0.216826953821093	0	-0.20369966683448	-0.0760541696120805	-0.139195120469119	-0.116556183278623	-0.0669747261198484	-0.137697114100379	-0.0819186975933274	-0.178961456959177	-0.0639475462384638	-0.153444555232612	-0.200560017473965	-0.193225987508436	-0.197044509753516	-0.147131317959099	-0.196609260235911	-0.213626871458047	-0.227582643544721	-0.215859293636918	-0.130243254290673	-0.178782816488842	-0.12243364392975	-0.100435375349216	-0.119745100002897	-0.175688334076755	-0.123204249500422	-0.118848264783382	-0.214640287752859	-0.144387808084556	-0.178036084057008	-0.0965067502325592	-0.19899713288671	-0.0934032098493959	-0.153739234804334	-0.066027063768076	-0.183162245565989	-0.175832268247753	-0.0940839002425661	-0.140108063207093	-0.14004435334424	-0.0682081318687183	-0.126439691724627	-0.124210370897868	-0.163130511634189	-0.223146795538771	-0.21196234703557	-0.16268598332906	-0.248628118305822	-0.0816177048256424	-0.160972904066188	-0.225392103698493	-0.122814167649188	-0.209152112404964
700023543	-0.0983641591956916	-0.146094402628197	-0.182497257899734	-0.156466361331006	-0.133030345742223	-0.193830731727279	-0.0906949402583863	-0.20369966683448	0	-0.186644547465948	-0.122294045435249	-0.182106818038994	-0.199713030562654	-0.155683950633375	-0.199935787830871	-0.100883268182758	-0.194422716670284	-0.18148334703314	-0.0961690280161154	-0.11860252022814	-0.117904042511637	-0.12323879622198	-0.124178281301298	-0.0955137582818816	-0.109726617979871	-0.13950695680621	-0.173396860469656	-0.17419940694908	-0.20633899434324	-0.189986184706661	-0.172237171964684	-0.120380859018049	-0.135895682503206	-0.171011939996038	-0.126977208893794	-0.133379617664916	-0.170163173335887	-0.204599092015519	-0.0818936468675246	-0.237421972188033	-0.122783985790288	-0.184492745696763	-0.126564926167053	-0.10081324440249	-0.179863494780726	-0.161987694844277	-0.132990640452538	-0.180448595593498	-0.178971769272356	-0.160181266319998	-0.134061793935845	-0.0863448350592155	-0.118117975684365	-0.126209759956914	-0.127654675873452	-0.180654412298119	-0.150694420745351	-0.0826768541458698	-0.163968443468441	-0.0819058218546153
700023439	-0.205051909979079	-0.116930272154135	-0.103030578470834	-0.248792168237984	-0.16767918401678	-0.0883264279371343	-0.21339274733405	-0.0760541696120805	-0.186644547465948	0	-0.122348589790603	-0.125504856516479	-0.077468046994939	-0.109341628917777	-0.105933936427175	-0.15552016521613	-0.0776449543773684	-0.116689997710181	-0.177522762862881	-0.193476450883533	-0.18834521360681	-0.137933782745315	-0.183531934445272	-0.180065989077014	-0.218705411822507	-0.19919079783909	-0.114493433432449	-0.178496866388313	-0.14263626194582	-0.103791400334297	-0.0959396979733102	-0.167512400450758	-0.115535774208436	-0.0933960738237488	-0.193775394471743	-0.140197960224102	-0.144460937935775	-0.0848403954064364	-0.181780014121208	-0.116543919888464	-0.144573169432001	-0.0923796728618128	-0.156222920916338	-0.176908518245684	-0.115022985042075	-0.123777409558674	-0.130518746098512	-0.0916746771984857	-0.103949946581366	-0.122441884900088	-0.150114777006079	-0.216269081506526	-0.210302804693929	-0.135528306264919	-0.227746868973322	-0.0825005410022398	-0.163745954771533	-0.208356833996037	-0.110794476058849	-0.202103614857556
700016978	-0.143304097729611	-0.107148152970992	-0.103862166197303	-0.189000439934268	-0.140398942051509	-0.11805013824595	-0.140856761638682	-0.139195120469119	-0.122294045435249	-0.122348589790603	0	-0.108125994937325	-0.133541912093323	-0.109545182544574	-0.143222792586491	-0.11126510197698	-0.129401468727768	-0.1127317090898	-0.127601634697698	-0.123597690385673	-0.128975204420558	-0.0668884972063808	-0.140669894699093	-0.118064402870296	-0.121589254928608	-0.169094376510274	-0.134816523545503	-0.140970831867512	-0.148122124868716	-0.135148563349538	-0.0935815486989308	-0.102659935307337	-0.0771013047974779	-0.0884712372170168	-0.159450130519831	-0.0869048666242677	-0.127327273426365	-0.143418744353502	-0.1215103112457	-0.172305337250268	-0.122931231177849	-0.110696266257221	-0.106233816236501	-0.098219398556255	-0.120422447943479	-0.127626965421893	-0.124099859261574	-0.114472477216057	-0.113452744387488	-0.106585827134821	-0.0870035098483851	-0.152473583918755	-0.142389459727828	-0.0967575912047191	-0.160182510627708	-0.107666314034811	-0.123741016771471	-0.142379578304042	-0.102765625649561	-0.134372962583652
700024192	-0.209512680510605	-0.177533231981982	-0.0612448954985897	-0.2278119983052	-0.201245939340851	-0.093295346431486	-0.18559113124947	-0.116556183278623	-0.182106818038994	-0.125504856516479	-0.108125994937325	0	-0.111493217550871	-0.157393250959752	-0.095555708249352	-0.132333764251706	-0.119996803169473	-0.109209017789546	-0.165564966400726	-0.179271570702841	-0.164271679091652	-0.0974577852212384	-0.193753557486381	-0.194045199478455	-0.171586943551568	-0.216425932981248	-0.176806084988172	-0.19400206785283	-0.165191906621331	-0.144594121853441	-0.11405703798553	-0.120817322337589	-0.123219041319787	-0.117955776436465	-0.220483801420921	-0.135031070265653	-0.167297223994083	-0.123668231828314	-0.193826029065923	-0.144055037088816	-0.158706980211849	-0.0719544110142903	-0.164000042036069	-0.136727578964555	-0.118072092033038	-0.152896104157601	-0.161007632003211	-0.0991056465414843	-0.14557904750354	-0.0820894847788701	-0.107687072267615	-0.212647079248143	-0.200872066591578	-0.151458468176291	-0.241643597954118	-0.0912091575767331	-0.131705003224043	-0.202327282274456	-0.085180354369114	-0.185350450043121
700113058	-0.218377968281746	-0.132881295270417	-0.112959351103496	-0.248169714686674	-0.18569707676747	-0.120780588285608	-0.215161879069331	-0.0669747261198484	-0.199713030562654	-0.077468046994939	-0.133541912093323	-0.111493217550871	0	-0.133086011555885	-0.101302390099061	-0.169072537957982	-0.0953123145831197	-0.153247918622434	-0.196028150599399	-0.19346757999654	-0.194525705652561	-0.14967584646133	-0.195221625227564	-0.209264961533741	-0.224601828005516	-0.214065794255968	-0.129623150593375	-0.159766743728631	-0.127201534607408	-0.109792661140293	-0.122957829546217	-0.169514376214857	-0.112828130925981	-0.110998554922602	-0.216882672353264	-0.145947615379094	-0.174226953179955	-0.117260530825282	-0.191285606486417	-0.113335713277321	-0.156197372218909	-0.072664563409965	-0.187472727517781	-0.179828110396041	-0.0977820670869975	-0.141154993452908	-0.148407075265778	-0.0841271190782347	-0.130159033794075	-0.129998314857734	-0.161871993318437	-0.215943065650846	-0.214997195448396	-0.169267614571878	-0.25028259102517	-0.0742924168319699	-0.161151008397124	-0.216496549730727	-0.117888564674993	-0.203959951729368
700099448	-0.155336229560976	-0.110099017571876	-0.140201628438731	-0.208878718102274	-0.134346688104167	-0.108288256004268	-0.172651185141656	-0.137697114100379	-0.155683950633375	-0.109341628917777	-0.109545182544574	-0.157393250959752	-0.133086011555885	0	-0.137081131092875	-0.134606858909135	-0.121884878279939	-0.12098231213776	-0.140482680714572	-0.154641978220304	-0.151033242577599	-0.138924317699762	-0.132801860086829	-0.13992266149572	-0.179828995319599	-0.144803684277037	-0.0982693702547155	-0.171479297820832	-0.131264759116611	-0.119595002758693	-0.0953078131211004	-0.164183232755578	-0.111499487193022	-0.104914565019057	-0.143532292265884	-0.120925633856882	-0.125085941480196	-0.115965573875596	-0.135593552008632	-0.167210265088652	-0.124972144116005	-0.134824576345319	-0.110648637541141	-0.167088147165847	-0.118744839918597	-0.104018656699737	-0.105794902974937	-0.128549504340027	-0.065703681120838	-0.146499511127156	-0.127949019838657	-0.171352396664053	-0.168661994181205	-0.103435439848114	-0.168103505839321	-0.123432381451533	-0.12615680424429	-0.168387236568482	-0.122275953861732	-0.166962849852209
700109870	-0.219353151997314	-0.162340210350026	-0.0915528344372772	-0.230971219992201	-0.188092604278878	-0.10118626112388	-0.209158524588993	-0.0819186975933274	-0.199935787830871	-0.105933936427175	-0.143222792586491	-0.095555708249352	-0.101302390099061	-0.137081131092875	0	-0.170196460231066	-0.097073808083306	-0.137260341241549	-0.195460426778853	-0.194270283723803	-0.17824777482038	-0.144458738272744	-0.177124808261724	-0.207105137801662	-0.21345962665598	-0.204271799598243	-0.15158049147314	-0.193265970884769	-0.140614042770189	-0.112166594008555	-0.129995626115129	-0.170038807866172	-0.155005748918701	-0.143493532408638	-0.211517151354747	-0.148968932687995	-0.178323486985462	-0.0953883000542368	-0.2000814132822	-0.104962605985061	-0.168112219933083	-0.0840380102849318	-0.186286867414033	-0.169603946409698	-0.121653577934079	-0.127910239537174	-0.154965986229665	-0.0964519588849581	-0.137827273693702	-0.118157883331746	-0.150850627849618	-0.219730464417743	-0.201042222456955	-0.158827612423291	-0.235385163679483	-0.0970153183680648	-0.147982034072051	-0.221248635348831	-0.106516751788081	-0.199912075496765
700033928	-0.116583573109572	-0.151852060465384	-0.133135011802548	-0.173101164143438	-0.159870625474745	-0.146662877168248	-0.119905086609061	-0.178961456959177	-0.100883268182758	-0.15552016521613	-0.11126510197698	-0.132333764251706	-0.169072537957982	-0.134606858909135	-0.170196460231066	0	-0.167606554402703	-0.139263522382773	-0.0839731104580118	-0.137942542032011	-0.110978327068419	-0.100442939094392	-0.126935836936131	-0.0956394795897689	-0.124918499347821	-0.152620204837467	-0.157863525257882	-0.170063427454282	-0.177540029857126	-0.174593901670262	-0.132595218051321	-0.116095200868939	-0.105725776585762	-0.148948777876373	-0.155301336670445	-0.133575549050936	-0.154546043786025	-0.178529927748484	-0.113071545884816	-0.2105448220791	-0.0876016787054358	-0.143561842498555	-0.131090149180468	-0.135480843619821	-0.146393885016324	-0.128682785660926	-0.117708169792574	-0.157529190360829	-0.146329416501415	-0.116655790497582	-0.0897655258490208	-0.130628818700566	-0.141119908510653	-0.118776769964365	-0.150850757311593	-0.135667721126909	-0.120924459310313	-0.117614027439355	-0.114644219323954	-0.11220974527217
700023693	-0.218820956499065	-0.126258645204323	-0.107559960924659	-0.252014393931967	-0.171507271234652	-0.106340389055071	-0.211665859853925	-0.0639475462384638	-0.194422716670284	-0.0776449543773684	-0.129401468727768	-0.119996803169473	-0.0953123145831197	-0.121884878279939	-0.097073808083306	-0.167606554402703	0	-0.13913908421089	-0.186892390735834	-0.19246270719551	-0.174264189733579	-0.139004607540573	-0.185164601926262	-0.196281074274775	-0.221494629928374	-0.206766318141051	-0.137391407189689	-0.184711127570743	-0.121608231773877	-0.110017666450208	-0.106132640127685	-0.168965580395657	-0.12712806788594	-0.118103432202606	-0.204717977398203	-0.142271820790727	-0.160962944154383	-0.103950316685134	-0.191400042083657	-0.0898269948012451	-0.14581616999139	-0.0821765271861438	-0.160925457045818	-0.171118282798147	-0.0898755184778399	-0.114971814218712	-0.124230556730636	-0.0640607545861416	-0.111560304779634	-0.12453995343621	-0.151926255998108	-0.218565499558956	-0.209917923463449	-0.144157781031657	-0.238389727191159	-0.085896465815525	-0.155706292391401	-0.215516360394362	-0.120347776451943	-0.204420119665144
700109627	-0.188524149055475	-0.174420582968795	-0.0856218806350233	-0.243996320462536	-0.170558837978878	-0.0603671216329523	-0.212909771636392	-0.153444555232612	-0.18148334703314	-0.116689997710181	-0.1127317090898	-0.109209017789546	-0.153247918622434	-0.12098231213776	-0.137260341241549	-0.139263522382773	-0.13913908421089	0	-0.16447473882668	-0.191048233353761	-0.185004179969877	-0.123199266032843	-0.191391133285212	-0.164983483767708	-0.181914042959869	-0.191928200570809	-0.135755168310918	-0.196823175175004	-0.198906578304369	-0.142328409704013	-0.0966724458143679	-0.155452604255867	-0.151870348880597	-0.102178365376961	-0.183031242429801	-0.165748614316281	-0.118546392894038	-0.0988474506433178	-0.182226041421299	-0.186600556528437	-0.16939481552598	-0.132365618619771	-0.128058725833041	-0.158314232002134	-0.165866170310246	-0.164903647782678	-0.14632949264415	-0.144385442764299	-0.108694196055722	-0.116566787678332	-0.114027467302618	-0.219916396827248	-0.208085572373004	-0.135137525138076	-0.20645441133165	-0.132955453314511	-0.164176083452806	-0.210266837190565	-0.115961220772627	-0.199222427560018
700095416	-0.100552627975995	-0.147200586804447	-0.167865999588053	-0.180815532747	-0.155606854451651	-0.173426891023595	-0.114383719299318	-0.200560017473965	-0.0961690280161154	-0.177522762862881	-0.127601634697698	-0.165564966400726	-0.196028150599399	-0.140482680714572	-0.195460426778853	-0.0839731104580118	-0.186892390735834	-0.16447473882668	0	-0.133551082699188	-0.102533890825918	-0.117554135571357	-0.123122269700854	-0.0770736146056857	-0.118564665950042	-0.140735869227952	-0.163593479854525	-0.178151256288868	-0.188215617031201	-0.195335983059318	-0.153990777520923	-0.123321452104283	-0.119102380645756	-0.172178770176136	-0.137968369268623	-0.12597365870334	-0.153166048291546	-0.194128650099629	-0.0970807508740679	-0.232506325464568	-0.0977876129443817	-0.179179662482333	-0.102091990839369	-0.125805162327227	-0.166161965733418	-0.134927672425058	-0.120390196466701	-0.18221606537603	-0.155371562553716	-0.156351696258023	-0.113036695102363	-0.127459835563199	-0.136296038221219	-0.100443179859034	-0.122942416591543	-0.166707614695927	-0.127886984466256	-0.113482691457604	-0.148847748476927	-0.1204022024913
700110425	-0.106227614702737	-0.148582624330978	-0.185951695453062	-0.114759674313422	-0.152159483845231	-0.205297546584047	-0.083472578043682	-0.193225987508436	-0.11860252022814	-0.193476450883533	-0.123597690385673	-0.179271570702841	-0.19346757999654	-0.154641978220304	-0.194270283723803	-0.137942542032011	-0.19246270719551	-0.191048233353761	-0.133551082699188	0	-0.101235044838444	-0.143792809830829	-0.119246775105788	-0.102708419021911	-0.092714030976258	-0.15622650739769	-0.174253539907197	-0.166539319921486	-0.165894411168484	-0.178576355867071	-0.17638512994153	-0.153323617205577	-0.11546225320287	-0.170625668864898	-0.160895058579115	-0.104697755121276	-0.186873995643733	-0.208280036100254	-0.108674562193893	-0.224002998927152	-0.123657351796958	-0.17439747249763	-0.13819399124824	-0.119132926741572	-0.153950761218552	-0.148419284597648	-0.141500290359615	-0.175819755547493	-0.156001245338678	-0.173390776353052	-0.127230345406961	-0.0827471628734031	-0.06514961621958	-0.130196583593571	-0.127338155270804	-0.173563240965257	-0.0898728482257149	-0.0835889580409044	-0.1582949156046	-0.100021834216068
700111580	-0.114582653874429	-0.150125149917167	-0.170686539889811	-0.146055078032023	-0.177913777502654	-0.183639736474325	-0.0943829490976661	-0.197044509753516	-0.117904042511637	-0.18834521360681	-0.128975204420558	-0.164271679091652	-0.194525705652561	-0.151033242577599	-0.17824777482038	-0.110978327068419	-0.174264189733579	-0.185004179969877	-0.102533890825918	-0.101235044838444	0	-0.112783208490197	-0.106069553547789	-0.107382673273829	-0.0748346172486754	-0.175753018727536	-0.189352607476988	-0.209008038353701	-0.158226319989092	-0.200570497020214	-0.163373052312932	-0.115997361712249	-0.11664632541261	-0.18635996161311	-0.181071658924808	-0.108666885685649	-0.198778186228356	-0.199300041628099	-0.12359954716123	-0.216203495480587	-0.113866279312341	-0.168080259146971	-0.130062802676036	-0.121122067381704	-0.146908150151488	-0.123423117733216	-0.146081456661535	-0.161022711771532	-0.154520552488459	-0.143386389685195	-0.106017186316236	-0.0985180076330396	-0.115727197094761	-0.0978438840404672	-0.142485702953115	-0.166821199434105	-0.0846222340458001	-0.085071801967077	-0.129733851974227	-0.104430110327686
700111302	-0.14951853694761	-0.12753188612128	-0.0926483588037254	-0.200568814125571	-0.169050856110089	-0.124135676652121	-0.137978847580692	-0.147131317959099	-0.12323879622198	-0.137933782745315	-0.0668884972063808	-0.0974577852212384	-0.14967584646133	-0.138924317699762	-0.144458738272744	-0.100442939094392	-0.139004607540573	-0.123199266032843	-0.117554135571357	-0.143792809830829	-0.112783208490197	0	-0.152280182834374	-0.127759701278252	-0.112542671917532	-0.182526010008504	-0.156590734559386	-0.181669991701543	-0.169046467137569	-0.15807022981112	-0.11787828967971	-0.0677915744134576	-0.097947213794605	-0.121281564975924	-0.175834977328637	-0.0949744820123243	-0.157541775987626	-0.162000609129146	-0.138024096440026	-0.182129010377228	-0.145595609697715	-0.114592146826358	-0.131168251462036	-0.0944556322163391	-0.133364193134136	-0.149895882308153	-0.147457915555958	-0.120706704807921	-0.141600464829549	-0.0670681053643308	-0.075329579269269	-0.156531039091582	-0.148091871622047	-0.0942984219072729	-0.180233457194706	-0.111883341603169	-0.11980417190253	-0.145986065995586	-0.0865702096797695	-0.130835699702382
700098605	-0.10852663243699	-0.131000696802773	-0.19272135862254	-0.14121287865382	-0.14925985335569	-0.18859203283395	-0.110484751974633	-0.196609260235911	-0.124178281301298	-0.183531934445272	-0.140669894699093	-0.193753557486381	-0.195221625227564	-0.132801860086829	-0.177124808261724	-0.126935836936131	-0.185164601926262	-0.191391133285212	-0.123122269700854	-0.119246775105788	-0.106069553547789	-0.152280182834374	0	-0.108145515925339	-0.145293911582172	-0.13777300705919	-0.15782664058668	-0.163148956102412	-0.165937921477414	-0.183044575117828	-0.164467474802714	-0.157084621772706	-0.139134732469966	-0.182637863764451	-0.137897626780588	-0.114677801484285	-0.177982039477126	-0.193076280390767	-0.107386379421469	-0.203209527685931	-0.118228660689987	-0.187927903341755	-0.140340675624658	-0.140468664797635	-0.174008832698507	-0.112864295721939	-0.144019051673224	-0.182320365102946	-0.161418542207501	-0.182079267694976	-0.154105324205796	-0.115625883126524	-0.106348195644902	-0.116150088022087	-0.104951853050388	-0.177147226418898	-0.119376737505813	-0.117083294521097	-0.162824963147238	-0.113514074254058
700111991	-0.0764246584760726	-0.145789649489723	-0.18065856995763	-0.153942035129147	-0.156005651731441	-0.186331549347432	-0.104977179119655	-0.213626871458047	-0.0955137582818816	-0.180065989077014	-0.118064402870296	-0.194045199478455	-0.209264961533741	-0.13992266149572	-0.207105137801662	-0.0956394795897689	-0.196281074274775	-0.164983483767708	-0.0770736146056857	-0.102708419021911	-0.107382673273829	-0.127759701278252	-0.108145515925339	0	-0.108494057253521	-0.125537833631428	-0.160774996586954	-0.166138803655471	-0.190819311666993	-0.201045866124811	-0.164519801445581	-0.145506525085078	-0.12772272479702	-0.168931040751247	-0.129074737662133	-0.111402171987331	-0.15792966084086	-0.202049274896362	-0.0810399234640367	-0.242384126479286	-0.0971091435241093	-0.197326248262738	-0.111834560555825	-0.125241831347876	-0.180355268817255	-0.131405461177585	-0.119289231415819	-0.194384719069416	-0.160905901833062	-0.167942693880048	-0.11866832586977	-0.108005247306124	-0.106802258001018	-0.10180428379437	-0.0856406533072643	-0.186577144240119	-0.128811319271109	-0.0975892492798199	-0.164365108486159	-0.107859099013812
700108960	-0.115594668486809	-0.176965036837873	-0.175004453451221	-0.140726060644034	-0.197486881342155	-0.198702967271891	-0.0901575299942516	-0.227582643544721	-0.109726617979871	-0.218705411822507	-0.121589254928608	-0.171586943551568	-0.224601828005516	-0.179828995319599	-0.21345962665598	-0.124918499347821	-0.221494629928374	-0.181914042959869	-0.118564665950042	-0.092714030976258	-0.0748346172486754	-0.112542671917532	-0.145293911582172	-0.108494057253521	0	-0.194831941141093	-0.215340497807356	-0.216971405803277	-0.200484033500909	-0.217237085698348	-0.18815380031865	-0.106892106543613	-0.139106438861401	-0.192580010347178	-0.194004542796873	-0.117978204484396	-0.208836311486993	-0.23016919179385	-0.121470258664592	-0.253414646344189	-0.153051127549643	-0.190924722412913	-0.146836578318748	-0.101922386086737	-0.18459664734533	-0.175975222225971	-0.188789786887202	-0.200464998397873	-0.182256275589677	-0.143202732777816	-0.0984471496809011	-0.104562884972139	-0.106468257720758	-0.118374642930083	-0.128936165024479	-0.188602540307665	-0.107538366096414	-0.0873247213706954	-0.141986734674734	-0.09175548532029
700024452	-0.119070969198524	-0.157941461374459	-0.204526885521631	-0.148521668560483	-0.129407888859816	-0.200881722179468	-0.154387051745453	-0.215859293636918	-0.13950695680621	-0.19919079783909	-0.169094376510274	-0.216425932981248	-0.214065794255968	-0.144803684277037	-0.204271799598243	-0.152620204837467	-0.206766318141051	-0.191928200570809	-0.140735869227952	-0.15622650739769	-0.175753018727536	-0.182526010008504	-0.13777300705919	-0.125537833631428	-0.194831941141093	0	-0.152963114145426	-0.151898707463424	-0.153438998134178	-0.18463330666412	-0.189061693405237	-0.20889841112938	-0.155219170901267	-0.182324655423256	-0.0680282374448403	-0.150139697762819	-0.184856316732734	-0.199149588010294	-0.114455516576434	-0.221641933158393	-0.134821988484058	-0.211696603647002	-0.15972356282988	-0.18550081594503	-0.183915011599116	-0.127284333380633	-0.132059233369168	-0.209418178320922	-0.169807962987462	-0.204441242760143	-0.165719757999361	-0.129471920927921	-0.133674462550096	-0.153123775053654	-0.111378427773422	-0.206343101355782	-0.160081275833718	-0.148505807328538	-0.180727044204415	-0.170049463867118
700032931	-0.171639765465732	-0.108199318924603	-0.159132952736211	-0.232115994146687	-0.137346986219812	-0.131121482345504	-0.202856285416291	-0.130243254290673	-0.173396860469656	-0.114493433432449	-0.134816523545503	-0.176806084988172	-0.129623150593375	-0.0982693702547155	-0.15158049147314	-0.157863525257882	-0.137391407189689	-0.135755168310918	-0.163593479854525	-0.174253539907197	-0.189352607476988	-0.156590734559386	-0.15782664058668	-0.160774996586954	-0.215340497807356	-0.152963114145426	0	-0.151141454205735	-0.143068574818093	-0.1259676390766	-0.119681991286592	-0.184696021223947	-0.117029010594932	-0.107176690595545	-0.152519341908394	-0.145336436342372	-0.135361404565523	-0.129777624251572	-0.154148305227542	-0.164552563068294	-0.141874726417773	-0.133976975263565	-0.131850402095708	-0.180965011684743	-0.127332570695858	-0.131843222268238	-0.115989753874751	-0.13298045228236	-0.105388338343578	-0.160639492554211	-0.165831040602087	-0.197373814603032	-0.185127855866303	-0.137324816619546	-0.185795748911774	-0.124517336575594	-0.174167681073869	-0.198113590972194	-0.148669030060521	-0.193996511324088
700095837	-0.179565839121955	-0.156093404160298	-0.194263431858364	-0.205007701054908	-0.161489747380381	-0.208412668327022	-0.198265563326469	-0.178782816488842	-0.17419940694908	-0.178496866388313	-0.140970831867512	-0.19400206785283	-0.159766743728631	-0.171479297820832	-0.193265970884769	-0.170063427454282	-0.184711127570743	-0.196823175175004	-0.178151256288868	-0.166539319921486	-0.209008038353701	-0.181669991701543	-0.163148956102412	-0.166138803655471	-0.216971405803277	-0.151898707463424	-0.151141454205735	0	-0.120573146110243	-0.129851074634014	-0.179639478408523	-0.208843774322622	-0.139941352213468	-0.148160048022942	-0.153151044119911	-0.165267847802696	-0.185369827780269	-0.206789333101916	-0.159591301809651	-0.197950158213409	-0.156439953450664	-0.174743615606331	-0.184988444413144	-0.178029635599988	-0.151793766442814	-0.158982265343494	-0.147773231925116	-0.173513716189719	-0.178154934934444	-0.203609583336813	-0.178992237573443	-0.186054096897509	-0.172242001530212	-0.189361824795885	-0.1789173721005	-0.173366890834792	-0.192495915037757	-0.194816339228731	-0.184701124086454	-0.198445365592617
700024548	-0.193306788249541	-0.134014076407153	-0.164220380887078	-0.195315584804642	-0.163159326343879	-0.171816358046645	-0.189082848969563	-0.12243364392975	-0.20633899434324	-0.14263626194582	-0.148122124868716	-0.165191906621331	-0.127201534607408	-0.131264759116611	-0.140614042770189	-0.177540029857126	-0.121608231773877	-0.198906578304369	-0.188215617031201	-0.165894411168484	-0.158226319989092	-0.169046467137569	-0.165937921477414	-0.190819311666993	-0.200484033500909	-0.153438998134178	-0.143068574818093	-0.120573146110243	0	-0.117408814718399	-0.15249083406216	-0.201957686252573	-0.111423454168587	-0.141685545111783	-0.168121784301875	-0.128142700297725	-0.198048678480901	-0.163029741256802	-0.171614093899234	-0.137636376803929	-0.13808962147923	-0.126047183466264	-0.180098707028303	-0.196179939424181	-0.0799295280486766	-0.0957821309228786	-0.145445881167524	-0.1133497981535	-0.125863947545393	-0.17703678463823	-0.155710719692455	-0.186681142318828	-0.164752721979853	-0.149218074969017	-0.19692499841677	-0.13496874902485	-0.133778211956793	-0.196009006037482	-0.146267631881138	-0.198405506483404
700110161	-0.214554888921872	-0.137296094059002	-0.122184948606538	-0.235663929923513	-0.158900944101247	-0.120425026480047	-0.213370874268123	-0.100435375349216	-0.189986184706661	-0.103791400334297	-0.135148563349538	-0.144594121853441	-0.109792661140293	-0.119595002758693	-0.112166594008555	-0.174593901670262	-0.110017666450208	-0.142328409704013	-0.195335983059318	-0.178576355867071	-0.200570497020214	-0.15807022981112	-0.183044575117828	-0.201045866124811	-0.217237085698348	-0.18463330666412	-0.1259676390766	-0.129851074634014	-0.117408814718399	0	-0.123804249694509	-0.184031781354787	-0.132887039963598	-0.100802237622571	-0.185680706122483	-0.153615308895874	-0.161545819575255	-0.115700409975539	-0.187213101778522	-0.142938987844266	-0.167510107865105	-0.104544221735871	-0.170548461876783	-0.175344532501625	-0.113095159694801	-0.147507977863802	-0.137992570879376	-0.11019632867452	-0.111552822208983	-0.143820931945199	-0.165269080242793	-0.203841440255657	-0.203265315098736	-0.157732686261295	-0.23322923267868	-0.111591138421009	-0.16439656420953	-0.20629012311596	-0.125704015612886	-0.199340916483338
700023496	-0.192087527569124	-0.115598340537286	-0.106853556953791	-0.236609413891994	-0.146197927470318	-0.0796037091119324	-0.196506671803898	-0.119745100002897	-0.172237171964684	-0.0959396979733102	-0.0935815486989308	-0.11405703798553	-0.122957829546217	-0.0953078131211004	-0.129995626115129	-0.132595218051321	-0.106132640127685	-0.0966724458143679	-0.153990777520923	-0.17638512994153	-0.163373052312932	-0.11787828967971	-0.164467474802714	-0.164519801445581	-0.18815380031865	-0.189061693405237	-0.119681991286592	-0.179639478408523	-0.15249083406216	-0.123804249694509	0	-0.147458554706805	-0.108607132405508	-0.0861906483505436	-0.180749297293911	-0.132401958781449	-0.123404940288869	-0.106935479385874	-0.166202318850396	-0.150669531080071	-0.129320028321417	-0.104492315232947	-0.11256383113867	-0.152307978366139	-0.117447647589009	-0.128644922309798	-0.10949364623637	-0.110588129864918	-0.0759770911745883	-0.124432162158699	-0.123981745331332	-0.20505947231072	-0.194327752345229	-0.110623419717492	-0.210321028723458	-0.0971537817047508	-0.140904590480323	-0.196200296025878	-0.11168692908744	-0.183266094253936
700034628	-0.156594225975961	-0.142694654243792	-0.130685616184061	-0.209670692189141	-0.192284348937615	-0.154179716855886	-0.126689274487356	-0.175688334076755	-0.120380859018049	-0.167512400450758	-0.102659935307337	-0.120817322337589	-0.169514376214857	-0.164183232755578	-0.170038807866172	-0.116095200868939	-0.168965580395657	-0.155452604255867	-0.123321452104283	-0.153323617205577	-0.115997361712249	-0.0677915744134576	-0.157084621772706	-0.145506525085078	-0.106892106543613	-0.20889841112938	-0.184696021223947	-0.208843774322622	-0.201957686252573	-0.184031781354787	-0.147458554706805	0	-0.120487776460167	-0.153296805496462	-0.198582118050472	-0.107119313538497	-0.18320786081228	-0.187085034360803	-0.151399028575609	-0.201770112013044	-0.158211095364751	-0.138098621847186	-0.140480448175662	-0.0768872747958127	-0.158558244471854	-0.17247300771898	-0.16750152577805	-0.150764928410458	-0.169512398644149	-0.0916867643678557	-0.109447959293608	-0.15164396247809	-0.160834954812659	-0.112732887082556	-0.197298096952568	-0.126205681144163	-0.138147551407538	-0.133440390769303	-0.11419154916486	-0.101900983918396
700023645	-0.144254486861685	-0.0982867965385448	-0.133837722799764	-0.175849951650717	-0.139734958391968	-0.144926016794705	-0.136411169580779	-0.123204249500422	-0.135895682503206	-0.115535774208436	-0.0771013047974779	-0.123219041319787	-0.112828130925981	-0.111499487193022	-0.155005748918701	-0.105725776585762	-0.12712806788594	-0.151870348880597	-0.119102380645756	-0.11546225320287	-0.11664632541261	-0.097947213794605	-0.139134732469966	-0.12772272479702	-0.139106438861401	-0.155219170901267	-0.117029010594932	-0.139941352213468	-0.111423454168587	-0.132887039963598	-0.108607132405508	-0.120487776460167	0	-0.0964921471892133	-0.157546819416331	-0.0872953968186719	-0.145742533953184	-0.154312635696042	-0.12556962174632	-0.162545412534533	-0.0993386590569418	-0.103230894347741	-0.113508783665075	-0.126382104024962	-0.0898377499291198	-0.112538117931836	-0.110823903961674	-0.0995911379934613	-0.113742311253689	-0.121726472829452	-0.0910833722869335	-0.140321059280244	-0.139484373383661	-0.106248767280502	-0.175544352161152	-0.098064882022587	-0.111820753904483	-0.13394964975888	-0.110762758316602	-0.138154873455501
700038744	-0.186209775298756	-0.122815167123785	-0.110729341954821	-0.225756128393189	-0.152662437909446	-0.0935348873240738	-0.200616318153955	-0.118848264783382	-0.171011939996038	-0.0933960738237488	-0.0884712372170168	-0.117955776436465	-0.110998554922602	-0.104914565019057	-0.143493532408638	-0.148948777876373	-0.118103432202606	-0.102178365376961	-0.172178770176136	-0.170625668864898	-0.18635996161311	-0.121281564975924	-0.182637863764451	-0.168931040751247	-0.192580010347178	-0.182324655423256	-0.107176690595545	-0.148160048022942	-0.141685545111783	-0.100802237622571	-0.0861906483505436	-0.153296805496462	-0.0964921471892133	0	-0.180645269181459	-0.133088253137058	-0.120565886376484	-0.110422443590943	-0.162648655363904	-0.157688284896577	-0.149524831272382	-0.101507695886779	-0.126711798717552	-0.159528946981347	-0.107234110487521	-0.140466508369536	-0.127998548493023	-0.103119204316711	-0.0862569312411918	-0.126882684157383	-0.128872216208472	-0.202991015904518	-0.200175988792944	-0.133050983823737	-0.213722065523016	-0.0983814303923873	-0.162224446486089	-0.195234804182302	-0.120308436990936	-0.193383200415907
