700108602	700014971	700033565	700109389	700023058	700023927	700106341	700114221	700023543	700023439	700016978	700024192	700113058	700099448	700109870	700033928	700023693	700109627	700095416	700110425	700111580	700111302	700098605	700111991	700108960	700024452	700032931	700095837	700024548	700110161	700023496	700034628	700023645	700038744	700038485	700024743	700099596	700110760	700101587	700106399	700032322	700095653	700021312	700101230	700023590	700038905	700033136	700023382	700096424	700105469	700016908	700096053	700108479	700109569	700033814	700016125	700109756	700102665	700101777	700109455
700108602	0	-0.163015551831279	-0.199159133722595	-0.118429669443586	-0.139929914002823	-0.200171034883496	-0.0787213482268944	-0.22879826221025	-0.105026460064417	-0.217650161147576	-0.133878122185795	-0.209768424151684	-0.224838690874576	-0.159212412276712	-0.217718910688489	-0.112610971201745	-0.20759696924734	-0.189713522777956	-0.0895261221431742	-0.0873561438803543	-0.110633933426311	-0.134837670587327	-0.113284999735448	-0.0650817346582535	-0.107217412139806	-0.119859800291386	-0.169278865939237	-0.186748807765465	-0.185016520682125	-0.206399826670776	-0.191392078264464	-0.159527187257715	-0.13203043676923	-0.190723124604558	-0.124944185512876	-0.131716978102236	-0.168217810998548	-0.212998728849663	-0.0926118238647263	-0.249986084589403	-0.112559475621095	-0.215893094305937	-0.140873752325371	-0.142260128033215	-0.192340491720563	-0.155256146311094	-0.127247857844788	-0.204654700718076	-0.166140133781424	-0.18874101456028	-0.144119257726056	-0.0858519870962551	-0.0911058984745405	-0.118733917072233	-0.0819466446447503	-0.20092349662268	-0.12667908759711	-0.0821470817603175	-0.173122357672028	-0.113553397026256
700014971	-0.163015551831279	0	-0.175372193090203	-0.217559344901943	-0.117469227648251	-0.141745018951753	-0.173655730212842	-0.14469710831768	-0.142231513699695	-0.123877257993925	-0.123292150409884	-0.185174926104845	-0.141886501764409	-0.09890620069736	-0.176623630214943	-0.147545315365422	-0.122254094656598	-0.159303705184316	-0.148586655866308	-0.154774128723677	-0.162807344852079	-0.129525736017167	-0.130263284349515	-0.157170784331346	-0.191794082119405	-0.163079812773886	-0.0973825898502973	-0.143243652750682	-0.125159512486516	-0.134231423444058	-0.105855042059656	-0.159722800797874	-0.114467387313138	-0.110388621130644	-0.144658028250222	-0.136447462296181	-0.140006375127326	-0.166363892557601	-0.137093964596311	-0.15817042605326	-0.120989481463898	-0.144234562625407	-0.116129816672665	-0.14358315826459	-0.124574499953102	-0.109749094328549	-0.0969141951621976	-0.153069980100912	-0.116038458042912	-0.164125366744645	-0.152696917421829	-0.17054496266576	-0.169928865259659	-0.110826849477329	-0.183686498088768	-0.123223791684147	-0.17269565630187	-0.179753018635381	-0.160981862754215	-0.169764771870633
700033565	-0.199159133722595	-0.175372193090203	0	-0.221712536365328	-0.193326301198882	-0.0724598856891703	-0.196792493799431	-0.116101921425058	-0.173482369120233	-0.104413006864008	-0.104295383239944	-0.0713632991983821	-0.126823928574994	-0.146571703640494	-0.101737304550287	-0.131715163843913	-0.113288876340704	-0.101246441876294	-0.168954962802669	-0.190865660861174	-0.168070794307035	-0.10134033760571	-0.185032005680573	-0.18753012151854	-0.173860561618225	-0.210563280327526	-0.157956759855534	-0.188723264271844	-0.167086714920277	-0.120059025196423	-0.10899841154028	-0.131047934999553	-0.130938492732453	-0.105400894365448	-0.197617936939864	-0.133261474697502	-0.162078315156856	-0.119243964696555	-0.188089746169124	-0.155034417979844	-0.161947353482139	-0.0875691642770108	-0.158829884203832	-0.147968594655516	-0.147845395167424	-0.158318154339278	-0.161967811544801	-0.0927029253419976	-0.138392697636731	-0.0657802027877447	-0.0823990638840026	-0.212901031007502	-0.200770951534903	-0.145648460761745	-0.230191763357047	-0.108255578696604	-0.143093043218179	-0.20337493018172	-0.081357927571775	-0.188726557087392
700109389	-0.118429669443586	-0.217559344901943	-0.221712536365328	0	-0.188416915145839	-0.235225613539314	-0.102850506141192	-0.244406729131377	-0.163449926927761	-0.240138954950497	-0.184792417545483	-0.225369270101218	-0.241214390637144	-0.205474318191395	-0.225050882482099	-0.156223869238189	-0.234695739698865	-0.242526897908658	-0.175965268789434	-0.101949670025094	-0.143947796119643	-0.182061431304862	-0.143165178575518	-0.141259331778365	-0.13137616016072	-0.149253241843012	-0.235631735680287	-0.212195280970095	-0.193353104197413	-0.229037335062699	-0.225220679569021	-0.211497481436151	-0.176300002502267	-0.219825980657544	-0.144838865982373	-0.165729701430016	-0.231441372816426	-0.257232262196775	-0.142290137181156	-0.23700148665447	-0.159492509079531	-0.229641365173485	-0.196835795487188	-0.186298221642896	-0.206695541173782	-0.187462616702355	-0.194037990835343	-0.224806280531336	-0.210138803828047	-0.211745120087997	-0.172134384779618	-0.103756236823142	-0.0727632408890547	-0.181134712061091	-0.123715598573507	-0.229266180256727	-0.122180115437214	-0.106366955029494	-0.186203311416826	-0.149204956801905
700023058	-0.139929914002823	-0.117469227648251	-0.193326301198882	-0.188416915145839	0	-0.156573432196615	-0.148556441651647	-0.186904740964153	-0.117410132623926	-0.171675968195556	-0.137122712503572	-0.196078834071386	-0.184810923935136	-0.120853033526478	-0.181081837223573	-0.131518016538158	-0.161818023621392	-0.162147404801454	-0.133769281310548	-0.141950241120336	-0.15688948293777	-0.140174767556823	-0.132886266614729	-0.132055769164378	-0.184193873324572	-0.128558170539669	-0.141807726987491	-0.17214496153333	-0.154318704476108	-0.161228302411574	-0.150388232337463	-0.174631448745773	-0.128909897855655	-0.151258743733279	-0.123088496304423	-0.152027836698003	-0.121380533051556	-0.147980889452724	-0.106670092214879	-0.205137213319421	-0.120243552535145	-0.174767567039319	-0.111687033296239	-0.153117273708464	-0.160915736065644	-0.131751821479185	-0.115065411952776	-0.172174678527432	-0.127726580509198	-0.183803535439238	-0.160466674255404	-0.14373130215564	-0.145806882191208	-0.119047932557716	-0.156084943762512	-0.170193544948214	-0.173364257392302	-0.160606152027667	-0.176906480429375	-0.14688961155343
700023927	-0.200171034883496	-0.141745018951753	-0.0724598856891703	-0.235225613539314	-0.156573432196615	0	-0.209049301966726	-0.117602567103152	-0.176096997503848	-0.0948035408548312	-0.110867768454899	-0.0967672620866118	-0.126394019862381	-0.105670451312571	-0.104097437651038	-0.143272269090455	-0.099438069949946	-0.0783438539153374	-0.168570983248782	-0.195534651553223	-0.174447003334503	-0.119918271009511	-0.166590584537689	-0.189832104239116	-0.192166795199816	-0.201069581493863	-0.133672774620343	-0.18969913310128	-0.146138521978474	-0.104741987041967	-0.0843847372164354	-0.155271285009863	-0.126750396843571	-0.0853384127845186	-0.19191983091214	-0.142574315633211	-0.135049580961763	-0.0839319023895191	-0.180375887057551	-0.154596532151902	-0.145026675941411	-0.0911654146893096	-0.123114799124011	-0.166036169989093	-0.135570472833431	-0.127416688319617	-0.137525599637701	-0.0992278252658247	-0.0885854452534625	-0.0858033902020964	-0.0992754374502545	-0.220352296105563	-0.211942843334936	-0.124839119796812	-0.227015725781852	-0.111816745756532	-0.148647207745305	-0.211087550175116	-0.0958406144235691	-0.191843123754354
700106341	-0.0787213482268944	-0.173655730212842	-0.196792493799431	-0.102850506141192	-0.148556441651647	-0.209049301966726	0	-0.221555817434197	-0.0859244162215846	-0.215071804100614	-0.137169137648463	-0.187714527681293	-0.214125507598247	-0.176244860009237	-0.206254366174623	-0.108129909810753	-0.200829720768387	-0.222370014685865	-0.119148505017175	-0.0738941744365131	-0.09473660994386	-0.12378523806031	-0.121514249225365	-0.100581268038215	-0.0829222963346071	-0.153119352412953	-0.209948039810378	-0.203603848034344	-0.189692010470484	-0.206642425630949	-0.18833014700002	-0.128208426341957	-0.131706103744536	-0.190285440975903	-0.142975592259042	-0.111850667198831	-0.203577448648772	-0.231946681475799	-0.0985362916891876	-0.243715463393153	-0.128573061743095	-0.202126919097323	-0.146318496553434	-0.119228013173778	-0.175967612003263	-0.171592617362115	-0.151824216668281	-0.186302977168549	-0.185906957975063	-0.171757845055774	-0.149405577285601	-0.062900894255379	-0.0794545515985511	-0.12321118437594	-0.121843629657999	-0.196261055099945	-0.110774223533256	-0.0706051187678519	-0.164050775262205	-0.0843387564515728
700114221	-0.22879826221025	-0.14469710831768	-0.116101921425058	-0.244406729131377	-0.186904740964153	-0.117602567103152	-0.221555817434197	0	-0.196202155599144	-0.0724422992439282	-0.165326272405121	-0.124954312124951	-0.0795350242354366	-0.14296829131236	-0.092564896191549	-0.178177219572978	-0.0682475392906155	-0.158198464255168	-0.208713320805647	-0.202390387787165	-0.202288239105532	-0.163057782059502	-0.195197304033923	-0.21655708793487	-0.236817647246737	-0.226947481092647	-0.13117936986243	-0.168974346941725	-0.131530295490668	-0.107737664423476	-0.111990351892025	-0.183292638365011	-0.14750595664812	-0.113696026287985	-0.21105978152374	-0.165278879431789	-0.172897282378838	-0.109413788099641	-0.199478401668128	-0.0941286550552277	-0.160959769646712	-0.0738716299791604	-0.174525823193712	-0.177401500042335	-0.112254278295723	-0.141782126973364	-0.137420392760709	-0.0948639891580913	-0.145752246029721	-0.115847741457572	-0.148125901982388	-0.231096141687058	-0.218283157538312	-0.16621302532795	-0.258160740049921	-0.0801672591913899	-0.170450230654498	-0.238151559875169	-0.138359104907887	-0.212833278285059
700023543	-0.105026460064417	-0.142231513699695	-0.173482369120233	-0.163449926927761	-0.117410132623926	-0.176096997503848	-0.0859244162215846	-0.196202155599144	0	-0.178888503546472	-0.10936586209371	-0.178556927478296	-0.195882890679973	-0.151890888411393	-0.191133173840038	-0.0884531589293825	-0.168038407884399	-0.185704385232714	-0.0996571478380583	-0.118065843269734	-0.116912389340311	-0.108688423073105	-0.121551335987643	-0.104277294879181	-0.121611342628512	-0.141512068845827	-0.169679979634295	-0.17113919264917	-0.185983541136749	-0.175092336617405	-0.157768649113032	-0.109479329372363	-0.110026713805298	-0.156320349415286	-0.119916930396537	-0.122637243691222	-0.16229091263469	-0.198889369007522	-0.09188751835823	-0.225369141340477	-0.111828908217911	-0.178615929364797	-0.122998633592689	-0.0911512806208948	-0.175898913823909	-0.158632560149372	-0.125210643555275	-0.171704831380592	-0.171303331069245	-0.156001368184355	-0.139152555397145	-0.0924865943787361	-0.11694149885852	-0.111825577743771	-0.138115555331611	-0.166721189760398	-0.151056223879576	-0.0965662885248829	-0.155783485682388	-0.0922655383941507
700023439	-0.217650161147576	-0.123877257993925	-0.104413006864008	-0.240138954950497	-0.171675968195556	-0.0948035408548312	-0.215071804100614	-0.0724422992439282	-0.178888503546472	0	-0.13868357833174	-0.119901843273169	-0.0739236448839791	-0.116773941261251	-0.110571969183643	-0.155974501355791	-0.0656077068703334	-0.123839650152665	-0.189001142423828	-0.197398551390967	-0.18411370265661	-0.144455163312965	-0.182733339263298	-0.200400482864978	-0.218323621170953	-0.214969123963159	-0.12041800790939	-0.165093013518452	-0.125509763512833	-0.0980546000876415	-0.0873671176651134	-0.166284313291399	-0.125257048857743	-0.0809096061315174	-0.198902084992624	-0.149216800705705	-0.158106962748491	-0.107378466594312	-0.185434907839883	-0.103622915925548	-0.143055611521462	-0.0707665659979505	-0.157742711292316	-0.166743734787612	-0.112333819549714	-0.12851935886595	-0.131103148037348	-0.100564274203865	-0.119795376844647	-0.111097518939628	-0.127365683887348	-0.220334522366757	-0.214684049043869	-0.152113758866607	-0.246032064442368	-0.0793329804480121	-0.161079682644123	-0.21809902379347	-0.12428153233161	-0.202270705364357
700016978	-0.133878122185795	-0.123292150409884	-0.104295383239944	-0.184792417545483	-0.137122712503572	-0.110867768454899	-0.137169137648463	-0.165326272405121	-0.10936586209371	-0.13868357833174	0	-0.120296375685288	-0.163346758356927	-0.120220034020376	-0.164858527615	-0.0802934021076897	-0.132888675335718	-0.114229035227287	-0.106805501056529	-0.129289971944686	-0.111725673934182	-0.0498480971468615	-0.120963134374918	-0.116784220779459	-0.119184130764394	-0.15976188875948	-0.142557284024963	-0.158669455677401	-0.153126517840333	-0.147913311917182	-0.104804637059538	-0.0973734424676701	-0.0752474855465238	-0.104282502937301	-0.143393277097138	-0.0904062490712231	-0.139870353984124	-0.162009302098387	-0.112449116164659	-0.195796097838274	-0.0978969934572237	-0.136131755901757	-0.0908465235564131	-0.106118573104224	-0.139911699346285	-0.127192217623322	-0.109066742145436	-0.135416644660751	-0.119085388072281	-0.103276873120793	-0.0706092446104945	-0.140934519370725	-0.139821648457205	-0.0758214523799084	-0.158727120190024	-0.13461163251431	-0.131189338831258	-0.13598367147625	-0.102615955677911	-0.135046715609161
700024192	-0.209768424151684	-0.185174926104845	-0.0713632991983821	-0.225369270101218	-0.196078834071386	-0.0967672620866118	-0.187714527681293	-0.124954312124951	-0.178556927478296	-0.119901843273169	-0.120296375685288	0	-0.118035820154609	-0.164102533631184	-0.0961883341171053	-0.133929615762019	-0.127236771192745	-0.121602940272327	-0.174629218981539	-0.187810065210124	-0.165011723135075	-0.0952633750491071	-0.187830107726503	-0.200940581171604	-0.177296529421076	-0.224662941172144	-0.175659117835551	-0.194589906704986	-0.173703708036494	-0.144737798310135	-0.1068160912143	-0.121892461720159	-0.127480324901684	-0.115131140590838	-0.223475001844323	-0.131068427828589	-0.180359711955855	-0.123966603820301	-0.200182010038406	-0.154380539119631	-0.164299542111821	-0.0782185755383283	-0.165298560603344	-0.136863087414633	-0.12815993679587	-0.164312157650858	-0.164391357606202	-0.0803435570795454	-0.152464628575526	-0.0585954853999909	-0.0894150880334243	-0.218993686483773	-0.207511284510734	-0.143244555419211	-0.250103591153409	-0.108214899503919	-0.148405104645388	-0.209668094811295	-0.0949700699928486	-0.189511031004114
700113058	-0.224838690874576	-0.141886501764409	-0.126823928574994	-0.241214390637144	-0.184810923935136	-0.126394019862381	-0.214125507598247	-0.0795350242354366	-0.195882890679973	-0.0739236448839791	-0.163346758356927	-0.118035820154609	0	-0.140621629148533	-0.102155663072428	-0.172711281299396	-0.096863531597346	-0.158644683393125	-0.20557203540718	-0.197056188179996	-0.198324168231122	-0.155589723012593	-0.195396682511914	-0.216522910561569	-0.232779505974101	-0.229624644654557	-0.130304025867801	-0.161695312185994	-0.134743084665984	-0.113608454570014	-0.10763003327039	-0.174277755550473	-0.141111807324819	-0.103007724310474	-0.219832867558059	-0.164726117624001	-0.174624042390025	-0.130229002128818	-0.193561161310248	-0.106582267024177	-0.162165487450374	-0.0789759742000686	-0.183669903882562	-0.174427773867293	-0.111600039993434	-0.136491772714268	-0.158012219663912	-0.0956770488486175	-0.147425080173085	-0.111001967045947	-0.148839139180089	-0.223582847500077	-0.216659145323215	-0.171132961735779	-0.262373067925573	-0.0671540395654535	-0.167753650654525	-0.233376382535897	-0.135428920070394	-0.205295533283364
700099448	-0.159212412276712	-0.09890620069736	-0.146571703640494	-0.205474318191395	-0.120853033526478	-0.105670451312571	-0.176244860009237	-0.14296829131236	-0.151890888411393	-0.116773941261251	-0.120220034020376	-0.164102533631184	-0.140621629148533	0	-0.151154113425614	-0.135288918201135	-0.107135933357827	-0.125816812311948	-0.133791846490353	-0.159563058677542	-0.15326345007702	-0.138706310745961	-0.129442267786106	-0.145872646311954	-0.188384428920575	-0.149170301108115	-0.100496427990081	-0.166638247713959	-0.11747007938662	-0.10873555738343	-0.0959319391413375	-0.169599432670587	-0.11167394388003	-0.099988254536574	-0.148336204840542	-0.137853716216156	-0.111377111547436	-0.124304531747274	-0.140939467792927	-0.166874250349974	-0.117317407216317	-0.128757047123262	-0.103024388708426	-0.162497022518198	-0.115761980948036	-0.100003041705595	-0.0950692677956756	-0.135842566380411	-0.0665268161831158	-0.142073364101933	-0.12742269084571	-0.175988186738388	-0.177783212036255	-0.109117655209137	-0.180427401458374	-0.124572421716573	-0.13668096764286	-0.179487320381884	-0.135000316365517	-0.171705264282004
700109870	-0.217718910688489	-0.176623630214943	-0.101737304550287	-0.225050882482099	-0.181081837223573	-0.104097437651038	-0.206254366174623	-0.092564896191549	-0.191133173840038	-0.110571969183643	-0.164858527615	-0.0961883341171053	-0.102155663072428	-0.151154113425614	0	-0.173511545515788	-0.100901242787932	-0.155840921944691	-0.19923238578957	-0.188928918406281	-0.169363844151552	-0.14804182002445	-0.172940998393082	-0.217487509235604	-0.211127447549879	-0.220514177287652	-0.165852811698944	-0.196917709410234	-0.144904972109709	-0.111183208568091	-0.122562202853558	-0.164763997547585	-0.161086458655381	-0.13899294553654	-0.218426364432559	-0.158626867833771	-0.185890428634662	-0.0991924710006735	-0.203972926520293	-0.117106284829512	-0.179468784363249	-0.0784566467625049	-0.185350332867208	-0.164055497376721	-0.123996395802025	-0.136304507854464	-0.15494256734834	-0.0706915936242179	-0.146197753756326	-0.0942474733408089	-0.131839593611636	-0.220341149484854	-0.207441617520856	-0.155672493181783	-0.246437335109503	-0.108787637025499	-0.142738494132316	-0.22374709766783	-0.114714325803703	-0.193559097048428
700033928	-0.112610971201745	-0.147545315365422	-0.131715163843913	-0.156223869238189	-0.131518016538158	-0.143272269090455	-0.108129909810753	-0.178177219572978	-0.0884531589293825	-0.155974501355791	-0.0802934021076897	-0.133929615762019	-0.172711281299396	-0.135288918201135	-0.173511545515788	0	-0.15318679287911	-0.147470844799545	-0.102980016046816	-0.117916128804374	-0.102425552510282	-0.0853849839076161	-0.11716863951762	-0.0911536818883463	-0.118861291769059	-0.147022149919636	-0.163561603175998	-0.154383768011517	-0.164847941908971	-0.161655722555048	-0.126357699480979	-0.111778991113856	-0.0786453629888791	-0.130953017127124	-0.13748659537105	-0.106658099239602	-0.152840888764941	-0.181289658365676	-0.110120048560253	-0.209720451480761	-0.0819525115936827	-0.144351052388861	-0.110264210245563	-0.10814076427187	-0.146440806441899	-0.137829739603623	-0.116949087698347	-0.146481225884541	-0.144776661204595	-0.117196401709763	-0.0936477740122606	-0.11964532671157	-0.118603403929075	-0.102975461405725	-0.149919955041903	-0.144129376706882	-0.130583310205319	-0.113729304534518	-0.119419522837159	-0.106448607721054
700023693	-0.20759696924734	-0.122254094656598	-0.113288876340704	-0.234695739698865	-0.161818023621392	-0.099438069949946	-0.200829720768387	-0.0682475392906155	-0.168038407884399	-0.0656077068703334	-0.132888675335718	-0.127236771192745	-0.096863531597346	-0.107135933357827	-0.100901242787932	-0.15318679287911	0	-0.135274364286942	-0.178178668789721	-0.185360673446446	-0.168792196989933	-0.138278560863256	-0.169015878873691	-0.191022300730857	-0.213331252525516	-0.208085765484118	-0.116553080102649	-0.159342983247632	-0.111498169572184	-0.0958062566386742	-0.0804493116809869	-0.162749090192968	-0.120532722506611	-0.0874277803916213	-0.193605645401681	-0.146392977514546	-0.14280256686301	-0.10706984124019	-0.178360703736211	-0.0950740224076618	-0.138927137963226	-0.0705577895658793	-0.144835465862659	-0.160853578273003	-0.0896092117083199	-0.108206428598394	-0.108418855416133	-0.0797607412574045	-0.114796775230455	-0.105774562253993	-0.126545409417858	-0.210445475898177	-0.204472119796133	-0.129263009767134	-0.239058612067372	-0.0813225522593509	-0.14947825379876	-0.212052072881451	-0.128955581660492	-0.195148794746937
700109627	-0.189713522777956	-0.159303705184316	-0.101246441876294	-0.242526897908658	-0.162147404801454	-0.0783438539153374	-0.222370014685865	-0.158198464255168	-0.185704385232714	-0.123839650152665	-0.114229035227287	-0.121602940272327	-0.158644683393125	-0.125816812311948	-0.155840921944691	-0.147470844799545	-0.135274364286942	0	-0.168040724686952	-0.200036570727877	-0.195752326664144	-0.129047018010159	-0.186027435572018	-0.174898140348826	-0.199147125712768	-0.200491926423738	-0.132140046884865	-0.188279620747857	-0.185006740158367	-0.141555748904935	-0.110038740503126	-0.165174087888469	-0.143457666683086	-0.107932750202774	-0.197093596370483	-0.158320232702495	-0.119430596271676	-0.0960891323319759	-0.185294355257702	-0.185572663169265	-0.160694233569253	-0.134064564410386	-0.133893436958379	-0.168014988413993	-0.173747328726787	-0.154302900167272	-0.151160927466825	-0.144671080911171	-0.0937861246755213	-0.117684817254896	-0.109422493368924	-0.227687946338748	-0.219114605398672	-0.146276258808651	-0.214767712352295	-0.140818617591618	-0.190956729941293	-0.220695572053628	-0.13307739898171	-0.211035393758679
700095416	-0.0895261221431742	-0.148586655866308	-0.168954962802669	-0.175965268789434	-0.133769281310548	-0.168570983248782	-0.119148505017175	-0.208713320805647	-0.0996571478380583	-0.189001142423828	-0.106805501056529	-0.174629218981539	-0.20557203540718	-0.133791846490353	-0.19923238578957	-0.102980016046816	-0.178178668789721	-0.168040724686952	0	-0.130806798797723	-0.10974227836074	-0.115694103748868	-0.122228151140558	-0.0871226317922179	-0.126326142980117	-0.132469554713851	-0.156956650416425	-0.185457977516311	-0.169498508498199	-0.187101895553289	-0.15677771935631	-0.130807664925594	-0.116600233791262	-0.172013363827184	-0.126097383106802	-0.116577632712039	-0.148815044426142	-0.187229045962692	-0.106004606373768	-0.234800689296697	-0.098707488168873	-0.193655773452909	-0.110358431681983	-0.128331160619965	-0.17176899245881	-0.132811489746071	-0.109342256762041	-0.181762651062902	-0.144967166458016	-0.16385467321141	-0.126129790640104	-0.130811350473576	-0.137095789891655	-0.0890463685518951	-0.119964563527655	-0.178504532933287	-0.127991734537098	-0.126432712028357	-0.150349704674926	-0.129109482963483
700110425	-0.0873561438803543	-0.154774128723677	-0.190865660861174	-0.101949670025094	-0.141950241120336	-0.195534651553223	-0.0738941744365131	-0.202390387787165	-0.118065843269734	-0.197398551390967	-0.129289971944686	-0.187810065210124	-0.197056188179996	-0.159563058677542	-0.188928918406281	-0.117916128804374	-0.185360673446446	-0.200036570727877	-0.130806798797723	0	-0.103215233699132	-0.118753663918838	-0.108516492039429	-0.102550829377762	-0.0852821840214554	-0.155875246860745	-0.181702047387092	-0.167774706658656	-0.166763782232762	-0.182170584790373	-0.177129597330377	-0.153955467473017	-0.119657884211149	-0.174909381244774	-0.143658191389205	-0.106120785401564	-0.180435878611502	-0.217441273916122	-0.105271607875133	-0.224626192507356	-0.118472268594268	-0.18515708348321	-0.130828487776003	-0.111088426454838	-0.158290105588422	-0.149507990963904	-0.135995809661383	-0.176590714647355	-0.164715554153499	-0.168539145514214	-0.134592507260467	-0.0765906606293541	-0.0566653773810017	-0.121571131681349	-0.117401199075186	-0.183416495308377	-0.103841009516025	-0.080463599308938	-0.157178049592778	-0.10527144893933
700111580	-0.110633933426311	-0.162807344852079	-0.168070794307035	-0.143947796119643	-0.15688948293777	-0.174447003334503	-0.09473660994386	-0.202288239105532	-0.116912389340311	-0.18411370265661	-0.111725673934182	-0.165011723135075	-0.198324168231122	-0.15326345007702	-0.169363844151552	-0.102425552510282	-0.168792196989933	-0.195752326664144	-0.10974227836074	-0.103215233699132	0	-0.105338370255894	-0.0999934489042116	-0.116619879714233	-0.0768324450718697	-0.179878605269279	-0.194890813653582	-0.205453052918178	-0.156503807092628	-0.194107704470206	-0.154423871805078	-0.119370430527801	-0.111587814436531	-0.174233664877396	-0.170216927768992	-0.0987321344112403	-0.200281571465891	-0.195666062154106	-0.135689273556138	-0.215825622900253	-0.114603300998638	-0.167480265322712	-0.13280629823157	-0.123722809991861	-0.144871435410673	-0.134434834274526	-0.121663362694605	-0.147831139749482	-0.149883624730358	-0.148569765782417	-0.120057263783763	-0.103398038312893	-0.117561968513615	-0.0929398385446024	-0.143071741233745	-0.177040625974608	-0.0923281238368756	-0.0872006227000662	-0.127593042325479	-0.0992426843276927
700111302	-0.134837670587327	-0.129525736017167	-0.10134033760571	-0.182061431304862	-0.140174767556823	-0.119918271009511	-0.12378523806031	-0.163057782059502	-0.108688423073105	-0.144455163312965	-0.0498480971468615	-0.0952633750491071	-0.155589723012593	-0.138706310745961	-0.14804182002445	-0.0853849839076161	-0.138278560863256	-0.129047018010159	-0.115694103748868	-0.118753663918838	-0.105338370255894	0	-0.130627316931222	-0.125296365019814	-0.108677216626112	-0.176286001731701	-0.152967406308925	-0.165979092510431	-0.163959083293165	-0.152825928207481	-0.111262544510951	-0.0758255241091498	-0.0738400726857286	-0.109039346112388	-0.160916573253994	-0.0742343978532127	-0.156308416918066	-0.163992633926745	-0.12652386246118	-0.186996415002	-0.112422957144188	-0.119797080678686	-0.106042700855679	-0.0852371478480479	-0.127888628304038	-0.144343567040543	-0.117570680992906	-0.112258870108892	-0.135351494009933	-0.0840426933812563	-0.0699970758423093	-0.141482126943789	-0.138699749201294	-0.0850854426969071	-0.172824159274413	-0.127143372762493	-0.127531877730632	-0.134667424826553	-0.0905394384548844	-0.124613654833179
700098605	-0.113284999735448	-0.130263284349515	-0.185032005680573	-0.143165178575518	-0.132886266614729	-0.166590584537689	-0.121514249225365	-0.195197304033923	-0.121551335987643	-0.182733339263298	-0.120963134374918	-0.187830107726503	-0.195396682511914	-0.129442267786106	-0.172940998393082	-0.11716863951762	-0.169015878873691	-0.186027435572018	-0.122228151140558	-0.108516492039429	-0.0999934489042116	-0.130627316931222	0	-0.114398100255428	-0.132987675423363	-0.146482131653106	-0.161757149825818	-0.169563380933005	-0.152561598532985	-0.169183962253242	-0.15467553187978	-0.156476979051696	-0.116912238054879	-0.163281626019892	-0.137249282197004	-0.119614342691753	-0.166707679571345	-0.184976493013844	-0.111436342878013	-0.204793777910812	-0.116013765936077	-0.183274946867973	-0.130716747657924	-0.128767991768428	-0.169912938477992	-0.123498026812395	-0.120032728393213	-0.169091370286655	-0.14712100258759	-0.164078851374338	-0.1397934583918	-0.114742761259208	-0.112164428094976	-0.0964138252719021	-0.113727362673033	-0.174795257273552	-0.12513786224899	-0.123392631605519	-0.156532894196967	-0.107229137446717
700111991	-0.0650817346582535	-0.157170784331346	-0.18753012151854	-0.141259331778365	-0.132055769164378	-0.189832104239116	-0.100581268038215	-0.21655708793487	-0.104277294879181	-0.200400482864978	-0.116784220779459	-0.200940581171604	-0.216522910561569	-0.145872646311954	-0.217487509235604	-0.0911536818883463	-0.191022300730857	-0.174898140348826	-0.0871226317922179	-0.102550829377762	-0.116619879714233	-0.125296365019814	-0.114398100255428	0	-0.11813007253391	-0.123047979780446	-0.157212502405352	-0.174248679584706	-0.179030313249133	-0.1997032017981	-0.177367567822373	-0.163181116167574	-0.122915910729004	-0.175346736623401	-0.119471257053954	-0.127263856954002	-0.158209924380906	-0.205535609935933	-0.0825983176558214	-0.247259634793305	-0.0970064545173572	-0.205721299589285	-0.12436396534895	-0.134619248101453	-0.182403150125285	-0.149634968801754	-0.112567316464777	-0.197766325122682	-0.163143572659634	-0.180323514262894	-0.134189631763727	-0.108501550738083	-0.109279505100069	-0.106677128622808	-0.087359445939843	-0.192852656882002	-0.145511231751022	-0.101915285076437	-0.17118515189207	-0.116896117576078
700108960	-0.107217412139806	-0.191794082119405	-0.173860561618225	-0.13137616016072	-0.184193873324572	-0.192166795199816	-0.0829222963346071	-0.236817647246737	-0.121611342628512	-0.218323621170953	-0.119184130764394	-0.177296529421076	-0.232779505974101	-0.188384428920575	-0.211127447549879	-0.118861291769059	-0.213331252525516	-0.199147125712768	-0.126326142980117	-0.0852821840214554	-0.0768324450718697	-0.108677216626112	-0.132987675423363	-0.11813007253391	0	-0.199425048828123	-0.224988419890532	-0.219321206875512	-0.204294058547535	-0.213853034753011	-0.190933548467744	-0.112158876005303	-0.13778141067359	-0.194131843499827	-0.180914485678803	-0.108064238295709	-0.211700499567138	-0.231825826155295	-0.136135782043531	-0.261431313328362	-0.147944415042747	-0.200640497202678	-0.148578543637511	-0.118922795105872	-0.189030157892391	-0.189066662724362	-0.169739844059567	-0.18926170960784	-0.18372300940666	-0.156968038588449	-0.124513689691082	-0.100835357693023	-0.102294905546883	-0.124212952480225	-0.12538950419636	-0.21167157708854	-0.0987999634369961	-0.0761884292627087	-0.139949643839513	-0.093154566077796
700024452	-0.119859800291386	-0.163079812773886	-0.210563280327526	-0.149253241843012	-0.128558170539669	-0.201069581493863	-0.153119352412953	-0.226947481092647	-0.141512068845827	-0.214969123963159	-0.15976188875948	-0.224662941172144	-0.229624644654557	-0.149170301108115	-0.220514177287652	-0.147022149919636	-0.208085765484118	-0.200491926423738	-0.132469554713851	-0.155875246860745	-0.179878605269279	-0.176286001731701	-0.146482131653106	-0.123047979780446	-0.199425048828123	0	-0.165472000536012	-0.161060822356681	-0.154769499180617	-0.189388743401548	-0.197178168268391	-0.216016029136021	-0.160654886027857	-0.188788273210757	-0.0710471375783628	-0.166422864695757	-0.172633367698394	-0.208248730136	-0.115794042188657	-0.228692998763448	-0.132216475224835	-0.218501781214836	-0.157767955881396	-0.181500591193614	-0.188176913695862	-0.147206662023833	-0.134187423182898	-0.2173919461228	-0.168352834735528	-0.205200213781427	-0.171544919484197	-0.137076818110523	-0.130358706509051	-0.152272593799749	-0.117857806463413	-0.20889721443585	-0.178138991153455	-0.167691432461287	-0.186656358238254	-0.182256506845437
700032931	-0.169278865939237	-0.0973825898502973	-0.157956759855534	-0.235631735680287	-0.141807726987491	-0.133672774620343	-0.209948039810378	-0.13117936986243	-0.169679979634295	-0.12041800790939	-0.142557284024963	-0.175659117835551	-0.130304025867801	-0.100496427990081	-0.165852811698944	-0.163561603175998	-0.116553080102649	-0.132140046884865	-0.156956650416425	-0.181702047387092	-0.194890813653582	-0.152967406308925	-0.161757149825818	-0.157212502405352	-0.224988419890532	-0.165472000536012	0	-0.145829219512238	-0.142439294074346	-0.123220245623681	-0.113192004888184	-0.186079456093684	-0.132544223445531	-0.10485777422883	-0.165084614383712	-0.169840910130449	-0.118729326545471	-0.136407484706318	-0.155499036782699	-0.157619144622271	-0.135534490117729	-0.133389563870936	-0.129831322744606	-0.171422601103331	-0.138345149601049	-0.125975119129178	-0.106000894179774	-0.13975943875445	-0.111751220245693	-0.143906271314583	-0.154866306438643	-0.204716262664951	-0.199556644097841	-0.142323912627566	-0.191506161178134	-0.113326156605211	-0.183638789145248	-0.214409113153881	-0.151165336621052	-0.203645348275987
700095837	-0.186748807765465	-0.143243652750682	-0.188723264271844	-0.212195280970095	-0.17214496153333	-0.18969913310128	-0.203603848034344	-0.168974346941725	-0.17113919264917	-0.165093013518452	-0.158669455677401	-0.194589906704986	-0.161695312185994	-0.166638247713959	-0.196917709410234	-0.154383768011517	-0.159342983247632	-0.188279620747857	-0.185457977516311	-0.167774706658656	-0.205453052918178	-0.165979092510431	-0.169563380933005	-0.174248679584706	-0.219321206875512	-0.161060822356681	-0.145829219512238	0	-0.116643353831457	-0.135031054254694	-0.16225748782597	-0.204471180806509	-0.139125169384638	-0.136522802326985	-0.160532875689635	-0.177456165824708	-0.161645545595882	-0.209678137822158	-0.15661116332651	-0.186202424954303	-0.151895101166982	-0.162608949204101	-0.168068540535135	-0.170343099918862	-0.137951185759593	-0.155648541126516	-0.146498737006548	-0.180556587747621	-0.180198394050543	-0.181125666412858	-0.161455050472054	-0.187924056320421	-0.175028057360667	-0.180416927496064	-0.200719437815038	-0.146654234838726	-0.201652474865065	-0.203181739376715	-0.178141637103511	-0.201642438966155
700024548	-0.185016520682125	-0.125159512486516	-0.167086714920277	-0.193353104197413	-0.154318704476108	-0.146138521978474	-0.189692010470484	-0.131530295490668	-0.185983541136749	-0.125509763512833	-0.153126517840333	-0.173703708036494	-0.134743084665984	-0.11747007938662	-0.144904972109709	-0.164847941908971	-0.111498169572184	-0.185006740158367	-0.169498508498199	-0.166763782232762	-0.156503807092628	-0.163959083293165	-0.152561598532985	-0.179030313249133	-0.204294058547535	-0.154769499180617	-0.142439294074346	-0.116643353831457	0	-0.112879164282393	-0.127545656819233	-0.205399055833733	-0.135383869500627	-0.121807424607102	-0.149416498278094	-0.148185780644008	-0.170153768215432	-0.160054939907617	-0.156608220067686	-0.140671781951976	-0.140645303139718	-0.119499685388581	-0.157673375130232	-0.193028344960903	-0.0770414564375475	-0.0870548166465523	-0.119871650503153	-0.139524095536882	-0.128329663404972	-0.169132774316474	-0.147827094567453	-0.183681068009636	-0.166655822742923	-0.133349539660919	-0.194454167514623	-0.12996013250516	-0.141374088701506	-0.197210903767863	-0.152473656272429	-0.20137400648619
700110161	-0.206399826670776	-0.134231423444058	-0.120059025196423	-0.229037335062699	-0.161228302411574	-0.104741987041967	-0.206642425630949	-0.107737664423476	-0.175092336617405	-0.0980546000876415	-0.147913311917182	-0.144737798310135	-0.113608454570014	-0.10873555738343	-0.111183208568091	-0.161655722555048	-0.0958062566386742	-0.141555748904935	-0.187101895553289	-0.182170584790373	-0.194107704470206	-0.152825928207481	-0.169183962253242	-0.1997032017981	-0.213853034753011	-0.189388743401548	-0.123220245623681	-0.135031054254694	-0.112879164282393	0	-0.112876073426827	-0.177687145488347	-0.138152244721135	-0.0812435055662705	-0.185244842195512	-0.159370947969333	-0.140466528316044	-0.113081937408635	-0.176997545918925	-0.143793622200229	-0.160715264394136	-0.0971800570536384	-0.147365665972495	-0.164626375101552	-0.114076955119565	-0.143461495382965	-0.15193315541168	-0.112210982927645	-0.120014726332615	-0.113681562436447	-0.138580776745682	-0.205679405700006	-0.203149089200425	-0.14617964463262	-0.236208310677077	-0.1011154372264	-0.158151585131312	-0.210665463839734	-0.125572027027509	-0.19636967747927
700023496	-0.191392078264464	-0.105855042059656	-0.10899841154028	-0.225220679569021	-0.150388232337463	-0.0843847372164354	-0.18833014700002	-0.111990351892025	-0.157768649113032	-0.0873671176651134	-0.104804637059538	-0.1068160912143	-0.10763003327039	-0.0959319391413375	-0.122562202853558	-0.126357699480979	-0.0804493116809869	-0.110038740503126	-0.15677771935631	-0.177129597330377	-0.154423871805078	-0.111262544510951	-0.15467553187978	-0.177367567822373	-0.190933548467744	-0.197178168268391	-0.113192004888184	-0.16225748782597	-0.127545656819233	-0.112876073426827	0	-0.141559735170761	-0.0962874307139601	-0.0796009062773887	-0.191999293214402	-0.134025643615445	-0.130668474094617	-0.117404422903996	-0.165340680048782	-0.132554933696835	-0.120243612731067	-0.0857071995245691	-0.114932047683609	-0.144863412116735	-0.0955818293373156	-0.106319842466906	-0.111507042478729	-0.0874545302729838	-0.0831821704994128	-0.100736267993913	-0.103535667444234	-0.202077366553111	-0.195405499157614	-0.108833994312005	-0.224982439344272	-0.0911409648424762	-0.145276333453799	-0.19707615695439	-0.114164819157592	-0.180670118621679
700034628	-0.159527187257715	-0.159722800797874	-0.131047934999553	-0.211497481436151	-0.174631448745773	-0.155271285009863	-0.128208426341957	-0.183292638365011	-0.109479329372363	-0.166284313291399	-0.0973734424676701	-0.121892461720159	-0.174277755550473	-0.169599432670587	-0.164763997547585	-0.111778991113856	-0.162749090192968	-0.165174087888469	-0.130807664925594	-0.153955467473017	-0.119370430527801	-0.0758255241091498	-0.156476979051696	-0.163181116167574	-0.112158876005303	-0.216016029136021	-0.186079456093684	-0.204471180806509	-0.205399055833733	-0.177687145488347	-0.141559735170761	0	-0.117633783277003	-0.142465127959365	-0.193133232103565	-0.0877268330363751	-0.191059809693327	-0.185742790484423	-0.166177328673594	-0.207595532947383	-0.15114809023409	-0.146586846561318	-0.142604892721576	-0.079266998673938	-0.16697469126467	-0.181436963363233	-0.153976975540457	-0.135858867116338	-0.167116883020104	-0.105022593605775	-0.121792417331754	-0.161191149741735	-0.169525281617074	-0.117233608324642	-0.195676005705786	-0.146543634806716	-0.139916576445206	-0.13387909917154	-0.118399696617929	-0.100577582057976
700023645	-0.13203043676923	-0.114467387313138	-0.130938492732453	-0.176300002502267	-0.128909897855655	-0.126750396843571	-0.131706103744536	-0.14750595664812	-0.110026713805298	-0.125257048857743	-0.0752474855465238	-0.127480324901684	-0.141111807324819	-0.11167394388003	-0.161086458655381	-0.0786453629888791	-0.120532722506611	-0.143457666683086	-0.116600233791262	-0.119657884211149	-0.111587814436531	-0.0738400726857286	-0.116912238054879	-0.122915910729004	-0.13778141067359	-0.160654886027857	-0.132544223445531	-0.139125169384638	-0.135383869500627	-0.138152244721135	-0.0962874307139601	-0.117633783277003	0	-0.0957128886335244	-0.151301358362851	-0.0943640422301069	-0.132472776402227	-0.161554347357696	-0.121081157769715	-0.174207890388006	-0.0858454111424061	-0.11782811828007	-0.0868153930889217	-0.111679616880729	-0.112722848286634	-0.113834204868188	-0.0886083292560551	-0.11841061696099	-0.121837730168048	-0.107508000443257	-0.0879696906487897	-0.137622110432924	-0.14219863943423	-0.100270854598533	-0.17389873983132	-0.106931385392563	-0.138194583574365	-0.136499422494298	-0.11297189614477	-0.134974586554329
700038744	-0.190723124604558	-0.110388621130644	-0.105400894365448	-0.219825980657544	-0.151258743733279	-0.0853384127845186	-0.190285440975903	-0.113696026287985	-0.156320349415286	-0.0809096061315174	-0.104282502937301	-0.115131140590838	-0.103007724310474	-0.099988254536574	-0.13899294553654	-0.130953017127124	-0.0874277803916213	-0.107932750202774	-0.172013363827184	-0.174909381244774	-0.174233664877396	-0.109039346112388	-0.163281626019892	-0.175346736623401	-0.194131843499827	-0.188788273210757	-0.10485777422883	-0.136522802326985	-0.121807424607102	-0.0812435055662705	-0.0796009062773887	-0.142465127959365	-0.0957128886335244	0	-0.175085063681159	-0.130341676725713	-0.125454724653279	-0.120619533174144	-0.154799947426959	-0.138758129849089	-0.129322060272434	-0.0839394084375939	-0.12062663190097	-0.146591101367173	-0.104960610938923	-0.124060859122365	-0.13018791340495	-0.101475128881738	-0.101242788585503	-0.0972152796716338	-0.110540874571097	-0.199336696564352	-0.194850508785189	-0.128663329795049	-0.22360694695564	-0.0797031156784928	-0.163472964183701	-0.199669920881568	-0.113195742919018	-0.186887089813972
