700108602	700014971	700033565	700109389	700023058	700023927	700106341	700114221	700023543	700023439	700016978	700024192	700113058	700099448	700109870	700033928	700023693	700109627	700095416	700110425	700111580	700111302	700098605	700111991	700108960	700024452	700032931	700095837	700024548	700110161	700023496	700034628	700023645	700038744	700038485	700024743	700099596	700110760	700101587	700106399	700032322	700095653	700021312	700101230	700023590	700038905	700033136	700023382	700096424	700105469	700016908	700096053	700108479	700109569	700033814	700016125	700109756	700102665	700101777	700109455
700108602	0	0.259668042136801	0.334510065268261	0.209892808428124	0.20910143942016	0.304990396001206	0.09763777930232	0.316036184269796	0.141450943978618	0.301179449030076	0.223659942445127	0.35293138939032	0.33411873606215	0.224924578428984	0.342030480965214	0.204708647311581	0.295078555675198	0.289868963298155	0.144978669927929	0.105096045992445	0.169207141880544	0.259557673069879	0.113371980869479	0.0827070200462274	0.145701977654463	0.198500982317185	0.247159465035848	0.325980908880892	0.317766248629483	0.316762719726812	0.27380877326716	0.274067707944899	0.244069219493429	0.309256744609087	0.186120657816639	0.159903692928156	0.234005481137573	0.318129984107564	0.117707398976304	0.37847954806041	0.167704387694064	0.340857253033661	0.195976146069099	0.200252203854937	0.303796508030162	0.218415958044472	0.200559817568317	0.312151628505221	0.249612604378064	0.3217282898116	0.296063000177282	0.114341531066406	0.113027404528017	0.177428862440338	0.105906105032521	0.31391422500935	0.14490833904812	0.119347354143164	0.300560219590806	0.143146954479381
700014971	0.259668042136801	0	0.316479373626501	0.348844701756368	0.153555800050384	0.263691153679259	0.283044151432189	0.203024055762513	0.226111149113215	0.195282570028575	0.220523162114016	0.337682763391534	0.21279566497308	0.171298730469368	0.271344963429227	0.249175325560905	0.179449069143141	0.288787871187834	0.2552644434855	0.251663698690998	0.277478321965964	0.26083409308178	0.222686285026856	0.244775775939571	0.329994848544946	0.195602097869636	0.137477462406589	0.181850808517593	0.175936930714475	0.188575382849562	0.215425988478439	0.312417863176028	0.19072330133494	0.196367518935414	0.186466559609125	0.249700404362702	0.237801575475668	0.295782535644516	0.197775741701976	0.235816553600169	0.171990019211303	0.243583509162868	0.207670897731152	0.264504143706701	0.185654514903152	0.167634461850619	0.175318278150565	0.224903005297691	0.20708818394554	0.312183060962103	0.307104559799125	0.232890190863662	0.270917564292239	0.212753681849383	0.294598420599443	0.194955899444571	0.243061573278473	0.284927111842562	0.284986936101266	0.267486720452549
700033565	0.334510065268261	0.316479373626501	0	0.444948206168536	0.282257248807549	0.0992609407567325	0.308626491123208	0.182790414676694	0.267277394793964	0.154564497035584	0.157485955377193	0.082763906757686	0.173809936778483	0.212018083551452	0.183314837676568	0.162854015432785	0.206345592438713	0.107928280175581	0.242539254517477	0.32057545466957	0.235679987071421	0.0997339183312132	0.321138454432186	0.296325864238103	0.286842970047948	0.355719642643224	0.248683720159581	0.375072005764085	0.320669809021211	0.190984198565005	0.142611951378848	0.148820588338379	0.168043939227747	0.144216450827349	0.356951561329642	0.229160715056993	0.222036649792781	0.129233749502064	0.288455841589956	0.25759380725245	0.255767211100109	0.118230476776542	0.22718176669648	0.229879874720176	0.214312494778912	0.247063282065941	0.226541386160246	0.15465325979252	0.165599393668381	0.0701669001269648	0.116573490347537	0.325277459410626	0.367651729363674	0.20416275893887	0.397293048745986	0.161476170611648	0.247706580211788	0.282898224749207	0.0707029022838288	0.274046286249164
700109389	0.209892808428124	0.348844701756368	0.444948206168536	0	0.325432916436726	0.436005660766522	0.212664296735756	0.415119732425625	0.302468743356686	0.406397354476691	0.357125718344026	0.457420553407535	0.419977303663942	0.360397620922034	0.432820198010511	0.337701363151373	0.404072197231485	0.43251965004537	0.319399480271537	0.194823138336169	0.303900559535943	0.3892465839339	0.226003012335777	0.249923720193165	0.266163387034976	0.26818681532973	0.369763990669001	0.401792806437818	0.368228380517162	0.403179218847743	0.406893826457665	0.405473375834067	0.359100759840287	0.41196727140476	0.257198609020385	0.292504644681552	0.389652025882747	0.449962692938106	0.254534096464073	0.426182697818507	0.310556710561686	0.430273090861412	0.346585732519676	0.335742476999156	0.388922281893079	0.32123864084509	0.349323587720618	0.409019309615141	0.38907274418432	0.43567554035578	0.410870815054687	0.205397001238138	0.148253850864609	0.323276483624413	0.192491960966068	0.41253023978266	0.255610584555749	0.254470224321386	0.410589416853231	0.280812647504629
700023058	0.20910143942016	0.153555800050384	0.282257248807549	0.325432916436726	0	0.218922136462955	0.203391547610269	0.217443334768769	0.159743049014422	0.200286496528277	0.176267135775476	0.302390010012248	0.229828285416304	0.151690666642204	0.271120448756604	0.186477510033369	0.186439657376181	0.226604959917934	0.18596160717224	0.200070167075553	0.225683901140997	0.225330764784787	0.210135975433969	0.181144046488986	0.27187731323944	0.16144115506304	0.157706625036387	0.254380321848756	0.230497148011734	0.198956550499263	0.19811618678077	0.266535259459213	0.177199465578656	0.203433581551023	0.154010726108103	0.205579810588991	0.172051619549749	0.233210542924887	0.136035077488944	0.292427236685483	0.120875488394062	0.244842200494105	0.130728970706137	0.209557225006722	0.198023117421666	0.168157296887012	0.136688016895182	0.225035305231872	0.168165965196749	0.281451861218229	0.269674357720557	0.165396619302794	0.239125398212735	0.162541242717538	0.262997828776083	0.207212113947209	0.202664107534337	0.21423411682643	0.255701243545736	0.201008447863567
700023927	0.304990396001206	0.263691153679259	0.0992609407567325	0.436005660766522	0.218922136462955	0	0.307018170784517	0.140307484490952	0.249531122358541	0.109596876827416	0.13851042553275	0.149956317897103	0.135999794540029	0.142604371760743	0.163379511890449	0.163756930938867	0.160394951919371	0.0831112912204515	0.242095454463186	0.298796043898233	0.244271801147112	0.146332057233108	0.291986674303568	0.266842220908335	0.301506049603532	0.317127207362187	0.187007982127418	0.343594370329835	0.28961903614624	0.144698661548381	0.096582594213933	0.190227130411824	0.146828861442874	0.0915652590693831	0.317172610636604	0.224354615760533	0.178134453392354	0.0892884536554429	0.26700899302993	0.221899031834735	0.216945572638934	0.0968628065195619	0.176901196311574	0.215324900413623	0.183155120938478	0.208304492844247	0.190920617196006	0.130066783382221	0.0950001026509697	0.130124593007254	0.180944996907816	0.306123365366923	0.356297293302448	0.197648786223799	0.364586819784788	0.122304139373607	0.230245632294057	0.267365163958872	0.117226256288882	0.266150599938005
700106341	0.09763777930232	0.283044151432189	0.308626491123208	0.212664296735756	0.203391547610269	0.307018170784517	0	0.301997845290673	0.117882590368481	0.278568316906368	0.203103244434601	0.321508860405209	0.300452611282064	0.243872197182304	0.323060609210879	0.188866776156774	0.283096843486908	0.305974972047493	0.144283994203776	0.0937258352882881	0.140681785624737	0.238017223553392	0.128163188683464	0.109917377177681	0.10854170910937	0.237430942511294	0.287275426252213	0.3543107271329	0.316530840882823	0.304660234833281	0.262378870401935	0.219949820704193	0.228485780089715	0.295576904555819	0.222084892483968	0.123180633741859	0.254806828671027	0.316973657564298	0.115176905596849	0.367943101931527	0.179768386561857	0.30703252394876	0.188916355056575	0.164517017547099	0.273120131678696	0.22784898841173	0.211947434263629	0.27596291477012	0.252066041377495	0.293056567216851	0.288307173764061	0.0953594847048266	0.109362564619496	0.162649772059985	0.159085809853245	0.281369379125981	0.1328695986777	0.0937986318611951	0.281818325764745	0.0945085132139078
700114221	0.316036184269796	0.203024055762513	0.182790414676694	0.415119732425625	0.217443334768769	0.140307484490952	0.301997845290673	0	0.264662243667111	0.0768564772420863	0.201892119218174	0.22145936793088	0.0749793505032914	0.142290970260788	0.117638150871047	0.23227155647355	0.0821776173332658	0.203524221895334	0.278122264347752	0.280588258891464	0.273005178541487	0.212725624546809	0.278752299967608	0.291755025550509	0.348048628006024	0.295556361582396	0.144561289277439	0.279549049280504	0.210515192459982	0.102830879875309	0.162391089765611	0.253010606085008	0.177989845553342	0.122913987848026	0.30136204054141	0.246741675754642	0.233682410415973	0.148675428438297	0.245431930830573	0.135463349840903	0.190714553302749	0.103965026355364	0.226835241161307	0.253281636997104	0.142044310803074	0.15968157634565	0.188396368025878	0.0989865624136614	0.161464362801511	0.194929782351555	0.262180212045739	0.284527384783489	0.329933064349849	0.215777115913094	0.377731980366091	0.0792554705631312	0.219471944209612	0.317942786320316	0.194195428047207	0.277480794535457
700023543	0.141450943978618	0.226111149113215	0.267277394793964	0.302468743356686	0.159743049014422	0.249531122358541	0.117882590368481	0.264662243667111	0	0.227103977600308	0.142308746074039	0.290949019479128	0.268721926703612	0.200291589690155	0.293200247828987	0.137040255404539	0.236004019163104	0.242855312361208	0.0989841176233571	0.163551655193126	0.150535013054744	0.191077030137383	0.170676898932449	0.104609616744393	0.148099920993654	0.216515697374968	0.222040698724526	0.307221822351149	0.308666279525074	0.253975208321927	0.20439553740478	0.179689930930891	0.179857242288734	0.24034986768693	0.191516183340453	0.136999386865983	0.181197411660273	0.266130476136222	0.0920972891700747	0.342404066287238	0.139929560979493	0.274288698382422	0.129270089483542	0.105325040431728	0.247772459101467	0.202810820100075	0.143268048347103	0.243363083783893	0.201715501638679	0.258811560235728	0.245413428308761	0.134203273160347	0.173109100697701	0.1307634710989	0.199804060074546	0.245824656021939	0.16489152183372	0.111439634443417	0.241869128981267	0.0965088645648002
700023439	0.301179449030076	0.195282570028575	0.154564497035584	0.406397354476691	0.200286496528277	0.109596876827416	0.278568316906368	0.0768564772420863	0.227103977600308	0	0.157184008700806	0.189671131964115	0.0889481845503521	0.113594823030873	0.142739944190904	0.183074553892152	0.0807626907041356	0.152036398685	0.236895182835702	0.260798494351335	0.223276509080311	0.169825128134283	0.261458863518919	0.250611618421391	0.301461055175774	0.291250305361157	0.155294071947946	0.281584992230214	0.216629820615644	0.10610846961442	0.10477318739022	0.215739923886764	0.131316995929966	0.0743331298988347	0.293447946817381	0.20427218021736	0.183540519486172	0.12709652680348	0.226987337991227	0.161130653477735	0.167884105365835	0.0935808614662803	0.174468549124881	0.212373937190187	0.11366694309052	0.146580789871637	0.149696835489824	0.0774024010328105	0.100756245209225	0.164726820036182	0.216195451938762	0.26368101608095	0.321987928362115	0.161016524668673	0.359164442701282	0.0680241504375391	0.194849314849842	0.264508896344382	0.165719467397586	0.239649371592743
700016978	0.223659942445127	0.220523162114016	0.157485955377193	0.357125718344026	0.176267135775476	0.13851042553275	0.203103244434601	0.201892119218174	0.142308746074039	0.157184008700806	0	0.175325146435693	0.203703005508015	0.16562436225545	0.237777267202536	0.0835519029717136	0.179330031221992	0.137029896448873	0.156033429168337	0.194361105502949	0.151202427291626	0.0799083643252068	0.221444201727887	0.171432426953481	0.189080001543868	0.263345208008261	0.1967766257656	0.294273914881885	0.270577101032332	0.194950364341202	0.108122156895815	0.128971601552653	0.0763528658843449	0.136375334599923	0.24074976813371	0.124950073961717	0.16476542104697	0.191697400160628	0.166462188217751	0.281802739762101	0.152849647080337	0.156680414192492	0.109325463824861	0.109438904424231	0.169513544507517	0.1792965722576	0.141119085970623	0.158116159843402	0.126349292087104	0.157758561602319	0.153541369595657	0.216658162111832	0.250049492094967	0.112631471947872	0.284302492294206	0.168636988014404	0.159651078611701	0.164743048693791	0.130806126761505	0.172857701566665
700024192	0.35293138939032	0.337682763391534	0.082763906757686	0.457420553407535	0.302390010012248	0.149956317897103	0.321508860405209	0.22145936793088	0.290949019479128	0.189671131964115	0.175325146435693	0	0.209498942117851	0.249361076743223	0.211441478843597	0.186620961452291	0.224664592475891	0.139754396133557	0.272156384036026	0.327831827696307	0.249410821277759	0.130564023716131	0.33394639507782	0.322626569796742	0.308156615829022	0.379683964974294	0.288634530638206	0.387302892531302	0.331025630579814	0.244340214981253	0.16127245520411	0.169444343377702	0.1843716455279	0.179890960192413	0.383658251584678	0.241703592331523	0.258432216036139	0.169384186382328	0.313953373069975	0.278157912184052	0.271570371833035	0.146599762483258	0.24875087807583	0.24104196530141	0.212723370349073	0.26110994718942	0.249326452174967	0.168477598403644	0.193971787143908	0.100673576422773	0.104112642853478	0.344899260710314	0.382465365652256	0.232500291518003	0.421528192363943	0.195953309882827	0.257277733333335	0.302340975197725	0.115457826581827	0.293343482628822
700113058	0.33411873606215	0.21279566497308	0.173809936778483	0.419977303663942	0.229828285416304	0.135999794540029	0.300452611282064	0.0749793505032914	0.268721926703612	0.0889481845503521	0.203703005508015	0.209498942117851	0	0.162978276434277	0.114009047081564	0.230956750135858	0.131677547611549	0.205016951954879	0.281322616630798	0.283332630653064	0.273559931548079	0.207197600050041	0.30140005888389	0.294898706960862	0.339687229596622	0.316648099619766	0.1768682457454	0.276584351713243	0.214520023281426	0.0893499965967685	0.166394183976139	0.244582333058175	0.177380837212525	0.107118333077965	0.322692901941994	0.245833506943657	0.238967474439983	0.146030571468346	0.262818595417429	0.142375098400703	0.210710191438071	0.0813159779340087	0.235564950828901	0.249479909029797	0.12608153845629	0.190579286150546	0.206085268512461	0.0929601809909263	0.162408130799129	0.185632733702276	0.25276082109902	0.285640012732533	0.343583380475178	0.227449051772342	0.398219359785464	0.0716476046841051	0.226585221707265	0.314052982992206	0.17926591408654	0.271093969500785
700099448	0.224924578428984	0.171298730469368	0.212018083551452	0.360397620922034	0.151690666642204	0.142604371760743	0.243872197182304	0.142290970260788	0.200291589690155	0.113594823030873	0.16562436225545	0.249361076743223	0.162978276434277	0	0.188986546355097	0.181535879754226	0.115092755498746	0.177947787515026	0.189431214134922	0.223785118540063	0.213230291838826	0.194799173006097	0.202794672993269	0.198564203654192	0.283872673454099	0.216626225155077	0.114975766833296	0.279824236858094	0.198823123462949	0.147837573297504	0.13398816736523	0.242759900500954	0.143199098437968	0.139741191547474	0.217122782138028	0.197780283833808	0.164232197431769	0.16670894444626	0.178991690780917	0.217237160017759	0.122914985534903	0.177238932547549	0.141728416316726	0.220054148496608	0.157904140005336	0.11149807510738	0.114154173904302	0.153185760674162	0.0956551466133408	0.213971961102434	0.234426687646387	0.221052666723093	0.272946427084128	0.149139611767497	0.277875438073784	0.140599322079052	0.159116319063259	0.243704209773277	0.192384662071217	0.217831713757622
700109870	0.342030480965214	0.271344963429227	0.183314837676568	0.432820198010511	0.271120448756604	0.163379511890449	0.323060609210879	0.117638150871047	0.293200247828987	0.142739944190904	0.237777267202536	0.211441478843597	0.114009047081564	0.188986546355097	0	0.260309996849162	0.155148537210754	0.235443097913657	0.304984619429483	0.311839694310495	0.27655257726106	0.243297529643382	0.299997746620659	0.32386648168638	0.365868207665623	0.339954901815998	0.210418564421479	0.335346875982769	0.242580365210944	0.145877263749278	0.196925539986293	0.266656030862678	0.233105715504079	0.180514122065104	0.352309193565779	0.279228315953746	0.271368332876304	0.148243492039302	0.285745579121661	0.169926441527274	0.245222041945852	0.126267473058027	0.271276759947455	0.279397321862341	0.175734041967881	0.197682187410415	0.222994711541239	0.124592876435344	0.200007642489109	0.186990667318783	0.27433950701843	0.319757003990311	0.357365093192147	0.244631790617913	0.39849948820789	0.138133839414014	0.237987642647784	0.338495184084094	0.200115335371412	0.302917081901902
700033928	0.204708647311581	0.249175325560905	0.162854015432785	0.337701363151373	0.186477510033369	0.163756930938867	0.188866776156774	0.23227155647355	0.137040255404539	0.183074553892152	0.0835519029717136	0.186620961452291	0.230956750135858	0.181535879754226	0.260309996849162	0	0.210803258904669	0.141768968047889	0.149647728928843	0.208577131324884	0.149369357145345	0.0938629597754954	0.228260736408017	0.166237354723264	0.196691177859653	0.253030323686299	0.226669092574854	0.313230685756583	0.289701923599501	0.221382354113853	0.136224680889891	0.13180141970271	0.0854959292163317	0.166443630566074	0.248698141942031	0.164656475702075	0.175136545061196	0.21514328385095	0.162460779420878	0.30813630318868	0.150668328919928	0.175856893072054	0.152961497108124	0.142793322234659	0.185843193747216	0.189961416238847	0.140960253481676	0.188076621494592	0.158468782842117	0.15503461821057	0.13706801631553	0.188242816502089	0.243986925140828	0.133934481825703	0.286329806912263	0.194651281861066	0.178494437999204	0.146853640994814	0.135911445997949	0.160320698305277
700023693	0.295078555675198	0.179449069143141	0.206345592438713	0.404072197231485	0.186439657376181	0.160394951919371	0.283096843486908	0.0821776173332658	0.236004019163104	0.0807626907041356	0.179330031221992	0.224664592475891	0.131677547611549	0.115092755498746	0.155148537210754	0.210803258904669	0	0.192528153816244	0.248692750422985	0.257524898489616	0.232026946158607	0.205573461982693	0.251466045566695	0.259591563492178	0.324803441088493	0.274711754457929	0.146101415155419	0.266099783484169	0.191015956161722	0.1316550559733	0.135321510421196	0.249946452115363	0.156009614228074	0.126556359202898	0.273017505746993	0.226420404024885	0.202673400416564	0.173081334242979	0.22174852568242	0.166678545160727	0.159923888211084	0.138763396757304	0.188783682895794	0.232401934203086	0.11893120108877	0.127001110182255	0.136902441012758	0.114897333248944	0.132145423831393	0.211288755169712	0.255417135282686	0.262321047330225	0.314931458007876	0.174507733159244	0.357565244127093	0.107478387242239	0.187609497347432	0.289167870386163	0.217227501479213	0.254582798736874
700109627	0.289868963298155	0.288787871187834	0.107928280175581	0.43251965004537	0.226604959917934	0.0831112912204515	0.305974972047493	0.203524221895334	0.242855312361208	0.152036398685	0.137029896448873	0.139754396133557	0.205016951954879	0.177947787515026	0.235443097913657	0.141768968047889	0.192528153816244	0	0.228928266677304	0.298649222670974	0.241747447079068	0.106127498357527	0.304077349409915	0.253801123367249	0.280043189056059	0.323399747929499	0.220898187833044	0.346268635455228	0.328525084984157	0.200022455388201	0.106945656660367	0.176026562158048	0.149630931353658	0.122622655475517	0.309395914271298	0.220533810280073	0.154748152352922	0.127334070073423	0.269502393807587	0.280408701927987	0.228876707505874	0.159767878685233	0.179449418246683	0.208714322897095	0.211273095859951	0.236535556475878	0.200641762294696	0.184859178022626	0.111918583022747	0.134705735966779	0.140603468854456	0.312745520753215	0.353888315750638	0.193220069410525	0.349277343902689	0.182304967273153	0.244506277180441	0.258907626961457	0.121353933505215	0.270234475654552
700095416	0.144978669927929	0.2552644434855	0.242539254517477	0.319399480271537	0.18596160717224	0.242095454463186	0.144283994203776	0.278122264347752	0.0989841176233571	0.236895182835702	0.156033429168337	0.272156384036026	0.281322616630798	0.189431214134922	0.304984619429483	0.149647728928843	0.248692750422985	0.228928266677304	0	0.185246330800556	0.111672978647373	0.178642752384637	0.181206628887944	0.104928783280157	0.140534488857952	0.220672809482382	0.233229460910003	0.339874935375857	0.300374144777596	0.273828725205821	0.200260821142687	0.174156494778607	0.183555857455222	0.248410493828297	0.201924055223074	0.13555075305035	0.18127337896056	0.239451931575807	0.121309166606146	0.351826753579073	0.125445824926999	0.277523846015138	0.121777732683736	0.155485311501052	0.243142021184211	0.199226255757027	0.144801194717403	0.251072096529816	0.188919430158012	0.234984157633992	0.220433212704353	0.161042498309694	0.211973610857171	0.10418507591857	0.209830412379988	0.250277463797202	0.160792612274695	0.132524410628166	0.224108811753171	0.126910793078994
700110425	0.105096045992445	0.251663698690998	0.32057545466957	0.194823138336169	0.200070167075553	0.298796043898233	0.0937258352882881	0.280588258891464	0.163551655193126	0.260798494351335	0.194361105502949	0.327831827696307	0.283332630653064	0.223785118540063	0.311839694310495	0.208577131324884	0.257524898489616	0.298649222670974	0.185246330800556	0	0.172964927297611	0.242401072459726	0.121078696603012	0.120105790203913	0.132006027365338	0.242253460382275	0.252530983077789	0.31051728743271	0.292086361215627	0.270975612836202	0.265522979385156	0.264431434214504	0.207166240364896	0.271503030243567	0.209731465465617	0.139395556231047	0.252676663424217	0.3213861814065	0.125147343397608	0.34558644630801	0.176013358291956	0.287920736925769	0.188197647074816	0.169014612538439	0.253403412894766	0.204824883061769	0.201852494690018	0.25996999722666	0.2457616379818	0.306943194884857	0.28967551944807	0.108749476161248	0.089052166012325	0.18047144999313	0.158947980055517	0.265868587432632	0.108891984555512	0.132050973059602	0.277122843681189	0.144693454426714
700111580	0.169207141880544	0.277478321965964	0.235679987071421	0.303900559535943	0.225683901140997	0.244271801147112	0.140681785624737	0.273005178541487	0.150535013054744	0.223276509080311	0.151202427291626	0.249410821277759	0.273559931548079	0.213230291838826	0.27655257726106	0.149369357145345	0.232026946158607	0.241747447079068	0.111672978647373	0.172964927297611	0	0.166996355420868	0.172350588060241	0.13982299861821	0.121073750559096	0.264289256981755	0.279447888846713	0.370667986989441	0.267498095896919	0.27969042999671	0.179371012425443	0.162058652261615	0.174308658506692	0.246858154273116	0.26749519110836	0.118495253516773	0.229709572182111	0.227854944878354	0.15404954853197	0.319012553076015	0.163199608792798	0.241153573840268	0.157100775196954	0.147061343049409	0.196471710993155	0.180053871740448	0.153609441615011	0.206162929017113	0.188112410674364	0.200600791850356	0.218279085361022	0.153397952169871	0.212481902698827	0.0920764204517388	0.248347927146759	0.23706967143993	0.114546065776037	0.120634389991901	0.206087057234744	0.119269194755075
700111302	0.259557673069879	0.26083409308178	0.0997339183312132	0.3892465839339	0.225330764784787	0.146332057233108	0.238017223553392	0.212725624546809	0.191077030137383	0.169825128134283	0.0799083643252068	0.130564023716131	0.207197600050041	0.194799173006097	0.243297529643382	0.0938629597754954	0.205573461982693	0.106127498357527	0.178642752384637	0.242401072459726	0.166996355420868	0	0.26701711904855	0.218522551735878	0.211198063083768	0.301163114894576	0.232465454687187	0.328986383275254	0.303547578724242	0.214536856408124	0.130003278130185	0.0962506507912954	0.0994405069869278	0.151564623164829	0.293093416602577	0.160946046663801	0.181712271516866	0.183298458111422	0.218599758252938	0.283540699234378	0.205225939461281	0.158513076422025	0.166742765361957	0.154911501184169	0.182963316987787	0.218636541605809	0.169577289541823	0.159501130161575	0.150606919659217	0.0981121431834626	0.106561450018412	0.254703914121176	0.296369967123021	0.144699218721287	0.333989880306697	0.174928954163229	0.192578969295643	0.207314041893388	0.0827102833804697	0.206629635710587
700098605	0.113371980869479	0.222686285026856	0.321138454432186	0.226003012335777	0.210135975433969	0.291986674303568	0.128163188683464	0.278752299967608	0.170676898932449	0.261458863518919	0.221444201727887	0.33394639507782	0.30140005888389	0.202794672993269	0.299997746620659	0.228260736408017	0.251466045566695	0.304077349409915	0.181206628887944	0.121078696603012	0.172350588060241	0.26701711904855	0	0.142608309073855	0.182795042516907	0.226887815250544	0.233320369208424	0.315680975708865	0.276708859796595	0.291780869404864	0.240293887137212	0.266608284766616	0.237306007313268	0.288365318604766	0.213417193801728	0.158132369280039	0.251526080460566	0.291776556294204	0.142438981695229	0.326175925258031	0.154884398421024	0.303025408694157	0.201103597398352	0.200360811622341	0.271043535019947	0.176147667907329	0.189606534793927	0.27364858832392	0.235399171629957	0.299527239662486	0.30557156835128	0.15291583440234	0.134899928014695	0.16550380681047	0.148551881490072	0.280321988084656	0.144055002315636	0.16824099952926	0.292237197968831	0.142402580788998
700111991	0.0827070200462274	0.244775775939571	0.296325864238103	0.249923720193165	0.181144046488986	0.266842220908335	0.109917377177681	0.291755025550509	0.104609616744393	0.250611618421391	0.171432426953481	0.322626569796742	0.294898706960862	0.198564203654192	0.32386648168638	0.166237354723264	0.259591563492178	0.253801123367249	0.104928783280157	0.120105790203913	0.13982299861821	0.218522551735878	0.142608309073855	0	0.144236177738156	0.197330292736278	0.234797421898592	0.315419289757008	0.305230686327722	0.278796989752448	0.233917022971744	0.240956122597094	0.197503335065944	0.262322313296817	0.174461810164739	0.133128514240703	0.19783268349819	0.283855848958367	0.094440517027805	0.367244617447506	0.133404655278488	0.297999454207269	0.143825644707868	0.160608933265661	0.262519999693927	0.202800779090596	0.15294013353287	0.269810418851892	0.212041174181229	0.290228324435466	0.259831174976655	0.113167222541213	0.150083248214962	0.137066770359422	0.138416741400886	0.273696220185444	0.143762193795966	0.101353500899637	0.267686702183806	0.122469495343745
700108960	0.145701977654463	0.329994848544946	0.286842970047948	0.266163387034976	0.27187731323944	0.301506049603532	0.10854170910937	0.348048628006024	0.148099920993654	0.301461055175774	0.189080001543868	0.308156615829022	0.339687229596622	0.283872673454099	0.365868207665623	0.196691177859653	0.324803441088493	0.280043189056059	0.140534488857952	0.132006027365338	0.121073750559096	0.211198063083768	0.182795042516907	0.144236177738156	0	0.309881234530539	0.327311049513091	0.391980301143145	0.360114717271698	0.333889012987544	0.256814319421881	0.179001160162589	0.226641438095992	0.300881963253745	0.282495543389503	0.128833038330341	0.262902089476703	0.306084972087973	0.179044907904024	0.410127328911689	0.233747840003175	0.312313402795917	0.203623325759519	0.143677296629052	0.292467805330573	0.279106869246059	0.2437196895163	0.293719853869805	0.258717596880145	0.259933615191761	0.255142926867046	0.167184412853978	0.148270476357495	0.169384759599543	0.18710136291363	0.309846841009282	0.168014267200757	0.105059142966843	0.253720301342256	0.117208472499226
700024452	0.198500982317185	0.195602097869636	0.355719642643224	0.26818681532973	0.16144115506304	0.317127207362187	0.237430942511294	0.295556361582396	0.216515697374968	0.291250305361157	0.263345208008261	0.379683964974294	0.316648099619766	0.216626225155077	0.339954901815998	0.253030323686299	0.274711754457929	0.323399747929499	0.220672809482382	0.242253460382275	0.264289256981755	0.301163114894576	0.226887815250544	0.197330292736278	0.309881234530539	0	0.205322950504494	0.263455303172036	0.218047797125678	0.287383750556428	0.298738139112712	0.315248330971486	0.272909230044354	0.296662274640952	0.0935662167295416	0.251242149115264	0.279421026679325	0.325760899056586	0.164492861906905	0.325455560505904	0.185415855343466	0.328121356778174	0.232101569253064	0.273572050216615	0.274154018342808	0.193201056400404	0.207280152432468	0.307964655030108	0.264005832364597	0.344698976760342	0.339986007166667	0.18089432060361	0.22696689364269	0.219503133726777	0.202121118991766	0.297417516044383	0.2331926837307	0.248025156923671	0.326460816971282	0.250058943352126
700032931	0.247159465035848	0.137477462406589	0.248683720159581	0.369763990669001	0.157706625036387	0.187007982127418	0.287275426252213	0.144561289277439	0.222040698724526	0.155294071947946	0.1967766257656	0.288634530638206	0.1768682457454	0.114975766833296	0.210418564421479	0.226669092574854	0.146101415155419	0.220898187833044	0.233229460910003	0.252530983077789	0.279447888846713	0.232465454687187	0.233320369208424	0.234797421898592	0.327311049513091	0.205322950504494	0	0.223225510540216	0.196677236263577	0.14656057158113	0.19855077999297	0.287219327479935	0.17872423064281	0.155767712034079	0.202368573082527	0.24085650012231	0.181679457748949	0.207684899237895	0.203133482733334	0.205088507838211	0.16188452147829	0.188369978578967	0.182969407772084	0.246179572508154	0.178034920627733	0.148025390552718	0.161119763084779	0.169078228861923	0.167056574864529	0.25141499099582	0.283994815445667	0.250804454616254	0.278660673681717	0.210345730213788	0.284581222746234	0.149761238972677	0.226597153686803	0.281518670708223	0.222989407311764	0.27053620497601
700095837	0.325980908880892	0.181850808517593	0.375072005764085	0.401792806437818	0.254380321848756	0.343594370329835	0.3543107271329	0.279549049280504	0.307221822351149	0.281584992230214	0.294273914881885	0.387302892531302	0.276584351713243	0.279824236858094	0.335346875982769	0.313230685756583	0.266099783484169	0.346268635455228	0.339874935375857	0.31051728743271	0.370667986989441	0.328986383275254	0.315680975708865	0.315419289757008	0.391980301143145	0.263455303172036	0.223225510540216	0	0.189234899337081	0.240508168779621	0.323734077198288	0.386146133042112	0.273405322714138	0.270505930818329	0.248440834797899	0.327676547423843	0.307351945635199	0.370719413739399	0.277228076170263	0.314919293203636	0.271054001116959	0.308409510289604	0.306908719332664	0.319136787464336	0.25199035756828	0.2632992464786	0.279881158999949	0.293143097829558	0.307765100503094	0.376928679219042	0.367664538916428	0.310257986198878	0.336586941151311	0.320337272816422	0.367917423095262	0.279135884194408	0.328264078590691	0.351071322455659	0.351192122135584	0.350541009697448
700024548	0.317766248629483	0.175936930714475	0.320669809021211	0.368228380517162	0.230497148011734	0.28961903614624	0.316530840882823	0.210515192459982	0.308666279525074	0.216629820615644	0.270577101032332	0.331025630579814	0.214520023281426	0.198823123462949	0.242580365210944	0.289701923599501	0.191015956161722	0.328525084984157	0.300374144777596	0.292086361215627	0.267498095896919	0.303547578724242	0.276708859796595	0.305230686327722	0.360114717271698	0.218047797125678	0.196677236263577	0.189234899337081	0	0.202342197036226	0.272553230125387	0.339147090295244	0.244273478224024	0.230785611610593	0.233906605291223	0.267627178286859	0.319115545399844	0.293101556616084	0.252364158423782	0.19358327300738	0.221215385801426	0.233593584732967	0.271508728657115	0.310351286362952	0.143980447809433	0.145688767993168	0.23180515936633	0.21415702481731	0.251510804322363	0.314882993020067	0.338337303591388	0.279019694242644	0.313973267852547	0.241062244640805	0.342815727002679	0.223886762075886	0.23004087261688	0.325755458445548	0.300950080768588	0.304975736809153
700110161	0.316762719726812	0.188575382849562	0.190984198565005	0.403179218847743	0.198956550499263	0.144698661548381	0.304660234833281	0.102830879875309	0.253975208321927	0.10610846961442	0.194950364341202	0.244340214981253	0.0893499965967685	0.147837573297504	0.145877263749278	0.221382354113853	0.1316550559733	0.200022455388201	0.273828725205821	0.270975612836202	0.27969042999671	0.214536856408124	0.291780869404864	0.278796989752448	0.333889012987544	0.287383750556428	0.14656057158113	0.240508168779621	0.202342197036226	0	0.172914531293372	0.261184053360009	0.177952114500937	0.101746161591639	0.282150092726757	0.24730343604613	0.213768281182048	0.162561898665463	0.244740489479029	0.181688215593358	0.208684709395793	0.122865115662148	0.212344955781772	0.247349913402567	0.128586732421692	0.193705018806891	0.190764768860774	0.128732963724758	0.154289382711156	0.214450813722099	0.258925710860701	0.268544365412626	0.335441002247558	0.217853479035855	0.374993004716874	0.10617900669285	0.229277197572338	0.29773027409604	0.188840473483522	0.279684101030022
700023496	0.27380877326716	0.215425988478439	0.142611951378848	0.406893826457665	0.19811618678077	0.096582594213933	0.262378870401935	0.162391089765611	0.20439553740478	0.10477318739022	0.108122156895815	0.16127245520411	0.166394183976139	0.13398816736523	0.196925539986293	0.136224680889891	0.135321510421196	0.106945656660367	0.200260821142687	0.265522979385156	0.179371012425443	0.130003278130185	0.240293887137212	0.233917022971744	0.256814319421881	0.298738139112712	0.19855077999297	0.323734077198288	0.272553230125387	0.172914531293372	0	0.171015861248495	0.123753931912744	0.108207689142002	0.292997345101897	0.182168062785838	0.151071970248024	0.123126241349931	0.22698139532994	0.230804863007605	0.16433698724982	0.134976264460356	0.146889516174121	0.181447182069906	0.146583141815615	0.17270816783664	0.134824250786211	0.126634527087079	0.0693558928901858	0.138451103166853	0.166090452262802	0.267379808181754	0.320266933900807	0.127790432505542	0.343136437195819	0.130499140837691	0.182556011473696	0.229725622809209	0.141949210653501	0.22116999638858
700034628	0.274067707944899	0.312417863176028	0.148820588338379	0.405473375834067	0.266535259459213	0.190227130411824	0.219949820704193	0.253010606085008	0.179689930930891	0.215739923886764	0.128971601552653	0.169444343377702	0.244582333058175	0.242759900500954	0.266656030862678	0.13180141970271	0.249946452115363	0.176026562158048	0.174156494778607	0.264431434214504	0.162058652261615	0.0962506507912954	0.266608284766616	0.240956122597094	0.179001160162589	0.315248330971486	0.287219327479935	0.386146133042112	0.339147090295244	0.261184053360009	0.171015861248495	0	0.169073896094795	0.202476539665518	0.319290195932038	0.157972930690077	0.240419880685586	0.209470306574833	0.235141397323841	0.314533590959957	0.236356882154576	0.186789708547211	0.185839846437971	0.139406478692168	0.223758806216193	0.254350910812154	0.205062799053991	0.189759707336952	0.200017785875376	0.117040161556787	0.166125548127338	0.259345865888629	0.29541037386153	0.162982682470435	0.339531221251349	0.213405226855004	0.208774192664295	0.191917413598763	0.137131882325691	0.168197223519522
700023645	0.244069219493429	0.19072330133494	0.168043939227747	0.359100759840287	0.177199465578656	0.146828861442874	0.228485780089715	0.177989845553342	0.179857242288734	0.131316995929966	0.0763528658843449	0.1843716455279	0.177380837212525	0.143199098437968	0.233105715504079	0.0854959292163317	0.156009614228074	0.149630931353658	0.183555857455222	0.207166240364896	0.174308658506692	0.0994405069869278	0.237306007313268	0.197503335065944	0.226641438095992	0.272909230044354	0.17872423064281	0.273405322714138	0.244273478224024	0.177952114500937	0.123753931912744	0.169073896094795	0	0.113226224400192	0.257962770702177	0.157466418655831	0.172802896455535	0.210524848792944	0.177063225234983	0.257002105258666	0.141585647408885	0.132807024227621	0.140768689168037	0.154977866028488	0.13867853798742	0.162977258861649	0.133883243479847	0.135271046249772	0.137325519297373	0.164689480863088	0.150084905718266	0.213465263742259	0.267767690551511	0.141632845676959	0.312779429224479	0.139396260659272	0.181475998960649	0.187733588917686	0.137201261996191	0.197939622025207
700038744	0.309256744609087	0.196367518935414	0.144216450827349	0.41196727140476	0.203433581551023	0.0915652590693831	0.295576904555819	0.122913987848026	0.24034986768693	0.0743331298988347	0.136375334599923	0.179890960192413	0.107118333077965	0.139741191547474	0.180514122065104	0.166443630566074	0.126556359202898	0.122622655475517	0.248410493828297	0.271503030243567	0.246858154273116	0.151564623164829	0.288365318604766	0.262322313296817	0.300881963253745	0.296662274640952	0.155767712034079	0.270505930818329	0.230785611610593	0.101746161591639	0.108207689142002	0.202476539665518	0.113226224400192	0	0.290861103858467	0.21705750191153	0.189896082388561	0.154860760548177	0.240212366449437	0.186991739661212	0.198946158286572	0.0835821749150439	0.183266468308496	0.208368189457975	0.126980871501845	0.17940158908821	0.183855423079876	0.0961607425791128	0.117126562138999	0.170710527431756	0.198981936351626	0.274738984370104	0.333961150397397	0.196583833814459	0.368188191392011	0.0917516354184455	0.22875909543804	0.259006629194589	0.154616344798609	0.263052517819177
700038485	0.186120657816639	0.186466559609125	0.356951561329642	0.257198609020385	0.154010726108103	0.317172610636604	0.222084892483968	0.30136204054141	0.191516183340453	0.293447946817381	0.24074976813371	0.383658251584678	0.322692901941994	0.217122782138028	0.352309193565779	0.248698141942031	0.273017505746993	0.309395914271298	0.201924055223074	0.209731465465617	0.26749519110836	0.293093416602577	0.213417193801728	0.174461810164739	0.282495543389503	0.0935662167295416	0.202368573082527	0.248440834797899	0.233906605291223	0.282150092726757	0.292997345101897	0.319290195932038	0.257962770702177	0.290861103858467	0	0.228473767480696	0.261162398082578	0.33550201185501	0.14270000671604	0.333071697900251	0.185105010740203	0.336579794075071	0.213429998692465	0.235817874031129	0.28052541974086	0.196890779358311	0.213962823098872	0.317290910401865	0.261453204258419	0.361745604276477	0.327718516419548	0.172728816659877	0.197443687830455	0.219860949524939	0.189796336034829	0.300645263091916	0.234907940934287	0.225788585524619	0.32554043615989	0.23763397090492
700024743	0.159903692928156	0.249700404362702	0.229160715056993	0.292504644681552	0.205579810588991	0.224354615760533	0.123180633741859	0.246741675754642	0.136999386865983	0.20427218021736	0.124950073961717	0.241703592331523	0.245833506943657	0.197780283833808	0.279228315953746	0.164656475702075	0.226420404024885	0.220533810280073	0.13555075305035	0.139395556231047	0.118495253516773	0.160946046663801	0.158132369280039	0.133128514240703	0.128833038330341	0.251242149115264	0.24085650012231	0.327676547423843	0.267627178286859	0.24730343604613	0.182168062785838	0.157972930690077	0.157466418655831	0.21705750191153	0.228473767480696	0	0.207065580150753	0.232790654225318	0.138218730183274	0.316229733282909	0.170109189132636	0.236644288839102	0.15078640078782	0.0961378211086698	0.204729062392876	0.187763873344136	0.182408895255427	0.20649185944648	0.173625717437603	0.22083404215244	0.21984023630398	0.164162496081803	0.180753868587946	0.108587734738976	0.214338225745737	0.219301400957993	0.120083607625228	0.110942049664662	0.197224666309262	0.0897369333920554
