700108602	700014971	700033565	700109389	700023058	700023927	700106341	700114221	700023543	700023439	700016978	700024192	700113058	700099448	700109870	700033928	700023693	700109627	700095416	700110425	700111580	700111302	700098605	700111991	700108960	700024452	700032931	700095837	700024548	700110161	700023496	700034628	700023645	700038744	700038485	700024743	700099596	700110760	700101587	700106399	700032322	700095653	700021312	700101230	700023590	700038905	700033136	700023382	700096424	700105469	700016908	700096053	700108479	700109569	700033814	700016125	700109756	700102665	700101777	700109455
700108602	0	0.208180306009147	0.310846916270065	0.236987342565458	0.175254924050887	0.285916125169075	0.104551116609298	0.296953866426413	0.115373457614243	0.26132785076871	0.197097735519185	0.330290336391832	0.283613921012042	0.209897350856449	0.321229337211148	0.184528759282887	0.267068358063571	0.271789790769934	0.121070328206037	0.118099746135851	0.151888898355912	0.228940714937309	0.149004063436899	0.0543139590639203	0.172440159813162	0.160233786530555	0.207925771652874	0.279041962620909	0.285463443863827	0.297172636494161	0.2518127209809	0.229406026667689	0.1892127987596	0.274930773155807	0.155049681293902	0.133623692357703	0.223342999645813	0.292798867883263	0.0961875796463065	0.347864111317777	0.138754450783423	0.307619412241802	0.164596893076633	0.17989043131829	0.257348733935069	0.220197873257349	0.169221161322313	0.279261797612348	0.226126552589763	0.309501507781869	0.269993149234695	0.0875437176851249	0.138755284344507	0.141096065049343	0.146483645802611	0.265387660299777	0.164389000809525	0.105101747314419	0.275654504384853	0.134364249898454
700014971	0.208180306009147	0	0.296762259368271	0.336449184616666	0.143757557334297	0.26518547455266	0.243431901718157	0.204676880322137	0.174196912821209	0.188845533200082	0.188806561016538	0.319441922239562	0.212179462798361	0.170823215409826	0.283333169837276	0.222178386021876	0.195167857160057	0.280070942746712	0.222125283312097	0.212038808275238	0.241572867221217	0.244480210362576	0.215934570877266	0.214389317149564	0.295586095132569	0.192868777000023	0.155363190792916	0.173682527253251	0.172084316648071	0.181182073076132	0.212536109269856	0.25254279100777	0.17869755075407	0.216864813427916	0.200754861611658	0.167232258348071	0.242398963302906	0.270121397081551	0.164153025034979	0.225478936428347	0.169359019913141	0.221494142054031	0.15390748972257	0.207626105276582	0.155189254498027	0.206827662106554	0.126877467059998	0.220702294413383	0.215375018566271	0.301485506151747	0.285463978090172	0.188605146622919	0.231865287176703	0.194706370507139	0.286166047739402	0.20168091789558	0.23722688290238	0.244504616213588	0.260320344973769	0.22569456337185
700033565	0.310846916270065	0.296762259368271	0	0.437615124921332	0.290279925250418	0.0943896136717583	0.300133651822608	0.182307302032046	0.294575396398867	0.159027206613678	0.153870383384121	0.0723671847705715	0.162005110726597	0.189604823908942	0.172751640519963	0.153152513912378	0.180286162694428	0.116922067661588	0.255639204144123	0.313782929869521	0.250578161447398	0.122673534908119	0.33002381966148	0.285192447287017	0.262288052788604	0.325943609710687	0.212463398997578	0.354166806539761	0.281862160862039	0.195865978512191	0.148024386984027	0.182228306430851	0.168317397861448	0.114850980434538	0.345703720352407	0.256896188876696	0.225985778718267	0.122649870423852	0.286905365205723	0.254987592197203	0.23494219835143	0.118168638482729	0.238279653796311	0.246899443091423	0.219188194864814	0.211801202636781	0.247677542903187	0.151066403229874	0.161819425232749	0.0582779182901003	0.110920296291986	0.327481171725045	0.360584702499323	0.225249873980764	0.399824540297618	0.151487842023427	0.230006037467163	0.288929509134197	0.0847911544957427	0.257135732327346
700109389	0.236987342565458	0.336449184616666	0.437615124921332	0	0.32191144136409	0.431486475423489	0.217996860132801	0.41787741528565	0.28637158325164	0.396954093606073	0.354686271362329	0.449812394998677	0.410272592411455	0.364069661812684	0.434565482090103	0.340526656423231	0.404586809615125	0.428349903326788	0.317631176727153	0.192328935356906	0.297060116122211	0.382100419155331	0.204391571804607	0.263588413780846	0.302306584432811	0.252808396713272	0.364722203998393	0.388921589016513	0.358623844703505	0.407670797677961	0.40292725380551	0.384789842559379	0.337315412943476	0.407003396646176	0.252951226997565	0.274532515790634	0.392375551629366	0.433889221943288	0.261756935488199	0.415611014550969	0.291292421318125	0.425691687775205	0.33145517698818	0.329270221538447	0.379343441127138	0.348504547617883	0.330404864246921	0.406334886116026	0.379597213061911	0.43690922112639	0.40885496358428	0.214734644530589	0.143875464364794	0.304142282255711	0.177551081319508	0.39789756614996	0.270831923955232	0.245573187536494	0.400954220012138	0.285319558647582
700023058	0.175254924050887	0.143757557334297	0.290279925250418	0.32191144136409	0	0.230006873189968	0.21671870459198	0.218077744815941	0.138030027296655	0.198109268632755	0.184816274888857	0.306262442258151	0.227819810083999	0.168099214631623	0.273265476975488	0.20554675354597	0.197402799231554	0.235730321056462	0.175478176745557	0.206963138630953	0.222569393317779	0.245819477443898	0.212033088599553	0.181393380373898	0.28591644894844	0.172906750392367	0.144993060212739	0.231940712745423	0.210288311613266	0.211340259715577	0.19420516113347	0.250038522774044	0.17954423567599	0.218526133223169	0.168561639035136	0.184457344214341	0.185089777123361	0.215889270201875	0.132847391359802	0.260176737778407	0.150658536962787	0.239152233993297	0.12706630870511	0.207334415104737	0.184422659024551	0.195768985584774	0.115366299512271	0.218637639713987	0.177413224866887	0.296242718215001	0.288235151071312	0.169735692174896	0.217423164044985	0.166491488603607	0.250677807081536	0.209924717475126	0.227778997314526	0.225121407628943	0.257002882358204	0.209160466531832
700023927	0.285916125169075	0.26518547455266	0.0943896136717583	0.431486475423489	0.230006873189968	0	0.293991617783336	0.174130710626147	0.278464741332777	0.126916401762767	0.136617438656324	0.114829788294432	0.146616791589273	0.146008882175947	0.181452886800874	0.150807346098288	0.140562102244353	0.0793703493604053	0.226293044893475	0.30358591791589	0.228280036062856	0.156254434610314	0.299447851657535	0.258418300744575	0.257392333489599	0.296802711640537	0.179815318680337	0.339836915557407	0.262856401962791	0.191089397407384	0.0804551540820396	0.168754674185383	0.148051559472368	0.0879519524207016	0.313303176765017	0.243877248157538	0.179706789733013	0.0800742109919069	0.273158698984699	0.235222846093053	0.202174861356984	0.103049161371616	0.186631006283981	0.233945958202849	0.188210508648643	0.182293550548999	0.205574187104207	0.138028967832746	0.0936473447601772	0.109104103179157	0.152706918192377	0.315748505642917	0.351429644900367	0.191567395265257	0.372439927131683	0.133263634383379	0.2086283914153	0.277923193411418	0.100605144171299	0.243446120888856
700106341	0.104551116609298	0.243431901718157	0.300133651822608	0.217996860132801	0.21671870459198	0.293991617783336	0	0.312351949820598	0.148655672727563	0.278482684268156	0.198952272930052	0.305009011645549	0.289483450474965	0.247439037484607	0.324767136615824	0.185165401436124	0.279100087508396	0.300620163533813	0.125926952508514	0.0915602283600821	0.12444837712292	0.213145307820749	0.137156164089299	0.11261646227369	0.118743923155483	0.230041621635811	0.264399533992535	0.331817790138356	0.305757967028958	0.318156223085361	0.26671521324061	0.196383584605499	0.194706369246816	0.283086865371328	0.227756402913824	0.135454991522335	0.256807518033856	0.302652691958736	0.128128671097452	0.366454231469328	0.14924302931582	0.304298512933265	0.18713975065922	0.176739519214848	0.25590996849862	0.257553927255808	0.206447613767676	0.27545404395275	0.238570889097299	0.285959307156946	0.269279212540532	0.113676781641391	0.115686851591607	0.134855583008644	0.157659313182414	0.267889767074279	0.127740463672671	0.085914802568089	0.258888618735943	0.0979043940915097
700114221	0.296953866426413	0.204676880322137	0.182307302032046	0.41787741528565	0.218077744815941	0.174130710626147	0.312351949820598	0	0.261270843754744	0.0942770482693238	0.20635318180404	0.215088145337784	0.0830695296156996	0.146760389712167	0.13214687952485	0.24470064704244	0.0969838764648848	0.225212292080239	0.280977995692026	0.282773760080667	0.275309677180588	0.251924814592206	0.316768402344713	0.292831597600703	0.347319509923282	0.276504665735948	0.153022545883605	0.277303491225898	0.181904179222017	0.0918284938194768	0.157275153731383	0.242238508088487	0.194080711987141	0.122339688727713	0.300149176723409	0.217833960592007	0.242069261764206	0.123913110167172	0.251694319585662	0.126121486236294	0.215202938917385	0.113855633607224	0.219219417993103	0.242162835322831	0.140036968061049	0.171549755363015	0.177309260058941	0.0937145858647487	0.197405279143695	0.191303784346089	0.262806650019829	0.285577254781988	0.328709406568436	0.252225251004544	0.391579320572879	0.0959107583544161	0.234075543518835	0.322313213241448	0.183211219755721	0.280357257422529
700023543	0.115373457614243	0.174196912821209	0.294575396398867	0.28637158325164	0.138030027296655	0.278464741332777	0.148655672727563	0.261270843754744	0	0.23151641895522	0.179283552278652	0.318814234589581	0.258552342564611	0.20698037664316	0.307696126895965	0.180260633209494	0.230444498537593	0.274971156597381	0.130088335448663	0.156392505295695	0.192506130731465	0.220628855455216	0.192143935774063	0.127725477295889	0.210488852462968	0.166509266483539	0.184719782545643	0.259638876626317	0.277541526356096	0.257175027155769	0.238931956866345	0.19237090516118	0.184724217267587	0.244615073676938	0.157083198541671	0.1482523702474	0.218857658731064	0.286979082272532	0.0757446516135914	0.311474417474034	0.148059515147839	0.273109248528112	0.150038464542821	0.134770845338802	0.234492839732307	0.225000826200588	0.141032154015118	0.251233945044622	0.234344955407111	0.295326865706488	0.27528185225246	0.104952394734745	0.160399338268662	0.152882702746569	0.195311790817463	0.23752407669861	0.210003601900889	0.142196441989028	0.27172075729037	0.143973387005777
700023439	0.26132785076871	0.188845533200082	0.159027206613678	0.396954093606073	0.198109268632755	0.126916401762767	0.278482684268156	0.0942770482693238	0.23151641895522	0	0.16556808945528	0.19512810310687	0.0671984680304997	0.0969286704860421	0.152823014667041	0.201099981434156	0.0739250526344615	0.173037709639348	0.229594521251995	0.25955009267833	0.232259404174271	0.220212417641786	0.281881185132597	0.240513182550304	0.309752741530499	0.264462161374354	0.127152644143859	0.271316334071337	0.178448313952444	0.113530727397886	0.0944579768306703	0.216711548504623	0.149135733008575	0.0767607639590689	0.283299588085556	0.18738452201994	0.189134064378562	0.114271668417685	0.226095837578244	0.143716453357763	0.164539185999574	0.108835177479796	0.173495294629899	0.217667040372577	0.123574955979607	0.13336588689766	0.150472652080241	0.0776166722231844	0.136273459418241	0.171117275064243	0.221191801817266	0.267960702843326	0.308395244661974	0.195084507565865	0.353336453125996	0.082392295226699	0.196839384607866	0.277400528095306	0.152004859795453	0.244541837700695
700016978	0.197097735519185	0.188806561016538	0.153870383384121	0.354686271362329	0.184816274888857	0.136617438656324	0.198952272930052	0.20635318180404	0.179283552278652	0.16556808945528	0	0.168466464109532	0.183342285195594	0.161256249948667	0.238819803277283	0.0770949114691471	0.16014674244967	0.13569193616268	0.157116509734962	0.197083058536653	0.160164097716879	0.0988335847298972	0.244769727880459	0.169512269177257	0.164541050738884	0.255527747369922	0.169866447331354	0.266956161308745	0.246505677292835	0.213796296594208	0.12184499942989	0.108487472399654	0.0737678229003594	0.122862756302366	0.247943648903688	0.152692171572237	0.180077939193745	0.176963563368488	0.180519505276287	0.26495702052665	0.135656445873776	0.143102463217219	0.136243721137507	0.131160208285707	0.153969385048353	0.19547693801468	0.155799794261111	0.159898489418063	0.1285324763496	0.158065011895441	0.146213515629135	0.217508934217082	0.248679147250866	0.131768571647821	0.295339702278784	0.147252674075052	0.161293182096083	0.174158283648047	0.132147080269042	0.158576986144083
700024192	0.330290336391832	0.319441922239562	0.0723671847705715	0.449812394998677	0.306262442258151	0.114829788294432	0.305009011645549	0.215088145337784	0.318814234589581	0.19512810310687	0.168466464109532	0	0.19073250023616	0.235777448361115	0.193770590407907	0.170095747306486	0.191086648273147	0.144358603072808	0.2649723053875	0.323132132596402	0.243126287906021	0.127059741317719	0.345774352282248	0.306068102884652	0.267519662374675	0.358646199298206	0.255576660924658	0.372865055892985	0.302151415595865	0.250786535475788	0.157659361978529	0.175902673297461	0.180571656812207	0.150725517072162	0.373217557300252	0.273788022969458	0.252031511111903	0.164368872060856	0.309241089086044	0.26933442680218	0.249120694924406	0.137524353213745	0.264233102818968	0.255622054042821	0.216362294534055	0.240663779233744	0.261708160703755	0.169687559769505	0.186209680470436	0.0784326113256189	0.106358174520076	0.346964390510723	0.374132343748678	0.246006181826762	0.424247246610842	0.18055749865731	0.230064511602314	0.303652556641521	0.104834326852621	0.267602883537695
700113058	0.283613921012042	0.212179462798361	0.162005110726597	0.410272592411455	0.227819810083999	0.146616791589273	0.289483450474965	0.0830695296156996	0.258552342564611	0.0671984680304997	0.183342285195594	0.19073250023616	0	0.129311054452596	0.143896728832666	0.223046798533203	0.110657891524912	0.197383259526711	0.258236869218731	0.273726080648019	0.258898211155227	0.22981560848086	0.30645700278318	0.272198325560862	0.326916129455612	0.289318955836289	0.156865400881225	0.2829917009082	0.196827274942399	0.124245635382572	0.129920227579987	0.22306493421199	0.167070359766003	0.0940264119618849	0.312336969391728	0.207773503582283	0.221559312244	0.127620034991461	0.249755639768731	0.146871085072554	0.19055990309455	0.0963539464140966	0.211252742757798	0.226925852513323	0.14216534417165	0.16468572499741	0.19334568907797	0.0855269991977791	0.17113017328214	0.165121309754834	0.236355879842888	0.287591062534006	0.321781444125387	0.234553724694965	0.382222499833269	0.0665314308675573	0.218343875157547	0.298842938052291	0.159357343372277	0.25890973120266
700099448	0.209897350856449	0.170823215409826	0.189604823908942	0.364069661812684	0.168099214631623	0.146008882175947	0.247439037484607	0.146760389712167	0.20698037664316	0.0969286704860421	0.161256249948667	0.235777448361115	0.129311054452596	0	0.199086643055393	0.184105930543805	0.125713601344432	0.168006725356556	0.184484513674102	0.225939528373884	0.223062347997064	0.219275353649353	0.248757007138737	0.193635196939919	0.278585921602365	0.206020655621922	0.092913441422732	0.251604855979792	0.178816320790554	0.134030834351068	0.126554147982031	0.227356858805366	0.13520648453587	0.116739412052752	0.226120482587675	0.167989555085932	0.159920844028568	0.138363995995239	0.189447860394483	0.199657771894657	0.148158064640897	0.151871912088102	0.12320509336816	0.206826626019085	0.139821976887933	0.135341818070826	0.138785065922196	0.135723481119609	0.105488560275123	0.204492496098054	0.213296631054436	0.229182265776458	0.274134904064564	0.171679225168944	0.294655888512015	0.12854617500825	0.184022309770944	0.24430987227619	0.171350257380609	0.219421632220389
700109870	0.321229337211148	0.283333169837276	0.172751640519963	0.434565482090103	0.273265476975488	0.181452886800874	0.324767136615824	0.13214687952485	0.307696126895965	0.152823014667041	0.238819803277283	0.193770590407907	0.143896728832666	0.199086643055393	0	0.262585069851331	0.154897701872791	0.246859055520829	0.295598324571418	0.321959126750542	0.268159742858177	0.271554196067878	0.322660522629287	0.317346767323649	0.357636094028527	0.330975548307492	0.211507028085624	0.349677730833133	0.224262749085723	0.163842152004149	0.18672313046568	0.262782842052687	0.237609731513268	0.182131247112089	0.35517298058098	0.26518601745279	0.266925095718643	0.127772628167528	0.295616821915774	0.179947574048802	0.255655413632093	0.167571803419823	0.274389106965609	0.289018496908843	0.197524800773057	0.167817643709638	0.234302931231527	0.126089536931449	0.21606820241015	0.177411368988614	0.267234616542069	0.334385396820052	0.359832441685836	0.269968771224225	0.406247867097862	0.155169340272469	0.249992713464472	0.343277866803684	0.189232759580848	0.297895493188583
700033928	0.184528759282887	0.222178386021876	0.153152513912378	0.340526656423231	0.20554675354597	0.150807346098288	0.185165401436124	0.24470064704244	0.180260633209494	0.201099981434156	0.0770949114691471	0.170095747306486	0.223046798533203	0.184105930543805	0.262585069851331	0	0.197314999649147	0.135550057070894	0.148801583213749	0.19806385904273	0.152791631610379	0.083710366709671	0.240155589435002	0.153410142838936	0.160794742853038	0.246939227889256	0.204099202550182	0.290848911844064	0.274225089035544	0.247364952542249	0.161530023463232	0.126182099575745	0.0901488874153836	0.15947519514525	0.246540651900719	0.195095608474009	0.193971966305983	0.201247947206694	0.170287015798498	0.301538933330657	0.134816410938468	0.170883245087707	0.148881429387662	0.166927741352718	0.179839275157234	0.199845590820563	0.159789586672543	0.199510391906125	0.152170843496742	0.149325909285023	0.122551652457858	0.204088594954131	0.244984472597525	0.14005522590818	0.28332585822342	0.18656098492794	0.169444376006754	0.159149032718982	0.131103935446954	0.151270486273278
700023693	0.267068358063571	0.195167857160057	0.180286162694428	0.404586809615125	0.197402799231554	0.140562102244353	0.279100087508396	0.0969838764648848	0.230444498537593	0.0739250526344615	0.16014674244967	0.191086648273147	0.110657891524912	0.125713601344432	0.154897701872791	0.197314999649147	0	0.178974915803682	0.234495611732072	0.261803752758118	0.20935894930295	0.218463381638873	0.288037151473253	0.246828345144143	0.308404674897059	0.27049237919607	0.13983103795762	0.277336755073027	0.172599361854901	0.137335663390259	0.102947114978451	0.213316244898051	0.146549216588538	0.10693092564613	0.284096756707237	0.18911539482012	0.194705420626298	0.135599730244836	0.224762762215572	0.135507173435421	0.16658692674571	0.122991064639281	0.16694382639874	0.211444106679744	0.0951044490879478	0.132810907483587	0.141983037340789	0.0772590662059962	0.145234719834705	0.189573282397848	0.224455993736649	0.26332862315958	0.311073106870844	0.198327640641446	0.361661371932869	0.0995261101265288	0.193861058621876	0.278898078045096	0.17404227903149	0.243324740442023
700109627	0.271789790769934	0.280070942746712	0.116922067661588	0.428349903326788	0.235730321056462	0.0793703493604053	0.300620163533813	0.225212292080239	0.274971156597381	0.173037709639348	0.13569193616268	0.144358603072808	0.197383259526711	0.168006725356556	0.246859055520829	0.135550057070894	0.178974915803682	0	0.235818482622972	0.295814173384364	0.253632290429519	0.146254927686299	0.322758962197139	0.242813866203276	0.252766439924783	0.307528830980591	0.193207509281464	0.336259909407695	0.307010826250821	0.223935047287555	0.11214316315986	0.187541110790393	0.157678868896695	0.128460264551495	0.304026405939447	0.254270340120664	0.16183310279896	0.131570489325368	0.274941928971491	0.282395176674004	0.219173198536282	0.155801315960479	0.187313361429469	0.229114628111282	0.217350135195447	0.220711881304296	0.225871686176662	0.191510323743196	0.107362710449862	0.142048111304246	0.140501737299792	0.313230813546885	0.346397916896497	0.211442596028938	0.354377709321195	0.182890880752966	0.236590558993991	0.269505227015773	0.12552684282983	0.257345203066183
700095416	0.121070328206037	0.222125283312097	0.255639204144123	0.317631176727153	0.175478176745557	0.226293044893475	0.125926952508514	0.280977995692026	0.130088335448663	0.229594521251995	0.157116509734962	0.2649723053875	0.258236869218731	0.184484513674102	0.295598324571418	0.148801583213749	0.234495611732072	0.235818482622972	0	0.180586134277424	0.119098227617319	0.169412341276657	0.185042605651327	0.0988440512278793	0.155713627394802	0.2035047970788	0.194963894757456	0.308699942416028	0.283010698825122	0.279771435119553	0.203064858097021	0.151425195791137	0.152209016477463	0.236634711236893	0.192707097955632	0.162190867094683	0.179982666818491	0.240113713731181	0.127889745007693	0.337924144407446	0.11290838000796	0.269095712347706	0.126582882335287	0.167458613018434	0.219802510139666	0.204312863750051	0.149367518133188	0.241590645428527	0.170405045874533	0.238185135008047	0.214865643620926	0.16532861666075	0.206325757246669	0.0889362194410282	0.211865821626014	0.234823455666482	0.144793318449606	0.139947114478733	0.219821720749261	0.116205091494571
700110425	0.118099746135851	0.212038808275238	0.313782929869521	0.192328935356906	0.206963138630953	0.30358591791589	0.0915602283600821	0.282773760080667	0.156392505295695	0.25955009267833	0.197083058536653	0.323132132596402	0.273726080648019	0.225939528373884	0.321959126750542	0.19806385904273	0.261803752758118	0.295814173384364	0.180586134277424	0	0.167434561858109	0.239603488678171	0.140731515429365	0.125634595116303	0.161017455116788	0.207892022027448	0.234176949197805	0.289100254632463	0.279017637427123	0.2859570689257	0.26903024016497	0.239659918360275	0.195873216971713	0.270658708657365	0.207209093300825	0.118817764795885	0.257949671650914	0.310439282161919	0.132568540894465	0.337741563940113	0.162104205099591	0.290817566538304	0.177249927914974	0.156480020802364	0.242975185075269	0.250926014465662	0.17725289913836	0.266902314099605	0.246071533741039	0.30968772427029	0.285713781836697	0.103052284072984	0.0778965681314985	0.16769095655912	0.154929470732184	0.257888871807767	0.130386157482145	0.117185742921843	0.272245189435044	0.144255889731751
700111580	0.151888898355912	0.241572867221217	0.250578161447398	0.297060116122211	0.222569393317779	0.228280036062856	0.12444837712292	0.275309677180588	0.192506130731465	0.232259404174271	0.160164097716879	0.243126287906021	0.258898211155227	0.223062347997064	0.268159742858177	0.152791631610379	0.20935894930295	0.253632290429519	0.119098227617319	0.167434561858109	0	0.160166519554945	0.187050928827172	0.13483644797525	0.122506799418084	0.252807102987292	0.248598197443698	0.344170508721208	0.247803437856936	0.292145542060711	0.194828909669287	0.149028792793083	0.148105112844223	0.233505939592122	0.261918947744661	0.164371803458912	0.244177226582217	0.238467488392384	0.164545688828846	0.310019676945428	0.126906612518506	0.245666812212291	0.178956350469321	0.170032223936804	0.183605814138559	0.195909173927331	0.167729914824864	0.211696972807571	0.175436351413262	0.217066079454871	0.213617936944891	0.159340484101911	0.207192617274746	0.0931784403518186	0.248735291331572	0.222529858532035	0.0903692643383983	0.12143198654934	0.193625029795657	0.104365887054436
700111302	0.228940714937309	0.244480210362576	0.122673534908119	0.382100419155331	0.245819477443898	0.156254434610314	0.213145307820749	0.251924814592206	0.220628855455216	0.220212417641786	0.0988335847298972	0.127059741317719	0.22981560848086	0.219275353649353	0.271554196067878	0.083710366709671	0.218463381638873	0.146254927686299	0.169412341276657	0.239603488678171	0.160166519554945	0	0.271666841237188	0.205033991359879	0.162685279981196	0.304608827566321	0.233303943540423	0.329720039440765	0.308130102777346	0.268023810199444	0.176829811820664	0.100568648122363	0.12053527417662	0.17032248795678	0.304418127935857	0.220791295053386	0.217522722735604	0.215215666348426	0.218561461071918	0.311445901208057	0.183734011033676	0.181081147983549	0.184064411482524	0.195560314188372	0.208462726024599	0.238092650909151	0.201696910194256	0.205299807668915	0.167606455043007	0.10269543472182	0.0887200904815273	0.247729310012744	0.288111564468418	0.1584413685884	0.333239862728501	0.188381826108117	0.183663120268655	0.20395926497026	0.109243298941871	0.177303307931759
700098605	0.149004063436899	0.215934570877266	0.33002381966148	0.204391571804607	0.212033088599553	0.299447851657535	0.137156164089299	0.316768402344713	0.192143935774063	0.281881185132597	0.244769727880459	0.345774352282248	0.30645700278318	0.248757007138737	0.322660522629287	0.240155589435002	0.288037151473253	0.322758962197139	0.185042605651327	0.140731515429365	0.187050928827172	0.271666841237188	0	0.160565043837997	0.218373061656948	0.215855552266732	0.238793475029951	0.308793845758349	0.289714796480646	0.315444778584284	0.270480379041934	0.257360036960501	0.229525591318447	0.300767564630519	0.215750761027076	0.170693149981476	0.268561186670077	0.306945660940439	0.164840235367447	0.337208644416717	0.172822957378222	0.328629795663831	0.218471657154993	0.227644732550227	0.287255225289822	0.220943347663676	0.198760577115104	0.300104859417977	0.24918437915677	0.323562504835375	0.308125431515772	0.174708693864434	0.126969183061949	0.164987448155885	0.140739694440194	0.28727933373495	0.185476268465911	0.180304215529132	0.287994862501722	0.159154353802744
700111991	0.0543139590639203	0.214389317149564	0.285192447287017	0.263588413780846	0.181393380373898	0.258418300744575	0.11261646227369	0.292831597600703	0.127725477295889	0.240513182550304	0.169512269177257	0.306068102884652	0.272198325560862	0.193635196939919	0.317346767323649	0.153410142838936	0.246828345144143	0.242813866203276	0.0988440512278793	0.125634595116303	0.13483644797525	0.205033991359879	0.160565043837997	0	0.160615591937183	0.172220221425531	0.205634691003465	0.280973403300242	0.289777634114395	0.292127676708898	0.225347431114369	0.207221898277102	0.16669933660632	0.254109474153565	0.166480724574662	0.1392652651004	0.202170840030529	0.269089275852989	0.105698525990506	0.348405219831033	0.115108759376329	0.289656693984328	0.131903722950937	0.164464818034523	0.23574885094697	0.21509605941508	0.157289285185335	0.263364038741785	0.20293138947551	0.283554928393613	0.244147903073347	0.112669169184128	0.161303456964784	0.11926172486367	0.160023759301153	0.252942937474048	0.151704725368505	0.109255995874531	0.250430715828726	0.120010535646461
700108960	0.172440159813162	0.295586095132569	0.262288052788604	0.302306584432811	0.28591644894844	0.257392333489599	0.118743923155483	0.347319509923282	0.210488852462968	0.309752741530499	0.164541050738884	0.267519662374675	0.326916129455612	0.278585921602365	0.357636094028527	0.160794742853038	0.308404674897059	0.252766439924783	0.155713627394802	0.161017455116788	0.122506799418084	0.162685279981196	0.218373061656948	0.160615591937183	0	0.300736657673405	0.302861764448119	0.376107050503431	0.341759109687596	0.350163876514754	0.268287245491376	0.139480219781403	0.196116996988276	0.270179891197817	0.292251891804855	0.17767489289162	0.28800574525234	0.303896784854542	0.204521322001733	0.399467714075994	0.199968819782662	0.277702348249738	0.221376829763255	0.169033147237493	0.281038638042317	0.299553153332021	0.251079861075949	0.302515382104844	0.235665065887162	0.234929550695357	0.211120793497074	0.187674821048516	0.197809081895899	0.154078860936351	0.225011231028601	0.289975486824266	0.154928605344758	0.107198180925162	0.220033989220322	0.119417417554804
700024452	0.160233786530555	0.192868777000023	0.325943609710687	0.252808396713272	0.172906750392367	0.296802711640537	0.230041621635811	0.276504665735948	0.166509266483539	0.264462161374354	0.255527747369922	0.358646199298206	0.289318955836289	0.206020655621922	0.330975548307492	0.246939227889256	0.27049237919607	0.307528830980591	0.2035047970788	0.207892022027448	0.252807102987292	0.304608827566321	0.215855552266732	0.172220221425531	0.300736657673405	0	0.184052362614553	0.228790914922769	0.199889700045371	0.256027087598613	0.280188499435925	0.29611659434503	0.235908881291359	0.276294138570646	0.0664648485644616	0.192552865626899	0.262122454649727	0.302256066055071	0.13609693049596	0.286967150899932	0.189034955884952	0.30088362733012	0.191966747415316	0.24238021260164	0.253776884621565	0.201918368830354	0.178667977403044	0.285693646637835	0.244789345166882	0.333508952723834	0.315933854247624	0.147228388251546	0.199604617173874	0.211172924002785	0.195464990365827	0.269588717139309	0.231341448778163	0.231219012026342	0.293502313770446	0.238332110821424
700032931	0.207925771652874	0.155363190792916	0.212463398997578	0.364722203998393	0.144993060212739	0.179815318680337	0.264399533992535	0.153022545883605	0.184719782545643	0.127152644143859	0.169866447331354	0.255576660924658	0.156865400881225	0.092913441422732	0.211507028085624	0.204099202550182	0.13983103795762	0.193207509281464	0.194963894757456	0.234176949197805	0.248598197443698	0.233303943540423	0.238793475029951	0.205634691003465	0.302861764448119	0.184052362614553	0	0.224467902465865	0.186411078934313	0.152979026098318	0.155561600346885	0.241995182424825	0.156975146772853	0.144399153080721	0.208804319849202	0.171649902539138	0.155306492116581	0.16566092186924	0.184115554423307	0.19820667678326	0.163639448548683	0.172177849598315	0.135298275514026	0.204038457246123	0.165441911332738	0.144257757465536	0.125562608132714	0.14916950260338	0.143192785582976	0.227338584753178	0.245932417843999	0.22516770314794	0.264082649187568	0.192471812545084	0.280775956931699	0.134751716793043	0.217666823293643	0.265513164819707	0.194333577598231	0.237820280783878
700095837	0.279041962620909	0.173682527253251	0.354166806539761	0.388921589016513	0.231940712745423	0.339836915557407	0.331817790138356	0.277303491225898	0.259638876626317	0.271316334071337	0.266956161308745	0.372865055892985	0.2829917009082	0.251604855979792	0.349677730833133	0.290848911844064	0.277336755073027	0.336259909407695	0.308699942416028	0.289100254632463	0.344170508721208	0.329720039440765	0.308793845758349	0.280973403300242	0.376107050503431	0.228790914922769	0.224467902465865	0	0.194783927644473	0.222122637081758	0.305972330485681	0.343055735189739	0.265037478591107	0.2788433076031	0.229286685578826	0.254557262289847	0.305437136197926	0.336644538287863	0.250768544726329	0.29187867299258	0.259051806600245	0.290422156664275	0.252457593335238	0.279387372716681	0.238499223891254	0.272476264054973	0.23421578280812	0.293356598474181	0.298712605287153	0.372216450056445	0.346171051012978	0.273551834521342	0.305544740406944	0.30141427459918	0.341691343876747	0.27841998785099	0.325382738682536	0.328687542168011	0.329487076267807	0.328328801701643
700024548	0.285463443863827	0.172084316648071	0.281862160862039	0.358623844703505	0.210288311613266	0.262856401962791	0.305757967028958	0.181904179222017	0.277541526356096	0.178448313952444	0.246505677292835	0.302151415595865	0.196827274942399	0.178816320790554	0.224262749085723	0.274225089035544	0.172599361854901	0.307010826250821	0.283010698825122	0.279017637427123	0.247803437856936	0.308130102777346	0.289714796480646	0.289777634114395	0.341759109687596	0.199889700045371	0.186411078934313	0.194783927644473	0	0.151739945058896	0.235310640026012	0.309423160417967	0.223536874810767	0.207307431544889	0.232983844975639	0.217027244000695	0.296319977236316	0.240798976223169	0.238312700008707	0.147956347638453	0.220966798499443	0.202288904738075	0.230802048981047	0.282361996058291	0.132613142654685	0.128444170411348	0.193404881347782	0.175542286398148	0.235191752408129	0.291854916118909	0.309726584198178	0.261448019227441	0.292688853567338	0.248355696419325	0.333908976742558	0.203157818391519	0.233186607043206	0.311565279013556	0.25192308771403	0.293906223964113
700110161	0.297172636494161	0.181182073076132	0.195865978512191	0.407670797677961	0.211340259715577	0.191089397407384	0.318156223085361	0.0918284938194768	0.257175027155769	0.113530727397886	0.213796296594208	0.250786535475788	0.124245635382572	0.134030834351068	0.163842152004149	0.247364952542249	0.137335663390259	0.223935047287555	0.279771435119553	0.2859570689257	0.292145542060711	0.268023810199444	0.315444778584284	0.292127676708898	0.350163876514754	0.256027087598613	0.152979026098318	0.222122637081758	0.151739945058896	0	0.173732481351643	0.265033071033232	0.203681885700622	0.131285317916602	0.277611278133489	0.229032889887192	0.236388551553511	0.149735385112138	0.249279651207585	0.159399152109531	0.225257148028306	0.136233693790118	0.213966135755886	0.252160203152724	0.150892020392836	0.191449457839283	0.192207385584676	0.13311983819685	0.190238460842013	0.217810699096804	0.271830287081224	0.273599585411972	0.328394635247428	0.249598868124666	0.382832910274196	0.129850729748638	0.248698244012395	0.319759970094465	0.207402415394912	0.285650322031028
700023496	0.2518127209809	0.212536109269856	0.148024386984027	0.40292725380551	0.19420516113347	0.0804551540820396	0.26671521324061	0.157275153731383	0.238931956866345	0.0944579768306703	0.12184499942989	0.157659361978529	0.129920227579987	0.126554147982031	0.18672313046568	0.161530023463232	0.102947114978451	0.11214316315986	0.203064858097021	0.26903024016497	0.194828909669287	0.176829811820664	0.270480379041934	0.225347431114369	0.268287245491376	0.280188499435925	0.155561600346885	0.305972330485681	0.235310640026012	0.173732481351643	0	0.17328527321915	0.116134031623477	0.0932623493234383	0.289254925333754	0.208959813231821	0.156417177860885	0.100561933163528	0.234251499761222	0.208574385267386	0.156165682986513	0.128398513166376	0.149637551478316	0.203606358333373	0.133724603082926	0.15234203518937	0.15219003798861	0.111083174664521	0.0841133881098212	0.157684963257893	0.178421180289036	0.27954271373976	0.31790993998696	0.160658659450422	0.344950363577789	0.111046805028533	0.18268987404181	0.251679349328686	0.141229451410686	0.215086034839396
700034628	0.229406026667689	0.25254279100777	0.182228306430851	0.384789842559379	0.250038522774044	0.168754674185383	0.196383584605499	0.242238508088487	0.19237090516118	0.216711548504623	0.108487472399654	0.175902673297461	0.22306493421199	0.227356858805366	0.262782842052687	0.126182099575745	0.213316244898051	0.187541110790393	0.151425195791137	0.239659918360275	0.149028792793083	0.100568648122363	0.257360036960501	0.207221898277102	0.139480219781403	0.29611659434503	0.241995182424825	0.343055735189739	0.309423160417967	0.265033071033232	0.17328527321915	0	0.142324023803211	0.168492216717465	0.291712843906131	0.187747265548239	0.228480520517414	0.210122974768927	0.215328440951054	0.300743619949614	0.186960424857713	0.183021227409079	0.197769280309075	0.146184254146228	0.213436943259393	0.238004374177793	0.206190870000793	0.198250044351175	0.174388514533778	0.145403893557469	0.154748325922862	0.243184261965486	0.283534601479656	0.160459670728329	0.320227017797796	0.182551089852171	0.165700297785199	0.174092157072032	0.144808002091156	0.134091002111034
700023645	0.1892127987596	0.17869755075407	0.168317397861448	0.337315412943476	0.17954423567599	0.148051559472368	0.194706369246816	0.194080711987141	0.184724217267587	0.149135733008575	0.0737678229003594	0.180571656812207	0.167070359766003	0.13520648453587	0.237609731513268	0.0901488874153836	0.146549216588538	0.157678868896695	0.152209016477463	0.195873216971713	0.148105112844223	0.12053527417662	0.229525591318447	0.16669933660632	0.196116996988276	0.235908881291359	0.156975146772853	0.265037478591107	0.223536874810767	0.203681885700622	0.116134031623477	0.142324023803211	0	0.118625206619177	0.247472412649572	0.156270443412578	0.16978285680495	0.176958794528846	0.161967849292536	0.250199631630563	0.102041053518883	0.150836464358256	0.115781967431762	0.157153166490101	0.130604705477271	0.16017682738233	0.123221536176602	0.148326382826314	0.118118753273133	0.173836483291133	0.151788946849296	0.204774272481677	0.243586881577989	0.130913070996989	0.291930088770845	0.127758469265007	0.150684179631222	0.172736687480665	0.135602223476331	0.154492626777465
700038744	0.274930773155807	0.216864813427916	0.114850980434538	0.407003396646176	0.218526133223169	0.0879519524207016	0.283086865371328	0.122339688727713	0.244615073676938	0.0767607639590689	0.122862756302366	0.150725517072162	0.0940264119618849	0.116739412052752	0.182131247112089	0.15947519514525	0.10693092564613	0.128460264551495	0.236634711236893	0.270658708657365	0.233505939592122	0.17032248795678	0.300767564630519	0.254109474153565	0.270179891197817	0.276294138570646	0.144399153080721	0.2788433076031	0.207307431544889	0.131285317916602	0.0932623493234383	0.168492216717465	0.118625206619177	0	0.29465586281196	0.19837791649443	0.193963335177348	0.10712046066379	0.23781159860144	0.182705642066799	0.182826294872873	0.0681789832619028	0.179314567517672	0.200642568591925	0.136462615676265	0.171107759040096	0.184312989671316	0.0842930390263885	0.126630012854266	0.131306606206216	0.176001723882527	0.281780306913549	0.319776016654688	0.196193755741777	0.367049860119494	0.0819266291511558	0.211158313408715	0.258301919649829	0.118952077114203	0.238222744081772
700038485	0.155049681293902	0.200754861611658	0.345703720352407	0.252951226997565	0.168561639035136	0.313303176765017	0.227756402913824	0.300149176723409	0.157083198541671	0.283299588085556	0.247943648903688	0.373217557300252	0.312336969391728	0.226120482587675	0.35517298058098	0.246540651900719	0.284096756707237	0.304026405939447	0.192707097955632	0.207209093300825	0.261918947744661	0.304418127935857	0.215750761027076	0.166480724574662	0.292251891804855	0.0664648485644616	0.208804319849202	0.229286685578826	0.232983844975639	0.277611278133489	0.289254925333754	0.291712843906131	0.247472412649572	0.29465586281196	0	0.196488705416775	0.271520797466103	0.322724261551873	0.140484288582496	0.307453810187026	0.204955548123091	0.325481074235663	0.198816479906239	0.229702914566753	0.269093933473581	0.224966113891225	0.194725560234517	0.309918371483038	0.258794932407394	0.356515952632314	0.317054755495018	0.15293368814686	0.19365156464847	0.206492859407694	0.18425570190565	0.290700087633087	0.251208601301826	0.221721343803946	0.320456166074985	0.235005192957804
700024743	0.133623692357703	0.167232258348071	0.256896188876696	0.274532515790634	0.184457344214341	0.243877248157538	0.135454991522335	0.217833960592007	0.1482523702474	0.18738452201994	0.152692171572237	0.273788022969458	0.207773503582283	0.167989555085932	0.26518601745279	0.195095608474009	0.18911539482012	0.254270340120664	0.162190867094683	0.118817764795885	0.164371803458912	0.220791295053386	0.170693149981476	0.1392652651004	0.17767489289162	0.192552865626899	0.171649902539138	0.254557262289847	0.217027244000695	0.229032889887192	0.208959813231821	0.187747265548239	0.156270443412578	0.19837791649443	0.196488705416775	0	0.225863029583671	0.243588451636076	0.122640653758854	0.275684214591813	0.137662048451535	0.228588919147305	0.149202598032769	0.112990874208708	0.189513176358801	0.204953646585172	0.15773676281495	0.193459264377935	0.196419869034665	0.270649738566219	0.252990512946315	0.13875772180888	0.162813126546418	0.138547687569832	0.202749236043337	0.194164769379352	0.146014435786057	0.125779763585274	0.228597813167362	0.123389517403282
