700108602	700014971	700033565	700109389	700023058	700023927	700106341	700114221	700023543	700023439	700016978	700024192	700113058	700099448	700109870	700033928	700023693	700109627	700095416	700110425	700111580	700111302	700098605	700111991	700108960	700024452	700032931	700095837	700024548	700110161	700023496	700034628	700023645	700038744	700038485	700024743	700099596	700110760	700101587	700106399	700032322	700095653	700021312	700101230	700023590	700038905	700033136	700023382	700096424	700105469	700016908	700096053	700108479	700109569	700033814	700016125	700109756	700102665	700101777	700109455
700108602	0	0.218833795560388	0.317233570471659	0.231630563517313	0.216317580140151	0.281317820625366	0.117776413382425	0.310075984840635	0.124486757903612	0.275053563598881	0.215553318262586	0.341808140678542	0.305819847733727	0.219369120809854	0.318438547729453	0.22570215677852	0.278398901867615	0.269926418279042	0.153714263756077	0.126942081613591	0.174264564336234	0.243167447053549	0.123584198703259	0.100524353112824	0.177094609922876	0.179325396660561	0.222435625510324	0.286134958987867	0.286952299915832	0.30527013385485	0.265263079379468	0.247456718136443	0.209603692610836	0.255129141937738	0.132072431507266	0.140171533397432	0.234145466430982	0.299422455436187	0.100813760738616	0.321989541274982	0.159350133537903	0.31197299726462	0.196634909925613	0.181451721140085	0.289169734506776	0.20031240857722	0.184380362032213	0.28133364344568	0.238097231408416	0.304996994430592	0.280997915023961	0.110072841112148	0.13358475040399	0.155902051480802	0.129095532420329	0.2839404418417	0.168792909644361	0.137476730474684	0.285737526735817	0.168182309463245
700014971	0.218833795560388	0	0.28818268060591	0.351615516214538	0.142862264287959	0.237022637177099	0.25831190739292	0.181382597212367	0.209275235682778	0.210881536124887	0.194953961133831	0.327379341081185	0.184015707187663	0.152111369409908	0.256954402192923	0.236401382044291	0.160492902041542	0.245021105860235	0.23255100360799	0.239600285517769	0.250173019856454	0.253796607301943	0.200803098235789	0.22851891676236	0.304153803712305	0.202305235609615	0.132899370241951	0.183330017994647	0.173877605856052	0.187221782179911	0.152481496342233	0.266802468458865	0.153489099013959	0.177403559668867	0.189989371850861	0.185034809194161	0.217727582475112	0.244076125603228	0.189414759569005	0.222463362381667	0.164967030789216	0.211680045262009	0.189713148919236	0.244488175307622	0.169864034729176	0.178034240232967	0.126874788826808	0.223930809310193	0.203476753418831	0.281652788200172	0.278633976469795	0.217446053706005	0.243879292345812	0.205070822162815	0.300901527842674	0.179250964712438	0.237510160678569	0.235249639014157	0.25799216561978	0.256177988149161
700033565	0.317233570471659	0.28818268060591	0	0.448612482773092	0.315376348731466	0.0899392203371862	0.309915231734741	0.2049002664926	0.28063152209285	0.121255801847222	0.148409511593945	0.0818885201571589	0.170439188237461	0.198685334219837	0.182691372610342	0.152007207021576	0.194590039177984	0.113722304404516	0.237265802470472	0.337793456017129	0.253163456979592	0.120819468774954	0.31137515526697	0.283155434638813	0.267479715351828	0.350835939324638	0.228445960405783	0.357520527690646	0.333356337232911	0.207905302813825	0.162579717651051	0.172958797295862	0.195430016688878	0.144830103818211	0.337768134128411	0.249516815354204	0.230987743995271	0.160615950691793	0.30071114997356	0.245444762705645	0.252434949893078	0.127335459655835	0.215803485675691	0.24560990126004	0.230606845535432	0.219571763323681	0.246975252818948	0.148165327217934	0.150610120460797	0.0812419701738704	0.102618766723201	0.322595523919683	0.366072469893503	0.225455963076615	0.398482074082115	0.176623981209485	0.244081938713602	0.305087217510658	0.0812160361626054	0.276463500820818
700109389	0.231630563517313	0.351615516214538	0.448612482773092	0	0.332409257150677	0.430348775853334	0.215954298759372	0.419333054204151	0.295651039096961	0.416661080975553	0.363405741829965	0.46288896412078	0.418095098926018	0.371915586129022	0.435730535706344	0.349028446008717	0.406390020427886	0.422222116589296	0.329715631407682	0.177891571832404	0.306814491417994	0.39352982918898	0.233241390242055	0.280499981820083	0.282496219981221	0.271618994467984	0.382427825701654	0.394083673714238	0.368277709681174	0.410088656753311	0.393766815682317	0.394006414878289	0.341413179041332	0.389399266961927	0.238058459985671	0.291434189284702	0.386143561396685	0.437418729222956	0.25852688687691	0.413913115293352	0.278571182527069	0.423437781764571	0.341473138076588	0.337459590095459	0.38934105025515	0.34997165022625	0.334413090422589	0.412520403517826	0.393069415481712	0.432460346826173	0.405630868600505	0.21054950792054	0.155653009869048	0.321729660339071	0.19914684066928	0.403878585386651	0.275848533350608	0.236098870901354	0.412189087298793	0.287874008565092
700023058	0.216317580140151	0.142862264287959	0.315376348731466	0.332409257150677	0	0.248033133781289	0.253347799793582	0.23447667721509	0.203739413664849	0.253173035817961	0.219503228881243	0.347818505777702	0.260943375904481	0.185507001322023	0.287061026184114	0.237469122274259	0.208277007968786	0.253588053505602	0.223631929728648	0.237669286479321	0.254836149418154	0.284703726264087	0.196558301710513	0.206948618309575	0.313325606874322	0.153602513436827	0.173196666459439	0.238206760757382	0.220316332482646	0.237052031573553	0.212646709456587	0.300570923851087	0.191266941727338	0.216017156896341	0.162196264246067	0.231881429575938	0.186717909389695	0.224830129475977	0.179081949855729	0.266167604683784	0.167257313273816	0.258293982351598	0.181060237519219	0.272031787264131	0.219926866917612	0.19214537199017	0.128364548894015	0.252148715635273	0.207236171820734	0.307062224250774	0.305989549361691	0.210673574064564	0.230253687779807	0.210096092981125	0.271461621284525	0.237540257827512	0.252151936618291	0.23169624339419	0.300275396385841	0.258632634516891
700023927	0.281317820625366	0.237022637177099	0.0899392203371862	0.430348775853334	0.248033133781289	0	0.291847220782719	0.165598474547234	0.253333119129714	0.0882414390455077	0.123027099494544	0.140657725426277	0.136167097242198	0.139029530914451	0.168528496190375	0.140343255646626	0.145927622088794	0.0676979958662325	0.216594210999785	0.312007793072001	0.231620911727577	0.141987261032568	0.267632427699706	0.244933465473405	0.261085652229061	0.309799448669546	0.17413933985733	0.322853916641492	0.285684288606937	0.181520728305348	0.107511274778423	0.175489875980248	0.147110327650851	0.0893859270865848	0.303779527276311	0.211098482831082	0.182255636528604	0.111903447549299	0.27144513987294	0.209148995022527	0.211930275124315	0.0964750083182343	0.162669035968436	0.232029467797672	0.180176581276723	0.172750798741424	0.190449301472899	0.114519380348187	0.0963775568372916	0.113747663667002	0.150196018180132	0.29333924982202	0.339743496027524	0.19635847704798	0.365131024581216	0.137419481617382	0.215956594175751	0.279180229232435	0.110962912905578	0.256956855701669
700106341	0.117776413382425	0.25831190739292	0.309915231734741	0.215954298759372	0.253347799793582	0.291847220782719	0	0.311544752460535	0.112653495226428	0.274332669830456	0.202291609440344	0.319110526399216	0.293780434656742	0.245850981304871	0.309493353811724	0.203665853689683	0.290038473106914	0.294191796946754	0.144306760555696	0.0957845424103742	0.136683496380396	0.225076976798861	0.142932224832136	0.132269280471652	0.113349731677016	0.250680533846944	0.284064555736939	0.344373663418852	0.319219562497587	0.311403438348883	0.258463624610491	0.202632927579059	0.203638235897134	0.258196337206257	0.191250656080932	0.127867362902787	0.253818032660359	0.302241507779702	0.122001524483269	0.348031457425047	0.142913771227703	0.299592644295631	0.187474572304994	0.150757071231906	0.268011959649161	0.251864844533696	0.208547587807018	0.270275570599908	0.245513515871816	0.284251413899919	0.267172020966618	0.0870699005780045	0.108700953227244	0.14863412705946	0.162058705146246	0.27551937818609	0.136415843874387	0.105621093657947	0.273848306198413	0.0993932643478795
700114221	0.310075984840635	0.181382597212367	0.2049002664926	0.419333054204151	0.23447667721509	0.165598474547234	0.311544752460535	0	0.282551281250298	0.11771808718125	0.221372260730085	0.232845080428543	0.0858550929932368	0.156647653001489	0.128657530358338	0.237500647351545	0.0736250724331633	0.21337140092414	0.283813001678218	0.299703497082879	0.272661588193171	0.243225287056069	0.291649244071971	0.293773707279077	0.344614367628931	0.303391590753394	0.143622332460401	0.264516205537807	0.207428071621271	0.113915253082926	0.134772530186286	0.262797422361391	0.179251110139543	0.153150384854788	0.29552604979211	0.23050436717069	0.239912038835067	0.12489843132358	0.271919563333559	0.117244542493073	0.213318110529561	0.0968030684988345	0.234190523235749	0.27853405940026	0.127122856847463	0.167772725185629	0.179378514825485	0.115462569109893	0.184625714206444	0.192951796194738	0.261155325577709	0.288739457492657	0.324748452926479	0.25949391374687	0.403756565674806	0.0768633943466827	0.232294024169457	0.30919002238159	0.193727933588985	0.298021288375596
700023543	0.124486757903612	0.209275235682778	0.28063152209285	0.295651039096961	0.203739413664849	0.253333119129714	0.112653495226428	0.282551281250298	0	0.236023684210056	0.160493062487551	0.305471077677518	0.268710823695735	0.205635548139306	0.28379912921592	0.175002013862644	0.251268348447798	0.245945387762003	0.113517339330699	0.155741736054928	0.157625630571099	0.198098402730307	0.174570118109849	0.106499066452563	0.155646847027912	0.221139393046566	0.226040600794883	0.293955921485877	0.312476860364001	0.268553069526536	0.219766398447448	0.171392503990078	0.173600204343397	0.221526925664558	0.157259846429953	0.123964806507253	0.195470198542263	0.271611054855885	0.0848933731876202	0.321121506655339	0.132208469151509	0.270619076657396	0.159298232685871	0.107218992447327	0.250533130399538	0.217214894309594	0.163055700578774	0.243166892210972	0.218911927288936	0.26606133122384	0.241896187528334	0.113179425171638	0.164148198917345	0.131013369375507	0.185011559281435	0.247399598762272	0.177616056803055	0.124440679622037	0.253694565506764	0.115110318816174
700023439	0.275053563598881	0.210881536124887	0.121255801847222	0.416661080975553	0.253173035817961	0.0882414390455077	0.274332669830456	0.11771808718125	0.236023684210056	0	0.141285033453573	0.174420441092709	0.0848083562268946	0.130603214118225	0.127932992834984	0.175795623647818	0.106308981700346	0.12624274860319	0.212966428291081	0.295255264374564	0.213968979687974	0.178924266400879	0.256954886289398	0.241333985566001	0.277931201268962	0.309931485253573	0.168754605299103	0.306740006354862	0.267473962716216	0.146605814982687	0.0970475104309243	0.200440995791271	0.146863941634691	0.116675694657069	0.299683471676878	0.195172940418171	0.188729847090857	0.098814401007656	0.258236013265293	0.165265201469073	0.187248309007348	0.0919534036210061	0.172430437770582	0.211390361463214	0.157974713539171	0.147660597263864	0.177919761997483	0.080407123829701	0.097279359439929	0.129123513858051	0.184115252777701	0.272664254690672	0.323129556241141	0.188863437942227	0.362858223202939	0.0859033587017509	0.188045402722992	0.273215566780796	0.120986986081569	0.239418565206812
700016978	0.215553318262586	0.194953961133831	0.148409511593945	0.363405741829965	0.219503228881243	0.123027099494544	0.202291609440344	0.221372260730085	0.160493062487551	0.141285033453573	0	0.18607036460665	0.182646326616213	0.164469318308949	0.230003294149383	0.0867529407177733	0.184014459758058	0.119981225125469	0.139466316877339	0.221565860071171	0.151177793320179	0.0896716175906693	0.219592372738645	0.168322681697217	0.163291028058182	0.271026711961788	0.191669176547408	0.287463360706736	0.279249214468754	0.210774517741264	0.120402117787598	0.122360682898334	0.0948160303976828	0.106722819832738	0.242290537396786	0.155314442429343	0.170019897237503	0.202679671846143	0.182566249319969	0.261880500744586	0.144667801799167	0.152240513542559	0.117021218741203	0.144002124952332	0.174661980058398	0.181066915083097	0.162235744825609	0.157956178670323	0.121242931482858	0.148276087751016	0.122435301791714	0.205018787748417	0.25216836641398	0.13101015905126	0.292772773783669	0.176467231957379	0.159875061297829	0.193816568671794	0.126278431892897	0.179040759736331
700024192	0.341808140678542	0.327379341081185	0.0818885201571589	0.46288896412078	0.347818505777702	0.140657725426277	0.319110526399216	0.232845080428543	0.305471077677518	0.174420441092709	0.18607036460665	0	0.210477336224673	0.26093415617067	0.206705624443363	0.173805598035682	0.230612507253484	0.169321714989083	0.259467028424137	0.357528220815303	0.24481517418479	0.124401220895675	0.340782571609052	0.310677776996989	0.26804061216123	0.384630486811842	0.284063206289574	0.390639220606863	0.349017688196077	0.274624743986274	0.202812058912171	0.170988442024437	0.220552995746505	0.191866576293657	0.375155250363047	0.278424121142126	0.27954245540972	0.214646328464573	0.329995345043451	0.272313569834168	0.278773959606285	0.158569732856726	0.258441255940235	0.256146747760975	0.23292537767135	0.251706868435826	0.284759468938578	0.172187477876383	0.195072695843615	0.0803594332854775	0.0958274312936794	0.341649847005003	0.381722463108588	0.249939314583051	0.431810015457113	0.209554707127954	0.241718279919374	0.327896455814953	0.122090798674391	0.284630938177531
700113058	0.305819847733727	0.184015707187663	0.170439188237461	0.418095098926018	0.260943375904481	0.136167097242198	0.293780434656742	0.0858550929932368	0.268710823695735	0.0848083562268946	0.182646326616213	0.210477336224673	0	0.148703355476358	0.136358370470178	0.201359179445444	0.116724771737715	0.174742985192209	0.254013618504404	0.300224359395114	0.257352039560443	0.210608933114586	0.299877659853561	0.279025103432827	0.311729646635756	0.313626338327965	0.1549777725904	0.263902071192768	0.232028041436562	0.117731229293519	0.0992468203795463	0.231319603669148	0.148738771857309	0.119831012594215	0.304442600947531	0.220092229896367	0.23031389381321	0.136976962093063	0.26839501697367	0.155667944709223	0.200408265752281	0.0757288724941518	0.20781112606597	0.245732126697078	0.120845823912982	0.189650862085321	0.202991111047818	0.106133419597313	0.158646873110814	0.174803891262544	0.225832328357727	0.278493326862346	0.326323684129411	0.241341614278959	0.40328264608301	0.0587777759185412	0.225210390861327	0.272883220498755	0.155099269280411	0.267909601304774
700099448	0.219369120809854	0.152111369409908	0.198685334219837	0.371915586129022	0.185507001322023	0.139029530914451	0.245850981304871	0.156647653001489	0.205635548139306	0.130603214118225	0.164469318308949	0.26093415617067	0.148703355476358	0	0.1840491430695	0.187592158264678	0.117703472728602	0.156274037486309	0.183362248843701	0.242931741621528	0.221750663639144	0.216353381380319	0.207525223568448	0.183130753247853	0.278478550592832	0.224964576853926	0.101762160745431	0.26026409730973	0.220077306834234	0.150919112225483	0.109176387884698	0.240353650315726	0.129847443100407	0.110779353927542	0.22733318517032	0.170803727901795	0.14329454437163	0.132202821628342	0.198394982890238	0.197601228912966	0.157646152424539	0.15858057545505	0.136928491703706	0.231841110867577	0.16369458273747	0.125702666482158	0.111406885160243	0.149070403251541	0.0971654840040741	0.207477209695931	0.224118912628746	0.222451204630758	0.271618238490165	0.165519025863186	0.292712718835847	0.134046070542705	0.189659041259617	0.239341271799447	0.179275772402483	0.236211483285204
700109870	0.318438547729453	0.256954402192923	0.182691372610342	0.435730535706344	0.287061026184114	0.168528496190375	0.309493353811724	0.128657530358338	0.28379912921592	0.127932992834984	0.230003294149383	0.206705624443363	0.136358370470178	0.1840491430695	0	0.242416603625626	0.146232747348809	0.220870829024406	0.283077930972053	0.324315853651076	0.267159598291134	0.243885190818587	0.299543679344308	0.29928694179605	0.338718781811812	0.347818236400519	0.215018575867876	0.33239339960784	0.26738964393327	0.165885881158876	0.17014618080936	0.265968926288603	0.208945878431979	0.185759034555034	0.343116281500135	0.242789615137533	0.256464464925488	0.104605234717693	0.298500889365238	0.165444781064892	0.242982301841733	0.123566088031505	0.256734829535556	0.280120132893509	0.185254439676492	0.197505465636666	0.238439373339082	0.126578796058499	0.188562885873179	0.172014729017475	0.252493503837883	0.31104149842899	0.351773954942962	0.260575744472122	0.40600751582813	0.117509464981967	0.228384772621059	0.330138504865027	0.182055698139715	0.29476928240981
700033928	0.22570215677852	0.236401382044291	0.152007207021576	0.349028446008717	0.237469122274259	0.140343255646626	0.203665853689683	0.237500647351545	0.175002013862644	0.175795623647818	0.0867529407177733	0.173805598035682	0.201359179445444	0.187592158264678	0.242416603625626	0	0.213267795782465	0.132017672365135	0.165902605670573	0.229911107904666	0.174048080482594	0.0982732903625545	0.238615869280183	0.175929717552658	0.188477053355646	0.274642419861436	0.215703902371649	0.299096584138943	0.299336423858629	0.23381314202031	0.152568558779967	0.145233517412346	0.109677178330729	0.136896236127788	0.253741696593882	0.195443349650287	0.19139696251273	0.22786855105342	0.187878212388126	0.279353189513803	0.136226939447968	0.167699863993153	0.152597428634542	0.185022264485576	0.183859648508809	0.198836240970369	0.169209153363225	0.183798263580111	0.166330318261121	0.140697855674658	0.113979880586308	0.202613065721599	0.253746937754137	0.172132162070512	0.30321740943624	0.191348823238183	0.188752381496904	0.184436203780546	0.130523111305676	0.191919380270054
700023693	0.278398901867615	0.160492902041542	0.194590039177984	0.406390020427886	0.208277007968786	0.145927622088794	0.290038473106914	0.0736250724331633	0.251268348447798	0.106308981700346	0.184014459758058	0.230612507253484	0.116724771737715	0.117703472728602	0.146232747348809	0.213267795782465	0	0.181224750430033	0.247796094330088	0.278995185549522	0.237726885677272	0.234134537723443	0.257858235546217	0.262024786835011	0.323446270559778	0.280082575312302	0.117602118028422	0.257982560448382	0.19335446419952	0.130236242319286	0.0998172492511529	0.254222678700983	0.150467898113125	0.12376128409646	0.267535365116484	0.201529273826482	0.202677077092172	0.135109184203066	0.242662231158704	0.137916246673535	0.187241463224247	0.113863411158055	0.1942045538058	0.257682476183617	0.123436117888935	0.126691723007225	0.14710718595939	0.113325548138522	0.146214934213514	0.194597738056847	0.246672527149018	0.267780830571759	0.306296753897332	0.223867109825158	0.369850166785668	0.0969428569860652	0.20419998167786	0.285777346914549	0.199996223419082	0.276380981125397
700109627	0.269926418279042	0.245021105860235	0.113722304404516	0.422222116589296	0.253588053505602	0.0676979958662325	0.294191796946754	0.21337140092414	0.245945387762003	0.12624274860319	0.119981225125469	0.169321714989083	0.174742985192209	0.156274037486309	0.220870829024406	0.132017672365135	0.181224750430033	0	0.217709411765926	0.302132324864481	0.246529830896979	0.146076836543385	0.283149668843971	0.224678885703749	0.252050804218494	0.309510241395622	0.183851766952638	0.317841572172056	0.320949135559513	0.200203918200858	0.119822998102917	0.182789773444065	0.15817387165649	0.10500755194432	0.293261621456375	0.21811861778589	0.167760935671876	0.156948747379335	0.262861054952745	0.254950716244306	0.220663909466142	0.143327787779688	0.158548947071235	0.226086408110548	0.207557884798177	0.206183784417726	0.199157501887742	0.164730429424046	0.112560852254044	0.152276613536069	0.144227440162134	0.29106165603281	0.335076200654703	0.205948277639555	0.349691933991152	0.18001734508573	0.233085194975202	0.268769366429759	0.13157835935724	0.267427601398615
700095416	0.153714263756077	0.23255100360799	0.237265802470472	0.329715631407682	0.223631929728648	0.216594210999785	0.144306760555696	0.283813001678218	0.113517339330699	0.212966428291081	0.139466316877339	0.259467028424137	0.254013618504404	0.183362248843701	0.283077930972053	0.165902605670573	0.247796094330088	0.217709411765926	0	0.196830198386467	0.115577985869372	0.162117449309284	0.17703412048975	0.103193542295939	0.142618581899673	0.22572853955446	0.215171639814268	0.323342324398977	0.30452709017451	0.27008222564764	0.202623009955431	0.153018950974183	0.148436013657499	0.196984980118055	0.192939460764109	0.15096664247016	0.189743411938138	0.244673077291514	0.132526445251316	0.321488201157135	0.132091765231847	0.255070844494724	0.107102574663621	0.133071234562749	0.233813636910915	0.196884004910928	0.149644252011907	0.229200512627818	0.1680514919256	0.223470952994108	0.199468004632394	0.165752215981079	0.211070850674304	0.073653267903251	0.216663507085663	0.238229147516825	0.154133275151254	0.151243833816077	0.217475607091353	0.126908817709784
700110425	0.126942081613591	0.239600285517769	0.337793456017129	0.177891571832404	0.237669286479321	0.312007793072001	0.0957845424103742	0.299703497082879	0.155741736054928	0.295255264374564	0.221565860071171	0.357528220815303	0.300224359395114	0.242931741621528	0.324315853651076	0.229911107904666	0.278995185549522	0.302132324864481	0.196830198386467	0	0.184182589639568	0.260568249447767	0.12896831113631	0.145874475122546	0.150205382647127	0.243710409676412	0.260090635782823	0.31085406795738	0.301810073651168	0.302510905180451	0.266597535736096	0.264488345659668	0.212275515878351	0.266678352651877	0.174766464607927	0.148551623690903	0.259810819821744	0.324303672123706	0.126299042310336	0.335818260361127	0.157717305184773	0.305210944423261	0.203539379065831	0.197207010536942	0.273317367406057	0.24495058134864	0.19697045702771	0.287030214488404	0.269828348242814	0.322633870981157	0.29585313501534	0.0992480806744032	0.057920742768743	0.186310690851246	0.150301005545453	0.281191736608756	0.151324076274716	0.13403476134408	0.295523389446573	0.155079161311029
700111580	0.174264564336234	0.250173019856454	0.253163456979592	0.306814491417994	0.254836149418154	0.231620911727577	0.136683496380396	0.272661588193171	0.157625630571099	0.213968979687974	0.151177793320179	0.24481517418479	0.257352039560443	0.221750663639144	0.267159598291134	0.174048080482594	0.237726885677272	0.246529830896979	0.115577985869372	0.184182589639568	0	0.163435078702656	0.176159910951058	0.135045700677013	0.115770373676484	0.278009228739677	0.274758692731508	0.356944432332696	0.26988218248084	0.292651683513979	0.201800708827012	0.159270260755757	0.154816951951923	0.215627494733663	0.239160468376122	0.152831484877629	0.24704687277608	0.259426880046244	0.166672965890134	0.296377571293677	0.144976313429808	0.232732459788891	0.161406474079767	0.138592822045752	0.199016322614393	0.186405988446868	0.192662306650143	0.194277189934263	0.174767105478384	0.199498877644694	0.204690488579701	0.149995633153253	0.207366762741535	0.102102665438933	0.241831906066901	0.238213363772543	0.0932450180264165	0.132913546461408	0.206020818885334	0.113922695625546
700111302	0.243167447053549	0.253796607301943	0.120819468774954	0.39352982918898	0.284703726264087	0.141987261032568	0.225076976798861	0.243225287056069	0.198098402730307	0.178924266400879	0.0896716175906693	0.124401220895675	0.210608933114586	0.216353381380319	0.243885190818587	0.0982732903625545	0.234134537723443	0.146076836543385	0.162117449309284	0.260568249447767	0.163435078702656	0	0.272452956984381	0.207557289481045	0.163419805564803	0.309180528750534	0.247636639934632	0.33621109977598	0.325562499996862	0.256517876897257	0.176356437647284	0.0794905674718359	0.15422822169176	0.159620471834162	0.281628478454252	0.193843628752452	0.230407059435084	0.228436437419841	0.228728268325728	0.283010249008209	0.210695854949493	0.17515588249468	0.178589692936652	0.15571047357221	0.20974848721226	0.226943201873755	0.215903356839661	0.175156940424469	0.166686575175336	0.083884608210468	0.0892802095082238	0.242839412939129	0.288731411801007	0.157159364505804	0.334717789528701	0.198989301189141	0.189979709688927	0.224996030865823	0.0978067758416888	0.193216352741568
700098605	0.123584198703259	0.200803098235789	0.31137515526697	0.233241390242055	0.196558301710513	0.267632427699706	0.142932224832136	0.291649244071971	0.174570118109849	0.256954886289398	0.219592372738645	0.340782571609052	0.299877659853561	0.207525223568448	0.299543679344308	0.238615869280183	0.257858235546217	0.283149668843971	0.17703412048975	0.12896831113631	0.176159910951058	0.272452956984381	0	0.150478825928978	0.200753545068276	0.216231121016789	0.22868593092814	0.304919591333753	0.276974588977656	0.298403919802829	0.24964238599144	0.264015326155493	0.2103939165278	0.253040598530356	0.178348897128583	0.164099167131846	0.232697743815292	0.271638779103099	0.14835514663293	0.297666892944429	0.160822510703476	0.294350957349393	0.197977713199163	0.211538511643924	0.276562355434684	0.191319121274613	0.174063487138621	0.267185866883842	0.219999910164919	0.296578097100888	0.291343334729781	0.155180352161914	0.142220207606299	0.160700727514599	0.153700056171264	0.271114299630695	0.164797992863798	0.192453870434284	0.283413527396094	0.156442015579475
700111991	0.100524353112824	0.22851891676236	0.283155434638813	0.280499981820083	0.206948618309575	0.244933465473405	0.132269280471652	0.293773707279077	0.106499066452563	0.241333985566001	0.168322681697217	0.310677776996989	0.279025103432827	0.183130753247853	0.29928694179605	0.175929717552658	0.262024786835011	0.224678885703749	0.103193542295939	0.145874475122546	0.135045700677013	0.207557289481045	0.150478825928978	0	0.160657865649734	0.188858484421114	0.208636476629399	0.30140110933981	0.300112589800411	0.279336609122215	0.228244383530177	0.216467855776082	0.169254292163568	0.22109997668252	0.166303086036054	0.135654566297535	0.181943921209785	0.258371383015842	0.0988850295265921	0.334002740586178	0.117466576169696	0.279001006569971	0.132287567662004	0.159053833437714	0.248553363158029	0.204794266396868	0.146345979242714	0.251235158782114	0.199283791788838	0.27124747522579	0.240757936420014	0.121824211768887	0.170558876702435	0.109625034174143	0.158278643234649	0.260110266401763	0.156495236936861	0.120327275036998	0.255665362614942	0.148494687731069
700108960	0.177094609922876	0.304153803712305	0.267479715351828	0.282496219981221	0.313325606874322	0.261085652229061	0.113349731677016	0.344614367628931	0.155646847027912	0.277931201268962	0.163291028058182	0.26804061216123	0.311729646635756	0.278478550592832	0.338718781811812	0.188477053355646	0.323446270559778	0.252050804218494	0.142618581899673	0.150205382647127	0.115770373676484	0.163419805564803	0.200753545068276	0.160657865649734	0	0.316023485798837	0.318082313656745	0.379493095398863	0.351590012202945	0.335308963879511	0.263404112555925	0.144955504299913	0.207601228263617	0.250609712086945	0.245268017620048	0.154444846625922	0.281648563643881	0.324153546810984	0.181869867901725	0.378887344011198	0.198950945955417	0.279990536260161	0.195881737788102	0.131176218446804	0.285838632968108	0.283834557145935	0.252681017590822	0.277582022206627	0.23995774438386	0.229640458714559	0.211936212888678	0.159159218190434	0.172071582250673	0.146006502075121	0.19781991147681	0.305058410540409	0.159335670614699	0.141695840458286	0.226940101794684	0.100500915142108
700024452	0.179325396660561	0.202305235609615	0.350835939324638	0.271618994467984	0.153602513436827	0.309799448669546	0.250680533846944	0.303391590753394	0.221139393046566	0.309931485253573	0.271026711961788	0.384630486811842	0.313626338327965	0.224964576853926	0.347818236400519	0.274642419861436	0.280082575312302	0.309510241395622	0.22572853955446	0.243710409676412	0.278009228739677	0.309180528750534	0.216231121016789	0.188858484421114	0.316023485798837	0	0.209659709347927	0.249100663954301	0.228783982668788	0.272424811300497	0.275145253062334	0.321953990435098	0.230672433597845	0.270784435108853	0.0986274977082421	0.236283277131424	0.255709180385023	0.306002987394259	0.170726437151514	0.321660581924966	0.183574667160957	0.325017612883672	0.223782486417709	0.287239504513281	0.285009267820845	0.219411566258999	0.171071440385323	0.32078223202988	0.262830352612321	0.348230168394778	0.330329223620907	0.199648879245722	0.218379929610892	0.220758034090644	0.21569910807286	0.300355500977203	0.268882103431611	0.215918674416327	0.323901221007838	0.27753820204992
700032931	0.222435625510324	0.132899370241951	0.228445960405783	0.382427825701654	0.173196666459439	0.17413933985733	0.284064555736939	0.143622332460401	0.226040600794883	0.168754605299103	0.191669176547408	0.284063206289574	0.1549777725904	0.101762160745431	0.215018575867876	0.215703902371649	0.117602118028422	0.183851766952638	0.215171639814268	0.260090635782823	0.274758692731508	0.247636639934632	0.22868593092814	0.208636476629399	0.318082313656745	0.209659709347927	0	0.210158604492423	0.212583704252784	0.144348577839903	0.12761221253588	0.277585947403214	0.156763958268944	0.128770869966607	0.211013157904962	0.20260813817407	0.162219737488725	0.172973741188202	0.207755065548238	0.197751347137401	0.177898976441357	0.175710185317778	0.172578628523282	0.256710842634357	0.170830167333145	0.150336339193961	0.123200211301342	0.184913614874286	0.152164501300222	0.242052844580102	0.260399985294514	0.246928317417592	0.275566762181312	0.209578492277884	0.305288142202637	0.13554863999707	0.241887400851943	0.261831179772235	0.224295813268165	0.28301145865513
700095837	0.286134958987867	0.183330017994647	0.357520527690646	0.394083673714238	0.238206760757382	0.322853916641492	0.344373663418852	0.264516205537807	0.293955921485877	0.306740006354862	0.287463360706736	0.390639220606863	0.263902071192768	0.26026409730973	0.33239339960784	0.299096584138943	0.257982560448382	0.317841572172056	0.323342324398977	0.31085406795738	0.356944432332696	0.33621109977598	0.304919591333753	0.30140110933981	0.379493095398863	0.249100663954301	0.210158604492423	0	0.160625432174332	0.204122866571398	0.255871030939448	0.366683733258732	0.249429268383619	0.256858107372834	0.246212537480184	0.282219475907482	0.284724838737811	0.325865713662465	0.269577479271652	0.301989973867912	0.257034627557766	0.291276130274203	0.288449814933594	0.330920586552334	0.239223949955242	0.279055974078686	0.236616358259485	0.308256507472233	0.303914880329939	0.358558830975677	0.344865812178714	0.303698893773607	0.3172524599148	0.318954938524685	0.37070391800495	0.264642332617916	0.336886234703734	0.31402782861889	0.333650502661195	0.356395138837539
700024548	0.286952299915832	0.173877605856052	0.333356337232911	0.368277709681174	0.220316332482646	0.285684288606937	0.319219562497587	0.207428071621271	0.312476860364001	0.267473962716216	0.279249214468754	0.349017688196077	0.232028041436562	0.220077306834234	0.26738964393327	0.299336423858629	0.19335446419952	0.320949135559513	0.30452709017451	0.301810073651168	0.26988218248084	0.325562499996862	0.276974588977656	0.300112589800411	0.351590012202945	0.228783982668788	0.212583704252784	0.160625432174332	0	0.188589639383788	0.227588914949897	0.350668611447196	0.220598831594021	0.240128196472149	0.240221754878568	0.244344019532	0.310547840386491	0.27391114995236	0.271210344846754	0.206723378191033	0.22735360364908	0.236189846964417	0.261450116201373	0.330533273576558	0.155762644339349	0.171408471722989	0.217109712786153	0.236740402602644	0.256996722127855	0.3205720259835	0.336480871564513	0.285823047883589	0.300612072569267	0.274282581704217	0.356079993399767	0.22960756384668	0.248946214026087	0.303954958093735	0.305264340913667	0.319406448205356
700110161	0.30527013385485	0.187221782179911	0.207905302813825	0.410088656753311	0.237052031573553	0.181520728305348	0.311403438348883	0.113915253082926	0.268553069526536	0.146605814982687	0.210774517741264	0.274624743986274	0.117731229293519	0.150919112225483	0.165885881158876	0.23381314202031	0.130236242319286	0.200203918200858	0.27008222564764	0.302510905180451	0.292651683513979	0.256517876897257	0.298403919802829	0.279336609122215	0.335308963879511	0.272424811300497	0.144348577839903	0.204122866571398	0.188589639383788	0	0.141944837436177	0.279375246896267	0.180209454662448	0.142460926971443	0.268223545996845	0.228681803306297	0.220841222265165	0.149078115561455	0.262942859878943	0.193742330440833	0.219886306783096	0.146213047466663	0.215959975291258	0.275262292723813	0.1509415877521	0.201939393058685	0.191313286758396	0.169470032012966	0.180008175083245	0.233033108377489	0.268002059445714	0.276971923285392	0.32731022845704	0.246271732217025	0.391887762734625	0.12076101450421	0.250790466084558	0.281805736596157	0.20556568273703	0.30115664498731
700023496	0.265263079379468	0.152481496342233	0.162579717651051	0.393766815682317	0.212646709456587	0.107511274778423	0.258463624610491	0.134772530186286	0.219766398447448	0.0970475104309243	0.120402117787598	0.202812058912171	0.0992468203795463	0.109176387884698	0.17014618080936	0.152568558779967	0.0998172492511529	0.119822998102917	0.202623009955431	0.266597535736096	0.201800708827012	0.176356437647284	0.24964238599144	0.228244383530177	0.263404112555925	0.275145253062334	0.12761221253588	0.255871030939448	0.227588914949897	0.141944837436177	0	0.200493419891965	0.0937405742244816	0.0587423212036489	0.261831755519059	0.179021200388307	0.177409303492092	0.141420038410939	0.223358616078852	0.186893432142076	0.153628157691825	0.0973179039435047	0.1443782205797	0.20966039745188	0.108675113612658	0.154815827058885	0.143988794891671	0.11429946910152	0.0963462392034174	0.167453977085416	0.187756020823427	0.245922175393792	0.294174493769925	0.180294261305308	0.356072341512565	0.094012602914236	0.182261900633858	0.229759344305449	0.16539742688393	0.229767145171888
700034628	0.247456718136443	0.266802468458865	0.172958797295862	0.394006414878289	0.300570923851087	0.175489875980248	0.202632927579059	0.262797422361391	0.171392503990078	0.200440995791271	0.122360682898334	0.170988442024437	0.231319603669148	0.240353650315726	0.265968926288603	0.145233517412346	0.254222678700983	0.182789773444065	0.153018950974183	0.264488345659668	0.159270260755757	0.0794905674718359	0.264015326155493	0.216467855776082	0.144955504299913	0.321953990435098	0.277585947403214	0.366683733258732	0.350668611447196	0.279375246896267	0.200493419891965	0	0.176869373586847	0.186366541043333	0.280964463343335	0.176884235371153	0.25110247057828	0.249910022271028	0.222055237722509	0.301096937599388	0.216910374506002	0.199096949144453	0.190170767454734	0.11634889228825	0.232271935608507	0.251983935606082	0.233300387088358	0.197872142218923	0.194703884508458	0.132535941504928	0.14671817213785	0.237442567717602	0.284171063716459	0.158232409749389	0.315145097703269	0.220182560230315	0.191478104494003	0.216310642980919	0.1500621565633	0.143556974975836
700023645	0.209603692610836	0.153489099013959	0.195430016688878	0.341413179041332	0.191266941727338	0.147110327650851	0.203638235897134	0.179251110139543	0.173600204343397	0.146863941634691	0.0948160303976828	0.220552995746505	0.148738771857309	0.129847443100407	0.208945878431979	0.109677178330729	0.150467898113125	0.15817387165649	0.148436013657499	0.212275515878351	0.154816951951923	0.15422822169176	0.2103939165278	0.169254292163568	0.207601228263617	0.230672433597845	0.156763958268944	0.249429268383619	0.220598831594021	0.180209454662448	0.0937405742244816	0.176869373586847	0	0.0890429527356182	0.221408207594518	0.140226182837892	0.177009719333178	0.187500344610484	0.165528596881999	0.235393660364648	0.108759686907402	0.138162998320146	0.103767566632745	0.180205836645768	0.131891714989325	0.154869201906371	0.113881981417132	0.145149933501236	0.136596891082185	0.185141863280184	0.166564791688631	0.191067692712806	0.240652897737242	0.137431823367093	0.298870254092553	0.135496899288527	0.151006170129335	0.167303718537865	0.163676339997972	0.185640195003411
700038744	0.255129141937738	0.177403559668867	0.144830103818211	0.389399266961927	0.216017156896341	0.0893859270865848	0.258196337206257	0.153150384854788	0.221526925664558	0.116675694657069	0.106722819832738	0.191866576293657	0.119831012594215	0.110779353927542	0.185759034555034	0.136896236127788	0.12376128409646	0.10500755194432	0.196984980118055	0.266678352651877	0.215627494733663	0.159620471834162	0.253040598530356	0.22109997668252	0.250609712086945	0.270784435108853	0.128770869966607	0.256858107372834	0.240128196472149	0.142460926971443	0.0587423212036489	0.186366541043333	0.0890429527356182	0	0.258183238513291	0.172939843950892	0.165717857566136	0.141166576859423	0.221535484254211	0.199847154470975	0.166062980809324	0.0993675248935697	0.127233778797075	0.213680981828129	0.131405169230246	0.157617735206582	0.153668330234919	0.12580733910435	0.10142524370347	0.165957767772503	0.17335416688492	0.249482724349292	0.295036358523045	0.177565316595623	0.346648054050402	0.116142330680586	0.198294061421805	0.232721115680246	0.145861559813626	0.239858180611691
700038485	0.132072431507266	0.189989371850861	0.337768134128411	0.238058459985671	0.162196264246067	0.303779527276311	0.191250656080932	0.29552604979211	0.157259846429953	0.299683471676878	0.242290537396786	0.375155250363047	0.304442600947531	0.22733318517032	0.343116281500135	0.253741696593882	0.267535365116484	0.293261621456375	0.192939460764109	0.174766464607927	0.239160468376122	0.281628478454252	0.178348897128583	0.166303086036054	0.245268017620048	0.0986274977082421	0.211013157904962	0.246212537480184	0.240221754878568	0.268223545996845	0.261831755519059	0.280964463343335	0.221408207594518	0.258183238513291	0	0.173153531376581	0.251960973508522	0.315786155553718	0.115094053170086	0.316174063397466	0.171172260306211	0.316510173406291	0.210155735612076	0.21895421209163	0.273062004186531	0.209917098359043	0.166844765778813	0.308720666312357	0.260020181271924	0.339181100774921	0.309605701889865	0.14580594083464	0.14971984387686	0.188287288500128	0.17782912954824	0.288148010706234	0.231337894741741	0.156183935504129	0.31528051395249	0.216751526741091
700024743	0.140171533397432	0.185034809194161	0.249516815354204	0.291434189284702	0.231881429575938	0.211098482831082	0.127867362902787	0.23050436717069	0.123964806507253	0.195172940418171	0.155314442429343	0.278424121142126	0.220092229896367	0.170803727901795	0.242789615137533	0.195443349650287	0.201529273826482	0.21811861778589	0.15096664247016	0.148551623690903	0.152831484877629	0.193843628752452	0.164099167131846	0.135654566297535	0.154444846625922	0.236283277131424	0.20260813817407	0.282219475907482	0.244344019532	0.228681803306297	0.179021200388307	0.176884235371153	0.140226182837892	0.172939843950892	0.173153531376581	0	0.21081897326346	0.225467734232549	0.129319258448427	0.270689798309715	0.136041915810277	0.216036493942011	0.152332539588558	0.111966750513466	0.20304073872033	0.193151762943381	0.166292628213048	0.194023421152473	0.184571975645214	0.243877088555377	0.231392615347826	0.138008064387297	0.175416551688067	0.129942947349486	0.214047078835491	0.205793936144851	0.141601978983614	0.142000872150613	0.219086572817679	0.117945141087263
