700108602	700014971	700033565	700109389	700023058	700023927	700106341	700114221	700023543	700023439	700016978	700024192	700113058	700099448	700109870	700033928	700023693	700109627	700095416	700110425	700111580	700111302	700098605	700111991	700108960	700024452	700032931	700095837	700024548	700110161	700023496	700034628	700023645	700038744	700038485	700024743	700099596	700110760	700101587	700106399	700032322	700095653	700021312	700101230	700023590	700038905	700033136	700023382	700096424	700105469	700016908	700096053	700108479	700109569	700033814	700016125	700109756	700102665	700101777	700109455
700108602	0	0.157833089619601	0.168628560552856	0.103024664098231	0.112840026244587	0.174017866995412	0.0843840320028238	0.188936659317617	0.0920870275475713	0.157607949568872	0.125665995464753	0.165302457082711	0.169172611562282	0.159693268687169	0.16358523817171	0.114033990480169	0.177871377753792	0.170833820733453	0.0937929239059921	0.100733881310556	0.0955369483202328	0.122711235265108	0.111833136951274	0.0747421756890826	0.0986369695494268	0.116316196830926	0.155412918644342	0.147419669150381	0.158047526264056	0.164759600279283	0.171438167533301	0.118687309911264	0.125052821745751	0.15847683354999	0.123059450226526	0.116804626307138	0.126433398913596	0.17980829589505	0.0990187533104746	0.185050085520098	0.103520401904632	0.159801417588325	0.14456939563279	0.116750392874023	0.152906703665301	0.13373273160738	0.140262702584382	0.166384584297949	0.141224009609799	0.138680153016418	0.118214474835774	0.0916616152405323	0.0976819831346101	0.107159123023226	0.100391757050164	0.158695130204304	0.114079083643975	0.0756675637533299	0.140134524616625	0.103821592246538
700014971	0.157833089619601	0	0.145205447661607	0.160973625896462	0.120396801536693	0.138632643249397	0.164327610111467	0.151019011158003	0.152988689839835	0.130222339508478	0.1342599010311	0.160012405536248	0.134385762455185	0.120323856927559	0.143695406344213	0.148657681536642	0.135767774103105	0.158838007509091	0.154475685272121	0.148131194427189	0.137230897627784	0.127369980213627	0.126983459411855	0.149108703060906	0.153246267638824	0.149592558281747	0.122538374016514	0.142594054480901	0.124166730892458	0.134626411837294	0.134541817545845	0.143332824906579	0.119094909872627	0.126217761122365	0.143558287064133	0.129624748478993	0.14457386104716	0.159707576178295	0.157513352290243	0.152147208876138	0.141110688437405	0.137899452410842	0.133376901578359	0.140725770750666	0.125171927547516	0.130077151902465	0.112390447604725	0.143993924948323	0.124597565638804	0.144840065201751	0.139195572361418	0.156414691117706	0.147897666573387	0.129161150409245	0.172186129382491	0.116698870891879	0.142732697518771	0.150938931947929	0.133567267694622	0.15199986873067
700033565	0.168628560552856	0.145205447661607	0	0.15023363853344	0.139591973906625	0.0666492644979945	0.155817612481512	0.105787671398305	0.155124854004072	0.091783398190801	0.10686555847836	0.0630667089132685	0.10012778699588	0.123898551458877	0.0846892595403016	0.112680226360121	0.105211991148182	0.0891796497637529	0.146528304344189	0.139341492008679	0.143082418755292	0.0864183084366792	0.139268319412978	0.147575155121785	0.135495980527546	0.162230437289132	0.134382995460619	0.140849656080612	0.124496324080097	0.0986597524106451	0.0979143903924602	0.109785145955562	0.116828839384663	0.0945628801532921	0.159049255756932	0.111912867645046	0.134375180414692	0.0892085299022909	0.169183971889581	0.118055998615337	0.139643201069136	0.0780272217236471	0.129238673632142	0.12249495380423	0.0984064492230011	0.120372883543017	0.13836923024099	0.0852739121765377	0.116010338900526	0.0775042109093841	0.0803824646037168	0.164689204235357	0.145478925916887	0.12736116595129	0.18674553744085	0.10983769983943	0.127818141061862	0.15857570851656	0.089646926721277	0.13648719979612
700109389	0.103024664098231	0.160973625896462	0.15023363853344	0	0.131013724938861	0.164865412155576	0.0902730045471852	0.187001782944012	0.135333709689454	0.163377855938322	0.144499734202592	0.146808065127463	0.170600856825667	0.163193051007852	0.14722313290999	0.135743754362108	0.174691698114358	0.186004685783961	0.130348336997265	0.0897432409384853	0.106109623866997	0.136103518827921	0.110879681763472	0.11086759515102	0.100772192101722	0.120896897013783	0.177513962916375	0.154086921816389	0.137359081040712	0.155995582946869	0.176442123123628	0.137075837540474	0.133387093111558	0.163806941702642	0.117472298786011	0.116883818096328	0.166032764252407	0.171422291146113	0.12985039177383	0.174375531774097	0.137667943156072	0.152036457119248	0.148800886192255	0.123115447788381	0.144085165245139	0.133372481077485	0.151988375261038	0.160076498533716	0.151845118432367	0.134718011436949	0.113440356250509	0.0976274244435879	0.073438939513141	0.135181713721938	0.119036985630476	0.16447678763079	0.108110776982136	0.0906612629094189	0.122330463833578	0.102351082909331
700023058	0.112840026244587	0.120396801536693	0.139591973906625	0.131013724938861	0	0.137179314434622	0.111341349241029	0.163104485634319	0.109118486026945	0.131091949447345	0.114947827438675	0.144817335303409	0.145680874421498	0.124171346501883	0.137042891144282	0.115205296457525	0.146486961492507	0.148569244209841	0.10810803391489	0.109339915536985	0.115193346798054	0.124122695502382	0.100804749795796	0.110052007222441	0.120193393886005	0.101183798679872	0.13941630111967	0.138072913608033	0.126044955788821	0.131253616996909	0.142403258141453	0.126109840364209	0.114669737740538	0.12855397139306	0.109058141440641	0.111578595172617	0.118802333048374	0.146720798198248	0.0932940926619873	0.146764581030669	0.115299302103126	0.134288751814673	0.121221982375952	0.115960920806457	0.125911172562045	0.120274980585687	0.105920027399667	0.138517595343101	0.113526793810226	0.132996932516686	0.120140891498941	0.112551822385506	0.10193425235092	0.111709419869062	0.129579707496189	0.139674211827877	0.122851347779017	0.107331125279792	0.132073433331706	0.113712765250225
700023927	0.174017866995412	0.138632643249397	0.0666492644979945	0.164865412155576	0.137179314434622	0	0.160800616430884	0.108209857996157	0.165410589011896	0.0802138826560094	0.108352585045023	0.0805836051500786	0.102503340925712	0.0994143170681655	0.0785532696327163	0.125166719472248	0.100453491467102	0.0852331540152932	0.150979547822599	0.145899652231044	0.142571384151168	0.102202670724274	0.132185779668799	0.151795386525077	0.141092396386071	0.163857292488259	0.134140075489209	0.151485398374217	0.118869771862003	0.083983198624032	0.0767942894525067	0.119363336657427	0.118746031270399	0.0802918351420367	0.157806748194895	0.11499051528584	0.11938263056684	0.0685584157604461	0.172804364413586	0.114035511699573	0.137025036311661	0.0784320707480814	0.11497562623406	0.128060128147018	0.101908863212809	0.12035577166096	0.149668652552729	0.0857488439323601	0.0871822764372411	0.0881619931720662	0.0975858141183819	0.170634292001015	0.151774013518675	0.119484627115343	0.186201289863949	0.112797088130382	0.126784062968473	0.1601918417003	0.096490658130329	0.144139059014222
700106341	0.0843840320028238	0.164327610111467	0.155817612481512	0.0902730045471852	0.111341349241029	0.160800616430884	0	0.182316715946385	0.0811282234933612	0.158411418722309	0.125573583534351	0.13575884514689	0.161741669750759	0.149383916778159	0.149807029252132	0.120004752112644	0.167758509872262	0.180397386265374	0.0989628555754063	0.0730317927394985	0.0832201134257699	0.112754954759819	0.107602534960939	0.0986518038508536	0.0706428884256608	0.120346538538337	0.181972657510421	0.158379703252382	0.15277381474022	0.155475718122158	0.164069621749961	0.0905131331660685	0.113769308299827	0.153150515912636	0.118782471218179	0.0846444477876903	0.154571988221286	0.172435212516382	0.0991353436211956	0.178177556067862	0.125043744439909	0.143674578493345	0.128367800291239	0.0886665331703451	0.135050742020281	0.134263854796336	0.131222004269066	0.144698042865846	0.143306017183974	0.11943843032893	0.112524592761472	0.0670861997743231	0.0750187862524212	0.117923297995132	0.123133203184733	0.152282124720622	0.0992278510293571	0.0693777631929711	0.11822495365915	0.0726391359886469
700114221	0.188936659317617	0.151019011158003	0.105787671398305	0.187001782944012	0.163104485634319	0.108209857996157	0.182316715946385	0	0.179113236582375	0.0875225634118897	0.141222039127791	0.105326194169923	0.0879423609740559	0.152895892594367	0.0920958551257606	0.154215499748937	0.090918379092093	0.138905500524024	0.176143230828074	0.169927323789311	0.162521440156726	0.133377511729185	0.169689079978035	0.176573497073828	0.172503212252952	0.188513668380564	0.14558373895395	0.143664182694205	0.127895340045164	0.113548777726015	0.11822046511424	0.146407978299384	0.12873765842702	0.121528059004192	0.185088302600174	0.131712538499354	0.157196488845521	0.0960418442617293	0.192282265668676	0.0868643937628979	0.151653466366161	0.082898874595057	0.165114881085227	0.150626564545298	0.105535666088104	0.127683702441115	0.151437000289507	0.0787964912023184	0.133210568530756	0.112432158485404	0.134808465299437	0.194803660165274	0.174357473905599	0.135752796953313	0.21737569525984	0.108580780099173	0.138639703567225	0.189673058902493	0.118820207843399	0.165294103198338
700023543	0.0920870275475713	0.152988689839835	0.155124854004072	0.135333709689454	0.109118486026945	0.165410589011896	0.0811282234933612	0.179113236582375	0	0.147571549516652	0.111997103243405	0.147092377654038	0.154496935334369	0.149281744692702	0.155250955503776	0.106529553625845	0.164243110490842	0.166583964263752	0.0890982545423702	0.107419585835489	0.100643306611201	0.110148492166106	0.112658945424078	0.0968332023179112	0.103660862508024	0.115460590900612	0.153952236254926	0.14127123951679	0.16440870429602	0.154123442892692	0.156795206398077	0.0940549706847637	0.114685051538198	0.150738647864314	0.115047378765101	0.114420187844228	0.132728248052639	0.173153607858753	0.0813014306215459	0.177561149524482	0.117563781304915	0.145831023098067	0.134496227543147	0.0855760261254908	0.139386295166096	0.136424560948128	0.108102928144752	0.148986025985807	0.150353600548812	0.118742928290602	0.119883286690019	0.0840492953867396	0.103446558001508	0.116262123794623	0.117620838355559	0.143533872552934	0.125387195975509	0.092631609322601	0.134187829530587	0.0924732115266461
700023439	0.157607949568872	0.130222339508478	0.091783398190801	0.163377855938322	0.131091949447345	0.0802138826560094	0.158411418722309	0.0875225634118897	0.147571549516652	0	0.107460038980303	0.0997719805271417	0.0845185360567823	0.11574383699885	0.0859091347467433	0.124115191749663	0.0896415585222319	0.106686943910842	0.142978520581733	0.143898293510888	0.131112865335828	0.107601602227189	0.13747686655514	0.141134323990641	0.143818119212274	0.154507819026403	0.123732767035017	0.136444641840617	0.100776160402798	0.0890456984916211	0.0864274293966253	0.125488541854045	0.0954350969822521	0.0848654332809508	0.152995708877563	0.1189041301048	0.117164566949942	0.079897285084108	0.154661207506096	0.0856110106519316	0.120367502460282	0.0726522139033181	0.137010327830896	0.127731587166058	0.088674833781298	0.0996716216730769	0.133851740242755	0.0831049599680985	0.0980825338433305	0.0959347386732126	0.105314671413972	0.161941531574928	0.146173741435047	0.107787147015517	0.177347443548239	0.093183787975897	0.116362787607617	0.154767707646912	0.100200690227239	0.144034579422004
700016978	0.125665995464753	0.1342599010311	0.10686555847836	0.144499734202592	0.114947827438675	0.108352585045023	0.125573583534351	0.141222039127791	0.111997103243405	0.107460038980303	0	0.112164918708899	0.126058874767003	0.131840143976781	0.12782992142933	0.102293513733691	0.130143640190521	0.119546812591961	0.122154512138735	0.111357039932621	0.113264848238858	0.0794379923540185	0.119381852813832	0.111517689741036	0.106104137496331	0.136120502291918	0.133170806701498	0.122261156583902	0.136917953281474	0.111742504107964	0.105311461054283	0.100121276227086	0.0936030518397424	0.0985093701557982	0.14355089072818	0.0978658323078251	0.105197152319805	0.127445863258969	0.12749890070327	0.146795902531888	0.0985473500192026	0.107011817397307	0.099556862405209	0.1013627491695	0.107699631523665	0.116109091800839	0.122626892377838	0.113497479703303	0.106032746837361	0.100187518267018	0.0929523103692201	0.138562175870718	0.123816337226469	0.0902786900589556	0.142767533834426	0.117499513081717	0.109397061445537	0.123271270486699	0.103735659945977	0.126412645810912
700024192	0.165302457082711	0.160012405536248	0.0630667089132685	0.146808065127463	0.144817335303409	0.0805836051500786	0.13575884514689	0.105326194169923	0.147092377654038	0.0997719805271417	0.112164918708899	0	0.0928700386037005	0.143018334545418	0.0829870174424325	0.116119719907816	0.110464585506633	0.120860067611602	0.140311027204741	0.132073948020842	0.131049417210979	0.0845896133488561	0.139883665028908	0.151241066777118	0.124602687738444	0.164271849240041	0.150726458549383	0.144716335916134	0.122377506303699	0.11240786581878	0.102131546443421	0.093928941153492	0.104046233029442	0.101620900286584	0.163630844990809	0.103172997880007	0.142969920633018	0.0971079250929022	0.166928770322676	0.105367646756756	0.137488383534048	0.0631466975678815	0.140194203112014	0.106598105075291	0.088608765842478	0.120433694087927	0.149242612183668	0.073762373660749	0.127903880572339	0.0652687384598437	0.0742029970193323	0.160725862598823	0.142870298440785	0.128722421047862	0.191771160910404	0.106949199876036	0.111593336322637	0.151152171666366	0.085413383864153	0.125713472596101
700113058	0.169172611562282	0.134385762455185	0.10012778699588	0.170600856825667	0.145680874421498	0.102503340925712	0.161741669750759	0.0879423609740559	0.154496935334369	0.0845185360567823	0.126058874767003	0.0928700386037005	0	0.130495052750031	0.0901572698009402	0.128869622810443	0.0997946484776339	0.12852248976776	0.151199294326952	0.15394481843288	0.143296177054734	0.10848655159264	0.149566328171155	0.153216140685021	0.152980221251705	0.168901958332495	0.138027277730345	0.116950165034408	0.110379651620509	0.0999684643922387	0.106036616979346	0.125237770511146	0.104619229295309	0.0954155284809522	0.164582365922213	0.122640998508558	0.137855093063564	0.114319936841859	0.167372412577975	0.0974808037374543	0.141995554634429	0.0704307565701466	0.153502700039725	0.132831718393504	0.0957061831215637	0.112697535510895	0.142116069482278	0.0847191064557645	0.120571847771219	0.101573058154883	0.114927792392716	0.170165563737787	0.158126170758549	0.134104389241635	0.194080428244045	0.0817682229597992	0.125503999341069	0.165288539047028	0.10536197520328	0.145386258869649
700099448	0.159693268687169	0.120323856927559	0.123898551458877	0.163193051007852	0.124171346501883	0.0994143170681655	0.149383916778159	0.152895892594367	0.149281744692702	0.11574383699885	0.131840143976781	0.143018334545418	0.130495052750031	0	0.120093546387448	0.133661011654748	0.123265812228408	0.126603798640417	0.140854958499225	0.144057456559821	0.140126377049411	0.129154641670908	0.11952897691791	0.135493105074093	0.149621567713936	0.133389504614735	0.12939272458236	0.154612856006864	0.124154368746287	0.0992921742176921	0.114094852177995	0.140108923497634	0.128640533360343	0.104034259425609	0.140345385027461	0.12730118895411	0.122630702597286	0.122182750283083	0.148860804644685	0.149414448910488	0.138961562716421	0.12124426749606	0.12455653577761	0.148423060298864	0.117127359255134	0.125369604067183	0.127351459078833	0.128501801370191	0.0867101411233567	0.128796103739149	0.1236612802006	0.137433485343584	0.145753133327074	0.130687718473914	0.154268794685433	0.13451971866059	0.127348949542229	0.140501704228586	0.115832260377276	0.145193829361416
700109870	0.16358523817171	0.143695406344213	0.0846892595403016	0.14722313290999	0.137042891144282	0.0785532696327163	0.149807029252132	0.0920958551257606	0.155250955503776	0.0859091347467433	0.12782992142933	0.0829870174424325	0.0901572698009402	0.120093546387448	0	0.13080270513224	0.0938210390355114	0.126600507901973	0.154512914435359	0.136269751810483	0.130674045891012	0.111041818963884	0.128859154789777	0.152123743626958	0.135601326945155	0.162954655484477	0.139525705125441	0.138184063728571	0.0979264938535518	0.0817947815282084	0.11626709055802	0.112045701016111	0.119317750677515	0.109277884544566	0.161739833571293	0.113688023153537	0.144579021099795	0.0771453746990385	0.166480765940259	0.0907106426595911	0.145959965784527	0.0630354274653816	0.157067734926965	0.123839811271449	0.0866551758583245	0.105960567875456	0.147829557663191	0.0770068963814677	0.105357107097931	0.0823174911967192	0.105825220264597	0.156689331758178	0.136937402328571	0.128896516553249	0.188583757834503	0.101328960943677	0.105910443368596	0.153173245121808	0.0911608534161103	0.128440383154421
700033928	0.114033990480169	0.148657681536642	0.112680226360121	0.135743754362108	0.115205296457525	0.125166719472248	0.120004752112644	0.154215499748937	0.106529553625845	0.124115191749663	0.102293513733691	0.116119719907816	0.128869622810443	0.133661011654748	0.13080270513224	0	0.136404544593581	0.125039591651782	0.104006940688874	0.118251609323407	0.110622355720746	0.0932173904693941	0.12269129717984	0.0946807188298585	0.110494671673256	0.126742151855932	0.14482703568406	0.116407435036969	0.146603656879855	0.133045822621786	0.124634856365791	0.105171660876084	0.10171234545572	0.121969846274157	0.132888566007047	0.12044171971225	0.112729666760291	0.14933592238683	0.118170718885115	0.150701544399558	0.103203497755051	0.111831097121004	0.126801577535371	0.102530774603123	0.113928521633214	0.114307752523369	0.122471887238897	0.129069441669673	0.132728130472918	0.103880382671153	0.0833355528041803	0.12360899262186	0.112563432885273	0.1203813149017	0.149261661755481	0.11775050503008	0.118501052652703	0.113466606137863	0.116064589979629	0.113348913614119
700023693	0.177871377753792	0.135767774103105	0.105211991148182	0.174691698114358	0.146486961492507	0.100453491467102	0.167758509872262	0.090918379092093	0.164243110490842	0.0896415585222319	0.130143640190521	0.110464585506633	0.0997946484776339	0.123265812228408	0.0938210390355114	0.136404544593581	0	0.121872835439903	0.161824534847256	0.155071336938725	0.145633839910601	0.116504541051201	0.152776820022352	0.162609339791075	0.157122491246472	0.176469129359161	0.142670394165384	0.148527394345014	0.12002201984761	0.106971528154541	0.10649126333393	0.12999338706351	0.117316289496937	0.108399535708173	0.178070713732693	0.116966902398833	0.145586056257535	0.118611297484671	0.177348096349336	0.0961873777155733	0.147210775957379	0.0858686372488308	0.1483613327751	0.140592422648866	0.0968717524427138	0.117396843331901	0.145484603770552	0.0888328074239576	0.116493851327528	0.107529785813085	0.123544548499495	0.179667607923401	0.161705461827231	0.129994832709536	0.205957737904505	0.108603723362175	0.120374870582095	0.17496413797518	0.121130281626073	0.150112050753671
700109627	0.170833820733453	0.158838007509091	0.0891796497637529	0.186004685783961	0.148569244209841	0.0852331540152932	0.180397386265374	0.138905500524024	0.166583964263752	0.106686943910842	0.119546812591961	0.120860067611602	0.12852248976776	0.126603798640417	0.126600507901973	0.125039591651782	0.121872835439903	0	0.153667403449447	0.159333159013458	0.160919009436088	0.117027351020997	0.163409456928025	0.154352633153596	0.152170306292438	0.175304938828253	0.141118975351741	0.157118024757466	0.155996179745335	0.122711912483559	0.0981506484164492	0.138402406916018	0.142793707259292	0.110460286763319	0.166308107847443	0.14923997794945	0.121538046199252	0.101930210634135	0.180963922797399	0.150763072667145	0.15164602785863	0.117980607101105	0.123068932401882	0.149163433656608	0.139487304626678	0.150319845148786	0.158450832437666	0.136241931922141	0.10456464907583	0.117922927554464	0.121445943620923	0.185204273614808	0.164117702146287	0.129976773414892	0.188809303481697	0.13674905551075	0.150966784990003	0.176899881921276	0.130949299297533	0.166087503602803
700095416	0.0937929239059921	0.154475685272121	0.146528304344189	0.130348336997265	0.10810803391489	0.150979547822599	0.0989628555754063	0.176143230828074	0.0890982545423702	0.142978520581733	0.122154512138735	0.140311027204741	0.151199294326952	0.140854958499225	0.154512914435359	0.104006940688874	0.161824534847256	0.153667403449447	0	0.112097125101031	0.101813553604082	0.116810045196682	0.116690985292687	0.0855294548794883	0.107298304165401	0.114014539131947	0.155038615615835	0.142818329521609	0.151233535864641	0.146314683017826	0.138022056451619	0.113119292328645	0.112712475104306	0.14309539623511	0.119109777986579	0.115370368721315	0.115797892953393	0.164219735792148	0.0995456897795474	0.171900093142397	0.0976359238828248	0.148485594269959	0.109402109326197	0.109177479439717	0.134322968645546	0.130521731442686	0.122091947536842	0.151728373367104	0.139880327759858	0.124219736875652	0.103693609153391	0.104082843280707	0.111002535376037	0.108427751111907	0.121666967082869	0.145115456558395	0.119439705467985	0.0933706215427389	0.12690540014759	0.107288735037662
700110425	0.100733881310556	0.148131194427189	0.139341492008679	0.0897432409384853	0.109339915536985	0.145899652231044	0.0730317927394985	0.169927323789311	0.107419585835489	0.143898293510888	0.111357039932621	0.132073948020842	0.15394481843288	0.144057456559821	0.136269751810483	0.118251609323407	0.155071336938725	0.159333159013458	0.112097125101031	0	0.0806703341330762	0.105575928323919	0.0936224913341899	0.104731991057146	0.0639813588913909	0.124051076734426	0.156633068339775	0.142428128608019	0.134887313440201	0.132524320429595	0.15557528072458	0.106071870224877	0.11059574143498	0.144463759977366	0.119943874887728	0.0857312016212319	0.141440290921115	0.158817865244503	0.121347647699122	0.16722682758314	0.124497897319101	0.126490450086168	0.126257942225187	0.0854794000768344	0.126117850925505	0.122480268448466	0.135211568870594	0.140279784008611	0.127732224947755	0.112643727236006	0.10352743653209	0.0820023795220325	0.0533487920526629	0.115104120537797	0.128141665550729	0.149087325556379	0.0763140755186279	0.0772310305517431	0.0992277087976528	0.0832799563074096
700111580	0.0955369483202328	0.137230897627784	0.143082418755292	0.106109623866997	0.115193346798054	0.142571384151168	0.0832201134257699	0.162521440156726	0.100643306611201	0.131112865335828	0.113264848238858	0.131049417210979	0.143296177054734	0.140126377049411	0.130674045891012	0.110622355720746	0.145633839910601	0.160919009436088	0.101813553604082	0.0806703341330762	0	0.0935564122670934	0.0939247130095133	0.0903062956225232	0.0676714928612367	0.130078699370451	0.158954489111332	0.147418223744504	0.127394837973427	0.142237754935936	0.140793696857337	0.0963234015302942	0.100103927462956	0.136711296811156	0.12845460499647	0.0890704611443661	0.143579923322101	0.154387882609128	0.124423783985744	0.153241902511979	0.10850128146629	0.121337622776596	0.126862116107431	0.095991164771293	0.113996623753032	0.110181277204453	0.122311818854499	0.126446900150859	0.119372142534996	0.109077350350297	0.104689337545827	0.0914255782260581	0.0881012052538571	0.0880841089705511	0.122387775033654	0.133789186137153	0.072628445587759	0.0734741093234634	0.0971639631734427	0.0837780735331096
700111302	0.122711235265108	0.127369980213627	0.0864183084366792	0.136103518827921	0.124122695502382	0.102202670724274	0.112754954759819	0.133377511729185	0.110148492166106	0.107601602227189	0.0794379923540185	0.0845896133488561	0.10848655159264	0.129154641670908	0.111041818963884	0.0932173904693941	0.116504541051201	0.117027351020997	0.116810045196682	0.105575928323919	0.0935564122670934	0	0.119995099034774	0.108329511988463	0.0864683032658432	0.143927981245356	0.134401227656949	0.132943223572259	0.130239033748092	0.118128701036286	0.103624504214732	0.0719170883436156	0.085110664996315	0.0895067953876372	0.145717343682551	0.0841191181543228	0.126440392041178	0.125346344054724	0.13899430195179	0.132041757817596	0.121866765730754	0.0895363027426274	0.116429902882272	0.0831590476927135	0.0986072731846074	0.123376100948052	0.129674945104765	0.0906280355216534	0.105087667305708	0.0744975128187265	0.0784769763553093	0.128539676990199	0.119691526761411	0.090470403823232	0.154449516383562	0.0994583328404442	0.100424135825308	0.115064697162281	0.0887941916482743	0.110703164547612
700098605	0.111833136951274	0.126983459411855	0.139268319412978	0.110879681763472	0.100804749795796	0.132185779668799	0.107602534960939	0.169689079978035	0.112658945424078	0.13747686655514	0.119381852813832	0.139883665028908	0.149566328171155	0.11952897691791	0.128859154789777	0.12269129717984	0.152776820022352	0.163409456928025	0.116690985292687	0.0936224913341899	0.0939247130095133	0.119995099034774	0	0.0999972508028932	0.110217024207985	0.114591044805236	0.139707223779044	0.146673890665697	0.136532187064705	0.129395879861139	0.145028827141347	0.114935950277419	0.116460268834638	0.139362266441252	0.118054607514106	0.102874225135367	0.129366338827623	0.139862835657034	0.123513368234845	0.158357543226294	0.112113427076033	0.134977192626403	0.127061984361435	0.100630357960235	0.135785839284075	0.117058903615234	0.121369807650825	0.139016990727811	0.124672457831898	0.119376285854507	0.110900968821063	0.0999351896323891	0.0898338303432196	0.112236890070461	0.118381582484381	0.139624923773212	0.11445755150904	0.0888645704870303	0.115759704832885	0.0807460784347988
700111991	0.0747421756890826	0.149108703060906	0.147575155121785	0.11086759515102	0.110052007222441	0.151795386525077	0.0986518038508536	0.176573497073828	0.0968332023179112	0.141134323990641	0.111517689741036	0.151241066777118	0.153216140685021	0.135493105074093	0.152123743626958	0.0946807188298585	0.162609339791075	0.154352633153596	0.0855294548794883	0.104731991057146	0.0903062956225232	0.108329511988463	0.0999972508028932	0	0.097004032574553	0.099741100826485	0.143181908510322	0.132843296403916	0.139383289151564	0.153299789648187	0.142647068325933	0.120989592059651	0.110796783262351	0.138032409584273	0.111335129572394	0.105665720384381	0.119478659087366	0.159452977396615	0.110940868651966	0.170581240357045	0.101613891240175	0.142375352374591	0.122517837861636	0.108381420582726	0.135984348423902	0.113780827157403	0.114972862012398	0.151010409673482	0.125250872044698	0.127788485757163	0.109330738045008	0.103412303267098	0.0971023193126272	0.0993548626066686	0.0975293151216649	0.147985141761957	0.116038213869781	0.0792602949135075	0.120613659427938	0.108385935714694
700108960	0.0986369695494268	0.153246267638824	0.135495980527546	0.100772192101722	0.120193393886005	0.141092396386071	0.0706428884256608	0.172503212252952	0.103660862508024	0.143818119212274	0.106104137496331	0.124602687738444	0.152980221251705	0.149621567713936	0.135601326945155	0.110494671673256	0.157122491246472	0.152170306292438	0.107298304165401	0.0639813588913909	0.0676714928612367	0.0864683032658432	0.110217024207985	0.097004032574553	0	0.140527043182339	0.173370564647833	0.147517579976989	0.138673873700874	0.140119128284258	0.150204060483261	0.0864689712607983	0.116890497673826	0.142011505196781	0.134105712918195	0.0886414732078882	0.147308575365296	0.156843835495233	0.121298895673925	0.168467933563764	0.125160577704957	0.124054694777146	0.128424330884156	0.0866029567818209	0.125212294826143	0.133360238719636	0.144587664401074	0.138718251301216	0.12768387306407	0.100498974380848	0.0996039928019419	0.0893226451230682	0.075432066032739	0.100731010872189	0.119952561374797	0.143972657010449	0.0774553479903978	0.0744458298999735	0.0989542160223906	0.0804782355707809
700024452	0.116316196830926	0.149592558281747	0.162230437289132	0.120896897013783	0.101183798679872	0.163857292488259	0.120346538538337	0.188513668380564	0.115460590900612	0.154507819026403	0.136120502291918	0.164271849240041	0.168901958332495	0.133389504614735	0.162954655484477	0.126742151855932	0.176469129359161	0.175304938828253	0.114014539131947	0.124051076734426	0.130078699370451	0.143927981245356	0.114591044805236	0.099741100826485	0.140527043182339	0	0.147737972562421	0.134526268608633	0.125850826304422	0.157941780671613	0.165083045239479	0.150720622564876	0.128347176440486	0.152199596411668	0.0727199350506693	0.131965184191273	0.143654569511159	0.173743920357238	0.105172296251776	0.175717987811109	0.120759193623988	0.157179365524117	0.131214694580012	0.135611085790161	0.144261959858202	0.114846630355847	0.107562471841424	0.163763353967444	0.149622669668695	0.150787813684332	0.131106535781409	0.107005789517899	0.104438959003559	0.127776028636429	0.114344481293035	0.158081978194078	0.132940043876613	0.11271240151781	0.135812741389252	0.14155998515887
700032931	0.155412918644342	0.122538374016514	0.134382995460619	0.177513962916375	0.13941630111967	0.134140075489209	0.181972657510421	0.14558373895395	0.153952236254926	0.123732767035017	0.133170806701498	0.150726458549383	0.138027277730345	0.12939272458236	0.139525705125441	0.14482703568406	0.142670394165384	0.141118975351741	0.155038615615835	0.156633068339775	0.158954489111332	0.134401227656949	0.139707223779044	0.143181908510322	0.173370564647833	0.147737972562421	0	0.136267575983823	0.132953904760491	0.135151613339005	0.135120740618476	0.155290765239756	0.128138853046127	0.124432893340407	0.151383803893782	0.148407409139483	0.124137555512775	0.138425601855579	0.156752240611079	0.147915164704079	0.144030609643149	0.13659924856416	0.144185168562364	0.147826422962165	0.140238274804929	0.133877028675518	0.131345398419346	0.133044042672291	0.119672430303564	0.134517556491972	0.139575058180497	0.169260068355545	0.158973591506921	0.131428427630805	0.159608282847467	0.139115884807031	0.157131420343131	0.167024159749126	0.138007641414433	0.167711642957248
700095837	0.147419669150381	0.142594054480901	0.140849656080612	0.154086921816389	0.138072913608033	0.151485398374217	0.158379703252382	0.143664182694205	0.14127123951679	0.136444641840617	0.122261156583902	0.144716335916134	0.116950165034408	0.154612856006864	0.138184063728571	0.116407435036969	0.148527394345014	0.157118024757466	0.142818329521609	0.142428128608019	0.147418223744504	0.132943223572259	0.146673890665697	0.132843296403916	0.147517579976989	0.134526268608633	0.136267575983823	0	0.119651191024934	0.123261020266037	0.148867049289503	0.146758898048296	0.121910376035718	0.132622724524839	0.136924936616141	0.137264148340978	0.127576416844272	0.160844759036444	0.147598601966479	0.154949978841116	0.124322590521223	0.127612893254078	0.148381251633539	0.130587896373349	0.127178022951392	0.121824389930865	0.131888674640334	0.139495029986447	0.146369994304841	0.1364071403355	0.123270476394738	0.158297522692121	0.136301411873843	0.146569637900523	0.162933674870044	0.121053929629794	0.142027121991021	0.158338995706418	0.136149158191723	0.152314004232141
700024548	0.158047526264056	0.124166730892458	0.124496324080097	0.137359081040712	0.126044955788821	0.118869771862003	0.15277381474022	0.127895340045164	0.16440870429602	0.100776160402798	0.136917953281474	0.122377506303699	0.110379651620509	0.124154368746287	0.0979264938535518	0.146603656879855	0.12002201984761	0.155996179745335	0.151233535864641	0.134887313440201	0.127394837973427	0.130239033748092	0.136532187064705	0.139383289151564	0.138673873700874	0.125850826304422	0.132953904760491	0.119651191024934	0	0.108153919677317	0.13272239816814	0.146118092361825	0.117879903310103	0.113987804694828	0.122766365916552	0.115297591867099	0.142984379919238	0.115228821458504	0.15254276734569	0.113972376935629	0.12904869247261	0.098486760203059	0.148610254843093	0.144260861954484	0.0921060312379906	0.0905324428904818	0.136345485764211	0.108158432373599	0.114813038386692	0.126728964734835	0.114740483442879	0.152627759530668	0.125037682319252	0.121283088152393	0.161431725581991	0.123557616256893	0.109798009402147	0.148838200616598	0.106075893974251	0.150119364066706
700110161	0.164759600279283	0.134626411837294	0.0986597524106451	0.155995582946869	0.131253616996909	0.083983198624032	0.155475718122158	0.113548777726015	0.154123442892692	0.0890456984916211	0.111742504107964	0.11240786581878	0.0999684643922387	0.0992921742176921	0.0817947815282084	0.133045822621786	0.106971528154541	0.122711912483559	0.146314683017826	0.132524320429595	0.142237754935936	0.118128701036286	0.129395879861139	0.153299789648187	0.140119128284258	0.157941780671613	0.135151613339005	0.123261020266037	0.108153919677317	0	0.109305341380895	0.125454913339137	0.124153530216801	0.0956885048941407	0.156076112708809	0.121898424833269	0.122741546150756	0.0993166659868399	0.159609226861352	0.115224322495721	0.140084589692658	0.0866523405307421	0.137272163629116	0.127293279342441	0.10631825117789	0.12620993751349	0.14773536981587	0.102900868618353	0.0952868504576873	0.0996009166288669	0.11527783042988	0.153920268802348	0.137438563018041	0.131386214209983	0.176942211987939	0.111435042651329	0.112956929357904	0.153261368153452	0.100902499478454	0.139722753508342
700023496	0.171438167533301	0.134541817545845	0.0979143903924602	0.176442123123628	0.142403258141453	0.0767942894525067	0.164069621749961	0.11822046511424	0.156795206398077	0.0864274293966253	0.105311461054283	0.102131546443421	0.106036616979346	0.114094852177995	0.11626709055802	0.124634856365791	0.10649126333393	0.0981506484164492	0.138022056451619	0.15557528072458	0.140793696857337	0.103624504214732	0.145028827141347	0.142647068325933	0.150204060483261	0.165083045239479	0.135120740618476	0.148867049289503	0.13272239816814	0.109305341380895	0	0.124109613503796	0.112735309475776	0.0908588256247704	0.164299812788439	0.121285174131774	0.117460751809054	0.107305136496313	0.171047283577961	0.120711580836739	0.119059235241712	0.0975499815768716	0.11129686712697	0.133956541996698	0.104055835859465	0.118244549670311	0.142306369671813	0.103783658425095	0.0918204971200491	0.105405046089298	0.109968945948345	0.173933992901131	0.162521065130104	0.114938797147874	0.189474848683811	0.106538475546081	0.128610377133399	0.163837104627904	0.118517785634062	0.153148980313525
700034628	0.118687309911264	0.143332824906579	0.109785145955562	0.137075837540474	0.126109840364209	0.119363336657427	0.0905131331660685	0.146407978299384	0.0940549706847637	0.125488541854045	0.100121276227086	0.093928941153492	0.125237770511146	0.140108923497634	0.112045701016111	0.105171660876084	0.12999338706351	0.138402406916018	0.113119292328645	0.106071870224877	0.0963234015302942	0.0719170883436156	0.114935950277419	0.120989592059651	0.0864689712607983	0.150720622564876	0.155290765239756	0.146758898048296	0.146118092361825	0.125454913339137	0.124109613503796	0	0.104648940575893	0.114046115748521	0.153785114111296	0.0770197147006944	0.136714386086641	0.132342352248909	0.133007154594272	0.144196138544808	0.131802222676286	0.0974056384011251	0.12750916159602	0.0660786138131556	0.104961043209479	0.133926766924533	0.141461967341841	0.10978859220825	0.130271448913215	0.0713456057622917	0.0983038714578979	0.116224993383467	0.113511544847909	0.111258029166599	0.162326445868673	0.110519895254464	0.106899960258766	0.106206225559041	0.0967147274918744	0.0789803992262753
700023645	0.125052821745751	0.119094909872627	0.116828839384663	0.133387093111558	0.114669737740538	0.118746031270399	0.113769308299827	0.12873765842702	0.114685051538198	0.0954350969822521	0.0936030518397424	0.104046233029442	0.104619229295309	0.128640533360343	0.119317750677515	0.10171234545572	0.117316289496937	0.142793707259292	0.112712475104306	0.11059574143498	0.100103927462956	0.085110664996315	0.116460268834638	0.110796783262351	0.116890497673826	0.128347176440486	0.128138853046127	0.121910376035718	0.117879903310103	0.124153530216801	0.112735309475776	0.104648940575893	0	0.0873169195976372	0.136389590520604	0.0942984239092813	0.121819484426181	0.13125295961492	0.132235450552303	0.124957967231005	0.1081475275443	0.0929813258291646	0.10784738607895	0.0954672566885297	0.085596510842268	0.0954238237673609	0.110470368645	0.0953004841489527	0.111537317139732	0.0908388045920716	0.0842142624160087	0.127732742591012	0.117992720118251	0.108181120946537	0.151889102548803	0.0871532163434318	0.104916358559842	0.116018594472519	0.0970622367525596	0.116471170369946
700038744	0.15847683354999	0.126217761122365	0.0945628801532921	0.163806941702642	0.12855397139306	0.0802918351420367	0.153150515912636	0.121528059004192	0.150738647864314	0.0848654332809508	0.0985093701557982	0.101620900286584	0.0954155284809522	0.104034259425609	0.109277884544566	0.121969846274157	0.108399535708173	0.110460286763319	0.14309539623511	0.144463759977366	0.136711296811156	0.0895067953876372	0.139362266441252	0.138032409584273	0.142011505196781	0.152199596411668	0.124432893340407	0.132622724524839	0.113987804694828	0.0956885048941407	0.0908588256247704	0.114046115748521	0.0873169195976372	0	0.158611754092097	0.115642202574059	0.114273892400437	0.0962177000795378	0.154051912563844	0.116619940330155	0.122718619590112	0.084736460541604	0.114623129818601	0.122571302903662	0.0875927532148479	0.109482450996224	0.138730287458607	0.0884112064420566	0.0855154426035249	0.10076555697299	0.103809411410921	0.166144286931638	0.150136139595164	0.113234258186016	0.175711533454431	0.0926034209124691	0.120908546417538	0.153446136927976	0.106662385487261	0.149463607832676
700038485	0.123059450226526	0.143558287064133	0.159049255756932	0.117472298786011	0.109058141440641	0.157806748194895	0.118782471218179	0.185088302600174	0.115047378765101	0.152995708877563	0.14355089072818	0.163630844990809	0.164582365922213	0.140345385027461	0.161739833571293	0.132888566007047	0.178070713732693	0.166308107847443	0.119109777986579	0.119943874887728	0.12845460499647	0.145717343682551	0.118054607514106	0.111335129572394	0.134105712918195	0.0727199350506693	0.151383803893782	0.136924936616141	0.122766365916552	0.156076112708809	0.164299812788439	0.153785114111296	0.136389590520604	0.158611754092097	0	0.12968247765913	0.143311967913458	0.16867603865887	0.105583515745958	0.175375428278731	0.127084980976023	0.158255119639605	0.141584619989575	0.130075630406826	0.154265464803301	0.123527552329499	0.113919851890999	0.161854645941871	0.149920588073517	0.150855991369843	0.130965855706962	0.100311981375264	0.0986112831981938	0.131704481031987	0.107573884532263	0.163307961796601	0.139708244693134	0.116060648677775	0.133235619965354	0.136800729143603
700024743	0.116804626307138	0.129624748478993	0.111912867645046	0.116883818096328	0.111578595172617	0.11499051528584	0.0846444477876903	0.131712538499354	0.114420187844228	0.1189041301048	0.0978658323078251	0.103172997880007	0.122640998508558	0.12730118895411	0.113688023153537	0.12044171971225	0.116966902398833	0.14923997794945	0.115370368721315	0.0857312016212319	0.0890704611443661	0.0841191181543228	0.102874225135367	0.105665720384381	0.0886414732078882	0.131965184191273	0.148407409139483	0.137264148340978	0.115297591867099	0.121898424833269	0.121285174131774	0.0770197147006944	0.0942984239092813	0.115642202574059	0.12968247765913	0	0.136259646956934	0.132818476797453	0.125644853930091	0.135249216144583	0.121651783897057	0.106506600281323	0.1182895498254	0.0843523256809894	0.101923879778845	0.111669957258251	0.128532858432134	0.100213346971557	0.111087320082902	0.0936060956626578	0.0910333777984262	0.11001904703315	0.0969134499279562	0.0892575865895964	0.1437774781759	0.123081709122896	0.0917758442061746	0.0970501136455901	0.0886298720074804	0.0945196042696765
