700108602	700014971	700033565	700109389	700023058	700023927	700106341	700114221	700023543	700023439	700016978	700024192	700113058	700099448	700109870	700033928	700023693	700109627	700095416	700110425	700111580	700111302	700098605	700111991	700108960	700024452	700032931	700095837	700024548	700110161	700023496	700034628	700023645	700038744	700038485	700024743	700099596	700110760	700101587	700106399	700032322	700095653	700021312	700101230	700023590	700038905	700033136	700023382	700096424	700105469	700016908	700096053	700108479	700109569	700033814	700016125	700109756	700102665	700101777	700109455
700108602	0	0.23998479711302	0.349823022411806	0.22714659306378	0.231117912066423	0.31271374396963	0.0985078078315241	0.330918670096609	0.151968388557081	0.301304374279019	0.234922395438826	0.361739239917605	0.330466545543698	0.250964109199256	0.349650346182065	0.210368478120201	0.313349864943431	0.294817539346667	0.149323479029508	0.131644349828482	0.179906197836497	0.265140073093836	0.134212635257167	0.0908392754582409	0.150111448312931	0.201800650390461	0.239693389255449	0.362437190277656	0.310547028784319	0.329125621058105	0.293733906940545	0.26194150776675	0.260013173829804	0.298685297904999	0.17190620617248	0.161686250856506	0.236706621324134	0.323919151318402	0.115366030837706	0.365649413479756	0.168433124893848	0.351966949825116	0.215545429885376	0.201173891370808	0.29714107801578	0.241295969315903	0.181110317073985	0.331081102976475	0.263261341502578	0.341886105214328	0.310237946297242	0.114657087733904	0.117352073552773	0.184017421775737	0.09849030214048	0.313827072233681	0.191497520902229	0.119441634975623	0.301245530602496	0.15088968773757
700014971	0.23998479711302	0	0.303265374274076	0.34161877420209	0.131122939671696	0.247529257332518	0.256203701614386	0.217300671768791	0.226068023572542	0.18295002193157	0.194175976559249	0.320139039753451	0.214026909915715	0.163863869619225	0.274527392531519	0.229780759282519	0.19886353142722	0.259634996663557	0.229164369528445	0.218570235196161	0.270031799086446	0.270809279950963	0.236712641441234	0.208632531906714	0.309686764326477	0.163977942609547	0.137598358239181	0.215478038283093	0.15600391279788	0.192570023171902	0.185463280083388	0.283998213716482	0.180427824236655	0.169481697075912	0.169956562341576	0.188849649227573	0.217794513770019	0.258276195246514	0.17256116078882	0.250354892875706	0.182325752460067	0.240129384194857	0.169718507313568	0.244417114339979	0.173392975100105	0.176822879839718	0.127134591459558	0.220628307702625	0.191469807392605	0.303682904537366	0.284359368768176	0.22830418246236	0.245332093400593	0.212471856108405	0.277610456030696	0.200339408066671	0.24222679183473	0.266488721121978	0.257932329062421	0.267100195503381
700033565	0.349823022411806	0.303265374274076	0	0.456130077052436	0.315847001236569	0.114061881599069	0.350271360775572	0.179245697757084	0.264800771312399	0.164470077747704	0.166340875912202	0.0734376126999409	0.185105367279409	0.218123012246009	0.195055112387658	0.183099420491397	0.197945112737522	0.12366431184846	0.248889001919482	0.302539833432467	0.253156645214261	0.1226401875842	0.341557248715256	0.292951905637355	0.273561401514443	0.345343125569229	0.237560339802834	0.378339256484966	0.322144496511719	0.210805898298191	0.175484879202844	0.168985755231365	0.180116429430057	0.174643606868079	0.345642634433893	0.25152261212373	0.259631711556492	0.164864721341076	0.322818194439146	0.235830720463048	0.261414196274271	0.131737731217053	0.228882042554977	0.237827856450283	0.238763974752986	0.235582156989408	0.272336593548328	0.163759164137387	0.168067698599113	0.0616206464830162	0.0956925266859673	0.319775186302369	0.36664488339472	0.219730037933217	0.403063486110734	0.166355436942241	0.224098569977476	0.29580181141356	0.101049879800396	0.28036151235539
700109389	0.22714659306378	0.34161877420209	0.456130077052436	0	0.334351827872329	0.436571503405359	0.184051420395191	0.422438226490307	0.324605218890009	0.404719788741914	0.362670948610304	0.460412132050581	0.41983826287536	0.374573592303484	0.441954635160892	0.329172344580219	0.413034782241759	0.436946063011124	0.325455979693624	0.229544219521528	0.310757869950471	0.399143230783127	0.220070057180376	0.276411336376073	0.27145768278233	0.265796911557331	0.376681955758739	0.425115670704529	0.360299430477164	0.406766818913436	0.403225837726346	0.401165147738636	0.36357233971514	0.398518192787095	0.245188336307258	0.300062624360428	0.385685551260323	0.444791022200747	0.260019735639159	0.431965289184305	0.289568713388023	0.430091521838037	0.351240117938975	0.344671779500161	0.379935219695417	0.35165825761514	0.322337556379863	0.415548373324484	0.393378795706335	0.44762717843644	0.419414579363917	0.224399516066458	0.153637999563718	0.341686124992694	0.201957279777044	0.403608743520809	0.299236864292515	0.25310150287498	0.406981990588044	0.292531592925027
700023058	0.231117912066423	0.131122939671696	0.315847001236569	0.334351827872329	0	0.24252764670994	0.229631495209551	0.229864255600438	0.211544651359818	0.205750756303256	0.196915365954081	0.323291382327606	0.240296197544109	0.163489652876257	0.278074060011649	0.214556887213515	0.212539270659931	0.259874879885996	0.206269816677615	0.215708593936862	0.257173290501524	0.266820205173229	0.236436208252055	0.194123741094196	0.307138179035196	0.151798156188267	0.148159962544696	0.251861563234424	0.183352711743217	0.21208020215182	0.194497093319265	0.286238740469322	0.193326050753307	0.191179388676947	0.161952908380862	0.20736271545179	0.1905332018978	0.227673626007203	0.165281673055734	0.275061480746663	0.178738716826537	0.255107115020689	0.159439626778443	0.245603432341425	0.192017176623977	0.191292992445179	0.12249304957536	0.235164507240593	0.19561584441904	0.312622658220356	0.306115713462265	0.214491132721223	0.238032062987402	0.19232392167936	0.273594181478464	0.222257167742788	0.245064026971505	0.250592613517425	0.268880323339562	0.232445067796359
700023927	0.31271374396963	0.247529257332518	0.114061881599069	0.436571503405359	0.24252764670994	0	0.324584540259741	0.118324828842046	0.23560406462471	0.0928161715682244	0.152008137908468	0.153303687480479	0.125624103610983	0.14130827926943	0.154169149390183	0.182822266118484	0.13344806211378	0.10691236509014	0.210755172198871	0.270808333838315	0.218715325791565	0.180183907927844	0.295692355866794	0.254648455203199	0.275386749212593	0.301923881949285	0.176712947486215	0.347763315934231	0.258171501232233	0.161116036769882	0.0937057944013227	0.188456009375926	0.155755444288312	0.112077082883518	0.300809324076134	0.215623145624574	0.20229478323766	0.0811372335450031	0.284566119717728	0.180310850070623	0.216194095408235	0.103250950189775	0.171131353673201	0.215862510509133	0.177288514152549	0.169598864411347	0.208452597779433	0.107803659288862	0.0782869165878984	0.13834523979557	0.178847117251843	0.291950803958044	0.341560159809187	0.165738698766448	0.364789629154462	0.105605867261931	0.176874311195071	0.271389605179135	0.100791521416834	0.241709559192273
700106341	0.0985078078315241	0.256203701614386	0.350271360775572	0.184051420395191	0.229631495209551	0.324584540259741	0	0.314652088494018	0.167974334586286	0.295546192814139	0.243999278266554	0.347150072657399	0.31034437258399	0.262296252505068	0.335613908928809	0.209956184287674	0.303542167910358	0.3333637611542	0.177155451047876	0.116057582494703	0.1778767491653	0.258827372476698	0.142029450304914	0.144085606214903	0.134022626471551	0.211493710456927	0.280857204534187	0.362678146173459	0.299528762416734	0.319296226502688	0.291800234639553	0.246760409051943	0.251277804546518	0.289810175866746	0.182318286208697	0.153660549072033	0.279112650606956	0.334522501252928	0.135703812473371	0.351718742134391	0.176709472442589	0.326857982151402	0.230129362433979	0.197877093032635	0.273418301851599	0.252170678677746	0.191981197271566	0.308122816192063	0.27741017529684	0.330603106258857	0.31868786904558	0.0913715988241425	0.0805427447092066	0.203094429210627	0.148195601149219	0.293469099293329	0.179613249598825	0.112100450451845	0.293210154967883	0.134905647744405
700114221	0.330918670096609	0.217300671768791	0.179245697757084	0.422438226490307	0.229864255600438	0.118324828842046	0.314652088494018	0	0.262671691313595	0.0812368966797418	0.188663098003377	0.196029293445215	0.0759261566864439	0.147500641879233	0.127504708154505	0.217437809698098	0.0565700891314455	0.206834326015322	0.247189227960716	0.246199474252759	0.245472536773222	0.226586427460588	0.323771786107744	0.270205056597319	0.325984981348746	0.29166425488457	0.150931924198671	0.300646260579732	0.210923521386366	0.124348083594838	0.124513188626005	0.22805761471142	0.155659613597974	0.117551842123426	0.296446343410156	0.199484975095108	0.235545576156033	0.111305646026709	0.275781276907591	0.125581780311234	0.197672635518098	0.0924176678973027	0.196513240165743	0.241026266172581	0.108505264420967	0.159267562281023	0.185014817949179	0.0588056305788755	0.140551288844577	0.184879650746656	0.236584624898357	0.282524774220287	0.327680018931388	0.214204331824696	0.390753791201998	0.0743973212243766	0.187079792044925	0.300362082009181	0.151712340777707	0.26055076763391
700023543	0.151968388557081	0.226068023572542	0.264800771312399	0.324605218890009	0.211544651359818	0.23560406462471	0.167974334586286	0.262671691313595	0	0.223253728405521	0.153777115779268	0.274673640629561	0.270980863832756	0.202543734640478	0.302279379515063	0.144116110400028	0.259570865991514	0.234653532513964	0.0963714553084983	0.153918985558536	0.136310710391203	0.174058118186607	0.197962338888366	0.105460252206357	0.142273801509095	0.227140590464904	0.218471599486333	0.343369642639318	0.301236627087535	0.265788605100241	0.210735688506526	0.152668060248419	0.187763957568274	0.220101959673847	0.186631444006353	0.128601741154898	0.201652772276605	0.259691195246956	0.123473952474926	0.3279790401784	0.146249282184414	0.270916319507136	0.145938044788927	0.0953322182706411	0.250225258690007	0.225327393318341	0.148541566864308	0.249331350391353	0.203435215705983	0.253897693018665	0.239016355280766	0.124131402077079	0.185376862799077	0.129174644107271	0.204243515350042	0.233649138589171	0.165952679281437	0.114768938085184	0.223560072874738	0.101780080132724
700023439	0.301304374279019	0.18295002193157	0.164470077747704	0.404719788741914	0.205750756303256	0.0928161715682244	0.295546192814139	0.0812368966797418	0.223253728405521	0	0.15390849638398	0.194946993577109	0.0843120181064023	0.100195978118374	0.155900635924825	0.183580164961046	0.0885497231428145	0.154025402798684	0.2091043601534	0.231380044935516	0.22862807973607	0.207618291583067	0.290066426685401	0.235286114041882	0.296231033134311	0.269986500152867	0.13298127715426	0.288711621071474	0.206629439290728	0.116388364878323	0.0804675523602671	0.212216408235419	0.132021540327247	0.0726914769265302	0.268461212295783	0.178423261471248	0.190531793865911	0.103666940497771	0.245367990485153	0.154939289029442	0.173502754438955	0.103727910440148	0.154786711861425	0.217538903744603	0.122231719822002	0.140213379241163	0.16953057000104	0.0788097856674456	0.0859169513118622	0.171242943245736	0.210156418891998	0.251790177152964	0.308476783660977	0.170545613619158	0.355166491666	0.0743896629358074	0.164627637754968	0.265608656035834	0.141506228876713	0.236065102280658
700016978	0.234922395438826	0.194175976559249	0.166340875912202	0.362670948610304	0.196915365954081	0.152008137908468	0.243999278266554	0.188663098003377	0.153777115779268	0.15390849638398	0	0.17581427956224	0.199509781567996	0.148124704541475	0.25400019818109	0.0778590398067787	0.187018571419336	0.129715507045379	0.152242916770133	0.169593767318412	0.165151698192005	0.100362033328642	0.2573620226902	0.171507128362808	0.184352793887457	0.257509178996805	0.173644146683699	0.306768745833254	0.261974273975248	0.203388315034623	0.11068015756715	0.135275141994094	0.0779137562234961	0.128736433116431	0.247193266611362	0.149260046529093	0.171407163506781	0.205073667913824	0.195905973832315	0.262428612667563	0.146877334638741	0.159578557103628	0.107409015175149	0.135292238888607	0.179378452708917	0.188639639096446	0.148795121653435	0.174991811700342	0.127656546407842	0.162405882518399	0.146314920459748	0.203985784344206	0.251004944072532	0.133696308347017	0.294497527171227	0.158150184664629	0.165732217839014	0.177910037116943	0.129542899166405	0.17794906013904
700024192	0.361739239917605	0.320139039753451	0.0734376126999409	0.460412132050581	0.323291382327606	0.153303687480479	0.347150072657399	0.196029293445215	0.274673640629561	0.194946993577109	0.17581427956224	0	0.203337140802344	0.239726009006115	0.210325048027223	0.191925855517248	0.213883306640778	0.142226827128979	0.25073064979943	0.302144708578739	0.244322634753432	0.134886605210609	0.345582538247833	0.307161749989881	0.286516462563247	0.364642312533138	0.271819026055459	0.390200652149359	0.32956498347361	0.257808593939909	0.178531491706056	0.179173937407883	0.176963799392096	0.188640263656921	0.370106057017683	0.253460696594767	0.278638242954023	0.194452326364266	0.338679656689288	0.248184372190365	0.26563485417238	0.153089454840288	0.250064541891501	0.239003566769549	0.228561601160393	0.248017990170005	0.278249097341458	0.174057322533249	0.184219555145183	0.0743381092488325	0.0951291604903196	0.329157369786201	0.370398570858993	0.229140309140964	0.420243961903154	0.188291940640005	0.227433420419158	0.303266196844092	0.132829964144192	0.277436996217434
700113058	0.330466545543698	0.214026909915715	0.185105367279409	0.41983826287536	0.240296197544109	0.125624103610983	0.31034437258399	0.0759261566864439	0.270980863832756	0.0843120181064023	0.199509781567996	0.203337140802344	0	0.155603537757967	0.122926858330234	0.230483025284454	0.10362176903978	0.206153243228392	0.25905970410802	0.257971301163846	0.26986810987357	0.23700763192514	0.321948025987237	0.275157737720331	0.334979736643106	0.301643361115749	0.163983700821669	0.297458626845742	0.223626667340061	0.125339790833156	0.139544030443907	0.237516906488308	0.173423103142022	0.13026367638926	0.305143139024994	0.213822346694104	0.243080956257708	0.123398417347903	0.272980214777951	0.128246516929037	0.206954691527798	0.0898329584903398	0.221361368129672	0.253288284929334	0.135250800073949	0.171736601108958	0.210244258579255	0.0800196474743836	0.14882080131103	0.188434986715078	0.24402738295348	0.28401770911656	0.326440900318212	0.236001025050504	0.390799911105368	0.0713246778410345	0.204970158432646	0.310447120770453	0.155504353777534	0.271365449643508
700099448	0.250964109199256	0.163863869619225	0.218123012246009	0.374573592303484	0.163489652876257	0.14130827926943	0.262296252505068	0.147500641879233	0.202543734640478	0.100195978118374	0.148124704541475	0.239726009006115	0.155603537757967	0	0.213242024855845	0.167523953607956	0.142616483754143	0.172027268524849	0.168691423734682	0.196817106328662	0.207071430260914	0.213140125264993	0.251238771649786	0.184395888090439	0.268238084769231	0.207075468397611	0.0965296984385161	0.281004924358151	0.192465625886782	0.147392215223135	0.105471434508449	0.22273358215255	0.121966263473657	0.101064522372714	0.216477603437704	0.167342070333073	0.155841954692311	0.139100114521347	0.207436102423381	0.224753854327105	0.150650414729813	0.16097051263514	0.120743044876885	0.208163497673494	0.125436736246406	0.147188543754748	0.13473427047095	0.141522037379575	0.0859982407255487	0.214913560318824	0.215358864292651	0.213325327029716	0.27807140682106	0.144882155237333	0.298246486557671	0.137449265410864	0.154793533683398	0.23167968550626	0.165270690374764	0.213148504614934
700109870	0.349650346182065	0.274527392531519	0.195055112387658	0.441954635160892	0.278074060011649	0.154169149390183	0.335613908928809	0.127504708154505	0.302279379515063	0.155900635924825	0.25400019818109	0.210325048027223	0.122926858330234	0.213242024855845	0	0.271392224835799	0.126097526998643	0.249128454176898	0.28992519476545	0.309357185083294	0.276362855050517	0.272943970752568	0.333923653701017	0.311565415880349	0.363725968617559	0.332388281222338	0.212491099456468	0.348257673495183	0.241502307405772	0.171823321626262	0.201043039590639	0.274728450632063	0.234132571850148	0.200368863368834	0.340062686168003	0.254923643882414	0.290132100553943	0.128392542838996	0.31439547160158	0.13136857505989	0.270390000694049	0.143359649382651	0.273002853837442	0.28680392119154	0.177986258288882	0.174890720023142	0.247926819457545	0.121749017677872	0.191030110513617	0.205799988461871	0.269291148805793	0.32864905461079	0.35088571803019	0.264116265543834	0.403415423469812	0.144792164735401	0.232959507258775	0.343700562675926	0.179474008732046	0.302764573434857
700033928	0.210368478120201	0.229780759282519	0.183099420491397	0.329172344580219	0.214556887213515	0.182822266118484	0.209956184287674	0.217437809698098	0.144116110400028	0.183580164961046	0.0778590398067787	0.191925855517248	0.230483025284454	0.167523953607956	0.271392224835799	0	0.218276275299835	0.15124189359939	0.129435955107941	0.179253249325595	0.151180970136408	0.1155941611277	0.254861796148346	0.147849443158085	0.177236795223181	0.221416245281648	0.204994846995132	0.332168009446707	0.277869434022197	0.231406038029203	0.142478130657241	0.144901616570156	0.0935782925456169	0.163339163041046	0.22271345904457	0.171218053409996	0.190046980827591	0.224966255238951	0.170105214947612	0.289926685133444	0.131709023835987	0.185163534761766	0.136290727719801	0.156481054473708	0.195949133631414	0.187415514537243	0.158753301899429	0.204847176059406	0.152845627547785	0.175334996952506	0.15286464632762	0.167761019952935	0.223999941974877	0.134342379263499	0.27728371045352	0.188066755508661	0.161888205330713	0.142819284767617	0.14239307633732	0.150982137504982
700023693	0.313349864943431	0.19886353142722	0.197945112737522	0.413034782241759	0.212539270659931	0.13344806211378	0.303542167910358	0.0565700891314455	0.259570865991514	0.0885497231428145	0.187018571419336	0.213883306640778	0.10362176903978	0.142616483754143	0.126097526998643	0.218276275299835	0	0.207353608572563	0.243567892833973	0.251227780800726	0.235515288665584	0.237917870770866	0.303772723072068	0.258643827620082	0.329411341510446	0.273828107265676	0.136192467244845	0.29222300328227	0.185144711736198	0.129055775245429	0.12060951383502	0.239906411615915	0.158096113586848	0.119778631475155	0.277940072691606	0.203930895358499	0.227602483355505	0.127230866193052	0.258701189882737	0.131295386972954	0.196154939891135	0.127530563260587	0.191076530925239	0.244591596498795	0.105772827308402	0.12738200012879	0.164557269466922	0.0848327192976778	0.135868066782833	0.201240415984889	0.247587916190889	0.277860215246893	0.315022324843455	0.209100313070856	0.371521840100144	0.104479076018035	0.189781400118432	0.300580154412719	0.173994223242669	0.261875184479524
700109627	0.294817539346667	0.259634996663557	0.12366431184846	0.436946063011124	0.259874879885996	0.10691236509014	0.3333637611542	0.206834326015322	0.234653532513964	0.154025402798684	0.129715507045379	0.142226827128979	0.206153243228392	0.172027268524849	0.249128454176898	0.15124189359939	0.207353608572563	0	0.215804182438635	0.274439608937104	0.245456708722158	0.140233106982822	0.317357823992719	0.240376365969282	0.264179368981397	0.308170847373182	0.204639937823402	0.360737384944144	0.323296093814444	0.216822603206942	0.127840475166654	0.179698587720404	0.155362984691079	0.148536631606361	0.306253068174892	0.238230772501967	0.181782768618507	0.155287287012268	0.283161943896495	0.268597920610937	0.233042171557624	0.172565427017642	0.175267708500262	0.213963279973672	0.238493344921146	0.229248126239374	0.239086188659331	0.19667638477605	0.117273327585817	0.136446699424004	0.135289549988913	0.297121801626058	0.344999295209351	0.185668932189703	0.345551964471748	0.189367805720932	0.219991416284025	0.267289543979906	0.133504128135025	0.263082706888252
700095416	0.149323479029508	0.229164369528445	0.248889001919482	0.325455979693624	0.206269816677615	0.210755172198871	0.177155451047876	0.247189227960716	0.0963714553084983	0.2091043601534	0.152242916770133	0.25073064979943	0.25905970410802	0.168691423734682	0.28992519476545	0.129435955107941	0.243567892833973	0.215804182438635	0	0.156962909274629	0.113268468421042	0.161390483573712	0.190075004421329	0.0943459179310786	0.156674221577588	0.200376732268874	0.199915934242522	0.352348856763572	0.275484314483553	0.259407803600526	0.191484064583491	0.159687553066768	0.161012964367006	0.201179762445708	0.188313347543269	0.143575075818241	0.184629783197851	0.23722660039176	0.140779954656334	0.314147025085768	0.114838106994543	0.255324099894595	0.12438268561449	0.143199574271328	0.217400051659693	0.190792323295494	0.129670116846563	0.237187303690571	0.169606828946774	0.235800685332775	0.218145436769808	0.140192591500893	0.205837315423133	0.0807803993869072	0.212821084027301	0.221234243128843	0.13930978416981	0.135977144323948	0.198974713589433	0.121532819402736
700110425	0.131644349828482	0.218570235196161	0.302539833432467	0.229544219521528	0.215708593936862	0.270808333838315	0.116057582494703	0.246199474252759	0.153918985558536	0.231380044935516	0.169593767318412	0.302144708578739	0.257971301163846	0.196817106328662	0.309357185083294	0.179253249325595	0.251227780800726	0.274439608937104	0.156962909274629	0	0.148676604896244	0.224292651165912	0.175762625598074	0.123871130832142	0.127493745535765	0.22314382464935	0.221387389662123	0.321008410139952	0.266719749617345	0.25479925160317	0.21842695340719	0.231374076703532	0.176832068040307	0.222202291429385	0.199779709425555	0.112278947045776	0.228793927401909	0.282123745705977	0.152926646654544	0.321491822446974	0.128625368195907	0.262118898695286	0.15888679556905	0.155065536738249	0.215342843644152	0.226566064907459	0.143649726108717	0.242662964745987	0.219086432670576	0.288314324228659	0.271160636335421	0.0922642227935321	0.116270944562378	0.168112068875762	0.192605366317921	0.229995127715409	0.124653313046883	0.10397758579419	0.244340165077287	0.135876484401521
700111580	0.179906197836497	0.270031799086446	0.253156645214261	0.310757869950471	0.257173290501524	0.218715325791565	0.1778767491653	0.245472536773222	0.136310710391203	0.22862807973607	0.165151698192005	0.244322634753432	0.26986810987357	0.207071430260914	0.276362855050517	0.151180970136408	0.235515288665584	0.245456708722158	0.113268468421042	0.148676604896244	0	0.163813143075297	0.195370534446492	0.143405824631008	0.114040179623739	0.263741095596816	0.263457000892445	0.389364068940078	0.263850649812208	0.288466714701746	0.197777360543853	0.158662103761163	0.176121970303416	0.221549477469645	0.246903460501882	0.145048165582291	0.2493148711183	0.252082516766701	0.191195515662091	0.299829500402416	0.136965569293204	0.254066413694158	0.175931617197745	0.145220602714174	0.205951142758633	0.19490726494433	0.164400522274914	0.224316465722673	0.184555153938228	0.22464181303481	0.221384016406421	0.139826032427575	0.207796000558967	0.0956687660100307	0.240530208085275	0.227450258075395	0.107887478817835	0.117118082727158	0.191303842865201	0.110119613358196
700111302	0.265140073093836	0.270809279950963	0.1226401875842	0.399143230783127	0.266820205173229	0.180183907927844	0.258827372476698	0.226586427460588	0.174058118186607	0.207618291583067	0.100362033328642	0.134886605210609	0.23700763192514	0.213140125264993	0.272943970752568	0.1155941611277	0.237917870770866	0.140233106982822	0.161390483573712	0.224292651165912	0.163813143075297	0	0.279025667878313	0.204295023825994	0.170710306993493	0.302856257217557	0.247167765383288	0.377083668291665	0.327826286943689	0.256309755259478	0.167567428852446	0.08195781154434	0.132607744709541	0.186046953892842	0.292541738542132	0.190321771963393	0.233064900320995	0.232226686572302	0.242374860105613	0.293346395698636	0.205946298109276	0.192068997770026	0.173009974718529	0.156998644060802	0.231918182888662	0.242794547498381	0.210886303606575	0.208225692457606	0.176996295326109	0.101508957574833	0.105005689453704	0.235931750855759	0.282372185282766	0.149696081508208	0.327838436015457	0.189149558576687	0.184451149975039	0.204669374768969	0.125871602695135	0.188658541256031
700098605	0.134212635257167	0.236712641441234	0.341557248715256	0.220070057180376	0.236436208252055	0.295692355866794	0.142029450304914	0.323771786107744	0.197962338888366	0.290066426685401	0.2573620226902	0.345582538247833	0.321948025987237	0.251238771649786	0.333923653701017	0.254861796148346	0.303772723072068	0.317357823992719	0.190075004421329	0.175762625598074	0.195370534446492	0.279025667878313	0	0.169501286889187	0.189049889482094	0.230356211063969	0.257560020116179	0.362758864881624	0.28661754327766	0.327538596013969	0.285664229395051	0.271216872792124	0.27325286271854	0.292071252300161	0.206002584925954	0.176901315815855	0.266201638108788	0.313816885203279	0.170029071915782	0.333678511515394	0.198646707908513	0.342798783699859	0.236238457243434	0.220456394947851	0.298788888127592	0.231157841592996	0.190696055011802	0.321260338676775	0.260136167359597	0.333971694557493	0.322386985247224	0.173349529749132	0.136711615121979	0.184825680139694	0.132740660911803	0.305080730541264	0.21151503795913	0.194173365146192	0.288382188631053	0.172814349699602
700111991	0.0908392754582409	0.208632531906714	0.292951905637355	0.276411336376073	0.194123741094196	0.254648455203199	0.144085606214903	0.270205056597319	0.105460252206357	0.235286114041882	0.171507128362808	0.307161749989881	0.275157737720331	0.184395888090439	0.311565415880349	0.147849443158085	0.258643827620082	0.240376365969282	0.0943459179310786	0.123871130832142	0.143405824631008	0.204295023825994	0.169501286889187	0	0.160441644841702	0.172703420274324	0.193384871286809	0.332158891082355	0.278314415008753	0.269994370918136	0.22653465161988	0.208817678654888	0.197730805029169	0.234302999433733	0.148808738486208	0.126269421101479	0.175690046807364	0.264898908665044	0.101855060090241	0.330679633330329	0.126582100115218	0.291534899806454	0.144832250556589	0.152600316587035	0.239486906933664	0.205296726303068	0.126938559092328	0.268401627974087	0.208868535609896	0.286569122053845	0.2544155373464	0.107255274561001	0.156848315705301	0.138171921794286	0.151642478552653	0.257800690501768	0.164358002664616	0.114450519850662	0.247974985433136	0.129158422348509
700108960	0.150111448312931	0.309686764326477	0.273561401514443	0.27145768278233	0.307138179035196	0.275386749212593	0.134022626471551	0.325984981348746	0.142273801509095	0.296231033134311	0.184352793887457	0.286516462563247	0.334979736643106	0.268238084769231	0.363725968617559	0.177236795223181	0.329411341510446	0.264179368981397	0.156674221577588	0.127493745535765	0.114040179623739	0.170710306993493	0.189049889482094	0.160441644841702	0	0.304347271824733	0.30716773535288	0.413967147396906	0.349497973305613	0.336505746067801	0.255686003085277	0.153313565448166	0.214476081416344	0.274732374852121	0.262253724319506	0.155186155067598	0.277445554164406	0.323120541058607	0.199402220983396	0.386474317781155	0.195719455534543	0.296688210056508	0.210665009037373	0.144380929265859	0.296775595019793	0.2938427036983	0.226980402693399	0.308036681031074	0.247213133233424	0.255361276902253	0.233216659009892	0.135661914994958	0.155385521176398	0.163477939443864	0.187367253890783	0.292775684996649	0.154565376348278	0.0863426132823802	0.233966935508379	0.119007685400266
700024452	0.201800650390461	0.163977942609547	0.345343125569229	0.265796911557331	0.151798156188267	0.301923881949285	0.211493710456927	0.29166425488457	0.227140590464904	0.269986500152867	0.257509178996805	0.364642312533138	0.301643361115749	0.207075468397611	0.332388281222338	0.221416245281648	0.273828107265676	0.308170847373182	0.200376732268874	0.22314382464935	0.263741095596816	0.302856257217557	0.230356211063969	0.172703420274324	0.304347271824733	0	0.1933774550419	0.27146470840935	0.193493884460459	0.259180570766931	0.2745041117833	0.300027064578722	0.24362133092147	0.256255385576272	0.076783004700458	0.223932608894604	0.25568553778844	0.304301545368935	0.152189717488683	0.3218351676639	0.186155675560368	0.312948486824342	0.21678466493602	0.272233358209934	0.23959924244816	0.20266076277505	0.156607729204202	0.297523086142508	0.250684307177279	0.341087238189462	0.321009436558166	0.197714071094184	0.21231323543416	0.220623167661234	0.216917803879719	0.279766451550272	0.239204609729861	0.242470253760095	0.294057995504615	0.249602460498782
700032931	0.239693389255449	0.137598358239181	0.237560339802834	0.376681955758739	0.148159962544696	0.176712947486215	0.280857204534187	0.150931924198671	0.218471599486333	0.13298127715426	0.173644146683699	0.271819026055459	0.163983700821669	0.0965296984385161	0.212491099456468	0.204994846995132	0.136192467244845	0.204639937823402	0.199915934242522	0.221387389662123	0.263457000892445	0.247167765383288	0.257560020116179	0.193384871286809	0.30716773535288	0.1933774550419	0	0.251323968659414	0.195233477861775	0.152742200112075	0.145256095404217	0.257475935187277	0.156655781568314	0.130696504093624	0.202304988033352	0.191308284802459	0.158232214957921	0.168649514260194	0.198218090960302	0.212374136377254	0.179022945004311	0.189180947648633	0.150220683251035	0.232900987319256	0.156382053556899	0.155348531994564	0.141134597220864	0.163365303603529	0.13941222999172	0.241843494969354	0.256230366769279	0.244256053002875	0.275130485611076	0.191345484138698	0.287032402396344	0.153703255230674	0.210499199045321	0.27139871770155	0.206455633397482	0.258906067929182
700095837	0.362437190277656	0.215478038283093	0.378339256484966	0.425115670704529	0.251861563234424	0.347763315934231	0.362678146173459	0.300646260579732	0.343369642639318	0.288711621071474	0.306768745833254	0.390200652149359	0.297458626845742	0.281004924358151	0.348257673495183	0.332168009446707	0.29222300328227	0.360737384944144	0.352348856763572	0.321008410139952	0.389364068940078	0.377083668291665	0.362758864881624	0.332158891082355	0.413967147396906	0.27146470840935	0.251323968659414	0	0.201456502084641	0.231445333110378	0.299370676396492	0.386158103606539	0.286010363730262	0.26111163685922	0.290694183440775	0.315611184589756	0.325464102893531	0.348815056860933	0.307777868132518	0.336689221100114	0.308102923429382	0.304083121045425	0.312481541948398	0.348886537036964	0.250686444338049	0.296720753865732	0.27938727028069	0.296047426106425	0.305618725937649	0.377585270892089	0.37418950720281	0.347299232038194	0.353184185972568	0.354406595404392	0.404224280090128	0.290825768013147	0.347401513798786	0.372428481748324	0.349894219646952	0.376224353421593
700024548	0.310547028784319	0.15600391279788	0.322144496511719	0.360299430477164	0.183352711743217	0.258171501232233	0.299528762416734	0.210923521386366	0.301236627087535	0.206629439290728	0.261974273975248	0.32956498347361	0.223626667340061	0.192465625886782	0.241502307405772	0.277869434022197	0.185144711736198	0.323296093814444	0.275484314483553	0.266719749617345	0.263850649812208	0.327826286943689	0.28661754327766	0.278314415008753	0.349497973305613	0.193493884460459	0.195233477861775	0.201456502084641	0	0.175672553165514	0.230286322747375	0.335042819273939	0.229937914001169	0.204887225725091	0.219806566053805	0.230122002537721	0.301213722023557	0.25962595245367	0.259133203129957	0.229730056001167	0.219128619797782	0.231131434828182	0.245755418898135	0.310659724983535	0.126331768590224	0.150013520895268	0.189577895185026	0.203690514689892	0.222117412410888	0.32666021781727	0.330345043510487	0.280708559983947	0.29995098806777	0.246762185246265	0.333658365644264	0.226019371458876	0.230661039219407	0.315947246450938	0.27166571570066	0.296436136379559
700110161	0.329125621058105	0.192570023171902	0.210805898298191	0.406766818913436	0.21208020215182	0.161116036769882	0.319296226502688	0.124348083594838	0.265788605100241	0.116388364878323	0.203388315034623	0.257808593939909	0.125339790833156	0.147392215223135	0.171823321626262	0.231406038029203	0.129055775245429	0.216822603206942	0.259407803600526	0.25479925160317	0.288466714701746	0.256309755259478	0.327538596013969	0.269994370918136	0.336505746067801	0.259180570766931	0.152742200112075	0.231445333110378	0.175672553165514	0	0.150954135509759	0.262814620073522	0.177203929570266	0.116250572610901	0.264693877823867	0.222757885687489	0.234920582936336	0.145682560462548	0.27331449172598	0.199649373316128	0.225609622015291	0.12746811054532	0.20260601819491	0.257358873523212	0.129840595868512	0.197335140557763	0.202028391760443	0.131126593723063	0.15668528915531	0.230106793158078	0.262606028765379	0.282608465466881	0.327719540457876	0.235601955730606	0.384159334736401	0.130075162868889	0.223466603592635	0.307111371788952	0.184720191231937	0.289117631731366
700023496	0.293733906940545	0.185463280083388	0.175484879202844	0.403225837726346	0.194497093319265	0.0937057944013227	0.291800234639553	0.124513188626005	0.210735688506526	0.0804675523602671	0.11068015756715	0.178531491706056	0.139544030443907	0.105471434508449	0.201043039590639	0.142478130657241	0.12060951383502	0.127840475166654	0.191484064583491	0.21842695340719	0.197777360543853	0.167567428852446	0.285664229395051	0.22653465161988	0.255686003085277	0.2745041117833	0.145256095404217	0.299370676396492	0.230286322747375	0.150954135509759	0	0.187974510862516	0.0866368690136249	0.0649327823861897	0.275758148118865	0.188063245085756	0.181940823723689	0.137232316106841	0.237075235469772	0.204863221914264	0.163389912018719	0.118900673510554	0.127339292771711	0.188569701514993	0.139374929361342	0.167442148940966	0.152896959472009	0.115654319471934	0.0720348068324454	0.171272182589981	0.1911052798999	0.247541394800881	0.306504724458317	0.145460943928133	0.353754390082254	0.100960480914901	0.174999859407335	0.235419992627823	0.151531151224713	0.214689672867989
700034628	0.26194150776675	0.283998213716482	0.168985755231365	0.401165147738636	0.286238740469322	0.188456009375926	0.246760409051943	0.22805761471142	0.152668060248419	0.212216408235419	0.135275141994094	0.179173937407883	0.237516906488308	0.22273358215255	0.274728450632063	0.144901616570156	0.239906411615915	0.179698587720404	0.159687553066768	0.231374076703532	0.158662103761163	0.08195781154434	0.271216872792124	0.208817678654888	0.153313565448166	0.300027064578722	0.257475935187277	0.386158103606539	0.335042819273939	0.262814620073522	0.187974510862516	0	0.161438359479164	0.193063161068207	0.273152173597333	0.16027562205998	0.256566950858716	0.235683254350247	0.238631265549493	0.292172593159061	0.214085128767564	0.196614738985938	0.193476151588138	0.122346856950528	0.242396475127358	0.247635854265156	0.2214553359512	0.213455014972575	0.185800222548481	0.14370307755582	0.154307515061086	0.225757034512403	0.278234577582199	0.159313468801103	0.314788710116505	0.190744107699576	0.178004357431618	0.183216802736256	0.145350008400851	0.149680393588461
700023645	0.260013173829804	0.180427824236655	0.180116429430057	0.36357233971514	0.193326050753307	0.155755444288312	0.251277804546518	0.155659613597974	0.187763957568274	0.132021540327247	0.0779137562234961	0.176963799392096	0.173423103142022	0.121966263473657	0.234132571850148	0.0935782925456169	0.158096113586848	0.155362984691079	0.161012964367006	0.176832068040307	0.176121970303416	0.132607744709541	0.27325286271854	0.197730805029169	0.214476081416344	0.24362133092147	0.156655781568314	0.286010363730262	0.229937914001169	0.177203929570266	0.0866368690136249	0.161438359479164	0	0.0979146779586223	0.249972370701194	0.156225053936715	0.195144208928317	0.188537917011697	0.210905868935647	0.24160411471772	0.142964082628082	0.132667595297114	0.124511520729355	0.165251791086122	0.12932688023189	0.172084709760035	0.142152463727072	0.142934573409526	0.112984455772095	0.164054943104452	0.157579595620696	0.208283805269694	0.264192866558953	0.154032891839965	0.325067316342549	0.128806834746929	0.159148745890155	0.1926982167697	0.127734585468954	0.194390174216439
700038744	0.298685297904999	0.169481697075912	0.174643606868079	0.398518192787095	0.191179388676947	0.112077082883518	0.289810175866746	0.117551842123426	0.220101959673847	0.0726914769265302	0.128736433116431	0.188640263656921	0.13026367638926	0.101064522372714	0.200368863368834	0.163339163041046	0.119778631475155	0.148536631606361	0.201179762445708	0.222202291429385	0.221549477469645	0.186046953892842	0.292071252300161	0.234302999433733	0.274732374852121	0.256255385576272	0.130696504093624	0.26111163685922	0.204887225725091	0.116250572610901	0.0649327823861897	0.193063161068207	0.0979146779586223	0	0.255965565151243	0.175464051745612	0.190101384826784	0.134808701853789	0.240860583774492	0.201346996758896	0.181710770169902	0.100573009929223	0.139758610701948	0.197223461491521	0.116417445312018	0.169886593891579	0.167433516710257	0.0968108708223173	0.080016528135665	0.172678794090724	0.200803224604772	0.251117750422993	0.306447220674727	0.164320178726612	0.355476317002809	0.10092249400377	0.178357187585392	0.246742387477649	0.153225206161783	0.229470729496284
700038485	0.17190620617248	0.169956562341576	0.345642634433893	0.245188336307258	0.161952908380862	0.300809324076134	0.182318286208697	0.296446343410156	0.186631444006353	0.268461212295783	0.247193266611362	0.370106057017683	0.305143139024994	0.216477603437704	0.340062686168003	0.22271345904457	0.277940072691606	0.306253068174892	0.188313347543269	0.199779709425555	0.246903460501882	0.292541738542132	0.206002584925954	0.148808738486208	0.262253724319506	0.076783004700458	0.202304988033352	0.290694183440775	0.219806566053805	0.264693877823867	0.275758148118865	0.273152173597333	0.249972370701194	0.255965565151243	0	0.190301740104088	0.253076192642402	0.312466190967698	0.106717472273459	0.324985491947956	0.195178592298807	0.320935897634011	0.214848333858478	0.232384901856752	0.25478341307546	0.207486440018755	0.164249719904649	0.302523513777077	0.250101920285334	0.343472022273799	0.317330886508244	0.174246536815588	0.171655581161476	0.211809608930916	0.186153913940352	0.284505497342618	0.234632211875252	0.203540936217343	0.300596802589308	0.217100902985186
700024743	0.161686250856506	0.188849649227573	0.25152261212373	0.300062624360428	0.20736271545179	0.215623145624574	0.153660549072033	0.199484975095108	0.128601741154898	0.178423261471248	0.149260046529093	0.253460696594767	0.213822346694104	0.167342070333073	0.254923643882414	0.171218053409996	0.203930895358499	0.238230772501967	0.143575075818241	0.112278947045776	0.145048165582291	0.190321771963393	0.176901315815855	0.126269421101479	0.155186155067598	0.223932608894604	0.191308284802459	0.315611184589756	0.230122002537721	0.222757885687489	0.188063245085756	0.16027562205998	0.156225053936715	0.175464051745612	0.190301740104088	0	0.212872010313046	0.226372420396424	0.151917433437943	0.266355614866018	0.128314897395553	0.224236666125175	0.149207307959883	0.101383182111931	0.179517845488249	0.18527468463908	0.135107661084481	0.198092083130026	0.16431904495462	0.238475093418734	0.233842110168259	0.129368362285377	0.175787360364515	0.13668401238664	0.214053979867462	0.187946618918948	0.129717032941171	0.124253888390328	0.196889592680809	0.101732290138672
