700108602	700014971	700033565	700109389	700023058	700023927	700106341	700114221	700023543	700023439	700016978	700024192	700113058	700099448	700109870	700033928	700023693	700109627	700095416	700110425	700111580	700111302	700098605	700111991	700108960	700024452	700032931	700095837	700024548	700110161	700023496	700034628	700023645	700038744	700038485	700024743	700099596	700110760	700101587	700106399	700032322	700095653	700021312	700101230	700023590	700038905	700033136	700023382	700096424	700105469	700016908	700096053	700108479	700109569	700033814	700016125	700109756	700102665	700101777	700109455
700108602	0	0.231531154334829	0.33944838533215	0.199632802376621	0.192566775099399	0.321782465686458	0.113492830686418	0.317460208071633	0.152932110614533	0.313479051239623	0.220122847071376	0.373198924282652	0.328374257154676	0.245420681701291	0.345263111719863	0.250760832170422	0.316783699776569	0.301963750170642	0.168487533389826	0.120917923327738	0.194449545362927	0.282360459601013	0.140081736121531	0.100350993855223	0.171337773414697	0.158618701532388	0.23995029194187	0.317697994496172	0.297560087201366	0.332466706532122	0.276992499083047	0.298265035094288	0.237413788625744	0.298844683713091	0.165450496582657	0.168616650295046	0.267222694856186	0.340399457587366	0.109163067358839	0.372038301811152	0.18375997697973	0.346841730625173	0.224965447757686	0.206494461884762	0.313436860243251	0.235995482452279	0.198010987201418	0.320967602725418	0.262908314980856	0.344856387425307	0.311521537606315	0.106326014068255	0.104729793594161	0.159630300835071	0.106758069866274	0.321374600962406	0.194950967417928	0.11263248927733	0.316252045146712	0.151684738482169
700014971	0.231531154334829	0	0.260916374007487	0.338008735799987	0.153657504238934	0.23349763257026	0.254072186798748	0.189045778724854	0.204344857049156	0.169525361025016	0.180942645603353	0.320553914502178	0.20095843595807	0.156345892262788	0.247618864252542	0.257866035635091	0.183210484140892	0.245543455743893	0.227271276323194	0.227821596443716	0.245332020776285	0.25482491407609	0.207795115926732	0.234969662277705	0.294899233587251	0.160574648492322	0.142430536962274	0.216149344331216	0.159727707297115	0.193482708370612	0.171330825808698	0.277346626012814	0.185477305673036	0.1832716788905	0.187371977859237	0.167767818173852	0.241335019138037	0.267190344709792	0.188526827825857	0.220152004697831	0.185050532069633	0.225213045156592	0.162091596528865	0.238309046570331	0.183487161979582	0.18113883029715	0.131882291700173	0.204347450716092	0.175807134159896	0.279001674837269	0.286871462271695	0.210600548973257	0.246197169316858	0.18492404223969	0.280046217742096	0.177259535227663	0.225118045801044	0.246366459459492	0.253189541489757	0.23992483911425
700033565	0.33944838533215	0.260916374007487	0	0.438621076155386	0.2713714348264	0.0667367106340457	0.287485411313984	0.151956967999981	0.258773095376004	0.136202536477512	0.15362567817017	0.111837489547502	0.150281680117	0.169653310268012	0.171691402195455	0.149015195957388	0.147732936238533	0.112696941598562	0.239497160538569	0.289124876668389	0.246273081580095	0.13289244290428	0.311881097818183	0.272607891752838	0.26271006844161	0.316744619905825	0.205483954362504	0.355136948588174	0.284834130939294	0.188481007008328	0.156547438301419	0.154395545436048	0.134045855524995	0.105092141930133	0.343751102399477	0.225684336354759	0.213925813739965	0.104127998608511	0.286418525895888	0.235335927183551	0.20701027434344	0.100103633068975	0.224228212880265	0.223161309722276	0.218210411421858	0.201607155489221	0.232261196325559	0.141048026403691	0.155764240605803	0.0817043677487982	0.145115998698443	0.318482762073283	0.343218964279261	0.22593206721286	0.380040913581188	0.145538982180572	0.212358749327781	0.291535051150412	0.0931721119052688	0.285111314741935
700109389	0.199632802376621	0.338008735799987	0.438621076155386	0	0.327550740977915	0.43091725100856	0.230577421506398	0.421313355530078	0.295089758641533	0.410243166877762	0.340423269417995	0.458849763838836	0.42310939233584	0.373244993188248	0.433182655480782	0.361585131470778	0.421858353393233	0.430567035561921	0.326889929683217	0.201010010220769	0.295282576135561	0.388021885100589	0.212653429073203	0.265627334319976	0.28502008347822	0.271086523001642	0.383066814138395	0.425598195718633	0.37044324189712	0.425772253959364	0.401384321898063	0.408515493536443	0.344830024615051	0.409996646947722	0.27121104234452	0.285613042989673	0.395033189594467	0.446715066010007	0.257107426860321	0.433084594582933	0.312037531409821	0.432660915106694	0.356044623495755	0.327450819434777	0.403833467799379	0.349058568068373	0.329530143929879	0.419328866614479	0.382983082093395	0.436975950426529	0.413211873300984	0.208205393647031	0.155177101468659	0.293995651035106	0.188823839765604	0.415748378346673	0.278850962646142	0.228864191684765	0.403445071043284	0.262083094153027
700023058	0.192566775099399	0.153657504238934	0.2713714348264	0.327550740977915	0	0.236584395496638	0.209882833715811	0.226984277476412	0.162148079525765	0.215822108851989	0.166109477644245	0.325264843259962	0.248973295802276	0.168106058821496	0.280403031239163	0.234060062278779	0.226660782994146	0.21398175941253	0.169137105158669	0.199121449961689	0.231644036865887	0.248653698628541	0.215012788942764	0.173199540167754	0.259159597489302	0.152311450838338	0.154171690044446	0.26679614725498	0.236442628540076	0.226532685474145	0.175141015850583	0.273754063574035	0.189918915157284	0.205171985753931	0.165833181839202	0.176593572211736	0.173735501793089	0.227181605886448	0.14236149922915	0.292048800357181	0.161979889488659	0.251609523569537	0.115070875623605	0.213521606456309	0.21562026591536	0.209148285371526	0.131649044016094	0.23610988491781	0.162885710038571	0.292521932694339	0.279100283110789	0.16875615511104	0.215465649328751	0.153854292345685	0.248126636811257	0.223033004642835	0.227665766769126	0.199347991755955	0.271061482532364	0.205532370183688
700023927	0.321782465686458	0.23349763257026	0.0667367106340457	0.43091725100856	0.236584395496638	0	0.282596861560036	0.142132597707444	0.251654828548687	0.115672655990282	0.15111585537808	0.137190533029122	0.144816824354874	0.126312907072651	0.171706391458947	0.16254744883653	0.121344667108417	0.0869667120687885	0.227998603008239	0.283064888630435	0.225487828912499	0.152043663697788	0.275226342691442	0.25627048784802	0.260333493372699	0.286887743302377	0.172419410869871	0.344533873098134	0.252701399333463	0.189236327499789	0.109140113900193	0.168479233569945	0.126952968197565	0.0779415347426876	0.321619943887707	0.215016423892565	0.191508682159844	0.0848305939164837	0.277607903001313	0.222694917165748	0.187953328635907	0.102213151999292	0.195168595295181	0.221451924532027	0.187316458979905	0.17476727908647	0.202619628430676	0.130520911377022	0.109349609549945	0.102850799396782	0.164610288721381	0.306363829692647	0.331044372957229	0.20314243908288	0.364164779286645	0.123980364055509	0.192691130736592	0.281939350805425	0.1063868462715	0.265098156825923
700106341	0.113492830686418	0.254072186798748	0.287485411313984	0.230577421506398	0.209882833715811	0.282596861560036	0	0.301545718832268	0.106066829386937	0.278659492655235	0.178172385096423	0.303393266515066	0.298802162575017	0.233982810520348	0.328444593732715	0.2023840982952	0.280581323333061	0.29417964122228	0.138523196661707	0.093875388472401	0.120396254579952	0.219383523006061	0.156645531611942	0.11206685665254	0.104077918266585	0.21974315429536	0.273947862594612	0.358112746703663	0.314961418098786	0.316692225115323	0.249209981221456	0.208829691970529	0.195174913485288	0.270826240809065	0.240645217158139	0.120437824303376	0.253953249432458	0.296853691952847	0.117509961184999	0.369982623746404	0.151809472244451	0.304084521026841	0.208852091862944	0.135021415518497	0.266787133953408	0.240592508886274	0.189764948199221	0.276528261327677	0.239262948383617	0.27658709513697	0.263323116617104	0.103576053924076	0.115594873375436	0.118421005428229	0.153605352265935	0.276234628377701	0.13313616894473	0.0894694831325158	0.252433627197258	0.0661134356892878
700114221	0.317460208071633	0.189045778724854	0.151956967999981	0.421313355530078	0.226984277476412	0.142132597707444	0.301545718832268	0	0.25710289036392	0.0920538187373914	0.207024634486124	0.224177954835231	0.082991427394826	0.151658686798866	0.110437100413898	0.252607532695025	0.0608823308622606	0.191643100570164	0.267407047596269	0.283769337751453	0.269063758001746	0.243253186509288	0.291184758541027	0.29030735239478	0.336391552569671	0.267782078070362	0.145188746065497	0.299036415376081	0.201269775325726	0.123379273714404	0.133488565668714	0.254812162046534	0.193430754626385	0.117625675809357	0.307626019574645	0.209537059292615	0.226383779137824	0.13440487000144	0.262164278613776	0.132179295726297	0.214064620532746	0.110403110942659	0.210650554348102	0.264114314193168	0.164258526084736	0.151555143496192	0.168156310241503	0.0792328129518935	0.157231776904696	0.187253270394543	0.261509498105557	0.284587490117807	0.317637126130762	0.236219832216886	0.381422357417245	0.099280761722109	0.218025673036303	0.314219162254222	0.18872219096321	0.280531046163186
700023543	0.152932110614533	0.204344857049156	0.258773095376004	0.295089758641533	0.162148079525765	0.251654828548687	0.106066829386937	0.25710289036392	0	0.236405904793103	0.143703467729236	0.29289739327827	0.260733367743656	0.198237970835233	0.291218624150659	0.182699004801984	0.236754327584217	0.249878903994153	0.112784704585372	0.144338058827741	0.15603319715001	0.199008779300615	0.194338849833185	0.11416226506943	0.159056484862631	0.188525761764275	0.213769739067078	0.305795770514	0.299450752824244	0.267066313511526	0.207286393099593	0.195781711423975	0.171098006477587	0.228420053505638	0.199364887317627	0.128676554836105	0.199647622788457	0.272696702075371	0.0897885123329088	0.33482735214004	0.134179475829522	0.274684453747687	0.168865730048501	0.0961633628201088	0.247574989680727	0.218653149861735	0.139841621928812	0.244253720053212	0.209533005696701	0.260916719453921	0.248337499692535	0.123338138369522	0.16137211854277	0.12010495241258	0.19749581255076	0.243559841945318	0.170831306158069	0.122146435071554	0.245931260062729	0.097160577403487
700023439	0.313479051239623	0.169525361025016	0.136202536477512	0.410243166877762	0.215822108851989	0.115672655990282	0.278659492655235	0.0920538187373914	0.236405904793103	0	0.164671572768503	0.205382908371666	0.0954729598054282	0.114462714857445	0.159466622857797	0.21239674887951	0.0657834530593506	0.147849380841192	0.238653401735365	0.267335416947643	0.2404569156322	0.208817653055605	0.294618001769207	0.259293833425127	0.296004860314746	0.259960815000604	0.150729400023468	0.272654453142543	0.192767530801663	0.118743190296473	0.101891348516839	0.232912326171124	0.151037077282711	0.0756070100223778	0.296827218032776	0.181571263177863	0.199759186870161	0.140087578892194	0.253055194479861	0.147876613244075	0.172006041080971	0.0832509008476624	0.185008399943456	0.229327313617379	0.11874933969209	0.164429670697392	0.175258213810068	0.087065216353701	0.118656443738123	0.166872902308384	0.223754822178578	0.267783110454632	0.314298759981339	0.210063245705472	0.374405564740501	0.0685734862282387	0.190387695214561	0.266300495753406	0.174291820884136	0.263016593863156
700016978	0.220122847071376	0.180942645603353	0.15362567817017	0.340423269417995	0.166109477644245	0.15111585537808	0.178172385096423	0.207024634486124	0.143703467729236	0.164671572768503	0	0.200395260735888	0.211202928483542	0.140774632317363	0.252012849137965	0.110713071438003	0.175472336971572	0.149534022554305	0.125712449171858	0.173852286091638	0.137845514530035	0.108665963134084	0.222071317670694	0.150936451975583	0.156924811404736	0.225325976474788	0.183834561693132	0.293088259336736	0.263902359659527	0.222205229373244	0.13154515438893	0.151146998188072	0.0707885209474681	0.13069573684907	0.240162936013395	0.136377121604891	0.162207596579309	0.186382211758603	0.159752514777736	0.288542833364878	0.100593047377242	0.17869130236966	0.142132691204887	0.121801114452705	0.173164776840885	0.178878997477827	0.13243741291198	0.188077010391584	0.139925626700467	0.166033819764346	0.149608818095993	0.202239815915378	0.227585511226896	0.114625297905861	0.265280626738855	0.166673044215741	0.14614473979091	0.172459844548307	0.152852405535498	0.177904022455532
700024192	0.373198924282652	0.320553914502178	0.111837489547502	0.458849763838836	0.325264843259962	0.137190533029122	0.303393266515066	0.224177954835231	0.29289739327827	0.205382908371666	0.200395260735888	0	0.217640528911706	0.240624257626956	0.21821470902682	0.161479025620419	0.20674098100916	0.173501468696802	0.25914593027312	0.320751390101935	0.238109795098553	0.116395794952905	0.350839988938172	0.306949351082842	0.264207267631034	0.352332248952025	0.273987051786331	0.40008231010888	0.33166444806957	0.274804862949379	0.207772174294477	0.136773208513862	0.174219878016923	0.176690655641158	0.389332557492407	0.265563045303114	0.265953334397905	0.1773777318284	0.326087794770804	0.282817091552445	0.242817882525297	0.165909291984533	0.286010639752225	0.247286762671232	0.235545498171665	0.240009098502057	0.271807557896106	0.183048111798164	0.221053503420836	0.0778452883443532	0.113130244313966	0.350655912194629	0.366194437075109	0.259632418060033	0.419528157129656	0.199766274406117	0.228054950083606	0.324159658648541	0.115070711893675	0.304984981677852
700113058	0.328374257154676	0.20095843595807	0.150281680117	0.42310939233584	0.248973295802276	0.144816824354874	0.298802162575017	0.082991427394826	0.260733367743656	0.0954729598054282	0.211202928483542	0.217640528911706	0	0.159657208730454	0.104983492766834	0.253395917170288	0.100852853356707	0.194283266293003	0.271197835301746	0.285187539331029	0.269919977852276	0.241243628055653	0.304972117519397	0.292390120137739	0.33171218321816	0.289307257380517	0.184683681433602	0.301972140192764	0.215713748860793	0.132788522310118	0.158366220140796	0.248334280426438	0.197459667043312	0.12824415800925	0.330675794279639	0.21539819379253	0.237247749227395	0.139716229796758	0.274492554748602	0.149404772217169	0.221911999131248	0.101862736636902	0.235879942578162	0.265162307426524	0.16336763834885	0.172760437266538	0.207252566319055	0.0867945097055425	0.163914620450469	0.177473859304945	0.261228445669539	0.293363816172291	0.323794717169867	0.248930940177033	0.394362561204535	0.0924822599933027	0.218851402497969	0.310143132283222	0.182163928894425	0.280283881494989
700099448	0.245420681701291	0.156345892262788	0.169653310268012	0.373244993188248	0.168106058821496	0.126312907072651	0.233982810520348	0.151658686798866	0.198237970835233	0.114462714857445	0.140774632317363	0.240624257626956	0.159657208730454	0	0.198785406475158	0.193526950703363	0.11772950500663	0.143178471964397	0.172032852101081	0.217497351243165	0.198830456199428	0.203298958239264	0.223503474480704	0.186973836543271	0.251823932625143	0.190412154842018	0.101833430584762	0.283788788402484	0.191510957896355	0.162189974683671	0.0994351505452376	0.230589723492038	0.132830230020025	0.0997464519726487	0.230154159090989	0.150497845326366	0.15858475919461	0.148980213751654	0.197436009577437	0.229966043171394	0.125164273439312	0.159817328025553	0.116620996294176	0.20610219374711	0.14690185128792	0.144753002096735	0.135029981634959	0.142003676315448	0.0697743679255327	0.192961492760527	0.211366666960666	0.220465039221598	0.269013974341296	0.151358423935413	0.29064188457473	0.134729558921569	0.154107861167821	0.216108177219683	0.174040975686291	0.216868331793337
700109870	0.345263111719863	0.247618864252542	0.171691402195455	0.433182655480782	0.280403031239163	0.171706391458947	0.328444593732715	0.110437100413898	0.291218624150659	0.159466622857797	0.252012849137965	0.21821470902682	0.104983492766834	0.198785406475158	0	0.287894915860342	0.137171113401018	0.23422900625433	0.299556640095978	0.310581569968395	0.276302341173025	0.271853031427444	0.319093110974527	0.322717505674207	0.358634225523456	0.310183654021731	0.211694356746389	0.344806827444793	0.230283245009759	0.17129576997117	0.201916200028863	0.266236839454722	0.23799931364435	0.176395782502181	0.355691023919792	0.250866577343132	0.272519302632777	0.148523011817561	0.302799971456946	0.165961958193879	0.256868401477669	0.143118803200761	0.275199340439869	0.295282311395362	0.197580677776432	0.172394590610989	0.22862997577075	0.109674588999766	0.201080453537536	0.192434917279804	0.282971020245307	0.32414352764582	0.339944256602341	0.275362990578872	0.403654493120045	0.157383628709415	0.248243370016438	0.343793889416227	0.199879449024398	0.310324308551582
700033928	0.250760832170422	0.257866035635091	0.149015195957388	0.361585131470778	0.234060062278779	0.16254744883653	0.2023840982952	0.252607532695025	0.182699004801984	0.21239674887951	0.110713071438003	0.161479025620419	0.253395917170288	0.193526950703363	0.287894915860342	0	0.223943740697641	0.152051187076406	0.14954077545171	0.231887801031052	0.159128394847327	0.07308241338499	0.261004086300281	0.176827729302633	0.174232961175084	0.270048394696104	0.240040226607469	0.341840079987749	0.322422300648763	0.270626363305728	0.189850980391066	0.124337517452137	0.0998954024937362	0.173873605884968	0.287109065056404	0.215663240576771	0.203936757624029	0.216078222967672	0.201980403543801	0.328253077658754	0.139499065508769	0.204342074790117	0.192039187136631	0.174770703808226	0.224546741417365	0.21582215244371	0.185058287937113	0.232549088102468	0.196643512747733	0.125134669481819	0.10232040272453	0.228945550154364	0.266990799189099	0.171662189993908	0.291572306040645	0.207939591887215	0.186269388398527	0.198737155284367	0.128311049063009	0.20121383506911
700023693	0.316783699776569	0.183210484140892	0.147732936238533	0.421858353393233	0.226660782994146	0.121344667108417	0.280581323333061	0.0608823308622606	0.236754327584217	0.0657834530593506	0.175472336971572	0.20674098100916	0.100852853356707	0.11772950500663	0.137171113401018	0.223943740697641	0	0.164251181076817	0.2455778868318	0.265589331585987	0.229547645062318	0.218974833532641	0.285695300070922	0.264098540276634	0.306636056020614	0.267261405463104	0.148280652805675	0.299542072429955	0.195787174569152	0.137571557633516	0.0996353115043071	0.231934502119779	0.167594280355047	0.0928719377130513	0.309266560364414	0.185641950813518	0.201736469063865	0.14214703089846	0.253655373673434	0.145106907870886	0.182947683194055	0.111647500998269	0.180842985688026	0.236494132082256	0.130678418180936	0.148987484517686	0.159024155911881	0.0764982749536484	0.127067378280817	0.173268754426687	0.237468927242471	0.277052239105805	0.31569939258749	0.209114215373023	0.376529894899185	0.0869611565301748	0.188207158185431	0.284088580499421	0.180147390338038	0.256397316806162
700109627	0.301963750170642	0.245543455743893	0.112696941598562	0.430567035561921	0.21398175941253	0.0869667120687885	0.29417964122228	0.191643100570164	0.249878903994153	0.147849380841192	0.149534022554305	0.173501468696802	0.194283266293003	0.143178471964397	0.23422900625433	0.152051187076406	0.164251181076817	0	0.227769013148631	0.272383948770022	0.253154499193642	0.161133338870079	0.301656871495896	0.240071957647002	0.255369603376709	0.284521046233931	0.173512039288801	0.327639327506892	0.301591602930103	0.212087521116291	0.119630078350001	0.197830528603007	0.129185424031223	0.107898143481924	0.301267771464265	0.220443266826906	0.159783139223203	0.127065251687367	0.263584897393281	0.273055895726831	0.194282183720152	0.148130835329401	0.164639969627948	0.219654535179689	0.211697038522671	0.218732836268629	0.217552023118354	0.187214313092974	0.108218981831665	0.154120399691023	0.167888069890865	0.304553917039311	0.336142815145035	0.223354340635182	0.345671597151481	0.169576423901015	0.227349515591159	0.268184455838253	0.160442973574994	0.290018993984143
700095416	0.168487533389826	0.227271276323194	0.239497160538569	0.326889929683217	0.169137105158669	0.227998603008239	0.138523196661707	0.267407047596269	0.112784704585372	0.238653401735365	0.125712449171858	0.25914593027312	0.271197835301746	0.172032852101081	0.299556640095978	0.14954077545171	0.2455778868318	0.227769013148631	0	0.175739877307191	0.12389044600355	0.167646600505912	0.196585912872462	0.100226856419617	0.149620649713016	0.184762810962973	0.19627703997145	0.329868658961847	0.294852011586853	0.278659502932414	0.193953164417445	0.182886269069116	0.156781678396973	0.220560595711533	0.2053046160529	0.157161987850883	0.186043317087684	0.234868597446714	0.134597406342925	0.344635867496902	0.11088636312886	0.270705832907404	0.149313334703085	0.144921104451041	0.239753046374175	0.213631986831728	0.150320991369916	0.253348017995033	0.185105505883389	0.229682450777053	0.206041319618674	0.168187075754178	0.204044769620292	0.0966657467199574	0.200463657026597	0.238936481645572	0.154031886785689	0.150401483158715	0.215320114975956	0.146444742909061
700110425	0.120917923327738	0.227821596443716	0.289124876668389	0.201010010220769	0.199121449961689	0.283064888630435	0.093875388472401	0.283769337751453	0.144338058827741	0.267335416947643	0.173852286091638	0.320751390101935	0.285187539331029	0.217497351243165	0.310581569968395	0.231887801031052	0.265589331585987	0.272383948770022	0.175739877307191	0	0.1578701088049	0.232872514712288	0.135255935105405	0.121328826478379	0.129882607288209	0.214926930947066	0.246298589942719	0.316272430790741	0.293970561509058	0.290983925292832	0.24432489202935	0.256136811810818	0.189816929067426	0.259984933436652	0.22533741565283	0.117890630084995	0.240063950854628	0.302345062055343	0.125964060100106	0.354830318862753	0.164730500231735	0.293411780579378	0.196031759614407	0.157245794414087	0.257455889744454	0.225705075901571	0.172900520732595	0.270485464455726	0.227568975158496	0.291548097810202	0.268327632915586	0.107532151763639	0.0873965920322576	0.138335309355364	0.155355873725987	0.270508153754878	0.128191892795022	0.107885855259171	0.262928614698413	0.124252468222377
700111580	0.194449545362927	0.245332020776285	0.246273081580095	0.295282576135561	0.231644036865887	0.225487828912499	0.120396254579952	0.269063758001746	0.15603319715001	0.2404569156322	0.137845514530035	0.238109795098553	0.269919977852276	0.198830456199428	0.276302341173025	0.159128394847327	0.229547645062318	0.253154499193642	0.12389044600355	0.1578701088049	0	0.166459700673206	0.186558793251334	0.13308017984181	0.116926286415102	0.232900680946709	0.260898425660713	0.36772124259599	0.264480518471749	0.298089973902403	0.200609257852489	0.173432045740204	0.147662536361274	0.226029494185141	0.274592382013036	0.147271740334185	0.245577671386412	0.241493962499282	0.174365874840438	0.320913976478409	0.120809557049139	0.253592900818242	0.20537963103991	0.141356725478118	0.200572046422211	0.18547482541199	0.16400249315404	0.227200378876496	0.204741306083321	0.213433838900213	0.211901470590251	0.156601200234523	0.198099999918727	0.104670088539497	0.234967493569987	0.231060677337282	0.099343280071713	0.130492577308217	0.183284452600702	0.125929270197025
700111302	0.282360459601013	0.25482491407609	0.13289244290428	0.388021885100589	0.248653698628541	0.152043663697788	0.219383523006061	0.243253186509288	0.199008779300615	0.208817653055605	0.108665963134084	0.116395794952905	0.241243628055653	0.203298958239264	0.271853031427444	0.07308241338499	0.218974833532641	0.161133338870079	0.167646600505912	0.232872514712288	0.166459700673206	0	0.285283610864715	0.212606744867627	0.169034393225424	0.290761826158333	0.247394946710894	0.350163394527664	0.330430470834254	0.270224973180196	0.190385064031135	0.0861608592982658	0.103513809733693	0.165827377836311	0.315344657108578	0.20517899073026	0.216865224152881	0.205841897102409	0.232725960004818	0.315258254743053	0.175008157003958	0.187463784191041	0.208675805792828	0.167008046049469	0.222230062670051	0.233769675951626	0.202568130183053	0.209618165198968	0.201333223022722	0.0901376583350044	0.0831857726875936	0.259056224267514	0.285689404060824	0.179415190027855	0.330791046206846	0.192984666210192	0.187548045924358	0.230114051103845	0.104181551791428	0.223807221419222
700098605	0.140081736121531	0.207795115926732	0.311881097818183	0.212653429073203	0.215012788942764	0.275226342691442	0.156645531611942	0.291184758541027	0.194338849833185	0.294618001769207	0.222071317670694	0.350839988938172	0.304972117519397	0.223503474480704	0.319093110974527	0.261004086300281	0.285695300070922	0.301656871495896	0.196585912872462	0.135255935105405	0.186558793251334	0.285283610864715	0	0.16421637887216	0.215563534685654	0.189369041730487	0.22835535508233	0.329460964986494	0.274627303496614	0.314642964408671	0.248635669046494	0.302058694670114	0.230063951624273	0.279539147037383	0.213532786027169	0.186332280490386	0.255591948346643	0.294699935606948	0.158818558343839	0.335621130402524	0.178156009452351	0.329602763709917	0.221182811424013	0.225023006443298	0.292973149684988	0.212220831050993	0.176661134686214	0.298336175200911	0.236659790884982	0.311959549860177	0.307822316353877	0.168204282898968	0.142689175753012	0.15220310633898	0.136782055350596	0.299375195124309	0.183832508150721	0.18888661632625	0.285256724716086	0.149783510758097
700111991	0.100350993855223	0.234969662277705	0.272607891752838	0.265627334319976	0.173199540167754	0.25627048784802	0.11206685665254	0.29030735239478	0.11416226506943	0.259293833425127	0.150936451975583	0.306949351082842	0.292390120137739	0.186973836543271	0.322717505674207	0.176827729302633	0.264098540276634	0.240071957647002	0.100226856419617	0.121328826478379	0.13308017984181	0.212606744867627	0.16421637887216	0	0.144058333671428	0.166749885551605	0.216424805379805	0.3180154716094	0.296048014703869	0.299198906941261	0.220912610593396	0.241621230430711	0.179401827780649	0.246550404536805	0.188479412694118	0.135415251735544	0.19805618495098	0.269401821380972	0.106360670105902	0.366061732811994	0.12206326565632	0.295330302162471	0.161407061252446	0.149377986474189	0.257492708136824	0.222165274499049	0.158229517975854	0.273355857582126	0.200683536029357	0.277655535490114	0.242649476454705	0.12088497333177	0.159172904378027	0.104888454661797	0.146813718644253	0.269787351246248	0.144870737640704	0.106441659842158	0.257190012853548	0.126452682047197
700108960	0.171337773414697	0.294899233587251	0.26271006844161	0.28502008347822	0.259159597489302	0.260333493372699	0.104077918266585	0.336391552569671	0.159056484862631	0.296004860314746	0.156924811404736	0.264207267631034	0.33171218321816	0.251823932625143	0.358634225523456	0.174232961175084	0.306636056020614	0.255369603376709	0.149620649713016	0.129882607288209	0.116926286415102	0.169034393225424	0.215563534685654	0.144058333671428	0	0.278404109442559	0.307100821454477	0.386928208950545	0.348422053893598	0.342010053080929	0.267218594197255	0.165809321946751	0.174001708758272	0.259728948780852	0.287675396557881	0.160551376259581	0.275910020347376	0.293453105073605	0.166353301972278	0.400830105161558	0.178047416463835	0.283264804992435	0.235698985318601	0.131336358015315	0.285111563256297	0.278220767861448	0.232332825635949	0.305622273448579	0.259989588484591	0.236359457945351	0.213199889156782	0.169446767466822	0.160324737791524	0.152666897823078	0.199616142255416	0.291460556263989	0.152283140365192	0.12098102212637	0.215214065702251	0.125739247896779
700024452	0.158618701532388	0.160574648492322	0.316744619905825	0.271086523001642	0.152311450838338	0.286887743302377	0.21974315429536	0.267782078070362	0.188525761764275	0.259960815000604	0.225325976474788	0.352332248952025	0.289307257380517	0.190412154842018	0.310183654021731	0.270048394696104	0.267261405463104	0.284521046233931	0.184762810962973	0.214926930947066	0.232900680946709	0.290761826158333	0.189369041730487	0.166749885551605	0.278404109442559	0	0.178463608642704	0.269889446861612	0.197419865578633	0.26087108039092	0.241612861057332	0.304243700722967	0.225652234755108	0.257981512035002	0.0834342951767826	0.192856639944323	0.259195907709172	0.296875714264946	0.153321977058755	0.285760559103633	0.172026263744466	0.290020796700656	0.194573202481033	0.241514189131595	0.252651843358734	0.199936047437813	0.153614662770301	0.278618821035988	0.220040892479625	0.317059364138207	0.315727332554348	0.147867210117579	0.20119302369151	0.171573007623911	0.196343118161914	0.262948528949494	0.213434338267468	0.197667147669733	0.285991058306467	0.217781725482378
700032931	0.23995029194187	0.142430536962274	0.205483954362504	0.383066814138395	0.154171690044446	0.172419410869871	0.273947862594612	0.145188746065497	0.213769739067078	0.150729400023468	0.183834561693132	0.273987051786331	0.184683681433602	0.101833430584762	0.211694356746389	0.240040226607469	0.148280652805675	0.173512039288801	0.19627703997145	0.246298589942719	0.260898425660713	0.247394946710894	0.22835535508233	0.216424805379805	0.307100821454477	0.178463608642704	0	0.246153642208047	0.192645765126319	0.164784926967876	0.126748627263367	0.274056340558719	0.185879683998392	0.133749774637709	0.216592442236816	0.18637368343979	0.165701811015564	0.184316269222368	0.210988207594226	0.21260129943866	0.173697260458121	0.192633672562017	0.137768105894688	0.241607635460716	0.186268982235622	0.155073550066884	0.135165480137174	0.166006727531724	0.114178045386139	0.229087940809181	0.261213026625883	0.240761302190069	0.272537958620422	0.189337147056649	0.28658546307464	0.153248973470826	0.214846601613942	0.266952215340797	0.225419397128374	0.261104047249197
700095837	0.317697994496172	0.216149344331216	0.355136948588174	0.425598195718633	0.26679614725498	0.344533873098134	0.358112746703663	0.299036415376081	0.305795770514	0.272654453142543	0.293088259336736	0.40008231010888	0.301972140192764	0.283788788402484	0.344806827444793	0.341840079987749	0.299542072429955	0.327639327506892	0.329868658961847	0.316272430790741	0.36772124259599	0.350163394527664	0.329460964986494	0.3180154716094	0.386928208950545	0.269889446861612	0.246153642208047	0	0.222387528629203	0.21255316267571	0.296246810805392	0.383878757375221	0.30489445980327	0.288361955353815	0.26931911381956	0.291362101980196	0.31714648728368	0.362052616498555	0.286070534760106	0.304755340852073	0.302475122093867	0.297525823592579	0.279364053943441	0.328439187402285	0.242143245833375	0.301404711021565	0.255385144071114	0.2974890641047	0.304419560135892	0.372543609382634	0.371197406755624	0.309522555609475	0.340840491445343	0.315318041333896	0.376700028348282	0.273297586721574	0.343923100813169	0.334536544510421	0.362400672158887	0.354957381218063
700024548	0.297560087201366	0.159727707297115	0.284834130939294	0.37044324189712	0.236442628540076	0.252701399333463	0.314961418098786	0.201269775325726	0.299450752824244	0.192767530801663	0.263902359659527	0.33166444806957	0.215713748860793	0.191510957896355	0.230283245009759	0.322422300648763	0.195787174569152	0.301591602930103	0.294852011586853	0.293970561509058	0.264480518471749	0.330430470834254	0.274627303496614	0.296048014703869	0.348422053893598	0.197419865578633	0.192645765126319	0.222387528629203	0	0.163726546507705	0.227863506310379	0.343794598398451	0.24745102725868	0.219305385236869	0.223826419095571	0.22522848559122	0.305106511907388	0.276258753835475	0.271059331416641	0.163950318163596	0.228739007850856	0.223219764014754	0.238258458674526	0.321821012461655	0.139535049851436	0.14300401120524	0.195939822933093	0.198168000882086	0.22317022313384	0.312874983984338	0.336637795086975	0.273817031459115	0.310024960175148	0.242472194759296	0.330646054017662	0.203281747269605	0.243184137430847	0.309609101098325	0.279551869381982	0.304138794826071
700110161	0.332466706532122	0.193482708370612	0.188481007008328	0.425772253959364	0.226532685474145	0.189236327499789	0.316692225115323	0.123379273714404	0.267066313511526	0.118743190296473	0.222205229373244	0.274804862949379	0.132788522310118	0.162189974683671	0.17129576997117	0.270626363305728	0.137571557633516	0.212087521116291	0.278659502932414	0.290983925292832	0.298089973902403	0.270224973180196	0.314642964408671	0.299198906941261	0.342010053080929	0.26087108039092	0.164784926967876	0.21255316267571	0.163726546507705	0	0.171603499652288	0.290589440361509	0.214376318268803	0.140373853489485	0.281953404145675	0.228841319793599	0.242154418329382	0.179830947980387	0.274739534189264	0.17020969887361	0.234661821183026	0.134997841239092	0.216849567648392	0.275459421747115	0.144830475987226	0.203214384552918	0.209848002138514	0.137910914570024	0.176181675373428	0.224051899883795	0.285721073193002	0.283219853482209	0.333521018348611	0.251780863068155	0.392816100449586	0.12237386359811	0.241983100604252	0.310574603867782	0.226841741791642	0.301804809691803
700023496	0.276992499083047	0.171330825808698	0.156547438301419	0.401384321898063	0.175141015850583	0.109140113900193	0.249209981221456	0.133488565668714	0.207286393099593	0.101891348516839	0.13154515438893	0.207772174294477	0.158366220140796	0.0994351505452376	0.201916200028863	0.189850980391066	0.0996353115043071	0.119630078350001	0.193953164417445	0.24432489202935	0.200609257852489	0.190385064031135	0.248635669046494	0.220912610593396	0.267218594197255	0.241612861057332	0.126748627263367	0.296246810805392	0.227863506310379	0.171603499652288	0	0.214889093753279	0.131107592000771	0.0893407799115016	0.269419156338446	0.176527399703604	0.151919522819753	0.143482002496052	0.221910237582699	0.213001793884023	0.136490339985233	0.148451087218795	0.122790928723723	0.206008306520345	0.128741271915578	0.164073261813425	0.13588858837409	0.124005306369302	0.0875084514619681	0.185464337472254	0.206976729799682	0.2526504485654	0.295383984267174	0.165274786426315	0.336376974165601	0.120493685924261	0.180704674620821	0.242364856285119	0.189979703302909	0.234787502362442
700034628	0.298265035094288	0.277346626012814	0.154395545436048	0.408515493536443	0.273754063574035	0.168479233569945	0.208829691970529	0.254812162046534	0.195781711423975	0.232912326171124	0.151146998188072	0.136773208513862	0.248334280426438	0.230589723492038	0.266236839454722	0.124337517452137	0.231934502119779	0.197830528603007	0.182886269069116	0.256136811810818	0.173432045740204	0.0861608592982658	0.302058694670114	0.241621230430711	0.165809321946751	0.304243700722967	0.274056340558719	0.383878757375221	0.343794598398451	0.290589440361509	0.214889093753279	0	0.143660923407853	0.195306041583526	0.337521880327982	0.207490072859574	0.258538205125362	0.211608701552705	0.254223330272837	0.323577743741282	0.20477057787082	0.194025425224355	0.24546916133906	0.165070376418491	0.242897694257939	0.248868187822032	0.221357289069283	0.21549032078563	0.22598111398204	0.113336981341874	0.144240922537418	0.266072170960626	0.295135961942913	0.203585400339614	0.342484914660361	0.209374644817271	0.200682272375542	0.23252289626917	0.118958695867619	0.210192322129144
700023645	0.237413788625744	0.185477305673036	0.134045855524995	0.344830024615051	0.189918915157284	0.126952968197565	0.195174913485288	0.193430754626385	0.171098006477587	0.151037077282711	0.0707885209474681	0.174219878016923	0.197459667043312	0.132830230020025	0.23799931364435	0.0998954024937362	0.167594280355047	0.129185424031223	0.156781678396973	0.189816929067426	0.147662536361274	0.103513809733693	0.230063951624273	0.179401827780649	0.174001708758272	0.225652234755108	0.185879683998392	0.30489445980327	0.24745102725868	0.214376318268803	0.131107592000771	0.143660923407853	0	0.114782033333689	0.253702079108044	0.1356210377801	0.182401095466311	0.182494157716895	0.184508137340461	0.26917060009115	0.104003405816253	0.149997902536378	0.149843044395076	0.153902238965703	0.157764121764588	0.154030720943565	0.130945300795339	0.170239811512639	0.136343713751375	0.141191545918354	0.133370607749395	0.211426421801074	0.244183222245581	0.142738378465177	0.293143173005826	0.152074941038455	0.143440811958378	0.188147976354718	0.119433311469111	0.194211423458796
700038744	0.298844683713091	0.1832716788905	0.105092141930133	0.409996646947722	0.205171985753931	0.0779415347426876	0.270826240809065	0.117625675809357	0.228420053505638	0.0756070100223778	0.13069573684907	0.176690655641158	0.12824415800925	0.0997464519726487	0.176395782502181	0.173873605884968	0.0928719377130513	0.107898143481924	0.220560595711533	0.259984933436652	0.226029494185141	0.165827377836311	0.279539147037383	0.246550404536805	0.259728948780852	0.257981512035002	0.133749774637709	0.288361955353815	0.219305385236869	0.140373853489485	0.0893407799115016	0.195306041583526	0.114782033333689	0	0.28927122322942	0.176168628688218	0.183297664680856	0.123985568402234	0.242301161630844	0.195469994839018	0.164179045729125	0.0892489566042999	0.165872578763967	0.212253923904373	0.144880489816422	0.164259025748581	0.175848005538678	0.0986303119822712	0.10447609633754	0.139299091443253	0.188331971988076	0.267800813804281	0.30999455493137	0.194934333851577	0.359668131607398	0.0842748273827833	0.188740862346247	0.252327954137083	0.146606519043501	0.260954943464355
700038485	0.165450496582657	0.187371977859237	0.343751102399477	0.27121104234452	0.165833181839202	0.321619943887707	0.240645217158139	0.307626019574645	0.199364887317627	0.296827218032776	0.240162936013395	0.389332557492407	0.330675794279639	0.230154159090989	0.355691023919792	0.287109065056404	0.309266560364414	0.301267771464265	0.2053046160529	0.22533741565283	0.274592382013036	0.315344657108578	0.213532786027169	0.188479412694118	0.287675396557881	0.0834342951767826	0.216592442236816	0.26931911381956	0.223826419095571	0.281953404145675	0.269419156338446	0.337521880327982	0.253702079108044	0.28927122322942	0	0.217134479401134	0.268581412154037	0.336310655719512	0.156831992523261	0.32355789499605	0.217006267228629	0.335863707433343	0.210063764079654	0.248654703091697	0.27790981112913	0.244452799194603	0.190881363720791	0.324429373431549	0.259126361381754	0.36156004001127	0.333521566175295	0.172312752377126	0.211310331389437	0.199130197230613	0.19738511526745	0.300395117611961	0.259682109649193	0.208219360263644	0.333053849867216	0.240673217012237
700024743	0.168616650295046	0.167767818173852	0.225684336354759	0.285613042989673	0.176593572211736	0.215016423892565	0.120437824303376	0.209537059292615	0.128676554836105	0.181571263177863	0.136377121604891	0.265563045303114	0.21539819379253	0.150497845326366	0.250866577343132	0.215663240576771	0.185641950813518	0.220443266826906	0.157161987850883	0.117890630084995	0.147271740334185	0.20517899073026	0.186332280490386	0.135415251735544	0.160551376259581	0.192856639944323	0.18637368343979	0.291362101980196	0.22522848559122	0.228841319793599	0.176527399703604	0.207490072859574	0.1356210377801	0.176168628688218	0.217134479401134	0	0.219857343503715	0.238997801175576	0.119276018111259	0.284420779843772	0.131824686080947	0.215499339001176	0.161499543339256	0.119478145739975	0.192747729289629	0.182384442067794	0.147455288144675	0.18803430149641	0.163162111080767	0.239716162346352	0.24218105012616	0.143912527981389	0.173492908447088	0.114340117559871	0.220647075438188	0.193511511164081	0.128770358439602	0.128780953426714	0.210960424845034	0.118958277893862
