700108602	700014971	700033565	700109389	700023058	700023927	700106341	700114221	700023543	700023439	700016978	700024192	700113058	700099448	700109870	700033928	700023693	700109627	700095416	700110425	700111580	700111302	700098605	700111991	700108960	700024452	700032931	700095837	700024548	700110161	700023496	700034628	700023645	700038744	700038485	700024743	700099596	700110760	700101587	700106399	700032322	700095653	700021312	700101230	700023590	700038905	700033136	700023382	700096424	700105469	700016908	700096053	700108479	700109569	700033814	700016125	700109756	700102665	700101777	700109455
700108602	0	0.2630521353633	0.329394593814197	0.216065375095079	0.196357173679673	0.298867735698181	0.0989583344392797	0.313159245502894	0.163446439400676	0.305086585929348	0.225445560668836	0.342842848092332	0.317026266749855	0.234757737945038	0.335263366777627	0.199342131509876	0.298290458226099	0.284281071653294	0.126263444116107	0.10125678069153	0.175576191934578	0.238529859991758	0.138477503498006	0.0804642322298649	0.154527707204596	0.189169885642462	0.250271958455823	0.333823465029491	0.309138399570392	0.316941028932153	0.267403916300221	0.257146018816241	0.240805792683157	0.299902868409106	0.181422396546003	0.160627405977211	0.237807728001733	0.322342636321477	0.121455370998655	0.374614773333627	0.172757019045226	0.340096780782923	0.215934417335024	0.193887049822812	0.299895700305711	0.21753648631453	0.179712870008936	0.321749910805274	0.237001491003408	0.304903146696233	0.278615706684059	0.102318615483037	0.110433554067864	0.155653103000688	0.126573547407245	0.289132855070095	0.168866619883655	0.11634578531149	0.287844483134849	0.133413908267495
700014971	0.2630521353633	0	0.305993791255672	0.358485150370962	0.17637078138463	0.250456358548988	0.280032529535989	0.210245533649917	0.219785838549975	0.213524960166587	0.219493015889705	0.319683066240114	0.242247648146548	0.194016310491129	0.282805439773136	0.258126013195852	0.232462276339814	0.280115516015654	0.261140399836759	0.230217750451045	0.285749846388302	0.265495302346278	0.23102268969536	0.255642568242637	0.324465351694914	0.192180271453325	0.163572365694522	0.170327121853342	0.157716512187661	0.16768277808925	0.233797872973638	0.28671989641275	0.189205109539105	0.21672745131137	0.186438013263065	0.211841402219421	0.256249654759816	0.305689625783413	0.211968361510871	0.246163468522862	0.209024389528895	0.245462807467192	0.197824030389986	0.243395333840069	0.184854207132883	0.203611091043706	0.17506521056485	0.23820645339558	0.210244163575247	0.28999387725008	0.302067481791278	0.247786597516761	0.276850225370958	0.232795335335186	0.318381805819699	0.201374647610206	0.244824126643161	0.282135346489136	0.28147893668259	0.260158788240667
700033565	0.329394593814197	0.305993791255672	0	0.438320782527605	0.286051706835574	0.0976452974632246	0.313505411895525	0.184150607351977	0.266958891205984	0.144554953359696	0.142111748773324	0.0777071276884212	0.150647389043889	0.206922191157546	0.183225437004358	0.162422420704192	0.185335529647313	0.144705982457066	0.25199588927982	0.312710928100585	0.241615028956345	0.123542965855856	0.326402754139125	0.299702773060388	0.254132101539175	0.341298885966735	0.226051074991623	0.353756024278124	0.285417858261043	0.182201513604692	0.138661087577351	0.165518701885025	0.177335888582403	0.121140738579274	0.353470130425597	0.216694314560783	0.255792954142313	0.12002340181347	0.276860507894321	0.254633344118448	0.23655050334608	0.123642593172214	0.228132273388897	0.239380319096505	0.204165669822162	0.214021851124261	0.237736161572511	0.161290895006876	0.176208332381301	0.0565942582002751	0.112354877044948	0.317665990234264	0.359982120252339	0.21850846320625	0.400869767847304	0.153579999779007	0.238640402723655	0.297608311886875	0.0937661678608784	0.285044692185067
700109389	0.216065375095079	0.358485150370962	0.438320782527605	0	0.332955080856183	0.421575757323084	0.210160790214348	0.417914591565109	0.300382725441652	0.414481816405732	0.358982984554731	0.444489688260279	0.420187321316657	0.36887294356731	0.429734885136648	0.334710545490212	0.415517631754201	0.423426571527052	0.299103879505782	0.217660517220781	0.297090384462218	0.374781012011193	0.210019699355866	0.268309770644505	0.295512247713857	0.286377450785275	0.383059873976615	0.430304522657878	0.384854439463761	0.415021925747018	0.398283351383412	0.388761512240692	0.360105763307214	0.410859013746687	0.27159800339064	0.292582115072468	0.385657336145557	0.444220374096989	0.276166789727871	0.434084810845842	0.297975008932166	0.433993841587647	0.351536631720901	0.32919987625655	0.402370931418214	0.340510660693891	0.333648935370502	0.422019198828234	0.373238101215716	0.416877154858617	0.395031975710447	0.213250017109519	0.144485171228321	0.310827420402787	0.197480179462307	0.399493848875126	0.272789919029315	0.234989006327172	0.394686710219502	0.263638096922692
700023058	0.196357173679673	0.17637078138463	0.286051706835574	0.332955080856183	0	0.212768991864954	0.205791076128618	0.21343220567608	0.147521467005977	0.218608777143057	0.185945288321162	0.293161480618399	0.23619191767133	0.14064732480205	0.266226992493812	0.203534927082616	0.209061653662702	0.211081042475992	0.166499219602931	0.174127714942537	0.213618011635138	0.227898326861389	0.18514704849076	0.155635606570501	0.257706215725738	0.181572503489359	0.158108571917735	0.275225065091513	0.228942419727513	0.212993449351983	0.193767243486144	0.24574836203868	0.169343530153794	0.213474825768775	0.190319565251378	0.181209001514209	0.167809397893487	0.228213444185144	0.128903996097344	0.280987908763273	0.129471969019733	0.244049941688459	0.121781526104141	0.202059480987195	0.203727216921183	0.177915351624476	0.113547110679438	0.228217310712963	0.153986454728933	0.265378711423486	0.270745268941427	0.184628513858945	0.222064689249358	0.151506218053262	0.249239095626307	0.203607023810972	0.188344731581256	0.211297533862743	0.254548799705598	0.193269564186884
700023927	0.298867735698181	0.250456358548988	0.0976452974632246	0.421575757323084	0.212768991864954	0	0.30103277145641	0.12805139916082	0.233719790175366	0.0859952345057035	0.122343538083442	0.138053918685502	0.103213250696862	0.125774564248523	0.16392743971307	0.156557301548068	0.132662517307123	0.0965360850664616	0.236824592854377	0.276866334166576	0.232532349991388	0.166106267199756	0.279008781092279	0.267251729790999	0.260147445134785	0.294551108162045	0.154222868789531	0.312784470028428	0.231216430042647	0.132937777170003	0.0823444897025583	0.173954011362285	0.135650351021252	0.0652810293529903	0.313920755616031	0.184045723461139	0.206448899296054	0.0908926301981845	0.237964959702277	0.203050163653433	0.194206997627882	0.0904559262980349	0.164042974588892	0.213357070795692	0.148374790326565	0.168916103088679	0.183218447951412	0.114221552188462	0.110519415821134	0.11237312194998	0.17484391319086	0.289670242892249	0.333044829886992	0.193303157715946	0.370369864152858	0.0997841131417433	0.201387490608451	0.271905723457712	0.116112361780973	0.261246799055152
700106341	0.0989583344392797	0.280032529535989	0.313505411895525	0.210160790214348	0.205791076128618	0.30103277145641	0	0.295427718527201	0.125220705435302	0.291709091311887	0.218000229343914	0.312298427941213	0.293399367316272	0.237751401901893	0.315628433212421	0.196708557909364	0.286388329861094	0.308535426273281	0.131976045827677	0.0918962807323375	0.143276809727547	0.231495194908267	0.144981625248638	0.139817316671483	0.1348372872201	0.236194208753007	0.2902738092221	0.356788423399232	0.312753076125309	0.304786835921078	0.262031694512291	0.207335229153364	0.230536379594054	0.291947789595129	0.213336221264106	0.137190631847569	0.26926714974138	0.319478160727072	0.140646833493946	0.364992102022605	0.162882313296691	0.312234633573103	0.211368691138847	0.161603463115492	0.277879665844737	0.232463837582127	0.198506810092971	0.292036084935303	0.240883057390088	0.282690121584886	0.274886209052545	0.0816235909624854	0.104403445072547	0.157962603484746	0.165361010241819	0.271122572147539	0.150292500651805	0.084674908058961	0.2689802371062	0.0886133594457545
700114221	0.313159245502894	0.210245533649917	0.184150607351977	0.417914591565109	0.21343220567608	0.12805139916082	0.295427718527201	0	0.237842335658351	0.0585236456731117	0.18574279593518	0.207320079994443	0.077921913358575	0.148247510502628	0.134168107541657	0.223782559711354	0.0829686121738661	0.204942816887924	0.267063038836943	0.260154323948529	0.27354828984132	0.233325391426787	0.291229950990089	0.283105901896257	0.328740781220419	0.291374751720521	0.139262261878795	0.269787928164278	0.192312392925618	0.100042481853962	0.161755369904679	0.232710936193562	0.162504930398649	0.112274228485634	0.299988829389603	0.198918910083389	0.239259438874446	0.152587535391391	0.243457072553547	0.136393945178928	0.202895619818389	0.11430029684686	0.210515543392092	0.240013796224396	0.125799388430249	0.163118078488719	0.183938599657095	0.103231273653295	0.164933232080027	0.184743833095509	0.252258693070122	0.287832180112218	0.324489552715221	0.236517668560936	0.393666859870803	0.0955280678357369	0.210333647403219	0.311006802768782	0.177239109156029	0.268628661808525
700023543	0.163446439400676	0.219785838549975	0.266958891205984	0.300382725441652	0.147521467005977	0.233719790175366	0.125220705435302	0.237842335658351	0	0.216501585910889	0.161706923453834	0.280461787651378	0.23595602675512	0.187603813487504	0.280175337158202	0.151541649010875	0.230509042660793	0.247947194758625	0.105874499023203	0.154773557702119	0.157490669154798	0.190599866293631	0.195433692486494	0.137821927267424	0.172875893230596	0.199993849215071	0.216400064031513	0.311494335841896	0.280040708825705	0.229604976464015	0.205943168870941	0.167291180523936	0.17251865298148	0.21729873978516	0.175713541269576	0.139843033676876	0.217228213219628	0.268349884538457	0.093859729040842	0.319208132001448	0.110881433057011	0.253664059849188	0.154042301036492	0.111734474683696	0.21984504356136	0.205764161305381	0.145280896488329	0.232859694115551	0.199020484136792	0.238128939758999	0.249560640320153	0.110279338993527	0.17250654537321	0.119639908729001	0.23298303574506	0.205297646769154	0.165042521716075	0.114483161175605	0.238020008898227	0.0947592103215588
700023439	0.305086585929348	0.213524960166587	0.144554953359696	0.414481816405732	0.218608777143057	0.0859952345057035	0.291709091311887	0.0585236456731117	0.216501585910889	0	0.158400244464559	0.178422317309214	0.0629779676023083	0.129999645400193	0.13812211513539	0.192659523235615	0.100648710566567	0.160304303986058	0.245078304136367	0.258602615952139	0.245586706368879	0.204099963382726	0.282959754529873	0.271368935259295	0.298175289976742	0.292648483703956	0.146870133495595	0.281489330852376	0.204566230999085	0.0888411120079332	0.120300444618152	0.205652625446502	0.144127638371557	0.0767517463264734	0.302288027859203	0.175584492771366	0.222016535158864	0.122354167629645	0.227499564959395	0.151462873034368	0.17786266180845	0.0969801783159441	0.186188667429908	0.211280808060528	0.117786504344478	0.157673870567311	0.179771794700824	0.08783587400464	0.127693351004151	0.152642187156143	0.217459993749342	0.275608864364302	0.322745865653286	0.199046536800511	0.380776511499302	0.0825373112097057	0.190147826534136	0.275475604420574	0.145664111492057	0.247034961516017
700016978	0.225445560668836	0.219493015889705	0.142111748773324	0.358982984554731	0.185945288321162	0.122343538083442	0.218000229343914	0.18574279593518	0.161706923453834	0.158400244464559	0	0.14794726732867	0.166113041094191	0.162492521757335	0.226081340321013	0.0797964952665616	0.173881542858292	0.124847001080209	0.164112724804943	0.201557118893343	0.154594411639744	0.0734074648693421	0.24167585177204	0.199252514144156	0.160424176069277	0.266977895328691	0.196683157605314	0.298245307098692	0.255479306130865	0.179270074354172	0.10090193026772	0.109420576975154	0.0784709342060883	0.117546642919824	0.26089994849053	0.131619214431152	0.194355470798824	0.168470763700242	0.16627581536313	0.26901997506782	0.142575782074928	0.142665758191986	0.139803984202038	0.136910170053132	0.167190999403929	0.17695188084918	0.149327391465661	0.161622364605479	0.129595557624183	0.117481009187256	0.129297502063313	0.211799430963075	0.253732850104416	0.130299970983673	0.31158127123553	0.122335628778609	0.160906707776823	0.196061227474437	0.116078700789518	0.180360887509251
700024192	0.342842848092332	0.319683066240114	0.0777071276884212	0.444489688260279	0.293161480618399	0.138053918685502	0.312298427941213	0.207320079994443	0.280461787651378	0.178422317309214	0.14794726732867	0	0.168562911818362	0.230108859726317	0.190301288065857	0.172877017912432	0.191387819051253	0.162076454468235	0.268238689502767	0.309555302510329	0.242496012393122	0.143563627986845	0.332730440578771	0.321200769823746	0.268692060232581	0.364398524900669	0.261692359621807	0.365211938077229	0.296226018079824	0.223783724427003	0.151934476332396	0.180154427731038	0.173216471806504	0.154068705365642	0.372737241187961	0.23386724706848	0.278503778446873	0.156486105351703	0.292692503599553	0.257814650749517	0.246767250784294	0.13145690485164	0.246633717319535	0.243569596920816	0.193262517383911	0.234649050128458	0.253486508219893	0.157852561109966	0.192228254302582	0.0951928667612799	0.117678912077024	0.327296027196742	0.364051836854241	0.243835689230206	0.420875530002628	0.172800173303405	0.234542005663027	0.309076754471176	0.138784127180845	0.292394967902141
700113058	0.317026266749855	0.242247648146548	0.150647389043889	0.420187321316657	0.23619191767133	0.103213250696862	0.293399367316272	0.077921913358575	0.23595602675512	0.0629779676023083	0.166113041094191	0.168562911818362	0	0.154034200947507	0.115859513617085	0.203425323712179	0.122925674214479	0.182904611187618	0.255176685958918	0.267943763724776	0.251389550762254	0.208501803226024	0.295244169983519	0.288384988273624	0.305687049303415	0.31748020623515	0.174367598747634	0.292396916691994	0.215844460935944	0.117834787382652	0.136144747468177	0.204819839058712	0.158215187837734	0.106028711899676	0.328730778618681	0.190726366497934	0.245624243877082	0.127982234386452	0.245555959291522	0.157635955026875	0.194626497342114	0.095829381889571	0.217090100689923	0.219875050509438	0.130557735492063	0.171237352339217	0.204996174553784	0.0864711561308259	0.153576356994961	0.144989884537737	0.226014664903628	0.284915626504754	0.32846753066368	0.22704527522853	0.397936735989979	0.0773802265817504	0.198332229786844	0.291556147671148	0.143257959372732	0.254492616400935
700099448	0.234757737945038	0.194016310491129	0.206922191157546	0.36887294356731	0.14064732480205	0.125774564248523	0.237751401901893	0.148247510502628	0.187603813487504	0.129999645400193	0.162492521757335	0.230108859726317	0.154034200947507	0	0.186401664609527	0.179879592982198	0.137673933117507	0.16355963014061	0.187214342152457	0.211499721561918	0.201098190775247	0.206897528901076	0.213103824371256	0.187881666037357	0.265993514529584	0.215397332741477	0.114934939845979	0.27271463893103	0.175261081525091	0.145883628114156	0.130901608965504	0.213392775410576	0.138948936666955	0.133963749165179	0.245781126922901	0.153152555521706	0.162608917165343	0.154614610424794	0.173340497931958	0.219801525728111	0.14622192745108	0.166799594103787	0.13100574207881	0.203125510077125	0.133623030692258	0.122267961102031	0.1061715907684	0.147405297654147	0.0858456923185682	0.196126273938192	0.21872257126975	0.224107149531437	0.271904974083255	0.157132744093191	0.295992187320782	0.141817426896075	0.150854261080258	0.234580068433271	0.178137389308441	0.215123239911936
700109870	0.335263366777627	0.282805439773136	0.183225437004358	0.429734885136648	0.266226992493812	0.16392743971307	0.315628433212421	0.134168107541657	0.280175337158202	0.13812211513539	0.226081340321013	0.190301288065857	0.115859513617085	0.186401664609527	0	0.253698429423189	0.13289862140319	0.243334086804303	0.294824463891145	0.30225243605204	0.269448654451356	0.264661133780696	0.307655151741094	0.316642770378558	0.347993411878677	0.337707107042871	0.207762982634809	0.331408517784524	0.218580662096999	0.167365009473074	0.201741785265505	0.253172718154495	0.230425981921676	0.176201693400515	0.35432437808081	0.236920224915053	0.279648069796301	0.148579297536847	0.286002565049005	0.167202480322108	0.253657222095846	0.143938162132952	0.271221308941587	0.278233440610079	0.163752658743824	0.180447318314783	0.231846077390517	0.12465263555286	0.201148977481395	0.181097097450498	0.271904472966765	0.319501036978158	0.351367376020109	0.271043880676183	0.406575131039145	0.163925939869723	0.238025203938	0.339654072120212	0.186330523826935	0.29648523236592
700033928	0.199342131509876	0.258126013195852	0.162422420704192	0.334710545490212	0.203534927082616	0.156557301548068	0.196708557909364	0.223782559711354	0.151541649010875	0.192659523235615	0.0797964952665616	0.172877017912432	0.203425323712179	0.179879592982198	0.253698429423189	0	0.213442319860832	0.152072103760771	0.13987382654306	0.203720348543526	0.148332732033606	0.088593216069022	0.244883948676147	0.171241142570428	0.157867105566844	0.243253477841211	0.22816448250771	0.319123422103809	0.275899963650514	0.20973854381923	0.133564358295041	0.123290651057548	0.100957586718547	0.150791581549479	0.248609402985975	0.163956599415953	0.210421265255721	0.199369645354254	0.144607433476977	0.304933814496249	0.128550301678381	0.179004333980768	0.149598063297767	0.162197764794609	0.188105577894224	0.186343039866095	0.158370195457953	0.203089664751162	0.160117149499829	0.139648496575016	0.124895575551089	0.185599262563143	0.236698249927345	0.136109417995606	0.292037408803959	0.157700637125933	0.172132758078868	0.167990181248729	0.133426080209261	0.165134022925506
700023693	0.298290458226099	0.232462276339814	0.185335529647313	0.415517631754201	0.209061653662702	0.132662517307123	0.286388329861094	0.0829686121738661	0.230509042660793	0.100648710566567	0.173881542858292	0.191387819051253	0.122925674214479	0.137673933117507	0.13289862140319	0.213442319860832	0	0.199538886585574	0.25153107763885	0.257651569941483	0.228445297613761	0.221607862459132	0.274211893269118	0.267806429016069	0.315864531173458	0.294270698865467	0.156266475331088	0.293568491507175	0.172463959923761	0.144774596117627	0.145233409615488	0.21749962176866	0.173129828217104	0.136724415585712	0.300529492405272	0.190317023871024	0.225341795681686	0.152042113971202	0.237796185719061	0.135898776954972	0.192565875862579	0.135614230905713	0.213628986183242	0.232487763204353	0.11344532147191	0.113747554637148	0.154963404700068	0.0885474694917539	0.148437233587129	0.179428512371951	0.240945104343171	0.282862850059702	0.317715645719666	0.222019547358417	0.380254549303901	0.121452456113565	0.185200862537706	0.304103601171049	0.186170173808324	0.262628745685534
700109627	0.284281071653294	0.280115516015654	0.144705982457066	0.423426571527052	0.211081042475992	0.0965360850664616	0.308535426273281	0.204942816887924	0.247947194758625	0.160304303986058	0.124847001080209	0.162076454468235	0.182904611187618	0.16355963014061	0.243334086804303	0.152072103760771	0.199538886585574	0	0.235256880548808	0.281688613214412	0.246185543784188	0.158386298026138	0.297905187744597	0.237093027084235	0.243032844522973	0.311020304739851	0.194808139872241	0.335936157192261	0.30514161302828	0.195962376595761	0.09806763372614	0.200430068760718	0.152118014363003	0.130280503613558	0.327804070629068	0.216542027638013	0.161600029515417	0.127072709132327	0.240240343376266	0.285687823524554	0.21437482668746	0.165971030969494	0.164431860793581	0.219063992713904	0.215866379468311	0.220853530742707	0.202081718943996	0.195322052279855	0.115925284439066	0.164321176896728	0.168421165941178	0.296726276512863	0.338879343962001	0.201364418312068	0.342436418783099	0.167920824242075	0.232977368771766	0.270004552769668	0.16563330986631	0.271296511903059
700095416	0.126263444116107	0.261140399836759	0.25199588927982	0.299103879505782	0.166499219602931	0.236824592854377	0.131976045827677	0.267063038836943	0.105874499023203	0.245078304136367	0.164112724804943	0.268238689502767	0.255176685958918	0.187214342152457	0.294824463891145	0.13987382654306	0.25153107763885	0.235256880548808	0	0.160761552550286	0.117625544985122	0.17458719129189	0.185972499691285	0.102042948249644	0.145820165110175	0.203965736334469	0.225630759435814	0.335691078976345	0.284835886865841	0.263114609217406	0.198116610851279	0.176174687102112	0.176468729307226	0.240011630906798	0.199890823866999	0.135007495675127	0.200301661350343	0.248739544194824	0.0941953930184272	0.348095021157589	0.105503920370473	0.27934713249722	0.143135410310798	0.155444921036446	0.240341582715349	0.196391502472455	0.136727015433805	0.259853162310454	0.179639817433203	0.232621314148016	0.215044088227503	0.13174652083936	0.190195494133206	0.0753778196316291	0.210979068941999	0.226428751018098	0.156994763685728	0.128226807061901	0.215938693538436	0.128063428943974
700110425	0.10125678069153	0.230217750451045	0.312710928100585	0.217660517220781	0.174127714942537	0.276866334166576	0.0918962807323375	0.260154323948529	0.154773557702119	0.258602615952139	0.201557118893343	0.309555302510329	0.267943763724776	0.211499721561918	0.30225243605204	0.203720348543526	0.257651569941483	0.281688613214412	0.160761552550286	0	0.166718441964114	0.225119487244625	0.141220236293993	0.139938880617188	0.148658817070478	0.218894195492414	0.246954022977252	0.298943192500132	0.27533633813745	0.255711861415412	0.252130975110057	0.2496760946058	0.188654406878686	0.251427436717827	0.200265678286524	0.126516333075928	0.245784028887447	0.317978709246399	0.125838218446357	0.330521154344989	0.154603935421534	0.275627101512713	0.179039794637628	0.153509921812784	0.241129190339213	0.219573283728041	0.177681246077858	0.260843970820552	0.228860106759689	0.284253157921431	0.27027551852738	0.0894236189180976	0.100691505443658	0.163875631898466	0.182243502389222	0.23298586007158	0.120611170661327	0.110978034752708	0.265098372441568	0.126783731207973
700111580	0.175576191934578	0.285749846388302	0.241615028956345	0.297090384462218	0.213618011635138	0.232532349991388	0.143276809727547	0.27354828984132	0.157490669154798	0.245586706368879	0.154594411639744	0.242496012393122	0.251389550762254	0.201098190775247	0.269448654451356	0.148332732033606	0.228445297613761	0.246185543784188	0.117625544985122	0.166718441964114	0	0.155163250564892	0.192664745830686	0.165483783780634	0.112729672552285	0.265710913271003	0.27857522665315	0.370700192690798	0.262060226121478	0.265742498216557	0.187440649410682	0.15237797597064	0.172392283858139	0.237156923711229	0.261116263357557	0.133559636641324	0.262990081659696	0.224491109118915	0.161199923817956	0.321809474686767	0.138383552319419	0.240269842129294	0.178927250339114	0.162699092345317	0.205751090207248	0.174822569676736	0.169614764277094	0.21983229431745	0.180132624912366	0.19995300853041	0.203321855861937	0.148266450617537	0.204022439101152	0.102090126588932	0.251998291289018	0.219689769781591	0.117149568484174	0.123588064081188	0.183418307373247	0.142106449288113
700111302	0.238529859991758	0.265495302346278	0.123542965855856	0.374781012011193	0.227898326861389	0.166106267199756	0.231495194908267	0.233325391426787	0.190599866293631	0.204099963382726	0.0734074648693421	0.143563627986845	0.208501803226024	0.206897528901076	0.264661133780696	0.088593216069022	0.221607862459132	0.158386298026138	0.17458719129189	0.225119487244625	0.155163250564892	0	0.272803393825748	0.215863087330415	0.149867713717977	0.294062528384418	0.249861868878132	0.337651491941715	0.301479369033664	0.226943661348306	0.147259254416712	0.0952714058351115	0.12296097178544	0.156309280919407	0.289898454952296	0.166494876313739	0.228502800722594	0.195836184377055	0.190185406020115	0.310437142712711	0.180011135466464	0.181730842891746	0.176459534028547	0.164267631412671	0.205731546196326	0.216888046266333	0.190971343738379	0.204522941893784	0.174498329126097	0.0928703503078088	0.0938192707273469	0.229926736691808	0.275953578933365	0.14038765129859	0.324242439353035	0.162011477912779	0.197333301231349	0.208659564570822	0.112240833968614	0.202095018165293
700098605	0.138477503498006	0.23102268969536	0.326402754139125	0.210019699355866	0.18514704849076	0.279008781092279	0.144981625248638	0.291229950990089	0.195433692486494	0.282959754529873	0.24167585177204	0.332730440578771	0.295244169983519	0.213103824371256	0.307655151741094	0.244883948676147	0.274211893269118	0.297905187744597	0.185972499691285	0.141220236293993	0.192664745830686	0.272803393825748	0	0.164412214456721	0.2252843143083	0.228362768883649	0.225228169664889	0.328226552767529	0.277132645675788	0.294843311051143	0.252573435674318	0.277963899459903	0.241733819696587	0.284402902530711	0.21428946657319	0.168652965265064	0.253446649163937	0.303281773704573	0.17585756709132	0.333584038709365	0.179414441764658	0.316916306020472	0.219184622967349	0.221049182396549	0.280782413962582	0.209275620390414	0.1780273830766	0.296586104035053	0.223616996620079	0.299588710860704	0.304533053305887	0.159745452736969	0.133934195830346	0.178020032772861	0.155174961409841	0.277423162121422	0.184582492204631	0.185192651526374	0.289728353230805	0.167570011127925
700111991	0.0804642322298649	0.255642568242637	0.299702773060388	0.268309770644505	0.155635606570501	0.267251729790999	0.139817316671483	0.283105901896257	0.137821927267424	0.271368935259295	0.199252514144156	0.321200769823746	0.288384988273624	0.187881666037357	0.316642770378558	0.171241142570428	0.267806429016069	0.237093027084235	0.102042948249644	0.139938880617188	0.165483783780634	0.215863087330415	0.164412214456721	0	0.173353832537463	0.181693000244844	0.220997334020528	0.320966226018503	0.303016898634788	0.286219276517487	0.234326514918082	0.234443389817123	0.213409954878252	0.265324016055875	0.17829396602173	0.14346806133859	0.188402075209745	0.282079470633857	0.0993718627712423	0.361615872789695	0.143216616183194	0.31660147379772	0.177959375548652	0.172772936202564	0.273199288673611	0.205237216632306	0.151968335138833	0.294849365523169	0.206240754081784	0.283084593793652	0.250619277197344	0.124375474340488	0.160998422575398	0.132939823166414	0.146892764745859	0.260726293083453	0.174998606186304	0.133057845937558	0.266061252809938	0.135004483254921
700108960	0.154527707204596	0.324465351694914	0.254132101539175	0.295512247713857	0.257706215725738	0.260147445134785	0.1348372872201	0.328740781220419	0.172875893230596	0.298175289976742	0.160424176069277	0.268692060232581	0.305687049303415	0.265993514529584	0.347993411878677	0.157867105566844	0.315864531173458	0.243032844522973	0.145820165110175	0.148658817070478	0.112729672552285	0.149867713717977	0.2252843143083	0.173353832537463	0	0.296963725146042	0.322361756356943	0.387757593360384	0.347635001062533	0.310096626846375	0.233228835864055	0.140563207081799	0.197032045736982	0.257075253846324	0.271327857537687	0.155481026135486	0.286166066980709	0.284507350252444	0.180297532341737	0.398954334337129	0.196663810533886	0.275453796494403	0.206142213277961	0.146704417307394	0.290853911639341	0.26530458311738	0.232882989637115	0.299306406097797	0.241382708573251	0.22276084930669	0.201804248060003	0.154381237982076	0.182703717642976	0.142037001841363	0.22442895696537	0.262825220670469	0.17901407600475	0.109742580726049	0.199295398500945	0.126994526988116
700024452	0.189169885642462	0.192180271453325	0.341298885966735	0.286377450785275	0.181572503489359	0.294551108162045	0.236194208753007	0.291374751720521	0.199993849215071	0.292648483703956	0.266977895328691	0.364398524900669	0.31748020623515	0.215397332741477	0.337707107042871	0.243253477841211	0.294270698865467	0.311020304739851	0.203965736334469	0.218894195492414	0.265710913271003	0.294062528384418	0.228362768883649	0.181693000244844	0.296963725146042	0	0.194518128810245	0.265134796363258	0.220960773950058	0.268093556196479	0.290241607391296	0.301166857199451	0.244776087556156	0.280233033777814	0.0875241724926327	0.21788484877783	0.263879238374305	0.318590736599234	0.153388647686839	0.324246637768669	0.195163686000362	0.318919047162301	0.216374666204364	0.255481418206517	0.266359260993093	0.21250077943963	0.189520192283555	0.308518790235028	0.246039488519875	0.326488540395576	0.318652229644685	0.192301535347069	0.217751105286697	0.207024031598583	0.226503833367218	0.278685299350644	0.23195830791425	0.230720997634001	0.302447223030251	0.23776855332508
700032931	0.250271958455823	0.163572365694522	0.226051074991623	0.383059873976615	0.158108571917735	0.154222868789531	0.2902738092221	0.139262261878795	0.216400064031513	0.146870133495595	0.196683157605314	0.261692359621807	0.174367598747634	0.114934939845979	0.207762982634809	0.22816448250771	0.156266475331088	0.194808139872241	0.225630759435814	0.246954022977252	0.27857522665315	0.249861868878132	0.225228169664889	0.220997334020528	0.322361756356943	0.194518128810245	0	0.227992573578381	0.183244247039146	0.144780295725716	0.17503906349198	0.259822751726143	0.166858014947588	0.141893719192771	0.230078228498387	0.192727657396327	0.181590923854178	0.195820662737646	0.198127394934542	0.20087247610545	0.187090131765326	0.190995376082108	0.16381001032437	0.235141738961487	0.165243423124667	0.154867021970642	0.140346525377462	0.170810547718114	0.146188075229626	0.218650490723286	0.273883785820875	0.264892702710258	0.289777159385954	0.202271378375994	0.302883604716904	0.133797519426633	0.222918853924851	0.29007692567915	0.219800930907365	0.262677719995755
700095837	0.333823465029491	0.170327121853342	0.353756024278124	0.430304522657878	0.275225065091513	0.312784470028428	0.356788423399232	0.269787928164278	0.311494335841896	0.281489330852376	0.298245307098692	0.365211938077229	0.292396916691994	0.27271463893103	0.331408517784524	0.319123422103809	0.293568491507175	0.335936157192261	0.335691078976345	0.298943192500132	0.370700192690798	0.337651491941715	0.328226552767529	0.320966226018503	0.387757593360384	0.265134796363258	0.227992573578381	0	0.202923330975103	0.222417305962651	0.316626949148704	0.364146483473978	0.257492312676934	0.271701775700232	0.27772233054139	0.291602308386353	0.309252110444247	0.360543425004051	0.290755600948935	0.31324714500911	0.288566871822792	0.289713317801643	0.28293897444198	0.310126038631725	0.228972152015196	0.284077382205753	0.279149150396036	0.284370677114566	0.300819058204315	0.34342790708144	0.35515525466797	0.327070119992387	0.350503178891607	0.331088672584706	0.399131488912112	0.259982099678705	0.31759137709335	0.356191221147153	0.335366526623698	0.344102360708015
700024548	0.309138399570392	0.157716512187661	0.285417858261043	0.384854439463761	0.228942419727513	0.231216430042647	0.312753076125309	0.192312392925618	0.280040708825705	0.204566230999085	0.255479306130865	0.296226018079824	0.215844460935944	0.175261081525091	0.218580662096999	0.275899963650514	0.172463959923761	0.30514161302828	0.284835886865841	0.27533633813745	0.262060226121478	0.301479369033664	0.277132645675788	0.303016898634788	0.347635001062533	0.220960773950058	0.183244247039146	0.202923330975103	0	0.162738121622156	0.247716275067937	0.30917195320351	0.207308849124036	0.211419912622791	0.23846682752681	0.227444472948694	0.301487481865306	0.259946034030134	0.255761892568248	0.1655422236423	0.226913586538464	0.201732622645608	0.240463259265821	0.295536843652104	0.127075791199844	0.137843673391799	0.207144729120066	0.169029834962124	0.219402476628188	0.279705490050407	0.309438220058324	0.29011470230153	0.315332776177685	0.259964585014758	0.356674099325255	0.208254692200758	0.219470816318067	0.322033472731304	0.25479873726675	0.303381029285724
700110161	0.316941028932153	0.16768277808925	0.182201513604692	0.415021925747018	0.212993449351983	0.132937777170003	0.304786835921078	0.100042481853962	0.229604976464015	0.0888411120079332	0.179270074354172	0.223783724427003	0.117834787382652	0.145883628114156	0.167365009473074	0.20973854381923	0.144774596117627	0.195962376595761	0.263114609217406	0.255711861415412	0.265742498216557	0.226943661348306	0.294843311051143	0.286219276517487	0.310096626846375	0.268093556196479	0.144780295725716	0.222417305962651	0.162738121622156	0	0.1620648563267	0.232974794664745	0.155016204639015	0.105709124915312	0.280186189523782	0.191640301650304	0.23845743695715	0.166885599072059	0.235230794023438	0.185415668827185	0.199764817550951	0.117122929327316	0.184304023422704	0.226594520585267	0.102118455516877	0.188637322050706	0.197412144195674	0.121070238200277	0.15682264221884	0.186495264928646	0.245280415131658	0.276306204144105	0.327811996913018	0.220997321974386	0.388991838990853	0.107102580915509	0.207447988843061	0.285620381896382	0.173231388283879	0.260147412425302
700023496	0.267403916300221	0.233797872973638	0.138661087577351	0.398283351383412	0.193767243486144	0.0823444897025583	0.262031694512291	0.161755369904679	0.205943168870941	0.120300444618152	0.10090193026772	0.151934476332396	0.136144747468177	0.130901608965504	0.201741785265505	0.133564358295041	0.145233409615488	0.09806763372614	0.198116610851279	0.252130975110057	0.187440649410682	0.147259254416712	0.252573435674318	0.234326514918082	0.233228835864055	0.290241607391296	0.17503906349198	0.316626949148704	0.247716275067937	0.1620648563267	0	0.162723213622357	0.118673222773686	0.106961456482327	0.293444447416109	0.176439497831063	0.181226028950529	0.122405736566671	0.207854487707821	0.237859396859722	0.15901960690618	0.136385267113399	0.147655157108147	0.197449068536838	0.147288442794727	0.154831592348346	0.145150213944236	0.14397119396112	0.0811902258439588	0.138699045946253	0.162698100345581	0.25936526247403	0.307352700716897	0.153754575534935	0.34751501608076	0.12093265120995	0.17175900479844	0.24126625220008	0.140762868127987	0.228407824463581
700034628	0.257146018816241	0.28671989641275	0.165518701885025	0.388761512240692	0.24574836203868	0.173954011362285	0.207335229153364	0.232710936193562	0.167291180523936	0.205652625446502	0.109420576975154	0.180154427731038	0.204819839058712	0.213392775410576	0.253172718154495	0.123290651057548	0.21749962176866	0.200430068760718	0.176174687102112	0.2496760946058	0.15237797597064	0.0952714058351115	0.277963899459903	0.234443389817123	0.140563207081799	0.301166857199451	0.259822751726143	0.364146483473978	0.30917195320351	0.232974794664745	0.162723213622357	0	0.164503069155385	0.164748582816474	0.295235328300028	0.159143016482616	0.264356096100882	0.191864256484029	0.214002692229275	0.29955625086915	0.197992828716705	0.182709402769984	0.207141932215849	0.145272128227555	0.215469595972677	0.222146028628163	0.207273830796499	0.198058171248848	0.18529622487423	0.129037966382706	0.163802089288735	0.232214901532214	0.28234188085588	0.158638821183955	0.332647073031286	0.164048587682863	0.200964098032185	0.200259214710537	0.128990738618965	0.168637393603827
700023645	0.240805792683157	0.189205109539105	0.177335888582403	0.360105763307214	0.169343530153794	0.135650351021252	0.230536379594054	0.162504930398649	0.17251865298148	0.144127638371557	0.0784709342060883	0.173216471806504	0.158215187837734	0.138948936666955	0.230425981921676	0.100957586718547	0.173129828217104	0.152118014363003	0.176468729307226	0.188654406878686	0.172392283858139	0.12296097178544	0.241733819696587	0.213409954878252	0.197032045736982	0.244776087556156	0.166858014947588	0.257492312676934	0.207308849124036	0.155016204639015	0.118673222773686	0.164503069155385	0	0.103246272353581	0.243052329398269	0.136629336346378	0.205087364806675	0.19669935018028	0.164931825834756	0.250846859763668	0.130303647959434	0.131175225509532	0.106300663639147	0.155347154888165	0.130157936596645	0.172018597476905	0.139502291646442	0.143723458810337	0.140009863146319	0.15849213374155	0.150832868426632	0.209387653867129	0.26031427083696	0.151814110326542	0.328026168471674	0.100067689586168	0.151021400708605	0.196355342806194	0.142535600287722	0.201085706162044
700038744	0.299902868409106	0.21672745131137	0.121140738579274	0.410859013746687	0.213474825768775	0.0652810293529903	0.291947789595129	0.112274228485634	0.21729873978516	0.0767517463264734	0.117546642919824	0.154068705365642	0.106028711899676	0.133963749165179	0.176201693400515	0.150791581549479	0.136724415585712	0.130280503613558	0.240011630906798	0.251427436717827	0.237156923711229	0.156309280919407	0.284402902530711	0.265324016055875	0.257075253846324	0.280233033777814	0.141893719192771	0.271701775700232	0.211419912622791	0.105709124915312	0.106961456482327	0.164748582816474	0.103246272353581	0	0.296560820681855	0.177815884172096	0.215705750811372	0.135955031292886	0.220912149968002	0.190701472013195	0.187193228555984	0.079950637700557	0.1643812790041	0.201629106658955	0.123995152311003	0.174099359404396	0.186908960535221	0.0899682527995256	0.135743921859101	0.125653560617483	0.176595902169716	0.274178531051579	0.319968792300602	0.197771038243361	0.375771991079509	0.0653805734573456	0.200129598922132	0.258058512235093	0.129055648498251	0.25072483094319
700038485	0.181422396546003	0.186438013263065	0.353470130425597	0.27159800339064	0.190319565251378	0.313920755616031	0.213336221264106	0.299988829389603	0.175713541269576	0.302288027859203	0.26089994849053	0.372737241187961	0.328730778618681	0.245781126922901	0.35432437808081	0.248609402985975	0.300529492405272	0.327804070629068	0.199890823866999	0.200265678286524	0.261116263357557	0.289898454952296	0.21428946657319	0.17829396602173	0.271327857537687	0.0875241724926327	0.230078228498387	0.27772233054139	0.23846682752681	0.280186189523782	0.293444447416109	0.295235328300028	0.243052329398269	0.296560820681855	0	0.203531334801095	0.284426729383964	0.347782543025845	0.151970319322648	0.333540714506795	0.202297164682345	0.335414710210019	0.230261230948487	0.219318348564135	0.28320736202614	0.229927728540606	0.195989198085681	0.321432970992012	0.266862723943501	0.341653900445121	0.319576539956179	0.174512754386351	0.190876704943679	0.206271286135858	0.205024080421731	0.290403824944289	0.234427372451211	0.206689701393052	0.317427308510015	0.204322156571817
700024743	0.160627405977211	0.211841402219421	0.216694314560783	0.292582115072468	0.181209001514209	0.184045723461139	0.137190631847569	0.198918910083389	0.139843033676876	0.175584492771366	0.131619214431152	0.23386724706848	0.190726366497934	0.153152555521706	0.236920224915053	0.163956599415953	0.190317023871024	0.216542027638013	0.135007495675127	0.126516333075928	0.133559636641324	0.166494876313739	0.168652965265064	0.14346806133859	0.155481026135486	0.21788484877783	0.192727657396327	0.291602308386353	0.227444472948694	0.191640301650304	0.176439497831063	0.159143016482616	0.136629336346378	0.177815884172096	0.203531334801095	0	0.221507818476502	0.222637516766274	0.130169873767287	0.28130277036708	0.128204264601252	0.210339753028284	0.150432329885195	0.0973504761122661	0.180137326981769	0.154190716706898	0.149876403540466	0.191617733875142	0.151138293805648	0.196089349850169	0.209758907555395	0.137274196438003	0.185691616268427	0.111270677057987	0.23415428557902	0.165394317544736	0.112054706809281	0.134259149588546	0.179209068808584	0.113691434647279
