700108602	700014971	700033565	700109389	700023058	700023927	700106341	700114221	700023543	700023439	700016978	700024192	700113058	700099448	700109870	700033928	700023693	700109627	700095416	700110425	700111580	700111302	700098605	700111991	700108960	700024452	700032931	700095837	700024548	700110161	700023496	700034628	700023645	700038744	700038485	700024743	700099596	700110760	700101587	700106399	700032322	700095653	700021312	700101230	700023590	700038905	700033136	700023382	700096424	700105469	700016908	700096053	700108479	700109569	700033814	700016125	700109756	700102665	700101777	700109455
700108602	0	-0.166551342764844	-0.208928226639591	-0.120107378080537	-0.138835462462	-0.208098564001357	-0.0908491055056992	-0.226015736571635	-0.104000752025852	-0.210986231890507	-0.138532005469247	-0.209513390634993	-0.215032868015066	-0.173184716365354	-0.218057414040358	-0.116902420901578	-0.215377613332282	-0.194363650171078	-0.100272344383704	-0.101662952098116	-0.113936629789025	-0.139356499883591	-0.104809548801941	-0.0736627204025466	-0.111106575184279	-0.115008061702593	-0.162717058217556	-0.183599853465413	-0.191017005132761	-0.205806017311943	-0.189468714292582	-0.1579623632035	-0.142125800903656	-0.188366182162093	-0.11424967081756	-0.126501477833603	-0.171193483209985	-0.215952799276017	-0.0879027627602839	-0.25219959435149	-0.103028533131979	-0.216871426165945	-0.14438586139331	-0.143983523202823	-0.183572746989556	-0.168683686352263	-0.138291854959631	-0.2069419264267	-0.184471902325787	-0.187121169447337	-0.143529132206292	-0.078462319991206	-0.0834999079180127	-0.121535454812384	-0.093471344099424	-0.203122022881374	-0.138703811023098	-0.0827229840516179	-0.169056957114701	-0.116302987363996
700014971	-0.166551342764844	0	-0.183724454958066	-0.213754596075284	-0.143293350336908	-0.167276389107403	-0.176149465020051	-0.1544968428628	-0.150935481151043	-0.133767157725409	-0.121817002155217	-0.202585651173071	-0.149405009873036	-0.129758445128367	-0.170703473559623	-0.167036668638195	-0.144071871430068	-0.171148225753456	-0.164951398715088	-0.14974955889613	-0.163010548966474	-0.146869087314147	-0.132006445173092	-0.167158810670137	-0.189878073392333	-0.149534714577295	-0.116545074887159	-0.11777369667341	-0.112973259732991	-0.119787059487087	-0.141987878900951	-0.166256291200164	-0.12073287840916	-0.132519619572976	-0.146150859619294	-0.129717855661431	-0.166891794494117	-0.187929245669596	-0.139137986719753	-0.162276304853232	-0.129114967708526	-0.141021543888347	-0.133084919412872	-0.146570699900777	-0.125278966671161	-0.128801281588411	-0.118965952017877	-0.157485390515698	-0.142185901438895	-0.177797712964649	-0.169074997620313	-0.161152305087839	-0.165910232925702	-0.136249539477789	-0.180671855086399	-0.139517275606822	-0.162211940137994	-0.173894835192585	-0.146027896102353	-0.162699128382084
700033565	-0.208928226639591	-0.183724454958066	0	-0.236977161439593	-0.19915040634775	-0.0746937656956951	-0.198111982445918	-0.115363532142559	-0.176627321727828	-0.0956764888847979	-0.101634803614735	-0.0677506898041945	-0.106808576491452	-0.148391315107931	-0.100974036847231	-0.131943231747697	-0.116778356593349	-0.0941990718346829	-0.172381661094913	-0.188974201646302	-0.175158917693193	-0.104055062673448	-0.186902820722238	-0.186442597114756	-0.180346550623912	-0.206118882100484	-0.150875229622081	-0.183390812799976	-0.169061435182635	-0.119253354864508	-0.105039559997763	-0.133221180749279	-0.11589858707	-0.100827817711468	-0.205166701131153	-0.141419486369153	-0.149152007624354	-0.0939496629928949	-0.185123961156292	-0.14751965653563	-0.160221035683191	-0.0902772653198571	-0.158748608386857	-0.148930667326088	-0.123236591116427	-0.133684863459666	-0.166771842542402	-0.096150139985271	-0.121711950522304	-0.0826303406909722	-0.102564766009054	-0.223341515535066	-0.208721698737407	-0.151911173186438	-0.232480922538471	-0.10126445591352	-0.15486259197298	-0.207496441892292	-0.0889994750876662	-0.189556965797251
700109389	-0.120107378080537	-0.213754596075284	-0.236977161439593	0	-0.176662099497074	-0.253567690989639	-0.123042244209701	-0.251929141310034	-0.173579355060419	-0.242887893930975	-0.195681422063275	-0.229736661465169	-0.245239571806579	-0.233631251784507	-0.231293058733359	-0.167066930122729	-0.259632069878565	-0.250335383045266	-0.186240741313663	-0.126084977168199	-0.152695282935116	-0.198079453292754	-0.152566650493518	-0.156479086815382	-0.139414672843862	-0.149373115099857	-0.234856882677169	-0.216594055905186	-0.192603450775733	-0.230025940615282	-0.246125655852115	-0.218636958494591	-0.189706839345185	-0.230591825938741	-0.143901419352417	-0.174259257596185	-0.242725309012034	-0.257194377964579	-0.16591469677931	-0.2479640427666	-0.161918754047149	-0.240077421689334	-0.212190212885746	-0.19530230318192	-0.213441717965895	-0.206498201201636	-0.20496218901398	-0.237819730452652	-0.238888102917312	-0.228760684384086	-0.175484401530991	-0.114648120229986	-0.087904803619376	-0.196902646591464	-0.132445867649051	-0.241521916471969	-0.142054952924201	-0.119194445656328	-0.192858428088881	-0.158941683397599
700023058	-0.138835462462	-0.143293350336908	-0.19915040634775	-0.176662099497074	0	-0.167244524100842	-0.156255764172333	-0.196070376210746	-0.13202250572681	-0.184046993183257	-0.14556479229393	-0.211700073293773	-0.194450731294663	-0.134805264549809	-0.193168723790935	-0.146681026246728	-0.182902597098923	-0.169843702039724	-0.143831511476811	-0.150975840201301	-0.162837574682479	-0.172205848647201	-0.137903348511574	-0.128411883832404	-0.182615414395329	-0.120385858744459	-0.150352445729758	-0.17411653840447	-0.162263846459178	-0.165385288933933	-0.15023133809874	-0.195194127473996	-0.15464206323005	-0.160701672744248	-0.111740038417648	-0.161603049864383	-0.141500214758028	-0.161202521006611	-0.102913361961649	-0.218365999108212	-0.113255358719823	-0.1868678909681	-0.125342929746897	-0.169833806505465	-0.164197023280465	-0.149749899864613	-0.111190986246509	-0.188210785245836	-0.145842564285236	-0.199950731838937	-0.168939288117741	-0.131824832444394	-0.138806257894387	-0.119466689685323	-0.152520693386252	-0.187831213963875	-0.173299233970073	-0.152966279890378	-0.167695745739069	-0.154025574011211
700023927	-0.208098564001357	-0.167276389107403	-0.0746937656956951	-0.253567690989639	-0.167244524100842	0	-0.211402400282221	-0.119000592203454	-0.184094283986709	-0.091852089905658	-0.120081006017325	-0.102480793769569	-0.111885656654321	-0.0991910946020029	-0.107688633295689	-0.148568252327249	-0.090032221337573	-0.0692096610227608	-0.171143420769547	-0.197103416644249	-0.179007242555722	-0.13723562250222	-0.171663011481298	-0.188130138472253	-0.19834852596436	-0.20525655209375	-0.129623212719894	-0.188537393886247	-0.171554749112372	-0.106997575270449	-0.0675729356572375	-0.151947598198645	-0.13029089118178	-0.0783862773130547	-0.201198286665335	-0.162942479493399	-0.126120220271138	-0.062496596039029	-0.182957089013418	-0.150203829832692	-0.154164794737175	-0.101325430399197	-0.130432587333474	-0.167670249460093	-0.11956226609655	-0.126898237436834	-0.141697682304271	-0.106563324584259	-0.070799205252697	-0.099069895048513	-0.132461287079439	-0.225384484739539	-0.222485163830891	-0.126402494105222	-0.22771849205141	-0.101969395473126	-0.154261275022188	-0.216637247544318	-0.102545282423362	-0.188374123529853
700106341	-0.0908491055056992	-0.176149465020051	-0.198111982445918	-0.123042244209701	-0.156255764172333	-0.211402400282221	0	-0.23201325660571	-0.0913864442508772	-0.212839188243772	-0.133528940371985	-0.187375028729721	-0.213693367940014	-0.198189980567412	-0.213931982525024	-0.120552121418752	-0.226694059899084	-0.216451532423069	-0.113537439476118	-0.0858765926476645	-0.0893783825681296	-0.121172797622639	-0.119967163760544	-0.101852585525685	-0.0738832777662445	-0.168141002255873	-0.205077987518818	-0.215380768714549	-0.198202342089905	-0.209820678125548	-0.196837248711062	-0.119729507145962	-0.144768742979173	-0.194422387580497	-0.158887819116398	-0.103920395291048	-0.207665592471633	-0.222379925444934	-0.105325110927098	-0.256440149933766	-0.129391498192791	-0.213100900851141	-0.15029944888082	-0.118807268022222	-0.181070530295479	-0.18544969742491	-0.166463319748931	-0.196773630704002	-0.191230902900958	-0.165811313851188	-0.13486166871014	-0.0846758314808485	-0.0926404868234721	-0.129269758587789	-0.114525762107294	-0.202525109805498	-0.111658861064187	-0.0636286939143852	-0.151171947563028	-0.0730244385728278
700114221	-0.226015736571635	-0.1544968428628	-0.115363532142559	-0.251929141310034	-0.196070376210746	-0.119000592203454	-0.23201325660571	0	-0.207830008506937	-0.0763263205868188	-0.154431681834219	-0.138292046941124	-0.0872322341591203	-0.149862519608089	-0.0798720365981785	-0.186327942852187	-0.0683115838558441	-0.152578619273895	-0.217646980905736	-0.202942090730371	-0.201917263603007	-0.174120693852741	-0.192801728366198	-0.225709211821343	-0.23630665224577	-0.215158309785754	-0.131116416338801	-0.166474801046865	-0.132361586425708	-0.111823889390768	-0.126049024750585	-0.187534953038553	-0.139684475247119	-0.11014173195033	-0.219445210788719	-0.166594439475557	-0.182283480398857	-0.118230551528636	-0.206849260168686	-0.0801941542153572	-0.166173071385672	-0.0949620149239158	-0.17412366752058	-0.181160846012985	-0.104331316844245	-0.116986319446677	-0.143964674626631	-0.0722861823640185	-0.154746040958038	-0.138501773907736	-0.16839643513646	-0.233859112991067	-0.2186755172703	-0.184376853930432	-0.251862921681535	-0.0871008604012142	-0.168129820503956	-0.242980434478835	-0.132257585818987	-0.209578501100092
700023543	-0.104000752025852	-0.150935481151043	-0.176627321727828	-0.173579355060419	-0.13202250572681	-0.184094283986709	-0.0913864442508772	-0.207830008506937	0	-0.183218501614113	-0.11112976494008	-0.176837368055097	-0.193931108136513	-0.161545738059523	-0.190322584485581	-0.0944044096311627	-0.19515616589845	-0.180547208483219	-0.0928262875455386	-0.113006667721251	-0.112465120916991	-0.106777944705847	-0.117581036137187	-0.094977614544281	-0.111820449690873	-0.136607286390726	-0.160458738341498	-0.170146537163941	-0.197276348238509	-0.176851878693601	-0.168918271736703	-0.112632580055163	-0.123983542800654	-0.162636865262346	-0.128017352813979	-0.116114750543808	-0.168571543530627	-0.195147233980106	-0.0807381114735802	-0.237903136201379	-0.101418719854624	-0.184049925158911	-0.119570781368279	-0.0896584497967265	-0.158109392204388	-0.16593529422761	-0.126193673247531	-0.178655603669449	-0.171677588296685	-0.151500636575947	-0.137905456197381	-0.098147196319102	-0.111970463777929	-0.115180005179029	-0.123784713728721	-0.180101530697333	-0.146293686944482	-0.0797522834562984	-0.147567785535332	-0.0892068912348985
700023439	-0.210986231890507	-0.133767157725409	-0.0956764888847979	-0.242887893930975	-0.184046993183257	-0.091852089905658	-0.212839188243772	-0.0763263205868188	-0.183218501614113	0	-0.122832340399241	-0.119777698319156	-0.0645358837997509	-0.121182632110477	-0.0848658391317772	-0.155695804515496	-0.0810876180560724	-0.116881226772608	-0.189464251163569	-0.182044502239711	-0.173771514006671	-0.145726322381319	-0.182437672497366	-0.197532773594366	-0.206443334596894	-0.204572037626773	-0.123805962117948	-0.155313768472731	-0.132135439901077	-0.0900753145589398	-0.0984798709123293	-0.161251711986915	-0.108962898432985	-0.07801951631889	-0.208697920843377	-0.151980673242858	-0.162751752508962	-0.104317472119477	-0.183075292071554	-0.0953299248353689	-0.138060902845743	-0.067899486965486	-0.152581695561764	-0.162941485371174	-0.0774607318994907	-0.11252887774867	-0.136522775340544	-0.0816787881028362	-0.115935422929085	-0.111288021904259	-0.137114137708343	-0.216696383349245	-0.210699437396032	-0.16101458852592	-0.24240245700316	-0.068487990119824	-0.15242197048388	-0.213033585106019	-0.102504384254919	-0.187874193558542
700016978	-0.138532005469247	-0.121817002155217	-0.101634803614735	-0.195681422063275	-0.14556479229393	-0.120081006017325	-0.133528940371985	-0.154431681834219	-0.11112976494008	-0.122832340399241	0	-0.121088857910018	-0.134102842418906	-0.129369808129095	-0.149594397985966	-0.0969163158672478	-0.142526134836711	-0.110385663306957	-0.117026730144745	-0.117724165080275	-0.122218169755528	-0.064950117821084	-0.131123572604085	-0.122923405377782	-0.119715573588339	-0.150314647504802	-0.123831085539356	-0.143107156958978	-0.148066719357315	-0.130536396239842	-0.104917190006683	-0.096958714794382	-0.0718320884823991	-0.0984108004283357	-0.150090653984057	-0.0818901005438424	-0.127428737501332	-0.147109443299874	-0.111882465719661	-0.182614204730034	-0.102834192916018	-0.118883176636982	-0.100272204048007	-0.100297143125274	-0.104737666419774	-0.13021732825867	-0.128739425998226	-0.118204103881736	-0.115845585299837	-0.111737325532317	-0.0897971937741082	-0.152492557177107	-0.140234460995953	-0.0976110500922861	-0.164694259217708	-0.119136962614964	-0.127291770107995	-0.137049109870175	-0.0914901266030027	-0.130851651591751
700024192	-0.209513390634993	-0.202585651173071	-0.0677506898041945	-0.229736661465169	-0.211700073293773	-0.102480793769569	-0.187375028729721	-0.138292046941124	-0.176837368055097	-0.119777698319156	-0.121088857910018	0	-0.117678422308881	-0.17089174548778	-0.112050014825602	-0.133557696359852	-0.145415075290179	-0.125758245032635	-0.163953832380604	-0.187358938886618	-0.160956424109337	-0.103613698575892	-0.196395353653839	-0.201722690744687	-0.167209598039308	-0.223177029760141	-0.179308645762637	-0.20155393684257	-0.183682973261256	-0.156079661065911	-0.118521364217874	-0.113794091414001	-0.123860179081241	-0.122989248098139	-0.224094298648013	-0.156905449575548	-0.177342254289318	-0.122465423698288	-0.198572715575975	-0.159998616246876	-0.164554791601771	-0.0991857064375378	-0.165407446715193	-0.145969553917545	-0.121984112029215	-0.155542667239987	-0.179402925860283	-0.109915694465993	-0.150792161945989	-0.0741743716236319	-0.103300302292205	-0.225126695253475	-0.209532724993358	-0.162955073777389	-0.245642188813345	-0.104569196900889	-0.13579034752664	-0.206539446921394	-0.102189496753791	-0.181902231185928
700113058	-0.215032868015066	-0.149405009873036	-0.106808576491452	-0.245239571806579	-0.194450731294663	-0.111885656654321	-0.213693367940014	-0.0872322341591203	-0.193931108136513	-0.0645358837997509	-0.134102842418906	-0.117678422308881	0	-0.133344674482861	-0.0796694537742104	-0.168543171420225	-0.104509762503137	-0.136617406508767	-0.206798398998946	-0.183693942862115	-0.195035030183352	-0.157523565509783	-0.192354152642038	-0.215395841544267	-0.217491180996914	-0.212607339218234	-0.131897885290161	-0.159036592661541	-0.144267952913946	-0.100199358203969	-0.11976123652333	-0.165092943580775	-0.123092283868628	-0.0886346299442713	-0.220577510239359	-0.161287031514214	-0.174599164810941	-0.117539037603829	-0.189518366450829	-0.103748200943047	-0.155417410799107	-0.0752317730837465	-0.171866985732951	-0.162792427872074	-0.0967578966927735	-0.131872664936022	-0.164469222689529	-0.0864699440442846	-0.13283864393207	-0.119399653396829	-0.154112055358698	-0.224886073231921	-0.214206471694099	-0.177773057267807	-0.252093191015538	-0.0588070066615821	-0.163788138880559	-0.226250509834674	-0.116389059894092	-0.190195906208588
700099448	-0.173184716365354	-0.129758445128367	-0.148391315107931	-0.233631251784507	-0.134805264549809	-0.0991910946020029	-0.198189980567412	-0.149862519608089	-0.161545738059523	-0.121182632110477	-0.129369808129095	-0.17089174548778	-0.133344674482861	0	-0.143407840301738	-0.148742831368385	-0.113339276317882	-0.0984479429281867	-0.150709967875445	-0.164924107501829	-0.169187549383193	-0.155577849805194	-0.141731754261794	-0.154191232807121	-0.196723840611827	-0.164180294968949	-0.0984558911543701	-0.154557068695986	-0.148619899434652	-0.103872684558526	-0.0901947862387883	-0.17617864645361	-0.118327587148368	-0.0965331061561604	-0.157957160963305	-0.154446641683173	-0.106369873792932	-0.111276668150095	-0.148364700384471	-0.173068031821628	-0.130612964078585	-0.134384721561308	-0.112466354197354	-0.168437526878929	-0.105254906320711	-0.130046572795758	-0.103351226679818	-0.138536019578799	-0.0737841110313925	-0.150335818309282	-0.150898690407487	-0.188448462737173	-0.193634435433272	-0.11320002143898	-0.192741613822143	-0.129887209875706	-0.147875983323949	-0.187042704772437	-0.125854897389896	-0.177731182065097
700109870	-0.218057414040358	-0.170703473559623	-0.100974036847231	-0.231293058733359	-0.193168723790935	-0.107688633295689	-0.213931982525024	-0.0798720365981785	-0.190322584485581	-0.0848658391317772	-0.149594397985966	-0.112050014825602	-0.0796694537742104	-0.143407840301738	0	-0.172162897021159	-0.101262868144602	-0.146086833934293	-0.204915545740812	-0.182420574496215	-0.17714753018362	-0.159524593669678	-0.182331517865052	-0.218470742142286	-0.21114409927965	-0.211621234631502	-0.149630655652599	-0.17598218571751	-0.135406844843789	-0.0996214240542952	-0.132549885883174	-0.169422460513406	-0.142594384555495	-0.11305726834276	-0.217128500731105	-0.16591487762944	-0.184957646271545	-0.10189367849287	-0.203958208407762	-0.10818368997352	-0.167977894668394	-0.0844519935277376	-0.182048806582722	-0.16482121330775	-0.100753134040433	-0.120062597542141	-0.15790556715993	-0.0734342621792464	-0.14721314442789	-0.11211596029889	-0.157671128006944	-0.222433092373886	-0.207491070314787	-0.176255962993531	-0.246205819120432	-0.0856310306543306	-0.137150388934105	-0.221583517843822	-0.115014698352964	-0.193191832347
700033928	-0.116902420901578	-0.167036668638195	-0.131943231747697	-0.167066930122729	-0.146681026246728	-0.148568252327249	-0.120552121418752	-0.186327942852187	-0.0944044096311627	-0.155695804515496	-0.0969163158672478	-0.133557696359852	-0.168543171420225	-0.148742831368385	-0.172162897021159	0	-0.171730731746221	-0.13940893596935	-0.10377105432478	-0.127429385876735	-0.109606967462648	-0.0957129320666121	-0.124068177915147	-0.0999987206902005	-0.125553011447651	-0.150858734735948	-0.156937880621889	-0.164490706367468	-0.180093893872089	-0.164352991066338	-0.138365782179874	-0.120133610843912	-0.0894069806667024	-0.140885327775098	-0.147772964251265	-0.129949610512563	-0.150388432034158	-0.17012556460591	-0.104438341116071	-0.216028712528415	-0.0811345761615863	-0.149014728244853	-0.124368042092434	-0.12415915308435	-0.12983600008787	-0.146673935451873	-0.125723281857575	-0.156325581494171	-0.149076658396351	-0.117154023825982	-0.0899775462409631	-0.129632739012714	-0.129911270155919	-0.117794639956676	-0.156978727466924	-0.145923476247017	-0.137302703211833	-0.114676063138105	-0.118341251568937	-0.111855198683236
700023693	-0.215377613332282	-0.144071871430068	-0.116778356593349	-0.259632069878565	-0.182902597098923	-0.090032221337573	-0.226694059899084	-0.0683115838558441	-0.19515616589845	-0.0810876180560724	-0.142526134836711	-0.145415075290179	-0.104509762503137	-0.113339276317882	-0.101262868144602	-0.171730731746221	0	-0.116720638406225	-0.19668695864449	-0.199133239548164	-0.187086493863893	-0.168533115042714	-0.181284338355101	-0.202639215480657	-0.229793755671428	-0.211368833543963	-0.124844111600013	-0.172720460630546	-0.135678303092875	-0.101748901868228	-0.0876137971089046	-0.182547586842497	-0.134533858399636	-0.0849650252394713	-0.205585449973884	-0.161685384169409	-0.145123157633134	-0.10467932010825	-0.188979071314366	-0.0980334822041311	-0.154315544056571	-0.109129272155425	-0.140040412684481	-0.176772682372136	-0.0994056306509734	-0.105944278438802	-0.126169182385234	-0.0822916483727132	-0.108852735529214	-0.13660330973102	-0.162411650974324	-0.230028745847086	-0.224013337170293	-0.154205233738723	-0.244034458251713	-0.0933445953826422	-0.158197441677255	-0.231230694286549	-0.132722401140228	-0.203358877730183
700109627	-0.194363650171078	-0.171148225753456	-0.0941990718346829	-0.250335383045266	-0.169843702039724	-0.0692096610227608	-0.216451532423069	-0.152578619273895	-0.180547208483219	-0.116881226772608	-0.110385663306957	-0.125758245032635	-0.136617406508767	-0.0984479429281867	-0.146086833934293	-0.13940893596935	-0.116720638406225	0	-0.171161004383494	-0.189363552574404	-0.192689721690787	-0.140842855014146	-0.176628655885022	-0.16686487068687	-0.199500429730268	-0.190340509414061	-0.127277796157246	-0.177542562443283	-0.192113134961288	-0.125901861375944	-0.0813312352709015	-0.164917628077303	-0.125291159452214	-0.0994189713706375	-0.184434675572837	-0.157711486264857	-0.10497503734264	-0.0889352598883062	-0.175764382858268	-0.181397146333007	-0.161271008576312	-0.126381642641476	-0.127426245343923	-0.164074615938464	-0.137936774402729	-0.149672233651805	-0.13871876619586	-0.137462460297972	-0.0759751290100558	-0.129493616771332	-0.128387827361828	-0.223660380006365	-0.21488609303306	-0.13125538543611	-0.209253228417998	-0.127043202223987	-0.179192249105803	-0.207921592581547	-0.125448845595132	-0.204007560170455
700095416	-0.100272344383704	-0.164951398715088	-0.172381661094913	-0.186240741313663	-0.143831511476811	-0.171143420769547	-0.113537439476118	-0.217646980905736	-0.0928262875455386	-0.189464251163569	-0.117026730144745	-0.163953832380604	-0.206798398998946	-0.150709967875445	-0.204915545740812	-0.10377105432478	-0.19668695864449	-0.171161004383494	0	-0.129085337783452	-0.102932702226246	-0.109755717781169	-0.123029606894406	-0.0851050462435584	-0.1084115578917	-0.143786195371806	-0.158308600420893	-0.184460247762769	-0.195464547332068	-0.187457568136619	-0.154747725902712	-0.116912464398621	-0.123326477681611	-0.16348223375097	-0.133673447193161	-0.124063099138362	-0.151827900802008	-0.181310244875766	-0.0895971427115472	-0.248755963307059	-0.1009459949206	-0.193184139993834	-0.105505817966192	-0.126034977821607	-0.164068303114385	-0.154009936930414	-0.120966672556615	-0.186389133686574	-0.152426113818913	-0.148124379513634	-0.115547738818266	-0.133072147883665	-0.133196968098514	-0.0856745568315618	-0.123862365560495	-0.185089292734334	-0.134710060340298	-0.113481306094589	-0.144499070734661	-0.119624562191476
700110425	-0.101662952098116	-0.14974955889613	-0.188974201646302	-0.126084977168199	-0.150975840201301	-0.197103416644249	-0.0858765926476645	-0.202942090730371	-0.113006667721251	-0.182044502239711	-0.117724165080275	-0.187358938886618	-0.183693942862115	-0.164924107501829	-0.182420574496215	-0.127429385876735	-0.199133239548164	-0.189363552574404	-0.129085337783452	0	-0.102863381356823	-0.133692152470235	-0.115679927564357	-0.114232409184344	-0.083882763509281	-0.151140795483584	-0.161384373910469	-0.171088982166098	-0.160576776617002	-0.166131801144327	-0.184419147031344	-0.151181152319257	-0.120218749450104	-0.170522656256271	-0.144056723587839	-0.0967150749969016	-0.18571198701771	-0.211185838008027	-0.116680813683762	-0.222322761718662	-0.112425367136193	-0.17433905984339	-0.134047351765576	-0.107558738228705	-0.147369900883055	-0.169960162282858	-0.138814999331943	-0.175939091704738	-0.174492495320899	-0.17244566541113	-0.137929948644755	-0.099953408340073	-0.0768071388938492	-0.123401700420768	-0.136315741304567	-0.178434676316662	-0.0979595957574563	-0.0805711269260313	-0.143706749406542	-0.108873738019115
700111580	-0.113936629789025	-0.163010548966474	-0.175158917693193	-0.152695282935116	-0.162837574682479	-0.179007242555722	-0.0893783825681296	-0.201917263603007	-0.112465120916991	-0.173771514006671	-0.122218169755528	-0.160956424109337	-0.195035030183352	-0.169187549383193	-0.17714753018362	-0.109606967462648	-0.187086493863893	-0.192689721690787	-0.102932702226246	-0.102863381356823	0	-0.105228502140127	-0.106779734014864	-0.10737272774298	-0.0772993523381779	-0.179131302163112	-0.182057770171272	-0.209546441499178	-0.157947516462224	-0.192817382039432	-0.1629579535499	-0.120652264741974	-0.122173534822601	-0.169021291347528	-0.172712269826291	-0.113085470872201	-0.19669170434284	-0.184595526830173	-0.130710750547802	-0.222189924252639	-0.11083015899779	-0.18076054673032	-0.134650440323318	-0.130354884449511	-0.133385164444178	-0.142474780590621	-0.13760745924608	-0.161439024983758	-0.163516705716332	-0.134473060835779	-0.113969613393403	-0.11217510966451	-0.11796177708887	-0.106471995256941	-0.141835814214176	-0.173701533761254	-0.0805474143559743	-0.089774640219962	-0.123193062194908	-0.0940165616158684
700111302	-0.139356499883591	-0.146869087314147	-0.104055062673448	-0.198079453292754	-0.172205848647201	-0.13723562250222	-0.121172797622639	-0.174120693852741	-0.106777944705847	-0.145726322381319	-0.064950117821084	-0.103613698575892	-0.157523565509783	-0.155577849805194	-0.159524593669678	-0.0957129320666121	-0.168533115042714	-0.140842855014146	-0.109755717781169	-0.133692152470235	-0.105228502140127	0	-0.143112134897494	-0.129850415846271	-0.105474671961266	-0.178901891034348	-0.158699653502606	-0.180886220002584	-0.176905073449015	-0.160069327891915	-0.128206265284472	-0.0637630651556105	-0.0859019995725087	-0.123854832307048	-0.172484132621401	-0.09250920626652	-0.157040385603911	-0.154058859606311	-0.133692958473413	-0.2016519032866	-0.127192041340917	-0.139558243764786	-0.124021010907022	-0.102411965442945	-0.121690280428356	-0.154070001321434	-0.148921613961586	-0.133301619490657	-0.136835675175294	-0.0782577999844987	-0.078585880640661	-0.145694414444594	-0.145907462080328	-0.106416171684224	-0.17088826746064	-0.132430188530388	-0.123950222782933	-0.130411543104015	-0.0913109809815075	-0.120619672029422
700098605	-0.104809548801941	-0.132006445173092	-0.186902820722238	-0.152566650493518	-0.137903348511574	-0.171663011481298	-0.119967163760544	-0.192801728366198	-0.117581036137187	-0.182437672497366	-0.131123572604085	-0.196395353653839	-0.192354152642038	-0.141731754261794	-0.182331517865052	-0.124068177915147	-0.181284338355101	-0.176628655885022	-0.123029606894406	-0.115679927564357	-0.106779734014864	-0.143112134897494	0	-0.108949018929786	-0.136187082669209	-0.13113381603524	-0.140015684499673	-0.162070044224355	-0.16348147753046	-0.17001420677462	-0.160951501148492	-0.161409656258142	-0.133709979376066	-0.16149650262303	-0.126910442418244	-0.11788591057508	-0.161366276036915	-0.178712998825951	-0.106891419788804	-0.211157177690561	-0.109373232820092	-0.187850359285928	-0.137883754735885	-0.133195806796038	-0.160527270420249	-0.132386340671356	-0.126652646415546	-0.172904130546044	-0.158131106422936	-0.168595207054289	-0.152905005994424	-0.109781379392256	-0.111917196515762	-0.108844087155227	-0.103602026589003	-0.177838632633791	-0.127576877270042	-0.119927158770066	-0.142666114355366	-0.106955433013928
700111991	-0.0736627204025466	-0.167158810670137	-0.186442597114756	-0.156479086815382	-0.128411883832404	-0.188130138472253	-0.101852585525685	-0.225709211821343	-0.094977614544281	-0.197532773594366	-0.122923405377782	-0.201722690744687	-0.215395841544267	-0.154191232807121	-0.218470742142286	-0.0999987206902005	-0.202639215480657	-0.16686487068687	-0.0851050462435584	-0.114232409184344	-0.10737272774298	-0.129850415846271	-0.108949018929786	0	-0.112472995244639	-0.116910675224844	-0.156502465206521	-0.186375213517564	-0.190365884568831	-0.197400386007307	-0.166712464566303	-0.159540548041201	-0.134277897079341	-0.173303748603373	-0.111038585180684	-0.119115130868576	-0.150265096220816	-0.191968789262708	-0.0812602282197161	-0.254746986803431	-0.100375444084947	-0.210354957748644	-0.124458547632227	-0.141009104722924	-0.174056399379261	-0.161384488622262	-0.114432152802134	-0.19733276067677	-0.161954468191262	-0.175121508203205	-0.126939599659979	-0.108518258540668	-0.116661378319287	-0.0988906547171242	-0.0912217401714817	-0.200297864443865	-0.1486158864462	-0.0897627732550946	-0.160371267839715	-0.1150025990371
700108960	-0.111106575184279	-0.189878073392333	-0.180346550623912	-0.139414672843862	-0.182615414395329	-0.19834852596436	-0.0738832777662445	-0.23630665224577	-0.111820449690873	-0.206443334596894	-0.119715573588339	-0.167209598039308	-0.217491180996914	-0.196723840611827	-0.21114409927965	-0.125553011447651	-0.229793755671428	-0.199500429730268	-0.1084115578917	-0.083882763509281	-0.0772993523381779	-0.105474671961266	-0.136187082669209	-0.112472995244639	0	-0.192283914771934	-0.208071811643179	-0.221261915793994	-0.198538808751656	-0.206809942385371	-0.191397734863008	-0.10743056270463	-0.140749480734516	-0.19280182167698	-0.178601960770663	-0.110733854070333	-0.206173976679432	-0.212060722299637	-0.136344289881215	-0.259028977431853	-0.144755181062308	-0.200135065678245	-0.149633706794623	-0.115029329164803	-0.174616534381807	-0.190322307934991	-0.180252335431155	-0.200762842891921	-0.181010371324409	-0.144376350281206	-0.108980372749809	-0.115642241935159	-0.102547067520937	-0.124299098180543	-0.131295420450259	-0.202082469485712	-0.101456879277392	-0.0800259588250633	-0.135130684780242	-0.0971278968876169
700024452	-0.115008061702593	-0.149534714577295	-0.206118882100484	-0.149373115099857	-0.120385858744459	-0.20525655209375	-0.168141002255873	-0.215158309785754	-0.136607286390726	-0.204572037626773	-0.150314647504802	-0.223177029760141	-0.212607339218234	-0.164180294968949	-0.211621234631502	-0.150858734735948	-0.211368833543963	-0.190340509414061	-0.143786195371806	-0.151140795483584	-0.179131302163112	-0.178901891034348	-0.13113381603524	-0.116910675224844	-0.192283914771934	0	-0.151144505067474	-0.135854026437914	-0.149185692915147	-0.186556767228207	-0.191863232777885	-0.205519672123043	-0.155191261941311	-0.182822647098045	-0.056973269137306	-0.15009327253683	-0.171073987572613	-0.206032705874273	-0.105673604441759	-0.221353991238612	-0.123855426353679	-0.205164598360071	-0.156138639437113	-0.167605703248307	-0.179559239415165	-0.151872268003141	-0.129072654507913	-0.201857767583524	-0.181711991381178	-0.211344013547044	-0.17719167170949	-0.125917538575308	-0.127481086069591	-0.146386206355361	-0.118881274129223	-0.206133534176446	-0.175165026323486	-0.156577130242818	-0.171041779056482	-0.178684750234619
700032931	-0.162717058217556	-0.116545074887159	-0.150875229622081	-0.234856882677169	-0.150352445729758	-0.129623212719894	-0.205077987518818	-0.131116416338801	-0.160458738341498	-0.123805962117948	-0.123831085539356	-0.179308645762637	-0.131897885290161	-0.0984558911543701	-0.149630655652599	-0.156937880621889	-0.124844111600013	-0.127277796157246	-0.158308600420893	-0.161384373910469	-0.182057770171272	-0.158699653502606	-0.140015684499673	-0.156502465206521	-0.208071811643179	-0.151144505067474	0	-0.131371937136102	-0.149037117837391	-0.10983495035781	-0.11407141087039	-0.176565529736751	-0.118228276726608	-0.107149817413639	-0.156179834617801	-0.154072951693656	-0.127721674818289	-0.139980545447344	-0.147280262857573	-0.156379786322669	-0.135363882787724	-0.124903697186107	-0.125398239607875	-0.160282031924647	-0.118024484529602	-0.128989601465653	-0.0995036135341928	-0.134422826378627	-0.12001037774623	-0.153855674595544	-0.169518543546147	-0.185113931694164	-0.185919117076056	-0.125638134989991	-0.185365620554639	-0.123972140716444	-0.1699904442895	-0.198695784328196	-0.135089460714023	-0.183290915628164
700095837	-0.183599853465413	-0.11777369667341	-0.183390812799976	-0.216594055905186	-0.17411653840447	-0.188537393886247	-0.215380768714549	-0.166474801046865	-0.170146537163941	-0.155313768472731	-0.143107156958978	-0.20155393684257	-0.159036592661541	-0.154557068695986	-0.17598218571751	-0.164490706367468	-0.172720460630546	-0.177542562443283	-0.184460247762769	-0.171088982166098	-0.209546441499178	-0.180886220002584	-0.162070044224355	-0.186375213517564	-0.221261915793994	-0.135854026437914	-0.131371937136102	0	-0.112628760032469	-0.123316640056247	-0.176828627315614	-0.202671139918704	-0.138849153750288	-0.144000606111833	-0.153275538403275	-0.170838377589825	-0.160827244190639	-0.200490464947649	-0.165527943036213	-0.182669199360843	-0.147915692609419	-0.141789921468699	-0.1697045215982	-0.168752356336165	-0.144318375631797	-0.156960007382231	-0.150911128109026	-0.168989535013973	-0.17845672008807	-0.189499110227735	-0.179672008840187	-0.187700024535575	-0.181350100047505	-0.185110339660793	-0.198295805400812	-0.161765470132746	-0.19385386929202	-0.206343407366099	-0.165824553490993	-0.20590585234074
700024548	-0.191017005132761	-0.112973259732991	-0.169061435182635	-0.192603450775733	-0.162263846459178	-0.171554749112372	-0.198202342089905	-0.132361586425708	-0.197276348238509	-0.132135439901077	-0.148066719357315	-0.183682973261256	-0.144267952913946	-0.148619899434652	-0.135406844843789	-0.180093893872089	-0.135678303092875	-0.192113134961288	-0.195464547332068	-0.160576776617002	-0.157947516462224	-0.176905073449015	-0.16348147753046	-0.190365884568831	-0.198538808751656	-0.149185692915147	-0.149037117837391	-0.112628760032469	0	-0.132133407212014	-0.158798606734533	-0.210018158658771	-0.139495527121527	-0.137199892238767	-0.156012257876248	-0.143294777972868	-0.197532698778908	-0.177936958544908	-0.180477143752324	-0.134907786721467	-0.147785389108709	-0.118590270779319	-0.170534594561607	-0.19134373053153	-0.0924335638847151	-0.104224610628094	-0.143957816770134	-0.128033416316749	-0.166373890931837	-0.181377008412405	-0.16337557452835	-0.182828148363891	-0.169791828631097	-0.164535760490711	-0.202268478622388	-0.148442573840609	-0.131732855436136	-0.200014764567855	-0.146169029557843	-0.196392033641383
700110161	-0.205806017311943	-0.119787059487087	-0.119253354864508	-0.230025940615282	-0.165385288933933	-0.106997575270449	-0.209820678125548	-0.111823889390768	-0.176851878693601	-0.0900753145589398	-0.130536396239842	-0.156079661065911	-0.100199358203969	-0.103872684558526	-0.0996214240542952	-0.164352991066338	-0.101748901868228	-0.125901861375944	-0.187457568136619	-0.166131801144327	-0.192817382039432	-0.160069327891915	-0.17001420677462	-0.197400386007307	-0.206809942385371	-0.186556767228207	-0.10983495035781	-0.123316640056247	-0.132133407212014	0	-0.119165005010542	-0.174527573409372	-0.127634370991203	-0.0869824944431274	-0.18416598882937	-0.158545127745422	-0.145784160307515	-0.113772563147404	-0.17609467400495	-0.136500749576479	-0.151234499819468	-0.0866015766344479	-0.147051164521961	-0.162076170764524	-0.112355897008312	-0.131484273306881	-0.147563902369429	-0.106562124291873	-0.10785162660583	-0.131592962814489	-0.157729078585461	-0.199203511548985	-0.202406126871557	-0.152294419209686	-0.227851909218038	-0.109459446161747	-0.157646030932585	-0.207490132738734	-0.115719834872506	-0.190813965183594
700023496	-0.189468714292582	-0.141987878900951	-0.105039559997763	-0.246125655852115	-0.15023133809874	-0.0675729356572375	-0.196837248711062	-0.126049024750585	-0.168918271736703	-0.0984798709123293	-0.104917190006683	-0.118521364217874	-0.11976123652333	-0.0901947862387883	-0.132549885883174	-0.138365782179874	-0.0876137971089046	-0.0813312352709015	-0.154747725902712	-0.184419147031344	-0.1629579535499	-0.128206265284472	-0.160951501148492	-0.166712464566303	-0.191397734863008	-0.191863232777885	-0.11407141087039	-0.176828627315614	-0.158798606734533	-0.119165005010542	0	-0.14986342880939	-0.106479217370194	-0.0752424296078201	-0.185791304346448	-0.144024650161142	-0.112578606519719	-0.0924161257990368	-0.163874914912608	-0.150932899995943	-0.129672155454715	-0.113863081588745	-0.106357988038027	-0.160756251998926	-0.0986340930583658	-0.119587519454207	-0.107291328739685	-0.103829750196199	-0.0695537828765236	-0.116006643952848	-0.126533392479541	-0.210683817856082	-0.208203665135599	-0.105317444198079	-0.216280733794095	-0.0974453226846496	-0.146469015615573	-0.204643945499743	-0.115385314735131	-0.180600891364881
700034628	-0.1579623632035	-0.166256291200164	-0.133221180749279	-0.218636958494591	-0.195194127473996	-0.151947598198645	-0.119729507145962	-0.187534953038553	-0.112632580055163	-0.161251711986915	-0.096958714794382	-0.113794091414001	-0.165092943580775	-0.17617864645361	-0.169422460513406	-0.120133610843912	-0.182547586842497	-0.164917628077303	-0.116912464398621	-0.151181152319257	-0.120652264741974	-0.0637630651556105	-0.161409656258142	-0.159540548041201	-0.10743056270463	-0.205519672123043	-0.176565529736751	-0.202671139918704	-0.210018158658771	-0.174527573409372	-0.14986342880939	0	-0.11957063589173	-0.147922766663163	-0.198470390133541	-0.106920416629781	-0.183983110683561	-0.169688685462334	-0.155899609059193	-0.210884631473553	-0.147602112407298	-0.151138355984354	-0.136907254125418	-0.0856682893553053	-0.149616717994449	-0.178405930062455	-0.170551972563829	-0.150020456466425	-0.161116349730841	-0.0849990020255026	-0.118496403049508	-0.165778584185466	-0.165717286921412	-0.133934108712544	-0.19363282979311	-0.143985895292649	-0.137737184355934	-0.140911198861443	-0.113967638642239	-0.0961062075180019
700023645	-0.142125800903656	-0.12073287840916	-0.11589858707	-0.189706839345185	-0.15464206323005	-0.13029089118178	-0.144768742979173	-0.139684475247119	-0.123983542800654	-0.108962898432985	-0.0718320884823991	-0.123860179081241	-0.123092283868628	-0.118327587148368	-0.142594384555495	-0.0894069806667024	-0.134533858399636	-0.125291159452214	-0.123326477681611	-0.120218749450104	-0.122173534822601	-0.0859019995725087	-0.133709979376066	-0.134277897079341	-0.140749480734516	-0.155191261941311	-0.118228276726608	-0.138849153750288	-0.139495527121527	-0.127634370991203	-0.106479217370194	-0.11957063589173	0	-0.0884556264783464	-0.161280813272724	-0.0997543262728424	-0.138674402386068	-0.150030932283921	-0.124957233341458	-0.164871005053764	-0.0987720757548878	-0.110553975503004	-0.103616759011077	-0.122226144241469	-0.0831475729143167	-0.120752357775134	-0.106591607671392	-0.113530566769768	-0.122229607058704	-0.102878516065821	-0.0888058199115965	-0.152473187558599	-0.151017110149601	-0.111734802177748	-0.184860651931739	-0.0981067166550376	-0.126313113260815	-0.143275236860598	-0.0863646449584901	-0.139569215416471
700038744	-0.188366182162093	-0.132519619572976	-0.100827817711468	-0.230591825938741	-0.160701672744248	-0.0783862773130547	-0.194422387580497	-0.11014173195033	-0.162636865262346	-0.07801951631889	-0.0984108004283357	-0.122989248098139	-0.0886346299442713	-0.0965331061561604	-0.11305726834276	-0.140885327775098	-0.0849650252394713	-0.0994189713706375	-0.16348223375097	-0.170522656256271	-0.169021291347528	-0.123854832307048	-0.16149650262303	-0.173303748603373	-0.19280182167698	-0.182822647098045	-0.107149817413639	-0.144000606111833	-0.137199892238767	-0.0869824944431274	-0.0752424296078201	-0.147922766663163	-0.0884556264783464	0	-0.187077440770153	-0.13436394773095	-0.126847680398214	-0.09915333927974	-0.162096097514836	-0.132513028432453	-0.128634104702426	-0.0899351800451918	-0.11188530122965	-0.15558829399639	-0.0865238568562564	-0.114413739694071	-0.124761359935978	-0.0829297409593289	-0.0907478106625314	-0.105142811147601	-0.127782259374688	-0.204285659799014	-0.200290224106343	-0.117979184753467	-0.219673112875619	-0.0800421023038812	-0.151204452753296	-0.197681584402853	-0.0963817011201415	-0.181713801008753
