700108602	700014971	700033565	700109389	700023058	700023927	700106341	700114221	700023543	700023439	700016978	700024192	700113058	700099448	700109870	700033928	700023693	700109627	700095416	700110425	700111580	700111302	700098605	700111991	700108960	700024452	700032931	700095837	700024548	700110161	700023496	700034628	700023645	700038744	700038485	700024743	700099596	700110760	700101587	700106399	700032322	700095653	700021312	700101230	700023590	700038905	700033136	700023382	700096424	700105469	700016908	700096053	700108479	700109569	700033814	700016125	700109756	700102665	700101777	700109455
700108602	0	0.234551217163875	0.309822861608816	0.244480384808705	0.207884633363374	0.27766820900505	0.094964377435487	0.316307350882333	0.108367513258109	0.267650892235144	0.182979459974579	0.327669622457848	0.312739582445083	0.22626136535623	0.32872942116888	0.178293754925491	0.28830244562615	0.274050929490023	0.114669387514756	0.110783659798292	0.143172708314487	0.236320397450057	0.135611902546477	0.0693355217060162	0.150435555031338	0.195941096858923	0.234958657541605	0.327432573838497	0.275945152219229	0.303087807576856	0.260349126284425	0.237290241569271	0.206876047534974	0.279410064281106	0.179064307481083	0.129847750438573	0.21438053156728	0.308436586053316	0.100209912067926	0.372714660870721	0.126864059656786	0.33499268600505	0.179120738750409	0.18948052967803	0.269207302925745	0.225616243512341	0.189824395536153	0.288434478543902	0.234546862360929	0.292777790517093	0.278719327824035	0.101521540505723	0.146373815631213	0.133410426834625	0.121583940747427	0.273308899226397	0.142983874916632	0.117047330077284	0.280236286018442	0.138873613390727
700014971	0.234551217163875	0	0.273605911020222	0.339664089824835	0.138832104909404	0.235392093972328	0.249409790759339	0.146691086161766	0.206533199943466	0.175572512293044	0.171187695358397	0.295617437697065	0.189414728747767	0.14950889599137	0.251176248560938	0.227543987425322	0.165902231577339	0.26239183935805	0.206664046094701	0.21945490242725	0.238511900711608	0.249272513165644	0.204576410372758	0.21419606958816	0.295714324603235	0.191462311121724	0.11475366992002	0.206256348570141	0.132341647783565	0.164091225073505	0.185216183209992	0.263923465637884	0.143670184315572	0.216202856846376	0.187642935344457	0.183096707343004	0.198344805980986	0.275467461842149	0.171392641005709	0.211700577196672	0.166752769762717	0.195779354389261	0.145699849888543	0.207835962006473	0.150010995244977	0.147046014550337	0.102935530647673	0.202583908380507	0.157396253424986	0.26937218039075	0.2906036972151	0.205237557469329	0.250410732683627	0.183404340033645	0.283129082982405	0.186483136207399	0.205391458087239	0.240105616777961	0.245459879880656	0.23416557231832
700033565	0.309822861608816	0.273605911020222	0	0.444895121353244	0.292629252531917	0.0980333149172902	0.30678117635299	0.2006753299767	0.28957986457544	0.154712224567615	0.166654951853697	0.0652930750965767	0.183111529896863	0.207657705954095	0.180347326477602	0.155388735168712	0.179903741188961	0.112147222761815	0.242894060930747	0.295521655098544	0.240575218591702	0.10832356121926	0.312555659936549	0.283690122910129	0.267298128431715	0.338185875331293	0.233872111825867	0.381640912586695	0.281418117057511	0.203545696945471	0.152152265415527	0.161649242825083	0.188227998537467	0.0961245906551243	0.339137651226839	0.222710471266367	0.24988615885285	0.128255466702551	0.282151485294348	0.251648128672375	0.246001420705093	0.166935162216332	0.234284057048075	0.223603897609527	0.19603114230078	0.224954626089615	0.247318679085404	0.135424662708674	0.193008284181365	0.0637512599631096	0.110956941307645	0.322376656130675	0.371346950632472	0.217843627850859	0.390517027771411	0.138761816165189	0.242010699377559	0.308199338600199	0.0717750003024533	0.262855328579201
700109389	0.244480384808705	0.339664089824835	0.444895121353244	0	0.327782751049909	0.430087694553257	0.209375731012344	0.416138104197255	0.300532263272327	0.402854531861083	0.350848120130362	0.456675521923744	0.421111946049928	0.371398810550978	0.438346741350524	0.344296619146442	0.415057868888476	0.437615205397482	0.32536061582383	0.216377461666162	0.305048468292304	0.399542140757998	0.232474707618063	0.265382119038335	0.289968149909096	0.262741306060659	0.373266583364101	0.405032620206307	0.349516968786508	0.402533786883526	0.405172990906941	0.401712131272077	0.338312822587705	0.421701553826366	0.238902302107129	0.29152659054932	0.377681601606636	0.455527211735709	0.260186016751017	0.421125147957895	0.280344596143639	0.433572656752418	0.340067465374114	0.343754547755607	0.383998537815199	0.342353462877123	0.342930028644891	0.415641204971251	0.380769087685535	0.43269395758157	0.417690878771619	0.20726273075025	0.134600027642826	0.311935027312629	0.183526620172761	0.402252409950433	0.264620757666587	0.232643088953586	0.411811245900983	0.306453546911276
700023058	0.207884633363374	0.138832104909404	0.292629252531917	0.327782751049909	0	0.218959452240572	0.232672968157301	0.209323037391595	0.176697942033906	0.203901986626072	0.183053763178091	0.30414499955047	0.23409230802888	0.154162024889863	0.266454505322949	0.220667244091347	0.212028679686572	0.244317452329591	0.169813661896826	0.210429713100771	0.226901983433855	0.267008986060006	0.178145406707296	0.187632944097538	0.29137209081167	0.158161874896207	0.160516062892629	0.268511156621353	0.18523324255032	0.215016065199283	0.195533071631428	0.272139527269924	0.168982084236672	0.231916325521192	0.172790009384515	0.203600399852078	0.153307505735994	0.231258612348294	0.149660573548062	0.262314669057696	0.158214167521264	0.26984900418388	0.142568343155485	0.210438108060114	0.197888985292388	0.162315196614769	0.112977147468919	0.228529722425179	0.159417602693957	0.289467952392563	0.304600049405978	0.192356981416765	0.23151774296244	0.168281056528626	0.235073962740597	0.215094022623733	0.207600308364688	0.22832014477091	0.266016428749202	0.208906512322915
700023927	0.27766820900505	0.235392093972328	0.0980333149172902	0.430087694553257	0.218959452240572	0	0.298038165516172	0.159492081465487	0.262360172092937	0.102354527647719	0.140939379115126	0.138047487048489	0.146189073798091	0.130939663779035	0.1653463390585	0.17559930545046	0.13841136718838	0.0862867036008712	0.209651247787635	0.275119058498266	0.223113861068919	0.164544337286621	0.263956706313058	0.24712432407733	0.269705302718987	0.290060236186081	0.175030095180514	0.357047107859676	0.240049999421586	0.156844812043243	0.0905167487299134	0.183554177882181	0.169866948322138	0.0666248208489647	0.301491376562361	0.200449206453553	0.182057912145289	0.069429938497843	0.260595446199154	0.214218662324327	0.211606098921945	0.139977601271613	0.182945355532026	0.203192242108918	0.158104390448086	0.179956527294968	0.193435218567859	0.105371265243711	0.107680832384495	0.114918338909173	0.186740564825056	0.302432621766127	0.354627068774139	0.188037607335169	0.349099379517748	0.0983118315380724	0.212789676957244	0.287751457087685	0.108291099225424	0.242365479003434
700106341	0.094964377435487	0.249409790759339	0.30678117635299	0.209375731012344	0.232672968157301	0.298038165516172	0	0.323821997980576	0.137144497882293	0.279915212668432	0.203825675839306	0.317482170489694	0.312203758609625	0.251253420007799	0.328484872784866	0.192247958138079	0.290390426938084	0.30744711733392	0.15534152128966	0.0801161128324433	0.140811239173334	0.246217455759984	0.148386643883148	0.120912150562301	0.120140120693694	0.239728509480118	0.278686657069884	0.363493293449254	0.291280163398666	0.315368537968842	0.272583626186771	0.219587844535155	0.208605065239471	0.292026016090904	0.209494827226929	0.129993906828699	0.254606836857881	0.321965059177381	0.124800464039629	0.372962127823053	0.150907744968406	0.327706748686499	0.194915461192588	0.183006383659569	0.262093889753521	0.242362667558315	0.222897597817407	0.286074662287392	0.253147280458901	0.287676356347391	0.286987706748547	0.100068599029569	0.114442771153325	0.147314164136412	0.14612274436483	0.278340673456273	0.133847714746205	0.102563832350014	0.273935082641084	0.119918737109194
700114221	0.316307350882333	0.146691086161766	0.2006753299767	0.416138104197255	0.209323037391595	0.159492081465487	0.323821997980576	0	0.278473383176658	0.0993148314237622	0.216974661348962	0.224535053728106	0.0835316104242823	0.151801148137329	0.14653496539093	0.256122017171859	0.0763673879253569	0.218207260868489	0.26476640656079	0.292062131804245	0.278400255501974	0.258380748528418	0.286797852901683	0.289307229591894	0.35886524723282	0.276779063857977	0.127479838097418	0.282352003672178	0.154920037643884	0.0955617729460724	0.149379282291028	0.266036613471391	0.186800698454586	0.155223561228962	0.276146273882617	0.237396503430586	0.224346442928928	0.173664577711655	0.252312444329843	0.1271075251916	0.228615116178585	0.118093412259435	0.20680047396696	0.250935463016628	0.125015564935637	0.145285617056241	0.158802313677909	0.111703378071875	0.152904910374725	0.203988750714271	0.287686750901388	0.290577597459554	0.336804412346516	0.24042686317293	0.376310719098173	0.112928947524956	0.235450078415061	0.323006843158351	0.201465549412852	0.282137164125845
700023543	0.108367513258109	0.206533199943466	0.28957986457544	0.300532263272327	0.176697942033906	0.262360172092937	0.137144497882293	0.278473383176658	0	0.232065703712454	0.170749447507049	0.306888273574847	0.276700667560313	0.21189665018943	0.298745270976869	0.171735423801885	0.251507030915686	0.272310082803444	0.121821015889741	0.150145163771036	0.168113660890536	0.223230640572007	0.18199655439071	0.111121602189294	0.178678158481397	0.203291750539408	0.211947677644625	0.314530179783855	0.276447673454014	0.267724662762455	0.224973029769374	0.188626440291272	0.185883852472704	0.253001114605495	0.176613481347101	0.147975556754521	0.193215833694753	0.294067110460109	0.0982324329588904	0.337764807920009	0.135196268355291	0.299505971563112	0.165258656875052	0.116948372863821	0.25044179166479	0.213940865164414	0.16824427946961	0.253049607773743	0.218151227757254	0.270852378064889	0.280665658329021	0.116277994793401	0.182794239572402	0.140768469700427	0.184547228503112	0.23704981853986	0.179642129151508	0.126895540101445	0.265990568004175	0.120237047467976
700023439	0.267650892235144	0.175572512293044	0.154712224567615	0.402854531861083	0.203901986626072	0.102354527647719	0.279915212668432	0.0993148314237622	0.232065703712454	0	0.161793272684662	0.186519132374447	0.0914707736063767	0.108454494115559	0.146128235067033	0.202413748829113	0.0760053615534697	0.15602222147098	0.210818667778984	0.245400375824274	0.22932302886676	0.204027042480857	0.255556625234378	0.229701803131429	0.306614917092525	0.272763414752476	0.137595818905897	0.305626968691698	0.189062424648636	0.111389386187042	0.0895397049580147	0.218078437407294	0.153300136062403	0.0900998199996494	0.273022487984564	0.185439120183052	0.168935687758793	0.138166730022574	0.223093536245098	0.162210027887023	0.176397476942771	0.139270149446436	0.164783262739149	0.20492848239588	0.128814780790803	0.131622954321444	0.153426056880613	0.0850530340218661	0.0891498304715417	0.165076300641171	0.233046014310478	0.266321236614163	0.323472364792626	0.176317480580092	0.34466854599853	0.0722099590394111	0.193285669308389	0.27557594040017	0.157801182032449	0.230337821967343
700016978	0.182979459974579	0.171187695358397	0.166654951853697	0.350848120130362	0.183053763178091	0.140939379115126	0.203825675839306	0.216974661348962	0.170749447507049	0.161793272684662	0	0.188706581379692	0.214006318455326	0.15363809674696	0.246874986306177	0.0904130698806166	0.173993625397408	0.13820611383913	0.139473189700365	0.1689553966086	0.149342289049106	0.115525432747719	0.225555435946987	0.152294343620832	0.173373133636483	0.252327445003724	0.174499563316277	0.298232461791863	0.229505720792515	0.211214134888115	0.112518789548794	0.153796832587783	0.0828773785680676	0.133521781799724	0.24594406944269	0.125628582541814	0.159946847312106	0.190061415547922	0.149879479669514	0.278334194665374	0.139654622011733	0.191410406799669	0.116577113288606	0.112773819084775	0.153006729659606	0.161300669373928	0.153669373306978	0.16489077067798	0.142435788761658	0.169731172108332	0.166286952112739	0.202238532735102	0.252107419637039	0.117827564334617	0.267100261365635	0.146837138677541	0.166754191510197	0.18427333025443	0.149052863906805	0.16839843602288
700024192	0.327669622457848	0.295617437697065	0.0652930750965767	0.456675521923744	0.30414499955047	0.138047487048489	0.317482170489694	0.224535053728106	0.306888273574847	0.186519132374447	0.188706581379692	0	0.198528288804815	0.232416449538313	0.186493241652908	0.171795277956806	0.179787823094116	0.135416683373657	0.261925290242813	0.302832467226732	0.242463107534384	0.13111268237554	0.330616444878012	0.3058802762709	0.282732853879484	0.360186596720051	0.265694060155639	0.396152633701635	0.282550360453239	0.243194986437998	0.162138641114811	0.179964765600999	0.200626401477546	0.128322861906205	0.364599355181252	0.239379119982695	0.27193878787377	0.153271280120094	0.30211694931573	0.257912510589504	0.26315824303651	0.183560119501119	0.260200609187987	0.22794925800331	0.180497576959895	0.220591178692021	0.264426991696973	0.149954486648754	0.216337125476773	0.0914314764928652	0.128535660850601	0.337877625962327	0.384757680714094	0.240716986608996	0.414501339146795	0.156595918038284	0.247477873743193	0.324521211053142	0.113738595386177	0.27396000059187
700113058	0.312739582445083	0.189414728747767	0.183111529896863	0.421111946049928	0.23409230802888	0.146189073798091	0.312203758609625	0.0835316104242823	0.276700667560313	0.0914707736063767	0.214006318455326	0.198528288804815	0	0.153622592664272	0.125146762240281	0.249912230722226	0.102064610230055	0.207491362103344	0.267695034214473	0.280173114610193	0.277875959558066	0.245586606470226	0.30023210578486	0.287565046432477	0.346622379190585	0.306314029961383	0.1623451686875	0.302391082756095	0.189263536123711	0.101204597944768	0.149609027212658	0.248675648854126	0.192246868415555	0.139302240049265	0.307597371005113	0.237865159752738	0.228059544143651	0.161637960034737	0.251244094496363	0.138916049597549	0.230635165819488	0.106212649891989	0.222120817423585	0.242332410528997	0.12948961740593	0.167187914768795	0.199669427252889	0.107303802616478	0.149767973380533	0.182471096843354	0.27014385370749	0.287875981945912	0.344616488219688	0.246294064811641	0.390327975013218	0.0945453593630284	0.229943674048078	0.317208899528633	0.174689740106104	0.274034413199569
700099448	0.22626136535623	0.14950889599137	0.207657705954095	0.371398810550978	0.154162024889863	0.130939663779035	0.251253420007799	0.151801148137329	0.21189665018943	0.108454494115559	0.15363809674696	0.232416449538313	0.153622592664272	0	0.201263867239178	0.194794705893323	0.122905850872021	0.171110137245261	0.172684359612733	0.219983675423288	0.208456803235124	0.214962706343672	0.205214078314212	0.188078607560559	0.27767040506626	0.204648212012746	0.105570222471898	0.283239176296794	0.161869062922261	0.140160590058507	0.114045419298793	0.230515593410981	0.136232403783695	0.13525091253222	0.226541770361674	0.174942767673056	0.139018372781403	0.164860673606971	0.195485439252959	0.216406531059902	0.155413321787413	0.179895773504322	0.121301432804416	0.198845034076041	0.125914269781966	0.131467978379185	0.115421494146947	0.14492162045725	0.0632538424108886	0.209922343015875	0.238280016921598	0.225124398022424	0.286692345418959	0.162092961952076	0.291498322407709	0.138558804010178	0.174530678256899	0.238057825787444	0.184915778902693	0.211428272422231
700109870	0.32872942116888	0.251176248560938	0.180347326477602	0.438346741350524	0.266454505322949	0.1653463390585	0.328484872784866	0.14653496539093	0.298745270976869	0.146128235067033	0.246874986306177	0.186493241652908	0.125146762240281	0.201263867239178	0	0.269532043511894	0.134894995667584	0.23157722035102	0.282612946607031	0.307271556951029	0.271051922915946	0.25833817126826	0.307953539630084	0.310788577997935	0.359551602214468	0.335724752687346	0.220727010561402	0.363614942200077	0.225084483385332	0.145301680819869	0.193050431755249	0.264275221278173	0.240069069058486	0.169487561160185	0.340381312148386	0.256320772988751	0.267845949345275	0.153474403718497	0.287491925228395	0.178368957214183	0.268245797039788	0.171305325775559	0.264453894951738	0.271411759122047	0.179539588172015	0.176941176092641	0.229683343838102	0.113115476021048	0.189006077885766	0.177274741747436	0.275142720303561	0.324975356739143	0.369148696758675	0.257793162957678	0.397454831252611	0.1449190579039	0.240118027251537	0.349488551167341	0.185728897377686	0.292288675992869
700033928	0.178293754925491	0.227543987425322	0.155388735168712	0.344296619146442	0.220667244091347	0.17559930545046	0.192247958138079	0.256122017171859	0.171735423801885	0.202413748829113	0.0904130698806166	0.171795277956806	0.249912230722226	0.194794705893323	0.269532043511894	0	0.215362523511905	0.140013464114452	0.13881585928239	0.195722548983396	0.147254116744432	0.089267599783233	0.235989746986156	0.149289605154354	0.166525182050665	0.252720010605845	0.227872477891698	0.329753856365998	0.271176690719405	0.250769119717689	0.155334328252106	0.136216289760617	0.110743892193242	0.15273859767936	0.254890811936817	0.167691172697904	0.193411228045606	0.217811803344175	0.164511616932357	0.312290920838659	0.152884017865342	0.221716452485969	0.151045092356458	0.148151940868846	0.181778518345716	0.194845970498616	0.186903631393848	0.202761175843607	0.197506887449325	0.140481133794556	0.134476515922744	0.197713374117682	0.255079822350693	0.140934988161679	0.273923873347579	0.182619840101184	0.184987015557527	0.182300227833775	0.133991006853481	0.157656219082329
700023693	0.28830244562615	0.165902231577339	0.179903741188961	0.415057868888476	0.212028679686572	0.13841136718838	0.290390426938084	0.0763673879253569	0.251507030915686	0.0760053615534697	0.173993625397408	0.179787823094116	0.102064610230055	0.122905850872021	0.134894995667584	0.215362523511905	0	0.181158611760114	0.233952523731809	0.254019272228184	0.22060053270541	0.214590128017507	0.276626617630703	0.251096284271651	0.319090749926777	0.282852617009163	0.145069119233004	0.305224260689165	0.159938706165682	0.122191685886117	0.106020608603884	0.227540599657331	0.154536020430679	0.128539530867443	0.284077741564835	0.20271325692187	0.189128785334137	0.162819915218082	0.229340421993128	0.137134491604966	0.194854564299141	0.129668101603507	0.173314998122166	0.213961289137173	0.0918677525111812	0.123753479622624	0.154905126598543	0.0805190509409957	0.114156440877015	0.18131617985024	0.248283415900631	0.272135790282198	0.330619144439246	0.203167504323159	0.368527980677859	0.0893224012958522	0.195505969325064	0.291488803956253	0.184930973953789	0.243100833747477
700109627	0.274050929490023	0.26239183935805	0.112147222761815	0.437615205397482	0.244317452329591	0.0862867036008712	0.30744711733392	0.218207260868489	0.272310082803444	0.15602222147098	0.13820611383913	0.135416683373657	0.207491362103344	0.171110137245261	0.23157722035102	0.140013464114452	0.181158611760114	0	0.225006688437091	0.280525638525698	0.250759412651068	0.132166554701577	0.290237168563248	0.242819841749679	0.262867957693296	0.309419283604203	0.209856446844085	0.360032424762975	0.293169427119941	0.214419729882497	0.117997768797865	0.189500015072013	0.182843966435402	0.0960261607149271	0.320570103675769	0.217970340044682	0.174083611853763	0.124522592934392	0.270551184575694	0.274376952482578	0.233435478592103	0.196883259906483	0.195436920757978	0.200756082629818	0.20070971891668	0.224216319264831	0.224273207635382	0.175955960179449	0.135875594234015	0.13851745760331	0.154713090937854	0.312638276517839	0.36020917002477	0.216375980860097	0.350128182990398	0.163699550383079	0.245155064171699	0.290159044490888	0.131666910428382	0.269241293830515
700095416	0.114669387514756	0.206664046094701	0.242894060930747	0.32536061582383	0.169813661896826	0.209651247787635	0.15534152128966	0.26476640656079	0.121821015889741	0.210818667778984	0.139473189700365	0.261925290242813	0.267695034214473	0.172684359612733	0.282612946607031	0.13881585928239	0.233952523731809	0.225006688437091	0	0.164200732143465	0.126551571103406	0.181921413056473	0.17082547453357	0.104250475857045	0.175088197865538	0.189293606889499	0.197914328424564	0.330658839694672	0.244456511068365	0.25689806701659	0.198040492614555	0.175050529699547	0.153588041227311	0.225203909722511	0.201876736833079	0.141950143971589	0.173613274725111	0.237685516984706	0.12820264663062	0.325797041649631	0.111737193380804	0.27790488775582	0.127608455251491	0.163234499601226	0.210470111048769	0.185317153629555	0.142897242695946	0.233484748372605	0.18037495450613	0.226527119774865	0.223941566851396	0.161178069432447	0.222912383089445	0.0827292588471933	0.201225519961389	0.212355397605895	0.153064964674211	0.165749236437801	0.221210786797053	0.135735693024194
700110425	0.110783659798292	0.21945490242725	0.295521655098544	0.216377461666162	0.210429713100771	0.275119058498266	0.0801161128324433	0.292062131804245	0.150145163771036	0.245400375824274	0.1689553966086	0.302832467226732	0.280173114610193	0.219983675423288	0.307271556951029	0.195722548983396	0.254019272228184	0.280525638525698	0.164200732143465	0	0.150424574585644	0.238943874215877	0.139147471977135	0.124913512997585	0.128031307315864	0.243160329681069	0.237693224034387	0.327590153965836	0.259906825021584	0.280688578850477	0.239922441256445	0.234648311287537	0.182776684961555	0.265651672673604	0.206723440779482	0.114389152131673	0.214861866746716	0.308097302751805	0.11200963053364	0.343014901186136	0.139653164966956	0.293200597129053	0.169399202960108	0.149369228315407	0.231792919972598	0.213007226268573	0.1907679659667	0.256558863073145	0.219817835315932	0.283196741616588	0.279346191533461	0.106844574950427	0.107020812716222	0.146017452123415	0.148016500938407	0.245100313679533	0.105193514198294	0.119294616548567	0.260737413597315	0.150238688539635
700111580	0.143172708314487	0.238511900711608	0.240575218591702	0.305048468292304	0.226901983433855	0.223113861068919	0.140811239173334	0.278400255501974	0.168113660890536	0.22932302886676	0.149342289049106	0.242463107534384	0.277875959558066	0.208456803235124	0.271051922915946	0.147254116744432	0.22060053270541	0.250759412651068	0.126551571103406	0.150424574585644	0	0.172445194004994	0.186906443273728	0.137775830782454	0.122506355403418	0.261828490624554	0.26381710550987	0.38046293817011	0.229147393316404	0.285934784558891	0.192560010701346	0.165157118258516	0.155325712708988	0.234198739801602	0.244971784873842	0.125583651261756	0.248785256071764	0.233237407818957	0.150717346457686	0.313320560743649	0.137406535307528	0.268929299257243	0.177877074952388	0.152258739269842	0.181219732062554	0.178658052884075	0.1916625023244	0.20556421225761	0.215450452179874	0.201057731966245	0.220915227743438	0.15669207434394	0.219414743148015	0.0915772932623228	0.237827622854604	0.210023687666471	0.10539482689036	0.140841083259491	0.196452009239093	0.106587267047993
700111302	0.236320397450057	0.249272513165644	0.10832356121926	0.399542140757998	0.267008986060006	0.164544337286621	0.246217455759984	0.258380748528418	0.223230640572007	0.204027042480857	0.115525432747719	0.13111268237554	0.245586606470226	0.214962706343672	0.25833817126826	0.089267599783233	0.214590128017507	0.132166554701577	0.181921413056473	0.238943874215877	0.172445194004994	0	0.287008559905359	0.215832412333491	0.175812236076033	0.298671897579599	0.239265554733615	0.357416146791432	0.295085302955806	0.253870996046828	0.169266952340393	0.096148085163079	0.157100400276408	0.146188724528073	0.298743837975322	0.187941966924002	0.22977479935781	0.191759375889063	0.225935455543064	0.306264315368609	0.220002260355473	0.209728605458751	0.205873850353519	0.166071376654441	0.196269841240741	0.224928812715297	0.219151596209434	0.190222707451922	0.205668526908794	0.0912961460591136	0.10153127470781	0.255850020343144	0.310434628150892	0.165936577683402	0.33161679593567	0.17496240186145	0.210732706533605	0.238321389182361	0.105929003336341	0.205908869620912
700098605	0.135611902546477	0.204576410372758	0.312555659936549	0.232474707618063	0.178145406707296	0.263956706313058	0.148386643883148	0.286797852901683	0.18199655439071	0.255556625234378	0.225555435946987	0.330616444878012	0.30023210578486	0.205214078314212	0.307953539630084	0.235989746986156	0.276626617630703	0.290237168563248	0.17082547453357	0.139147471977135	0.186906443273728	0.287008559905359	0	0.148056645562697	0.215184422142886	0.198130397316516	0.22062978083364	0.322942296801715	0.242311233693605	0.28492909615439	0.252196343044249	0.280338681506459	0.225324460537278	0.277245460764983	0.192379867481486	0.169452821723962	0.228541642230017	0.285623474689438	0.161187125203756	0.323362731986402	0.167849387929033	0.337082132587024	0.206848077338823	0.231138447621821	0.271268228169529	0.204255803674711	0.180946008971392	0.275835219088507	0.222234605905513	0.302937958888958	0.311574665882459	0.181865772347315	0.155437049015854	0.163293845547458	0.133042440660723	0.266645451275716	0.156989621822824	0.206631698178301	0.282345783837357	0.174235866493243
700111991	0.0693355217060162	0.21419606958816	0.283690122910129	0.265382119038335	0.187632944097538	0.24712432407733	0.120912150562301	0.289307229591894	0.111121602189294	0.229701803131429	0.152294343620832	0.3058802762709	0.287565046432477	0.188078607560559	0.310788577997935	0.149289605154354	0.251096284271651	0.242819841749679	0.104250475857045	0.124913512997585	0.137775830782454	0.215832412333491	0.148056645562697	0	0.169280646035265	0.178207988872174	0.207820333824346	0.312458938729915	0.260768620979571	0.277808677708465	0.224276149379235	0.223791235246771	0.169540037907545	0.241828546326663	0.164613222223764	0.125665622965611	0.178611941123008	0.282451667784951	0.100802230777457	0.3458712575436	0.101402913690926	0.298481935694119	0.143453341173583	0.163143619043597	0.233467114320948	0.204088148518139	0.16342171478923	0.256724066272422	0.201849777903917	0.270887116094616	0.254531783232434	0.110489390921576	0.16812320624147	0.119606453271605	0.150760594775681	0.240912456926443	0.148387925895565	0.118176794540733	0.256061071925552	0.138589710522519
700108960	0.150435555031338	0.295714324603235	0.267298128431715	0.289968149909096	0.29137209081167	0.269705302718987	0.120140120693694	0.35886524723282	0.178678158481397	0.306614917092525	0.173373133636483	0.282732853879484	0.346622379190585	0.27767040506626	0.359551602214468	0.166525182050665	0.319090749926777	0.262867957693296	0.175088197865538	0.128031307315864	0.122506355403418	0.175812236076033	0.215184422142886	0.169280646035265	0	0.308037368335342	0.313552482655869	0.410311579792178	0.32522481825373	0.346616025179661	0.25794421899744	0.143247707623362	0.202938522914376	0.267188570840873	0.276956179317358	0.150197053360177	0.285809179594374	0.296280335819322	0.185599675714642	0.404701067724204	0.199547223116024	0.316476122423937	0.222841008904568	0.151917602065253	0.273540682653756	0.282826439596707	0.268378972319864	0.299759111482641	0.280417937871304	0.236984799290425	0.229867413776779	0.169552919085967	0.180052098436808	0.154143613390004	0.206087644758923	0.287778437618172	0.164484271752652	0.124545148536359	0.231638368196681	0.128715509499393
700024452	0.195941096858923	0.191462311121724	0.338185875331293	0.262741306060659	0.158161874896207	0.290060236186081	0.239728509480118	0.276779063857977	0.203291750539408	0.272763414752476	0.252327445003724	0.360186596720051	0.306314029961383	0.204648212012746	0.335724752687346	0.252720010605845	0.282852617009163	0.309419283604203	0.189293606889499	0.243160329681069	0.261828490624554	0.298671897579599	0.198130397316516	0.178207988872174	0.308037368335342	0	0.196171882507886	0.272794338380018	0.205968122666434	0.26243584074983	0.284716440599573	0.299132059032813	0.22965814836111	0.293800002272019	0.075933305898869	0.230841438012197	0.232370063215981	0.310127174322939	0.175219640085619	0.31186395625807	0.184331411536643	0.305959807554794	0.204933201666965	0.259593950563799	0.26279254439538	0.215968232353632	0.170630148314608	0.302073265187352	0.22880120607225	0.330016496357583	0.334358688685793	0.164495740980312	0.230319478373747	0.210540940302723	0.199585800153159	0.284091967327944	0.235958347533107	0.219581947504063	0.311470585595106	0.256532001363812
700032931	0.234958657541605	0.11475366992002	0.233872111825867	0.373266583364101	0.160516062892629	0.175030095180514	0.278686657069884	0.127479838097418	0.211947677644625	0.137595818905897	0.174499563316277	0.265694060155639	0.1623451686875	0.105570222471898	0.220727010561402	0.227872477891698	0.145069119233004	0.209856446844085	0.197914328424564	0.237693224034387	0.26381710550987	0.239265554733615	0.22062978083364	0.207820333824346	0.313552482655869	0.196171882507886	0	0.234040987035369	0.161728526746026	0.136508603594166	0.160246629001351	0.258214626675342	0.157484758179468	0.16490459876139	0.206447372029203	0.199848060963782	0.152186973986608	0.220882925282708	0.198992683491135	0.208185959681451	0.18222183975691	0.181482282099034	0.14742670860055	0.211681671405266	0.160355727472419	0.152979232921094	0.10970925898643	0.169027794059163	0.116145515568668	0.236683925181053	0.279694744837373	0.238329690312391	0.28114524439031	0.208214642160291	0.288127565220198	0.155777162781719	0.226154343101925	0.26772527581868	0.217475470669171	0.257976817368872
700095837	0.327432573838497	0.206256348570141	0.381640912586695	0.405032620206307	0.268511156621353	0.357047107859676	0.363493293449254	0.282352003672178	0.314530179783855	0.305626968691698	0.298232461791863	0.396152633701635	0.302391082756095	0.283239176296794	0.363614942200077	0.329753856365998	0.305224260689165	0.360032424762975	0.330658839694672	0.327590153965836	0.38046293817011	0.357416146791432	0.322942296801715	0.312458938729915	0.410311579792178	0.272794338380018	0.234040987035369	0	0.222936991502936	0.257642447152532	0.31934892119472	0.39093903221693	0.277584627387451	0.326625273529168	0.262333180300693	0.321530615158423	0.290528783969143	0.389311984072234	0.285579455389963	0.313512008862291	0.291822018055044	0.276129440303298	0.288013496275083	0.315614821776766	0.276349136133698	0.282080642840023	0.251334477595341	0.328271398531739	0.294973568946435	0.388663615880683	0.387925296957575	0.310440294224832	0.342865357128332	0.33509915828115	0.357218172712009	0.313104035926044	0.344879414691695	0.343557120164896	0.364702975745772	0.363918143738114
700024548	0.275945152219229	0.132341647783565	0.281418117057511	0.349516968786508	0.18523324255032	0.240049999421586	0.291280163398666	0.154920037643884	0.276447673454014	0.189062424648636	0.229505720792515	0.282550360453239	0.189263536123711	0.161869062922261	0.225084483385332	0.271176690719405	0.159938706165682	0.293169427119941	0.244456511068365	0.259906825021584	0.229147393316404	0.295085302955806	0.242311233693605	0.260768620979571	0.32522481825373	0.205968122666434	0.161728526746026	0.222936991502936	0	0.160763778871593	0.212400041262389	0.304350435249481	0.188190348457736	0.23115976234477	0.207985020726901	0.213337791145291	0.258266282264692	0.263377505505084	0.221910729027441	0.170018186497145	0.197180481354055	0.176092110909663	0.202480757629011	0.265471483146186	0.134087417459073	0.112576404386703	0.158756750081306	0.186653668006086	0.185263390288078	0.286044697252435	0.316666997002368	0.241778377897999	0.286184337091636	0.214658428574672	0.310882591142752	0.20739922252207	0.200671718058287	0.282084476601374	0.263491635960982	0.272789302634059
700110161	0.303087807576856	0.164091225073505	0.203545696945471	0.402533786883526	0.215016065199283	0.156844812043243	0.315368537968842	0.0955617729460724	0.267724662762455	0.111389386187042	0.211214134888115	0.243194986437998	0.101204597944768	0.140160590058507	0.145301680819869	0.250769119717689	0.122191685886117	0.214419729882497	0.25689806701659	0.280688578850477	0.285934784558891	0.253870996046828	0.28492909615439	0.277808677708465	0.346616025179661	0.26243584074983	0.136508603594166	0.257642447152532	0.160763778871593	0	0.156024401241	0.263028638370947	0.189170237175274	0.145581542130351	0.264796805653961	0.236130713898354	0.206954139902455	0.174707132662149	0.249132145339199	0.157081051772244	0.221989809425891	0.104825100771252	0.192884640414501	0.247193816265277	0.149441643245807	0.175600639757116	0.174686349001461	0.136004871164205	0.135446574076176	0.21138410455734	0.282180387065607	0.273305645405525	0.33430518333649	0.232572058739091	0.366315994680712	0.135052003109456	0.237172461168644	0.305760005407607	0.195616347270588	0.285043454407191
700023496	0.260349126284425	0.185216183209992	0.152152265415527	0.405172990906941	0.195533071631428	0.0905167487299134	0.272583626186771	0.149379282291028	0.224973029769374	0.0895397049580147	0.112518789548794	0.162138641114811	0.149609027212658	0.114045419298793	0.193050431755249	0.155334328252106	0.106020608603884	0.117997768797865	0.198040492614555	0.239922441256445	0.192560010701346	0.169266952340393	0.252196343044249	0.224276149379235	0.25794421899744	0.284716440599573	0.160246629001351	0.31934892119472	0.212400041262389	0.156024401241	0	0.193670291817439	0.119917305419962	0.0894079831671193	0.284540031049697	0.190421839845612	0.16139970542202	0.134044438390948	0.22056336740055	0.209397632235491	0.170796497496117	0.148392577744067	0.138789231370895	0.171764886565206	0.113642821493612	0.150118482657037	0.150279377274564	0.106885530256822	0.0998465919107208	0.15581002296473	0.192226543700661	0.263112047573664	0.320499731361209	0.164636571564511	0.340811730175056	0.0929381875589757	0.194183755617078	0.250167259792481	0.156162121328011	0.214142627451752
700034628	0.237290241569271	0.263923465637884	0.161649242825083	0.401712131272077	0.272139527269924	0.183554177882181	0.219587844535155	0.266036613471391	0.188626440291272	0.218078437407294	0.153796832587783	0.179964765600999	0.248675648854126	0.230515593410981	0.264275221278173	0.136216289760617	0.227540599657331	0.189500015072013	0.175050529699547	0.234648311287537	0.165157118258516	0.096148085163079	0.280338681506459	0.223791235246771	0.143247707623362	0.299132059032813	0.258214626675342	0.39093903221693	0.304350435249481	0.263028638370947	0.193670291817439	0	0.181131073151753	0.163843340533993	0.289389046923077	0.16151946038232	0.265351659930171	0.202242843258448	0.225593231674693	0.309505720398205	0.224517111696732	0.220596460576002	0.218004497276248	0.127577624895842	0.214315013372405	0.241664563100744	0.238451787041356	0.200127273792536	0.222869408692542	0.129772385103249	0.177978948864697	0.248006115328996	0.299550885123839	0.169448209962655	0.326190602661259	0.182704509669494	0.206474248490753	0.205202623556489	0.137998450989614	0.147127984574453
700023645	0.206876047534974	0.143670184315572	0.188227998537467	0.338312822587705	0.168982084236672	0.169866948322138	0.208605065239471	0.186800698454586	0.185883852472704	0.153300136062403	0.0828773785680676	0.200626401477546	0.192246868415555	0.136232403783695	0.240069069058486	0.110743892193242	0.154536020430679	0.182843966435402	0.153588041227311	0.182776684961555	0.155325712708988	0.157100400276408	0.225324460537278	0.169540037907545	0.202938522914376	0.22965814836111	0.157484758179468	0.277584627387451	0.188190348457736	0.189170237175274	0.119917305419962	0.181131073151753	0	0.135645440297817	0.232133140461914	0.140682330641583	0.167017143970181	0.211501387123791	0.149253692084674	0.253797962346076	0.115677480033757	0.157854167429928	0.107116775774339	0.138588454949353	0.110951193357822	0.147346290863761	0.125346371206514	0.152964763343977	0.144863529523424	0.183776664265095	0.18915674291274	0.187941030131516	0.250902057790405	0.138285281227576	0.289317526774077	0.140639122938545	0.172146063521868	0.182908968438048	0.166577900216116	0.180147706366593
700038744	0.279410064281106	0.216202856846376	0.0961245906551243	0.421701553826366	0.231916325521192	0.0666248208489647	0.292026016090904	0.155223561228962	0.253001114605495	0.0900998199996494	0.133521781799724	0.128322861906205	0.139302240049265	0.13525091253222	0.169487561160185	0.15273859767936	0.128539530867443	0.0960261607149271	0.225203909722511	0.265651672673604	0.234198739801602	0.146188724528073	0.277245460764983	0.241828546326663	0.267188570840873	0.293800002272019	0.16490459876139	0.326625273529168	0.23115976234477	0.145581542130351	0.0894079831671193	0.163843340533993	0.135645440297817	0	0.294603810287866	0.195685527081552	0.185607872029118	0.113474759444478	0.249912512050803	0.205934120224451	0.201788882210911	0.122789131272009	0.174102264233246	0.191024377591791	0.145429157205474	0.173473905774549	0.193823486707273	0.0956409061591943	0.114733695767647	0.115429407498847	0.171239529158215	0.292836264106178	0.346086411408156	0.198360830153733	0.357086162989974	0.0952955632170031	0.225734227656504	0.278035170498964	0.109225781690597	0.248586631468893
700038485	0.179064307481083	0.187642935344457	0.339137651226839	0.238902302107129	0.172790009384515	0.301491376562361	0.209494827226929	0.276146273882617	0.176613481347101	0.273022487984564	0.24594406944269	0.364599355181252	0.307597371005113	0.226541770361674	0.340381312148386	0.254890811936817	0.284077741564835	0.320570103675769	0.201876736833079	0.206723440779482	0.244971784873842	0.298743837975322	0.192379867481486	0.164613222223764	0.276956179317358	0.075933305898869	0.206447372029203	0.262333180300693	0.207985020726901	0.264796805653961	0.284540031049697	0.289389046923077	0.232133140461914	0.294603810287866	0	0.195672376416447	0.252729610821686	0.335989283718586	0.140309302181755	0.312417350213758	0.186378115706556	0.310203485915224	0.207067421765347	0.229649412034711	0.266960578192468	0.216873847674632	0.176918508644628	0.305493216361325	0.249220506942558	0.337050568452708	0.334827828076349	0.135108129957399	0.187068524386763	0.198113168922763	0.177401545145454	0.285038139278681	0.217757586492973	0.186966376575501	0.315224287800189	0.225228013976285
700024743	0.129847750438573	0.183096707343004	0.222710471266367	0.29152659054932	0.203600399852078	0.200449206453553	0.129993906828699	0.237396503430586	0.147975556754521	0.185439120183052	0.125628582541814	0.239379119982695	0.237865159752738	0.174942767673056	0.256320772988751	0.167691172697904	0.20271325692187	0.217970340044682	0.141950143971589	0.114389152131673	0.125583651261756	0.187941966924002	0.169452821723962	0.125665622965611	0.150197053360177	0.230841438012197	0.199848060963782	0.321530615158423	0.213337791145291	0.236130713898354	0.190421839845612	0.16151946038232	0.140682330641583	0.195685527081552	0.195672376416447	0	0.207112074063335	0.236243932683655	0.123698514380918	0.295176186891997	0.124899747492797	0.239870332393844	0.150239593004341	0.113700848127353	0.182258507064415	0.165893741445381	0.169220725931595	0.192211052631926	0.169344759305807	0.221783959726357	0.232896009435024	0.142376742081655	0.192095205661402	0.108733264266061	0.206719262788681	0.182438435725667	0.109125284405126	0.132262114524165	0.197231578545169	0.109064084910777
