700108602	700014971	700033565	700109389	700023058	700023927	700106341	700114221	700023543	700023439	700016978	700024192	700113058	700099448	700109870	700033928	700023693	700109627	700095416	700110425	700111580	700111302	700098605	700111991	700108960	700024452	700032931	700095837	700024548	700110161	700023496	700034628	700023645	700038744	700038485	700024743	700099596	700110760	700101587	700106399	700032322	700095653	700021312	700101230	700023590	700038905	700033136	700023382	700096424	700105469	700016908	700096053	700108479	700109569	700033814	700016125	700109756	700102665	700101777	700109455
700108602	0	0.213698601643601	0.325423667438193	0.222691366325424	0.199120621593614	0.289397682642603	0.100273989698532	0.301346179621764	0.123594640219981	0.283091619870578	0.206557368505687	0.345748836999344	0.311977498235087	0.231375057108422	0.323494403285671	0.207666613824731	0.299547334646607	0.275136231360648	0.123265365967654	0.117253094622351	0.161739470620698	0.250656921245186	0.119737072558952	0.101626121913334	0.162096012507196	0.168797460955788	0.22338756661068	0.336152531983601	0.300263513263925	0.319595981108338	0.274621326955841	0.227286870291643	0.227674933200217	0.263806467029792	0.17524553308096	0.129422486626524	0.236022151876314	0.311011666144574	0.0925470911426607	0.376997680483528	0.132361573531308	0.327620060923132	0.215187023632359	0.180728931878477	0.270492819163512	0.223461088461132	0.170696813675211	0.311635806184182	0.257116652636729	0.318331107492727	0.283069899373961	0.0884150228180102	0.1313936596519	0.158699569983146	0.123774478733241	0.299519381236043	0.169232253600612	0.109280431197069	0.286581289680538	0.134941767422441
700014971	0.213698601643601	0	0.257399953018965	0.345081981669993	0.151436618327139	0.20733988426217	0.24652218113448	0.184571249642334	0.194917478748213	0.148866491796349	0.168611555593642	0.289386610314484	0.183018919359433	0.12508786110185	0.230501075217205	0.214815524822294	0.159284709495856	0.213983780351975	0.202775836485813	0.22292838600633	0.233338372253542	0.234392412877998	0.196504607577008	0.195261008569709	0.295192417260107	0.17428219189187	0.111490322480996	0.256452382235176	0.181591938110578	0.1837554996172	0.156249058481791	0.240817091779251	0.148946472504211	0.14298512408959	0.194193778699562	0.180918177693133	0.176525508932465	0.225097135839396	0.177182286442926	0.211663044949882	0.144285390390649	0.203386725803792	0.1415652196966	0.219965647534533	0.184039298773851	0.134303333333765	0.127501056028746	0.197198844990912	0.179149626294368	0.253928704955238	0.250983275296339	0.219363489556571	0.242000289889395	0.159400425354469	0.279455004714362	0.168147031506484	0.20300173892599	0.240219572529005	0.230207633186181	0.228391891256811
700033565	0.325423667438193	0.257399953018965	0	0.443510025639542	0.289630131998581	0.0952708148851015	0.307665490994425	0.167868033283611	0.279666155691133	0.149274237781706	0.159633352099863	0.0508710079563917	0.185133112183791	0.233190754885611	0.169538346111248	0.152736708272064	0.195881959942111	0.142620047483955	0.251916410550527	0.304070087799311	0.235705711774609	0.108977769948371	0.326668395851456	0.266895033866425	0.278337770861247	0.341730113663954	0.226019575044169	0.394778709454447	0.309005962708826	0.219582992729654	0.153765680198781	0.178514293587505	0.180295910584158	0.16953383534293	0.362278447779049	0.23958158222081	0.226371416044964	0.154414733164505	0.318285300172715	0.271766425059131	0.249576036762093	0.137843746418181	0.229923614524718	0.239898907363531	0.201776004595382	0.23760187151067	0.220606651680642	0.158796792630719	0.136365763029672	0.0562734215987346	0.103349220778438	0.322553721999188	0.366287759494609	0.208415557233118	0.402849065629943	0.156272701572622	0.223816858205648	0.294849987312296	0.0871414314026201	0.269989714021455
700109389	0.222691366325424	0.345081981669993	0.443510025639542	0	0.329891273929904	0.430115540413248	0.204360364333037	0.420579784179226	0.293958109169965	0.409716065776869	0.359036179548822	0.459559876659123	0.423237109487076	0.368166209230988	0.433249043470914	0.349286272164791	0.417714882652566	0.420414071280665	0.306560017348395	0.204500076662113	0.296835662199012	0.394112498308898	0.214177688554331	0.281962901457587	0.283440005918561	0.26207629387361	0.376028944760802	0.421382608995997	0.377622124348268	0.422840216786271	0.40886041788792	0.375421872656105	0.354444242227451	0.390497708137174	0.269507219005709	0.281259457785145	0.388023213510793	0.444877688572287	0.261680365779855	0.435504360473558	0.291236153369006	0.429421160999262	0.361555128771604	0.330277557403362	0.378056983196045	0.358969878145665	0.335493196561014	0.421469852091403	0.403655430775389	0.440302739600791	0.40995345156297	0.200667839187899	0.152018327011587	0.327991140055198	0.182793781476268	0.413966900441555	0.27391975240559	0.246259000570571	0.406360161477758	0.275884339974331
700023058	0.199120621593614	0.151436618327139	0.289630131998581	0.329891273929904	0	0.228303604450533	0.205983369562341	0.234753093099145	0.177977435503672	0.218576038914616	0.192625821279598	0.319330275845754	0.236156212309092	0.148918873428625	0.268054436385314	0.205725556310611	0.215446015903326	0.222468622997505	0.174750766789795	0.224861019959398	0.212538225547715	0.255587678060218	0.199603447930418	0.164938812161549	0.288233370242111	0.168399566945603	0.175413982939729	0.304108281914177	0.229557167403894	0.235680756475599	0.201324623314695	0.255779011454012	0.188548315849147	0.195283988353071	0.168071389765406	0.207886839067655	0.16891187403948	0.221870548955918	0.149709472202616	0.282125342679691	0.138850956228308	0.241783214048198	0.137701453310009	0.234735668754734	0.197862329522923	0.167597463635821	0.126753648155511	0.234145724552968	0.201786484858881	0.286613399132001	0.270980329201725	0.178730919242152	0.221863979714441	0.159955765133445	0.263684429984641	0.217419771596662	0.213445083724156	0.211337770006453	0.265682971074709	0.192492483483628
700023927	0.289397682642603	0.20733988426217	0.0952708148851015	0.430115540413248	0.228303604450533	0	0.290861552724258	0.134326346929906	0.253363107543065	0.102392505492054	0.129910194234894	0.136822647644572	0.154267838017162	0.162221047841389	0.158061851019947	0.159919006810062	0.163880507718843	0.0990412080812791	0.21698635486884	0.282510158528882	0.221701824165725	0.156115684260935	0.285158287336321	0.222479472951879	0.270251222313311	0.297016119000832	0.166559717593426	0.373221857050786	0.276586903162321	0.179795845549877	0.103679300529175	0.178408953994708	0.155991609599247	0.115108150971814	0.313832216895244	0.217810397884913	0.160903863046739	0.0926718655940132	0.281009300814951	0.244332463052573	0.213842048240421	0.113377101929561	0.166648691609614	0.221506526984089	0.174758221085648	0.195252687774044	0.174309667904394	0.132832965932765	0.0678250117286093	0.124260243182845	0.148644284009904	0.297966030121991	0.347986260467117	0.161439077895961	0.364757955865392	0.126984730609279	0.198978483609409	0.268807608892819	0.111869733160256	0.248917149911927
700106341	0.100273989698532	0.24652218113448	0.307665490994425	0.204360364333037	0.205983369562341	0.290861552724258	0	0.291786938073093	0.122919749035178	0.27584990243673	0.21503151541624	0.319506388731707	0.305943684330261	0.253063380881965	0.317756831791078	0.20199161396367	0.300978710329144	0.296527511447835	0.137852290369191	0.0821895532617441	0.137621062400422	0.238240878379376	0.137950737268181	0.138910618105356	0.12978082392809	0.221238658244051	0.268700123390219	0.376195217203139	0.31187770315887	0.326963835443191	0.26622581963593	0.200948046796239	0.222283178526713	0.264296277456876	0.22744041083	0.121752582483284	0.258409192535901	0.313156107366281	0.140332222018297	0.377742388242638	0.155126739502572	0.30287013583235	0.21190581397121	0.167555214870836	0.246735643674499	0.253743790422786	0.188117086646804	0.285743776280595	0.26206565792692	0.299712968130943	0.288742822604251	0.0798890863193449	0.120988468687719	0.163666435104177	0.161744774864858	0.278836697867117	0.13632958862396	0.089161988150346	0.273512761659297	0.102120186716593
700114221	0.301346179621764	0.184571249642334	0.167868033283611	0.420579784179226	0.234753093099145	0.134326346929906	0.291786938073093	0	0.255881234679729	0.0938960889151471	0.196280836199931	0.194602095400761	0.071388497845639	0.161679982968267	0.106206208670691	0.221481555722595	0.0803935262769321	0.19655594102307	0.263538487979619	0.273096203851539	0.254447885506808	0.222950061210139	0.290471070532768	0.261608636361799	0.336333416891698	0.298887567204696	0.153784913136737	0.334944640266934	0.23153172211124	0.120225014095844	0.126876242674478	0.238076209625953	0.165409234046801	0.141104860233196	0.321775182897573	0.221900071409059	0.193399501414523	0.11277581209725	0.274746641887965	0.167094980271014	0.216025521771915	0.107651291279867	0.205404623259463	0.249922789147323	0.151943519182758	0.153855291743048	0.178143873687897	0.0854047345474548	0.168166101731763	0.179343024784371	0.221687427400128	0.287566886328946	0.326433619607914	0.215091360263079	0.387876118478928	0.0943780238109681	0.200703860113968	0.304433446030141	0.175435464178488	0.258181173059431
700023543	0.123594640219981	0.194917478748213	0.279666155691133	0.293958109169965	0.177977435503672	0.253363107543065	0.122919749035178	0.255881234679729	0	0.231985472102322	0.16693763377173	0.299646742027317	0.271639009368414	0.219644360108115	0.282476717958498	0.166778747700436	0.263723299882804	0.250108222541932	0.10952644496182	0.14932560810954	0.157814341339517	0.204746216962233	0.181491780712643	0.120073499620596	0.164768671413991	0.201847312840103	0.210329284104981	0.336531464269581	0.302351118242765	0.281958384130894	0.222839232288346	0.152454889567108	0.195566380411689	0.223454985687326	0.194247295600757	0.118380851797672	0.205507947818335	0.275861533302795	0.111778396938585	0.347404887930864	0.125349884363205	0.275406367509784	0.18579846183372	0.105016572408575	0.234115429288684	0.227306907458451	0.144601878591298	0.259490000874511	0.228792551760618	0.272707543000766	0.255910002368211	0.116965438968411	0.182494913752654	0.133347504034226	0.209412622147492	0.247835888271152	0.177121271567341	0.108790191921589	0.255396109542272	0.105871440561733
700023439	0.283091619870578	0.148866491796349	0.149274237781706	0.409716065776869	0.218576038914616	0.102392505492054	0.27584990243673	0.0938960889151471	0.231985472102322	0	0.149239306010254	0.18827795306779	0.0901779221755566	0.127352962105167	0.138036684959259	0.185112801237993	0.103675462714875	0.137136141651598	0.228174794673393	0.255560866790485	0.227147245217543	0.201325383699019	0.275871801138506	0.210933485911846	0.303128641881134	0.276227850009144	0.127813784615793	0.317486819212777	0.221724607205697	0.128708170880212	0.0770766348464388	0.212693196428936	0.129805920950118	0.0867870294202242	0.297040268434945	0.209712250166598	0.153823680892068	0.121522321652879	0.246826012358766	0.170523128962196	0.176864714223895	0.0953415999868905	0.154781897922267	0.221826894348674	0.128511376802004	0.144118114431818	0.148796421684415	0.0929086821746328	0.116274094417338	0.169605605033221	0.184930134795781	0.26885119811664	0.316595793764738	0.164303191038774	0.364250233185414	0.0837790528906348	0.188848524344921	0.257294092784534	0.156100535093749	0.236699130383664
700016978	0.206557368505687	0.168611555593642	0.159633352099863	0.359036179548822	0.192625821279598	0.129910194234894	0.21503151541624	0.196280836199931	0.16693763377173	0.149239306010254	0	0.190303794761929	0.21056441639398	0.174587413135839	0.234048807910838	0.0955161342232181	0.201705365857141	0.112406959191714	0.156536272795047	0.187589415513897	0.163161669952124	0.100694759383448	0.239887338887686	0.145163791433466	0.186751881633134	0.255000330670213	0.162746639642911	0.310340111265837	0.271616361105505	0.222925902270069	0.112320955143414	0.122735516349405	0.090527544302858	0.124329193556557	0.252250761849913	0.151444288777048	0.146998348356942	0.203211094120699	0.188874447794278	0.287597142564471	0.136227148861295	0.158658678622781	0.125774910477949	0.1318820978987	0.150268524683214	0.184096895696987	0.122125754783616	0.185138438012662	0.112010073973199	0.162770758422635	0.136270878978387	0.217147580759036	0.262481455747473	0.107426034305349	0.291236238112436	0.156690673427272	0.17158478250266	0.175623430066374	0.150922876629384	0.189240508845124
700024192	0.345748836999344	0.289386610314484	0.0508710079563917	0.459559876659123	0.319330275845754	0.136822647644572	0.319506388731707	0.194602095400761	0.299646742027317	0.18827795306779	0.190303794761929	0	0.212938391558271	0.264295722319371	0.202212046887834	0.170615912379173	0.221663735415374	0.169393764417464	0.271763700481161	0.323292359375991	0.241927974648586	0.116857982908216	0.354000474307104	0.290229829158671	0.283392027204889	0.367046776570334	0.261930011673507	0.421079917258704	0.332564446460437	0.256917433471644	0.181419445164367	0.184435958520789	0.209470812911618	0.202202642681303	0.388486092580861	0.262362296325961	0.256176083171793	0.18353705589293	0.342926607949015	0.287309064282701	0.273947877517425	0.161938309833627	0.259857308678275	0.255259230096805	0.213523344303138	0.258575993209648	0.253313946404053	0.17769203351275	0.165760009745742	0.0557659061782178	0.116874335619484	0.343764882043657	0.384890293344576	0.230501297268374	0.426545167149095	0.174088587438971	0.237996791097763	0.312643839583446	0.107607477974469	0.289398685997687
700113058	0.311977498235087	0.183018919359433	0.185133112183791	0.423237109487076	0.236156212309092	0.154267838017162	0.305943684330261	0.071388497845639	0.271639009368414	0.0901779221755566	0.21056441639398	0.212938391558271	0	0.149857511685552	0.114443073962649	0.238707032114589	0.101564013137212	0.202180990168232	0.279207898056819	0.290269916597975	0.271485900029709	0.241648414968479	0.301619234103533	0.278797815147657	0.353600349826328	0.300382828669181	0.155347874057282	0.311387807929069	0.212924044900866	0.11029524127438	0.134628069922435	0.253841828189758	0.175502604091932	0.1271954870044	0.321683719255655	0.242182153181839	0.211768837336819	0.14212721446734	0.276854563324895	0.151516682922668	0.225828349666788	0.10186997496805	0.21864242403057	0.267635656588977	0.146849445946477	0.156710845964022	0.203468193644506	0.0885466649190361	0.180203282646998	0.197472360223372	0.23931074255096	0.293753694580754	0.327758246187787	0.234087078412354	0.397130693599008	0.0866630488965032	0.21929454288871	0.314691767053319	0.192064298327087	0.273975285433967
700099448	0.231375057108422	0.12508786110185	0.233190754885611	0.368166209230988	0.148918873428625	0.162221047841389	0.253063380881965	0.161679982968267	0.219644360108115	0.127352962105167	0.174587413135839	0.264295722319371	0.149857511685552	0	0.196204343942631	0.208159850550512	0.152974257018712	0.164760813580215	0.190617548256591	0.229565537523112	0.223231369976104	0.238387483860452	0.217320341026906	0.184029654697499	0.29721256881604	0.200990224890247	0.100163686362252	0.278782775881699	0.180119228554259	0.157896914538287	0.132675260054111	0.243454380693306	0.137770772966665	0.106098688596714	0.224037811556839	0.192651746837809	0.139926796548473	0.173052982920911	0.199844217983479	0.214842707029726	0.151311792668171	0.163997477734047	0.126198768472423	0.236276841065392	0.125532240319516	0.110077189526585	0.115354593948585	0.159641332776852	0.130528732029379	0.232127282313636	0.225217764448984	0.228257086507363	0.268004996946129	0.154739983464858	0.296755468498701	0.147197966578071	0.180539879690181	0.241500966355526	0.207283295440583	0.224432642910269
700109870	0.323494403285671	0.230501075217205	0.169538346111248	0.433249043470914	0.268054436385314	0.158061851019947	0.317756831791078	0.106206208670691	0.282476717958498	0.138036684959259	0.234048807910838	0.202212046887834	0.114443073962649	0.196204343942631	0	0.255290431586113	0.141462533834668	0.226370204070227	0.288004176029977	0.306845399972112	0.278769143936508	0.255599904178753	0.30582752356496	0.295187371429031	0.360481391130389	0.327982489473266	0.196766807085224	0.362374693146727	0.258872405121277	0.136073586323853	0.1758125927824	0.268694338965041	0.217017919997568	0.181609330459519	0.353174456003891	0.258604571168808	0.236380576818553	0.129790590886211	0.310715053962266	0.209035162038143	0.263219478307341	0.153329376098239	0.250705426230014	0.281519680411805	0.192481818414416	0.192313811154384	0.225388908501725	0.127520029853782	0.194333118504295	0.191379807181951	0.241018959267477	0.314067195301013	0.356463448773604	0.241772964983193	0.399088035209241	0.141251338133913	0.228394059739123	0.329054502268052	0.194171211402022	0.286234321533265
700033928	0.207666613824731	0.214815524822294	0.152736708272064	0.349286272164791	0.205725556310611	0.159919006810062	0.20199161396367	0.221481555722595	0.166778747700436	0.185112801237993	0.0955161342232181	0.170615912379173	0.238707032114589	0.208159850550512	0.255290431586113	0	0.233536824003022	0.130668812630581	0.15066089676772	0.213694590995157	0.155673563454596	0.0906036538680633	0.250892316797648	0.140057529056062	0.191403498647202	0.259245194302283	0.210915573270706	0.34794221768555	0.304663820759925	0.25429746731905	0.14960915652875	0.130143087048049	0.119637335624617	0.166317010827621	0.263434756077828	0.188594683326424	0.188705004017008	0.231106205937046	0.196642704112329	0.314929096811112	0.138560302849292	0.187777104664054	0.150481767808271	0.164583020236407	0.169130499157593	0.20926029501031	0.138515791560053	0.21359840881052	0.134871846878697	0.143892882218821	0.122509911235166	0.207127456311918	0.264326373888964	0.140675184164948	0.299751251659868	0.185204902926729	0.186727501256473	0.171104618640856	0.122075966464903	0.168020862262058
700023693	0.299547334646607	0.159284709495856	0.195881959942111	0.417714882652566	0.215446015903326	0.163880507718843	0.300978710329144	0.0803935262769321	0.263723299882804	0.103675462714875	0.201705365857141	0.221663735415374	0.101564013137212	0.152974257018712	0.141462533834668	0.233536824003022	0	0.207687947561283	0.271307760186584	0.28435969956783	0.242376268161223	0.245772982353265	0.281131580838492	0.270997314924451	0.349595964086225	0.278249603201312	0.137420115700153	0.312513653657999	0.190715886683691	0.122921837758748	0.135535883322276	0.250718493879904	0.162638530512743	0.140444254542522	0.298643072057332	0.233174854932198	0.20237624161068	0.152791545831105	0.269400105661531	0.123953183376747	0.223131577738947	0.117960450507045	0.195372276991831	0.262539008707098	0.121537477107397	0.108203694341785	0.182792322516976	0.0837835163687308	0.176657832178354	0.209787085393375	0.246658182608439	0.292189297110326	0.316204866425464	0.220421152674054	0.382224398955081	0.0968899696003829	0.206144093800703	0.311710729242752	0.208325139328575	0.268130709052256
700109627	0.275136231360648	0.213983780351975	0.142620047483955	0.420414071280665	0.222468622997505	0.0990412080812791	0.296527511447835	0.19655594102307	0.250108222541932	0.137136141651598	0.112406959191714	0.169393764417464	0.202180990168232	0.164760813580215	0.226370204070227	0.130668812630581	0.207687947561283	0	0.228408396641434	0.264829067153225	0.24685952494986	0.144096044862554	0.297362434922945	0.198115453312887	0.266550251186646	0.294421580272187	0.167350901181836	0.358485618907269	0.31615331803528	0.217897676775012	0.103404071046249	0.189780393415005	0.144539218929241	0.125317342451316	0.29998467254282	0.238367083393831	0.131247110166579	0.154241435921115	0.255160379972425	0.278422943386921	0.197523994080343	0.161461842584361	0.150873505037267	0.206917894959251	0.189629983938701	0.214439737373262	0.179984675447249	0.190741442208511	0.0907660062145143	0.15217242916632	0.131112280149895	0.293357738631474	0.335974994362272	0.18334654740601	0.343713969073558	0.164527338559608	0.232976136779088	0.253862578709647	0.154730568352788	0.26590878112132
700095416	0.123265365967654	0.202775836485813	0.251916410550527	0.306560017348395	0.174750766789795	0.21698635486884	0.137852290369191	0.263538487979619	0.10952644496182	0.228174794673393	0.156536272795047	0.271763700481161	0.279207898056819	0.190617548256591	0.288004176029977	0.15066089676772	0.271307760186584	0.228408396641434	0	0.16277317295228	0.117339822458906	0.18738362074982	0.176301362819122	0.0821730849103103	0.160873238657751	0.196692243340188	0.202358231292649	0.360672619180193	0.287287334359101	0.286618052000241	0.209685916105968	0.158156763054917	0.173231373373101	0.210853740303907	0.189803275110946	0.130044952330338	0.19151418898972	0.247399520313902	0.118250722449719	0.355121865441621	0.10297836544913	0.269089120858921	0.145594299693118	0.154211175496017	0.214573981134939	0.199240572853688	0.118348305995893	0.257946886013244	0.186664386736522	0.247962427636245	0.224112567689535	0.144616007418888	0.206725562804354	0.0880327994274077	0.201602242230149	0.242276859267332	0.153911078689683	0.120785413732343	0.223806078509336	0.125337026989895
700110425	0.117253094622351	0.22292838600633	0.304070087799311	0.204500076662113	0.224861019959398	0.282510158528882	0.0821895532617441	0.273096203851539	0.14932560810954	0.255560866790485	0.187589415513897	0.323292359375991	0.290269916597975	0.229565537523112	0.306845399972112	0.213694590995157	0.28435969956783	0.264829067153225	0.16277317295228	0	0.153117383617069	0.235315041986501	0.125151427196397	0.140298993628225	0.132284063477071	0.227579067136186	0.235593153487081	0.34133880848888	0.294558965274154	0.30158075006991	0.24737637895499	0.218076411432981	0.196597468769121	0.245369428303184	0.224077311824746	0.114244602235834	0.228915265667435	0.300774186885825	0.156995957317823	0.362451191586696	0.144919469168715	0.285681931577007	0.195520796602433	0.153510191272086	0.229643558750618	0.235620950232364	0.167291548417724	0.273817812569118	0.24744520970859	0.29840744687606	0.265120579135329	0.104611285681243	0.0971359118822304	0.157717937271354	0.155860364731039	0.26528254128429	0.125269923546709	0.113334146468451	0.268640247992489	0.143311163373197
700111580	0.161739470620698	0.233338372253542	0.235705711774609	0.296835662199012	0.212538225547715	0.221701824165725	0.137621062400422	0.254447885506808	0.157814341339517	0.227147245217543	0.163161669952124	0.241927974648586	0.271485900029709	0.223231369976104	0.278769143936508	0.155673563454596	0.242376268161223	0.24685952494986	0.117339822458906	0.153117383617069	0	0.172682080569988	0.186527921551706	0.130037673209149	0.132387548867248	0.242727491637876	0.255035451512307	0.389592209105549	0.271289226339919	0.300503851829274	0.195868312704243	0.143130038222329	0.168878422161232	0.216489009154975	0.260570126333911	0.136307839651102	0.244283986224485	0.241629129663424	0.181082007577316	0.325615156111171	0.150887867322193	0.243701124067478	0.183860341032672	0.153609462792056	0.168193880922541	0.194743538633087	0.150232665818827	0.221090591800928	0.185735907489598	0.212509178300776	0.228305972013843	0.153675725736837	0.219917789249537	0.108419042302054	0.245883234335153	0.213888177264683	0.104060612843341	0.119621274666168	0.187120218402891	0.112348632397931
700111302	0.250656921245186	0.234392412877998	0.108977769948371	0.394112498308898	0.255587678060218	0.156115684260935	0.238240878379376	0.222950061210139	0.204746216962233	0.201325383699019	0.100694759383448	0.116857982908216	0.241648414968479	0.238387483860452	0.255599904178753	0.0906036538680633	0.245772982353265	0.144096044862554	0.18738362074982	0.235315041986501	0.172682080569988	0	0.289296644579809	0.201810029997224	0.187976642479514	0.303889715857161	0.23348369163949	0.37374020347741	0.332805573537229	0.268818248596687	0.162754981478217	0.101243185262848	0.151310456531753	0.181983184162837	0.309300648295435	0.189652621408451	0.212817364754498	0.223901683512546	0.24824570341941	0.323444403383718	0.199366741533872	0.185248700482826	0.188929694991064	0.168431102716204	0.191532205172993	0.247201201254458	0.182551388931564	0.206802033704184	0.146669848980611	0.0900602695758285	0.107969425772858	0.255759633316878	0.305888322641271	0.149565388943733	0.341406575945711	0.185850858545477	0.202512514711584	0.217803352547045	0.102996416099852	0.209310056449777
700098605	0.119737072558952	0.196504607577008	0.326668395851456	0.214177688554331	0.199603447930418	0.285158287336321	0.137950737268181	0.290471070532768	0.181491780712643	0.275871801138506	0.239887338887686	0.354000474307104	0.301619234103533	0.217320341026906	0.30582752356496	0.250892316797648	0.281131580838492	0.297362434922945	0.176301362819122	0.125151427196397	0.186527921551706	0.289296644579809	0	0.174118966023184	0.209755127362081	0.187335186141398	0.235812946193	0.340774807839579	0.269432925117251	0.310986427978365	0.264757409675304	0.258987503837155	0.246191248966512	0.265865163143529	0.197996451531016	0.156667599237735	0.258223895623187	0.29613099058358	0.155891100086915	0.337063185008416	0.171754979557728	0.317144099660437	0.229472413221227	0.212997577293479	0.264090644479718	0.212067829090094	0.175500503657105	0.298490119831817	0.25452793574352	0.319451969900495	0.306933102318051	0.148904803112813	0.137670016682964	0.1809802557336	0.133053696765934	0.289151805312039	0.178170998029453	0.177239027775194	0.29923447106453	0.157158493894572
700111991	0.101626121913334	0.195261008569709	0.266895033866425	0.281962901457587	0.164938812161549	0.222479472951879	0.138910618105356	0.261608636361799	0.120073499620596	0.210933485911846	0.145163791433466	0.290229829158671	0.278797815147657	0.184029654697499	0.295187371429031	0.140057529056062	0.270997314924451	0.198115453312887	0.0821730849103103	0.140298993628225	0.130037673209149	0.201810029997224	0.174118966023184	0	0.171898758739293	0.160673332394131	0.185018004257635	0.329634147045315	0.277403225191318	0.28681953661602	0.197589720608867	0.183478039426761	0.157888306059854	0.198790529082074	0.171244883562927	0.143664450238944	0.167927624650923	0.253884248158905	0.107107234262852	0.355391115827323	0.0819583244690019	0.257187192867661	0.132152348908747	0.153404944723803	0.200447659823376	0.197423255813106	0.104700361105636	0.250902697047588	0.195218054336323	0.26335999230692	0.22457815468488	0.135666236347293	0.19228412641304	0.104967786763773	0.192805723032776	0.237625960621944	0.160894176482511	0.0986806337599967	0.23369332003931	0.130962715416151
700108960	0.162096012507196	0.295192417260107	0.278337770861247	0.283440005918561	0.288233370242111	0.270251222313311	0.12978082392809	0.336333416891698	0.164768671413991	0.303128641881134	0.186751881633134	0.283392027204889	0.353600349826328	0.29721256881604	0.360481391130389	0.191403498647202	0.349595964086225	0.266550251186646	0.160873238657751	0.132284063477071	0.132387548867248	0.187976642479514	0.209755127362081	0.171898758739293	0	0.296587259908519	0.30626574791752	0.421990038544644	0.359549555135155	0.366213171567625	0.270940179773565	0.137341601625304	0.224155994202897	0.277676059181207	0.298179226463894	0.147579231775289	0.287960604047192	0.328528063349742	0.204685790509212	0.422412564914014	0.206374535115326	0.300109343384592	0.233688268009437	0.143055300272496	0.268842572404913	0.306958667151147	0.22875221503644	0.320538153844739	0.238770340435083	0.258990448701809	0.252317844710565	0.16493915417262	0.191312193776886	0.173881278234537	0.204756860187519	0.301367721111916	0.180708971469437	0.11839523178424	0.22763312336994	0.136556219347346
700024452	0.168797460955788	0.17428219189187	0.341730113663954	0.26207629387361	0.168399566945603	0.297016119000832	0.221238658244051	0.298887567204696	0.201847312840103	0.276227850009144	0.255000330670213	0.367046776570334	0.300382828669181	0.200990224890247	0.327982489473266	0.259245194302283	0.278249603201312	0.294421580272187	0.196692243340188	0.227579067136186	0.242727491637876	0.303889715857161	0.187335186141398	0.160673332394131	0.296587259908519	0	0.206765720142097	0.270440499074393	0.203393000298693	0.264470878923469	0.279044905005774	0.287613239502552	0.220535000940309	0.247098119734687	0.0710763337671847	0.205146092626929	0.240833282230362	0.311963299872691	0.152592338990723	0.297692783767521	0.166555994769616	0.297884407398701	0.217915773409594	0.262270549033256	0.259097162227753	0.196532727954086	0.179056930980689	0.299158990372665	0.26843811997903	0.339944687686536	0.319370569220513	0.171509707440848	0.179652771603838	0.203011128928015	0.200951705588469	0.284467438958732	0.224370069419651	0.213113525509479	0.301097027156759	0.23210418204521
700032931	0.22338756661068	0.111490322480996	0.226019575044169	0.376028944760802	0.175413982939729	0.166559717593426	0.268700123390219	0.153784913136737	0.210329284104981	0.127813784615793	0.162746639642911	0.261930011673507	0.155347874057282	0.100163686362252	0.196766807085224	0.210915573270706	0.137420115700153	0.167350901181836	0.202358231292649	0.235593153487081	0.255035451512307	0.23348369163949	0.235812946193	0.185018004257635	0.30626574791752	0.206765720142097	0	0.27033938577925	0.209859195473205	0.160391601724704	0.147335103890683	0.24824386331255	0.146146896187836	0.115431711477302	0.224165673666115	0.206385954317171	0.128633717860906	0.180351966490515	0.193219123831086	0.217843751280455	0.163141027400862	0.174518424011385	0.135001333453987	0.224862283275887	0.167861830410907	0.126078992019269	0.137073716395837	0.157227959928788	0.161611507620555	0.239478041283606	0.228553259800119	0.248743539225207	0.272348048437778	0.174797753843068	0.294500887523741	0.143752472350559	0.21578357491641	0.249889872624181	0.214994264690631	0.253055878915521
700095837	0.336152531983601	0.256452382235176	0.394778709454447	0.421382608995997	0.304108281914177	0.373221857050786	0.376195217203139	0.334944640266934	0.336531464269581	0.317486819212777	0.310340111265837	0.421079917258704	0.311387807929069	0.278782775881699	0.362374693146727	0.34794221768555	0.312513653657999	0.358485618907269	0.360672619180193	0.34133880848888	0.389592209105549	0.37374020347741	0.340774807839579	0.329634147045315	0.421990038544644	0.270440499074393	0.27033938577925	0	0.182984476846779	0.256388199199061	0.335223953613153	0.386011264208689	0.290482303842251	0.28571632398139	0.27139066647534	0.333664476209327	0.307788192332078	0.386292654411901	0.310577295169136	0.295393638896457	0.303704783487196	0.303608310359752	0.308641232259277	0.34617706696296	0.297883164789767	0.285725488698623	0.30348469102532	0.321846085571495	0.353945456071117	0.399592283582458	0.378333844952796	0.347503597231342	0.333477226414209	0.341231810187892	0.381636309098731	0.307860554559903	0.363359872955027	0.369652917669397	0.378156473387794	0.373309296283998
700024548	0.300263513263925	0.181591938110578	0.309005962708826	0.377622124348268	0.229557167403894	0.276586903162321	0.31187770315887	0.23153172211124	0.302351118242765	0.221724607205697	0.271616361105505	0.332564446460437	0.212924044900866	0.180119228554259	0.258872405121277	0.304663820759925	0.190715886683691	0.31615331803528	0.287287334359101	0.294558965274154	0.271289226339919	0.332805573537229	0.269432925117251	0.277403225191318	0.359549555135155	0.203393000298693	0.209859195473205	0.182984476846779	0	0.178444617173439	0.24767990708301	0.336149446251727	0.219055630209637	0.212341527496263	0.227797112775318	0.252733123968426	0.276867175274077	0.274072932448495	0.280018984527166	0.182000258223788	0.24323972146689	0.209129965809926	0.237486809612032	0.317898985382359	0.177414330447398	0.152349224344335	0.222979167403632	0.207699408585978	0.264550973963566	0.32100924128972	0.318586696267547	0.2865188688445	0.290562473459327	0.252300785826678	0.344850930943372	0.210572329392837	0.238676557808754	0.313671538559002	0.290138992723999	0.294236918622918
700110161	0.319595981108338	0.1837554996172	0.219582992729654	0.422840216786271	0.235680756475599	0.179795845549877	0.326963835443191	0.120225014095844	0.281958384130894	0.128708170880212	0.222925902270069	0.256917433471644	0.11029524127438	0.157896914538287	0.136073586323853	0.25429746731905	0.122921837758748	0.217897676775012	0.286618052000241	0.30158075006991	0.300503851829274	0.268818248596687	0.310986427978365	0.28681953661602	0.366213171567625	0.264470878923469	0.160391601724704	0.256388199199061	0.178444617173439	0	0.172950057135879	0.278866790232931	0.191037908982884	0.142136346502935	0.288372578164465	0.261381735855298	0.214990902427491	0.167600750213875	0.291336921380206	0.150846656244982	0.243857352108198	0.124471166886934	0.216822145419805	0.282959593775655	0.171671802042121	0.177008056256813	0.21588250411671	0.132742723810593	0.195248125250491	0.243333834636903	0.256740744184825	0.299533720740966	0.326230236778399	0.240518588088695	0.396205579150675	0.139039736061401	0.245479518994941	0.32478048289808	0.225083219117126	0.300823293242654
700023496	0.274621326955841	0.156249058481791	0.153765680198781	0.40886041788792	0.201324623314695	0.103679300529175	0.26622581963593	0.126876242674478	0.222839232288346	0.0770766348464388	0.112320955143414	0.181419445164367	0.134628069922435	0.132675260054111	0.1758125927824	0.14960915652875	0.135535883322276	0.103404071046249	0.209685916105968	0.24737637895499	0.195868312704243	0.162754981478217	0.264757409675304	0.197589720608867	0.270940179773565	0.279044905005774	0.147335103890683	0.335223953613153	0.24767990708301	0.172950057135879	0	0.175886882458711	0.103369566060982	0.087483722080865	0.287360115023498	0.205882404563919	0.147430768961167	0.148592828010676	0.241922635108792	0.209280585034416	0.170363789927013	0.104486338691782	0.13545159871033	0.192220425783431	0.113111789546976	0.148474907949347	0.13415934603441	0.117206630380768	0.0811574530510843	0.149230970721382	0.162611403639205	0.266057620122717	0.311289213479435	0.146503688127063	0.360356980252495	0.0861421785536976	0.180489895623376	0.236005776255201	0.164865922062493	0.222387150282529
700034628	0.227286870291643	0.240817091779251	0.178514293587505	0.375421872656105	0.255779011454012	0.178408953994708	0.200948046796239	0.238076209625953	0.152454889567108	0.212693196428936	0.122735516349405	0.184435958520789	0.253841828189758	0.243454380693306	0.268694338965041	0.130143087048049	0.250718493879904	0.189780393415005	0.158156763054917	0.218076411432981	0.143130038222329	0.101243185262848	0.258987503837155	0.183478039426761	0.137341601625304	0.287613239502552	0.24824386331255	0.386011264208689	0.336149446251727	0.278866790232931	0.175886882458711	0	0.165444495890405	0.194627233186306	0.289426898149425	0.141691956323762	0.232295369425081	0.237330283900317	0.221588836229766	0.330501679908538	0.198171282128435	0.202510029007208	0.197481199230304	0.11116687824431	0.199405756121304	0.249371620603364	0.177426008365914	0.22606336866663	0.163976220076526	0.160227300877682	0.187503775815917	0.226984551581157	0.280641439722863	0.134586518789625	0.307103269818521	0.199451914550049	0.18223329316852	0.171746751465417	0.147510085858531	0.13889570459168
700023645	0.227674933200217	0.148946472504211	0.180295910584158	0.354444242227451	0.188548315849147	0.155991609599247	0.222283178526713	0.165409234046801	0.195566380411689	0.129805920950118	0.090527544302858	0.209470812911618	0.175502604091932	0.137770772966665	0.217017919997568	0.119637335624617	0.162638530512743	0.144539218929241	0.173231373373101	0.196597468769121	0.168878422161232	0.151310456531753	0.246191248966512	0.157888306059854	0.224155994202897	0.220535000940309	0.146146896187836	0.290482303842251	0.219055630209637	0.191037908982884	0.103369566060982	0.165444495890405	0	0.0959663346648237	0.237207712201045	0.156274765695665	0.159751491398125	0.210029048623754	0.201303492140744	0.245084174602875	0.133787605859432	0.12651573085701	0.11111254230898	0.164877411007665	0.103285420463173	0.126397177108328	0.117180758267049	0.146351787599569	0.130451822131448	0.179479900812552	0.156566851164874	0.213623643481766	0.252053475445786	0.132330401050929	0.315404036359494	0.115753089018817	0.156833297923443	0.182415687424075	0.157149246789489	0.193960635753212
700038744	0.263806467029792	0.14298512408959	0.16953383534293	0.390497708137174	0.195283988353071	0.115108150971814	0.264296277456876	0.141104860233196	0.223454985687326	0.0867870294202242	0.124329193556557	0.202202642681303	0.1271954870044	0.106098688596714	0.181609330459519	0.166317010827621	0.140444254542522	0.125317342451316	0.210853740303907	0.245369428303184	0.216489009154975	0.181983184162837	0.265865163143529	0.198790529082074	0.277676059181207	0.247098119734687	0.115431711477302	0.28571632398139	0.212341527496263	0.142136346502935	0.087483722080865	0.194627233186306	0.0959663346648237	0	0.268910217794244	0.196656977295923	0.140537270998967	0.159213243333433	0.227977524005712	0.20147421908642	0.168335735586935	0.103212394495846	0.126226047388231	0.200674224357108	0.113234930098405	0.134225653273332	0.148432639910594	0.110021354459864	0.102830476451868	0.17719136499131	0.175911294109403	0.25260331965602	0.298096008017536	0.150294874997045	0.344931393750833	0.0837804082645439	0.1912486080643	0.235447095102972	0.164933730956971	0.229637838533484
700038485	0.17524553308096	0.194193778699562	0.362278447779049	0.269507219005709	0.168071389765406	0.313832216895244	0.22744041083	0.321775182897573	0.194247295600757	0.297040268434945	0.252250761849913	0.388486092580861	0.321683719255655	0.224037811556839	0.353174456003891	0.263434756077828	0.298643072057332	0.29998467254282	0.189803275110946	0.224077311824746	0.260570126333911	0.309300648295435	0.197996451531016	0.171244883562927	0.298179226463894	0.0710763337671847	0.224165673666115	0.27139066647534	0.227797112775318	0.288372578164465	0.287360115023498	0.289426898149425	0.237207712201045	0.268910217794244	0	0.21579888012439	0.251028577030317	0.332945367658249	0.137654498937069	0.315511677098265	0.16965145922271	0.321275164834611	0.218901936998183	0.253837036960408	0.274884338299339	0.21986556360587	0.191625668743795	0.324621595689131	0.286504385802939	0.364345697590051	0.324270291030324	0.17869369490763	0.170969959623331	0.202204939350249	0.204213657583177	0.304024544853082	0.252890689892313	0.216047384346622	0.330439345534168	0.232927833828767
700024743	0.129422486626524	0.180918177693133	0.23958158222081	0.281259457785145	0.207886839067655	0.217810397884913	0.121752582483284	0.221900071409059	0.118380851797672	0.209712250166598	0.151444288777048	0.262362296325961	0.242182153181839	0.192651746837809	0.258604571168808	0.188594683326424	0.233174854932198	0.238367083393831	0.130044952330338	0.114244602235834	0.136307839651102	0.189652621408451	0.156667599237735	0.143664450238944	0.147579231775289	0.205146092626929	0.206385954317171	0.333664476209327	0.252733123968426	0.261381735855298	0.205882404563919	0.141691956323762	0.156274765695665	0.196656977295923	0.21579888012439	0	0.206374938834229	0.243309013352504	0.15060210445412	0.312176469346834	0.127846487294628	0.241026454354844	0.179458197825476	0.107711065980989	0.196117867081267	0.195703826686465	0.138884337339573	0.226641532702343	0.19458360322906	0.240638711860062	0.230646027259559	0.133827827617778	0.180126045356123	0.109211034004672	0.204154172879952	0.220224567488209	0.117230001107672	0.119383732903784	0.210725727751224	0.0946559236604957
