700108602	700014971	700033565	700109389	700023058	700023927	700106341	700114221	700023543	700023439	700016978	700024192	700113058	700099448	700109870	700033928	700023693	700109627	700095416	700110425	700111580	700111302	700098605	700111991	700108960	700024452	700032931	700095837	700024548	700110161	700023496	700034628	700023645	700038744	700038485	700024743	700099596	700110760	700101587	700106399	700032322	700095653	700021312	700101230	700023590	700038905	700033136	700023382	700096424	700105469	700016908	700096053	700108479	700109569	700033814	700016125	700109756	700102665	700101777	700109455
700108602	0	0.218388995300017	0.304794772871466	0.238865802434637	0.188226965301969	0.273640088665078	0.100161507776665	0.304080909929076	0.121422521305112	0.279608619072744	0.187244532231693	0.323284210953928	0.298988222552887	0.208963998606592	0.319760530884463	0.183513704120922	0.287472304914658	0.273484642839299	0.120818499857974	0.12219712062875	0.147103544681735	0.227931763256821	0.138855124116949	0.0757132412010575	0.156169899588433	0.189317152336814	0.217821378320897	0.320529969410867	0.302071849953573	0.279390933196813	0.248777751367328	0.211584218344644	0.20435847749227	0.273571125917317	0.158511823298539	0.123380794977065	0.211199708566396	0.293049685657687	0.0907049319654322	0.343834322178786	0.169516042286404	0.311033267636816	0.216066069164884	0.156960502944478	0.282346822741774	0.198841002193864	0.174803105305174	0.279813799252739	0.205526858844287	0.287538798893476	0.273478987707148	0.0910016261734004	0.133668102851035	0.126190640807126	0.143016914614238	0.279476865130441	0.150399681959129	0.0859666803263763	0.266482727140061	0.147831245711394
700014971	0.218388995300017	0	0.291799484179669	0.347974641865112	0.14304766842315	0.240951687562296	0.254782291376352	0.195038133662445	0.18701847840008	0.17869952333456	0.208928821535503	0.316924907596065	0.199525268778447	0.148751165534996	0.25547734939784	0.251871008127241	0.168904006346311	0.2569031108279	0.214988142291048	0.217242644834998	0.25771720624043	0.25520035427405	0.203953702418699	0.228942073924206	0.313656837094499	0.17822272233124	0.148136572751626	0.212376852973931	0.179859187227065	0.187529583566677	0.18624843872263	0.258127613014624	0.190818706170121	0.179615342512392	0.178889075277857	0.195953880135304	0.230810351547726	0.25428317279758	0.195091129755845	0.220892516791709	0.181504433098694	0.221366119660875	0.161060884582317	0.21952288426233	0.178090518094223	0.186860833397169	0.125391294532952	0.197276127126565	0.170989189719732	0.281486062179954	0.300016851062453	0.215469977521294	0.258563790276774	0.189145823077924	0.288997386007016	0.196325496184871	0.236277196374649	0.245468893285868	0.264469736344502	0.24924669283249
700033565	0.304794772871466	0.291799484179669	0	0.436061632537717	0.295201458126424	0.0987032607434347	0.322635875243103	0.187741596043119	0.274868382707032	0.152060240181313	0.146255782828419	0.0667836996828325	0.166072073527225	0.225296462514952	0.186017362546002	0.148545583104962	0.189908145020345	0.124289558533613	0.246075996728738	0.311749632091717	0.252659737574502	0.1210508359262	0.324640025051831	0.276632994802899	0.277369426875075	0.32876340116047	0.202759567793317	0.358770593449716	0.291851126632648	0.1919981889722	0.178725859071151	0.205287357693727	0.157288735127796	0.144506854448272	0.333981519082919	0.233506724228265	0.230825096022296	0.156088235289072	0.312278338481991	0.235447561237629	0.217895861884816	0.129688846260691	0.221326171772924	0.233798015681439	0.21904527765762	0.227758987573544	0.25017156841317	0.169174861584096	0.194471313745781	0.0645337487372349	0.11304576806864	0.342949241131657	0.355571384053596	0.239653825810443	0.400956079765752	0.15307670140263	0.218382710088802	0.310837123699544	0.0926002614433553	0.275459772668742
700109389	0.238865802434637	0.347974641865112	0.436061632537717	0	0.323898470454163	0.425333635740776	0.203061143615473	0.418669622676674	0.295446379284881	0.406747212130191	0.353200588269537	0.449743872819443	0.413097238238776	0.355909854046905	0.425849982673074	0.346649396437856	0.414815776907267	0.422780138624163	0.315852245781646	0.200986923219859	0.298331351670617	0.391357142830074	0.201420456034111	0.270656239539034	0.280537918225413	0.276352185327113	0.364299797998103	0.409905572428291	0.367257990798005	0.405913094388832	0.397127652886295	0.376755744672052	0.346297211198629	0.399475186873257	0.256109671702851	0.280749937095071	0.384974374731474	0.435761630794622	0.229455521822413	0.412697267649774	0.317312403136021	0.425068819478957	0.358537961319926	0.323520971875038	0.396781252222605	0.337707816631429	0.334170330327489	0.398724158338837	0.362542474819259	0.423030547994763	0.417259952347127	0.193646158168558	0.148872713240691	0.306162706472529	0.188673950106348	0.407708708854717	0.2780457908915	0.222895796938082	0.397538905921016	0.295849137316877
700023058	0.188226965301969	0.14304766842315	0.295201458126424	0.323898470454163	0	0.234884566220735	0.220651378716855	0.234038296434596	0.156114101405152	0.221542889748211	0.204593439577203	0.312817429731242	0.242830326302424	0.136775604043676	0.273360573682032	0.217327383432297	0.211370724572056	0.233474748081932	0.171938590829607	0.196900533722205	0.232739926342163	0.26227253812031	0.208174317733703	0.176770168411117	0.292681848242152	0.151294993067953	0.16691391162953	0.267791619288678	0.233477186001519	0.207850929789888	0.197750385393566	0.266674277335055	0.193111839812556	0.213510811096028	0.160499204679491	0.207882953705798	0.171435144287284	0.216568549503182	0.157042681170622	0.280991543610025	0.161574095206384	0.255258092006311	0.163404846139078	0.219577981287477	0.21385771157694	0.196747249591683	0.10837436487987	0.228743102558991	0.160017920661112	0.289340675582307	0.290675214369084	0.178754478160256	0.231695754891191	0.177559337890498	0.262537214098944	0.226115964947413	0.221768415604518	0.212883589565602	0.266559449420186	0.226579157611351
700023927	0.273640088665078	0.240951687562296	0.0987032607434347	0.425333635740776	0.234884566220735	0	0.304281294882628	0.161359082079227	0.247464267163381	0.117592040113076	0.131209498522694	0.126615660957776	0.142704242758263	0.155503518405534	0.184857677182883	0.155001113620341	0.146731904004411	0.0677529410115448	0.213300466773202	0.29191592176963	0.233693657421294	0.157876321841356	0.291672295823764	0.239660831146716	0.269724903687443	0.287262152788852	0.164104383682563	0.338983400582731	0.274434732579745	0.157227394154315	0.113747355708256	0.194268342851165	0.130902782262005	0.0990050953995922	0.294430297969635	0.212709943888067	0.176277170126209	0.11088792137258	0.289172949418196	0.212251108947727	0.184712516377336	0.117084774701158	0.176699752659989	0.219119314281627	0.184137456683242	0.18501676883783	0.194885631813393	0.142649238063493	0.113713719817996	0.116962042886388	0.157179159713793	0.317597664852499	0.336777388803023	0.212319378527966	0.369303181840584	0.130284881519303	0.193746419117136	0.286689755991345	0.118321493800167	0.258793051622684
700106341	0.100161507776665	0.254782291376352	0.322635875243103	0.203061143615473	0.220651378716855	0.304281294882628	0	0.313118554628254	0.129037620616948	0.292019542596502	0.217028573758372	0.325481387745191	0.305559178639255	0.24858812714442	0.329717803316042	0.213198095606084	0.306158766819697	0.320865433243105	0.157567876688281	0.109195748614532	0.150550176892705	0.249382819217968	0.137297918260983	0.140973428226468	0.128670899343796	0.236642303429807	0.279512663725769	0.356892858124031	0.31904378248524	0.311620379879045	0.273183759751673	0.19789176245678	0.229935925305357	0.293607375895664	0.208147271075806	0.124131400096764	0.26685697565661	0.318608095233887	0.115283478798274	0.356540626130637	0.188257105059816	0.312323873138789	0.228165361894521	0.158515815398369	0.283937333801402	0.25158825065011	0.212736014187233	0.281816717894808	0.242657281056328	0.298115125189591	0.307643146526041	0.108006772116477	0.0989819305439757	0.152813423253946	0.145463897651941	0.290855832495739	0.156847179115347	0.0854611748901611	0.280176520948714	0.121252150889226
700114221	0.304080909929076	0.195038133662445	0.187741596043119	0.418669622676674	0.234038296434596	0.161359082079227	0.313118554628254	0	0.264953012130193	0.0699699269447328	0.226508992631701	0.209470765585939	0.0771674989632569	0.160723366573944	0.110487538818564	0.25762332624564	0.0598894920737465	0.203404495779067	0.264577799679103	0.270418272995524	0.275629625990375	0.249445383132747	0.303280152613356	0.296009947739726	0.357916001235492	0.281416520742667	0.151499131668671	0.285642277300805	0.187820993031417	0.113954847451015	0.149863629021273	0.256722283460728	0.183367135690278	0.137897211712051	0.290669575399244	0.247939909816632	0.252610691226748	0.125647624565364	0.27916878363065	0.118953411646704	0.206283563412059	0.0914815601972554	0.210732134949101	0.258520407874623	0.11506245089484	0.184313209945674	0.182703357418169	0.0900587838829054	0.163513160094362	0.209766256322528	0.268047990787184	0.307306787033459	0.335835553432503	0.246918881591219	0.405108967785397	0.083501322463317	0.222567247791605	0.324088867032255	0.197723464686245	0.293182922140063
700023543	0.121422521305112	0.18701847840008	0.274868382707032	0.295446379284881	0.156114101405152	0.247464267163381	0.129037620616948	0.264953012130193	0	0.223224873292603	0.160679431465162	0.293561452430343	0.246819206409719	0.190430671726844	0.292840267331123	0.154554830470478	0.245169522839423	0.246699629575162	0.109615676965837	0.168272147171661	0.161782186983272	0.198980080338286	0.192072208206244	0.114681359464834	0.182068281938869	0.185903004882314	0.195756050452303	0.305446333915141	0.294640746943959	0.239900979152935	0.200667727498889	0.159040275799865	0.170035762833926	0.218443494709735	0.166273032889041	0.140588528791987	0.193532739124227	0.267196968257063	0.114282814107963	0.31020698501136	0.131259716606636	0.256541600816786	0.162082931641397	0.114976490981118	0.241649657854405	0.221951154838188	0.146882479005172	0.22487725560924	0.195882568706909	0.256781059210649	0.253136358092563	0.125551869247537	0.170042370445184	0.120462687794365	0.209813883344055	0.228767113904429	0.1769949930615	0.10830191551988	0.241720856075015	0.133636736977766
700023439	0.279608619072744	0.17869952333456	0.152060240181313	0.406747212130191	0.221542889748211	0.117592040113076	0.292019542596502	0.0699699269447328	0.223224873292603	0	0.181000376488565	0.188156969254209	0.0600073126602882	0.133935766850826	0.133505707007137	0.211875211623775	0.0685265410553673	0.154276474774921	0.226758947833038	0.255465221688387	0.242839705804065	0.215261547662014	0.282445652165349	0.247100917578191	0.320641059225002	0.267635865097222	0.134629861799364	0.278889057983757	0.194746059853154	0.0997465082521602	0.106891524016418	0.224524796972429	0.139876248827316	0.0919387285841459	0.276300890744533	0.206219447249347	0.203796732350872	0.113877055357056	0.25912941225231	0.130159516080697	0.164487040569081	0.0757934963655136	0.173800634626021	0.222544246780847	0.113158964443838	0.173163776882412	0.164230424018731	0.0790692232767117	0.124451616763593	0.176426669724202	0.225049310107124	0.287662147024243	0.321669191002171	0.203419996150047	0.382497906926172	0.0733845623792414	0.186086613603641	0.279873375480444	0.162723544570109	0.257888114644249
700016978	0.187244532231693	0.208928821535503	0.146255782828419	0.353200588269537	0.204593439577203	0.131209498522694	0.217028573758372	0.226508992631701	0.160679431465162	0.181000376488565	0	0.170423682918345	0.205769306467271	0.178132627718261	0.253353325663607	0.0801625958683465	0.208898641698035	0.134194711141231	0.136814860368259	0.210386425233443	0.145307338092346	0.0879327501454641	0.231780457044114	0.160744465031505	0.165860899786605	0.247202727116906	0.180224625216453	0.307945579045181	0.274806894791635	0.207317296538126	0.154931452848417	0.118137358132442	0.0770699144001772	0.134528930368389	0.236283653348284	0.146438127793264	0.177017345186777	0.210109603024404	0.19762471253162	0.272785458208101	0.115391135320058	0.174942160026567	0.147201281336827	0.131759042646354	0.200816375940023	0.180575279747502	0.174486625395002	0.182166261426003	0.149257540586382	0.137114171754257	0.141319507715609	0.235654027540003	0.249589893379189	0.127532760223472	0.294099761398423	0.177406978591448	0.131461807616696	0.198434875661445	0.118714343151559	0.176439797221221
700024192	0.323284210953928	0.316924907596065	0.0667836996828325	0.449743872819443	0.312817429731242	0.126615660957776	0.325481387745191	0.209470765585939	0.293561452430343	0.188156969254209	0.170423682918345	0	0.19659137754711	0.255634438818932	0.202404737180913	0.166232005054062	0.216429959019627	0.15271192262528	0.253885019276265	0.325233228973016	0.240440303483319	0.129145855595327	0.340228595740658	0.300769359088246	0.281228072465628	0.352208308890701	0.250101062444363	0.378450891244337	0.319296167886546	0.24231256348767	0.190975740993586	0.198560645065191	0.174384114388995	0.168605608992472	0.360828033915356	0.258722912194855	0.25662372493616	0.186266260133713	0.334067754290084	0.254958903101748	0.230511278937657	0.147200898119511	0.253171957054688	0.248464575314281	0.216870060572319	0.239807631271955	0.270211210280043	0.176790183203243	0.217426921486901	0.0662446890151503	0.11195484549764	0.358902142938472	0.368579030698608	0.247751005390558	0.42597785958287	0.173114887382391	0.220137144988902	0.327720853180252	0.108773432025106	0.276525538447865
700113058	0.298988222552887	0.199525268778447	0.166072073527225	0.413097238238776	0.242830326302424	0.142704242758263	0.305559178639255	0.0771674989632569	0.246819206409719	0.0600073126602882	0.205769306467271	0.19659137754711	0	0.166076966432399	0.129306549486226	0.235884350641048	0.102038397920395	0.181051708428164	0.254674351132555	0.266440319805063	0.271789437315618	0.232751215655427	0.3083817198632	0.275700253666867	0.337133386862848	0.28560353565443	0.155134530009359	0.271377380519249	0.195137836436317	0.0988779703304913	0.143557669661775	0.242664435164665	0.163347897650307	0.10377533721032	0.295410143871678	0.231883505962986	0.231783307147791	0.131519324059986	0.276663925296255	0.148372472600301	0.196399659952128	0.0744277972942362	0.203141618539012	0.240097737905607	0.117282827400821	0.201693339087079	0.20436859896833	0.094411173408454	0.162681731939417	0.186587507652049	0.243197608672839	0.302073812359869	0.336122025844427	0.24274191244099	0.404137645908799	0.0840622995971002	0.211000635554294	0.304408143797639	0.177518795326791	0.278805291040437
700099448	0.208963998606592	0.148751165534996	0.225296462514952	0.355909854046905	0.136775604043676	0.155503518405534	0.24858812714442	0.160723366573944	0.190430671726844	0.133935766850826	0.178132627718261	0.255634438818932	0.166076966432399	0	0.201489458584558	0.21245151857133	0.12854932642266	0.176446301074358	0.169008547912837	0.206010997615328	0.223973870214619	0.238225980463525	0.222032302958584	0.185907202806168	0.291813516494315	0.176651366184117	0.0975315475190287	0.270660448463953	0.191417432436128	0.136282332071635	0.136382188585177	0.245368141960523	0.136071204543013	0.141880350452241	0.196476691825154	0.181010704196116	0.160442437056085	0.158416445778954	0.20196615072619	0.209490676817424	0.152686458712056	0.178910341201953	0.132438403567368	0.219703027912975	0.151949141015135	0.137079241605373	0.0929749850808819	0.154350942060985	0.0797060973217647	0.227344972492662	0.244775842564237	0.220762461070386	0.266536434264125	0.170019154597992	0.293537085339091	0.152755899178823	0.169311909326363	0.235821162955043	0.20037520971686	0.233636297590601
700109870	0.319760530884463	0.25547734939784	0.186017362546002	0.425849982673074	0.273360573682032	0.184857677182883	0.329717803316042	0.110487538818564	0.292840267331123	0.133505707007137	0.253353325663607	0.202404737180913	0.129306549486226	0.201489458584558	0	0.276652351429866	0.129721110813414	0.23621544526597	0.283822987169802	0.30572284685651	0.276909529906666	0.271090272768829	0.316816059355639	0.315040206094342	0.371322060476562	0.317831975009079	0.195796339976872	0.331808105839885	0.217671386702163	0.163047013796377	0.188080765376493	0.28046462476485	0.22722879296153	0.193688418898497	0.331385464711483	0.272022225516255	0.277350595734026	0.137245289142926	0.309398689182858	0.145638850795361	0.24867252322119	0.128175734434615	0.264443683750948	0.280564920438349	0.163953160952543	0.189058948903516	0.236109213396047	0.125395000253815	0.19637881437028	0.207207142506017	0.276679198611989	0.334117321205494	0.346053737746311	0.271554775176232	0.409646456343629	0.13363462664759	0.243327772415541	0.342597614983322	0.205623178994098	0.31396781395566
700033928	0.183513704120922	0.251871008127241	0.148545583104962	0.346649396437856	0.217327383432297	0.155001113620341	0.213198095606084	0.25762332624564	0.154554830470478	0.211875211623775	0.0801625958683465	0.166232005054062	0.235884350641048	0.21245151857133	0.276652351429866	0	0.245345013202107	0.14682497282407	0.127691523298702	0.223779615280498	0.148269582387821	0.0877805429619995	0.238256684147962	0.151267498547247	0.173826079521051	0.253057043645873	0.217653905914144	0.329748426748855	0.306587638686148	0.241174745177359	0.182391418919825	0.142913178881908	0.106037739863315	0.168358175543499	0.251673034528483	0.188909474912676	0.191590157478529	0.232043223203784	0.198749139874641	0.301961570174201	0.116980593058742	0.201853259600734	0.167340150407191	0.160812474827406	0.228025679703305	0.206916011675651	0.184947863503816	0.211403758906155	0.188641331410311	0.134128197128115	0.12646282954263	0.223795892824065	0.246748997817768	0.154376982335273	0.290830516170438	0.205844106586447	0.165117719068814	0.18767552988464	0.121618628040626	0.171092013631201
700023693	0.287472304914658	0.168904006346311	0.189908145020345	0.414815776907267	0.211370724572056	0.146731904004411	0.306158766819697	0.0598894920737465	0.245169522839423	0.0685265410553673	0.208898641698035	0.216429959019627	0.102038397920395	0.12854932642266	0.129721110813414	0.245345013202107	0	0.179270937177469	0.244998673843214	0.263998290733928	0.254466782077481	0.25108549274764	0.281948750019356	0.274678716489496	0.349947626174626	0.258486475629074	0.127603451729991	0.280779035236938	0.176625148734095	0.113819769718618	0.110091652181467	0.253583510101952	0.170002538988119	0.12728417974398	0.264860311608475	0.229262157589314	0.225304040179945	0.133360168865849	0.262399071835275	0.124664874754328	0.186828555352434	0.105460839409635	0.182665853317074	0.249994754594008	0.108998354518672	0.153918218356261	0.154772986828997	0.0920485894823678	0.129897709440881	0.213704811581759	0.258103065062629	0.292010885035553	0.325143893026456	0.221751329348276	0.385942509597385	0.0890633625506673	0.212901877053596	0.30742169599845	0.201247670355744	0.283844740638404
700109627	0.273484642839299	0.2569031108279	0.124289558533613	0.422780138624163	0.233474748081932	0.0677529410115448	0.320865433243105	0.203404495779067	0.246699629575162	0.154276474774921	0.134194711141231	0.15271192262528	0.181051708428164	0.176446301074358	0.23621544526597	0.14682497282407	0.179270937177469	0	0.229760359274169	0.28818805081528	0.256614391752014	0.161081777829857	0.315100966910204	0.229847407828914	0.27310722131017	0.29549399502313	0.182516557441175	0.339279840092011	0.313577687884236	0.179557027156429	0.131067935154382	0.214527185952102	0.133440699460824	0.124181027688616	0.296603320803281	0.228769166989193	0.168957045539131	0.150046228294741	0.286039323178706	0.252653605899691	0.193630437291938	0.159442172340847	0.178068722268239	0.221367352288501	0.220728431198942	0.225047334681735	0.201699009980536	0.186773732184664	0.135829226035671	0.151626521124285	0.157978871700051	0.320133751833477	0.347591596663294	0.23444617894455	0.363447612247812	0.175860964626242	0.22332317388928	0.282179633921992	0.14856577321732	0.280062490511309
700095416	0.120818499857974	0.214988142291048	0.246075996728738	0.315852245781646	0.171938590829607	0.213300466773202	0.157567876688281	0.264577799679103	0.109615676965837	0.226758947833038	0.136814860368259	0.253885019276265	0.254674351132555	0.169008547912837	0.283822987169802	0.127691523298702	0.244998673843214	0.229760359274169	0	0.188679833919386	0.123611881527709	0.178106245301921	0.185501847763791	0.0945357557630213	0.182449733610378	0.195538029554932	0.18798545269717	0.327372548943576	0.283625635815388	0.245706691597005	0.188548767776438	0.157775784716687	0.156744241151556	0.220196541647376	0.185218670377325	0.154457237370447	0.173423209298662	0.231831551807831	0.153136158640889	0.309882296401224	0.10611528502315	0.252939717636538	0.151975779859348	0.146516703446327	0.23755728868237	0.173967049071311	0.134695675660527	0.227727089571957	0.162319749685534	0.229659187038717	0.219445730409669	0.170442525458985	0.202175027768804	0.0940762567364082	0.218145923701646	0.224464897438217	0.143374974346709	0.142037354724066	0.210591846523165	0.135563251116329
700110425	0.12219712062875	0.217242644834998	0.311749632091717	0.200986923219859	0.196900533722205	0.29191592176963	0.109195748614532	0.270418272995524	0.168272147171661	0.255465221688387	0.210386425233443	0.325233228973016	0.266440319805063	0.206010997615328	0.30572284685651	0.223779615280498	0.263998290733928	0.28818805081528	0.188679833919386	0	0.178734476863006	0.257687801790852	0.137753239006571	0.151955537747084	0.165938630193717	0.225768041002495	0.22365056217678	0.298257137197379	0.274308397481879	0.259360987912327	0.245563765320201	0.243947707416695	0.190897474062915	0.252710426227036	0.19617636232481	0.134584218055744	0.25151865414209	0.306136103329812	0.124027548558704	0.321409784324961	0.19434434227732	0.277417211889706	0.198951497463296	0.173755304586756	0.24471366922961	0.238438797515892	0.174039816086439	0.251346116651668	0.218544547160631	0.297623643619605	0.302779417156896	0.100532477929611	0.101928284530076	0.167918169176445	0.190361265491003	0.254872000305098	0.142296678969362	0.116638786700568	0.27434953103997	0.172054049388604
700111580	0.147103544681735	0.25771720624043	0.252659737574502	0.298331351670617	0.232739926342163	0.233693657421294	0.150550176892705	0.275629625990375	0.161782186983272	0.242839705804065	0.145307338092346	0.240440303483319	0.271789437315618	0.223973870214619	0.276909529906666	0.148269582387821	0.254466782077481	0.256614391752014	0.123611881527709	0.178734476863006	0	0.169964433489607	0.185850300542234	0.134412470376781	0.124116069837148	0.259958884722085	0.255362746704431	0.372147271907669	0.26283601086279	0.283277416159877	0.188864621200215	0.141615259810517	0.166926488416875	0.234154402194305	0.247456141616637	0.149158940544988	0.235651997349644	0.252249783836628	0.168375418127754	0.300248747883259	0.130099672083914	0.237216854518023	0.188716048062778	0.150929481109466	0.223402428328476	0.18094033098312	0.192774299515766	0.209983102539757	0.197288217337497	0.211643660348184	0.224858436217313	0.176951520558452	0.199460130750326	0.0975061800255508	0.246109326119148	0.224278566368638	0.10071153852717	0.137162723013009	0.187916629830158	0.114073449333871
700111302	0.227931763256821	0.25520035427405	0.1210508359262	0.391357142830074	0.26227253812031	0.157876321841356	0.249382819217968	0.249445383132747	0.198980080338286	0.215261547662014	0.0879327501454641	0.129145855595327	0.232751215655427	0.238225980463525	0.271090272768829	0.0877805429619995	0.25108549274764	0.161081777829857	0.178106245301921	0.257687801790852	0.169964433489607	0	0.283350916973812	0.212464774040813	0.171489168402162	0.300719354903839	0.235730810908214	0.357322503070303	0.327745472922616	0.251858346119927	0.204093102609558	0.107454038654432	0.131969607020358	0.173983389400964	0.290552823242068	0.200861420705763	0.221411381843078	0.232476661248453	0.249461701795664	0.296269916837355	0.176401609116888	0.192623667807356	0.209224565794983	0.171671197282071	0.239811510465506	0.239047756642084	0.22809985455597	0.201315247298798	0.206279217712373	0.0914893219749331	0.111724690200379	0.270081956549015	0.289419220720631	0.165157544163479	0.340568434641719	0.199536981512832	0.184155762127536	0.235522136667081	0.10066290889291	0.196197684821833
700098605	0.138855124116949	0.203953702418699	0.324640025051831	0.201420456034111	0.208174317733703	0.291672295823764	0.137297918260983	0.303280152613356	0.192072208206244	0.282445652165349	0.231780457044114	0.340228595740658	0.3083817198632	0.222032302958584	0.316816059355639	0.238256684147962	0.281948750019356	0.315100966910204	0.185501847763791	0.137753239006571	0.185850300542234	0.283350916973812	0	0.164282529693145	0.210246176480871	0.218665129900281	0.229078104961902	0.328633568566661	0.289431029576682	0.300711357930864	0.256415492514589	0.258392835073942	0.239462407410547	0.287685794375989	0.200764979492677	0.161101392461384	0.256623224917962	0.301368107411515	0.144685548687401	0.316845177948107	0.188390192687025	0.317436993328173	0.240924623247439	0.203533137566704	0.293427646573795	0.193822319186611	0.197780111262993	0.287482700860867	0.229082507021303	0.302521252765077	0.304823957219834	0.144618189419424	0.121470574160183	0.167101150713248	0.155114493562045	0.28323962954332	0.178866141266754	0.166718646517497	0.28077131393934	0.165922195670538
700111991	0.0757132412010575	0.228942073924206	0.276632994802899	0.270656239539034	0.176770168411117	0.239660831146716	0.140973428226468	0.296009947739726	0.114681359464834	0.247100917578191	0.160744465031505	0.300769359088246	0.275700253666867	0.185907202806168	0.315040206094342	0.151267498547247	0.274678716489496	0.229847407828914	0.0945357557630213	0.151955537747084	0.134412470376781	0.212464774040813	0.164282529693145	0	0.172742129594442	0.177423906910706	0.205020857178299	0.318780632813771	0.297851235972142	0.260125178915441	0.215442108037492	0.202214192581782	0.176497108458909	0.242277875314406	0.157389422905239	0.13215113902706	0.174644622573046	0.258496276315473	0.11423822477819	0.339865909942112	0.131879997179286	0.282558449706082	0.172778804539779	0.153672474135861	0.263863582523919	0.195497494009434	0.149483874907785	0.25854799180375	0.177154135427488	0.269039761373643	0.245660896325142	0.136583630384393	0.171171722897111	0.111622592625071	0.163011268124396	0.258250948135052	0.14350873101408	0.104537753316144	0.246108980944397	0.15008538621202
700108960	0.156169899588433	0.313656837094499	0.277369426875075	0.280537918225413	0.292681848242152	0.269724903687443	0.128670899343796	0.357916001235492	0.182068281938869	0.320641059225002	0.165860899786605	0.281228072465628	0.337133386862848	0.291813516494315	0.371322060476562	0.173826079521051	0.349947626174626	0.27310722131017	0.182449733610378	0.165938630193717	0.124116069837148	0.171489168402162	0.210246176480871	0.172742129594442	0	0.316601970875298	0.312180598853925	0.406482430973537	0.361939437215114	0.339843400363095	0.285998367730208	0.134740837720012	0.207590842897435	0.27707567243037	0.281657039848573	0.152429388234813	0.277468526565195	0.332335406869223	0.184952118399546	0.399170253787896	0.209687997593254	0.302059005293017	0.238271709873987	0.156694138934375	0.321990240622239	0.289929013092574	0.270356320916748	0.309434206993988	0.272896323364543	0.244281675052403	0.237896244744788	0.18555340167907	0.174444432500005	0.153536198945059	0.199262055080363	0.311256057928625	0.163902469562685	0.122383365997229	0.225842818035607	0.118904245362506
700024452	0.189317152336814	0.17822272233124	0.32876340116047	0.276352185327113	0.151294993067953	0.287262152788852	0.236642303429807	0.281416520742667	0.185903004882314	0.267635865097222	0.247202727116906	0.352208308890701	0.28560353565443	0.176651366184117	0.317831975009079	0.253057043645873	0.258486475629074	0.29549399502313	0.195538029554932	0.225768041002495	0.259958884722085	0.300719354903839	0.218665129900281	0.177423906910706	0.316601970875298	0	0.187698765691188	0.253256024106347	0.204608400238636	0.248113140259453	0.268775588679725	0.298333945733747	0.228643110934429	0.258472600779692	0.0761946179367628	0.225417029919904	0.259704656156921	0.295500594639503	0.172414380075864	0.293481619945534	0.207953994752538	0.302367482118318	0.221236479583156	0.25558786776125	0.253594301213533	0.189131941836844	0.145487690346868	0.275764764238232	0.210760560802575	0.319267893660964	0.328703776094992	0.164770575894811	0.222712738569433	0.20885131599718	0.225536540954383	0.271911087911329	0.225901047934322	0.224393839170313	0.291863472210711	0.265716799655042
700032931	0.217821378320897	0.148136572751626	0.202759567793317	0.364299797998103	0.16691391162953	0.164104383682563	0.279512663725769	0.151499131668671	0.195756050452303	0.134629861799364	0.180224625216453	0.250101062444363	0.155134530009359	0.0975315475190287	0.195796339976872	0.217653905914144	0.127603451729991	0.182516557441175	0.18798545269717	0.22365056217678	0.255362746704431	0.235730810908214	0.229078104961902	0.205020857178299	0.312180598853925	0.187698765691188	0	0.241111186339381	0.194648765608471	0.130913121381747	0.149954254470163	0.248681737036285	0.147692261920322	0.144940811091669	0.195672395747927	0.1927803773208	0.161947727554808	0.165741829793613	0.213809345198486	0.189448826982899	0.172290621314989	0.17517798840025	0.157633166657105	0.212984176919257	0.16585874277373	0.146146126012753	0.120846925677285	0.150803395818001	0.112608770246129	0.215247749577972	0.249268641291833	0.238230319750499	0.274210720990141	0.198500224397582	0.296053641416045	0.134747317024493	0.205875463443624	0.259910311267768	0.19996791780177	0.263671239396039
700095837	0.320529969410867	0.212376852973931	0.358770593449716	0.409905572428291	0.267791619288678	0.338983400582731	0.356892858124031	0.285642277300805	0.305446333915141	0.278889057983757	0.307945579045181	0.378450891244337	0.271377380519249	0.270660448463953	0.331808105839885	0.329748426748855	0.280779035236938	0.339279840092011	0.327372548943576	0.298257137197379	0.372147271907669	0.357322503070303	0.328633568566661	0.318780632813771	0.406482430973537	0.253256024106347	0.241111186339381	0	0.203322730065973	0.238305292811644	0.315330810232037	0.370040983479586	0.274866248951902	0.258262649939443	0.266526488565149	0.312650761759048	0.321574043691858	0.348533102715828	0.296583081098963	0.312904825529524	0.297839286662357	0.299824162132228	0.274610147930832	0.31319121572045	0.256834983973753	0.304006733464957	0.259926747056427	0.276205761775843	0.289808144076568	0.356768103117018	0.379471809502837	0.314160859241978	0.345861824235906	0.334798948311405	0.387507496458845	0.286055814227766	0.335111836389949	0.346802871647856	0.348617166914765	0.366665140332013
700024548	0.302071849953573	0.179859187227065	0.291851126632648	0.367257990798005	0.233477186001519	0.274434732579745	0.31904378248524	0.187820993031417	0.294640746943959	0.194746059853154	0.274806894791635	0.319296167886546	0.195137836436317	0.191417432436128	0.217671386702163	0.306587638686148	0.176625148734095	0.313577687884236	0.283625635815388	0.274308397481879	0.26283601086279	0.327745472922616	0.289431029576682	0.297851235972142	0.361939437215114	0.204608400238636	0.194648765608471	0.203322730065973	0	0.180275753961148	0.23328649291144	0.329785946802409	0.229324859451581	0.21498940604188	0.229025759821797	0.251129203189428	0.315821628990083	0.249765909087119	0.273184479718216	0.181743500430123	0.243390911122261	0.202920232781171	0.232830537504511	0.306653706060757	0.1434230460029	0.15503234106091	0.201637810147246	0.17703685095035	0.215883167162556	0.310442824347562	0.340436627440896	0.285454054913031	0.312210505207091	0.259210728259497	0.351678469505352	0.202844251070708	0.235958433701688	0.322711218590854	0.278140706972233	0.315662537772639
700110161	0.279390933196813	0.187529583566677	0.1919981889722	0.405913094388832	0.207850929789888	0.157227394154315	0.311620379879045	0.113954847451015	0.239900979152935	0.0997465082521602	0.207317296538126	0.24231256348767	0.0988779703304913	0.136282332071635	0.163047013796377	0.241174745177359	0.113819769718618	0.179557027156429	0.245706691597005	0.259360987912327	0.283277416159877	0.251858346119927	0.300711357930864	0.260125178915441	0.339843400363095	0.248113140259453	0.130913121381747	0.238305292811644	0.180275753961148	0	0.150526818599103	0.265005635982916	0.171936667909482	0.102512006714017	0.254988648772039	0.230077583512088	0.206456119838474	0.136984878366489	0.270055241365585	0.186237438986962	0.211906755633374	0.129890186232856	0.176418703784854	0.245494692946877	0.137439047197156	0.199705237451237	0.177023989500129	0.132135208676776	0.132924279920418	0.22384896670419	0.260695868944546	0.281595748445754	0.331676507764553	0.236141859185561	0.379097018838139	0.125888488612838	0.221248602173794	0.293280115788669	0.209288301424483	0.293581494611359
700023496	0.248777751367328	0.18624843872263	0.178725859071151	0.397127652886295	0.197750385393566	0.113747355708256	0.273183759751673	0.149863629021273	0.200667727498889	0.106891524016418	0.154931452848417	0.190975740993586	0.143557669661775	0.136382188585177	0.188080765376493	0.182391418919825	0.110091652181467	0.131067935154382	0.188548767776438	0.245563765320201	0.188864621200215	0.204093102609558	0.256415492514589	0.215442108037492	0.285998367730208	0.268775588679725	0.149954254470163	0.315330810232037	0.23328649291144	0.150526818599103	0	0.210678294210757	0.126470387678605	0.114600197443509	0.27813778914526	0.197341417798125	0.161334512666419	0.140911721280829	0.242735164985195	0.187524609209757	0.126485278530793	0.133712858410711	0.129763496291085	0.204777306353389	0.134093596655429	0.156949377577843	0.146128848755318	0.110676224670776	0.0977792314816903	0.191146169777121	0.198968615983793	0.271927949742307	0.306147599900967	0.171160373037855	0.354571254961588	0.115093303827521	0.172786749941877	0.253363019174917	0.181511865731518	0.226121938301901
700034628	0.211584218344644	0.258127613014624	0.205287357693727	0.376755744672052	0.266674277335055	0.194268342851165	0.19789176245678	0.256722283460728	0.159040275799865	0.224524796972429	0.118137358132442	0.198560645065191	0.242664435164665	0.245368141960523	0.28046462476485	0.142913178881908	0.253583510101952	0.214527185952102	0.157775784716687	0.243947707416695	0.141615259810517	0.107454038654432	0.258392835073942	0.202214192581782	0.134740837720012	0.298333945733747	0.248681737036285	0.370040983479586	0.329785946802409	0.265005635982916	0.210678294210757	0	0.157455063736323	0.193073405381458	0.273502935408906	0.155337013590968	0.243776612905632	0.242060324043505	0.228652653691692	0.303172952528193	0.181442073886171	0.207715862220059	0.219526599470433	0.10804510046892	0.240838779069102	0.241447906677679	0.233551870896001	0.215813318375175	0.215084283289671	0.164099505351357	0.200727212170045	0.24997706115673	0.260070093827736	0.1435938344516	0.297893975437207	0.206568027813666	0.161851283640145	0.199703028841031	0.162130393397245	0.119204393770813
700023645	0.20435847749227	0.190818706170121	0.157288735127796	0.346297211198629	0.193111839812556	0.130902782262005	0.229935925305357	0.183367135690278	0.170035762833926	0.139876248827316	0.0770699144001772	0.174384114388995	0.163347897650307	0.136071204543013	0.22722879296153	0.106037739863315	0.170002538988119	0.133440699460824	0.156744241151556	0.190897474062915	0.166926488416875	0.131969607020358	0.239462407410547	0.176497108458909	0.207590842897435	0.228643110934429	0.147692261920322	0.274866248951902	0.229324859451581	0.171936667909482	0.126470387678605	0.157455063736323	0	0.0970374096215798	0.231258439326754	0.150664668728999	0.177457219981804	0.194430554832874	0.197318853863331	0.234475642320964	0.109531148378874	0.131872654802137	0.116166549784509	0.152983883015479	0.151809915266434	0.171927828135397	0.131658667002555	0.140252440579622	0.129001739615386	0.154777329563912	0.161503397080951	0.227006273293648	0.25810953394869	0.161835403485396	0.317260395860016	0.131412043287959	0.137528861281804	0.201606921158809	0.138380061646452	0.201220373196335
700038744	0.273571125917317	0.179615342512392	0.144506854448272	0.399475186873257	0.213510811096028	0.0990050953995922	0.293607375895664	0.137897211712051	0.218443494709735	0.0919387285841459	0.134528930368389	0.168605608992472	0.10377533721032	0.141880350452241	0.193688418898497	0.168358175543499	0.12728417974398	0.124181027688616	0.220196541647376	0.252710426227036	0.234154402194305	0.173983389400964	0.287685794375989	0.242277875314406	0.27707567243037	0.258472600779692	0.144940811091669	0.258262649939443	0.21498940604188	0.102512006714017	0.114600197443509	0.193073405381458	0.0970374096215798	0	0.265213291345754	0.207553240913396	0.192047129062194	0.156797475269739	0.258157168240447	0.194169846348115	0.168860703355943	0.0839730330659946	0.142420366820278	0.211180091666475	0.11844710433811	0.197398816750208	0.173731092734316	0.0994778927605044	0.134303956380674	0.156997131593159	0.186571047129287	0.280083004247776	0.323145288031528	0.210261965935666	0.376952417994308	0.110986368938998	0.19194775252721	0.263884215320695	0.151330494629528	0.258905241525246
700038485	0.158511823298539	0.178889075277857	0.333981519082919	0.256109671702851	0.160499204679491	0.294430297969635	0.208147271075806	0.290669575399244	0.166273032889041	0.276300890744533	0.236283653348284	0.360828033915356	0.295410143871678	0.196476691825154	0.331385464711483	0.251673034528483	0.264860311608475	0.296603320803281	0.185218670377325	0.19617636232481	0.247456141616637	0.290552823242068	0.200764979492677	0.157389422905239	0.281657039848573	0.0761946179367628	0.195672395747927	0.266526488565149	0.229025759821797	0.254988648772039	0.27813778914526	0.273502935408906	0.231258439326754	0.265213291345754	0	0.197343902727414	0.263577677822881	0.312212789823584	0.135251088035463	0.3017193192156	0.215230620353954	0.312997570040284	0.228319474844479	0.222382427592423	0.268375169766176	0.196533818702033	0.164962193107655	0.291234592651502	0.22671691901919	0.332876971012217	0.325119442932377	0.13927474468001	0.191850319973182	0.18610987310722	0.193568070742479	0.282352810936225	0.220209086805311	0.189002168852786	0.307190789831975	0.241105568119186
700024743	0.123380794977065	0.195953880135304	0.233506724228265	0.280749937095071	0.207882953705798	0.212709943888067	0.124131400096764	0.247939909816632	0.140588528791987	0.206219447249347	0.146438127793264	0.258722912194855	0.231883505962986	0.181010704196116	0.272022225516255	0.188909474912676	0.229262157589314	0.228769166989193	0.154457237370447	0.134584218055744	0.149158940544988	0.200861420705763	0.161101392461384	0.13215113902706	0.152429388234813	0.225417029919904	0.1927803773208	0.312650761759048	0.251129203189428	0.230077583512088	0.197341417798125	0.155337013590968	0.150664668728999	0.207553240913396	0.197343902727414	0	0.201480762512754	0.235512428395946	0.132672697637198	0.293165380216934	0.162853428403109	0.241907809530145	0.184080811366617	0.103624021385098	0.218544755912338	0.184720081031472	0.168455501143436	0.214645405467545	0.160901820858947	0.231474828469751	0.245160102153756	0.161518598623511	0.17124291131466	0.107070368021716	0.201595817709087	0.219290048574959	0.124535155530619	0.124725746119895	0.212347834887209	0.110687848808863
