700108602	700014971	700033565	700109389	700023058	700023927	700106341	700114221	700023543	700023439	700016978	700024192	700113058	700099448	700109870	700033928	700023693	700109627	700095416	700110425	700111580	700111302	700098605	700111991	700108960	700024452	700032931	700095837	700024548	700110161	700023496	700034628	700023645	700038744	700038485	700024743	700099596	700110760	700101587	700106399	700032322	700095653	700021312	700101230	700023590	700038905	700033136	700023382	700096424	700105469	700016908	700096053	700108479	700109569	700033814	700016125	700109756	700102665	700101777	700109455
700108602	0	0.155142628674733	0.158669126433726	0.10364709150379	0.118473736121629	0.163428298399132	0.0842536166111929	0.186690740460537	0.0872833198651156	0.159516978523262	0.123785417733627	0.159617026601294	0.167361276591815	0.147216230621623	0.164965915541569	0.115880132183655	0.172636982826573	0.155760878115267	0.0881450386476568	0.0947532771884823	0.0924246871829637	0.116489432492681	0.105287479471887	0.0711542400880887	0.0903893697768621	0.12274274276243	0.16928093269017	0.133439580195346	0.154930191054037	0.163765081724633	0.159154130431813	0.125363002050887	0.118864539520217	0.153226308458277	0.128621202512348	0.122099133749354	0.139814022741575	0.172904433220288	0.0976491429168029	0.182690378714686	0.0988402040407437	0.153136058542586	0.14649499175457	0.116558326943571	0.150463993906972	0.137815463780202	0.125101904696668	0.153376461482022	0.142228094229209	0.139569719677091	0.117822369564248	0.0909423265827885	0.0970647853189123	0.11037059784297	0.0991816914839452	0.157535256612181	0.112903612845351	0.0752018555344708	0.131228948874137	0.0979084715156685
700014971	0.155142628674733	0	0.158594322160723	0.164152857962029	0.120395508852964	0.146751378321109	0.156423475927851	0.151545257462415	0.151854227488378	0.132131911457492	0.139746063621975	0.166354153178068	0.142144742303682	0.13528099030719	0.14871525706394	0.156739788618883	0.138392452983857	0.153697583883774	0.153504479578233	0.145531761394622	0.144433729859437	0.129669833580386	0.129954926385338	0.154995935156999	0.155242991942751	0.14974042271376	0.13246718058209	0.140796728091368	0.128843617555636	0.136394997941815	0.136311250709856	0.144385198576704	0.133670648662343	0.130909895055203	0.149562813588476	0.13301382454706	0.154894255122219	0.162444659129315	0.146445356672459	0.147502824474197	0.134920642185649	0.14776566164143	0.153925183558048	0.134566083348391	0.129606708499408	0.131026543351538	0.117497687238829	0.13972012279673	0.125239001288338	0.14637912699978	0.138883654192151	0.157581165290309	0.14741064196164	0.140024273896459	0.170126085123525	0.118029044580373	0.143534250021383	0.150177306323062	0.13058902649822	0.149054073144454
700033565	0.158669126433726	0.158594322160723	0	0.151836901929737	0.155997693236516	0.0673645340250817	0.143034850879078	0.110454324110796	0.159558060394339	0.0992411335149135	0.0978331576188153	0.0591192837498243	0.0997663679087496	0.138274850714811	0.0839970615238361	0.11640962961508	0.107089433996647	0.09430698192692	0.142646544598543	0.138244397799496	0.139724307528061	0.0962656605834447	0.135539338033121	0.143913039230497	0.137009279818091	0.167333277340444	0.139267779898726	0.14191189437552	0.118736749323292	0.109878079135535	0.0977549266472689	0.106844753977981	0.110921905218304	0.0926694892168884	0.157884740451989	0.101517707136055	0.128603323811478	0.0843155056624646	0.153739771822049	0.116674920517412	0.145095174382552	0.0767185389521365	0.136594857693029	0.131734060237953	0.108406941961511	0.115220439218132	0.131032624792124	0.0913814565661499	0.11330733993497	0.0763164774992277	0.0788474418269362	0.165749127105893	0.15150982187414	0.127055083781252	0.186415058641648	0.103347154386768	0.128421135536769	0.15014440282075	0.0952020603156792	0.137763652652582
700109389	0.10364709150379	0.164152857962029	0.151836901929737	0	0.134801676386176	0.165284751961558	0.0958939653555722	0.186526581735028	0.138079218969498	0.168643824558469	0.143878700277006	0.14582366046383	0.167279258282888	0.154576472043207	0.146199652583839	0.136879279616946	0.177960999593588	0.173815446980918	0.129014934681814	0.0871295034041144	0.109075267555667	0.134597716474693	0.103967620486431	0.115143902520163	0.104651163761702	0.123219205389686	0.188901292363828	0.150421899425595	0.13162934772738	0.16243729358533	0.173331413661469	0.143268090795182	0.136443814551071	0.158935504939765	0.118042620601594	0.12509520815376	0.16831149963097	0.162489555921037	0.125645597201506	0.167966622925636	0.122599200216125	0.159212387583855	0.159795596207597	0.13438615078737	0.15087980203283	0.141396722741437	0.145527104800959	0.158301767649642	0.153941252226347	0.137261606918845	0.123236339437808	0.101365292770587	0.0786279913107261	0.145345117104728	0.115457212701722	0.172150357571775	0.109896454248817	0.0875172340010559	0.120797764464689	0.102644618711041
700023058	0.118473736121629	0.120395508852964	0.155997693236516	0.134801676386176	0	0.14516345642582	0.116348419110975	0.174734858347828	0.110340081452267	0.142517234605502	0.133300567473568	0.156138578593352	0.154761757527231	0.12757778383104	0.152447058031887	0.131101512644781	0.150421335735629	0.137880643982542	0.120532757418811	0.126567339323258	0.122444012236259	0.126183098555005	0.111524545664137	0.130770346556408	0.128032778446281	0.10347989533298	0.154940240238482	0.135385738661998	0.123553325219008	0.139793239147618	0.138603980045713	0.134928152850297	0.128821323270827	0.137696084355008	0.105968209673612	0.130799320178526	0.130991278951404	0.147190843645365	0.108606459068004	0.15917694108	0.120204437062545	0.139913359618888	0.11798878627621	0.135441877849743	0.127538554371982	0.121288870078544	0.111384179623832	0.142236939210323	0.128131818673374	0.140486032568719	0.127204656282201	0.12080969753445	0.114908031897765	0.121865264868837	0.12712153737425	0.150307310466469	0.124297523905548	0.118114601275874	0.132797004084564	0.121839399073214
700023927	0.163428298399132	0.146751378321109	0.0673645340250817	0.165284751961558	0.14516345642582	0	0.15163235260271	0.112592419562926	0.164909456386693	0.0847448394806843	0.107689933971035	0.0868921477445625	0.109665939282333	0.10232044057063	0.0909499414121999	0.12353264386512	0.0966243804407854	0.0749989509019516	0.150024262158822	0.14573442851877	0.144455479593723	0.113773733816915	0.127106489088389	0.159688921846373	0.143209520463509	0.167788457043707	0.132437525744595	0.153050159460898	0.11808956853267	0.0940565299123233	0.0827349358300334	0.122838080253498	0.116500142616505	0.0737335211785567	0.166039530928307	0.115503900272291	0.11264968969614	0.0634931926775846	0.163859179650343	0.112750053324421	0.154577600947026	0.082790375615491	0.123210827216241	0.137068758598988	0.109304184570573	0.11729046806811	0.132318905571774	0.100642292302048	0.078491791386975	0.0894812625227627	0.0985574474988593	0.171231227797864	0.159467884335795	0.117184272609949	0.185242756455078	0.109137123132854	0.12626071745846	0.152584298927862	0.097873734709534	0.142892968242428
700106341	0.0842536166111929	0.156423475927851	0.143034850879078	0.0958939653555722	0.116348419110975	0.15163235260271	0	0.179316407191902	0.0817848957358473	0.15603601849308	0.120015803446695	0.130122374772923	0.158742462640914	0.143224901650088	0.146439165241328	0.106408990507263	0.161334037927531	0.160044674969561	0.100611266267962	0.073189153473638	0.0814537111701149	0.094479958181808	0.109854347357217	0.106405808568176	0.0711813760968606	0.124993798664682	0.192961305631397	0.146623894907154	0.142310317438804	0.156878528271977	0.150673507614591	0.0777262472216619	0.108901599716119	0.144297763203852	0.118626050402389	0.0869474871951941	0.145507434994953	0.159428116974277	0.0952636016473238	0.173246569343833	0.118842209257207	0.135677780457768	0.12949542542877	0.0863014917606268	0.136946912032771	0.135527912590972	0.131319347374848	0.135294753276354	0.14446680108854	0.113244408359792	0.108564803962078	0.073283058161611	0.0875703550982568	0.118542294445685	0.118505983057406	0.154301146334909	0.0964547276929503	0.0615301553870929	0.110113537537222	0.0664094296600595
700114221	0.186690740460537	0.151545257462415	0.110454324110796	0.186526581735028	0.174734858347828	0.112592419562926	0.179316407191902	0	0.186469022216332	0.091476018775998	0.132722378006328	0.111289923660402	0.0970788674045078	0.162080447990025	0.104276557325009	0.15973826678324	0.0859012020377192	0.144145399903298	0.17659978337354	0.173023801630056	0.165444163322224	0.135808730259667	0.167957750142634	0.175418882478252	0.178480916443076	0.186354554888565	0.143466151162162	0.151990877966764	0.130056859642409	0.121264860938745	0.11596833160272	0.153444884110414	0.126602989447988	0.110587658050533	0.189367693020256	0.135522965892209	0.156363101346158	0.111274994341405	0.181780179581534	0.0869012432329473	0.162103019069189	0.0992683348854967	0.159002328790689	0.149423055446342	0.116371000450846	0.122823187623193	0.135318477994658	0.0795362239149227	0.132622091969754	0.11316342054547	0.135125989716039	0.198343694661084	0.187056561668007	0.148068957148451	0.217212963599313	0.0881702550686896	0.145329607547369	0.19074843400168	0.12780717991952	0.170907858851617
700023543	0.0872833198651156	0.151854227488378	0.159558060394339	0.138079218969498	0.110340081452267	0.164909456386693	0.0817848957358473	0.186469022216332	0	0.155764134691636	0.127651267518856	0.151923521202817	0.168424568974208	0.142100187673062	0.162831920755302	0.1025329275267	0.165817021539875	0.158547527128623	0.0907715353600424	0.115766410894837	0.107795432636593	0.110006766684673	0.117700104093665	0.103966021757832	0.114068134655771	0.107695625626285	0.166518387407288	0.132847394063867	0.166003299067038	0.162901654042047	0.154824935535571	0.103496850779345	0.120755347572334	0.150037605330142	0.121730932515609	0.123983935663281	0.142429382380975	0.173503438811602	0.0860456339995583	0.185233650903672	0.113225467042583	0.153250200158502	0.137972300351201	0.100446763333401	0.155052386561895	0.144608185335364	0.112613286794628	0.152564835673909	0.151280327602345	0.132567083918999	0.122371386046835	0.0920633407449192	0.112219194647806	0.124204180845734	0.109939793422015	0.158446907006035	0.126532769890301	0.0960184744042443	0.129165812754346	0.100998605626177
700023439	0.159516978523262	0.132131911457492	0.0992411335149135	0.168643824558469	0.142517234605502	0.0847448394806843	0.15603601849308	0.091476018775998	0.155764134691636	0	0.104910264871163	0.103890042763698	0.0950961296749787	0.12279634084874	0.0999363955363617	0.132080352247158	0.071337055240254	0.102246061768479	0.144014576509261	0.152906491935203	0.135688063190468	0.114307322285305	0.137801803723086	0.147212353728914	0.151271087972682	0.159109473718483	0.136652381159319	0.1392461851233	0.112822549011808	0.0939912830088136	0.0900655212466307	0.132808927393174	0.101877016185694	0.0734774946302452	0.164229485965743	0.109544462404522	0.117218285059771	0.0868719944477711	0.153792092708289	0.0832266657611519	0.131739988971755	0.0855599219814942	0.13938422048739	0.13622230978122	0.10412391755086	0.10177304384128	0.112077014764525	0.0809537325104789	0.0966082595210425	0.106700477383071	0.108430750311175	0.167847379852886	0.162727815930274	0.10654520618927	0.17875891962066	0.0901272644141459	0.122738756220935	0.156100933926007	0.102138144310922	0.147795075843248
700016978	0.123785417733627	0.139746063621975	0.0978331576188153	0.143878700277006	0.133300567473568	0.107689933971035	0.120015803446695	0.132722378006328	0.127651267518856	0.104910264871163	0	0.106334632864129	0.123149312077102	0.12511020619534	0.131914691741255	0.108650589579432	0.114563770993219	0.101159223788736	0.114024744738197	0.114449145011239	0.110728461732716	0.0776869396570706	0.131024796075073	0.116954587875151	0.103056421114678	0.153003647638244	0.151142318882129	0.130289664592121	0.135711375224087	0.114936028513051	0.0963166697496096	0.101696469450841	0.0846967354023363	0.0961779111714603	0.150963790749644	0.0960851101766335	0.118493785783158	0.121485725765552	0.119444339865092	0.137382604730513	0.116537505011394	0.100018830231566	0.108435999380068	0.107641637245414	0.108834131871865	0.119079588522795	0.11899623827008	0.100514890662793	0.100097786812367	0.0956385527254988	0.0856106765754732	0.139054804908235	0.13008336816648	0.0878752237156035	0.150085600928705	0.109319530021299	0.105065005800989	0.125762019220021	0.0998369248431112	0.123036923677079
700024192	0.159617026601294	0.166354153178068	0.0591192837498243	0.14582366046383	0.156138578593352	0.0868921477445625	0.130122374772923	0.111289923660402	0.151923521202817	0.103890042763698	0.106334632864129	0	0.0967721598999405	0.148112920443967	0.0765902876191793	0.108702970683325	0.109266098821362	0.114949704607912	0.138208727644818	0.130667034107848	0.129593054383426	0.0871699861771227	0.134836237668422	0.15086332350556	0.127573423243022	0.166927974792556	0.153380483986059	0.145368046008063	0.114806675514891	0.115592770640074	0.107741260107916	0.09569882027583	0.100688192986509	0.0932159499325242	0.167282515483827	0.102697483644186	0.134535193674224	0.0902723961740479	0.161710881674603	0.104261296055869	0.145654137642148	0.067319168055603	0.152006354391267	0.116299356435821	0.0987475749426124	0.119494806061049	0.138799604364939	0.0769446541333744	0.123165637169091	0.0694766435725548	0.0772191098532904	0.162910139860577	0.151705276899947	0.128314777817192	0.191083281523751	0.0960254769112013	0.113845674788059	0.144514080085008	0.086238648523515	0.127963637569769
700113058	0.167361276591815	0.142144742303682	0.0997663679087496	0.167279258282888	0.154761757527231	0.109665939282333	0.158742462640914	0.0970788674045078	0.168424568974208	0.0950961296749787	0.123149312077102	0.0967721598999405	0	0.141461199221477	0.0988520686999908	0.137011807327626	0.0987392342144103	0.136014550907764	0.159584730043775	0.147894329887759	0.146427275615811	0.119814972053453	0.150255920851255	0.159381839190451	0.155551642177034	0.164873863669797	0.13011360748336	0.119721040472065	0.108616619941616	0.0926841650807469	0.102998856665263	0.127068262630805	0.115656475931668	0.093120407026815	0.176591018324888	0.124486653652602	0.139802893661356	0.117577837844819	0.165073391464208	0.0960713287411351	0.146042503003255	0.0770953265669303	0.156613899946735	0.13375681491746	0.0803848133291468	0.107641900952307	0.14032767122879	0.0797900440940489	0.115051793383248	0.0968929656696352	0.12094300885765	0.173003220413321	0.170222566153014	0.145426853470267	0.200710932908305	0.0759949045202772	0.127124334153314	0.167440967875104	0.113331339774554	0.147873398650434
700099448	0.147216230621623	0.13528099030719	0.138274850714811	0.154576472043207	0.12757778383104	0.10232044057063	0.143224901650088	0.162080447990025	0.142100187673062	0.12279634084874	0.12511020619534	0.148112920443967	0.141461199221477	0	0.140518979229345	0.137419365693481	0.13693286697592	0.116010141029302	0.132732695019165	0.133275584492187	0.129742765761462	0.128413150166282	0.102344727803524	0.150268225586785	0.140380574509395	0.132505569745239	0.140137843398303	0.154330863210548	0.129783228055607	0.101771824761144	0.114885695544545	0.143102796078467	0.127998740287625	0.109484217209272	0.141626010598766	0.127439123216619	0.116156883219193	0.12338510420714	0.136518271285609	0.150985657144957	0.147020510854056	0.131853875795034	0.121251188417917	0.1505885824002	0.131509848686209	0.13237278960814	0.126617060113954	0.13281067882769	0.0788673779261853	0.126926678298907	0.121385688414492	0.130894558882446	0.147136453421537	0.12573443772237	0.151302179681874	0.140943643725418	0.121899823464551	0.132337130187451	0.110214244498302	0.1377543515132
700109870	0.164965915541569	0.14871525706394	0.0839970615238361	0.146199652583839	0.152447058031887	0.0909499414121999	0.146439165241328	0.104276557325009	0.162831920755302	0.0999363955363617	0.131914691741255	0.0765902876191793	0.0988520686999908	0.140518979229345	0	0.131614296092536	0.100657132356795	0.126987743051758	0.155619994166198	0.139704690109792	0.13237817115297	0.123592027792624	0.126888685988775	0.158017015507391	0.141001309839333	0.163319611786613	0.144557891324792	0.144523547038661	0.10119840158302	0.100165209594012	0.119961033765391	0.118320980098895	0.127624456960376	0.106613849962156	0.168385055106563	0.118571100418272	0.142391499250084	0.0815307968050084	0.168196505219869	0.0909644953740964	0.152073078862	0.0772848440818523	0.166223953761004	0.130381695412275	0.10141588317792	0.112714026328112	0.134172894402247	0.0893821264347047	0.116553549187681	0.0901936291086757	0.111097813666841	0.161757600905296	0.145400489251416	0.138419551663306	0.188510430718268	0.0962322366335379	0.112525651808399	0.152319878351793	0.0941126760109655	0.132864057059585
700033928	0.115880132183655	0.156739788618883	0.11640962961508	0.136879279616946	0.131101512644781	0.12353264386512	0.106408990507263	0.15973826678324	0.1025329275267	0.132080352247158	0.108650589579432	0.108702970683325	0.137011807327626	0.137419365693481	0.131614296092536	0	0.145684953064997	0.1311324572181	0.0992763702557849	0.117490050600482	0.111532803931831	0.0915454158531771	0.116238188153404	0.0984194887145455	0.108925012075614	0.137190113415397	0.144358183587009	0.116228883017558	0.144045490834992	0.135568029123703	0.120564653946887	0.105096501660185	0.100773789736538	0.119284508341527	0.13671770724382	0.120076230331018	0.117827230989521	0.139888792295171	0.117208484242632	0.154923517159179	0.0988193619453307	0.108357946071228	0.137952393970042	0.104899718923907	0.132323805784725	0.135418094311228	0.113704105167694	0.127138194140955	0.133764631234695	0.0972033533189338	0.0903837038395715	0.122958973816674	0.124495987400528	0.118911780460974	0.133321563726031	0.123814398905414	0.11963628390932	0.109683433397121	0.106712104081186	0.106124630780091
700023693	0.172636982826573	0.138392452983857	0.107089433996647	0.177960999593588	0.150421335735629	0.0966243804407854	0.161334037927531	0.0859012020377192	0.165817021539875	0.071337055240254	0.114563770993219	0.109266098821362	0.0987392342144103	0.13693286697592	0.100657132356795	0.145684953064997	0	0.115759951070448	0.160793475653574	0.160179590971956	0.144546343166602	0.121306268475171	0.147883899441764	0.166921958039007	0.162910467479705	0.17638797467474	0.147727549489823	0.144869880401404	0.114075928155354	0.104542894203913	0.0961796573021696	0.133784470627763	0.114442015502786	0.0982680770204649	0.175598344027438	0.118213909792356	0.138221433086893	0.106363040379798	0.159644413430995	0.0859145646830246	0.141852204731866	0.0885733088444935	0.1456774621608	0.145885741746112	0.0984902250606953	0.104616152895386	0.120210893743849	0.0820026422582303	0.108612555363546	0.111128846293364	0.119969573856393	0.179390046445904	0.17108760247002	0.123508790880442	0.19535893610736	0.0961645808312689	0.125237714789254	0.169360723708446	0.118867310028459	0.154386784676929
700109627	0.155760878115267	0.153697583883774	0.09430698192692	0.173815446980918	0.137880643982542	0.0749989509019516	0.160044674969561	0.144145399903298	0.158547527128623	0.102246061768479	0.101159223788736	0.114949704607912	0.136014550907764	0.116010141029302	0.126987743051758	0.1311324572181	0.115759951070448	0	0.142840955106423	0.152781452069982	0.146690997991382	0.113403339065927	0.139546616158296	0.150488156198893	0.144558758393305	0.172127304998657	0.134681305051734	0.153614896792837	0.1467024283828	0.108292678223789	0.0907413372783828	0.128622547141488	0.121595227398767	0.0935307055895396	0.162920881134506	0.128871139124697	0.104861002527563	0.0965399909841959	0.157006833607841	0.14024976150564	0.156660877503946	0.106966095430006	0.121519720007861	0.142612648969425	0.125119579205715	0.137781357839802	0.135346861923277	0.125570997333576	0.0865215187910724	0.114225277993405	0.107270682804722	0.173533423729125	0.159419921262573	0.11571846322857	0.17731978347339	0.132397313484939	0.135715744488755	0.15772570964915	0.118369243313212	0.153410275891779
700095416	0.0881450386476568	0.153504479578233	0.142646544598543	0.129014934681814	0.120532757418811	0.150024262158822	0.100611266267962	0.17659978337354	0.0907715353600424	0.144014576509261	0.114024744738197	0.138208727644818	0.159584730043775	0.132732695019165	0.155619994166198	0.0992763702557849	0.160793475653574	0.142840955106423	0	0.107878852472338	0.0943176373376105	0.107392237503258	0.106819029119919	0.0927313759651092	0.10765929614024	0.116219310837699	0.162562053812238	0.127906214205532	0.14841833919982	0.154699209530825	0.137979026254843	0.111397146829513	0.098079112706	0.142967976806288	0.125984944254796	0.115263613880834	0.112253556986223	0.157824464737935	0.10069136906408	0.174688153773424	0.0899233059749803	0.142535947668842	0.117494848999402	0.11480109558299	0.13710649951495	0.128924265845867	0.109647947771386	0.145650084031912	0.133068236385804	0.123154930942909	0.101390992838255	0.110620302433681	0.11663593931516	0.100632426698126	0.118703968261023	0.142747775036688	0.114001115473909	0.0974814866372517	0.12265199624017	0.113461835275256
700110425	0.0947532771884823	0.145531761394622	0.138244397799496	0.0871295034041144	0.126567339323258	0.14573442851877	0.073189153473638	0.173023801630056	0.115766410894837	0.152906491935203	0.114449145011239	0.130667034107848	0.147894329887759	0.133275584492187	0.139704690109792	0.117490050600482	0.160179590971956	0.152781452069982	0.107878852472338	0	0.0794046795472773	0.0967966305233607	0.0882727592708747	0.109729271209807	0.0616161753233753	0.138143872312372	0.175079803299853	0.132911763701675	0.132472274654238	0.137650982565674	0.148938897085191	0.1035496444976	0.110081727859248	0.140015831522892	0.129061474720379	0.0930438372613453	0.144272675250331	0.156136876915068	0.114441061234489	0.165896418008429	0.120313243196258	0.12979456030058	0.142642356536467	0.094206232742046	0.126262826665924	0.131429183716203	0.130872596362835	0.134387817623031	0.130474167455625	0.117446546093255	0.10885589044934	0.0827475487495762	0.0632963508763063	0.12096254483296	0.130266521928593	0.145815555316113	0.0798451100074577	0.0704547083150637	0.104066093806782	0.0771463799213471
700111580	0.0924246871829637	0.144433729859437	0.139724307528061	0.109075267555667	0.122444012236259	0.144455479593723	0.0814537111701149	0.165444163322224	0.107795432636593	0.135688063190468	0.110728461732716	0.129593054383426	0.146427275615811	0.129742765761462	0.13237817115297	0.111532803931831	0.144546343166602	0.146690997991382	0.0943176373376105	0.0794046795472773	0	0.0904935066590624	0.0989502883386444	0.100284577936044	0.0675897242490595	0.132876236608287	0.172410783140187	0.143923264240434	0.127087216369525	0.141697767079607	0.139375638911348	0.102274512671289	0.104981456841618	0.132647211932875	0.138387494792848	0.0944025828918446	0.142940776713459	0.145142576339483	0.118687071713319	0.152856775206881	0.110112758564277	0.120376609956751	0.143392829990519	0.100034292043241	0.11691961409185	0.115322881665592	0.120861859879816	0.125283792524266	0.118315788365273	0.11199515558671	0.105887405741699	0.0963407933688824	0.0961927414140554	0.100612556373236	0.12243098988121	0.134015710787035	0.0713611924445523	0.0723114215137285	0.0909963174881204	0.0849617088151798
700111302	0.116489432492681	0.129669833580386	0.0962656605834447	0.134597716474693	0.126183098555005	0.113773733816915	0.094479958181808	0.135808730259667	0.110006766684673	0.114307322285305	0.0776869396570706	0.0871699861771227	0.119814972053453	0.128413150166282	0.123592027792624	0.0915454158531771	0.121306268475171	0.113403339065927	0.107392237503258	0.0967966305233607	0.0904935066590624	0	0.122025774691806	0.113136301434782	0.0911320075379324	0.153382261661056	0.155944898018601	0.135819628354723	0.128192782983545	0.12394758503725	0.109617358151939	0.0721346968695888	0.0745425212617831	0.102794681549177	0.142640311589998	0.0793078268841995	0.12427485064471	0.127845332495131	0.123708072500727	0.135185732603663	0.122153010059584	0.0898871418756184	0.125505172277499	0.0935754426146991	0.107894171621935	0.122997925793482	0.115604602458728	0.0917932061068809	0.111608271038499	0.0737768704300115	0.0755654175157669	0.126968011979682	0.12615451567897	0.0995021638126528	0.149582028103005	0.11195073124355	0.095751627101112	0.111108365686307	0.0792219805691747	0.105014937895138
700098605	0.105287479471887	0.129954926385338	0.135539338033121	0.103967620486431	0.111524545664137	0.127106489088389	0.109854347357217	0.167957750142634	0.117700104093665	0.137801803723086	0.131024796075073	0.134836237668422	0.150255920851255	0.102344727803524	0.126888685988775	0.116238188153404	0.147883899441764	0.139546616158296	0.106819029119919	0.0882727592708747	0.0989502883386444	0.122025774691806	0	0.11842145237426	0.113926496546624	0.123917674665913	0.147879149964368	0.126189031872916	0.129266485784668	0.126001298852305	0.138291836408543	0.119524108954515	0.125407697357292	0.129865194285279	0.122197875721941	0.110865608880541	0.124204341955038	0.128078916197788	0.117414293532668	0.151106698638079	0.122534456432257	0.133037673071139	0.131836735432014	0.114918245915312	0.137445191218485	0.124399721921649	0.118025836110482	0.136573930915711	0.114066454726093	0.114104371339726	0.11154098333116	0.0993351081218287	0.0951752392434629	0.114046826176269	0.119961956018327	0.142042335746342	0.11279280465287	0.0965971174205217	0.11076346882278	0.0842187296965369
700111991	0.0711542400880887	0.154995935156999	0.143913039230497	0.115143902520163	0.130770346556408	0.159688921846373	0.106405808568176	0.175418882478252	0.103966021757832	0.147212353728914	0.116954587875151	0.15086332350556	0.159381839190451	0.150268225586785	0.158017015507391	0.0984194887145455	0.166921958039007	0.150488156198893	0.0927313759651092	0.109729271209807	0.100284577936044	0.113136301434782	0.11842145237426	0	0.104660280222999	0.113419581103459	0.156856624509973	0.128820218143308	0.147796598070633	0.167321489507964	0.151212668210707	0.136588239647243	0.114327614815653	0.145718889154534	0.112403614223424	0.116824491007216	0.139894166483636	0.164444224799315	0.108352914091748	0.173791427103583	0.0861111665609894	0.151563346468496	0.145345115849271	0.128158280395216	0.146790081559489	0.134596685916194	0.109697847305963	0.145892293887971	0.145537286607496	0.134576092466589	0.114053272120475	0.111719567411972	0.114239993989519	0.107793408306642	0.108746319519399	0.146822530460302	0.120283626871207	0.0971053797148303	0.129373250648451	0.118359365209982
700108960	0.0903893697768621	0.155242991942751	0.137009279818091	0.104651163761702	0.128032778446281	0.143209520463509	0.0711813760968606	0.178480916443076	0.114068134655771	0.151271087972682	0.103056421114678	0.127573423243022	0.155551642177034	0.140380574509395	0.141001309839333	0.108925012075614	0.162910467479705	0.144558758393305	0.10765929614024	0.0616161753233753	0.0675897242490595	0.0911320075379324	0.113926496546624	0.104660280222999	0	0.147785319847874	0.18708910531553	0.147025090467071	0.139129524257616	0.146828272655582	0.147526171797962	0.094383636813386	0.111773949154218	0.139385773195697	0.138827700682588	0.0974509331267732	0.14534109652529	0.152349378569177	0.114796919827973	0.169576767973539	0.123878382607999	0.124751538277052	0.149728748527926	0.0927611418710682	0.131800895116624	0.142694298424792	0.140842097706051	0.138327105839724	0.131651666793887	0.109826782819738	0.104151508808288	0.0906447318194319	0.0820471382254306	0.112873594073684	0.12006429197997	0.148315246533029	0.0825305927165104	0.067237253258102	0.100613621187462	0.080533113144992
700024452	0.12274274276243	0.14974042271376	0.167333277340444	0.123219205389686	0.10347989533298	0.167788457043707	0.124993798664682	0.186354554888565	0.107695625626285	0.159109473718483	0.153003647638244	0.166927974792556	0.164873863669797	0.132505569745239	0.163319611786613	0.137190113415397	0.17638797467474	0.172127304998657	0.116219310837699	0.138143872312372	0.132876236608287	0.153382261661056	0.123917674665913	0.113419581103459	0.147785319847874	0	0.16594343684966	0.126461085747811	0.122445353475628	0.155112106991168	0.169574421840562	0.155201759047336	0.13554312869123	0.14922838171308	0.0795051830688273	0.138481252495455	0.148410483921396	0.167746323772944	0.101201062109678	0.173280244250662	0.118714514818542	0.167515821095689	0.140781629144112	0.141382783769947	0.156531717100132	0.123996822225897	0.115283776558218	0.169201146025815	0.149516497768028	0.157282818763626	0.140593537988793	0.102916937855252	0.118621237833266	0.142453266573355	0.117544549723858	0.165429532644236	0.129307114965142	0.126924948591152	0.134600477550349	0.139837424750558
700032931	0.16928093269017	0.13246718058209	0.139267779898726	0.188901292363828	0.154940240238482	0.132437525744595	0.192961305631397	0.143466151162162	0.166518387407288	0.136652381159319	0.151142318882129	0.153380483986059	0.13011360748336	0.140137843398303	0.144557891324792	0.144358183587009	0.147727549489823	0.134681305051734	0.162562053812238	0.175079803299853	0.172410783140187	0.155944898018601	0.147879149964368	0.156856624509973	0.18708910531553	0.16594343684966	0	0.133427613235081	0.14675876808993	0.13476866419964	0.125551344031902	0.171554776023583	0.155550279731029	0.128597398447272	0.163371649162215	0.160571541822193	0.142268324286027	0.147498116167105	0.169940432108436	0.148382979675128	0.14744469917761	0.144351331246336	0.148530474910911	0.167729081786974	0.135393943665825	0.138622343252967	0.126504789086305	0.136642141328893	0.124472460242335	0.147445879838688	0.144272094286786	0.191069232280526	0.170206619388995	0.14247905074274	0.17771383734358	0.136607825812865	0.166717308966205	0.187279198483868	0.148115721391486	0.176280820475164
700095837	0.133439580195346	0.140796728091368	0.14191189437552	0.150421899425595	0.135385738661998	0.153050159460898	0.146623894907154	0.151990877966764	0.132847394063867	0.1392461851233	0.130289664592121	0.145368046008063	0.119721040472065	0.154330863210548	0.144523547038661	0.116228883017558	0.144869880401404	0.153614896792837	0.127906214205532	0.132911763701675	0.143923264240434	0.135819628354723	0.126189031872916	0.128820218143308	0.147025090467071	0.126461085747811	0.133427613235081	0	0.116948320235275	0.127648483289115	0.13990255516992	0.142528591856022	0.118512168897368	0.128730582424196	0.13983727232847	0.140889428018758	0.127218241558164	0.166789844373976	0.12733609559544	0.149669689976779	0.119378555578525	0.130062891004714	0.141065398070737	0.125369353492609	0.120410369166351	0.115107020058792	0.115365760993226	0.135244071163113	0.142081586254388	0.134244683732452	0.124189612416983	0.144796625654683	0.138511998569526	0.138559056769081	0.151962735632573	0.125613383052934	0.136210549859899	0.147472660148694	0.135045301278396	0.142197794366353
700024548	0.154930191054037	0.128843617555636	0.118736749323292	0.13162934772738	0.123553325219008	0.11808956853267	0.142310317438804	0.130056859642409	0.166003299067038	0.112822549011808	0.135711375224087	0.114806675514891	0.108616619941616	0.129783228055607	0.10119840158302	0.144045490834992	0.114075928155354	0.1467024283828	0.14841833919982	0.132472274654238	0.127087216369525	0.128192782983545	0.129266485784668	0.147796598070633	0.139129524257616	0.122445353475628	0.14675876808993	0.116948320235275	0	0.110890447237797	0.132032968895021	0.144543495541146	0.121003562401319	0.108863549002643	0.131398730772333	0.119022424186452	0.141800247951969	0.122494205384678	0.150574366408559	0.106476629141185	0.137005263171058	0.101429783442546	0.152999825446748	0.15014398063114	0.0967589205879341	0.0914540627879934	0.123183923015402	0.111743713750457	0.115631955779182	0.121127788173478	0.117015604366897	0.149403009031374	0.129116886516171	0.126275251739954	0.162253421958594	0.119466995916696	0.108798882472095	0.143114941738735	0.107498186616149	0.14906894717467
700110161	0.163765081724633	0.136394997941815	0.109878079135535	0.16243729358533	0.139793239147618	0.0940565299123233	0.156878528271977	0.121264860938745	0.162901654042047	0.0939912830088136	0.114936028513051	0.115592770640074	0.0926841650807469	0.101771824761144	0.100165209594012	0.135568029123703	0.104542894203913	0.108292678223789	0.154699209530825	0.137650982565674	0.141697767079607	0.12394758503725	0.126001298852305	0.167321489507964	0.146828272655582	0.155112106991168	0.13476866419964	0.127648483289115	0.110890447237797	0	0.0920234077870826	0.133721982742212	0.124044913517656	0.0793298479627029	0.169778295366612	0.128906427917497	0.123223020791986	0.0977369908104443	0.16258047398426	0.105371420186433	0.153740278043343	0.0853618682126287	0.136320375024616	0.133466613337737	0.102581286539798	0.118836528897839	0.134422085424761	0.0981299860930318	0.082483466707717	0.104520922464115	0.123460640745965	0.161731323360213	0.154574337407349	0.124703009865261	0.181352980234227	0.10542314271816	0.114143583946659	0.153919893341573	0.105888510832346	0.142178631114606
700023496	0.159154130431813	0.136311250709856	0.0977549266472689	0.173331413661469	0.138603980045713	0.0827349358300334	0.150673507614591	0.11596833160272	0.154824935535571	0.0900655212466307	0.0963166697496096	0.107741260107916	0.102998856665263	0.114885695544545	0.119961033765391	0.120564653946887	0.0961796573021696	0.0907413372783828	0.137979026254843	0.148938897085191	0.139375638911348	0.109617358151939	0.138291836408543	0.151212668210707	0.147526171797962	0.169574421840562	0.125551344031902	0.13990255516992	0.132032968895021	0.0920234077870826	0	0.120851107634243	0.0974050943400945	0.0767399247501755	0.168104451375047	0.116487397533794	0.115540640623713	0.104260058452821	0.156859572293312	0.122276215868184	0.138229399518382	0.0886341958863359	0.105965990343147	0.129434526146833	0.0957584809110137	0.107728004347099	0.120829054929109	0.0907404182402842	0.0883413348001662	0.0975148719342613	0.100543844675184	0.170272730852495	0.164207758819567	0.109705403046012	0.19080820672934	0.0909329560163709	0.127915976037521	0.157038735855597	0.123567639886006	0.14794696306073
700034628	0.125363002050887	0.144385198576704	0.106844753977981	0.143268090795182	0.134928152850297	0.122838080253498	0.0777262472216619	0.153444884110414	0.103496850779345	0.132808927393174	0.101696469450841	0.09569882027583	0.127068262630805	0.143102796078467	0.118320980098895	0.105096501660185	0.133784470627763	0.128622547141488	0.111397146829513	0.1035496444976	0.102274512671289	0.0721346968695888	0.119524108954515	0.136588239647243	0.094383636813386	0.155201759047336	0.171554776023583	0.142528591856022	0.144543495541146	0.133721982742212	0.120851107634243	0	0.0999744820745631	0.11827068065184	0.153570820794724	0.0767739476724738	0.136722992237231	0.127052734730531	0.125483976900626	0.147418451602186	0.137807768510788	0.101072686386811	0.13663957795365	0.0804731042714908	0.124525621369948	0.13677738346661	0.135651460450045	0.107905636162959	0.13348652328619	0.0736086567122578	0.0972203594440468	0.114263292542838	0.122765378680494	0.125458738310477	0.165332089482454	0.118256818507787	0.115388009639812	0.104231029971003	0.0913222437397122	0.080476832647393
700023645	0.118864539520217	0.133670648662343	0.110921905218304	0.136443814551071	0.128821323270827	0.116500142616505	0.108901599716119	0.126602989447988	0.120755347572334	0.101877016185694	0.0846967354023363	0.100688192986509	0.115656475931668	0.127998740287625	0.127624456960376	0.100773789736538	0.114442015502786	0.121595227398767	0.098079112706	0.110081727859248	0.104981456841618	0.0745425212617831	0.125407697357292	0.114327614815653	0.111773949154218	0.13554312869123	0.155550279731029	0.118512168897368	0.121003562401319	0.124044913517656	0.0974050943400945	0.0999744820745631	0	0.0964242153266498	0.136834189893347	0.0841806419773526	0.115039755133153	0.129281007389439	0.123771294052089	0.127981763781034	0.116620389898579	0.0975359136439749	0.113014868105902	0.0998647210464175	0.0967628078347663	0.106606626429229	0.104554892959473	0.096638114877695	0.112440326735883	0.0954792312181899	0.0774174337538415	0.12633210999856	0.131990635912422	0.106742404295528	0.15290400796501	0.0962803795752555	0.0921904333387744	0.120037277060869	0.0899570406569834	0.119753676634331
700038744	0.153226308458277	0.130909895055203	0.0926694892168884	0.158935504939765	0.137696084355008	0.0737335211785567	0.144297763203852	0.110587658050533	0.150037605330142	0.0734774946302452	0.0961779111714603	0.0932159499325242	0.093120407026815	0.109484217209272	0.106613849962156	0.119284508341527	0.0982680770204649	0.0935307055895396	0.142967976806288	0.140015831522892	0.132647211932875	0.102794681549177	0.129865194285279	0.145718889154534	0.139385773195697	0.14922838171308	0.128597398447272	0.128730582424196	0.108863549002643	0.0793298479627029	0.0767399247501755	0.11827068065184	0.0964242153266498	0	0.160663431792023	0.106801612597804	0.103507546942582	0.0825940609977365	0.153424644296593	0.0996878189476527	0.134403102154482	0.0817913315736271	0.119413743748341	0.122134715664575	0.0964850265679772	0.0971760366332639	0.126952217297025	0.0813970556821915	0.0784974970650074	0.0933675614605529	0.100388174008777	0.166768885528697	0.159513786686973	0.109816772545847	0.182404770125378	0.0917041830567366	0.118778810308065	0.149989394589939	0.0919697479474619	0.1442900175087
700038485	0.128621202512348	0.149562813588476	0.157884740451989	0.118042620601594	0.105968209673612	0.166039530928307	0.118626050402389	0.189367693020256	0.121730932515609	0.164229485965743	0.150963790749644	0.167282515483827	0.176591018324888	0.141626010598766	0.168385055106563	0.13671770724382	0.175598344027438	0.162920881134506	0.125984944254796	0.129061474720379	0.138387494792848	0.142640311589998	0.122197875721941	0.112403614223424	0.138827700682588	0.0795051830688273	0.163371649162215	0.13983727232847	0.131398730772333	0.169778295366612	0.168104451375047	0.153570820794724	0.136834189893347	0.160663431792023	0	0.12707401547899	0.151457870375036	0.16510473720336	0.109031035828463	0.179987063139961	0.119790735988865	0.169710153238559	0.145005057061076	0.141901503421584	0.164514648353028	0.134178241439738	0.12385223838668	0.167386232227391	0.157487248325866	0.152958604381318	0.135104392408376	0.104614645881931	0.109042530956606	0.139332383570431	0.115724943530891	0.174069639655844	0.140085614758949	0.122723359263787	0.1420232494135	0.136849946752249
700024743	0.122099133749354	0.13301382454706	0.101517707136055	0.12509520815376	0.130799320178526	0.115503900272291	0.0869474871951941	0.135522965892209	0.123983935663281	0.109544462404522	0.0960851101766335	0.102697483644186	0.124486653652602	0.127439123216619	0.118571100418272	0.120076230331018	0.118213909792356	0.128871139124697	0.115263613880834	0.0930438372613453	0.0944025828918446	0.0793078268841995	0.110865608880541	0.116824491007216	0.0974509331267732	0.138481252495455	0.160571541822193	0.140889428018758	0.119022424186452	0.128906427917497	0.116487397533794	0.0767739476724738	0.0841806419773526	0.106801612597804	0.12707401547899	0	0.134115435786931	0.12058842844859	0.120501177833764	0.12986466474754	0.122442198868535	0.109139774986852	0.132853542998819	0.0910745538990162	0.110134065067447	0.111044865315645	0.117329733021336	0.0972284592349318	0.118225884231366	0.0978074750610593	0.0887799833712071	0.115625651798389	0.111559630614134	0.105800437039744	0.142796169233273	0.117975843156821	0.0982308951136405	0.0989756639417271	0.079095870633685	0.0929658330550799
