700108602	700014971	700033565	700109389	700023058	700023927	700106341	700114221	700023543	700023439	700016978	700024192	700113058	700099448	700109870	700033928	700023693	700109627	700095416	700110425	700111580	700111302	700098605	700111991	700108960	700024452	700032931	700095837	700024548	700110161	700023496	700034628	700023645	700038744	700038485	700024743	700099596	700110760	700101587	700106399	700032322	700095653	700021312	700101230	700023590	700038905	700033136	700023382	700096424	700105469	700016908	700096053	700108479	700109569	700033814	700016125	700109756	700102665	700101777	700109455
700108602	0	0.252808824467493	0.311230231976913	0.214563013464246	0.175130456393814	0.283861466208414	0.0809271899442696	0.307340854098228	0.110980480250802	0.281990554338738	0.205742083981726	0.337723235002355	0.298454111328887	0.222222516307653	0.31667972352881	0.197177886162909	0.288067166016219	0.274699372066616	0.145423558922083	0.106574997595236	0.154352913400687	0.240502433640723	0.142366199539144	0.0750317006010959	0.155606230215417	0.21336181476947	0.243875178401562	0.307522763536564	0.320529295484609	0.298259591479796	0.25065968613746	0.255676638320795	0.205035295881773	0.265779690341893	0.16934382341353	0.160141419153588	0.227045451952012	0.294283664290756	0.0966501783645457	0.369079416568332	0.132862846584916	0.315324286024553	0.186400382022598	0.193530537959038	0.270861102661487	0.22295805750755	0.193011578211225	0.286913349298052	0.227328601202158	0.294422041541224	0.273235555585391	0.0868846845882273	0.133373196068566	0.1265666722807	0.142706033541383	0.282776904520867	0.146411807526386	0.10607619708093	0.299048794381566	0.118054418998933
700014971	0.252808824467493	0	0.297436019764324	0.351205738977279	0.150838608224924	0.245013369778534	0.251545245656101	0.17614589524519	0.237887446610026	0.191316835515899	0.232125259054981	0.34107858540238	0.217153584167722	0.172694196689508	0.270029602124728	0.279460055504948	0.171595536216754	0.270920279811237	0.242160831168806	0.25669748466189	0.265393623364959	0.279476817274992	0.233447430440943	0.259098099849541	0.318266223275956	0.185085277387032	0.141015517912107	0.183794824369102	0.143620202314684	0.180427164091049	0.198389549772034	0.285345112743364	0.210332435311876	0.201904549916632	0.189532934240375	0.200990493034495	0.257642550876816	0.256859728745352	0.218015803685477	0.221918285183665	0.19627868450353	0.222835187079117	0.185070199895302	0.24895475601113	0.177767984189813	0.190581287535434	0.141246500426277	0.2391499932856	0.206899143497621	0.294461827461428	0.313904286006424	0.236669059463458	0.268452625604764	0.188909751085888	0.325243502227059	0.237489416928913	0.243700121004113	0.263274622680908	0.294837107742464	0.248427061721944
700033565	0.311230231976913	0.297436019764324	0	0.434383282711502	0.270147884044246	0.0994854572406106	0.296150862706175	0.188246622152138	0.279823122466794	0.149173289673919	0.137803303250132	0.088877814360659	0.153932041155857	0.201624354319626	0.16733001996337	0.150363739647985	0.193947768916357	0.125918588889626	0.237088813311935	0.287821846146016	0.250195882906975	0.125816017344721	0.325933828742184	0.290023636911311	0.25932963587282	0.344347632212421	0.238692587067838	0.366295834544992	0.309424522366832	0.194776173193993	0.16797892668762	0.163606735581848	0.149459169889669	0.123037030974606	0.346450596115457	0.209720030936702	0.230143610919367	0.145196329464372	0.323229097698458	0.252646597843721	0.237170982068372	0.113119628599707	0.238180279550444	0.202563681991951	0.19953992567999	0.231841166057726	0.231712488343439	0.143753359553039	0.152017794410976	0.0785122878341361	0.123057711460299	0.319481938075813	0.364446031825167	0.242660096919408	0.404568765952262	0.1054582390878	0.237770717783883	0.285476992233054	0.0794023434405164	0.281097750869206
700109389	0.214563013464246	0.351205738977279	0.434383282711502	0	0.315352551314985	0.424572916698663	0.20644449263378	0.410531311637774	0.289344902073171	0.40206132213904	0.352530798948463	0.454148447201062	0.413124268380569	0.365922773216234	0.430100285215105	0.341067072145551	0.41216667802189	0.41979577196875	0.324405124641749	0.202554687099805	0.296073349437728	0.383217897965458	0.218610899895272	0.260470281718781	0.287500337561221	0.293032760020069	0.363914291423972	0.404538319249781	0.390023939107589	0.411600684451634	0.394943527400855	0.396476042291423	0.339147347192176	0.395148937268517	0.25154172583611	0.301534975082181	0.383524246286532	0.430518345728374	0.228712988346399	0.419198425612359	0.282973787755329	0.422124303176482	0.334513451785869	0.335891841683744	0.379669516524803	0.345617741184732	0.343055096138626	0.407756893743147	0.376779006048298	0.421628585623622	0.40361355230718	0.203944761025933	0.140489556941795	0.290757239045459	0.201628034829226	0.404078532246249	0.258440366928008	0.241305454787075	0.417484850652218	0.257743316940146
700023058	0.175130456393814	0.150838608224924	0.270147884044246	0.315352551314985	0	0.219626540330058	0.190075966980148	0.208807488976356	0.15458380451821	0.202600091185333	0.187237276462005	0.311287409673318	0.230467101442656	0.143309353759819	0.266591942813952	0.212564274493614	0.191370301015522	0.218418792267522	0.162755654867613	0.191963875218168	0.221089775006435	0.236940381732563	0.208107279038097	0.165599143904649	0.26061039146951	0.147823880878286	0.141598972730705	0.249994892096753	0.231529045251836	0.205267507423672	0.175093271597946	0.250265997112719	0.171920248793774	0.196557117136409	0.147968544736229	0.161892507187738	0.180537852128624	0.214836354426895	0.14385125277237	0.27919587693898	0.145495911282342	0.238873972715108	0.113990389542371	0.199423316380291	0.197631627662712	0.169958903829949	0.114847361469434	0.238270268839984	0.164801000165324	0.270698844316372	0.274704522064746	0.16974543912203	0.215238323376821	0.141185630594733	0.2532932584881	0.229074391265251	0.205201963558763	0.19619977998693	0.271731221260479	0.18444262078388
700023927	0.283861466208414	0.245013369778534	0.0994854572406106	0.424572916698663	0.219626540330058	0	0.282756828561405	0.142112208817659	0.250401927558272	0.096754303178434	0.162314855253874	0.166590632559001	0.107258503596359	0.132352371871344	0.145217077561736	0.192363541119451	0.129218358061045	0.104427125407474	0.213525139963798	0.273053953104144	0.230327157319009	0.186691556917558	0.289001296853358	0.264174452509688	0.274531863263881	0.301171846500229	0.189244348696213	0.34239556912032	0.271005731195715	0.147200889927834	0.0884146355062458	0.179428860525242	0.152926468635617	0.0772727980501019	0.314390491244037	0.192493038770702	0.187920374457093	0.0753756981287587	0.298031469027708	0.207357013394657	0.199296607302082	0.0920991495401312	0.188133253535782	0.192879161119758	0.159339675151286	0.178674119125484	0.181865101008115	0.109458370344808	0.08527362539483	0.138382310382662	0.196157392979061	0.302725306877962	0.347895885893462	0.208262082738696	0.379619620826375	0.0802755069781979	0.215053318396726	0.262606524712061	0.134864516638129	0.262935138231735
700106341	0.0809271899442696	0.251545245656101	0.296150862706175	0.20644449263378	0.190075966980148	0.282756828561405	0	0.292224388691325	0.128901625767407	0.264932695563482	0.197435274571331	0.311550298734455	0.273581844922955	0.23041491267495	0.306956697630309	0.185845096732564	0.282820161211917	0.293175675160957	0.14799687850557	0.0980239756313707	0.131971999458368	0.219309179819015	0.149328494793282	0.114735624807737	0.133117331509743	0.238455961567214	0.26996407355078	0.338605746079601	0.311679780282134	0.295811813799076	0.248871550420889	0.216968156021627	0.197801986426863	0.257915279064411	0.196294354112516	0.141178693358554	0.244578937563535	0.293466263154093	0.127430197768492	0.351528817098068	0.135122941057088	0.284297004674092	0.179225258360229	0.17519358833951	0.244387635772579	0.244457623678261	0.196769586169774	0.263425034598688	0.230793906481877	0.270140207157361	0.269768611066171	0.079398306571587	0.135407857987214	0.127276118786339	0.184701814075133	0.262827764123554	0.132386531367435	0.0877121195005817	0.279674467266192	0.0828295835394334
700114221	0.307340854098228	0.17614589524519	0.188246622152138	0.410531311637774	0.208807488976356	0.142112208817659	0.292224388691325	0	0.283541294538972	0.0897998222882374	0.232204995382444	0.243882969386154	0.0932572359079064	0.154542673961711	0.141796713180927	0.262357579664614	0.0638878869356293	0.219151300723348	0.260682535040374	0.294818466085711	0.276082077363256	0.261812220258939	0.31401650477252	0.305252747814432	0.348168336785812	0.278163373237842	0.152975453339418	0.272611085961489	0.186347125737553	0.102188634332752	0.155706168401305	0.253538269842285	0.204425947671633	0.135931404477783	0.287709683829618	0.220373444952464	0.254095657896457	0.132743717681948	0.28382444414015	0.118263040762818	0.209117297498331	0.100564348364148	0.225033794077294	0.252237575807943	0.107984665988907	0.172665266546024	0.157898779588649	0.132762834887761	0.177393271497692	0.218473804743816	0.279588427830374	0.291048658407631	0.332281264870865	0.224978315142235	0.40664083826849	0.13727955020811	0.229829574294388	0.312852273750317	0.21525583524713	0.285037655423106
700023543	0.110980480250802	0.237887446610026	0.279823122466794	0.289344902073171	0.15458380451821	0.250401927558272	0.128901625767407	0.283541294538972	0	0.240204796205036	0.168661970851606	0.305892162807922	0.261709706982212	0.19917709256585	0.297233583150212	0.160893154236072	0.261357995824563	0.247224840967138	0.105339419760137	0.152400030538078	0.161462478268943	0.196637170251311	0.186087262779667	0.102978191457496	0.162760700472874	0.226917030744473	0.222815937446395	0.300104689187584	0.321436989250352	0.271017077922492	0.212231947228495	0.194702986706745	0.17710128683832	0.228708653059254	0.173176314401119	0.131273425072887	0.196713862694601	0.264882403238937	0.113633205581241	0.349282189328855	0.126094246014626	0.277429324486269	0.151261654928484	0.122444002382669	0.244350096290316	0.222611074439681	0.159206294622848	0.246621059233756	0.206036315184358	0.25872608015835	0.256997296205872	0.125182496285725	0.177875966355173	0.121544478460217	0.195106275861859	0.241351625872353	0.186294382667186	0.108378883773562	0.269105368731038	0.103783975852301
700023439	0.281990554338738	0.191316835515899	0.149173289673919	0.40206132213904	0.202600091185333	0.096754303178434	0.264932695563482	0.0897998222882374	0.240204796205036	0	0.187704549096254	0.212006920841946	0.0635098189800017	0.113869045416486	0.153298841317122	0.216088286862412	0.0772087593224965	0.15056920962293	0.217167135825024	0.253480528086907	0.244548293195675	0.21578137697948	0.295202413667219	0.262717037422529	0.303888951666177	0.280465018480467	0.150921726610392	0.287764745955881	0.222910389321034	0.110682542354022	0.104933462357522	0.211696214181741	0.157303990944826	0.081918366350445	0.28861752596402	0.182808730682289	0.197596495237758	0.1103121003805	0.271574264030649	0.162369814246618	0.182299928490198	0.0959605659637704	0.191014582944862	0.211388728107124	0.115430308927832	0.169858043638406	0.154391985619294	0.111947718397055	0.114780977813837	0.173519833108681	0.231155417861045	0.268408384870754	0.317777847648487	0.199709491092178	0.381793699945998	0.0945752456217278	0.209828400614211	0.258355770024962	0.178392808848903	0.254085063490381
700016978	0.205742083981726	0.232125259054981	0.137803303250132	0.352530798948463	0.187237276462005	0.162314855253874	0.197435274571331	0.232204995382444	0.168661970851606	0.187704549096254	0	0.166641544885812	0.211792418310628	0.182184954610594	0.250065095177882	0.0759949274506059	0.215471015160178	0.12713723328823	0.135615671639995	0.190437306652111	0.149503229618374	0.071579620559936	0.239049575400549	0.182990326789862	0.151829668567039	0.281001854142873	0.222663898977415	0.317711847445041	0.299450209102042	0.233436038113591	0.148856181133718	0.124115421178757	0.0619299938316843	0.138105181827251	0.263027468323024	0.137583242753018	0.172245673080618	0.209935796099833	0.213262496062738	0.300976502156791	0.145644199412468	0.172909034939238	0.146383047745018	0.125751499578355	0.189041436376811	0.206109613175627	0.163573180218862	0.183264196421262	0.136608928028593	0.124604396733824	0.120102971662532	0.214191283429526	0.260615492108675	0.138208389649058	0.30663869273369	0.148293684969304	0.171937758809716	0.180762622261926	0.136780731898697	0.184589953283159
700024192	0.337723235002355	0.34107858540238	0.088877814360659	0.454148447201062	0.311287409673318	0.166590632559001	0.311550298734455	0.243882969386154	0.305892162807922	0.212006920841946	0.166641544885812	0	0.211497835479359	0.256626738111902	0.215224413200177	0.172425888607415	0.241582528330124	0.172004267065659	0.248611478586631	0.316091986356808	0.241765481046432	0.132973092715616	0.342889935736875	0.321705485439257	0.259653654314784	0.370479713064247	0.303654224017665	0.410695522555252	0.344218688177231	0.267160156140315	0.204259463269493	0.16165469749508	0.186337217478157	0.178248181378169	0.379840058076695	0.25207529721758	0.267812437482273	0.203623157713543	0.354349955118817	0.293508538367873	0.257551332424887	0.168925100914088	0.27717953162162	0.229688639393801	0.218436481936546	0.255855581958517	0.261693236806564	0.17291609961005	0.200447867526324	0.0847636124205046	0.108245209070321	0.345275586114832	0.383256899651624	0.258439522291022	0.436548127928555	0.158263189740343	0.243905538077447	0.308902504781695	0.0996471142836851	0.300796256609425
700113058	0.298454111328887	0.217153584167722	0.153932041155857	0.413124268380569	0.230467101442656	0.107258503596359	0.273581844922955	0.0932572359079064	0.261709706982212	0.0635098189800017	0.211792418310628	0.211497835479359	0	0.140341068648558	0.13182655716697	0.239131457867565	0.100877870079187	0.182841054708594	0.243819327004903	0.269030308156845	0.261817078181005	0.233267965938286	0.314318843544523	0.288356906485196	0.321178380807266	0.306675499898786	0.176393890058971	0.307056777234512	0.233879554509351	0.128138427588594	0.13136172992738	0.222787419160153	0.184143897303177	0.108272351123988	0.319116967515271	0.205090643949123	0.23330643634957	0.120131619142777	0.290359106284739	0.156823342614278	0.195859174577065	0.0911161763625993	0.225072240075768	0.228439793097188	0.124937452308309	0.186735982880573	0.181125491969391	0.107764012067319	0.149274023038634	0.181163003590864	0.247948085489516	0.286800121023134	0.330465574997446	0.222246500216849	0.405404952166875	0.0937512887215717	0.214401316581713	0.291381266051685	0.17897974872599	0.261642923652973
700099448	0.222222516307653	0.172694196689508	0.201624354319626	0.365922773216234	0.143309353759819	0.132352371871344	0.23041491267495	0.154542673961711	0.19917709256585	0.113869045416486	0.182184954610594	0.256626738111902	0.140341068648558	0	0.199517768951395	0.20900629629846	0.122338852135081	0.165000712132145	0.172330484127098	0.219423604956075	0.216140071789082	0.221872649968489	0.237609131501286	0.199348424103054	0.273382279529416	0.203967712451709	0.111634610356512	0.273046837928081	0.207674726327964	0.143042958648852	0.105790527444203	0.224118540451261	0.152048041311167	0.10632101287161	0.225624757546104	0.165849553724553	0.155708839272466	0.134432695070486	0.219749625247212	0.224744159858924	0.154819682817358	0.1598325502469	0.13197765137215	0.203434271285366	0.131617113305217	0.138421446359801	0.113664964877058	0.156755077853978	0.0925966910038636	0.206893539210225	0.229788908509176	0.225554235662707	0.280738167564364	0.163300467504845	0.306156858271258	0.15524665561866	0.179862619876666	0.226571401179676	0.20434620484801	0.216294080940546
700109870	0.31667972352881	0.270029602124728	0.16733001996337	0.430100285215105	0.266591942813952	0.145217077561736	0.306956697630309	0.141796713180927	0.297233583150212	0.153298841317122	0.250065095177882	0.215224413200177	0.13182655716697	0.199517768951395	0	0.275046469399525	0.150238647372472	0.236855643096439	0.275370874494607	0.31440229503082	0.279409045523387	0.26703030951047	0.326083950690171	0.317312840994829	0.351079600131717	0.332783269869899	0.231268999618848	0.356458620839978	0.265481662946193	0.158622303308177	0.193564392543123	0.247482795495182	0.239880859417923	0.174678545145445	0.348232871637295	0.244036550881061	0.271389123708382	0.118864986131419	0.324887260760482	0.191018714834067	0.239223951030472	0.142680509704291	0.274983660280045	0.264147033746123	0.178381788962676	0.199333265123857	0.221808866170568	0.13384420268344	0.193644256414257	0.200555205212062	0.272763277119644	0.327260914098353	0.358975609286729	0.244641518389299	0.413554612579	0.149728471476933	0.237569751469321	0.328616662962876	0.193024467038556	0.291452418943856
700033928	0.197177886162909	0.279460055504948	0.150363739647985	0.341067072145551	0.212564274493614	0.192363541119451	0.185845096732564	0.262357579664614	0.160893154236072	0.216088286862412	0.0759949274506059	0.172425888607415	0.239131457867565	0.20900629629846	0.275046469399525	0	0.252945197327156	0.151922744427708	0.13292706781908	0.200327883860095	0.1471120239627	0.0782653794077153	0.246491753941552	0.172084717682825	0.153745980687179	0.28513343668545	0.260501032610058	0.339980644520191	0.327018026986289	0.262008386779256	0.185122866530635	0.130364456415544	0.0929912265150917	0.173684233695344	0.274154631343011	0.173758489920455	0.20522063141696	0.237035475370212	0.216406474787644	0.328528010758818	0.146697760182629	0.201070583177777	0.171838381615431	0.154089673933806	0.21031807557004	0.224381883138615	0.18971780608843	0.21427248261455	0.173555126955322	0.130028017223982	0.118241198202155	0.204699501090458	0.258503996733362	0.175046309036112	0.299891989200934	0.174193582337283	0.194961666586673	0.163830426966816	0.137840702997865	0.174169817911286
700023693	0.288067166016219	0.171595536216754	0.193947768916357	0.41216667802189	0.191370301015522	0.129218358061045	0.282820161211917	0.0638878869356293	0.261357995824563	0.0772087593224965	0.215471015160178	0.241582528330124	0.100877870079187	0.122338852135081	0.150238647372472	0.252945197327156	0	0.18974750592005	0.237383927550721	0.279729492429726	0.250015861746652	0.254477456076803	0.293427099113016	0.281270237949425	0.333148370566327	0.269538706983763	0.139255206981404	0.281524230556841	0.189720115231639	0.115756770613771	0.119201671291042	0.247568381516428	0.193594666842304	0.119067245963782	0.276543226945928	0.208008112525671	0.224386392852853	0.13445314077839	0.266312170679951	0.143542837281029	0.187960020533553	0.122960723867905	0.195235920347609	0.238365705926829	0.112280375816941	0.148111606887917	0.135670872295422	0.125038676738152	0.141782079954921	0.216008444482756	0.270530031974192	0.282624161720117	0.324750033442358	0.20247711458703	0.391724749907061	0.13624172340476	0.212921947601257	0.291749786480678	0.222264017588943	0.272453709718069
700109627	0.274699372066616	0.270920279811237	0.125918588889626	0.41979577196875	0.218418792267522	0.104427125407474	0.293175675160957	0.219151300723348	0.247224840967138	0.15056920962293	0.12713723328823	0.172004267065659	0.182841054708594	0.165000712132145	0.236855643096439	0.151922744427708	0.18974750592005	0	0.223305195262022	0.264655650998488	0.253376636820963	0.154516967588111	0.310939021636738	0.245142008084973	0.25098960505626	0.319876594982034	0.215458235206018	0.336170191219718	0.324423844382202	0.208200956163341	0.103597291729148	0.200395079397277	0.134252517006121	0.120021681662684	0.313697205159278	0.211071183674175	0.17167557709508	0.152340459748992	0.290972681656673	0.286506277081052	0.218676188884069	0.162504426170534	0.186025869237782	0.200977528823519	0.212195345488537	0.220636071456458	0.202215938585127	0.181716133193951	0.118561958131214	0.156573404344785	0.156186609727191	0.296603289486681	0.347402390274134	0.230402017272821	0.360978364782041	0.141564618981759	0.249667810734936	0.262570822432875	0.163592512530518	0.281296747565968
700095416	0.145423558922083	0.242160831168806	0.237088813311935	0.324405124641749	0.162755654867613	0.213525139963798	0.14799687850557	0.260682535040374	0.105339419760137	0.217167135825024	0.135615671639995	0.248611478586631	0.243819327004903	0.172330484127098	0.275370874494607	0.13292706781908	0.237383927550721	0.223305195262022	0	0.177440602005886	0.122091450462128	0.15914473762798	0.172501653265531	0.115175561658911	0.15960941146805	0.232728951737097	0.220681941219468	0.318235889709785	0.298301453247432	0.258392511671344	0.171943596241167	0.158453034320018	0.152709845528635	0.20884232696939	0.203644751288471	0.137891338102023	0.177585150941871	0.228612173758025	0.162645694729879	0.328112920039978	0.104603512800417	0.250853683946645	0.12853936309848	0.148786317594295	0.215730849636029	0.18869095954123	0.137935634120282	0.222909965382855	0.159086916349348	0.215888415396284	0.208757287756246	0.172116158064007	0.224133985779761	0.101336989033331	0.226813504042564	0.216848668877334	0.15694792229673	0.143017715448112	0.221006761134536	0.134042312936739
700110425	0.106574997595236	0.25669748466189	0.287821846146016	0.202554687099805	0.191963875218168	0.273053953104144	0.0980239756313707	0.294818466085711	0.152400030538078	0.253480528086907	0.190437306652111	0.316091986356808	0.269030308156845	0.219423604956075	0.31440229503082	0.200327883860095	0.279729492429726	0.264655650998488	0.177440602005886	0	0.1459105757116	0.228023326218678	0.160703512693417	0.131795145123027	0.129759932552608	0.263371359470394	0.259075792659598	0.319407426000244	0.313772875847888	0.286383048318044	0.230781375050067	0.244240618664316	0.172087063174735	0.237073187047681	0.210419592310684	0.137413015874187	0.232185738818436	0.284583524873896	0.140404598623396	0.353792515170695	0.146526060109215	0.272111631574497	0.164792682901708	0.158649305492177	0.23387640152742	0.242589518994573	0.189606257121125	0.256942068003885	0.219326551396374	0.276660658441424	0.260878419499102	0.0920126751312028	0.106773115643826	0.144015352377799	0.199679674743272	0.253277800797993	0.116283135470452	0.113627147620065	0.281681355095324	0.120251075277384
700111580	0.154352913400687	0.265393623364959	0.250195882906975	0.296073349437728	0.221089775006435	0.230327157319009	0.131971999458368	0.276082077363256	0.161462478268943	0.244548293195675	0.149503229618374	0.241765481046432	0.261817078181005	0.216140071789082	0.279409045523387	0.1471120239627	0.250015861746652	0.253376636820963	0.122091450462128	0.1459105757116	0	0.163208177265416	0.171238868509956	0.142040340607934	0.112226275118906	0.281922610494612	0.282595108867686	0.371583852886421	0.28694320860899	0.292159630101962	0.194998966155666	0.167154421146615	0.1564980500978	0.221272868561045	0.250939427096768	0.140423556089559	0.236983278765254	0.250268583888386	0.182130364343867	0.322528099938563	0.123600659436663	0.249286223065195	0.171575431825565	0.146405797044833	0.198896048100668	0.20013758899387	0.182334367424732	0.206629292752752	0.181315869954923	0.205654356971817	0.213251208957703	0.159526403745219	0.214674627498121	0.10988475587605	0.249924007636969	0.223385053394204	0.106023007067459	0.116354664475567	0.206538904725936	0.128527238944974
700111302	0.240502433640723	0.279476817274992	0.125816017344721	0.383217897965458	0.236940381732563	0.186691556917558	0.219309179819015	0.261812220258939	0.196637170251311	0.21578137697948	0.071579620559936	0.132973092715616	0.233267965938286	0.221872649968489	0.26703030951047	0.0782653794077153	0.254477456076803	0.154516967588111	0.15914473762798	0.228023326218678	0.163208177265416	0	0.261995514050608	0.217497323045863	0.150376980640885	0.323891984911439	0.268097424657288	0.359005291928673	0.344211951687033	0.263882628462776	0.186592590342544	0.0903973228191451	0.107491743527612	0.165952199952541	0.305546144967117	0.177730770154536	0.213077864551931	0.23363978721376	0.253089820313487	0.320706452495458	0.191566045608614	0.191936595307634	0.195982002684437	0.156871815710881	0.219513628125366	0.249085030750023	0.20805642538921	0.198572108746825	0.177870090031165	0.083631350644295	0.106600753919945	0.241397118060661	0.29583751713006	0.179788568344365	0.337933796441917	0.16340596126781	0.209509674618458	0.206478472919799	0.107385959890085	0.203425335469718
700098605	0.142366199539144	0.233447430440943	0.325933828742184	0.218610899895272	0.208107279038097	0.289001296853358	0.149328494793282	0.31401650477252	0.186087262779667	0.295202413667219	0.239049575400549	0.342889935736875	0.314318843544523	0.237609131501286	0.326083950690171	0.246491753941552	0.293427099113016	0.310939021636738	0.172501653265531	0.160703512693417	0.171238868509956	0.261995514050608	0	0.15493296643532	0.192571093224824	0.239794329973718	0.24811482275291	0.337278880323361	0.314168055796161	0.315778082606251	0.258583962779643	0.261022135181022	0.248127071682429	0.285527980015769	0.204232068611509	0.183173523646681	0.2596886035638	0.30147141426098	0.157950471005539	0.352585848425897	0.172985012368853	0.333081034304504	0.21475816073882	0.228915261243235	0.295193584729564	0.218698476643578	0.218172360582496	0.299273364752634	0.240118011334633	0.297904655735107	0.300874379100112	0.171267812199227	0.136981969079671	0.151501415739694	0.15587458874233	0.296921248061865	0.169166465783768	0.184912058312031	0.300416470946001	0.138470754400678
700111991	0.0750317006010959	0.259098099849541	0.290023636911311	0.260470281718781	0.165599143904649	0.264174452509688	0.114735624807737	0.305252747814432	0.102978191457496	0.262717037422529	0.182990326789862	0.321705485439257	0.288356906485196	0.199348424103054	0.317312840994829	0.172084717682825	0.281270237949425	0.245142008084973	0.115175561658911	0.131795145123027	0.142040340607934	0.217497323045863	0.15493296643532	0	0.155554245225992	0.213602925917251	0.230179560365964	0.31324088456764	0.319267615229298	0.294407304689066	0.2287721109468	0.233899522316659	0.188895973104938	0.253695478476451	0.172022937394503	0.140574115240202	0.196925702764522	0.268200191088397	0.11253738022898	0.370711499934449	0.12354481148174	0.304195056843965	0.160593446691086	0.174662330654552	0.261815589813558	0.219618550363312	0.178186320935365	0.274718490205758	0.204686262566985	0.277816789991535	0.254727028918792	0.110546215992009	0.172001105126988	0.119404359016194	0.14916030564559	0.269511581199442	0.155431689654849	0.11762085381517	0.280457294658258	0.122075610626761
700108960	0.155606230215417	0.318266223275956	0.25932963587282	0.287500337561221	0.26061039146951	0.274531863263881	0.133117331509743	0.348168336785812	0.162760700472874	0.303888951666177	0.151829668567039	0.259653654314784	0.321178380807266	0.273382279529416	0.351079600131717	0.153745980687179	0.333148370566327	0.25098960505626	0.15960941146805	0.129759932552608	0.112226275118906	0.150376980640885	0.192571093224824	0.155554245225992	0	0.329818111451685	0.321706553470759	0.392632719825857	0.367135902041926	0.340459078623929	0.265014927985432	0.153444479154135	0.171192453540611	0.255597427191535	0.266403136248052	0.154291012235021	0.26712234982741	0.317455518666785	0.187288590460496	0.403740694068313	0.189893828570364	0.280559938066978	0.209077066576248	0.135561309170319	0.285295129772545	0.296099051263866	0.253648161250424	0.291234707507248	0.238587803531565	0.213714403644385	0.211213896423028	0.159729994003947	0.186636494432023	0.162844943371037	0.211273540667067	0.260272995305604	0.167000070142859	0.113753052741206	0.221745560840252	0.118792876066801
700024452	0.21336181476947	0.185085277387032	0.344347632212421	0.293032760020069	0.147823880878286	0.301171846500229	0.238455961567214	0.278163373237842	0.226917030744473	0.280465018480467	0.281001854142873	0.370479713064247	0.306675499898786	0.203967712451709	0.332783269869899	0.28513343668545	0.269538706983763	0.319876594982034	0.232728951737097	0.263371359470394	0.281922610494612	0.323891984911439	0.239794329973718	0.213602925917251	0.329818111451685	0	0.189658178923208	0.254999585750562	0.219893981195474	0.267569186838215	0.271659880078294	0.318403101898297	0.252224339349645	0.274477619968746	0.0939075022466056	0.240676464740485	0.270306137934778	0.293712051714793	0.187928459232387	0.303450912646033	0.199106921148426	0.311794972393923	0.21235500884747	0.278684724914111	0.261659908775618	0.200021428157213	0.184150848411519	0.309668477579841	0.249329337981553	0.334091859726007	0.342823441886394	0.213922188703209	0.24672624323711	0.214126136295014	0.235327894802905	0.303282122579938	0.253296096878235	0.251251929956375	0.32901458154424	0.252068827372305
700032931	0.243875178401562	0.141015517912107	0.238692587067838	0.363914291423972	0.141598972730705	0.189244348696213	0.26996407355078	0.152975453339418	0.222815937446395	0.150921726610392	0.222663898977415	0.303654224017665	0.176393890058971	0.111634610356512	0.231268999618848	0.260501032610058	0.139255206981404	0.215458235206018	0.220681941219468	0.259075792659598	0.282595108867686	0.268097424657288	0.24811482275291	0.230179560365964	0.321706553470759	0.189658178923208	0	0.216831664392165	0.193436069033216	0.161508245707905	0.167275666440323	0.27402884372374	0.194640920125955	0.155216192345251	0.193251701184978	0.20218073166822	0.187979367995844	0.187346399000662	0.21767534091448	0.208843283959442	0.198812962827564	0.191529133666393	0.167751681457502	0.236868581273279	0.172423711919214	0.162480436453045	0.133941600160167	0.199356890139898	0.161869797842246	0.252291666366128	0.28668933609626	0.254093863697228	0.275968205825588	0.20789395357122	0.307346357990545	0.191327074905258	0.246484996487806	0.269284276319157	0.255040559074416	0.267490172195231
700095837	0.307522763536564	0.183794824369102	0.366295834544992	0.404538319249781	0.249994892096753	0.34239556912032	0.338605746079601	0.272611085961489	0.300104689187584	0.287764745955881	0.317711847445041	0.410695522555252	0.307056777234512	0.273046837928081	0.356458620839978	0.339980644520191	0.281524230556841	0.336170191219718	0.318235889709785	0.319407426000244	0.371583852886421	0.359005291928673	0.337278880323361	0.31324088456764	0.392632719825857	0.254999585750562	0.216831664392165	0	0.158428365831921	0.231609331969844	0.30020541049378	0.386636090303922	0.295811220066643	0.288186249546972	0.25842037486973	0.30436722218742	0.310189232831315	0.34671627680176	0.273131588646189	0.320463553264826	0.280461928303078	0.307475908825851	0.283901954817728	0.330070059103392	0.265835341013177	0.287330354841754	0.241705003110137	0.330098234127364	0.308778639517449	0.378094906046434	0.371445702379458	0.30358000129381	0.330620226216181	0.306595064477992	0.379932222576322	0.326760063369844	0.347940513152474	0.341023521956803	0.37878085272695	0.343106790053108
700024548	0.320529295484609	0.143620202314684	0.309424522366832	0.390023939107589	0.231529045251836	0.271005731195715	0.311679780282134	0.186347125737553	0.321436989250352	0.222910389321034	0.299450209102042	0.344218688177231	0.233879554509351	0.207674726327964	0.265481662946193	0.327018026986289	0.189720115231639	0.324423844382202	0.298301453247432	0.313772875847888	0.28694320860899	0.344211951687033	0.314168055796161	0.319267615229298	0.367135902041926	0.219893981195474	0.193436069033216	0.158428365831921	0	0.186487655073044	0.249191622148601	0.337860722314562	0.262502931683359	0.236341874060969	0.243298222075052	0.253900386592828	0.318235848549397	0.267709919420572	0.288614057130384	0.207497826589884	0.238314033514472	0.236267926852827	0.255644919151099	0.312884249384992	0.158826333273653	0.173050025505067	0.20764433816446	0.231434673323443	0.246480938874027	0.324325094267589	0.341903256392226	0.302074406035118	0.324555769747707	0.24636767866103	0.382758220241364	0.265957142465473	0.260787595543958	0.327343314116608	0.312683570641214	0.311723068021555
700110161	0.298259591479796	0.180427164091049	0.194776173193993	0.411600684451634	0.205267507423672	0.147200889927834	0.295811813799076	0.102188634332752	0.271017077922492	0.110682542354022	0.233436038113591	0.267160156140315	0.128138427588594	0.143042958648852	0.158622303308177	0.262008386779256	0.115756770613771	0.208200956163341	0.258392511671344	0.286383048318044	0.292159630101962	0.263882628462776	0.315778082606251	0.294407304689066	0.340459078623929	0.267569186838215	0.161508245707905	0.231609331969844	0.186487655073044	0	0.163350070165769	0.260355622927299	0.211534906468316	0.128885879397365	0.275932247254791	0.227255534218288	0.23499237259832	0.135481882873318	0.2813550141244	0.174158182792161	0.225013036902378	0.124754710246193	0.215851643093144	0.251098732795344	0.144398798970885	0.200626503580859	0.178041941807649	0.167422731895123	0.159151442676068	0.22859691097408	0.278410439844666	0.284331913723957	0.337653980527123	0.232530172425064	0.398944779044606	0.156935423078705	0.242917854559802	0.299327836301646	0.222677735087865	0.287169227710423
700023496	0.25065968613746	0.198389549772034	0.16797892668762	0.394943527400855	0.175093271597946	0.0884146355062458	0.248871550420889	0.155706168401305	0.212231947228495	0.104933462357522	0.148856181133718	0.204259463269493	0.13136172992738	0.105790527444203	0.193564392543123	0.185122866530635	0.119201671291042	0.103597291729148	0.171943596241167	0.230781375050067	0.194998966155666	0.186592590342544	0.258583962779643	0.2287721109468	0.265014927985432	0.271659880078294	0.167275666440323	0.30020541049378	0.249191622148601	0.163350070165769	0	0.203553381228433	0.133035696220407	0.0875810493675473	0.27819229284862	0.174400172935555	0.149774375266488	0.116142848289424	0.252822129991102	0.223662748549101	0.154712904385637	0.139522329707517	0.130648679842251	0.192285969998239	0.136308246904474	0.155686950678385	0.128441565110795	0.120798275262461	0.0709755940723091	0.184025707049494	0.20429258622348	0.25884539791377	0.308395117867017	0.170911264638806	0.352924976537421	0.12046362450354	0.191472420444325	0.23589813464924	0.191666910811782	0.230776457878213
700034628	0.255676638320795	0.285345112743364	0.163606735581848	0.396476042291423	0.250265997112719	0.179428860525242	0.216968156021627	0.253538269842285	0.194702986706745	0.211696214181741	0.124115421178757	0.16165469749508	0.222787419160153	0.224118540451261	0.247482795495182	0.130364456415544	0.247568381516428	0.200395079397277	0.158453034320018	0.244240618664316	0.167154421146615	0.0903973228191451	0.261022135181022	0.233899522316659	0.153444479154135	0.318403101898297	0.27402884372374	0.386636090303922	0.337860722314562	0.260355622927299	0.203553381228433	0	0.139958730686951	0.166889381791061	0.3008226456809	0.156351984706039	0.242734028275564	0.219555782775688	0.268935759383241	0.310634719707966	0.203179434486033	0.177275013882376	0.217555180345345	0.130882452570449	0.217421801071615	0.246567559626266	0.217053692194073	0.183684115296366	0.179610858036239	0.109395920441061	0.172011290425946	0.250313018785918	0.29853358083487	0.186712163975634	0.339031915671768	0.151044917248203	0.201414827680993	0.191575054873089	0.13181172028265	0.182451927551287
700023645	0.205035295881773	0.210332435311876	0.149459169889669	0.339147347192176	0.171920248793774	0.152926468635617	0.197801986426863	0.204425947671633	0.17710128683832	0.157303990944826	0.0619299938316843	0.186337217478157	0.184143897303177	0.152048041311167	0.239880859417923	0.0929912265150917	0.193594666842304	0.134252517006121	0.152709845528635	0.172087063174735	0.1564980500978	0.107491743527612	0.248127071682429	0.188895973104938	0.171192453540611	0.252224339349645	0.194640920125955	0.295811220066643	0.262502931683359	0.211534906468316	0.133035696220407	0.139958730686951	0	0.114253855501568	0.239304514481833	0.124505909292848	0.177593520245909	0.199510868179384	0.206826239927042	0.273489808789677	0.127710033384767	0.148356014605354	0.130161612676157	0.128336616535023	0.150835606007538	0.169836190128296	0.13667972514302	0.16118382218769	0.126715602361177	0.136993661934477	0.139688816334963	0.200229501534105	0.25127292325309	0.146016702534911	0.31468709522516	0.119486346710753	0.161858183637828	0.174009883115609	0.14944067743097	0.192364606546406
700038744	0.265779690341893	0.201904549916632	0.123037030974606	0.395148937268517	0.196557117136409	0.0772727980501019	0.257915279064411	0.135931404477783	0.228708653059254	0.081918366350445	0.138105181827251	0.178248181378169	0.108272351123988	0.10632101287161	0.174678545145445	0.173684233695344	0.119067245963782	0.120021681662684	0.20884232696939	0.237073187047681	0.221272868561045	0.165952199952541	0.285527980015769	0.253695478476451	0.255597427191535	0.274477619968746	0.155216192345251	0.288186249546972	0.236341874060969	0.128885879397365	0.0875810493675473	0.166889381791061	0.114253855501568	0	0.284059544809911	0.168232775821871	0.180057914106727	0.118055288314955	0.259700095266057	0.201980400161221	0.182375614845365	0.089687981145437	0.168996364882178	0.175350449168681	0.125727292654526	0.169265977105949	0.154606198054364	0.105689596062744	0.0952235978782526	0.136030855817443	0.187057450167356	0.268046330506421	0.314746368581394	0.193444515036833	0.368865344474354	0.0830164460641912	0.204224448978863	0.237459671836002	0.148675103050678	0.246545577677801
700038485	0.16934382341353	0.189532934240375	0.346450596115457	0.25154172583611	0.147968544736229	0.314390491244037	0.196294354112516	0.287709683829618	0.173176314401119	0.28861752596402	0.263027468323024	0.379840058076695	0.319116967515271	0.225624757546104	0.348232871637295	0.274154631343011	0.276543226945928	0.313697205159278	0.203644751288471	0.210419592310684	0.250939427096768	0.305546144967117	0.204232068611509	0.172022937394503	0.266403136248052	0.0939075022466056	0.193251701184978	0.25842037486973	0.243298222075052	0.275932247254791	0.27819229284862	0.3008226456809	0.239304514481833	0.284059544809911	0	0.185879426970329	0.270645701586627	0.318347701378248	0.122680640937649	0.319405708976577	0.195607180502882	0.322661375167019	0.20460713217849	0.223765631469485	0.274354049380859	0.213465039067842	0.188299853623938	0.320327353618766	0.254997707898626	0.341507693013654	0.333896313748006	0.156704478611618	0.176548115944832	0.179306149795157	0.193920605244566	0.311749516317574	0.22955676500538	0.191137939519892	0.340546638901915	0.206329767420801
700024743	0.160141419153588	0.200990493034495	0.209720030936702	0.301534975082181	0.161892507187738	0.192493038770702	0.141178693358554	0.220373444952464	0.131273425072887	0.182808730682289	0.137583242753018	0.25207529721758	0.205090643949123	0.165849553724553	0.244036550881061	0.173758489920455	0.208008112525671	0.211071183674175	0.137891338102023	0.137413015874187	0.140423556089559	0.177730770154536	0.183173523646681	0.140574115240202	0.154291012235021	0.240676464740485	0.20218073166822	0.30436722218742	0.253900386592828	0.227255534218288	0.174400172935555	0.156351984706039	0.124505909292848	0.168232775821871	0.185879426970329	0	0.195050468611797	0.209860437638951	0.157958921238746	0.287469479910964	0.129288040115366	0.213949823172063	0.143475154939401	0.0943248063948505	0.17887772229051	0.18827959224075	0.158784779961397	0.182943313644531	0.149900880400846	0.212705925975741	0.221318487234502	0.156766038602875	0.199273954434669	0.100472013875178	0.239266366626265	0.18285201095987	0.127203981842357	0.121384236243998	0.218274344617253	0.107615350601043
