700108602	700014971	700033565	700109389	700023058	700023927	700106341	700114221	700023543	700023439	700016978	700024192	700113058	700099448	700109870	700033928	700023693	700109627	700095416	700110425	700111580	700111302	700098605	700111991	700108960	700024452	700032931	700095837	700024548	700110161	700023496	700034628	700023645	700038744	700038485	700024743	700099596	700110760	700101587	700106399	700032322	700095653	700021312	700101230	700023590	700038905	700033136	700023382	700096424	700105469	700016908	700096053	700108479	700109569	700033814	700016125	700109756	700102665	700101777	700109455
700108602	0	0.150319980972431	0.158708258773812	0.113264420362562	0.131646231546212	0.16801511179196	0.0818667845496861	0.184799415348258	0.0879903827354554	0.158177114859895	0.116386869950302	0.160842835296347	0.164729560706193	0.15331177245062	0.164843198557204	0.104424352782882	0.17204158708084	0.1619381433002	0.0859234369192071	0.0993290272651157	0.0908207544740319	0.104479959702525	0.107585943635968	0.0843655956140298	0.0933884547737042	0.11256125206708	0.154504291560524	0.130851083643831	0.145966114468567	0.161889693462414	0.157170367097465	0.12144493589675	0.112180854943818	0.15376680136907	0.125680616470144	0.114389881931203	0.130489658716426	0.174668312730906	0.0898179226611033	0.183733389829999	0.0959614964613121	0.157295953123206	0.144047804076179	0.118925808911773	0.140419284087683	0.125241486009268	0.126059978505294	0.15021087511389	0.146372000145057	0.13644357081435	0.124522716507657	0.0931980454396197	0.0971841387188189	0.104758634637138	0.0932664099171455	0.154346023782424	0.109155506642041	0.0872644159639555	0.13912358165003	0.105285963253848
700014971	0.150319980972431	0	0.131030359770197	0.151193807703501	0.122691118446865	0.13756461890319	0.14839097397197	0.121614598136315	0.156599999350089	0.127418135819423	0.118211486596745	0.149594702744212	0.135227289638539	0.127493297650272	0.135978456791613	0.13652749506288	0.115742245815115	0.150703830933432	0.148108675105384	0.13606768996373	0.13527050838094	0.125302165149444	0.12528837629629	0.144201494952766	0.146191848714178	0.152739521072547	0.11344491162055	0.126326558650611	0.10452876829722	0.12501567803436	0.128004679348495	0.136711627116807	0.106932891793942	0.124792379183877	0.140366415053626	0.11850799241859	0.142541356035269	0.149771501144372	0.13451658726665	0.127922573634588	0.131148340878945	0.129134075183828	0.125773729592251	0.133918966841393	0.111599216415655	0.106221401682671	0.0957185249957813	0.123543630428141	0.118564394055588	0.124919558032942	0.126514094889607	0.144764956125726	0.133535264809428	0.118344531981888	0.163292443217056	0.112903232752276	0.132732849252926	0.143616284430248	0.122074312324966	0.145796140077576
700033565	0.158708258773812	0.131030359770197	0	0.148328749376158	0.144325316332291	0.0682318283877805	0.138211858480765	0.114749699460065	0.157910019555158	0.0977449204501533	0.104852851651376	0.0578129957092255	0.102237993400483	0.126182139634455	0.0824395546526342	0.118502119565284	0.100534064706808	0.0895488258079912	0.148974877715764	0.135203943137322	0.13408716004756	0.093624348094953	0.131900151124457	0.147246895574396	0.129816917726132	0.164331038423988	0.136142333574943	0.140600134757374	0.111192036770331	0.105972978074362	0.0931350964635528	0.0994925100391076	0.106685506395541	0.0784868736552831	0.150461761372677	0.0973927283187253	0.137763245284941	0.082113867823259	0.153361587590845	0.111705514065754	0.132538108082018	0.0852093982503385	0.139169417482906	0.123641527130685	0.0943012475898678	0.117568723223554	0.140097557646659	0.0780631532921043	0.117726643151512	0.0775509275842537	0.0720645723948953	0.160858912335077	0.147102888047533	0.116000190466954	0.181883235785375	0.0955053166197266	0.126293517636445	0.14638500537163	0.0803223494477672	0.134511956839632
700109389	0.113264420362562	0.151193807703501	0.148328749376158	0	0.149648427915056	0.167662083180313	0.0867777622790872	0.186778655752761	0.145358908306333	0.171118759366144	0.148126299346488	0.148322853785924	0.171383271570858	0.15587185104998	0.146870020421279	0.135140438438626	0.179095719259698	0.184840850103536	0.145189580794811	0.100515610524274	0.109771368568135	0.139398932213533	0.109127819286409	0.119763811816433	0.108243387780549	0.121726228282203	0.177588288154846	0.15349581936109	0.137402049796367	0.158283918733604	0.177916164310596	0.139936943102555	0.129180817882577	0.159633450983981	0.116520356019749	0.112177280610909	0.177691074103629	0.163411893522025	0.127541918055732	0.16715599896594	0.127961364323373	0.160186419550715	0.161598782915905	0.141712802582774	0.150763928574706	0.133742927561355	0.148193744415911	0.159971278887118	0.161361106895214	0.137890383379326	0.115004632952016	0.0994837276084276	0.0750392742195364	0.133285037612995	0.118867905579644	0.162817911363404	0.106876943209982	0.0864295455893977	0.120183358029941	0.112503271401661
700023058	0.131646231546212	0.122691118446865	0.144325316332291	0.149648427915056	0	0.143476241639556	0.128099491384354	0.15903321274328	0.119237537674374	0.150674322917322	0.129308820282219	0.153230745097989	0.150218666406784	0.123942854292377	0.141225433568338	0.12607445901398	0.161842631649546	0.14989194989386	0.124285352324798	0.13029971041755	0.133675106860895	0.133116649274466	0.122543363782388	0.137310528469752	0.144080880864469	0.112322569360009	0.148106868380947	0.13384574993694	0.114778634874854	0.136340403241796	0.144161372246519	0.145548214488678	0.118048686713473	0.134549607965341	0.115580980247159	0.137326552506229	0.128626946395875	0.1441990386988	0.111113246504515	0.161563381568968	0.131382567630167	0.143048826401377	0.129738918333861	0.133632719443857	0.127871765032996	0.12132043139668	0.111086442276767	0.138025173903434	0.123858368900652	0.138924745031403	0.136893968199131	0.121514583909408	0.117526930491698	0.117854695818431	0.132587397703805	0.145126244303172	0.130982222293013	0.136482956838425	0.136697541931513	0.131450428944106
700023927	0.16801511179196	0.13756461890319	0.0682318283877805	0.167662083180313	0.143476241639556	0	0.155769727960913	0.113007740179867	0.168615468187987	0.0824472180295122	0.113635996941743	0.0920424712599073	0.105210531897547	0.102408999904595	0.0896675203381663	0.140278217597009	0.0992137608932357	0.0783247352270107	0.156762291433684	0.148858047535828	0.141198047958351	0.115348342005068	0.130027627301946	0.159931617124124	0.142539409953701	0.167159715448027	0.129001170407202	0.159569781130265	0.113375818895445	0.0977228142594457	0.0746763992464704	0.127841324290836	0.119901263093336	0.0747091674597913	0.153380299153968	0.116989186345208	0.127391454191769	0.0609385766547978	0.166267007505503	0.109206722862213	0.144769371737216	0.0959068265858746	0.127793264284631	0.136099267286458	0.101312047150076	0.117865366051402	0.142969902477926	0.0800631963443214	0.081760834183164	0.0995845291225914	0.107334993269746	0.171256373404114	0.161569441053039	0.116206772351202	0.183318406285639	0.101168300754558	0.130339082067432	0.158573017772667	0.0970557014015805	0.146154212944548
700106341	0.0818667845496861	0.14839097397197	0.138211858480765	0.0867777622790872	0.128099491384354	0.155769727960913	0	0.183077161175051	0.0958830489586746	0.164060130514972	0.118476398251624	0.134000810157984	0.156709076245464	0.149834729266378	0.140305524900099	0.107904765753272	0.171110434208363	0.165451285973138	0.112657588072644	0.0740525854138388	0.0833660400069863	0.106789874049814	0.107945060275774	0.104085869924106	0.0694045994671486	0.127034058678281	0.173849960440374	0.155596726216184	0.141661080866316	0.153765176683172	0.156566729105778	0.0894602943504468	0.102445395482101	0.146415604726472	0.123524728086604	0.0860178295347927	0.156355401571037	0.160541587076032	0.0890315656253922	0.169322390507569	0.118913967385719	0.149184906827856	0.139706006102946	0.0987052171430588	0.130256531687637	0.126651591576492	0.134947403993323	0.136338322581619	0.145939404016868	0.115645669752188	0.111124399443084	0.0703274709991061	0.0750561876892921	0.109873287066828	0.116431345300533	0.156592795382689	0.0919219897812511	0.0619789356298635	0.111125303283022	0.0718247530165889
700114221	0.184799415348258	0.121614598136315	0.114749699460065	0.186778655752761	0.15903321274328	0.113007740179867	0.183077161175051	0	0.181651314900804	0.0977028690743229	0.142557328472477	0.126751792752089	0.100572049525754	0.154731354159588	0.108199188691736	0.155974237128767	0.0760576447934741	0.131937207622289	0.170833387787094	0.167851526088187	0.164233927623865	0.142318629198317	0.165548589021484	0.178218643157163	0.17888825751472	0.186551510404783	0.133296799897345	0.15115079272509	0.120297568585936	0.118332086937404	0.115314600375945	0.149778863137292	0.130731563755947	0.122137048897587	0.178486870280399	0.135786901304048	0.150877471820232	0.110467252329213	0.170160115238434	0.0891469581048421	0.150196384334673	0.0972343415467835	0.151056678181263	0.147129827493168	0.105374576274056	0.117980843398943	0.139862745889555	0.0956963103906297	0.136407989983052	0.120028438842437	0.137731782576211	0.191757349888103	0.18037296663054	0.148167926114737	0.208214745276712	0.101575090822834	0.153875391492769	0.186000551043975	0.13020179566236	0.17118919096654
700023543	0.0879903827354554	0.156599999350089	0.157910019555158	0.145358908306333	0.119237537674374	0.168615468187987	0.0958830489586746	0.181651314900804	0	0.15840199750371	0.121533642969601	0.154487464245315	0.160749753435081	0.14785104238145	0.154007714020577	0.110271672209617	0.172184741037535	0.169251883699387	0.0987931052205237	0.118314734402682	0.107383084211818	0.111489389571533	0.11746117490913	0.110093136854192	0.115406632734146	0.10715901301108	0.153662192258521	0.136338739470308	0.157996138413473	0.157151920404418	0.15215027802981	0.106841476915533	0.111933193821978	0.155695539947952	0.11239272781512	0.118510580710812	0.131586330391382	0.172445128467436	0.086205977351059	0.181267153883183	0.128078368036746	0.154302131821378	0.145602572730231	0.0932896099639186	0.150273308077297	0.126235603780866	0.116748436195267	0.149108022042695	0.157821378507679	0.13092566126837	0.137871895311247	0.0857551716261936	0.117081798527557	0.126624262420487	0.110775440297483	0.149604980370335	0.133503606773901	0.101262850961727	0.13692633407308	0.0998744719923204
700023439	0.158177114859895	0.127418135819423	0.0977449204501533	0.171118759366144	0.150674322917322	0.0824472180295122	0.164060130514972	0.0977028690743229	0.15840199750371	0	0.118900478526996	0.116024392621073	0.0938710636026032	0.122642169503819	0.101657138081927	0.136653094748695	0.0879863451570965	0.105922400420538	0.152157549453694	0.15093585627562	0.136184839111301	0.113437166714379	0.138702858594137	0.159984740788436	0.157004951280533	0.163564736304004	0.13802522466085	0.140962293484401	0.115473700792163	0.0952455525177705	0.0906403905726971	0.137000319245816	0.108084617076789	0.0820281296412413	0.151472307459518	0.12157116906241	0.127566285488028	0.0930128153436382	0.160224955703793	0.0933109804660462	0.139798354602556	0.100266500919844	0.141786914149296	0.138036496591657	0.100270860347675	0.104968313528437	0.13477286770331	0.0875973863790008	0.106767339660549	0.109004445801368	0.117981316155973	0.170680630146031	0.165082671973049	0.114085644714246	0.183407479491955	0.086547608548485	0.129608573727061	0.160226575819203	0.111824343127068	0.146976327793996
700016978	0.116386869950302	0.118211486596745	0.104852851651376	0.148126299346488	0.129308820282219	0.113635996941743	0.118476398251624	0.142557328472477	0.121533642969601	0.118900478526996	0	0.115356311803368	0.122128718398807	0.12557916830275	0.129288809648966	0.101732232878569	0.116895979729887	0.10828476715899	0.120025970416659	0.109577285415086	0.109719828823488	0.0788117734380296	0.124297773054189	0.124802983766104	0.107455744869035	0.150945445198848	0.131260481542912	0.130970924146085	0.131102509967509	0.11802073822497	0.0982798312361204	0.109044918878982	0.0836765713920323	0.10109236798287	0.147759499477073	0.091899578640293	0.116125641622851	0.129945966289257	0.103339135541295	0.140009126701	0.112169483271961	0.113182959476893	0.118311191924712	0.104102987060187	0.107889903643541	0.108963327130403	0.125303782784702	0.101827516415164	0.10316669344555	0.102671794623166	0.0990732871776371	0.135666172648971	0.125750183685424	0.0858127698029593	0.145854457319695	0.113065701552085	0.112297130060818	0.123943465612012	0.0999288993796088	0.120854001266809
700024192	0.160842835296347	0.149594702744212	0.0578129957092255	0.148322853785924	0.153230745097989	0.0920424712599073	0.134000810157984	0.126751792752089	0.154487464245315	0.116024392621073	0.115356311803368	0	0.0905165384135692	0.14005829705452	0.0820799823617957	0.115796236618719	0.10823533427647	0.111990383601302	0.14621496117311	0.131404770104065	0.131837431430049	0.0903997765363728	0.136398798428635	0.157730729350249	0.126925453252004	0.169780159815609	0.14849595365208	0.149605437666028	0.119409154626381	0.122013560656758	0.103624960401103	0.0933142275293206	0.10411367312388	0.086027323514477	0.163404715278827	0.103542556247553	0.15353973998886	0.0889775640216257	0.154484815138594	0.108441216526119	0.135512282000297	0.0737436823236778	0.157559727226193	0.112617428252489	0.0869903017528046	0.11662401430077	0.151521862323471	0.0817463565632906	0.134313029164697	0.0718161282086073	0.0814896728058638	0.161584301056915	0.151535313487922	0.130260723296713	0.192698075072054	0.0920971585200807	0.12229618251873	0.148474635681652	0.088405195292215	0.13252682924545
700113058	0.164729560706193	0.135227289638539	0.102237993400483	0.171383271570858	0.150218666406784	0.105210531897547	0.156709076245464	0.100572049525754	0.160749753435081	0.0938710636026032	0.122128718398807	0.0905165384135692	0	0.142719393698132	0.0873010097167821	0.132723065602264	0.098145632009579	0.122135803760147	0.161378337317072	0.139541402630394	0.144749406637675	0.116717573045438	0.149881522366951	0.168569127358119	0.153319570397953	0.177140780535638	0.132701294755006	0.129944782627296	0.113651151586974	0.093547860962476	0.104349110373844	0.120377728299094	0.11486528616454	0.101719710684344	0.16867025352657	0.128235811041483	0.145694841352483	0.11223213547405	0.154464975079466	0.0900468762524033	0.149006961902843	0.0710110196477276	0.160863230019989	0.125264774105738	0.0896625692607717	0.102634938991165	0.14244610379652	0.0865312964975793	0.120200738403965	0.102273349311522	0.1233293358872	0.172091406204514	0.165627766685577	0.142661868543041	0.1974370320871	0.0753342022089352	0.124482701968695	0.166973225051622	0.10830114039804	0.146913878926353
700099448	0.15331177245062	0.127493297650272	0.126182139634455	0.15587185104998	0.123942854292377	0.102408999904595	0.149834729266378	0.154731354159588	0.14785104238145	0.122642169503819	0.12557916830275	0.14005829705452	0.142719393698132	0	0.127861730756931	0.146855922556312	0.13484445818915	0.124454342393138	0.147426942222606	0.140896059141854	0.131388126761615	0.134503691963285	0.100580658509776	0.13923421220569	0.144895194680614	0.129356365097097	0.123462041235929	0.1489449627105	0.107571162742323	0.103698831627209	0.111262773609997	0.144695870760658	0.127462363904571	0.102647795673737	0.122515332613391	0.120173975957941	0.127413885871627	0.112583285469847	0.146899891265467	0.145314194957935	0.147686913953031	0.128416861403853	0.123447810610489	0.149037185149338	0.126621053527703	0.117335680580275	0.117350831639146	0.12387498584915	0.0770292579058918	0.132670511638928	0.121469110322444	0.137759299947119	0.141441183210119	0.121953406697962	0.150946375545572	0.139546058800784	0.128847881589742	0.140823277938799	0.109356824966574	0.136914232193484
700109870	0.164843198557204	0.135978456791613	0.0824395546526342	0.146870020421279	0.141225433568338	0.0896675203381663	0.140305524900099	0.108199188691736	0.154007714020577	0.101657138081927	0.129288809648966	0.0820799823617957	0.0873010097167821	0.127861730756931	0	0.132034691937017	0.0986957718404181	0.12059732906779	0.157245776422464	0.13101486528565	0.130402133218164	0.114892441238164	0.1243897807874	0.163194874304598	0.137251554491001	0.16621225163041	0.1406464214709	0.144615362872122	0.105475526642716	0.0869750115504336	0.110876549742094	0.108464292834672	0.120839179879938	0.100367307219989	0.153662703423999	0.114381860659414	0.148341187118897	0.0783723423361385	0.153431340232286	0.0910558822900416	0.151284146313597	0.0790999533780395	0.158805978546332	0.123629473751854	0.100108439661749	0.110075572221255	0.140731882650672	0.0781233930854188	0.113741555492103	0.085056858828605	0.105714372064726	0.153112242046399	0.144886838751389	0.131302550280745	0.184144171804074	0.0931442326423802	0.112435559111698	0.149431536091831	0.085653901032104	0.127567268749944
700033928	0.104424352782882	0.13652749506288	0.118502119565284	0.135140438438626	0.12607445901398	0.140278217597009	0.107904765753272	0.155974237128767	0.110271672209617	0.136653094748695	0.101732232878569	0.115796236618719	0.132723065602264	0.146855922556312	0.132034691937017	0	0.141009880723268	0.130204538746252	0.100149332090505	0.107611869536853	0.10178941075509	0.0811342250312009	0.124362390169258	0.0862608957490845	0.101653110807284	0.132695984599745	0.149941297364643	0.117160114895905	0.142566322083935	0.14150096477809	0.131077105270468	0.103445929168192	0.0933246241517771	0.122883173127137	0.129454436319913	0.114693156509958	0.11710144155921	0.1474461844887	0.103962925785763	0.152772490282041	0.0887032174936475	0.117828001439933	0.127412123123228	0.101672046987311	0.115993607194859	0.114650575651058	0.125874059027341	0.123153873832259	0.140256158784481	0.0999986005217389	0.0903724153283514	0.113200090610012	0.113648531411929	0.108092504411847	0.12275073891035	0.124961845408615	0.118036695985983	0.109144575769684	0.116443363075424	0.105514233992899
700023693	0.17204158708084	0.115742245815115	0.100534064706808	0.179095719259698	0.161842631649546	0.0992137608932357	0.171110434208363	0.0760576447934741	0.172184741037535	0.0879863451570965	0.116895979729887	0.10823533427647	0.098145632009579	0.13484445818915	0.0986957718404181	0.141009880723268	0	0.116420026849872	0.158746804398226	0.154925360983392	0.1454832045263	0.121725391459196	0.153829252576887	0.169480828782951	0.162084024461489	0.181348940090026	0.134257403328789	0.151359738661436	0.112821414708859	0.11270178350842	0.0921887118827593	0.139359917255769	0.119280761484768	0.109145482619807	0.169198360299191	0.125607657241712	0.141707988773394	0.106294928538932	0.163676895986237	0.0844338852964406	0.142298640696142	0.086927629185871	0.150432771644422	0.139132008053855	0.0971792105956737	0.11225626306711	0.139401590073785	0.0903578347243219	0.115463976821845	0.107948889769212	0.121012914025197	0.182995256134057	0.173501291977514	0.128905359714679	0.199397089546452	0.0900308785858648	0.135256832002903	0.173759253798487	0.118493641720611	0.157465666725185
700109627	0.1619381433002	0.150703830933432	0.0895488258079912	0.184840850103536	0.14989194989386	0.0783247352270107	0.165451285973138	0.131937207622289	0.169251883699387	0.105922400420538	0.10828476715899	0.111990383601302	0.122135803760147	0.124454342393138	0.12059732906779	0.130204538746252	0.116420026849872	0	0.155821737260434	0.152917022952386	0.153850027510517	0.110001562811494	0.147744430077171	0.15623805872107	0.149580136956038	0.175926544532861	0.13710613704806	0.157179748739116	0.141531607086567	0.118602772310963	0.0814587535085984	0.131476249637317	0.128181864288349	0.0932000592889252	0.166107035939929	0.135789282721673	0.111285048941033	0.0877230873280524	0.170988774915856	0.134459612933944	0.150071114751997	0.109372504359658	0.127976505533687	0.134484218781235	0.123254037440713	0.137482561119981	0.154282361561667	0.107653485818414	0.0880140279784978	0.114607201650481	0.109307955230149	0.181395686638299	0.170806767878491	0.130918173721054	0.188419012661513	0.125435521379069	0.149357009209125	0.169661027939595	0.125155566037554	0.161288832910774
700095416	0.0859234369192071	0.148108675105384	0.148974877715764	0.145189580794811	0.124285352324798	0.156762291433684	0.112657588072644	0.170833387787094	0.0987931052205237	0.152157549453694	0.120025970416659	0.14621496117311	0.161378337317072	0.147426942222606	0.157245776422464	0.100149332090505	0.158746804398226	0.155821737260434	0	0.119086208799803	0.103471991778009	0.109064671824494	0.119618538291135	0.10049269476972	0.116066797759966	0.111659825214768	0.157320344947026	0.131346672050181	0.138378604308619	0.158636434353514	0.149909159657865	0.120350192089162	0.108196244677541	0.153750835193832	0.126303126665307	0.125835789371966	0.117810488844906	0.161471042232178	0.100025899396281	0.174972055924118	0.0953819287786666	0.147947332349805	0.128463651601303	0.114940527653801	0.131553186563877	0.120830197946285	0.115412039515732	0.151918213272388	0.143245560423642	0.133714494530096	0.114034462404314	0.116608540901683	0.124318631376945	0.109768630938605	0.118328589912179	0.146930082160016	0.122470684784019	0.111857817839154	0.139726545278757	0.122471091054291
700110425	0.0993290272651157	0.13606768996373	0.135203943137322	0.100515610524274	0.13029971041755	0.148858047535828	0.0740525854138388	0.167851526088187	0.118314734402682	0.15093585627562	0.109577285415086	0.131404770104065	0.139541402630394	0.140896059141854	0.13101486528565	0.107611869536853	0.154925360983392	0.152917022952386	0.119086208799803	0	0.0762497064144137	0.103581915502492	0.104741796254084	0.11063636550552	0.0627194441143777	0.135081476681784	0.146722274198811	0.139043772878687	0.130873471629529	0.13151118409494	0.146824837237953	0.104158463017951	0.099565286007333	0.137239762009918	0.129786450386432	0.0878017947474887	0.145890144481678	0.159711622580486	0.101315681239334	0.153611116125038	0.120205390172491	0.129605555157998	0.141890767962484	0.0888666502549068	0.119759458882976	0.111145251343327	0.129876592267484	0.128432949274267	0.132163836998896	0.115145173153513	0.110200719430285	0.0818300181642059	0.0675091981071176	0.108009930056713	0.124650120827786	0.139542997007179	0.0702471188426605	0.0780644827464725	0.10091776033471	0.0895765310309528
700111580	0.0908207544740319	0.13527050838094	0.13408716004756	0.109771368568135	0.133675106860895	0.141198047958351	0.0833660400069863	0.164233927623865	0.107383084211818	0.136184839111301	0.109719828823488	0.131837431430049	0.144749406637675	0.131388126761615	0.130402133218164	0.10178941075509	0.1454832045263	0.153850027510517	0.103471991778009	0.0762497064144137	0	0.0859519588077397	0.102114532562852	0.106038280775954	0.069389276367558	0.13062835299464	0.153748619955063	0.15057803139198	0.119294162460143	0.141022777732399	0.140222038352684	0.100821015729183	0.0889759573931029	0.138152497893375	0.131895953595214	0.0901398425370302	0.15342598579109	0.147682544717762	0.103846109995206	0.151826471826684	0.112589884340724	0.126607614590439	0.1422887442987	0.0996639914466682	0.11328957763662	0.102998677293307	0.123244021308026	0.116924176494616	0.12839707080832	0.107425260562527	0.106391245913775	0.0879578987165964	0.0932565919955113	0.091812490687428	0.121510430140541	0.130161793246835	0.0745640208218234	0.076089650996422	0.0966831008351854	0.0821126681482398
700111302	0.104479959702525	0.125302165149444	0.093624348094953	0.139398932213533	0.133116649274466	0.115348342005068	0.106789874049814	0.142318629198317	0.111489389571533	0.113437166714379	0.0788117734380296	0.0903997765363728	0.116717573045438	0.134503691963285	0.114892441238164	0.0811342250312009	0.121725391459196	0.110001562811494	0.109064671824494	0.103581915502492	0.0859519588077397	0	0.12304909157301	0.115189278478014	0.0886563216405632	0.141388771041853	0.13728930142406	0.131431945035582	0.128696279851588	0.123871767346738	0.112121361431594	0.0779018202968968	0.0773669968609522	0.102810717903851	0.140397501382353	0.0946296422033848	0.129895122405995	0.125021811969252	0.115526040520205	0.132300155636756	0.12277671888136	0.0962311082029527	0.1390252538859	0.0852211708540047	0.0997866807755369	0.11157672265135	0.122358786026407	0.0917430812499301	0.115589536091271	0.0742709172619219	0.0842758409709826	0.123450104573751	0.121560133342041	0.093406133170311	0.146472853440972	0.104035706333016	0.100545918497999	0.112760680915143	0.0891542339128497	0.109992818319027
700098605	0.107585943635968	0.12528837629629	0.131900151124457	0.109127819286409	0.122543363782388	0.130027627301946	0.107945060275774	0.165548589021484	0.11746117490913	0.138702858594137	0.124297773054189	0.136398798428635	0.149881522366951	0.100580658509776	0.1243897807874	0.124362390169258	0.153829252576887	0.147744430077171	0.119618538291135	0.104741796254084	0.102114532562852	0.12304909157301	0	0.109509196208349	0.117186664732387	0.120120668162644	0.129593369196804	0.134910585933431	0.126205374343484	0.124485460184644	0.137856658430266	0.123687200814095	0.114039932835494	0.124802089437734	0.112825049115982	0.109378062288807	0.129988490271696	0.125663842372098	0.121353264945195	0.153294720346494	0.128218643462287	0.144741431799641	0.142102098152779	0.119891584385316	0.139635381504374	0.115086064331848	0.118097968940266	0.125025333394348	0.115527572299063	0.119931222014675	0.110618521583859	0.108009779808983	0.103386558015735	0.114388329279057	0.116261669632711	0.141516111492686	0.108392205538359	0.102459098243324	0.110292809889534	0.0891160147857761
700111991	0.0843655956140298	0.144201494952766	0.147246895574396	0.119763811816433	0.137310528469752	0.159931617124124	0.104085869924106	0.178218643157163	0.110093136854192	0.159984740788436	0.124802983766104	0.157730729350249	0.168569127358119	0.13923421220569	0.163194874304598	0.0862608957490845	0.169480828782951	0.15623805872107	0.10049269476972	0.11063636550552	0.106038280775954	0.115189278478014	0.109509196208349	0	0.111513580215741	0.106889934021807	0.140499710847313	0.135407602537127	0.139370126548057	0.163911267195885	0.159965198061252	0.126999443885746	0.116101857069764	0.148461145958507	0.11125710354865	0.109511209849623	0.135748817339762	0.167289031773251	0.1134265389162	0.173334840410673	0.0939769253452856	0.157904210775871	0.132229319694601	0.124948119868247	0.14252010779381	0.123470681212699	0.120248035811602	0.15340226882539	0.15175346341793	0.137242902193984	0.117195320208032	0.0982532986708303	0.100509629214227	0.124371179395264	0.0962516037506173	0.15514677429331	0.126377966059249	0.100181483279292	0.125885502384278	0.114362545746395
700108960	0.0933884547737042	0.146191848714178	0.129816917726132	0.108243387780549	0.144080880864469	0.142539409953701	0.0694045994671486	0.17888825751472	0.115406632734146	0.157004951280533	0.107455744869035	0.126925453252004	0.153319570397953	0.144895194680614	0.137251554491001	0.101653110807284	0.162084024461489	0.149580136956038	0.116066797759966	0.0627194441143777	0.069389276367558	0.0886563216405632	0.117186664732387	0.111513580215741	0	0.142486964098308	0.172671768609855	0.155196487076001	0.136642346303504	0.148580500611871	0.148132326415763	0.0870782863021492	0.109493138241346	0.136399906635238	0.138686427668447	0.0897713236149051	0.15451709081839	0.153879015842136	0.112123417955388	0.164020495350607	0.126091728345784	0.133672814128233	0.150576766707361	0.0942513864123376	0.126724283102061	0.129163816532234	0.142236575122578	0.132221808137916	0.139027171032833	0.102210371987979	0.101238388777185	0.0854254016313161	0.0755949004831159	0.10124575093164	0.120483277967803	0.144997236707015	0.0809284358009589	0.0722082460668828	0.10261694642753	0.0773049365022693
700024452	0.11256125206708	0.152739521072547	0.164331038423988	0.121726228282203	0.112322569360009	0.167159715448027	0.127034058678281	0.186551510404783	0.10715901301108	0.163564736304004	0.150945445198848	0.169780159815609	0.177140780535638	0.129356365097097	0.16621225163041	0.132695984599745	0.181348940090026	0.175926544532861	0.111659825214768	0.135081476681784	0.13062835299464	0.141388771041853	0.120120668162644	0.106889934021807	0.142486964098308	0	0.156862449174563	0.1258221894059	0.122131494612048	0.154570557229904	0.171399709671468	0.148005400334936	0.138013321547471	0.157046773156792	0.0631233816139414	0.136151798760194	0.152080130628394	0.166099172279925	0.109071709796785	0.176246178207607	0.129416994107256	0.163151140859569	0.151064657703721	0.141310766202498	0.153604651161678	0.119743058633463	0.112534853528143	0.164935905577991	0.153155843028651	0.153013849130758	0.132596681103203	0.101327012112018	0.115722344662819	0.13519765482545	0.103568508880737	0.163445612342408	0.134962904388798	0.123821664067369	0.144543258812064	0.141088560647141
700032931	0.154504291560524	0.11344491162055	0.136142333574943	0.177588288154846	0.148106868380947	0.129001170407202	0.173849960440374	0.133296799897345	0.153662192258521	0.13802522466085	0.131260481542912	0.14849595365208	0.132701294755006	0.123462041235929	0.1406464214709	0.149941297364643	0.134257403328789	0.13710613704806	0.157320344947026	0.146722274198811	0.153748619955063	0.13728930142406	0.129593369196804	0.140499710847313	0.172671768609855	0.156862449174563	0	0.134038380558601	0.131729830202139	0.132261660604526	0.133989147805288	0.144314516430895	0.134398990723479	0.129274519388934	0.1565078224759	0.135589967350191	0.134530745440975	0.145641474850082	0.150093493770707	0.147534783583842	0.150734184287258	0.132488648776504	0.143320129965828	0.139570425109766	0.138241018862012	0.130493511547663	0.120819678093137	0.128623875506928	0.116844530462055	0.136628591132716	0.145218222746564	0.161154492993576	0.152098545510498	0.140478135309228	0.163211655297067	0.126142194672049	0.155062550378973	0.166767823484635	0.128575093936345	0.158552485173537
700095837	0.130851083643831	0.126326558650611	0.140600134757374	0.15349581936109	0.13384574993694	0.159569781130265	0.155596726216184	0.15115079272509	0.136338739470308	0.140962293484401	0.130970924146085	0.149605437666028	0.129944782627296	0.1489449627105	0.144615362872122	0.117160114895905	0.151359738661436	0.157179748739116	0.131346672050181	0.139043772878687	0.15057803139198	0.131431945035582	0.134910585933431	0.135407602537127	0.155196487076001	0.1258221894059	0.134038380558601	0	0.112845259274878	0.131161527431984	0.146607651387279	0.151132422505828	0.119057977480787	0.13038716165017	0.123186026363748	0.139309187707609	0.122752846988189	0.164644118130112	0.126062587802041	0.144699877665579	0.126817098215024	0.125740176665737	0.160967821622186	0.126762792223228	0.121399487348459	0.107275227046684	0.120262000199629	0.139495888991667	0.147855992262184	0.140320654232889	0.12682420337882	0.148100586234647	0.137400223697777	0.146154555502886	0.13912132441071	0.123150745700836	0.1430650574685	0.148942547046098	0.140502740929999	0.147444045371822
700024548	0.145966114468567	0.10452876829722	0.111192036770331	0.137402049796367	0.114778634874854	0.113375818895445	0.141661080866316	0.120297568585936	0.157996138413473	0.115473700792163	0.131102509967509	0.119409154626381	0.113651151586974	0.107571162742323	0.105475526642716	0.142566322083935	0.112821414708859	0.141531607086567	0.138378604308619	0.130873471629529	0.119294162460143	0.128696279851588	0.126205374343484	0.139370126548057	0.136642346303504	0.122131494612048	0.131729830202139	0.112845259274878	0	0.108895768233499	0.119507216902657	0.141619847304471	0.117320827132079	0.113530249197396	0.115323565328787	0.104951427610103	0.145860649778375	0.119139905742136	0.135773604959539	0.109870822707335	0.125955362576536	0.0947302993362741	0.137596339379387	0.144881908521132	0.0865172029278458	0.0845426517317713	0.117174341869094	0.105313287107054	0.115090620766137	0.121352915992945	0.109682894182272	0.137762323391969	0.123272366525248	0.117007723415289	0.152140755858308	0.112755764313612	0.112527888578661	0.140284878430746	0.107939681872464	0.146120805354769
700110161	0.161889693462414	0.12501567803436	0.105972978074362	0.158283918733604	0.136340403241796	0.0977228142594457	0.153765176683172	0.118332086937404	0.157151920404418	0.0952455525177705	0.11802073822497	0.122013560656758	0.093547860962476	0.103698831627209	0.0869750115504336	0.14150096477809	0.11270178350842	0.118602772310963	0.158636434353514	0.13151118409494	0.141022777732399	0.123871767346738	0.124485460184644	0.163911267195885	0.148580500611871	0.154570557229904	0.132261660604526	0.131161527431984	0.108895768233499	0	0.0997678041764084	0.130007240432063	0.123116648133373	0.0888582176842693	0.148769694830766	0.126595653310314	0.124212250303751	0.101087279163446	0.153630529180395	0.107500607876942	0.150598966639882	0.092418753447645	0.135337845270705	0.134081888451297	0.110318319445159	0.114502634053824	0.13557721678712	0.0989010690967467	0.0886840620401876	0.110671031624034	0.123694423235158	0.157927142950391	0.150676351042917	0.126393882383152	0.176595083511312	0.103792277640845	0.115337350940113	0.15341940350004	0.102661531767937	0.14428478623241
700023496	0.157170367097465	0.128004679348495	0.0931350964635528	0.177916164310596	0.144161372246519	0.0746763992464704	0.156566729105778	0.115314600375945	0.15215027802981	0.0906403905726971	0.0982798312361204	0.103624960401103	0.104349110373844	0.111262773609997	0.110876549742094	0.131077105270468	0.0921887118827593	0.0814587535085984	0.149909159657865	0.146824837237953	0.140222038352684	0.112121361431594	0.137856658430266	0.159965198061252	0.148132326415763	0.171399709671468	0.133989147805288	0.146607651387279	0.119507216902657	0.0997678041764084	0	0.127704682174155	0.108409764320647	0.0841118867106011	0.156125854159302	0.122740517151363	0.120618885327603	0.10145987455404	0.157740933084908	0.115830550804148	0.133981553245524	0.0976953963758889	0.120145390846529	0.128942518337641	0.0921115122584459	0.110173837841048	0.139737934164861	0.0843220242869291	0.0907042434837007	0.106032856126488	0.111340839098989	0.175626897686171	0.166826691648691	0.112445573479783	0.188667315289976	0.0968440120367977	0.129405104177466	0.162988668741	0.121481441639492	0.150152927712829
700034628	0.12144493589675	0.136711627116807	0.0994925100391076	0.139936943102555	0.145548214488678	0.127841324290836	0.0894602943504468	0.149778863137292	0.106841476915533	0.137000319245816	0.109044918878982	0.0933142275293206	0.120377728299094	0.144695870760658	0.108464292834672	0.103445929168192	0.139359917255769	0.131476249637317	0.120350192089162	0.104158463017951	0.100821015729183	0.0779018202968968	0.123687200814095	0.126999443885746	0.0870782863021492	0.148005400334936	0.144314516430895	0.151132422505828	0.141619847304471	0.130007240432063	0.127704682174155	0	0.100655101687476	0.113241293357228	0.145276793138457	0.0795646244541791	0.148575916452095	0.124498196073658	0.124412690620543	0.138743776008874	0.138194034809618	0.111351360225754	0.144097188695222	0.0769748642424082	0.115242830562842	0.127088237524621	0.134784010508849	0.106373294311114	0.137590063506843	0.073753511395256	0.0970043967795907	0.11905915481776	0.120936623967142	0.118293305491179	0.160291632038035	0.112412107495279	0.118497394261463	0.10244308039817	0.0864788858332457	0.0801712245733206
700023645	0.112180854943818	0.106932891793942	0.106685506395541	0.129180817882577	0.118048686713473	0.119901263093336	0.102445395482101	0.130731563755947	0.111933193821978	0.108084617076789	0.0836765713920323	0.10411367312388	0.11486528616454	0.127462363904571	0.120839179879938	0.0933246241517771	0.119280761484768	0.128181864288349	0.108196244677541	0.099565286007333	0.0889759573931029	0.0773669968609522	0.114039932835494	0.116101857069764	0.109493138241346	0.138013321547471	0.134398990723479	0.119057977480787	0.117320827132079	0.123116648133373	0.108409764320647	0.100655101687476	0	0.0982533641187203	0.131006500390566	0.0847596009990519	0.125694304833739	0.132271338232642	0.102231560463295	0.122527603395212	0.104108347694533	0.101011071593481	0.116520765585148	0.0888738752641596	0.0824996017896089	0.088956516860318	0.106936477334914	0.0899148666262757	0.116584630862909	0.0912819068424651	0.0924146260341418	0.116183155447502	0.115445984071592	0.0981350764223211	0.139297921699	0.101719789373258	0.0980506235878001	0.107111593593469	0.0951831098196116	0.11062791132766
700038744	0.15376680136907	0.124792379183877	0.0784868736552831	0.159633450983981	0.134549607965341	0.0747091674597913	0.146415604726472	0.122137048897587	0.155695539947952	0.0820281296412413	0.10109236798287	0.086027323514477	0.101719710684344	0.102647795673737	0.100367307219989	0.122883173127137	0.109145482619807	0.0932000592889252	0.153750835193832	0.137239762009918	0.138152497893375	0.102810717903851	0.124802089437734	0.148461145958507	0.136399906635238	0.157046773156792	0.129274519388934	0.13038716165017	0.113530249197396	0.0888582176842693	0.0841118867106011	0.113241293357228	0.0982533641187203	0	0.144028288864639	0.10937785885169	0.118481564748252	0.0857193731268673	0.151686325740921	0.105940132901554	0.132671019882044	0.0871611932944032	0.124651283748964	0.122788925283441	0.099222248769235	0.106703367050649	0.131317206119395	0.0776969813205791	0.0889440275153724	0.0884039910893294	0.095005195641504	0.164454413143975	0.151733102021162	0.10790922253121	0.182895793306084	0.0946995199229919	0.131488507544609	0.151268794483464	0.0975358016266683	0.140896872672842
700038485	0.125680616470144	0.140366415053626	0.150461761372677	0.116520356019749	0.115580980247159	0.153380299153968	0.123524728086604	0.178486870280399	0.11239272781512	0.151472307459518	0.147759499477073	0.163404715278827	0.16867025352657	0.122515332613391	0.153662703423999	0.129454436319913	0.169198360299191	0.166107035939929	0.126303126665307	0.129786450386432	0.131895953595214	0.140397501382353	0.112825049115982	0.11125710354865	0.138686427668447	0.0631233816139414	0.1565078224759	0.123186026363748	0.115323565328787	0.148769694830766	0.156125854159302	0.145276793138457	0.131006500390566	0.144028288864639	0	0.126656843777855	0.145076177740894	0.160473533308625	0.11423548788226	0.166317073972609	0.136271737739563	0.159547788107519	0.148830145460863	0.138505294598815	0.148743139631446	0.110416607334728	0.110759702008306	0.156128655595528	0.150727238124334	0.148257930505268	0.124387309703693	0.101863822972728	0.111298094795141	0.132873862971351	0.108323904086976	0.155767483412311	0.133627462838011	0.116070421494745	0.137790785165492	0.128984454795052
700024743	0.114389881931203	0.11850799241859	0.0973927283187253	0.112177280610909	0.137326552506229	0.116989186345208	0.0860178295347927	0.135786901304048	0.118510580710812	0.12157116906241	0.091899578640293	0.103542556247553	0.128235811041483	0.120173975957941	0.114381860659414	0.114693156509958	0.125607657241712	0.135789282721673	0.125835789371966	0.0878017947474887	0.0901398425370302	0.0946296422033848	0.109378062288807	0.109511209849623	0.0897713236149051	0.136151798760194	0.135589967350191	0.139309187707609	0.104951427610103	0.126595653310314	0.122740517151363	0.0795646244541791	0.0847596009990519	0.10937785885169	0.126656843777855	0	0.145495713326613	0.12160805914831	0.109974677358001	0.131261878575925	0.117234982360485	0.112471986850802	0.130827143902188	0.0935396753841345	0.104484675580479	0.095063999452802	0.12218282922887	0.0987086297834968	0.117789014529508	0.0917155473837453	0.0847507055107772	0.105332045431116	0.101520317365744	0.0994213036134899	0.133426033194949	0.117350332530022	0.0954480182232142	0.0901685036216751	0.0743029922739957	0.0908185846600143
