700108602	700014971	700033565	700109389	700023058	700023927	700106341	700114221	700023543	700023439	700016978	700024192	700113058	700099448	700109870	700033928	700023693	700109627	700095416	700110425	700111580	700111302	700098605	700111991	700108960	700024452	700032931	700095837	700024548	700110161	700023496	700034628	700023645	700038744	700038485	700024743	700099596	700110760	700101587	700106399	700032322	700095653	700021312	700101230	700023590	700038905	700033136	700023382	700096424	700105469	700016908	700096053	700108479	700109569	700033814	700016125	700109756	700102665	700101777	700109455
700108602	0	0.157281311833089	0.161772867751925	0.105507547565759	0.116602877119808	0.159782689257178	0.0783238903979557	0.188806994701641	0.0976062736674521	0.164370486933812	0.12530649826544	0.153665097735743	0.164427781024422	0.148267114523878	0.156196713294167	0.11135146386909	0.180224722899231	0.158141092754702	0.0789101016385214	0.0961581188516546	0.0870451813279626	0.11212768409154	0.106229512149927	0.0720398243649607	0.0885646622115049	0.109453247006756	0.151254828175962	0.138702772167119	0.142819151503934	0.163236366144676	0.160382159274974	0.115663748720489	0.121926762240386	0.147795056704596	0.116372275474671	0.121579652110746	0.131947289426056	0.164792726270292	0.0914210914710587	0.180670584344003	0.0993912399181029	0.151495416542941	0.133832570208199	0.11623540424235	0.14393828075583	0.12262838217134	0.126849387473587	0.140392765186813	0.132483505910395	0.130511664588471	0.117685940801764	0.0907150512510678	0.0955769460578924	0.105167500360072	0.0882792642678035	0.162270479860266	0.101751116981396	0.082048030347476	0.130573600759653	0.100628563506867
700014971	0.157281311833089	0	0.150888210687347	0.16531892914125	0.131758440851782	0.140477512276676	0.155286048365242	0.137606585689243	0.149860882300523	0.12579023308234	0.134066738459473	0.156690308291012	0.137744972274773	0.129873630832462	0.1442784789453	0.144708648044091	0.124032609870114	0.158063842505097	0.153302303751961	0.149104202111828	0.140466691337033	0.128989003920989	0.125849789495304	0.148984202225883	0.152424175343023	0.152905428558877	0.119884359561539	0.131189369741996	0.137734722189529	0.131725056740621	0.130142065581113	0.136898701984609	0.120058422510286	0.129171416374052	0.145953927845741	0.12770432675731	0.148228228490153	0.154424616302122	0.148984805091379	0.155639073067963	0.138873151591411	0.134251747009156	0.114118332280102	0.129200372253996	0.125311938498345	0.122781610955306	0.0991369694186245	0.131227706428311	0.129682317393275	0.142036232723255	0.134834671178964	0.157689685490901	0.144791391242332	0.122574623019714	0.167306466855717	0.117786927053624	0.140868611192985	0.147649197673525	0.130208402342313	0.148257653852661
700033565	0.161772867751925	0.150888210687347	0	0.160135717232053	0.160838272459784	0.0757680888929537	0.148115635003843	0.117062314323071	0.158737308020735	0.0999757145138729	0.116129440645973	0.0675465794908782	0.110255002314408	0.137858150085575	0.0891523262357269	0.124374468187007	0.116655280405926	0.0959320065373147	0.147521657288819	0.145195360650606	0.143366121241775	0.0943825546560088	0.136193119283056	0.147659890001966	0.131685890781453	0.159848860602497	0.128925046675552	0.146512944823286	0.123673484625204	0.0993441001795661	0.0959510773933441	0.111618459707547	0.118824529696266	0.0904143902011546	0.155494251977429	0.112085481517514	0.132956402470597	0.0805050994993682	0.167118352999712	0.12171580203966	0.147734630398701	0.089226376616533	0.136901984490655	0.13361406174625	0.112865349933638	0.124149287404715	0.139228364703012	0.0943732901842693	0.113034348207437	0.0842919710737433	0.0843120042151285	0.168393912066582	0.158926582262576	0.117921644150263	0.178410291284663	0.114278289621196	0.125902821939317	0.162873839627778	0.0876606258671917	0.14044622013229
700109389	0.105507547565759	0.16531892914125	0.160135717232053	0	0.137926118250289	0.171383655288495	0.0878023744530022	0.189014433051127	0.140308099120283	0.175121518694675	0.14656077523886	0.152512007231548	0.178134059720562	0.169002930973457	0.156797858916883	0.145424738710567	0.18396697407326	0.193049921444284	0.136125652600642	0.102556324481976	0.113115551409526	0.149070132364024	0.111966030312058	0.126444117059273	0.104111854771998	0.118245393568327	0.18164045238297	0.156448843548886	0.139537763553202	0.161194514891007	0.177432385567292	0.146809149460592	0.140944508771376	0.162568142167795	0.124701702860682	0.127502914137351	0.175198105871147	0.165805983689541	0.132030519363994	0.172345426014775	0.133141930817689	0.163527165944748	0.153139245946255	0.128668392311447	0.163106406797225	0.144502214671328	0.155878235638569	0.15354510862767	0.155866141266666	0.150593285363535	0.11684170770536	0.0985977658556812	0.0858773706407144	0.14931812188094	0.113192204131837	0.172801081548776	0.107370297772373	0.0930092635701196	0.134814652219229	0.105392816968643
700023058	0.116602877119808	0.131758440851782	0.160838272459784	0.137926118250289	0	0.148660735934467	0.111329114125406	0.168879725629139	0.105671636523398	0.152283134761447	0.133341562173351	0.157194038322555	0.160114087384466	0.121095704673974	0.153014206639042	0.130474401277843	0.157013990980498	0.158555160009161	0.118907646452985	0.119078466615273	0.125419538200383	0.135194490466095	0.116876887808159	0.124830715970048	0.127874479734472	0.101816367904658	0.153555873070665	0.1349805336869	0.126220961220971	0.141946625237949	0.158217838046164	0.136293146670211	0.124872310101427	0.140318390249452	0.102034967814816	0.129321345146461	0.126732836599733	0.149195357096304	0.100713036843843	0.167419732895438	0.127350726864394	0.138607636895512	0.12496969901234	0.12815494313984	0.141495593539916	0.122124280258749	0.119651478862259	0.139650052272906	0.129799615478292	0.139392081326688	0.133123522303427	0.114989764308064	0.111332932791493	0.125393539391555	0.128060082895314	0.158714616084309	0.128000818308423	0.123419756537801	0.136674428293357	0.119224336099221
700023927	0.159782689257178	0.140477512276676	0.0757680888929537	0.171383655288495	0.148660735934467	0	0.152036130189522	0.120359076516253	0.165032332037767	0.0884227565488821	0.110663422368528	0.0921919358048303	0.112086761267342	0.107955905569036	0.0937426412011408	0.131936402162825	0.11475678904353	0.0834387600443509	0.151678691496361	0.151157678381249	0.137323758797624	0.11311932848388	0.130277995035435	0.146573414197134	0.134790269405558	0.164408339126332	0.131056203506308	0.156906295442165	0.110138536951966	0.0991895109635202	0.0734412730051086	0.127261307609966	0.116284980797563	0.0693516719230648	0.160873763831786	0.110782755452466	0.120746194555103	0.0658792542599708	0.16936807572796	0.124397953773494	0.15293105188893	0.0894169003967984	0.113505028724025	0.138172766021523	0.0972935650460676	0.109542287881382	0.136279031953313	0.0882751166664293	0.0752067848972073	0.0945889660464773	0.103166269120408	0.168665852259041	0.158874138558418	0.107831800178659	0.181035753067506	0.110432090023489	0.12478871122306	0.160594364502775	0.0934078139797523	0.147005281640814
700106341	0.0783238903979557	0.155286048365242	0.148115635003843	0.0878023744530022	0.111329114125406	0.152036130189522	0	0.179344685457804	0.0837508804474361	0.163252759131881	0.119593489794934	0.135880057943601	0.157159554496529	0.150399802860398	0.14311796064573	0.114631408305821	0.174095938059076	0.171231243991073	0.0981444923995698	0.0798743264552789	0.0837637188432074	0.111370767979315	0.109239527847543	0.0983355929743588	0.0668192866455778	0.118286707486242	0.173542680711199	0.151578154799021	0.141285113059578	0.152579880668306	0.156277833182715	0.0846887442072925	0.118135847951036	0.141596629306627	0.121437347744685	0.0938104606045702	0.152668024655431	0.161837186025215	0.0993683117983453	0.175493707012581	0.119518031236248	0.136585459573639	0.131325643874079	0.090264429519761	0.139937288579441	0.131988940970605	0.13325199073866	0.12650825306689	0.139813939693893	0.116688331123249	0.106558607780239	0.0673167213597648	0.0793900031595724	0.116656420139673	0.117322266098498	0.154957814737757	0.0896189403832597	0.0636416052778552	0.120425491289636	0.0762734140017905
700114221	0.188806994701641	0.137606585689243	0.117062314323071	0.189014433051127	0.168879725629139	0.120359076516253	0.179344685457804	0	0.185666827704545	0.0917608395440392	0.13598099318336	0.112970808221188	0.100421912726244	0.15677687789141	0.108477327337847	0.155770175971786	0.086393958041014	0.14238149260774	0.176177116806853	0.171823603548498	0.165971025819838	0.137250559940659	0.167396284483763	0.188957209142255	0.173101670402972	0.183800472361988	0.128195940550854	0.14332874279294	0.119467827848436	0.112994910836215	0.129284617386745	0.154644466574692	0.120078134260514	0.117333116404073	0.177371120953576	0.12885880924441	0.157516008533834	0.114005921790381	0.191484987661034	0.0994090067960948	0.157066124366428	0.0953933142807653	0.161665354773762	0.157145071027693	0.112255497488596	0.137874108689711	0.146381067196754	0.0952927922693853	0.145302421878603	0.11171071501233	0.135490802512526	0.193471430488555	0.180665745761254	0.144767151298106	0.210803084864541	0.0997172081746719	0.145086395116549	0.192766339646856	0.122337123592674	0.169442107001262
700023543	0.0976062736674521	0.149860882300523	0.158737308020735	0.140308099120283	0.105671636523398	0.165032332037767	0.0837508804474361	0.185666827704545	0	0.163603917026567	0.130979213707877	0.155771206110909	0.16525587296819	0.149291791674004	0.154187732196478	0.11192878465155	0.17877616868403	0.165285060177525	0.10422894365	0.105389823835463	0.107882776749932	0.120296434058095	0.106160071832182	0.110395133788677	0.112068264856204	0.111961129199554	0.15826918757787	0.137308504916657	0.159621799121735	0.157299487018949	0.161818399376256	0.098877171315954	0.123375591151949	0.154010960832107	0.103709729578019	0.11327724582929	0.14001014987016	0.170726548613852	0.0869758453397847	0.18447972145368	0.126321640823629	0.148485891286439	0.146416630172839	0.0935958952339757	0.151189625086674	0.136600634837371	0.127590138423286	0.138562762759243	0.150266186626444	0.129066185110726	0.128580883875378	0.0787863264674212	0.111142825622156	0.124797507175627	0.123285604351016	0.161787232703562	0.125332707424844	0.0936426646776369	0.133036143292761	0.0938396561303442
700023439	0.164370486933812	0.12579023308234	0.0999757145138729	0.175121518694675	0.152283134761447	0.0884227565488821	0.163252759131881	0.0917608395440392	0.163603917026567	0	0.11294298733671	0.110194559694073	0.0900433464785251	0.131604672865019	0.103926104050509	0.140329321381887	0.080444794164806	0.110983013032134	0.152246340907518	0.157540582393301	0.141421874934959	0.11923075362136	0.140725111573008	0.157401471877028	0.156996307878938	0.165756446317861	0.12993352247334	0.136882729964142	0.109924019807165	0.0991190746844887	0.0912687174056815	0.135025365862683	0.105329508753053	0.08748211437126	0.156872868484278	0.124277225285753	0.125954478644442	0.090901539660167	0.170256542696117	0.103179724186918	0.145132465306201	0.0955589565531368	0.133528279496409	0.143729656374956	0.0999399905023735	0.100378056235255	0.125115967486745	0.0858751054131664	0.107429123674125	0.103000315099991	0.110914191429089	0.178722692422269	0.161362831548207	0.114122267809563	0.180434930798861	0.0911850279633076	0.133498111390866	0.17114285706089	0.102493382515545	0.157920746890067
700016978	0.12530649826544	0.134066738459473	0.116129440645973	0.14656077523886	0.133341562173351	0.110663422368528	0.119593489794934	0.13598099318336	0.130979213707877	0.11294298733671	0	0.108414251335097	0.11546930701035	0.134728072221627	0.137362523610274	0.115537055534005	0.126890346738018	0.131027928060182	0.119095635706364	0.116734838172334	0.108798226025909	0.074961392378245	0.123645855481132	0.125248009845883	0.107135296110093	0.14725524435306	0.128093569075101	0.122931270634819	0.126912311187715	0.125719058366006	0.098744863983115	0.108961503725179	0.0828008550806105	0.0952187611322092	0.145084327900783	0.0985741329235773	0.111973560155718	0.133500788179828	0.124158514917933	0.150344342689712	0.122726024028474	0.106501003472555	0.105679692964336	0.112861960025361	0.113057713821367	0.113012960715148	0.125823454970899	0.0987511186133248	0.103384731721562	0.103158330200964	0.094907366847655	0.140245484465124	0.132951042453092	0.0913014526015815	0.1433148261178	0.120591342959505	0.11432463304235	0.126098590430307	0.104879791014621	0.130081872947103
700024192	0.153665097735743	0.156690308291012	0.0675465794908782	0.152512007231548	0.157194038322555	0.0921919358048303	0.135880057943601	0.112970808221188	0.155771206110909	0.110194559694073	0.108414251335097	0	0.0983742744237895	0.150524399763571	0.0898021945172156	0.116368530102237	0.119803205166897	0.116404692300389	0.138169650030202	0.137653537999479	0.132359842867678	0.0842689347066594	0.13355014064049	0.159193397438427	0.124583487788181	0.160949038788808	0.141989575130031	0.142760453318834	0.119368043757354	0.112273577303664	0.0990915961040237	0.0990559171666327	0.0947191347066876	0.0911994361087634	0.161413475811091	0.106583162467374	0.138954693672038	0.0898645983164351	0.165201325652642	0.106825267669073	0.148725275601568	0.0754701925188366	0.139786049991874	0.115579208046121	0.0931527776162158	0.118763934229753	0.142896729282845	0.0800488971497878	0.124604186878814	0.0704594237297261	0.0740939541738148	0.163841276382848	0.155621272965937	0.128165286750223	0.186791220002457	0.0976850375690227	0.12148294716439	0.153821433453312	0.0837881989532762	0.127191718944024
700113058	0.164427781024422	0.137744972274773	0.110255002314408	0.178134059720562	0.160114087384466	0.112086761267342	0.157159554496529	0.100421912726244	0.16525587296819	0.0900433464785251	0.11546930701035	0.0983742744237895	0	0.143004374848286	0.0982178900441671	0.1405861723217	0.107431493642692	0.13228562519392	0.158770408773408	0.151850853420069	0.150145853510549	0.112276799147669	0.155441867656549	0.167176105397003	0.151031753377343	0.168710514750571	0.134024245998477	0.130491730701758	0.109874411995739	0.099502786812466	0.106227342805915	0.130117776572732	0.111503036845799	0.0925455129197733	0.166963872218501	0.125066956851409	0.135981232861959	0.117417766945625	0.172423281519954	0.104980536495129	0.155878736092572	0.0820738409732217	0.160094890698972	0.140719121129867	0.0980018199738884	0.108299383361818	0.148663848235001	0.0800900896491504	0.122299410474868	0.100309078276154	0.116942977198965	0.175657804182189	0.167615856815109	0.138931086041729	0.197592572336439	0.075003428542406	0.131824104816266	0.172720008452	0.108929436439495	0.154088291468927
700099448	0.148267114523878	0.129873630832462	0.137858150085575	0.169002930973457	0.121095704673974	0.107955905569036	0.150399802860398	0.15677687789141	0.149291791674004	0.131604672865019	0.134728072221627	0.150524399763571	0.143004374848286	0	0.136117865745599	0.140166115087562	0.134088658112889	0.129454506536143	0.141983417398465	0.142556699992645	0.142160440430628	0.140301009947466	0.113901602989423	0.136777741737166	0.149223383159786	0.128606330454165	0.128446872129881	0.147984689510807	0.115988084046972	0.104406712917008	0.11951077920273	0.14756197126323	0.133349816408542	0.106318160186036	0.132336998304599	0.128444436443818	0.123675148094464	0.123268282300021	0.144249601079462	0.159230960567709	0.147652869318089	0.125764311730717	0.113942529181079	0.156519469321291	0.122256191725672	0.117685254310431	0.123926178854082	0.127937204021944	0.0824500492155887	0.134439522303917	0.130290090516317	0.135666500434636	0.151634010803743	0.128674661593325	0.15057151288311	0.14192307688873	0.126558047960605	0.145258523103971	0.116393803788174	0.150406592121798
700109870	0.156196713294167	0.1442784789453	0.0891523262357269	0.156797858916883	0.153014206639042	0.0937426412011408	0.14311796064573	0.108477327337847	0.154187732196478	0.103926104050509	0.137362523610274	0.0898021945172156	0.0982178900441671	0.136117865745599	0	0.135758051856035	0.10849423602473	0.13498552606952	0.154414899910244	0.139903542454163	0.133738884520797	0.119279212216843	0.130156085136666	0.158275186382128	0.134337352131047	0.167365677046154	0.140246231617282	0.145593909873925	0.104454974328755	0.0856047636896072	0.120517236193515	0.114760261244589	0.127990986368286	0.112272231189286	0.164294785086217	0.112161669814855	0.147505392775938	0.0786774224263427	0.169654317109523	0.0968678127044864	0.159499549789489	0.0777204696235687	0.155127752923651	0.132268934545496	0.0937163431341222	0.106191158353673	0.14136580030035	0.0740107473385048	0.122671289119777	0.0904599359294274	0.10908570038344	0.158165161259617	0.150067027374412	0.130466521158042	0.189036220310051	0.0968338983541207	0.109991994904229	0.156001990430748	0.0847710333890109	0.129744530351257
700033928	0.11135146386909	0.144708648044091	0.124374468187007	0.145424738710567	0.130474401277843	0.131936402162825	0.114631408305821	0.155770175971786	0.11192878465155	0.140329321381887	0.115537055534005	0.116368530102237	0.1405861723217	0.140166115087562	0.135758051856035	0	0.153633063916918	0.135745747683973	0.099617244603474	0.117086172480364	0.107738825130003	0.100167229435689	0.125927486838387	0.0955408382229578	0.111476640918452	0.141719959571771	0.134610467560607	0.129363715119971	0.140914598670276	0.136664145841287	0.132998360931533	0.106471877510082	0.10815403602153	0.132197785561946	0.130635259662138	0.122277873814107	0.123108308527232	0.140418576987869	0.117671402645866	0.157714884752369	0.109132106193157	0.115532350647045	0.122773292136822	0.114200218648476	0.121578372900946	0.118042615160573	0.127314088718026	0.121350162998004	0.131796888618783	0.107279215493986	0.0947120209148542	0.12590064172869	0.109530170442361	0.118230198997931	0.133867162095002	0.133842732733195	0.121954148339552	0.112178304963352	0.110346840075916	0.107616841579425
700023693	0.180224722899231	0.124032609870114	0.116655280405926	0.18396697407326	0.157013990980498	0.11475678904353	0.174095938059076	0.086393958041014	0.17877616868403	0.080444794164806	0.126890346738018	0.119803205166897	0.107431493642692	0.134088658112889	0.10849423602473	0.153633063916918	0	0.134404410755279	0.173039202907351	0.173235087488549	0.156896374667146	0.13314047427563	0.151538958001405	0.174955266868544	0.169215253355527	0.173620494488004	0.130240144587563	0.144143754630973	0.114128752366182	0.11063703845738	0.101899610603898	0.149472410785661	0.123963092151132	0.102508592015109	0.167364845239602	0.129793811273122	0.14169478160423	0.113231683932909	0.182176953079187	0.100761886181932	0.15465787969453	0.0988533793029987	0.140105629777878	0.158045201529114	0.104197349621294	0.114416064023376	0.12795016346355	0.0991795953754106	0.125468530012535	0.122290995939072	0.12812971017585	0.190190822835564	0.174136582524618	0.131537020812884	0.196991765494238	0.0998439236753479	0.145091504100997	0.186629364895361	0.123236563634087	0.170254090940169
700109627	0.158141092754702	0.158063842505097	0.0959320065373147	0.193049921444284	0.158555160009161	0.0834387600443509	0.171231243991073	0.14238149260774	0.165285060177525	0.110983013032134	0.131027928060182	0.116404692300389	0.13228562519392	0.129454506536143	0.13498552606952	0.135745747683973	0.134404410755279	0	0.148771807030621	0.164078256667947	0.154313615058772	0.116490825594646	0.150442480064165	0.14482120967581	0.157044150341526	0.174668147331148	0.124581930579832	0.159581951845599	0.148111630409676	0.120437700049138	0.0916621874531795	0.138869677085279	0.130472664205899	0.100520230450426	0.167426995471436	0.145165797795056	0.120450034841194	0.101180905899489	0.173122860907401	0.150749454396998	0.158823911448505	0.114406358190307	0.121867650376942	0.146384503431911	0.130167704223636	0.138607143133963	0.143335325422546	0.122294646587196	0.102298798849076	0.116233139132032	0.116481636770719	0.184819449848018	0.173621048792034	0.118176527400087	0.177607439885788	0.129967429300251	0.153478976632823	0.17899046139526	0.11989780648553	0.167521546990563
700095416	0.0789101016385214	0.153302303751961	0.147521657288819	0.136125652600642	0.118907646452985	0.151678691496361	0.0981444923995698	0.176177116806853	0.10422894365	0.152246340907518	0.119095635706364	0.138169650030202	0.158770408773408	0.141983417398465	0.154414899910244	0.099617244603474	0.173039202907351	0.148771807030621	0	0.108995793842764	0.0974119376028595	0.105500768186844	0.115245740260328	0.0927040855032263	0.104067578189944	0.119163964388197	0.138769502815727	0.13945809127273	0.141475185324477	0.151105022051058	0.144305815574958	0.107965287480705	0.112081462641414	0.142634133459191	0.113265760543047	0.123981299567982	0.119502057280376	0.156337118966287	0.0909478660785615	0.17538560305586	0.0910787181814241	0.139207433226805	0.111724298529554	0.113705119970848	0.137294570996061	0.119857869046577	0.116548488438624	0.139712449041148	0.134052009853871	0.125002919464021	0.107861304819993	0.109093685473199	0.115737846168518	0.106668309866576	0.113584468911201	0.151528202739006	0.116010600444647	0.100626540563013	0.125046723687068	0.107798436896804
700110425	0.0961581188516546	0.149104202111828	0.145195360650606	0.102556324481976	0.119078466615273	0.151157678381249	0.0798743264552789	0.171823603548498	0.105389823835463	0.157540582393301	0.116734838172334	0.137653537999479	0.151850853420069	0.142556699992645	0.139903542454163	0.117086172480364	0.173235087488549	0.164078256667947	0.108995793842764	0	0.0861415897944188	0.112058042174101	0.0951755106239664	0.115630983122838	0.0671088309697474	0.135767762086586	0.151910567079591	0.138615634848719	0.135527378274854	0.133111235109497	0.155656804383437	0.109131786251629	0.112554301581268	0.14269659640208	0.12313110083672	0.0995658144705479	0.145704418408985	0.159826293668913	0.119453854128298	0.170718300229359	0.125764717381768	0.13134910637392	0.133200270333346	0.0923663367568602	0.133763380929891	0.127986080145019	0.135008773565609	0.126344881208577	0.12574907067492	0.122156143692118	0.113402799318805	0.082744185282542	0.0702986836836119	0.116649486763374	0.125354773703682	0.15181168522085	0.0744196318074557	0.0812900746727105	0.107921371293593	0.0897622333210023
700111580	0.0870451813279626	0.140466691337033	0.143366121241775	0.113115551409526	0.125419538200383	0.137323758797624	0.0837637188432074	0.165971025819838	0.107882776749932	0.141421874934959	0.108798226025909	0.132359842867678	0.150145853510549	0.142160440430628	0.133738884520797	0.107738825130003	0.156896374667146	0.154313615058772	0.0974119376028595	0.0861415897944188	0	0.0977141370094683	0.0968502605033746	0.0976065625563644	0.067801604660611	0.138217755770077	0.158289153975433	0.146795858790731	0.121062329632645	0.142620307085781	0.145844379600108	0.0949988740285077	0.101230034941416	0.134760857448797	0.137238186420131	0.100278259544168	0.149078335479028	0.146877767468035	0.121602197783682	0.159717005116988	0.116558918268122	0.128302505420792	0.123122290065001	0.101412534592615	0.119278541730322	0.108878012044371	0.123047831419068	0.109253756132634	0.110711942314532	0.110791982770035	0.102077775365114	0.0932630270250682	0.096582538275213	0.0940198476709966	0.121338151248963	0.138715933833549	0.0644275859144047	0.0788111967632968	0.100707900388633	0.0841914271860988
700111302	0.11212768409154	0.128989003920989	0.0943825546560088	0.149070132364024	0.135194490466095	0.11311932848388	0.111370767979315	0.137250559940659	0.120296434058095	0.11923075362136	0.074961392378245	0.0842689347066594	0.112276799147669	0.140301009947466	0.119279212216843	0.100167229435689	0.13314047427563	0.116490825594646	0.105500768186844	0.112058042174101	0.0977141370094683	0	0.127414498236969	0.113668058976159	0.096596538466773	0.146464817514392	0.126648713777088	0.130375233384347	0.125893627812886	0.120313166544151	0.101495848494932	0.0777517278418529	0.0784334023029999	0.0973535554867077	0.143390416535645	0.0990618146765935	0.118295224360028	0.127291049520872	0.132449898614038	0.143645669968461	0.12633563106393	0.0898145802209202	0.108101325922914	0.102295856568847	0.100567162781693	0.112731741943641	0.122536030412128	0.0867368326190969	0.106521633942692	0.0806109563398565	0.0798552212647646	0.133753289628107	0.129012317466194	0.0882036904423512	0.153207688164579	0.108402442304294	0.102865841301225	0.125058928176613	0.0841368238601371	0.116169761520695
700098605	0.106229512149927	0.125849789495304	0.136193119283056	0.111966030312058	0.116876887808159	0.130277995035435	0.109239527847543	0.167396284483763	0.106160071832182	0.140725111573008	0.123645855481132	0.13355014064049	0.155441867656549	0.113901602989423	0.130156085136666	0.125927486838387	0.151538958001405	0.150442480064165	0.115245740260328	0.0951755106239664	0.0968502605033746	0.127414498236969	0	0.111211930019563	0.11007453634517	0.121502785310855	0.135262275391229	0.13081778668717	0.128069990735491	0.124762821138846	0.141882865561762	0.119807767035837	0.119673860105721	0.126862559531963	0.111764374254365	0.109175667960773	0.134405257078765	0.124757674332293	0.120168971558615	0.158296410614501	0.126853699812792	0.138472754938904	0.12947790722114	0.102246086420938	0.140200024229509	0.112897561185948	0.116597045868476	0.124260076846367	0.11353224478832	0.128123124436392	0.113327743907098	0.0993979742936979	0.102241571601932	0.109270547141559	0.10961129510042	0.149626151090941	0.107334256195267	0.102437160448578	0.107480441295582	0.0852452383245588
700111991	0.0720398243649607	0.148984202225883	0.147659890001966	0.126444117059273	0.124830715970048	0.146573414197134	0.0983355929743588	0.188957209142255	0.110395133788677	0.157401471877028	0.125248009845883	0.159193397438427	0.167176105397003	0.136777741737166	0.158275186382128	0.0955408382229578	0.174955266868544	0.14482120967581	0.0927040855032263	0.115630983122838	0.0976065625563644	0.113668058976159	0.111211930019563	0	0.0986186956822965	0.12513564021024	0.139120769826839	0.148469337952996	0.148300563478892	0.154314277642822	0.153040780806067	0.127808360748751	0.128313436272054	0.141810918663325	0.121962121101451	0.124571910173586	0.132402961468523	0.158869613135793	0.107045977520392	0.183933249178806	0.101074663971852	0.150243876109153	0.123348387605121	0.125595076090926	0.145153735436804	0.12154443856571	0.122279207116971	0.138890961223002	0.126933771481949	0.135906855540142	0.11745092824776	0.113082357414081	0.103879200828202	0.102485592729474	0.0874540517052467	0.162632858218869	0.117743982576288	0.0936626649305698	0.132128230991224	0.112604540871005
700108960	0.0885646622115049	0.152424175343023	0.131685890781453	0.104111854771998	0.127874479734472	0.134790269405558	0.0668192866455778	0.173101670402972	0.112068264856204	0.156996307878938	0.107135296110093	0.124583487788181	0.151031753377343	0.149223383159786	0.134337352131047	0.111476640918452	0.169215253355527	0.157044150341526	0.104067578189944	0.0671088309697474	0.067801604660611	0.096596538466773	0.11007453634517	0.0986186956822965	0	0.139620788579351	0.168083561954825	0.149789991752536	0.133301103552327	0.139350733077739	0.147534296347388	0.0866970801630383	0.115133114795047	0.136904259139553	0.138503545529493	0.0943026266864166	0.150307967105701	0.147034869803183	0.123942065295237	0.167919057695959	0.126556599911064	0.126506115375099	0.126338294324809	0.0914699770691849	0.132420302440009	0.131433804082377	0.139097475208169	0.121308735397824	0.123984088230535	0.100234510256738	0.0960940163172682	0.0891132550278183	0.0769008940986057	0.104871733305002	0.116359039437762	0.147290594407914	0.0693814508608792	0.0759739938015634	0.101802856127625	0.0849948345650506
700024452	0.109453247006756	0.152905428558877	0.159848860602497	0.118245393568327	0.101816367904658	0.164408339126332	0.118286707486242	0.183800472361988	0.111961129199554	0.165756446317861	0.14725524435306	0.160949038788808	0.168710514750571	0.128606330454165	0.167365677046154	0.141719959571771	0.173620494488004	0.174668147331148	0.119163964388197	0.135767762086586	0.138217755770077	0.146464817514392	0.121502785310855	0.12513564021024	0.139620788579351	0	0.156525638459484	0.120407748900533	0.113716425874148	0.1540280399175	0.170113975703737	0.152461470281906	0.13823841537912	0.149221415605458	0.0671483612801243	0.13577429925823	0.146223369217894	0.167347100337518	0.0993238398973738	0.173947288752713	0.117058064926791	0.159615158940531	0.143972581227916	0.146259273735981	0.154569843750272	0.116920846969988	0.118490904339535	0.154984474902713	0.140644497496352	0.151478445679692	0.128195242204413	0.105312276794063	0.119289307708557	0.138287681339459	0.109995435840285	0.163285455726194	0.136883156124852	0.133142572604861	0.139895331058338	0.142118681160641
700032931	0.151254828175962	0.119884359561539	0.128925046675552	0.18164045238297	0.153555873070665	0.131056203506308	0.173542680711199	0.128195940550854	0.15826918757787	0.12993352247334	0.128093569075101	0.141989575130031	0.134024245998477	0.128446872129881	0.140246231617282	0.134610467560607	0.130240144587563	0.124581930579832	0.138769502815727	0.151910567079591	0.158289153975433	0.126648713777088	0.135262275391229	0.139120769826839	0.168083561954825	0.156525638459484	0	0.124045555987027	0.141670224435531	0.132182003443324	0.129733258861387	0.146092417422657	0.125719020244779	0.115228477458226	0.153362942087757	0.140197295195381	0.123898009262041	0.132563983105265	0.138528022969862	0.147722440189242	0.128838735881723	0.134254038847241	0.133866303838495	0.150937177295675	0.132853041332819	0.130851637930917	0.117516473094723	0.124932219414894	0.119406473663703	0.131128963450248	0.135027092983594	0.170949764305253	0.165214478421866	0.121375250890067	0.155968066781583	0.130138300755178	0.153672791282686	0.166510575894433	0.128208980508726	0.164828492551148
700095837	0.138702772167119	0.131189369741996	0.146512944823286	0.156448843548886	0.1349805336869	0.156906295442165	0.151578154799021	0.14332874279294	0.137308504916657	0.136882729964142	0.122931270634819	0.142760453318834	0.130491730701758	0.147984689510807	0.145593909873925	0.129363715119971	0.144143754630973	0.159581951845599	0.13945809127273	0.138615634848719	0.146795858790731	0.130375233384347	0.13081778668717	0.148469337952996	0.149789991752536	0.120407748900533	0.124045555987027	0	0.113470415364423	0.121599327269142	0.147783919072888	0.143878566145816	0.111587267089792	0.124036859784319	0.124721819607044	0.135433782359068	0.129310096813999	0.158418359597635	0.132959918915642	0.151256288872438	0.124791585383326	0.127553989815932	0.145425483904153	0.133165995441979	0.126429513855438	0.114876202146516	0.129747746721644	0.125301913530046	0.139195065731296	0.138421118422927	0.12373709853173	0.148455060649079	0.139167894720734	0.14147771001158	0.148570823457953	0.131620692438873	0.144493258710083	0.154111959543262	0.126099472861629	0.151516171232184
700024548	0.142819151503934	0.137734722189529	0.123673484625204	0.139537763553202	0.126220961220971	0.110138536951966	0.141285113059578	0.119467827848436	0.159621799121735	0.109924019807165	0.126912311187715	0.119368043757354	0.109874411995739	0.115988084046972	0.104454974328755	0.140914598670276	0.114128752366182	0.148111630409676	0.141475185324477	0.135527378274854	0.121062329632645	0.125893627812886	0.128069990735491	0.148300563478892	0.133301103552327	0.113716425874148	0.141670224435531	0.113470415364423	0	0.0910135656392119	0.124354312216724	0.146901860279861	0.113025421513331	0.106033645820117	0.118043871827705	0.114750839921214	0.143071016243871	0.117705964595014	0.147333734492411	0.113385668611996	0.138459459708005	0.104522060121033	0.135932588351123	0.144206682958671	0.0911644992354364	0.0792781376175913	0.132836807036021	0.0981457154564661	0.106608740352366	0.114442930653895	0.11089772290052	0.147121825787173	0.126978106150922	0.12629118448983	0.153887998165408	0.1129659379292	0.107748322817814	0.147823118650396	0.100936545988824	0.147824808634111
700110161	0.163236366144676	0.131725056740621	0.0993441001795661	0.161194514891007	0.141946625237949	0.0991895109635202	0.152579880668306	0.112994910836215	0.157299487018949	0.0991190746844887	0.125719058366006	0.112273577303664	0.099502786812466	0.104406712917008	0.0856047636896072	0.136664145841287	0.11063703845738	0.120437700049138	0.151105022051058	0.133111235109497	0.142620307085781	0.120313166544151	0.124762821138846	0.154314277642822	0.139350733077739	0.1540280399175	0.132182003443324	0.121599327269142	0.0910135656392119	0	0.104608870927521	0.131197858273389	0.124994436446529	0.0940670858422438	0.149444683714497	0.124198850572985	0.134847469207544	0.0965177842106391	0.167688990908598	0.11502460834343	0.158144090013549	0.0786702031280915	0.136802238386027	0.129825734413249	0.102104634507607	0.11571863092933	0.143788197877433	0.0881368673993159	0.0965214973008587	0.0993166210947759	0.117419088203545	0.157015985014194	0.143289951032977	0.124449355466824	0.178971271759953	0.103814136349362	0.113768796245731	0.156457182999269	0.0958425087126777	0.142148516605024
700023496	0.160382159274974	0.130142065581113	0.0959510773933441	0.177432385567292	0.158217838046164	0.0734412730051086	0.156277833182715	0.129284617386745	0.161818399376256	0.0912687174056815	0.098744863983115	0.0990915961040237	0.106227342805915	0.11951077920273	0.120517236193515	0.132998360931533	0.101899610603898	0.0916621874531795	0.144305815574958	0.155656804383437	0.145844379600108	0.101495848494932	0.141882865561762	0.153040780806067	0.147534296347388	0.170113975703737	0.129733258861387	0.147783919072888	0.124354312216724	0.104608870927521	0	0.124541226981147	0.105579153088243	0.0818816116103355	0.164910429745857	0.128243952347141	0.115166704684295	0.104291768583084	0.165093183019539	0.131177189556109	0.14652408420416	0.093142972639128	0.114884679085497	0.131411105982262	0.102644993194	0.115051532645669	0.138453973921814	0.0931246058433016	0.0895815128101954	0.0967975536193256	0.110947309666869	0.177249441158084	0.171148983543429	0.111122128634639	0.187564308710249	0.0974559947564804	0.140355779235112	0.171707338913891	0.117489401256192	0.155755468014343
700034628	0.115663748720489	0.136898701984609	0.111618459707547	0.146809149460592	0.136293146670211	0.127261307609966	0.0846887442072925	0.154644466574692	0.098877171315954	0.135025365862683	0.108961503725179	0.0990559171666327	0.130117776572732	0.14756197126323	0.114760261244589	0.106471877510082	0.149472410785661	0.138869677085279	0.107965287480705	0.109131786251629	0.0949988740285077	0.0777517278418529	0.119807767035837	0.127808360748751	0.0866970801630383	0.152461470281906	0.146092417422657	0.143878566145816	0.146901860279861	0.131197858273389	0.124541226981147	0	0.102735257033759	0.121676011377112	0.15264412305292	0.0823290694817414	0.146104430012349	0.13294936027678	0.135947184098258	0.149524049051107	0.142201706399713	0.103166572513183	0.124312870745193	0.0739532624484294	0.116252880723898	0.132619834578866	0.135247766457255	0.0953096386857002	0.122445184534141	0.0758034325894739	0.0995853415038534	0.117828833627564	0.123691991094582	0.106911051449998	0.157086937231343	0.118442732486963	0.101166288210962	0.10425739685735	0.0989248715360516	0.0803532372449347
700023645	0.121926762240386	0.120058422510286	0.118824529696266	0.140944508771376	0.124872310101427	0.116284980797563	0.118135847951036	0.120078134260514	0.123375591151949	0.105329508753053	0.0828008550806105	0.0947191347066876	0.111503036845799	0.133349816408542	0.127990986368286	0.10815403602153	0.123963092151132	0.130472664205899	0.112081462641414	0.112554301581268	0.101230034941416	0.0784334023029999	0.119673860105721	0.128313436272054	0.115133114795047	0.13823841537912	0.125719020244779	0.111587267089792	0.113025421513331	0.124994436446529	0.105579153088243	0.102735257033759	0	0.0863058785190332	0.128935752326273	0.0862703988282405	0.129557773815937	0.130612434022681	0.129997309470596	0.121969459819383	0.12360918060247	0.100483516487021	0.108072030619412	0.105215447857526	0.0892438309485037	0.103308067517846	0.115032957321699	0.0824685954754784	0.10953435842975	0.0920828110149945	0.0869857227427197	0.130071649733645	0.127381175827222	0.104150275309924	0.145893901597848	0.0998971265239575	0.104295518938959	0.119991682378284	0.088242475766996	0.123614168651414
700038744	0.147795056704596	0.129171416374052	0.0904143902011546	0.162568142167795	0.140318390249452	0.0693516719230648	0.141596629306627	0.117333116404073	0.154010960832107	0.08748211437126	0.0952187611322092	0.0911994361087634	0.0925455129197733	0.106318160186036	0.112272231189286	0.132197785561946	0.102508592015109	0.100520230450426	0.142634133459191	0.14269659640208	0.134760857448797	0.0973535554867077	0.126862559531963	0.141810918663325	0.136904259139553	0.149221415605458	0.115228477458226	0.124036859784319	0.106033645820117	0.0940670858422438	0.0818816116103355	0.121676011377112	0.0863058785190332	0	0.147735405225323	0.108437654579875	0.112325046462126	0.089559616959853	0.15114927452466	0.109411812055744	0.142044230996298	0.0889365374596241	0.110171933146572	0.131540676248429	0.0928996305502927	0.102563038724225	0.131620727666768	0.0744339954803185	0.0782410433110133	0.0926646236240073	0.0992092426582803	0.165975776691526	0.156959640477677	0.102304679517625	0.171310982960652	0.0909488988031769	0.122526677405797	0.156036550161035	0.0924571509244946	0.147353717282729
700038485	0.116372275474671	0.145953927845741	0.155494251977429	0.124701702860682	0.102034967814816	0.160873763831786	0.121437347744685	0.177371120953576	0.103709729578019	0.156872868484278	0.145084327900783	0.161413475811091	0.166963872218501	0.132336998304599	0.164294785086217	0.130635259662138	0.167364845239602	0.167426995471436	0.113265760543047	0.12313110083672	0.137238186420131	0.143390416535645	0.111764374254365	0.121962121101451	0.138503545529493	0.0671483612801243	0.153362942087757	0.124721819607044	0.118043871827705	0.149444683714497	0.164910429745857	0.15264412305292	0.128935752326273	0.147735405225323	0	0.130872936082004	0.141859514041233	0.162970132898342	0.102544990154867	0.166927810569664	0.116207941622411	0.155569161508271	0.142016898862272	0.140447991594513	0.149168511276424	0.117423971110696	0.121776141713308	0.156742405465717	0.145656545748754	0.151587713186534	0.123476549168194	0.103048350073242	0.109569185750449	0.135825795197622	0.106353523478644	0.164865921881895	0.139962461759527	0.130361596955312	0.131420889476354	0.135710035422376
700024743	0.121579652110746	0.12770432675731	0.112085481517514	0.127502914137351	0.129321345146461	0.110782755452466	0.0938104606045702	0.12885880924441	0.11327724582929	0.124277225285753	0.0985741329235773	0.106583162467374	0.125066956851409	0.128444436443818	0.112161669814855	0.122277873814107	0.129793811273122	0.145165797795056	0.123981299567982	0.0995658144705479	0.100278259544168	0.0990618146765935	0.109175667960773	0.124571910173586	0.0943026266864166	0.13577429925823	0.140197295195381	0.135433782359068	0.114750839921214	0.124198850572985	0.128243952347141	0.0823290694817414	0.0862703988282405	0.108437654579875	0.130872936082004	0	0.141815269997567	0.126490906253049	0.12858094298096	0.137289615214829	0.136356092436382	0.106104576564211	0.118175450549909	0.0901873136915796	0.106671194313499	0.1114392656649	0.127411319019952	0.0956680838801249	0.111062020098474	0.102655556716356	0.0937861755924897	0.112839296446435	0.116689579726961	0.108670121657517	0.141750868418727	0.11823472282816	0.09817260778827	0.095474097226304	0.0864840918154127	0.0934517555657184
