700108602	700014971	700033565	700109389	700023058	700023927	700106341	700114221	700023543	700023439	700016978	700024192	700113058	700099448	700109870	700033928	700023693	700109627	700095416	700110425	700111580	700111302	700098605	700111991	700108960	700024452	700032931	700095837	700024548	700110161	700023496	700034628	700023645	700038744	700038485	700024743	700099596	700110760	700101587	700106399	700032322	700095653	700021312	700101230	700023590	700038905	700033136	700023382	700096424	700105469	700016908	700096053	700108479	700109569	700033814	700016125	700109756	700102665	700101777	700109455
700108602	0	0.152561814842689	0.158131943064392	0.104104520526189	0.128350344600604	0.16191481432295	0.0817062138453436	0.176912804343501	0.0898836149746426	0.159299758165035	0.114998962745108	0.149076433384792	0.161795084523241	0.145692530922674	0.157693743600553	0.115955288413999	0.180040835082748	0.157861431675312	0.0896376550777295	0.095309813763179	0.0781062187602617	0.100477521810053	0.0992895588113669	0.0732174606825553	0.0866942806768314	0.107715217893125	0.152847782836656	0.139509096123889	0.144628403145505	0.158682307964503	0.15391503442851	0.11424868029253	0.113515153946691	0.145750735007231	0.120493222319097	0.109399952879942	0.148657792008042	0.16589104237527	0.0972591530803716	0.173238581569903	0.10489467327353	0.149105049469574	0.138160188496586	0.113567005908766	0.136940628942898	0.125502275571256	0.108905152638226	0.141724148974074	0.141027442139114	0.130406860092658	0.107125925290234	0.0873751802226685	0.0945935304883845	0.102602010686364	0.0916887150715655	0.153870739615237	0.0959834972982471	0.0783936442311148	0.115348821447249	0.10308749674473
700014971	0.152561814842689	0	0.135235078147643	0.159842082436592	0.140171938636002	0.145957241939046	0.155497920425006	0.144436890370944	0.151080187290751	0.129342051990364	0.128952361652616	0.153029400929382	0.139317782932515	0.135053943283331	0.149534637518668	0.152834502760865	0.128926620858991	0.155084274675709	0.150619247366198	0.146331494776668	0.139315861285577	0.133831685206118	0.129852564692652	0.15781963546145	0.152975690132961	0.156709472661386	0.127326746724917	0.147819906509831	0.130080089510252	0.147886791109326	0.128634527886252	0.142630822482732	0.124373738025197	0.129871287353895	0.152398528830392	0.124365829763714	0.156857445519072	0.167137319908263	0.145779920961869	0.139030445696405	0.145688020861173	0.142853149184593	0.122791220282124	0.136761901825002	0.126696163602412	0.125628069703241	0.0975762375378853	0.134037712237552	0.131542063723234	0.136125908209958	0.133166093465055	0.15334058600065	0.143939637516723	0.13201017194278	0.176281185804507	0.128166219100633	0.145011963972625	0.154909342581028	0.133256152472582	0.157545772526767
700033565	0.158131943064392	0.135235078147643	0	0.154209835388292	0.154145309632438	0.0780850460945455	0.153796534856475	0.106790248255961	0.156831804475895	0.1071488350307	0.102777031489978	0.079922207578526	0.114775076477196	0.128700637690586	0.099406219649785	0.122392444896663	0.108518759671951	0.0951350679640654	0.141716076551389	0.147018911616172	0.143695310360728	0.102535057357617	0.141178467780215	0.149020960912787	0.139091088559833	0.155502149577782	0.139931006535288	0.154246976255747	0.130598396073101	0.106977520866874	0.106186831507356	0.106199421887619	0.114428987838899	0.0954826362510143	0.157828128448369	0.105427275056912	0.135722570466999	0.101154318430272	0.162144606782655	0.128920130183175	0.144542326006515	0.0946888302064335	0.137589969321655	0.128415746681201	0.11413581633705	0.123583209284853	0.131702494514066	0.0997552946829679	0.106466373321054	0.085292587972623	0.0859702293201813	0.16237210607297	0.153716115255885	0.11911210466852	0.184890581185779	0.118183402967094	0.125850351370412	0.152839514162329	0.0955291176846812	0.143462642750321
700109389	0.104104520526189	0.159842082436592	0.154209835388292	0	0.142216766846211	0.167634547968002	0.094848173803255	0.184588472820566	0.132884658672963	0.172430490114963	0.14041457322502	0.148836989468995	0.173138965761513	0.154413826706804	0.147793157229776	0.144584747585069	0.182507562694747	0.180045357640841	0.135932891619426	0.0885842061307288	0.107213464462647	0.136489628065437	0.105456110191342	0.113095914798955	0.108846773319362	0.111905276034498	0.174326607453726	0.153059710456051	0.137910703375705	0.161003872710605	0.169538680020459	0.133688930525485	0.132564873447701	0.160877695547485	0.118521172895555	0.119531206352193	0.180451768947937	0.169697911120976	0.130173279304543	0.1694475463613	0.126931115088971	0.15643048029223	0.154383854817263	0.136642840984644	0.15038992626912	0.139161023598935	0.145392107010553	0.155895639100609	0.151197197426834	0.137874492907712	0.11280269191436	0.0983787401603086	0.0725854715521026	0.14421213244913	0.117161146559757	0.174734780539829	0.102205635265021	0.0910251852185538	0.114080991727834	0.101769161930444
700023058	0.128350344600604	0.140171938636002	0.154145309632438	0.142216766846211	0	0.152176454371968	0.121906760552388	0.164365177725687	0.113085401620992	0.150716815376517	0.133018566928743	0.156490527919588	0.167276058569623	0.126410053376401	0.14957642900233	0.132160086363373	0.160321751439236	0.152099421415918	0.123046789435659	0.133424427505224	0.132421259686292	0.139605479836055	0.129141606641636	0.136638448846466	0.146398411973465	0.101760235675294	0.151314076286957	0.142618508146171	0.129220458685123	0.146839606519523	0.147053174979898	0.143392861979537	0.134956114940804	0.138356164125264	0.103235180946416	0.131584391008148	0.135655160860345	0.152240813753522	0.112454733787395	0.158774377490632	0.135804250738877	0.144156854531426	0.114010065024172	0.139156206462771	0.136795095237205	0.117524875963492	0.0974318046633045	0.146054601700562	0.136634446893863	0.144569743293836	0.127009989738005	0.119436526298188	0.121916081713993	0.120494785863131	0.138747841032624	0.159530385413594	0.128740332590111	0.132808283852019	0.135763227607958	0.138477067853695
700023927	0.16191481432295	0.145957241939046	0.0780850460945455	0.167634547968002	0.152176454371968	0	0.16109976650158	0.109618995886912	0.162243918922045	0.0920442966036276	0.104743303554298	0.0930485377259753	0.111291834375809	0.101054381237384	0.0904807407878973	0.14102018243992	0.0998832984384962	0.0679739436977215	0.147189989279337	0.149035386299496	0.144133500311823	0.115734158345408	0.135993863732383	0.150284793579961	0.14337715938236	0.158632377484067	0.141561589090063	0.16612148811749	0.117561835549739	0.0951194934513246	0.086750507443053	0.12427804204856	0.114060341843733	0.0837879577291923	0.154806583058633	0.106727591411581	0.121438885944828	0.0593267815883547	0.167648063635787	0.120349847248075	0.154276878199896	0.08947162632483	0.11828075045624	0.130839783811931	0.103821754461274	0.11645921879091	0.133503958766146	0.0968894909675734	0.0736390057676601	0.0971239212911479	0.10487889730757	0.170555302538594	0.162806128489593	0.115521131875024	0.184902045181161	0.118812444544812	0.12485088193151	0.154457407380908	0.101246262189018	0.15019335780775
700106341	0.0817062138453436	0.155497920425006	0.153796534856475	0.094848173803255	0.121906760552388	0.16109976650158	0	0.181692417478439	0.0808884412880134	0.171352761323713	0.127214512692313	0.13715311400029	0.167187613447813	0.13511937367313	0.145570623576148	0.123602053642999	0.179563727536883	0.172933399041072	0.109061559871861	0.0775669970875504	0.0877366514476879	0.111839083147648	0.110483100776076	0.107585355084427	0.0780300888486356	0.106019371749138	0.174845541072974	0.162805005423572	0.14168723731114	0.15394061501255	0.159738510950895	0.0864547877371491	0.117832196763052	0.156004998037679	0.123649074907549	0.0910947895501756	0.164705918889324	0.165718590878025	0.0919171365036769	0.17870829047302	0.129884458949853	0.142972389598937	0.135586918410903	0.101868780941592	0.139368160064218	0.140409143802559	0.125692384402983	0.13568963181171	0.13990489461178	0.120579181010654	0.110167506111082	0.068664027057995	0.0850364805939273	0.117157809010029	0.112834088168574	0.16747611406628	0.0909328471101584	0.0722325565433549	0.110117291990994	0.074854532897609
700114221	0.176912804343501	0.144436890370944	0.106790248255961	0.184588472820566	0.164365177725687	0.109618995886912	0.181692417478439	0	0.176319629826094	0.0810698499601087	0.129420505163716	0.112689248282839	0.088599405744001	0.155196544955455	0.0986056046722364	0.157365513769637	0.0716619296535541	0.130588098422228	0.168562059442477	0.171694521481987	0.16287005627958	0.137919208572301	0.163802247317925	0.177069859458782	0.174898896557742	0.17961939281681	0.13222872847033	0.157680153023874	0.121598896823785	0.119151425997622	0.118334535770092	0.146151365350113	0.128809593824853	0.109849111564412	0.177124664774666	0.131941927122118	0.153936100668444	0.0850463226361982	0.177897586951272	0.088657289869524	0.158617597827609	0.100598803115589	0.159532774020153	0.144826078512891	0.0963818281952409	0.121879033137161	0.135965198127179	0.0905033146769477	0.13797645688688	0.114309984121821	0.136715405728085	0.187974168959416	0.175624759662622	0.143428355843537	0.211230290185203	0.0990779200145762	0.144129143396075	0.185796582272994	0.127627030895043	0.169571667705686
700023543	0.0898836149746426	0.151080187290751	0.156831804475895	0.132884658672963	0.113085401620992	0.162243918922045	0.0808884412880134	0.176319629826094	0	0.159318014757362	0.119246425679486	0.14910115083364	0.161424034256844	0.140060638117762	0.153182938881228	0.10691754302105	0.172487242966631	0.161585754856092	0.0919107862026789	0.111508546440503	0.100868444867028	0.110841573360752	0.11342708056198	0.099082625481973	0.105217995038157	0.101015470963347	0.154176551744578	0.133725287812784	0.154786525209765	0.155425508044744	0.153760497811207	0.0992639275712848	0.121131435008016	0.149773901175223	0.106662486852832	0.115465134151304	0.142798064463074	0.168355003581689	0.0776793880660449	0.182133527436433	0.119385810594926	0.147122633992464	0.127096604989751	0.105860975016971	0.14719953990021	0.137464064814335	0.107192551790423	0.141818062306786	0.147090749627579	0.126224536772199	0.116332320332727	0.0848116513065537	0.111437671842676	0.115027247664656	0.118455042336894	0.159416737224912	0.122058200228005	0.0931209785532387	0.13094587401495	0.10065051455918
700023439	0.159299758165035	0.129342051990364	0.1071488350307	0.172430490114963	0.150716815376517	0.0920442966036276	0.171352761323713	0.0810698499601087	0.159318014757362	0	0.108747334694188	0.110696452816419	0.0878347059975506	0.126854200122592	0.100121972525993	0.149064292350928	0.0756773932118723	0.11029440847964	0.148365343214856	0.160027563510766	0.143815635696466	0.121186440079203	0.143298768961515	0.157423444638029	0.159137182839353	0.161700991373155	0.137171770617981	0.150280946380713	0.108980301271184	0.0999467464227282	0.0974802122546477	0.136827505973776	0.106691892395848	0.0837200086693807	0.152828765339074	0.121384213472084	0.14259957550467	0.0849221620872126	0.164150238967207	0.0776231570396642	0.139493763891842	0.0945381635308487	0.133841293706646	0.138525677128482	0.0921024070445382	0.104521594952625	0.123228069938493	0.0982516713128301	0.116403576605283	0.116241692626187	0.121456852910252	0.171335471247599	0.165045598029757	0.119351142109702	0.186561849037885	0.10036340908022	0.129844437826621	0.166103486867006	0.112746322899851	0.161113251663998
700016978	0.114998962745108	0.128952361652616	0.102777031489978	0.14041457322502	0.133018566928743	0.104743303554298	0.127214512692313	0.129420505163716	0.119246425679486	0.108747334694188	0	0.100896630730906	0.10790199847695	0.118158535796763	0.123388114034308	0.114842222601823	0.1216046146973	0.109280910556215	0.116297524087258	0.115562803638352	0.108119438406998	0.0764529450287029	0.124168536197499	0.119555157336965	0.106441349448927	0.138126589233993	0.131954920632366	0.124276277310835	0.119213690899659	0.112219045402573	0.104979612638571	0.102968178994498	0.0743211316767796	0.085967898331937	0.135200816229334	0.095064143443334	0.126373269036309	0.11962869242491	0.116068745335271	0.131901233473695	0.109779128562229	0.0966839650399694	0.110639762092411	0.101179861777705	0.100272155652281	0.111055480431784	0.107731395349287	0.102574912784137	0.0991712740307679	0.0965571242083602	0.0819415005071886	0.132596559319048	0.129136944898302	0.0859749468282512	0.148676091408444	0.11680199891883	0.101555374590455	0.124877164759214	0.0910918981963444	0.128506831897262
700024192	0.149076433384792	0.153029400929382	0.079922207578526	0.148836989468995	0.156490527919588	0.0930485377259753	0.13715311400029	0.112689248282839	0.14910115083364	0.110696452816419	0.100896630730906	0	0.0917157079379294	0.141615408907654	0.0844614706332335	0.121124869641488	0.119810055659369	0.111161555396362	0.137552743497822	0.134014746988723	0.130608125938822	0.0921762455984628	0.135932716501081	0.1575953920971	0.127709935607835	0.159609982391194	0.153712183495933	0.152914335683225	0.125177269850508	0.116067269300522	0.10392383059887	0.0927911566836535	0.0930562861570614	0.0930769576937344	0.160781787653744	0.104806797637064	0.148960254131442	0.0968223784323277	0.157320648446221	0.115263507036688	0.142376072740643	0.0716531418970538	0.147857834359568	0.105049969841978	0.0886001030109584	0.116771879457463	0.136558049570128	0.0756689392986464	0.123455875555601	0.0659406299963416	0.0775969545255904	0.157523676048195	0.150432755614855	0.128490812870476	0.191065604266959	0.102478569674193	0.109378023402855	0.144086731535489	0.0907370698196681	0.127207177306138
700113058	0.161795084523241	0.139317782932515	0.114775076477196	0.173138965761513	0.167276058569623	0.111291834375809	0.167187613447813	0.088599405744001	0.161424034256844	0.0878347059975506	0.10790199847695	0.0917157079379294	0	0.143126471714723	0.0991572073673197	0.143874910635367	0.107020692413237	0.130293279821107	0.15563516940129	0.152519359432019	0.150968707328581	0.121264921632495	0.153332357042016	0.164815139716072	0.156853111992533	0.17204435630101	0.138859461984838	0.140134935132446	0.121149307005602	0.105896519872956	0.105383511179022	0.124902977711959	0.107453559509205	0.0974163952925339	0.171632464330583	0.129240536976558	0.142762561350013	0.112348735460952	0.156747880968467	0.0929943770214158	0.144047050238748	0.0782137401937666	0.158528503148556	0.129726084455601	0.0938579586995376	0.113395507092465	0.145806396402784	0.0878912730961526	0.127101245651311	0.101534313643742	0.123287327638012	0.16979735470281	0.170311476799695	0.143366780167065	0.200771112523939	0.0863182944385275	0.126018463551105	0.170831055979057	0.112619406980714	0.153466777016739
700099448	0.145692530922674	0.135053943283331	0.128700637690586	0.154413826706804	0.126410053376401	0.101054381237384	0.13511937367313	0.155196544955455	0.140060638117762	0.126854200122592	0.118158535796763	0.141615408907654	0.143126471714723	0	0.124404397950166	0.152729948896228	0.132402312980683	0.119082639177767	0.132227544504958	0.129316269574187	0.125784096953389	0.130363851312327	0.110740989614057	0.137706626606742	0.140072849122828	0.129533410465381	0.13975938240989	0.156300675836891	0.113183801729507	0.103959796821683	0.109886821674244	0.132357763773938	0.121374843815433	0.116246529559862	0.128539622910384	0.119408263586571	0.132459051479647	0.120690666603066	0.138585146939416	0.147640165880364	0.15181539308623	0.122017386982659	0.120032753459944	0.133778338904043	0.121609796916318	0.119815031688729	0.125617383204288	0.125759865138254	0.0772122416280654	0.123508300587642	0.117621327463807	0.130644122914744	0.143090469511266	0.11781782384759	0.147377003823563	0.147228278320002	0.112648067060974	0.13042545722717	0.10525733326362	0.1355151442545
700109870	0.157693743600553	0.149534637518668	0.099406219649785	0.147793157229776	0.14957642900233	0.0904807407878973	0.145570623576148	0.0986056046722364	0.153182938881228	0.100121972525993	0.123388114034308	0.0844614706332335	0.0991572073673197	0.124404397950166	0	0.143277839318509	0.106380825736332	0.12534292130267	0.146941367947478	0.133115409426849	0.130381207157767	0.123503045398213	0.123577768964225	0.155748660729321	0.139273386964243	0.152612030770146	0.145710859881864	0.15528015640601	0.10430254705978	0.0903532891724108	0.117123713081089	0.111399760740269	0.120037610409956	0.113884258711908	0.159196051030591	0.115699701308771	0.148338431450851	0.0802342349377418	0.159109312108186	0.093787533637086	0.158534559126378	0.077271705443969	0.152843030620973	0.123472903939803	0.0937874445627581	0.104105711702385	0.138710761298723	0.0876799510430324	0.109366522507795	0.085524020871726	0.108678801494126	0.157662465104041	0.147289148974657	0.131900938685098	0.182154217315809	0.109218901988273	0.107065315558121	0.149263897088187	0.0947409910516192	0.127722404663741
700033928	0.115955288413999	0.152834502760865	0.122392444896663	0.144584747585069	0.132160086363373	0.14102018243992	0.123602053642999	0.157365513769637	0.10691754302105	0.149064292350928	0.114842222601823	0.121124869641488	0.143874910635367	0.152729948896228	0.143277839318509	0	0.157567595018481	0.1438114787386	0.10353062823063	0.128421339574258	0.115629473592676	0.104576272482152	0.128258464771347	0.107653898053292	0.125007314115703	0.133760970580679	0.141872319754065	0.128474643624906	0.155542572075311	0.147828228079645	0.139148315626859	0.114945779551229	0.107006348418148	0.136763320836549	0.137409065094659	0.126307681974241	0.132031052310711	0.158045178487163	0.109289548878357	0.16760229056431	0.103512420409054	0.123545597770153	0.139726503289175	0.12355843270006	0.12955915636014	0.135845922708956	0.1116590492327	0.132291009157271	0.142582617336144	0.114634058209457	0.0971187540074515	0.121193394483267	0.123738457563205	0.118721311507496	0.130846974044456	0.144806129541846	0.126094962346927	0.118661800713631	0.118775653537	0.121735875696076
700023693	0.180040835082748	0.128926620858991	0.108518759671951	0.182507562694747	0.160321751439236	0.0998832984384962	0.179563727536883	0.0716619296535541	0.172487242966631	0.0756773932118723	0.1216046146973	0.119810055659369	0.107020692413237	0.132402312980683	0.106380825736332	0.157567595018481	0	0.117606227637104	0.162210366067797	0.171978306367564	0.157066127259253	0.136022736675631	0.154334876292583	0.169795638860908	0.176541108522036	0.175594419773182	0.13526177715837	0.159835637195686	0.114110171592985	0.107470999552234	0.0989216858414197	0.143126391492803	0.127777306974849	0.0971544142678589	0.166304049476523	0.127427453863891	0.136578327951843	0.102301489666268	0.175906978848668	0.0914939367929232	0.152626886204046	0.102855413784989	0.138017372653942	0.145093909899377	0.100031398284747	0.115847771369121	0.12435151131605	0.105133796764961	0.118986089938384	0.123237086777113	0.136770841668186	0.185748537332903	0.170397296910128	0.125425206389734	0.20060121947244	0.118033560629462	0.143870043815411	0.18162300634073	0.132889529870356	0.168276493590512
700109627	0.157861431675312	0.155084274675709	0.0951350679640654	0.180045357640841	0.152099421415918	0.0679739436977215	0.172933399041072	0.130588098422228	0.161585754856092	0.11029440847964	0.109280910556215	0.111161555396362	0.130293279821107	0.119082639177767	0.12534292130267	0.1438114787386	0.117606227637104	0	0.147465317645579	0.156473444077156	0.151414942812337	0.117132265246389	0.151885356843125	0.148135248080931	0.149108716496869	0.163836810491077	0.150297308840745	0.163659712092886	0.143230956915892	0.113860760593269	0.100945040836744	0.131155406791165	0.122149450095931	0.103802802420061	0.159647858224222	0.126873505526387	0.11518339069522	0.0952906841007811	0.173933843020001	0.137735702021377	0.155133574131195	0.106936145329219	0.120155205286626	0.137058367508352	0.13708689026896	0.135465176816321	0.135972699231339	0.126609639036263	0.0873476308405635	0.120396084238699	0.11530265727338	0.174968878870243	0.168533023697179	0.117944587363199	0.180638420255873	0.133012844299718	0.140564115428239	0.165945290534886	0.1160144933643	0.159576393749583
700095416	0.0896376550777295	0.150619247366198	0.141716076551389	0.135932891619426	0.123046789435659	0.147189989279337	0.109061559871861	0.168562059442477	0.0919107862026789	0.148365343214856	0.116297524087258	0.137552743497822	0.15563516940129	0.132227544504958	0.146941367947478	0.10353062823063	0.162210366067797	0.147465317645579	0	0.123532058951242	0.100154199644571	0.104394568651625	0.115940652297391	0.0942493718882309	0.115552361077784	0.114383718412464	0.145623995003733	0.140843508069436	0.140914006635178	0.15244661848016	0.134842235452151	0.104155539214087	0.101768311814893	0.137049376814206	0.117256270497733	0.108285768575023	0.116577401264358	0.15670373167727	0.101778155062302	0.168664762174431	0.107556296178725	0.139538984041169	0.112481187416016	0.11529709235554	0.129199854452614	0.122453466376189	0.109353687637386	0.137748791933715	0.129753203309301	0.12713529472583	0.100011049850932	0.112777169234137	0.125743113404243	0.101327552057249	0.123945923770582	0.149044731903804	0.117383003522836	0.102068597953669	0.123348899726051	0.117539465515764
700110425	0.095309813763179	0.146331494776668	0.147018911616172	0.0885842061307288	0.133424427505224	0.149035386299496	0.0775669970875504	0.171694521481987	0.111508546440503	0.160027563510766	0.115562803638352	0.134014746988723	0.152519359432019	0.129316269574187	0.133115409426849	0.128421339574258	0.171978306367564	0.156473444077156	0.123532058951242	0	0.0891703001472787	0.111614058588939	0.0991026765418592	0.107851061489297	0.0734547044416589	0.121352600443998	0.1563797402773	0.136466000234356	0.132213324060103	0.131122027860001	0.156967115029719	0.108616802202658	0.11256215345115	0.143525832846053	0.121634036145384	0.089960814716176	0.158774894502639	0.152137700207286	0.114784327234418	0.165168386618425	0.121653479031778	0.127498604513712	0.136899853559338	0.0927393613371528	0.128824807584245	0.127084539103113	0.122179883534655	0.128826074363097	0.125330388440509	0.116334553401435	0.108935574132753	0.0728967281363697	0.0649463938274744	0.124308888578664	0.121142591284567	0.158271413941242	0.0745351997555836	0.0749932139282563	0.0891010768079411	0.0793903596704828
700111580	0.0781062187602617	0.139315861285577	0.143695310360728	0.107213464462647	0.132421259686292	0.144133500311823	0.0877366514476879	0.16287005627958	0.100868444867028	0.143815635696466	0.108119438406998	0.130608125938822	0.150968707328581	0.125784096953389	0.130381207157767	0.115629473592676	0.157066127259253	0.151414942812337	0.100154199644571	0.0891703001472787	0	0.0847339313014693	0.0983433812953271	0.100787020793705	0.0711061307294832	0.124244190606551	0.153066733454504	0.154802139111001	0.125013351429407	0.143702152905421	0.143074326755672	0.100583879327602	0.0973777237970027	0.133013484112767	0.129791426594882	0.0905952267683603	0.164803222950287	0.151503387398391	0.116241200222723	0.156287424355469	0.116212817563752	0.126916074145648	0.133794676731516	0.098222353457076	0.116281128198063	0.111488663243596	0.111234250386429	0.11883520654023	0.116354490620225	0.109927133317204	0.100529176294434	0.0865536222755584	0.093142678295437	0.0977365587503468	0.119260666874459	0.137996310806446	0.0686771271253448	0.0725360587776682	0.0858491195438114	0.0859853945519703
700111302	0.100477521810053	0.133831685206118	0.102535057357617	0.136489628065437	0.139605479836055	0.115734158345408	0.111839083147648	0.137919208572301	0.110841573360752	0.121186440079203	0.0764529450287029	0.0921762455984628	0.121264921632495	0.130363851312327	0.123503045398213	0.104576272482152	0.136022736675631	0.117132265246389	0.104394568651625	0.111614058588939	0.0847339313014693	0	0.124596373074475	0.109148495732313	0.0862450216872458	0.142218176830525	0.142616099208388	0.149204736834078	0.128783756360817	0.127740271337136	0.123847332587344	0.0747253719392883	0.0752087869904154	0.098587904609423	0.140949246678931	0.0819163698051147	0.136276041911876	0.134484704001621	0.125177557534285	0.139008832679557	0.130240738568524	0.0965927538793129	0.126276361627879	0.0942274806383888	0.0977241203616812	0.118500384765486	0.111076298807817	0.0930233324525276	0.110862398198206	0.0734306854459297	0.0755632649730218	0.121339187820622	0.120174156514594	0.0944187906415156	0.147436635386955	0.110205751281785	0.0949003503831947	0.10888088896022	0.0791390900008574	0.116053822409814
700098605	0.0992895588113669	0.129852564692652	0.141178467780215	0.105456110191342	0.129141606641636	0.135993863732383	0.110483100776076	0.163802247317925	0.11342708056198	0.143298768961515	0.124168536197499	0.135932716501081	0.153332357042016	0.110740989614057	0.123577768964225	0.128258464771347	0.154334876292583	0.151885356843125	0.115940652297391	0.0991026765418592	0.0983433812953271	0.124596373074475	0	0.108933469490114	0.116647415647706	0.111421928633928	0.129807492918382	0.133599946644239	0.131970608727151	0.127261334587445	0.138039221454969	0.110696182713667	0.11984231445195	0.138682469951605	0.115554604528462	0.103502098799656	0.138859713984407	0.14072829959638	0.112322849837865	0.149214319099145	0.124159385237731	0.137655017221709	0.128602123110381	0.107557418698592	0.136245542814284	0.113976906967456	0.105299757680945	0.132406098115827	0.120279166057378	0.11901134390344	0.107195236274659	0.102822465292421	0.0953590956418787	0.117633626223095	0.11111810807113	0.147492431704051	0.112552744488856	0.0896509066715234	0.108170592642993	0.086168114552772
700111991	0.0732174606825553	0.15781963546145	0.149020960912787	0.113095914798955	0.136638448846466	0.150284793579961	0.107585355084427	0.177069859458782	0.099082625481973	0.157423444638029	0.119555157336965	0.1575953920971	0.164815139716072	0.137706626606742	0.155748660729321	0.107653898053292	0.169795638860908	0.148135248080931	0.0942493718882309	0.107851061489297	0.100787020793705	0.109148495732313	0.108933469490114	0	0.112352474823809	0.100268750202471	0.144930854923685	0.132651178539968	0.144461863759963	0.159236343663829	0.154445543442878	0.129516437884415	0.114257227672648	0.147131049606977	0.0992844368808519	0.110616569751331	0.133851069850111	0.16167551728151	0.0978747438577943	0.178610569345041	0.102140164510381	0.149221985539077	0.129139450642045	0.127112304310042	0.143504758704065	0.125228578098097	0.109787315234688	0.15190807726315	0.133404240742095	0.139513286006879	0.115018324317403	0.101968229674348	0.10145067523367	0.104211057958223	0.0952571906499881	0.158086218294448	0.119246002667105	0.0901515062796736	0.120980759382455	0.120151158908448
700108960	0.0866942806768314	0.152975690132961	0.139091088559833	0.108846773319362	0.146398411973465	0.14337715938236	0.0780300888486356	0.174898896557742	0.105217995038157	0.159137182839353	0.106441349448927	0.127709935607835	0.156853111992533	0.140072849122828	0.139273386964243	0.125007314115703	0.176541108522036	0.149108716496869	0.115552361077784	0.0734547044416589	0.0711061307294832	0.0862450216872458	0.116647415647706	0.112352474823809	0	0.136504128572302	0.170470945316785	0.161813420590173	0.137212206686764	0.144514158934082	0.154185414912724	0.0896505898388624	0.113223048484789	0.14311764982437	0.141306489879316	0.0926125038883326	0.162037312833368	0.15511015249399	0.116847753117881	0.169609604342808	0.135256176203767	0.128465549423775	0.141022386032204	0.08604171562296	0.126936297111593	0.1375153082927	0.129651984319646	0.127152500936688	0.123609206014569	0.104524033151634	0.0979725303999162	0.0875902294930706	0.0785291616384369	0.105887930106923	0.12335944718867	0.152348625749192	0.0790969013355338	0.0727590062948375	0.0876984351653212	0.0790351519730808
700024452	0.107715217893125	0.156709472661386	0.155502149577782	0.111905276034498	0.101760235675294	0.158632377484067	0.106019371749138	0.17961939281681	0.101015470963347	0.161700991373155	0.138126589233993	0.159609982391194	0.17204435630101	0.129533410465381	0.152612030770146	0.133760970580679	0.175594419773182	0.163836810491077	0.114383718412464	0.121352600443998	0.124244190606551	0.142218176830525	0.111421928633928	0.100268750202471	0.136504128572302	0	0.153033995055234	0.122699353054747	0.111458212736804	0.151046664875309	0.158745135489139	0.140394161521785	0.130562926804275	0.153021560583774	0.0617011174658683	0.125931305274392	0.159725361979899	0.161702083158094	0.102934802911281	0.169864151042088	0.115466557767318	0.150196298633688	0.140367368131637	0.135428452066263	0.147556273175906	0.110729214101303	0.108665997604709	0.161535477055271	0.145876216155454	0.151755660343602	0.125695581527228	0.0984863095053748	0.0983320352138701	0.126409477731011	0.112337532973069	0.163999425052392	0.120717197808616	0.115058107862819	0.123622344979187	0.139875807127508
700032931	0.152847782836656	0.127326746724917	0.139931006535288	0.174326607453726	0.151314076286957	0.141561589090063	0.174845541072974	0.13222872847033	0.154176551744578	0.137171770617981	0.131954920632366	0.153712183495933	0.138859461984838	0.13975938240989	0.145710859881864	0.141872319754065	0.13526177715837	0.150297308840745	0.145623995003733	0.1563797402773	0.153066733454504	0.142616099208388	0.129807492918382	0.144930854923685	0.170470945316785	0.153033995055234	0	0.131609301144732	0.146551269880783	0.137713461087536	0.134514704843835	0.152464615699289	0.134705127429367	0.138720220547815	0.145137483197172	0.142654323505093	0.138373535802116	0.139513988058049	0.142632331824356	0.152937781133921	0.143497234862543	0.14647713166364	0.143953240825519	0.140359508200506	0.140765252421222	0.136074707702156	0.109474710722257	0.137701518881354	0.134673279159798	0.138935153338476	0.138016660831202	0.16621597207867	0.157447821092233	0.129085529810232	0.155008385705923	0.138378409982769	0.15913378986448	0.164178284010911	0.136551532834931	0.164401775799574
700095837	0.139509096123889	0.147819906509831	0.154246976255747	0.153059710456051	0.142618508146171	0.16612148811749	0.162805005423572	0.157680153023874	0.133725287812784	0.150280946380713	0.124276277310835	0.152914335683225	0.140134935132446	0.156300675836891	0.15528015640601	0.128474643624906	0.159835637195686	0.163659712092886	0.140843508069436	0.136466000234356	0.154802139111001	0.149204736834078	0.133599946644239	0.132651178539968	0.161813420590173	0.122699353054747	0.131609301144732	0	0.122175387894077	0.133192567665348	0.151715156321763	0.153379383678676	0.12967119107787	0.136158603522032	0.120810245968509	0.150204669051383	0.140989590460058	0.167105762968676	0.120957624418977	0.154243094807944	0.116354727240416	0.13953002546245	0.153856036808347	0.141273507076422	0.136778668364345	0.131344864697715	0.122658552004807	0.142800420154717	0.156135258339052	0.149909655092517	0.129183486372198	0.144881928337111	0.143458297513748	0.152539655703979	0.148057558197832	0.150129868271438	0.147938991880268	0.154187040720768	0.139454051504156	0.158786758534867
700024548	0.144628403145505	0.130080089510252	0.130598396073101	0.137910703375705	0.129220458685123	0.117561835549739	0.14168723731114	0.121598896823785	0.154786525209765	0.108980301271184	0.119213690899659	0.125177269850508	0.121149307005602	0.113183801729507	0.10430254705978	0.155542572075311	0.114110171592985	0.143230956915892	0.140914006635178	0.132213324060103	0.125013351429407	0.128783756360817	0.131970608727151	0.144461863759963	0.137212206686764	0.111458212736804	0.146551269880783	0.122175387894077	0	0.107884632292805	0.121890691579852	0.138593206030306	0.112160379389873	0.105861225770601	0.121025835743484	0.110728951492647	0.156832909018012	0.116444472577016	0.141353674385444	0.115484797068612	0.13475743119895	0.0955064485575184	0.139145397335306	0.137034906708479	0.0813677267802998	0.0843753015422292	0.124527697239374	0.111772958586611	0.119786594656947	0.122325916069717	0.118109487886381	0.146129235541876	0.129088851100738	0.128133364078046	0.161124530021382	0.129679141250612	0.10537815710249	0.146924423679527	0.104810489317703	0.150958223056192
700110161	0.158682307964503	0.147886791109326	0.106977520866874	0.161003872710605	0.146839606519523	0.0951194934513246	0.15394061501255	0.119151425997622	0.155425508044744	0.0999467464227282	0.112219045402573	0.116067269300522	0.105896519872956	0.103959796821683	0.0903532891724108	0.147828228079645	0.107470999552234	0.113860760593269	0.15244661848016	0.131122027860001	0.143702152905421	0.127740271337136	0.127261334587445	0.159236343663829	0.144514158934082	0.151046664875309	0.137713461087536	0.133192567665348	0.107884632292805	0	0.100963344421784	0.127347911888561	0.123501665267074	0.094327251912248	0.158003210360018	0.128008205432304	0.131712520125848	0.0962280949424159	0.153164920328915	0.112822782026947	0.149387701309305	0.0851777893355873	0.14305848069117	0.124227422260697	0.106747290772337	0.124647835868308	0.140711708155444	0.101663074576156	0.0935011885636781	0.110192459844283	0.121076921500122	0.153406528245689	0.153246106641156	0.124390207834929	0.176462420033235	0.120701787206979	0.108565718410922	0.151088726979198	0.103821904677467	0.143268413452906
700023496	0.15391503442851	0.128634527886252	0.106186831507356	0.169538680020459	0.147053174979898	0.086750507443053	0.159738510950895	0.118334535770092	0.153760497811207	0.0974802122546477	0.104979612638571	0.10392383059887	0.105383511179022	0.109886821674244	0.117123713081089	0.139148315626859	0.0989216858414197	0.100945040836744	0.134842235452151	0.156967115029719	0.143074326755672	0.123847332587344	0.138039221454969	0.154445543442878	0.154185414912724	0.158745135489139	0.134514704843835	0.151715156321763	0.121890691579852	0.100963344421784	0	0.123321754272275	0.10425035147614	0.0907139890456496	0.152870353547741	0.122618030718801	0.124394395779967	0.104526837152866	0.158466319374428	0.116202424067591	0.137185532695646	0.102053801975197	0.115036399774342	0.130229675008333	0.105924760642961	0.110060006697647	0.12256672428728	0.10388750581492	0.09260488662842	0.109106979588283	0.115658216158874	0.16981806045752	0.164419344138395	0.116761042398936	0.183680888080487	0.111168208427708	0.128937007759978	0.161399638980986	0.120905378975206	0.151914403983234
700034628	0.11424868029253	0.142630822482732	0.106199421887619	0.133688930525485	0.143392861979537	0.12427804204856	0.0864547877371491	0.146151365350113	0.0992639275712848	0.136827505973776	0.102968178994498	0.0927911566836535	0.124902977711959	0.132357763773938	0.111399760740269	0.114945779551229	0.143126391492803	0.131155406791165	0.104155539214087	0.108616802202658	0.100583879327602	0.0747253719392883	0.110696182713667	0.129516437884415	0.0896505898388624	0.140394161521785	0.152464615699289	0.153379383678676	0.138593206030306	0.127347911888561	0.123321754272275	0	0.0955076146340153	0.115349469403729	0.144122923115297	0.0769901713748605	0.145181351581131	0.134081586255728	0.123655441747245	0.144884949985227	0.140506860248949	0.0992401002167341	0.13081005458771	0.0724159245998111	0.115302701977758	0.127456732424258	0.125021336129304	0.0997802278686778	0.117864946319973	0.0714070258209451	0.0893920260489058	0.113017565757385	0.119845621619856	0.11637295590311	0.155555074058824	0.121530464660469	0.10371728198648	0.100051981260091	0.0872451703181752	0.0775433010596524
700023645	0.113515153946691	0.124373738025197	0.114428987838899	0.132564873447701	0.134956114940804	0.114060341843733	0.117832196763052	0.128809593824853	0.121131435008016	0.106691892395848	0.0743211316767796	0.0930562861570614	0.107453559509205	0.121374843815433	0.120037610409956	0.107006348418148	0.127777306974849	0.122149450095931	0.101768311814893	0.11256215345115	0.0973777237970027	0.0752087869904154	0.11984231445195	0.114257227672648	0.113223048484789	0.130562926804275	0.134705127429367	0.12967119107787	0.112160379389873	0.123501665267074	0.10425035147614	0.0955076146340153	0	0.090879201189096	0.121609133223598	0.0839169822602971	0.136588691889468	0.121905584239438	0.116663035824851	0.120747548497619	0.111047202393811	0.0948460444389745	0.11805276309092	0.0981696728070447	0.0904321823348636	0.0966095882479429	0.108367244851711	0.0938862814702884	0.113689670451395	0.0934017593861056	0.0752286449535027	0.121146221187405	0.122988026696123	0.102902085703151	0.150511532538373	0.103167826250218	0.0932160559650639	0.1141427586397	0.0832039278843901	0.122034865709168
700038744	0.145750735007231	0.129871287353895	0.0954826362510143	0.160877695547485	0.138356164125264	0.0837879577291923	0.156004998037679	0.109849111564412	0.149773901175223	0.0837200086693807	0.085967898331937	0.0930769576937344	0.0974163952925339	0.116246529559862	0.113884258711908	0.136763320836549	0.0971544142678589	0.103802802420061	0.137049376814206	0.143525832846053	0.133013484112767	0.098587904609423	0.138682469951605	0.147131049606977	0.14311764982437	0.153021560583774	0.138720220547815	0.136158603522032	0.105861225770601	0.094327251912248	0.0907139890456496	0.115349469403729	0.090879201189096	0	0.146522180167883	0.106662045806288	0.129053772786499	0.0960601939871189	0.152341441264898	0.108094102765368	0.135895746417123	0.0833358724385533	0.115440649228401	0.121353404926058	0.0812588310922652	0.100786381982277	0.125255138469316	0.0878896367871876	0.0968747284858493	0.0908308553980444	0.0982454842005024	0.163755553272565	0.155219602151681	0.106330758348342	0.183741728076052	0.0999578781235682	0.119561285106871	0.152551245728693	0.1051298712448	0.153685853861953
700038485	0.120493222319097	0.152398528830392	0.157828128448369	0.118521172895555	0.103235180946416	0.154806583058633	0.123649074907549	0.177124664774666	0.106662486852832	0.152828765339074	0.135200816229334	0.160781787653744	0.171632464330583	0.128539622910384	0.159196051030591	0.137409065094659	0.166304049476523	0.159647858224222	0.117256270497733	0.121634036145384	0.129791426594882	0.140949246678931	0.115554604528462	0.0992844368808519	0.141306489879316	0.0617011174658683	0.145137483197172	0.120810245968509	0.121025835743484	0.158003210360018	0.152870353547741	0.144122923115297	0.121609133223598	0.146522180167883	0	0.119198464240334	0.141246539679833	0.160849395766185	0.107409666663223	0.167135578005237	0.117308041489785	0.154566582624476	0.13785961056579	0.133329756216415	0.14507353870134	0.114561917732876	0.107663465710903	0.155818776208046	0.144801621535901	0.151484161254311	0.124893316063115	0.110117728550494	0.110551901331173	0.127368652507904	0.112234724250768	0.160317515970674	0.133918665087077	0.122500817436504	0.125902764329109	0.142075368500732
700024743	0.109399952879942	0.124365829763714	0.105427275056912	0.119531206352193	0.131584391008148	0.106727591411581	0.0910947895501756	0.131941927122118	0.115465134151304	0.121384213472084	0.095064143443334	0.104806797637064	0.129240536976558	0.119408263586571	0.115699701308771	0.126307681974241	0.127427453863891	0.126873505526387	0.108285768575023	0.089960814716176	0.0905952267683603	0.0819163698051147	0.103502098799656	0.110616569751331	0.0926125038883326	0.125931305274392	0.142654323505093	0.150204669051383	0.110728951492647	0.128008205432304	0.122618030718801	0.0769901713748605	0.0839169822602971	0.106662045806288	0.119198464240334	0	0.1444797464552	0.126729467136422	0.114663399774061	0.136181596407468	0.119368251615994	0.109951775609232	0.124809401573391	0.0813652597990392	0.102137859575613	0.100872891092622	0.111962078607161	0.0967496809723093	0.107595972230997	0.0934925457680091	0.0857940310540021	0.108911039077643	0.106223131779732	0.0978696225156074	0.135247450325413	0.127151482718851	0.0892656112185685	0.0910661814687925	0.0718597711205733	0.0961109206809123
