700108602	700014971	700033565	700109389	700023058	700023927	700106341	700114221	700023543	700023439	700016978	700024192	700113058	700099448	700109870	700033928	700023693	700109627	700095416	700110425	700111580	700111302	700098605	700111991	700108960	700024452	700032931	700095837	700024548	700110161	700023496	700034628	700023645	700038744	700038485	700024743	700099596	700110760	700101587	700106399	700032322	700095653	700021312	700101230	700023590	700038905	700033136	700023382	700096424	700105469	700016908	700096053	700108479	700109569	700033814	700016125	700109756	700102665	700101777	700109455
700108602	0	-0.160741722715838	-0.203194134089713	-0.110239381312461	-0.141144655596791	-0.200549924713858	-0.0854312140345315	-0.222791600561811	-0.110683436020282	-0.204582354939955	-0.139908992965914	-0.21098696137797	-0.207255210839452	-0.168673593344576	-0.216040154121956	-0.115210149888037	-0.211323300202189	-0.195751272523298	-0.105001531157399	-0.0931278846713822	-0.112416605791959	-0.146657748807926	-0.0989431050540379	-0.0637093171842478	-0.110185336767785	-0.128674235129835	-0.158475076005286	-0.167441628147712	-0.186961754603237	-0.200696345232443	-0.188068032172201	-0.165588464554938	-0.130700647115262	-0.183344103404914	-0.123475735006578	-0.13742108203364	-0.16607943108121	-0.21534969320381	-0.0821243637359834	-0.244872927098724	-0.101508917689042	-0.209303442653534	-0.152914277266381	-0.148499555447721	-0.191352191097751	-0.145004384015798	-0.134404948313054	-0.19759639089676	-0.164030881688739	-0.18506505166154	-0.141264785358464	-0.0863769132192037	-0.0878009439066593	-0.113110320616221	-0.0828820551011698	-0.199091837957652	-0.123443675847121	-0.0844868603398796	-0.179963386971942	-0.109394482976953
700014971	-0.160741722715838	0	-0.173895181043962	-0.211136707055731	-0.119503350423752	-0.141387540595771	-0.168562130446257	-0.136440900561094	-0.157748425285769	-0.111542159609791	-0.103054251942627	-0.188945928359325	-0.141667019727584	-0.108005681668257	-0.16347360692678	-0.150681299838431	-0.118336077902364	-0.171857031796763	-0.158780888155566	-0.149692932615648	-0.154466418646621	-0.144538243589077	-0.131623931411014	-0.165805554585654	-0.18192612348683	-0.145311054035658	-0.113565948880216	-0.145185664990599	-0.121494672282754	-0.126339794298254	-0.116075634965548	-0.15883807142447	-0.114262822637171	-0.115077371425513	-0.146464777622806	-0.100207039554224	-0.148872437791963	-0.164380432202527	-0.145236219019571	-0.144626433144014	-0.131046526795407	-0.131224742292579	-0.130105254945513	-0.145129524465318	-0.116155176300369	-0.10652517425787	-0.0996564762584405	-0.129494671927538	-0.107875210461357	-0.173314752713243	-0.158265063146526	-0.164744245748942	-0.172697963203748	-0.112187945636236	-0.17442947008641	-0.125839209028194	-0.148240093752909	-0.17164249995218	-0.154128551442631	-0.172339605574277
700033565	-0.203194134089713	-0.173895181043962	0	-0.226198477587625	-0.200428859315623	-0.0858238394403602	-0.193002979115917	-0.110261450368784	-0.175987711747872	-0.0975258682170846	-0.11920915570606	-0.0516161932585288	-0.104647109620118	-0.138341802020818	-0.0963487714540356	-0.134987791982953	-0.114332661163993	-0.108708911898774	-0.154857295082416	-0.179573828503544	-0.167018085371344	-0.0886839487889994	-0.194803431261207	-0.191361434594622	-0.171624050641367	-0.200515403749281	-0.14667414566727	-0.20233518872661	-0.170298359628369	-0.128920471375197	-0.112541166700967	-0.128587515651188	-0.123062276329224	-0.0984664956621006	-0.209094969012398	-0.141413223941802	-0.168354724083381	-0.0973640916209243	-0.184478673408193	-0.156278444277571	-0.160156250882274	-0.0842615683432912	-0.15918384789615	-0.148391138506611	-0.116448676346348	-0.152063798711975	-0.149901304844057	-0.102081821399525	-0.132609909309379	-0.061303894345502	-0.0822171801040671	-0.222123464062789	-0.20837137337126	-0.137920993989971	-0.232672853882703	-0.108716385982955	-0.149226868602183	-0.199169393492799	-0.0724161998933832	-0.194266786712585
700109389	-0.110239381312461	-0.211136707055731	-0.226198477587625	0	-0.186700590184036	-0.242418848510636	-0.110854379411383	-0.243965756107185	-0.175913049983186	-0.242660485556983	-0.187341494494469	-0.226985880465975	-0.235200643797521	-0.218989486349036	-0.228096163637723	-0.169749696187722	-0.245824080241784	-0.245182036468421	-0.178824794211788	-0.117527571130201	-0.146630320363765	-0.187728840717077	-0.147212008237697	-0.138040854882905	-0.143002212968612	-0.16119922016295	-0.22963481772655	-0.209771528250778	-0.1910650517044	-0.230947610656916	-0.234658090011487	-0.206600513707458	-0.173104502319307	-0.223673080922761	-0.151182027124288	-0.174389997641756	-0.232903682906328	-0.257113915727813	-0.144937045252585	-0.246105272487506	-0.144282172157416	-0.233773640905159	-0.207107651358485	-0.18328315600846	-0.21626303477083	-0.184833267522543	-0.192426623108185	-0.219418384255917	-0.210974479740301	-0.214599451777347	-0.169499508122769	-0.117250612270178	-0.0771382700615909	-0.170871116366597	-0.129582084746934	-0.230984131891761	-0.123230680323974	-0.128657652823832	-0.197215702602814	-0.143357980907948
700023058	-0.141144655596791	-0.119503350423752	-0.200428859315623	-0.186700590184036	0	-0.16489416551658	-0.148210850452213	-0.188496858990016	-0.143164176949283	-0.169235988601054	-0.129469572015205	-0.203854846351454	-0.191244818990668	-0.130766703599356	-0.185072168996533	-0.136663486405778	-0.169812954426112	-0.17073846036633	-0.139115363061852	-0.151545131351159	-0.151712657962442	-0.160758997717447	-0.136385864473017	-0.138289440998171	-0.18034426029337	-0.113235739833432	-0.136470930207825	-0.16472747936598	-0.154271993505066	-0.168413262654422	-0.155181896941424	-0.187591693466396	-0.134995552814218	-0.156172981310771	-0.130940940576203	-0.139345103626422	-0.128663623155485	-0.164835525240049	-0.117134756703818	-0.207591986746712	-0.125739284272895	-0.177234502083482	-0.109852239410317	-0.157450224305368	-0.158791476330992	-0.128967096176001	-0.111205818978761	-0.17006973569485	-0.14322609717046	-0.198648930524749	-0.170519746995109	-0.141983034011793	-0.148076078943884	-0.124306839257205	-0.149411392047884	-0.182088322636899	-0.158719034491545	-0.154818057423326	-0.180321302524408	-0.155090986856519
700023927	-0.200549924713858	-0.141387540595771	-0.0858238394403602	-0.242418848510636	-0.16489416551658	0	-0.213050054854096	-0.113583050231289	-0.184524469554571	-0.0799911420043417	-0.109615296679318	-0.102554433225079	-0.111618949085202	-0.0952713241545036	-0.106181319783942	-0.150078464361828	-0.0977670668224599	-0.0814174170035835	-0.159089305870423	-0.189119715860426	-0.177587754105779	-0.127547627521357	-0.177001103959808	-0.192874145104469	-0.198809960112038	-0.184878354220587	-0.125731123955413	-0.194247131179039	-0.152538876544207	-0.115299998187406	-0.0573318995317957	-0.162149241711526	-0.129939532555206	-0.0723099844922939	-0.201952272723986	-0.143446162419848	-0.131131300341318	-0.0707005411090901	-0.189651682478258	-0.154616186553491	-0.149618138414009	-0.0961148606381324	-0.120234679145858	-0.163415292249363	-0.110340506176801	-0.123268945937125	-0.131745648653873	-0.113877112905945	-0.0752581052373919	-0.10798772795593	-0.119260457067615	-0.2286336571206	-0.224249919770598	-0.135087673279321	-0.224698692757167	-0.108666158282838	-0.158813919397718	-0.207320155478917	-0.107357891064908	-0.206612147858423
700106341	-0.0854312140345315	-0.168562130446257	-0.193002979115917	-0.110854379411383	-0.148210850452213	-0.213050054854096	0	-0.216235868134483	-0.091707744201026	-0.211724737691372	-0.135499562359341	-0.189620933246624	-0.205623461103239	-0.186378943284314	-0.21187183710427	-0.118518834342804	-0.217101524724365	-0.220556823095758	-0.121780174784712	-0.0855390821232019	-0.0921540922631668	-0.129100186251362	-0.11981573661481	-0.0912220956379778	-0.08359101439057	-0.157013754544431	-0.191416104839081	-0.197286857146621	-0.193393699921808	-0.20683357452237	-0.196471513623519	-0.116625457358011	-0.13416435469985	-0.191440132294294	-0.153827404873119	-0.113378276457806	-0.197494421866584	-0.22700367270546	-0.0912772659549306	-0.250709461138721	-0.116275727577929	-0.200414962397296	-0.147902423245925	-0.106685294991785	-0.180437324081361	-0.172207787743906	-0.150860323388564	-0.17693017655063	-0.179056786148028	-0.172952622536848	-0.142696389904457	-0.0812501147783769	-0.0837786541027468	-0.111794366114557	-0.114862332733356	-0.196569172741831	-0.115507990506157	-0.0672211045834397	-0.167269791648634	-0.0688789069192797
700114221	-0.222791600561811	-0.136440900561094	-0.110261450368784	-0.243965756107185	-0.188496858990016	-0.113583050231289	-0.216235868134483	0	-0.204766859825939	-0.062390706903988	-0.145377496977955	-0.120343273944853	-0.0744407803014346	-0.131479885811625	-0.0884935935594868	-0.168932239240381	-0.0713905514490424	-0.157208491521645	-0.198052191775667	-0.193597163963621	-0.197626109891146	-0.153747525376257	-0.202237405571585	-0.220409872828099	-0.224716522405783	-0.208709971705185	-0.132997108592392	-0.181204342887722	-0.14457411337092	-0.10767501156368	-0.13252827380547	-0.173494267062277	-0.136301177340812	-0.107212545765259	-0.218470961254843	-0.141594104024235	-0.174355759004878	-0.098265777579829	-0.200258854708336	-0.0930957291964345	-0.162944601415815	-0.0722299054362602	-0.178667639341452	-0.1653676692054	-0.099506701513729	-0.135681675830962	-0.139410616865813	-0.0875076134570899	-0.133876384152889	-0.117597737664984	-0.14587146369958	-0.235007096421514	-0.221484428877608	-0.165107522179618	-0.258291759435157	-0.0780439193844415	-0.163878867636967	-0.233713643837315	-0.119954900476759	-0.211800901962199
700023543	-0.110683436020282	-0.157748425285769	-0.175987711747872	-0.175913049983186	-0.143164176949283	-0.184524469554571	-0.091707744201026	-0.204766859825939	0	-0.184360811433389	-0.121243870816512	-0.17938466100079	-0.196223006227573	-0.163339365794494	-0.197421581110053	-0.0879280141966881	-0.196455547708368	-0.188111463660031	-0.0896205319274376	-0.128258180027583	-0.116256153897535	-0.117972114029724	-0.121491404684706	-0.0965411587412821	-0.107154624415949	-0.148532068195163	-0.156907208770194	-0.163666453936773	-0.206405669370878	-0.182475238974113	-0.169282878012867	-0.100887654528696	-0.130684761921287	-0.165777129330905	-0.142418100462205	-0.12601636094704	-0.165358595863491	-0.19572710117199	-0.0848063691908617	-0.242040135809001	-0.119565594253312	-0.186868263970791	-0.143937419171059	-0.0922750602140931	-0.179753951966152	-0.168281429113557	-0.124185529880283	-0.167945896497995	-0.170351688444259	-0.152153150420143	-0.134419490841862	-0.10550845644386	-0.125216410518133	-0.108093697346694	-0.124161872720735	-0.179995852582923	-0.155141210858964	-0.0835823649435434	-0.159015967278105	-0.0862086868198418
700023439	-0.204582354939955	-0.111542159609791	-0.0975258682170846	-0.242660485556983	-0.169235988601054	-0.0799911420043417	-0.211724737691372	-0.062390706903988	-0.184360811433389	0	-0.116784401049228	-0.118859326063971	-0.0717568510313916	-0.108748472988616	-0.0952690357150469	-0.15643004144745	-0.0553107843500594	-0.122205345835871	-0.174459214202089	-0.189684117475945	-0.18077517738844	-0.141515667651623	-0.18360610101715	-0.198860642008015	-0.210698034796202	-0.192649213383784	-0.114355385377619	-0.175623183645641	-0.14048675977183	-0.094860949744407	-0.0936039043360352	-0.165484710647854	-0.117695933302266	-0.078756243130979	-0.201781522976007	-0.12706604257384	-0.14290188562827	-0.0813001611002606	-0.187240092040308	-0.098289705142195	-0.139261933639956	-0.0733564200257519	-0.149436309058818	-0.159164206586846	-0.0947424328567543	-0.11208737017358	-0.120204797355039	-0.0840551849595694	-0.0934841216131029	-0.110655677774495	-0.133980490012798	-0.22437267920609	-0.220064284724656	-0.134053997489852	-0.236109059756415	-0.0747013728399469	-0.156982286470149	-0.210736922564014	-0.106065042408075	-0.201877283449576
700016978	-0.139908992965914	-0.103054251942627	-0.11920915570606	-0.187341494494469	-0.129469572015205	-0.109615296679318	-0.135499562359341	-0.145377496977955	-0.121243870816512	-0.116784401049228	0	-0.133025319663488	-0.131126522804069	-0.109740060395326	-0.149945091974297	-0.0929055301478405	-0.125562774500312	-0.127809261355784	-0.106015983846086	-0.114777313531499	-0.121128881959706	-0.0717684376407812	-0.123976116675414	-0.125389309113885	-0.12395667347467	-0.152978629410872	-0.114208107209616	-0.145388162916566	-0.144141141801491	-0.124799488744858	-0.097500787554885	-0.108840175425934	-0.0689384556919776	-0.0866029054824024	-0.149018208400494	-0.0750870376668348	-0.132205935484058	-0.139944033980402	-0.113639981278426	-0.179630272657956	-0.102723154079742	-0.116504442579169	-0.0907645500777529	-0.0990844924149449	-0.111273406621788	-0.115930969216094	-0.105446708868976	-0.111893772159512	-0.0933887255751022	-0.119755737001435	-0.0968344289684961	-0.152013563702216	-0.145050151667267	-0.0722083746263293	-0.16125413554407	-0.120959453266697	-0.124811440464567	-0.130353645621226	-0.112096777109642	-0.139808115720648
700024192	-0.21098696137797	-0.188945928359325	-0.0516161932585288	-0.226985880465975	-0.203854846351454	-0.102554433225079	-0.189620933246624	-0.120343273944853	-0.17938466100079	-0.118859326063971	-0.133025319663488	0	-0.115817489480128	-0.16142291220537	-0.100877263709124	-0.141089723148137	-0.130769961134984	-0.126347538080032	-0.153954842823433	-0.176898294678183	-0.162896389295471	-0.0877234776598947	-0.200850860332008	-0.205283763889586	-0.169568834715552	-0.209415929395672	-0.163057317842934	-0.207803515151011	-0.174205671855502	-0.15071427824557	-0.121095810704153	-0.117350245331623	-0.126591774096829	-0.10680532926373	-0.222430702887605	-0.152871201290883	-0.180835897599914	-0.107706432635083	-0.190488629024911	-0.158009881078875	-0.159027985938919	-0.0876743586584136	-0.16733229615521	-0.139276055926952	-0.111858134712621	-0.159974572128105	-0.158534854612847	-0.0970063816479993	-0.154645925618733	-0.0665325502241959	-0.0900687621974329	-0.223253325759359	-0.208477046282013	-0.147119870067751	-0.246428870971737	-0.109522717437418	-0.137674926977925	-0.201666288221054	-0.0862426608351237	-0.191347415662378
700113058	-0.207255210839452	-0.141667019727584	-0.104647109620118	-0.235200643797521	-0.191244818990668	-0.111618949085202	-0.205623461103239	-0.0744407803014346	-0.196223006227573	-0.0717568510313916	-0.131126522804069	-0.115817489480128	0	-0.129341744785559	-0.0887906473844695	-0.161233392266414	-0.093237774649395	-0.151338104580941	-0.19378222766879	-0.182222333736592	-0.196403723724707	-0.137682839204675	-0.194706243228846	-0.216184508482978	-0.211076086842404	-0.204588551896658	-0.134512385391363	-0.171306816721947	-0.147616968736311	-0.108269495181494	-0.121536965819216	-0.163206567170685	-0.126014841068342	-0.0997674804007831	-0.214377242557183	-0.133042393567574	-0.162924716892498	-0.113318235976941	-0.190748008842973	-0.112331413554022	-0.155491002277243	-0.0699790512492769	-0.173441376057451	-0.157687563952952	-0.0967421023787216	-0.13084446816614	-0.148431860967333	-0.0892727759627431	-0.118974569391906	-0.106931869710145	-0.1373358822982	-0.226250037297147	-0.215705678730108	-0.162897232762387	-0.253084132802587	-0.0692750747206639	-0.16179042217311	-0.223006490677621	-0.11126087522534	-0.197651138151591
700099448	-0.168673593344576	-0.108005681668257	-0.138341802020818	-0.218989486349036	-0.130766703599356	-0.0952713241545036	-0.186378943284314	-0.131479885811625	-0.163339365794494	-0.108748472988616	-0.109740060395326	-0.16142291220537	-0.129341744785559	0	-0.144186821041278	-0.142175393624324	-0.119093699819184	-0.126838544840295	-0.143463850696377	-0.162181795174735	-0.166076248521681	-0.145123263487747	-0.141827379092065	-0.157849746401902	-0.192761907305648	-0.139279876714072	-0.0911643597814921	-0.159320097368656	-0.126402501631976	-0.0990153888434079	-0.0983234644969588	-0.175071747577853	-0.118758881787281	-0.0939672538177507	-0.160659653681853	-0.126944243145246	-0.120909428129672	-0.113585128025441	-0.158928967140381	-0.167825688951666	-0.135757352775922	-0.114002150026772	-0.112543853746228	-0.160710358562525	-0.110388377665798	-0.109744943194978	-0.104701690610811	-0.123291681979022	-0.0624670620779211	-0.137535807807124	-0.133763219277143	-0.182727577565154	-0.192209834141296	-0.118646659036306	-0.18361530050442	-0.122328866760914	-0.143258053259077	-0.17899187860943	-0.121718334481689	-0.183170045913955
700109870	-0.216040154121956	-0.16347360692678	-0.0963487714540356	-0.228096163637723	-0.185072168996533	-0.106181319783942	-0.21187183710427	-0.0884935935594868	-0.197421581110053	-0.0952690357150469	-0.149945091974297	-0.100877263709124	-0.0887906473844695	-0.144186821041278	0	-0.172954008696522	-0.0889970145361226	-0.158203989787331	-0.190427902982494	-0.185208000504056	-0.172711986757698	-0.145678784665335	-0.187966749868263	-0.218889600987209	-0.213453555742026	-0.201580610125187	-0.145553104147387	-0.197408166181776	-0.135590240628632	-0.114875304611812	-0.132973000298508	-0.166205407005956	-0.155256021384624	-0.127165383379096	-0.21852308702797	-0.154973570743462	-0.185293577608834	-0.0913313400612057	-0.202283118857245	-0.112027044116679	-0.170866643074378	-0.0850933806498186	-0.189235939540221	-0.164611687550949	-0.103756979712033	-0.119742661458706	-0.147694604843801	-0.0921543680483567	-0.135125204232846	-0.105013476936952	-0.13557002462625	-0.224617654048554	-0.213077187599143	-0.158297836829153	-0.242427613908501	-0.100716632714884	-0.144736056481565	-0.22543122758053	-0.104026729399117	-0.206866086783748
700033928	-0.115210149888037	-0.150681299838431	-0.134987791982953	-0.169749696187722	-0.136663486405778	-0.150078464361828	-0.118518834342804	-0.168932239240381	-0.0879280141966881	-0.15643004144745	-0.0929055301478405	-0.141089723148137	-0.161233392266414	-0.142175393624324	-0.172954008696522	0	-0.167660234158541	-0.151444207802138	-0.0844196530464727	-0.124202915170837	-0.111016263607484	-0.0906828241301532	-0.131814869557034	-0.101918855026162	-0.123253992076696	-0.146431962218139	-0.14033696911506	-0.151017564070853	-0.176599515509969	-0.157700913324565	-0.133178120836399	-0.121360268266598	-0.0891412980695764	-0.132732083040427	-0.146668304724137	-0.127511073914026	-0.144112284524077	-0.175282074176377	-0.0954691329099907	-0.213097649639007	-0.092702882775312	-0.140492449126551	-0.118371612654268	-0.116263736885882	-0.138815822686571	-0.148125833970026	-0.107935249676728	-0.148844992696028	-0.141222356297204	-0.116141577267819	-0.0952915370774089	-0.131836719240334	-0.130672982149425	-0.103283454142166	-0.156269984557021	-0.14338302977959	-0.137077523655182	-0.113150252539017	-0.124203883636349	-0.108295096337332
700023693	-0.211323300202189	-0.118336077902364	-0.114332661163993	-0.245824080241784	-0.169812954426112	-0.0977670668224599	-0.217101524724365	-0.0713905514490424	-0.196455547708368	-0.0553107843500594	-0.125562774500312	-0.130769961134984	-0.093237774649395	-0.119093699819184	-0.0889970145361226	-0.167660234158541	0	-0.140280541898485	-0.188740072833406	-0.190888101797068	-0.180799002787834	-0.154160088801211	-0.184885108337896	-0.208341988262636	-0.224500640009751	-0.195005570112047	-0.117755538076565	-0.186835192929433	-0.130412815785453	-0.109644801181491	-0.103544540497599	-0.174786280512211	-0.134859222179891	-0.101877191179738	-0.208471143785033	-0.14115681234586	-0.149594012213336	-0.0987713940270614	-0.196792938650194	-0.0906153905619736	-0.153634425780615	-0.0811487948496743	-0.157205870515284	-0.167438881027112	-0.0966441971093731	-0.100233906696029	-0.123107062005506	-0.0879152713788656	-0.111037004097069	-0.123458560068446	-0.147115923551498	-0.227845137646027	-0.221892666293924	-0.146919771528461	-0.239669572815789	-0.0922669956505986	-0.155061582869685	-0.223610396317131	-0.127205349818814	-0.212440490319714
700109627	-0.195751272523298	-0.171857031796763	-0.108708911898774	-0.245182036468421	-0.17073846036633	-0.0814174170035835	-0.220556823095758	-0.157208491521645	-0.188111463660031	-0.122205345835871	-0.127809261355784	-0.126347538080032	-0.151338104580941	-0.126838544840295	-0.158203989787331	-0.151444207802138	-0.140280541898485	0	-0.16531489099883	-0.19645740484259	-0.197446519918428	-0.131439025791329	-0.189521566806163	-0.180607829561146	-0.19288958777473	-0.201250995624189	-0.135095951215867	-0.203830959734259	-0.205832007082811	-0.144828778288668	-0.0931052885253065	-0.174045021992745	-0.147402934257206	-0.109260169425547	-0.205130830505181	-0.170717371860458	-0.116548581588319	-0.0908296725039464	-0.195979982573682	-0.194911975014922	-0.170695049610158	-0.134593057548523	-0.12250792869303	-0.172679697300959	-0.162418987890339	-0.168320990841999	-0.154428275234691	-0.158812851365851	-0.107938106200458	-0.124978775895043	-0.115289095457029	-0.231933440451297	-0.225665985899632	-0.14698175835982	-0.214275971500609	-0.146875071497874	-0.185984237918568	-0.207890350388983	-0.133838786428872	-0.212461087361672
700095416	-0.105001531157399	-0.158780888155566	-0.154857295082416	-0.178824794211788	-0.139115363061852	-0.159089305870423	-0.121780174784712	-0.198052191775667	-0.0896205319274376	-0.174459214202089	-0.106015983846086	-0.153954842823433	-0.19378222766879	-0.143463850696377	-0.190427902982494	-0.0844196530464727	-0.188740072833406	-0.16531489099883	0	-0.133091269672584	-0.104757609974762	-0.102312970298956	-0.127080779430044	-0.0915158055278064	-0.119440370542989	-0.137408562929748	-0.14428108360019	-0.174694699143192	-0.187791070426363	-0.185084774891364	-0.143537496491446	-0.116712054419259	-0.106064156103132	-0.148936336002045	-0.143938915585718	-0.134881380167842	-0.152239544097364	-0.171661688782501	-0.107346077190477	-0.235069182527972	-0.100643641395334	-0.172090161123061	-0.109930296750907	-0.125210934559865	-0.154406434098635	-0.14718730450501	-0.106543267141889	-0.166740750849737	-0.146462618209716	-0.141341449940081	-0.110036180296372	-0.140466144682421	-0.143776812805334	-0.0993401283874134	-0.132956931648799	-0.168127377387809	-0.141035873524512	-0.106007228170284	-0.139475683079715	-0.127652090132187
700110425	-0.0931278846713822	-0.149692932615648	-0.179573828503544	-0.117527571130201	-0.151545131351159	-0.189119715860426	-0.0855390821232019	-0.193597163963621	-0.128258180027583	-0.189684117475945	-0.114777313531499	-0.176898294678183	-0.182222333736592	-0.162181795174735	-0.185208000504056	-0.124202915170837	-0.190888101797068	-0.19645740484259	-0.133091269672584	0	-0.0998950859827352	-0.116211372609281	-0.107608132620824	-0.111156846586622	-0.0909254116098439	-0.15924228850477	-0.158848077378791	-0.168260786805374	-0.164721165668576	-0.172467279989203	-0.175278238936469	-0.138591938103066	-0.114475350705076	-0.170603252298862	-0.149080504851686	-0.101767052477105	-0.172782114263946	-0.206387058266435	-0.10983205155231	-0.226067892460386	-0.112103529435691	-0.176613224413788	-0.147694788522001	-0.0926605503313361	-0.158034441301583	-0.149461828366589	-0.135141528654652	-0.158291911932047	-0.153037942298674	-0.159330537523097	-0.129592467605356	-0.0995286325802881	-0.0708100451136325	-0.101944001290501	-0.134426674126388	-0.173521450825743	-0.0779761179816375	-0.0934601327594667	-0.149375705039245	-0.106865433897483
700111580	-0.112416605791959	-0.154466418646621	-0.167018085371344	-0.146630320363765	-0.151712657962442	-0.177587754105779	-0.0921540922631668	-0.197626109891146	-0.116256153897535	-0.18077517738844	-0.121128881959706	-0.162896389295471	-0.196403723724707	-0.166076248521681	-0.172711986757698	-0.111016263607484	-0.180799002787834	-0.197446519918428	-0.104757609974762	-0.0998950859827352	0	-0.113914840792901	-0.114087507656286	-0.106304362198347	-0.0770388594431419	-0.174337410965294	-0.174866312853915	-0.202386820348194	-0.156102019255288	-0.19601806034282	-0.163327335195212	-0.121925711197726	-0.11584965283123	-0.173027884190781	-0.178641973234995	-0.118538838411321	-0.194311110785903	-0.186712865523293	-0.119037511961389	-0.223643742553031	-0.101873428221144	-0.167451283178875	-0.141000446894809	-0.128980363011552	-0.144273957114078	-0.139038739100344	-0.133036532050542	-0.148926075513356	-0.151975883151987	-0.145475072799808	-0.118514958846705	-0.119412917381347	-0.118484344285216	-0.0903954306215971	-0.142181377848568	-0.174638920874168	-0.0844541118151078	-0.0865924770378241	-0.128461744403497	-0.105996421009252
700111302	-0.146657748807926	-0.144538243589077	-0.0886839487889994	-0.187728840717077	-0.160758997717447	-0.127547627521357	-0.129100186251362	-0.153747525376257	-0.117972114029724	-0.141515667651623	-0.0717684376407812	-0.0877234776598947	-0.137682839204675	-0.145123263487747	-0.145678784665335	-0.0906828241301532	-0.154160088801211	-0.131439025791329	-0.102312970298956	-0.116211372609281	-0.113914840792901	0	-0.152456367326272	-0.140004800877398	-0.104884978547745	-0.175542132858359	-0.137259878158772	-0.171995742687871	-0.17195655309262	-0.154774819831396	-0.117448792082241	-0.0795585265776109	-0.0832122016919076	-0.106107425202024	-0.17420989732509	-0.103782576873835	-0.154634450646688	-0.150455681469215	-0.128612457944372	-0.189864094996952	-0.122176587646193	-0.115583354495021	-0.124270099640303	-0.0959936740495181	-0.1145277244321	-0.155016282235185	-0.129395788899885	-0.109217465681054	-0.132304307997817	-0.0747544714691514	-0.0684997983419443	-0.164738394003145	-0.151766452720806	-0.0911927473717492	-0.188422543717923	-0.119954455332003	-0.115771582306554	-0.139094699587441	-0.0814983412061194	-0.134642461979435
700098605	-0.0989431050540379	-0.131623931411014	-0.194803431261207	-0.147212008237697	-0.136385864473017	-0.177001103959808	-0.11981573661481	-0.202237405571585	-0.121491404684706	-0.18360610101715	-0.123976116675414	-0.200850860332008	-0.194706243228846	-0.141827379092065	-0.187966749868263	-0.131814869557034	-0.184885108337896	-0.189521566806163	-0.127080779430044	-0.107608132620824	-0.114087507656286	-0.152456367326272	0	-0.107008851843043	-0.144134065896212	-0.13535478176312	-0.136989289880562	-0.152940931416186	-0.162909031143857	-0.171458161092127	-0.163560396456745	-0.162123407863326	-0.129036357946194	-0.16394416338908	-0.131097280682878	-0.122229757401476	-0.163468967324076	-0.187579073560442	-0.119264531061207	-0.217332491911414	-0.113834544982709	-0.189050652407895	-0.141584931491034	-0.132651800518105	-0.182908655021671	-0.129935389051446	-0.132843760836053	-0.173269021690614	-0.147817964018326	-0.18035397050734	-0.152688085337044	-0.120904250891402	-0.113251030467271	-0.110480936211486	-0.101783200536451	-0.185331651380903	-0.13018440081878	-0.121239508520801	-0.167624587638395	-0.117855567822321
700111991	-0.0637093171842478	-0.165805554585654	-0.191361434594622	-0.138040854882905	-0.138289440998171	-0.192874145104469	-0.0912220956379778	-0.220409872828099	-0.0965411587412821	-0.198860642008015	-0.125389309113885	-0.205283763889586	-0.216184508482978	-0.157849746401902	-0.218889600987209	-0.101918855026162	-0.208341988262636	-0.180607829561146	-0.0915158055278064	-0.111156846586622	-0.106304362198347	-0.140004800877398	-0.107008851843043	0	-0.103839165275859	-0.129825930041561	-0.150253618560114	-0.169523766645378	-0.194677516697377	-0.199433966118959	-0.177089524291403	-0.154900023785355	-0.130542665284253	-0.179669847556852	-0.123457828287486	-0.133460880583846	-0.162777008799798	-0.20248534443146	-0.0925823424226397	-0.255945974638724	-0.102585225754518	-0.203423018867258	-0.130714092938531	-0.132033149097902	-0.188033337172459	-0.156412309449348	-0.117938825022369	-0.195412417254824	-0.159533427785379	-0.181349475673528	-0.134016804855218	-0.110783868104986	-0.102165330749082	-0.102030999888059	-0.084685865268454	-0.203206941697462	-0.139268131015317	-0.0806322530888387	-0.170656670772305	-0.104461310823318
700108960	-0.110185336767785	-0.18192612348683	-0.171624050641367	-0.143002212968612	-0.18034426029337	-0.198809960112038	-0.08359101439057	-0.224716522405783	-0.107154624415949	-0.210698034796202	-0.12395667347467	-0.169568834715552	-0.211076086842404	-0.192761907305648	-0.213453555742026	-0.123253992076696	-0.224500640009751	-0.19288958777473	-0.119440370542989	-0.0909254116098439	-0.0770388594431419	-0.104884978547745	-0.144134065896212	-0.103839165275859	0	-0.199490612183678	-0.198871892227105	-0.21490724161826	-0.200157612251637	-0.209121952466313	-0.186140393842353	-0.103313922614499	-0.135096476632128	-0.187150450331877	-0.185884875615402	-0.123576407589963	-0.206711954132917	-0.218399066390494	-0.12069035415691	-0.259621439823061	-0.13164434027488	-0.189922686531217	-0.155968542641097	-0.109403726977583	-0.179196847020212	-0.188802411938839	-0.17441428123098	-0.179395831467879	-0.176428570422209	-0.146508585247278	-0.115043335934156	-0.120483148760021	-0.105348375822199	-0.106883856363521	-0.1293603187603	-0.196915612294427	-0.109822277566397	-0.0708589515322849	-0.142682282349078	-0.0939594140045801
700024452	-0.128674235129835	-0.145311054035658	-0.200515403749281	-0.16119922016295	-0.113235739833432	-0.184878354220587	-0.157013754544431	-0.208709971705185	-0.148532068195163	-0.192649213383784	-0.152978629410872	-0.209415929395672	-0.204588551896658	-0.139279876714072	-0.201580610125187	-0.146431962218139	-0.195005570112047	-0.201250995624189	-0.137408562929748	-0.15924228850477	-0.174337410965294	-0.175542132858359	-0.13535478176312	-0.129825930041561	-0.199490612183678	0	-0.140545294473934	-0.150401623472701	-0.140722244456473	-0.176658075906396	-0.179207713494973	-0.199878045564833	-0.149391382952301	-0.175659523439826	-0.0711074475308353	-0.151504992272679	-0.166424351127448	-0.191512243615379	-0.114374069521432	-0.214431450777696	-0.129039230932213	-0.194865877194547	-0.156560499538696	-0.175355723070888	-0.1790257103401	-0.122467236157813	-0.11360145872755	-0.193318061239739	-0.159627091803795	-0.20048701205534	-0.174602033596802	-0.129501364360379	-0.141488451130699	-0.129726680392728	-0.118565918213464	-0.19557778255765	-0.164516676451049	-0.163131265528821	-0.18235733502588	-0.175515516749088
700032931	-0.158475076005286	-0.113565948880216	-0.14667414566727	-0.22963481772655	-0.136470930207825	-0.125731123955413	-0.191416104839081	-0.132997108592392	-0.156907208770194	-0.114355385377619	-0.114208107209616	-0.163057317842934	-0.134512385391363	-0.0911643597814921	-0.145553104147387	-0.14033696911506	-0.117755538076565	-0.135095951215867	-0.14428108360019	-0.158848077378791	-0.174866312853915	-0.137259878158772	-0.136989289880562	-0.150253618560114	-0.198871892227105	-0.140545294473934	0	-0.148989089147359	-0.153834617854019	-0.116401230324857	-0.114718189351921	-0.164794739804442	-0.120325796432796	-0.105397492836627	-0.161662322831851	-0.124828457569324	-0.114488728512393	-0.123270315881602	-0.160061131806246	-0.163961633012716	-0.134762389688693	-0.124786182087217	-0.119430195511022	-0.145792507196029	-0.130701348842046	-0.114153676752342	-0.10335304947931	-0.117081107164853	-0.102087855660757	-0.137301949848789	-0.150162309983321	-0.192773618527882	-0.192808843785015	-0.121703958411625	-0.1768130572136	-0.117700430459918	-0.161716047402256	-0.189728470402957	-0.136904027445525	-0.185610412300351
700095837	-0.167441628147712	-0.145185664990599	-0.20233518872661	-0.209771528250778	-0.16472747936598	-0.194247131179039	-0.197286857146621	-0.181204342887722	-0.163666453936773	-0.175623183645641	-0.145388162916566	-0.207803515151011	-0.171306816721947	-0.159320097368656	-0.197408166181776	-0.151017564070853	-0.186835192929433	-0.203830959734259	-0.174694699143192	-0.168260786805374	-0.202386820348194	-0.171995742687871	-0.152940931416186	-0.169523766645378	-0.21490724161826	-0.150401623472701	-0.148989089147359	0	-0.121331709473772	-0.131142934715065	-0.186104698729977	-0.20206747807518	-0.140913327857884	-0.15166248053465	-0.141988451736803	-0.158882397019459	-0.166736962863483	-0.214552348546752	-0.151555791259895	-0.192766064221178	-0.15176365534613	-0.16972717600521	-0.171721505092851	-0.159862285710865	-0.158471738231622	-0.146547842217156	-0.13633167300834	-0.169514073348546	-0.173378845729129	-0.197893242822286	-0.170198362101861	-0.173492067477737	-0.172917692165003	-0.16435618147437	-0.18391241467611	-0.167097395188294	-0.196109743273611	-0.192365995613435	-0.186654161656153	-0.19288165003282
700024548	-0.186961754603237	-0.121494672282754	-0.170298359628369	-0.1910650517044	-0.154271993505066	-0.152538876544207	-0.193393699921808	-0.14457411337092	-0.206405669370878	-0.14048675977183	-0.144141141801491	-0.174205671855502	-0.147616968736311	-0.126402501631976	-0.135590240628632	-0.176599515509969	-0.130412815785453	-0.205832007082811	-0.187791070426363	-0.164721165668576	-0.156102019255288	-0.17195655309262	-0.162909031143857	-0.194677516697377	-0.200157612251637	-0.140722244456473	-0.153834617854019	-0.121331709473772	0	-0.119168191692345	-0.159815291836281	-0.203026760284527	-0.135098727197582	-0.136152137875477	-0.154611816427847	-0.126254227648827	-0.191869337770139	-0.170109723326775	-0.169939333375145	-0.141775906031463	-0.143573440123443	-0.129470237832958	-0.174588220143922	-0.184304618949749	-0.0934995806203816	-0.0834699470196008	-0.135748800210437	-0.127876589242878	-0.13648557468108	-0.180686277151848	-0.167610897285488	-0.183883616557709	-0.175303907300012	-0.139048418566508	-0.198604682427576	-0.147137290406374	-0.134398481651873	-0.199204711800932	-0.154841928557722	-0.207472676984797
700110161	-0.200696345232443	-0.126339794298254	-0.128920471375197	-0.230947610656916	-0.168413262654422	-0.115299998187406	-0.20683357452237	-0.10767501156368	-0.182475238974113	-0.094860949744407	-0.124799488744858	-0.15071427824557	-0.108269495181494	-0.0990153888434079	-0.114875304611812	-0.157700913324565	-0.109644801181491	-0.144828778288668	-0.185084774891364	-0.172467279989203	-0.19601806034282	-0.154774819831396	-0.171458161092127	-0.199433966118959	-0.209121952466313	-0.176658075906396	-0.116401230324857	-0.131142934715065	-0.119168191692345	0	-0.121323333232465	-0.178519714723595	-0.139873985588058	-0.0933312506579091	-0.184699249606268	-0.137259670368998	-0.150323042299875	-0.115123896943487	-0.179900670066552	-0.143091531658243	-0.161942161430624	-0.101831516462375	-0.155459191012814	-0.157612633119171	-0.116879373914394	-0.13513724002277	-0.135830052615787	-0.113358574371214	-0.10454182778314	-0.123703589380614	-0.147282653774124	-0.202097922265997	-0.208383101055696	-0.144747474270815	-0.227609368289225	-0.106701443155154	-0.162969469345575	-0.206804536007215	-0.123781983728848	-0.197732573821454
700023496	-0.188068032172201	-0.116075634965548	-0.112541166700967	-0.234658090011487	-0.155181896941424	-0.0573318995317957	-0.196471513623519	-0.13252827380547	-0.169282878012867	-0.0936039043360352	-0.097500787554885	-0.121095810704153	-0.121536965819216	-0.0983234644969588	-0.132973000298508	-0.133178120836399	-0.103544540497599	-0.0931052885253065	-0.143537496491446	-0.175278238936469	-0.163327335195212	-0.117448792082241	-0.163560396456745	-0.177089524291403	-0.186140393842353	-0.179207713494973	-0.114718189351921	-0.186104698729977	-0.159815291836281	-0.121323333232465	0	-0.151691613420118	-0.112905102759529	-0.0754790061719029	-0.189457418324893	-0.139703170852721	-0.117072511191478	-0.0992495772691705	-0.177597353372371	-0.162844585255217	-0.132760110953371	-0.105172698579449	-0.105289567557046	-0.150597630199576	-0.107982829478229	-0.119533623829354	-0.111961911382955	-0.118156486770123	-0.0771650406939365	-0.114974296197901	-0.110950001903506	-0.215675298667114	-0.210276645368003	-0.11836996956511	-0.21394601558751	-0.10232423974258	-0.144407496880051	-0.192534395094044	-0.117555848680391	-0.19099228203031
700034628	-0.165588464554938	-0.15883807142447	-0.128587515651188	-0.206600513707458	-0.187591693466396	-0.162149241711526	-0.116625457358011	-0.173494267062277	-0.100887654528696	-0.165484710647854	-0.108840175425934	-0.117350245331623	-0.163206567170685	-0.175071747577853	-0.166205407005956	-0.121360268266598	-0.174786280512211	-0.174045021992745	-0.116712054419259	-0.138591938103066	-0.121925711197726	-0.0795585265776109	-0.162123407863326	-0.154900023785355	-0.103313922614499	-0.199878045564833	-0.164794739804442	-0.20206747807518	-0.203026760284527	-0.178519714723595	-0.151691613420118	0	-0.12650871524997	-0.140643108239298	-0.195110278354461	-0.102534619234051	-0.190459970656029	-0.168589353926452	-0.152949549150458	-0.208249420365399	-0.15194789999443	-0.142523681291256	-0.153699962570391	-0.0830240903921345	-0.150573993457404	-0.181263472245168	-0.150498539876367	-0.125658446403653	-0.164064059974581	-0.102053555110928	-0.115387582730409	-0.163466758453187	-0.164658813851637	-0.114219562592295	-0.18508684183543	-0.141734277793593	-0.138052194857826	-0.126742220874	-0.119210033975618	-0.102339367339036
700023645	-0.130700647115262	-0.114262822637171	-0.123062276329224	-0.173104502319307	-0.134995552814218	-0.129939532555206	-0.13416435469985	-0.136301177340812	-0.130684761921287	-0.117695933302266	-0.0689384556919776	-0.126591774096829	-0.126014841068342	-0.118758881787281	-0.155256021384624	-0.0891412980695764	-0.134859222179891	-0.147402934257206	-0.106064156103132	-0.114475350705076	-0.11584965283123	-0.0832122016919076	-0.129036357946194	-0.130542665284253	-0.135096476632128	-0.149391382952301	-0.120325796432796	-0.140913327857884	-0.135098727197582	-0.139873985588058	-0.112905102759529	-0.12650871524997	0	-0.0931132922354732	-0.145911425270851	-0.083415544373979	-0.130876967206958	-0.157683350080561	-0.115916739368915	-0.172784663001102	-0.0867853642999391	-0.111460884148396	-0.10424340018591	-0.108466019359556	-0.101706111354732	-0.101055428542892	-0.0978637054763449	-0.108553517668122	-0.113360502483798	-0.111379243177783	-0.0864049387228963	-0.146782716137227	-0.141200187703197	-0.0943452081364032	-0.176458985129455	-0.110296491336343	-0.115121525940171	-0.133936890306769	-0.10709781093528	-0.139486380679396
700038744	-0.183344103404914	-0.115077371425513	-0.0984664956621006	-0.223673080922761	-0.156172981310771	-0.0723099844922939	-0.191440132294294	-0.107212545765259	-0.165777129330905	-0.078756243130979	-0.0866029054824024	-0.10680532926373	-0.0997674804007831	-0.0939672538177507	-0.127165383379096	-0.132732083040427	-0.101877191179738	-0.109260169425547	-0.148936336002045	-0.170603252298862	-0.173027884190781	-0.106107425202024	-0.16394416338908	-0.179669847556852	-0.187150450331877	-0.175659523439826	-0.105397492836627	-0.15166248053465	-0.136152137875477	-0.0933312506579091	-0.0754790061719029	-0.140643108239298	-0.0931132922354732	0	-0.180610915113309	-0.115644985797209	-0.122539914763027	-0.101489485118657	-0.167325229986312	-0.143003903372345	-0.128101169919106	-0.077553097177666	-0.110662258013586	-0.143807791467736	-0.0849844220324049	-0.107646437250222	-0.113436758002242	-0.0837939345234415	-0.0857992292031416	-0.104480459074742	-0.11101779004375	-0.209194451412498	-0.204264597799135	-0.119894867301614	-0.220735573164961	-0.0890470627863312	-0.149873056336961	-0.193526591160681	-0.104147937371793	-0.188761025439113
