700108602	700014971	700033565	700109389	700023058	700023927	700106341	700114221	700023543	700023439	700016978	700024192	700113058	700099448	700109870	700033928	700023693	700109627	700095416	700110425	700111580	700111302	700098605	700111991	700108960	700024452	700032931	700095837	700024548	700110161	700023496	700034628	700023645	700038744	700038485	700024743	700099596	700110760	700101587	700106399	700032322	700095653	700021312	700101230	700023590	700038905	700033136	700023382	700096424	700105469	700016908	700096053	700108479	700109569	700033814	700016125	700109756	700102665	700101777	700109455
700108602	0	0.163298519896676	0.168982166905673	0.10861825862705	0.140393318130674	0.175697510114777	0.0900903759790901	0.188730770626677	0.0995285986664945	0.170768923922998	0.129664312081665	0.166363632511997	0.162409740645071	0.150323754882085	0.164564822073613	0.114235534746829	0.1845718958495	0.161247372161352	0.0945526852556034	0.101058582812292	0.0975212074371238	0.121409119871694	0.111074753996184	0.0827769255749901	0.0956639186624316	0.121649818838496	0.154594716454112	0.137949424699998	0.147976103680899	0.167875223963627	0.167440559842367	0.127323946487689	0.123317000335575	0.16258278087132	0.13853680709215	0.12083647006633	0.138441306478952	0.182722829573706	0.0897989403476075	0.184494216710064	0.106911090107035	0.167743653362375	0.149826283356255	0.121336841598471	0.153608540903065	0.128499057779029	0.131876426294364	0.16087853134349	0.151350891013117	0.146137935376341	0.120476568922744	0.0943882361683444	0.0963552669208137	0.115482804636444	0.0904752766115565	0.169765475207869	0.108663103096207	0.0851173088942973	0.140612054834503	0.107119830957322
700014971	0.163298519896676	0	0.16478638793156	0.174819163345571	0.144172729600817	0.15446064839494	0.175819409220585	0.154752075069169	0.160751490094503	0.133568099706792	0.135784529022682	0.166206881253574	0.139145290354212	0.141947298819099	0.1501514921907	0.168064750017224	0.133933996125239	0.154065568440932	0.1650729164365	0.160464476048098	0.15487200346362	0.147289472078902	0.127496869276073	0.166025340648063	0.178452397659948	0.168570959248339	0.123906367157988	0.154733499407191	0.124131565958651	0.138240538640784	0.140087189721095	0.152053817129104	0.129336106150279	0.133651831761544	0.152137169708993	0.13816993819941	0.152980110231893	0.156447235274682	0.151232315745271	0.137857370949702	0.147553202902576	0.148703457851423	0.164230568282212	0.151744023646688	0.146226165750636	0.13050516306495	0.116530269025625	0.139829063153569	0.139701432358029	0.148082616157874	0.153589947477395	0.174647733346393	0.165769381116269	0.140243101400431	0.17652214928855	0.114742989473005	0.158129177830488	0.166749694489414	0.143086825115332	0.160394951001395
700033565	0.168982166905673	0.16478638793156	0	0.152393628065182	0.150685880012953	0.0687350072780091	0.144553394354723	0.116545922773463	0.151765649454134	0.0896137697717875	0.104036481825452	0.0684452894574314	0.114934666627994	0.116407572957436	0.0842668720285231	0.123482385255862	0.105460791359412	0.0943957638352813	0.139073944765728	0.143471363516434	0.140688594014617	0.0939367697589951	0.132659074108788	0.139054907941436	0.140319164826743	0.170342866715871	0.130308252497811	0.14652548038861	0.126111565374644	0.108377567992362	0.104513526330025	0.107512800565422	0.116934950731028	0.0920521033785638	0.162323695136349	0.109736378985216	0.125845372100983	0.0919741699573416	0.165420371017256	0.124314154525273	0.145414304023903	0.0930700341019614	0.140496921839034	0.125372492032959	0.10738153785251	0.12529543077083	0.142007930722515	0.090500447087588	0.105554621543591	0.0901491447087737	0.0786113195862468	0.16872241685488	0.146296247896677	0.11383897562813	0.179587164671193	0.124254323148215	0.131643958301581	0.153582569552992	0.0960125466299083	0.135714664661986
700109389	0.10861825862705	0.174819163345571	0.152393628065182	0	0.14530429838055	0.16799364012499	0.0907041561649481	0.18549247838552	0.127805037654151	0.162697416838294	0.145280586626014	0.142674447226617	0.165880178401966	0.149437337818054	0.14367138585551	0.145397481203777	0.185521673193056	0.178890859251279	0.132870877639577	0.0930966103771677	0.109628322996975	0.13562894870911	0.108110854448095	0.11292190225554	0.105433678861376	0.118287518909448	0.176750030129771	0.158763861793104	0.140674464384356	0.159203390939095	0.17427965265324	0.144041387946798	0.133222727283441	0.166225669464514	0.136068975314665	0.115047723559884	0.165578923064549	0.167122685135647	0.126335021538907	0.167549379580613	0.133461256593979	0.158960219428224	0.163762017663169	0.124704634626442	0.147051522940064	0.137355513266723	0.147780624839844	0.152562914168252	0.155600733736829	0.14106186608859	0.117822018761887	0.101170953813887	0.071123604724744	0.140088771830544	0.112838728145857	0.171482135160348	0.106142879216375	0.0875339270710559	0.126098016973884	0.0975442331508423
700023058	0.140393318130674	0.144172729600817	0.150685880012953	0.14530429838055	0	0.149825576655856	0.120161683706411	0.169053181082991	0.121028662538773	0.145610162270962	0.134802330263502	0.159496729961447	0.149295501335849	0.125214575600678	0.143384301549761	0.143995223493201	0.157156732957388	0.155741266042439	0.134151506617528	0.140176644145642	0.134610917201095	0.142317131953057	0.12465499383069	0.135306269026093	0.148669828166107	0.116246965725622	0.146046278068514	0.140118553990882	0.129267590509907	0.135419686132771	0.142295025052513	0.150739694817595	0.131613408806246	0.141121395014044	0.116055168615245	0.137269821851341	0.138866321722769	0.149795175595182	0.121233013885959	0.156254103149708	0.137008744392282	0.134244429126719	0.14368487936592	0.141023940278321	0.1275288300721	0.11344200072615	0.114135973554589	0.141295638547988	0.143995338658249	0.145574161313862	0.140102873110234	0.128636949119705	0.126546864504794	0.138514551124975	0.136967028550113	0.158403639868414	0.136963345487855	0.131601320520589	0.143923318713644	0.130832398790601
700023927	0.175697510114777	0.15446064839494	0.0687350072780091	0.16799364012499	0.149825576655856	0	0.156405624336898	0.111784159265765	0.165811662128434	0.0797668071611149	0.10759500013971	0.0893996752414461	0.110032216914625	0.0933700568149107	0.0860593274986435	0.129094471498102	0.0989709168857396	0.0819504173553838	0.14487987157543	0.148774036860714	0.139656757554815	0.114248475713966	0.132782342228357	0.154703281652579	0.146490186166457	0.17727150075786	0.133846385725772	0.158381001103376	0.11635223467346	0.0997589045920724	0.0856207933801257	0.120444190736886	0.11962557150848	0.0741260550070774	0.174153136163464	0.115473540003393	0.116414931967265	0.0714448993888399	0.169120116050584	0.115473602119861	0.150558413562369	0.0907444634492763	0.131725633807174	0.132002015959761	0.104821793625766	0.120021276681273	0.149478667120802	0.0891694881106724	0.0804877335082968	0.0859596486437361	0.100066272415135	0.173936023139823	0.160162902434018	0.113475371501036	0.186526619295895	0.114409826399393	0.125310889026667	0.159218546376106	0.0977308736842109	0.142870146832884
700106341	0.0900903759790901	0.175819409220585	0.144553394354723	0.0907041561649481	0.120161683706411	0.156405624336898	0	0.180471895016612	0.0777463730951306	0.160296296500704	0.126707318777314	0.133484787746351	0.16112597096181	0.140966674784121	0.137690770106482	0.122894484007061	0.176652182397008	0.165130974241525	0.102340100261606	0.0816142102920094	0.0877547527062753	0.108567229441689	0.112063676890122	0.101602562090668	0.0763764215414672	0.121403623916504	0.175104410669918	0.159158456076876	0.149797476837954	0.157345344321696	0.15796398276857	0.0967894504533325	0.115705959339459	0.155661830029907	0.135263078654253	0.0912893264959669	0.153979357638031	0.165024350772224	0.0995604973823967	0.174873953059416	0.122659843040835	0.151007148859667	0.143515516459923	0.0978768293776888	0.136077272769624	0.135355668666258	0.136573618236968	0.137062016938374	0.146499594955647	0.117236000565926	0.111662066864636	0.0682315884218287	0.0791239920134382	0.122539866761492	0.110557367152903	0.160307808018654	0.0948858782274865	0.0742536952071933	0.12084311662812	0.0744562832410769
700114221	0.188730770626677	0.154752075069169	0.116545922773463	0.18549247838552	0.169053181082991	0.111784159265765	0.180471895016612	0	0.177646755215795	0.0837139121934425	0.137332916115116	0.117733768379733	0.0844001228918806	0.152919256119339	0.102664588349028	0.155429413662154	0.105953395596483	0.134445864946031	0.175906765538498	0.172471489084062	0.168386852318484	0.144950974368046	0.168969712269902	0.179513959007274	0.179405457726639	0.192151326997094	0.145938251921069	0.151414856082102	0.126057592732519	0.114365361576308	0.123541917651692	0.142896397044527	0.126827436200168	0.114811135833974	0.18040973123916	0.131395578023774	0.156764176189761	0.102514682630096	0.184615963931088	0.0886619356319598	0.164172651000385	0.0891489360151894	0.173235326981094	0.147771665278781	0.110120681786907	0.133917994259714	0.14390573679903	0.0937740591684375	0.143185070381009	0.116514401128336	0.13665705965729	0.195087393199393	0.17820478347936	0.146364653373812	0.207060659315694	0.0924819290869941	0.150132669494797	0.191632168229687	0.124022558754465	0.168865090301264
700023543	0.0995285986664945	0.160751490094503	0.151765649454134	0.127805037654151	0.121028662538773	0.165811662128434	0.0777463730951306	0.177646755215795	0	0.155250478709849	0.11878436146838	0.146205140099632	0.159653793820328	0.153775955334311	0.149242067277437	0.1112982200542	0.174458626882166	0.158222742364495	0.0989138307176395	0.0981661711209755	0.0976487765874352	0.104907945733517	0.112916331664034	0.0957555916136746	0.105442954946694	0.104867972261954	0.158675622208894	0.133406700170736	0.158451668882395	0.159316302178313	0.154736361083586	0.103984726832063	0.10926266599541	0.153997838080675	0.116108648883809	0.114728786746572	0.139278770954438	0.17279066002603	0.0958398946024913	0.172515549891972	0.116204650745983	0.148965281556319	0.14714234159086	0.0915343231553845	0.143430159718628	0.129631208484104	0.124054620162364	0.141739325798708	0.154081360139187	0.131829998156906	0.123238994140416	0.0725448315335844	0.104119475084641	0.12580338380281	0.117063170645192	0.157812082774535	0.115636487559332	0.0857887237148732	0.126999016396629	0.0922850282344107
700023439	0.170768923922998	0.133568099706792	0.0896137697717875	0.162697416838294	0.145610162270962	0.0797668071611149	0.160296296500704	0.0837139121934425	0.155250478709849	0	0.109995937998943	0.105068194374151	0.0845792598061974	0.115108034151872	0.0894813750662839	0.134840266297267	0.0881841402732411	0.111023026622339	0.14223314839684	0.14520402343065	0.133401444223934	0.110002279639435	0.135605568302676	0.142646922640582	0.149719501847407	0.172951860457296	0.136503922957427	0.141078112948636	0.0990985737340075	0.0899046103420216	0.0990783325580506	0.120677038236838	0.0992933644708504	0.0788757868298508	0.167489895540119	0.110687835689097	0.127849705053815	0.0818510816685213	0.167047417570433	0.0757748960712162	0.138993144313547	0.0746616464929053	0.145349137507987	0.130535201265962	0.0879285777801545	0.107236455406806	0.134634952812597	0.0807371382360727	0.102569616178084	0.104453253867124	0.107513377504018	0.16892892504521	0.154697504230059	0.109006457060493	0.175674126016197	0.092154321766936	0.120828281510959	0.159575071300704	0.0987567961703297	0.145213079601539
700016978	0.129664312081665	0.135784529022682	0.104036481825452	0.145280586626014	0.134802330263502	0.10759500013971	0.126707318777314	0.137332916115116	0.11878436146838	0.109995937998943	0	0.107672208829262	0.111056562274481	0.116349479059373	0.121995963678523	0.103869535323789	0.119395481544408	0.107487197696491	0.121865105852999	0.114246358791207	0.113364807485449	0.0804691037293514	0.117560839628191	0.122177312050787	0.111729790272692	0.155841544156224	0.120448564090219	0.122591235517865	0.124534382926264	0.109784176365319	0.0969859486407266	0.101602477060124	0.0862240725514642	0.0928700519255018	0.158712903091612	0.0943413760835793	0.10684763889244	0.129472266029099	0.125192084275488	0.136005551758255	0.108201070522047	0.0974874086802874	0.117769489924341	0.103024857257593	0.105483901663828	0.115307290075386	0.119222940920434	0.0986081182447541	0.105337201585322	0.0983453324400492	0.0860132933005686	0.143304299031587	0.134357266129255	0.0820516832618005	0.14667460195501	0.115756613689407	0.111902009430657	0.131938362063295	0.104466326855446	0.120254735247977
700024192	0.166363632511997	0.166206881253574	0.0684452894574314	0.142674447226617	0.159496729961447	0.0893996752414461	0.133484787746351	0.117733768379733	0.146205140099632	0.105068194374151	0.107672208829262	0	0.100440858356923	0.138449868342075	0.0849897617142946	0.121342141211592	0.128725163632075	0.10820869617833	0.128171709182088	0.13665568777014	0.129058050210335	0.0882483326251935	0.132479360019832	0.151227590303113	0.132019997054738	0.169044598003406	0.14670464971044	0.149626490822059	0.125366815492986	0.122048096189136	0.115433466976874	0.0936860341246986	0.103434665834702	0.0998236027453243	0.171056463092403	0.106134606885544	0.134836322085207	0.099090150753964	0.164366997244846	0.112276446771654	0.141474453801357	0.0756666751126251	0.153844197100386	0.111860305653648	0.0904849661660823	0.124824682067341	0.153979464723996	0.0775487202704117	0.119344132158579	0.064546487157486	0.069581267266228	0.162605659277637	0.147548778512262	0.118821851916996	0.185017275072113	0.0997589565967203	0.118276985861213	0.149009967355372	0.0884098184079158	0.12331251518276
700113058	0.162409740645071	0.139145290354212	0.114934666627994	0.165880178401966	0.149295501335849	0.110032216914625	0.16112597096181	0.0844001228918806	0.159653793820328	0.0845792598061974	0.111056562274481	0.100440858356923	0	0.136067989947699	0.0926032764870127	0.133186900043342	0.119776959197366	0.127554955082224	0.15350534682848	0.150376533810685	0.143158275869903	0.118807567245056	0.143729909022926	0.164415525348192	0.157143490564377	0.176627842982628	0.130443696067063	0.125356409470526	0.099803633170368	0.0961865227494443	0.11450119709059	0.119421245524951	0.109410998551944	0.0912349921398692	0.166579504858062	0.122178624117724	0.140023779776395	0.117798144257315	0.162853650940409	0.0961586782435299	0.14372578989768	0.0786053542736315	0.160864477760476	0.13048997653349	0.0898916154092097	0.112303250332448	0.14076685974308	0.086189098504725	0.117114320538419	0.103635184176808	0.112842828986551	0.171700564557268	0.157422844627205	0.133622966037795	0.189111701487035	0.0850419602552888	0.129317528616555	0.166147083670691	0.103477140963852	0.146288078515612
700099448	0.150323754882085	0.141947298819099	0.116407572957436	0.149437337818054	0.125214575600678	0.0933700568149107	0.140966674784121	0.152919256119339	0.153775955334311	0.115108034151872	0.116349479059373	0.138449868342075	0.136067989947699	0	0.114356915062727	0.141741787735055	0.131042191021769	0.100871461051733	0.134220889068128	0.127420878831146	0.13114786637547	0.125854175315091	0.104895642520391	0.126484256385648	0.138409329931106	0.143690386394178	0.118093106570074	0.150995773628947	0.11503859662679	0.103030562577451	0.105448947573516	0.13202513764176	0.123345560002347	0.0991583094360405	0.152237609360921	0.112965060201487	0.113681829857736	0.106671999997351	0.147787596138477	0.150195744290755	0.140128393916529	0.12441445748054	0.11506245084764	0.137856102886632	0.11732091248579	0.11244598239476	0.129588531088317	0.121093662810525	0.0787627913764841	0.119816180788105	0.115680739771112	0.148048925648397	0.138970132031992	0.11798686996236	0.150406399421325	0.142465529549	0.118790355743159	0.134003232610883	0.110857699384029	0.132012465982166
700109870	0.164564822073613	0.1501514921907	0.0842668720285231	0.14367138585551	0.143384301549761	0.0860593274986435	0.137690770106482	0.102664588349028	0.149242067277437	0.0894813750662839	0.121995963678523	0.0849897617142946	0.0926032764870127	0.114356915062727	0	0.136028453722595	0.111755378115031	0.122591241502291	0.144672288520338	0.12902110920736	0.127913069232519	0.114134363559048	0.124305843877495	0.153560531875037	0.138261205843586	0.170077423014554	0.137063872975885	0.14237205877662	0.105162986218585	0.0894243671279349	0.121704972141738	0.109046474170242	0.120952184405125	0.0975341152828137	0.16801233992558	0.111837677520982	0.150897196768128	0.0817198558920389	0.160324832383151	0.0972369819820457	0.154143639111501	0.0807088588643075	0.159581693538623	0.119189347745692	0.0890793237492734	0.117084672389503	0.144321625716109	0.072424308674319	0.11453840224654	0.085291153081335	0.104291533370616	0.155899657996165	0.138925974089571	0.129852416723009	0.181059068450468	0.100430592310526	0.107701955039433	0.148985600830163	0.0871896717122387	0.12024587602259
700033928	0.114235534746829	0.168064750017224	0.123482385255862	0.145397481203777	0.143995223493201	0.129094471498102	0.122894484007061	0.155429413662154	0.1112982200542	0.134840266297267	0.103869535323789	0.121342141211592	0.133186900043342	0.141741787735055	0.136028453722595	0	0.155416656991562	0.125739113170894	0.0944510184223055	0.130290268814015	0.1122164938223	0.0966167847120967	0.125238526876845	0.0984188309120997	0.120245813079696	0.143859377866984	0.129678319430046	0.121022771228306	0.140401230440601	0.141289286362781	0.132649813479338	0.110391781942269	0.111098698200115	0.129808298437086	0.124974176785939	0.132343515048388	0.114487832818555	0.14535239966593	0.114313462960796	0.158172890500566	0.102408109859458	0.124971012635766	0.138912583206726	0.114831136156718	0.12552297993635	0.124622151026426	0.131706411273155	0.130949566744776	0.130897870019654	0.111991572433985	0.0902772740402425	0.127158864984551	0.129674959437621	0.114199090520471	0.136203536026576	0.137030627462513	0.124788251804353	0.116459163525765	0.119329299182111	0.114449694884321
700023693	0.1845718958495	0.133933996125239	0.105460791359412	0.185521673193056	0.157156732957388	0.0989709168857396	0.176652182397008	0.105953395596483	0.174458626882166	0.0881841402732411	0.119395481544408	0.128725163632075	0.119776959197366	0.131042191021769	0.111755378115031	0.155416656991562	0	0.122706284459953	0.164679380236625	0.17070927285344	0.155011037268067	0.130970561287722	0.151199370074085	0.165706089959421	0.172071164854698	0.194700726745763	0.128133699161037	0.165477757702071	0.127958650559152	0.104654191165606	0.102714209498504	0.13676315280358	0.126569513449667	0.0996133442289724	0.180412550645344	0.134734741408487	0.140619041783734	0.116563013823602	0.177798897018242	0.113168561177366	0.14796245446883	0.11162392319989	0.150929413474921	0.145187953482342	0.123661996467383	0.127281097548441	0.132114027238968	0.107917354590579	0.111460600887329	0.117905374346932	0.132984629812079	0.191586780087082	0.168434186679234	0.115527208182043	0.199141158107824	0.112627293588218	0.139248483529709	0.183109102282505	0.124028531054797	0.160968150912363
700109627	0.161247372161352	0.154065568440932	0.0943957638352813	0.178890859251279	0.155741266042439	0.0819504173553838	0.165130974241525	0.134445864946031	0.158222742364495	0.111023026622339	0.107487197696491	0.10820869617833	0.127554955082224	0.100871461051733	0.122591241502291	0.125739113170894	0.122706284459953	0	0.146434832154029	0.150631867683533	0.150102932465237	0.114373239917596	0.143863148347069	0.137614735415885	0.149610111984712	0.173175297955515	0.122760973370709	0.152095178166674	0.141722838290565	0.11159740200367	0.104026947899845	0.122320977843723	0.123575851221807	0.0899118065702258	0.161682004373644	0.139911223880992	0.10895141032123	0.102157699506092	0.157711590070163	0.143374830280479	0.14439287117836	0.113523846010272	0.120051657787105	0.134833534796833	0.132559801097566	0.132066066512095	0.148031880115106	0.122343492106642	0.0849030017087099	0.105627786885751	0.107002982681465	0.177432887347851	0.161420339385825	0.117770559332824	0.174937254767882	0.126166678483313	0.139626766034685	0.164996741272867	0.117928715547935	0.149371257838016
700095416	0.0945526852556034	0.1650729164365	0.139073944765728	0.132870877639577	0.134151506617528	0.14487987157543	0.102340100261606	0.175906765538498	0.0989138307176395	0.14223314839684	0.121865105852999	0.128171709182088	0.15350534682848	0.134220889068128	0.144672288520338	0.0944510184223055	0.164679380236625	0.146434832154029	0	0.110426401312554	0.0900102222168278	0.10286668280285	0.111621404922951	0.0924240583114125	0.0991845546195263	0.123985963834658	0.150024433148439	0.131154217387805	0.129330721849092	0.151463776179045	0.139370254012181	0.113940851173315	0.104073755958422	0.145367349538164	0.130449741230964	0.115528383963044	0.119203413417011	0.159649562997856	0.0936732386160074	0.165674121957998	0.0938480324271569	0.140540114933715	0.122060849897882	0.109564644525203	0.124810372349013	0.11470624777657	0.124444106885091	0.136598737995342	0.133916180796135	0.123043042471014	0.100473108842414	0.10591457815674	0.111892496862755	0.104626135780144	0.11248110761019	0.150096291619817	0.108440585789516	0.098489349180495	0.12535153797448	0.114046201132708
700110425	0.101058582812292	0.160464476048098	0.143471363516434	0.0930966103771677	0.140176644145642	0.148774036860714	0.0816142102920094	0.172471489084062	0.0981661711209755	0.14520402343065	0.114246358791207	0.13665568777014	0.150376533810685	0.127420878831146	0.12902110920736	0.130290268814015	0.17070927285344	0.150631867683533	0.110426401312554	0	0.0780282708383002	0.105807090297173	0.0979935502420488	0.102172242110637	0.0625344479118852	0.123168582877021	0.160150235234929	0.141339429798466	0.134018108040276	0.134635179441842	0.154548782212962	0.107564728493983	0.102380117858016	0.142757076839607	0.141441243471901	0.0829565327669912	0.148201730820219	0.15973417364693	0.115362971044023	0.16373477243333	0.125296167529497	0.137277648190697	0.142553542322452	0.0883429190616415	0.121339783734643	0.124355327771429	0.134196330664714	0.124469624464206	0.12949050952464	0.118030115216455	0.111176225452946	0.0826550509036567	0.0642706802297042	0.121018990691962	0.115713497786463	0.155071446553894	0.0700231076947589	0.0784572845332174	0.105823874494176	0.0814059332120707
700111580	0.0975212074371238	0.15487200346362	0.140688594014617	0.109628322996975	0.134610917201095	0.139656757554815	0.0877547527062753	0.168386852318484	0.0976487765874352	0.133401444223934	0.113364807485449	0.129058050210335	0.143158275869903	0.13114786637547	0.127913069232519	0.1122164938223	0.155011037268067	0.150102932465237	0.0900102222168278	0.0780282708383002	0	0.0866821823311308	0.0962888607889402	0.0920187011003556	0.0693763774218686	0.139462245330834	0.156515093486599	0.148696375647106	0.124157268431079	0.142065637750683	0.142681575555011	0.098564936673149	0.0929085191584545	0.14044691587899	0.147126472501898	0.0947273777973506	0.141403556040372	0.154022117244301	0.118587058272916	0.150057613466257	0.109023781975355	0.130956371468887	0.142113536423662	0.105587005948855	0.110768433892423	0.112133560877903	0.127529500414306	0.120212551515116	0.117274294611096	0.110867538913058	0.102682813916863	0.0910905337512757	0.0967166254637773	0.0955840188080384	0.116105603959012	0.14488502097646	0.0657962800289857	0.0782100498872286	0.100078215822387	0.0863002392324843
700111302	0.121409119871694	0.147289472078902	0.0939367697589951	0.13562894870911	0.142317131953057	0.114248475713966	0.108567229441689	0.144950974368046	0.104907945733517	0.110002279639435	0.0804691037293514	0.0882483326251935	0.118807567245056	0.125854175315091	0.114134363559048	0.0966167847120967	0.130970561287722	0.114373239917596	0.10286668280285	0.105807090297173	0.0866821823311308	0	0.123840257961045	0.1025778791063	0.0932548816289297	0.152152398247583	0.135760760899172	0.142777789960443	0.132353751979444	0.12567319918709	0.117293207500271	0.0670198099202104	0.081734828662694	0.103202865287228	0.158201002066669	0.0934843262777726	0.117495097666215	0.135450073269884	0.133889650621657	0.135419485258215	0.119123261784007	0.0986692858463085	0.137596683075319	0.0942045339858468	0.10263609102401	0.12376776577059	0.135434333658576	0.0977929364602568	0.111021394590427	0.0727271716522932	0.0760556796181996	0.126921358853348	0.118722400881317	0.0877691128176488	0.147385604397593	0.116714604551702	0.096907871140225	0.117633673653669	0.0844214393466964	0.111393140395624
700098605	0.111074753996184	0.127496869276073	0.132659074108788	0.108110854448095	0.12465499383069	0.132782342228357	0.112063676890122	0.168969712269902	0.112916331664034	0.135605568302676	0.117560839628191	0.132479360019832	0.143729909022926	0.104895642520391	0.124305843877495	0.125238526876845	0.151199370074085	0.143863148347069	0.111621404922951	0.0979935502420488	0.0962888607889402	0.123840257961045	0	0.105425862567231	0.115811266833158	0.122025783512611	0.129413728710362	0.132008191768681	0.119635072320753	0.128376927958565	0.136065802497347	0.120384267507132	0.108440734575738	0.132061401350256	0.124050790187731	0.0998235807588206	0.124161618635833	0.133068224910282	0.11204636135736	0.152581207756691	0.122366095601219	0.140827077074983	0.137145435711321	0.106427050309335	0.132265067252313	0.103463641918572	0.118264366093231	0.130809727627516	0.121139905981304	0.122177993764226	0.108084499353471	0.105199676824993	0.103453202040383	0.115787011064376	0.105407239516838	0.148694996527646	0.108523051742791	0.0928813445207722	0.110070380768239	0.0862363002753421
700111991	0.0827769255749901	0.166025340648063	0.139054907941436	0.11292190225554	0.135306269026093	0.154703281652579	0.101602562090668	0.179513959007274	0.0957555916136746	0.142646922640582	0.122177312050787	0.151227590303113	0.164415525348192	0.126484256385648	0.153560531875037	0.0984188309120997	0.165706089959421	0.137614735415885	0.0924240583114125	0.102172242110637	0.0920187011003556	0.1025778791063	0.105425862567231	0	0.0996422940526282	0.101636500382849	0.143461595540031	0.128967593068711	0.137289849527132	0.151250393153213	0.148250176304386	0.123005894766911	0.111110042645319	0.147151595431582	0.113986066665892	0.109733489189319	0.121719143836206	0.157130988668681	0.0979123076550227	0.173892988573348	0.10062733072292	0.149122168402833	0.135804204895418	0.109657031957224	0.135608565963046	0.111242646422459	0.117360384869484	0.146639295048825	0.13227181861742	0.138670870633565	0.109861984570382	0.0970131880800193	0.102532824165651	0.097365301224158	0.0858006870373807	0.163299144633772	0.11261519945231	0.0839265463532991	0.124688182800831	0.106123043036317
700108960	0.0956639186624316	0.178452397659948	0.140319164826743	0.105433678861376	0.148669828166107	0.146490186166457	0.0763764215414672	0.179405457726639	0.105442954946694	0.149719501847407	0.111729790272692	0.132019997054738	0.157143490564377	0.138409329931106	0.138261205843586	0.120245813079696	0.172071164854698	0.149610111984712	0.0991845546195263	0.0625344479118852	0.0693763774218686	0.0932548816289297	0.115811266833158	0.0996422940526282	0	0.144584419588885	0.177261113131222	0.156989140940041	0.144533781787701	0.148390570103963	0.156941366227834	0.099853889632594	0.108352502421906	0.146844790090503	0.156978376881731	0.0971720489993046	0.147574795913574	0.165455584034941	0.117676881778862	0.168476085162764	0.125278246718661	0.139383745509815	0.145520131170026	0.0929485513458874	0.123970873110967	0.14079039880009	0.149691808226136	0.128817121900929	0.132449918773801	0.108211840855415	0.101351800614027	0.0870360290701486	0.0749971360393755	0.115858596593048	0.11453686066415	0.154097297396923	0.0771093344495735	0.0773027535954338	0.109348058675517	0.0797473433548627
700024452	0.121649818838496	0.168570959248339	0.170342866715871	0.118287518909448	0.116246965725622	0.17727150075786	0.121403623916504	0.192151326997094	0.104867972261954	0.172951860457296	0.155841544156224	0.169044598003406	0.176627842982628	0.143690386394178	0.170077423014554	0.143859377866984	0.194700726745763	0.173175297955515	0.123985963834658	0.123168582877021	0.139462245330834	0.152152398247583	0.122025783512611	0.101636500382849	0.144584419588885	0	0.160445341436341	0.126013462683089	0.12618953939745	0.168274248160694	0.175638133858204	0.159831676247393	0.136335326036009	0.171904871522813	0.0776797633797377	0.129494903441682	0.15292745788392	0.178495595176654	0.108993325161176	0.179888178195952	0.125732148081775	0.16644499964268	0.15238022403588	0.133048489290349	0.153729922677446	0.11315676101572	0.122805165819985	0.168379256996745	0.163396884233931	0.165670864687745	0.141908136955031	0.099037718436108	0.117584341671096	0.139595586275793	0.0987097320513596	0.172388315753794	0.138196607854722	0.116249481006755	0.139773213103157	0.141888672216021
700032931	0.154594716454112	0.123906367157988	0.130308252497811	0.176750030129771	0.146046278068514	0.133846385725772	0.175104410669918	0.145938251921069	0.158675622208894	0.136503922957427	0.120448564090219	0.14670464971044	0.130443696067063	0.118093106570074	0.137063872975885	0.129678319430046	0.128133699161037	0.122760973370709	0.150024433148439	0.160150235234929	0.156515093486599	0.135760760899172	0.129413728710362	0.143461595540031	0.177261113131222	0.160445341436341	0	0.14049498882381	0.133952175352878	0.127580351630871	0.118750804554326	0.146806500988891	0.131553148365402	0.120917320467303	0.145920914958825	0.142231711439882	0.125976149867258	0.135987949929241	0.138946987042853	0.148127493819216	0.138259549551054	0.137713839097278	0.142039984202836	0.146318349592979	0.13858807021938	0.122771997936172	0.120754247255004	0.130541763085787	0.122378990301507	0.132938010425848	0.133900886725624	0.17837069978468	0.161397159540758	0.128354753807055	0.159155843886803	0.13558927177498	0.152131578487882	0.170178887295935	0.140423550472408	0.156477084873066
700095837	0.137949424699998	0.154733499407191	0.14652548038861	0.158763861793104	0.140118553990882	0.158381001103376	0.159158456076876	0.151414856082102	0.133406700170736	0.141078112948636	0.122591235517865	0.149626490822059	0.125356409470526	0.150995773628947	0.14237205877662	0.121022771228306	0.165477757702071	0.152095178166674	0.131154217387805	0.141339429798466	0.148696375647106	0.142777789960443	0.132008191768681	0.128967593068711	0.156989140940041	0.126013462683089	0.14049498882381	0	0.108147493046604	0.125405303809798	0.14881743401204	0.149938321670687	0.125157872767393	0.140680362811246	0.13431818985115	0.132658089057326	0.131413382645215	0.163573299689955	0.1300111770995	0.153048747822658	0.12091929379733	0.131349634742631	0.146544403550078	0.135352759312313	0.123846056870566	0.120328522402764	0.127020199200384	0.140078642747316	0.151098712303097	0.146237218101343	0.123341052147081	0.1447969012678	0.147958200400687	0.136392837303968	0.145720797709604	0.142261377418551	0.141752864429268	0.143290368264006	0.138597501065375	0.154230113706212
700024548	0.147976103680899	0.124131565958651	0.126111565374644	0.140674464384356	0.129267590509907	0.11635223467346	0.149797476837954	0.126057592732519	0.158451668882395	0.0990985737340075	0.124534382926264	0.125366815492986	0.099803633170368	0.11503859662679	0.105162986218585	0.140401230440601	0.127958650559152	0.141722838290565	0.129330721849092	0.134018108040276	0.124157268431079	0.132353751979444	0.119635072320753	0.137289849527132	0.144533781787701	0.12618953939745	0.133952175352878	0.108147493046604	0	0.103517992653931	0.123143507171594	0.146915038195836	0.110210665477424	0.107986096051274	0.128844796942063	0.104879889332204	0.142021465785862	0.125994865386316	0.141309111945722	0.108652758622092	0.129961580270165	0.102200576411547	0.146437610786538	0.14644695267554	0.0833848737440858	0.0781006776241589	0.119887394152295	0.100123495756658	0.111846369661488	0.12354270789326	0.110288189497269	0.149250070899763	0.138310587385217	0.116551117654057	0.150204967920353	0.122143058473746	0.113615652587446	0.143666529302423	0.106015676323616	0.148949612331086
700110161	0.167875223963627	0.138240538640784	0.108377567992362	0.159203390939095	0.135419686132771	0.0997589045920724	0.157345344321696	0.114365361576308	0.159316302178313	0.0899046103420216	0.109784176365319	0.122048096189136	0.0961865227494443	0.103030562577451	0.0894243671279349	0.141289286362781	0.104654191165606	0.11159740200367	0.151463776179045	0.134635179441842	0.142065637750683	0.12567319918709	0.128376927958565	0.151250393153213	0.148390570103963	0.168274248160694	0.127580351630871	0.125405303809798	0.103517992653931	0	0.106933723302446	0.128290181228438	0.120089110790486	0.0817757124035198	0.162645713512745	0.122262588990864	0.130747123407463	0.106806841553419	0.16014729255883	0.112184517044715	0.14978018298386	0.0947043079809892	0.13771919517647	0.131713895376022	0.104359246857728	0.112482825066793	0.141439538137922	0.100045464794259	0.0886581857164815	0.106586231875955	0.119897409298006	0.162696846905569	0.147534410834547	0.125215787919966	0.177322021113989	0.109281354543391	0.116108465454695	0.156199340891676	0.100645526164078	0.140626087692577
700023496	0.167440559842367	0.140087189721095	0.104513526330025	0.17427965265324	0.142295025052513	0.0856207933801257	0.15796398276857	0.123541917651692	0.154736361083586	0.0990783325580506	0.0969859486407266	0.115433466976874	0.11450119709059	0.105448947573516	0.121704972141738	0.132649813479338	0.102714209498504	0.104026947899845	0.139370254012181	0.154548782212962	0.142681575555011	0.117293207500271	0.136065802497347	0.148250176304386	0.156941366227834	0.175638133858204	0.118750804554326	0.14881743401204	0.123143507171594	0.106933723302446	0	0.125342540393604	0.107974000089985	0.0928556828425069	0.171480382021577	0.119574886540884	0.110587474891519	0.111678993781841	0.158727864444709	0.128057546944184	0.137562042006291	0.103139981121698	0.114836070745554	0.140538455567128	0.106386937718145	0.112983101122159	0.137075437869973	0.107620553834465	0.0863528914643737	0.112308206193014	0.112903646950295	0.177938565768184	0.16661061208238	0.107000979243655	0.182579254522419	0.110472979888968	0.130058846188466	0.16596727022407	0.122438870381267	0.148748647479188
700034628	0.127323946487689	0.152053817129104	0.107512800565422	0.144041387946798	0.150739694817595	0.120444190736886	0.0967894504533325	0.142896397044527	0.103984726832063	0.120677038236838	0.101602477060124	0.0936860341246986	0.119421245524951	0.13202513764176	0.109046474170242	0.110391781942269	0.13676315280358	0.122320977843723	0.113940851173315	0.107564728493983	0.098564936673149	0.0670198099202104	0.120384267507132	0.123005894766911	0.099853889632594	0.159831676247393	0.146806500988891	0.149938321670687	0.146915038195836	0.128290181228438	0.125342540393604	0	0.0958462067628976	0.113736205309977	0.164420074224499	0.0843150171643673	0.134198191742112	0.135945405181419	0.139706570022975	0.141816878072261	0.134752487375936	0.102554585229357	0.143583321771192	0.0738340744921519	0.113024016121288	0.130723336790518	0.142113168808456	0.100252935966072	0.127338653382772	0.0725220953678179	0.0964748382975323	0.121030001136105	0.121625616120344	0.116384941956785	0.162771441043452	0.108769661482284	0.106806339333198	0.115823657214091	0.0911740353748108	0.0896385896391637
700023645	0.123317000335575	0.129336106150279	0.116934950731028	0.133222727283441	0.131613408806246	0.11962557150848	0.115705959339459	0.126827436200168	0.10926266599541	0.0992933644708504	0.0862240725514642	0.103434665834702	0.109410998551944	0.123345560002347	0.120952184405125	0.111098698200115	0.126569513449667	0.123575851221807	0.104073755958422	0.102380117858016	0.0929085191584545	0.081734828662694	0.108440734575738	0.111110042645319	0.108352502421906	0.136335326036009	0.131553148365402	0.125157872767393	0.110210665477424	0.120089110790486	0.107974000089985	0.0958462067628976	0	0.0970527425841534	0.137645335891277	0.0825397748152493	0.118511247722422	0.130383982510956	0.123546315667631	0.122421641580655	0.109789835353168	0.100207237903333	0.118013599092901	0.0971691324342608	0.0901474017194378	0.0945616484974393	0.113940905404807	0.0946044162473217	0.10744440253047	0.0895648766005315	0.080348589702056	0.121333402534572	0.119338491720336	0.093658848725893	0.139002870507848	0.0999472808899764	0.0902118425507718	0.116253531851601	0.0817384044573721	0.112453284658212
700038744	0.16258278087132	0.133651831761544	0.0920521033785638	0.166225669464514	0.141121395014044	0.0741260550070774	0.155661830029907	0.114811135833974	0.153997838080675	0.0788757868298508	0.0928700519255018	0.0998236027453243	0.0912349921398692	0.0991583094360405	0.0975341152828137	0.129808298437086	0.0996133442289724	0.0899118065702258	0.145367349538164	0.142757076839607	0.14044691587899	0.103202865287228	0.132061401350256	0.147151595431582	0.146844790090503	0.171904871522813	0.120917320467303	0.140680362811246	0.107986096051274	0.0817757124035198	0.0928556828425069	0.113736205309977	0.0970527425841534	0	0.17153530394375	0.111846536808095	0.117076274317894	0.0953720602484858	0.155493583191487	0.105021490486882	0.138406656249381	0.0810482661175441	0.130178927398197	0.121785395121769	0.0985848022015725	0.10582763744662	0.143702782436823	0.0824701002598124	0.0831448333410622	0.0908422941247881	0.104215820286446	0.172131458619319	0.158932624809367	0.104359197458468	0.18116626023513	0.0932212149723232	0.127822486892065	0.1611478004831	0.0988786665131367	0.142128420505614
700038485	0.13853680709215	0.152137169708993	0.162323695136349	0.136068975314665	0.116055168615245	0.174153136163464	0.135263078654253	0.18040973123916	0.116108648883809	0.167489895540119	0.158712903091612	0.171056463092403	0.166579504858062	0.152237609360921	0.16801233992558	0.124974176785939	0.180412550645344	0.161682004373644	0.130449741230964	0.141441243471901	0.147126472501898	0.158201002066669	0.124050790187731	0.113986066665892	0.156978376881731	0.0776797633797377	0.145920914958825	0.13431818985115	0.128844796942063	0.162645713512745	0.171480382021577	0.164420074224499	0.137645335891277	0.17153530394375	0	0.139291787553395	0.158068839795522	0.178100506638333	0.105364968613932	0.175236629258324	0.130793035163181	0.171169812548047	0.149661453771934	0.139343816099732	0.158524997085829	0.11401625134899	0.106407437156784	0.172564411520464	0.162176941783843	0.170973246736303	0.139844594116483	0.12016501567725	0.120550419659617	0.14449588322703	0.115875111278601	0.168122017222948	0.147831329269689	0.129665431514756	0.14299424821148	0.142602917529958
700024743	0.12083647006633	0.13816993819941	0.109736378985216	0.115047723559884	0.137269821851341	0.115473540003393	0.0912893264959669	0.131395578023774	0.114728786746572	0.110687835689097	0.0943413760835793	0.106134606885544	0.122178624117724	0.112965060201487	0.111837677520982	0.132343515048388	0.134734741408487	0.139911223880992	0.115528383963044	0.0829565327669912	0.0947273777973506	0.0934843262777726	0.0998235807588206	0.109733489189319	0.0971720489993046	0.129494903441682	0.142231711439882	0.132658089057326	0.104879889332204	0.122262588990864	0.119574886540884	0.0843150171643673	0.0825397748152493	0.111846536808095	0.139291787553395	0	0.131562667078123	0.127359138487369	0.123290693648641	0.128618596304112	0.120443730492041	0.104668132097534	0.127727087235741	0.0829123653300461	0.097108412143399	0.101254308872793	0.125269047165178	0.0918975091243118	0.117121316292343	0.0996693439323594	0.0930103736979285	0.114110006815453	0.106174941850924	0.0973635109808076	0.131686873096695	0.12202971034869	0.0887572619591655	0.101635932384004	0.0847824405433269	0.0930091855214283
