700108602	700014971	700033565	700109389	700023058	700023927	700106341	700114221	700023543	700023439	700016978	700024192	700113058	700099448	700109870	700033928	700023693	700109627	700095416	700110425	700111580	700111302	700098605	700111991	700108960	700024452	700032931	700095837	700024548	700110161	700023496	700034628	700023645	700038744	700038485	700024743	700099596	700110760	700101587	700106399	700032322	700095653	700021312	700101230	700023590	700038905	700033136	700023382	700096424	700105469	700016908	700096053	700108479	700109569	700033814	700016125	700109756	700102665	700101777	700109455
700108602	0	0.222670073857196	0.325767763261815	0.237303839441394	0.193939630207551	0.313940681876534	0.10044457279482	0.305626531598864	0.120048090779788	0.299242156108422	0.219927579724206	0.336329945866235	0.324804386314829	0.216724422411078	0.328767295067166	0.199294834477785	0.310495594668884	0.286757233126321	0.14058516747536	0.11233750625965	0.159487343539437	0.257613909286173	0.140964737792661	0.0740246181605736	0.178662185611741	0.196951659791272	0.236173067505756	0.31715990805214	0.299996614674754	0.313095738246671	0.2597526064224	0.249826766012992	0.228990656014466	0.268777964538074	0.162690270023828	0.154395107305022	0.216182959953819	0.311394142365539	0.0946214502752088	0.3716989257299	0.150786579278824	0.324683314889668	0.190377100221728	0.179014518499977	0.268416458396855	0.245077842176878	0.16768449538633	0.29824369583344	0.222270469992758	0.312637453300164	0.299739129927438	0.0801820567416314	0.123852416442427	0.152957006800339	0.124612597040717	0.291117865448744	0.168868742358942	0.118859722980348	0.294084557602905	0.159608521094586
700014971	0.222670073857196	0	0.305304270695314	0.337709520946129	0.124989507454531	0.284790062818973	0.243394471139422	0.194467554074635	0.198121156037454	0.202987497699161	0.21227292038864	0.311142610348283	0.201527610117101	0.183750014618856	0.280247842955811	0.234747815620443	0.191653820905135	0.266647751045982	0.217984707022666	0.22284209362575	0.248572356123054	0.264798257004386	0.186586610617726	0.210004343098845	0.313027643106361	0.172742080957871	0.135741753984601	0.199742535692956	0.171269082912096	0.199160074189715	0.195858007347896	0.271832482545729	0.187321185998416	0.210496155925921	0.180446921690873	0.189563237764039	0.221371015010222	0.280605839708335	0.190972758221162	0.248401860079105	0.189597214749619	0.238509175641598	0.177180778519492	0.228858401685799	0.185755061417244	0.195853363359457	0.137199604464711	0.239246038908915	0.189953931629585	0.30163109178594	0.314130492854016	0.204888186568785	0.249856280142823	0.163117515045195	0.271059572372881	0.219649926789477	0.240228638771006	0.25815678328918	0.27993872719183	0.240081041632532
700033565	0.325767763261815	0.305304270695314	0	0.441990875614075	0.294981198846884	0.0745734862658897	0.323145499992577	0.179030145890414	0.289628198688935	0.145938253139493	0.137660722579998	0.0689132471675503	0.196124836593248	0.186225335552469	0.170060783955023	0.153297150839916	0.205898356506799	0.122713958308694	0.233658229693722	0.307914242996938	0.246974535470286	0.10536965229465	0.322522458675849	0.294826432131697	0.268049788686621	0.329675598501625	0.233409782998971	0.368071550205957	0.310561203256253	0.19883561660756	0.160597634682746	0.18647525444275	0.167995445334027	0.120448900851968	0.344750877677461	0.229504062457197	0.239430148562282	0.135799193894125	0.289423595412472	0.236115549243392	0.224037084232727	0.113292493285362	0.221056427368035	0.251639802188954	0.199174579094024	0.203491897648816	0.240844678259333	0.130839426926481	0.177486259824938	0.0739925842291049	0.119017526605722	0.3309448298108	0.352874914363606	0.217954315034153	0.399453268646327	0.137248306964079	0.226901711450932	0.281221059991456	0.0803443303701223	0.257806197481466
700109389	0.237303839441394	0.337709520946129	0.441990875614075	0	0.325290473768977	0.447759919806427	0.199632425085799	0.412977927216269	0.299925247324762	0.409442453071442	0.370957680520468	0.449676305857104	0.41579758646944	0.369794220026222	0.438113432695501	0.347622757156397	0.413677588773084	0.433912041137513	0.334338011578707	0.202730913249108	0.31047597095052	0.399025026044563	0.226558946064858	0.26577176041764	0.31249044724431	0.278662268328123	0.371025117757788	0.405423775647519	0.356228856026846	0.410950564651462	0.397613187215703	0.401646774857068	0.356118420967842	0.400287947067843	0.252157499550577	0.297873319196948	0.383056926939878	0.447073811728394	0.253253147400847	0.422804026324786	0.293967357571193	0.427692456340329	0.34680125064499	0.326969433065347	0.376912106163789	0.36299154439341	0.325114555833883	0.410183705924179	0.373372972238224	0.434508446035913	0.426272056620108	0.20965728286765	0.15743167472745	0.317619250321256	0.186616114009459	0.408483235036749	0.276005304227861	0.252451633837713	0.40971150312767	0.309980273204549
700023058	0.193939630207551	0.124989507454531	0.294981198846884	0.325290473768977	0	0.270365295438369	0.224690153701221	0.205794649171772	0.165896520381424	0.21942139838535	0.215295192320759	0.299135301444753	0.224574831761796	0.168585371988531	0.272990476275581	0.213948414428136	0.211748137861907	0.23904917496572	0.18282236275667	0.209544298938774	0.237351174104802	0.259380179816842	0.20551356296568	0.167852120643252	0.297640894014067	0.148566966402708	0.166027514067894	0.241633241034162	0.21541308637806	0.211705604449959	0.18563162904726	0.269709736916106	0.186876598347818	0.207459415209053	0.155566071810618	0.197489817525429	0.178824322126512	0.236220393784224	0.163487802273813	0.29207198697153	0.175100097586252	0.250667660055452	0.137366670710256	0.225791624336564	0.200912254035635	0.209632429914184	0.126563192301386	0.236186326082152	0.179464633135947	0.298203195448349	0.310212278004846	0.187774914857641	0.237641837571023	0.155373513432053	0.248299877049241	0.228845929445094	0.236288433617974	0.237765436435344	0.27747319270275	0.212985547711996
700023927	0.313940681876534	0.284790062818973	0.0745734862658897	0.447759919806427	0.270365295438369	0	0.328671640306716	0.175655885758385	0.282234721447106	0.13130877309102	0.142423945524443	0.115809254392999	0.18822126534883	0.145777743330229	0.17602430393756	0.158218047867645	0.197528249027664	0.102881065504953	0.216103993759663	0.316362488756174	0.231410966851855	0.136814818363533	0.303260882169019	0.284248632449167	0.26179669620467	0.311499703086761	0.21220962526699	0.375123397455942	0.306241616246202	0.190597849427325	0.122552352262484	0.178920548576046	0.176465588485815	0.102013743571993	0.328908108123667	0.240577284319974	0.20994286913903	0.0995531557914275	0.292873434124185	0.229164458687944	0.221911925209526	0.113799986628374	0.19698371095827	0.259008725302897	0.197693283287686	0.190059893331937	0.22090841124249	0.136463213751002	0.134136452825419	0.0975341661186081	0.152068591117075	0.329625164572472	0.357198156647541	0.196442437463469	0.387616334023107	0.128033521807577	0.219522466247469	0.28529290093327	0.0832484909187821	0.249768687509822
700106341	0.10044457279482	0.243394471139422	0.323145499992577	0.199632425085799	0.224690153701221	0.328671640306716	0	0.31053095109856	0.15340537602703	0.300358387905507	0.237915499244278	0.322415551028523	0.322235032688625	0.248694588507391	0.327821222323803	0.221498862786839	0.312599958021075	0.329471869404269	0.169499011838928	0.0906179721545416	0.154500635165846	0.257775335985623	0.130081133045747	0.143523026378059	0.15910052052955	0.250167342723176	0.284447796145068	0.349236442963661	0.30983574696264	0.329715786823983	0.279054976178435	0.2278874633874	0.241951565034293	0.283108256716582	0.220135966211435	0.148396978117175	0.266372578597394	0.326117966163564	0.122058893879699	0.367006258550927	0.174893725655044	0.320694584564743	0.219052307741071	0.182980272771864	0.268032513445275	0.258921811398709	0.201099353441557	0.293816459637476	0.249964168384185	0.300840341136439	0.309407461589695	0.0928159243201933	0.0913469924051401	0.170153619466402	0.14730117540271	0.28942193361951	0.146973723221095	0.102289912874296	0.290901651456372	0.140052382878037
700114221	0.305626531598864	0.194467554074635	0.179030145890414	0.412977927216269	0.205794649171772	0.175655885758385	0.31053095109856	0	0.269477236636474	0.0885513245409344	0.200399074712639	0.209704277170272	0.0854481316980301	0.153079133846073	0.146669398148505	0.226210921355835	0.067512765922486	0.203951871949063	0.268352974597074	0.280067370614673	0.282730526584342	0.247449550134403	0.287065761453196	0.276296571703589	0.35551135831621	0.260706292969382	0.127759459012279	0.27966975555064	0.204815218116913	0.11174022765514	0.139576117498846	0.262938328397842	0.1862214945469	0.151152261374102	0.286598368489566	0.213204535794979	0.242378997273619	0.156109837569593	0.262647731626568	0.146512514221922	0.221242249680904	0.13096910499006	0.220046287826254	0.261463908480485	0.131009697097135	0.15826345750048	0.183009299682511	0.115364666268702	0.170494390800272	0.21665040321047	0.277999869591984	0.296261879051059	0.326564703839923	0.215925033160863	0.374881177638545	0.114078343640674	0.230891715318742	0.322422254600854	0.196165930827728	0.284516016461901
700023543	0.120048090779788	0.198121156037454	0.289628198688935	0.299925247324762	0.165896520381424	0.282234721447106	0.15340537602703	0.269477236636474	0	0.25121207470616	0.188236455788747	0.300971955619737	0.293805091661651	0.206185079263202	0.29903236056921	0.173139673340161	0.275231566817761	0.263335400097315	0.120224764764642	0.150821337512897	0.161849577569037	0.220118337986805	0.188518140160677	0.109251983673843	0.184411048813482	0.214322484426516	0.221890552609502	0.300907768046767	0.300543581736947	0.269432064628342	0.218014804265068	0.182960929409124	0.195991215345159	0.228276687317651	0.176530174018294	0.145251637522601	0.195924617985948	0.283481079112245	0.0857845864974833	0.342792327114112	0.133224845922927	0.281998676013238	0.155179450253196	0.120176826983824	0.23775908126822	0.236989952577806	0.136714797973878	0.251707721959192	0.210266470318743	0.274460355228951	0.281516573574415	0.110681937273075	0.168139038971738	0.134389887770704	0.184662062588236	0.246641016403957	0.18443279780916	0.126463209268573	0.262776555443925	0.127868589194466
700023439	0.299242156108422	0.202987497699161	0.145938253139493	0.409442453071442	0.21942139838535	0.13130877309102	0.300358387905507	0.0885513245409344	0.25121207470616	0	0.154626463741423	0.159499679821191	0.0958300222215666	0.135676414097102	0.156486018575751	0.179487137703964	0.099669365067633	0.149408706712054	0.229438929312138	0.27138471326991	0.229641828537544	0.196725285741316	0.278586602632732	0.258405345731793	0.30748920171805	0.276156960138296	0.149549849235892	0.289811092507804	0.213472170306026	0.12713720085288	0.0869154619395984	0.214700808732282	0.143070182468528	0.0960019087806822	0.298876283283585	0.203649396820386	0.209726894431711	0.127157350572824	0.255453777692464	0.148256925533857	0.181875584313752	0.0803449457969137	0.182386506552431	0.224831169529848	0.100505253705028	0.153577355723734	0.172107148714096	0.0835063938533318	0.119457118567831	0.165359649626034	0.222106320793677	0.287668234150404	0.32589399031772	0.187779477481076	0.369303085652718	0.0642854176565152	0.19953826033136	0.276197413394958	0.160691311247172	0.24110047917036
700016978	0.219927579724206	0.21227292038864	0.137660722579998	0.370957680520468	0.215295192320759	0.142423945524443	0.237915499244278	0.200399074712639	0.188236455788747	0.154626463741423	0	0.1572587434773	0.219361229262163	0.149154615793748	0.233930760184468	0.0852368465104525	0.204057506603476	0.120940121682488	0.150770703538532	0.205780808652078	0.162429280601173	0.0839727544877282	0.24244673776531	0.19755578718715	0.181298480634069	0.266645313749876	0.185930961177333	0.290253745783873	0.272619604287792	0.208399801445685	0.122616716437311	0.131172814752122	0.0795094257062605	0.0938323368259573	0.256249647243898	0.160430033603094	0.154229621156829	0.192994808766228	0.187015011367691	0.272254533874719	0.131537242098258	0.147470215579039	0.13053141564966	0.149950301285055	0.162390756632834	0.175504972002618	0.152947007260277	0.158652520233664	0.12169403206567	0.139617358099429	0.148586445708954	0.229781684336426	0.262323353580809	0.132345459738326	0.303314027003224	0.143007272839383	0.164629496695726	0.18841518113498	0.125530854539945	0.177278137684951
700024192	0.336329945866235	0.311142610348283	0.0689132471675503	0.449676305857104	0.299135301444753	0.115809254392999	0.322415551028523	0.209704277170272	0.300971955619737	0.159499679821191	0.1572587434773	0	0.20584041429934	0.212365928214688	0.175392617175574	0.169246870143512	0.20736225173266	0.13345213345153	0.251782633908512	0.314491275796467	0.245670990309587	0.118067913572167	0.329092084812125	0.316156408142094	0.280456784894007	0.344471110989973	0.246262507471524	0.370701121945774	0.297268970847775	0.232217387734959	0.153518809079571	0.18974133763506	0.173805417044542	0.127058513785015	0.366149765957488	0.238585640401141	0.259911086696229	0.152711349244851	0.305085380728164	0.242139093967552	0.238196527421516	0.109153122527722	0.241904211824622	0.256248057682373	0.177700966387353	0.213870867563458	0.25282154679827	0.140435124595269	0.185314108688605	0.0773962941875789	0.127854174103634	0.342716024360588	0.361382622222705	0.233342731705253	0.415761329094095	0.143433362352879	0.230466273792459	0.292237658224864	0.122597773511553	0.263527529399447
700113058	0.324804386314829	0.201527610117101	0.196124836593248	0.41579758646944	0.224574831761796	0.18822126534883	0.322235032688625	0.0854481316980301	0.293805091661651	0.0958300222215666	0.219361229262163	0.20584041429934	0	0.176626240687488	0.144330261128872	0.249564086011897	0.111883079427566	0.220131984749189	0.292436622639306	0.296950084941902	0.289912318015498	0.258950664620409	0.300789362229769	0.304590272050428	0.367589479085714	0.28298434400953	0.161788065429863	0.259908653567726	0.182450153717276	0.107015896605368	0.158762430385679	0.271412541957823	0.205731370458489	0.163277966154823	0.308055247326732	0.244118982529469	0.263197249710383	0.165493339630329	0.283912155421698	0.131338462390239	0.244936788313772	0.116641509293687	0.250662336825002	0.280289833500837	0.131303071949329	0.169380783516381	0.208585923776904	0.116141626831794	0.18486087867039	0.22366446375027	0.286568404458213	0.308300531045584	0.345746730827805	0.24265910141465	0.39745426138505	0.106002690214621	0.240728093700254	0.34039716397773	0.200572153871531	0.295244866514771
700099448	0.216724422411078	0.183750014618856	0.186225335552469	0.369794220026222	0.168585371988531	0.145777743330229	0.248694588507391	0.153079133846073	0.206185079263202	0.135676414097102	0.149154615793748	0.212365928214688	0.176626240687488	0	0.185657311606377	0.160766117666552	0.162382083791618	0.152111748859565	0.166268121777985	0.221603066681885	0.202812054953098	0.199421280968654	0.213434482236302	0.181465953983981	0.270831197146762	0.205101995135597	0.131064546558574	0.299781234091321	0.211561146214374	0.153362323900759	0.101074462829769	0.222965502500748	0.144310377725806	0.120838397084905	0.225894841128184	0.160371128999551	0.143353521153171	0.138256290551426	0.20112765010236	0.227255822490857	0.154877193167992	0.171763686067393	0.119399704697867	0.208451502746053	0.138280306406728	0.119605079840347	0.130285698870692	0.149295897717321	0.0688285087154892	0.200146433579793	0.223535835699087	0.234282194986147	0.270121024082109	0.127012006589862	0.285378636333365	0.13828959485319	0.159638090384842	0.236040105445893	0.168785097221727	0.210656046323947
700109870	0.328767295067166	0.280247842955811	0.170060783955023	0.438113432695501	0.272990476275581	0.17602430393756	0.327821222323803	0.146669398148505	0.29903236056921	0.156486018575751	0.233930760184468	0.175392617175574	0.144330261128872	0.185657311606377	0	0.251956817909601	0.145873638831913	0.234054741430225	0.288014990243187	0.312222958673409	0.268618009322086	0.252659857087593	0.301896064298412	0.312241775326803	0.364961878233853	0.322806658188562	0.221575017012075	0.356587719838411	0.247561605091444	0.177112247063155	0.174377855338398	0.26649115663231	0.24037671392249	0.187705991609798	0.349855579190382	0.244773277318711	0.27517650045673	0.132404553964985	0.294855746740073	0.160370549818729	0.265793194174835	0.145148937557894	0.268314865748202	0.28457346532782	0.165404090894601	0.159238250338747	0.235102394158476	0.108577896353284	0.195626053994809	0.19718652365197	0.265249198382406	0.330044117801811	0.351232573463329	0.241806262171705	0.399573488969096	0.145130912150599	0.24195786541289	0.335374564574742	0.189342311942393	0.294539946720082
700033928	0.199294834477785	0.234747815620443	0.153297150839916	0.347622757156397	0.213948414428136	0.158218047867645	0.221498862786839	0.226210921355835	0.173139673340161	0.179487137703964	0.0852368465104525	0.169246870143512	0.249564086011897	0.160766117666552	0.251956817909601	0	0.233069101003285	0.136196239177018	0.137295631699155	0.210884675722824	0.164449415381788	0.105232114057098	0.236997378382444	0.164316779431189	0.186576655343648	0.238361473741747	0.210424969743098	0.302521977538527	0.279886034564292	0.227441621291142	0.153988572899006	0.147635511221627	0.0886375699790377	0.119010834743501	0.237668800507133	0.190171516067531	0.177815556086689	0.211088128758892	0.177230481164344	0.298011595025243	0.118737064898083	0.167957241553663	0.15334576374053	0.182132635162146	0.17604648825926	0.185188850966519	0.14356551937498	0.185750650956262	0.147677494071972	0.146202674952647	0.144047374260301	0.207118516675689	0.242767415546307	0.148731428584219	0.279697337856407	0.169035170309993	0.174441591865167	0.168679538351783	0.133738576257635	0.165646750997536
700023693	0.310495594668884	0.191653820905135	0.205898356506799	0.413677588773084	0.211748137861907	0.197528249027664	0.312599958021075	0.067512765922486	0.275231566817761	0.099669365067633	0.204057506603476	0.20736225173266	0.111883079427566	0.162382083791618	0.145873638831913	0.233069101003285	0	0.209151598990468	0.272461844514137	0.286688997857053	0.255667143509753	0.25453938974999	0.273562005150473	0.280734893168697	0.361425291631179	0.261187421967184	0.129835422859185	0.284350187734421	0.163032234624719	0.149358807799815	0.13040520164877	0.266886040316963	0.189323619700402	0.155729986866467	0.285399889988479	0.221055382541389	0.245772143584333	0.169902315300972	0.268445832344442	0.126759042221229	0.227688958369267	0.135154829543824	0.222582606226746	0.268051532655519	0.101193366890399	0.106284035991585	0.178734312005583	0.117079654615434	0.165332669966269	0.227614578830399	0.284042141023749	0.300342051170017	0.324214635737097	0.21914984035932	0.370682345275862	0.121124553691931	0.228973594310781	0.327542229801611	0.221631590321141	0.284372589059596
700109627	0.286757233126321	0.266647751045982	0.122713958308694	0.433912041137513	0.23904917496572	0.102881065504953	0.329471869404269	0.203951871949063	0.263335400097315	0.149408706712054	0.120940121682488	0.13345213345153	0.220131984749189	0.152111748859565	0.234054741430225	0.136196239177018	0.209151598990468	0	0.222583676334502	0.285775047678677	0.257018510192353	0.14259189622718	0.304568315014234	0.241200356630824	0.26373084019121	0.303196042993664	0.197155851893047	0.341491469552873	0.315311860690539	0.206980131570301	0.114772852289436	0.208804383679254	0.141641693432144	0.101073268884134	0.302977944339945	0.241576600550339	0.16849053608859	0.146476836044441	0.271869300178682	0.269550708353084	0.204279173547043	0.147998295997467	0.162250800968784	0.233544000200209	0.201182077810481	0.219204073163847	0.213543010736263	0.179760750637468	0.126084620941712	0.152039342066519	0.155248291635573	0.309243421386314	0.3432729192095	0.205702655087618	0.350011775945978	0.155971911669548	0.24405741312481	0.274461362485225	0.148366590544356	0.266564634290843
700095416	0.14058516747536	0.217984707022666	0.233658229693722	0.334338011578707	0.18282236275667	0.216103993759663	0.169499011838928	0.268352974597074	0.120224764764642	0.229438929312138	0.150770703538532	0.251782633908512	0.292436622639306	0.166268121777985	0.288014990243187	0.137295631699155	0.272461844514137	0.222583676334502	0	0.184066126050731	0.115123420272084	0.170013311271765	0.192292238334124	0.121682944840523	0.163562829159045	0.219845465494547	0.216121911547724	0.324050650737226	0.286913194202443	0.268031515712677	0.184275916803718	0.15085863230656	0.160037188692111	0.194599745829251	0.193570192183245	0.153224361920673	0.170899044015114	0.229988452003433	0.132839284301522	0.33917796662197	0.104474564057667	0.255870907154033	0.114759194909671	0.158890734685302	0.212548831384074	0.206730844543954	0.126169377343399	0.230312097510234	0.161237975624694	0.220179604267171	0.216589040840274	0.16623725826105	0.209022223813974	0.0891397418184016	0.216349274297444	0.222224263309342	0.148738723378447	0.137751068550304	0.206262421357166	0.122294718873634
700110425	0.11233750625965	0.22284209362575	0.307914242996938	0.202730913249108	0.209544298938774	0.316362488756174	0.0906179721545416	0.280067370614673	0.150821337512897	0.27138471326991	0.205780808652078	0.314491275796467	0.296950084941902	0.221603066681885	0.312222958673409	0.210884675722824	0.286688997857053	0.285775047678677	0.184066126050731	0	0.169021984600235	0.244867720116676	0.135092058527784	0.120968994737028	0.159980713088882	0.235877998945978	0.245819026269943	0.302828369081935	0.284872573634594	0.286266176452835	0.250419296699339	0.246442902998675	0.203489129469672	0.259674456590545	0.199107742992777	0.140217194359929	0.237489358765586	0.313710575405161	0.11720007762737	0.348109676552632	0.15159467298347	0.289019044267533	0.195065075493504	0.151340757447417	0.236420433391138	0.245727211433039	0.162200281652041	0.267056660971669	0.225891060440676	0.298861053870574	0.292610813882352	0.0961660902498851	0.0928227602098723	0.15561358932928	0.141879024023213	0.263139488825839	0.128150116493296	0.111848543378444	0.276508439842322	0.164308055864698
700111580	0.159487343539437	0.248572356123054	0.246974535470286	0.31047597095052	0.237351174104802	0.231410966851855	0.154500635165846	0.282730526584342	0.161849577569037	0.229641828537544	0.162429280601173	0.245670990309587	0.289912318015498	0.202812054953098	0.268618009322086	0.164449415381788	0.255667143509753	0.257018510192353	0.115123420272084	0.169021984600235	0	0.168631698997936	0.188418689039492	0.158508043483106	0.128835589464341	0.271588785182577	0.275078649138699	0.360828558249387	0.259664256208196	0.293673924506577	0.197621121116327	0.150842132938388	0.177360386140432	0.21385120356976	0.258035432715383	0.154923016648353	0.236087788348326	0.236651347268264	0.157232923751908	0.318618341010008	0.12373889934814	0.235676531773134	0.174638241410088	0.171223420108822	0.189870519606424	0.196318104436796	0.168459391346507	0.210339572572702	0.171571863139058	0.207416892796989	0.224602145279592	0.167110159549336	0.203100623873901	0.120785693849959	0.243738477008235	0.22050328044015	0.0994535959169912	0.1133916672891	0.19455672283403	0.105291666081788
700111302	0.257613909286173	0.264798257004386	0.10536965229465	0.399025026044563	0.259380179816842	0.136814818363533	0.257775335985623	0.247449550134403	0.220118337986805	0.196725285741316	0.0839727544877282	0.118067913572167	0.258950664620409	0.199421280968654	0.252659857087593	0.105232114057098	0.25453938974999	0.14259189622718	0.170013311271765	0.244867720116676	0.168631698997936	0	0.282560480738248	0.239203226105775	0.17965315184316	0.305322435171027	0.247615567992017	0.340485754671774	0.316292472598567	0.25318647100197	0.173664154029401	0.112310734605905	0.127933806871988	0.132033363766086	0.301754797125105	0.2032901993184	0.209703540300163	0.207593581335827	0.227871057113384	0.303096173541663	0.179306500907014	0.168176896066854	0.17993965674009	0.195742105826274	0.198642667649218	0.221723735828363	0.198402198696615	0.182130211517066	0.173368098084925	0.0732262387218093	0.0919707611013697	0.263356931174934	0.295050954991311	0.169862536475881	0.343460613175554	0.17600897674739	0.187899656929217	0.213629426927637	0.094333613268067	0.19228033205768
700098605	0.140964737792661	0.186586610617726	0.322522458675849	0.226558946064858	0.20551356296568	0.303260882169019	0.130081133045747	0.287065761453196	0.188518140160677	0.278586602632732	0.24244673776531	0.329092084812125	0.300789362229769	0.213434482236302	0.301896064298412	0.236997378382444	0.273562005150473	0.304568315014234	0.192292238334124	0.135092058527784	0.188418689039492	0.282560480738248	0	0.155614112729522	0.230761219941363	0.20878908425966	0.223384882402047	0.31395619994834	0.261099223353434	0.30872147028232	0.241806058983977	0.269045031322006	0.242212686584677	0.262613795752611	0.196044108588979	0.165460298705427	0.23813889917153	0.290512574750116	0.15128154325646	0.316228872145961	0.187515477522187	0.310331890866659	0.212225316629401	0.199513155181351	0.260621355201079	0.208936216288461	0.167572047255605	0.280450859531739	0.212493611149997	0.312201847381429	0.324056102172751	0.156433773445474	0.139536137343837	0.160932500381767	0.141489737885213	0.275092012598526	0.174442317748678	0.180151199195583	0.293493539418929	0.176405376935037
700111991	0.0740246181605736	0.210004343098845	0.294826432131697	0.26577176041764	0.167852120643252	0.284248632449167	0.143523026378059	0.276296571703589	0.109251983673843	0.258405345731793	0.19755578718715	0.316156408142094	0.304590272050428	0.181465953983981	0.312241775326803	0.164316779431189	0.280734893168697	0.241200356630824	0.121682944840523	0.120968994737028	0.158508043483106	0.239203226105775	0.155614112729522	0	0.195209170721708	0.170565731996891	0.211897588794039	0.29708788003202	0.278563727633841	0.277830380839201	0.221948613726612	0.23999637421085	0.192471017281933	0.236938471408634	0.144285031551666	0.151795742650749	0.182392717982703	0.277951722641608	0.100050634119442	0.350259264855097	0.12186338419055	0.295350656244126	0.148293420926746	0.177879559246432	0.234340740272957	0.227255898876456	0.129127840448219	0.266789078664565	0.19729109262706	0.291755726713262	0.273059153933453	0.108245706235911	0.156130916394436	0.126441633219446	0.135475004651357	0.260883861931261	0.162603488388093	0.136731797926508	0.273074252084414	0.168111406932503
700108960	0.178662185611741	0.313027643106361	0.268049788686621	0.31249044724431	0.297640894014067	0.26179669620467	0.15910052052955	0.35551135831621	0.184411048813482	0.30748920171805	0.181298480634069	0.280456784894007	0.367589479085714	0.270831197146762	0.364961878233853	0.186576655343648	0.361425291631179	0.26373084019121	0.163562829159045	0.159980713088882	0.128835589464341	0.17965315184316	0.230761219941363	0.195209170721708	0	0.336659874695408	0.331340223975804	0.400653910450234	0.358687618213081	0.350154202628744	0.28366470421293	0.139324729225124	0.206564058772112	0.249509469436033	0.29613055894113	0.177216607817639	0.27920058077176	0.321033978294879	0.179242206942909	0.412820354853481	0.188801933910382	0.286968697666708	0.225562590878066	0.16389448333987	0.291521938247783	0.303870472803422	0.250319828865184	0.303681093350009	0.253205296201386	0.231516482857188	0.225904108922631	0.176015264362151	0.185515064615965	0.18689938524076	0.226942661546386	0.293957940116208	0.170802930098268	0.0985995794328218	0.218026729837899	0.12903464746161
700024452	0.196951659791272	0.172742080957871	0.329675598501625	0.278662268328123	0.148566966402708	0.311499703086761	0.250167342723176	0.260706292969382	0.214322484426516	0.276156960138296	0.266645313749876	0.344471110989973	0.28298434400953	0.205101995135597	0.322806658188562	0.238361473741747	0.261187421967184	0.303196042993664	0.219845465494547	0.235877998945978	0.271588785182577	0.305322435171027	0.20878908425966	0.170565731996891	0.336659874695408	0	0.191239713336457	0.269682840659231	0.188930000597853	0.258474628875088	0.24903328100125	0.313725811455077	0.247343812503805	0.265786135172572	0.0850787614772867	0.227714887560101	0.246406673185532	0.294653215775831	0.199663249188288	0.307230745183311	0.203181997277217	0.304971219627554	0.211480925531217	0.274960778765992	0.242327380983161	0.216918002721691	0.155702457207236	0.290109987008258	0.224244904842849	0.32379724619796	0.333114136076287	0.197335502505584	0.241310567204988	0.201750245759834	0.214454687257847	0.284712342150395	0.239224796922699	0.272821885836959	0.29691629984855	0.268394827691785
700032931	0.236173067505756	0.135741753984601	0.233409782998971	0.371025117757788	0.166027514067894	0.21220962526699	0.284447796145068	0.127759459012279	0.221890552609502	0.149549849235892	0.185930961177333	0.246262507471524	0.161788065429863	0.131064546558574	0.221575017012075	0.210424969743098	0.129835422859185	0.197155851893047	0.216121911547724	0.245819026269943	0.275078649138699	0.247615567992017	0.223384882402047	0.211897588794039	0.331340223975804	0.191239713336457	0	0.228617523723861	0.191435823448824	0.153292268962591	0.139392508077846	0.276141449339459	0.170886207183468	0.157889143021362	0.201517269494635	0.199540060166528	0.17640819811027	0.2070839157453	0.221773044166479	0.208350335384645	0.192614242633723	0.18982155144696	0.168454031318545	0.237941513112422	0.158968592691646	0.158415927674171	0.139150979608944	0.178395477822405	0.143717932737405	0.239614156328106	0.275158699297964	0.248282488187585	0.280913176941007	0.18542734954512	0.289687385006637	0.157481104515575	0.231512540728023	0.288417053324102	0.232260259451594	0.27419152619339
700095837	0.31715990805214	0.199742535692956	0.368071550205957	0.405423775647519	0.241633241034162	0.375123397455942	0.349236442963661	0.27966975555064	0.300907768046767	0.289811092507804	0.290253745783873	0.370701121945774	0.259908653567726	0.299781234091321	0.356587719838411	0.302521977538527	0.284350187734421	0.341491469552873	0.324050650737226	0.302828369081935	0.360828558249387	0.340485754671774	0.31395619994834	0.29708788003202	0.400653910450234	0.269682840659231	0.228617523723861	0	0.21910025360622	0.224255419676157	0.295812729823404	0.373563944914185	0.268193520914022	0.296097659571971	0.267417984594694	0.302603139207973	0.301839280335613	0.368251114789761	0.285161440928626	0.336351706584904	0.277748303707512	0.314393087407082	0.289056333672685	0.311669199307918	0.26921365876455	0.302386591434819	0.255003809128727	0.318077875686603	0.305090739198636	0.375168190076339	0.371625296262134	0.301277866628362	0.334253517327753	0.293947689835495	0.366521694265949	0.301549104524119	0.343844400128972	0.3504328273672	0.356368450245075	0.354849197278577
700024548	0.299996614674754	0.171269082912096	0.310561203256253	0.356228856026846	0.21541308637806	0.306241616246202	0.30983574696264	0.204815218116913	0.300543581736947	0.213472170306026	0.272619604287792	0.297268970847775	0.182450153717276	0.211561146214374	0.247561605091444	0.279886034564292	0.163032234624719	0.315311860690539	0.286913194202443	0.284872573634594	0.259664256208196	0.316292472598567	0.261099223353434	0.278563727633841	0.358687618213081	0.188930000597853	0.191435823448824	0.21910025360622	0	0.176544013414867	0.226235709464176	0.331928244721724	0.239433762712239	0.244474295533029	0.225454529637618	0.232457480088171	0.306057963412798	0.275962213217587	0.263759453553233	0.190569493297858	0.23137993541593	0.229039064876776	0.256366309937018	0.307625244472982	0.142959192481076	0.148260118341609	0.207240201960514	0.226008490265325	0.223661310163026	0.319380743716614	0.337716300696229	0.280614870349235	0.31141331726856	0.228085165574197	0.322437554201094	0.238551978042794	0.240768756103763	0.323101800144859	0.297409071453872	0.301295287742437
700110161	0.313095738246671	0.199160074189715	0.19883561660756	0.410950564651462	0.211705604449959	0.190597849427325	0.329715786823983	0.11174022765514	0.269432064628342	0.12713720085288	0.208399801445685	0.232217387734959	0.107015896605368	0.153362323900759	0.177112247063155	0.227441621291142	0.149358807799815	0.206980131570301	0.268031515712677	0.286266176452835	0.293673924506577	0.25318647100197	0.30872147028232	0.277830380839201	0.350154202628744	0.258474628875088	0.153292268962591	0.224255419676157	0.176544013414867	0	0.150427587610755	0.274829192440677	0.194793992112103	0.156356120997905	0.274057452305221	0.233510616060526	0.232143594495318	0.166762262084015	0.274787059442918	0.195593170304895	0.228036345538549	0.1498455119418	0.218751783180437	0.263594039480366	0.151748577528281	0.197235321416004	0.203311347457909	0.14199986320223	0.17351692714119	0.235510940625793	0.279559009498307	0.298534109009357	0.342719916687816	0.21721267664727	0.38247012122438	0.146749873825496	0.242565784426312	0.317856837658374	0.206822140975907	0.294418000216254
700023496	0.2597526064224	0.195858007347896	0.160597634682746	0.397613187215703	0.18563162904726	0.122552352262484	0.279054976178435	0.139576117498846	0.218014804265068	0.0869154619395984	0.122616716437311	0.153518809079571	0.158762430385679	0.101074462829769	0.174377855338398	0.153988572899006	0.13040520164877	0.114772852289436	0.184275916803718	0.250419296699339	0.197621121116327	0.173664154029401	0.241806058983977	0.221948613726612	0.28366470421293	0.24903328100125	0.139392508077846	0.295812729823404	0.226235709464176	0.150427587610755	0	0.193247047175146	0.127376950969698	0.0742883319738531	0.26533593265741	0.183872130714587	0.151048179688941	0.112302120817857	0.227759818271111	0.202532639163207	0.155089524634868	0.120829072393465	0.122741509820402	0.204663944380859	0.111119032864329	0.139712882897786	0.142183501118115	0.0962409333727225	0.0652103887146304	0.166793213241369	0.204798730192366	0.268952017927544	0.30670219902673	0.142612295425218	0.330370667917687	0.0935723668650313	0.174168708119497	0.25361587040832	0.165079764836094	0.217610359304816
700034628	0.249826766012992	0.271832482545729	0.18647525444275	0.401646774857068	0.269709736916106	0.178920548576046	0.2278874633874	0.262938328397842	0.182960929409124	0.214700808732282	0.131172814752122	0.18974133763506	0.271412541957823	0.222965502500748	0.26649115663231	0.147635511221627	0.266886040316963	0.208804383679254	0.15085863230656	0.246442902998675	0.150842132938388	0.112310734605905	0.269045031322006	0.23999637421085	0.139324729225124	0.313725811455077	0.276141449339459	0.373563944914185	0.331928244721724	0.274829192440677	0.193247047175146	0	0.174212115440102	0.164901477094815	0.293522776200345	0.168641101821148	0.249347957845587	0.223137112665558	0.21777822852654	0.313820505638881	0.192023488581779	0.193749148595956	0.209283443281931	0.150363088666565	0.219257765740134	0.239659452811756	0.20971913167848	0.199744439650028	0.19526083725044	0.1411197707113	0.179904818017758	0.239924693855278	0.274256576500344	0.168077693675402	0.32809490544362	0.187033004407452	0.175823362520755	0.176671342246621	0.146953928206874	0.125702785118923
700023645	0.228990656014466	0.187321185998416	0.167995445334027	0.356118420967842	0.186876598347818	0.176465588485815	0.241951565034293	0.1862214945469	0.195991215345159	0.143070182468528	0.0795094257062605	0.173805417044542	0.205731370458489	0.144310377725806	0.24037671392249	0.0886375699790377	0.189323619700402	0.141641693432144	0.160037188692111	0.203489129469672	0.177360386140432	0.127933806871988	0.242212686584677	0.192471017281933	0.206564058772112	0.247343812503805	0.170886207183468	0.268193520914022	0.239433762712239	0.194793992112103	0.127376950969698	0.174212115440102	0	0.099813095174862	0.249100774955698	0.172620179106068	0.175023450571607	0.211420514809328	0.187172560509985	0.267820671939016	0.116849209366087	0.140088418785502	0.127630225918606	0.178968037517397	0.135342575443055	0.180154704825067	0.134862519123665	0.154419291286612	0.134119884892144	0.169941877103416	0.166668301226965	0.227358158435892	0.263927897230545	0.146445528771596	0.303457951497723	0.129818412218442	0.177065936155237	0.191526783587011	0.151485830968478	0.190879514884545
700038744	0.268777964538074	0.210496155925921	0.120448900851968	0.400287947067843	0.207459415209053	0.102013743571993	0.283108256716582	0.151152261374102	0.228276687317651	0.0960019087806822	0.0938323368259573	0.127058513785015	0.163277966154823	0.120838397084905	0.187705991609798	0.119010834743501	0.155729986866467	0.101073268884134	0.194599745829251	0.259674456590545	0.21385120356976	0.132033363766086	0.262613795752611	0.236938471408634	0.249509469436033	0.265786135172572	0.157889143021362	0.296097659571971	0.244474295533029	0.156356120997905	0.0742883319738531	0.164901477094815	0.099813095174862	0	0.283045310749259	0.18392911731152	0.172303924343145	0.141413494677315	0.234891401363827	0.215031610156199	0.168004912416878	0.103157510810778	0.15565405103401	0.20928341980305	0.131268598691028	0.158794351644475	0.172620964449279	0.112467132945859	0.0999892183189618	0.133167796019215	0.166813987993264	0.275973813982565	0.307292616127133	0.157920049707358	0.344531229102493	0.0942256230298879	0.189994372805319	0.24219301097695	0.125507168714969	0.222379817084199
700038485	0.162690270023828	0.180446921690873	0.344750877677461	0.252157499550577	0.155566071810618	0.328908108123667	0.220135966211435	0.286598368489566	0.176530174018294	0.298876283283585	0.256249647243898	0.366149765957488	0.308055247326732	0.225894841128184	0.349855579190382	0.237668800507133	0.285399889988479	0.302977944339945	0.193570192183245	0.199107742992777	0.258035432715383	0.301754797125105	0.196044108588979	0.144285031551666	0.29613055894113	0.0850787614772867	0.201517269494635	0.267417984594694	0.225454529637618	0.274057452305221	0.26533593265741	0.293522776200345	0.249100774955698	0.283045310749259	0	0.206270558248426	0.250711310191012	0.324699996244956	0.156895417376985	0.331653580846208	0.202906210199304	0.330163495529561	0.211581176789216	0.236883270432199	0.269199064650486	0.242543017271283	0.170528952073905	0.315636569106906	0.244453940745347	0.34609826145284	0.333156323991965	0.153278599933136	0.196444910281353	0.189913993821137	0.173136896818397	0.30725029586552	0.241893305744915	0.231212143771899	0.321546446100286	0.238788354545733
700024743	0.154395107305022	0.189563237764039	0.229504062457197	0.297873319196948	0.197489817525429	0.240577284319974	0.148396978117175	0.213204535794979	0.145251637522601	0.203649396820386	0.160430033603094	0.238585640401141	0.244118982529469	0.160371128999551	0.244773277318711	0.190171516067531	0.221055382541389	0.241576600550339	0.153224361920673	0.140217194359929	0.154923016648353	0.2032901993184	0.165460298705427	0.151795742650749	0.177216607817639	0.227714887560101	0.199540060166528	0.302603139207973	0.232457480088171	0.233510616060526	0.183872130714587	0.168641101821148	0.172620179106068	0.18392911731152	0.206270558248426	0	0.209814797075114	0.23473874321258	0.115756241996696	0.286736227151623	0.13453651882268	0.235932290544153	0.166720650758781	0.102154832497855	0.180898368121641	0.179188771901675	0.158126356196232	0.199230700722277	0.163623273022363	0.23743641810518	0.249686568170941	0.147993849143603	0.180716853271169	0.104914455334463	0.22206786678168	0.205070636991306	0.132346165068874	0.131834020590511	0.214060533882746	0.118384256643939
