700108602	700014971	700033565	700109389	700023058	700023927	700106341	700114221	700023543	700023439	700016978	700024192	700113058	700099448	700109870	700033928	700023693	700109627	700095416	700110425	700111580	700111302	700098605	700111991	700108960	700024452	700032931	700095837	700024548	700110161	700023496	700034628	700023645	700038744	700038485	700024743	700099596	700110760	700101587	700106399	700032322	700095653	700021312	700101230	700023590	700038905	700033136	700023382	700096424	700105469	700016908	700096053	700108479	700109569	700033814	700016125	700109756	700102665	700101777	700109455
700108602	0	-0.1658851661868	-0.198260252800902	-0.122611338084274	-0.160224180101379	-0.201420453367345	-0.0754396734688298	-0.217972928801855	-0.107324754037671	-0.212977073908188	-0.134430648344641	-0.20478123031835	-0.221761724435817	-0.164812368625897	-0.219193619040075	-0.116820462023012	-0.221934701362167	-0.191789788611095	-0.0819814129899382	-0.0893375749783431	-0.104277397231043	-0.130058627546641	-0.100096243834068	-0.0648003893786645	-0.0975220680990905	-0.125471816622275	-0.170072385092161	-0.174468759254382	-0.196810392414607	-0.21119112976062	-0.196857048703639	-0.145820485026274	-0.149749545957904	-0.194195935455291	-0.128556636961912	-0.1181310814602	-0.172144267944477	-0.218104484414954	-0.0872514662991896	-0.245198678928039	-0.103156515215218	-0.208329624524533	-0.153428576192513	-0.139780140997788	-0.204025300733103	-0.169676510618284	-0.125018087167593	-0.199222049035698	-0.176711991749356	-0.18804263693448	-0.14409728153709	-0.0754501425768164	-0.0886321992249979	-0.103245111820611	-0.0919676411680522	-0.191419261701998	-0.114863132691574	-0.0703837334809575	-0.177611514569262	-0.108065649488571
700014971	-0.1658851661868	0	-0.180618970120826	-0.216548442097919	-0.141489411700669	-0.15079666615705	-0.186741393111683	-0.121779132993045	-0.151031729403228	-0.130918271975672	-0.124696933626223	-0.193156924634051	-0.138220591226238	-0.124819379740397	-0.158523627104604	-0.156562588123361	-0.115394708920739	-0.166507172784614	-0.161005802458048	-0.168086946859386	-0.161361956544399	-0.142802031691634	-0.13097846612424	-0.158874959205114	-0.194448425703041	-0.165001662898504	-0.106236843952324	-0.127094299529611	-0.126634764671958	-0.137906917313679	-0.125735333081382	-0.168978523900608	-0.129042583521369	-0.133102567045566	-0.150516555255423	-0.127725623067281	-0.169060315468505	-0.181038935939	-0.139486852592217	-0.138666928744528	-0.119716232316752	-0.14484172587536	-0.129644747020639	-0.16549079963579	-0.118769225133721	-0.114094252634027	-0.10491580852692	-0.13131175191368	-0.135039400277222	-0.178973644669932	-0.167378669090841	-0.169786983936232	-0.16805298571672	-0.135115549856899	-0.185920217210786	-0.132983923260104	-0.157898813839519	-0.184784037245504	-0.157861666520508	-0.178624317278778
700033565	-0.198260252800902	-0.180618970120826	0	-0.229919936053459	-0.194314014121627	-0.0834204931003222	-0.204912531824785	-0.10909920269963	-0.171567618898386	-0.0933372161563638	-0.107855035195032	-0.0599692507809698	-0.129472553753311	-0.139398611547352	-0.10437014507452	-0.129680521067658	-0.119439227619642	-0.0980764890936049	-0.16527706194291	-0.185496742111393	-0.166970698452475	-0.0962407305881538	-0.185571948585662	-0.176662173160129	-0.170618026908769	-0.213308925137455	-0.16068132318751	-0.18679127476505	-0.166789525475625	-0.122860674762191	-0.115218346785434	-0.120881221301563	-0.117350798907666	-0.0968977217955394	-0.200658790537966	-0.142163159671991	-0.16810145967873	-0.101428609877434	-0.190347530519085	-0.153785450987182	-0.173789747279388	-0.0730551111017901	-0.161363636497236	-0.146833433115083	-0.139070020490072	-0.131472124843279	-0.164950481296076	-0.110585583604078	-0.132376942900589	-0.0577516479851612	-0.0810314173568009	-0.207864865270723	-0.196326635547843	-0.136627556167695	-0.231998609424415	-0.0969962143837299	-0.143079865666819	-0.208229533404738	-0.0699935451799972	-0.183946179771692
700109389	-0.122611338084274	-0.216548442097919	-0.229919936053459	0	-0.188633097449427	-0.248893111214384	-0.106366096102188	-0.245941536427701	-0.178153081651014	-0.250644264451306	-0.193043894203275	-0.229713684603259	-0.245424096705555	-0.218261597626205	-0.228048955248067	-0.168323808902357	-0.247483925921191	-0.242270197655389	-0.171256204535702	-0.112773611062534	-0.147771725144016	-0.192351463218136	-0.14255405187976	-0.151767043575388	-0.146499141790327	-0.141445009721543	-0.233672669396991	-0.210350348457172	-0.191355271396586	-0.238172068659248	-0.248259397422189	-0.207141589413232	-0.185311263233234	-0.230833051132558	-0.141143941869251	-0.169985761057559	-0.23922018530276	-0.261983041391227	-0.161166897755791	-0.235672719990246	-0.159375208321937	-0.231663985926142	-0.20929130513231	-0.18638271398678	-0.218277563643742	-0.20005343605869	-0.194503175376731	-0.221778230018047	-0.226841414275209	-0.227495362212374	-0.183752538520938	-0.110165337361133	-0.0841906771768697	-0.176221190951528	-0.13364407195033	-0.235058882401135	-0.130714694730112	-0.117257190298295	-0.197004243516849	-0.162343313423584
700023058	-0.160224180101379	-0.141489411700669	-0.194314014121627	-0.188633097449427	0	-0.166266933036388	-0.160539769557876	-0.176497967121254	-0.141059072170072	-0.173234539348253	-0.145198766048645	-0.207454610696764	-0.182138309039344	-0.125374827088837	-0.181380752179919	-0.139676626751871	-0.172821522059088	-0.163603445240249	-0.147201708168346	-0.163926763269906	-0.171455793097176	-0.168374907086267	-0.141319095308724	-0.146805716738074	-0.198316881029202	-0.124493488931877	-0.146153854245774	-0.150702424448616	-0.156166991502487	-0.150234021818925	-0.146498359255089	-0.191541629853114	-0.145443065592208	-0.152699395809627	-0.132865807209195	-0.162215227718678	-0.129890873793704	-0.155508597273292	-0.124801674034598	-0.193252628401587	-0.117752363658419	-0.173712318255489	-0.122675018296412	-0.180065546232726	-0.152080111069694	-0.137806351969722	-0.126330172737581	-0.170218906904815	-0.134583976245165	-0.197717713596004	-0.1660597277981	-0.145866779382462	-0.147518487609075	-0.145421249971607	-0.165046864292808	-0.170208477064345	-0.164465120245147	-0.175228728262624	-0.179372144770668	-0.163838744328271
700023927	-0.201420453367345	-0.15079666615705	-0.0834204931003222	-0.248893111214384	-0.166266933036388	0	-0.218915524648566	-0.106608553344345	-0.175196578108978	-0.0731962998638188	-0.113175311119103	-0.108160037671865	-0.115155416360328	-0.105248148487407	-0.109506271791938	-0.149434210134403	-0.1025652138841	-0.0693445538545434	-0.168071393418814	-0.19445982353067	-0.178814812725434	-0.127701048960319	-0.173753677585497	-0.179798937806912	-0.195098614129333	-0.212103956489095	-0.133244535403907	-0.183365314275449	-0.160725069719609	-0.101619018350203	-0.0617039506318987	-0.152294794420616	-0.119933758409247	-0.0684824914943525	-0.198124971100186	-0.146401243629344	-0.136794966993915	-0.0747817386326141	-0.181170888781489	-0.148149433171736	-0.155954138752443	-0.0843338802664572	-0.126314841840353	-0.169284179137416	-0.133941253998584	-0.121645406272166	-0.153279710884847	-0.112722000245994	-0.0821866943288344	-0.094449942715131	-0.114309465909949	-0.216425779735253	-0.209614412899154	-0.136899340705611	-0.232025325973901	-0.0960161851440503	-0.147709062384715	-0.213424477164927	-0.100189333726475	-0.193110904904658
700106341	-0.0754396734688298	-0.186741393111683	-0.204912531824785	-0.106366096102188	-0.160539769557876	-0.218915524648566	0	-0.220013144046159	-0.111902253876997	-0.221534994727867	-0.136271157288426	-0.193460602540114	-0.218657029282796	-0.189725979753418	-0.207133265160073	-0.126407445312489	-0.221350871324427	-0.22204243409659	-0.115776185425064	-0.0819787856411924	-0.0975164601986295	-0.14050880582039	-0.125337308005314	-0.107603861480176	-0.0884549757613267	-0.152537902087144	-0.210486196322788	-0.205049606146889	-0.19381643904901	-0.218814628897952	-0.210977262190285	-0.127298828554849	-0.150371550969988	-0.202690738532864	-0.153721972996542	-0.120078413697583	-0.208629831015301	-0.236385484374805	-0.0995780553757027	-0.239217225098396	-0.132332017296824	-0.198564898721629	-0.16060074193182	-0.124584730383556	-0.196487931938759	-0.179013526511556	-0.15443013002763	-0.188009829818485	-0.196844635986664	-0.182862330968973	-0.157973024274633	-0.0716711756309959	-0.0810313770334312	-0.119410929359967	-0.12446814768115	-0.197543863208761	-0.109843819270046	-0.0724475859701629	-0.176969814536805	-0.0898804920366886
700114221	-0.217972928801855	-0.121779132993045	-0.10909920269963	-0.245941536427701	-0.176497967121254	-0.106608553344345	-0.220013144046159	0	-0.186692833922003	-0.0744825710377528	-0.136571836345526	-0.13153971461564	-0.0808562566205766	-0.127636152969547	-0.0880314241526433	-0.165951353481397	-0.058935718558365	-0.137987766954388	-0.193873103427733	-0.196099278877005	-0.191465380726958	-0.157234215483555	-0.185024381564256	-0.203592646358948	-0.220865609046892	-0.219183817751894	-0.124865918410345	-0.155732310827697	-0.12536076818798	-0.0877664960482749	-0.109735186301892	-0.171520723719894	-0.13121000368569	-0.099641608194165	-0.203967389312392	-0.144809509064234	-0.172919105799885	-0.108879389766115	-0.19225147152955	-0.0925723589286831	-0.14905301483784	-0.073163685418055	-0.159318088200867	-0.173148635524379	-0.0930221336027092	-0.111498720428238	-0.146189162255777	-0.0766945463067703	-0.130384662648747	-0.116909066036563	-0.143372441653598	-0.213924680291633	-0.206944374624034	-0.165195083980266	-0.251216724127049	-0.0826161287585448	-0.158187109504005	-0.233492504273342	-0.12746608571643	-0.201336142427436
700023543	-0.107324754037671	-0.151031729403228	-0.171567618898386	-0.178153081651014	-0.141059072170072	-0.175196578108978	-0.111902253876997	-0.186692833922003	0	-0.172874449022584	-0.104006985391548	-0.187412589817856	-0.198587316042372	-0.156046794850822	-0.190803585079639	-0.0982339301001037	-0.186604338161432	-0.173122442642842	-0.0972432721582246	-0.117575551703919	-0.120721892823639	-0.119007809133684	-0.120164763817365	-0.0893673039872804	-0.118741377389385	-0.141002274755104	-0.158625140630148	-0.160887434643772	-0.202247189866646	-0.179566321795084	-0.170207130508684	-0.104572785202246	-0.137330783262548	-0.167154909286346	-0.13342904603768	-0.123099494138084	-0.156361531535865	-0.196613185887922	-0.0873526015371671	-0.220350858567956	-0.122495000648283	-0.177201618708951	-0.140442354278133	-0.0934338374067809	-0.182308151089144	-0.157986181022477	-0.104590025600091	-0.172788875289554	-0.166421127746321	-0.1601520060082	-0.141303733541254	-0.0928575803334889	-0.119185921566769	-0.109706383911771	-0.134619579157746	-0.161818024319335	-0.140030460208911	-0.104186758200581	-0.152492328611665	-0.0857006617762913
700023439	-0.212977073908188	-0.130918271975672	-0.0933372161563638	-0.250644264451306	-0.173234539348253	-0.0731962998638188	-0.221534994727867	-0.0744825710377528	-0.172874449022584	0	-0.121598506221403	-0.11735802079936	-0.0805421725134864	-0.116650404163878	-0.0917143083002633	-0.147992751507072	-0.0754330320216754	-0.106419334466668	-0.180542754891366	-0.197700098374474	-0.176842336617178	-0.138941535711558	-0.167861991111566	-0.186035739737414	-0.206662972762155	-0.21657989560244	-0.137698736250638	-0.169573325220724	-0.142073572112059	-0.0979592488937502	-0.0887295736540354	-0.157630621594741	-0.114479173813593	-0.0796118057793231	-0.198698219365496	-0.142206137783814	-0.156659932189066	-0.0939305389356246	-0.180397393103799	-0.113750475143969	-0.14687583851687	-0.0664801857430921	-0.148704231611143	-0.172730141776976	-0.114321061249514	-0.0978818738638006	-0.142641156770123	-0.0942445245305119	-0.10367190561781	-0.0988164147276559	-0.123604428209228	-0.212818939153001	-0.209934683062796	-0.146748116370691	-0.240323450541335	-0.0734827312232081	-0.151412639836551	-0.215073703833046	-0.102399055551019	-0.195425560952791
700016978	-0.134430648344641	-0.124696933626223	-0.107855035195032	-0.193043894203275	-0.145198766048645	-0.113175311119103	-0.136271157288426	-0.136571836345526	-0.104006985391548	-0.121598506221403	0	-0.115295610356843	-0.149882214584992	-0.124181573715537	-0.149729500898032	-0.091984218102389	-0.133148752850861	-0.120334579135358	-0.103424236001762	-0.126094767828804	-0.109629509081852	-0.0594667758995366	-0.128074020928637	-0.114017598971971	-0.1138724564435	-0.166582674991956	-0.138505949794123	-0.147963498863725	-0.156844600943203	-0.149163377958185	-0.108189476266105	-0.0793150089318278	-0.0695752489464591	-0.106448161783187	-0.153643048864316	-0.0818568191295603	-0.138821725860258	-0.145098374184084	-0.111953266275807	-0.171682144472337	-0.114573248486941	-0.10861501466616	-0.105072061660677	-0.101314277427208	-0.131498433816926	-0.118373079886679	-0.110982341265131	-0.122100408185548	-0.11937185075784	-0.109149766120879	-0.0873091397643162	-0.138775101144426	-0.133294377414823	-0.0793878175546835	-0.168867741325348	-0.110433517911131	-0.107547640274197	-0.144180639572407	-0.101063436513308	-0.122504629927603
700024192	-0.20478123031835	-0.193156924634051	-0.0599692507809698	-0.229713684603259	-0.207454610696764	-0.108160037671865	-0.193460602540114	-0.13153971461564	-0.187412589817856	-0.11735802079936	-0.115295610356843	0	-0.126778161454421	-0.164089194354813	-0.107086041853288	-0.132818792510576	-0.140671071713077	-0.118687410583013	-0.169595986175053	-0.185884868820311	-0.162372862696534	-0.0954776736048339	-0.19607762179985	-0.191511298454357	-0.166861590491595	-0.230709035518928	-0.187227075259777	-0.200596814474082	-0.17734116486137	-0.156980162861851	-0.119043155624173	-0.114735002728733	-0.105054908581166	-0.112753767481598	-0.221985584003536	-0.151587342436619	-0.188143528290118	-0.121573420662768	-0.198415913684218	-0.156465927813726	-0.177971871068057	-0.0805359387024042	-0.172916010207804	-0.144954172676708	-0.139639159441503	-0.149804037148106	-0.176460120318924	-0.111005559881231	-0.158352539877974	-0.0627997095191058	-0.0864174942974226	-0.220168901024539	-0.204911138458948	-0.151403712387503	-0.25221058970172	-0.0978586701467112	-0.138325006259558	-0.2137846691565	-0.0878187494382938	-0.186175023957014
700113058	-0.221761724435817	-0.138220591226238	-0.129472553753311	-0.245424096705555	-0.182138309039344	-0.115155416360328	-0.218657029282796	-0.0808562566205766	-0.198587316042372	-0.0805421725134864	-0.149882214584992	-0.126778161454421	0	-0.143960836160606	-0.0782800321140255	-0.170548464263877	-0.0921640967055336	-0.148054141951509	-0.206439356455964	-0.198517930262934	-0.197426732108387	-0.157708700333083	-0.187514204802289	-0.212362011529015	-0.222401865164666	-0.227128379756974	-0.139271635570057	-0.154447932799756	-0.122622800532749	-0.100869918569864	-0.124427579061999	-0.173213867748785	-0.135412191211305	-0.102383552349532	-0.212814579174177	-0.163025053273371	-0.185896259133112	-0.126569213314844	-0.188537200840842	-0.103696343062132	-0.163478828843332	-0.0778602953453075	-0.178685751692651	-0.183257052161589	-0.102616999965684	-0.112053861079872	-0.177191105180924	-0.0807489124110816	-0.143263613258531	-0.116139638023636	-0.15045002301958	-0.218810361942574	-0.20673276383728	-0.186590633827672	-0.259919216576434	-0.0819565835615246	-0.161695023268628	-0.240331206165896	-0.126279997603014	-0.202560908206471
700099448	-0.164812368625897	-0.124819379740397	-0.139398611547352	-0.218261597626205	-0.125374827088837	-0.105248148487407	-0.189725979753418	-0.127636152969547	-0.156046794850822	-0.116650404163878	-0.124181573715537	-0.164089194354813	-0.143960836160606	0	-0.131344918529963	-0.140723293980283	-0.121936067209279	-0.116121074269642	-0.139694255392907	-0.160941386154865	-0.156861034519969	-0.138079880162159	-0.138657012549947	-0.138978272863566	-0.185359677171325	-0.157670249123752	-0.104410342054922	-0.157484665267728	-0.135836827827367	-0.105237223892192	-0.10105060895302	-0.166680834084371	-0.115483418279659	-0.0940592072234754	-0.160095171534859	-0.137318481756184	-0.121970854020532	-0.105417338197084	-0.155114083456182	-0.165586675987368	-0.129378793006434	-0.116154335480373	-0.105940081894495	-0.168161212612975	-0.116581787456543	-0.113912775142424	-0.114473186678107	-0.118626064763398	-0.0719157016137548	-0.138252316801028	-0.131427849316015	-0.174100391193936	-0.177068800470867	-0.12304364844711	-0.175832678982113	-0.12688233158677	-0.12450106191462	-0.175299092031731	-0.118733569585055	-0.17462206283484
700109870	-0.219193619040075	-0.158523627104604	-0.10437014507452	-0.228048955248067	-0.181380752179919	-0.109506271791938	-0.207133265160073	-0.0880314241526433	-0.190803585079639	-0.0917143083002633	-0.149729500898032	-0.107086041853288	-0.0782800321140255	-0.131344918529963	0	-0.16669420716667	-0.0989403033403447	-0.144642752328429	-0.200711596515946	-0.185202966904314	-0.180086433730986	-0.155864053212353	-0.180888270586322	-0.209662599129617	-0.209980960305004	-0.220731124714031	-0.157529216987264	-0.179743839158318	-0.126373377429443	-0.0968025978846808	-0.127489138880155	-0.161437848698709	-0.134985557965892	-0.113073718524435	-0.215147751084286	-0.161982385140677	-0.192913388300958	-0.102498570528883	-0.196186753947146	-0.104922608304429	-0.169202364341587	-0.0619097293237441	-0.181666238368022	-0.16676641725556	-0.108044509284117	-0.111961643066167	-0.168042840767108	-0.0740274255843368	-0.142432238459912	-0.0986113313671124	-0.137684105405862	-0.219034961498456	-0.194897685062779	-0.177246374122743	-0.251224323982096	-0.0792554529258721	-0.144119040763684	-0.23001057259386	-0.10387551003493	-0.192670970894406
700033928	-0.116820462023012	-0.156562588123361	-0.129680521067658	-0.168323808902357	-0.139676626751871	-0.149434210134403	-0.126407445312489	-0.165951353481397	-0.0982339301001037	-0.147992751507072	-0.091984218102389	-0.132818792510576	-0.170548464263877	-0.140723293980283	-0.16669420716667	0	-0.16551879535608	-0.139377131332927	-0.0954990033978727	-0.126089485523575	-0.113337518845366	-0.0837217489790815	-0.125976701844444	-0.0958285850261664	-0.124545830670253	-0.148966055030003	-0.156225713072673	-0.152004992912142	-0.178966501088504	-0.171706299776748	-0.146206457506337	-0.110149017384823	-0.0933345983266314	-0.136481874521488	-0.143998511276059	-0.125474424931156	-0.144463252540255	-0.1735339931508	-0.107417408280471	-0.197701662280511	-0.102523216116648	-0.130965315188952	-0.126129108875665	-0.126910425783319	-0.155609306852386	-0.135904792256297	-0.103908421103009	-0.149161191535669	-0.157879682178791	-0.114186101133441	-0.0936182643980074	-0.121394566110071	-0.123066260973737	-0.11377400381467	-0.159262825920131	-0.130844611853741	-0.125543932174812	-0.12123026968383	-0.126742591848891	-0.112838440506062
700023693	-0.221934701362167	-0.115394708920739	-0.119439227619642	-0.247483925921191	-0.172821522059088	-0.1025652138841	-0.221350871324427	-0.058935718558365	-0.186604338161432	-0.0754330320216754	-0.133148752850861	-0.140671071713077	-0.0921640967055336	-0.121936067209279	-0.0989403033403447	-0.16551879535608	0	-0.130753815301396	-0.193314150155551	-0.197712666614207	-0.184777532169706	-0.157925602624041	-0.180321363695073	-0.199346148298369	-0.223519448278609	-0.217480309687266	-0.130807763794713	-0.161727987106812	-0.120160656013417	-0.100852825945424	-0.0960781955394917	-0.174170790750284	-0.13087892491438	-0.0967176266165107	-0.200318707080949	-0.146898030020165	-0.167484821697991	-0.123260112026062	-0.188876111927239	-0.0996298500345135	-0.149518779298773	-0.0897254859885571	-0.151349961409541	-0.17560512930766	-0.089822120907644	-0.103058374018705	-0.145141532270591	-0.0900196355882521	-0.124786407131393	-0.128738319155325	-0.146024860702212	-0.215462971866313	-0.206220055817199	-0.162519320607318	-0.247347290465823	-0.0930128821568263	-0.159085004591972	-0.233622716847596	-0.133950089201018	-0.203254227499711
700109627	-0.191789788611095	-0.166507172784614	-0.0980764890936049	-0.242270197655389	-0.163603445240249	-0.0693445538545434	-0.22204243409659	-0.137987766954388	-0.173122442642842	-0.106419334466668	-0.120334579135358	-0.118687410583013	-0.148054141951509	-0.116121074269642	-0.144642752328429	-0.139377131332927	-0.130753815301396	0	-0.165824838012215	-0.184680302988985	-0.190658442183033	-0.121724333071114	-0.17994320207694	-0.160258425013903	-0.188722022259736	-0.199133535126797	-0.126671621470797	-0.175359612738575	-0.1893165847082	-0.12565657889422	-0.0786892121564163	-0.152780466815046	-0.129027996501386	-0.0923575041055743	-0.187270236866095	-0.152341904300983	-0.113592406082228	-0.0890669199288138	-0.179435693942931	-0.175469162844473	-0.160400007221732	-0.107909304912523	-0.123527027248419	-0.159962110616019	-0.159144333693104	-0.145152813959114	-0.155340312874646	-0.142102757400626	-0.0917211909201835	-0.117354331138948	-0.106026458000405	-0.208801744974724	-0.209228071027141	-0.14029708112961	-0.2156533129445	-0.121713847485692	-0.164511321273033	-0.207923215352034	-0.122752475206572	-0.198758506605989
700095416	-0.0819814129899382	-0.161005802458048	-0.16527706194291	-0.171256204535702	-0.147201708168346	-0.168071393418814	-0.115776185425064	-0.193873103427733	-0.0972432721582246	-0.180542754891366	-0.103424236001762	-0.169595986175053	-0.206439356455964	-0.139694255392907	-0.200711596515946	-0.0954990033978727	-0.193314150155551	-0.165824838012215	0	-0.116746649770723	-0.10083223533562	-0.107868615519807	-0.119191051259352	-0.0711391198172175	-0.113237653792797	-0.130040353227402	-0.157652363647649	-0.172445632498795	-0.19026131417963	-0.188778784417136	-0.156868325438709	-0.117930592914629	-0.112218087282055	-0.164519780695674	-0.130451098239275	-0.117458552191838	-0.145309792044951	-0.184751600809475	-0.0947301675969617	-0.229554437278412	-0.0956651286364791	-0.179583350585352	-0.116723778490418	-0.130397190222963	-0.181806878163015	-0.152566168439687	-0.0946710427441633	-0.177254935855094	-0.150501074836657	-0.155251878699067	-0.120552753780572	-0.109226880514656	-0.125671547981847	-0.0875560088683401	-0.130348323897573	-0.16859217000262	-0.120828656055274	-0.102172214262699	-0.15273324928217	-0.114684526879882
700110425	-0.0893375749783431	-0.168086946859386	-0.185496742111393	-0.112773611062534	-0.163926763269906	-0.19445982353067	-0.0819787856411924	-0.196099278877005	-0.117575551703919	-0.197700098374474	-0.126094767828804	-0.185884868820311	-0.198517930262934	-0.160941386154865	-0.185202966904314	-0.126089485523575	-0.197712666614207	-0.184680302988985	-0.116746649770723	0	-0.101250066538519	-0.124546691411865	-0.111134165700197	-0.108775541063232	-0.0850157276567995	-0.154768218250487	-0.178532807148568	-0.169633755691404	-0.170756257655831	-0.187494395183159	-0.18940710875362	-0.133982244181946	-0.128933058340621	-0.179174297458372	-0.151018505957234	-0.100195389576653	-0.177840367993594	-0.213195231707654	-0.112499450949643	-0.222351712822323	-0.123736527221574	-0.177156059389565	-0.148769307226175	-0.104551081841008	-0.167941563496024	-0.157595125233328	-0.134903353375821	-0.170330996039113	-0.167014367099005	-0.174103156572945	-0.139507616586501	-0.086415941902568	-0.0615548660595343	-0.117018893305056	-0.129083027389552	-0.176319887871136	-0.082104410733135	-0.0885257178309427	-0.15553041822424	-0.106553005511521
700111580	-0.104277397231043	-0.161361956544399	-0.166970698452475	-0.147771725144016	-0.171455793097176	-0.178814812725434	-0.0975164601986295	-0.191465380726958	-0.120721892823639	-0.176842336617178	-0.109629509081852	-0.162372862696534	-0.197426732108387	-0.156861034519969	-0.180086433730986	-0.113337518845366	-0.184777532169706	-0.190658442183033	-0.10083223533562	-0.101250066538519	0	-0.106883723273146	-0.110498158306624	-0.111077838125584	-0.078543942388871	-0.17176681033706	-0.192807466130427	-0.198955828337737	-0.159637153398879	-0.200554307959854	-0.173030265755914	-0.108948226971422	-0.112000357264955	-0.176835544361281	-0.17363355029403	-0.108894108076508	-0.193759912248395	-0.192125741925009	-0.129729403173257	-0.209175899544924	-0.114313946517109	-0.161443826638387	-0.139310779857941	-0.128760026622615	-0.159769595241446	-0.139031497758232	-0.119777108016682	-0.156646697919721	-0.15802391480799	-0.140460273650823	-0.117600386373166	-0.107106722630397	-0.11397068911666	-0.0865649805413713	-0.148923515157771	-0.148410101292401	-0.0872620345468733	-0.0938412764907603	-0.12755796600451	-0.100009446782428
700111302	-0.130058627546641	-0.142802031691634	-0.0962407305881538	-0.192351463218136	-0.168374907086267	-0.127701048960319	-0.14050880582039	-0.157234215483555	-0.119007809133684	-0.138941535711558	-0.0594667758995366	-0.0954776736048339	-0.157708700333083	-0.138079880162159	-0.155864053212353	-0.0837217489790815	-0.157925602624041	-0.121724333071114	-0.107868615519807	-0.124546691411865	-0.106883723273146	0	-0.148037141675163	-0.113000096863136	-0.103363211152729	-0.178313172043121	-0.155136234120298	-0.160661426286683	-0.173930188868137	-0.167141546836068	-0.131556501788178	-0.0726731309220819	-0.0768159891663872	-0.121528949733263	-0.167682992545119	-0.101337384709222	-0.151611980669008	-0.159480779754097	-0.130832844196901	-0.184867367064354	-0.13881613359071	-0.119453252459163	-0.125687672655367	-0.108574584621685	-0.144541229373028	-0.138227199698863	-0.124430995712297	-0.129513646144512	-0.135596561245454	-0.0844601531874382	-0.0692835192347277	-0.141510147997858	-0.144655832026603	-0.0926639522223194	-0.183084703760028	-0.109967120441431	-0.114205545952602	-0.142550632421407	-0.0840793776184921	-0.129146940592824
700098605	-0.100096243834068	-0.13097846612424	-0.185571948585662	-0.14255405187976	-0.141319095308724	-0.173753677585497	-0.125337308005314	-0.185024381564256	-0.120164763817365	-0.167861991111566	-0.128074020928637	-0.19607762179985	-0.187514204802289	-0.138657012549947	-0.180888270586322	-0.125976701844444	-0.180321363695073	-0.17994320207694	-0.119191051259352	-0.111134165700197	-0.110498158306624	-0.148037141675163	0	-0.112364478315423	-0.149124853612179	-0.136780928062431	-0.148747169802509	-0.154369591484668	-0.165792060692586	-0.166262524329221	-0.166271773554096	-0.155556042450311	-0.129842867561152	-0.163337740978591	-0.133400781869153	-0.122391416058448	-0.163484227544393	-0.188878625282309	-0.101368247846596	-0.191936602736729	-0.0970870590343242	-0.173163556669433	-0.141381068279314	-0.143822519272051	-0.172061132537033	-0.131062186148994	-0.114222007032392	-0.16428925183278	-0.152997665556083	-0.178296085874886	-0.1511223443873	-0.113364818032629	-0.105219477259645	-0.105801851137279	-0.114629104189226	-0.161740806420162	-0.117760410678097	-0.12195087239593	-0.154511631293732	-0.11586115015034
700111991	-0.0648003893786645	-0.158874959205114	-0.176662173160129	-0.151767043575388	-0.146805716738074	-0.179798937806912	-0.107603861480176	-0.203592646358948	-0.0893673039872804	-0.186035739737414	-0.114017598971971	-0.191511298454357	-0.212362011529015	-0.138978272863566	-0.209662599129617	-0.0958285850261664	-0.199346148298369	-0.160258425013903	-0.0711391198172175	-0.108775541063232	-0.111077838125584	-0.113000096863136	-0.112364478315423	0	-0.106792598878514	-0.120765683711154	-0.154003082650227	-0.165935165893799	-0.193433092326842	-0.196265123638867	-0.174565505455515	-0.134968333416125	-0.134189739229292	-0.172557779475372	-0.118525407759618	-0.10985445159719	-0.145173427545261	-0.193722990861784	-0.0886587530346065	-0.232814698697332	-0.101531405723267	-0.189009292774753	-0.134922147311872	-0.126179280783827	-0.189727839971837	-0.157290937809809	-0.102440846663775	-0.183868787707538	-0.157243273597425	-0.172501414186142	-0.128410785980038	-0.099120622219844	-0.110479501981499	-0.0904583035494276	-0.0955289681614851	-0.177391182254767	-0.12892844114386	-0.0885048551929742	-0.163171242937502	-0.108022067160902
700108960	-0.0975220680990905	-0.194448425703041	-0.170618026908769	-0.146499141790327	-0.198316881029202	-0.195098614129333	-0.0884549757613267	-0.220865609046892	-0.118741377389385	-0.206662972762155	-0.1138724564435	-0.166861590491595	-0.222401865164666	-0.185359677171325	-0.209980960305004	-0.124545830670253	-0.223519448278609	-0.188722022259736	-0.113237653792797	-0.0850157276567995	-0.078543942388871	-0.103363211152729	-0.149124853612179	-0.106792598878514	0	-0.187468166794698	-0.21081929470611	-0.205580752483026	-0.198675372826182	-0.217863205201554	-0.198689518426928	-0.0996847509501883	-0.134679967350991	-0.192423315113649	-0.181209776838405	-0.116156880412009	-0.200168347760638	-0.218256196438953	-0.132277454346317	-0.247678427202858	-0.149975618483245	-0.185137425657862	-0.157332406453709	-0.112330463294221	-0.196509740441341	-0.187784554369691	-0.159465568174756	-0.192854606762187	-0.180960893125687	-0.148440126195611	-0.118054134441067	-0.100916098240856	-0.10394225813175	-0.098323112052683	-0.143737882806436	-0.18625109947646	-0.101934481767977	-0.0868150013251251	-0.142013941127892	-0.0971503274840937
700024452	-0.125471816622275	-0.165001662898504	-0.213308925137455	-0.141445009721543	-0.124493488931877	-0.212103956489095	-0.152537902087144	-0.219183817751894	-0.141002274755104	-0.21657989560244	-0.166582674991956	-0.230709035518928	-0.227128379756974	-0.157670249123752	-0.220731124714031	-0.148966055030003	-0.217480309687266	-0.199133535126797	-0.130040353227402	-0.154768218250487	-0.17176681033706	-0.178313172043121	-0.136780928062431	-0.120765683711154	-0.187468166794698	0	-0.166777940177645	-0.149834710541723	-0.160879671714866	-0.197539924528893	-0.201457594606438	-0.198655162699063	-0.170433746834667	-0.195395771456116	-0.0651855411672834	-0.154899852633533	-0.18295573810339	-0.216696706803982	-0.117163430151804	-0.219321371592878	-0.127162537298977	-0.216280939033682	-0.167537962355063	-0.186565275492998	-0.194843537017869	-0.164615765219246	-0.123279073882128	-0.209298303297008	-0.178781795027529	-0.222455281493257	-0.183802801744093	-0.120544433526642	-0.125228562475112	-0.144644787573923	-0.11019239562603	-0.210116934476611	-0.159461014831997	-0.151171166136312	-0.195562325165541	-0.178392203945049
700032931	-0.170072385092161	-0.106236843952324	-0.16068132318751	-0.233672669396991	-0.146153854245774	-0.133244535403907	-0.210486196322788	-0.124865918410345	-0.158625140630148	-0.137698736250638	-0.138505949794123	-0.187227075259777	-0.139271635570057	-0.104410342054922	-0.157529216987264	-0.156225713072673	-0.130807763794713	-0.126671621470797	-0.157652363647649	-0.178532807148568	-0.192807466130427	-0.155136234120298	-0.148747169802509	-0.154003082650227	-0.21081929470611	-0.166777940177645	0	-0.132372593516387	-0.154177148074984	-0.117870326407115	-0.12683136571612	-0.177191981458813	-0.145020545551382	-0.1173492427524	-0.168017751229457	-0.153436141195616	-0.132801513168976	-0.147316293667452	-0.152671775314416	-0.157762435110571	-0.139480172096893	-0.139008878568842	-0.131981308555262	-0.170529759970791	-0.134124455698921	-0.129855888408008	-0.129912402061208	-0.122723834479295	-0.114914483447089	-0.168888594858427	-0.166080252595683	-0.186056459116696	-0.189756592066419	-0.144680480471782	-0.186694695194808	-0.134662820018015	-0.173643880026648	-0.200519795870275	-0.156725448151579	-0.196235208614665
700095837	-0.174468759254382	-0.127094299529611	-0.18679127476505	-0.210350348457172	-0.150702424448616	-0.183365314275449	-0.205049606146889	-0.155732310827697	-0.160887434643772	-0.169573325220724	-0.147963498863725	-0.200596814474082	-0.154447932799756	-0.157484665267728	-0.179743839158318	-0.152004992912142	-0.161727987106812	-0.175359612738575	-0.172445632498795	-0.169633755691404	-0.198955828337737	-0.160661426286683	-0.154369591484668	-0.165935165893799	-0.205580752483026	-0.149834710541723	-0.132372593516387	0	-0.112509353336443	-0.135809544257187	-0.173392622606632	-0.192192007865638	-0.15053080219007	-0.141486722006982	-0.144970994214544	-0.158561626718941	-0.166259082675956	-0.205328123561549	-0.14916178370176	-0.16642531388728	-0.134650467043453	-0.166255396613543	-0.157085124467041	-0.172503309439171	-0.129574340557577	-0.143833808499567	-0.149371688471631	-0.153613280516434	-0.177528386388472	-0.196082848042962	-0.167161045666516	-0.17567417007671	-0.171030958304644	-0.173800161022572	-0.190570751819462	-0.16092388362137	-0.180739902909734	-0.194673045706281	-0.178762749269306	-0.197489769928593
700024548	-0.196810392414607	-0.126634764671958	-0.166789525475625	-0.191355271396586	-0.156166991502487	-0.160725069719609	-0.19381643904901	-0.12536076818798	-0.202247189866646	-0.142073572112059	-0.156844600943203	-0.17734116486137	-0.122622800532749	-0.135836827827367	-0.126373377429443	-0.178966501088504	-0.120160656013417	-0.1893165847082	-0.19026131417963	-0.170756257655831	-0.159637153398879	-0.173930188868137	-0.165792060692586	-0.193433092326842	-0.198675372826182	-0.160879671714866	-0.154177148074984	-0.112509353336443	0	-0.124912730509344	-0.156646949319219	-0.20067225048693	-0.134999590073259	-0.130011329102172	-0.156645358393903	-0.139210259947094	-0.207569713309947	-0.172155730475373	-0.176142251441596	-0.113821244192047	-0.139167846957961	-0.126496202119241	-0.167872315207357	-0.195187487676929	-0.0802949927692866	-0.0919404281886045	-0.156900256596496	-0.113165429659876	-0.149319733020998	-0.170122303993644	-0.164948606915976	-0.190686722058629	-0.164280563221067	-0.15794485882612	-0.207399353601154	-0.134340902303385	-0.134680721301083	-0.213198013949244	-0.145536082070876	-0.20253136343526
700110161	-0.21119112976062	-0.137906917313679	-0.122860674762191	-0.238172068659248	-0.150234021818925	-0.101619018350203	-0.218814628897952	-0.0877664960482749	-0.179566321795084	-0.0979592488937502	-0.149163377958185	-0.156980162861851	-0.100869918569864	-0.105237223892192	-0.0968025978846808	-0.171706299776748	-0.100852825945424	-0.12565657889422	-0.188778784417136	-0.187494395183159	-0.200554307959854	-0.167141546836068	-0.166262524329221	-0.196265123638867	-0.217863205201554	-0.197539924528893	-0.117870326407115	-0.135809544257187	-0.124912730509344	0	-0.111439694861334	-0.1775429312377	-0.148688398263732	-0.0816681310430342	-0.189535342360777	-0.165058835171313	-0.155689150224057	-0.112851704673469	-0.180239372746325	-0.119069634776069	-0.156908569051584	-0.0989866368537658	-0.146416587871693	-0.179739015596917	-0.107576634838851	-0.127221586699013	-0.160545251791759	-0.102615709922698	-0.106529724952439	-0.132871527883414	-0.156804602933727	-0.20270657327102	-0.200320690051868	-0.157530028051067	-0.235029265499954	-0.106607328233575	-0.159372604361911	-0.222441898826815	-0.129461156126343	-0.19780034657649
700023496	-0.196857048703639	-0.125735333081382	-0.115218346785434	-0.248259397422189	-0.146498359255089	-0.0617039506318987	-0.210977262190285	-0.109735186301892	-0.170207130508684	-0.0887295736540354	-0.108189476266105	-0.119043155624173	-0.124427579061999	-0.10105060895302	-0.127489138880155	-0.146206457506337	-0.0960781955394917	-0.0786892121564163	-0.156868325438709	-0.18940710875362	-0.173030265755914	-0.131556501788178	-0.166271773554096	-0.174565505455515	-0.198689518426928	-0.201457594606438	-0.12683136571612	-0.173392622606632	-0.156646949319219	-0.111439694861334	0	-0.151895938246837	-0.104955657807492	-0.0713355692314561	-0.192470088548298	-0.144803140603621	-0.122536865245747	-0.0947458873618756	-0.175485051960052	-0.149662879711573	-0.138163055936263	-0.0957847571570028	-0.102674318155033	-0.166844615329201	-0.121327325415063	-0.114865074373835	-0.132060819314107	-0.109304222201721	-0.0789387413865563	-0.120386696596274	-0.122011427236993	-0.211855349317687	-0.205012276973777	-0.130997579231058	-0.2257451699498	-0.0935230995551334	-0.148752440622141	-0.210536282933019	-0.127004000598882	-0.190725960636915
700034628	-0.145820485026274	-0.168978523900608	-0.120881221301563	-0.207141589413232	-0.191541629853114	-0.152294794420616	-0.127298828554849	-0.171520723719894	-0.104572785202246	-0.157630621594741	-0.0793150089318278	-0.114735002728733	-0.173213867748785	-0.166680834084371	-0.161437848698709	-0.110149017384823	-0.174170790750284	-0.152780466815046	-0.117930592914629	-0.133982244181946	-0.108948226971422	-0.0726731309220819	-0.155556042450311	-0.134968333416125	-0.0996847509501883	-0.198655162699063	-0.177191981458813	-0.192192007865638	-0.20067225048693	-0.1775429312377	-0.151895938246837	0	-0.105264525083213	-0.145374002516196	-0.194461524362582	-0.0996669110716208	-0.185399096217915	-0.172460424525122	-0.143204546019952	-0.197834864339243	-0.159948000267308	-0.131681176328073	-0.148363524500507	-0.0726661310710241	-0.165900340655876	-0.168298633675241	-0.146632736737248	-0.143772941768378	-0.16196299988075	-0.0916627595904466	-0.113906230236136	-0.156447066510219	-0.152227142582125	-0.106716053895895	-0.195568641806195	-0.129106956189003	-0.126079766749577	-0.13133507016625	-0.113198347499975	-0.0906221896433873
700023645	-0.149749545957904	-0.129042583521369	-0.117350798907666	-0.185311263233234	-0.145443065592208	-0.119933758409247	-0.150371550969988	-0.13121000368569	-0.137330783262548	-0.114479173813593	-0.0695752489464591	-0.105054908581166	-0.135412191211305	-0.115483418279659	-0.134985557965892	-0.0933345983266314	-0.13087892491438	-0.129027996501386	-0.112218087282055	-0.128933058340621	-0.112000357264955	-0.0768159891663872	-0.129842867561152	-0.134189739229292	-0.134679967350991	-0.170433746834667	-0.145020545551382	-0.15053080219007	-0.134999590073259	-0.148688398263732	-0.104955657807492	-0.105264525083213	0	-0.100441833688435	-0.164686476198633	-0.0860630267776998	-0.149823700113738	-0.145184085367533	-0.135246636824867	-0.157582946451282	-0.112730985341554	-0.0942183936300072	-0.106420684217079	-0.122877871294385	-0.109071404683441	-0.0957337230253518	-0.111270455709745	-0.104769070595423	-0.120486239897641	-0.101895744433741	-0.0831628250084237	-0.15544441420324	-0.14448413018204	-0.103127093946288	-0.187679741252918	-0.0928436556472221	-0.100612871157004	-0.154719385604114	-0.0922796890575338	-0.140888744979636
700038744	-0.194195935455291	-0.133102567045566	-0.0968977217955394	-0.230833051132558	-0.152699395809627	-0.0684824914943525	-0.202690738532864	-0.099641608194165	-0.167154909286346	-0.0796118057793231	-0.106448161783187	-0.112753767481598	-0.102383552349532	-0.0940592072234754	-0.113073718524435	-0.136481874521488	-0.0967176266165107	-0.0923575041055743	-0.164519780695674	-0.179174297458372	-0.176835544361281	-0.121528949733263	-0.163337740978591	-0.172557779475372	-0.192423315113649	-0.195395771456116	-0.1173492427524	-0.141486722006982	-0.130011329102172	-0.0816681310430342	-0.0713355692314561	-0.145374002516196	-0.100441833688435	0	-0.181877431972598	-0.13440218164283	-0.13279221660402	-0.101287232942714	-0.164634398128396	-0.127331904268634	-0.13727589057087	-0.073248666708519	-0.111135545836729	-0.163501878611647	-0.101093940577817	-0.103396487834206	-0.147944765168342	-0.0850870800996335	-0.0892281688056522	-0.107387401434528	-0.111542735854667	-0.201463977012713	-0.193746377229945	-0.132972461305813	-0.224831128299888	-0.0883300177847681	-0.144152293751027	-0.201448235034888	-0.104999070823363	-0.18983817184842
