700108602	700014971	700033565	700109389	700023058	700023927	700106341	700114221	700023543	700023439	700016978	700024192	700113058	700099448	700109870	700033928	700023693	700109627	700095416	700110425	700111580	700111302	700098605	700111991	700108960	700024452	700032931	700095837	700024548	700110161	700023496	700034628	700023645	700038744	700038485	700024743	700099596	700110760	700101587	700106399	700032322	700095653	700021312	700101230	700023590	700038905	700033136	700023382	700096424	700105469	700016908	700096053	700108479	700109569	700033814	700016125	700109756	700102665	700101777	700109455
700108602	0	0.159727656601435	0.163028146354546	0.103680519239859	0.121112976006275	0.163700703814998	0.0811797417069308	0.182536227734623	0.0882015717488495	0.162336428564414	0.12749225673648	0.155171730673595	0.165556322464695	0.154568163588303	0.157705530190766	0.104222769804928	0.178870204491705	0.162966417303216	0.0908060072357227	0.0968788065415934	0.086525948357288	0.113147940179288	0.104144542975915	0.0832123718612927	0.088542924815047	0.107281066337428	0.147811043299197	0.135691160837231	0.145441975750219	0.155529085983639	0.161860533926301	0.115826829044514	0.121406551358894	0.153941877780043	0.120492276402539	0.12349539343831	0.127354108763957	0.167618684889371	0.0941950706272832	0.181290032430898	0.103813363731607	0.153095986063691	0.140191390086587	0.110971736746038	0.13400169220906	0.131322104550807	0.108162202107343	0.15189533243864	0.141734119996028	0.128094058903357	0.113752177655298	0.0948881699214424	0.0894586161206148	0.107427506363705	0.097784241012106	0.162374936010195	0.104519910975322	0.0734348068377923	0.131024806425269	0.0983986196826744
700014971	0.159727656601435	0	0.141341513279909	0.168990611135895	0.135134149598736	0.14824795295831	0.167395989145627	0.151608034461344	0.149229881445834	0.146580041815357	0.141573557483269	0.166898034708492	0.148714206756901	0.120625836494968	0.150000348331611	0.163714689356723	0.136791673077566	0.156104362643314	0.160033992255706	0.153279928104705	0.149291102530024	0.134474638686275	0.132569414442338	0.171730722946129	0.160652404758303	0.149353776234235	0.129663511378934	0.143280183677371	0.11898837178299	0.13355404941474	0.139070950829957	0.151826786690087	0.145534347590143	0.138150491239084	0.141399219233005	0.136530756022182	0.153195243098482	0.162453400044134	0.153568079743465	0.151688822789418	0.151304208625719	0.14313777098277	0.138924021975075	0.152366182563729	0.132638499314466	0.141825028212045	0.131970503181976	0.147874709122937	0.133768579328325	0.148841156558763	0.147441250621477	0.160894323605228	0.159670926744778	0.130948097366376	0.171353565648829	0.130814598594566	0.14889874160841	0.158110721894711	0.141087971790178	0.159960870267324
700033565	0.163028146354546	0.141341513279909	0	0.1504462482243	0.142980106127609	0.071360457519251	0.145383904542278	0.0986844654974501	0.155848633515508	0.0900730194132628	0.101516143973235	0.0633652371177236	0.110994173512578	0.123270713947048	0.0913305970378619	0.123288720712286	0.0923092291342079	0.0970247563809894	0.1500633617872	0.148626223412343	0.14259097848608	0.0961654306275746	0.130039190094856	0.158358905231589	0.130006208466732	0.166986295494376	0.1296806605587	0.14200140336223	0.120511390234035	0.103532713510001	0.096908160225025	0.11206872406974	0.100125994204198	0.0807903106882523	0.151939179015138	0.105360142717711	0.128680628099349	0.0819946197283573	0.16143950237328	0.108158606711384	0.138359344343117	0.0811200281971311	0.140283638041201	0.12745598149322	0.106799726681409	0.120704388342427	0.137640748455143	0.0864993652097419	0.107863829473815	0.0831457009507603	0.0831730965282113	0.165245713023221	0.145778247125437	0.123090719614203	0.187581617924445	0.1064882808355	0.130053065568124	0.15550946212345	0.0892355275696741	0.134907310418533
700109389	0.103680519239859	0.168990611135895	0.1504462482243	0	0.142526113911224	0.169531486705009	0.0937070716785256	0.178992410382483	0.138867545665224	0.172700298727541	0.142777734683857	0.147208708283439	0.171963028971021	0.159965732445673	0.146942457639107	0.135925257464142	0.176339141752211	0.181153583845177	0.137063791588505	0.0945582432039616	0.107785490512478	0.137500714070535	0.0995359519378296	0.121795065859649	0.102417228808842	0.11476430254357	0.17530435942169	0.150712748464998	0.139988894841983	0.156157985764803	0.171566072391827	0.146230705349273	0.139163327465525	0.16304837784228	0.13326822312222	0.125778460288395	0.166197570419706	0.165336645709333	0.127100325306531	0.167048822088967	0.129365491494558	0.161441585615218	0.155206418212489	0.134913120850491	0.145095442467264	0.136227408261146	0.140150573961775	0.162558567498336	0.158127891498452	0.132723117263136	0.114538604212475	0.104015569176885	0.0753484881595762	0.146987212463967	0.112194162499437	0.170891302226616	0.104666809297635	0.0876226114494432	0.121178600036395	0.109825271943363
700023058	0.121112976006275	0.135134149598736	0.142980106127609	0.142526113911224	0	0.138286222177581	0.122256762741177	0.143552446662424	0.106158781280219	0.145241845408539	0.130334104613969	0.149295320357754	0.154075640797236	0.120524271187675	0.145168593287391	0.129229927973186	0.148730731461881	0.150726034777338	0.113789992196317	0.1233131965377	0.125487908935345	0.130678979661874	0.120527930153042	0.132558926009603	0.135495636493455	0.102313217832156	0.14760192019605	0.140199001817261	0.124513649595206	0.135663218172088	0.144426311641978	0.143190632750263	0.120944509966417	0.136252904148244	0.0977652922718326	0.13228160218589	0.123222684708236	0.14601932049579	0.109389353952744	0.154245522237366	0.120746849884607	0.137692142533137	0.131150170405496	0.129197675489981	0.119953018966737	0.125821344866596	0.109860193514782	0.141482658164041	0.125851816789312	0.140941004485592	0.126396403425857	0.118231870575531	0.118742269944903	0.118544471513233	0.136682184996456	0.153393643922163	0.123313068501216	0.125876573826783	0.135352416550413	0.131028159056133
700023927	0.163700703814998	0.14824795295831	0.071360457519251	0.169531486705009	0.138286222177581	0	0.157149938270066	0.10242996057471	0.160700391373503	0.0794307846975993	0.114721680230278	0.0901586530606188	0.114268189028147	0.109078620380861	0.0884632862214598	0.128976077878771	0.101779671148305	0.0763364505849173	0.150952648172965	0.15039939857748	0.145514185226011	0.112056637085021	0.134492858598657	0.164200502674235	0.136514383929047	0.169062428624058	0.139106497508378	0.1559877816047	0.119893512674561	0.0967958272385471	0.0697436870377232	0.123247411751407	0.112497199593464	0.0704122832148982	0.159149569082139	0.119127552844493	0.113835649784087	0.0585838419719328	0.164920335890909	0.112937958523319	0.146091123527015	0.0795067344809	0.119328636810876	0.143398074180623	0.105179361166873	0.122005072535125	0.139971592553427	0.0896917385150565	0.079131706223588	0.0954374902692252	0.10322891306133	0.167816502509105	0.158901715740333	0.121130896596041	0.194443468478977	0.112635109148535	0.13040480842607	0.159686246480784	0.101753384187296	0.143793441783592
700106341	0.0811797417069308	0.167395989145627	0.145383904542278	0.0937070716785256	0.122256762741177	0.157149938270066	0	0.178956180408083	0.0826247953709077	0.168201529208583	0.124206882528951	0.133472975100394	0.167281017158084	0.152162258305782	0.142713993684712	0.11391894933207	0.177480397329808	0.172799529976119	0.105394452515149	0.081874324397694	0.086171439894394	0.107406430507561	0.108001183646751	0.112847527585789	0.0681530877109315	0.115035286968362	0.176176334632531	0.151154168627499	0.150147931573187	0.154870633038734	0.161602880122335	0.0908837825817789	0.118339215339922	0.151100411118734	0.128479045747081	0.0969716940476252	0.147873233251542	0.159581823076529	0.0954289001419923	0.172929565825331	0.123195969417526	0.146047496265309	0.133237498302994	0.0924468586118476	0.131509153931665	0.137475143129977	0.118316202184319	0.142154241876867	0.148902749429148	0.108673742610207	0.109212913222361	0.0663155681103696	0.0816267517512253	0.121505762322343	0.11484570110928	0.162623559205155	0.0932156986746588	0.0699337340815971	0.116229638182543	0.0746616393285669
700114221	0.182536227734623	0.151608034461344	0.0986844654974501	0.178992410382483	0.143552446662424	0.10242996057471	0.178956180408083	0	0.167532996824451	0.0864363061600821	0.133282742958061	0.105694399956856	0.0936877683072222	0.151714986409798	0.0889617199946052	0.152606709294254	0.0736957983656489	0.13944405223586	0.172069934605093	0.167331308081265	0.1634964572851	0.138098243664175	0.163820555713988	0.188463149171856	0.170150159527543	0.180239749348917	0.150038876365889	0.144268595285138	0.106886756242716	0.114737673022412	0.116998073815784	0.14678151170732	0.116957730816751	0.100656250311624	0.165674507932772	0.134648053730668	0.146653177571929	0.089945483140211	0.177282041318597	0.0884891083108342	0.149588396123969	0.085082748297951	0.165264609929068	0.149305304379356	0.100245308879544	0.121888853670956	0.145216085048902	0.0799749411114505	0.131179120238128	0.121617337983927	0.134761465720954	0.191465642629654	0.174942947972739	0.153460693158838	0.205483965239106	0.10480373515295	0.140346745183563	0.187589711377285	0.117323693239626	0.16790541418288
700023543	0.0882015717488495	0.149229881445834	0.155848633515508	0.138867545665224	0.106158781280219	0.160700391373503	0.0826247953709077	0.167532996824451	0	0.155416395056301	0.119441065610966	0.14664960188168	0.161008517151314	0.149810464366045	0.153691472578812	0.104174437271029	0.169738239725101	0.165237069642233	0.094676873041736	0.107522149379391	0.104116685911764	0.103861391332337	0.106480669201189	0.109185129730725	0.112815015884916	0.111873859747387	0.146497236352349	0.126474931451163	0.148982401936918	0.152357586625808	0.151676762727452	0.0976006978937159	0.112240678964514	0.143162231293304	0.113558643950489	0.116451752779707	0.132068193409405	0.163972710359188	0.0925052045690519	0.174457635552637	0.113887316542769	0.142932952062338	0.129864882422199	0.0932360877537362	0.136194337269702	0.129101053682689	0.0974397340082133	0.14137727194633	0.147741670048843	0.121283139198906	0.122982141537761	0.0932711085652184	0.110135539716175	0.105637978025618	0.109114336012618	0.158651816401072	0.122258711383757	0.0954113701918089	0.12745872665174	0.0975279682734193
700023439	0.162336428564414	0.146580041815357	0.0900730194132628	0.172700298727541	0.145241845408539	0.0794307846975993	0.168201529208583	0.0864363061600821	0.155416395056301	0	0.113126106194309	0.105279077199707	0.0878885797379917	0.130161708606917	0.0977846653110921	0.131663771872974	0.080120082748322	0.107966810295424	0.149896179947186	0.158162179737905	0.13895617471952	0.121206948200869	0.137672993515869	0.154076153923151	0.153841094107374	0.167302201594853	0.13000258443142	0.132398914853131	0.107943726597606	0.0972343676307213	0.08363998811529	0.12751796842768	0.0997577147142652	0.0819363365901223	0.157454964648033	0.122854170345976	0.117552168741939	0.0734834673030256	0.163215208000371	0.0891479973985755	0.130533131597132	0.0738179928395372	0.144319214409773	0.141303493626644	0.0945337421981865	0.100516547745751	0.126576295403992	0.0835554133957689	0.0973066075720132	0.108970360070791	0.11510198274485	0.174530796192968	0.166774041906991	0.121872997107804	0.188534940511213	0.0956331632831592	0.135739348798879	0.163946514276034	0.105402190101114	0.152902145504429
700016978	0.12749225673648	0.141573557483269	0.101516143973235	0.142777734683857	0.130334104613969	0.114721680230278	0.124206882528951	0.133282742958061	0.119441065610966	0.113126106194309	0	0.0973449635590104	0.118056957976487	0.137920891616889	0.125892670308432	0.10325050927066	0.122868462055322	0.113743773491715	0.12048362589645	0.121999565476521	0.112056213396067	0.0784131818695683	0.127558939925601	0.128352387213671	0.10648149414552	0.140054599198827	0.126115704265696	0.117576593791638	0.130185857381548	0.11931895285955	0.0985225802525246	0.0939778389209939	0.086631688296445	0.100608761098657	0.141390926099869	0.100803962171483	0.126408505964434	0.1207336231874	0.125529287954228	0.132516525682094	0.101334879059837	0.0937577930644144	0.119280027345473	0.101809377887984	0.104893175931627	0.118235135811561	0.114252635774268	0.103868324622593	0.110389252281197	0.0963566561192231	0.096921676212407	0.147843837357447	0.128350342934201	0.0955172881759598	0.156956135540301	0.118915522704114	0.108325843217011	0.129345228564707	0.0953860284961314	0.123943211408961
700024192	0.155171730673595	0.166898034708492	0.0633652371177236	0.147208708283439	0.149295320357754	0.0901586530606188	0.133472975100394	0.105694399956856	0.14664960188168	0.105279077199707	0.0973449635590104	0	0.102650782973838	0.148762726113495	0.0835893968545178	0.115951772769519	0.110672906883793	0.112399778907709	0.14298816492034	0.140492329092599	0.129772493028063	0.0857632890173784	0.132866657341838	0.163563024016244	0.117397300499719	0.160786956991009	0.147783924667499	0.141535170151192	0.12365833425891	0.113157007647727	0.101692810469673	0.0990553227663333	0.0904583134456822	0.0850019608953433	0.161257604591307	0.109063723072686	0.137952649876407	0.0949547150286094	0.156966544693869	0.105320083464382	0.125168350529388	0.0736660514876481	0.154020261415987	0.113154027591678	0.0949369788421574	0.117868652766901	0.144825720920929	0.0696146010830058	0.122941370884109	0.0669207921983768	0.0804605601958909	0.159919287942505	0.147927098750796	0.131134524782495	0.188569432241401	0.103100003597772	0.114528723192698	0.1470468673635	0.0851439312207995	0.124158251801325
700113058	0.165556322464695	0.148714206756901	0.110994173512578	0.171963028971021	0.154075640797236	0.114268189028147	0.167281017158084	0.0936877683072222	0.161008517151314	0.0878885797379917	0.118056957976487	0.102650782973838	0	0.15164032441548	0.0949502670400744	0.136885466289827	0.0930685140286979	0.133658680000394	0.158993069971711	0.153940047875724	0.15288519510488	0.124556378157148	0.15145529578514	0.177907102389795	0.15943505669087	0.173089317333735	0.14038690778004	0.124149911441844	0.116428383432934	0.109304793766515	0.10310081904394	0.131454038373286	0.108225497039011	0.101506122929608	0.171602062159419	0.132561640826305	0.140731365970054	0.113556108177126	0.160383675349906	0.0932138295307845	0.14250094978205	0.0834680387543229	0.16508072931878	0.142414733742099	0.102390908635803	0.107514939830022	0.145978327446538	0.0872805138091795	0.121038155972013	0.112612830038183	0.12277131806019	0.182396365695191	0.170721745792189	0.148386462858259	0.200145532683135	0.0827665025960294	0.137383792017367	0.174980098257459	0.105924977627292	0.15166625411953
700099448	0.154568163588303	0.120625836494968	0.123270713947048	0.159965732445673	0.120524271187675	0.109078620380861	0.152162258305782	0.151714986409798	0.149810464366045	0.130161708606917	0.137920891616889	0.148762726113495	0.15164032441548	0	0.132385504730133	0.156691234031618	0.134694623177127	0.123327057965008	0.14014808417169	0.142794207872635	0.142158388077494	0.133827492194228	0.123175142746435	0.151820808133928	0.147083464483537	0.127175084547595	0.126842744474597	0.156278002572151	0.11254881015861	0.108283583949488	0.113346802949269	0.147053900908771	0.134214591279574	0.108607190957813	0.120992886670293	0.129982926524934	0.123462438332949	0.121570946276121	0.154866359166655	0.154473818127247	0.152999851818252	0.133710215151974	0.124097063922786	0.158481534599417	0.12131118149543	0.126053711695361	0.124909314897195	0.140370203568272	0.0868223068426734	0.133380880686844	0.13074447590511	0.136504113693127	0.145776378268011	0.125923338649155	0.163200132180801	0.145650035884505	0.129491056980159	0.145889708434705	0.118442839326487	0.149009831936139
700109870	0.157705530190766	0.150000348331611	0.0913305970378619	0.146942457639107	0.145168593287391	0.0884632862214598	0.142713993684712	0.0889617199946052	0.153691472578812	0.0977846653110921	0.125892670308432	0.0835893968545178	0.0949502670400744	0.132385504730133	0	0.133093227530117	0.0950988038791444	0.12692511194384	0.156681101139396	0.135183575244051	0.130562260992516	0.112311433887516	0.127984415066581	0.176253882857955	0.128892292751779	0.164226715256417	0.14224787328447	0.142255042654904	0.108003294993528	0.0875688863450292	0.117703812250518	0.117935271262754	0.119155564048743	0.10048579099621	0.16547309741613	0.128677325414775	0.14135162094105	0.0784906133094801	0.163124833433191	0.099001508711154	0.148768699794615	0.0746654311292336	0.161246894192438	0.131953630736229	0.0948262337989331	0.116231138364849	0.145608940365132	0.0771206318477518	0.117706354226202	0.0851509870509312	0.105336525986696	0.153849828880635	0.143111297002541	0.138475401626248	0.186846051445908	0.0959501783107813	0.107167260727867	0.150435404406348	0.0847763778318373	0.12722896282152
700033928	0.104222769804928	0.163714689356723	0.123288720712286	0.135925257464142	0.129229927973186	0.128976077878771	0.11391894933207	0.152606709294254	0.104174437271029	0.131663771872974	0.10325050927066	0.115951772769519	0.136885466289827	0.156691234031618	0.133093227530117	0	0.148599856485539	0.1320858147141	0.107008998031142	0.117985614760785	0.105521544569319	0.0898428582327781	0.120963503132417	0.104407360847205	0.11043745117377	0.138545110293742	0.146302949507681	0.114618311273733	0.14285832040042	0.13282491585108	0.129963054512202	0.100935643917817	0.0971215264192098	0.123611359806031	0.137362643302771	0.129178295293592	0.109015322794094	0.143346911169357	0.103242281353728	0.152421207949888	0.0977216523982765	0.107128874680829	0.134202818580073	0.108802312102288	0.111996615072375	0.122063413117988	0.122750689316075	0.122112606433516	0.128821188891148	0.101225352936385	0.0889650354819943	0.125182220384756	0.115447320085469	0.111251545377926	0.130583809507708	0.127807246783541	0.116407818024324	0.112658222432991	0.113504517091859	0.110332203797142
700023693	0.178870204491705	0.136791673077566	0.0923092291342079	0.176339141752211	0.148730731461881	0.101779671148305	0.177480397329808	0.0736957983656489	0.169738239725101	0.080120082748322	0.122868462055322	0.110672906883793	0.0930685140286979	0.134694623177127	0.0950988038791444	0.148599856485539	0	0.124170982781072	0.171840153433537	0.163418222008065	0.151434747796834	0.133304914095724	0.152398210575365	0.18332645248551	0.163987916611708	0.175561709769628	0.129661485435383	0.150118043583456	0.106804803286202	0.114293663971097	0.100576823434433	0.145033948880299	0.114721592744884	0.103123979015211	0.166058856529475	0.128634743242376	0.13865752753058	0.10274926416235	0.17381251749382	0.088960386927717	0.142551462396229	0.0841357175782961	0.154484272617866	0.151885971204649	0.0947166698812117	0.110652260471448	0.132132437609525	0.0909189304888169	0.117016679574681	0.118524732500454	0.126770736310176	0.186782837982916	0.165869973308807	0.136642882963423	0.200782402234179	0.0967633428129927	0.133599195748808	0.179012847871294	0.115096371121175	0.159735881330081
700109627	0.162966417303216	0.156104362643314	0.0970247563809894	0.181153583845177	0.150726034777338	0.0763364505849173	0.172799529976119	0.13944405223586	0.165237069642233	0.107966810295424	0.113743773491715	0.112399778907709	0.133658680000394	0.123327057965008	0.12692511194384	0.1320858147141	0.124170982781072	0	0.156138873522471	0.165213377523157	0.15488104144943	0.115243409589775	0.152234632639163	0.156078939933683	0.148044760383938	0.174292514020293	0.123061316311563	0.159531370800887	0.150077835105177	0.121675195076395	0.0871633071308759	0.137847227988571	0.126635264456493	0.0953686073229907	0.156271973110874	0.143046777228329	0.111239421509527	0.0903379493824462	0.173521075918139	0.141885431575653	0.154370162398555	0.103500848723327	0.129881603744707	0.142561827562724	0.13424504181973	0.144376013707924	0.146196977399438	0.118010578401219	0.0885720360175684	0.11968436016586	0.114934225531301	0.181892243204874	0.164784651816682	0.125257348521435	0.193486921099596	0.128408240108857	0.150248768480263	0.173047981855361	0.122038444277228	0.161831481673339
700095416	0.0908060072357227	0.160033992255706	0.1500633617872	0.137063791588505	0.113789992196317	0.150952648172965	0.105394452515149	0.172069934605093	0.094676873041736	0.149896179947186	0.12048362589645	0.14298816492034	0.158993069971711	0.14014808417169	0.156681101139396	0.107008998031142	0.171840153433537	0.156138873522471	0	0.113550235593893	0.10174693258996	0.108865574840146	0.116606590225948	0.0972161973720748	0.109753858366832	0.112262031050294	0.147806911944086	0.137738946599425	0.144639506464324	0.152076561523067	0.144096340256176	0.111883903544505	0.104343509313923	0.143025898215162	0.120458093183411	0.120651526353649	0.11332244348473	0.162823473215618	0.0961304942839482	0.173673592977649	0.0988602385252432	0.14065800741348	0.11475728233886	0.11379685431947	0.130842869709475	0.127401019819662	0.103180756799085	0.143429048507228	0.135155774126216	0.123653487899662	0.103976729461384	0.108376887453044	0.113698150679872	0.106318135238736	0.118212586724899	0.146724165555695	0.118202588982724	0.100211873948787	0.125220881778745	0.110497958223785
700110425	0.0968788065415934	0.153279928104705	0.148626223412343	0.0945582432039616	0.1233131965377	0.15039939857748	0.081874324397694	0.167331308081265	0.107522149379391	0.158162179737905	0.121999565476521	0.140492329092599	0.153940047875724	0.142794207872635	0.135183575244051	0.117985614760785	0.163418222008065	0.165213377523157	0.113550235593893	0	0.0884248697106143	0.108756467578528	0.0995998131820899	0.12215500758358	0.0807360561141768	0.12042154510959	0.155009987159978	0.127720488754131	0.133808165925734	0.127603835372329	0.151743206613726	0.110754025238591	0.121004650935709	0.141769255085927	0.122350239673563	0.0996244822232042	0.142439817343834	0.159937680505243	0.115056569407799	0.163223376408313	0.119985517895154	0.135963025271885	0.135675422197688	0.0900968376021005	0.120311300178383	0.12013995975589	0.119675687325604	0.136928484031094	0.134494872983837	0.119073853808251	0.116166218148152	0.0788050980436397	0.0654399945987672	0.127921884695477	0.121442107967008	0.149367819277604	0.0786527516185205	0.0775251255342008	0.107287751087915	0.0872637972514448
700111580	0.086525948357288	0.149291102530024	0.14259097848608	0.107785490512478	0.125487908935345	0.145514185226011	0.086171439894394	0.1634964572851	0.104116685911764	0.13895617471952	0.112056213396067	0.129772493028063	0.15288519510488	0.142158388077494	0.130562260992516	0.105521544569319	0.151434747796834	0.15488104144943	0.10174693258996	0.0884248697106143	0	0.0924848479225947	0.0951559734513918	0.104516530907752	0.0700937625140275	0.128958259238764	0.15319446450152	0.147718297346981	0.125142951907128	0.138953203070356	0.140349223990683	0.0982157369289419	0.102434631670881	0.138047734736719	0.135030297420096	0.10215633291832	0.142490719965726	0.149991693755612	0.12094327897287	0.15703995721044	0.108517573054956	0.120808568753228	0.132981479208446	0.0996475627789201	0.105023568042008	0.115118112727988	0.113998954755136	0.127034965449848	0.124752710963595	0.102002791453229	0.105710253841992	0.0962102410752647	0.0993901284240123	0.102956236331161	0.121666687886641	0.144922747805976	0.070763150621993	0.0699375610686268	0.0964472085124135	0.0848985789083374
700111302	0.113147940179288	0.134474638686275	0.0961654306275746	0.137500714070535	0.130678979661874	0.112056637085021	0.107406430507561	0.138098243664175	0.103861391332337	0.121206948200869	0.0784131818695683	0.0857632890173784	0.124556378157148	0.133827492194228	0.112311433887516	0.0898428582327781	0.133304914095724	0.115243409589775	0.108865574840146	0.108756467578528	0.0924848479225947	0	0.115887425651025	0.124940658588385	0.0894568812828544	0.13560023041073	0.125847847002617	0.131107127555517	0.128380461870325	0.115450859073168	0.111913948789092	0.0714780542049828	0.0788094276538695	0.0939010255295762	0.137887557792903	0.0961019657963778	0.120101059704674	0.125070152516043	0.124986752580949	0.136962825212442	0.11444301936837	0.0876202993416446	0.123143484933341	0.0908313195624976	0.102227705876855	0.121275294958539	0.116846137423529	0.0970895740101492	0.113602763809839	0.0705588031842546	0.0791010913365598	0.126480309495021	0.123277726035921	0.0949168102284236	0.149981778832669	0.115589880697135	0.098611891277532	0.110798843082994	0.0795560047246618	0.107052676294954
700098605	0.104144542975915	0.132569414442338	0.130039190094856	0.0995359519378296	0.120527930153042	0.134492858598657	0.108001183646751	0.163820555713988	0.106480669201189	0.137672993515869	0.127558939925601	0.132866657341838	0.15145529578514	0.123175142746435	0.127984415066581	0.120963503132417	0.152398210575365	0.152234632639163	0.116606590225948	0.0995998131820899	0.0951559734513918	0.115887425651025	0	0.113473008292896	0.109487175796769	0.110113163436407	0.135602021648625	0.134650022268962	0.129194900317842	0.127448265778697	0.136041693568234	0.120059464622873	0.11941026377097	0.131224207556668	0.121022470776653	0.11155358159401	0.126584777082529	0.132729687652542	0.124735137184306	0.147013817770807	0.115640382889356	0.13476767078724	0.13734924773399	0.117083128399368	0.129987797622612	0.11224505264106	0.111176838933199	0.139297411693951	0.128372213190418	0.115680840709069	0.110443478853377	0.0980493289981727	0.0992710978469929	0.116289638108298	0.114347183731613	0.148115202822448	0.110884157763871	0.0969515160651579	0.109852365130988	0.0802933502852746
700111991	0.0832123718612927	0.171730722946129	0.158358905231589	0.121795065859649	0.132558926009603	0.164200502674235	0.112847527585789	0.188463149171856	0.109185129730725	0.154076153923151	0.128352387213671	0.163563024016244	0.177907102389795	0.151820808133928	0.176253882857955	0.104407360847205	0.18332645248551	0.156078939933683	0.0972161973720748	0.12215500758358	0.104516530907752	0.124940658588385	0.113473008292896	0	0.112605451475001	0.112771260322433	0.14252949426604	0.132866839192924	0.152086716846768	0.164602276811079	0.159728561005442	0.139325101548355	0.130285385798697	0.161774515726918	0.119258417515367	0.127994262558654	0.134748918073018	0.164013491028866	0.0998894561364773	0.187970464018727	0.115941176217375	0.15956967922336	0.134460060233491	0.133561406256841	0.148715892858626	0.133377809762049	0.106670532478717	0.165477029715225	0.146502916950816	0.143572133213154	0.126392506723804	0.118143476154657	0.116414520890557	0.114770550212848	0.0871855570985342	0.173415871175107	0.129807928690572	0.104913798706583	0.141351840087571	0.127296645410157
700108960	0.088542924815047	0.160652404758303	0.130006208466732	0.102417228808842	0.135495636493455	0.136514383929047	0.0681530877109315	0.170150159527543	0.112815015884916	0.153841094107374	0.10648149414552	0.117397300499719	0.15943505669087	0.147083464483537	0.128892292751779	0.11043745117377	0.163987916611708	0.148044760383938	0.109753858366832	0.0807360561141768	0.0700937625140275	0.0894568812828544	0.109487175796769	0.112605451475001	0	0.136486055352529	0.168012531526257	0.152576986870235	0.138811111225357	0.137325794021182	0.146103204343905	0.0873101963584101	0.115186962541529	0.137186773024344	0.148847252566178	0.0958237672780744	0.145302508310404	0.146667617703399	0.117128789918421	0.166646465814598	0.123498533847356	0.126172097088126	0.135895406323915	0.0940767559757271	0.119096384539471	0.138306062911572	0.134082566344525	0.13434243683949	0.13432549629705	0.0863708122379907	0.0968972724848138	0.0907543562640035	0.0808119204171485	0.110108980696544	0.120571609410477	0.149832924121085	0.0812634023350421	0.0708076381700942	0.0923087428893516	0.0758181700761403
700024452	0.107281066337428	0.149353776234235	0.166986295494376	0.11476430254357	0.102313217832156	0.169062428624058	0.115035286968362	0.180239749348917	0.111873859747387	0.167302201594853	0.140054599198827	0.160786956991009	0.173089317333735	0.127175084547595	0.164226715256417	0.138545110293742	0.175561709769628	0.174292514020293	0.112262031050294	0.12042154510959	0.128958259238764	0.13560023041073	0.110113163436407	0.112771260322433	0.136486055352529	0	0.145888460568694	0.129416145905022	0.120649254889898	0.148202142884889	0.163520822990626	0.14652410549777	0.133273991238068	0.157798269325415	0.0676186660815375	0.123415083996494	0.14432321962939	0.164941479125846	0.100553851271431	0.168827531353251	0.123384035581739	0.161771696817225	0.151040274937059	0.131552604805443	0.140858068058348	0.11732842497023	0.0956876101142364	0.164131219085003	0.151160611290804	0.150379585845911	0.131939465178826	0.0942223211744271	0.113483254148089	0.136572810412313	0.100229386360203	0.169673963934309	0.124318867408156	0.116489190939456	0.137087525182263	0.138196436209593
700032931	0.147811043299197	0.129663511378934	0.1296806605587	0.17530435942169	0.14760192019605	0.139106497508378	0.176176334632531	0.150038876365889	0.146497236352349	0.13000258443142	0.126115704265696	0.147783924667499	0.14038690778004	0.126842744474597	0.14224787328447	0.146302949507681	0.129661485435383	0.123061316311563	0.147806911944086	0.155009987159978	0.15319446450152	0.125847847002617	0.135602021648625	0.14252949426604	0.168012531526257	0.145888460568694	0	0.13406752539144	0.142990432414238	0.134676689891857	0.133552619879948	0.14989347286515	0.135864411914566	0.125336857423372	0.141814954425096	0.149364593597719	0.123624869364832	0.134556642445578	0.152484314308154	0.150826977508294	0.137380638528569	0.133119986770714	0.143151837622507	0.148111093726348	0.138528118710995	0.137002662223289	0.129436346961921	0.137389352494874	0.123198912887238	0.138757771500514	0.131545906873675	0.174221418182119	0.159634088169182	0.120471154605114	0.161778502373238	0.138570506359384	0.150858324646445	0.168498470574319	0.130240204792422	0.162222681198462
700095837	0.135691160837231	0.143280183677371	0.14200140336223	0.150712748464998	0.140199001817261	0.1559877816047	0.151154168627499	0.144268595285138	0.126474931451163	0.132398914853131	0.117576593791638	0.141535170151192	0.124149911441844	0.156278002572151	0.142255042654904	0.114618311273733	0.150118043583456	0.159531370800887	0.137738946599425	0.127720488754131	0.147718297346981	0.131107127555517	0.134650022268962	0.132866839192924	0.152576986870235	0.129416145905022	0.13406752539144	0	0.113506003023589	0.115331800042073	0.143887258331314	0.140100044788077	0.115401179269666	0.133320746081121	0.127575584894161	0.136671919952663	0.133511478845775	0.153106260563956	0.129780936483687	0.142287728852775	0.134009504302057	0.133393059896543	0.146607243114622	0.122323335359356	0.120933277173219	0.115954244435316	0.127834013441043	0.131702008239166	0.148991838190197	0.137777562759422	0.123871045174401	0.149487279466156	0.134684110941306	0.141602830219441	0.147774538976148	0.127960333954412	0.140172180320379	0.150723729232528	0.131509085697647	0.148409822727956
700024548	0.145441975750219	0.11898837178299	0.120511390234035	0.139988894841983	0.124513649595206	0.119893512674561	0.150147931573187	0.106886756242716	0.148982401936918	0.107943726597606	0.130185857381548	0.12365833425891	0.116428383432934	0.11254881015861	0.108003294993528	0.14285832040042	0.106804803286202	0.150077835105177	0.144639506464324	0.133808165925734	0.125142951907128	0.128380461870325	0.129194900317842	0.152086716846768	0.138811111225357	0.120649254889898	0.142990432414238	0.113506003023589	0	0.0957683407405993	0.122359047370257	0.149321735999106	0.113553559077022	0.109038985504208	0.121654223823951	0.112027826748585	0.135550851470445	0.116371153307622	0.144115716104008	0.10960439261253	0.128384683401041	0.10315903638068	0.143320994295855	0.148237281298326	0.0787722601586996	0.0774930519176405	0.121440197498734	0.111572165523254	0.107857496775061	0.126130493815195	0.115669538839676	0.14488376106624	0.138416080727067	0.129251306129703	0.15628264971852	0.124318799331302	0.111368331629718	0.144817074332224	0.109435690393126	0.151581613506542
700110161	0.155529085983639	0.13355404941474	0.103532713510001	0.156157985764803	0.135663218172088	0.0967958272385471	0.154870633038734	0.114737673022412	0.152357586625808	0.0972343676307213	0.11931895285955	0.113157007647727	0.109304793766515	0.108283583949488	0.0875688863450292	0.13282491585108	0.114293663971097	0.121675195076395	0.152076561523067	0.127603835372329	0.138953203070356	0.115450859073168	0.127448265778697	0.164602276811079	0.137325794021182	0.148202142884889	0.134676689891857	0.115331800042073	0.0957683407405993	0	0.101967683506112	0.127122781915373	0.123983010842683	0.0883437396131207	0.150491038324935	0.123214946820953	0.125159635778794	0.0969754198453289	0.158930211103492	0.117059555633369	0.144846710681636	0.0926298178164758	0.137168094013008	0.129958758761772	0.10490565441078	0.122730849410016	0.143958734746623	0.098345640769285	0.0973221980774257	0.1040328564087	0.115123613856259	0.151556222225765	0.141966825790405	0.129937301414622	0.184325918339215	0.112750475611042	0.112151253563399	0.150457886467327	0.0952014175150837	0.139719776381171
700023496	0.161860533926301	0.139070950829957	0.096908160225025	0.171566072391827	0.144426311641978	0.0697436870377232	0.161602880122335	0.116998073815784	0.151676762727452	0.08363998811529	0.0985225802525246	0.101692810469673	0.10310081904394	0.113346802949269	0.117703812250518	0.129963054512202	0.100576823434433	0.0871633071308759	0.144096340256176	0.151743206613726	0.140349223990683	0.111913948789092	0.136041693568234	0.159728561005442	0.146103204343905	0.163520822990626	0.133552619879948	0.143887258331314	0.122359047370257	0.101967683506112	0	0.123179061663475	0.102967825563452	0.080729698081118	0.15735249644472	0.11776811565283	0.114892240328865	0.0923228079614584	0.157593472205928	0.117563172453053	0.129116030904953	0.0861208542082841	0.117745119049817	0.133729501919	0.10632067273635	0.116232119413885	0.133092021387301	0.0977249828410824	0.083005670698884	0.109917055388834	0.110778489603666	0.173486614980282	0.162995463427821	0.117824207336312	0.187874607590634	0.102509257117322	0.131482452950222	0.164169330037379	0.113926220255348	0.147992117376135
700034628	0.115826829044514	0.151826786690087	0.11206872406974	0.146230705349273	0.143190632750263	0.123247411751407	0.0908837825817789	0.14678151170732	0.0976006978937159	0.12751796842768	0.0939778389209939	0.0990553227663333	0.131454038373286	0.147053900908771	0.117935271262754	0.100935643917817	0.145033948880299	0.137847227988571	0.111883903544505	0.110754025238591	0.0982157369289419	0.0714780542049828	0.120059464622873	0.139325101548355	0.0873101963584101	0.14652410549777	0.14989347286515	0.140100044788077	0.149321735999106	0.127122781915373	0.123179061663475	0	0.103107575339174	0.114731478851417	0.153145147238889	0.0924834414718252	0.134218563864156	0.13011249138681	0.134766040747715	0.140779431192755	0.131037825377412	0.102700890348413	0.137288368350859	0.0741475430620267	0.116156468174354	0.137458846704946	0.13044370339105	0.10438817355299	0.134353839851843	0.0741114819140491	0.1009584427477	0.121336200659967	0.119387537996677	0.113185612043063	0.15795875572256	0.11752710974853	0.107321881935348	0.100240577974041	0.0928112165286706	0.0769614434046439
700023645	0.121406551358894	0.145534347590143	0.100125994204198	0.139163327465525	0.120944509966417	0.112497199593464	0.118339215339922	0.116957730816751	0.112240678964514	0.0997577147142652	0.086631688296445	0.0904583134456822	0.108225497039011	0.134214591279574	0.119155564048743	0.0971215264192098	0.114721592744884	0.126635264456493	0.104343509313923	0.121004650935709	0.102434631670881	0.0788094276538695	0.11941026377097	0.130285385798697	0.115186962541529	0.133273991238068	0.135864411914566	0.115401179269666	0.113553559077022	0.123983010842683	0.102967825563452	0.103107575339174	0	0.0891972993344439	0.128676771175042	0.096473626626932	0.11593112844348	0.119334536353629	0.120623026933581	0.11984919545095	0.0980830054732057	0.0921367139584173	0.122836512197537	0.101804841929164	0.0870502071885612	0.0949453706200327	0.105342893950147	0.0943949217963422	0.10549424619343	0.0925346687742836	0.077940729757938	0.136616019885394	0.133815075507698	0.107714454909917	0.149897839833563	0.101620064576446	0.101529385943467	0.119062240995348	0.0909493617760793	0.122844392310294
700038744	0.153941877780043	0.138150491239084	0.0807903106882523	0.16304837784228	0.136252904148244	0.0704122832148982	0.151100411118734	0.100656250311624	0.143162231293304	0.0819363365901223	0.100608761098657	0.0850019608953433	0.101506122929608	0.108607190957813	0.10048579099621	0.123611359806031	0.103123979015211	0.0953686073229907	0.143025898215162	0.141769255085927	0.138047734736719	0.0939010255295762	0.131224207556668	0.161774515726918	0.137186773024344	0.157798269325415	0.125336857423372	0.133320746081121	0.109038985504208	0.0883437396131207	0.080729698081118	0.114731478851417	0.0891972993344439	0	0.151545811641847	0.11047088236698	0.10590730896595	0.0853020066293935	0.153099793713964	0.097292977676033	0.130854257430142	0.0777705088405115	0.123198856747027	0.123632265177996	0.0935718547757125	0.111299154623237	0.137955253800899	0.0800532142241053	0.0830027746827643	0.0952684693062457	0.0999251491677039	0.163646194732489	0.156639877821894	0.114823053417506	0.185733474189117	0.0965601477685773	0.12710115635213	0.151581093242919	0.096794343300431	0.142083675632271
700038485	0.120492276402539	0.141399219233005	0.151939179015138	0.13326822312222	0.0977652922718326	0.159149569082139	0.128479045747081	0.165674507932772	0.113558643950489	0.157454964648033	0.141390926099869	0.161257604591307	0.171602062159419	0.120992886670293	0.16547309741613	0.137362643302771	0.166058856529475	0.156271973110874	0.120458093183411	0.122350239673563	0.135030297420096	0.137887557792903	0.121022470776653	0.119258417515367	0.148847252566178	0.0676186660815375	0.141814954425096	0.127575584894161	0.121654223823951	0.150491038324935	0.15735249644472	0.153145147238889	0.128676771175042	0.151545811641847	0	0.126154395708583	0.136597091285758	0.157929938286552	0.117018245092501	0.168341325970301	0.131549370678938	0.156240427897388	0.143777019708525	0.13236199584544	0.13507131009978	0.116569676574173	0.100888522415485	0.161373757442031	0.142813770510979	0.155527190148107	0.129739773525077	0.105173060626342	0.117745221113583	0.131230540256779	0.114200787337617	0.160199467190423	0.141210113094465	0.126524772582599	0.137888936573124	0.145216676507415
700024743	0.12349539343831	0.136530756022182	0.105360142717711	0.125778460288395	0.13228160218589	0.119127552844493	0.0969716940476252	0.134648053730668	0.116451752779707	0.122854170345976	0.100803962171483	0.109063723072686	0.132561640826305	0.129982926524934	0.128677325414775	0.129178295293592	0.128634743242376	0.143046777228329	0.120651526353649	0.0996244822232042	0.10215633291832	0.0961019657963778	0.11155358159401	0.127994262558654	0.0958237672780744	0.123415083996494	0.149364593597719	0.136671919952663	0.112027826748585	0.123214946820953	0.11776811565283	0.0924834414718252	0.096473626626932	0.11047088236698	0.126154395708583	0	0.134021115844358	0.125778264405104	0.121881364675028	0.140872253671554	0.120471872049572	0.117032909655204	0.120304434517031	0.0921693305742453	0.10879424644484	0.108659257084968	0.111236636088112	0.121200378688717	0.117901873587422	0.102109729737744	0.099192991547506	0.11098322667816	0.112587991531325	0.108846535805049	0.135009037100751	0.127888783217428	0.0955765641173515	0.100309350449033	0.0950144393707857	0.100135398011067
