700108602	700014971	700033565	700109389	700023058	700023927	700106341	700114221	700023543	700023439	700016978	700024192	700113058	700099448	700109870	700033928	700023693	700109627	700095416	700110425	700111580	700111302	700098605	700111991	700108960	700024452	700032931	700095837	700024548	700110161	700023496	700034628	700023645	700038744	700038485	700024743	700099596	700110760	700101587	700106399	700032322	700095653	700021312	700101230	700023590	700038905	700033136	700023382	700096424	700105469	700016908	700096053	700108479	700109569	700033814	700016125	700109756	700102665	700101777	700109455
700108602	0	-0.164901288266635	-0.200321010396465	-0.109878267259184	-0.13592194227266	-0.203921444966535	-0.0791384929701956	-0.223743963290908	-0.104945394639044	-0.210901108325478	-0.138919720423757	-0.208892338548669	-0.219613294892336	-0.165507689803466	-0.216326315960174	-0.121129197841034	-0.217252467610711	-0.197400596603055	-0.0837040473812746	-0.0916371804097025	-0.111923227872094	-0.146116487163991	-0.103545586532775	-0.0630399309465269	-0.10999528549972	-0.110478178712856	-0.165229726647121	-0.18220469410784	-0.178179419264987	-0.209566800064026	-0.190107010226743	-0.159600594569104	-0.133921922424245	-0.189292065451618	-0.121353659450867	-0.127438475367346	-0.173695787709445	-0.21831531950714	-0.0882211295144597	-0.2480028114852	-0.0904660192407261	-0.212071404587379	-0.148570836497804	-0.139883544536382	-0.18679578015975	-0.15383702327678	-0.139608020128787	-0.207084348089585	-0.17436098879125	-0.185294863501083	-0.147848042585453	-0.0771316009684448	-0.0827779566343401	-0.114028565454166	-0.0823212072543539	-0.199091099637198	-0.128111566237404	-0.0839533141285862	-0.170101846707952	-0.112402327868511
700014971	-0.164901288266635	0	-0.180746901893306	-0.213681305925218	-0.135230644616544	-0.166652369458499	-0.180558698669464	-0.170205722106086	-0.156448317650255	-0.131463465714469	-0.132597437037531	-0.198113388355029	-0.151083240357135	-0.119703170276117	-0.183875540671646	-0.178063703110402	-0.14007174244771	-0.17661755411679	-0.162834071796592	-0.163684812046959	-0.174666542882606	-0.157015418761864	-0.13329538927832	-0.164999013525419	-0.196448689588148	-0.141209267563926	-0.122271966667198	-0.136832125205424	-0.121335966885598	-0.128196546364166	-0.125923396963855	-0.167265336725007	-0.132818558775652	-0.120032182925944	-0.137120291698073	-0.129324116947116	-0.168951886804248	-0.187504727097345	-0.140348117808364	-0.169667503437762	-0.150923565715996	-0.158491342885916	-0.148197301772579	-0.156221922904189	-0.116311291315231	-0.137932038586232	-0.102543734351863	-0.148302654545002	-0.122994849272065	-0.187932687940781	-0.16874493531321	-0.165208213310837	-0.172555903927773	-0.125442450029502	-0.179789740747023	-0.152788324734255	-0.170464261704235	-0.174788242697547	-0.177065048029211	-0.173269262984169
700033565	-0.200321010396465	-0.180746901893306	0	-0.224814466985841	-0.195034328327661	-0.0672478765726839	-0.200724493236461	-0.112560401645968	-0.175804483809626	-0.100504032596053	-0.0974998495162279	-0.0678007296364179	-0.116391699190609	-0.143009059100962	-0.100993551720507	-0.130305902321053	-0.109964830195277	-0.0974860906186755	-0.178777941120638	-0.182303694456007	-0.176098476974644	-0.0929640267676022	-0.182674132440915	-0.185484308604339	-0.180028388129048	-0.202904153014536	-0.137311272304343	-0.183285800221851	-0.162585778950082	-0.106273135513681	-0.105683181318357	-0.132067557808355	-0.113585930310738	-0.0989468519498329	-0.201520985294032	-0.128227666764863	-0.162523791927386	-0.0903307687192413	-0.178945706690759	-0.149423908090708	-0.163460945616778	-0.0763148766120703	-0.139279898489798	-0.145024112581354	-0.138776140585109	-0.118715621143071	-0.149153813868835	-0.0987458680320565	-0.130788384619287	-0.0841330466773469	-0.0890443319699203	-0.210030987915212	-0.205283565804243	-0.137422428819722	-0.225254730053824	-0.0967456503712645	-0.151149591118684	-0.198618660697018	-0.0808071051142432	-0.185771605223555
700109389	-0.109878267259184	-0.213681305925218	-0.224814466985841	0	-0.17123946340505	-0.2423584626069	-0.107224379436546	-0.241001091339131	-0.164476237417242	-0.238809404570963	-0.183554915718505	-0.225533298078743	-0.239377299017172	-0.210617182987068	-0.226725358409323	-0.160391113041698	-0.250612493584039	-0.243736071434637	-0.162534968238401	-0.10313500670015	-0.14275250800296	-0.185421383212916	-0.14196582332349	-0.138854434251746	-0.138137126816914	-0.137449768717663	-0.225945514758928	-0.206102919041484	-0.176910320765053	-0.226423773932815	-0.231613920293965	-0.209037669558147	-0.17210451589158	-0.218469797133365	-0.140034035423639	-0.162095710128682	-0.238316546213131	-0.255719381913952	-0.142946732585349	-0.235151653897115	-0.140169913534133	-0.228003568369628	-0.203096847657864	-0.173724488243461	-0.204506072588837	-0.185704950436265	-0.18575938605618	-0.224327538602699	-0.221863858192849	-0.209684674474477	-0.180834077734364	-0.104297259206482	-0.0679959435141682	-0.177042516211539	-0.11427145194199	-0.236186148275506	-0.12390737557234	-0.115615311969204	-0.182838247938718	-0.148675029159303
700023058	-0.13592194227266	-0.135230644616544	-0.195034328327661	-0.17123946340505	0	-0.180342109115638	-0.134957527166604	-0.204641567747463	-0.124042065962355	-0.179585748584093	-0.140897403307687	-0.209073130068426	-0.206366429183139	-0.144870425662607	-0.198842357837669	-0.160975030086707	-0.192073526938125	-0.165098670989742	-0.137235285801205	-0.149005100142962	-0.164846283794683	-0.164709143839146	-0.13426679561119	-0.133236549174919	-0.184357371882716	-0.106925233204634	-0.151946326663081	-0.176819608954247	-0.166287832177206	-0.175963132408091	-0.169347487858501	-0.18279910980968	-0.152473146019018	-0.163330721879485	-0.104919150884766	-0.156052128760207	-0.145134245470087	-0.16514419827655	-0.105199687172438	-0.217294702722879	-0.135535376914647	-0.190364092745262	-0.136214598339233	-0.155660644601053	-0.167381841689259	-0.151915152250343	-0.122122567204472	-0.188557494930018	-0.153205529201978	-0.204817057892841	-0.172603690344097	-0.131791093014446	-0.134480505545951	-0.128880492364168	-0.147392088648545	-0.195626772382781	-0.171295838127984	-0.147831349250545	-0.187914541728987	-0.146566950092943
700023927	-0.203921444966535	-0.166652369458499	-0.0672478765726839	-0.2423584626069	-0.180342109115638	0	-0.219146872400076	-0.117727572063532	-0.185815518615448	-0.0894630160641881	-0.110097278196673	-0.105909351777296	-0.126082089502803	-0.115643179619724	-0.110145218319222	-0.153553852957821	-0.103643825779363	-0.081787484090504	-0.176172074537009	-0.199631223799505	-0.175719678702168	-0.117289827621876	-0.177107162649045	-0.191128483272983	-0.1932144894097	-0.199030466443986	-0.129287838400288	-0.198400993714361	-0.168725384352649	-0.113067370741459	-0.091627940936953	-0.153462671178486	-0.133265611122066	-0.0884480634127186	-0.196842505298713	-0.143515529051968	-0.150436396734883	-0.0730448625679204	-0.18730622613056	-0.151653763945946	-0.15808961242067	-0.0916119397974628	-0.120342909417187	-0.16873614934956	-0.147803095851531	-0.120854343207408	-0.141816476737477	-0.106843622018299	-0.096603585275057	-0.0993491372908182	-0.106010146671694	-0.21941360608541	-0.21916614294385	-0.116789279890173	-0.228045764823264	-0.105533749665284	-0.149309040368356	-0.206811495869544	-0.0986395670112205	-0.194138470477439
700106341	-0.0791384929701956	-0.180558698669464	-0.200724493236461	-0.107224379436546	-0.134957527166604	-0.219146872400076	0	-0.214330858406728	-0.0924985579697378	-0.216286744603818	-0.147828074139674	-0.19220322610364	-0.215939540412665	-0.180904569085194	-0.208277457416716	-0.12523991658869	-0.219003573450871	-0.223479219089356	-0.114115082611524	-0.0860621247316625	-0.100899149637879	-0.136035722937945	-0.122211619132366	-0.103563311019813	-0.0871817214425728	-0.133573570897735	-0.199498336539199	-0.211661479700063	-0.182937016602355	-0.210535655069084	-0.196504050328124	-0.129271221697444	-0.143419260449964	-0.194723465231353	-0.144711513179604	-0.119212645188743	-0.213290884596893	-0.232800324910059	-0.0880926440413265	-0.242333536091324	-0.115095892949217	-0.203594655191572	-0.154714571451431	-0.117660985620456	-0.17958123597832	-0.166773670990204	-0.146674520671001	-0.194110182901149	-0.192025395930975	-0.179040950776291	-0.160603244269007	-0.0632066312894498	-0.0792006095781951	-0.133418420511973	-0.118788111531572	-0.200470592213482	-0.113340778287839	-0.0810139741719077	-0.166425168672065	-0.0880753947102962
700114221	-0.223743963290908	-0.170205722106086	-0.112560401645968	-0.241001091339131	-0.204641567747463	-0.117727572063532	-0.214330858406728	0	-0.205653601316032	-0.0833694564019213	-0.162187940421683	-0.117392863082738	-0.0887037516155415	-0.147410158590984	-0.0815831542261736	-0.186857471822889	-0.0712783295562864	-0.161840120956457	-0.211823971453684	-0.195736415152664	-0.195554253174993	-0.154379178146359	-0.197280031403198	-0.223394898671926	-0.227984402666788	-0.2214142217038	-0.13715416054446	-0.185052788773519	-0.14828057821627	-0.107817746702669	-0.122285238063625	-0.176523721651752	-0.147709343254178	-0.120781922301873	-0.223740540450968	-0.161923799907637	-0.182603496134226	-0.118457078023582	-0.195979485062352	-0.0885351264697023	-0.17591270998372	-0.0866608490728167	-0.182649979174197	-0.175120673023077	-0.115868015361016	-0.124805461683715	-0.14605170981955	-0.0751116399314851	-0.141609364575606	-0.12534800357798	-0.160260207640199	-0.225743851863143	-0.218865143730443	-0.179012839686912	-0.254661507489302	-0.0856449429317585	-0.163202444620205	-0.234080531038265	-0.134484606447026	-0.202872579796523
700023543	-0.104945394639044	-0.156448317650255	-0.175804483809626	-0.164476237417242	-0.124042065962355	-0.185815518615448	-0.0924985579697378	-0.205653601316032	0	-0.185821799800352	-0.11384415275638	-0.183249689396892	-0.200919673922253	-0.15946023321865	-0.19802413684358	-0.101131113789542	-0.191367034100534	-0.187336048266237	-0.0956027693619566	-0.114343752971847	-0.114332364500783	-0.117247727554492	-0.119774787269256	-0.0983634941104205	-0.114926159923833	-0.128037447609772	-0.159101486956746	-0.179364633712508	-0.196562200623802	-0.184721912981727	-0.165728704741413	-0.107080596759705	-0.116416070282129	-0.16619204557799	-0.134974929341379	-0.120565523715257	-0.178425127755777	-0.201941878233323	-0.0769399132556766	-0.235862136645014	-0.106566130005747	-0.178996291564124	-0.127183957816436	-0.0818066349442607	-0.171828862790454	-0.164324014053889	-0.111943902411376	-0.177720986520959	-0.171489543295173	-0.15948685010678	-0.133616545272903	-0.0827306754959803	-0.113323073147133	-0.114734886086746	-0.125554597823139	-0.177512818940249	-0.145701934103419	-0.0855927516497069	-0.154127096195186	-0.084286798019897
700023439	-0.210901108325478	-0.131463465714469	-0.100504032596053	-0.238809404570963	-0.179585748584093	-0.0894630160641881	-0.216286744603818	-0.0833694564019213	-0.185821799800352	0	-0.13100682211617	-0.128282819584831	-0.085085813200042	-0.108524471691195	-0.105360986326717	-0.173723815638069	-0.0616386848275018	-0.123095983364478	-0.190896137426253	-0.196640873020575	-0.191165800784397	-0.147263170914338	-0.17733935610296	-0.195720963760321	-0.22057459739052	-0.197009362454895	-0.119369862468214	-0.163171757994929	-0.138878180761674	-0.085293960759757	-0.0867311205179133	-0.169037107557452	-0.132813853884031	-0.074582760192636	-0.190325105270139	-0.144324119337956	-0.154167580187662	-0.0946968730281917	-0.181454794454429	-0.105412456054013	-0.156489467946399	-0.077187988321877	-0.147517871795794	-0.169973513700126	-0.117451103145731	-0.11581166996433	-0.119945074694598	-0.0798758985399806	-0.0948693284985983	-0.130296276628372	-0.137110793362825	-0.213240358715047	-0.215843159459979	-0.138353180428367	-0.23533625090454	-0.0829275990610116	-0.162398082645442	-0.215047594718077	-0.129623251554237	-0.19979731669985
700016978	-0.138919720423757	-0.132597437037531	-0.0974998495162279	-0.183554915718505	-0.140897403307687	-0.110097278196673	-0.147828074139674	-0.162187940421683	-0.11384415275638	-0.13100682211617	0	-0.110588382304951	-0.150701279746535	-0.120010584773373	-0.155775321927689	-0.0895095832871543	-0.135828206947931	-0.105999330606525	-0.118757886446932	-0.123660934550115	-0.12511720651764	-0.0621653091233792	-0.133679047536424	-0.123536944604231	-0.119517546541268	-0.160182379326156	-0.122027704894326	-0.154719048483146	-0.158813022937116	-0.132078841872569	-0.0987417351629647	-0.105650605443173	-0.0745289978164653	-0.102753812228423	-0.149611177903953	-0.0945595405505432	-0.142998509438109	-0.138781885695164	-0.110761425854303	-0.187013479929896	-0.109485642705182	-0.120182175546455	-0.0931055640309554	-0.109354650873803	-0.12917546187286	-0.119148291140192	-0.108156750968476	-0.128484292700518	-0.112618594029299	-0.108942705506077	-0.0794912136214605	-0.147782123785642	-0.147859929471606	-0.0801326010027291	-0.166459394556685	-0.124287735572747	-0.122904229829838	-0.136136748494291	-0.10465148118724	-0.137323323806041
700024192	-0.208892338548669	-0.198113388355029	-0.0678007296364179	-0.225533298078743	-0.209073130068426	-0.105909351777296	-0.19220322610364	-0.117392863082738	-0.183249689396892	-0.128282819584831	-0.110588382304951	0	-0.117825934080222	-0.169088160879443	-0.104676098438535	-0.138933931837475	-0.129316494367629	-0.126942316360517	-0.17803021619036	-0.181322118475935	-0.166164409374108	-0.0898307913176817	-0.190006534270913	-0.204245401385304	-0.17566253626261	-0.227304924608255	-0.166713472504569	-0.194051503636778	-0.173333546639423	-0.140953330505619	-0.11111771567266	-0.125137994059199	-0.11419809098113	-0.122985621235263	-0.226467144729324	-0.143187146455533	-0.180092174406794	-0.118984480425624	-0.187354151355458	-0.150937505181648	-0.170581885653493	-0.0786412881303121	-0.151668314304817	-0.144271131143438	-0.126692456541277	-0.144079345201827	-0.16557493917787	-0.0937509805940707	-0.148571881003146	-0.0855654179041817	-0.109246137878522	-0.220126172829584	-0.212560278214145	-0.150119457582963	-0.242799433415763	-0.0976341714467948	-0.144282992080921	-0.20214419818543	-0.103191533529426	-0.181360345172584
700113058	-0.219613294892336	-0.151083240357135	-0.116391699190609	-0.239377299017172	-0.206366429183139	-0.126082089502803	-0.215939540412665	-0.0887037516155415	-0.200919673922253	-0.085085813200042	-0.150701279746535	-0.117825934080222	0	-0.143334480508222	-0.100113246027248	-0.179239685102968	-0.103529680632341	-0.159014627187072	-0.209381669320059	-0.194048517307816	-0.206926959369285	-0.146188684759469	-0.198867836959343	-0.217384317560692	-0.224379924656515	-0.215051580390073	-0.134292059404882	-0.154798478068255	-0.138903063404118	-0.0864375874196487	-0.115124690947725	-0.174830006137237	-0.140906000112647	-0.0975080689691497	-0.217176822269262	-0.165560895187578	-0.176859025769914	-0.136623123031695	-0.185395309709042	-0.115063258034902	-0.17645297723464	-0.0771392799318621	-0.184996228315369	-0.174140128487072	-0.111264622911894	-0.139846858650838	-0.165652597093128	-0.078105909453208	-0.13289597847406	-0.12988891304751	-0.160241320401622	-0.218225458533383	-0.21862069832087	-0.175832403652642	-0.256605107360154	-0.0803441646809525	-0.170149841446608	-0.227978378440967	-0.13765878531232	-0.201974663539189
700099448	-0.165507689803466	-0.119703170276117	-0.143009059100962	-0.210617182987068	-0.144870425662607	-0.115643179619724	-0.180904569085194	-0.147410158590984	-0.15946023321865	-0.108524471691195	-0.120010584773373	-0.169088160879443	-0.143334480508222	0	-0.146820812965643	-0.154279653901106	-0.114138708334251	-0.119694009623994	-0.147105372668736	-0.16198124460068	-0.161497291273736	-0.146137231572567	-0.139850243650713	-0.146889779789307	-0.190281634044141	-0.145409760659257	-0.090760091866642	-0.169306909620154	-0.131626361756038	-0.116939312744703	-0.095228354522624	-0.175924744537938	-0.114925851927945	-0.103108332352325	-0.149803230857727	-0.136277909576235	-0.136347198646183	-0.124940842680007	-0.149349047484026	-0.174052569453091	-0.137407852529193	-0.13277393882657	-0.11992039784279	-0.170619474016092	-0.118883594894068	-0.114259563841414	-0.105227427094251	-0.134323609472689	-0.0676943789737565	-0.15976623271254	-0.135217419401465	-0.169209364975698	-0.184146215591478	-0.112431490144381	-0.184447768511457	-0.133415495636215	-0.133122693368018	-0.176256237834976	-0.13631948855054	-0.17356479293395
700109870	-0.216326315960174	-0.183875540671646	-0.100993551720507	-0.226725358409323	-0.198842357837669	-0.110145218319222	-0.208277457416716	-0.0815831542261736	-0.19802413684358	-0.105360986326717	-0.155775321927689	-0.104676098438535	-0.100113246027248	-0.146820812965643	0	-0.182014386146117	-0.0991479585475407	-0.160213762626773	-0.20439010586727	-0.188412601474318	-0.175145006274591	-0.145905983972147	-0.181216938525734	-0.219023712365934	-0.215422596133148	-0.211255044924654	-0.148247434307999	-0.191610840425309	-0.132236759081113	-0.0994932814710979	-0.127240593954946	-0.166695983769004	-0.151028695312173	-0.13006233751898	-0.221837253129194	-0.160966141770026	-0.183113262657234	-0.104550081064784	-0.195346477420411	-0.103480855763478	-0.182310132697398	-0.0798405370873092	-0.187587510460093	-0.172198520964357	-0.118413792330662	-0.110076924530124	-0.159565444427165	-0.079880012316435	-0.137569972430288	-0.121258112576444	-0.146324386447576	-0.219113670622427	-0.209788046639672	-0.167225214048138	-0.23821376906636	-0.0932407752582688	-0.147892006105105	-0.225378650649862	-0.12054037869894	-0.188872320687446
700033928	-0.121129197841034	-0.178063703110402	-0.130305902321053	-0.160391113041698	-0.160975030086707	-0.153553852957821	-0.12523991658869	-0.186857471822889	-0.101131113789542	-0.173723815638069	-0.0895095832871543	-0.138933931837475	-0.179239685102968	-0.154279653901106	-0.182014386146117	0	-0.17693706504171	-0.150807796147162	-0.0977059070561996	-0.125691795277259	-0.100658021976331	-0.0849403936401202	-0.130863252220117	-0.104603768084799	-0.110991892377536	-0.159903431730427	-0.155810539089777	-0.175074468674211	-0.182252338740215	-0.171709876168366	-0.144424925328944	-0.110854123980562	-0.0833511041496796	-0.154431095630867	-0.162530997872168	-0.128531707689198	-0.169163302924315	-0.180291776870987	-0.121561837238392	-0.222049323409708	-0.0957557618191117	-0.1506087658332	-0.112392022968557	-0.114148255801636	-0.149274889179301	-0.142416461962124	-0.116938263192808	-0.161794593176917	-0.157281701336053	-0.11592928844096	-0.0931554309048482	-0.123572782878298	-0.133773112934788	-0.111669487023427	-0.150772935155192	-0.145310759263524	-0.126618778585708	-0.106659597022342	-0.116540812960868	-0.109675851346845
700023693	-0.217252467610711	-0.14007174244771	-0.109964830195277	-0.250612493584039	-0.192073526938125	-0.103643825779363	-0.219003573450871	-0.0712783295562864	-0.191367034100534	-0.0616386848275018	-0.135828206947931	-0.129316494367629	-0.103529680632341	-0.114138708334251	-0.0991479585475407	-0.17693706504171	0	-0.137241286089912	-0.196052155755003	-0.198125174939543	-0.182079976474996	-0.15100646825206	-0.185177536458543	-0.203298457129584	-0.226890564953746	-0.208812561006717	-0.127575028211535	-0.179609668422357	-0.13417444244116	-0.102572461635244	-0.0931225597863129	-0.171880509559955	-0.136498183124964	-0.0927195955388902	-0.205069984279272	-0.153474116795902	-0.160477229345258	-0.114587376701075	-0.182884240694467	-0.102644178209091	-0.165402147119588	-0.0898628895715249	-0.150527360412143	-0.175259460170133	-0.104799016282619	-0.103896616347052	-0.121934159052035	-0.0778776296792539	-0.108833339295547	-0.137034219414123	-0.144558371006992	-0.217552066292276	-0.222163042308704	-0.153056240812924	-0.249679304221708	-0.0885566595323701	-0.164286439328158	-0.222462856560505	-0.147584862929501	-0.205402035185789
700109627	-0.197400596603055	-0.17661755411679	-0.0974860906186755	-0.243736071434637	-0.165098670989742	-0.081787484090504	-0.223479219089356	-0.161840120956457	-0.187336048266237	-0.123095983364478	-0.105999330606525	-0.126942316360517	-0.159014627187072	-0.119694009623994	-0.160213762626773	-0.150807796147162	-0.137241286089912	0	-0.175459638341435	-0.197741910719032	-0.196481539940211	-0.129543914039508	-0.191994602174791	-0.17644781119555	-0.197264153832916	-0.206025419731648	-0.120877663081568	-0.195777305593536	-0.198812624122139	-0.145169637995604	-0.1003730706999	-0.165786806620947	-0.1358120750564	-0.118979027643209	-0.185813060621046	-0.154939293043755	-0.114374380510753	-0.0852969141591262	-0.190689687061177	-0.193968930336431	-0.170493256615935	-0.137831378236317	-0.117256603443266	-0.170919049045083	-0.16806359689143	-0.156397661031464	-0.149124951339067	-0.147264014285624	-0.0949211443909675	-0.130163705803172	-0.108184744591524	-0.222246067721208	-0.218730464582338	-0.130207553256852	-0.218182794789668	-0.137439219031374	-0.173491712584792	-0.211889389456113	-0.133762396678396	-0.20652331203936
700095416	-0.0837040473812746	-0.162834071796592	-0.178777941120638	-0.162534968238401	-0.137235285801205	-0.176172074537009	-0.114115082611524	-0.211823971453684	-0.0956027693619566	-0.190896137426253	-0.118757886446932	-0.17803021619036	-0.209381669320059	-0.147105372668736	-0.20439010586727	-0.0977059070561996	-0.196052155755003	-0.175459638341435	0	-0.123462473735164	-0.112586107771877	-0.127622297901162	-0.120726918868169	-0.0818017091254692	-0.131307993692837	-0.117020704328412	-0.152481875047837	-0.187437804079845	-0.183026240673368	-0.195873119950929	-0.163231157927372	-0.137298692955272	-0.119572369012902	-0.172441789879539	-0.126730459570591	-0.130159723122631	-0.162247946451093	-0.190590264838013	-0.0988722584053215	-0.239256888741207	-0.0820991535576235	-0.191258947767267	-0.116806389674245	-0.13571349429007	-0.16662825585974	-0.142909610881954	-0.11966377866171	-0.190035524525715	-0.159424631692144	-0.164055385349141	-0.130174863613927	-0.115948375080652	-0.131677909814386	-0.0958478951615292	-0.120319346427046	-0.179482145025241	-0.13432621807256	-0.110211644868734	-0.161251189918352	-0.115967751115813
700110425	-0.0916371804097025	-0.163684812046959	-0.182303694456007	-0.10313500670015	-0.149005100142962	-0.199631223799505	-0.0860621247316625	-0.195736415152664	-0.114343752971847	-0.196640873020575	-0.123660934550115	-0.181322118475935	-0.194048517307816	-0.16198124460068	-0.188412601474318	-0.125691795277259	-0.198125174939543	-0.197741910719032	-0.123462473735164	0	-0.10194927975419	-0.129678056262304	-0.105657975090135	-0.114321646691357	-0.0884850762781019	-0.14671912846475	-0.16703194322264	-0.18007714888057	-0.162495119207264	-0.17735467550014	-0.180808331613349	-0.154601693452965	-0.117768987602387	-0.173389660034995	-0.151560897974817	-0.102771169565145	-0.190321397860958	-0.216741936842745	-0.101945231476846	-0.223615223709527	-0.113997213103895	-0.179812996187496	-0.146594957404385	-0.110732371269363	-0.155917481798927	-0.148504799343604	-0.12662412664948	-0.175910855265593	-0.17044965296248	-0.177590296303164	-0.147541901444857	-0.0829246931784012	-0.0613720458424291	-0.121908073825324	-0.121197473490886	-0.185580298677188	-0.0828109781710821	-0.0948647775518713	-0.145843279235666	-0.107713272253723
700111580	-0.111923227872094	-0.174666542882606	-0.176098476974644	-0.14275250800296	-0.164846283794683	-0.175719678702168	-0.100899149637879	-0.195554253174993	-0.114332364500783	-0.191165800784397	-0.12511720651764	-0.166164409374108	-0.206926959369285	-0.161497291273736	-0.175145006274591	-0.100658021976331	-0.182079976474996	-0.196481539940211	-0.112586107771877	-0.10194927975419	0	-0.111848142879222	-0.107407266984792	-0.114988577919244	-0.0752972360843879	-0.158269335316574	-0.185377539876494	-0.216990444534796	-0.152419403661147	-0.195155949862662	-0.164185037414702	-0.115746160847272	-0.116781126684919	-0.177207917225893	-0.178248378165081	-0.105817905513456	-0.211207089177075	-0.192838758129473	-0.125101793357697	-0.218677200980222	-0.1014187975641	-0.168306552819712	-0.136475700069444	-0.123049162947594	-0.143629634966816	-0.129373847170169	-0.124165599608163	-0.161438085049446	-0.160461376150107	-0.147517128230416	-0.126603999006708	-0.104187215887637	-0.115015250910102	-0.0962511320868056	-0.144776953663691	-0.168360327379863	-0.0846503345927613	-0.0855354420734635	-0.130514395060441	-0.0952304773082625
700111302	-0.146116487163991	-0.157015418761864	-0.0929640267676022	-0.185421383212916	-0.164709143839146	-0.117289827621876	-0.136035722937945	-0.154379178146359	-0.117247727554492	-0.147263170914338	-0.0621653091233792	-0.0898307913176817	-0.146188684759469	-0.146137231572567	-0.145905983972147	-0.0849403936401202	-0.15100646825206	-0.129543914039508	-0.127622297901162	-0.129678056262304	-0.111848142879222	0	-0.14359750111997	-0.139172235386049	-0.112310621523542	-0.175948582194114	-0.142049978937747	-0.17538556076364	-0.177737231670325	-0.149908419674032	-0.116174733449807	-0.0745549532614564	-0.0790467701255623	-0.117611313865691	-0.17805301022402	-0.105446468017416	-0.166232565949554	-0.149836387747144	-0.130453344000872	-0.185529618868989	-0.126134921875008	-0.115100331462659	-0.109145960201031	-0.0994027375974563	-0.132000381991559	-0.142478343854296	-0.124835077242816	-0.116729269711217	-0.137634680619436	-0.0743791457525662	-0.0782989208198136	-0.155788000114185	-0.15404227992478	-0.0950433641629077	-0.18698297354819	-0.114701020790098	-0.112634545279394	-0.142360902895256	-0.0813805023560519	-0.12493892235759
700098605	-0.103545586532775	-0.13329538927832	-0.182674132440915	-0.14196582332349	-0.13426679561119	-0.177107162649045	-0.122211619132366	-0.197280031403198	-0.119774787269256	-0.17733935610296	-0.133679047536424	-0.190006534270913	-0.198867836959343	-0.139850243650713	-0.181216938525734	-0.130863252220117	-0.185177536458543	-0.191994602174791	-0.120726918868169	-0.105657975090135	-0.107407266984792	-0.14359750111997	0	-0.120124309016505	-0.139737747483914	-0.125070583630823	-0.152705935939238	-0.162264742350589	-0.152465464612386	-0.176747271709832	-0.159971712273198	-0.156983090418283	-0.128412916233131	-0.169099696637899	-0.134948260211783	-0.113892950547404	-0.171743415319005	-0.184619038946531	-0.111692744683424	-0.204274804689965	-0.106314645355884	-0.180474641408553	-0.138680458538052	-0.136250976578714	-0.167937327296633	-0.130407845771511	-0.121372303943974	-0.178372827194835	-0.157898068544897	-0.180904255123948	-0.157072190892292	-0.111965429210216	-0.11064731148876	-0.11510288090055	-0.104165605190731	-0.176629493498635	-0.124051749265459	-0.127774502640776	-0.164329691612394	-0.108016074249277
700111991	-0.0630399309465269	-0.164999013525419	-0.185484308604339	-0.138854434251746	-0.133236549174919	-0.191128483272983	-0.103563311019813	-0.223394898671926	-0.0983634941104205	-0.195720963760321	-0.123536944604231	-0.204245401385304	-0.217384317560692	-0.146889779789307	-0.219023712365934	-0.104603768084799	-0.203298457129584	-0.17644781119555	-0.0818017091254692	-0.114321646691357	-0.114988577919244	-0.139172235386049	-0.120124309016505	0	-0.117470177202329	-0.11299718235748	-0.152718914744544	-0.184138042902975	-0.188161591836514	-0.203912799027165	-0.1776347155004	-0.15383384222895	-0.126157894857073	-0.176078803711767	-0.118318091873986	-0.125603252069219	-0.169631460623277	-0.200573736299911	-0.0959789588731651	-0.249897241817176	-0.0901105777525626	-0.204323221820489	-0.132509714405326	-0.129008321612165	-0.178355155502051	-0.158249551459478	-0.119845687786727	-0.198559742702928	-0.163821196185676	-0.181825270916813	-0.137163535660511	-0.101052068439745	-0.109772052089556	-0.107231340399052	-0.0926107574736872	-0.197219041916035	-0.145884316448291	-0.0902590252988947	-0.167285146862811	-0.116037407193574
700108960	-0.10999528549972	-0.196448689588148	-0.180028388129048	-0.138137126816914	-0.184357371882716	-0.1932144894097	-0.0871817214425728	-0.227984402666788	-0.114926159923833	-0.22057459739052	-0.119517546541268	-0.17566253626261	-0.224379924656515	-0.190281634044141	-0.215422596133148	-0.110991892377536	-0.226890564953746	-0.197264153832916	-0.131307993692837	-0.0884850762781019	-0.0752972360843879	-0.112310621523542	-0.139737747483914	-0.117470177202329	0	-0.183132640494566	-0.204337159640542	-0.228569352666714	-0.197104893012363	-0.212597479294203	-0.193313256310009	-0.105712901189393	-0.135594411111048	-0.194284909832136	-0.184408000177945	-0.108527894119161	-0.225307968587732	-0.220925779136464	-0.129160637529746	-0.256440838673147	-0.131371518134147	-0.193543119369782	-0.150930768062856	-0.114080659548685	-0.183381626393842	-0.180393155789456	-0.162094610485236	-0.198844645449291	-0.18743686929298	-0.14630652891753	-0.128732682454513	-0.101451923940222	-0.105080650008154	-0.1145294123287	-0.137280390297198	-0.200227820606751	-0.0953979175920053	-0.0798211756107626	-0.133320374337489	-0.0973535234967967
700024452	-0.110478178712856	-0.141209267563926	-0.202904153014536	-0.137449768717663	-0.106925233204634	-0.199030466443986	-0.133573570897735	-0.2214142217038	-0.128037447609772	-0.197009362454895	-0.160182379326156	-0.227304924608255	-0.215051580390073	-0.145409760659257	-0.211255044924654	-0.159903431730427	-0.208812561006717	-0.206025419731648	-0.117020704328412	-0.14671912846475	-0.158269335316574	-0.175948582194114	-0.125070583630823	-0.11299718235748	-0.183132640494566	0	-0.158283011755566	-0.156035401753244	-0.141022087720234	-0.184879921401257	-0.190076670209421	-0.18879916529673	-0.153206505953884	-0.1792463645696	-0.0662608117217497	-0.144893079327815	-0.180912430324125	-0.206625328549233	-0.100246356165833	-0.215461903129633	-0.120015930076029	-0.202600507152963	-0.171892257553354	-0.16574355944616	-0.17556406364583	-0.141739968372577	-0.125994983085568	-0.203863924150356	-0.175303730507571	-0.200460741385589	-0.174060596215089	-0.113090486208207	-0.116284243387917	-0.130818229679658	-0.110459179062734	-0.207246434771517	-0.15969766308318	-0.139552683358973	-0.179374753670248	-0.154820590672911
700032931	-0.165229726647121	-0.122271966667198	-0.137311272304343	-0.225945514758928	-0.151946326663081	-0.129287838400288	-0.199498336539199	-0.13715416054446	-0.159101486956746	-0.119369862468214	-0.122027704894326	-0.166713472504569	-0.134292059404882	-0.090760091866642	-0.148247434307999	-0.155810539089777	-0.127575028211535	-0.120877663081568	-0.152481875047837	-0.16703194322264	-0.185377539876494	-0.142049978937747	-0.152705935939238	-0.152718914744544	-0.204337159640542	-0.158283011755566	0	-0.154398255414602	-0.15609988769947	-0.127021444128051	-0.107373344685143	-0.174587725313257	-0.115789020695213	-0.111000621867709	-0.16142374099385	-0.14484294615278	-0.115876484734269	-0.128012891358872	-0.151744012710117	-0.168988194927865	-0.142349736710543	-0.142160455284519	-0.126091416211868	-0.165180021942896	-0.138048764886916	-0.124570856493528	-0.115389999371276	-0.134461918844811	-0.0998177676362958	-0.148867522270172	-0.146798560474332	-0.186104506282225	-0.190886222401339	-0.125817330582379	-0.188292511631209	-0.122987340633552	-0.166514874900237	-0.194277795166865	-0.141334536576178	-0.187589191249769
700095837	-0.18220469410784	-0.136832125205424	-0.183285800221851	-0.206102919041484	-0.176819608954247	-0.198400993714361	-0.211661479700063	-0.185052788773519	-0.179364633712508	-0.163171757994929	-0.154719048483146	-0.194051503636778	-0.154798478068255	-0.169306909620154	-0.191610840425309	-0.175074468674211	-0.179609668422357	-0.195777305593536	-0.187437804079845	-0.18007714888057	-0.216990444534796	-0.17538556076364	-0.162264742350589	-0.184138042902975	-0.228569352666714	-0.156035401753244	-0.154398255414602	0	-0.130075357797277	-0.13174791455659	-0.175533277649291	-0.206948836916225	-0.146314685023045	-0.138724901770927	-0.157289743827422	-0.177764077628094	-0.171933002323782	-0.210267537207825	-0.159501808319808	-0.174933888468739	-0.16518534530178	-0.166250115589629	-0.184526951585545	-0.1768385843418	-0.142918284832924	-0.165210692876314	-0.155187504482765	-0.162679929404901	-0.17669474197343	-0.194228697359889	-0.179655122715298	-0.19228293529754	-0.18688094626128	-0.184473608528222	-0.18680008926401	-0.172000793926969	-0.200948178193876	-0.208883884283066	-0.182607034652444	-0.209922397130655
700024548	-0.178179419264987	-0.121335966885598	-0.162585778950082	-0.176910320765053	-0.166287832177206	-0.168725384352649	-0.182937016602355	-0.14828057821627	-0.196562200623802	-0.138878180761674	-0.158813022937116	-0.173333546639423	-0.138903063404118	-0.131626361756038	-0.132236759081113	-0.182252338740215	-0.13417444244116	-0.198812624122139	-0.183026240673368	-0.162495119207264	-0.152419403661147	-0.177737231670325	-0.152465464612386	-0.188161591836514	-0.197104893012363	-0.141022087720234	-0.15609988769947	-0.130075357797277	0	-0.108935355420977	-0.152590002275004	-0.204507136459826	-0.14182661791914	-0.12298760293368	-0.158225455524099	-0.135865412319325	-0.201335088145338	-0.174720309205454	-0.155813722834997	-0.127528919846141	-0.146046996387669	-0.124632403040255	-0.191017291240695	-0.193074938601423	-0.0819433100797996	-0.0878733864977027	-0.144367962978549	-0.121022941983246	-0.145610190808557	-0.186774132732106	-0.165739062023765	-0.174976935542723	-0.16317565507617	-0.146926545689717	-0.179569048211055	-0.154926204039813	-0.131294330000401	-0.187975027514177	-0.155266627908575	-0.194473512922782
700110161	-0.209566800064026	-0.128196546364166	-0.106273135513681	-0.226423773932815	-0.175963132408091	-0.113067370741459	-0.210535655069084	-0.107817746702669	-0.184721912981727	-0.085293960759757	-0.132078841872569	-0.140953330505619	-0.0864375874196487	-0.116939312744703	-0.0994932814710979	-0.171709876168366	-0.102572461635244	-0.145169637995604	-0.195873119950929	-0.17735467550014	-0.195155949862662	-0.149908419674032	-0.176747271709832	-0.203912799027165	-0.212597479294203	-0.184879921401257	-0.127021444128051	-0.13174791455659	-0.108935355420977	0	-0.116392628115566	-0.176871669637866	-0.133923407818346	-0.087725469794286	-0.187872254598476	-0.151665520061846	-0.16338860106606	-0.123275775848099	-0.176333056427492	-0.123218699729705	-0.173408362106962	-0.0868059103628822	-0.165181095314438	-0.165670803593456	-0.10218183853692	-0.127852613485686	-0.145116962560218	-0.0944064662558445	-0.117321377749952	-0.136514203186813	-0.142319947490937	-0.20046400328734	-0.203253068458606	-0.155350363832051	-0.232226407973122	-0.108486843205535	-0.154450093108875	-0.2094608540615	-0.129743124454648	-0.194444210359325
700023496	-0.190107010226743	-0.125923396963855	-0.105683181318357	-0.231613920293965	-0.169347487858501	-0.091627940936953	-0.196504050328124	-0.122285238063625	-0.165728704741413	-0.0867311205179133	-0.0987417351629647	-0.11111771567266	-0.115124690947725	-0.095228354522624	-0.127240593954946	-0.144424925328944	-0.0931225597863129	-0.1003730706999	-0.163231157927372	-0.180808331613349	-0.164185037414702	-0.116174733449807	-0.159971712273198	-0.1776347155004	-0.193313256310009	-0.190076670209421	-0.107373344685143	-0.175533277649291	-0.152590002275004	-0.116392628115566	0	-0.146139235742607	-0.106186250645385	-0.085871056174458	-0.183913765615931	-0.136025027229399	-0.13427167153297	-0.106189719590505	-0.161007070440564	-0.156039247401707	-0.130442298759069	-0.103834140539953	-0.109671832101417	-0.156396385262013	-0.112189251380246	-0.109269548891567	-0.114426001716784	-0.106223376449691	-0.0681554629892594	-0.123736592592648	-0.113079610777863	-0.200723127210513	-0.205230036131544	-0.110236195321399	-0.220981225810102	-0.0886836714038574	-0.141300763520388	-0.19460304385713	-0.127296052237855	-0.180460042387503
700034628	-0.159600594569104	-0.167265336725007	-0.132067557808355	-0.209037669558147	-0.18279910980968	-0.153462671178486	-0.129271221697444	-0.176523721651752	-0.107080596759705	-0.169037107557452	-0.105650605443173	-0.125137994059199	-0.174830006137237	-0.175924744537938	-0.166695983769004	-0.110854123980562	-0.171880509559955	-0.165786806620947	-0.137298692955272	-0.154601693452965	-0.115746160847272	-0.0745549532614564	-0.156983090418283	-0.15383384222895	-0.105712901189393	-0.18879916529673	-0.174587725313257	-0.206948836916225	-0.204507136459826	-0.176871669637866	-0.146139235742607	0	-0.122957649961056	-0.151998654812066	-0.1983249196537	-0.105946507778908	-0.200414194159984	-0.170359025430435	-0.150840897862518	-0.208542926207502	-0.152139723148325	-0.140600504324333	-0.135694450328134	-0.0809974178835497	-0.163696640164101	-0.168941952039546	-0.140466951551962	-0.143404912444485	-0.165331393573842	-0.0951434873803297	-0.12001915011949	-0.151343237243106	-0.164695390392087	-0.116474593871387	-0.196909512892118	-0.137622848389499	-0.135141169027385	-0.132416745314064	-0.119626506182752	-0.0982549485725496
700023645	-0.133921922424245	-0.132818558775652	-0.113585930310738	-0.17210451589158	-0.152473146019018	-0.133265611122066	-0.143419260449964	-0.147709343254178	-0.116416070282129	-0.132813853884031	-0.0745289978164653	-0.11419809098113	-0.140906000112647	-0.114925851927945	-0.151028695312173	-0.0833511041496796	-0.136498183124964	-0.1358120750564	-0.119572369012902	-0.117768987602387	-0.116781126684919	-0.0790467701255623	-0.128412916233131	-0.126157894857073	-0.135594411111048	-0.153206505953884	-0.115789020695213	-0.146314685023045	-0.14182661791914	-0.133923407818346	-0.106186250645385	-0.122957649961056	0	-0.103041223124129	-0.154889300517305	-0.0998533874787297	-0.146711783473047	-0.154455194771069	-0.111985723436961	-0.176008681604942	-0.107025442711591	-0.114958132599609	-0.102974821605336	-0.106885219230397	-0.101178069874032	-0.111875699600712	-0.0910572910566623	-0.115400475957687	-0.119353651356919	-0.107061848522813	-0.0917923167122372	-0.13641826851099	-0.143733044624728	-0.099035556980312	-0.168614484522209	-0.106398466584348	-0.117625077435344	-0.12669021820659	-0.103245355600611	-0.136390463160251
700038744	-0.189292065451618	-0.120032182925944	-0.0989468519498329	-0.218469797133365	-0.163330721879485	-0.0884480634127186	-0.194723465231353	-0.120781922301873	-0.16619204557799	-0.074582760192636	-0.102753812228423	-0.122985621235263	-0.0975080689691497	-0.103108332352325	-0.13006233751898	-0.154431095630867	-0.0927195955388902	-0.118979027643209	-0.172441789879539	-0.173389660034995	-0.177207917225893	-0.117611313865691	-0.169099696637899	-0.176078803711767	-0.194284909832136	-0.1792463645696	-0.111000621867709	-0.138724901770927	-0.12298760293368	-0.087725469794286	-0.085871056174458	-0.151998654812066	-0.103041223124129	0	-0.180046936386079	-0.12879257955714	-0.144617412504735	-0.115055782994171	-0.157586244964276	-0.132465192048151	-0.145440663642256	-0.0811853498641651	-0.122766173844922	-0.155336625322789	-0.0991809852267721	-0.117117365234628	-0.123378530627021	-0.0767182381424768	-0.0905400257513716	-0.115771290962268	-0.120745887686279	-0.194314070305096	-0.197677903977363	-0.118435593978437	-0.215863187374972	-0.0964132765796039	-0.152835627442153	-0.192671716144235	-0.112294455375007	-0.188839467240573
