700108602	700014971	700033565	700109389	700023058	700023927	700106341	700114221	700023543	700023439	700016978	700024192	700113058	700099448	700109870	700033928	700023693	700109627	700095416	700110425	700111580	700111302	700098605	700111991	700108960	700024452	700032931	700095837	700024548	700110161	700023496	700034628	700023645	700038744	700038485	700024743	700099596	700110760	700101587	700106399	700032322	700095653	700021312	700101230	700023590	700038905	700033136	700023382	700096424	700105469	700016908	700096053	700108479	700109569	700033814	700016125	700109756	700102665	700101777	700109455
700108602	0	0.149200549575255	0.165439867530288	0.107791044960975	0.132964855376256	0.172383278862546	0.0937881178449557	0.178771438407812	0.0992734421961686	0.169186719873435	0.129095238776029	0.164205208801862	0.166549022671004	0.152432182949748	0.169130291542695	0.119227832077369	0.179974967979548	0.1525321837039	0.0924576565131718	0.104466749105241	0.0964393086302283	0.121549379765054	0.110702340704777	0.0832123926754059	0.0978719995231658	0.114420309077846	0.144738969727607	0.143737495425648	0.152424346115902	0.162076958259006	0.162477692706609	0.128074558997178	0.125517271117133	0.162447228114949	0.119528722819326	0.116665025948297	0.132901033228172	0.178072608339287	0.0984537695158924	0.179741616687119	0.102297931307276	0.163604261366962	0.154833961845902	0.121281187337471	0.140671159257577	0.1277615781932	0.111715247888258	0.163757976783676	0.146192020254361	0.147568072102629	0.133636832870107	0.103265114423963	0.102913398099706	0.107435332791695	0.0946365838540439	0.170345843831824	0.117543108324814	0.0876571455814936	0.137531413452528	0.103393006323086
700014971	0.149200549575255	0	0.15613275845791	0.166041186490083	0.140082185270312	0.153397998466605	0.160264457152771	0.154952949239182	0.148712105071849	0.137715988882025	0.131124806744227	0.166123997851798	0.149942605871997	0.144040130225068	0.158379797875008	0.160285998193795	0.142902290243885	0.149309671938954	0.156302128962682	0.15114042959782	0.146795069872183	0.147695997542007	0.135092050552835	0.150798438418406	0.16249664837769	0.14019413069054	0.129909989885026	0.135750321571453	0.124562005349667	0.143718826269484	0.140276669044749	0.158166588775139	0.123823171534629	0.133242603448611	0.137549102805668	0.127724182408138	0.150116143606871	0.164942984489096	0.141578012344349	0.154093379073076	0.147462923188355	0.160699329030091	0.140685331071333	0.143540355473285	0.136186350208965	0.125244051792146	0.103742588845002	0.142392747253372	0.136586390811369	0.150319666122332	0.14328720157352	0.162001134210601	0.147991870918722	0.13668415126955	0.160954828380461	0.131288455060318	0.147166380619684	0.161549326181751	0.137404962406967	0.16085931046329
700033565	0.165439867530288	0.15613275845791	0	0.149839680739708	0.153279229444013	0.0717996984006641	0.14778375914427	0.110031779506034	0.147516435318432	0.0923389828230245	0.0982641659677218	0.0587590269223787	0.111734160864704	0.125040737560791	0.0890984395447313	0.110289176478077	0.106016115532964	0.0920881133989742	0.146460014884127	0.144829118282458	0.141915796672933	0.0987582988391492	0.127843779262341	0.14308106602535	0.135405242833079	0.164801121483109	0.129864225243651	0.140494853252226	0.129882529577012	0.104756290982377	0.0954644657828625	0.100913781729345	0.113635028067382	0.0930383847358115	0.152009320143927	0.1121032039424	0.126103049105636	0.0827823791648244	0.163918712159932	0.110384243235187	0.139983821921476	0.0784895497075186	0.133054778840882	0.117973213004611	0.114553287009339	0.117609442263712	0.142763666326857	0.0894676488493971	0.103540587253665	0.0769297142438053	0.072607730260288	0.165147586224906	0.153764640660553	0.11959896721281	0.183223483122767	0.103653496598404	0.128075024884666	0.15584659932784	0.0925686565070528	0.137954281458865
700109389	0.107791044960975	0.166041186490083	0.149839680739708	0	0.145672544590892	0.167987227986225	0.0849881418954847	0.188287923922039	0.140374765371122	0.168839389719795	0.143872721378823	0.143970653564355	0.178079336648929	0.160189281790986	0.151811195934315	0.13596315740427	0.181640409865399	0.179513950905868	0.130998344620989	0.100845989784259	0.111876727962455	0.142777915976695	0.104623597277009	0.123321197743736	0.10038369527623	0.123652572161144	0.177913189259609	0.153279966649318	0.144960647935908	0.159220524297435	0.176533186074598	0.142071217246145	0.138307229011239	0.16596160716545	0.113033795892128	0.118641545900357	0.168492215965034	0.167917297607739	0.130708195290874	0.165553159318611	0.131713899105086	0.162344796361445	0.169928951078104	0.134385263209918	0.150153160767428	0.136406145980719	0.14199865811687	0.160825686184679	0.155547777601976	0.145684663904525	0.11762008802211	0.10605866786071	0.0807674859604365	0.148403003203779	0.118603607713009	0.166071182585419	0.115345023771884	0.094236151940139	0.126326869108331	0.104437699011235
700023058	0.132964855376256	0.140082185270312	0.153279229444013	0.145672544590892	0	0.150789014784724	0.12603015891819	0.157253437334025	0.114808853986656	0.140768281711383	0.126275971609208	0.153024174758435	0.153459647746572	0.129362227457982	0.145717001339047	0.134091571146066	0.15711618089302	0.150500744897344	0.131229407111384	0.132639647822702	0.137328356959815	0.136798293339754	0.133948886373165	0.134462517350494	0.144732833094085	0.119058671573401	0.138474350877623	0.126130625272599	0.120507257392682	0.133902269477407	0.140705725124528	0.149689496410352	0.121774747280096	0.133613262168672	0.112362398908404	0.13010333096778	0.125837845678069	0.149978789154332	0.110819855145315	0.150513524083175	0.138949638563651	0.142504077688502	0.128014647510594	0.135071574274366	0.129414699383026	0.120330800239994	0.105895794290726	0.141117177208032	0.134211894390566	0.145645327967399	0.134873917336924	0.12632275284038	0.130388944484204	0.133460433784128	0.13993301904466	0.1515228581914	0.135011058435959	0.131986137048128	0.138732134697385	0.13288078937857
700023927	0.172383278862546	0.153397998466605	0.0717996984006641	0.167987227986225	0.150789014784724	0	0.161317639870232	0.111060970326026	0.155458477712612	0.0802822972940353	0.114963603906113	0.0963156848908343	0.113116728097334	0.106468831501895	0.0854103502356632	0.134669356474257	0.102705823749807	0.0800295016642754	0.151710857274203	0.150712916457731	0.139529841568782	0.118058371001436	0.134087092766805	0.152288600551855	0.142622273917978	0.174564539039007	0.130604883600374	0.160056229579301	0.118457950062016	0.101369390010483	0.0750017529695933	0.125315004028633	0.119883441853525	0.0888973154520931	0.160002952490609	0.118575990353804	0.123739639332623	0.0650064616901648	0.166514969380004	0.116278265372832	0.154421317023791	0.0904293417891917	0.124273754044962	0.131977441171581	0.113718715010277	0.116128663049717	0.143779266013567	0.0886190246768831	0.0727494754372959	0.0999180769535163	0.107253979770407	0.173207454839909	0.160998990727711	0.110650582071042	0.185666594964852	0.112256622122445	0.128075945334223	0.160809682010805	0.100540786422752	0.14583596913396
700106341	0.0937881178449557	0.160264457152771	0.14778375914427	0.0849881418954847	0.12603015891819	0.161317639870232	0	0.17954897722981	0.0927181080108273	0.162931376341479	0.131733918983273	0.134450376342375	0.165222321400033	0.138449020649709	0.145879972287644	0.12652809483701	0.177267527697496	0.175391933183879	0.109709873334852	0.0898695607136636	0.0949532385307557	0.111978813542432	0.103699203576883	0.116198007378443	0.0756180981618453	0.116194632968324	0.177677728087802	0.155530061316382	0.148055540928376	0.15747250840921	0.162276862244604	0.0992655163610394	0.121364155799054	0.152727430540926	0.115237714505063	0.0895344685354631	0.162002451821363	0.164892206680213	0.0994887016541898	0.16354579041367	0.131846468798164	0.15113411006659	0.147491445323003	0.099872399343059	0.144593476962032	0.133675728423761	0.118581455117076	0.146063770500998	0.152105262122601	0.125372243629094	0.121279186472493	0.068455485971541	0.0785200842165415	0.126989541463276	0.119315642800392	0.155932123071488	0.105158750601175	0.0680971339373168	0.116320055148132	0.0768849128623252
700114221	0.178771438407812	0.154952949239182	0.110031779506034	0.188287923922039	0.157253437334025	0.111060970326026	0.17954897722981	0	0.175366884847951	0.0916094845818627	0.133201868712784	0.110725166928069	0.091573257370058	0.156833571575455	0.0980846758089552	0.147014919585731	0.082060455960297	0.138759325484067	0.17619728632063	0.166262964485216	0.158669721781107	0.135627074730181	0.170931312720569	0.178953451080162	0.171040426077441	0.185342322604808	0.138849879407544	0.146390096462095	0.122930488002268	0.123550107851196	0.113134958655122	0.142625946051927	0.120920671730243	0.105063224405283	0.187114146917608	0.128327701561308	0.158532670947756	0.105995965422236	0.187962204863265	0.0922020692052501	0.158038647519268	0.0846378780104726	0.150337235089991	0.144567618363481	0.0914356749313818	0.128124281279144	0.141443574191738	0.0809603768841036	0.12771273557454	0.107667274773754	0.12890027229777	0.19552518604755	0.174572196030012	0.145063369487836	0.215418056053801	0.0995591969248712	0.137695611417328	0.187056295342191	0.122920379826527	0.165899679967059
700023543	0.0992734421961686	0.148712105071849	0.147516435318432	0.140374765371122	0.114808853986656	0.155458477712612	0.0927181080108273	0.175366884847951	0	0.146036355180684	0.111909514011999	0.141115923243816	0.153330392971109	0.136643264367212	0.151353365871814	0.111197073267935	0.17113230388296	0.149834366526304	0.08921416018015	0.105675413213264	0.0956023239063021	0.103887125558769	0.108069408007133	0.101006048915247	0.099809745271108	0.116425636117434	0.146167948037039	0.13193174371386	0.149898970622663	0.148393225854568	0.149066253517787	0.0948669405609338	0.11119029139216	0.145514454365731	0.113872371115294	0.108149040351041	0.135676561734159	0.161149035893243	0.0932824177255038	0.167053149252326	0.125615329150819	0.147592651668127	0.140897708470422	0.0859313790056062	0.147879423180756	0.123411255653007	0.105022509752186	0.140184102033025	0.143569844101565	0.125800438605516	0.122933919433385	0.0848675295926026	0.114697205451942	0.115529441230631	0.115864392883228	0.153812177279823	0.115495939576298	0.0908013764660715	0.12384381997935	0.094369761359805
700023439	0.169186719873435	0.137715988882025	0.0923389828230245	0.168839389719795	0.140768281711383	0.0802822972940353	0.162931376341479	0.0916094845818627	0.146036355180684	0	0.104166136061476	0.104327480513551	0.0961476317646306	0.118408209756868	0.0977021101216089	0.131586696488708	0.086397050892773	0.103773320405091	0.151559549930493	0.147087937641145	0.135644612990182	0.122581847019993	0.138469322868833	0.153384526363947	0.151224954558258	0.167073817417091	0.133004191781212	0.140572731511171	0.108099253457325	0.0989800019385306	0.0826307652676999	0.133358715853645	0.0987120354840698	0.0710034801174234	0.15607852581335	0.111660580018073	0.126077381480071	0.0856836861855208	0.166602283594742	0.0942712047667279	0.138949872111478	0.0924391337767033	0.129841047659536	0.13188025791184	0.101249859833364	0.101089616798839	0.133028589649844	0.0797466585089035	0.0906989622767728	0.10141217253213	0.108110776143407	0.171684108909634	0.161788089052125	0.114305960712215	0.181972568909483	0.0923079726268887	0.115025060127984	0.16610322174587	0.100893009762074	0.15136779881128
700016978	0.129095238776029	0.131124806744227	0.0982641659677218	0.143872721378823	0.126275971609208	0.114963603906113	0.131733918983273	0.133201868712784	0.111909514011999	0.104166136061476	0	0.10347322517011	0.119174712857586	0.124092734186253	0.132437330495558	0.0989665200368433	0.122985763453997	0.107543855814143	0.124115484954527	0.111043983465472	0.113344735882515	0.0869230150317027	0.118269434986609	0.123880838464934	0.114826370701941	0.151305402320824	0.125439483054992	0.117180729754925	0.128482715295694	0.116404845974476	0.102324035731517	0.10454162241844	0.0842865986324717	0.0969539649321291	0.140034208122288	0.0990364745677801	0.113088113144924	0.127978304082582	0.12562357223716	0.134553983895018	0.110483602176006	0.108560281746397	0.113266027511864	0.101764676544951	0.114442812843408	0.114991533199569	0.112921424631299	0.105212533489922	0.105498042580675	0.0997122226348897	0.0901507069869453	0.144054282088372	0.133204718629175	0.0974133166629341	0.149729394875941	0.115448073740123	0.110236821640023	0.131763646614307	0.0989452380204111	0.124235690512431
700024192	0.164205208801862	0.166123997851798	0.0587590269223787	0.143970653564355	0.153024174758435	0.0963156848908343	0.134450376342375	0.110725166928069	0.141115923243816	0.104327480513551	0.10347322517011	0	0.0940822147386421	0.14179915336106	0.0853020988737791	0.111243696678515	0.114655199610114	0.113363137150149	0.13576616206823	0.132892861955161	0.129300153973042	0.0868136785189461	0.12474005892651	0.153384882628275	0.124276109136137	0.170379033108228	0.143814224238555	0.139946627162826	0.129407087552495	0.118481030860441	0.1067714065147	0.0904333044890713	0.0957297972086887	0.0949057835346054	0.16280214056175	0.105414351499324	0.14475526257817	0.0948795760672385	0.163710665350426	0.0967712582291138	0.137165887050841	0.0739043659268855	0.154678511191781	0.106154729836811	0.0987250213119672	0.119624114731982	0.146063673257667	0.0756926199168075	0.118787666998926	0.0617589122677999	0.0729631063049359	0.163571883019458	0.149777771675251	0.13321620479285	0.191512206382031	0.0971198086813837	0.11568179015661	0.14934698581577	0.0916124820439342	0.126925756228368
700113058	0.166549022671004	0.149942605871997	0.111734160864704	0.178079336648929	0.153459647746572	0.113116728097334	0.165222321400033	0.091573257370058	0.153330392971109	0.0961476317646306	0.119174712857586	0.0940822147386421	0	0.143110359121735	0.0929735365832161	0.137980717684732	0.104398714847515	0.131166527216511	0.16107229877889	0.148519785100061	0.145202762733359	0.112772300837712	0.15303119260681	0.165378309004666	0.155535981314354	0.174852244134031	0.135362704654608	0.12285449735067	0.115293782090017	0.10503021495102	0.107471181011094	0.122719259816504	0.107554441179036	0.0964624362352723	0.17539452539389	0.124183891164045	0.145246402713357	0.113546993606553	0.16701371796305	0.0873627478248533	0.14616270198675	0.0781033364347643	0.164064792648175	0.132386431414677	0.0917099095174995	0.119452606132003	0.147327303739392	0.0800303062365613	0.113038247763207	0.0950871379099314	0.124092470075121	0.179775484635626	0.169482162003579	0.142930988848148	0.200250774793444	0.0825153509748839	0.126771100114825	0.17130089296495	0.112763473569502	0.150878637437919
700099448	0.152432182949748	0.144040130225068	0.125040737560791	0.160189281790986	0.129362227457982	0.106468831501895	0.138449020649709	0.156833571575455	0.136643264367212	0.118408209756868	0.124092734186253	0.14179915336106	0.143110359121735	0	0.124268284208584	0.143982791784531	0.136747257981474	0.12226363596383	0.135498228151285	0.131701801943711	0.13177492406356	0.134344843866325	0.116704621500108	0.137966880737612	0.141381914083892	0.139299811259368	0.121807137880979	0.144432690486702	0.115884918231159	0.100436738984251	0.107946579153064	0.141304784724215	0.122218139348511	0.120331653538058	0.125461568871934	0.121990515248104	0.12419632162797	0.118457470733371	0.143185589260884	0.147087744503085	0.148251390649732	0.125346901435048	0.130345842854889	0.139571046093147	0.128063062263209	0.122322237826876	0.124171455366665	0.128344281583303	0.0847789611837282	0.131937102567017	0.120144281855255	0.128681867614249	0.150205870571828	0.121372145112253	0.152380278043246	0.138362378881631	0.118950405058299	0.135369614630475	0.105690755847356	0.138600174469862
700109870	0.169130291542695	0.158379797875008	0.0890984395447313	0.151811195934315	0.145717001339047	0.0854103502356632	0.145879972287644	0.0980846758089552	0.151353365871814	0.0977021101216089	0.132437330495558	0.0853020988737791	0.0929735365832161	0.124268284208584	0	0.135113044993247	0.0954135453675543	0.130729423967427	0.153675348511095	0.139818292938353	0.132293625861919	0.118654288812853	0.133331496165397	0.158865806672645	0.13943720117919	0.169325277716568	0.132173687344317	0.142573914982556	0.104935988913817	0.0919217348012604	0.114762716203756	0.115338975386007	0.12454534410914	0.109395542139093	0.163297463087622	0.110025070574166	0.151677306230905	0.074966469401076	0.167978188495967	0.0799989961477751	0.15844408863957	0.0700430331594829	0.161717114414459	0.123945633332161	0.100880150914288	0.110570385445596	0.139007161929743	0.0757742105773327	0.110408569636153	0.0877765192143014	0.110033637678602	0.165514994535116	0.14469548285823	0.138377817945448	0.190694271881327	0.0993241052513589	0.113065425177913	0.155405692034071	0.0901250152357465	0.13049432096987
700033928	0.119227832077369	0.160285998193795	0.110289176478077	0.13596315740427	0.134091571146066	0.134669356474257	0.12652809483701	0.147014919585731	0.111197073267935	0.131586696488708	0.0989665200368433	0.111243696678515	0.137980717684732	0.143982791784531	0.135113044993247	0	0.143686163155781	0.125922337594055	0.101976667765441	0.122767019089709	0.112534312584176	0.0997376046031795	0.128322173648147	0.0922843480298385	0.116414868459998	0.124286250526847	0.14144353329306	0.129057508426802	0.141206747055105	0.140545888887227	0.126226895021227	0.114146211933766	0.106496357421221	0.127744930775001	0.117512725316913	0.121165521646841	0.116511468696444	0.139983363324877	0.109123685920698	0.147389032439071	0.0992409476199285	0.118272596264327	0.137774309935033	0.114957760822598	0.123173348786888	0.113511397213488	0.119143710894418	0.126564807431225	0.131691061420914	0.113453497854837	0.0959581901956358	0.12394927406267	0.119163940477821	0.114240440637121	0.138656779939342	0.131503115033192	0.120608051797323	0.112480271249734	0.117214421369598	0.112964048300195
700023693	0.179974967979548	0.142902290243885	0.106016115532964	0.181640409865399	0.15711618089302	0.102705823749807	0.177267527697496	0.082060455960297	0.17113230388296	0.086397050892773	0.122985763453997	0.114655199610114	0.104398714847515	0.136747257981474	0.0954135453675543	0.143686163155781	0	0.126656268108078	0.172206681149729	0.166571705266237	0.152691594461691	0.134267288231629	0.155050402498609	0.170413888833091	0.168232170093384	0.179050735255699	0.134416587247221	0.14800929043387	0.117718874858209	0.107514285954207	0.0994510702194004	0.141893246535506	0.12506964741965	0.0968964710171175	0.174295774564108	0.127862091692699	0.146290621688145	0.0987175563823305	0.174102718349166	0.0957425163379516	0.151751115137907	0.0976965920262303	0.136975510461932	0.143333215605069	0.104556040208619	0.118181436502909	0.14027356203466	0.0940636281397015	0.108695236559779	0.108325573850131	0.12537812691815	0.192133832116688	0.172570567947517	0.133766918079416	0.199216923277651	0.108391147361507	0.13529249957508	0.181254559135265	0.118497404313525	0.162390939257128
700109627	0.1525321837039	0.149309671938954	0.0920881133989742	0.179513950905868	0.150500744897344	0.0800295016642754	0.175391933183879	0.138759325484067	0.149834366526304	0.103773320405091	0.107543855814143	0.113363137150149	0.131166527216511	0.12226363596383	0.130729423967427	0.125922337594055	0.126656268108078	0	0.148640056255153	0.158410752127412	0.148165621023063	0.118145069540083	0.145305880481865	0.141148078437806	0.152768917710745	0.164834975691289	0.123507920705943	0.152409003617798	0.138022416402598	0.115933116543804	0.0871289728136089	0.130087817981041	0.121873093709357	0.103955780623921	0.158070531755594	0.139099411808903	0.107894612423639	0.0998361236479147	0.163334429665917	0.1389246177621	0.149420370324692	0.112176407591541	0.122090722946427	0.137709645204501	0.134314979564531	0.127892716188609	0.143542995334299	0.117771508666639	0.0905835173175104	0.113633526202444	0.113030086678621	0.180934632597334	0.17014775786961	0.107587878878575	0.175705937466305	0.13150335697048	0.14779423608141	0.168103780761181	0.124635076746332	0.158474584940368
700095416	0.0924576565131718	0.156302128962682	0.146460014884127	0.130998344620989	0.131229407111384	0.151710857274203	0.109709873334852	0.17619728632063	0.08921416018015	0.151559549930493	0.124115484954527	0.13576616206823	0.16107229877889	0.135498228151285	0.153675348511095	0.101976667765441	0.172206681149729	0.148640056255153	0	0.108775646256213	0.0926211042921758	0.111358448159147	0.114451205106106	0.0892023693784878	0.10456109296083	0.109446446915161	0.142324742891232	0.142742667048829	0.143161366622291	0.153361399613285	0.147230206786429	0.113524101009127	0.104496472251676	0.145884651953539	0.111592432395155	0.119994377679156	0.122085320178328	0.161995434238852	0.10627680053417	0.16835096440418	0.10015235847394	0.145644461164014	0.133012917750012	0.107513395321064	0.133929440067038	0.120143157486179	0.114570575845512	0.145411479914424	0.131326460495514	0.133868356487225	0.115170331291628	0.101351182991605	0.116132915775123	0.110350537703458	0.11581100032132	0.157005935833287	0.115893534336366	0.0992777440547668	0.125867819391261	0.110563207889164
700110425	0.104466749105241	0.15114042959782	0.144829118282458	0.100845989784259	0.132639647822702	0.150712916457731	0.0898695607136636	0.166262964485216	0.105675413213264	0.147087937641145	0.111043983465472	0.132892861955161	0.148519785100061	0.131701801943711	0.139818292938353	0.122767019089709	0.166571705266237	0.158410752127412	0.108775646256213	0	0.0793422721608209	0.108378339535213	0.103554122360623	0.111363935959252	0.0674158028102543	0.133734242094425	0.152123217689325	0.136093698854271	0.137941484036313	0.129498243739152	0.146946025241746	0.115443156936863	0.104262662034592	0.138710382323026	0.126452818052691	0.0872654009950112	0.150949253633036	0.15869153740192	0.127684893746792	0.156279090433699	0.120169151491719	0.134449299594058	0.142154149709405	0.0953799130332056	0.130146183422127	0.120801828881995	0.119664404292227	0.134802209713356	0.127421474781222	0.122517532238467	0.120209318539183	0.0871859789386591	0.070827406377027	0.120739409097837	0.126860879887433	0.144099356741833	0.0760215838079103	0.0764683866870805	0.102684864615904	0.0859647758927924
700111580	0.0964393086302283	0.146795069872183	0.141915796672933	0.111876727962455	0.137328356959815	0.139529841568782	0.0949532385307557	0.158669721781107	0.0956023239063021	0.135644612990182	0.113344735882515	0.129300153973042	0.145202762733359	0.13177492406356	0.132293625861919	0.112534312584176	0.152691594461691	0.148165621023063	0.0926211042921758	0.0793422721608209	0	0.0948560910242452	0.0949364054269185	0.101597007861754	0.0659452440032684	0.132785506655369	0.15341666534516	0.151133249164255	0.126472830249251	0.13940246039469	0.139190248120702	0.101815286074225	0.0989776750471157	0.137844278849991	0.128622821471454	0.0948784617491625	0.146299100779554	0.149515535260831	0.127511962076772	0.147191861783287	0.112823155546849	0.132106935956943	0.145985146716517	0.0977654637185742	0.118397126362798	0.107526623407655	0.111530131858256	0.124448241640249	0.114746063233384	0.11611328166156	0.113151560782089	0.0925203841279415	0.10102104287915	0.0947496543263094	0.123661157299528	0.144478347265695	0.0753597783089226	0.0757060406938687	0.0970481190770668	0.0831193124058322
700111302	0.121549379765054	0.147695997542007	0.0987582988391492	0.142777915976695	0.136798293339754	0.118058371001436	0.111978813542432	0.135627074730181	0.103887125558769	0.122581847019993	0.0869230150317027	0.0868136785189461	0.112772300837712	0.134344843866325	0.118654288812853	0.0997376046031795	0.134267288231629	0.118145069540083	0.111358448159147	0.108378339535213	0.0948560910242452	0	0.124136675493689	0.110241078191743	0.0880339554155177	0.156692754384491	0.138612741956169	0.140093672859852	0.137743848708391	0.118253771475404	0.112203890393335	0.0686050708445807	0.085599066908333	0.102625932077801	0.14857801162685	0.0917889689165739	0.130231119276333	0.13225843176421	0.128726730983467	0.130560790686234	0.123918768428008	0.101026526367004	0.12713005218599	0.0821482207140145	0.112364697457128	0.127508166896162	0.122078013460471	0.0955906926981232	0.116880550461611	0.0732914978521327	0.0911865113670956	0.127864540403007	0.120904480665379	0.0969260216109112	0.156891396800936	0.106844284871718	0.100682397063862	0.110521953949211	0.0904870329565314	0.105144077786041
700098605	0.110702340704777	0.135092050552835	0.127843779262341	0.104623597277009	0.133948886373165	0.134087092766805	0.103699203576883	0.170931312720569	0.108069408007133	0.138469322868833	0.118269434986609	0.12474005892651	0.15303119260681	0.116704621500108	0.133331496165397	0.128322173648147	0.155050402498609	0.145305880481865	0.114451205106106	0.103554122360623	0.0949364054269185	0.124136675493689	0	0.115753543119694	0.10684089908613	0.12523354450321	0.137990907153492	0.138737142227156	0.138245158218472	0.130893336632207	0.144147622664905	0.115677363988357	0.120728495650522	0.133665165095131	0.111811375291571	0.0958610093324808	0.136680357280071	0.132628871171149	0.124693120633604	0.146445324295653	0.130050527852006	0.141728679628901	0.141098101476064	0.101609550871327	0.142086395650668	0.112019335586855	0.113211745902716	0.140882051466802	0.122363610475189	0.126452640460098	0.110591392405275	0.103475856620957	0.105465484061527	0.115816318176435	0.111969601256282	0.143430871035917	0.115197816516492	0.103773691853544	0.105199594029439	0.0888728882464225
700111991	0.0832123926754059	0.150798438418406	0.14308106602535	0.123321197743736	0.134462517350494	0.152288600551855	0.116198007378443	0.178953451080162	0.101006048915247	0.153384526363947	0.123880838464934	0.153384882628275	0.165378309004666	0.137966880737612	0.158865806672645	0.0922843480298385	0.170413888833091	0.141148078437806	0.0892023693784878	0.111363935959252	0.101597007861754	0.110241078191743	0.115753543119694	0	0.104960620010026	0.115704101558642	0.13731317264514	0.138682312929185	0.147904589482663	0.154692955521406	0.153440483538495	0.121762215925509	0.122928479599721	0.150733925237585	0.108747230386507	0.118597041778975	0.122179192355611	0.162142369343348	0.0967096656232885	0.176757906861797	0.113066212948679	0.154541138248063	0.132903423264595	0.116742638535579	0.146956108280084	0.121050409435745	0.107417411948405	0.151808348125471	0.139482739227673	0.141317116536877	0.122762940982754	0.106306002389325	0.107487725049886	0.106736377377962	0.0915897113568966	0.165403682740579	0.123472010740119	0.0980179231784819	0.131794150554507	0.110550078758724
700108960	0.0978719995231658	0.16249664837769	0.135405242833079	0.10038369527623	0.144732833094085	0.142622273917978	0.0756180981618453	0.171040426077441	0.099809745271108	0.151224954558258	0.114826370701941	0.124276109136137	0.155535981314354	0.141381914083892	0.13943720117919	0.116414868459998	0.168232170093384	0.152768917710745	0.10456109296083	0.0674158028102543	0.0659452440032684	0.0880339554155177	0.10684089908613	0.104960620010026	0	0.143462231808575	0.173151471368711	0.156497141431428	0.148173827159338	0.140219826879037	0.146928386190769	0.0890614193958188	0.110686232155446	0.143179782066774	0.13338746373488	0.0887373890821243	0.148725167109678	0.154228269272878	0.124629078121698	0.158950086605614	0.128534174881444	0.133146529811055	0.147009352250271	0.0868672053212193	0.137406867400336	0.13320483208956	0.128778225670194	0.134422097171891	0.132523015314231	0.108833253402383	0.107435557182055	0.0861935364261102	0.0778347515021133	0.111709605745873	0.123251323590207	0.145120979743825	0.0812340729472636	0.0619506471132586	0.103310904420105	0.0757951181371738
700024452	0.114420309077846	0.14019413069054	0.164801121483109	0.123652572161144	0.119058671573401	0.174564539039007	0.116194632968324	0.185342322604808	0.116425636117434	0.167073817417091	0.151305402320824	0.170379033108228	0.174852244134031	0.139299811259368	0.169325277716568	0.124286250526847	0.179050735255699	0.164834975691289	0.109446446915161	0.133734242094425	0.132785506655369	0.156692754384491	0.12523354450321	0.115704101558642	0.143462231808575	0	0.146378070110266	0.123999524606292	0.130834691634753	0.160396223387824	0.172689594151479	0.150224573333128	0.13894228124432	0.163389147620517	0.0773027031312307	0.13995255037714	0.146702617715197	0.175209686477876	0.107357820800966	0.175921430077983	0.13304786262373	0.168846204739611	0.151334755401243	0.141286678019923	0.145005439674957	0.104874163004643	0.111234898436521	0.168728112534327	0.148008411787592	0.158976244298905	0.141220450856355	0.112896653669635	0.119624643602969	0.143568334407729	0.118830117095559	0.153877052094796	0.135335531956018	0.125259452322518	0.13969923656991	0.136200761184943
700032931	0.144738969727607	0.129909989885026	0.129864225243651	0.177913189259609	0.138474350877623	0.130604883600374	0.177677728087802	0.138849879407544	0.146167948037039	0.133004191781212	0.125439483054992	0.143814224238555	0.135362704654608	0.121807137880979	0.132173687344317	0.14144353329306	0.134416587247221	0.123507920705943	0.142324742891232	0.152123217689325	0.15341666534516	0.138612741956169	0.137990907153492	0.13731317264514	0.173151471368711	0.146378070110266	0	0.12910745615525	0.1356367657752	0.131061904043141	0.128746717880674	0.149876570582863	0.133510083009721	0.128771395419384	0.147662999461214	0.143436246841202	0.117897376309125	0.1362756556738	0.146694676202959	0.144672953041835	0.143671436743863	0.137052009115332	0.145891079318121	0.145238693862317	0.135020292887283	0.127349426936576	0.122453815323974	0.128794869531863	0.118510186699885	0.139133188497741	0.13715217628197	0.174592171292521	0.162525413732742	0.128492508430082	0.158352800385166	0.145445355447343	0.145630356046803	0.174319085170657	0.133646817320577	0.16279610351423
700095837	0.143737495425648	0.135750321571453	0.140494853252226	0.153279966649318	0.126130625272599	0.160056229579301	0.155530061316382	0.146390096462095	0.13193174371386	0.140572731511171	0.117180729754925	0.139946627162826	0.12285449735067	0.144432690486702	0.142573914982556	0.129057508426802	0.14800929043387	0.152409003617798	0.142742667048829	0.136093698854271	0.151133249164255	0.140093672859852	0.138737142227156	0.138682312929185	0.156497141431428	0.123999524606292	0.12910745615525	0	0.11697061415755	0.12127673808652	0.147649238212673	0.141341836632283	0.116601393786329	0.126421894817965	0.135152827833622	0.140044818079675	0.133838247211961	0.158892926133054	0.142170294731953	0.146219486804067	0.136938207224067	0.130349654655726	0.160463087877784	0.131222519156465	0.119582847079892	0.11656537537438	0.126187519763957	0.132683778445877	0.140884118906059	0.136038732123905	0.123627191725435	0.156518468332111	0.145271119250456	0.153966859624948	0.161113885599524	0.127867946144443	0.13607662199467	0.155480156318368	0.128152054555567	0.151524067417861
700024548	0.152424346115902	0.124562005349667	0.129882529577012	0.144960647935908	0.120507257392682	0.118457950062016	0.148055540928376	0.122930488002268	0.149898970622663	0.108099253457325	0.128482715295694	0.129407087552495	0.115293782090017	0.115884918231159	0.104935988913817	0.141206747055105	0.117718874858209	0.138022416402598	0.143161366622291	0.137941484036313	0.126472830249251	0.137743848708391	0.138245158218472	0.147904589482663	0.148173827159338	0.130834691634753	0.1356367657752	0.11697061415755	0	0.107250989449699	0.118116243725699	0.153075684999736	0.115229421467877	0.113689041109648	0.129558630249642	0.114265294711171	0.13933452965109	0.122556142166333	0.148757553145724	0.121588037080725	0.140916130434749	0.109365853395393	0.147038169377324	0.150097478887448	0.0864407932609715	0.0874476235126556	0.115591223746332	0.107125704830913	0.106677529778058	0.131720327957541	0.122925616797711	0.151800050831087	0.145979690761164	0.120820564840871	0.158679328664288	0.122723076386657	0.114183107359832	0.151888180732708	0.114842875712705	0.153966280058228
700110161	0.162076958259006	0.143718826269484	0.104756290982377	0.159220524297435	0.133902269477407	0.101369390010483	0.15747250840921	0.123550107851196	0.148393225854568	0.0989800019385306	0.116404845974476	0.118481030860441	0.10503021495102	0.100436738984251	0.0919217348012604	0.140545888887227	0.107514285954207	0.115933116543804	0.153361399613285	0.129498243739152	0.13940246039469	0.118253771475404	0.130893336632207	0.154692955521406	0.140219826879037	0.160396223387824	0.131061904043141	0.12127673808652	0.107250989449699	0	0.0933827479356583	0.130016231215378	0.118317346549182	0.0872312885868861	0.15510180790538	0.118731923062701	0.131388929694951	0.0977848997222148	0.16286993590921	0.113714854933894	0.156290709831408	0.0891678463982944	0.139229075951748	0.12781280221142	0.108959436618802	0.118149582331572	0.144180057061291	0.0981218420455333	0.0888123681909312	0.107687948192666	0.117532405743641	0.165040311402693	0.148982749981565	0.126119096455773	0.182406595901781	0.109753591039196	0.113498008730409	0.153114927497531	0.0953028985860628	0.142989932795645
700023496	0.162477692706609	0.140276669044749	0.0954644657828625	0.176533186074598	0.140705725124528	0.0750017529695933	0.162276862244604	0.113134958655122	0.149066253517787	0.0826307652676999	0.102324035731517	0.1067714065147	0.107471181011094	0.107946579153064	0.114762716203756	0.126226895021227	0.0994510702194004	0.0871289728136089	0.147230206786429	0.146946025241746	0.139190248120702	0.112203890393335	0.144147622664905	0.153440483538495	0.146928386190769	0.172689594151479	0.128746717880674	0.147649238212673	0.118116243725699	0.0933827479356583	0	0.126800603862591	0.0985424324924266	0.0745500323258194	0.164323606043179	0.11947078990102	0.119425105336693	0.10073394043614	0.163764476251235	0.123309008126374	0.13877799688602	0.0938268249648807	0.114159641842785	0.128623788862681	0.104986289891015	0.115321181020607	0.13511202113311	0.0957569498976418	0.0771905277826589	0.105132766782873	0.113441934203437	0.173855497236653	0.163867150419146	0.10431256066718	0.192178045550125	0.0989228453397364	0.124290791371063	0.164629293691615	0.122210273749108	0.150366426197874
700034628	0.128074558997178	0.158166588775139	0.100913781729345	0.142071217246145	0.149689496410352	0.125315004028633	0.0992655163610394	0.142625946051927	0.0948669405609338	0.133358715853645	0.10454162241844	0.0904333044890713	0.122719259816504	0.141304784724215	0.115338975386007	0.114146211933766	0.141893246535506	0.130087817981041	0.113524101009127	0.115443156936863	0.101815286074225	0.0686050708445807	0.115677363988357	0.121762215925509	0.0890614193958188	0.150224573333128	0.149876570582863	0.141341836632283	0.153075684999736	0.130016231215378	0.126800603862591	0	0.104197028342301	0.11546502268603	0.137086963215138	0.0825616364939413	0.140868345783875	0.13035962025006	0.139057263860961	0.130614885445275	0.135919872740766	0.104149187533216	0.141166044424219	0.0664732785260159	0.132218521532566	0.132616776925969	0.137041008369629	0.106614662188199	0.129646732106601	0.0746618962164558	0.0936218065335506	0.115470754779086	0.123786343827065	0.122421706424008	0.160712083871883	0.105695401636276	0.115962079566666	0.105553452192261	0.094812623322735	0.0855578945081874
700023645	0.125517271117133	0.123823171534629	0.113635028067382	0.138307229011239	0.121774747280096	0.119883441853525	0.121364155799054	0.120920671730243	0.11119029139216	0.0987120354840698	0.0842865986324717	0.0957297972086887	0.107554441179036	0.122218139348511	0.12454534410914	0.106496357421221	0.12506964741965	0.121873093709357	0.104496472251676	0.104262662034592	0.0989776750471157	0.085599066908333	0.120728495650522	0.122928479599721	0.110686232155446	0.13894228124432	0.133510083009721	0.116601393786329	0.115229421467877	0.118317346549182	0.0985424324924266	0.104197028342301	0	0.0945008401520862	0.136125344963164	0.0922910548087127	0.12713673938229	0.128322699430185	0.133224232079154	0.125291505736636	0.107555855837083	0.101690451940561	0.116967658761742	0.0958758523686468	0.0896166125236785	0.0989435004696269	0.110336731104664	0.091347653035853	0.106751623967459	0.0902314681993514	0.0897273454965358	0.132334994694658	0.125118490983714	0.111242404107565	0.154074843790282	0.104274558021805	0.0931369768401062	0.120224775858789	0.0907759775809156	0.121999073213085
700038744	0.162447228114949	0.133242603448611	0.0930383847358115	0.16596160716545	0.133613262168672	0.0888973154520931	0.152727430540926	0.105063224405283	0.145514454365731	0.0710034801174234	0.0969539649321291	0.0949057835346054	0.0964624362352723	0.120331653538058	0.109395542139093	0.127744930775001	0.0968964710171175	0.103955780623921	0.145884651953539	0.138710382323026	0.137844278849991	0.102625932077801	0.133665165095131	0.150733925237585	0.143179782066774	0.163389147620517	0.128771395419384	0.126421894817965	0.113689041109648	0.0872312885868861	0.0745500323258194	0.11546502268603	0.0945008401520862	0	0.157052186986905	0.105226662085512	0.117981740747394	0.0903262218418273	0.161158193082821	0.103087818567951	0.146539120711402	0.0870910925538325	0.123809277941195	0.119308899231091	0.100096274694051	0.11322749164876	0.135216349541043	0.0766141998648499	0.0819989656203886	0.0921208961568324	0.108053644307406	0.173499723698544	0.161895204815118	0.111046335597686	0.183293597207881	0.0948270723892999	0.120329506132713	0.160602967458997	0.105249405720217	0.14813645665458
700038485	0.119528722819326	0.137549102805668	0.152009320143927	0.113033795892128	0.112362398908404	0.160002952490609	0.115237714505063	0.187114146917608	0.113872371115294	0.15607852581335	0.140034208122288	0.16280214056175	0.17539452539389	0.125461568871934	0.163297463087622	0.117512725316913	0.174295774564108	0.158070531755594	0.111592432395155	0.126452818052691	0.128622821471454	0.14857801162685	0.111811375291571	0.108747230386507	0.13338746373488	0.0773027031312307	0.147662999461214	0.135152827833622	0.129558630249642	0.15510180790538	0.164323606043179	0.137086963215138	0.136125344963164	0.157052186986905	0	0.122593731758804	0.138156504242751	0.163917761464663	0.105975217999853	0.167117477354549	0.133571148724942	0.168460403160507	0.157961926609415	0.131292917744258	0.14816874723183	0.107433468375354	0.110449006096473	0.163159828216103	0.143789924686338	0.147357831765931	0.129690703964489	0.104167039290847	0.1079592244028	0.136286006597387	0.114606219151019	0.163913552028318	0.140427995767136	0.11682597841165	0.133778044581607	0.12297882962706
700024743	0.116665025948297	0.127724182408138	0.1121032039424	0.118641545900357	0.13010333096778	0.118575990353804	0.0895344685354631	0.128327701561308	0.108149040351041	0.111660580018073	0.0990364745677801	0.105414351499324	0.124183891164045	0.121990515248104	0.110025070574166	0.121165521646841	0.127862091692699	0.139099411808903	0.119994377679156	0.0872654009950112	0.0948784617491625	0.0917889689165739	0.0958610093324808	0.118597041778975	0.0887373890821243	0.13995255037714	0.143436246841202	0.140044818079675	0.114265294711171	0.118731923062701	0.11947078990102	0.0825616364939413	0.0922910548087127	0.105226662085512	0.122593731758804	0	0.137173632385311	0.125047175716987	0.12484862133989	0.120197930105249	0.127641513406228	0.110121441281689	0.122734686650219	0.0803786530061004	0.101464989928237	0.100734271329665	0.104293376664014	0.0983099219684033	0.113489829717184	0.0883352440472296	0.0952223295600683	0.104884045602482	0.102891754432342	0.104049730866132	0.136078739260219	0.115409892252092	0.0916484513166536	0.0976586375800482	0.0795311622903247	0.0890402798521687
