700108602	700014971	700033565	700109389	700023058	700023927	700106341	700114221	700023543	700023439	700016978	700024192	700113058	700099448	700109870	700033928	700023693	700109627	700095416	700110425	700111580	700111302	700098605	700111991	700108960	700024452	700032931	700095837	700024548	700110161	700023496	700034628	700023645	700038744	700038485	700024743	700099596	700110760	700101587	700106399	700032322	700095653	700021312	700101230	700023590	700038905	700033136	700023382	700096424	700105469	700016908	700096053	700108479	700109569	700033814	700016125	700109756	700102665	700101777	700109455
700108602	0	-0.161773272009206	-0.194287070232305	-0.129591282528047	-0.152857743123046	-0.201104398035834	-0.0882948985659741	-0.221170105608048	-0.0967588968372329	-0.195450848813921	-0.139459723668088	-0.201331484310141	-0.217282827465095	-0.163813010539975	-0.212762682917862	-0.12119122930061	-0.209158142505992	-0.193225998771123	-0.0968382406389866	-0.0902078133472882	-0.115550400447331	-0.139612704114827	-0.111978258766232	-0.0707651771871671	-0.101597233947738	-0.119048244965287	-0.17075279758505	-0.169228138587026	-0.184300958193614	-0.203416310524126	-0.193643585600585	-0.149747346011625	-0.142589341569773	-0.192250795562296	-0.119123108275885	-0.118259512953739	-0.170695034766999	-0.214374052760921	-0.0895380834464143	-0.237763443988543	-0.102768081699126	-0.212856090620573	-0.145667406911138	-0.132598302113995	-0.191041652862211	-0.137608130429172	-0.131754680621916	-0.194687974066251	-0.16643105835858	-0.179571038726175	-0.142603011702651	-0.090916204092433	-0.0880211140755445	-0.11231169839285	-0.0801888235459263	-0.201497366924684	-0.12213983661951	-0.0870392722093699	-0.156573562276772	-0.112073863937419
700014971	-0.161773272009206	0	-0.18412842106885	-0.222781780409706	-0.135057603625277	-0.146716635351241	-0.18451669654485	-0.137573559543441	-0.15015672333328	-0.125335119280431	-0.133825264008711	-0.184399807338635	-0.136923469347361	-0.100072067196946	-0.171044805840405	-0.14673266019907	-0.125394986940194	-0.156335198544009	-0.160262279551884	-0.164813036676662	-0.164016320327984	-0.14767427540314	-0.130862992647877	-0.169891138822967	-0.193627759731617	-0.137470561484957	-0.105986989481919	-0.130459629785722	-0.116793643796839	-0.119646525796227	-0.110793295268143	-0.166324003737127	-0.117016285568197	-0.11769489810637	-0.136758124922862	-0.139393540868988	-0.150451640804613	-0.167990262688493	-0.142111760569224	-0.159251484565869	-0.128339222315557	-0.142754821413347	-0.137722265833652	-0.164208171182014	-0.114487008218867	-0.124802900658422	-0.0954421561296318	-0.142889726117053	-0.131929624981719	-0.16828306881154	-0.158504420347728	-0.166589832972352	-0.175131500555752	-0.119667252100682	-0.18495192688521	-0.118944429283238	-0.161806850465088	-0.181803706278442	-0.147170668592254	-0.168188982962846
700033565	-0.194287070232305	-0.18412842106885	0	-0.224707788383367	-0.212286668220136	-0.0881480066626859	-0.199304287272675	-0.1167477861344	-0.166957981402539	-0.106485703470067	-0.103168228892675	-0.0704563830022901	-0.120650927904917	-0.150339338870998	-0.107318279238062	-0.133957601694397	-0.125221663347605	-0.111105565204932	-0.173961845520821	-0.179440685443682	-0.164152964336834	-0.0863859295598759	-0.183638464251672	-0.193492964818565	-0.165979474901046	-0.202845719600797	-0.166122239868783	-0.190435003124455	-0.175752547766429	-0.120639426053627	-0.118306146801297	-0.115828646559329	-0.131585279435742	-0.0984952387224592	-0.206670468133801	-0.149212532323935	-0.166960652923906	-0.117804981235095	-0.194109577900078	-0.147631867839611	-0.166515811901066	-0.0883464642947852	-0.156433162563239	-0.148493490463684	-0.138340047722774	-0.141454998748773	-0.18497060869008	-0.0951333904705095	-0.134471483141058	-0.0599414696124399	-0.0809435102551863	-0.208029069951511	-0.204889832561124	-0.149685418092298	-0.22795946149096	-0.115249452207838	-0.151153785123732	-0.197463023778199	-0.0912256903545105	-0.17884326489964
700109389	-0.129591282528047	-0.222781780409706	-0.224707788383367	0	-0.188722683167599	-0.253372762384711	-0.105610941816545	-0.247935868365993	-0.174889343124622	-0.237802084926382	-0.196738203896169	-0.222970172450406	-0.23858634216387	-0.221251376252592	-0.226560217327431	-0.171352417043057	-0.247276134618667	-0.243649396276821	-0.18445677699609	-0.113850707328223	-0.151427171304444	-0.198657625152414	-0.152058752234128	-0.148401321015382	-0.141776565840839	-0.158973746034418	-0.240352153632107	-0.213749155486935	-0.192773696003683	-0.234308035297275	-0.236103527929731	-0.2128759058169	-0.182088797767948	-0.226637296284263	-0.151625534509467	-0.173520102372681	-0.234273588915564	-0.259040331691046	-0.148163691232025	-0.242587989512755	-0.161732714547457	-0.234716040965702	-0.211192433993389	-0.189618508357807	-0.211999135138185	-0.183200701187521	-0.203523721949192	-0.230783085507257	-0.223656294573086	-0.212480584831464	-0.182411978368842	-0.122851523333483	-0.0814764720585251	-0.191220992192021	-0.132523979945613	-0.23347720077136	-0.13164916840593	-0.128422217540688	-0.18706823900966	-0.162351296447896
700023058	-0.152857743123046	-0.135057603625277	-0.212286668220136	-0.188722683167599	0	-0.170469410991871	-0.152294826183808	-0.187900802939088	-0.141379643324406	-0.175651472772438	-0.146390775613823	-0.202109386197938	-0.196227932865909	-0.143099353869857	-0.194162070902525	-0.140036176300542	-0.171707271030169	-0.179051249057575	-0.141536191457328	-0.161826682111668	-0.160643402814415	-0.176927400662521	-0.144632188936503	-0.149495595120051	-0.190984722684277	-0.125589350519156	-0.160085488142281	-0.176439208322913	-0.165395265064481	-0.177517260965141	-0.163475738128933	-0.197094536620039	-0.150592254191271	-0.169896155076869	-0.131179469334831	-0.156790953058508	-0.134429285686904	-0.166172443837675	-0.118736299282144	-0.204201353885987	-0.128914069456913	-0.18988949079201	-0.1358522351468	-0.182437607418918	-0.164888099897065	-0.14314011937282	-0.0976886541293295	-0.176418842562522	-0.146708327156262	-0.200090633113169	-0.178221230499369	-0.142850023141908	-0.156876080251193	-0.134282877445509	-0.163112007985294	-0.182055740243278	-0.168633098937186	-0.164605465741565	-0.177322656264324	-0.16144510156301
700023927	-0.201104398035834	-0.146716635351241	-0.0881480066626859	-0.253372762384711	-0.170469410991871	0	-0.226524890956872	-0.106443066956067	-0.183362293172185	-0.0812505981864962	-0.117077226774491	-0.0988872929145222	-0.11366641291194	-0.100906086733064	-0.105962767719962	-0.154548498577645	-0.0955760346986637	-0.0760442975745284	-0.178551298554308	-0.198920632265777	-0.182171405647284	-0.133930669807104	-0.177333139224941	-0.203111304924482	-0.206033443344633	-0.194962025288677	-0.135919269371186	-0.19661889664493	-0.158933719712145	-0.107980212766234	-0.0792702025452956	-0.160349908733935	-0.135308860405269	-0.0821171030852775	-0.205127428625079	-0.16109242335974	-0.129185912671005	-0.0712749647481057	-0.196209410235305	-0.138028873644395	-0.153490793189216	-0.0886860043742621	-0.125600308585487	-0.179847488659991	-0.131141028191329	-0.126899925884916	-0.148290828043433	-0.0986655473076466	-0.0865547287358438	-0.107004707741879	-0.122728603723766	-0.224451179438689	-0.229397251069615	-0.123023167225934	-0.232514569781805	-0.10750535344558	-0.160605672503567	-0.212126469652504	-0.117004960823092	-0.195574650481827
700106341	-0.0882948985659741	-0.18451669654485	-0.199304287272675	-0.105610941816545	-0.152294826183808	-0.226524890956872	0	-0.224375046399548	-0.0906375243593777	-0.210307266501293	-0.152354905189576	-0.188821529912086	-0.213263035088805	-0.194975313035958	-0.209280892650215	-0.129089569682223	-0.214302040499079	-0.228711547130862	-0.124459155708126	-0.0826926852813832	-0.0984729388979182	-0.143223202685832	-0.123345761866439	-0.10378849078058	-0.0796323612222772	-0.153931089120084	-0.21836204768884	-0.204252617181392	-0.197219642326464	-0.216910586769649	-0.200972630312283	-0.124193350199527	-0.151624494803775	-0.201929798188226	-0.146713495477707	-0.107909424868275	-0.205053302945819	-0.235860070733991	-0.0974382924327624	-0.243077905105266	-0.127068688555549	-0.20929557695508	-0.156946729910941	-0.121427841462301	-0.18243231587713	-0.160654864486487	-0.166542030906233	-0.189454845582865	-0.1936719791882	-0.174847791137893	-0.161548040649493	-0.0845231126636924	-0.0761699282699074	-0.13302243880397	-0.118271325735849	-0.201606111242857	-0.113823815954232	-0.0738482214961163	-0.158750385662727	-0.0842997403468354
700114221	-0.221170105608048	-0.137573559543441	-0.1167477861344	-0.247935868365993	-0.187900802939088	-0.106443066956067	-0.224375046399548	0	-0.195791688971207	-0.0870241795847792	-0.149179055635057	-0.11707845459098	-0.0756446325283893	-0.133058228140065	-0.0847588403244042	-0.174856606248993	-0.0782529882928914	-0.145703038598881	-0.204836309960051	-0.197424886364332	-0.197673464031667	-0.158852655957536	-0.190848796490761	-0.220461339749681	-0.227856732036115	-0.200453622097578	-0.128574217755051	-0.159196492547113	-0.121465063848722	-0.089892002798516	-0.109509936675742	-0.172753206748878	-0.127629884617669	-0.094783894928706	-0.203056922038003	-0.154298852683151	-0.166637887557033	-0.0981477670700663	-0.19531684731926	-0.0965782703485403	-0.165464355894278	-0.0638977557507334	-0.183609386304216	-0.185026136747696	-0.0920980574961839	-0.127930269816401	-0.147210323128568	-0.0815445976991613	-0.142347364715229	-0.128476768455934	-0.148929787522066	-0.218965160644382	-0.223563437309498	-0.161287269792149	-0.251892131943132	-0.0814678257766622	-0.168283644116424	-0.232102908647846	-0.131845872455512	-0.205147364930797
700023543	-0.0967588968372329	-0.15015672333328	-0.166957981402539	-0.174889343124622	-0.141379643324406	-0.183362293172185	-0.0906375243593777	-0.195791688971207	0	-0.168841158601539	-0.112176749404416	-0.173882001495064	-0.198183795782271	-0.161424146718376	-0.194750866241234	-0.0844580696279903	-0.182604689607904	-0.18112735475443	-0.0906721915998718	-0.111144902217495	-0.114447873416399	-0.113363455457166	-0.119310927837438	-0.0973824022856261	-0.111914564079146	-0.137461010852095	-0.168563444512893	-0.167779719678346	-0.198845436963667	-0.179292804086358	-0.162900813229597	-0.103202575360592	-0.12946250881996	-0.165153511348118	-0.133367756149115	-0.112482652335703	-0.157416110143626	-0.19425536296491	-0.0939067598358822	-0.227130188763716	-0.103884544141125	-0.184178832786656	-0.123565273386432	-0.0857509596558219	-0.171069119774061	-0.148036502778074	-0.12602624079214	-0.162486697546198	-0.168276696928753	-0.149645135543135	-0.13059643729877	-0.0945515574446911	-0.11318030804137	-0.107075949887966	-0.118225378658978	-0.172688556988206	-0.140813627179294	-0.0799447881089287	-0.148283062493997	-0.088216963686475
700023439	-0.195450848813921	-0.125335119280431	-0.106485703470067	-0.237802084926382	-0.175651472772438	-0.0812505981864962	-0.210307266501293	-0.0870241795847792	-0.168841158601539	0	-0.107745507294288	-0.115806501400208	-0.079159458743372	-0.109145777817492	-0.102958747564363	-0.143436511752051	-0.0696669489226472	-0.108771282639766	-0.170587855690771	-0.18448442977251	-0.16743069599048	-0.127261902503252	-0.163946492559161	-0.185702865251881	-0.20025835678124	-0.186245409382035	-0.122440396497028	-0.170524514870063	-0.13810317539254	-0.0980047728301366	-0.0712099133677091	-0.151198920740581	-0.106421275780216	-0.0714141922385485	-0.190343099870871	-0.139639278603017	-0.127408511339049	-0.0911339797803169	-0.177609920635179	-0.111850067388012	-0.131843132400179	-0.0816247552948758	-0.147977573592784	-0.163876784604034	-0.106653300848663	-0.104161082412367	-0.133882889142058	-0.0763531445622527	-0.0984354994703009	-0.107541051272189	-0.115135681811469	-0.202318487276508	-0.212913239573114	-0.120476429954818	-0.224291117737914	-0.0840917188664534	-0.149432759955888	-0.194538947954636	-0.106797221316338	-0.182084613481826
700016978	-0.139459723668088	-0.133825264008711	-0.103168228892675	-0.196738203896169	-0.146390775613823	-0.117077226774491	-0.152354905189576	-0.149179055635057	-0.112176749404416	-0.107745507294288	0	-0.106737575137266	-0.145214722638403	-0.12971134056612	-0.156133103778604	-0.0782596204987244	-0.126995101813092	-0.110967068216629	-0.111218585005361	-0.126242306366071	-0.123381876363315	-0.0610282347267381	-0.135305855878113	-0.13095157140542	-0.122255333412637	-0.161154399354408	-0.143555125824208	-0.149986292427302	-0.159897833434917	-0.130429885444867	-0.10085356911016	-0.105299451896055	-0.0863773586080383	-0.101057646537606	-0.150314143346843	-0.103190814685474	-0.122983089493841	-0.143648035055639	-0.124225733892155	-0.179682394174202	-0.0995479280864188	-0.120804141336923	-0.0962989584791425	-0.110112172965021	-0.120574060448407	-0.116998828924716	-0.121597362583952	-0.114475317222807	-0.119790911789114	-0.0934594955627921	-0.0728646147211731	-0.146836324941804	-0.151054285702628	-0.0817280990454755	-0.170190752788997	-0.121505436678594	-0.12591292827501	-0.136906692536029	-0.0999888756780593	-0.136050690486402
700024192	-0.201331484310141	-0.184399807338635	-0.0704563830022901	-0.222970172450406	-0.202109386197938	-0.0988872929145222	-0.188821529912086	-0.11707845459098	-0.173882001495064	-0.115806501400208	-0.106737575137266	0	-0.109996859115603	-0.164184419299858	-0.0969931989285446	-0.13830204525467	-0.134019450741242	-0.124300374124977	-0.174106390340516	-0.170830789427766	-0.166758246101702	-0.103471830429546	-0.186527412169146	-0.20564983689472	-0.170539014985787	-0.218069313023446	-0.176504909087957	-0.186585235905963	-0.173274509798616	-0.140641483530095	-0.114414219945746	-0.120776566725733	-0.115860924680217	-0.11042803572986	-0.220297668151323	-0.145370253030315	-0.167449732143321	-0.121206195760437	-0.193841176149203	-0.143536533578037	-0.159751881674338	-0.0735053408861016	-0.15977423828745	-0.142439883572751	-0.117307784226414	-0.148409400352089	-0.178848990928863	-0.0928211230080192	-0.153742899647614	-0.0761732331766154	-0.0969159417600684	-0.216609600468949	-0.208290238132139	-0.145858573688578	-0.242592265285654	-0.104147745891279	-0.144792990305141	-0.201511190902802	-0.106290472588629	-0.17993816837106
700113058	-0.217282827465095	-0.136923469347361	-0.120650927904917	-0.23858634216387	-0.196227932865909	-0.11366641291194	-0.213263035088805	-0.0756446325283893	-0.198183795782271	-0.079159458743372	-0.145214722638403	-0.109996859115603	0	-0.131098605335765	-0.0850914035306532	-0.168947998162535	-0.0961345924200571	-0.1469152051848	-0.203883892683199	-0.190751654564555	-0.191985290933687	-0.145866510349145	-0.191411797684112	-0.215987669853494	-0.2169570268223	-0.205647868130681	-0.134189899972636	-0.156508169843616	-0.130968853895697	-0.0955660259381845	-0.104651497577861	-0.160409374719734	-0.116984318059678	-0.0829240597095376	-0.21661409669246	-0.161175352387578	-0.170028350262634	-0.120547964834188	-0.187120256966151	-0.101438621714035	-0.162297270834547	-0.0608471410919884	-0.1909846578289	-0.179489946072655	-0.101841354179164	-0.129163200794019	-0.165132773914754	-0.0812620255916016	-0.141566796831392	-0.112894497017249	-0.146871403909197	-0.216144111450422	-0.215461281938097	-0.165982734280477	-0.255948799806682	-0.0750016523556701	-0.161815019878858	-0.225381887739639	-0.127408334837507	-0.194666351745829
700099448	-0.163813010539975	-0.100072067196946	-0.150339338870998	-0.221251376252592	-0.143099353869857	-0.100906086733064	-0.194975313035958	-0.133058228140065	-0.161424146718376	-0.109145777817492	-0.12971134056612	-0.164184419299858	-0.131098605335765	0	-0.146910863676833	-0.136274749747508	-0.106346880216028	-0.115605159999923	-0.145442023655579	-0.167265224870403	-0.16491288736039	-0.149518917053021	-0.144186756737681	-0.160053920280433	-0.193720196974543	-0.144796779676994	-0.0943021664677233	-0.158836854534723	-0.134447394748438	-0.105199030585635	-0.0934941021140068	-0.173429427070125	-0.109904616405903	-0.0943952692130734	-0.160365604291873	-0.145273453180578	-0.122671606319103	-0.124314433710166	-0.154870036358602	-0.163613111399428	-0.126305937553309	-0.127699277262835	-0.114039180504656	-0.17789230085662	-0.117467334089799	-0.118612758885479	-0.108321203323958	-0.127111132756699	-0.0721954478644999	-0.148457271382939	-0.137637195615183	-0.173898403738096	-0.19052239265589	-0.110076782582122	-0.18612814117871	-0.116697134234525	-0.142570884776927	-0.178988800223903	-0.127960240426026	-0.17197580975118
700109870	-0.212762682917862	-0.171044805840405	-0.107318279238062	-0.226560217327431	-0.194162070902525	-0.105962767719962	-0.209280892650215	-0.0847588403244042	-0.194750866241234	-0.102958747564363	-0.156133103778604	-0.0969931989285446	-0.0850914035306532	-0.146910863676833	0	-0.175514109146109	-0.102097025464329	-0.155811136631982	-0.205408659467436	-0.18620720276667	-0.178166703136878	-0.149135444387191	-0.175000874308669	-0.225216109208314	-0.212493477426211	-0.205301973088204	-0.159252704748113	-0.186605121946666	-0.139650911321298	-0.109078272410029	-0.129617232085461	-0.165206852453377	-0.146918778487283	-0.118102313887232	-0.220333752866455	-0.160556689777517	-0.182956668199588	-0.101504327348471	-0.201417455586351	-0.0983592727775398	-0.176826538619838	-0.0726229530282744	-0.193622785136593	-0.177124720720776	-0.11682059408093	-0.12447241100879	-0.169557016068185	-0.0728115083916732	-0.145306412217187	-0.110941800384662	-0.143677597163953	-0.224269087083659	-0.208530593369812	-0.164292712294809	-0.244487674364307	-0.101235656789559	-0.142432640086154	-0.223779158853516	-0.118714929969614	-0.192062994364769
700033928	-0.12119122930061	-0.14673266019907	-0.133957601694397	-0.171352417043057	-0.140036176300542	-0.154548498577645	-0.129089569682223	-0.174856606248993	-0.0844580696279903	-0.143436511752051	-0.0782596204987244	-0.13830204525467	-0.168947998162535	-0.136274749747508	-0.175514109146109	0	-0.158948957312339	-0.150601982764362	-0.101965488259002	-0.117027312211588	-0.114308892626225	-0.0899882477990304	-0.129511320885019	-0.100893628397232	-0.128524846315607	-0.131631899458346	-0.152793593238535	-0.144488199128248	-0.175042868806414	-0.155466133589332	-0.133328257499993	-0.125223716704515	-0.0892644058932954	-0.129293396502953	-0.138459173775421	-0.130446059604968	-0.143226965752353	-0.176749290364538	-0.10052043469036	-0.203686442237631	-0.084438507950105	-0.144649853956255	-0.11498473060638	-0.111842925561706	-0.136040158415795	-0.126987476490848	-0.117075017787731	-0.139231766384392	-0.144330052329702	-0.111868994887188	-0.0979785230878952	-0.120408435767817	-0.128783179924513	-0.114221467080807	-0.151020070616664	-0.140215522038187	-0.130519575603967	-0.110176665567449	-0.114549351975258	-0.121663500180494
700023693	-0.209158142505992	-0.125394986940194	-0.125221663347605	-0.247276134618667	-0.171707271030169	-0.0955760346986637	-0.214302040499079	-0.0782529882928914	-0.182604689607904	-0.0696669489226472	-0.126995101813092	-0.134019450741242	-0.0961345924200571	-0.106346880216028	-0.102097025464329	-0.158948957312339	0	-0.126069133636393	-0.188067803401486	-0.186988526775229	-0.171779751817902	-0.145843551819079	-0.174668693655018	-0.200495602669102	-0.216881240938394	-0.195360277023765	-0.121659696313754	-0.170339839168106	-0.122186952341649	-0.101828637741291	-0.0867674162547843	-0.166543252304059	-0.122602057787298	-0.0882154249028445	-0.194927350782464	-0.145859704865181	-0.137341681970869	-0.111348637814968	-0.18662960922328	-0.0904442636595138	-0.151278561145615	-0.0902457487519535	-0.155941253539596	-0.181441247280867	-0.0940662098921018	-0.0989399574805246	-0.127349887404249	-0.0768842369969914	-0.115398910500336	-0.127756682028458	-0.136253871622722	-0.207442650363347	-0.213858057690638	-0.138490985682873	-0.240906069407524	-0.0918256558520175	-0.151699883585828	-0.215106759518523	-0.129003293394655	-0.19216071847181
700109627	-0.193225998771123	-0.156335198544009	-0.111105565204932	-0.243649396276821	-0.179051249057575	-0.0760442975745284	-0.228711547130862	-0.145703038598881	-0.18112735475443	-0.108771282639766	-0.110967068216629	-0.124300374124977	-0.1469152051848	-0.115605159999923	-0.155811136631982	-0.150601982764362	-0.126069133636393	0	-0.180743212886974	-0.191763519010256	-0.204365470671469	-0.136883311856348	-0.199223872934282	-0.182322205886949	-0.203504651863145	-0.204816342258193	-0.137830024524767	-0.184547433188035	-0.189115454679872	-0.133381565487478	-0.0934141189889405	-0.173658560135938	-0.13917853569345	-0.111244614386439	-0.194364679527923	-0.165694963550173	-0.111303343198444	-0.0992898860933927	-0.195405855886522	-0.178234301665478	-0.162012907693189	-0.131269245675863	-0.125207251470898	-0.1709683226773	-0.153915868738038	-0.15689582093116	-0.150361491206188	-0.139771963490407	-0.0969813046216368	-0.132620466388189	-0.116035446019245	-0.216830292627618	-0.222477196032622	-0.134476119635024	-0.216778919504165	-0.141879515314206	-0.191227633050327	-0.211371980326408	-0.14950583840118	-0.21054664693863
700095416	-0.0968382406389866	-0.160262279551884	-0.173961845520821	-0.18445677699609	-0.141536191457328	-0.178551298554308	-0.124459155708126	-0.204836309960051	-0.0906721915998718	-0.170587855690771	-0.111218585005361	-0.174106390340516	-0.203883892683199	-0.145442023655579	-0.205408659467436	-0.101965488259002	-0.188067803401486	-0.180743212886974	0	-0.130394566365444	-0.113710720658054	-0.126532153351012	-0.130049524698644	-0.0897045586654622	-0.126668502879032	-0.129707895408534	-0.158578405483416	-0.185764781994616	-0.18869929270413	-0.191232359714194	-0.163658502454775	-0.132354316227206	-0.118025068586178	-0.175154665384712	-0.140781283007905	-0.135116441856799	-0.151692391010413	-0.189359704455556	-0.117665477772617	-0.234608109606027	-0.0925603786748345	-0.19592459188623	-0.100672481087272	-0.1331990571501	-0.172506139431758	-0.140153339017152	-0.114849099218525	-0.176658478390344	-0.157244466281856	-0.151741396536981	-0.128443868465174	-0.127038009631938	-0.142205527108583	-0.10172096904247	-0.120720902297405	-0.17858868292196	-0.134062838130292	-0.11470896362779	-0.150742086129948	-0.121275645785517
700110425	-0.0902078133472882	-0.164813036676662	-0.179440685443682	-0.113850707328223	-0.161826682111668	-0.198920632265777	-0.0826926852813832	-0.197424886364332	-0.111144902217495	-0.18448442977251	-0.126242306366071	-0.170830789427766	-0.190751654564555	-0.167265224870403	-0.18620720276667	-0.117027312211588	-0.186988526775229	-0.191763519010256	-0.130394566365444	0	-0.0951368040573341	-0.121357606170474	-0.113279930874001	-0.106712128889702	-0.0832596607133229	-0.149418672002671	-0.184079531334966	-0.167046558276021	-0.173326595272134	-0.181198612676015	-0.179899842151399	-0.146621523313281	-0.126756254606589	-0.175982608840105	-0.137698925599092	-0.0966803550291629	-0.171547937531475	-0.20999157801542	-0.10584729330039	-0.222579220783498	-0.108231539040089	-0.17929413581828	-0.142884974928212	-0.108790541075432	-0.159880897132668	-0.138725248319413	-0.143015101888953	-0.16798418942713	-0.164203454738484	-0.15441814237229	-0.133093726547793	-0.082049178512211	-0.0679577458427981	-0.11774631807317	-0.12735847562123	-0.176682002124485	-0.0787157719424949	-0.0896140678514967	-0.133721650119267	-0.0994652331228998
700111580	-0.115550400447331	-0.164016320327984	-0.164152964336834	-0.151427171304444	-0.160643402814415	-0.182171405647284	-0.0984729388979182	-0.197673464031667	-0.114447873416399	-0.16743069599048	-0.123381876363315	-0.166758246101702	-0.191985290933687	-0.16491288736039	-0.178166703136878	-0.114308892626225	-0.171779751817902	-0.204365470671469	-0.113710720658054	-0.0951368040573341	0	-0.109597284476193	-0.0999412310890518	-0.113789352692779	-0.0748686302501351	-0.163137054531758	-0.199433508180205	-0.20351908898108	-0.159619373063635	-0.193718529496439	-0.165658886117385	-0.118800870752369	-0.125463377012152	-0.171343905020462	-0.169185231230905	-0.113592501463216	-0.191729634959858	-0.201491958190391	-0.128622420082783	-0.210888355562	-0.107530146701116	-0.171857841654894	-0.131194628395055	-0.116791606242859	-0.142116991615762	-0.121282454918046	-0.14605908515598	-0.147234923521867	-0.161604431766061	-0.135603261212825	-0.12510536547242	-0.110963165682152	-0.115204285918504	-0.110975695942873	-0.145489509419216	-0.163955317255293	-0.0765905591683988	-0.0850421601325998	-0.114144543366096	-0.0843936101256417
700111302	-0.139612704114827	-0.14767427540314	-0.0863859295598759	-0.198657625152414	-0.176927400662521	-0.133930669807104	-0.143223202685832	-0.158852655957536	-0.113363455457166	-0.127261902503252	-0.0610282347267381	-0.103471830429546	-0.145866510349145	-0.149518917053021	-0.149135444387191	-0.0899882477990304	-0.145843551819079	-0.136883311856348	-0.126532153351012	-0.121357606170474	-0.109597284476193	0	-0.143953601580715	-0.135858189518919	-0.103625184936038	-0.176765350948534	-0.163081416576284	-0.169854568106252	-0.183131389681333	-0.149455720186863	-0.124763995894514	-0.0707437638860686	-0.103829505565488	-0.115179897791102	-0.17079427450199	-0.106610882823527	-0.152568757276544	-0.16394488795626	-0.140614558451049	-0.181989886265515	-0.132644043997561	-0.120952619809624	-0.120419059333849	-0.0928052395619434	-0.129890048964651	-0.1427752863032	-0.145017596617981	-0.112359464820772	-0.138158199111046	-0.0648081644648825	-0.0743793821495877	-0.14915527038536	-0.148880969856221	-0.104503084925202	-0.184515429478638	-0.119548263222482	-0.120854469233649	-0.135964308141849	-0.0802870789570864	-0.119451306344482
700098605	-0.111978258766232	-0.130862992647877	-0.183638464251672	-0.152058752234128	-0.144632188936503	-0.177333139224941	-0.123345761866439	-0.190848796490761	-0.119310927837438	-0.163946492559161	-0.135305855878113	-0.186527412169146	-0.191411797684112	-0.144186756737681	-0.175000874308669	-0.129511320885019	-0.174668693655018	-0.199223872934282	-0.130049524698644	-0.113279930874001	-0.0999412310890518	-0.143953601580715	0	-0.1342516892336	-0.134475581796453	-0.135904728824298	-0.169592850042485	-0.173927394210487	-0.155589963691324	-0.17340657275492	-0.164582894432557	-0.15290293298154	-0.140810738514961	-0.165620515635845	-0.139500667143912	-0.119148974458597	-0.178595331781628	-0.193472144916577	-0.115925065171958	-0.195096848419439	-0.116251693211483	-0.180963827587046	-0.146270090214898	-0.139941623600378	-0.165843052323957	-0.124723261643851	-0.140809735524388	-0.162785004605478	-0.160226024622958	-0.166468026612434	-0.148955002388872	-0.119018432366175	-0.115084824557554	-0.114179927143368	-0.11596858530038	-0.174908667978467	-0.112889053880154	-0.124911833546773	-0.141466245781051	-0.0959899390235509
700111991	-0.0707651771871671	-0.169891138822967	-0.193492964818565	-0.148401321015382	-0.149495595120051	-0.203111304924482	-0.10378849078058	-0.220461339749681	-0.0973824022856261	-0.185702865251881	-0.13095157140542	-0.20564983689472	-0.215987669853494	-0.160053920280433	-0.225216109208314	-0.100893628397232	-0.200495602669102	-0.182322205886949	-0.0897045586654622	-0.106712128889702	-0.113789352692779	-0.135858189518919	-0.1342516892336	0	-0.113718913832834	-0.120978669189772	-0.16776251730227	-0.178815849970281	-0.196531417013882	-0.205582757792191	-0.184709430405992	-0.155179304250463	-0.134203008693629	-0.186206051042807	-0.125480401761338	-0.126091573191468	-0.164376297821273	-0.209099065890269	-0.0964950435126148	-0.247243556840591	-0.0937187343063502	-0.212633989438305	-0.129864022167406	-0.129816302273619	-0.185764385008666	-0.145588508912615	-0.123674548792269	-0.191165340978439	-0.167717165343741	-0.177914464934729	-0.13963738376105	-0.0957384018372887	-0.109714581443622	-0.110254421143029	-0.0890166272735006	-0.192672726835206	-0.138943910118379	-0.0896859476635106	-0.159484965686929	-0.116036559667477
700108960	-0.101597233947738	-0.193627759731617	-0.165979474901046	-0.141776565840839	-0.190984722684277	-0.206033443344633	-0.0796323612222772	-0.227856732036115	-0.111914564079146	-0.20025835678124	-0.122255333412637	-0.170539014985787	-0.2169570268223	-0.193720196974543	-0.212493477426211	-0.128524846315607	-0.216881240938394	-0.203504651863145	-0.126668502879032	-0.0832596607133229	-0.0748686302501351	-0.103625184936038	-0.134475581796453	-0.113718913832834	0	-0.187526830029985	-0.222198410798692	-0.213786143564861	-0.201660215122148	-0.210003754780781	-0.198311844908065	-0.103817706443225	-0.151359293001617	-0.192205446612479	-0.176357099386025	-0.110040695352435	-0.19945556873458	-0.226915881343042	-0.129758365230106	-0.251810878889303	-0.13595910500985	-0.193124976660617	-0.142634466867395	-0.105984910899034	-0.178944336599266	-0.173781946651499	-0.185101340034903	-0.187117888547819	-0.180752756223522	-0.140986924527257	-0.12441552540196	-0.10075047662901	-0.0967523919254093	-0.119016383524149	-0.135424057352313	-0.197604593251167	-0.0969774451416537	-0.0757044386815053	-0.127210566913339	-0.0857891222839554
700024452	-0.119048244965287	-0.137470561484957	-0.202845719600797	-0.158973746034418	-0.125589350519156	-0.194962025288677	-0.153931089120084	-0.200453622097578	-0.137461010852095	-0.186245409382035	-0.161154399354408	-0.218069313023446	-0.205647868130681	-0.144796779676994	-0.205301973088204	-0.131631899458346	-0.195360277023765	-0.204816342258193	-0.129707895408534	-0.149418672002671	-0.163137054531758	-0.176765350948534	-0.135904728824298	-0.120978669189772	-0.187526830029985	0	-0.149961727537845	-0.152119273387061	-0.139881295815105	-0.182582624945328	-0.187751258364555	-0.189132646294026	-0.14723349322016	-0.179111248733677	-0.0695511460394482	-0.156104981602282	-0.189332790563968	-0.204754707981533	-0.105372153207773	-0.210678314392623	-0.109753425109937	-0.199975521501658	-0.156849765142076	-0.173122052931219	-0.175223166975023	-0.131050121097562	-0.118666350997155	-0.190238206131375	-0.165137712821946	-0.188934560393391	-0.169880558027517	-0.121922521488378	-0.134345931025781	-0.138576962532455	-0.11806086343821	-0.184427072927484	-0.156141761415404	-0.15366966839032	-0.156181281895611	-0.163703949098361
700032931	-0.17075279758505	-0.105986989481919	-0.166122239868783	-0.240352153632107	-0.160085488142281	-0.135919269371186	-0.21836204768884	-0.128574217755051	-0.168563444512893	-0.122440396497028	-0.143555125824208	-0.176504909087957	-0.134189899972636	-0.0943021664677233	-0.159252704748113	-0.152793593238535	-0.121659696313754	-0.137830024524767	-0.158578405483416	-0.184079531334966	-0.199433508180205	-0.163081416576284	-0.169592850042485	-0.16776251730227	-0.222198410798692	-0.149961727537845	0	-0.136216984794237	-0.149708650807148	-0.119280665622232	-0.122770641518868	-0.188272037092926	-0.124132303203107	-0.111131937434012	-0.162815083977836	-0.164270606673686	-0.133431704435963	-0.138515898426253	-0.161371498508935	-0.152967797798079	-0.137802761957687	-0.129535521474832	-0.144347654516254	-0.187657981151958	-0.135040651511888	-0.137264408511957	-0.110216968992805	-0.131836059717759	-0.113206885839844	-0.162169091655557	-0.154544735058423	-0.192997927282585	-0.20148746685783	-0.13003725723187	-0.189181523311403	-0.111557346002212	-0.180002491018034	-0.206456885685698	-0.148054155465871	-0.2008432946597
700095837	-0.169228138587026	-0.130459629785722	-0.190435003124455	-0.213749155486935	-0.176439208322913	-0.19661889664493	-0.204252617181392	-0.159196492547113	-0.167779719678346	-0.170524514870063	-0.149986292427302	-0.186585235905963	-0.156508169843616	-0.158836854534723	-0.186605121946666	-0.144488199128248	-0.170339839168106	-0.184547433188035	-0.185764781994616	-0.167046558276021	-0.20351908898108	-0.169854568106252	-0.173927394210487	-0.178815849970281	-0.213786143564861	-0.152119273387061	-0.136216984794237	0	-0.126123329778206	-0.127742606256193	-0.165402751157746	-0.192448998889205	-0.127580413587384	-0.138402433686908	-0.148444471339146	-0.16326775032476	-0.171433701755281	-0.20249867559177	-0.149753882335659	-0.189106372036108	-0.151655094507913	-0.16185161328115	-0.186484040855833	-0.167246649668174	-0.140593406565503	-0.156923535069799	-0.145120994535351	-0.166862677254772	-0.176226166600302	-0.17900802307731	-0.161360528886386	-0.177593101527561	-0.178730280511549	-0.169485006504904	-0.193302736525713	-0.147316507547949	-0.18875484598191	-0.199463644445477	-0.170360401329539	-0.195426041407382
700024548	-0.184300958193614	-0.116793643796839	-0.175752547766429	-0.192773696003683	-0.165395265064481	-0.158933719712145	-0.197219642326464	-0.121465063848722	-0.198845436963667	-0.13810317539254	-0.159897833434917	-0.173274509798616	-0.130968853895697	-0.134447394748438	-0.139650911321298	-0.175042868806414	-0.122186952341649	-0.189115454679872	-0.18869929270413	-0.173326595272134	-0.159619373063635	-0.183131389681333	-0.155589963691324	-0.196531417013882	-0.201660215122148	-0.139881295815105	-0.149708650807148	-0.126123329778206	0	-0.123026600582166	-0.14264351011006	-0.206324416594479	-0.124544785922276	-0.122857218638835	-0.150206394100432	-0.145769457124511	-0.186363899187747	-0.167514152974085	-0.165549070854133	-0.135123620445877	-0.145609346646048	-0.126538728724487	-0.180037955556519	-0.201166839241373	-0.0946944020876192	-0.0857643762420548	-0.146801837874726	-0.127112958131219	-0.146214031169666	-0.17568219401015	-0.165563223877555	-0.187538461733938	-0.176094455603612	-0.145362388102422	-0.196339597279347	-0.130763145653456	-0.139812029439786	-0.202942694988288	-0.14530221384741	-0.197484618148087
700110161	-0.203416310524126	-0.119646525796227	-0.120639426053627	-0.234308035297275	-0.177517260965141	-0.107980212766234	-0.216910586769649	-0.089892002798516	-0.179292804086358	-0.0980047728301366	-0.130429885444867	-0.140641483530095	-0.0955660259381845	-0.105199030585635	-0.109078272410029	-0.155466133589332	-0.101828637741291	-0.133381565487478	-0.191232359714194	-0.181198612676015	-0.193718529496439	-0.149455720186863	-0.17340657275492	-0.205582757792191	-0.210003754780781	-0.182582624945328	-0.119280665622232	-0.127742606256193	-0.123026600582166	0	-0.101874829176215	-0.171710687680999	-0.119706650466239	-0.0717879363501908	-0.185310197879083	-0.155168568589926	-0.144896139182714	-0.111074060408454	-0.175833710357212	-0.134747124569015	-0.160662640538868	-0.0918052029731189	-0.160415354608857	-0.173967908392778	-0.112806841221176	-0.139602605225105	-0.150860437794152	-0.104305032451154	-0.108793791165321	-0.124425389405911	-0.142198362262136	-0.200178675783176	-0.209198290258368	-0.140819519645882	-0.234228389898726	-0.0976385117532765	-0.161418141599046	-0.206630374016097	-0.130177133534392	-0.195473564383767
700023496	-0.193643585600585	-0.110793295268143	-0.118306146801297	-0.236103527929731	-0.163475738128933	-0.0792702025452956	-0.200972630312283	-0.109509936675742	-0.162900813229597	-0.0712099133677091	-0.10085356911016	-0.114414219945746	-0.104651497577861	-0.0934941021140068	-0.129617232085461	-0.133328257499993	-0.0867674162547843	-0.0934141189889405	-0.163658502454775	-0.179899842151399	-0.165658886117385	-0.124763995894514	-0.164582894432557	-0.184709430405992	-0.198311844908065	-0.187751258364555	-0.122770641518868	-0.165402751157746	-0.14264351011006	-0.101874829176215	0	-0.148050416715467	-0.0981067597748228	-0.0725234059831483	-0.188843357723144	-0.140930253414653	-0.123060655829359	-0.112908847117008	-0.173400707970839	-0.133163901680491	-0.130250579388575	-0.095045773863931	-0.126100109615461	-0.162289576830422	-0.0995547245141204	-0.11619752643908	-0.126044372365432	-0.0900852596367009	-0.0980919183033941	-0.117459163166233	-0.121514114626524	-0.20152982447931	-0.207024834564656	-0.116522797813994	-0.224615468003933	-0.0866928874649194	-0.149691510044572	-0.194836764603469	-0.127131383107216	-0.182459744894923
700034628	-0.149747346011625	-0.166324003737127	-0.115828646559329	-0.2128759058169	-0.197094536620039	-0.160349908733935	-0.124193350199527	-0.172753206748878	-0.103202575360592	-0.151198920740581	-0.105299451896055	-0.120776566725733	-0.160409374719734	-0.173429427070125	-0.165206852453377	-0.125223716704515	-0.166543252304059	-0.173658560135938	-0.132354316227206	-0.146621523313281	-0.118800870752369	-0.0707437638860686	-0.15290293298154	-0.155179304250463	-0.103817706443225	-0.189132646294026	-0.188272037092926	-0.192448998889205	-0.206324416594479	-0.171710687680999	-0.148050416715467	0	-0.132406364917463	-0.142420544002877	-0.188962451546413	-0.10881616398128	-0.186901786625336	-0.180681178751663	-0.165147103329041	-0.197045811283585	-0.153551318521447	-0.143035687105169	-0.132571131777186	-0.0820924439311737	-0.148652561390807	-0.160715603239583	-0.166753256277071	-0.132458718696862	-0.166772697117748	-0.0950548839652696	-0.115594471966655	-0.158522784150833	-0.160147007155674	-0.130656993204149	-0.188377939024133	-0.137638223508544	-0.134797020862019	-0.128424925077024	-0.103478938598886	-0.101282575369934
700023645	-0.142589341569773	-0.117016285568197	-0.131585279435742	-0.182088797767948	-0.150592254191271	-0.135308860405269	-0.151624494803775	-0.127629884617669	-0.12946250881996	-0.106421275780216	-0.0863773586080383	-0.115860924680217	-0.116984318059678	-0.109904616405903	-0.146918778487283	-0.0892644058932954	-0.122602057787298	-0.13917853569345	-0.118025068586178	-0.126756254606589	-0.125463377012152	-0.103829505565488	-0.140810738514961	-0.134203008693629	-0.151359293001617	-0.14723349322016	-0.124132303203107	-0.127580413587384	-0.124544785922276	-0.119706650466239	-0.0981067597748228	-0.132406364917463	0	-0.0868658134953111	-0.146394616587773	-0.107069131199908	-0.129483654776475	-0.147310693784937	-0.122413477787936	-0.15796226295524	-0.101678229041452	-0.102012412791633	-0.121114516239768	-0.129430732526541	-0.0891953788646328	-0.0984584329660148	-0.10941153711032	-0.107490462068391	-0.120688012234238	-0.10926951763613	-0.0951806830661582	-0.14232579143246	-0.158313085403025	-0.104094449163959	-0.177795743941849	-0.0981113908579344	-0.118226568325373	-0.137211342461824	-0.103347033819929	-0.143589605808887
700038744	-0.192250795562296	-0.11769489810637	-0.0984952387224592	-0.226637296284263	-0.169896155076869	-0.0821171030852775	-0.201929798188226	-0.094783894928706	-0.165153511348118	-0.0714141922385485	-0.101057646537606	-0.11042803572986	-0.0829240597095376	-0.0943952692130734	-0.118102313887232	-0.129293396502953	-0.0882154249028445	-0.111244614386439	-0.175154665384712	-0.175982608840105	-0.171343905020462	-0.115179897791102	-0.165620515635845	-0.186206051042807	-0.192205446612479	-0.179111248733677	-0.111131937434012	-0.138402433686908	-0.122857218638835	-0.0717879363501908	-0.0725234059831483	-0.142420544002877	-0.0868658134953111	0	-0.184023028859858	-0.138806868559692	-0.133343239508164	-0.102803886364805	-0.165996203890817	-0.127170047935611	-0.135736854178928	-0.0709638242181965	-0.138532069101815	-0.161397210306554	-0.0912789586967552	-0.114706890163765	-0.137120963973203	-0.0806163848808648	-0.0929232800324764	-0.101334422338376	-0.112378434783631	-0.196257657545448	-0.204723794257423	-0.119341212137797	-0.224639959015261	-0.0805084943698412	-0.150745390623136	-0.191986568359592	-0.10663138159226	-0.181608274466033
