700108602	700014971	700033565	700109389	700023058	700023927	700106341	700114221	700023543	700023439	700016978	700024192	700113058	700099448	700109870	700033928	700023693	700109627	700095416	700110425	700111580	700111302	700098605	700111991	700108960	700024452	700032931	700095837	700024548	700110161	700023496	700034628	700023645	700038744	700038485	700024743	700099596	700110760	700101587	700106399	700032322	700095653	700021312	700101230	700023590	700038905	700033136	700023382	700096424	700105469	700016908	700096053	700108479	700109569	700033814	700016125	700109756	700102665	700101777	700109455
700108602	0	0.154223060466674	0.165489954151429	0.099356747117131	0.119865307258327	0.168519612954234	0.0887566652567356	0.190450195448908	0.0999013981349359	0.166238832456937	0.120394061649345	0.160829270135825	0.166472667817101	0.15748078045763	0.164102209997079	0.108565800018057	0.181639826059195	0.163454769238738	0.0861659722540333	0.0937769870102544	0.0896677027053618	0.117525565212848	0.104185085659052	0.0772220408906047	0.0936165957225165	0.107722173842357	0.15693919636188	0.129842844325015	0.153263077722513	0.160201923935586	0.161196481277313	0.130539577179567	0.118353683934215	0.155494795059808	0.115076373730111	0.121221975421499	0.137152467226155	0.172848944976056	0.0908419768892978	0.182877740377856	0.115260382085939	0.156771959017786	0.13248187148309	0.121830320936715	0.150524057204089	0.13290201706125	0.125346573486952	0.15611780620921	0.146257396295849	0.151823045563057	0.129476214492138	0.0872484732203692	0.0886364182795842	0.109309163340939	0.0876705554133146	0.160989655659493	0.101725568322092	0.0801661402621774	0.131391302552526	0.101975413036336
700014971	0.154223060466674	0	0.150499005273454	0.160292109147635	0.132216464736774	0.151199118531472	0.164543514833049	0.141014002483696	0.15390870536876	0.132414670446029	0.135006544098859	0.161335471064908	0.151984342880213	0.140018574414013	0.149056123464398	0.163805173280467	0.137774794582007	0.171316213719552	0.161951728168673	0.148836581567901	0.14618819424878	0.144196077415962	0.132577277699106	0.161148386020858	0.161552598525619	0.151567373905409	0.134651163021478	0.146338387041216	0.121694124052999	0.145210825933697	0.144037724713602	0.149926435321438	0.117196422227243	0.131656017790916	0.146473588280425	0.126280903909647	0.160712209949642	0.162908619481723	0.156948601169402	0.140100820843422	0.151568536146667	0.141994717898945	0.149752426643678	0.143685318946523	0.131098939457436	0.128162090212231	0.118806870119287	0.137159142667525	0.136174888087637	0.145124349088027	0.140914441808787	0.166345768802881	0.149959122942068	0.128791613051176	0.173958791773563	0.122943019867174	0.151579250320938	0.157941264509923	0.131766923273861	0.156819233892828
700033565	0.165489954151429	0.150499005273454	0	0.147819782335572	0.149754315889169	0.070763353064894	0.138036936246438	0.106827398996774	0.156701396429013	0.0982496404911891	0.0957394972017107	0.0572647771770385	0.0964282480140109	0.116437647759713	0.0801852244146345	0.111906400311066	0.101432137378673	0.0902392451905673	0.147180952035088	0.138605868195727	0.138835082360454	0.0912461962729433	0.130471813376189	0.151501643358724	0.134137956402009	0.157256415976311	0.142044864287655	0.140485647036374	0.111637119774861	0.092883724459765	0.0982308449693929	0.0999590282176129	0.111171378019309	0.074117562720738	0.157476167515706	0.109970073721097	0.129802288967541	0.0686542836412799	0.161786271078984	0.110730520908961	0.144732595405296	0.0710398275630945	0.11558195807988	0.118720134715397	0.096841757851105	0.11397155890064	0.138907788236216	0.0897267621721345	0.110127917616836	0.0679711576224633	0.0741728942552786	0.167811155734084	0.15120550979638	0.118423902183816	0.182550508367319	0.10642876527948	0.127522156309333	0.154589769175239	0.0889347276123443	0.13620086016353
700109389	0.099356747117131	0.160292109147635	0.147819782335572	0	0.139686205803014	0.167827760518644	0.0847552943648977	0.185593194736681	0.136526175744719	0.175021029310757	0.140131690585413	0.138737534216367	0.169445484639528	0.152474023265988	0.142544408966387	0.13742399841525	0.182769423970659	0.177587947158013	0.136065336855325	0.091687876915345	0.106699026892245	0.133557432189828	0.101805960717771	0.114732127389378	0.102081793800475	0.114484799655206	0.177620457926111	0.147003935268509	0.141766620030457	0.155699611618593	0.174954900716828	0.132343637001864	0.139638809605623	0.153236011228248	0.119633042102039	0.118421046627554	0.16828687749241	0.16641692234337	0.123934609557781	0.169270049508627	0.139413700408021	0.15065475570013	0.147943851993173	0.132376812547933	0.155549494251327	0.14189147492312	0.143990028101977	0.158913321250795	0.162675913281953	0.145761574047345	0.116258344333193	0.093755347452152	0.0748987240568369	0.140656134585929	0.110093370186799	0.167016687606217	0.105993176458031	0.0918858553317651	0.113490707362695	0.100801345498996
700023058	0.119865307258327	0.132216464736774	0.149754315889169	0.139686205803014	0	0.144731048792611	0.128507549934986	0.165459838091738	0.115972860698813	0.141356942014066	0.117523557483948	0.155329954436573	0.146419462264802	0.1247295927073	0.142698807692905	0.133148737899563	0.155410792110457	0.151382608682763	0.122248070500064	0.125483038485127	0.128022679502214	0.136320880175681	0.120914445857558	0.139540826038226	0.137477664632401	0.104889157556775	0.150644683080546	0.128277842256608	0.119023543455586	0.127110600792939	0.142514362724092	0.153543725326655	0.125553131060065	0.135135288466118	0.110106921141622	0.135094082743719	0.123766441522048	0.147463694726511	0.116831589394077	0.159660379933674	0.131669510871097	0.137221292255298	0.118765095753706	0.134046069610423	0.128522051417713	0.117574926214079	0.121838640636431	0.140527841190151	0.123710492522704	0.144507370162968	0.129097797941875	0.124507220415144	0.124700157581128	0.128391089899631	0.134749867007508	0.143075401697686	0.12588914831088	0.133849198510446	0.132263870633897	0.130636692048918
700023927	0.168519612954234	0.151199118531472	0.070763353064894	0.167827760518644	0.144731048792611	0	0.151192900789713	0.115098286736893	0.163684363138289	0.0869050771719946	0.106078314874932	0.0954012362711884	0.106772218546246	0.0977936516192097	0.088764407026772	0.126525331038952	0.100440839693604	0.0806318452900436	0.152537877912346	0.147630812537068	0.144201787594828	0.114167322907547	0.136318556698483	0.166869248544234	0.143592045315664	0.164927443748452	0.138830840421217	0.15628412682014	0.116725656564007	0.0969705714366375	0.0854516130840554	0.127865023434752	0.118425678991419	0.077522586570818	0.166449730433057	0.120813259349211	0.124612026427555	0.0596767099533677	0.166250107606763	0.110875827324419	0.159262691218628	0.0903288616366651	0.113718002373853	0.138664034234017	0.106619168916065	0.113504709458337	0.142636847883194	0.09148868007563	0.0885295935342244	0.0873858219849531	0.106227960151832	0.174181747804751	0.161575609020681	0.117781836831396	0.187503266943396	0.110832313149359	0.133531422352919	0.160470363780007	0.100909173776351	0.149889193074016
700106341	0.0887566652567356	0.164543514833049	0.138036936246438	0.0847552943648977	0.128507549934986	0.151192900789713	0	0.177639364083059	0.0936458890156223	0.168999045525281	0.121590933282617	0.12492020291823	0.154620360778602	0.146665692257838	0.138258744483599	0.111422737398063	0.173125028128492	0.164061292544847	0.1054900709623	0.0809563942605612	0.0832727816000959	0.0992292126058231	0.104484161074783	0.113429186006897	0.0698790043301669	0.116137751378676	0.18180859763846	0.150951927806063	0.144114843720251	0.146629280316326	0.154256762768828	0.0896332894449065	0.119450776041109	0.133438419844098	0.120272199713492	0.0972983678775451	0.151587390108684	0.153257064673421	0.0862248129456645	0.172165311579786	0.135189899349347	0.134484165223017	0.116813077758846	0.106251121119618	0.137705674442465	0.132732820080721	0.131295165328974	0.134360993804071	0.150306421878341	0.120507063807607	0.0997964560682681	0.0688181837812512	0.0836964942627402	0.117440294573425	0.117490457135782	0.147828069609273	0.0923151340264507	0.0691378102639277	0.106855902508193	0.0792295244559474
700114221	0.190450195448908	0.141014002483696	0.106827398996774	0.185593194736681	0.165459838091738	0.115098286736893	0.177639364083059	0	0.187203778606957	0.0975974693628244	0.134342358756889	0.115913211447128	0.0859803985269692	0.149646547611627	0.0989586311902104	0.159732812043851	0.0845917757971054	0.146171594662982	0.176638099816143	0.1698473129221	0.168180008199815	0.140866748140606	0.169194960286655	0.185737880366005	0.178425260201721	0.186522532182485	0.136587292798718	0.153515418776499	0.115356008906524	0.126470887883434	0.121362156150838	0.148013915938727	0.125802554538021	0.110784976146213	0.185379843396715	0.13486481740441	0.157433483537254	0.104824139898512	0.188030832791356	0.0881793253373744	0.156547147346272	0.0918331815103029	0.154752121721066	0.143015881676113	0.112685843906033	0.130837712894498	0.148682130521401	0.0809752248205134	0.144485266642442	0.105192807855122	0.135444625694165	0.199234181278419	0.187760861583152	0.144650668335917	0.21336919202189	0.0946615723095356	0.152143715997401	0.193572779933808	0.127096124739299	0.173532628940734
700023543	0.0999013981349359	0.15390870536876	0.156701396429013	0.136526175744719	0.115972860698813	0.163684363138289	0.0936458890156223	0.187203778606957	0	0.158674621846136	0.11033850593759	0.1516311963359	0.163812049435835	0.147466357978814	0.160534028648791	0.101567540876995	0.178199562804053	0.161659313268746	0.0852592274858044	0.107702506401022	0.102180773523926	0.106118188302787	0.109316144062299	0.111290494209287	0.104476919405684	0.107144650925752	0.162858778609174	0.138089045280235	0.164134667259893	0.153695665107838	0.157953478762339	0.110571993098468	0.113428747682985	0.146499369702824	0.111565907061796	0.117871456076498	0.139665704014114	0.167385461788608	0.0821632288816548	0.183294089995743	0.115986038976473	0.149093959012063	0.12768818016045	0.0992791895969553	0.147117295941887	0.135514731162785	0.106594095662439	0.146610490475594	0.153336978382961	0.13844838933934	0.118743537621624	0.0882837348277744	0.104592324269881	0.115035863245411	0.108009324422718	0.151707242179672	0.119650187958617	0.0880988895767196	0.132469047260341	0.097029834975107
700023439	0.166238832456937	0.132414670446029	0.0982496404911891	0.175021029310757	0.141356942014066	0.0869050771719946	0.168999045525281	0.0975974693628244	0.158674621846136	0	0.115282579784429	0.114049284368824	0.0911547212108026	0.115826952359895	0.102224045377902	0.141536428656806	0.0887120878789089	0.118371925283145	0.155443597152489	0.156399196028524	0.146408808012446	0.125487556772781	0.143440243758914	0.166400271086772	0.159677362336407	0.164420334647341	0.134933029511612	0.138541173525022	0.112141173268409	0.0980749421075243	0.100730849302842	0.141617862496886	0.105486457282718	0.086241086279461	0.16684719792522	0.12530813408821	0.130205938898069	0.0857272702939203	0.173948748641667	0.091717672996448	0.143962474825572	0.0883991891725585	0.138846368015095	0.139369602505267	0.0989243908023004	0.1081734852	0.134640677408306	0.0946540360145829	0.114366833726737	0.099216819087241	0.121133056724325	0.177085600921494	0.169612531657914	0.116603845120141	0.187387522738277	0.092550618732958	0.138081031082791	0.170056759116149	0.115593865863653	0.157411555519981
700016978	0.120394061649345	0.135006544098859	0.0957394972017107	0.140131690585413	0.117523557483948	0.106078314874932	0.121590933282617	0.134342358756889	0.11033850593759	0.115282579784429	0	0.106748084307677	0.111884186462707	0.119134108717518	0.124015911187087	0.0990726504862448	0.124517130855806	0.106349674488122	0.110558845951264	0.11045185129886	0.106342486105971	0.0764722919576982	0.114194410854725	0.12149797163338	0.106586717121891	0.138175830299252	0.131407367839956	0.114829251470694	0.119819891712388	0.114915119398157	0.103965328397976	0.105409251709047	0.0831704034703614	0.0890176840060551	0.137339676382198	0.0993709125442124	0.113506564564358	0.122368919348883	0.111340805793746	0.134961454144356	0.118175760942452	0.0983081142852249	0.100378396376303	0.103673920039205	0.104573490403747	0.106498179010946	0.118457895940449	0.106949771986305	0.100447472204344	0.0914046381618903	0.0861292100661284	0.131613624723502	0.125204211103625	0.0857803944865114	0.136370824339463	0.11028608763917	0.105253123841721	0.123476371241422	0.0928460236977933	0.121702814736276
700024192	0.160829270135825	0.161335471064908	0.0572647771770385	0.138737534216367	0.155329954436573	0.0954012362711884	0.12492020291823	0.115913211447128	0.1516311963359	0.114049284368824	0.106748084307677	0	0.0929389861759766	0.137538416821973	0.077952319171802	0.105529602054362	0.121828137293511	0.112417606829105	0.137769299214074	0.130299291596884	0.127258417182443	0.0847103036243932	0.127963371966022	0.159457821481839	0.121819754584112	0.157816171716023	0.150662270200299	0.14522379630122	0.11465079018498	0.113016928582655	0.109806767187944	0.0854736566537947	0.111649888450558	0.0944160378318445	0.164119271132462	0.118925942432125	0.145863207579507	0.0871880094957955	0.162319331159028	0.110308131237824	0.145669597949595	0.0635494462525029	0.130020230020533	0.110716427769337	0.0909993069515393	0.119429108566469	0.140686839092713	0.0857299824746149	0.131409355835942	0.0652251084513603	0.0687531862986224	0.160689163539288	0.148994010740682	0.124394587369198	0.181487700383417	0.102117139766132	0.117943731386231	0.148778016332654	0.0884113530966205	0.127740020762025
700113058	0.166472667817101	0.151984342880213	0.0964282480140109	0.169445484639528	0.146419462264802	0.106772218546246	0.154620360778602	0.0859803985269692	0.163812049435835	0.0911547212108026	0.111884186462707	0.0929389861759766	0	0.136237569185806	0.0846663908118618	0.132522702117535	0.098763202973222	0.129659535677698	0.149281113654552	0.137277211554254	0.140739043860136	0.11009083354699	0.147273026100817	0.165940690965457	0.148475207811021	0.169601906968163	0.133925643357508	0.13330294208242	0.1013410600559	0.106478885466998	0.107951589601155	0.125353235314407	0.110198222226546	0.0854436293940874	0.175231009218745	0.126138497179179	0.141372216226112	0.104568249290719	0.16126292145353	0.0840012812926534	0.154148838438782	0.0734972867527099	0.139638591634669	0.124656501332257	0.09245878165377	0.108756972363245	0.148647618549854	0.0788796852620714	0.12154020139125	0.0814048821568067	0.116396383010746	0.170157854988621	0.164942450990416	0.137163024800574	0.188512826743279	0.0689400378575073	0.122864752042146	0.166509314492891	0.106045951537164	0.14761652636383
700099448	0.15748078045763	0.140018574414013	0.116437647759713	0.152474023265988	0.1247295927073	0.0977936516192097	0.146665692257838	0.149646547611627	0.147466357978814	0.115826952359895	0.119134108717518	0.137538416821973	0.136237569185806	0	0.122042481217021	0.145623309739115	0.122754671035987	0.119278240141677	0.144900967727021	0.13698485024146	0.137829275846445	0.136853000443608	0.114674636700992	0.147593016898818	0.147967030853084	0.128237215769517	0.138089576865389	0.144225079193028	0.115370177634271	0.103469432497366	0.12305099688577	0.146166915971869	0.126570150116944	0.100550342755036	0.129174303029647	0.12358542534174	0.134511773747546	0.114941215148876	0.142514687441795	0.144879415393492	0.150410595406029	0.119801356336409	0.12280769741751	0.146752787025427	0.119017869031735	0.116881015790697	0.135249013364317	0.130274336177355	0.0936523629602174	0.12964424152931	0.119137296621636	0.133250886711782	0.152380194511674	0.122316267554879	0.15539039440248	0.137235329426897	0.130639095282861	0.141372076902783	0.109973351940869	0.143549684281524
700109870	0.164102209997079	0.149056123464398	0.0801852244146345	0.142544408966387	0.142698807692905	0.088764407026772	0.138258744483599	0.0989586311902104	0.160534028648791	0.102224045377902	0.124015911187087	0.077952319171802	0.0846663908118618	0.122042481217021	0	0.130370798572284	0.0996007097889856	0.130281554551008	0.156112583732736	0.129033013628299	0.131847533104758	0.115806911447034	0.12056981581233	0.169890237041956	0.135450613407101	0.156513994435186	0.146768350303861	0.142057303638682	0.0994313405767985	0.0869711271937643	0.125197863414394	0.114031682728812	0.128425502364002	0.102699043169088	0.164278435586985	0.126165007082217	0.151369223665878	0.0779864375375355	0.163836918669969	0.0880842389936118	0.16045928551703	0.0652223656520751	0.145631191266812	0.123274002338706	0.0898093106989009	0.108429964967309	0.14347773388905	0.0760908205862968	0.126540298336247	0.0788334887075795	0.106936048755345	0.159767824637961	0.144137437440029	0.135638438576425	0.183390640329191	0.0943700402673211	0.115534701363723	0.154214191954444	0.089384872180076	0.127630593328953
700033928	0.108565800018057	0.163805173280467	0.111906400311066	0.13742399841525	0.133148737899563	0.126525331038952	0.111422737398063	0.159732812043851	0.101567540876995	0.141536428656806	0.0990726504862448	0.105529602054362	0.132522702117535	0.145623309739115	0.130370798572284	0	0.150086471832046	0.121558081161706	0.0981530585906269	0.112519745100651	0.10459287467287	0.0811506817173066	0.125168217473275	0.106503127861119	0.101004702096553	0.120884733316312	0.15358382826102	0.119580213475357	0.139207663486294	0.135135569847018	0.128499795605686	0.101469784950066	0.100625034285261	0.118897700509904	0.133483954759847	0.126669196431388	0.117956555266159	0.134769079125046	0.108515222743792	0.154449640605895	0.100661498633928	0.107898654011965	0.120018353531012	0.110503751003379	0.106351881850853	0.122711508845848	0.124244818471106	0.124318621099698	0.134409051922533	0.100213633813808	0.0805229228067323	0.12004926469615	0.113690854585492	0.115571544868495	0.135881447732779	0.127523069174329	0.108342754887843	0.106389702384235	0.109338646235837	0.106857225747591
700023693	0.181639826059195	0.137774794582007	0.101432137378673	0.182769423970659	0.155410792110457	0.100440839693604	0.173125028128492	0.0845917757971054	0.178199562804053	0.0887120878789089	0.124517130855806	0.121828137293511	0.098763202973222	0.122754671035987	0.0996007097889856	0.150086471832046	0	0.119242458261122	0.170906438696721	0.166158547038751	0.157633712736838	0.133961563369899	0.15638352805738	0.178202988208275	0.173984749529793	0.175121241857817	0.149621689409073	0.153748166672318	0.11546750117924	0.113917480580081	0.0953092623548447	0.147474107497925	0.122080539121391	0.103978355381956	0.181867776200393	0.127355419272174	0.138006286648163	0.106570017826817	0.177904232161468	0.0960927891584052	0.162345615249464	0.0978126491619856	0.138066836738425	0.143032122871906	0.102773005334962	0.109605431745292	0.139548876308427	0.0969702918494769	0.122272244901683	0.110444320872285	0.126700676053944	0.193388838437685	0.179830722413119	0.134217918764947	0.204428381939858	0.1038659657862	0.145884168871823	0.184817127785994	0.126893827689033	0.166084854465832
700109627	0.163454769238738	0.171316213719552	0.0902392451905673	0.177587947158013	0.151382608682763	0.0806318452900436	0.164061292544847	0.146171594662982	0.161659313268746	0.118371925283145	0.106349674488122	0.112417606829105	0.129659535677698	0.119278240141677	0.130281554551008	0.121558081161706	0.119242458261122	0	0.148196267919487	0.154159054723253	0.149762871474742	0.114723872471213	0.149508834643058	0.149840402995842	0.148750130623476	0.158892967787338	0.143115916239442	0.149011990776654	0.14245082279183	0.120197646386251	0.101627047157482	0.132123651218274	0.128299031290685	0.0993373729281956	0.162386551560013	0.128356815120588	0.109805635067679	0.0912701770645462	0.159832690498705	0.145747008036548	0.160045571947952	0.11392545191639	0.113553176284319	0.138533124369301	0.124946161038228	0.131552921738865	0.145447882431893	0.129199626107413	0.0932607234581736	0.107547704104313	0.109404860666004	0.17686523674959	0.162756492966686	0.117877689688333	0.171927149909653	0.140400820873008	0.145468411624356	0.171239779539346	0.117667819290222	0.158476069803393
700095416	0.0861659722540333	0.161951728168673	0.147180952035088	0.136065336855325	0.122248070500064	0.152537877912346	0.1054900709623	0.176638099816143	0.0852592274858044	0.155443597152489	0.110558845951264	0.137769299214074	0.149281113654552	0.144900967727021	0.156112583732736	0.0981530585906269	0.170906438696721	0.148196267919487	0	0.111690925727094	0.100881282872589	0.109672843664201	0.115245901187404	0.103586805709744	0.106721713769486	0.112033043484799	0.146500411588767	0.137793412591997	0.151219295153316	0.153626870886566	0.138718336184486	0.117569872488338	0.108978289131161	0.143945804910382	0.119780957902521	0.12421271948547	0.1182812153506	0.157117104675931	0.0936554115064537	0.177995284308129	0.108572080116186	0.143921097704113	0.10602410855594	0.111133755927978	0.137849800227479	0.129125239228994	0.119851201677628	0.146794887915018	0.141159346813626	0.129861497721295	0.110701201663845	0.110179374792428	0.113625296304144	0.104982541521236	0.115024645839328	0.140240639379547	0.113231675936581	0.100666777798792	0.129999652041682	0.108984422204767
700110425	0.0937769870102544	0.148836581567901	0.138605868195727	0.091687876915345	0.125483038485127	0.147630812537068	0.0809563942605612	0.1698473129221	0.107702506401022	0.156399196028524	0.11045185129886	0.130299291596884	0.137277211554254	0.13698485024146	0.129033013628299	0.112519745100651	0.166158547038751	0.154159054723253	0.111690925727094	0	0.0791587623301549	0.102655419507524	0.0875226224619328	0.109247987958367	0.0659591039616669	0.122297765463922	0.156451096990183	0.128687946798914	0.131059960586108	0.123379154057099	0.151668070608935	0.111333295097483	0.107198360884302	0.12942056607933	0.123337453655389	0.0876063135680433	0.146755208206111	0.153118708507263	0.10627958984753	0.161892123365846	0.136846586859267	0.125369608662367	0.1248805392696	0.0884543681788379	0.129215064960216	0.120875358038429	0.132162643486326	0.127317808228459	0.133188193429627	0.121677416675075	0.106751878521581	0.0780142209443971	0.0620615502810988	0.116245470014886	0.116381266745551	0.139779817682157	0.0707021141666141	0.0755810006830762	0.0931443626122934	0.0796653984167032
700111580	0.0896677027053618	0.14618819424878	0.138835082360454	0.106699026892245	0.128022679502214	0.144201787594828	0.0832727816000959	0.168180008199815	0.102180773523926	0.146408808012446	0.106342486105971	0.127258417182443	0.140739043860136	0.137829275846445	0.131847533104758	0.10459287467287	0.157633712736838	0.149762871474742	0.100881282872589	0.0791587623301549	0	0.087545383273756	0.0932037136579023	0.108906356152937	0.0663143883933835	0.12775990426936	0.159410020299882	0.14405594852955	0.126895916363993	0.140652581416384	0.141130394460135	0.0995319702845698	0.101369596050549	0.12949858873199	0.130789113462879	0.0989214064913364	0.151781447913556	0.143776643250908	0.118314677411943	0.156359583173726	0.12454244808136	0.119461079230967	0.122343781807445	0.0999404020445842	0.119479663921646	0.110132952106684	0.123396883626281	0.122270870979921	0.128647418176204	0.116993454426365	0.10835150477353	0.0883684798844375	0.0945925439372562	0.0948279613708851	0.118086775529356	0.131775581647722	0.0720228145960937	0.0743936630124532	0.0892850439535417	0.0851678466018122
700111302	0.117525565212848	0.144196077415962	0.0912461962729433	0.133557432189828	0.136320880175681	0.114167322907547	0.0992292126058231	0.140866748140606	0.106118188302787	0.125487556772781	0.0764722919576982	0.0847103036243932	0.11009083354699	0.136853000443608	0.115806911447034	0.0811506817173066	0.133961563369899	0.114723872471213	0.109672843664201	0.102655419507524	0.087545383273756	0	0.118216883692927	0.123026335372321	0.0835534882402434	0.145209308778084	0.153064376723535	0.13672218748651	0.128242967575024	0.123075465017953	0.113046760068238	0.0668957221875877	0.0899187411231921	0.0875451713602996	0.144315801840332	0.0994451710765291	0.135009994344361	0.121864174931831	0.126236032589922	0.13197725128201	0.137953597762035	0.0873750733574173	0.11350077607985	0.0889559652287018	0.108234508845561	0.125042234429634	0.134884723754541	0.0944471925772821	0.11824779613684	0.075030815058154	0.0800435309031538	0.121774099652869	0.118044059415082	0.0912163337160332	0.147794011718	0.103863973407206	0.0967998190453966	0.11106261390065	0.0823163864908505	0.10652904519061
700098605	0.104185085659052	0.132577277699106	0.130471813376189	0.101805960717771	0.120914445857558	0.136318556698483	0.104484161074783	0.169194960286655	0.109316144062299	0.143440243758914	0.114194410854725	0.127963371966022	0.147273026100817	0.114674636700992	0.12056981581233	0.125168217473275	0.15638352805738	0.149508834643058	0.115245901187404	0.0875226224619328	0.0932037136579023	0.118216883692927	0	0.110770676195691	0.107204091768871	0.111972646015691	0.136758735384192	0.129921409583538	0.138118836568322	0.124605710631705	0.147107190233937	0.114092844262606	0.113570014771102	0.132312349254063	0.115260528923602	0.103975184582556	0.136245099408095	0.135925850086248	0.11122925120451	0.158166223800552	0.133576937781989	0.132671233759424	0.129466707732023	0.102554990724295	0.133100835364157	0.112165217235517	0.124073458971001	0.133764699948145	0.12713798496062	0.120568754690765	0.104142816269472	0.0994410178287767	0.094585342765249	0.113928401811226	0.110985264743286	0.142540235761405	0.107502727380093	0.0921811186000545	0.10186861205807	0.0720151156638325
700111991	0.0772220408906047	0.161148386020858	0.151501643358724	0.114732127389378	0.139540826038226	0.166869248544234	0.113429186006897	0.185737880366005	0.111290494209287	0.166400271086772	0.12149797163338	0.159457821481839	0.165940690965457	0.147593016898818	0.169890237041956	0.106503127861119	0.178202988208275	0.149840402995842	0.103586805709744	0.109247987958367	0.108906356152937	0.123026335372321	0.110770676195691	0	0.111331746136856	0.102577289744377	0.144731914686991	0.122626744649751	0.153221329878668	0.167830161690726	0.158865327797789	0.137528001234377	0.115437280797649	0.147653572670614	0.115086153864006	0.112820479697215	0.136737810412021	0.163711460178208	0.103786468576435	0.185705069218876	0.113914664838766	0.156795528114523	0.131180342165545	0.12528826283287	0.147659020574663	0.132172162555011	0.11673779223133	0.163618446989517	0.141718574717351	0.153094602767564	0.124175559070998	0.113264319579026	0.10474095634238	0.117858138621226	0.0836417144074553	0.161098816877818	0.11938844694381	0.0970615481461935	0.128653209875931	0.115288862313375
700108960	0.0936165957225165	0.161552598525619	0.134137956402009	0.102081793800475	0.137477664632401	0.143592045315664	0.0698790043301669	0.178425260201721	0.104476919405684	0.159677362336407	0.106586717121891	0.121819754584112	0.148475207811021	0.147967030853084	0.135450613407101	0.101004702096553	0.173984749529793	0.148750130623476	0.106721713769486	0.0659591039616669	0.0663143883933835	0.0835534882402434	0.107204091768871	0.111331746136856	0	0.140151813725934	0.178839363335941	0.148244249930616	0.140961741589899	0.138772070550549	0.148997079924981	0.0902194531385506	0.1165780346104	0.130247410365298	0.136125268151889	0.0955847704857807	0.154666155509583	0.146203269267	0.11386746297951	0.165987245968576	0.138488450435325	0.121600431129006	0.129199342022544	0.0921045106149012	0.13460523483228	0.133939654206953	0.144140512274273	0.12864149193376	0.139063640390136	0.111963027682937	0.106421371188631	0.0829584162403411	0.0758923976151836	0.108888132885251	0.112039902517946	0.141517958687535	0.0817882749204666	0.072062606538049	0.0939151854816346	0.0850221430552359
700024452	0.107722173842357	0.151567373905409	0.157256415976311	0.114484799655206	0.104889157556775	0.164927443748452	0.116137751378676	0.186522532182485	0.107144650925752	0.164420334647341	0.138175830299252	0.157816171716023	0.169601906968163	0.128237215769517	0.156513994435186	0.120884733316312	0.175121241857817	0.158892967787338	0.112033043484799	0.122297765463922	0.12775990426936	0.145209308778084	0.111972646015691	0.102577289744377	0.140151813725934	0	0.155398141887161	0.121338115127454	0.121387849921357	0.145614767821406	0.167657814665915	0.143455383779481	0.134857703128431	0.152130660643533	0.0746463380696803	0.128519664419096	0.147857521063383	0.162942839740283	0.0972609520569876	0.174068002587982	0.12014954363912	0.152101959376813	0.140650899329359	0.135597158482664	0.136407973318237	0.116549795998984	0.105538258217711	0.163936244964349	0.151853426522716	0.151749468680921	0.123862996324315	0.103166811407731	0.105300797290848	0.135117389328202	0.109537993512396	0.158577919813934	0.125047409061997	0.113406372997693	0.124693891213516	0.122914995441656
700032931	0.15693919636188	0.134651163021478	0.142044864287655	0.177620457926111	0.150644683080546	0.138830840421217	0.18180859763846	0.136587292798718	0.162858778609174	0.134933029511612	0.131407367839956	0.150662270200299	0.133925643357508	0.138089576865389	0.146768350303861	0.15358382826102	0.149621689409073	0.143115916239442	0.146500411588767	0.156451096990183	0.159410020299882	0.153064376723535	0.136758735384192	0.144731914686991	0.178839363335941	0.155398141887161	0	0.124154990657062	0.14347655215375	0.138509153258897	0.142382244755232	0.157470544158929	0.121893379350966	0.128656236601216	0.159022598378799	0.1387194652205	0.143009772171721	0.148145532029647	0.160722231426864	0.151522568454635	0.147408078254077	0.137862898428627	0.143586599629909	0.146861797364516	0.132470639481902	0.136888721423037	0.131608842335283	0.137784290174519	0.129268689598806	0.142544810512372	0.142733020568528	0.174525998685051	0.16642578589842	0.129754111087857	0.164328955731562	0.130402117793535	0.156601183851685	0.170316516410704	0.136574143548098	0.160338011913056
700095837	0.129842844325015	0.146338387041216	0.140485647036374	0.147003935268509	0.128277842256608	0.15628412682014	0.150951927806063	0.153515418776499	0.138089045280235	0.138541173525022	0.114829251470694	0.14522379630122	0.13330294208242	0.144225079193028	0.142057303638682	0.119580213475357	0.153748166672318	0.149011990776654	0.137793412591997	0.128687946798914	0.14405594852955	0.13672218748651	0.129921409583538	0.122626744649751	0.148244249930616	0.121338115127454	0.124154990657062	0	0.107725140022651	0.118386043940567	0.155353278004072	0.148105083157785	0.109151741432211	0.120277970756449	0.125286403095369	0.127400300700316	0.126709938496227	0.15776637531337	0.125795272443148	0.154877445296278	0.1316848993721	0.130181095982494	0.140519507258702	0.127461338517488	0.115158610776095	0.114559871538255	0.123382484622253	0.138870585209624	0.140772543612156	0.139350324992252	0.119507194276365	0.147178864426387	0.143722850833646	0.140511896557001	0.135230379963543	0.129432503695081	0.13545773974248	0.142468281363464	0.130087202829348	0.140275292923134
700024548	0.153263077722513	0.121694124052999	0.111637119774861	0.141766620030457	0.119023543455586	0.116725656564007	0.144114843720251	0.115356008906524	0.164134667259893	0.112141173268409	0.119819891712388	0.11465079018498	0.1013410600559	0.115370177634271	0.0994313405767985	0.139207663486294	0.11546750117924	0.14245082279183	0.151219295153316	0.131059960586108	0.126895916363993	0.128242967575024	0.138118836568322	0.153221329878668	0.140961741589899	0.121387849921357	0.14347655215375	0.107725140022651	0	0.102071602994798	0.126011081800583	0.141864820326951	0.115949507505312	0.0959521944779311	0.132409856993254	0.110502317422964	0.153643371670661	0.119539056503689	0.154848051562706	0.106195834952598	0.13926511422018	0.0963337607076065	0.137702966957808	0.136632473082563	0.0743455434641501	0.0855659561869365	0.12523767923872	0.102857699906148	0.118553118128576	0.113238531675568	0.112639283938042	0.158428371538078	0.14447490953649	0.131075533607036	0.168708226102816	0.103591930704131	0.120163678136702	0.156107214807032	0.101367414945941	0.151707989038793
700110161	0.160201923935586	0.145210825933697	0.092883724459765	0.155699611618593	0.127110600792939	0.0969705714366375	0.146629280316326	0.126470887883434	0.153695665107838	0.0980749421075243	0.114915119398157	0.113016928582655	0.106478885466998	0.103469432497366	0.0869711271937643	0.135135569847018	0.113917480580081	0.120197646386251	0.153626870886566	0.123379154057099	0.140652581416384	0.123075465017953	0.124605710631705	0.167830161690726	0.138772070550549	0.145614767821406	0.138509153258897	0.118386043940567	0.102071602994798	0	0.118128805354828	0.129292107926742	0.123242590559151	0.0786417825990994	0.151523267419949	0.11810455629627	0.134488056898213	0.092520623078798	0.154833414525887	0.123253776041659	0.155743806004441	0.0918284326453711	0.12418377564584	0.122720390840867	0.102804230562648	0.11568017608556	0.143658757343655	0.0955770929990041	0.10134954614878	0.0975967220540839	0.113542687048673	0.15457156681838	0.147277392862338	0.124257672577837	0.175943767889023	0.106921548882254	0.11931938128824	0.146403581127843	0.0991505831718043	0.138024329961967
700023496	0.161196481277313	0.144037724713602	0.0982308449693929	0.174954900716828	0.142514362724092	0.0854516130840554	0.154256762768828	0.121362156150838	0.157953478762339	0.100730849302842	0.103965328397976	0.109806767187944	0.107951589601155	0.12305099688577	0.125197863414394	0.128499795605686	0.0953092623548447	0.101627047157482	0.138718336184486	0.151668070608935	0.141130394460135	0.113046760068238	0.147107190233937	0.158865327797789	0.148997079924981	0.167657814665915	0.142382244755232	0.155353278004072	0.126011081800583	0.118128805354828	0	0.129306644216639	0.107814134805579	0.0929490962081509	0.168109780014642	0.12009483250245	0.119667256387792	0.106491377758348	0.162286502962801	0.128362874132508	0.137810167186664	0.104125909534389	0.103191773423328	0.134202171399518	0.0978558397100102	0.118164183622725	0.131173555334158	0.102931927127301	0.0950569652082607	0.103030259821131	0.112938820974487	0.178677367070694	0.172201890389881	0.105053366783787	0.186703304184384	0.110952065864705	0.130835084085121	0.166538750682963	0.122890676989817	0.156569416435518
700034628	0.130539577179567	0.149926435321438	0.0999590282176129	0.132343637001864	0.153543725326655	0.127865023434752	0.0896332894449065	0.148013915938727	0.110571993098468	0.141617862496886	0.105409251709047	0.0854736566537947	0.125353235314407	0.146166915971869	0.114031682728812	0.101469784950066	0.147474107497925	0.132123651218274	0.117569872488338	0.111333295097483	0.0995319702845698	0.0668957221875877	0.114092844262606	0.137528001234377	0.0902194531385506	0.143455383779481	0.157470544158929	0.148105083157785	0.141864820326951	0.129292107926742	0.129306644216639	0	0.109846012222829	0.107978097175423	0.144664201305155	0.0936330440317336	0.149536516697747	0.120071603947471	0.131184240568109	0.143866895212481	0.145470958536738	0.0936295584270911	0.125570441219354	0.0757249935891378	0.112208607808649	0.13882597807357	0.140355551553889	0.108267902005693	0.139912984536018	0.0795724138656085	0.0909601383580583	0.122135603387603	0.124329998862102	0.109286793918279	0.158933807556936	0.10897267673359	0.114901460524539	0.108505574265474	0.0905254531417762	0.0902300391960144
700023645	0.118353683934215	0.117196422227243	0.111171378019309	0.139638809605623	0.125553131060065	0.118425678991419	0.119450776041109	0.125802554538021	0.113428747682985	0.105486457282718	0.0831704034703614	0.111649888450558	0.110198222226546	0.126570150116944	0.128425502364002	0.100625034285261	0.122080539121391	0.128299031290685	0.108978289131161	0.107198360884302	0.101369596050549	0.0899187411231921	0.113570014771102	0.115437280797649	0.1165780346104	0.134857703128431	0.121893379350966	0.109151741432211	0.115949507505312	0.123242590559151	0.107814134805579	0.109846012222829	0	0.0886855425562441	0.132196608999411	0.0880960182378876	0.118153774639252	0.124833077921444	0.123203483085038	0.126271691338472	0.119062009580974	0.0979887940254303	0.0999919684288306	0.09815708471087	0.100189912386829	0.0960517978723332	0.106586710302623	0.097388343111661	0.117884460190252	0.0989645611896623	0.0843418047574234	0.126877548693626	0.128226405617791	0.100102234377977	0.139405710313173	0.100154994351051	0.103518656888675	0.115515824416265	0.091290841277819	0.117314530066014
700038744	0.155494795059808	0.131656017790916	0.074117562720738	0.153236011228248	0.135135288466118	0.077522586570818	0.133438419844098	0.110784976146213	0.146499369702824	0.086241086279461	0.0890176840060551	0.0944160378318445	0.0854436293940874	0.100550342755036	0.102699043169088	0.118897700509904	0.103978355381956	0.0993373729281956	0.143945804910382	0.12942056607933	0.12949858873199	0.0875451713602996	0.132312349254063	0.147653572670614	0.130247410365298	0.152130660643533	0.128656236601216	0.120277970756449	0.0959521944779311	0.0786417825990994	0.0929490962081509	0.107978097175423	0.0886855425562441	0	0.147354794113228	0.0997245202542404	0.115997331474307	0.0855904993211708	0.146456018643834	0.105406521821407	0.135856747881855	0.0718927654339453	0.100265001827435	0.11995805599515	0.0848829051733002	0.101834009435328	0.133360542644944	0.0775265625457005	0.0901424726429514	0.0817235845860879	0.0938346796918948	0.159702030608497	0.152220077367218	0.104974372823113	0.175036154386554	0.0830129961701597	0.121754041213358	0.147369694517163	0.09333838128265	0.143287502018493
700038485	0.115076373730111	0.146473588280425	0.157476167515706	0.119633042102039	0.110106921141622	0.166449730433057	0.120272199713492	0.185379843396715	0.111565907061796	0.16684719792522	0.137339676382198	0.164119271132462	0.175231009218745	0.129174303029647	0.164278435586985	0.133483954759847	0.181867776200393	0.162386551560013	0.119780957902521	0.123337453655389	0.130789113462879	0.144315801840332	0.115260528923602	0.115086153864006	0.136125268151889	0.0746463380696803	0.159022598378799	0.125286403095369	0.132409856993254	0.151523267419949	0.168109780014642	0.144664201305155	0.132196608999411	0.147354794113228	0	0.125366030501732	0.149051618630848	0.169962001250162	0.108032801935409	0.178260399369667	0.128009916477752	0.157162649879866	0.143855291376877	0.134928801456207	0.142934338754411	0.123587902845167	0.11680679121827	0.165826265670197	0.15371113980128	0.155633623553856	0.128944682935586	0.105433572019593	0.117954704882522	0.127850305854694	0.115305316878969	0.166812691939036	0.143998914769244	0.122807174168555	0.133623223306365	0.12435857027063
700024743	0.121221975421499	0.126280903909647	0.109970073721097	0.118421046627554	0.135094082743719	0.120813259349211	0.0972983678775451	0.13486481740441	0.117871456076498	0.12530813408821	0.0993709125442124	0.118925942432125	0.126138497179179	0.12358542534174	0.126165007082217	0.126669196431388	0.127355419272174	0.128356815120588	0.12421271948547	0.0876063135680433	0.0989214064913364	0.0994451710765291	0.103975184582556	0.112820479697215	0.0955847704857807	0.128519664419096	0.1387194652205	0.127400300700316	0.110502317422964	0.11810455629627	0.12009483250245	0.0936330440317336	0.0880960182378876	0.0997245202542404	0.125366030501732	0	0.137506978802091	0.127709090546085	0.124370263394942	0.132277542444606	0.132547075618999	0.108778993233976	0.121446161276441	0.0901979048961223	0.112590695446142	0.107697619263068	0.12150208848505	0.101028301906451	0.120584637723462	0.108077014691742	0.0976472763828692	0.11301674857073	0.108067098996662	0.100630115009941	0.1337245732039	0.125706275244438	0.102429784935447	0.101110478074143	0.0860216054709832	0.101436142005656
