700108602	700014971	700033565	700109389	700023058	700023927	700106341	700114221	700023543	700023439	700016978	700024192	700113058	700099448	700109870	700033928	700023693	700109627	700095416	700110425	700111580	700111302	700098605	700111991	700108960	700024452	700032931	700095837	700024548	700110161	700023496	700034628	700023645	700038744	700038485	700024743	700099596	700110760	700101587	700106399	700032322	700095653	700021312	700101230	700023590	700038905	700033136	700023382	700096424	700105469	700016908	700096053	700108479	700109569	700033814	700016125	700109756	700102665	700101777	700109455
700108602	0	0.141683743640152	0.154734953990764	0.105028073778132	0.121823204752183	0.169804628871928	0.0761133000324696	0.185109322580767	0.0865662066423846	0.167560952905101	0.123289961165638	0.154481192366932	0.161075597480049	0.147793121884276	0.163506229211093	0.112558569114173	0.181938700552554	0.158499794702674	0.0907856681996021	0.100181537606823	0.0896985195577783	0.115908121493661	0.105344796774891	0.0782505844974591	0.0897490287783447	0.11430678325223	0.145440415624814	0.136147716294884	0.147858447688868	0.167519627262798	0.162341390114972	0.116391636761297	0.111731486615281	0.152534848872569	0.120650152722062	0.115827901230758	0.137571338201703	0.173604159686059	0.097306202907635	0.177496663814367	0.101295627131602	0.154589549679072	0.139090451982189	0.111535586975077	0.146562351139836	0.121185679127288	0.126203745917153	0.154521771040382	0.145851796641092	0.138774849043222	0.120806933195714	0.0903004939586891	0.0899868507239199	0.113685489684972	0.0805664272304508	0.159908750997156	0.106321023654428	0.0796700895706622	0.12798206781967	0.099758727394311
700014971	0.141683743640152	0	0.155478435304484	0.163433982100319	0.118794679682085	0.150376353951742	0.147686948269678	0.140602529421463	0.143741236275551	0.137454958329905	0.133290823600887	0.15709513613127	0.133351826199598	0.128469690702375	0.145176389491102	0.148021750772961	0.123290082534569	0.154767991828238	0.151557847675887	0.139070887577419	0.135157232405697	0.129719355398641	0.12232422345196	0.148279886257119	0.151164108321996	0.146210017012607	0.128891517931743	0.135033851734131	0.121055340565564	0.135864869002805	0.134487621559526	0.145082993164671	0.119925006917195	0.134115925647218	0.13139219209492	0.124085570867546	0.133970317273646	0.166073358212283	0.131548857350705	0.139339191016268	0.142108571348308	0.135214428830339	0.140929894623302	0.134221994212464	0.130445297255195	0.117029277776863	0.100718577922292	0.131627844084328	0.126374092583196	0.133329372091566	0.13975249385377	0.149067492495002	0.137657062751486	0.115597108702066	0.151223599724853	0.126428028131287	0.140905000075148	0.144200594327958	0.134619510529892	0.143920625640813
700033565	0.154734953990764	0.155478435304484	0	0.138620151879958	0.155898063409514	0.075949233761538	0.130967017633546	0.122298940523816	0.147718493328311	0.102914499431167	0.0888045090845412	0.0526649173484071	0.101569847635559	0.121028142628972	0.0819006998735902	0.10824987094816	0.121330432422371	0.104089741176086	0.133469498554593	0.129491279413181	0.132399013707494	0.0904860052860654	0.125682485870549	0.142063682424688	0.126510819979116	0.162127830855347	0.138040638069819	0.141328416177215	0.126148555874218	0.105971662617819	0.106602245965529	0.0989102837584493	0.111371418807111	0.0893609641354337	0.159137870881103	0.111377235640841	0.144415422070365	0.0879857688625404	0.153286162051708	0.118218222019882	0.139987267692455	0.0859397415487493	0.135664506093003	0.111219717785426	0.104437968522828	0.122020328283917	0.149211099414674	0.0922153389830944	0.110882878848478	0.0699121528141732	0.068571265543312	0.159966961098601	0.142883954675691	0.132671664169137	0.165714869633119	0.103192881006664	0.123110660468141	0.147421972529299	0.0755639746907014	0.126426110588657
700109389	0.105028073778132	0.163433982100319	0.138620151879958	0	0.134439808300327	0.168539268974288	0.0817593841254771	0.18370487172219	0.128450950573375	0.170136297627955	0.137950925894186	0.137796997817915	0.167621619202398	0.149582664173782	0.146620755570779	0.136310584204834	0.183743912663098	0.187483682345364	0.134082121360948	0.0904275242673616	0.107638458855826	0.140794229757109	0.0969840882603749	0.121190512603665	0.103071866676705	0.117958362580733	0.173836288383637	0.145760912689822	0.14085069079459	0.160489589810098	0.176891489501767	0.142039492172273	0.129055543503554	0.157065967516221	0.123642950501293	0.118816602516644	0.168232464156634	0.16527067228563	0.130443906317095	0.170772619745861	0.130724726616747	0.160842658944188	0.149079577839812	0.118837967130871	0.141440036940644	0.132858623117981	0.144481754532594	0.153027609760673	0.160698879606997	0.136267641275246	0.114988275848574	0.096783085861232	0.0729951060565411	0.149539984162295	0.101835948659113	0.166213667057903	0.0987265361514027	0.0912257796548169	0.110985161997284	0.100388751876019
700023058	0.121823204752183	0.118794679682085	0.155898063409514	0.134439808300327	0	0.150554504578354	0.114208124510156	0.157759760962704	0.107030753027293	0.14364856687816	0.11428117611011	0.148216388815857	0.14829178051036	0.13119367007183	0.146797395265338	0.125300751232281	0.137716033369845	0.157775420045672	0.128301948832373	0.114237688131567	0.121283145771726	0.121989621884884	0.118771837869912	0.121836175818743	0.131910419824365	0.107760301527424	0.144674236335336	0.129775248859878	0.129586675464804	0.136113140050553	0.144619467421501	0.141477882237902	0.116158305598007	0.134463406298117	0.104884282568751	0.1276467691695	0.117869017938838	0.149141080058598	0.102894994278398	0.154913826792711	0.133297297025726	0.135645322677432	0.113300842146591	0.127343471105724	0.126234559236087	0.11136945505182	0.112883723461507	0.135926427206538	0.123781368840318	0.125381571348596	0.128705055311552	0.123178451989291	0.111345230283063	0.116501862926865	0.123791126565193	0.149831839644981	0.123622025970672	0.125824199363503	0.127434350721508	0.124451950274238
700023927	0.169804628871928	0.150376353951742	0.075949233761538	0.168539268974288	0.150554504578354	0	0.151425945383015	0.116286491056446	0.160035333787613	0.0998974939289667	0.114479844811059	0.0835342624807572	0.106973395957848	0.101916513734756	0.0898157853187715	0.128331231996287	0.103971638876767	0.0870075992419285	0.147853885046118	0.147057038345806	0.144637506526072	0.11531143632567	0.136515569659487	0.155807011521061	0.146006515022237	0.170461663864406	0.136769385654399	0.161339646285482	0.128184116651184	0.0974956875243087	0.0874745459894918	0.119572195823802	0.12784860680853	0.0852097520161574	0.164327953773433	0.126663573798184	0.132129382381308	0.0657179199208748	0.166255448746933	0.116686041297632	0.150630383202528	0.090015543273205	0.122085682752465	0.136775737214324	0.112141530289215	0.117873428327994	0.151469894426345	0.0995122307080862	0.0808515341600383	0.0809662679185445	0.100108132253243	0.174051248323795	0.161430767153897	0.121588549160939	0.176300261823383	0.112861446857333	0.135013999393408	0.16062145205617	0.102419244765772	0.148103367297725
700106341	0.0761133000324696	0.147686948269678	0.130967017633546	0.0817593841254771	0.114208124510156	0.151425945383015	0	0.173770432026885	0.0860987301865618	0.158453289847233	0.112987485194949	0.123492631515142	0.150345528292653	0.138446375091626	0.136734730727226	0.111299089227819	0.17573806953042	0.169828789819325	0.099276127061856	0.0706776769712016	0.0805356332578233	0.100546603190992	0.0968533474454486	0.100921031441199	0.0639703333756718	0.125419634455982	0.168099156675483	0.147474586375207	0.144381616326889	0.151917023342074	0.158979334028333	0.0856852623394427	0.108069754926243	0.139534138255176	0.128979028450866	0.0892003219308816	0.149654459555523	0.157659398427188	0.0929880643707623	0.168692310261463	0.12204230914211	0.137592210285996	0.122466035456189	0.0883945898744197	0.128750814585865	0.127596168252512	0.133918311400953	0.132954133526277	0.141421738232334	0.1054904956951	0.101390583366201	0.0702964908150017	0.0724817271732557	0.116339576969423	0.10427687471577	0.14947662504324	0.0895830038085793	0.0612072694948059	0.105737779212931	0.0687596284764513
700114221	0.185109322580767	0.140602529421463	0.122298940523816	0.18370487172219	0.157759760962704	0.116286491056446	0.173770432026885	0	0.183476210469282	0.0926976448657511	0.135116041045626	0.119754673453076	0.0862555359099628	0.145612666180595	0.0996162910088306	0.15849318567942	0.0884321887297665	0.149052457513201	0.17535396664844	0.164000326741793	0.166019602043197	0.134538088710833	0.159065444235196	0.177444321552412	0.175536789887998	0.191674256760279	0.146826131659142	0.145306710138724	0.121492632722598	0.118382173583866	0.121730643089754	0.142722292475869	0.132588465101264	0.118067970697184	0.180770368787555	0.134846427585102	0.156865534750228	0.106309419177355	0.177978745033667	0.0871847506660966	0.165210900549174	0.0867324349437789	0.165473732569912	0.150623000869865	0.100827220528664	0.138609039456029	0.138167330129059	0.0845692247623085	0.137757438806334	0.11643128143973	0.134386295845828	0.196444022677831	0.178299949058077	0.152962265324519	0.199844418760096	0.104842879416594	0.146558512726132	0.191713841135548	0.131577964147085	0.169041043765258
700023543	0.0865662066423846	0.143741236275551	0.147718493328311	0.128450950573375	0.107030753027293	0.160035333787613	0.0860987301865618	0.183476210469282	0	0.160239124833183	0.107934426867075	0.144856759106654	0.157080648925983	0.134025850580965	0.155012658024615	0.0956844756527272	0.176052151651781	0.159462940621432	0.0959358237365568	0.101039348035736	0.10185005331178	0.106986397080434	0.112543173132638	0.0924576594092944	0.101625373168601	0.0964241710840626	0.144156073596146	0.12368027895994	0.155742795479308	0.158040516713612	0.160049255672267	0.103014441450691	0.107849715437118	0.143490349377877	0.108250937445915	0.118816319352187	0.138929326177067	0.169023793357199	0.0817894298775636	0.175303754951768	0.114443625747316	0.145996159830918	0.124260456951363	0.0987497613916323	0.145484988126179	0.127426230381318	0.121076323300309	0.145274094380319	0.151016754541258	0.122893757695002	0.118593222344986	0.0788402507940274	0.0992681412820229	0.123864484266976	0.10223875444528	0.156155328437041	0.123025701657747	0.0895102545154234	0.130146397741001	0.10035823054269
700023439	0.167560952905101	0.137454958329905	0.102914499431167	0.170136297627955	0.14364856687816	0.0998974939289667	0.158453289847233	0.0926976448657511	0.160239124833183	0	0.107589328367565	0.10449749625089	0.0818386518481626	0.126086360684466	0.0958496287845382	0.142239291171365	0.0821765188330867	0.110142650648259	0.151164190422473	0.148594275877079	0.141350580570163	0.118244166805424	0.139694365438065	0.155780747840623	0.15683706831033	0.16986450491091	0.137952207887839	0.14006982112059	0.115079539866892	0.104602252521758	0.0973029583600802	0.130062884306646	0.110628314826186	0.0954299096329266	0.166597720024141	0.116187120027052	0.135921742507692	0.0837301163578527	0.167580647905793	0.0827360453227819	0.141508104652211	0.0884641289351113	0.143556699946819	0.133672096116807	0.0991157816351317	0.110955286562561	0.135226231195542	0.087101065061876	0.104289774800401	0.108085420995205	0.114713739974164	0.1777249463288	0.161202555743398	0.126008551169933	0.173651295678557	0.0942438265083645	0.129749078500914	0.167360717368591	0.107199611856013	0.154683884645241
700016978	0.123289961165638	0.133290823600887	0.0888045090845412	0.137950925894186	0.11428117611011	0.114479844811059	0.112987485194949	0.135116041045626	0.107934426867075	0.107589328367565	0	0.0920293786976359	0.10115074625447	0.120933534022675	0.117590370699762	0.0996843851213394	0.123848442190753	0.113449262037292	0.106059262091046	0.103492859746511	0.10640478678669	0.0607778573805472	0.117801840840739	0.114036490390613	0.10349987094451	0.13984542911016	0.124395082848089	0.113144175364266	0.124014663976425	0.114390954805725	0.110115191271651	0.0854142989907485	0.0765987017516318	0.0880140630918127	0.140708450863312	0.0901213415844308	0.120578908056318	0.122480529521773	0.118954811228006	0.127706450367389	0.116458678153589	0.0878565440367351	0.114992564478039	0.0914207427837277	0.10140117198397	0.110076959949092	0.127994810509244	0.0919677948975968	0.107639534890186	0.080899816204031	0.0881857759003793	0.135065319222572	0.121203900159226	0.099860729581549	0.133248414852173	0.106629513971234	0.108363713807072	0.126727686224753	0.0935802819819734	0.120261327695476
700024192	0.154481192366932	0.15709513613127	0.0526649173484071	0.137796997817915	0.148216388815857	0.0835342624807572	0.123492631515142	0.119754673453076	0.144856759106654	0.10449749625089	0.0920293786976359	0	0.0918504439830736	0.132638711880967	0.0859713739133492	0.107591914359249	0.116179674449383	0.120950605476002	0.125217506713406	0.125879703166971	0.126793935976851	0.0863469103600612	0.12642878475467	0.148743711730401	0.122649094244866	0.158773921789376	0.146808769938734	0.137901165160112	0.117792920042747	0.116015403384381	0.110644484551308	0.0851760901951926	0.0985125745958594	0.0862394917604746	0.157597043280452	0.107829561485255	0.147010770919436	0.0917334759153766	0.155845219082014	0.105233299601907	0.136400747502284	0.0728179617524717	0.136965820380762	0.106110474822263	0.0885526611726193	0.117764107672946	0.149764594159143	0.0793855351248508	0.119082395909073	0.0623603342391703	0.0637105678781856	0.156938748892081	0.143146534329043	0.132564236974815	0.170812985571672	0.0966852056886179	0.115910962489637	0.145831286934861	0.0765633190679723	0.123042049206754
700113058	0.161075597480049	0.133351826199598	0.101569847635559	0.167621619202398	0.14829178051036	0.106973395957848	0.150345528292653	0.0862555359099628	0.157080648925983	0.0818386518481626	0.10115074625447	0.0918504439830736	0	0.130457126269915	0.0899236022039219	0.134056131868408	0.101926247112232	0.131533009650847	0.144341154806892	0.142062726094528	0.143101791138596	0.104585326782417	0.139448629434191	0.156998671079868	0.148443248809275	0.168240580708641	0.142147381163137	0.122058231611313	0.111358193194804	0.101146366752352	0.110638772841644	0.11557765795341	0.111193721347707	0.0891534678087685	0.165139500310726	0.119345157726574	0.13400717685649	0.108321442106806	0.158747299908989	0.0901913383070961	0.138533322597926	0.0690008043319493	0.157377601765213	0.126332428397084	0.0860369473456766	0.112467637074084	0.136752919069444	0.0811348638311825	0.11310876950441	0.0942086984697625	0.11378973608478	0.173035152696231	0.158497450042343	0.140506023803839	0.179195831214896	0.0737772928595309	0.126128703899175	0.166379946148089	0.109563151221509	0.145207692709567
700099448	0.147793121884276	0.128469690702375	0.121028142628972	0.149582664173782	0.13119367007183	0.101916513734756	0.138446375091626	0.145612666180595	0.134025850580965	0.126086360684466	0.120933534022675	0.132638711880967	0.130457126269915	0	0.113932860648738	0.138511705754796	0.129682288125721	0.129259770535097	0.136856976255042	0.125793732083523	0.127921538748514	0.129050411431021	0.107463643840714	0.131340865249535	0.136844329995888	0.135314608077509	0.12984509189928	0.138043311964162	0.112347756536041	0.0930378284369027	0.115675865078832	0.134007975940445	0.116046621175599	0.104137392991415	0.132871208944602	0.121442477603311	0.128229150560846	0.118617116157405	0.137800148822245	0.144256056730872	0.145466791509653	0.120445730097004	0.108107062144924	0.135200495841143	0.108292357340009	0.109103101722569	0.129455954627184	0.122202793345857	0.0832684220004377	0.112054191924745	0.117821634011536	0.129010180425215	0.137485341642019	0.126351444580859	0.144599351662269	0.135757210010342	0.117195575224468	0.128360200754311	0.10072928869124	0.13437332695686
700109870	0.163506229211093	0.145176389491102	0.0819006998735902	0.146620755570779	0.146797395265338	0.0898157853187715	0.136734730727226	0.0996162910088306	0.155012658024615	0.0958496287845382	0.117590370699762	0.0859713739133492	0.0899236022039219	0.113932860648738	0	0.134945493588472	0.108935766612836	0.13887443909194	0.151858705665597	0.129472663695584	0.133464446013968	0.113565958273218	0.122594632049122	0.157840104297874	0.139185472620841	0.165749131952576	0.142650409769122	0.142334331075676	0.11037928336183	0.0889965614986662	0.117652562008652	0.11556866540681	0.124407719313237	0.102328529462863	0.164443848005718	0.121460771855177	0.152940853069163	0.0798659896197258	0.163488753958043	0.0959106711110042	0.157049578689608	0.0805683783691648	0.151396351722645	0.124735057434634	0.0861778092616703	0.116040390394652	0.142372811898699	0.0830982098219738	0.111954852826804	0.0818833229860156	0.100716982332404	0.157848095187141	0.143101468673167	0.143878979187784	0.173577413240638	0.0945897079290458	0.112276347216509	0.150821828088741	0.0918741171230886	0.13015685902334
700033928	0.112558569114173	0.148021750772961	0.10824987094816	0.136310584204834	0.125300751232281	0.128331231996287	0.111299089227819	0.15849318567942	0.0956844756527272	0.142239291171365	0.0996843851213394	0.107591914359249	0.134056131868408	0.138511705754796	0.134945493588472	0	0.149349603484953	0.121688127688062	0.0993178795985943	0.121146322348652	0.112301553310019	0.0968316894565158	0.125291153951513	0.0975103883667484	0.118268758573791	0.125632037641374	0.138637350904418	0.119186256702691	0.140221548039845	0.143221793289826	0.128653171193008	0.106406008227462	0.103219133527817	0.122674038700501	0.127135463616015	0.126227716994667	0.140047577156541	0.145386424775107	0.109545806424645	0.15378453528414	0.0989104678450303	0.114627756941625	0.136352877485378	0.112944834431177	0.121313905855991	0.125153432558921	0.12314772299016	0.125364868745727	0.13437719893042	0.100315227478962	0.0899531702642448	0.124013145729366	0.112614579588339	0.125549594697221	0.130217310750809	0.134211256874472	0.124166442003669	0.11400950896357	0.113771241265994	0.115710920557002
700023693	0.181938700552554	0.123290082534569	0.121330432422371	0.183743912663098	0.137716033369845	0.103971638876767	0.17573806953042	0.0884321887297665	0.176052151651781	0.0821765188330867	0.123848442190753	0.116179674449383	0.101926247112232	0.129682288125721	0.108935766612836	0.149349603484953	0	0.131200534061151	0.168999100356304	0.165288285759381	0.160489678905052	0.138636902196387	0.150232909677933	0.17435950030046	0.176741073614004	0.181576599241991	0.135078078737379	0.15004176481472	0.109209939126694	0.109727361794963	0.0976282195473613	0.145198045643781	0.13477235871074	0.110069057867949	0.164995049692545	0.133332716285046	0.143608524140979	0.103860037115223	0.172338658255789	0.0987333007140908	0.15289215957161	0.0955036353161671	0.147719015574443	0.152805569155741	0.105788639149087	0.11336002913027	0.134070709164365	0.0985297111660892	0.115504337968524	0.116756999768261	0.133006453147739	0.19168744744953	0.171573666333933	0.135881578615232	0.187873487301608	0.104221179944575	0.148316013707476	0.186793306359059	0.130942905384502	0.171976379316987
700109627	0.158499794702674	0.154767991828238	0.104089741176086	0.187483682345364	0.157775420045672	0.0870075992419285	0.169828789819325	0.149052457513201	0.159462940621432	0.110142650648259	0.113449262037292	0.120950605476002	0.131533009650847	0.129259770535097	0.13887443909194	0.121688127688062	0.131200534061151	0	0.143447056874088	0.160404894023462	0.15270964515653	0.119315941176352	0.156655290822541	0.142974090502109	0.157247235758851	0.18129179586042	0.13254557538724	0.156362326171753	0.155650278463411	0.124519080335682	0.099025689285937	0.139419429072825	0.130616596526394	0.109717677695064	0.173157322692264	0.148461355270485	0.12571516138341	0.108260320316546	0.167214391217413	0.14852967462869	0.148905912657999	0.116362859158218	0.125929396177987	0.149850751308799	0.142205142740268	0.1384417829649	0.152719723860634	0.13651282845427	0.0949333132222144	0.114741657852074	0.113378622054573	0.185307178786117	0.171859920276805	0.113721446080704	0.169043469126083	0.133585333901313	0.158264911778278	0.176065448402938	0.130725309561761	0.165611964834192
700095416	0.0907856681996021	0.151557847675887	0.133469498554593	0.134082121360948	0.128301948832373	0.147853885046118	0.099276127061856	0.17535396664844	0.0959358237365568	0.151164190422473	0.106059262091046	0.125217506713406	0.144341154806892	0.136856976255042	0.151858705665597	0.0993178795985943	0.168999100356304	0.143447056874088	0	0.110233738652875	0.0907434236550432	0.103431399711608	0.121839700034378	0.0904074621583018	0.102590435519722	0.120626856752266	0.151118003419386	0.134823913729258	0.147288817335025	0.154876076845071	0.139853275320831	0.104304493654945	0.0970839949252176	0.135754098669802	0.122233190715053	0.120455640691529	0.128108142021001	0.158300560601064	0.10595671457962	0.167486048043566	0.0959099439201879	0.137163954405969	0.114988505796678	0.111912775364688	0.129530470133728	0.118229110425879	0.123148016782106	0.138913678696259	0.132857119674927	0.120201475427461	0.101318880543128	0.118286457491972	0.117570324195013	0.109449269381439	0.107115020540557	0.141603995369188	0.115704762401348	0.105514266777223	0.115383586491504	0.116574064076703
700110425	0.100181537606823	0.139070887577419	0.129491279413181	0.0904275242673616	0.114237688131567	0.147057038345806	0.0706776769712016	0.164000326741793	0.101039348035736	0.148594275877079	0.103492859746511	0.125879703166971	0.142062726094528	0.125793732083523	0.129472663695584	0.121146322348652	0.165288285759381	0.160404894023462	0.110233738652875	0	0.075749680399816	0.100198952599885	0.0893148658378877	0.109678982464399	0.059023268465821	0.131478338759228	0.148176285086651	0.132971356075745	0.131170024493801	0.13208595010019	0.154227215778372	0.101844036492932	0.0981966604049721	0.133047749901388	0.126763854987073	0.079872618387184	0.138851791135248	0.15172560311735	0.111692260291442	0.160974330507361	0.127740686128675	0.128223744116552	0.12155037201997	0.0852165575759835	0.117048185525586	0.116055315406292	0.129172038174565	0.127714307337961	0.126869808462428	0.102406947776474	0.106406889847765	0.0812946389580875	0.0585321454774878	0.119084896223687	0.111755121934046	0.144801031045317	0.0732489483008807	0.0818350612994868	0.098536773872072	0.0834811560378093
700111580	0.0896985195577783	0.135157232405697	0.132399013707494	0.107638458855826	0.121283145771726	0.144637506526072	0.0805356332578233	0.166019602043197	0.10185005331178	0.141350580570163	0.10640478678669	0.126793935976851	0.143101791138596	0.127921538748514	0.133464446013968	0.112301553310019	0.160489678905052	0.15270964515653	0.0907434236550432	0.075749680399816	0	0.0938702847807994	0.100478271305081	0.0978989888237712	0.0700349713901409	0.136988900892387	0.151861971105326	0.144135583210326	0.12737838512671	0.143391507452073	0.1511358741191	0.0968381145021795	0.0939109767330388	0.133145907697754	0.140636237488994	0.0969299961274012	0.151810172919724	0.14844444561214	0.115760674280469	0.152451997107415	0.112939551845086	0.124619419653548	0.127154354492826	0.101682507852408	0.109111706184336	0.106051563758882	0.124753594218329	0.123005978718587	0.125148655592299	0.109483179216743	0.10794311507394	0.0944278270081806	0.0899404309178307	0.10635546084018	0.107598800566071	0.137832255569357	0.0674105958494089	0.0726024292581969	0.0931913525770568	0.0837673716172317
700111302	0.115908121493661	0.129719355398641	0.0904860052860654	0.140794229757109	0.121989621884884	0.11531143632567	0.100546603190992	0.134538088710833	0.106986397080434	0.118244166805424	0.0607778573805472	0.0863469103600612	0.104585326782417	0.129050411431021	0.113565958273218	0.0968316894565158	0.138636902196387	0.119315941176352	0.103431399711608	0.100198952599885	0.0938702847807994	0	0.125536020928186	0.107890996719304	0.0907069110667664	0.148986017287091	0.136756788115294	0.127337313295498	0.130385134189965	0.12282033541803	0.12339413671434	0.074213105034246	0.0724961748586946	0.0958184369554603	0.147761291965726	0.0948189581930665	0.126672222522545	0.13369386657228	0.122423303668416	0.130473591823762	0.12590350286219	0.0846681505777751	0.118311038283918	0.0970140037381041	0.100801016017162	0.119619612035208	0.13295372664032	0.091660074073011	0.112599335353395	0.0705614043788039	0.0809192996423595	0.130588887818233	0.12290208667934	0.103342986673691	0.143803137397662	0.10385535162827	0.100455537065943	0.120996817828599	0.0875508491705658	0.112727701130312
700098605	0.105344796774891	0.12232422345196	0.125682485870549	0.0969840882603749	0.118771837869912	0.136515569659487	0.0968533474454486	0.159065444235196	0.112543173132638	0.139694365438065	0.117801840840739	0.12642878475467	0.139448629434191	0.107463643840714	0.122594632049122	0.125291153951513	0.150232909677933	0.156655290822541	0.121839700034378	0.0893148658378877	0.100478271305081	0.125536020928186	0	0.114781859252415	0.107954818825375	0.128199067462944	0.132072368376524	0.123339463430361	0.125407556113003	0.123849050392802	0.144753471679279	0.114848621507599	0.11001734671956	0.127324155362001	0.119321100060852	0.099953456040953	0.138532677754111	0.135253631046883	0.118149137288572	0.151563460674642	0.126894679808384	0.133717425909064	0.130082395457842	0.0979956400745567	0.128220486164713	0.104587565463795	0.117523444574579	0.130834718989429	0.124130854643027	0.108385328877117	0.112716969338315	0.0981182065320113	0.0841635302066084	0.119864103147725	0.109830787244202	0.140752702893739	0.103188953490326	0.0932351777283289	0.103178339390525	0.0748954931852379
700111991	0.0782505844974591	0.148279886257119	0.142063682424688	0.121190512603665	0.121836175818743	0.155807011521061	0.100921031441199	0.177444321552412	0.0924576594092944	0.155780747840623	0.114036490390613	0.148743711730401	0.156998671079868	0.131340865249535	0.157840104297874	0.0975103883667484	0.17435950030046	0.142974090502109	0.0904074621583018	0.109678982464399	0.0978989888237712	0.107890996719304	0.114781859252415	0	0.102617952631862	0.11319871916791	0.132771910278864	0.125306058581432	0.148705481950969	0.160645941687887	0.156082891209087	0.128051520330957	0.112430037419918	0.14851530671108	0.123507850130366	0.121718738734507	0.13335478212305	0.167433424507419	0.1071136955629	0.175485822409315	0.103482360832323	0.144668709152506	0.119331442683349	0.120174083561728	0.142372741936881	0.123754384695881	0.120071772148694	0.150147717740688	0.136680173809551	0.133955182188184	0.116705578593792	0.108512361431821	0.110156768697169	0.114809066421472	0.0875959622290098	0.156635844315296	0.116884714805593	0.0925191009566012	0.126089062101997	0.107349823445509
700108960	0.0897490287783447	0.151164108321996	0.126510819979116	0.103071866676705	0.131910419824365	0.146006515022237	0.0639703333756718	0.175536789887998	0.101625373168601	0.15683706831033	0.10349987094451	0.122649094244866	0.148443248809275	0.136844329995888	0.139185472620841	0.118268758573791	0.176741073614004	0.157247235758851	0.102590435519722	0.059023268465821	0.0700349713901409	0.0907069110667664	0.107954818825375	0.102617952631862	0	0.144207363750686	0.171441774935302	0.147551084846724	0.145159443354905	0.146580665992464	0.162466939580164	0.0889243901942312	0.103042675637012	0.136308641923518	0.144078951775017	0.0956894492753348	0.15161101410779	0.154408499805057	0.117094201207705	0.168776688074177	0.127600684923304	0.130682854681527	0.128292237633282	0.0898165328089692	0.123185871738055	0.131103560838199	0.142327483589401	0.136296684157748	0.134558704449039	0.102401885158904	0.0974993946915131	0.0851617594991391	0.0742474118755849	0.119667838751902	0.106591427325389	0.148881591484922	0.0811135518779762	0.0732522907452361	0.100017754295918	0.0751809249724058
700024452	0.11430678325223	0.146210017012607	0.162127830855347	0.117958362580733	0.107760301527424	0.170461663864406	0.125419634455982	0.191674256760279	0.0964241710840626	0.16986450491091	0.13984542911016	0.158773921789376	0.168240580708641	0.135314608077509	0.165749131952576	0.125632037641374	0.181576599241991	0.18129179586042	0.120626856752266	0.131478338759228	0.136988900892387	0.148986017287091	0.128199067462944	0.11319871916791	0.144207363750686	0	0.145537904103593	0.125150598762159	0.130305858192678	0.15661983970028	0.170953270180121	0.155581538863326	0.135639199349569	0.155652056869275	0.0649335327038411	0.136447884672257	0.148491560020592	0.168110543613195	0.100396289734352	0.17443551067194	0.122437081262267	0.168198023173238	0.144691881871623	0.132300404966727	0.148268695823279	0.113419003156247	0.125094060163588	0.162328943858199	0.156852674612233	0.14784614472304	0.137763942016139	0.100991418889611	0.114996391114533	0.141879272862603	0.100852267057189	0.164444292575539	0.141147646039685	0.124512852071157	0.138420148882187	0.14296220727621
700032931	0.145440415624814	0.128891517931743	0.138040638069819	0.173836288383637	0.144674236335336	0.136769385654399	0.168099156675483	0.146826131659142	0.144156073596146	0.137952207887839	0.124395082848089	0.146808769938734	0.142147381163137	0.12984509189928	0.142650409769122	0.138637350904418	0.135078078737379	0.13254557538724	0.151118003419386	0.148176285086651	0.151861971105326	0.136756788115294	0.132072368376524	0.132771910278864	0.171441774935302	0.145537904103593	0	0.133413450764638	0.139277237605456	0.135453742424686	0.135165579089096	0.145661141213254	0.130547294344376	0.132344243078991	0.154597648689613	0.140083494848135	0.132684131603125	0.133862646623666	0.149435317083217	0.144215471946225	0.134158064621314	0.132395604689127	0.141904264435341	0.137141037825211	0.136784248708895	0.1291162084093	0.129728452635519	0.134904105782032	0.125656070052966	0.129720804118873	0.1439373793454	0.162243667056666	0.160330304215144	0.117800574634909	0.146692994768644	0.138611336969218	0.154820093119949	0.160060885642576	0.13399702133815	0.159215707086535
700095837	0.136147716294884	0.135033851734131	0.141328416177215	0.145760912689822	0.129775248859878	0.161339646285482	0.147474586375207	0.145306710138724	0.12368027895994	0.14006982112059	0.113144175364266	0.137901165160112	0.122058231611313	0.138043311964162	0.142334331075676	0.119186256702691	0.15004176481472	0.156362326171753	0.134823913729258	0.132971356075745	0.144135583210326	0.127337313295498	0.123339463430361	0.125306058581432	0.147551084846724	0.125150598762159	0.133413450764638	0	0.101723002954473	0.124868974680412	0.147437535287601	0.14188486399211	0.111525649479804	0.120076611126345	0.119218897626609	0.135110442056536	0.133780660861726	0.156326398113511	0.124875399808905	0.140987678691858	0.127479509988937	0.125387891734866	0.148849041019575	0.122117828762822	0.119941493113941	0.112257929427295	0.1222260793957	0.127291612320123	0.147210012112036	0.126643050602242	0.130363448578885	0.145575341306824	0.13393767332763	0.154413958957716	0.13513118827963	0.124411078559666	0.143532906188529	0.150574808217519	0.132857661336397	0.143182978850589
700024548	0.147858447688868	0.121055340565564	0.126148555874218	0.14085069079459	0.129586675464804	0.128184116651184	0.144381616326889	0.121492632722598	0.155742795479308	0.115079539866892	0.124014663976425	0.117792920042747	0.111358193194804	0.112347756536041	0.11037928336183	0.140221548039845	0.109209939126694	0.155650278463411	0.147288817335025	0.131170024493801	0.12737838512671	0.130385134189965	0.125407556113003	0.148705481950969	0.145159443354905	0.130305858192678	0.139277237605456	0.101723002954473	0	0.112812740099966	0.128757484570592	0.139935922980245	0.109928565094066	0.107384957269106	0.122987750224322	0.112586824806152	0.141928194923859	0.121665970256409	0.142734302402343	0.109567028518991	0.13780484883669	0.107602165577222	0.139222394323577	0.140326053273368	0.079980105456328	0.0821962967331838	0.117431448746526	0.103081748459499	0.117855811639082	0.116241287997124	0.115644197644935	0.152228411884503	0.134899571891735	0.14089726738937	0.148598365517593	0.10905493098727	0.118601687289943	0.148017391908276	0.10508356083424	0.151345880011701
700110161	0.167519627262798	0.135864869002805	0.105971662617819	0.160489589810098	0.136113140050553	0.0974956875243087	0.151917023342074	0.118382173583866	0.158040516713612	0.104602252521758	0.114390954805725	0.116015403384381	0.101146366752352	0.0930378284369027	0.0889965614986662	0.143221793289826	0.109727361794963	0.124519080335682	0.154876076845071	0.13208595010019	0.143391507452073	0.12282033541803	0.123849050392802	0.160645941687887	0.146580665992464	0.15661983970028	0.135453742424686	0.124868974680412	0.112812740099966	0	0.106804446506875	0.133314311071252	0.129141944172256	0.0818810767042937	0.152530765307733	0.130262880840671	0.134635478925242	0.0983859456089976	0.156397603847921	0.121364406218887	0.157237052813782	0.0951732771146773	0.131150724848288	0.134261511643178	0.102447656427766	0.118533663997622	0.145227960848155	0.103681727356833	0.0918024827168998	0.103262748011832	0.122008758593542	0.158607136178128	0.149908691221396	0.133151299466255	0.1700043059983	0.108830571748752	0.119216624262663	0.157196008439243	0.108965930352319	0.144570113192945
700023496	0.162341390114972	0.134487621559526	0.106602245965529	0.176891489501767	0.144619467421501	0.0874745459894918	0.158979334028333	0.121730643089754	0.160049255672267	0.0973029583600802	0.110115191271651	0.110644484551308	0.110638772841644	0.115675865078832	0.117652562008652	0.128653171193008	0.0976282195473613	0.099025689285937	0.139853275320831	0.154227215778372	0.1511358741191	0.12339413671434	0.144753471679279	0.156082891209087	0.162466939580164	0.170953270180121	0.135165579089096	0.147437535287601	0.128757484570592	0.106804446506875	0	0.130694766096874	0.114256953756176	0.0941250179898111	0.161973995743826	0.130324257315642	0.127248753161156	0.10821160349438	0.153725651052944	0.124654560297998	0.142147191790165	0.0994669620561239	0.117567964589387	0.141894785348188	0.110135325870354	0.117342430141984	0.137912320121953	0.101438542355779	0.0922237454083439	0.110956038922318	0.116257708712794	0.181890755387727	0.166476602201852	0.120797579435652	0.178223774611968	0.10285381487221	0.138263273589061	0.173560953095998	0.128848122927028	0.161174696818866
700034628	0.116391636761297	0.145082993164671	0.0989102837584493	0.142039492172273	0.141477882237902	0.119572195823802	0.0856852623394427	0.142722292475869	0.103014441450691	0.130062884306646	0.0854142989907485	0.0851760901951926	0.11557765795341	0.134007975940445	0.11556866540681	0.106406008227462	0.145198045643781	0.139419429072825	0.104304493654945	0.101844036492932	0.0968381145021795	0.074213105034246	0.114848621507599	0.128051520330957	0.0889243901942312	0.155581538863326	0.145661141213254	0.14188486399211	0.139935922980245	0.133314311071252	0.130694766096874	0	0.095666302695921	0.104694909853079	0.152695034982049	0.085595751516202	0.152151617727856	0.12766359024779	0.132873471861772	0.136379853692877	0.136080353192369	0.0962331872390231	0.129226387304329	0.0743886421345026	0.110238841188946	0.128454676507642	0.141562026337689	0.0965576954979602	0.125599180462725	0.0748295306984363	0.0908928314802623	0.118244407680814	0.119171152017223	0.120488429691983	0.145607426366902	0.109406840075345	0.101231679361065	0.106680494189712	0.0908845462185093	0.0880878670546179
700023645	0.111731486615281	0.119925006917195	0.111371418807111	0.129055543503554	0.116158305598007	0.12784860680853	0.108069754926243	0.132588465101264	0.107849715437118	0.110628314826186	0.0765987017516318	0.0985125745958594	0.111193721347707	0.116046621175599	0.124407719313237	0.103219133527817	0.13477235871074	0.130616596526394	0.0970839949252176	0.0981966604049721	0.0939109767330388	0.0724961748586946	0.11001734671956	0.112430037419918	0.103042675637012	0.135639199349569	0.130547294344376	0.111525649479804	0.109928565094066	0.129141944172256	0.114256953756176	0.095666302695921	0	0.0945058419082922	0.132128548194726	0.0890453302941993	0.126370599493608	0.133257739103138	0.118226849303609	0.119632617576937	0.1122784849497	0.0887148316919652	0.109431361244493	0.0954913669179605	0.0910778141325767	0.0993410846828703	0.108600216118395	0.0893408650024206	0.119096264780326	0.0900691988409502	0.0880390540186767	0.125479089890815	0.113327838775251	0.108179450911887	0.132095557115532	0.0993978842846155	0.103475892995151	0.109297864953545	0.0910036509243231	0.119542159280383
700038744	0.152534848872569	0.134115925647218	0.0893609641354337	0.157065967516221	0.134463406298117	0.0852097520161574	0.139534138255176	0.118067970697184	0.143490349377877	0.0954299096329266	0.0880140630918127	0.0862394917604746	0.0891534678087685	0.104137392991415	0.102328529462863	0.122674038700501	0.110069057867949	0.109717677695064	0.135754098669802	0.133047749901388	0.133145907697754	0.0958184369554603	0.127324155362001	0.14851530671108	0.136308641923518	0.155652056869275	0.132344243078991	0.120076611126345	0.107384957269106	0.0818810767042937	0.0941250179898111	0.104694909853079	0.0945058419082922	0	0.151674003028111	0.103902880189056	0.126714924856607	0.0925739242438855	0.150484366934417	0.108548464454381	0.13509063229866	0.0783291651727894	0.123481884755962	0.115009851689436	0.0870547527149894	0.107077172059201	0.136299968829797	0.0779858107846222	0.0919949221158134	0.0812733710445295	0.0987357227489065	0.165490261947582	0.147454001663533	0.116632342540906	0.167820039555402	0.0856911535726094	0.124889708832218	0.151458304655065	0.0977815672974045	0.142234272332829
700038485	0.120650152722062	0.13139219209492	0.159137870881103	0.123642950501293	0.104884282568751	0.164327953773433	0.128979028450866	0.180770368787555	0.108250937445915	0.166597720024141	0.140708450863312	0.157597043280452	0.165139500310726	0.132871208944602	0.164443848005718	0.127135463616015	0.164995049692545	0.173157322692264	0.122233190715053	0.126763854987073	0.140636237488994	0.147761291965726	0.119321100060852	0.123507850130366	0.144078951775017	0.0649335327038411	0.154597648689613	0.119218897626609	0.122987750224322	0.152530765307733	0.161973995743826	0.152695034982049	0.132128548194726	0.151674003028111	0	0.133378012275779	0.142708385409789	0.166546765449481	0.106194339180252	0.170037928210795	0.132092911304078	0.16201128370865	0.144178510875958	0.132337006168547	0.146121977411186	0.108833349654003	0.115668049774812	0.159529895464223	0.14930715365746	0.144006542438459	0.136319857040511	0.112498572988952	0.114406898696056	0.140740051031919	0.112024863037961	0.157879566379708	0.142796834801189	0.134344654134599	0.137736466607932	0.138016306521157
700024743	0.115827901230758	0.124085570867546	0.111377235640841	0.118816602516644	0.1276467691695	0.126663573798184	0.0892003219308816	0.134846427585102	0.118816319352187	0.116187120027052	0.0901213415844308	0.107829561485255	0.119345157726574	0.121442477603311	0.121460771855177	0.126227716994667	0.133332716285046	0.148461355270485	0.120455640691529	0.079872618387184	0.0969299961274012	0.0948189581930665	0.099953456040953	0.121718738734507	0.0956894492753348	0.136447884672257	0.140083494848135	0.135110442056536	0.112586824806152	0.130262880840671	0.130324257315642	0.085595751516202	0.0890453302941993	0.103902880189056	0.133378012275779	0	0.135088903923385	0.130728807114494	0.120756580427954	0.131547069339371	0.125393506086234	0.113222501599557	0.121426458908649	0.0849352252938693	0.105704124888463	0.100660732226118	0.120409557725891	0.0975967456746709	0.120922804443911	0.0955142838827337	0.099907398198538	0.10919437336812	0.103663322632037	0.107065356034421	0.129414072455169	0.123230888940194	0.0979564917995714	0.0982746300314323	0.0856519694784471	0.101017454205633
