700108602	700014971	700033565	700109389	700023058	700023927	700106341	700114221	700023543	700023439	700016978	700024192	700113058	700099448	700109870	700033928	700023693	700109627	700095416	700110425	700111580	700111302	700098605	700111991	700108960	700024452	700032931	700095837	700024548	700110161	700023496	700034628	700023645	700038744	700038485	700024743	700099596	700110760	700101587	700106399	700032322	700095653	700021312	700101230	700023590	700038905	700033136	700023382	700096424	700105469	700016908	700096053	700108479	700109569	700033814	700016125	700109756	700102665	700101777	700109455
700108602	0	0.153712534907309	0.158030046241381	0.10774846266839	0.142387499006396	0.167521567486764	0.0856968576986379	0.179412117437528	0.104196773606527	0.165959780115143	0.124603183316103	0.152214115916436	0.152574406851802	0.14269710673668	0.158689695558993	0.0994862171141217	0.179631054035393	0.168270172217794	0.0898609278518626	0.0950107587577086	0.0912414238904557	0.104945517562469	0.107776346603408	0.0799224291523657	0.0928343166062591	0.112353657353476	0.152342845252651	0.130968012893793	0.150420713458636	0.157229633602551	0.158606857699412	0.119811836280821	0.110416530204007	0.151984432994747	0.123309278408358	0.118732778527864	0.139682335080322	0.170727683712361	0.0925099321045973	0.187633867464619	0.0991154907827894	0.157803624734525	0.127517376732762	0.108257326628143	0.155602419197426	0.123082230823954	0.108646614544915	0.15389991613797	0.143383279233043	0.132829063437709	0.116336916219813	0.0803132193068842	0.0915871894795039	0.098904260738097	0.10372762861965	0.160217971570677	0.108502569107811	0.0724686479376335	0.140498791909877	0.103250320064368
700014971	0.153712534907309	0	0.146568986727847	0.165880008945166	0.143385932161142	0.130506816579657	0.158243681276499	0.128414734025425	0.150782477586423	0.124307519723955	0.120716488912553	0.147983776858751	0.128176154643629	0.117785759260781	0.140344778334203	0.149562367795641	0.116718238478263	0.141926826386407	0.160877791627304	0.146228506849454	0.141881624098446	0.131364754917166	0.128022976622996	0.156938448902935	0.156742378809304	0.153453285269138	0.114619527863905	0.142617155685891	0.132461889720417	0.130189819958096	0.120123272218476	0.137789994854891	0.12331541684323	0.126675674035214	0.151563945018551	0.120334935015056	0.144625009193535	0.15393510182231	0.14289393667789	0.141766214239119	0.140977110006839	0.127864830964068	0.140539464789018	0.135323121724114	0.122671790297135	0.1270734086205	0.116832857448557	0.127846006083937	0.115752201559689	0.130932390178257	0.140792906865544	0.152103992955941	0.146775833991441	0.134872425665684	0.173898125433243	0.120017079908207	0.147383458051486	0.148634117158149	0.127263860778742	0.146814399332716
700033565	0.158030046241381	0.146568986727847	0	0.143484396804138	0.159035222146686	0.082461299590942	0.137945375824515	0.111475888800437	0.152129919636752	0.0906005222461302	0.0949616714658055	0.0594855832855715	0.10695343431096	0.116022487058665	0.0925364775008661	0.119828474302326	0.114029651775626	0.103069639795427	0.142862936110545	0.143084843607936	0.135352578318388	0.103577394451849	0.134577825651291	0.146749392300524	0.132761193620385	0.154034388639249	0.13483009873445	0.145516688714802	0.123921932232018	0.0974828367855327	0.100387848512886	0.09898196917378	0.112206852747442	0.0862441071592218	0.152483119065671	0.114186342362857	0.125903045057937	0.077842409109251	0.157631112497268	0.118730903839463	0.141666722844171	0.0833322892299379	0.127562288691536	0.123985510897924	0.111871069186847	0.118829882549893	0.134907117536529	0.0919060525584473	0.108689036104812	0.0845222623954615	0.0802159554132544	0.157731009789421	0.153892876357406	0.120191534047716	0.177531507617942	0.112830389882999	0.127412670093728	0.146360943269222	0.0832957462157186	0.128634537457302
700109389	0.10774846266839	0.165880008945166	0.143484396804138	0	0.150119546699878	0.170184792351808	0.0872324320753016	0.180999531778982	0.147722590183034	0.173987859464098	0.141261569769472	0.13830959504199	0.164305743876152	0.144940801543587	0.150594669526382	0.138459045562889	0.181717227532516	0.187504357836434	0.140282606836728	0.0953450644414154	0.108056638529524	0.141360660711936	0.10419692841375	0.12098190205216	0.108609559592515	0.117213861780554	0.176997958037245	0.14527148533955	0.140564142113372	0.155113245905852	0.174147205054384	0.136578377822415	0.12953960501789	0.156691342774814	0.118659358174109	0.115708472120956	0.171613906108791	0.165337368166267	0.124620521633354	0.169967727816531	0.123627415990125	0.15796623112084	0.150819015564028	0.127295943268587	0.151901430546463	0.134484796865446	0.136832953336429	0.161021229041043	0.150282744460228	0.139014517333703	0.122768067348436	0.101211912342813	0.0787592762492167	0.137130290004547	0.119047723790307	0.166639731278818	0.114866743898649	0.0878950743930087	0.12641923874769	0.109662088282318
700023058	0.142387499006396	0.143385932161142	0.159035222146686	0.150119546699878	0	0.156474298990273	0.127604839312558	0.169691140955627	0.119556455396274	0.156272769833986	0.136552716165402	0.157787886464218	0.152653820149891	0.136527557452196	0.155306323611597	0.138097152789822	0.161133710818283	0.154521349860792	0.134907865618239	0.137276395369394	0.136825646355372	0.13921111848781	0.128371061076591	0.139767823557962	0.14790286318613	0.111881891374011	0.147958157792178	0.137999905007718	0.124792972081756	0.140580246095691	0.149574513934552	0.150731418278687	0.125981405592026	0.142395577974756	0.110493550011572	0.144089023066893	0.135929246355861	0.156839744855187	0.116014122739611	0.166331228262738	0.136011547010179	0.144791873481923	0.133894960038721	0.138993198046164	0.13609623776132	0.13398112721326	0.11724257799086	0.146816969365265	0.139571430210954	0.149406692761645	0.142234951986727	0.128931012074044	0.131082876665388	0.143066484856056	0.139673885593511	0.157081564021783	0.141887711886704	0.135520012161544	0.148755870684271	0.136928355994036
700023927	0.167521567486764	0.130506816579657	0.082461299590942	0.170184792351808	0.156474298990273	0	0.159570528062528	0.115466465485491	0.164315862393906	0.0826783183623922	0.112009347146572	0.0974982282113655	0.110696230477881	0.101625633083202	0.0909488268252975	0.130176546867905	0.100554882609524	0.0806891922264877	0.151990739544718	0.153912283334105	0.142938801339982	0.120006252559435	0.143607754841407	0.164678017807936	0.148307300630388	0.170072785897968	0.134291175356913	0.16446508550776	0.128337834727367	0.0935245826197982	0.0743749080202912	0.122902556194754	0.122157866086194	0.0814361114208495	0.16321868388121	0.129543405269932	0.111801498417426	0.0659182747692998	0.168687634852309	0.115993627280394	0.155534360406073	0.0816203456984813	0.115111306045594	0.139321812699206	0.108282839281106	0.115707262015618	0.144900581016256	0.0988759097129703	0.0860408714434802	0.0952168637870933	0.11270987572784	0.169447548431983	0.166995485693096	0.118933904335904	0.185859563917794	0.112225116041588	0.136555835327605	0.155338414149972	0.0959716364596696	0.145562804406942
700106341	0.0856968576986379	0.158243681276499	0.137945375824515	0.0872324320753016	0.127604839312558	0.159570528062528	0	0.174933951091813	0.0875317678412223	0.167456868351272	0.131102514192089	0.123927489751643	0.155547885234788	0.137457558423961	0.141843732994643	0.111451196041084	0.172927688308729	0.177562334480829	0.108787883491097	0.0798799234892253	0.0842337352318547	0.104743457377966	0.0971097466448	0.111394649371248	0.0725889338438675	0.122794547458824	0.180459343921827	0.149638568148767	0.149355754848341	0.152835256604401	0.157958535301285	0.0885895995939974	0.108376025329476	0.148953995611155	0.130363780724921	0.0928884945331898	0.160238204086775	0.158985268866182	0.092562012043972	0.179145525496342	0.119781854644922	0.146135100040576	0.124890686694243	0.0975532508454334	0.141808600077144	0.126784649336421	0.123333430681498	0.141446130923104	0.141551386959795	0.113778498149783	0.114709546693931	0.065764072492579	0.079971070531517	0.117718210888488	0.120101672153545	0.151371639642195	0.106913245829377	0.0609544552511491	0.120239059614339	0.073586716223784
700114221	0.179412117437528	0.128414734025425	0.111475888800437	0.180999531778982	0.169691140955627	0.115466465485491	0.174933951091813	0	0.179722368846882	0.0867833062764241	0.124833721927664	0.11295161091188	0.0945560334735878	0.140554674716333	0.0964007613934607	0.149216818226189	0.0771555771911668	0.133789033626322	0.175654494350717	0.168122180616502	0.161140402555466	0.141871939006526	0.167713311826377	0.179389571438312	0.171762830802938	0.182400058013519	0.136156024278009	0.148494907044055	0.123999572988418	0.116886925220681	0.113066128343249	0.139075779316211	0.127139114702205	0.102236592514219	0.176966382282456	0.130742512817905	0.15346656853019	0.101229012625271	0.172928526038561	0.0890035878505309	0.150030474729584	0.0875713657172539	0.151320886888651	0.14556835393977	0.0945725640588138	0.133059181928825	0.137384384559849	0.0810322691872862	0.136321478139694	0.112398044718061	0.135851786757307	0.189104143859614	0.178547182402287	0.147594096901374	0.209427119966712	0.0988222721671298	0.145444183678464	0.181334860312102	0.110044072308306	0.164083745198082
700023543	0.104196773606527	0.150782477586423	0.152129919636752	0.147722590183034	0.119556455396274	0.164315862393906	0.0875317678412223	0.179722368846882	0	0.158926388550858	0.121694544992396	0.140735787528883	0.15520458289549	0.146194836551098	0.158921392835983	0.105661762793809	0.173181753544869	0.174536246654637	0.100926087425752	0.115240966544468	0.106373433114757	0.095773205700631	0.112125843079272	0.106711596043546	0.110245521680294	0.111520705561874	0.159860830351364	0.140570979217416	0.157184807567985	0.156726441682259	0.155203594685624	0.0992253434848884	0.114718212660207	0.151027900256821	0.113041686631927	0.121550017878732	0.144567982417496	0.168930763649095	0.0891875518906158	0.187077266545907	0.120096293387944	0.150477033879686	0.128370231296588	0.100755000843621	0.15140052308769	0.124973673729156	0.120425537898795	0.148214346815728	0.152985176955238	0.125841846812058	0.125861029358092	0.0842445805605824	0.121806488845355	0.127870062417241	0.123654264038442	0.155802481185402	0.131437842213594	0.09293964116033	0.140926755436043	0.0982897877444603
700023439	0.165959780115143	0.124307519723955	0.0906005222461302	0.173987859464098	0.156272769833986	0.0826783183623922	0.167456868351272	0.0867833062764241	0.158926388550858	0	0.107235382605496	0.110446247094585	0.100210361145639	0.116065443703779	0.100835527254387	0.133827436179187	0.0775931328356199	0.100804942249014	0.158755660236016	0.154022354335819	0.139731358236861	0.131640522116675	0.145848975937401	0.161298580773368	0.155398672148853	0.166205336040463	0.133781338231465	0.142169550034493	0.124816031942465	0.0945403461358545	0.0802386546499304	0.130470335536674	0.113672650450483	0.0815777032559927	0.158213023252433	0.126964697766799	0.120489646244167	0.0852535505871202	0.161300101606771	0.103173967157079	0.145049124616449	0.0796008696115032	0.126660264039782	0.137204603934861	0.100072802000879	0.108174433524717	0.130956569196494	0.0936419958966141	0.0964889888119397	0.104642745544816	0.118021315045159	0.170592852908047	0.165037599132048	0.122072904127268	0.186663430029632	0.092962562725385	0.127472983877892	0.160937794041396	0.102064239074059	0.149176482328546
700016978	0.124603183316103	0.120716488912553	0.0949616714658055	0.141261569769472	0.136552716165402	0.112009347146572	0.131102514192089	0.124833721927664	0.121694544992396	0.107235382605496	0	0.100576402041777	0.110381937776864	0.116678571666215	0.124767365877743	0.108529941740951	0.119391670040194	0.122669464242927	0.127600340964634	0.121680007766634	0.114990389759854	0.0906146254462567	0.128059008658058	0.125457751683162	0.114006485940715	0.138748117841318	0.126811578950599	0.117571657913603	0.130088572926778	0.108656709178548	0.0961332685128449	0.103855367939766	0.0918682808515542	0.0876263322689119	0.134618767657535	0.100353725491542	0.117742303013731	0.114981374200729	0.116062021323977	0.136657422799453	0.103292720155492	0.100682999925815	0.092497215201255	0.101485276486399	0.109380947590775	0.108221398871135	0.113941640740994	0.107194357478305	0.103379095248675	0.0986990300791879	0.0985156829908432	0.137205088122694	0.133282510223601	0.0948694005620655	0.146035096815457	0.116231653969331	0.111415322083854	0.132545159939977	0.0953420781189358	0.123970186431604
700024192	0.152214115916436	0.147983776858751	0.0594855832855715	0.13830959504199	0.157787886464218	0.0974982282113655	0.123927489751643	0.11295161091188	0.140735787528883	0.110446247094585	0.100576402041777	0	0.089558245653564	0.129583112171265	0.0852859807846815	0.109767602686102	0.115488479790614	0.123376711569109	0.135711539527953	0.136144805762744	0.124056544629798	0.0878875401099699	0.135832682048044	0.154260439249495	0.126084337938518	0.157523608830852	0.149722193282529	0.143155265928866	0.126248220966466	0.113394435063933	0.103466843283343	0.0813713707415463	0.103188075157282	0.0939640283849214	0.155998798862249	0.105455299994582	0.138656301097313	0.0914265584193441	0.151246548414238	0.11381598122247	0.131373277651468	0.0729649883906056	0.128625973123839	0.111991368389122	0.0926892523842361	0.117200446450551	0.143290374199921	0.0865408403708373	0.126571200586942	0.0676855792409754	0.0792039351751469	0.153704530040562	0.147713569240495	0.129331582533552	0.18336695700224	0.0936553655159206	0.11858692962959	0.141272204912139	0.0762159465894555	0.118206498980511
700113058	0.152574406851802	0.128176154643629	0.10695343431096	0.164305743876152	0.152653820149891	0.110696230477881	0.155547885234788	0.0945560334735878	0.15520458289549	0.100210361145639	0.110381937776864	0.089558245653564	0	0.116259377436446	0.0817731206757156	0.123085304052795	0.0929347631008975	0.129287985489779	0.144413738226911	0.147883829434098	0.132640430708021	0.105498946598371	0.141373875812861	0.160334969634475	0.148061747550892	0.16424934312426	0.130751491442576	0.123100291293747	0.108763432138258	0.0969747347288581	0.106319360206218	0.114577672661901	0.108797626213864	0.0839061612397089	0.16099913700875	0.115731624236553	0.138179424476439	0.10622817297404	0.146838221272011	0.0984825559563972	0.133876396352525	0.0747309911517567	0.144133474618178	0.119388189777613	0.0900759031819759	0.105168893954723	0.140886579839804	0.0821531182380397	0.1176043614751	0.0927445293997693	0.114399062139164	0.160485528609346	0.161713033518752	0.137855415247777	0.185799975933225	0.0729835824909836	0.125970895535375	0.150754951005315	0.0919597119874206	0.13702486769266
700099448	0.14269710673668	0.117785759260781	0.116022487058665	0.144940801543587	0.136527557452196	0.101625633083202	0.137457558423961	0.140554674716333	0.146194836551098	0.116065443703779	0.116678571666215	0.129583112171265	0.116259377436446	0	0.116458693456158	0.129579302380358	0.117318808495453	0.124063380470035	0.137218102439003	0.132266249676588	0.124242997999717	0.131542842865002	0.106741146508094	0.138905346999158	0.140470942686989	0.1329910090178	0.117537768453423	0.139537471567347	0.106218288700149	0.0932535442917904	0.110986562399455	0.134656558174795	0.116535188198829	0.100524036483453	0.131468013117667	0.120078363342874	0.121133141272304	0.118340865085075	0.141247466679364	0.140893325008036	0.14238190629746	0.112816633041076	0.116169486463895	0.134406977467006	0.118984820702192	0.110073102997043	0.115664607094153	0.125648010886463	0.0793396192169799	0.122376961066458	0.11045368206931	0.126891619127838	0.136572676116813	0.119321979510631	0.148926530464471	0.121701979527293	0.121311822832773	0.12371277765384	0.0969058801817697	0.128741793130183
700109870	0.158689695558993	0.140344778334203	0.0925364775008661	0.150594669526382	0.155306323611597	0.0909488268252975	0.141843732994643	0.0964007613934607	0.158921392835983	0.100835527254387	0.124767365877743	0.0852859807846815	0.0817731206757156	0.116458693456158	0	0.127889362941357	0.101311672766562	0.126138494113206	0.156230273022541	0.135033457917723	0.131296366691865	0.114865193212133	0.13253924397937	0.162557343146996	0.138462060463529	0.168665133782113	0.140304606031427	0.141149312994882	0.112205261606066	0.0885798059717655	0.111455222196448	0.102657056304649	0.121895601467461	0.0940679452451979	0.164408367237407	0.118974245711319	0.141289169984572	0.0776826477391381	0.162666772087921	0.0941118352718516	0.147708894808304	0.0705701319174497	0.142169471644564	0.116548677318671	0.0950028814827857	0.109603325520795	0.137505471168538	0.0733732347475936	0.111742112921168	0.0847167451443436	0.115667336785686	0.154618660932902	0.148424169340199	0.136070346519943	0.186518467953859	0.0870666946714401	0.119576961968785	0.148562081151682	0.0792941663686677	0.127766903607866
700033928	0.0994862171141217	0.149562367795641	0.119828474302326	0.138459045562889	0.138097152789822	0.130176546867905	0.111451196041084	0.149216818226189	0.105661762793809	0.133827436179187	0.108529941740951	0.109767602686102	0.123085304052795	0.129579302380358	0.127889362941357	0	0.137277964538326	0.126959671722759	0.0955643536998647	0.114629278972027	0.102449070574541	0.0889624697900574	0.122668155986072	0.106832930536476	0.108058116848873	0.135371149273036	0.147890202035116	0.116151693395345	0.146576441062126	0.129096774215012	0.126334525045004	0.100425361047916	0.094404300607217	0.11727350832714	0.132823198739012	0.128793150410398	0.120091513486188	0.139419858999553	0.109101770763148	0.158688658986005	0.106942765326038	0.115024293553072	0.126478527028543	0.109061011501176	0.129046580635742	0.11315262899756	0.116852864684651	0.120209586449071	0.122360153287375	0.0933525236788203	0.0911467852160011	0.114059637417092	0.11551481241262	0.120184060822724	0.144489963795695	0.121301582357659	0.119550178795576	0.10269010741189	0.110902329369799	0.102012743240141
700023693	0.179631054035393	0.116718238478263	0.114029651775626	0.181717227532516	0.161133710818283	0.100554882609524	0.172927688308729	0.0771555771911668	0.173181753544869	0.0775931328356199	0.119391670040194	0.115488479790614	0.0929347631008975	0.117318808495453	0.101311672766562	0.137277964538326	0	0.115039279382533	0.174707700183033	0.165286508686009	0.149121717335408	0.13351875712242	0.157296711072894	0.172353618597273	0.16767114811067	0.181044918414718	0.140106529047735	0.150555140186327	0.126997446691051	0.106453530744117	0.0901587541085705	0.135484209226357	0.122937769072399	0.101730857352953	0.17702655503538	0.124968321200193	0.136225991920167	0.109353341080992	0.166068303148662	0.091361149989819	0.152917287886686	0.0844231240509937	0.138955035731411	0.14552839457177	0.0923723528095257	0.120126272360997	0.140051515563034	0.0865878326534574	0.11244066817799	0.112182066871767	0.131608680589121	0.183038321012793	0.17284823099634	0.139773527216866	0.20384475311829	0.0962176361628442	0.139521058463284	0.17352904921353	0.115816806924196	0.158631364185565
700109627	0.168270172217794	0.141926826386407	0.103069639795427	0.187504357836434	0.154521349860792	0.0806891922264877	0.177562334480829	0.133789033626322	0.174536246654637	0.100804942249014	0.122669464242927	0.123376711569109	0.129287985489779	0.124063380470035	0.126138494113206	0.126959671722759	0.115039279382533	0	0.15937729439288	0.162553151616317	0.163598562053121	0.132594632491453	0.162578723502294	0.159884547413457	0.15893634753741	0.176799402443027	0.134942425519416	0.15602125402928	0.154431620904163	0.116580439904954	0.0866197381152201	0.138761018128293	0.131565615172729	0.104476561609239	0.16515089075812	0.15002890192404	0.101615359165217	0.0979440992656078	0.164943262101786	0.14053556338684	0.159992633816338	0.10756264374954	0.121352098427384	0.145582233412281	0.134992502348289	0.138200055771933	0.146980758906358	0.127089255366355	0.0939654483462509	0.120825776051971	0.127379831333994	0.179422066951306	0.171258276393557	0.12890185960037	0.188033967328473	0.132372736739129	0.155514366182381	0.174924796531336	0.13091917265438	0.161757511537404
700095416	0.0898609278518626	0.160877791627304	0.142862936110545	0.140282606836728	0.134907865618239	0.151990739544718	0.108787883491097	0.175654494350717	0.100926087425752	0.158755660236016	0.127600340964634	0.135711539527953	0.144413738226911	0.137218102439003	0.156230273022541	0.0955643536998647	0.174707700183033	0.15937729439288	0	0.12083696916519	0.102922336396929	0.109912219130193	0.119650411634901	0.108281962366955	0.112770637280007	0.117828678775442	0.157107792024343	0.141076427131787	0.144326552957596	0.147264265534771	0.147403368345846	0.120947699040055	0.108871655358953	0.148692970022967	0.125491533205646	0.12918901569177	0.124162292357641	0.155034095511364	0.10385553589376	0.180623394069241	0.109830701141973	0.148112562130557	0.106374930049984	0.119312073796626	0.141723208489736	0.113939888442528	0.120074326045055	0.151415945388743	0.146521939307252	0.128511409610617	0.104500161573557	0.111001336595386	0.127040550282959	0.115031589822307	0.130956354082159	0.153276656849621	0.124966758558626	0.0979880448171412	0.13514209657199	0.115409828865569
700110425	0.0950107587577086	0.146228506849454	0.143084843607936	0.0953450644414154	0.137276395369394	0.153912283334105	0.0798799234892253	0.168122180616502	0.115240966544468	0.154022354335819	0.121680007766634	0.136144805762744	0.147883829434098	0.132266249676588	0.135033457917723	0.114629278972027	0.165286508686009	0.162553151616317	0.12083696916519	0	0.0784663828454974	0.109165986427466	0.086836836589222	0.107072482306989	0.0643649888569738	0.122823563614992	0.161794885599196	0.137138455642106	0.138646974563257	0.132150870614075	0.153074226180854	0.106380935130131	0.0998401962995508	0.139101967207768	0.12461015325533	0.0931287545205556	0.150661862970985	0.16068228794125	0.113790163418938	0.167641572966005	0.117415485814248	0.134330747555929	0.123992490137482	0.0797967685082912	0.133612320109882	0.123081981244984	0.120452407515319	0.131528217788023	0.127577378569933	0.119592608732737	0.118799511614459	0.0732354538629789	0.058309296396582	0.121107865110316	0.119785834102081	0.146487418427775	0.072070019075648	0.0719711462604118	0.112416358780171	0.0802124211420231
700111580	0.0912414238904557	0.141881624098446	0.135352578318388	0.108056638529524	0.136825646355372	0.142938801339982	0.0842337352318547	0.161140402555466	0.106373433114757	0.139731358236861	0.114990389759854	0.124056544629798	0.132640430708021	0.124242997999717	0.131296366691865	0.102449070574541	0.149121717335408	0.163598562053121	0.102922336396929	0.0784663828454974	0	0.0897960485562136	0.0946654032024484	0.101193325202317	0.0700325647075509	0.127615542267106	0.157063914261774	0.142632289021715	0.129804866554461	0.140501857913601	0.145493610352591	0.0949537217267986	0.0883024260520149	0.134448066866539	0.135400271477926	0.0965254330993641	0.155174100222762	0.143590592191801	0.119681911804091	0.156203159927972	0.104620758574098	0.129091249449926	0.121259289776269	0.0948366732928949	0.121708913028793	0.103777454526204	0.111200510758762	0.11796436268498	0.119586906510159	0.108444815746075	0.112550858425677	0.0874581108606077	0.0926437134225081	0.0986673796495838	0.12298492467644	0.135678942691583	0.0781192239990642	0.0710751628365596	0.102996358888857	0.0817320786414475
700111302	0.104945517562469	0.131364754917166	0.103577394451849	0.141360660711936	0.13921111848781	0.120006252559435	0.104743457377966	0.141871939006526	0.095773205700631	0.131640522116675	0.0906146254462567	0.0878875401099699	0.105498946598371	0.131542842865002	0.114865193212133	0.0889624697900574	0.13351875712242	0.132594632491453	0.109912219130193	0.109165986427466	0.0897960485562136	0	0.122729884549255	0.111525603212796	0.0913588833156281	0.138790913397336	0.132893522891385	0.134015595158452	0.139774942072076	0.12427669968684	0.116589007314885	0.0645201426761448	0.0790933448116048	0.101958520263359	0.140974298030291	0.0974163933188437	0.134470059991958	0.132695671179127	0.118668824285587	0.146078008342839	0.115746791583381	0.101897956312113	0.110790238124678	0.0912482444595043	0.111830306317572	0.117949850506609	0.125645223268217	0.0992964825770133	0.114108364686802	0.0674266444983882	0.0953370870657999	0.116826821590187	0.123889495263332	0.101478144543689	0.147139709095492	0.10872837232283	0.111083330767173	0.107162020307365	0.0989978359360584	0.100231028695761
700098605	0.107776346603408	0.128022976622996	0.134577825651291	0.10419692841375	0.128371061076591	0.143607754841407	0.0971097466448	0.167713311826377	0.112125843079272	0.145848975937401	0.128059008658058	0.135832682048044	0.141373875812861	0.106741146508094	0.13253924397937	0.122668155986072	0.157296711072894	0.162578723502294	0.119650411634901	0.086836836589222	0.0946654032024484	0.122729884549255	0	0.105586240953348	0.114208252987441	0.116826240418584	0.137599973945638	0.132497273261211	0.134548861954724	0.128526464857339	0.145900105072562	0.110958353232252	0.115087094326826	0.138054004140124	0.121648841795564	0.104140317592714	0.139039724801399	0.141740469237211	0.115924632337981	0.158586838738814	0.124028995347771	0.138250795407963	0.130968111413107	0.0997216331412448	0.144624631881512	0.1101594825207	0.111087435447781	0.138714986426549	0.124454574580475	0.123493058230468	0.114088509215546	0.0824656695439834	0.0938617759788321	0.119010054062119	0.109012321706898	0.148043485682266	0.109568468409625	0.0855198629575941	0.116159108903276	0.0767001810009484
700111991	0.0799224291523657	0.156938448902935	0.146749392300524	0.12098190205216	0.139767823557962	0.164678017807936	0.111394649371248	0.179389571438312	0.106711596043546	0.161298580773368	0.125457751683162	0.154260439249495	0.160334969634475	0.138905346999158	0.162557343146996	0.106832930536476	0.172353618597273	0.159884547413457	0.108281962366955	0.107072482306989	0.101193325202317	0.111525603212796	0.105586240953348	0	0.108380463465283	0.0962046854158058	0.136212548122051	0.128378431746052	0.145691654322454	0.163862222407432	0.162116485098326	0.132206957044873	0.119076704367968	0.153508416629439	0.109690386534801	0.115572343942104	0.140599778141054	0.160488989223976	0.103271718730943	0.183664058502681	0.110795425679082	0.160040238910941	0.126943985307736	0.117373156128643	0.157679451117664	0.119117589518532	0.105168918843192	0.15856923724463	0.144358854426879	0.139523040927383	0.120362827778195	0.102180124370329	0.109817013055583	0.100267623068931	0.084666324723219	0.165238985272608	0.120670146911184	0.102780689619579	0.13550524900946	0.116372136492022
700108960	0.0928343166062591	0.156742378809304	0.132761193620385	0.108609559592515	0.14790286318613	0.148307300630388	0.0725889338438675	0.171762830802938	0.110245521680294	0.155398672148853	0.114006485940715	0.126084337938518	0.148061747550892	0.140470942686989	0.138462060463529	0.108058116848873	0.16767114811067	0.15893634753741	0.112770637280007	0.0643649888569738	0.0700325647075509	0.0913588833156281	0.114208252987441	0.108380463465283	0	0.139321144633533	0.172732940175802	0.144349335969962	0.146313194146589	0.137799128881329	0.152403801620025	0.0876109802534185	0.106047504764244	0.139552288282558	0.145510212770543	0.0952135432894894	0.153819340130363	0.153298665626067	0.116587013362476	0.171385744554827	0.121590236432153	0.134584597401178	0.121670435748444	0.0815024394273503	0.137008974016421	0.133699078750253	0.135194430918672	0.133252633439481	0.126702909400822	0.106993566685807	0.112188153558725	0.0850121073370112	0.0744537450101631	0.112041139580436	0.118588675804461	0.147246000122843	0.0878318922961793	0.070783843536601	0.107543798694629	0.0783097635015219
700024452	0.112353657353476	0.153453285269138	0.154034388639249	0.117213861780554	0.111881891374011	0.170072785897968	0.122794547458824	0.182400058013519	0.111520705561874	0.166205336040463	0.138748117841318	0.157523608830852	0.16424934312426	0.1329910090178	0.168665133782113	0.135371149273036	0.181044918414718	0.176799402443027	0.117828678775442	0.122823563614992	0.127615542267106	0.138790913397336	0.116826240418584	0.0962046854158058	0.139321144633533	0	0.145560363278322	0.124644768286591	0.114124244436005	0.160337747049031	0.167485693150164	0.150457445038678	0.131205028444192	0.154383683344852	0.0630470816090649	0.121978654795442	0.151086587670518	0.167116876764137	0.101547808507787	0.169988934677996	0.126071447791087	0.158628556418842	0.13779412205428	0.132725039443421	0.152333693739995	0.115191361024195	0.104800280056205	0.160876471847848	0.152481769081385	0.15304737110688	0.127132904777338	0.10529823980175	0.112481440430557	0.124735813029985	0.100562828192816	0.169645593960319	0.136237736222271	0.118264549055505	0.141899387012538	0.139117066317466
700032931	0.152342845252651	0.114619527863905	0.13483009873445	0.176997958037245	0.147958157792178	0.134291175356913	0.180459343921827	0.136156024278009	0.159860830351364	0.133781338231465	0.126811578950599	0.149722193282529	0.130751491442576	0.117537768453423	0.140304606031427	0.147890202035116	0.140106529047735	0.134942425519416	0.157107792024343	0.161794885599196	0.157063914261774	0.132893522891385	0.137599973945638	0.136212548122051	0.172732940175802	0.145560363278322	0	0.133558319975198	0.137821642198011	0.12910611743921	0.129957800264246	0.15189994544162	0.138969666461886	0.120075593331138	0.144405942387861	0.148913492791572	0.125750299709745	0.139778122652656	0.150132420155805	0.146209868356251	0.148108749184876	0.130856360676461	0.145760071187447	0.146906518847592	0.137738905019488	0.134668519493837	0.124888486319019	0.129119031507434	0.121353338256717	0.135696885126919	0.138977967444256	0.170252157540713	0.168388460003489	0.124006996254053	0.159293305634018	0.140750929153602	0.158245510404543	0.171628818825888	0.133923472841692	0.160952059670968
700095837	0.130968012893793	0.142617155685891	0.145516688714802	0.14527148533955	0.137999905007718	0.16446508550776	0.149638568148767	0.148494907044055	0.140570979217416	0.142169550034493	0.117571657913603	0.143155265928866	0.123100291293747	0.139537471567347	0.141149312994882	0.116151693395345	0.150555140186327	0.15602125402928	0.141076427131787	0.137138455642106	0.142632289021715	0.134015595158452	0.132497273261211	0.128378431746052	0.144349335969962	0.124644768286591	0.133558319975198	0	0.114231695800366	0.127012459896277	0.146336377553839	0.143200238270994	0.117265818391596	0.122058133266877	0.123191192551078	0.131421104432453	0.128227769758918	0.16302585464711	0.109788642673246	0.149160451097527	0.125339516698437	0.130665506821268	0.141725424149043	0.123686865891342	0.126882786253355	0.116383044730794	0.123951845073531	0.137973792779368	0.145624668504975	0.140017675692323	0.122845930564426	0.141179993045634	0.133780811341296	0.143306993328397	0.146721279924802	0.1323362667294	0.138358277148211	0.144277359586672	0.132606782240191	0.141101647092737
700024548	0.150420713458636	0.132461889720417	0.123921932232018	0.140564142113372	0.124792972081756	0.128337834727367	0.149355754848341	0.123999572988418	0.157184807567985	0.124816031942465	0.130088572926778	0.126248220966466	0.108763432138258	0.106218288700149	0.112205261606066	0.146576441062126	0.126997446691051	0.154431620904163	0.144326552957596	0.138646974563257	0.129804866554461	0.139774942072076	0.134548861954724	0.145691654322454	0.146313194146589	0.114124244436005	0.137821642198011	0.114231695800366	0	0.113103580344684	0.132420130240435	0.148619943132673	0.113050595034571	0.1077402182619	0.116073295359222	0.117953574478559	0.148127630529501	0.128253007930232	0.140742847814772	0.114079849663404	0.136200175435436	0.101910391807147	0.140010230793801	0.146569258817947	0.0839391525197542	0.0886299959673864	0.1105513281809	0.117681415467064	0.122046426228911	0.137257726677222	0.11585934394282	0.141932658082469	0.144542992406831	0.127004807649329	0.150473284240191	0.122844471813402	0.124446316537666	0.140068126123179	0.108828723957819	0.152123598738419
700110161	0.157229633602551	0.130189819958096	0.0974828367855327	0.155113245905852	0.140580246095691	0.0935245826197982	0.152835256604401	0.116886925220681	0.156726441682259	0.0945403461358545	0.108656709178548	0.113394435063933	0.0969747347288581	0.0932535442917904	0.0885798059717655	0.129096774215012	0.106453530744117	0.116580439904954	0.147264265534771	0.132150870614075	0.140501857913601	0.12427669968684	0.128526464857339	0.163862222407432	0.137799128881329	0.160337747049031	0.12910611743921	0.127012459896277	0.113103580344684	0	0.0923067203860994	0.122791247117795	0.120187162863794	0.078350532025875	0.154601435960857	0.12239063273299	0.113630555930485	0.0993759819183541	0.154495718468955	0.110931442823431	0.151417184512049	0.0883942124974776	0.121660431152516	0.122941165047467	0.111731478845002	0.113836365530095	0.145265689690354	0.101950946472307	0.0847451079348661	0.107514481411415	0.119688051521841	0.153697664651918	0.147312310759224	0.129576813120119	0.176531557144075	0.105624028701229	0.119182507381188	0.14438943026562	0.0975061243473588	0.137002917749468
700023496	0.158606857699412	0.120123272218476	0.100387848512886	0.174147205054384	0.149574513934552	0.0743749080202912	0.157958535301285	0.113066128343249	0.155203594685624	0.0802386546499304	0.0961332685128449	0.103466843283343	0.106319360206218	0.110986562399455	0.111455222196448	0.126334525045004	0.0901587541085705	0.0866197381152201	0.147403368345846	0.153074226180854	0.145493610352591	0.116589007314885	0.145900105072562	0.162116485098326	0.152403801620025	0.167485693150164	0.129957800264246	0.146336377553839	0.132420130240435	0.0923067203860994	0	0.125809847824737	0.111317631544204	0.0800580344315012	0.155964300818058	0.125209967122941	0.106727259492086	0.0961023362234222	0.150578195643674	0.127093339280028	0.140378478102442	0.0901080873599796	0.108674735293726	0.136258585843542	0.101641717701479	0.112568428873744	0.138885783790721	0.100068283425286	0.0802230749648296	0.107496311798033	0.121613975704801	0.171911088518007	0.167343942524167	0.117498450401164	0.18564599780679	0.100923854090675	0.13086624863077	0.162616335780955	0.113964384833632	0.150936338747422
700034628	0.119811836280821	0.137789994854891	0.09898196917378	0.136578377822415	0.150731418278687	0.122902556194754	0.0885895995939974	0.139075779316211	0.0992253434848884	0.130470335536674	0.103855367939766	0.0813713707415463	0.114577672661901	0.134656558174795	0.102657056304649	0.100425361047916	0.135484209226357	0.138761018128293	0.120947699040055	0.106380935130131	0.0949537217267986	0.0645201426761448	0.110958353232252	0.132206957044873	0.0876109802534185	0.150457445038678	0.15189994544162	0.143200238270994	0.148619943132673	0.122791247117795	0.125809847824737	0	0.0931433065248074	0.109066010430693	0.153124443191366	0.0807539532016497	0.144161662429152	0.119483164106676	0.133634638391875	0.143013536519394	0.131217092536317	0.103621357384353	0.115987288543636	0.0720209497623328	0.120338802684572	0.126980349335346	0.13326582842781	0.0999053713994491	0.123697240842653	0.0596336334828882	0.100757514920555	0.112939639424603	0.117351796333345	0.11739636650525	0.162365060408004	0.105784001985429	0.114104753698294	0.0997683338106638	0.0917890089964054	0.0736442105651905
700023645	0.110416530204007	0.12331541684323	0.112206852747442	0.12953960501789	0.125981405592026	0.122157866086194	0.108376025329476	0.127139114702205	0.114718212660207	0.113672650450483	0.0918682808515542	0.103188075157282	0.108797626213864	0.116535188198829	0.121895601467461	0.094404300607217	0.122937769072399	0.131565615172729	0.108871655358953	0.0998401962995508	0.0883024260520149	0.0790933448116048	0.115087094326826	0.119076704367968	0.106047504764244	0.131205028444192	0.138969666461886	0.117265818391596	0.113050595034571	0.120187162863794	0.111317631544204	0.0931433065248074	0	0.0936900181656425	0.127954735864069	0.091506275653612	0.12393631199656	0.136635411800438	0.112178994107819	0.134575337406236	0.10816152407174	0.0944715812768382	0.102345571751779	0.0986588511889575	0.0929643336814445	0.0969309904092017	0.107629444431741	0.0956418204055717	0.110232619355105	0.0889945412127828	0.0899368602094334	0.114520150045018	0.117228213568231	0.108381780080055	0.145864934034537	0.108121797048477	0.0992227636558436	0.102456487589718	0.0952756676735549	0.108740783815115
700038744	0.151984432994747	0.126675674035214	0.0862441071592218	0.156691342774814	0.142395577974756	0.0814361114208495	0.148953995611155	0.102236592514219	0.151027900256821	0.0815777032559927	0.0876263322689119	0.0939640283849214	0.0839061612397089	0.100524036483453	0.0940679452451979	0.11727350832714	0.101730857352953	0.104476561609239	0.148692970022967	0.139101967207768	0.134448066866539	0.101958520263359	0.138054004140124	0.153508416629439	0.139552288282558	0.154383683344852	0.120075593331138	0.122058133266877	0.1077402182619	0.078350532025875	0.0800580344315012	0.109066010430693	0.0936900181656425	0	0.145401517643688	0.113680000424519	0.112292244146339	0.0869306160926129	0.143351446597191	0.103408645256596	0.13819338101348	0.0716899888849818	0.110263784660182	0.120693401971573	0.0872355273115547	0.104812695426876	0.134646290263701	0.0809254196624985	0.0873736340179867	0.088155588988749	0.106991128278032	0.157912528196243	0.155591364360613	0.113828135404436	0.173906261495062	0.0818946024602904	0.12663431115622	0.145962851714984	0.0930074043907839	0.13788328385293
700038485	0.123309278408358	0.151563945018551	0.152483119065671	0.118659358174109	0.110493550011572	0.16321868388121	0.130363780724921	0.176966382282456	0.113041686631927	0.158213023252433	0.134618767657535	0.155998798862249	0.16099913700875	0.131468013117667	0.164408367237407	0.132823198739012	0.17702655503538	0.16515089075812	0.125491533205646	0.12461015325533	0.135400271477926	0.140974298030291	0.121648841795564	0.109690386534801	0.145510212770543	0.0630470816090649	0.144405942387861	0.123191192551078	0.116073295359222	0.154601435960857	0.155964300818058	0.153124443191366	0.127954735864069	0.145401517643688	0	0.128759873855657	0.140644403344747	0.1609837994068	0.101792408820302	0.169394561402615	0.12835520879969	0.155959505135842	0.136874880942718	0.1349545581889	0.149616005973548	0.109001487044285	0.110972771454894	0.161690763097176	0.15115470017898	0.155321859040856	0.12686341799785	0.109303850376659	0.121225201180099	0.129765765998569	0.11163267832938	0.16322446789306	0.142152589916442	0.129117068833144	0.142533879747412	0.137171158423975
700024743	0.118732778527864	0.120334935015056	0.114186342362857	0.115708472120956	0.144089023066893	0.129543405269932	0.0928884945331898	0.130742512817905	0.121550017878732	0.126964697766799	0.100353725491542	0.105455299994582	0.115731624236553	0.120078363342874	0.118974245711319	0.128793150410398	0.124968321200193	0.15002890192404	0.12918901569177	0.0931287545205556	0.0965254330993641	0.0974163933188437	0.104140317592714	0.115572343942104	0.0952135432894894	0.121978654795442	0.148913492791572	0.131421104432453	0.117953574478559	0.12239063273299	0.125209967122941	0.0807539532016497	0.091506275653612	0.113680000424519	0.128759873855657	0	0.146657626362188	0.132746973905358	0.122357345026076	0.138297756899075	0.123122867298081	0.113432678821162	0.115542786056936	0.084381232981239	0.101857210899584	0.106586610402694	0.11691173497065	0.104907825724866	0.117059978046014	0.0927804305943501	0.0974698514325328	0.107486764795192	0.102729509967065	0.109705536491149	0.139128247231387	0.120441739047738	0.101620941314845	0.0952149607120329	0.0888847453385186	0.0954373354217283
