700108602	700014971	700033565	700109389	700023058	700023927	700106341	700114221	700023543	700023439	700016978	700024192	700113058	700099448	700109870	700033928	700023693	700109627	700095416	700110425	700111580	700111302	700098605	700111991	700108960	700024452	700032931	700095837	700024548	700110161	700023496	700034628	700023645	700038744	700038485	700024743	700099596	700110760	700101587	700106399	700032322	700095653	700021312	700101230	700023590	700038905	700033136	700023382	700096424	700105469	700016908	700096053	700108479	700109569	700033814	700016125	700109756	700102665	700101777	700109455
700108602	0	0.149249986334474	0.167160328221007	0.105679214053989	0.125689620324948	0.165873223953866	0.0848212746764056	0.187967642621626	0.0824667321268851	0.166254213491482	0.119690002836495	0.158553387796513	0.159157149166203	0.154722637758305	0.158220787032431	0.11354181208905	0.176833700360687	0.16618679483266	0.091372428108106	0.0960113433939158	0.0887595510346618	0.108908523058878	0.105108830185644	0.0745372793323855	0.0836400974515775	0.115603014564828	0.151897550134322	0.122208701493677	0.142050094002418	0.165933131761146	0.155685046700826	0.118349788647495	0.124904267263446	0.155215591638122	0.129416259502196	0.117685814206206	0.138186518404625	0.172182365967944	0.0839027036258391	0.181763319227207	0.106369475255546	0.157339001346388	0.132691860810689	0.113808927009015	0.150469817999123	0.122847653269842	0.124736983888263	0.148111831355687	0.145638155719239	0.140698990522775	0.127911723161448	0.0913033604046209	0.0932528853858691	0.116953484455211	0.0972065398102643	0.171240669570966	0.10085967877414	0.0731391222380133	0.133492041349946	0.0962244340015459
700014971	0.149249986334474	0	0.150984800976183	0.159539026475285	0.132097642203935	0.135634246662115	0.158003341520072	0.140624561723177	0.145997754492948	0.12507288997288	0.126485821893115	0.158899284962656	0.137500805529504	0.130300994294599	0.149309488304719	0.156345016432205	0.12404313887585	0.153623092412552	0.147839958713415	0.147403248666191	0.138837933456047	0.135589689823521	0.124651710027007	0.157430476084816	0.149081998316402	0.145405513498147	0.138484570157423	0.14123748911123	0.119383598022998	0.130357599120949	0.130282892924544	0.142955632883225	0.118778114909296	0.131643229916342	0.145055093353359	0.131401267675225	0.148080362365377	0.150921562353738	0.136877896538081	0.145988433846249	0.133084033563683	0.132405479195566	0.130589610963449	0.136122386903569	0.12203208861387	0.121430044093197	0.104703958597169	0.130075858006639	0.127530557754055	0.13207647100084	0.135439894896285	0.149491171773667	0.147089600934444	0.12823745720144	0.17009369741005	0.115136818299642	0.147964793643616	0.15067458552522	0.136843568688113	0.146457053154324
700033565	0.167160328221007	0.150984800976183	0	0.156420438062696	0.154000819664252	0.0646858050707513	0.159579896719983	0.10142404992404	0.152809221035351	0.0936188527407189	0.107970365497454	0.0667755700766825	0.102136888335804	0.127024774085519	0.0755316404193991	0.126782343876838	0.103514008888462	0.0968606113269837	0.154173607724819	0.146295092229398	0.145175622393021	0.097231738456985	0.137902503625794	0.15982700530137	0.138650966368097	0.165238597430227	0.13416886771321	0.149094460306535	0.11577874507776	0.0992554736341462	0.093045130726545	0.110600033872781	0.106005588508826	0.0795905745265911	0.165687855945788	0.107341264395494	0.136959041224244	0.0726257045297536	0.150550074535186	0.110839742179287	0.142412668839494	0.0728091134681224	0.124427664208186	0.127457840697925	0.108356263745222	0.121911306117087	0.142717868487786	0.093613799679404	0.109162771759007	0.0888655435212265	0.0788462664766743	0.168499785161188	0.156258170323378	0.129736945920039	0.186712500787009	0.107891536337344	0.138776262564861	0.166331866817154	0.0914972097757543	0.140122961540904
700109389	0.105679214053989	0.159539026475285	0.156420438062696	0	0.139424548249284	0.161690246829263	0.092143421993394	0.187940375996244	0.11898631129783	0.169518980615882	0.139771900627601	0.149639449422806	0.168178846484841	0.157926377562555	0.148408330749974	0.145964794790266	0.178920652750828	0.184395025043103	0.140723119767053	0.0861673929683718	0.104105418513233	0.135208071155167	0.102576746482648	0.121264299753174	0.101761542360318	0.113150925610929	0.175269038501549	0.149144848069778	0.137513551757413	0.158694938785685	0.172846705466042	0.134886452063488	0.135997262828921	0.158872091921259	0.125588578233768	0.109906918410025	0.174325418622716	0.163144393294285	0.11593356771427	0.17231370663029	0.138288540389018	0.157517182445276	0.150634821801364	0.127464224012667	0.157984698115237	0.137414630829062	0.143906868061711	0.15752004382495	0.157562231995848	0.141104466904372	0.121279884353644	0.0999125983323655	0.0772345403256779	0.144024143406937	0.12083366121948	0.178681102616304	0.10283568710535	0.0947963241163209	0.130232811884936	0.098158338105105
700023058	0.125689620324948	0.132097642203935	0.154000819664252	0.139424548249284	0	0.141689869144927	0.121575451353259	0.161129187936096	0.113452960989482	0.141338644848783	0.12230808306446	0.154044026370801	0.143931928227628	0.125883490940674	0.142195683122621	0.127659704015201	0.148694423724292	0.152278021030402	0.120352571691337	0.12411146338861	0.126946306557637	0.133612094121629	0.118143091337604	0.1276607640494	0.134126455797725	0.106334407729751	0.142427341368611	0.121223476250397	0.11341976472609	0.130617134945104	0.136643609400585	0.141284856466735	0.123469844286039	0.137834325459628	0.0986369132750504	0.128458362436795	0.116329949324816	0.141556009049438	0.103727164484005	0.160244119612336	0.119727466346091	0.131137381307113	0.117901412184568	0.130329631287527	0.117570890317576	0.107260438511642	0.106231141433033	0.137812667298224	0.123407532211531	0.149454616685497	0.12526078420786	0.120152108531173	0.120281560478206	0.124763126221164	0.134633208207496	0.158235354108454	0.120115403338359	0.121071199402083	0.13322520780246	0.12514805583796
700023927	0.165873223953866	0.135634246662115	0.0646858050707513	0.161690246829263	0.141689869144927	0	0.161819777040589	0.108392854941303	0.154083419171305	0.0906482919244756	0.116440409398175	0.0953618329362593	0.107807316837131	0.101354579408098	0.0904805411296202	0.134084548430691	0.0942268961284279	0.0878723587842695	0.150776771259235	0.146416608790723	0.140734209732895	0.107536535810147	0.132479688258475	0.168313089783131	0.139020793066304	0.162656865689738	0.141405364203111	0.15249215658119	0.115973652552439	0.0894897307220384	0.071224523545407	0.123894591936274	0.111815438976789	0.0691855324957552	0.161488217650351	0.118052785823514	0.127464496795696	0.0718624608269536	0.148761776398425	0.117311527416452	0.142143038713256	0.085734093557503	0.110693296932303	0.132365807224482	0.103226764705456	0.117146237621418	0.140986568838865	0.0992703545597007	0.0833666289010649	0.0974216578443421	0.0894613396759944	0.168510296360239	0.15825093988069	0.124876346557321	0.183860174281955	0.112815448951707	0.132078877440745	0.163217270019402	0.0931592317097406	0.142861515585884
700106341	0.0848212746764056	0.158003341520072	0.159579896719983	0.092143421993394	0.121575451353259	0.161819777040589	0	0.187726180147896	0.0671711414201606	0.167788441005926	0.118169146049788	0.144311527510397	0.161704210157547	0.144382568887616	0.146441830212321	0.130176254965988	0.171464035070938	0.173893185806429	0.113756367677311	0.080201954617192	0.0925547669511321	0.113426735946687	0.108246391314814	0.114356210293312	0.0791667481537866	0.110987050277447	0.177897779905278	0.148840887199027	0.146828622009821	0.160481769211327	0.161799460573355	0.0929638431455759	0.123060771604676	0.155093197692785	0.124257533394159	0.0964878147847544	0.163817109270681	0.167057604585987	0.0898954140269725	0.183106703057602	0.13760774330643	0.154677115805194	0.124990955590821	0.0980803890992532	0.15170831846354	0.134699580218645	0.134530281522716	0.142045599546804	0.154813889538856	0.128651760926533	0.121208371815007	0.0674629975166234	0.0835555371757992	0.136143685018325	0.120682786727046	0.170763452139105	0.0957260743494757	0.079201292628454	0.120871174639092	0.0754946915039641
700114221	0.187967642621626	0.140624561723177	0.10142404992404	0.187940375996244	0.161129187936096	0.108392854941303	0.187726180147896	0	0.179237497842464	0.0837789353931455	0.138871145891206	0.116038391372582	0.0898945164861153	0.153335005870368	0.0975825473043374	0.153703779496531	0.075752010153621	0.139983914512117	0.171698969529185	0.172291858443759	0.166148697203309	0.143820727770404	0.1670298533283	0.182865740691956	0.174533551583531	0.183729493052574	0.148981057437932	0.144417795106348	0.114259421588169	0.111854273588836	0.118180342702734	0.146868512248519	0.127496176505293	0.110764149801793	0.189736518863891	0.140731201871879	0.15520836686401	0.0922223444888649	0.178650322559425	0.0878541655927976	0.152944278741658	0.0924798448746692	0.154098747289399	0.153558188012441	0.0972622758632454	0.133716935634251	0.145875467683341	0.0942499534262731	0.131438375750939	0.113618001676994	0.126748275317406	0.192384854506447	0.183930785199299	0.16057936957806	0.214365240565962	0.100572549145515	0.154264401226874	0.19380721051793	0.11851707948618	0.168262135895622
700023543	0.0824667321268851	0.145997754492948	0.152809221035351	0.11898631129783	0.113452960989482	0.154083419171305	0.0671711414201606	0.179237497842464	0	0.151033620801925	0.110201184020146	0.141255458640657	0.150204164847767	0.140509533611798	0.143057195918903	0.0997414784164587	0.163246169324751	0.161779380295664	0.0972062376411087	0.0935578676230235	0.0882618304346636	0.0976636415919808	0.107996564387308	0.109406256369077	0.0874354067203501	0.107736160085601	0.161538123218621	0.123187715746872	0.1500835293275	0.149618421902235	0.148167623879486	0.0894781135652122	0.109607814325203	0.144476469223429	0.118595405152726	0.108867345929718	0.148426918906811	0.160363757762701	0.0811535644399088	0.172593384125576	0.120198292765486	0.142831108990561	0.119334003461273	0.0779314432918152	0.139078302065654	0.128676612665798	0.120877412352565	0.132779080131417	0.144695806081075	0.119861259248673	0.117876995375464	0.0722095179869403	0.0966670842495943	0.125833487777506	0.121330674502108	0.159985261237494	0.107064093235569	0.0767023398843436	0.123959590832564	0.0781615829543834
700023439	0.166254213491482	0.12507288997288	0.0936188527407189	0.169518980615882	0.141338644848783	0.0906482919244756	0.167788441005926	0.0837789353931455	0.151033620801925	0	0.113602276978784	0.107858512004432	0.0821792276585905	0.12393150279779	0.0994580136882775	0.136751169690085	0.0824966324101838	0.114837603547929	0.15082094345818	0.152938798212999	0.138870588649455	0.124997247345529	0.136309523713379	0.153428916873628	0.151202642815796	0.162022761654195	0.128659709412199	0.139538057714498	0.10774105936885	0.0972817561554315	0.0931192483073529	0.131451838833835	0.10421497374844	0.0787184306452117	0.164430688677944	0.119573032398198	0.135075627200071	0.083786925824037	0.14860734096781	0.0870929239877068	0.12522651325235	0.084140858138148	0.130833396348423	0.129972798445707	0.0981835130574094	0.105793451255373	0.120276400514238	0.0902832539025453	0.103523894627376	0.106227374712154	0.105526584137988	0.163758257835282	0.156359450273344	0.127231313853688	0.17515527604794	0.0942464998341187	0.128599867243011	0.161590637567063	0.0960013094987276	0.150209076993552
700016978	0.119690002836495	0.126485821893115	0.107970365497454	0.139771900627601	0.12230808306446	0.116440409398175	0.118169146049788	0.138871145891206	0.110201184020146	0.113602276978784	0	0.106414260547045	0.10907937384508	0.137689393530349	0.128783454943078	0.108280109102984	0.119378522164792	0.127014372676693	0.119390282424953	0.115646568119495	0.111507114032221	0.0764883733909211	0.125354429495507	0.11967691912254	0.101673417717927	0.140346164633705	0.129436081351718	0.121006681776124	0.122211290061356	0.123754670286064	0.0980262882112274	0.0953256084826905	0.0831597765045136	0.0984562987673452	0.136694864042882	0.095580293643043	0.126662000198219	0.129748627765302	0.109493254248845	0.142932270020043	0.0999567261881253	0.1007607380036	0.096081954538334	0.0968811271619191	0.111923181772107	0.114716289236592	0.120684730265548	0.105965917841724	0.119201027227395	0.0996117039455781	0.0897393140887589	0.127834408645391	0.123660021165916	0.104705976881039	0.149133068020791	0.12266448097935	0.109543201739795	0.125286955627749	0.104258373037864	0.119192307120232
700024192	0.158553387796513	0.158899284962656	0.0667755700766825	0.149639449422806	0.154044026370801	0.0953618329362593	0.144311527510397	0.116038391372582	0.141255458640657	0.107858512004432	0.106414260547045	0	0.0862340089736076	0.144580525801918	0.080426842697865	0.119336687436928	0.11613575827274	0.126151073483889	0.142930975511959	0.137175961625077	0.131448356634683	0.0908382743613085	0.138663983175939	0.167870088628788	0.126149496212977	0.161538031514087	0.152045574383368	0.145920878658943	0.12224938718036	0.1184386689661	0.104160235215192	0.0951296664747028	0.0909559584020816	0.0871134893498558	0.169829330109618	0.109882796741782	0.153827938062558	0.0867427771636798	0.152563193480408	0.112397494800425	0.134568333798349	0.0709671345274058	0.140116974147414	0.11314749118272	0.0951991547707552	0.123865525442049	0.152109141427496	0.077056892974686	0.127945325764745	0.0713567070315507	0.0723696207566259	0.16201241708588	0.153959732629147	0.138456344849305	0.192584679327163	0.105892517202571	0.123571729936589	0.156778881687472	0.0807253316233316	0.128644405070039
700113058	0.159157149166203	0.137500805529504	0.102136888335804	0.168178846484841	0.143931928227628	0.107807316837131	0.161704210157547	0.0898945164861153	0.150204164847767	0.0821792276585905	0.10907937384508	0.0862340089736076	0	0.134050461663365	0.0840462122179192	0.131024421571345	0.09571316404286	0.13726591109148	0.149656636522131	0.145706101656494	0.143496127556732	0.113349223203598	0.147882391657112	0.167799307807637	0.146701983452316	0.169687662859038	0.132547379697849	0.127854941550426	0.10627135267931	0.098283531101748	0.100894441068081	0.117713230057031	0.106815478807564	0.0872648334646719	0.174957495491487	0.126418878286832	0.143370320307561	0.100044465882813	0.150730479602039	0.0943891632351335	0.132326230751896	0.0751126357047097	0.141450398465423	0.125026671040088	0.0899240999371014	0.115275370065649	0.152249664526729	0.0751442318193769	0.120719192473656	0.0929183798681222	0.105410897125531	0.16637431530746	0.165364907184424	0.149203017253767	0.195088531604306	0.074232754506166	0.125249368829966	0.167059762530369	0.0970765841940553	0.139286053310565
700099448	0.154722637758305	0.130300994294599	0.127024774085519	0.157926377562555	0.125883490940674	0.101354579408098	0.144382568887616	0.153335005870368	0.140509533611798	0.12393150279779	0.137689393530349	0.144580525801918	0.134050461663365	0	0.125284480236718	0.148861087810323	0.132982788515825	0.118414801830799	0.142914349495465	0.134094689410982	0.130665646021572	0.131355468044541	0.10605035268596	0.152901685672635	0.143015176203801	0.1315181205269	0.132807016276289	0.150939800466182	0.118662986610409	0.103379888785639	0.105524811601085	0.145561754667216	0.130891756511299	0.110928480069392	0.135347288882369	0.129671667105943	0.13147344979666	0.114393108557606	0.131063771007134	0.15669559119329	0.141135194523108	0.127600394733218	0.11770541918901	0.139944347550395	0.125962223541899	0.120995432528187	0.12049572561036	0.13390763433696	0.0775051143709263	0.135820674111707	0.120699562233781	0.13143338525971	0.142261915523652	0.122455298346648	0.159948824634872	0.149259783052166	0.128126438967118	0.140523265576168	0.107169602778277	0.141133739001622
700109870	0.158220787032431	0.149309488304719	0.0755316404193991	0.148408330749974	0.142195683122621	0.0904805411296202	0.146441830212321	0.0975825473043374	0.143057195918903	0.0994580136882775	0.128783454943078	0.080426842697865	0.0840462122179192	0.125284480236718	0	0.136440517580798	0.105474058397742	0.130235201852901	0.149914083071803	0.135755688665547	0.129717395070388	0.119996541656217	0.126529614863933	0.161256874556538	0.134912501960358	0.161469323974519	0.146500206156242	0.145033145616176	0.113592035956093	0.0919609613204616	0.114869299547888	0.115365921756015	0.122200222018112	0.106902059767127	0.171093519134681	0.1189340990653	0.147634056200633	0.0699586310835437	0.153265102018794	0.0961819986145394	0.152574047540041	0.0837642294792002	0.143465260662176	0.123540947087276	0.0987681662348421	0.114954113258874	0.143314644697776	0.0870406129420251	0.112334259900639	0.0899040233601329	0.0965177868933264	0.15593375465545	0.149985931807285	0.145662562212733	0.186927716498084	0.099755254017239	0.116964892875602	0.159258095662767	0.083281553685958	0.122538732967398
700033928	0.11354181208905	0.156345016432205	0.126782343876838	0.145964794790266	0.127659704015201	0.134084548430691	0.130176254965988	0.153703779496531	0.0997414784164587	0.136751169690085	0.108280109102984	0.119336687436928	0.131024421571345	0.148861087810323	0.136440517580798	0	0.150888511516123	0.135470852725963	0.0988111471717837	0.125479209256346	0.111508635153075	0.0960179033554594	0.125520732657047	0.102329987240086	0.113333255009658	0.132236613066738	0.140432828926042	0.102967889609927	0.146095622710579	0.141287184820107	0.128838976615038	0.109115079369258	0.105793992462056	0.125401078401643	0.129727507665102	0.133628069714189	0.129495655421826	0.149583600558067	0.108908932601132	0.16079227668464	0.101725370167876	0.124663467776966	0.121082966101462	0.110118241443734	0.131597046522829	0.12493123290409	0.129999504492186	0.128104696409471	0.135492311825172	0.114472707753439	0.102835486495322	0.122372819635056	0.124355297340887	0.121645748704616	0.132712561504115	0.141723751485708	0.122521906546738	0.1140106984367	0.117013361638014	0.116823537799118
700023693	0.176833700360687	0.12404313887585	0.103514008888462	0.178920652750828	0.148694423724292	0.0942268961284279	0.171464035070938	0.075752010153621	0.163246169324751	0.0824966324101838	0.119378522164792	0.11613575827274	0.09571316404286	0.132982788515825	0.105474058397742	0.150888511516123	0	0.132811960303593	0.162385881225664	0.158752859610903	0.147086865676852	0.127126563604616	0.148176510822614	0.176591958946503	0.161191705166255	0.178682605182552	0.145701702877363	0.148131116983457	0.107878328644965	0.102717389662889	0.0940107570825472	0.135171189197061	0.107264551007	0.100527572991702	0.176772115794198	0.124991442092921	0.138503924720231	0.106759776787076	0.159162235930259	0.0967128066866949	0.14413515107906	0.0904938091897602	0.127381083888757	0.140734544111714	0.0909908955815886	0.121265006356758	0.134759652219338	0.0876662353006714	0.114025717473385	0.109758692290841	0.118819036082147	0.179600783580753	0.167950919699264	0.144363556630045	0.200043181886635	0.0980479999761107	0.13531753187115	0.179405258614573	0.115280800726221	0.154966582095458
700109627	0.16618679483266	0.153623092412552	0.0968606113269837	0.184395025043103	0.152278021030402	0.0878723587842695	0.173893185806429	0.139983914512117	0.161779380295664	0.114837603547929	0.127014372676693	0.126151073483889	0.13726591109148	0.118414801830799	0.130235201852901	0.135470852725963	0.132811960303593	0	0.151549815255532	0.165526931210352	0.157000735112779	0.118838626323798	0.148402746635535	0.158253111183032	0.151562342201677	0.172037354097256	0.148573493290191	0.168460939037383	0.154914698368103	0.120722126500139	0.100125760721057	0.137835912685556	0.141559216508678	0.111248162479335	0.166167808396739	0.146321988460883	0.121554708866581	0.106683548142769	0.160269442933597	0.155544071076956	0.158957192738608	0.119183251882818	0.112161022323926	0.14058134910041	0.144481551691073	0.141296662318511	0.140896777420552	0.141740306704519	0.0959619360057838	0.128057257121477	0.114085079059007	0.175547301066973	0.166530780716367	0.127502602167973	0.183258844165997	0.140986425482171	0.148351961469133	0.172240176099576	0.121402625147736	0.162715790960697
700095416	0.091372428108106	0.147839958713415	0.154173607724819	0.140723119767053	0.120352571691337	0.150776771259235	0.113756367677311	0.171698969529185	0.0972062376411087	0.15082094345818	0.119390282424953	0.142930975511959	0.149656636522131	0.142914349495465	0.149914083071803	0.0988111471717837	0.162385881225664	0.151549815255532	0	0.117655572525915	0.103453292319803	0.113714939137689	0.113487383354481	0.099518864494377	0.11157729850832	0.11720163555567	0.143861631097118	0.13089945633226	0.141823083224282	0.149795950047477	0.142051052254234	0.117299783496312	0.11291564114722	0.1508006269276	0.123953538446925	0.131619682014727	0.12053099922448	0.156761058408869	0.0912024568635804	0.165897221394928	0.100339279027645	0.14485705069654	0.114277214092321	0.114339419107244	0.14264374563468	0.119391381998938	0.11727437274095	0.145681346461433	0.13757507974004	0.127985601966447	0.115025213327138	0.113039230883532	0.118703977223623	0.10803407660204	0.114875688416498	0.158033215249014	0.120302425064832	0.104671355802713	0.131027385396492	0.118360051246736
700110425	0.0960113433939158	0.147403248666191	0.146295092229398	0.0861673929683718	0.12411146338861	0.146416608790723	0.080201954617192	0.172291858443759	0.0935578676230235	0.152938798212999	0.115646568119495	0.137175961625077	0.145706101656494	0.134094689410982	0.135755688665547	0.125479209256346	0.158752859610903	0.165526931210352	0.117655572525915	0	0.0855493311287063	0.110127432718982	0.0932888737923547	0.118708861552684	0.0672173532290016	0.119998308627122	0.158960941204092	0.132442106354724	0.132587940219588	0.128005424562446	0.152177469404697	0.106296095446052	0.114120792191157	0.137327154476621	0.13345784313901	0.0974204498432509	0.149791350119105	0.1566263643391	0.101780929181429	0.167374037606761	0.126585012695702	0.136905104290099	0.128275764000497	0.0913692404554662	0.13657100107696	0.129510754990101	0.132780029620762	0.131156705063052	0.133391466930089	0.119830334338266	0.109442513753503	0.0837817716498749	0.062982637514701	0.128219669050166	0.127368875460186	0.157174997391157	0.0748967452201106	0.0771260751803724	0.106712337512346	0.0785516047716061
700111580	0.0887595510346618	0.138837933456047	0.145175622393021	0.104105418513233	0.126946306557637	0.140734209732895	0.0925547669511321	0.166148697203309	0.0882618304346636	0.138870588649455	0.111507114032221	0.131448356634683	0.143496127556732	0.130665646021572	0.129717395070388	0.111508635153075	0.147086865676852	0.157000735112779	0.103453292319803	0.0855493311287063	0	0.0902937225124369	0.0934891332400115	0.10894699625471	0.0617748439282264	0.130772763692942	0.16202462027788	0.139873609747784	0.118216231712735	0.143078626894598	0.136792487979999	0.0944560643062023	0.100193846024321	0.136712268126917	0.138723071836424	0.0996514256289744	0.156336057566914	0.145229542260775	0.100824043711805	0.155498544373414	0.119237118594542	0.130013672601717	0.121709248714612	0.100923170435033	0.125047349264442	0.110927266654077	0.121053747227527	0.11676254306436	0.120884598518784	0.111890850998134	0.108398944325609	0.0881333663367926	0.0942209994020341	0.101473863409266	0.127216613728961	0.145304471874799	0.0730385735574264	0.0722354044951132	0.0946200950357756	0.0811158691646603
700111302	0.108908523058878	0.135589689823521	0.097231738456985	0.135208071155167	0.133612094121629	0.107536535810147	0.113426735946687	0.143820727770404	0.0976636415919808	0.124997247345529	0.0764883733909211	0.0908382743613085	0.113349223203598	0.131355468044541	0.119996541656217	0.0960179033554594	0.127126563604616	0.118838626323798	0.113714939137689	0.110127432718982	0.0902937225124369	0	0.126391280523826	0.128347725435609	0.0842204779860695	0.150962788790622	0.143181112574586	0.132103971996341	0.130718796647164	0.126003956731249	0.103110027792092	0.0687237774575797	0.0801410324326738	0.104223090888849	0.15247358641067	0.100904668360221	0.139719173427463	0.132130488527466	0.108758792292509	0.144507890622005	0.128192307509767	0.102431498741246	0.109531531248827	0.0922638100460371	0.113355296894548	0.129247931552789	0.131828129361838	0.0943141756466248	0.11299015962622	0.0766568060296303	0.0868389604116385	0.122644926104182	0.121909389971925	0.104256327732018	0.153515723715166	0.122502890406109	0.103479556013867	0.11142276033787	0.0886974748197569	0.105070500803024
700098605	0.105108830185644	0.124651710027007	0.137902503625794	0.102576746482648	0.118143091337604	0.132479688258475	0.108246391314814	0.1670298533283	0.107996564387308	0.136309523713379	0.125354429495507	0.138663983175939	0.147882391657112	0.10605035268596	0.126529614863933	0.125520732657047	0.148176510822614	0.148402746635535	0.113487383354481	0.0932888737923547	0.0934891332400115	0.126391280523826	0	0.111351080183256	0.110800305126139	0.108749886839207	0.133474471003498	0.13157790343045	0.133711014737111	0.126033201651717	0.138109750068402	0.119061973719179	0.116714277152179	0.13195266449786	0.119654547549621	0.105312775266581	0.130955174816031	0.129414876272382	0.104407512239153	0.159758119531876	0.119374512363886	0.13838209531713	0.118939369920973	0.101381889480291	0.144072725891497	0.107416283159487	0.105572418367897	0.13255178183017	0.121363409810826	0.119882795040148	0.108879953644199	0.0991329765943893	0.0958129867396794	0.117133898337379	0.113773208131376	0.155472791283388	0.109421469855122	0.10061995743936	0.112264835439751	0.0846602534926809
700111991	0.0745372793323855	0.157430476084816	0.15982700530137	0.121264299753174	0.1276607640494	0.168313089783131	0.114356210293312	0.182865740691956	0.109406256369077	0.153428916873628	0.11967691912254	0.167870088628788	0.167799307807637	0.152901685672635	0.161256874556538	0.102329987240086	0.176591958946503	0.158253111183032	0.099518864494377	0.118708861552684	0.10894699625471	0.128347725435609	0.111351080183256	0	0.112065167310292	0.106576311920338	0.132440574344146	0.124863324052904	0.147370652638984	0.168377928356477	0.159309033430052	0.14003094887333	0.132924590935895	0.159657386230659	0.108213189595211	0.118713060247409	0.140317848961236	0.168210958487317	0.0951894721947795	0.183362294085212	0.102246743174463	0.158786040739114	0.12981691892812	0.12673503236481	0.160638214452156	0.118915148962839	0.11046230119896	0.160419981136733	0.153880943633828	0.151742026706998	0.129625890208776	0.107994942929573	0.101555001956058	0.11390923208636	0.0882881247259386	0.177411139549921	0.121817338372563	0.0943300358995495	0.137199395853688	0.121461991898153
700108960	0.0836400974515775	0.149081998316402	0.138650966368097	0.101761542360318	0.134126455797725	0.139020793066304	0.0791667481537866	0.174533551583531	0.0874354067203501	0.151202642815796	0.101673417717927	0.126149496212977	0.146701983452316	0.143015176203801	0.134912501960358	0.113333255009658	0.161191705166255	0.151562342201677	0.11157729850832	0.0672173532290016	0.0617748439282264	0.0842204779860695	0.110800305126139	0.112065167310292	0	0.137277384053677	0.17490635087053	0.140818604138779	0.132043411514577	0.136511153013648	0.14416203511406	0.0833239833585538	0.109301794606116	0.135277754051764	0.141574901427818	0.0940935192960261	0.150809318171442	0.151616633831515	0.0992584843410551	0.167407345623799	0.137346171421887	0.127829438699551	0.123688785565243	0.0890436854813178	0.135922522193716	0.133811785471254	0.139917104686098	0.126394564261234	0.129316415902877	0.10843054406103	0.104203451252446	0.0890543196011683	0.0824051544828617	0.110506301058015	0.124514096226063	0.153836536199926	0.0772229437965062	0.0682994984095907	0.0971591035791148	0.0755198318720826
700024452	0.115603014564828	0.145405513498147	0.165238597430227	0.113150925610929	0.106334407729751	0.162656865689738	0.110987050277447	0.183729493052574	0.107736160085601	0.162022761654195	0.140346164633705	0.161538031514087	0.169687662859038	0.1315181205269	0.161469323974519	0.132236613066738	0.178682605182552	0.172037354097256	0.11720163555567	0.119998308627122	0.130772763692942	0.150962788790622	0.108749886839207	0.106576311920338	0.137277384053677	0	0.148544562231487	0.122848054475245	0.119727125295474	0.151133520132068	0.168669235933906	0.148310848431918	0.136584278920734	0.156316683403269	0.0766233855024985	0.123705429479742	0.146196293139957	0.165678317158285	0.104431992914599	0.179915481011462	0.116930195651707	0.153944811253781	0.132681230606714	0.122999144787699	0.152455392180984	0.105661832517366	0.103973291777455	0.161458888953074	0.149045679300143	0.149048742323193	0.126976823227042	0.0889273820222292	0.108507258485099	0.141014418816963	0.10445138429992	0.176453725373176	0.128793357002658	0.123651750795696	0.13622237194312	0.133355221455675
700032931	0.151897550134322	0.138484570157423	0.13416886771321	0.175269038501549	0.142427341368611	0.141405364203111	0.177897779905278	0.148981057437932	0.161538123218621	0.128659709412199	0.129436081351718	0.152045574383368	0.132547379697849	0.132807016276289	0.146500206156242	0.140432828926042	0.145701702877363	0.148573493290191	0.143861631097118	0.158960941204092	0.16202462027788	0.143181112574586	0.133474471003498	0.132440574344146	0.17490635087053	0.148544562231487	0	0.129760416710537	0.141156938677472	0.131659565715675	0.133684101096301	0.155869170451579	0.145390596824931	0.13085992032182	0.143550047674792	0.143832878520279	0.132208648218338	0.140205170396123	0.143794624074924	0.152999100969831	0.130443012916553	0.141517731550267	0.132284131181946	0.144169690556806	0.145458661975728	0.13743489800994	0.127605374814525	0.144622447693229	0.132997110602355	0.141501772697303	0.141136904640768	0.174001257287063	0.159519272005487	0.129907433246165	0.14725444246494	0.157644036601434	0.167866919613188	0.16622712855714	0.143704600354935	0.165179961652123
700095837	0.122208701493677	0.14123748911123	0.149094460306535	0.149144848069778	0.121223476250397	0.15249215658119	0.148840887199027	0.144417795106348	0.123187715746872	0.139538057714498	0.121006681776124	0.145920878658943	0.127854941550426	0.150939800466182	0.145033145616176	0.102967889609927	0.148131116983457	0.168460939037383	0.13089945633226	0.132442106354724	0.139873609747784	0.132103971996341	0.13157790343045	0.124863324052904	0.140818604138779	0.122848054475245	0.129760416710537	0	0.107640703974486	0.122594242208379	0.149786246627682	0.142935338630407	0.122835186225753	0.125947974336886	0.135280919206731	0.134830996532242	0.129767920007823	0.153976165260158	0.119491406608892	0.155987123166916	0.111864081001915	0.126178517099723	0.13904279348535	0.122824485015091	0.11888077803872	0.117294144575314	0.125381628130133	0.132309721831402	0.148095788822217	0.138817800696102	0.12233087847078	0.141715848706923	0.138091011339965	0.143242441192963	0.141386546437663	0.148587786935204	0.138653559706115	0.142492751239695	0.135478307200869	0.142323131283074
700024548	0.142050094002418	0.119383598022998	0.11577874507776	0.137513551757413	0.11341976472609	0.115973652552439	0.146828622009821	0.114259421588169	0.1500835293275	0.10774105936885	0.122211290061356	0.12224938718036	0.10627135267931	0.118662986610409	0.113592035956093	0.146095622710579	0.107878328644965	0.154914698368103	0.141823083224282	0.132587940219588	0.118216231712735	0.130718796647164	0.133711014737111	0.147370652638984	0.132043411514577	0.119727125295474	0.141156938677472	0.107640703974486	0	0.107807434340218	0.117651566464444	0.140347542282674	0.113166549913845	0.101070801978856	0.129605290899314	0.106869455980951	0.142322553625563	0.114948526291424	0.132962910570489	0.114953429274394	0.120797359109509	0.0901874678015371	0.136289298139382	0.143422301934033	0.0812353263511051	0.0825963210070388	0.115431889351575	0.106690114070029	0.110626277524805	0.127276195971592	0.107531165355524	0.143982928172374	0.133248517194599	0.132940727248327	0.156528919327214	0.122898075746152	0.116462248656117	0.144529211998037	0.104354562685431	0.145597568028169
700110161	0.165933131761146	0.130357599120949	0.0992554736341462	0.158694938785685	0.130617134945104	0.0894897307220384	0.160481769211327	0.111854273588836	0.149618421902235	0.0972817561554315	0.123754670286064	0.1184386689661	0.098283531101748	0.103379888785639	0.0919609613204616	0.141287184820107	0.102717389662889	0.120722126500139	0.149795950047477	0.128005424562446	0.143078626894598	0.126003956731249	0.126033201651717	0.168377928356477	0.136511153013648	0.151133520132068	0.131659565715675	0.122594242208379	0.107807434340218	0	0.104707431315364	0.129244074525961	0.126581405192367	0.088211826711546	0.155549511153623	0.129734562308869	0.128071282707773	0.0956429264557966	0.149358222233883	0.122292552777848	0.145691763664615	0.0960356419047986	0.119661247519914	0.124800156942256	0.107564626060598	0.125741868408576	0.142534881148755	0.104409529644733	0.0940709096552864	0.109081200926297	0.113341225697309	0.156457801535304	0.149500338299102	0.131840175919974	0.181986863016719	0.113183130793012	0.12412840669512	0.156426937143806	0.102655164841028	0.139949314755524
700023496	0.155685046700826	0.130282892924544	0.093045130726545	0.172846705466042	0.136643609400585	0.071224523545407	0.161799460573355	0.118180342702734	0.148167623879486	0.0931192483073529	0.0980262882112274	0.104160235215192	0.100894441068081	0.105524811601085	0.114869299547888	0.128838976615038	0.0940107570825472	0.100125760721057	0.142051052254234	0.152177469404697	0.136792487979999	0.103110027792092	0.138109750068402	0.159309033430052	0.14416203511406	0.168669235933906	0.133684101096301	0.149786246627682	0.117651566464444	0.104707431315364	0	0.12352877353667	0.0985001683355198	0.0787004607800575	0.159938475142232	0.125653866724111	0.121929341684184	0.0897411537474064	0.142537089623752	0.12809151602687	0.12431509880789	0.09416586538659	0.103286614279383	0.136541674928329	0.0976050483119417	0.110908319084886	0.137170259344677	0.101863983979314	0.0825016562730849	0.108988404047817	0.105176547555002	0.169637267422183	0.163001947506395	0.112677386715412	0.185990599090338	0.103500469759852	0.131231701528935	0.163465067428985	0.111936589284719	0.147657363442006
700034628	0.118349788647495	0.142955632883225	0.110600033872781	0.134886452063488	0.141284856466735	0.123894591936274	0.0929638431455759	0.146868512248519	0.0894781135652122	0.131451838833835	0.0953256084826905	0.0951296664747028	0.117713230057031	0.145561754667216	0.115365921756015	0.109115079369258	0.135171189197061	0.137835912685556	0.117299783496312	0.106296095446052	0.0944560643062023	0.0687237774575797	0.119061973719179	0.14003094887333	0.0833239833585538	0.148310848431918	0.155869170451579	0.142935338630407	0.140347542282674	0.129244074525961	0.12352877353667	0	0.0951118515638405	0.108311975092738	0.156508668706957	0.0907824437666762	0.144744388996692	0.129459832156791	0.124712126895466	0.14542196806439	0.13933900854513	0.104465603154452	0.125180302701897	0.0689494249021957	0.12689903971958	0.138164456391316	0.138049424713027	0.0952264140415037	0.131242734234499	0.0723046716955378	0.0993531814225407	0.113906006557624	0.119766843598931	0.123529181146986	0.164202563548954	0.120141466465768	0.115451283336575	0.108372138586781	0.0945648921237281	0.0784967381998549
700023645	0.124904267263446	0.118778114909296	0.106005588508826	0.135997262828921	0.123469844286039	0.111815438976789	0.123060771604676	0.127496176505293	0.109607814325203	0.10421497374844	0.0831597765045136	0.0909559584020816	0.106815478807564	0.130891756511299	0.122200222018112	0.105793992462056	0.107264551007	0.141559216508678	0.11291564114722	0.114120792191157	0.100193846024321	0.0801410324326738	0.116714277152179	0.132924590935895	0.109301794606116	0.136584278920734	0.145390596824931	0.122835186225753	0.113166549913845	0.126581405192367	0.0985001683355198	0.0951118515638405	0	0.0952912810330202	0.140308909583216	0.0908155908217576	0.132213409108825	0.123433436663298	0.114054856241596	0.124915634574807	0.109497332527008	0.0947729677640276	0.103695494823319	0.102480230210247	0.0995858834140442	0.103020421728452	0.112942981122135	0.0826563928128364	0.11840334071427	0.0900051784899637	0.077785658963317	0.126236158123466	0.128613625884675	0.118602572703228	0.157665752308391	0.102401801460373	0.102105304441177	0.121491084044319	0.0970010945296441	0.115289555876789
700038744	0.155215591638122	0.131643229916342	0.0795905745265911	0.158872091921259	0.137834325459628	0.0691855324957552	0.155093197692785	0.110764149801793	0.144476469223429	0.0787184306452117	0.0984562987673452	0.0871134893498558	0.0872648334646719	0.110928480069392	0.106902059767127	0.125401078401643	0.100527572991702	0.111248162479335	0.1508006269276	0.137327154476621	0.136712268126917	0.104223090888849	0.13195266449786	0.159657386230659	0.135277754051764	0.156316683403269	0.13085992032182	0.125947974336886	0.101070801978856	0.088211826711546	0.0787004607800575	0.108311975092738	0.0952912810330202	0	0.158494939974335	0.111814875434488	0.119513863418414	0.0838878509680903	0.140232016508177	0.104140256880316	0.125014472404035	0.075727003024599	0.117702410573421	0.126340391268821	0.0922458190838693	0.106202122384711	0.141468419136493	0.0846714582159561	0.0925890202535479	0.0930412756747639	0.0911420059069488	0.162977161858859	0.155231103811527	0.123350028193813	0.182875825420419	0.102088144776947	0.134260169044034	0.155313933014343	0.0925454475179209	0.143402327848657
700038485	0.129416259502196	0.145055093353359	0.165687855945788	0.125588578233768	0.0986369132750504	0.161488217650351	0.124257533394159	0.189736518863891	0.118595405152726	0.164430688677944	0.136694864042882	0.169829330109618	0.174957495491487	0.135347288882369	0.171093519134681	0.129727507665102	0.176772115794198	0.166167808396739	0.123953538446925	0.13345784313901	0.138723071836424	0.15247358641067	0.119654547549621	0.108213189595211	0.141574901427818	0.0766233855024985	0.143550047674792	0.135280919206731	0.129605290899314	0.155549511153623	0.159938475142232	0.156508668706957	0.140308909583216	0.158494939974335	0	0.131112871406882	0.144719510516673	0.166635677663852	0.110535810889775	0.17888155225654	0.119884612741107	0.159424113831312	0.131233654965693	0.12906876763497	0.155434965443867	0.115256446280831	0.109507504926412	0.168399978923251	0.155661063343729	0.157545942371046	0.135094859975129	0.107951302634814	0.11342013398816	0.137916922360964	0.0979271494146865	0.176346499627864	0.140091838646402	0.125022404605006	0.146227547048158	0.137491869750184
700024743	0.117685814206206	0.131401267675225	0.107341264395494	0.109906918410025	0.128458362436795	0.118052785823514	0.0964878147847544	0.140731201871879	0.108867345929718	0.119573032398198	0.095580293643043	0.109882796741782	0.126418878286832	0.129671667105943	0.1189340990653	0.133628069714189	0.124991442092921	0.146321988460883	0.131619682014727	0.0974204498432509	0.0996514256289744	0.100904668360221	0.105312775266581	0.118713060247409	0.0940935192960261	0.123705429479742	0.143832878520279	0.134830996532242	0.106869455980951	0.129734562308869	0.125653866724111	0.0907824437666762	0.0908155908217576	0.111814875434488	0.131112871406882	0	0.142069912255652	0.124695098332431	0.109576346786097	0.137791267032466	0.125609348823525	0.107196445070778	0.115858062855496	0.0884586719190027	0.112748906417477	0.105007348784102	0.114556175691252	0.108000170146835	0.123688428447642	0.108843535560597	0.0878421500394343	0.106256188323899	0.1037428400408	0.114098154295587	0.137689497457067	0.134537316060556	0.103014097697763	0.10266082882126	0.0936289144491326	0.0912322867032451
