700108602	700014971	700033565	700109389	700023058	700023927	700106341	700114221	700023543	700023439	700016978	700024192	700113058	700099448	700109870	700033928	700023693	700109627	700095416	700110425	700111580	700111302	700098605	700111991	700108960	700024452	700032931	700095837	700024548	700110161	700023496	700034628	700023645	700038744	700038485	700024743	700099596	700110760	700101587	700106399	700032322	700095653	700021312	700101230	700023590	700038905	700033136	700023382	700096424	700105469	700016908	700096053	700108479	700109569	700033814	700016125	700109756	700102665	700101777	700109455
700108602	0	0.238126310936197	0.325299292864593	0.204773132106955	0.186335142138867	0.295064714003735	0.0842376081607855	0.299914523891208	0.145578024594515	0.28451328823439	0.20391343687503	0.335235055860453	0.303502950850691	0.226718840122173	0.334140974643411	0.17855843090547	0.279699994570734	0.276837433995254	0.121785460230389	0.0910712091460725	0.151268313693074	0.248201291946829	0.124130982582432	0.0692834200538019	0.151784115419072	0.168377123269779	0.244620447658213	0.330234894018921	0.299804773276962	0.306280127416692	0.257284947064278	0.241902500880568	0.227915899599977	0.267151335007493	0.177419143595108	0.144900505210097	0.234515979958076	0.310042920476628	0.114772442913421	0.367474729672517	0.150101903883259	0.316326699754665	0.193617149297325	0.176944234751504	0.283206278960041	0.232336733893129	0.192144606742189	0.294456256448111	0.234252490799101	0.307436960606989	0.286222741194365	0.0876066831515985	0.122014312333566	0.157526384323079	0.144761566122608	0.281483313319146	0.139716923906445	0.0900635565483869	0.291781333605419	0.143723010202269
700014971	0.238126310936197	0	0.290250939725591	0.341878655293434	0.148440582989875	0.249633731956937	0.249155760163296	0.177174141748588	0.217887347988563	0.178033213820951	0.168459953352574	0.304915665513516	0.181688438550306	0.138709172039404	0.259481907534013	0.240754948213843	0.162512416167973	0.238016714809867	0.229148861438988	0.238271696249662	0.246507072694087	0.239110920698885	0.212506490536219	0.227622837073896	0.301759224521562	0.176793780065544	0.128760684970277	0.214742765925114	0.150751477938681	0.182536803789802	0.178642513277547	0.25564629613974	0.146332256628018	0.211644996804462	0.200035919141882	0.186053414466689	0.224790767154252	0.278776033285462	0.17737700210377	0.218262282103005	0.152490465349116	0.223364068147961	0.156108863056299	0.232363281935726	0.172743626431166	0.185943449774268	0.12792972683477	0.229899011068405	0.188741904653378	0.292475337019432	0.299389195185684	0.20759549760949	0.24026439662434	0.194895831410213	0.29728940680972	0.16957137792225	0.219703876042521	0.254778720170838	0.245815331130442	0.25383302771932
700033565	0.325299292864593	0.290250939725591	0	0.449862444262976	0.314408396475664	0.0930550527038317	0.300164152975862	0.18583661314697	0.250920299085089	0.154292091633446	0.168976561889654	0.0591626932795579	0.198938843310033	0.237464814436267	0.190989706462333	0.1718554364218	0.191179854831832	0.153428467860042	0.260683587642574	0.304073115864914	0.248742887274545	0.102388364765431	0.330551130867003	0.290713397882024	0.268998612037073	0.33893598328191	0.230002292379955	0.384919967503818	0.305475157446675	0.215344014937892	0.166203626033228	0.177815425644937	0.183392062437639	0.111191419131173	0.366070274189842	0.236788115265779	0.257803326388493	0.164532807184938	0.302131067518719	0.257346927084261	0.246330805577142	0.112396708206503	0.233197115348583	0.248643486084036	0.216438094183025	0.217201149911193	0.243206102907539	0.141947346108503	0.176618322559914	0.0635052557270736	0.116931080395241	0.316135947931414	0.367971386735746	0.223552041428301	0.406538616410172	0.16087895246177	0.251149956595172	0.315607218127027	0.0874755919207949	0.265680037031093
700109389	0.204773132106955	0.341878655293434	0.449862444262976	0	0.313235763630926	0.43862314226809	0.224134956895432	0.420286938389693	0.318271537651221	0.411661811636174	0.348780253120648	0.457548025334803	0.416714062344226	0.366541681286595	0.439432772141438	0.333100565174848	0.415864636027253	0.424402192313822	0.301400211057375	0.195186784681584	0.294408230019454	0.386356550880816	0.213031928147227	0.25683037423936	0.284316858773015	0.25760540099181	0.384364433485936	0.424563464178028	0.379214499665498	0.420932787453264	0.402999161852249	0.382266795428322	0.362122986635319	0.407640027735653	0.254803009873894	0.285236268724924	0.39234116905511	0.450787689557275	0.267359167020143	0.42748124266626	0.302321220526998	0.436453755474153	0.351923183405737	0.319935278117722	0.398398171338	0.360488768545829	0.344205663747567	0.421235954655567	0.38586584480525	0.436409199263441	0.418010964296932	0.208974948019555	0.143263303091173	0.315844041074914	0.199518535861835	0.408183091192211	0.255388801058697	0.219313332712553	0.413209986797091	0.279128225214512
700023058	0.186335142138867	0.148440582989875	0.314408396475664	0.313235763630926	0	0.254850676694678	0.201946315168158	0.241211185364717	0.180748820725092	0.242167720432779	0.187740353052188	0.326491115556131	0.253532665515068	0.161561406330158	0.297169934167361	0.220462546229626	0.223754441328356	0.227618852289015	0.182362802685966	0.217365774006243	0.228185880436821	0.25905023255444	0.191293867999937	0.17501361058831	0.270707846038974	0.13050871739379	0.164704629368736	0.273875592536154	0.228876985786106	0.243884559456271	0.218986114401056	0.251221015511009	0.193927449346387	0.245932303873906	0.144085599009757	0.196559129374649	0.174555919572911	0.251829682918276	0.123828091636445	0.298526316843092	0.142308216235735	0.271645163045424	0.137003626183706	0.212444946055891	0.229308937404131	0.207868223981667	0.137537112941592	0.267305374680808	0.203537310593743	0.313895062921521	0.307492947188051	0.168133713607831	0.205704096693212	0.172735094014503	0.229902327962107	0.237642115287345	0.227181271885847	0.2065813942782	0.273322943967872	0.217374670498637
700023927	0.295064714003735	0.249633731956937	0.0930550527038317	0.43862314226809	0.254850676694678	0	0.287503833663281	0.159827360809412	0.2281634949186	0.113850494086922	0.149932586846685	0.125982027868037	0.174979566699296	0.164193764205197	0.175094420591289	0.165823799916656	0.154650122784508	0.100412838896249	0.236978974675475	0.288744263794739	0.226714453018097	0.137572111806237	0.287276508878591	0.259088443707967	0.261746504081726	0.291003336503859	0.174612488679005	0.370646832686353	0.265916172090352	0.187160544180771	0.110309197269806	0.175125302999458	0.160730713720504	0.0806432922610028	0.329310768159648	0.224261980502778	0.206000359139817	0.105856362046528	0.271818643700382	0.227473151673482	0.220640559982225	0.102161047612251	0.179623112284849	0.235939537912972	0.182507506868865	0.172039644805055	0.202135852112008	0.122448155558725	0.0971531849740121	0.123717167169389	0.174417288521665	0.296183531374727	0.353983505204443	0.188282586989679	0.371845941824947	0.12475519387786	0.220883373883979	0.29998642008732	0.0847002370049619	0.248366085955481
700106341	0.0842376081607855	0.249155760163296	0.300164152975862	0.224134956895432	0.201946315168158	0.287503833663281	0	0.295748022037511	0.115751736869115	0.26597401235342	0.18413933067275	0.304008405081832	0.299378657696707	0.241602199109726	0.328178849721534	0.166121146011618	0.272980800119168	0.283664898669153	0.116249208860434	0.0991921969547057	0.121500073319474	0.221205072496982	0.159861422666269	0.102654511282106	0.115107601572643	0.2028527919616	0.272060120103884	0.354633026559061	0.309689581090601	0.306971933422167	0.243992466327918	0.189843909995478	0.208534533444181	0.25666532689319	0.209588466325424	0.116123184993847	0.255461381706013	0.309295864936004	0.138419383052556	0.359589785237076	0.146901053564797	0.28987946743557	0.189105013230519	0.138396548944192	0.259613065781297	0.248191600158348	0.201539819619872	0.269825981403979	0.231637452658865	0.277617201224271	0.271559717385328	0.0893682894338863	0.133813943273256	0.136661976139132	0.184654075284492	0.257151882143692	0.13732899783597	0.0630712171644169	0.261942928093705	0.0917667184627566
700114221	0.299914523891208	0.177174141748588	0.18583661314697	0.420286938389693	0.241211185364717	0.159827360809412	0.295748022037511	0	0.26588994833089	0.0869809946173278	0.189984813292686	0.213058869739142	0.0810060095690442	0.155172965456732	0.136682030575754	0.246237010899462	0.0945098687640532	0.197864483106617	0.278240082155654	0.288997999803311	0.27551583641579	0.22241793155127	0.297001637630219	0.286648349554652	0.339874914583691	0.270724032632268	0.122700117160914	0.299582281743768	0.197553295727271	0.115414026549899	0.151698854459294	0.239573286180908	0.152427859223987	0.151442089332837	0.308293658680812	0.22297358195434	0.229020990675391	0.154996076803567	0.260095802677678	0.124743474030854	0.203379892520032	0.1069949876561	0.207399226963308	0.257620055805413	0.124759894695539	0.164473743331822	0.161507948744389	0.108074783376403	0.16581146288159	0.216772232951677	0.276765648525353	0.275268877450874	0.323837333455691	0.235897772838284	0.389235492524598	0.0907149699966081	0.231666733763451	0.313942034394952	0.165711519220158	0.292014334884474
700023543	0.145578024594515	0.217887347988563	0.250920299085089	0.318271537651221	0.180748820725092	0.2281634949186	0.115751736869115	0.26588994833089	0	0.228476784880899	0.136840286459963	0.263009299908714	0.270169882434419	0.209947785686476	0.295712688760151	0.135819803530071	0.232323964441357	0.234703122856224	0.0699651593391253	0.158655695864915	0.122603951515097	0.171184801990417	0.181325511786923	0.108431270022012	0.135012694798116	0.204576137620466	0.218401467162191	0.327583785469985	0.294337890071987	0.26761057292668	0.195457002492181	0.12818754174753	0.177515807233787	0.206689649148082	0.208151524308343	0.12451115359295	0.201995415007386	0.249103521976788	0.113150581671665	0.335913588848177	0.129117868554078	0.263224115341609	0.144964063613261	0.104175506432581	0.240736134293315	0.213673705146291	0.156309673878422	0.234656867562458	0.197070364074644	0.228832400944654	0.228264486598669	0.137726776963938	0.205360376781449	0.0945837856880433	0.215091194507423	0.229371519276401	0.159511487483744	0.128023448631628	0.218506896641193	0.0957047467320446
700023439	0.28451328823439	0.178033213820951	0.154292091633446	0.411661811636174	0.242167720432779	0.113850494086922	0.26597401235342	0.0869809946173278	0.228476784880899	0	0.147608217987936	0.182469948646234	0.0900113573307412	0.13181924244762	0.151814593979141	0.206519454870704	0.0811505322767835	0.149414269256093	0.24299893949226	0.267895521032234	0.228988840505733	0.187563833726568	0.279209078447419	0.256519292459484	0.301161046968734	0.269429109170925	0.13142605514465	0.304322710406893	0.196409621746903	0.12552272362491	0.0972017742213807	0.206076552009865	0.118981405503264	0.106001930806529	0.311165956353893	0.192335243052712	0.2067410073414	0.136893327578886	0.252475322730361	0.145215559462729	0.180643711636908	0.080144010695223	0.175566660549908	0.225329668678391	0.108767910464673	0.150319285097007	0.157305754920548	0.0855961277520597	0.107824411249368	0.180559217412032	0.230584901381761	0.257479662497485	0.318296870485458	0.187295689806616	0.371672649672113	0.0673560782666661	0.207054187700844	0.272876540568733	0.137122772976927	0.256883944231801
700016978	0.20391343687503	0.168459953352574	0.168976561889654	0.348780253120648	0.187740353052188	0.149932586846685	0.18413933067275	0.189984813292686	0.136840286459963	0.147608217987936	0	0.182881045681369	0.190007420005589	0.16025903688785	0.242539580462436	0.0998264587503211	0.155517671917849	0.126210829607583	0.160946433656065	0.185353245301773	0.153387087748026	0.104273869099671	0.225146873955551	0.167838325658423	0.181115406969219	0.231619882944788	0.168737924217189	0.290365411080063	0.244465450270938	0.194196615797849	0.0984559129378183	0.122101832027407	0.0697153229651942	0.0992028175254234	0.247610339230483	0.120814630933622	0.178424381128236	0.217246427777744	0.163836674523038	0.261715258602495	0.117398602552861	0.152024165474374	0.107826840086839	0.127880081481851	0.168537299457516	0.177019323229713	0.145725045448015	0.156546165316734	0.121067594516846	0.174308238348587	0.181248621472571	0.189977328274338	0.245129605737988	0.116082055254533	0.290596635139859	0.133832972858843	0.174824565810491	0.188267193730947	0.139973275002726	0.160494127797422
700024192	0.335235055860453	0.304915665513516	0.0591626932795579	0.457548025334803	0.326491115556131	0.125982027868037	0.304008405081832	0.213058869739142	0.263009299908714	0.182469948646234	0.182881045681369	0	0.226984312953051	0.254780132585983	0.199950297128379	0.185381495828185	0.189947873406597	0.175179000310747	0.267811330154404	0.308513582719258	0.235133600737172	0.108753319051225	0.336314618407264	0.306431968128651	0.27239483452892	0.349905863053588	0.258905928412431	0.397665725985371	0.307032542594421	0.255410666899661	0.173547500146429	0.174044281156212	0.189634000691865	0.13290963796794	0.384019179308673	0.251548396952769	0.273866842367526	0.182008280744766	0.320006953190752	0.264201562178541	0.258414282721263	0.125784108993077	0.256125823425879	0.250597668420761	0.197514348354446	0.221310007068028	0.249140673504233	0.145694892620823	0.184100120707429	0.0837775002793559	0.131075122716379	0.325610279170072	0.376776790783637	0.228901204627579	0.423099443919277	0.179261951128519	0.246933512188842	0.325315896235912	0.116314280026967	0.270525702758395
700113058	0.303502950850691	0.181688438550306	0.198938843310033	0.416714062344226	0.253532665515068	0.174979566699296	0.299378657696707	0.0810060095690442	0.270169882434419	0.0900113573307412	0.190007420005589	0.226984312953051	0	0.159601094085635	0.158453801261691	0.251248556140767	0.123011167689224	0.199872225897132	0.286760237166972	0.292579453617586	0.289987146239858	0.228594714422409	0.313972832849088	0.292043567028118	0.341775031160163	0.279291294178495	0.140834853440923	0.273395484050146	0.185605427240442	0.0973458581056294	0.154371241354646	0.25290445299311	0.155113275818918	0.159965912811495	0.312846506207607	0.235532889103821	0.235463808477652	0.179489194019436	0.266648982448967	0.152187257495487	0.207777426839473	0.121095000756261	0.215474709900341	0.262650426630433	0.12556646772588	0.186341187446299	0.193465653264027	0.12632552381195	0.178639040254405	0.219706810994585	0.282286777156665	0.269422463410158	0.32708749243676	0.253985373795816	0.395856476377182	0.0932756740584444	0.247230428499488	0.314163341098061	0.177221849935326	0.294830317654552
700099448	0.226718840122173	0.138709172039404	0.237464814436267	0.366541681286595	0.161561406330158	0.164193764205197	0.241602199109726	0.155172965456732	0.209947785686476	0.13181924244762	0.16025903688785	0.254780132585983	0.159601094085635	0	0.21881807513216	0.210101584064888	0.129939368384068	0.157781510755237	0.197961875780209	0.231373560012591	0.219249024937888	0.216920907470178	0.225068892972253	0.202824474984843	0.282405114814772	0.186239748270105	0.10138483496409	0.274916389241786	0.154867325853162	0.15079559375651	0.137308702268494	0.239686055617796	0.123566402067455	0.155079637304943	0.226256510599337	0.181531909201425	0.161830626270472	0.176826133052895	0.186703173268132	0.214021855198485	0.149643103193119	0.17209883893416	0.125827495594108	0.231903804562586	0.131257687667361	0.14334286787246	0.114104758857375	0.180443693196694	0.0984181622113008	0.246169197534639	0.257513049384025	0.206306990769277	0.271401948694773	0.170119340105559	0.293330043455795	0.144460333277232	0.178763340499449	0.246398468540784	0.198867166561718	0.237161005453727
700109870	0.334140974643411	0.259481907534013	0.190989706462333	0.439432772141438	0.297169934167361	0.175094420591289	0.328178849721534	0.136682030575754	0.295712688760151	0.151814593979141	0.242539580462436	0.199950297128379	0.158453801261691	0.21881807513216	0	0.27910749526724	0.16036410287784	0.25169278882181	0.30571580368258	0.3224832385511	0.279585559170361	0.249882520920197	0.307172133154435	0.320605964201188	0.362117603184618	0.318701911756379	0.20437949427883	0.366547555653799	0.240566850149247	0.187468141942569	0.206762266454214	0.271525049683376	0.230796969223708	0.200628920959689	0.361257717768526	0.271380162199859	0.278922243632807	0.139170360306677	0.30128228813455	0.17755118981938	0.27064014073623	0.158342078323607	0.274063445722275	0.299059785207306	0.18689935603416	0.169515176546449	0.228645710331655	0.115991838526928	0.197212482866139	0.214068879535742	0.285607910281162	0.322960920222815	0.358685588704015	0.266155822546673	0.402939385327513	0.168416872405752	0.253518705469099	0.352086045030119	0.179128314006705	0.315714210985183
700033928	0.17855843090547	0.240754948213843	0.1718554364218	0.333100565174848	0.220462546229626	0.165823799916656	0.166121146011618	0.246237010899462	0.135819803530071	0.206519454870704	0.0998264587503211	0.185381495828185	0.251248556140767	0.210101584064888	0.27910749526724	0	0.216092752766629	0.150811446629594	0.149610326302146	0.192610338290465	0.144559337653957	0.101336929843367	0.233152131358905	0.143064894138038	0.154971385963171	0.237546924949	0.232868230774049	0.328090096894704	0.295056224078573	0.249826985636606	0.159302622248932	0.118649017536931	0.129124040486312	0.133586063467606	0.256320711107006	0.166522695168031	0.214833726713291	0.244259786801433	0.180436103412235	0.316813568732836	0.136511509786228	0.183944114135677	0.164301578020594	0.160649681045509	0.213223396197276	0.197717970531867	0.171827360919146	0.213459390496651	0.167064460832021	0.157704099097271	0.146429423630423	0.180953485522778	0.246350832197464	0.128649192263869	0.283596136113164	0.193222614337322	0.189094986481176	0.173777029660963	0.144095335350957	0.142521048107253
700023693	0.279699994570734	0.162512416167973	0.191179854831832	0.415864636027253	0.223754441328356	0.154650122784508	0.272980800119168	0.0945098687640532	0.232323964441357	0.0811505322767835	0.155517671917849	0.189947873406597	0.123011167689224	0.129939368384068	0.16036410287784	0.216092752766629	0	0.159468465981674	0.243266713610453	0.263215719884909	0.216785404146718	0.200897979485835	0.274027387070054	0.252319194084541	0.31244847169194	0.254355851469221	0.132410433921695	0.296238109596591	0.173705273886047	0.138788526184639	0.108034872478873	0.217809819379885	0.131664842604508	0.130849432110316	0.294179971695143	0.19734827798649	0.195071512963683	0.153557411882569	0.241983458003231	0.139962957575668	0.168947798713936	0.124053482560359	0.162833966511951	0.23149698360854	0.0917583213975209	0.132342543421813	0.13233143513706	0.100623373510051	0.115308593742134	0.219173298245669	0.248076862141744	0.255676078625134	0.31745521355478	0.195217226272255	0.37041653183071	0.104928834887388	0.199228392452722	0.284658279754592	0.180075571006145	0.262531176291986
700109627	0.276837433995254	0.238016714809867	0.153428467860042	0.424402192313822	0.227618852289015	0.100412838896249	0.283664898669153	0.197864483106617	0.234703122856224	0.149414269256093	0.126210829607583	0.175179000310747	0.199872225897132	0.157781510755237	0.25169278882181	0.150811446629594	0.159468465981674	0	0.247846996236666	0.272969608681064	0.250408094083825	0.151927008825732	0.304571157760158	0.236405075958347	0.258202352210774	0.285410600457754	0.180718699414063	0.329955622992216	0.286581945192766	0.201284568967177	0.103303616930517	0.19570770737649	0.140172959538939	0.0863804148917364	0.296695323491149	0.208320517587428	0.16021635618837	0.172482056358306	0.248250815871992	0.266888718490005	0.203434336014669	0.13896484039864	0.146042580950291	0.217812331365026	0.208524456978058	0.218912316167107	0.200533787421079	0.177379994331614	0.111134175529323	0.18159184177267	0.185145668176124	0.27760229652473	0.33419507237871	0.210407322400643	0.342745533897953	0.158282264572791	0.251342467528101	0.280679969040506	0.148795273804277	0.256882820617367
700095416	0.121785460230389	0.229148861438988	0.260683587642574	0.301400211057375	0.182362802685966	0.236978974675475	0.116249208860434	0.278240082155654	0.0699651593391253	0.24299893949226	0.160946433656065	0.267811330154404	0.286760237166972	0.197961875780209	0.30571580368258	0.149610326302146	0.243266713610453	0.247846996236666	0	0.148345938043129	0.106858426986519	0.186570857362178	0.162946650228766	0.0890273867247955	0.126034396227459	0.187184247801237	0.226518282572111	0.344262470702482	0.279526746968221	0.28267150693384	0.211424424624565	0.148635282398585	0.18847766678629	0.22759747741621	0.192043874795115	0.116085582824899	0.209179218423211	0.250472831845488	0.109654771379712	0.346567039540168	0.122485890086242	0.279551642585704	0.149011822420566	0.139694954552329	0.245295450962926	0.200820400189059	0.165884892685312	0.248454784357904	0.194536169351585	0.237380185532841	0.226954878749934	0.135363148654479	0.196729346006252	0.084683719956735	0.199440316548374	0.246094312770558	0.141529552831341	0.129233397858668	0.238184544686778	0.114479135718377
700110425	0.0910712091460725	0.238271696249662	0.304073115864914	0.195186784681584	0.217365774006243	0.288744263794739	0.0991921969547057	0.288997999803311	0.158655695864915	0.267895521032234	0.185353245301773	0.308513582719258	0.292579453617586	0.231373560012591	0.3224832385511	0.192610338290465	0.263215719884909	0.272969608681064	0.148345938043129	0	0.149231938774375	0.226582971162005	0.124035265307565	0.110819556794865	0.130592705777151	0.220694418463704	0.260025312782167	0.328653754684245	0.301091635435232	0.290210264830475	0.242998853131474	0.225063028720922	0.211861547116087	0.254617611415028	0.218183913892701	0.119646770350611	0.243248547352997	0.304466052221663	0.15428248426802	0.352928718659824	0.149882684116195	0.291161684285289	0.190560300670524	0.145551667973388	0.258337710781431	0.239153190460355	0.196740519434307	0.269747658775254	0.228036486722248	0.288162634168371	0.277963473652691	0.103713699452551	0.0930991667985591	0.160504417600486	0.173495159163288	0.262539378263679	0.100806481420694	0.100506172482222	0.262321976005267	0.131052490997405
700111580	0.151268313693074	0.246507072694087	0.248742887274545	0.294408230019454	0.228185880436821	0.226714453018097	0.121500073319474	0.27551583641579	0.122603951515097	0.228988840505733	0.153387087748026	0.235133600737172	0.289987146239858	0.219249024937888	0.279585559170361	0.144559337653957	0.216785404146718	0.250408094083825	0.106858426986519	0.149231938774375	0	0.17221910676015	0.178270918757607	0.137455507271191	0.1181634960989	0.227395407347237	0.260615351196141	0.375834625541658	0.262629494991816	0.293756596437526	0.195891058947013	0.148009019463036	0.174667907108124	0.220666986517346	0.261003792417425	0.135600066446315	0.258886003798434	0.241878494700817	0.178391592277456	0.315168679801075	0.150138156126907	0.241052465714689	0.185426103943661	0.152036057521122	0.207869140647922	0.188951077960438	0.182661741067675	0.212261165593845	0.177678891770198	0.219800070811674	0.221874400794367	0.144857969701706	0.215585825742196	0.0873093725198474	0.246427962513998	0.225311222961654	0.111036444199684	0.137150841846856	0.209103242828079	0.112781387828502
700111302	0.248201291946829	0.239110920698885	0.102388364765431	0.386356550880816	0.25905023255444	0.137572111806237	0.221205072496982	0.22241793155127	0.171184801990417	0.187563833726568	0.104273869099671	0.108753319051225	0.228594714422409	0.216920907470178	0.249882520920197	0.101336929843367	0.200897979485835	0.151927008825732	0.186570857362178	0.226582971162005	0.17221910676015	0	0.274107783565639	0.215727286654012	0.188446487016593	0.284774287406066	0.227831655453123	0.342385825222202	0.301378366552214	0.241812801186324	0.148976478660886	0.105585968958903	0.129201941731608	0.108707461669791	0.307061876305712	0.175986313216081	0.225653727870767	0.211171400295879	0.233786384390186	0.290899040664609	0.188277211443487	0.149297356330112	0.177576465267693	0.174226846437132	0.197085408932582	0.209851260587901	0.195826329263699	0.178569530471286	0.161876400196584	0.0850949978754259	0.107842382107761	0.23984453045498	0.29766914073809	0.149166041984566	0.344168415066944	0.163179624215524	0.193693133762201	0.239091856017063	0.0985354782629501	0.191130180438737
700098605	0.124130982582432	0.212506490536219	0.330551130867003	0.213031928147227	0.191293867999937	0.287276508878591	0.159861422666269	0.297001637630219	0.181325511786923	0.279209078447419	0.225146873955551	0.336314618407264	0.313972832849088	0.225068892972253	0.307172133154435	0.233152131358905	0.274027387070054	0.304571157760158	0.162946650228766	0.124035265307565	0.178270918757607	0.274107783565639	0	0.140261724945623	0.206771837410603	0.178012557917269	0.238933625496137	0.337187460847269	0.269216606713009	0.317848354798752	0.261400413835618	0.256332785217115	0.242739974305972	0.278739123876256	0.196001705710058	0.173541410895627	0.25585934072705	0.296219544719155	0.138305577406189	0.32487175165138	0.182289958992358	0.317724995766864	0.216320789978413	0.207221910719478	0.286435677452323	0.204215092412989	0.197337928327691	0.291673560133977	0.237829544877519	0.323817377221654	0.319568296605925	0.159300536992584	0.133068186550028	0.170969383887184	0.150685707696697	0.287281779111467	0.152730874764711	0.174202802939424	0.28783896416259	0.162450170739579
700111991	0.0692834200538019	0.227622837073896	0.290713397882024	0.25683037423936	0.17501361058831	0.259088443707967	0.102654511282106	0.286648349554652	0.108431270022012	0.256519292459484	0.167838325658423	0.306431968128651	0.292043567028118	0.202824474984843	0.320605964201188	0.143064894138038	0.252319194084541	0.236405075958347	0.0890273867247955	0.110819556794865	0.137455507271191	0.215727286654012	0.140261724945623	0	0.148145059995142	0.163624374707786	0.227517862085895	0.313830628704267	0.291330405207474	0.28584754271287	0.225852987531307	0.207382653801568	0.200397866920483	0.234817203561699	0.167012039420008	0.116694763212268	0.207108380268914	0.275139932281317	0.10113164196708	0.356012437766078	0.127527268635407	0.294306779177017	0.161675757153189	0.151702345197035	0.25869925471331	0.210986004751443	0.170511959948189	0.264711476807441	0.20490895037157	0.276770971210961	0.255014930314851	0.101564250676144	0.15913528746876	0.127922274353069	0.159727484331673	0.260541461820867	0.142569447479771	0.107263949111039	0.256795142029953	0.124026731044871
700108960	0.151784115419072	0.301759224521562	0.268998612037073	0.284316858773015	0.270707846038974	0.261746504081726	0.115107601572643	0.339874914583691	0.135012694798116	0.301161046968734	0.181115406969219	0.27239483452892	0.341775031160163	0.282405114814772	0.362117603184618	0.154971385963171	0.31244847169194	0.258202352210774	0.126034396227459	0.130592705777151	0.1181634960989	0.188446487016593	0.206771837410603	0.148145059995142	0	0.282130321945958	0.315906784908322	0.398966709371131	0.350813612414338	0.340195857399036	0.254002338551643	0.134001948285361	0.220703264979481	0.244965490679199	0.280904836228711	0.148518982824997	0.299595688732061	0.322916929939926	0.198609053812127	0.400589278956135	0.202922887832224	0.283850537224612	0.224694128313163	0.142462066134806	0.296504608324516	0.285965482962353	0.257516779259225	0.300080649860759	0.246746032186582	0.229939302837997	0.227018137026821	0.165888778405226	0.186826844747044	0.143921101101383	0.214330678548411	0.284577786166755	0.159324169643938	0.112790211737641	0.238738139690131	0.101036628121603
700024452	0.168377123269779	0.176793780065544	0.33893598328191	0.25760540099181	0.13050871739379	0.291003336503859	0.2028527919616	0.270724032632268	0.204576137620466	0.269429109170925	0.231619882944788	0.349905863053588	0.279291294178495	0.186239748270105	0.318701911756379	0.237546924949	0.254355851469221	0.285410600457754	0.187184247801237	0.220694418463704	0.227395407347237	0.284774287406066	0.178012557917269	0.163624374707786	0.282130321945958	0	0.195024507080466	0.288437523204064	0.20135906580356	0.268698639989876	0.260412796299853	0.275889233207866	0.224034232664574	0.277732384020383	0.0796447527276359	0.201883956673875	0.244790485162302	0.299490353934521	0.132139461458385	0.290003677921112	0.170683613914428	0.301086157233154	0.202193558996478	0.246859640070856	0.252516491694337	0.203095878926659	0.154339295344664	0.295602615752175	0.23076326534698	0.327164993130037	0.325994741781026	0.148639674888024	0.183352463888525	0.192149052681047	0.195434298072022	0.26522169752761	0.209161417078163	0.207715679457557	0.294775599653451	0.231237195600863
700032931	0.244620447658213	0.128760684970277	0.230002292379955	0.384364433485936	0.164704629368736	0.174612488679005	0.272060120103884	0.122700117160914	0.218401467162191	0.13142605514465	0.168737924217189	0.258905928412431	0.140834853440923	0.10138483496409	0.20437949427883	0.232868230774049	0.132410433921695	0.180718699414063	0.226518282572111	0.260025312782167	0.260615351196141	0.227831655453123	0.238933625496137	0.227517862085895	0.315906784908322	0.195024507080466	0	0.244583559959223	0.163918674291958	0.136775861607944	0.14737485045416	0.255099201939256	0.132399476408581	0.155667658805441	0.226230251307523	0.209481791725119	0.169351184302201	0.196929576516718	0.19446357742113	0.186544743903069	0.166819495255844	0.165165853733445	0.14765632556025	0.237314296109455	0.14342597447576	0.15065421969608	0.119112620637955	0.173141756193239	0.143261066377684	0.23385228885757	0.27816405414257	0.234222088045186	0.280715367225189	0.204099136162887	0.312259749879205	0.125933728226292	0.219251713297829	0.278883051742355	0.197327530763947	0.26610705676179
700095837	0.330234894018921	0.214742765925114	0.384919967503818	0.424563464178028	0.273875592536154	0.370646832686353	0.354633026559061	0.299582281743768	0.327583785469985	0.304322710406893	0.290365411080063	0.397665725985371	0.273395484050146	0.274916389241786	0.366547555653799	0.328090096894704	0.296238109596591	0.329955622992216	0.344262470702482	0.328653754684245	0.375834625541658	0.342385825222202	0.337187460847269	0.313830628704267	0.398966709371131	0.288437523204064	0.244583559959223	0	0.212600496575844	0.230803971203294	0.311075283619444	0.377909875506127	0.264255832332428	0.319084080693431	0.278461345961999	0.30875988005905	0.311596155017678	0.386681097495438	0.28880928675918	0.346912149342735	0.272772485248779	0.329242154475805	0.290542549334691	0.331339988577406	0.273378441710957	0.316669923293969	0.255156113560141	0.343614775547449	0.322766982694273	0.388746027191056	0.386556757411697	0.311198867102362	0.335134608082118	0.339356596603203	0.38800827449369	0.292204964727017	0.350842022727847	0.346955966838792	0.356786467531606	0.366017415110477
700024548	0.299804773276962	0.150751477938681	0.305475157446675	0.379214499665498	0.228876985786106	0.265916172090352	0.309689581090601	0.197553295727271	0.294337890071987	0.196409621746903	0.244465450270938	0.307032542594421	0.185605427240442	0.154867325853162	0.240566850149247	0.295056224078573	0.173705273886047	0.286581945192766	0.279526746968221	0.301091635435232	0.262629494991816	0.301378366552214	0.269216606713009	0.291330405207474	0.350813612414338	0.20135906580356	0.163918674291958	0.212600496575844	0	0.156893004933547	0.230773583973268	0.323319189836856	0.197215470228761	0.246000314532101	0.230828863587804	0.246115079499543	0.284572026428601	0.261982659649847	0.249839288571431	0.192987254863599	0.217190014028242	0.225273438674774	0.240591634854737	0.310014477901194	0.136597158383455	0.140203971858463	0.170774025402366	0.216843289227045	0.20777167351396	0.320156865027671	0.334293916197	0.265227344002172	0.298727103741335	0.246246094239066	0.339184945478819	0.207729550177367	0.241122239931763	0.314903832294828	0.272506559631703	0.314228616792776
700110161	0.306280127416692	0.182536803789802	0.215344014937892	0.420932787453264	0.243884559456271	0.187160544180771	0.306971933422167	0.115414026549899	0.26761057292668	0.12552272362491	0.194196615797849	0.255410666899661	0.0973458581056294	0.15079559375651	0.187468141942569	0.249826985636606	0.138788526184639	0.201284568967177	0.28267150693384	0.290210264830475	0.293756596437526	0.241812801186324	0.317848354798752	0.28584754271287	0.340195857399036	0.268698639989876	0.136775861607944	0.230803971203294	0.156893004933547	0	0.169682160338846	0.268296986283689	0.162439444061525	0.166721847566422	0.281627827354048	0.236191265610925	0.226718606014934	0.183557447262511	0.269968174483785	0.196269540103519	0.214217742780061	0.156956399903974	0.207157296070414	0.263749065379462	0.142382220186011	0.203586997240304	0.181957030276483	0.159856502404221	0.179333837649802	0.240151764778143	0.286805665842489	0.269999028863358	0.332954059255042	0.246234686512552	0.389895995992989	0.130924316185565	0.250028959911936	0.310234335769315	0.191364897624783	0.29862698843162
700023496	0.257284947064278	0.178642513277547	0.166203626033228	0.402999161852249	0.218986114401056	0.110309197269806	0.243992466327918	0.151698854459294	0.195457002492181	0.0972017742213807	0.0984559129378183	0.173547500146429	0.154371241354646	0.137308702268494	0.206762266454214	0.159302622248932	0.108034872478873	0.103303616930517	0.211424424624565	0.242998853131474	0.195891058947013	0.148976478660886	0.261400413835618	0.225852987531307	0.254002338551643	0.260412796299853	0.14737485045416	0.311075283619444	0.230773583973268	0.169682160338846	0	0.17394970258635	0.0956648173077235	0.0807625963272224	0.291643985682623	0.17781068265026	0.174553852839347	0.17272448468229	0.222302285527877	0.217612231217381	0.154285941315466	0.125350042499945	0.129908449604964	0.187432467371793	0.136207325963839	0.16341284150343	0.149090655892703	0.127120868095203	0.0782831158039519	0.181539352758586	0.198054276528264	0.2408088377205	0.304606901648067	0.154422957140176	0.347051194487273	0.101855238790465	0.196900247693262	0.252036211187515	0.146051896647019	0.217220945805796
700034628	0.241902500880568	0.25564629613974	0.177815425644937	0.382266795428322	0.251221015511009	0.175125302999458	0.189843909995478	0.239573286180908	0.12818754174753	0.206076552009865	0.122101832027407	0.174044281156212	0.25290445299311	0.239686055617796	0.271525049683376	0.118649017536931	0.217809819379885	0.19570770737649	0.148635282398585	0.225063028720922	0.148009019463036	0.105585968958903	0.256332785217115	0.207382653801568	0.134001948285361	0.275889233207866	0.255099201939256	0.377909875506127	0.323319189836856	0.268296986283689	0.17394970258635	0	0.160456649766649	0.152263780615004	0.299409783877996	0.164820897869014	0.253831448948269	0.235221094090965	0.215389191162366	0.30460150572016	0.193455001450906	0.182586146249249	0.191902069134851	0.138024323651807	0.221596932660903	0.228797986454074	0.211325755578792	0.204290743872687	0.186147135874098	0.138288655668902	0.176028039093004	0.226357839380661	0.278050979633745	0.132830919900221	0.316943614933852	0.182799275675776	0.193137289315486	0.197932263500607	0.151870865140133	0.141283699186466
700023645	0.227915899599977	0.146332256628018	0.183392062437639	0.362122986635319	0.193927449346387	0.160730713720504	0.208534533444181	0.152427859223987	0.177515807233787	0.118981405503264	0.0697153229651942	0.189634000691865	0.155113275818918	0.123566402067455	0.230796969223708	0.129124040486312	0.131664842604508	0.140172959538939	0.18847766678629	0.211861547116087	0.174667907108124	0.129201941731608	0.242739974305972	0.200397866920483	0.220703264979481	0.224034232664574	0.132399476408581	0.264255832332428	0.197215470228761	0.162439444061525	0.0956648173077235	0.160456649766649	0	0.106791348605274	0.249307383527549	0.144245891015422	0.188937395927729	0.220020832478598	0.194402035165226	0.221018749728951	0.118894194540516	0.117276611793562	0.122970845981201	0.166379191263796	0.1195499915961	0.168401738071458	0.124941230278718	0.153850416415583	0.118414341355183	0.182177879058099	0.191115600427187	0.19690622889028	0.261447984121247	0.146094887615199	0.320410036111523	0.0966700594572594	0.180222003904287	0.20968050365591	0.142992413264961	0.19283740196898
700038744	0.267151335007493	0.211644996804462	0.111191419131173	0.407640027735653	0.245932303873906	0.0806432922610028	0.25666532689319	0.151442089332837	0.206689649148082	0.106001930806529	0.0992028175254234	0.13290963796794	0.159965912811495	0.155079637304943	0.200628920959689	0.133586063467606	0.130849432110316	0.0863804148917364	0.22759747741621	0.254617611415028	0.220666986517346	0.108707461669791	0.278739123876256	0.234817203561699	0.244965490679199	0.277732384020383	0.155667658805441	0.319084080693431	0.246000314532101	0.166721847566422	0.0807625963272224	0.152263780615004	0.106791348605274	0	0.30425577214852	0.177653095612241	0.18916306849408	0.164723315873729	0.237738354675582	0.221511117805957	0.180893432393385	0.0914816967549801	0.155009124183241	0.198402935547552	0.152529894019741	0.166907846010703	0.177121924955935	0.121030375473955	0.0935836040204191	0.128004040099404	0.159949620961234	0.259877862578497	0.320608370768221	0.178517506510133	0.350620525210616	0.106529841225465	0.212838485815355	0.264388086496119	0.0939642424719505	0.23016509232238
700038485	0.177419143595108	0.200035919141882	0.366070274189842	0.254803009873894	0.144085599009757	0.329310768159648	0.209588466325424	0.308293658680812	0.208151524308343	0.311165956353893	0.247610339230483	0.384019179308673	0.312846506207607	0.226256510599337	0.361257717768526	0.256320711107006	0.294179971695143	0.296695323491149	0.192043874795115	0.218183913892701	0.261003792417425	0.307061876305712	0.196001705710058	0.167012039420008	0.280904836228711	0.0796447527276359	0.226230251307523	0.278461345961999	0.230828863587804	0.281627827354048	0.291643985682623	0.299409783877996	0.249307383527549	0.30425577214852	0	0.201308743574717	0.258273258526537	0.338982444937876	0.131804020309736	0.330130649679643	0.198249636972372	0.342455461183856	0.222250998228018	0.235674338981095	0.292110286285924	0.245203725666408	0.189921634593179	0.338507694702606	0.273051256928025	0.365490802577584	0.345052787980391	0.163233374779285	0.170859692972086	0.224691093863078	0.176534720115775	0.306976435249791	0.246576183077968	0.206931112117224	0.334737143671325	0.23936304723095
700024743	0.144900505210097	0.186053414466689	0.236788115265779	0.285236268724924	0.196559129374649	0.224261980502778	0.116123184993847	0.22297358195434	0.12451115359295	0.192335243052712	0.120814630933622	0.251548396952769	0.235532889103821	0.181531909201425	0.271380162199859	0.166522695168031	0.19734827798649	0.208320517587428	0.116085582824899	0.119646770350611	0.135600066446315	0.175986313216081	0.173541410895627	0.116694763212268	0.148518982824997	0.201883956673875	0.209481791725119	0.30875988005905	0.246115079499543	0.236191265610925	0.17781068265026	0.164820897869014	0.144245891015422	0.177653095612241	0.201308743574717	0	0.215678106573525	0.249534700438239	0.131894288935562	0.29445025900969	0.123110228605294	0.224532153806019	0.14442253514645	0.0980685421715895	0.201174732326526	0.190872860835725	0.168301891675743	0.195856543990227	0.163195662140349	0.238714559337016	0.238940303171396	0.13371099893385	0.179780379347692	0.110021903863939	0.216402198613153	0.197248036410743	0.122612789717752	0.115431219535793	0.203579439196704	0.108886528082798
