700108602	700014971	700033565	700109389	700023058	700023927	700106341	700114221	700023543	700023439	700016978	700024192	700113058	700099448	700109870	700033928	700023693	700109627	700095416	700110425	700111580	700111302	700098605	700111991	700108960	700024452	700032931	700095837	700024548	700110161	700023496	700034628	700023645	700038744	700038485	700024743	700099596	700110760	700101587	700106399	700032322	700095653	700021312	700101230	700023590	700038905	700033136	700023382	700096424	700105469	700016908	700096053	700108479	700109569	700033814	700016125	700109756	700102665	700101777	700109455
700108602	0	-0.157036817254639	-0.209361801922611	-0.115970734964941	-0.147747876645828	-0.202542097128594	-0.0743638255553242	-0.232530109610672	-0.0876397328988519	-0.213688365037241	-0.138023530653597	-0.209293684083542	-0.222887672718895	-0.170088554766839	-0.213981413499576	-0.122209133516636	-0.222962963360731	-0.197220188898785	-0.0952900784842952	-0.091336651556581	-0.111612141035085	-0.137066257023553	-0.100449764825985	-0.061301804160749	-0.0965280997010382	-0.130322881058973	-0.16946095165943	-0.163188966726719	-0.18365478006902	-0.21535460623544	-0.187587849459026	-0.150502496246376	-0.147179912981326	-0.197355959036214	-0.125313295920507	-0.119002188492488	-0.172099517028669	-0.215766965378212	-0.0804546720102314	-0.253043161802025	-0.119642617803774	-0.216585732052869	-0.146661796221078	-0.130085160781405	-0.201188720695688	-0.145459151720411	-0.133213701256306	-0.203295491345236	-0.179382675014707	-0.183055177506877	-0.151852622735054	-0.0844687187334453	-0.0781587662373733	-0.115138415138039	-0.0912143746265388	-0.218548412245965	-0.118953734155327	-0.0704646731235465	-0.180885817916018	-0.10639764686307
700014971	-0.157036817254639	0	-0.175430954060889	-0.208836154704138	-0.111124945213867	-0.145922315119373	-0.173660921520071	-0.13604423791563	-0.150534711221579	-0.122182323258723	-0.116493521402492	-0.189805091626506	-0.144087280296508	-0.111657163123233	-0.173663158827872	-0.153122309654443	-0.12332532789749	-0.174239188984571	-0.151561926751489	-0.164206578577246	-0.153595852426876	-0.151446033525541	-0.135093324261104	-0.151795958689125	-0.180944349192712	-0.152843138641344	-0.103492557695969	-0.132995988388753	-0.114935941729004	-0.132402164181196	-0.118060851313613	-0.166063349239105	-0.121817864127747	-0.133362146523199	-0.137550711115074	-0.130793298430352	-0.14770868732069	-0.157619840991787	-0.13689432592911	-0.161801664787656	-0.109747294515035	-0.135584082161641	-0.122954344363486	-0.152182354569835	-0.116084400054785	-0.110706717782755	-0.0879302754316613	-0.141123285791495	-0.122692741307416	-0.166215396570823	-0.157091946900291	-0.155567457862913	-0.167045964225742	-0.118153198979844	-0.178550550398312	-0.130362891223756	-0.157320140420868	-0.168761226236231	-0.160516304274503	-0.165351755987382
700033565	-0.209361801922611	-0.175430954060889	0	-0.235277749667444	-0.195608484539374	-0.0620170218015172	-0.211998177229513	-0.100786009122872	-0.181820553138486	-0.097332037040689	-0.108260348383654	-0.0701519179524979	-0.105219545800108	-0.138148784811802	-0.0894184822077519	-0.133490824498422	-0.106040970764609	-0.0991495647775842	-0.178568544471639	-0.18501510064449	-0.178220482731693	-0.106745949723607	-0.189031730508	-0.189970012558736	-0.181822439089577	-0.214384053360444	-0.150583376376104	-0.185983504101617	-0.160584166180638	-0.112647958023071	-0.10524997564262	-0.136129862758677	-0.113440442567234	-0.0773117789510827	-0.20977733901903	-0.145556412865556	-0.160637459494818	-0.0931313325683028	-0.181221875212375	-0.138747551288185	-0.164623040454158	-0.0728982462927425	-0.143538860723382	-0.152100820667656	-0.12188676630161	-0.150975852720572	-0.167375503071877	-0.0992060871430692	-0.124202239748601	-0.0885357775977371	-0.0837366061548745	-0.211176379694226	-0.2061007469519	-0.15210138663976	-0.233483231959723	-0.100193486709889	-0.160084249413073	-0.206508391044982	-0.0862171287899601	-0.195162718716128
700109389	-0.115970734964941	-0.208836154704138	-0.235277749667444	0	-0.191953571573601	-0.237866265577689	-0.104421786805043	-0.251208779348422	-0.154118469742295	-0.24100269784857	-0.184924534857505	-0.231842630707864	-0.241676647387637	-0.217296613496357	-0.231222654446539	-0.175357930615201	-0.244976468467756	-0.249919695733659	-0.181595949853977	-0.10524358269609	-0.143773007008169	-0.188597893994257	-0.139958335759734	-0.139515141915657	-0.13618286377182	-0.147264282438623	-0.226242506946937	-0.203851663973983	-0.191078421220187	-0.235905491053497	-0.236322824039421	-0.202473778364248	-0.185857547863376	-0.228016471262377	-0.154531066044724	-0.160431084054337	-0.238859903405811	-0.255911236997306	-0.141977191222059	-0.246047115661231	-0.172759904416197	-0.236934469229387	-0.203269887880489	-0.183669521580059	-0.219458350672387	-0.18596317895872	-0.193624926512307	-0.226741639011902	-0.224841801531463	-0.213345786662243	-0.182245276601489	-0.111295527411027	-0.0818261460500289	-0.180527870728047	-0.133068625265559	-0.243018531510864	-0.124023554537132	-0.119818276543127	-0.199993977584892	-0.149042517611049
700023058	-0.147747876645828	-0.111124945213867	-0.195608484539374	-0.191953571573601	0	-0.167809478259593	-0.154566475181579	-0.176254049797809	-0.139044934397016	-0.16388393818347	-0.134880929002474	-0.202510428309809	-0.178042663652813	-0.128404370224026	-0.183143043489502	-0.145911159901038	-0.166131041414487	-0.168698530075667	-0.139839339398611	-0.155116298489227	-0.163754669712516	-0.172304804175611	-0.139168028319282	-0.135175799628238	-0.188581849845113	-0.127875124876059	-0.133717091064807	-0.13917552144158	-0.137438108846719	-0.158737918407425	-0.13987049233462	-0.191055084479361	-0.139673510184983	-0.1602511897932	-0.104786366454254	-0.154397225612161	-0.123074682150736	-0.153097160714664	-0.122519986687909	-0.201681626334354	-0.108504157296197	-0.164453998595096	-0.116185746528633	-0.164625514800708	-0.141305198076388	-0.126168339496302	-0.0967117535825272	-0.169694054671084	-0.131295818245624	-0.196937838149904	-0.162009884655517	-0.144140820201017	-0.154921060847044	-0.12649704405141	-0.159452260698569	-0.182481568214387	-0.158226377027753	-0.161517044844777	-0.176694023796314	-0.15513280477135
700023927	-0.202542097128594	-0.145922315119373	-0.0620170218015172	-0.237866265577689	-0.167809478259593	0	-0.216866020444602	-0.110375715750967	-0.181418069142512	-0.0866669228419876	-0.111228008018833	-0.101750724924305	-0.109910530437724	-0.0975714450039973	-0.106494934300041	-0.137510764866225	-0.103424316745844	-0.0846598506936397	-0.174099876933051	-0.188276502358162	-0.177113348005082	-0.1229677262037	-0.172554635721178	-0.186813697947489	-0.189383350358493	-0.201383696134041	-0.131058567722548	-0.181801627460113	-0.152829203592072	-0.0993346292703151	-0.0671795821974646	-0.156579961880954	-0.11244421078682	-0.0593317047768511	-0.191654726274848	-0.151001096219811	-0.136658843893326	-0.0766307126196912	-0.17240195608732	-0.14483833884237	-0.147265273180366	-0.0867005598279475	-0.118295672354696	-0.162991241140874	-0.115611553034485	-0.130757456455606	-0.151278768675994	-0.107571799048387	-0.0826371987265051	-0.105299348243302	-0.0972317336862666	-0.210855797940638	-0.209601736666536	-0.133039773623408	-0.224068415314936	-0.104802835201107	-0.156263414260973	-0.202680007651307	-0.0938057403680446	-0.195267863835262
700106341	-0.0743638255553242	-0.173660921520071	-0.211998177229513	-0.104421786805043	-0.154566475181579	-0.216866020444602	0	-0.229940064785708	-0.0800466947677743	-0.217682991463302	-0.137960815169846	-0.200172009133057	-0.21602523457683	-0.185282114531798	-0.20785734116684	-0.136691423617558	-0.215145239302638	-0.225702512730473	-0.127206929001287	-0.0826759392081605	-0.102948036528808	-0.140600703858626	-0.121188369903364	-0.105108963564469	-0.0880029031541443	-0.152940176103368	-0.203040005276578	-0.185273099660389	-0.187029327640181	-0.220932315911562	-0.202229902010524	-0.13148613963924	-0.148787111997294	-0.203938860911436	-0.141269454658556	-0.113480883780916	-0.206382258914526	-0.232386230411029	-0.0933769207397263	-0.24934580828698	-0.144818815908396	-0.213097041764903	-0.147985203419838	-0.125883946722626	-0.195517906880927	-0.166002291915308	-0.154851150799059	-0.192264137365532	-0.198573943029896	-0.177556590896694	-0.162974463325528	-0.0711939963470407	-0.075969803844248	-0.137503510903829	-0.124169164204329	-0.2118315342527	-0.109429848728986	-0.0781039576044511	-0.173326277635033	-0.0841506112889967
700114221	-0.232530109610672	-0.13604423791563	-0.100786009122872	-0.251208779348422	-0.176254049797809	-0.110375715750967	-0.229940064785708	0	-0.205799443688705	-0.0712564215401141	-0.147399287519366	-0.127551698182297	-0.0739598622053282	-0.136018203128112	-0.0925332515069897	-0.175803668521742	-0.0575247620350175	-0.159751393110218	-0.20499333491233	-0.209213015413613	-0.201215477826245	-0.17571273961626	-0.200541918691284	-0.213277990461863	-0.231851947165686	-0.21921727487691	-0.132653266281012	-0.169789115677045	-0.130455477867921	-0.0980163399574801	-0.120759818333502	-0.185838827286719	-0.14121590003354	-0.102484391036014	-0.219325077911002	-0.165928848100941	-0.173539570892088	-0.0895720033924989	-0.202456913348533	-0.0886910801306369	-0.157038508162945	-0.0783974604321727	-0.176019452004481	-0.183185709479391	-0.0909729481628309	-0.14111709232804	-0.147694561419992	-0.0909579939108892	-0.139040205354371	-0.1316172738018	-0.145331638633747	-0.220482730334404	-0.225029506661794	-0.177695501634644	-0.256939105147018	-0.0863547998346806	-0.176258253065229	-0.237304262497136	-0.126229700610535	-0.209824292255309
700023543	-0.0876397328988519	-0.150534711221579	-0.181820553138486	-0.154118469742295	-0.139044934397016	-0.181418069142512	-0.0800466947677743	-0.205799443688705	0	-0.183368226718565	-0.112888792207019	-0.179312297929674	-0.193435353410914	-0.158780106279597	-0.190656073763869	-0.0904903277728719	-0.191395846190139	-0.193485963713246	-0.104712972244185	-0.105920117406355	-0.11146469309662	-0.110910721579042	-0.123942789665909	-0.102031723316694	-0.100408681917356	-0.146388444738298	-0.171052470028612	-0.153923409701601	-0.194849082049242	-0.187920242757882	-0.169297685398489	-0.103216146120585	-0.121946988792554	-0.168571114351602	-0.129406826536108	-0.115593129602667	-0.17166861793393	-0.200322661635737	-0.090477288708064	-0.231537432220773	-0.121994117558992	-0.184259334586858	-0.127675669438418	-0.0773637079739412	-0.170263960944552	-0.162414873411031	-0.127928393273699	-0.171733049213604	-0.177088677160554	-0.149398476610823	-0.139787870390988	-0.0813156999595596	-0.099507504868552	-0.124709580090242	-0.139993808847245	-0.187672344717281	-0.132648982110652	-0.0731645921041064	-0.15824857037077	-0.0777321223563678
700023439	-0.213688365037241	-0.122182323258723	-0.097332037040689	-0.24100269784857	-0.16388393818347	-0.0866669228419876	-0.217682991463302	-0.0712564215401141	-0.183368226718565	0	-0.12315851018808	-0.126846305849302	-0.0672912805039625	-0.107361708261819	-0.110860065275546	-0.152205219093403	-0.0759607165033819	-0.131972973299061	-0.183047366131645	-0.194065589384785	-0.183610021011538	-0.155907528143016	-0.178345069151815	-0.18589193150165	-0.211732229669288	-0.203874355928393	-0.117120418650144	-0.16475316795616	-0.133316489826288	-0.0895957079588346	-0.0899183954004552	-0.170854729572594	-0.119198757963513	-0.0684781967941738	-0.200435989693877	-0.15333021783507	-0.150438526224526	-0.0870813188282345	-0.178861253569881	-0.106476265550451	-0.1308329004343	-0.0788024497291097	-0.148166006390132	-0.166166766200496	-0.0938731567807154	-0.122669308172106	-0.13104863426167	-0.088836866549023	-0.10926978940111	-0.12438692035777	-0.12717044829424	-0.203592795720622	-0.209316083875978	-0.144556962391181	-0.231187650631634	-0.0799823546334468	-0.159403821885329	-0.207834311054574	-0.103946590510196	-0.195857088887023
700016978	-0.138023530653597	-0.116493521402492	-0.108260348383654	-0.184924534857505	-0.134880929002474	-0.111228008018833	-0.137960815169846	-0.147399287519366	-0.112888792207019	-0.12315851018808	0	-0.124229742797958	-0.131965641644825	-0.1254404697002	-0.157457390160286	-0.0927028252003676	-0.129033752804327	-0.131622355215457	-0.123311744831108	-0.120264867900512	-0.127065546172529	-0.0728272359659276	-0.141417924131036	-0.123442452149164	-0.118574857936484	-0.168430714803035	-0.124566412895625	-0.134963285640139	-0.149350260288115	-0.13851493109143	-0.0940002770902704	-0.099652274361966	-0.0731972152140973	-0.0919732450974462	-0.147829573189262	-0.0924642482985157	-0.133015080289964	-0.144618673075129	-0.111903837233965	-0.181126692459028	-0.0975152565530492	-0.11542944503228	-0.0886480740230915	-0.0958880313061921	-0.121954883205343	-0.13236818074032	-0.11648985429422	-0.11823713322817	-0.120514946241203	-0.110872561188625	-0.0867252089604086	-0.139555487019126	-0.137147423978288	-0.102208846042495	-0.168515031026262	-0.12752287528086	-0.127663925545074	-0.134972417008001	-0.118067113692647	-0.13667802381446
700024192	-0.209293684083542	-0.189805091626506	-0.0701519179524979	-0.231842630707864	-0.202510428309809	-0.101750724924305	-0.200172009133057	-0.127551698182297	-0.179312297929674	-0.126846305849302	-0.124229742797958	0	-0.105972792817433	-0.163788225478712	-0.0977243414733754	-0.135292640430627	-0.129477329090219	-0.130127435622796	-0.173312726721175	-0.182590242301297	-0.163053994512236	-0.110568034211045	-0.194063313794216	-0.20782413601288	-0.172215742201778	-0.221594924796618	-0.181160840320788	-0.196491972150456	-0.175635743855867	-0.149530105008224	-0.116023001457474	-0.121909164232105	-0.109139036068889	-0.102587521067638	-0.225770694150086	-0.155078640901489	-0.185233387161037	-0.113059236534725	-0.193195196455118	-0.153644263410057	-0.168602132160719	-0.0867503311594002	-0.162456671811176	-0.146670492068341	-0.120390641411881	-0.162908552844107	-0.181322839563929	-0.0924997424959184	-0.146513054503918	-0.0758017606943375	-0.0879486804213196	-0.213974339070443	-0.20914100938712	-0.157159060996458	-0.253077629178359	-0.111733235607775	-0.143356541827768	-0.206709522233623	-0.0854133415547194	-0.185879051528437
700113058	-0.222887672718895	-0.144087280296508	-0.105219545800108	-0.241676647387637	-0.178042663652813	-0.109910530437724	-0.21602523457683	-0.0739598622053282	-0.193435353410914	-0.0672912805039625	-0.131965641644825	-0.105972792817433	0	-0.129971939340214	-0.08999237183102	-0.163464399686008	-0.0852241990778587	-0.16010825426701	-0.199551633936661	-0.194430699034711	-0.193237004491419	-0.157566091643119	-0.197345687864866	-0.210781168981168	-0.215000762334708	-0.221447579087782	-0.131250467889189	-0.165543051579673	-0.13630311459618	-0.102475456218882	-0.112558565464671	-0.163741359129265	-0.129560433751148	-0.0875185817806596	-0.222352679205553	-0.161891855627457	-0.174797377089998	-0.103827762602312	-0.193340087174354	-0.110093932829958	-0.150071557199717	-0.0711339221989166	-0.174876362353183	-0.166585043116281	-0.0936766229694304	-0.145177732202995	-0.166886675412546	-0.0768154502801958	-0.138304779708053	-0.11556645458895	-0.134043581875859	-0.212283584178244	-0.219014217550413	-0.177931064389235	-0.257419818822068	-0.0616054819141124	-0.162077313235829	-0.226047484281514	-0.10986068922314	-0.191542440973683
700099448	-0.170088554766839	-0.111657163123233	-0.138148784811802	-0.217296613496357	-0.128404370224026	-0.0975714450039973	-0.185282114531798	-0.136018203128112	-0.158780106279597	-0.107361708261819	-0.1254404697002	-0.163788225478712	-0.129971939340214	0	-0.147378108785801	-0.14240917027474	-0.117735273682265	-0.126051169888504	-0.143437027155939	-0.163118493663722	-0.156777004967905	-0.148869974925952	-0.137643847213083	-0.151334550407639	-0.186138530366488	-0.157410655858605	-0.102435429590986	-0.158207181088645	-0.125533117860916	-0.109148558315446	-0.088025318712466	-0.17554597886109	-0.115224146307698	-0.0988918230677289	-0.148486606574429	-0.146356646358502	-0.126808266909408	-0.110271752066643	-0.143439931034697	-0.168230851248203	-0.115983542507936	-0.124416916687712	-0.109543163233082	-0.166481278232471	-0.110967445962463	-0.11031515021859	-0.104606809744181	-0.133109346829221	-0.0698880701209045	-0.148952239299829	-0.130833733322812	-0.168899396035007	-0.183465842502141	-0.11300510551965	-0.187535457018899	-0.13417985875963	-0.138002368342834	-0.172309842428316	-0.119386608631046	-0.172662808537577
700109870	-0.213981413499576	-0.173663158827872	-0.0894184822077519	-0.231222654446539	-0.183143043489502	-0.106494934300041	-0.20785734116684	-0.0925332515069897	-0.190656073763869	-0.110860065275546	-0.157457390160286	-0.0977243414733754	-0.08999237183102	-0.147378108785801	0	-0.170231536777469	-0.108471445966511	-0.158310994432364	-0.194265539233001	-0.191746153921447	-0.173994893395678	-0.157428014443081	-0.181416020208994	-0.21306830358092	-0.205761886941828	-0.217216018799119	-0.166051313491126	-0.193961479296834	-0.149151029165916	-0.115918951973905	-0.13546457083218	-0.165119679305964	-0.144541816561074	-0.123995747148097	-0.222494647613541	-0.165492878299252	-0.185191848477769	-0.092189935932694	-0.198898347528519	-0.114610107673357	-0.181362084913457	-0.0963336114499557	-0.183598011661125	-0.170101781850703	-0.111226431682614	-0.137698176134423	-0.164626883856478	-0.089568507819882	-0.139059046110076	-0.111442707290344	-0.131146504827205	-0.215661250317431	-0.20838668103054	-0.175523448970555	-0.245587450524466	-0.094312113370228	-0.146141825029445	-0.226857273690965	-0.0972199609760526	-0.184032710848585
700033928	-0.122209133516636	-0.153122309654443	-0.133490824498422	-0.175357930615201	-0.145911159901038	-0.137510764866225	-0.136691423617558	-0.175803668521742	-0.0904903277728719	-0.152205219093403	-0.0927028252003676	-0.135292640430627	-0.163464399686008	-0.14240917027474	-0.170231536777469	0	-0.164964541868261	-0.144434815302821	-0.102440187833672	-0.125036507650355	-0.118414808495537	-0.0869819889619209	-0.131358535624171	-0.103929859524575	-0.12542998127061	-0.15406830944515	-0.150681974807121	-0.132006241128619	-0.177820541957716	-0.163836444983039	-0.128454384896765	-0.113542173055532	-0.0873119756517166	-0.128105564562396	-0.142121156122535	-0.136900882276288	-0.144695952178305	-0.17073474470734	-0.106081932384129	-0.207824229049501	-0.0985268108123531	-0.143470920084921	-0.108494164256969	-0.111403884973312	-0.148430342880295	-0.140945713155668	-0.119146752437447	-0.148211766100762	-0.145025291241762	-0.114918234198045	-0.0976837483750633	-0.123125545546009	-0.130170635183876	-0.114182615011163	-0.160568030434154	-0.153176359671942	-0.128115271480485	-0.114912758049616	-0.122558352084196	-0.125151928810309
700023693	-0.222962963360731	-0.12332532789749	-0.106040970764609	-0.244976468467756	-0.166131041414487	-0.103424316745844	-0.215145239302638	-0.0575247620350175	-0.191395846190139	-0.0759607165033819	-0.129033752804327	-0.129477329090219	-0.0852241990778587	-0.117735273682265	-0.108471445966511	-0.164964541868261	0	-0.150881283314644	-0.193116240513978	-0.195305022749129	-0.175709849872784	-0.159756215750248	-0.186602515474513	-0.201071560232357	-0.21785989198876	-0.213430396183953	-0.130699895452192	-0.166378534049622	-0.119362619601034	-0.0995065175826106	-0.101833394138602	-0.170956628960368	-0.121265501167484	-0.0949129938575064	-0.208565856201029	-0.152690686974881	-0.160477463325084	-0.11037803167455	-0.188003304632379	-0.0959601094603312	-0.146413218396338	-0.0809572812404746	-0.154383829626201	-0.169762471721605	-0.0749933766584636	-0.127477671051697	-0.135063655556621	-0.08111044225009	-0.126272473569772	-0.129574908249282	-0.137445627889618	-0.209335368822219	-0.213187209263199	-0.164614150343161	-0.248879222326683	-0.0866473830227279	-0.15942678559779	-0.223114665865434	-0.123037902279989	-0.197580898591751
700109627	-0.197220188898785	-0.174239188984571	-0.0991495647775842	-0.249919695733659	-0.168698530075667	-0.0846598506936397	-0.225702512730473	-0.159751393110218	-0.193485963713246	-0.131972973299061	-0.131622355215457	-0.130127435622796	-0.16010825426701	-0.126051169888504	-0.158310994432364	-0.144434815302821	-0.150881283314644	0	-0.170847158445384	-0.198539032710987	-0.195908112627229	-0.131332294783266	-0.188446527570206	-0.172470962326492	-0.19312195065242	-0.206085993464933	-0.15533277367626	-0.198772456707321	-0.203471982925137	-0.144015520777662	-0.0960728706478441	-0.16484690259669	-0.148597171869651	-0.114104835881196	-0.18909674282412	-0.17650503783932	-0.119918744988277	-0.107243228638823	-0.185359209844293	-0.199674028323514	-0.171489246805055	-0.138628325474641	-0.120446148132496	-0.169086120097038	-0.165786802236802	-0.165049655812308	-0.161229058684613	-0.162096096731057	-0.09107428513355	-0.134336951201522	-0.106178431787316	-0.217422514232282	-0.215932428534597	-0.139535701629141	-0.212206509082325	-0.151390398052612	-0.178154633184912	-0.208700532063958	-0.129588038982545	-0.21132088969172
700095416	-0.0952900784842952	-0.151561926751489	-0.178568544471639	-0.181595949853977	-0.139839339398611	-0.174099876933051	-0.127206929001287	-0.20499333491233	-0.104712972244185	-0.183047366131645	-0.123311744831108	-0.173312726721175	-0.199551633936661	-0.143437027155939	-0.194265539233001	-0.102440187833672	-0.193116240513978	-0.170847158445384	0	-0.126182970771646	-0.112768099586823	-0.120891313027823	-0.116969694675056	-0.0847839503585013	-0.125521574521926	-0.135760739418443	-0.152532663470037	-0.16677287507117	-0.182554976101194	-0.194190176530927	-0.154584357602806	-0.131665832096811	-0.115895891035146	-0.175541118075677	-0.129763270785746	-0.141381502768776	-0.146003761591709	-0.182869350745994	-0.0967585645968295	-0.23234503928968	-0.0943248916647382	-0.188737196441296	-0.109776678301186	-0.13357463727664	-0.175267285071982	-0.134409084785156	-0.107582396085445	-0.181892661295825	-0.15181121382311	-0.153693053027797	-0.134401603410431	-0.125048310402953	-0.132459425733123	-0.089066378576135	-0.125387591455732	-0.188113810343962	-0.132469233675162	-0.115842182718489	-0.158017866841179	-0.125748878109281
700110425	-0.091336651556581	-0.164206578577246	-0.18501510064449	-0.10524358269609	-0.155116298489227	-0.188276502358162	-0.0826759392081605	-0.209213015413613	-0.105920117406355	-0.194065589384785	-0.120264867900512	-0.182590242301297	-0.194430699034711	-0.163118493663722	-0.191746153921447	-0.125036507650355	-0.195305022749129	-0.198539032710987	-0.126182970771646	0	-0.0983260197890822	-0.130268722751994	-0.112931958395203	-0.102230014999908	-0.0779969253042116	-0.159135348657232	-0.181482556807621	-0.160517653614264	-0.170695345807131	-0.185260346254255	-0.181676135901261	-0.144745237161888	-0.132280210320616	-0.176825704202494	-0.149280794333229	-0.10201198245596	-0.18075413279735	-0.2093430345425	-0.0985446022883729	-0.233087275708553	-0.125759368964727	-0.187054761702874	-0.134445211072777	-0.103407949921688	-0.170850421902442	-0.154880460762725	-0.139952289588634	-0.175066735379681	-0.170080517488173	-0.162367221803218	-0.134417760368471	-0.0880110012907055	-0.0608327008346397	-0.120426517438057	-0.130111254484756	-0.189868369548418	-0.0774034367106326	-0.0845122201849879	-0.152728581970052	-0.103533485143208
700111580	-0.111612141035085	-0.153595852426876	-0.178220482731693	-0.143773007008169	-0.163754669712516	-0.177113348005082	-0.102948036528808	-0.201215477826245	-0.11146469309662	-0.183610021011538	-0.127065546172529	-0.163053994512236	-0.193237004491419	-0.156777004967905	-0.173994893395678	-0.118414808495537	-0.175709849872784	-0.195908112627229	-0.112768099586823	-0.0983260197890822	0	-0.107346775464927	-0.108976330427763	-0.117172746551743	-0.0735177975159053	-0.17520875971555	-0.190400133777709	-0.19119936223493	-0.155458295271904	-0.201993003996394	-0.161343723723004	-0.116952848029054	-0.116380846182534	-0.176246387282667	-0.171982158372579	-0.114367259894525	-0.198073007591286	-0.188564894015877	-0.116394274106031	-0.217508083486784	-0.125549077838747	-0.177418671423664	-0.130361953832321	-0.124656062558478	-0.152810838155098	-0.134219058108433	-0.132736982214219	-0.155954310612739	-0.15456720763306	-0.136542217706722	-0.128359840347366	-0.0986243744633267	-0.110222042559251	-0.0914543873204859	-0.15273832292185	-0.179021698725244	-0.08406754508513	-0.0883098381526667	-0.126656888049539	-0.0964738484831212
700111302	-0.137066257023553	-0.151446033525541	-0.106745949723607	-0.188597893994257	-0.172304804175611	-0.1229677262037	-0.140600703858626	-0.17571273961626	-0.110910721579042	-0.155907528143016	-0.0728272359659276	-0.110568034211045	-0.157566091643119	-0.148869974925952	-0.157428014443081	-0.0869819889619209	-0.159756215750248	-0.131332294783266	-0.120891313027823	-0.130268722751994	-0.107346775464927	0	-0.150886515050619	-0.134557367552375	-0.0994876157136248	-0.193312947119046	-0.160278869198021	-0.163971892608797	-0.185633877569343	-0.167028481973933	-0.124352375865019	-0.0699908846420203	-0.0869267925413717	-0.122562317129831	-0.176092998875992	-0.114823816465193	-0.16198686256492	-0.165579816609433	-0.130271847825078	-0.202902549050526	-0.142005519084984	-0.132808828864691	-0.117554794235823	-0.100662751044589	-0.145732336607262	-0.168246757627378	-0.1446993120542	-0.131589147589842	-0.141859232480608	-0.0736672589391026	-0.0811044831047521	-0.139043542353109	-0.142410519152171	-0.106087321644273	-0.185092650286908	-0.144065656683307	-0.130483125978058	-0.132989194637376	-0.101534778873436	-0.128341640060656
700098605	-0.100449764825985	-0.135093324261104	-0.189031730508	-0.139958335759734	-0.139168028319282	-0.172554635721178	-0.121188369903364	-0.200541918691284	-0.123942789665909	-0.178345069151815	-0.141417924131036	-0.194063313794216	-0.197345687864866	-0.137643847213083	-0.181416020208994	-0.131358535624171	-0.186602515474513	-0.188446527570206	-0.116969694675056	-0.112931958395203	-0.108976330427763	-0.150886515050619	0	-0.10376288600313	-0.138696111390855	-0.128591098394962	-0.14303153710384	-0.158916677095055	-0.160361599835722	-0.1826559380051	-0.161454723441526	-0.161692401836889	-0.130407533243389	-0.172953966800016	-0.127434110214117	-0.126033952909288	-0.159895966023673	-0.183599110892988	-0.0988172888525884	-0.209351756031078	-0.111369887662308	-0.187832946983655	-0.134350380140108	-0.139018009562133	-0.1777928412845	-0.119104621603155	-0.118708202114487	-0.175147395240417	-0.155632780088657	-0.166383175295275	-0.149922364621539	-0.120404812406632	-0.108147166420388	-0.107152525393216	-0.110631335272825	-0.191344767513835	-0.119083079972977	-0.123372153504826	-0.157594377662264	-0.109991105759282
700111991	-0.061301804160749	-0.151795958689125	-0.189970012558736	-0.139515141915657	-0.135175799628238	-0.186813697947489	-0.105108963564469	-0.213277990461863	-0.102031723316694	-0.18589193150165	-0.123442452149164	-0.20782413601288	-0.210781168981168	-0.151334550407639	-0.21306830358092	-0.103929859524575	-0.201071560232357	-0.172470962326492	-0.0847839503585013	-0.102230014999908	-0.117172746551743	-0.134557367552375	-0.10376288600313	0	-0.116479146074886	-0.115824076584952	-0.147204648583075	-0.153876673281487	-0.180264680593994	-0.198681094520422	-0.170620046837099	-0.157395982016078	-0.13684643402477	-0.178282897863481	-0.107576233532003	-0.11779218163271	-0.153219145362564	-0.197471226660667	-0.0743599123294107	-0.241546753760189	-0.0968445172450095	-0.199760893460214	-0.121818499440549	-0.131853196840178	-0.188257618983462	-0.129765897949021	-0.104410942284243	-0.194352844549118	-0.164776619329354	-0.177900740049556	-0.143362093483062	-0.096688029966833	-0.0948294141132216	-0.103416149691847	-0.0863343834952517	-0.204014789113296	-0.130899711364091	-0.0879169514802861	-0.17103572000321	-0.122668982547036
700108960	-0.0965280997010382	-0.180944349192712	-0.181822439089577	-0.13618286377182	-0.188581849845113	-0.189383350358493	-0.0880029031541443	-0.231851947165686	-0.100408681917356	-0.211732229669288	-0.118574857936484	-0.172215742201778	-0.215000762334708	-0.186138530366488	-0.205761886941828	-0.12542998127061	-0.21785989198876	-0.19312195065242	-0.125521574521926	-0.0779969253042116	-0.0735177975159053	-0.0994876157136248	-0.138696111390855	-0.116479146074886	0	-0.194854121674194	-0.211629221477937	-0.195271142720708	-0.192340659398674	-0.212618663449207	-0.186314662543017	-0.100099498887819	-0.13836296492378	-0.186598261164522	-0.176670737121659	-0.107307485948285	-0.202005391531888	-0.218000605727086	-0.112597833401378	-0.255905591597084	-0.15572765505265	-0.193823337758885	-0.141372185591538	-0.106008086302683	-0.190585278265256	-0.18115999929567	-0.170697359848865	-0.189927771482371	-0.178174308821954	-0.142389958087434	-0.127307421754027	-0.100628539031944	-0.0956924940090269	-0.113801203997216	-0.140684143555873	-0.204790117197432	-0.100313185743866	-0.0727667140274368	-0.142459935179074	-0.0900601344642091
700024452	-0.130322881058973	-0.152843138641344	-0.214384053360444	-0.147264282438623	-0.127875124876059	-0.201383696134041	-0.152940176103368	-0.21921727487691	-0.146388444738298	-0.203874355928393	-0.168430714803035	-0.221594924796618	-0.221447579087782	-0.157410655858605	-0.217216018799119	-0.15406830944515	-0.213430396183953	-0.206085993464933	-0.135760739418443	-0.159135348657232	-0.17520875971555	-0.193312947119046	-0.128591098394962	-0.115824076584952	-0.194854121674194	0	-0.153270836840283	-0.149874701522645	-0.147618877436684	-0.194451612276988	-0.192686785482045	-0.210209143515295	-0.16115995122667	-0.198377630300387	-0.0751427065986027	-0.157205672156434	-0.176063176185972	-0.208663757838884	-0.122841778015144	-0.227712652259971	-0.125922645566853	-0.206711298412273	-0.158931748977636	-0.176034598478403	-0.191795855426794	-0.126893808578496	-0.116882974751737	-0.210566588210124	-0.175838752626735	-0.205116855868693	-0.175760084281715	-0.128635065504453	-0.141998238281972	-0.149986081732331	-0.116816282841387	-0.220868163091246	-0.162359184622298	-0.157323808731868	-0.187391780359169	-0.179717632832272
700032931	-0.16946095165943	-0.103492557695969	-0.150583376376104	-0.226242506946937	-0.133717091064807	-0.131058567722548	-0.203040005276578	-0.132653266281012	-0.171052470028612	-0.117120418650144	-0.124566412895625	-0.181160840320788	-0.131250467889189	-0.102435429590986	-0.166051313491126	-0.150681974807121	-0.130699895452192	-0.15533277367626	-0.152532663470037	-0.181482556807621	-0.190400133777709	-0.160278869198021	-0.14303153710384	-0.147204648583075	-0.211629221477937	-0.153270836840283	0	-0.129601798347335	-0.139123654127858	-0.119285811684056	-0.119565224462889	-0.181673499281764	-0.13580919114773	-0.116985321618734	-0.147377897736458	-0.154929973018994	-0.130522442183139	-0.138225657668723	-0.154444921804382	-0.162457616612434	-0.120634863233669	-0.132604516883327	-0.128417388363916	-0.16459738427743	-0.12953160455408	-0.127008658512604	-0.105311448102496	-0.139888175428827	-0.126847448992845	-0.15527952424346	-0.161392579664438	-0.186771411311074	-0.185203498479281	-0.141860258149791	-0.175477674835914	-0.145741773324298	-0.184357929199338	-0.195770297970474	-0.154235322851687	-0.194062292656463
700095837	-0.163188966726719	-0.132995988388753	-0.185983504101617	-0.203851663973983	-0.13917552144158	-0.181801627460113	-0.185273099660389	-0.169789115677045	-0.153923409701601	-0.16475316795616	-0.134963285640139	-0.196491972150456	-0.165543051579673	-0.158207181088645	-0.193961479296834	-0.132006241128619	-0.166378534049622	-0.198772456707321	-0.16677287507117	-0.160517653614264	-0.19119936223493	-0.163971892608797	-0.158916677095055	-0.153876673281487	-0.195271142720708	-0.149874701522645	-0.129601798347335	0	-0.120246845566176	-0.130141846918888	-0.171590553541984	-0.187728490126862	-0.142299947440513	-0.148223228905899	-0.151915358796651	-0.157760101807244	-0.159960506569225	-0.195480540319439	-0.14828994566269	-0.201039086097001	-0.133446858466983	-0.15117162657764	-0.160988847800468	-0.151375648031057	-0.143050348147001	-0.155587635019745	-0.135067272976252	-0.169996311562247	-0.182251868883476	-0.183824453300387	-0.156096787766511	-0.168242458236677	-0.168504173874814	-0.171062415887692	-0.186124095786631	-0.180431061860471	-0.182533403978578	-0.178814727849428	-0.180099777725436	-0.184773392393035
700024548	-0.18365478006902	-0.114935941729004	-0.160584166180638	-0.191078421220187	-0.137438108846719	-0.152829203592072	-0.187029327640181	-0.130455477867921	-0.194849082049242	-0.133316489826288	-0.149350260288115	-0.175635743855867	-0.13630311459618	-0.125533117860916	-0.149151029165916	-0.177820541957716	-0.119362619601034	-0.203471982925137	-0.182554976101194	-0.170695345807131	-0.155458295271904	-0.185633877569343	-0.160361599835722	-0.180264680593994	-0.192340659398674	-0.147618877436684	-0.139123654127858	-0.120246845566176	0	-0.121144275580724	-0.146194857466225	-0.206821186323688	-0.141579158273091	-0.133894112019239	-0.15565418617635	-0.138095682596178	-0.185369389583536	-0.155616620554247	-0.163198798575652	-0.145694441610378	-0.138876501606392	-0.118282888479912	-0.168312433620774	-0.194387060651424	-0.0954304874923541	-0.0946562918662516	-0.131473267796644	-0.139109514081195	-0.142766464991607	-0.18110320068664	-0.154548551335208	-0.174123397517863	-0.168386276081776	-0.150972414280134	-0.193259948100953	-0.152652604788332	-0.140488818554116	-0.191638191605376	-0.14640652409044	-0.19437354049672
700110161	-0.21535460623544	-0.132402164181196	-0.112647958023071	-0.235905491053497	-0.158737918407425	-0.0993346292703151	-0.220932315911562	-0.0980163399574801	-0.187920242757882	-0.0895957079588346	-0.13851493109143	-0.149530105008224	-0.102475456218882	-0.109148558315446	-0.115918951973905	-0.163836444983039	-0.0995065175826106	-0.144015520777662	-0.194190176530927	-0.185260346254255	-0.201993003996394	-0.167028481973933	-0.1826559380051	-0.198681094520422	-0.212618663449207	-0.194451612276988	-0.119285811684056	-0.130141846918888	-0.121144275580724	0	-0.118462086815403	-0.182456616059708	-0.145067857300924	-0.0908196396631724	-0.189114928628374	-0.165438912829022	-0.152987977752718	-0.108933692710693	-0.184434959099286	-0.143495044821536	-0.157093017796778	-0.0958869839789193	-0.152929200990782	-0.169865481586649	-0.11077857499602	-0.15104576380147	-0.152212870252769	-0.118445722415213	-0.120668754441576	-0.139859519487601	-0.144842472092578	-0.202331478418222	-0.210717166637445	-0.162381246423994	-0.235556539448838	-0.11245027266743	-0.16871055051511	-0.211911522670388	-0.128812305061984	-0.203466660031085
700023496	-0.187587849459026	-0.118060851313613	-0.10524997564262	-0.236322824039421	-0.13987049233462	-0.0671795821974646	-0.202229902010524	-0.120759818333502	-0.169297685398489	-0.0899183954004552	-0.0940002770902704	-0.116023001457474	-0.112558565464671	-0.088025318712466	-0.13546457083218	-0.128454384896765	-0.101833394138602	-0.0960728706478441	-0.154584357602806	-0.181676135901261	-0.161343723723004	-0.124352375865019	-0.161454723441526	-0.170620046837099	-0.186314662543017	-0.192686785482045	-0.119565224462889	-0.171590553541984	-0.146194857466225	-0.118462086815403	0	-0.149799836903852	-0.0939068560778246	-0.0752467038208362	-0.175525978722395	-0.14422504698703	-0.120591967285199	-0.0852960310483867	-0.161285030934417	-0.154612941943361	-0.112988480071069	-0.102616109478685	-0.0991926330234214	-0.15650082766531	-0.102674348549368	-0.118771683994259	-0.122142106195798	-0.105005040154573	-0.0734356390543555	-0.119490527755272	-0.105634041131483	-0.198112201988954	-0.200564007852053	-0.108829299133809	-0.216702131880108	-0.100246836493256	-0.144611650275462	-0.192549798750752	-0.11474265187399	-0.182402563123511
700034628	-0.150502496246376	-0.166063349239105	-0.136129862758677	-0.202473778364248	-0.191055084479361	-0.156579961880954	-0.13148613963924	-0.185838827286719	-0.103216146120585	-0.170854729572594	-0.099652274361966	-0.121909164232105	-0.163741359129265	-0.17554597886109	-0.165119679305964	-0.113542173055532	-0.170956628960368	-0.16484690259669	-0.131665832096811	-0.144745237161888	-0.116952848029054	-0.0699908846420203	-0.161692401836889	-0.157395982016078	-0.100099498887819	-0.210209143515295	-0.181673499281764	-0.187728490126862	-0.206821186323688	-0.182456616059708	-0.149799836903852	0	-0.113227381846966	-0.14505221597878	-0.195536802321255	-0.106536011946842	-0.183863674440949	-0.177291517528127	-0.152379397986393	-0.212727321472274	-0.162061272453952	-0.14791353535199	-0.13594983342141	-0.0763698688018173	-0.166631202985166	-0.184378453984803	-0.159659379778073	-0.135501642661151	-0.167642434001836	-0.0897981963433548	-0.122996417888384	-0.149073400519684	-0.157919780122587	-0.131494504075905	-0.201416832461466	-0.152411838088608	-0.140821216463541	-0.128175064448318	-0.123138850679969	-0.0972552667218809
700023645	-0.147179912981326	-0.121817864127747	-0.113440442567234	-0.185857547863376	-0.139673510184983	-0.11244421078682	-0.148787111997294	-0.14121590003354	-0.121946988792554	-0.119198757963513	-0.0731972152140973	-0.109139036068889	-0.129560433751148	-0.115224146307698	-0.144541816561074	-0.0873119756517166	-0.121265501167484	-0.148597171869651	-0.115895891035146	-0.132280210320616	-0.116380846182534	-0.0869267925413717	-0.130407533243389	-0.13684643402477	-0.13836296492378	-0.16115995122667	-0.13580919114773	-0.142299947440513	-0.141579158273091	-0.145067857300924	-0.0939068560778246	-0.113227381846966	0	-0.0983026976891847	-0.157849636369598	-0.102212809588235	-0.133975239245137	-0.13709165711519	-0.125432372238482	-0.167961286471038	-0.101109190259446	-0.111992744027942	-0.0913214032685696	-0.117168239623148	-0.11160702164073	-0.115981948488544	-0.108581492982849	-0.100785795391635	-0.117754757597534	-0.0983130996333464	-0.0788220286406136	-0.143624135798316	-0.152109825747534	-0.106165649129458	-0.186586735821151	-0.110777138130652	-0.114121570296086	-0.141789115021297	-0.104386514081127	-0.138971399711576
700038744	-0.197355959036214	-0.133362146523199	-0.0773117789510827	-0.228016471262377	-0.1602511897932	-0.0593317047768511	-0.203938860911436	-0.102484391036014	-0.168571114351602	-0.0684781967941738	-0.0919732450974462	-0.102587521067638	-0.0875185817806596	-0.0988918230677289	-0.123995747148097	-0.128105564562396	-0.0949129938575064	-0.114104835881196	-0.175541118075677	-0.176825704202494	-0.176246387282667	-0.122562317129831	-0.172953966800016	-0.178282897863481	-0.186598261164522	-0.198377630300387	-0.116985321618734	-0.148223228905899	-0.133894112019239	-0.0908196396631724	-0.0752467038208362	-0.14505221597878	-0.0983026976891847	0	-0.191292339055826	-0.13913317666406	-0.133802510085311	-0.0932748134107294	-0.162728701682132	-0.131362141302037	-0.132212074928484	-0.0747027403340165	-0.123798583790196	-0.15411784953769	-0.0923209326322484	-0.123555652129413	-0.145283835841309	-0.0888746168957259	-0.0990531186190745	-0.103340830620993	-0.0969771367413645	-0.198025515828825	-0.199637774278091	-0.1378991175131	-0.224732456773503	-0.0936109848307334	-0.158229592893174	-0.192050904425541	-0.0964748822050547	-0.192359229002309
