700108602	700014971	700033565	700109389	700023058	700023927	700106341	700114221	700023543	700023439	700016978	700024192	700113058	700099448	700109870	700033928	700023693	700109627	700095416	700110425	700111580	700111302	700098605	700111991	700108960	700024452	700032931	700095837	700024548	700110161	700023496	700034628	700023645	700038744	700038485	700024743	700099596	700110760	700101587	700106399	700032322	700095653	700021312	700101230	700023590	700038905	700033136	700023382	700096424	700105469	700016908	700096053	700108479	700109569	700033814	700016125	700109756	700102665	700101777	700109455
700108602	0	0.212858597231353	0.328973552954611	0.223537588724636	0.186686125441971	0.301943334740349	0.095711771733726	0.317532627957739	0.130745369077564	0.294388090715541	0.209731387530003	0.345105712691559	0.318632616772283	0.23206166202491	0.336094868119391	0.206027015163039	0.288599673093686	0.28585292945179	0.161301321997457	0.114827121261885	0.167373480005486	0.231543762668379	0.124023393927035	0.087702032385042	0.166671021884417	0.213886931568012	0.250008516960277	0.314046850295551	0.31838323210811	0.311348743479442	0.28720217756308	0.243063488736206	0.219864601775845	0.275511018433678	0.165048863692465	0.152293907671841	0.223693352996805	0.312440234619224	0.109909464847014	0.35156358131399	0.173116394299965	0.327798806866721	0.183518825925582	0.189089491362926	0.27365572743935	0.234411043498353	0.174632095745674	0.308082682159726	0.258033858323839	0.309102010645761	0.297153405132583	0.094626286217609	0.118965740892873	0.167395526757813	0.116122546834802	0.30972468152688	0.173046327575854	0.104382443893549	0.300865405292477	0.138349074431491
700014971	0.212858597231353	0	0.276940415077056	0.341752210874744	0.13431462266165	0.216096737960129	0.252666794947063	0.183274045841847	0.195847762110001	0.172021843763101	0.18840853293555	0.306710983164012	0.193018385556085	0.125323503476157	0.254660330968061	0.243724190192941	0.166428984499872	0.239663122264106	0.227911143659128	0.227902469238156	0.247756508706431	0.226782466060657	0.197668278348074	0.214790554647673	0.305842382626762	0.182365301078467	0.0957974815761556	0.217114243919286	0.196465413072264	0.188144239613255	0.170987020758192	0.256676602478159	0.167548043690477	0.152270280552046	0.161413966500671	0.170913491718855	0.195137507650331	0.246117689841767	0.166367213414382	0.237344212172871	0.159692223662235	0.21468183797903	0.164101038919207	0.228668004781791	0.161141854887112	0.130809226292164	0.117224708209233	0.191478145233869	0.16990387625891	0.264341139651299	0.278904350013946	0.222746946695325	0.255068917740732	0.180803641144057	0.26301380120097	0.180353728525178	0.22871942287073	0.244833887282949	0.246941330796695	0.239892619417073
700033565	0.328973552954611	0.276940415077056	0	0.449486914942118	0.284276776886155	0.110432273539121	0.331708626693558	0.19605006780854	0.278638244737621	0.151034914277552	0.153747350742031	0.0851858712179535	0.182228788286229	0.222416194132589	0.185528637754755	0.1655748670272	0.197259568588349	0.146412060232417	0.224871802365699	0.312668257152685	0.242326622499616	0.128181157436066	0.320142427033806	0.298286882372261	0.27651893020906	0.359016259073249	0.246399471835071	0.363114933063631	0.319733500399938	0.19571510895484	0.158827033774152	0.167965859694053	0.182193608350997	0.159897684126493	0.337879709945165	0.242830719219373	0.239470059390411	0.115717048644606	0.287920200875831	0.232495908575457	0.253078956503414	0.140919763008496	0.23432904646627	0.230372354764635	0.236715817998539	0.239561601774453	0.250328869640455	0.184627012668522	0.162529486717348	0.0657046485069769	0.121630836490437	0.330227072814484	0.368966338930667	0.204606361450752	0.389071451528643	0.161238365767222	0.214255001931218	0.310869919500552	0.0810180090472821	0.271181882333525
700109389	0.223537588724636	0.341752210874744	0.449486914942118	0	0.321421631825221	0.435385508825397	0.209206932791779	0.422364237987237	0.294092975790275	0.40923256931064	0.358392617928992	0.454992067765203	0.422229887000739	0.36782352515737	0.43551606549604	0.344636697639354	0.405261805728558	0.426920677294293	0.335631449957214	0.21174531183617	0.30140076906055	0.374241858816685	0.216632173137533	0.276944393066185	0.288715903002789	0.292963508839375	0.372206237050076	0.40938343898828	0.380450421132919	0.40625076716522	0.405165095413272	0.384060951259555	0.352409356144813	0.395514739324292	0.256367163166233	0.294986099990277	0.37918248218701	0.444082154779192	0.262504986022881	0.425962220057111	0.294664368082383	0.430760601723356	0.326075515087454	0.333412789743487	0.380387226268727	0.346281891476649	0.329465653695358	0.409856290905731	0.393260580005372	0.425616830366001	0.417309515372551	0.206792711480309	0.142974247542184	0.336100442141852	0.202875573950751	0.415057236291069	0.28594792740329	0.234423815604184	0.415528937742546	0.289364473640136
700023058	0.186686125441971	0.13431462266165	0.284276776886155	0.321421631825221	0	0.211918335390545	0.210354301795718	0.215587127128513	0.163677410619552	0.206145230591423	0.18112336319935	0.301595188700971	0.229967687096505	0.136895080019385	0.266253536775245	0.213601478843884	0.193099377687833	0.215931010043403	0.189518211630152	0.206642518882626	0.217706393205823	0.225922975957642	0.187435133596952	0.173237937842964	0.284250582918914	0.169791338073228	0.160687505618089	0.242705457656424	0.228050753789617	0.216087766851005	0.193089754087979	0.244876017086011	0.17184949293402	0.185823976766529	0.160964100326829	0.18037359669078	0.161337887600494	0.217039973903742	0.136570379699638	0.277271775364525	0.12419636601967	0.231217718427552	0.140577894966271	0.224574716778283	0.180407019853186	0.162037125642305	0.0997321004258726	0.210366010921557	0.17461371598813	0.270916282574409	0.277361826842982	0.184021299763036	0.222386465274836	0.150369056468046	0.242507220150677	0.213189942673484	0.220969072725294	0.210783729886301	0.255753277776647	0.195736296094345
700023927	0.301943334740349	0.216096737960129	0.110432273539121	0.435385508825397	0.211918335390545	0	0.316243210111618	0.155138701403402	0.261022331319122	0.092109550653785	0.146560277685574	0.15589225201988	0.135127378130257	0.146163304696712	0.160046175846698	0.188690195428773	0.138712437718884	0.0981733358747078	0.221919162905358	0.285945269578206	0.229737900045311	0.174788510693399	0.280753591610379	0.266313846028311	0.288036422094383	0.320316192883169	0.188973897675435	0.328586473047267	0.268693501837098	0.158437774298566	0.0910823794662921	0.190728865094236	0.161122354936981	0.107010973482336	0.311430704528953	0.211238402414067	0.189434461820037	0.0640587714262206	0.265925205003635	0.184624833122037	0.210895616457489	0.0973388819279858	0.195508457874259	0.215531840357588	0.185425527031058	0.18514452461003	0.204690739844872	0.136715845907858	0.0757271666474272	0.130051023662665	0.180780368132996	0.312966423423092	0.351037143275808	0.179152728424186	0.358733271261139	0.115844875487415	0.20184285913911	0.292980335247214	0.11690165388145	0.247285912661794
700106341	0.095711771733726	0.252666794947063	0.331708626693558	0.209206932791779	0.210354301795718	0.316243210111618	0	0.305334009392211	0.113706150914449	0.286707157481206	0.217491408158839	0.333878879576453	0.302899375850829	0.244195647148898	0.326236905151623	0.209520790478055	0.291674029740111	0.311862489920036	0.177652973504975	0.0885176847650131	0.152550706248831	0.233666184243648	0.154097102401006	0.130791241841682	0.127281345588389	0.254901229214882	0.284700009804025	0.336469147471128	0.319969410733145	0.300786818178592	0.274877940681673	0.210681196065602	0.221143122670253	0.274763837508116	0.192155242590644	0.134434402149831	0.25689847537507	0.32725599559083	0.122924001879162	0.355254257767605	0.166915638904403	0.306578298220035	0.176540717093072	0.167224270825739	0.256299874115434	0.256864688426508	0.194484872935304	0.286339903651328	0.268965972954716	0.298789726997489	0.301867951601636	0.074382098552793	0.0959942732112445	0.189490636840662	0.154215864302037	0.290441868492811	0.162497657303949	0.0696420811600582	0.297381735617031	0.10682616207039
700114221	0.317532627957739	0.183274045841847	0.19605006780854	0.422364237987237	0.215587127128513	0.155138701403402	0.305334009392211	0	0.26422015652426	0.103752840954347	0.22456827900674	0.230841788033414	0.0788076587461103	0.155646931523415	0.138377335419563	0.247250506112083	0.0890059147481811	0.226413057544518	0.276189360309931	0.285525931573759	0.274642467186407	0.23333457689717	0.301815160167859	0.300854859948003	0.352587302514065	0.298496106984667	0.141697127235008	0.253694104311946	0.19059249450895	0.102997902297236	0.133538611855315	0.248601294010858	0.193565511308896	0.125703688972087	0.279422371018181	0.216202208841782	0.246060484398011	0.151536579335245	0.253608582390514	0.157498684927637	0.198068962791883	0.097937431917084	0.233884180857635	0.255244930087346	0.114723965919512	0.161692791075817	0.185576505557076	0.0828583595141177	0.170654866578056	0.201171066927898	0.259979436923007	0.295001349124732	0.330985503469657	0.240427759143535	0.390284264405874	0.0786353228504502	0.223894557865344	0.316863728708413	0.177025526163049	0.272228163260611
700023543	0.130745369077564	0.195847762110001	0.278638244737621	0.294092975790275	0.163677410619552	0.261022331319122	0.113706150914449	0.26422015652426	0	0.228067747617984	0.154348662308719	0.29608841856639	0.261602861459064	0.196836644601183	0.291462803154725	0.160293417745795	0.243490903140955	0.251559989391916	0.138367801932948	0.139821941842446	0.15088659898682	0.186329610150203	0.180558822936624	0.113237512221338	0.163863171686259	0.227480429060389	0.222146056359259	0.287639874282243	0.309622794631857	0.251669654951697	0.215688398731176	0.162616218187262	0.160522540055677	0.216108347693302	0.165720980372682	0.116844930288357	0.192724942948278	0.272053131937554	0.0886833451784797	0.322108660156463	0.132421048171632	0.260579595056385	0.127999299025876	0.110713657092985	0.224635789913572	0.219246024871907	0.13111008727852	0.243786908849621	0.21646789230508	0.255518203750125	0.255552967171182	0.108408146199762	0.166149074933433	0.141818581462801	0.196749839836387	0.243222763335618	0.176691907199417	0.0995706054897339	0.254707927683276	0.0963213399034234
700023439	0.294388090715541	0.172021843763101	0.151034914277552	0.40923256931064	0.206145230591423	0.092109550653785	0.286707157481206	0.103752840954347	0.228067747617984	0	0.166959884986678	0.196654003744009	0.0799834293853923	0.125637551583844	0.141143563215396	0.205128194062118	0.0898452748642368	0.16007884079325	0.223246544565975	0.251177752688564	0.230091396053617	0.193263226519061	0.273224435098021	0.263607185456021	0.308071495268047	0.303109337266149	0.155083313608087	0.278154614524544	0.222326189080259	0.107968571866546	0.0808363166498328	0.210829144641556	0.151925626976472	0.0834606926033617	0.281411123793887	0.181575341686705	0.202896234575144	0.117195216896885	0.23147294975137	0.155290624950709	0.164902067116523	0.0840671496492692	0.185510864009124	0.220764132239625	0.128405248020573	0.141862469518511	0.171529593508124	0.0900982498282672	0.10468178388073	0.160024392282947	0.210461026525084	0.273298434547877	0.322847870996999	0.183904671439269	0.362532018054015	0.0708418673317329	0.185303156166702	0.269753093897743	0.142695254273253	0.235171868149372
700016978	0.209731387530003	0.18840853293555	0.153747350742031	0.358392617928992	0.18112336319935	0.146560277685574	0.217491408158839	0.22456827900674	0.154348662308719	0.166959884986678	0	0.179492691704414	0.220065967513573	0.166420332397071	0.255322918405691	0.0955692873294567	0.195345576610146	0.128237397232497	0.129514679287629	0.192625504571462	0.143646657598207	0.0708962713540335	0.221122919030444	0.174040315990482	0.172882462169671	0.273518657574096	0.202484978914434	0.295663655035423	0.286289210706597	0.204513232636231	0.12177629790642	0.114141655924735	0.0726991416682662	0.133948099556517	0.239097864999131	0.144338076556466	0.157054606334494	0.17891025031939	0.160724497253727	0.274471930190678	0.144873794672917	0.17357016054447	0.114099768798406	0.137693147258874	0.190777814094274	0.188787069094364	0.142017024184645	0.202440249425327	0.127606349555425	0.14252288653538	0.142838612509556	0.208455609523717	0.25476295045873	0.10002229695983	0.274258222040119	0.185840709928437	0.159997362701336	0.190137033025782	0.142155525535612	0.164306560723877
700024192	0.345105712691559	0.306710983164012	0.0851858712179535	0.454992067765203	0.301595188700971	0.15589225201988	0.333878879576453	0.230841788033414	0.29608841856639	0.196654003744009	0.179492691704414	0	0.216190694073344	0.260150919785206	0.204086798975499	0.171483228112598	0.218198466839539	0.166934314540432	0.244469561313287	0.311430834705832	0.240824619787404	0.137369387749237	0.340567116122413	0.319148343941498	0.287081299144459	0.384374655803656	0.291925582867061	0.368110517372234	0.32285680256914	0.244932602469124	0.167839173454285	0.178912792925204	0.189080382248495	0.199940417063878	0.367687336555549	0.252778391615709	0.26857004519061	0.165760213573373	0.308963019358171	0.248778283285077	0.260124797953278	0.15417178198921	0.256670697853219	0.240141999757535	0.220897003384768	0.253515367625582	0.268399871175559	0.191308671085761	0.19777272530722	0.0883876246459069	0.0991570055191201	0.345600987857288	0.375334185517205	0.239026162254262	0.41039327629594	0.194831555295669	0.236404412178194	0.325714488352863	0.11973844606322	0.277645977121483
700113058	0.318632616772283	0.193018385556085	0.182228788286229	0.422229887000739	0.229967687096505	0.135127378130257	0.302899375850829	0.0788076587461103	0.261602861459064	0.0799834293853923	0.220065967513573	0.216190694073344	0	0.15693663744381	0.120026047826557	0.24312963113784	0.116783501329499	0.209462210726242	0.272123188194005	0.281693816096077	0.272663580690224	0.227790398461807	0.30735982007507	0.296772927190569	0.346260854608678	0.322637784626382	0.16851420587683	0.270700437482809	0.212901065116638	0.0979427082479968	0.12751916020888	0.242470606306051	0.192140105508134	0.114376340314166	0.303062439559559	0.224270709939941	0.246247116459692	0.142082924927052	0.25429991495392	0.153442574134745	0.194225969623041	0.0939218411922599	0.236825062672906	0.25438508377138	0.136585544485276	0.168436740658765	0.209600086270185	0.0849355265811092	0.159606569404202	0.188306316612783	0.242142520126418	0.293848645945968	0.335238215767278	0.242643349209455	0.393365886712515	0.0639692228781915	0.22285857968654	0.310818588044701	0.158864290823631	0.267935427682788
700099448	0.23206166202491	0.125323503476157	0.222416194132589	0.36782352515737	0.136895080019385	0.146163304696712	0.244195647148898	0.155646931523415	0.196836644601183	0.125637551583844	0.166420332397071	0.260150919785206	0.15693663744381	0	0.206798661190601	0.207698570265071	0.132118114715683	0.176361800410883	0.186658504307643	0.21535515478383	0.215422019007817	0.209268649600095	0.220158012799058	0.190971420874352	0.284750026330051	0.211927500132666	0.118512688630911	0.25110086466761	0.199713701354969	0.143597225873708	0.12074942243463	0.234695424336804	0.143096107104859	0.106967779768218	0.213988563497145	0.165574192945788	0.149859034758183	0.167870292858341	0.175299236407363	0.23406823807573	0.130941749528606	0.163226010716912	0.135016047432154	0.219663570405994	0.124130790087199	0.12121498866602	0.116035965035138	0.151957854677674	0.100923946169791	0.21707763211814	0.237292002255762	0.22098264500609	0.277515213297652	0.143702500285343	0.281056892577762	0.143012138819114	0.175985359648933	0.234183707870119	0.193396640043942	0.213536910384462
700109870	0.336094868119391	0.254660330968061	0.185528637754755	0.43551606549604	0.266253536775245	0.160046175846698	0.326236905151623	0.138377335419563	0.291462803154725	0.141143563215396	0.255322918405691	0.204086798975499	0.120026047826557	0.206798661190601	0	0.272039383941164	0.135488928206887	0.244433058255928	0.298417347772704	0.3125427152382	0.270015423861607	0.257101021934781	0.316984413601134	0.32454822422398	0.364439672229724	0.355036457457832	0.23076902109143	0.333827821594343	0.240940148121098	0.152629776227893	0.179588765177467	0.267684030089158	0.239053498642072	0.18554629781076	0.340059023441424	0.250570788780094	0.273998905593518	0.140907689840979	0.295185281883925	0.149102775721235	0.242116279103885	0.130070393648203	0.274940468543767	0.276169277934175	0.170550789906397	0.180033304704292	0.235488158303859	0.120249820582274	0.19543422952054	0.189122738441244	0.260491155022719	0.330705269801643	0.354106155086172	0.266523703270171	0.403187902869965	0.136777521505952	0.240222401746548	0.337868182572239	0.172283533068551	0.288064569814964
700033928	0.206027015163039	0.243724190192941	0.1655748670272	0.344636697639354	0.213601478843884	0.188690195428773	0.209520790478055	0.247250506112083	0.160293417745795	0.205128194062118	0.0955692873294567	0.171483228112598	0.24312963113784	0.207698570265071	0.272039383941164	0	0.234792775398337	0.156304133983018	0.141314974980588	0.206786443618714	0.155837589373722	0.0807737256281726	0.249722417011068	0.178412917298582	0.182417197519367	0.276965240977679	0.251767497481026	0.313953934072712	0.312705094245741	0.235582357530491	0.16464699307286	0.126303912465082	0.101953591382061	0.186696747071819	0.253745390107876	0.184115276385702	0.198277799475516	0.21135230102615	0.178102228949687	0.29912253229365	0.161225156965803	0.196908333952411	0.167045261734806	0.159356767844634	0.206664702350113	0.225727924477186	0.17205503141839	0.231706387712705	0.177188533317119	0.132326972798228	0.129605772216859	0.203340146338221	0.250644766229068	0.145057022053164	0.295239498552248	0.208768714928784	0.175256915182104	0.182016405868779	0.141354963967715	0.159287151471248
700023693	0.288599673093686	0.166428984499872	0.197259568588349	0.405261805728558	0.193099377687833	0.138712437718884	0.291674029740111	0.0890059147481811	0.243490903140955	0.0898452748642368	0.195345576610146	0.218198466839539	0.116783501329499	0.132118114715683	0.135488928206887	0.234792775398337	0	0.197078807993713	0.253618814271884	0.272612580445387	0.231732909418439	0.220082509829182	0.265501894616408	0.275526040440859	0.334802500841299	0.291387668431493	0.14729848299616	0.264750180994723	0.184691842425974	0.125689742048282	0.105151966883225	0.234022860510915	0.170082446782978	0.117389752018841	0.266926144257104	0.198974415247688	0.218705505335379	0.163083271484127	0.235208201810785	0.131332034459394	0.170694745458519	0.111496164397505	0.205618834949146	0.241967781556038	0.114715869538267	0.104537320921824	0.161736637564811	0.0874569723159916	0.138036380981623	0.1933857378838	0.245154967146585	0.280046072906607	0.31237596423968	0.214627284249752	0.356967351363951	0.10727981663104	0.204897529066395	0.301309916940383	0.1848872309092	0.250812311194646
700109627	0.28585292945179	0.239663122264106	0.146412060232417	0.426920677294293	0.215931010043403	0.0981733358747078	0.311862489920036	0.226413057544518	0.251559989391916	0.16007884079325	0.128237397232497	0.166934314540432	0.209462210726242	0.176361800410883	0.244433058255928	0.156304133983018	0.197078807993713	0	0.223905610686031	0.271996833463771	0.250335445096631	0.14145530056786	0.302793795619912	0.241022557101125	0.272573999310088	0.324962461381096	0.222774564475678	0.33244086939469	0.333665623048687	0.212587679593938	0.129359538974869	0.191161784560572	0.145663785620241	0.141872502228246	0.317780159673457	0.2246732752105	0.157415892978746	0.129849519870506	0.254698289861385	0.265599299699688	0.226573058379311	0.173475779745676	0.19011552377058	0.221079640369816	0.232559736449906	0.237810232329008	0.217994282996651	0.21658131252521	0.100842943568818	0.163748228834767	0.159523098375731	0.304595699943317	0.346231189753433	0.182697247236185	0.333730061174956	0.187860098151423	0.242035725169779	0.283760663634789	0.152761200259634	0.266548682264179
700095416	0.161301321997457	0.227911143659128	0.224871802365699	0.335631449957214	0.189518211630152	0.221919162905358	0.177652973504975	0.276189360309931	0.138367801932948	0.223246544565975	0.129514679287629	0.244469561313287	0.272123188194005	0.186658504307643	0.298417347772704	0.141314974980588	0.253618814271884	0.223905610686031	0	0.184785013429532	0.104532525509067	0.156831928463488	0.19929539907513	0.120839852465675	0.14763270970539	0.248774724493218	0.242173474173746	0.33511764845742	0.305918679915757	0.265350926463237	0.205339912833513	0.137545281521451	0.148411584927393	0.208408075053045	0.219304711671579	0.154935325490043	0.187503348986857	0.22346232052581	0.143891104715505	0.324662399093287	0.140355142990752	0.246545934752616	0.111796280136738	0.158524793031545	0.219712932591504	0.213191152510512	0.141970213265317	0.255138063778395	0.19081839205927	0.208626601270325	0.219636375687931	0.17560625085146	0.234944276888384	0.0857367627787809	0.224604127324121	0.237639648812265	0.140244969050542	0.149932816342001	0.212975352235548	0.130084003880571
700110425	0.114827121261885	0.227902469238156	0.312668257152685	0.21174531183617	0.206642518882626	0.285945269578206	0.0885176847650131	0.285525931573759	0.139821941842446	0.251177752688564	0.192625504571462	0.311430834705832	0.281693816096077	0.21535515478383	0.3125427152382	0.206786443618714	0.272612580445387	0.271996833463771	0.184785013429532	0	0.151271797888948	0.206098513430374	0.143373622346517	0.145165419736838	0.137126601127698	0.261915664438233	0.254773603234368	0.30513785859342	0.299147498020485	0.266827443073088	0.237639726794136	0.222588533668214	0.183017416280113	0.238871088708166	0.206929924484538	0.119049143438305	0.235610550044367	0.297875101224572	0.12233779481909	0.345693638179381	0.15622051272721	0.270493621234045	0.15289174727251	0.158680380338165	0.232449667097212	0.236012565783226	0.170699303803609	0.261900058915352	0.234506247413054	0.281764039817462	0.273802684496496	0.093870951824115	0.106763001792955	0.179704028956058	0.173451504049569	0.259744764994157	0.13822340620601	0.0989616759492378	0.269747078877026	0.136840681011912
700111580	0.167373480005486	0.247756508706431	0.242326622499616	0.30140076906055	0.217706393205823	0.229737900045311	0.152550706248831	0.274642467186407	0.15088659898682	0.230091396053617	0.143646657598207	0.240824619787404	0.272663580690224	0.215422019007817	0.270015423861607	0.155837589373722	0.231732909418439	0.250335445096631	0.104532525509067	0.151271797888948	0	0.161340748913773	0.184680291263946	0.147414248653711	0.12286427921156	0.288253393349634	0.278051868282568	0.352999220963349	0.269898135163625	0.269494401971292	0.198429377251104	0.144676397114627	0.160463010797568	0.22296929553934	0.237969231033804	0.138498615674415	0.233404672907766	0.233551506823151	0.15792627489486	0.299091585498295	0.145072305528853	0.226579982589267	0.143681941966274	0.143106166320011	0.195575459229325	0.197069385960229	0.160618073894943	0.227309342131834	0.201166914089794	0.197768472693472	0.227605967000086	0.158639720671022	0.206655395549309	0.115376659393356	0.231485119072964	0.237430496774474	0.0928253772041546	0.133884070300537	0.201187444951766	0.106718017379711
700111302	0.231543762668379	0.226782466060657	0.128181157436066	0.374241858816685	0.225922975957642	0.174788510693399	0.233666184243648	0.23333457689717	0.186329610150203	0.193263226519061	0.0708962713540335	0.137369387749237	0.227790398461807	0.209268649600095	0.257101021934781	0.0807737256281726	0.220082509829182	0.14145530056786	0.156831928463488	0.206098513430374	0.161340748913773	0	0.257649248359715	0.204091605462658	0.182515396101062	0.307659559961281	0.238917686915112	0.317568602435971	0.307889431685277	0.223753614676315	0.151124841249761	0.0930423202959113	0.104646810730969	0.167383474271809	0.273726287858534	0.165668726514774	0.193705759684057	0.193528010501488	0.194875991545535	0.282009091347606	0.189389932821726	0.179526206011793	0.164392979717323	0.147845822811111	0.204603287524097	0.229111513306408	0.182496020293483	0.20773054541577	0.166964047573094	0.0979857427813843	0.110091882464835	0.235800708118173	0.276505960464938	0.137783460956418	0.301929082785982	0.19043122951967	0.169267671475751	0.216158551998001	0.117408419487175	0.181986259290251
700098605	0.124023393927035	0.197668278348074	0.320142427033806	0.216632173137533	0.187435133596952	0.280753591610379	0.154097102401006	0.301815160167859	0.180558822936624	0.273224435098021	0.221122919030444	0.340567116122413	0.30735982007507	0.220158012799058	0.316984413601134	0.249722417011068	0.265501894616408	0.302793795619912	0.19929539907513	0.143373622346517	0.184680291263946	0.257649248359715	0	0.160590312446519	0.211659531587558	0.237575212971948	0.237564800887422	0.318465389068742	0.296964197404225	0.298271869343582	0.266045324345103	0.255679233167721	0.236901144817222	0.269303845310871	0.190765333603243	0.172852413701124	0.243219603468294	0.290778594112485	0.157133645252199	0.316549188487609	0.180504370444806	0.310928916458386	0.187675017798871	0.214160975583312	0.265143795943066	0.21009215853636	0.170473541644279	0.292367906111335	0.253178066542455	0.298725554596801	0.309413228128621	0.159097991544142	0.136030466468544	0.1812774812651	0.142092363798673	0.29635937648848	0.190585969983421	0.175395799216863	0.291699978101748	0.156862249231002
700111991	0.087702032385042	0.214790554647673	0.298286882372261	0.276944393066185	0.173237937842964	0.266313846028311	0.130791241841682	0.300854859948003	0.113237512221338	0.263607185456021	0.174040315990482	0.319148343941498	0.296772927190569	0.190971420874352	0.32454822422398	0.178412917298582	0.275526040440859	0.241022557101125	0.120839852465675	0.145165419736838	0.147414248653711	0.204091605462658	0.160590312446519	0	0.168171525417417	0.207716192988685	0.240161890049251	0.316324464132125	0.320157151006345	0.285942489223681	0.256215665268032	0.215344794160842	0.191839166781585	0.247568214439686	0.169000855738232	0.14099124140506	0.173487406585873	0.269440502924388	0.100247060336552	0.348991834030572	0.148482208484117	0.301897655198849	0.149694042837756	0.167644656175592	0.249938362987611	0.229925583045818	0.144474403897812	0.285087268642751	0.222921319499359	0.279682190887385	0.264284221795626	0.116457940538491	0.169341614144264	0.135512156852341	0.133789779004828	0.286942920917434	0.170625764291121	0.116106163432008	0.27343634039751	0.130189291537251
700108960	0.166671021884417	0.305842382626762	0.27651893020906	0.288715903002789	0.284250582918914	0.288036422094383	0.127281345588389	0.352587302514065	0.163863171686259	0.308071495268047	0.172882462169671	0.287081299144459	0.346260854608678	0.284750026330051	0.364439672229724	0.182417197519367	0.334802500841299	0.272573999310088	0.14763270970539	0.137126601127698	0.12286427921156	0.182515396101062	0.211659531587558	0.168171525417417	0	0.339764240949211	0.330506176609951	0.392225736437406	0.365155652481853	0.333202949077851	0.265670989345163	0.154853782496596	0.203593436547542	0.283383612124642	0.273608884387687	0.164904119185203	0.277779047133298	0.303227951253142	0.191743218833304	0.393156548538325	0.223447603214357	0.296999629276726	0.190432949232074	0.149521549736359	0.298634197704777	0.302643203553638	0.239756643886295	0.326153026342173	0.261676310838521	0.245244720376266	0.255410944773488	0.163399534688616	0.177168846711844	0.173937005213679	0.194387517316531	0.313048076754514	0.159528143786093	0.122945120969811	0.249289222781013	0.130861782641428
700024452	0.213886931568012	0.182365301078467	0.359016259073249	0.292963508839375	0.169791338073228	0.320316192883169	0.254901229214882	0.298496106984667	0.227480429060389	0.303109337266149	0.273518657574096	0.384374655803656	0.322637784626382	0.211927500132666	0.355036457457832	0.276965240977679	0.291387668431493	0.324962461381096	0.248774724493218	0.261915664438233	0.288253393349634	0.307659559961281	0.237575212971948	0.207716192988685	0.339764240949211	0	0.214638158002841	0.241810635111197	0.225944631068546	0.28744698434	0.294605564060226	0.325938300437926	0.257814545389479	0.278032624549561	0.0875521276567879	0.236815029312855	0.25333107016353	0.327548023028427	0.179825415201742	0.340311782950803	0.198890214358613	0.328271428385815	0.229810117367987	0.286316326643774	0.25719067904886	0.221147651323524	0.185797111057636	0.308115630072335	0.270937814247302	0.346569153467281	0.348559282827672	0.214257451482451	0.243056864723409	0.228925748181332	0.22822209056168	0.305066246255414	0.273040841625113	0.250240170169346	0.333279443994805	0.273900494817187
700032931	0.250008516960277	0.0957974815761556	0.246399471835071	0.372206237050076	0.160687505618089	0.188973897675435	0.284700009804025	0.141697127235008	0.222146056359259	0.155083313608087	0.202484978914434	0.291925582867061	0.16851420587683	0.118512688630911	0.23076902109143	0.251767497481026	0.14729848299616	0.222774564475678	0.242173474173746	0.254773603234368	0.278051868282568	0.238917686915112	0.237564800887422	0.240161890049251	0.330506176609951	0.214638158002841	0	0.197320808030548	0.187069406108416	0.153406984166797	0.162611498110453	0.274614174243382	0.17994747622069	0.12809370054261	0.2011854845435	0.203979194103322	0.191213069470221	0.211892707450723	0.201534570807374	0.223107202298754	0.182938367038948	0.180034273727488	0.1878309264641	0.241001310881076	0.151742185592159	0.142620553389675	0.150852298664539	0.155003585114803	0.162789182831307	0.243295668400619	0.274167482197237	0.252429567902822	0.286193219818374	0.199756633479775	0.300732915535664	0.148937697537864	0.241863015261187	0.274873140501018	0.230618787084342	0.268525187948253
700095837	0.314046850295551	0.217114243919286	0.363114933063631	0.40938343898828	0.242705457656424	0.328586473047267	0.336469147471128	0.253694104311946	0.287639874282243	0.278154614524544	0.295663655035423	0.368110517372234	0.270700437482809	0.25110086466761	0.333827821594343	0.313953934072712	0.264750180994723	0.33244086939469	0.33511764845742	0.30513785859342	0.352999220963349	0.317568602435971	0.318465389068742	0.316324464132125	0.392225736437406	0.241810635111197	0.197320808030548	0	0.180831193834082	0.218133080538681	0.264487551859339	0.356305251610817	0.260992854920368	0.244605938291546	0.251853320453548	0.283115008332885	0.286967732904065	0.345326755016898	0.262707383176658	0.337225882224616	0.253272203579603	0.287548980349603	0.291709156848148	0.315213461255177	0.236872966891116	0.255334409845386	0.244688621325294	0.261606903548355	0.290496140556892	0.346479928977707	0.343809727310308	0.301874927021959	0.329091655413519	0.311271234788872	0.37664053742426	0.260192091094527	0.334983160644109	0.330381007490053	0.331373298460227	0.333498854423612
700024548	0.31838323210811	0.196465413072264	0.319733500399938	0.380450421132919	0.228050753789617	0.268693501837098	0.319969410733145	0.19059249450895	0.309622794631857	0.222326189080259	0.286289210706597	0.32285680256914	0.212901065116638	0.199713701354969	0.240940148121098	0.312705094245741	0.184691842425974	0.333665623048687	0.305918679915757	0.299147498020485	0.269898135163625	0.307889431685277	0.296964197404225	0.320157151006345	0.365155652481853	0.225944631068546	0.187069406108416	0.180831193834082	0	0.183200876050589	0.23533682671247	0.329875010064658	0.250550411259008	0.217146983393092	0.233075262717418	0.246083587457825	0.310045730272686	0.285211806576866	0.270249295659492	0.213164176204403	0.218297094839962	0.212343495498684	0.270606026854619	0.310833378766861	0.134846839010004	0.129297309486102	0.221809613577673	0.169502286177575	0.250798615870315	0.300508250829764	0.339858279671386	0.304190944715507	0.320408488598561	0.278051525012962	0.357738250638395	0.208335056135567	0.250609969818298	0.331041424804057	0.275255625987606	0.298005343260489
700110161	0.311348743479442	0.188144239613255	0.19571510895484	0.40625076716522	0.216087766851005	0.158437774298566	0.300786818178592	0.102997902297236	0.251669654951697	0.107968571866546	0.204513232636231	0.244932602469124	0.0979427082479968	0.143597225873708	0.152629776227893	0.235582357530491	0.125689742048282	0.212587679593938	0.265350926463237	0.266827443073088	0.269494401971292	0.223753614676315	0.298271869343582	0.285942489223681	0.333202949077851	0.28744698434	0.153406984166797	0.218133080538681	0.183200876050589	0	0.130681910055762	0.243772139666487	0.183610465222528	0.10753667487577	0.26859474830158	0.211403826531647	0.226882142234509	0.155961355263221	0.24161491135568	0.197306003771127	0.195562534820645	0.123274987272994	0.218102985247117	0.242617713535418	0.142136496405996	0.179196642567334	0.19585278936413	0.106029452828686	0.1505949310094	0.205987281779918	0.248013166889126	0.281636441928822	0.32638082076974	0.223729433419324	0.37904832465201	0.0985018688937886	0.219230365414201	0.295534065723954	0.17197991457322	0.267628218152869
700023496	0.28720217756308	0.170987020758192	0.158827033774152	0.405165095413272	0.193089754087979	0.0910823794662921	0.274877940681673	0.133538611855315	0.215688398731176	0.0808363166498328	0.12177629790642	0.167839173454285	0.12751916020888	0.12074942243463	0.179588765177467	0.16464699307286	0.105151966883225	0.129359538974869	0.205339912833513	0.237639726794136	0.198429377251104	0.151124841249761	0.266045324345103	0.256215665268032	0.265670989345163	0.294605564060226	0.162611498110453	0.264487551859339	0.23533682671247	0.130681910055762	0	0.170208254658536	0.103165706731808	0.0746633771989281	0.271836614526322	0.177070129738119	0.195570214085685	0.136525285090144	0.214448000433848	0.196795098588559	0.150157275649013	0.0812893950072605	0.164375014372934	0.192395121228737	0.121843930813181	0.151947778362167	0.155265909048915	0.110558936722096	0.0858822114130386	0.146525660051355	0.17582931046493	0.263810450746673	0.313812510045274	0.173285227185697	0.35790964072169	0.0917664621913639	0.184506563864038	0.25760295505891	0.144963544728172	0.218082625728852
700034628	0.243063488736206	0.256676602478159	0.167965859694053	0.384060951259555	0.244876017086011	0.190728865094236	0.210681196065602	0.248601294010858	0.162616218187262	0.210829144641556	0.114141655924735	0.178912792925204	0.242470606306051	0.234695424336804	0.267684030089158	0.126303912465082	0.234022860510915	0.191161784560572	0.137545281521451	0.222588533668214	0.144676397114627	0.0930423202959113	0.255679233167721	0.215344794160842	0.154853782496596	0.325938300437926	0.274614174243382	0.356305251610817	0.329875010064658	0.243772139666487	0.170208254658536	0	0.143274671664377	0.195628816611483	0.278896286851879	0.157410670248988	0.230757927633565	0.208524095430428	0.214809712373571	0.290429189462695	0.206108764297084	0.195670249009088	0.173979514940459	0.116366493433913	0.22843477635633	0.247675059863735	0.195397582983352	0.221733326156586	0.195201221849591	0.131722654191934	0.177743536974505	0.236583360820924	0.272751357088474	0.146768110824317	0.300452351461184	0.203496637779087	0.165957381600108	0.193625380373175	0.153575746828388	0.133942007030688
700023645	0.219864601775845	0.167548043690477	0.182193608350997	0.352409356144813	0.17184949293402	0.161122354936981	0.221143122670253	0.193565511308896	0.160522540055677	0.151925626976472	0.0726991416682662	0.189080382248495	0.192140105508134	0.143096107104859	0.239053498642072	0.101953591382061	0.170082446782978	0.145663785620241	0.148411584927393	0.183017416280113	0.160463010797568	0.104646810730969	0.236901144817222	0.191839166781585	0.203593436547542	0.257814545389479	0.17994747622069	0.260992854920368	0.250550411259008	0.183610465222528	0.103165706731808	0.143274671664377	0	0.117296354559891	0.234062640963482	0.14120703737205	0.170663659802483	0.187364842208222	0.154646047900323	0.258081613159564	0.122756320570925	0.144522978116591	0.119806867529068	0.158215811700612	0.148002740950367	0.160936363610709	0.123201597853494	0.17108143744268	0.127277683178332	0.15635048044451	0.149473723259709	0.204448311059454	0.260142014168173	0.136186121837524	0.297272436758907	0.152444680411185	0.168561240079463	0.195788794434958	0.152093468543498	0.179113850300438
700038744	0.275511018433678	0.152270280552046	0.159897684126493	0.395514739324292	0.185823976766529	0.107010973482336	0.274763837508116	0.125703688972087	0.216108347693302	0.0834606926033617	0.133948099556517	0.199940417063878	0.114376340314166	0.106967779768218	0.18554629781076	0.186696747071819	0.117389752018841	0.141872502228246	0.208408075053045	0.238871088708166	0.22296929553934	0.167383474271809	0.269303845310871	0.247568214439686	0.283383612124642	0.278032624549561	0.12809370054261	0.244605938291546	0.217146983393092	0.10753667487577	0.0746633771989281	0.195628816611483	0.117296354559891	0	0.254074243690877	0.170264795987087	0.180178977887354	0.132146141304416	0.207466353707828	0.204217205827297	0.163160073652243	0.0948324357792878	0.154727979312857	0.197264026448617	0.128754295679706	0.148947641117923	0.166262051043443	0.0999627167085984	0.0812081903249318	0.164325424192078	0.197148791604698	0.259948015442515	0.308855321897063	0.162272766467891	0.346040873059058	0.0880998523186028	0.187800644369312	0.2530863511897	0.154183475571878	0.232855566702868
700038485	0.165048863692465	0.161413966500671	0.337879709945165	0.256367163166233	0.160964100326829	0.311430704528953	0.192155242590644	0.279422371018181	0.165720980372682	0.281411123793887	0.239097864999131	0.367687336555549	0.303062439559559	0.213988563497145	0.340059023441424	0.253745390107876	0.266926144257104	0.317780159673457	0.219304711671579	0.206929924484538	0.237969231033804	0.273726287858534	0.190765333603243	0.169000855738232	0.273608884387687	0.0875521276567879	0.2011854845435	0.251853320453548	0.233075262717418	0.26859474830158	0.271836614526322	0.278896286851879	0.234062640963482	0.254074243690877	0	0.17887705423221	0.248101656402204	0.32609756283182	0.125239778074924	0.319864878117824	0.177035986760281	0.308759270016397	0.199358630359923	0.223987392368865	0.240019360039951	0.202108656176505	0.165903518714132	0.288129805166816	0.261389205356752	0.327371006112401	0.326803858000089	0.155515556569561	0.179205449913417	0.204402819681493	0.194227606913438	0.282389301349835	0.228355872385221	0.188382636524752	0.316007500591779	0.209684537567279
700024743	0.152293907671841	0.170913491718855	0.242830719219373	0.294986099990277	0.18037359669078	0.211238402414067	0.134434402149831	0.216202208841782	0.116844930288357	0.181575341686705	0.144338076556466	0.252778391615709	0.224270709939941	0.165574192945788	0.250570788780094	0.184115276385702	0.198974415247688	0.2246732752105	0.154935325490043	0.119049143438305	0.138498615674415	0.165668726514774	0.172852413701124	0.14099124140506	0.164904119185203	0.236815029312855	0.203979194103322	0.283115008332885	0.246083587457825	0.211403826531647	0.177070129738119	0.157410670248988	0.14120703737205	0.170264795987087	0.17887705423221	0	0.19735585910047	0.225527931644228	0.123939980496361	0.270396141228468	0.137934188271599	0.210425774469539	0.125337177465204	0.100572944652789	0.175092623876684	0.17383392600011	0.14279359383445	0.199776089386797	0.16832280385587	0.222001750145002	0.233692594559572	0.145689876312497	0.182639230933103	0.128705794062876	0.213901582818166	0.19890472127512	0.131583401935842	0.122613703439255	0.210094611303276	0.105002687682601
