700108602	700014971	700033565	700109389	700023058	700023927	700106341	700114221	700023543	700023439	700016978	700024192	700113058	700099448	700109870	700033928	700023693	700109627	700095416	700110425	700111580	700111302	700098605	700111991	700108960	700024452	700032931	700095837	700024548	700110161	700023496	700034628	700023645	700038744	700038485	700024743	700099596	700110760	700101587	700106399	700032322	700095653	700021312	700101230	700023590	700038905	700033136	700023382	700096424	700105469	700016908	700096053	700108479	700109569	700033814	700016125	700109756	700102665	700101777	700109455
700108602	0	0.209811810558613	0.3405413458008	0.234859199151379	0.178162535092036	0.303724877719273	0.112797971497902	0.303709188780831	0.11981179762171	0.283264092117905	0.222439312036273	0.34758874275648	0.308939766016764	0.209879841049994	0.338463752002277	0.186966818842575	0.288483638609692	0.288205315036373	0.142319654591015	0.118677684278102	0.165418952053431	0.263518538159867	0.151938096521354	0.0693859563779413	0.176981680340727	0.183016044026544	0.225942864211311	0.310361280371857	0.286786184752647	0.309233048147327	0.275393482548077	0.254909080764924	0.229162179082489	0.276695546959768	0.170731184067736	0.155078275057184	0.23249047669852	0.312338103523366	0.0984846070239706	0.351213793170068	0.138864917809859	0.321440080418165	0.187407950513917	0.182148993267655	0.280729659055998	0.216020636692206	0.178800714431157	0.281838195289705	0.239459921210213	0.319763900119924	0.283307178192109	0.0709188304930172	0.133625634203311	0.146574731993679	0.131885749081334	0.286667876232844	0.177086637624674	0.118879501892056	0.317264933622345	0.160886771058134
700014971	0.209811810558613	0	0.304488370477402	0.342192693842937	0.12517388906028	0.234528339978411	0.233302234555677	0.192327478121319	0.194969168389363	0.190281937160404	0.17975239740132	0.304830696318682	0.199245309527167	0.135606578625864	0.264038873197365	0.217054043881633	0.195891814228471	0.26676939690428	0.19528189448526	0.216376862986928	0.237580375525332	0.248459160332037	0.187809382706415	0.22160315694313	0.296452315389734	0.163345475481168	0.126171679913107	0.205139986463084	0.161004922052008	0.191995766043118	0.212381167281882	0.251498548528593	0.186198973671251	0.170753580768916	0.177618199880533	0.181572303443981	0.220626699196456	0.268536128126085	0.162662167678589	0.234046712272498	0.150600223542613	0.222198529085915	0.181060277354212	0.223203564331916	0.158361700896295	0.182247845562014	0.134210849606588	0.205045031314008	0.194525202181392	0.282977903874838	0.284739596987693	0.194413422326153	0.233676049341874	0.180414881906315	0.278454012529588	0.186124944381608	0.225095442259186	0.241151096044358	0.280691370922858	0.24056185786809
700033565	0.3405413458008	0.304488370477402	0	0.452213759109451	0.309217525800002	0.104877453957638	0.307158463372421	0.190815543281911	0.291264873450569	0.151575045239133	0.166703373645593	0.0629171418143362	0.181261932763055	0.224376194739752	0.183245187402884	0.180812014361853	0.16858665478397	0.132230975560308	0.246610526940038	0.308644791313907	0.249600655749894	0.114623487841765	0.32970875830765	0.298292479206611	0.274128126097104	0.342661602662848	0.249835251854476	0.375364473218862	0.321003542258596	0.189554273625316	0.140796684234356	0.163368637113756	0.160218294029758	0.157021743684639	0.358846719033451	0.245997288734194	0.242989569715215	0.13597555296704	0.307098889679416	0.237713723045265	0.261605274122464	0.11186295190422	0.230783142797225	0.253012071991193	0.214417823305127	0.239125142506483	0.239023838103009	0.165837544978218	0.182900773537108	0.0517477446041179	0.110615302367741	0.32342749806314	0.360559842066123	0.249345529367594	0.403928828081532	0.15070507632622	0.230427156975307	0.29850242452973	0.075970215478379	0.274166063447548
700109389	0.234859199151379	0.342192693842937	0.452213759109451	0	0.322388098067194	0.439109556340392	0.232002954873493	0.418931352738156	0.30085552517202	0.415651654689714	0.35955785995378	0.459290411145222	0.419289286744825	0.363968195464977	0.442539990951937	0.339437754454431	0.409761221948784	0.441863433738069	0.323279691129985	0.203844151712508	0.308392279674847	0.400960250847683	0.225925789488986	0.270434247057812	0.291307889864099	0.275814863345608	0.370917475718158	0.401625131247339	0.355384018236775	0.410649981052668	0.418659044572836	0.400644977240903	0.358620515650155	0.400613164840806	0.253944149253423	0.294858434712871	0.394462264382468	0.450913313575816	0.260079211634128	0.422254586580677	0.290143303095672	0.431677090048692	0.343816146248242	0.328991736786148	0.389022534331568	0.331892274264883	0.33631200679058	0.404668089982435	0.38819830578131	0.440463070647991	0.411783041113196	0.22134398893481	0.146500912588073	0.310919546559809	0.199548030957579	0.410270561495233	0.274281579368887	0.234467255124733	0.430883993651279	0.289751811721606
700023058	0.178162535092036	0.12517388906028	0.309217525800002	0.322388098067194	0	0.235895258224854	0.193222859068918	0.218389250001233	0.157506700708199	0.218727474455048	0.196728129029085	0.307483461949759	0.236093027174793	0.16174006556259	0.281200037778439	0.198728052535984	0.218048549204112	0.250003712398488	0.173212973595529	0.202240132876162	0.218014109087209	0.253859550119836	0.202601015414213	0.185253639836394	0.279920858199793	0.151858458405339	0.167486481865741	0.258940113320666	0.218088161227507	0.228331125163334	0.223479770728888	0.260045584875909	0.200476064062089	0.209296166924703	0.174253267066023	0.196539016455326	0.185147795578586	0.241545735409125	0.139304129555263	0.288071886929175	0.133414711767454	0.258652431283205	0.156384136704553	0.219263954160758	0.1920928461269	0.199325907187505	0.130734469773791	0.221718763594176	0.180127460892534	0.293160438527838	0.290010367938344	0.168093973747309	0.215829198060858	0.159309484126217	0.256204818401613	0.222788816302958	0.225632345193937	0.204004089190926	0.286430159534368	0.215570957792067
700023927	0.303724877719273	0.234528339978411	0.104877453957638	0.439109556340392	0.235895258224854	0	0.283128808634487	0.159650285384845	0.261042219348174	0.0952120732598763	0.134852696138465	0.115261966407721	0.148271217498994	0.151096415072266	0.172967304008922	0.158360368470094	0.122379011189423	0.0927416542931481	0.216595076923864	0.287806591140862	0.228279021112754	0.147272603353904	0.280613704122996	0.261737904207266	0.270975474713058	0.288757635336841	0.190932067483955	0.34426946074784	0.265096512467895	0.164615104111635	0.0756193292906884	0.16335562224162	0.13437265007196	0.111526653908487	0.327662749797108	0.220045437719985	0.184853959915229	0.0964633802649891	0.274576709022983	0.201804335328531	0.220731187755542	0.097416548469848	0.175633129391128	0.239895360351462	0.167685514538907	0.193585697944491	0.182177555995538	0.131525410707743	0.101587517732732	0.102577904673054	0.1639212609267	0.292929662483875	0.342128376121036	0.208657692666457	0.369683558176914	0.115370628015292	0.203558736469679	0.278831838922197	0.112625155260089	0.254602677014906
700106341	0.112797971497902	0.233302234555677	0.307158463372421	0.232002954873493	0.193222859068918	0.283128808634487	0	0.289875556492517	0.12365070374647	0.270707491445014	0.213001408200479	0.299664640374827	0.286740612510896	0.238926570253569	0.310536329697015	0.177907283442471	0.260361370878198	0.301821048658321	0.128057388622468	0.0891745758457108	0.128854082741552	0.228907899219947	0.137812785400389	0.116505809261499	0.124893395432177	0.242352811321048	0.275004165838916	0.349145369051972	0.288060553067879	0.302527342966532	0.25034118180693	0.206895924548264	0.218261478867455	0.276493776101665	0.217497736681591	0.124189004264395	0.256826061951517	0.295106068008535	0.130317896002135	0.337171629756111	0.153003862745023	0.301539558770686	0.184922658511851	0.154395210729677	0.255935787955445	0.206318899240817	0.183263064062486	0.250858873666784	0.227675156050196	0.27947190323011	0.268828591277174	0.0909684822830645	0.119549160254775	0.133961095846278	0.158732807727922	0.271797081142977	0.122455667856176	0.104989227096998	0.276717396147099	0.0965223595507379
700114221	0.303709188780831	0.192327478121319	0.190815543281911	0.418931352738156	0.218389250001233	0.159650285384845	0.289875556492517	0	0.271992614660925	0.0950605998810815	0.190891678123112	0.202443637233235	0.0849003604893757	0.146393903354991	0.135056797074782	0.235763841337058	0.0767342524713497	0.226222174135644	0.25712233471169	0.28057181596421	0.26997456128403	0.241546674352535	0.295360879573393	0.305553079531379	0.353633877835357	0.266788653341036	0.148625878996682	0.285107103685853	0.195776544129946	0.110755808518094	0.183821470274155	0.246528124196161	0.196739845801166	0.135754973871354	0.300673553809898	0.228909090845634	0.239159536764739	0.150787026647972	0.260072217900462	0.12127529960365	0.209245785665113	0.12377476089839	0.249019501891435	0.262988105125111	0.113076760448296	0.167607185063606	0.181988824197969	0.0981339422386216	0.172349943852399	0.192601467117654	0.269927496031004	0.28685636256848	0.319906730607034	0.254127368371348	0.38960054717082	0.0912931593830727	0.233910300501856	0.315279048118408	0.19758331507516	0.29683193971053
700023543	0.11981179762171	0.194969168389363	0.291264873450569	0.30085552517202	0.157506700708199	0.261042219348174	0.12365070374647	0.271992614660925	0	0.232750058174768	0.185109012141947	0.299120113598316	0.269334739101521	0.20638495163003	0.30830784043241	0.147556944684057	0.239952783390567	0.268520901792059	0.117272221305412	0.148357735319101	0.159970355114811	0.213493951518425	0.187281567464427	0.12765843871693	0.169104487604345	0.216938135939246	0.226935224220843	0.309185897115654	0.300637571990434	0.263601735117486	0.228791107455944	0.180283650260753	0.19383372932777	0.22857511154762	0.189854999322307	0.137990120729833	0.200681795977232	0.278087747416016	0.0966414892841607	0.326540742999323	0.125521446174334	0.275335355151948	0.149296101921618	0.107490212804585	0.240252545966333	0.229742409743369	0.145889768867066	0.233939015494732	0.227897999336592	0.271543225629964	0.255511946219486	0.098777626397326	0.176294987279329	0.128963326529749	0.204526166973894	0.241741283151771	0.18208543656579	0.116492645129942	0.278794118749578	0.114079428719592
700023439	0.283264092117905	0.190281937160404	0.151575045239133	0.415651654689714	0.218727474455048	0.0952120732598763	0.270707491445014	0.0950605998810815	0.232750058174768	0	0.142157815743922	0.168496856465706	0.0868911052977231	0.121207903672946	0.149576997049456	0.178290846828483	0.0519827775290948	0.148287257950251	0.212212307973189	0.259599457954098	0.223219591658399	0.193143794414949	0.271689642230818	0.258602189869452	0.300502587593917	0.269548948650091	0.158364380238147	0.296389680177045	0.219851943347342	0.109970771675604	0.110351708794696	0.198771140092548	0.148943290647498	0.0963624747036059	0.302208476272382	0.199070540838304	0.17835207307894	0.114722987244142	0.245883592852813	0.142981418991215	0.185985396072363	0.0972625118895389	0.184835833533627	0.216988259212891	0.116015731525836	0.162432237880012	0.151260272819083	0.0911424284027283	0.106166853809636	0.147801795908331	0.211956008393864	0.265817598033281	0.314234540081772	0.208893628868126	0.365666087360965	0.0711120365261166	0.187198904991002	0.267845006814122	0.153014041952562	0.249815063850712
700016978	0.222439312036273	0.17975239740132	0.166703373645593	0.35955785995378	0.196728129029085	0.134852696138465	0.213001408200479	0.190891678123112	0.185109012141947	0.142157815743922	0	0.173800024396623	0.184023823251223	0.147346850425398	0.241279250100783	0.0902436467315527	0.147400467307656	0.140631409675209	0.165111749411501	0.185717754658139	0.171890546535987	0.11462454058966	0.243305929254228	0.196425036062679	0.188943991171372	0.25102369018391	0.17113721199432	0.274696548229539	0.254314204186201	0.185483063428453	0.11927680382078	0.134555941754746	0.0537335077945326	0.102501277070459	0.250960388734743	0.139056867981915	0.168376687720891	0.201059372698349	0.188660294751102	0.239847334540186	0.144171112142885	0.141492830760106	0.126409002136284	0.147363237919593	0.150952361350496	0.180257965215208	0.133549847878694	0.147715078542186	0.135069881339016	0.15932198637493	0.157880194019536	0.209474434521708	0.252506092433528	0.174130563612774	0.305296530366598	0.137985405180659	0.161223509655808	0.180417084604916	0.164714457485422	0.191229970165148
700024192	0.34758874275648	0.304830696318682	0.0629171418143362	0.459290411145222	0.307483461949759	0.115261966407721	0.299664640374827	0.202443637233235	0.299120113598316	0.168496856465706	0.173800024396623	0	0.190580027816138	0.245720152978963	0.191301806884267	0.194051791646604	0.178067267856953	0.150567537026186	0.247229192103334	0.311329413916212	0.239950034854443	0.12253245539937	0.332853899484917	0.310809458510093	0.283903122536223	0.343156873820748	0.276496089373254	0.382280048237627	0.309348692988382	0.226493664131659	0.143988003966646	0.170297449307237	0.165234274901995	0.168745138227219	0.375939424638037	0.252093056409754	0.252866557199346	0.151921730533586	0.32143990971829	0.240717717398693	0.264238408981206	0.117403642858222	0.248906398959168	0.257448953314896	0.191353658180325	0.230362819471286	0.240396732706367	0.163855585888393	0.182383850191649	0.0799805178076863	0.12372804741553	0.332521510489975	0.367336614851152	0.259572166239384	0.417343216969212	0.168376012544755	0.226603935289829	0.305378838230318	0.10651032856098	0.277988042730388
700113058	0.308939766016764	0.199245309527167	0.181261932763055	0.419289286744825	0.236093027174793	0.148271217498994	0.286740612510896	0.0849003604893757	0.269334739101521	0.0868911052977231	0.184023823251223	0.190580027816138	0	0.147870891080441	0.131027432530201	0.228741550794766	0.0811124617417364	0.213964676750126	0.256121767432218	0.275862555199166	0.259160310512236	0.23440116698875	0.302078421153699	0.298607087537751	0.344201375084943	0.286169092848963	0.178939717500602	0.284125094169672	0.197832431429732	0.10548651657203	0.165087860885786	0.239481532891983	0.190825946947183	0.13147742356555	0.321086977986461	0.232807007008116	0.235026210722948	0.145913648332879	0.268206839700138	0.130352860258659	0.212684088742239	0.102765330790809	0.247758673368621	0.259648250166468	0.108979893205785	0.174775822338512	0.195174301475163	0.0950772039587405	0.165988561830061	0.176658764034925	0.258996807731894	0.284245717887339	0.320884630919166	0.257262650130705	0.396603244183416	0.0844689389294691	0.229428537981832	0.303442734749555	0.178865093329135	0.28966618587387
700099448	0.209879841049994	0.135606578625864	0.224376194739752	0.363968195464977	0.16174006556259	0.151096415072266	0.238926570253569	0.146393903354991	0.20638495163003	0.121207903672946	0.147346850425398	0.245720152978963	0.147870891080441	0	0.208947131363293	0.180366426068926	0.125718047747487	0.186933637059899	0.181692717175601	0.214588177396705	0.224366915120104	0.222040098993358	0.223959822707984	0.200358916607837	0.286117391001066	0.185271660505585	0.0934937811385267	0.259259694938074	0.182625609844828	0.137106814095632	0.150507834548587	0.233193191615934	0.152394828251809	0.124763994980862	0.230221587990159	0.180532631837702	0.165172146306869	0.179982945430577	0.182922557914188	0.206207572341019	0.138599414530916	0.166219533422422	0.152102637760181	0.220587343878758	0.13660343866388	0.158686039566667	0.111676167712334	0.150396897835901	0.106758364445492	0.214088926591496	0.228878670252937	0.204560829452763	0.259263125047806	0.171612879141882	0.294680345069188	0.133714985411972	0.186765755828385	0.243939422640856	0.208963154270111	0.235520082035788
700109870	0.338463752002277	0.264038873197365	0.183245187402884	0.442539990951937	0.281200037778439	0.172967304008922	0.310536329697015	0.135056797074782	0.30830784043241	0.149576997049456	0.241279250100783	0.191301806884267	0.131027432530201	0.208947131363293	0	0.265045738807967	0.14176483248982	0.246602567704834	0.284904415029085	0.321549533254344	0.273634780682001	0.260130687349535	0.310456488360585	0.326280602599447	0.36963402104021	0.318844523665877	0.22816121976112	0.35045259475931	0.243503682412078	0.164371356434959	0.210610117361161	0.26879629043822	0.247924150783357	0.213382442513803	0.354769254707176	0.267793946953843	0.277896472078517	0.133634333413424	0.3012445609822	0.152815604245328	0.271618660395431	0.166830291310425	0.292667601487163	0.293366459616275	0.179589306577091	0.18109718237873	0.238910364820828	0.123405109542095	0.196328836031884	0.185025775857478	0.276661253006688	0.325279224633288	0.351298270371883	0.28386345987009	0.398237946922404	0.151564836304319	0.25628701025508	0.350026291518082	0.190908941064759	0.315935260907352
700033928	0.186966818842575	0.217054043881633	0.180812014361853	0.339437754454431	0.198728052535984	0.158360368470094	0.177907283442471	0.235763841337058	0.147556944684057	0.178290846828483	0.0902436467315527	0.194051791646604	0.228741550794766	0.180366426068926	0.265045738807967	0	0.192189893259671	0.155870824658398	0.124724747557544	0.184427068713158	0.146231634708155	0.115996948209715	0.23002833836135	0.152163842507791	0.172793818610315	0.249006627076005	0.216433019940783	0.303111906028969	0.282422432487451	0.224751702464627	0.138373277231853	0.128138820947783	0.0828711584902282	0.144303191877658	0.241132294871774	0.169589224833204	0.178886386477228	0.215466694098509	0.160531903555728	0.288489018656785	0.133148532713407	0.180367084450488	0.12631369242898	0.157812302249875	0.191284360395669	0.18352032897475	0.126839432127308	0.197624283677805	0.1569128883953	0.160496193606921	0.141327969030491	0.176088121228895	0.232631076824875	0.156517313044891	0.268632855609721	0.180427942374051	0.156920506767467	0.155277737378969	0.167674959433839	0.158131656750016
700023693	0.288483638609692	0.195891814228471	0.16858665478397	0.409761221948784	0.218048549204112	0.122379011189423	0.260361370878198	0.0767342524713497	0.239952783390567	0.0519827775290948	0.147400467307656	0.178067267856953	0.0811124617417364	0.125718047747487	0.14176483248982	0.192189893259671	0	0.177524287888699	0.222473935316804	0.25144829772464	0.22298807727947	0.202041075064757	0.273886546756769	0.26442174619489	0.312345044247173	0.270637410842476	0.164216254193471	0.298599210775513	0.211925667477061	0.115007943529038	0.130781448680137	0.207790731032887	0.153410449905992	0.12082389914841	0.299953091118933	0.194348919163418	0.191171966751241	0.129320987678522	0.244385637262066	0.130762569030302	0.183053228336383	0.11619405788975	0.200142161158988	0.223230682310075	0.105853909036637	0.150667445393229	0.149761070832397	0.0766109982232607	0.125869922397621	0.162528229982282	0.228609929006282	0.266389476073064	0.307112576763307	0.216847516849148	0.370093652869251	0.0806368104839285	0.192512321010184	0.277934493017496	0.166748770918623	0.256294080470792
700109627	0.288205315036373	0.26676939690428	0.132230975560308	0.441863433738069	0.250003712398488	0.0927416542931481	0.301821048658321	0.226222174135644	0.268520901792059	0.148287257950251	0.140631409675209	0.150567537026186	0.213964676750126	0.186933637059899	0.246602567704834	0.155870824658398	0.177524287888699	0	0.226637907450827	0.290334721553882	0.251870548987276	0.152708747548148	0.305146094815757	0.242878484487647	0.264205448260329	0.315482863641553	0.213722529005159	0.353040092729887	0.326094350857616	0.213137427025447	0.10246341100015	0.186015769118058	0.137236896048172	0.142028750980775	0.331929243266033	0.232946043601898	0.15493843229856	0.136914992250327	0.279453154957741	0.270665040900593	0.238687764558788	0.154670586867024	0.176203712249991	0.238674088132904	0.22365396122346	0.239837792171671	0.207219533607667	0.206519750339664	0.128566630912394	0.146854976501348	0.15790087768109	0.298726694535276	0.349831138071341	0.219567790814199	0.34750115478233	0.181593678464301	0.229307662210103	0.278416007985825	0.158285466851595	0.274627492157646
700095416	0.142319654591015	0.19528189448526	0.246610526940038	0.323279691129985	0.173212973595529	0.216595076923864	0.128057388622468	0.25712233471169	0.117272221305412	0.212212307973189	0.165111749411501	0.247229192103334	0.256121767432218	0.181692717175601	0.284904415029085	0.124724747557544	0.222473935316804	0.226637907450827	0	0.162934345924843	0.112218724095791	0.165202096125386	0.179060555677352	0.113540165096032	0.164011287278111	0.214608098391722	0.217721689841026	0.319888759981487	0.264674218149137	0.260157907772796	0.173294890245228	0.15620581045959	0.167954092364548	0.215972347323248	0.20021498646499	0.136362902886247	0.183306303419479	0.224159652254282	0.128261773216756	0.31074011077151	0.116976052952406	0.257843044536267	0.112518254831904	0.14984032580361	0.221160340800624	0.184062459987137	0.113233632967329	0.220477605507387	0.164935923575751	0.222684893566616	0.197909347096439	0.136950016566128	0.205461833354824	0.0793536302765261	0.218818888765598	0.223520372330835	0.132769695269118	0.154236873300754	0.222053823145124	0.125706800610892
700110425	0.118677684278102	0.216376862986928	0.308644791313907	0.203844151712508	0.202240132876162	0.287806591140862	0.0891745758457108	0.28057181596421	0.148357735319101	0.259599457954098	0.185717754658139	0.311329413916212	0.275862555199166	0.214588177396705	0.321549533254344	0.184427068713158	0.25144829772464	0.290334721553882	0.162934345924843	0	0.154574353553716	0.243514730760526	0.138056340024609	0.121387483190999	0.141767008737014	0.226507794180057	0.24438577737787	0.310933534466856	0.276836552285108	0.271041025093628	0.259201142365143	0.239925250041597	0.196152082831936	0.249151492726919	0.203274953998846	0.125005480473198	0.234114691964662	0.305391453327595	0.133270615960769	0.331585018788239	0.128632505080215	0.28181525737686	0.180013245840611	0.149345129379371	0.241248827226032	0.21386205117944	0.169126439397889	0.247263322423488	0.23228167410835	0.294351722067903	0.272260983017256	0.0877365812831871	0.0855907103110903	0.155308933987383	0.170494779093514	0.256396056936894	0.120734422097647	0.104238027961938	0.294168692370618	0.130114304298157
700111580	0.165418952053431	0.237580375525332	0.249600655749894	0.308392279674847	0.218014109087209	0.228279021112754	0.128854082741552	0.26997456128403	0.159970355114811	0.223219591658399	0.171890546535987	0.239950034854443	0.259160310512236	0.224366915120104	0.273634780682001	0.146231634708155	0.22298807727947	0.251870548987276	0.112218724095791	0.154574353553716	0	0.167372160793452	0.180870211664411	0.134683801882178	0.121345297599332	0.265737266253165	0.277421934781772	0.370125201264171	0.253074894831278	0.2820942265067	0.192314483329433	0.158818806039574	0.174943205729919	0.23350774471281	0.258584812895704	0.144176093492078	0.235358431293031	0.224981348255173	0.178894765506768	0.300535158884565	0.154780246244518	0.250589432399559	0.148817658611539	0.162512983744086	0.203186317298969	0.164531736307043	0.157327283614467	0.206124951584158	0.172014234939193	0.213724844338286	0.208319987974737	0.150922689238617	0.207297241279816	0.112478480702244	0.241840264481621	0.228575966646554	0.0914536476242155	0.126631186964549	0.20219893825362	0.115817768841452
700111302	0.263518538159867	0.248459160332037	0.114623487841765	0.400960250847683	0.253859550119836	0.147272603353904	0.228907899219947	0.241546674352535	0.213493951518425	0.193143794414949	0.11462454058966	0.12253245539937	0.23440116698875	0.222040098993358	0.260130687349535	0.115996948209715	0.202041075064757	0.152708747548148	0.165202096125386	0.243514730760526	0.167372160793452	0	0.279508861784622	0.22416736851943	0.178750809484556	0.308319921839156	0.25683051074546	0.3534830518353	0.319654394103332	0.241676428128687	0.138649922458796	0.0790654918299484	0.110773740984606	0.164925969969556	0.303368397340294	0.194166298303099	0.222184005677928	0.197295062236979	0.239844979927044	0.288058662710034	0.209358246903271	0.154632181179132	0.170366159872433	0.188292728089599	0.207266007178589	0.231935959551041	0.1847614760858	0.185683787693526	0.178653587638691	0.0910729056294077	0.0935726982043761	0.251948131736958	0.292247114091184	0.173450431061754	0.337988932346237	0.183941654729547	0.179821607952424	0.222671144382127	0.0999028732378918	0.201368953932289
700098605	0.151938096521354	0.187809382706415	0.32970875830765	0.225925789488986	0.202601015414213	0.280613704122996	0.137812785400389	0.295360879573393	0.187281567464427	0.271689642230818	0.243305929254228	0.332853899484917	0.302078421153699	0.223959822707984	0.310456488360585	0.23002833836135	0.273886546756769	0.305146094815757	0.179060555677352	0.138056340024609	0.180870211664411	0.279508861784622	0	0.14340183164736	0.204418953437947	0.214689699918369	0.231672311606238	0.316538507371867	0.270415130639389	0.309013461419914	0.257232339886582	0.265714925255998	0.246356112264006	0.286493781194131	0.213007212015078	0.163715185309001	0.252349016850417	0.29495864632625	0.15201982499895	0.318790251428223	0.170005775233251	0.320710883070994	0.20991695057938	0.208092961681094	0.283128900261872	0.197112179960792	0.188240724507822	0.271713814510017	0.231071800244126	0.30863794579586	0.29944659466851	0.153199867180135	0.130393481167492	0.158806685468144	0.145476362546913	0.284251048610477	0.171240942801358	0.200821602978745	0.304291647457725	0.157105132253071
700111991	0.0693859563779413	0.22160315694313	0.298292479206611	0.270434247057812	0.185253639836394	0.261737904207266	0.116505809261499	0.305553079531379	0.12765843871693	0.258602189869452	0.196425036062679	0.310809458510093	0.298607087537751	0.200358916607837	0.326280602599447	0.152163842507791	0.26442174619489	0.242878484487647	0.113540165096032	0.121387483190999	0.134683801882178	0.22416736851943	0.14340183164736	0	0.150665832765534	0.215533321376383	0.231480440235407	0.32292420492973	0.302457828729861	0.2925050925916	0.232882530681565	0.219027648519413	0.203701747184981	0.256435823716234	0.201884407368034	0.127675948220342	0.201470571639263	0.269982886519132	0.118170310836229	0.353487983555307	0.127080833168869	0.303264385348259	0.148593825464009	0.158538302497171	0.265170945433732	0.217990903603637	0.155219198409347	0.262413436523044	0.206110844536829	0.279675005278749	0.247980236718383	0.102326991157736	0.167740762880173	0.110184084705221	0.137441933369048	0.271959853427471	0.148929230312571	0.128862802769337	0.279588409727417	0.133041224631049
700108960	0.176981680340727	0.296452315389734	0.274128126097104	0.291307889864099	0.279920858199793	0.270975474713058	0.124893395432177	0.353633877835357	0.169104487604345	0.300502587593917	0.188943991171372	0.283903122536223	0.344201375084943	0.286117391001066	0.36963402104021	0.172793818610315	0.312345044247173	0.264205448260329	0.164011287278111	0.141767008737014	0.121345297599332	0.178750809484556	0.204418953437947	0.150665832765534	0	0.321292485912257	0.325731337633686	0.401982054650741	0.348467719531388	0.340669848882865	0.246104978656385	0.145921366147149	0.198402387905738	0.268390135672156	0.288675129284617	0.155498220625421	0.278211754648077	0.309502749503363	0.201707298718053	0.395716766171062	0.208450131919746	0.293000911239723	0.184368819041122	0.154788004445276	0.29993335624411	0.272477981942325	0.235998161039025	0.302436915885464	0.253237276822635	0.247846035597467	0.220594604283097	0.164491061158171	0.183226259877316	0.157983074868395	0.200596140638463	0.299850464322739	0.156246568163906	0.106950704571387	0.238192588755148	0.108767316243949
700024452	0.183016044026544	0.163345475481168	0.342661602662848	0.275814863345608	0.151858458405339	0.288757635336841	0.242352811321048	0.266788653341036	0.216938135939246	0.269548948650091	0.25102369018391	0.343156873820748	0.286169092848963	0.185271660505585	0.318844523665877	0.249006627076005	0.270637410842476	0.315482863641553	0.214608098391722	0.226507794180057	0.265737266253165	0.308319921839156	0.214689699918369	0.215533321376383	0.321292485912257	0	0.184075793966448	0.232041312163401	0.174800481943498	0.2611590978266	0.277173639038317	0.304452304665723	0.252940710276143	0.251695781928673	0.0862659243178967	0.220474010657256	0.263041658653124	0.299991557694444	0.164723317724891	0.294755961432185	0.160932853346037	0.299612612417014	0.237879716298271	0.266280843624486	0.238562206747074	0.197920986053728	0.175403692348227	0.272745214335134	0.228722635757618	0.330388208311106	0.323829978717297	0.187695537778303	0.225168210921985	0.211880439312937	0.229033079312309	0.266278855160996	0.240616485379895	0.242028762391885	0.322464715145949	0.267926538126121
700032931	0.225942864211311	0.126171679913107	0.249835251854476	0.370917475718158	0.167486481865741	0.190932067483955	0.275004165838916	0.148625878996682	0.226935224220843	0.158364380238147	0.17113721199432	0.276496089373254	0.178939717500602	0.0934937811385267	0.22816121976112	0.216433019940783	0.164216254193471	0.213722529005159	0.217721689841026	0.24438577737787	0.277421934781772	0.25683051074546	0.231672311606238	0.231480440235407	0.325731337633686	0.184075793966448	0	0.220306605820415	0.186852589017706	0.16554734653727	0.193532750052367	0.266500411478365	0.18554530298163	0.148211775803266	0.222386696323081	0.211593343996038	0.172886333088413	0.209282835820085	0.193309633670989	0.203586825532493	0.172225038614228	0.19648900095253	0.194482457704035	0.243508983069244	0.164415391846927	0.181695347410952	0.151706225876775	0.168747559926405	0.157046146301164	0.247917956370834	0.27282786434606	0.237755342639324	0.271629486504311	0.20918622944481	0.288389966607122	0.153554119109038	0.245928483781193	0.281769846541478	0.249553339839774	0.281394858430863
700095837	0.310361280371857	0.205139986463084	0.375364473218862	0.401625131247339	0.258940113320666	0.34426946074784	0.349145369051972	0.285107103685853	0.309185897115654	0.296389680177045	0.274696548229539	0.382280048237627	0.284125094169672	0.259259694938074	0.35045259475931	0.303111906028969	0.298599210775513	0.353040092729887	0.319888759981487	0.310933534466856	0.370125201264171	0.3534830518353	0.316538507371867	0.32292420492973	0.401982054650741	0.232041312163401	0.220306605820415	0	0.200586321903539	0.23773616850315	0.326347839684741	0.368148159592592	0.286971792704899	0.252607817655592	0.235967369198082	0.301500563179354	0.309815227152125	0.368585448387813	0.268785128328805	0.331839916045461	0.253907685710006	0.308837544847194	0.321215367454543	0.31955274563004	0.247359286259884	0.295374936037038	0.262813861328974	0.302379266970233	0.310089951084512	0.369484569855791	0.366012741620069	0.305992216148501	0.326093338850881	0.327124720676312	0.36898531090322	0.285625762192725	0.341797897733198	0.344933576847516	0.372138132742972	0.361653753254782
700024548	0.286786184752647	0.161004922052008	0.321003542258596	0.355384018236775	0.218088161227507	0.265096512467895	0.288060553067879	0.195776544129946	0.300637571990434	0.219851943347342	0.254314204186201	0.309348692988382	0.197832431429732	0.182625609844828	0.243503682412078	0.282422432487451	0.211925667477061	0.326094350857616	0.264674218149137	0.276836552285108	0.253074894831278	0.319654394103332	0.270415130639389	0.302457828729861	0.348467719531388	0.174800481943498	0.186852589017706	0.200586321903539	0	0.182738820458196	0.275100033794284	0.326389743438325	0.259578290389929	0.209965458621492	0.2123371720278	0.245278136881069	0.301681317955371	0.272005444793671	0.253256739814986	0.209110346068619	0.214898216697323	0.238942195862988	0.279380600426711	0.308313977588532	0.150154526748906	0.138454995959167	0.209290997368292	0.203018878348294	0.217919983408923	0.313383447323696	0.326878121192448	0.265109135069256	0.290574398367719	0.258255977217954	0.32719658086165	0.222504961974635	0.239815142732541	0.303345452286987	0.294757729006865	0.308948805062786
700110161	0.309233048147327	0.191995766043118	0.189554273625316	0.410649981052668	0.228331125163334	0.164615104111635	0.302527342966532	0.110755808518094	0.263601735117486	0.109970771675604	0.185483063428453	0.226493664131659	0.10548651657203	0.137106814095632	0.164371356434959	0.224751702464627	0.115007943529038	0.213137427025447	0.260157907772796	0.271041025093628	0.2820942265067	0.241676428128687	0.309013461419914	0.2925050925916	0.340669848882865	0.2611590978266	0.16554734653727	0.23773616850315	0.182738820458196	0	0.179582565971787	0.249288885107386	0.191700613525598	0.111759514269491	0.288056720748776	0.234359144071029	0.219563741415979	0.15677567273016	0.264448833353724	0.184851940529304	0.207617537258494	0.132875734066224	0.236769155779626	0.256242088022358	0.122644232023061	0.210166886499018	0.188858160354849	0.133334843442173	0.16828849274616	0.200090796655622	0.258648434853071	0.278405659804376	0.324043432033188	0.251528763500774	0.390700517336809	0.107654038152292	0.238165167059912	0.296144073393664	0.205641287348747	0.291833478470643
700023496	0.275393482548077	0.212381167281882	0.140796684234356	0.418659044572836	0.223479770728888	0.0756193292906884	0.25034118180693	0.183821470274155	0.228791107455944	0.110351708794696	0.11927680382078	0.143988003966646	0.165087860885786	0.150507834548587	0.210610117361161	0.138373277231853	0.130781448680137	0.10246341100015	0.173294890245228	0.259201142365143	0.192314483329433	0.138649922458796	0.257232339886582	0.232882530681565	0.246104978656385	0.277173639038317	0.193532750052367	0.326347839684741	0.275100033794284	0.179582565971787	0	0.156850866214743	0.130184322777634	0.111140943619351	0.297619618485168	0.198130732354462	0.164732515813321	0.121885817883167	0.245265265583672	0.224081966994266	0.188934509171197	0.14493505394259	0.138848012567147	0.207414117165355	0.161871971056992	0.188404654628755	0.150767221110447	0.148725718891519	0.0970639805968631	0.128738319752604	0.159716344026623	0.263281417773174	0.314248806080434	0.16981523450473	0.349565010333165	0.1309937933306	0.16775796213068	0.251061628737899	0.139300479608631	0.223815769943202
700034628	0.254909080764924	0.251498548528593	0.163368637113756	0.400644977240903	0.260045584875909	0.16335562224162	0.206895924548264	0.246528124196161	0.180283650260753	0.198771140092548	0.134555941754746	0.170297449307237	0.239481532891983	0.233193191615934	0.26879629043822	0.128138820947783	0.207790731032887	0.186015769118058	0.15620581045959	0.239925250041597	0.158818806039574	0.0790654918299484	0.265714925255998	0.219027648519413	0.145921366147149	0.304452304665723	0.266500411478365	0.368148159592592	0.326389743438325	0.249288885107386	0.156850866214743	0	0.134868639257719	0.178825869282502	0.29919110400472	0.162391115488153	0.241394215003137	0.209903973490093	0.228344390648383	0.292059549918036	0.214804116032536	0.173982126757416	0.17261832341373	0.148100520899074	0.216364956143018	0.230480296599619	0.196837341556622	0.198185782525258	0.190086262259327	0.130454739855945	0.154181100387308	0.23995143819512	0.286138012595477	0.178702423070095	0.317569868693152	0.189092296672158	0.179142294177667	0.195689663549492	0.138093487251081	0.155570645796466
700023645	0.229162179082489	0.186198973671251	0.160218294029758	0.358620515650155	0.200476064062089	0.13437265007196	0.218261478867455	0.196739845801166	0.19383372932777	0.148943290647498	0.0537335077945326	0.165234274901995	0.190825946947183	0.152394828251809	0.247924150783357	0.0828711584902282	0.153410449905992	0.137236896048172	0.167954092364548	0.196152082831936	0.174943205729919	0.110773740984606	0.246356112264006	0.203701747184981	0.198402387905738	0.252940710276143	0.18554530298163	0.286971792704899	0.259578290389929	0.191700613525598	0.130184322777634	0.134868639257719	0	0.105993264422815	0.259796443814154	0.152566229000227	0.170142466132489	0.208966319669878	0.187119360619364	0.249086162720801	0.138956808197961	0.129895449063803	0.136218425473338	0.170328428815704	0.150155890606855	0.181023220636749	0.128767355221542	0.157075296971691	0.142260303668674	0.144364665821859	0.134929643650169	0.21382030884258	0.255617718014155	0.183227760855109	0.315016397286639	0.134768935979303	0.167006783643073	0.186811439083093	0.151498059181632	0.196492239176018
700038744	0.276695546959768	0.170753580768916	0.157021743684639	0.400613164840806	0.209296166924703	0.111526653908487	0.276493776101665	0.135754973871354	0.22857511154762	0.0963624747036059	0.102501277070459	0.168745138227219	0.13147742356555	0.124763994980862	0.213382442513803	0.144303191877658	0.12082389914841	0.142028750980775	0.215972347323248	0.249151492726919	0.23350774471281	0.164925969969556	0.286493781194131	0.256435823716234	0.268390135672156	0.251695781928673	0.148211775803266	0.252607817655592	0.209965458621492	0.111759514269491	0.111140943619351	0.178825869282502	0.105993264422815	0	0.275128178483338	0.196104223628969	0.179152709343639	0.171071779195531	0.234306471210006	0.208314055173595	0.174240917805356	0.0906557608020092	0.178665338160985	0.219248275340879	0.0996499268306254	0.191956574585019	0.158929109922373	0.132751948740332	0.132016171559714	0.158245043239339	0.187813093122366	0.254355992215835	0.303018206723111	0.212724364892208	0.363956994758154	0.0951113906612689	0.204600903469982	0.240286252408775	0.167408335722047	0.253121660754495
700038485	0.170731184067736	0.177618199880533	0.358846719033451	0.253944149253423	0.174253267066023	0.327662749797108	0.217497736681591	0.300673553809898	0.189854999322307	0.302208476272382	0.250960388734743	0.375939424638037	0.321086977986461	0.230221587990159	0.354769254707176	0.241132294871774	0.299953091118933	0.331929243266033	0.20021498646499	0.203274953998846	0.258584812895704	0.303368397340294	0.213007212015078	0.201884407368034	0.288675129284617	0.0862659243178967	0.222386696323081	0.235967369198082	0.2123371720278	0.288056720748776	0.297619618485168	0.29919110400472	0.259796443814154	0.275128178483338	0	0.202161145319518	0.28313485828269	0.345403691811441	0.132498766722023	0.328520360721742	0.18008697330899	0.334299037557907	0.231749040614553	0.236206714602345	0.273448547062594	0.228161891310838	0.19798573820768	0.307289744251428	0.275463191092719	0.351906199997033	0.321834827482631	0.155810388981959	0.187455157035583	0.19491632538311	0.211186395078033	0.299616902814971	0.244105184529169	0.206990733087538	0.343748532285849	0.244662909300088
700024743	0.155078275057184	0.181572303443981	0.245997288734194	0.294858434712871	0.196539016455326	0.220045437719985	0.124189004264395	0.228909090845634	0.137990120729833	0.199070540838304	0.139056867981915	0.252093056409754	0.232807007008116	0.180532631837702	0.267793946953843	0.169589224833204	0.194348919163418	0.232946043601898	0.136362902886247	0.125005480473198	0.144176093492078	0.194166298303099	0.163715185309001	0.127675948220342	0.155498220625421	0.220474010657256	0.211593343996038	0.301500563179354	0.245278136881069	0.234359144071029	0.198130732354462	0.162391115488153	0.152566229000227	0.196104223628969	0.202161145319518	0	0.208764514702652	0.245394435160289	0.135131122697225	0.280111176406542	0.1224857468936	0.239055712578378	0.157067094717484	0.0952546908762049	0.20253333291367	0.171254326450533	0.157878309679948	0.191417404642222	0.17349071545531	0.240052093702448	0.230193170765909	0.139508932819699	0.177692187853996	0.114607996726182	0.207478888367503	0.206967855094508	0.130299869290423	0.135445964478426	0.236459590931774	0.106558073668379
