700108602	700014971	700033565	700109389	700023058	700023927	700106341	700114221	700023543	700023439	700016978	700024192	700113058	700099448	700109870	700033928	700023693	700109627	700095416	700110425	700111580	700111302	700098605	700111991	700108960	700024452	700032931	700095837	700024548	700110161	700023496	700034628	700023645	700038744	700038485	700024743	700099596	700110760	700101587	700106399	700032322	700095653	700021312	700101230	700023590	700038905	700033136	700023382	700096424	700105469	700016908	700096053	700108479	700109569	700033814	700016125	700109756	700102665	700101777	700109455
700108602	0	-0.162231463306461	-0.200221906208752	-0.119395459901536	-0.134890890885768	-0.202659476399281	-0.0827527468293499	-0.227200834483112	-0.085075958361959	-0.204678839846886	-0.148299362715782	-0.214846558212039	-0.224636338132607	-0.160912462534415	-0.219883366184663	-0.120679193225021	-0.217339573490635	-0.18465410336312	-0.0945422618700859	-0.08910139192105	-0.111097836726185	-0.14248241251031	-0.0985071301972254	-0.0602911487566957	-0.101063219792252	-0.130554475071411	-0.186033499625907	-0.177572838660222	-0.197783955038587	-0.212855934854155	-0.19014786768781	-0.154622112242697	-0.140207398635733	-0.19018378509643	-0.119344078419817	-0.128498731920981	-0.176290237493858	-0.217736709199388	-0.0903190442429037	-0.247626054664649	-0.100164880538121	-0.210331384387735	-0.155278485741869	-0.130601977750219	-0.19553979784096	-0.166676698188089	-0.14423201267295	-0.203091610621615	-0.17136990206604	-0.188568648181622	-0.143928326020726	-0.0783501958074668	-0.0926350068974551	-0.119136103743531	-0.0920133300166772	-0.201333900887973	-0.133497418110956	-0.0735892837073518	-0.170570982472826	-0.106257656530786
700014971	-0.162231463306461	0	-0.186016645682828	-0.215430636499031	-0.110719022890164	-0.160642477085883	-0.169146080560361	-0.154843749634074	-0.147056961828669	-0.127540742106208	-0.135083300306263	-0.202097348274407	-0.138508111779472	-0.119445096382982	-0.175324200996967	-0.163808146557894	-0.13867975999561	-0.165068264817048	-0.153872125799389	-0.163851008360211	-0.161859252447725	-0.14147349146755	-0.133442607420787	-0.165096624591878	-0.186189933529203	-0.151838409517545	-0.110092359549503	-0.130231124331434	-0.134180222319228	-0.129592343406434	-0.117901297332448	-0.159538887826687	-0.130859570248223	-0.129926676244661	-0.152099526038654	-0.128014744678726	-0.168198619392374	-0.187508175860455	-0.135049808340815	-0.159760976845241	-0.126011595948487	-0.158123064492377	-0.131485326954646	-0.15207845136098	-0.120505074327073	-0.12698330387211	-0.107690488914639	-0.147596970696441	-0.115390361637924	-0.185062280719245	-0.163871047450273	-0.160994533769643	-0.167996316660817	-0.125114289383082	-0.183819530569467	-0.132056035603643	-0.151005149184818	-0.172474003418765	-0.155253601506749	-0.161273653238897
700033565	-0.200221906208752	-0.186016645682828	0	-0.227384506089558	-0.200178033755942	-0.0649431571493339	-0.194069073646455	-0.110950450595298	-0.177427506802503	-0.100025005617372	-0.0913847833397199	-0.0592530477550706	-0.111582893275075	-0.149331859101744	-0.0988198302639209	-0.132570690793507	-0.110687883738459	-0.0975312986533601	-0.164979840666202	-0.174688554867112	-0.16838246032097	-0.097640062986038	-0.18095354380425	-0.177684184392327	-0.17883115258466	-0.208353713191803	-0.152540370379761	-0.179343947896759	-0.172099412132429	-0.116423322651215	-0.110788869959465	-0.128922301662222	-0.11748093663789	-0.0927272221538588	-0.211294556194335	-0.120894806677813	-0.14842096689443	-0.0955054846644834	-0.182025262233865	-0.143499287932084	-0.164431595799851	-0.0746201102186008	-0.157553077273022	-0.150134672904018	-0.126701267542354	-0.13676952141958	-0.148972132059024	-0.097127019634585	-0.121240895457517	-0.0732027131915738	-0.0858332543854752	-0.212150141905826	-0.201838667172676	-0.148992246075016	-0.23525056148211	-0.0966496996967003	-0.14177917691473	-0.202695218329411	-0.0874851360519816	-0.187556300280835
700109389	-0.119395459901536	-0.215430636499031	-0.227384506089558	0	-0.187003196763884	-0.248766092553523	-0.122881494889784	-0.250841365014107	-0.17183694996239	-0.240515208046488	-0.195101131526682	-0.233642155657069	-0.244736167044254	-0.216541840718656	-0.227592049767978	-0.169681657966794	-0.247056384908309	-0.236520723163671	-0.175086179460053	-0.10809575956603	-0.14962103879457	-0.191102078560449	-0.147277292930295	-0.140971589177504	-0.135792735050508	-0.153834023451447	-0.242326172218115	-0.211701703078724	-0.189102726586082	-0.237400324122412	-0.234750284736166	-0.2137433933196	-0.183845617335172	-0.229601516068088	-0.142448826503962	-0.181422494605938	-0.243756854629854	-0.259882336077688	-0.153757492914378	-0.242481390960236	-0.153671885744766	-0.234272503849531	-0.209978406362193	-0.182532598422173	-0.214355161086637	-0.19064414479119	-0.19450643686431	-0.231775942418222	-0.215976068576281	-0.224021323853321	-0.187507616607356	-0.115280074203944	-0.083368007108961	-0.187211277763409	-0.136170872343073	-0.239779759008465	-0.140641619240043	-0.117137886688295	-0.191310628557337	-0.153449513719374
700023058	-0.134890890885768	-0.110719022890164	-0.200178033755942	-0.187003196763884	0	-0.171137300078585	-0.145948170095535	-0.192621351663194	-0.126615863294392	-0.167441998808129	-0.154484323275444	-0.212333282149459	-0.187976122391984	-0.132939781700843	-0.191696182487148	-0.151719062784867	-0.176554708278681	-0.15973815145261	-0.137719812613257	-0.158995300900137	-0.159528453793885	-0.15470257431212	-0.123545517136094	-0.146179602271217	-0.181438994014289	-0.116030484042776	-0.14437522266321	-0.153134107131191	-0.157073206892807	-0.169632200161832	-0.149924089446713	-0.177429944811358	-0.146926212640487	-0.154454444180541	-0.119322866129166	-0.150953338957031	-0.143638153071755	-0.169174238884394	-0.117220410487795	-0.199790330989112	-0.11982393324072	-0.180019371659073	-0.114048769261301	-0.159743483198306	-0.154980395143679	-0.14011786515594	-0.118730848758933	-0.173856792374462	-0.139175493635247	-0.202098588178417	-0.167749260846953	-0.140706056902999	-0.139763477760878	-0.121009855249074	-0.151624677955859	-0.177250222201469	-0.160119457695764	-0.156401855017942	-0.17629734499104	-0.151748827031915
700023927	-0.202659476399281	-0.160642477085883	-0.0649431571493339	-0.248766092553523	-0.171137300078585	0	-0.214054880241516	-0.115700061704283	-0.182699789636647	-0.0815314904560109	-0.112824622675185	-0.0982441936910422	-0.119826584449478	-0.104243080448555	-0.111832981337412	-0.144364412875546	-0.0998386916144612	-0.0675937274572318	-0.165950022200869	-0.195374029860131	-0.181695035104089	-0.127419281866691	-0.165347580389856	-0.185837383932506	-0.202132469688919	-0.196755800598173	-0.121647804934211	-0.185628814964556	-0.173818774573699	-0.100682087411427	-0.0868117918229705	-0.155187475710213	-0.130053128818153	-0.0669642980207305	-0.208337012833469	-0.144864494617806	-0.125709502733565	-0.0649632809065146	-0.189599314764706	-0.144696109508742	-0.161035664964564	-0.0890440876058522	-0.130227252320137	-0.172514347257566	-0.131813677394222	-0.130091154706522	-0.136045196209445	-0.110951294662564	-0.0740649742917622	-0.0964453810544289	-0.115300060605999	-0.223218431578762	-0.218363307736225	-0.132305486987906	-0.22930313986864	-0.105532679018732	-0.14691683937232	-0.21386665803003	-0.104020627019252	-0.195106496916142
700106341	-0.0827527468293499	-0.169146080560361	-0.194069073646455	-0.122881494889784	-0.145948170095535	-0.214054880241516	0	-0.217075632600675	-0.0885738721870532	-0.205860685100611	-0.144339645487338	-0.188901353293873	-0.212724214624152	-0.180462001324556	-0.211113687389883	-0.12063175025456	-0.207244750155417	-0.206622670913467	-0.110548696785349	-0.0847933821819722	-0.0912540106096171	-0.120707994006288	-0.13152108901965	-0.101280255224864	-0.0824401695636057	-0.163807773937413	-0.216402526052979	-0.196846882603725	-0.201398543488719	-0.212656978717777	-0.186224080757395	-0.109483590845153	-0.13736248726579	-0.194857059162002	-0.140425560781796	-0.103263044951338	-0.201440189938226	-0.227175455464065	-0.0989732717125194	-0.241447407815134	-0.115754984300731	-0.192444184232349	-0.152356437382526	-0.0976218422238445	-0.176543941896463	-0.16827086074708	-0.152158373639794	-0.182914143139456	-0.181215232520022	-0.172176596253136	-0.149339973457448	-0.0831625658222155	-0.0971813488339672	-0.123238837229066	-0.130108347773793	-0.193804278347066	-0.119099242600202	-0.0651083164120354	-0.160453973707764	-0.0679370462570998
700114221	-0.227200834483112	-0.154843749634074	-0.110950450595298	-0.250841365014107	-0.192621351663194	-0.115700061704283	-0.217075632600675	0	-0.202482162478585	-0.0765776346489969	-0.146865226749097	-0.122783872835695	-0.0870129858366374	-0.151172272136263	-0.0923972759599887	-0.178143583926716	-0.0651685388331169	-0.151406605626974	-0.20629718061652	-0.208038094805467	-0.192611666975783	-0.155661163396706	-0.194240399729765	-0.211477584192127	-0.233422143854909	-0.217238645077172	-0.130460194883692	-0.168794774054554	-0.146686158425922	-0.106180074545294	-0.111975870589241	-0.176685993178603	-0.142718952770773	-0.108102433147072	-0.23013418426623	-0.156778262415125	-0.17945243783213	-0.123587672448083	-0.19616929045301	-0.0786055267014904	-0.167387217601835	-0.0799030169410619	-0.169243393451629	-0.18280671015344	-0.102764432171081	-0.117442825706545	-0.130089454393526	-0.0658920780996873	-0.122948212121863	-0.126843912315469	-0.154278788233757	-0.22764763840889	-0.221345614470176	-0.162943101344128	-0.260476743356218	-0.0797268751562438	-0.156399498866516	-0.237368169659873	-0.137456848026572	-0.206460650037694
700023543	-0.085075958361959	-0.147056961828669	-0.177427506802503	-0.17183694996239	-0.126615863294392	-0.182699789636647	-0.0885738721870532	-0.202482162478585	0	-0.177184043399537	-0.128747978336139	-0.18805693669499	-0.199517277880303	-0.146255298201126	-0.197488693125727	-0.101352852725899	-0.187825755894797	-0.174206314987127	-0.092836948935091	-0.12584296287114	-0.126777296696742	-0.118104200638894	-0.120828506600631	-0.0973544593127909	-0.126600560097072	-0.130378819461219	-0.166268855522453	-0.156771028931014	-0.208444180965181	-0.185683429994059	-0.160247694897974	-0.107750118579822	-0.129456287141595	-0.163884717338383	-0.123448445030921	-0.115698095316481	-0.163256323279318	-0.199222829605809	-0.0818640271502332	-0.227048468169122	-0.108151742719642	-0.185557500299769	-0.136235134845071	-0.0863955710223387	-0.176061123303454	-0.166566695757193	-0.118445837587293	-0.17675185615633	-0.163035667675154	-0.158841483792877	-0.138049981691644	-0.0957289377555004	-0.116690158762624	-0.11973371841314	-0.123969857002139	-0.17487858795198	-0.147788104641639	-0.0967997802151705	-0.14678619720345	-0.0963450242787577
700023439	-0.204678839846886	-0.127540742106208	-0.100025005617372	-0.240515208046488	-0.167441998808129	-0.0815314904560109	-0.205860685100611	-0.0765776346489969	-0.177184043399537	0	-0.117451437523767	-0.124682384335929	-0.0851728950019357	-0.112028926144338	-0.110865607799357	-0.145995998949384	-0.062365869545455	-0.107794356666103	-0.172482994056283	-0.194560542417468	-0.179393967383859	-0.134502871097155	-0.168243135864746	-0.181702287136895	-0.209393211143281	-0.191031201313178	-0.114227787652476	-0.154915190684957	-0.145718936667105	-0.0818462124776566	-0.0787052500587448	-0.163271597027359	-0.113711586511151	-0.0674910394607973	-0.20369451970943	-0.135607534129889	-0.138736179218406	-0.101390856244812	-0.172792808520414	-0.1055443520454	-0.137063122181958	-0.0770778540984872	-0.138163235967343	-0.168260281065373	-0.103477818644874	-0.110447388665517	-0.109114184992503	-0.0782751595925225	-0.0856066312972251	-0.114342598959214	-0.125158240115507	-0.207069073594095	-0.209712865285371	-0.130746131230268	-0.232043562407718	-0.0797595966062649	-0.148753629443545	-0.204709248705297	-0.112795723916463	-0.190357757591507
700016978	-0.148299362715782	-0.135083300306263	-0.0913847833397199	-0.195101131526682	-0.154484323275444	-0.112824622675185	-0.144339645487338	-0.146865226749097	-0.128747978336139	-0.117451437523767	0	-0.115558074500926	-0.143319050220387	-0.12150681531533	-0.160835163446086	-0.0996213516742941	-0.129754305543769	-0.099422862428182	-0.114368232286363	-0.125195836337198	-0.124138117996402	-0.0603272939325359	-0.145994198312536	-0.122831219031923	-0.123002341174311	-0.172349949020674	-0.146194655987899	-0.154507307793291	-0.173065274448671	-0.134641065538876	-0.0988402402222742	-0.0982816967645501	-0.0781885554603879	-0.103110778893304	-0.16822354458783	-0.0850686617701649	-0.135825274046289	-0.142125623691603	-0.125280996805821	-0.175717516759415	-0.112635735046948	-0.120847940819566	-0.108501840717415	-0.112421307388174	-0.119767373649414	-0.131198480583766	-0.112419880879651	-0.117524774986301	-0.10827536214764	-0.10280171432043	-0.0729478509746963	-0.155982749360348	-0.155485930361124	-0.0979936359651686	-0.17868159164172	-0.111752653556386	-0.116135120757225	-0.147318711425209	-0.0917435320730937	-0.139383339680595
700024192	-0.214846558212039	-0.202097348274407	-0.0592530477550706	-0.233642155657069	-0.212333282149459	-0.0982441936910422	-0.188901353293873	-0.122783872835695	-0.18805693669499	-0.124682384335929	-0.115558074500926	0	-0.121834224574985	-0.173767112829861	-0.0998145465251748	-0.138708921401896	-0.1248996289445	-0.12520669484897	-0.174633913154967	-0.181878850395348	-0.163491993020817	-0.0995140755756628	-0.194403009052959	-0.19715037900351	-0.181362531697466	-0.223027362467163	-0.17674106148837	-0.195459377452448	-0.178033825525318	-0.141806355274133	-0.126384707905508	-0.121756579447127	-0.124380146054636	-0.110736555728676	-0.232837201040173	-0.136570613048889	-0.171223779292922	-0.110653813981428	-0.203081205786144	-0.14716861286241	-0.176403992652072	-0.0771795136910911	-0.176381542614511	-0.150556961334072	-0.11910213938928	-0.151698603105042	-0.164019159391422	-0.0948002691350958	-0.144125216227994	-0.0829153212120237	-0.100052672211791	-0.22422326304414	-0.213685105170092	-0.159263472313203	-0.256334745199357	-0.105458292051228	-0.133772525411833	-0.212047011214467	-0.0990515690981756	-0.189879217519781
700113058	-0.224636338132607	-0.138508111779472	-0.111582893275075	-0.244736167044254	-0.187976122391984	-0.119826584449478	-0.212724214624152	-0.0870129858366374	-0.199517277880303	-0.0851728950019357	-0.143319050220387	-0.121834224574985	0	-0.146070532177107	-0.107876006300222	-0.169244164239572	-0.0969339483110079	-0.153414546132551	-0.202512434554386	-0.19848920059992	-0.199389739426254	-0.151276633322127	-0.195581326378306	-0.208267093156372	-0.223195458824495	-0.209887330108095	-0.116298100389606	-0.134910620969513	-0.133715619110665	-0.0782528620278098	-0.110149938053597	-0.167302063081122	-0.138769247645882	-0.102034464005738	-0.227427518023707	-0.159997519050521	-0.178790750528851	-0.139747785188457	-0.196806859483215	-0.103583162969778	-0.167697481589078	-0.0749804929561131	-0.169384236009593	-0.175281682138733	-0.088792811854704	-0.132606541217919	-0.148733031858111	-0.0837917892975547	-0.120670187237799	-0.118065672771769	-0.150868738144917	-0.21626010605973	-0.220479527022857	-0.176044306515494	-0.264085936932335	-0.0778308877603203	-0.159993841297849	-0.228807471538481	-0.135563944430226	-0.197078370011227
700099448	-0.160912462534415	-0.119445096382982	-0.149331859101744	-0.216541840718656	-0.132939781700843	-0.104243080448555	-0.180462001324556	-0.151172272136263	-0.146255298201126	-0.112028926144338	-0.12150681531533	-0.173767112829861	-0.146070532177107	0	-0.16257885097129	-0.137608098573213	-0.124400365720482	-0.105418176593191	-0.136278382832917	-0.162214979652527	-0.160405704854846	-0.138229464937672	-0.126230719936933	-0.149801891436248	-0.184955975122386	-0.146620629722424	-0.10426533156506	-0.16184153329148	-0.157563670727817	-0.112413192934205	-0.0995626593587005	-0.171594657302018	-0.113590290962758	-0.0962398170025861	-0.163048843999265	-0.135515238035681	-0.121093812249748	-0.13325076736983	-0.142711268856325	-0.176214547018556	-0.129563865675295	-0.141131590416445	-0.103424876256686	-0.172550186558015	-0.125270196182339	-0.126293478683544	-0.100239242958506	-0.13356776963063	-0.0672376420421952	-0.150493526195518	-0.134017877709958	-0.16934298605391	-0.183546984530904	-0.118822479719866	-0.179415844592963	-0.130945481932342	-0.133661105013352	-0.171764443868057	-0.126603450550501	-0.169651476210556
700109870	-0.219883366184663	-0.175324200996967	-0.0988198302639209	-0.227592049767978	-0.191696182487148	-0.111832981337412	-0.211113687389883	-0.0923972759599887	-0.197488693125727	-0.110865607799357	-0.160835163446086	-0.0998145465251748	-0.107876006300222	-0.16257885097129	0	-0.173908425112706	-0.0989707665783417	-0.157598884021023	-0.205754329000883	-0.197587920119129	-0.176464026056904	-0.158314647725672	-0.178363595863268	-0.213517350066367	-0.220231391879806	-0.211272538885056	-0.154088504263539	-0.180338619691416	-0.140557578126457	-0.111044437423304	-0.136602147207204	-0.169671544618489	-0.15544255234943	-0.121624750981579	-0.229056811678698	-0.164776326890468	-0.187265992039927	-0.110325706531022	-0.204502558821918	-0.0973315659580393	-0.184325356027754	-0.0785197982076167	-0.193369620497537	-0.175661536009431	-0.115877375609226	-0.116099875856534	-0.154229353668236	-0.0900570396925764	-0.128605715097807	-0.115299073900155	-0.150192686922061	-0.222507892882611	-0.204416139360011	-0.168910182656975	-0.251960209308408	-0.0972377331271453	-0.137467867258214	-0.231508591117674	-0.127245387085734	-0.201232258440292
700033928	-0.120679193225021	-0.163808146557894	-0.132570690793507	-0.169681657966794	-0.151719062784867	-0.144364412875546	-0.12063175025456	-0.178143583926716	-0.101352852725899	-0.145995998949384	-0.0996213516742941	-0.138708921401896	-0.169244164239572	-0.137608098573213	-0.173908425112706	0	-0.161682762417929	-0.139804657156287	-0.0980013761622604	-0.128207054166584	-0.117343575620084	-0.0927678180099133	-0.12503270545343	-0.0933869908543826	-0.133827480908587	-0.156261561014663	-0.156354070322457	-0.14740911652356	-0.191686164219287	-0.160155221486125	-0.120998904795391	-0.121805616095739	-0.0869942363805101	-0.131806433154289	-0.155542324926681	-0.124568494189696	-0.140071776155566	-0.168827658656588	-0.115380046416434	-0.204757893940502	-0.0903483071083646	-0.138892634108834	-0.130240294784716	-0.113298831142475	-0.143388772760067	-0.144245764019853	-0.108294922906732	-0.148961735580669	-0.140242090717834	-0.116435226030974	-0.0909344027377507	-0.127033083387005	-0.137591484898918	-0.114585708288706	-0.163929191520039	-0.134708075168897	-0.128483454094646	-0.117844951698162	-0.112418982212005	-0.115342794716867
700023693	-0.217339573490635	-0.13867975999561	-0.110687883738459	-0.247056384908309	-0.176554708278681	-0.0998386916144612	-0.207244750155417	-0.0651685388331169	-0.187825755894797	-0.062365869545455	-0.129754305543769	-0.1248996289445	-0.0969339483110079	-0.124400365720482	-0.0989707665783417	-0.161682762417929	0	-0.127074347209083	-0.187386357725789	-0.197774540454966	-0.174736059660861	-0.144377121372347	-0.176890964954376	-0.198511218467334	-0.220966488331378	-0.206284193209979	-0.129952196457029	-0.163965050789066	-0.136963543467248	-0.0957232870181879	-0.0888174150097775	-0.167235422991613	-0.127309173569976	-0.0927267171055632	-0.216753642121276	-0.145130818597999	-0.160225868830398	-0.119319259773967	-0.182772870491808	-0.0895065328622551	-0.149513649492506	-0.0844725785112599	-0.1520548397429	-0.177552385470035	-0.0924898106455167	-0.102494118322644	-0.114198898689099	-0.0727601190102263	-0.100927527496992	-0.129805499088228	-0.138954710990056	-0.215449521000216	-0.214382161707081	-0.140589746571466	-0.245671726539092	-0.0827419670616414	-0.14113578673489	-0.21839493760225	-0.130365350435271	-0.19428500473817
700109627	-0.18465410336312	-0.165068264817048	-0.0975312986533601	-0.236520723163671	-0.15973815145261	-0.0675937274572318	-0.206622670913467	-0.151406605626974	-0.174206314987127	-0.107794356666103	-0.099422862428182	-0.12520669484897	-0.153414546132551	-0.105418176593191	-0.157598884021023	-0.139804657156287	-0.127074347209083	0	-0.157321917130092	-0.18271142599422	-0.185596222839483	-0.124080499735122	-0.169325105586761	-0.166680810483996	-0.186826974389975	-0.194344939453419	-0.128069329445856	-0.180417149333501	-0.197798053598656	-0.122670038354541	-0.0903520655234329	-0.15452454337515	-0.125682976135356	-0.0874731973812585	-0.194460390565152	-0.14893958696752	-0.100560163470527	-0.0962949009751382	-0.176880461211598	-0.179434781015655	-0.158796948013359	-0.124984657482896	-0.118032812307752	-0.164939426190209	-0.146893418051866	-0.154618955257339	-0.137716655249644	-0.137835908341292	-0.0899393303732725	-0.124187552592763	-0.104161513871008	-0.213660188122027	-0.210403149373934	-0.133439618408788	-0.207744436070948	-0.129941665415947	-0.15727282404941	-0.199993198047937	-0.120904336641552	-0.196513759041854
700095416	-0.0945422618700859	-0.153872125799389	-0.164979840666202	-0.175086179460053	-0.137719812613257	-0.165950022200869	-0.110548696785349	-0.20629718061652	-0.092836948935091	-0.172482994056283	-0.114368232286363	-0.174633913154967	-0.202512434554386	-0.136278382832917	-0.205754329000883	-0.0980013761622604	-0.187386357725789	-0.157321917130092	0	-0.114599541671764	-0.101032987420638	-0.110600723321706	-0.110687871850493	-0.077847546821546	-0.118020051704386	-0.136164751112805	-0.164294264453734	-0.174697245087829	-0.194167440048414	-0.188534006722767	-0.150386046994056	-0.124828615204569	-0.105559175860641	-0.162251315028028	-0.128865466984684	-0.10900604366931	-0.142089372566673	-0.179238323211431	-0.102600972422217	-0.232674927421213	-0.0827125905701361	-0.184386654920113	-0.109613156235864	-0.125677385931213	-0.167443153368635	-0.150408068530749	-0.110303260747405	-0.176642392054448	-0.145770368350954	-0.154833858101404	-0.115909670129201	-0.125162493939596	-0.132980142761291	-0.0840443133543222	-0.12499409187191	-0.171344714317796	-0.128945598367045	-0.111335297275932	-0.144949947120474	-0.120605181755268
700110425	-0.08910139192105	-0.163851008360211	-0.174688554867112	-0.10809575956603	-0.158995300900137	-0.195374029860131	-0.0847933821819722	-0.208038094805467	-0.12584296287114	-0.194560542417468	-0.125195836337198	-0.181878850395348	-0.19848920059992	-0.162214979652527	-0.197587920119129	-0.128207054166584	-0.197774540454966	-0.18271142599422	-0.114599541671764	0	-0.0898164383499957	-0.11339268747828	-0.102765790757046	-0.0972825320623372	-0.0697433938793729	-0.17006900491458	-0.195971841117628	-0.17692464202189	-0.184475993888563	-0.188231287114186	-0.178035796578299	-0.143197651124098	-0.126169599913734	-0.181343376686056	-0.150621497949801	-0.1074490188891	-0.180724936119857	-0.214882106394102	-0.112482876677456	-0.231347779781168	-0.113836813301285	-0.18017894917237	-0.151156527712803	-0.108826899282429	-0.161859076054179	-0.157990936032307	-0.145022459653571	-0.176428499336224	-0.161997194074597	-0.171687931189031	-0.131684657682117	-0.0902987463123198	-0.073669058402228	-0.118330460288551	-0.134702959015077	-0.183046024847558	-0.0825311934346006	-0.0846011327083979	-0.145898739097508	-0.0976651791584323
700111580	-0.111097836726185	-0.161859252447725	-0.16838246032097	-0.14962103879457	-0.159528453793885	-0.181695035104089	-0.0912540106096171	-0.192611666975783	-0.126777296696742	-0.179393967383859	-0.124138117996402	-0.163491993020817	-0.199389739426254	-0.160405704854846	-0.176464026056904	-0.117343575620084	-0.174736059660861	-0.185596222839483	-0.101032987420638	-0.0898164383499957	0	-0.102362421661553	-0.114378203766639	-0.104894045883528	-0.0763377332479873	-0.176604042666061	-0.196394021760134	-0.198849691743199	-0.165553633252055	-0.195276961159483	-0.161142674114129	-0.122409228786049	-0.122957099534199	-0.175163574293042	-0.164463411599247	-0.0991942034770088	-0.187659776305496	-0.184726442652055	-0.128449875254039	-0.211958558624647	-0.107953204292802	-0.168422732997624	-0.15168928022975	-0.121069246302219	-0.141060267932345	-0.135213361590998	-0.132741547812681	-0.160772389178325	-0.150228679436063	-0.143191985471743	-0.12040384621988	-0.109591636215255	-0.116663866296125	-0.0981884066194925	-0.145095382957207	-0.163695139546794	-0.0798242540513169	-0.0890237624649447	-0.121910768833938	-0.0977045443733906
700111302	-0.14248241251031	-0.14147349146755	-0.097640062986038	-0.191102078560449	-0.15470257431212	-0.127419281866691	-0.120707994006288	-0.155661163396706	-0.118104200638894	-0.134502871097155	-0.0603272939325359	-0.0995140755756628	-0.151276633322127	-0.138229464937672	-0.158314647725672	-0.0927678180099133	-0.144377121372347	-0.124080499735122	-0.110600723321706	-0.11339268747828	-0.102362421661553	0	-0.141421847899794	-0.1262875985275	-0.111221797904443	-0.186216868263982	-0.164938610328942	-0.169047066305767	-0.179708089646595	-0.154287917403131	-0.113759183307037	-0.0738569064449597	-0.0730034934302283	-0.117321189629165	-0.176574141712979	-0.0765573744411324	-0.147397330588589	-0.150330503642394	-0.131291168785418	-0.183454909222209	-0.122846663962019	-0.117022425501494	-0.116734928414562	-0.102314740062088	-0.121526565879213	-0.145550964643683	-0.121266531657812	-0.115058194496569	-0.126193933666851	-0.088627582872986	-0.0695389251567929	-0.149441541631675	-0.153462208319004	-0.103313326651358	-0.185437598539366	-0.122339756103647	-0.109211056084248	-0.139340478570772	-0.0802814471767979	-0.121721279203509
700098605	-0.0985071301972254	-0.133442607420787	-0.18095354380425	-0.147277292930295	-0.123545517136094	-0.165347580389856	-0.13152108901965	-0.194240399729765	-0.120828506600631	-0.168243135864746	-0.145994198312536	-0.194403009052959	-0.195581326378306	-0.126230719936933	-0.178363595863268	-0.12503270545343	-0.176890964954376	-0.169325105586761	-0.110687871850493	-0.102765790757046	-0.114378203766639	-0.141421847899794	0	-0.110428651578207	-0.144139391488257	-0.132473933934595	-0.153330877229148	-0.15433804188491	-0.164304084253911	-0.170499000914964	-0.155344833708386	-0.166346299656013	-0.136312343729407	-0.159025722052189	-0.126009020288611	-0.129072331437349	-0.160256156881898	-0.178901419921794	-0.10770449810504	-0.198134982674581	-0.106286458137686	-0.179887032673912	-0.140301653405768	-0.141176152182787	-0.171136563501825	-0.133279431459444	-0.121979306082116	-0.173130868851517	-0.135666883106529	-0.175282977341059	-0.149057260967209	-0.119881457609179	-0.108081505867831	-0.103600503992895	-0.115089754298129	-0.171117997929427	-0.122302299162808	-0.131991361587236	-0.154905786160888	-0.115000373712873
700111991	-0.0602911487566957	-0.165096624591878	-0.177684184392327	-0.140971589177504	-0.146179602271217	-0.185837383932506	-0.101280255224864	-0.211477584192127	-0.0973544593127909	-0.181702287136895	-0.122831219031923	-0.19715037900351	-0.208267093156372	-0.149801891436248	-0.213517350066367	-0.0933869908543826	-0.198511218467334	-0.166680810483996	-0.077847546821546	-0.0972825320623372	-0.104894045883528	-0.1262875985275	-0.110428651578207	0	-0.108656189247818	-0.126777161923072	-0.171167917604929	-0.16878093823804	-0.191457660612625	-0.202531899613261	-0.167577666671425	-0.156344247157461	-0.120230229167471	-0.17340357417767	-0.113934087595215	-0.119779876260376	-0.157462393483578	-0.200592195808395	-0.094273558392632	-0.237518175866649	-0.0784760688829956	-0.195994481067378	-0.136381060359792	-0.130223784081914	-0.178332348110394	-0.159871919849725	-0.119080317580599	-0.182994751369412	-0.159319968992636	-0.169577281164612	-0.125355529970657	-0.104083607036258	-0.113578899539848	-0.098723826966867	-0.103334958681294	-0.179702651725877	-0.128530720392052	-0.0946499059932554	-0.156133747305084	-0.116287532418647
700108960	-0.101063219792252	-0.186189933529203	-0.17883115258466	-0.135792735050508	-0.181438994014289	-0.202132469688919	-0.0824401695636057	-0.233422143854909	-0.126600560097072	-0.209393211143281	-0.123002341174311	-0.181362531697466	-0.223195458824495	-0.184955975122386	-0.220231391879806	-0.133827480908587	-0.220966488331378	-0.186826974389975	-0.118020051704386	-0.0697433938793729	-0.0763377332479873	-0.111221797904443	-0.144139391488257	-0.108656189247818	0	-0.199496141313741	-0.225442354440149	-0.212918476200935	-0.208466952747066	-0.214650368940387	-0.189527099486743	-0.115109353517524	-0.139707148088655	-0.195807093281236	-0.169770794593203	-0.111163635173927	-0.197043218393305	-0.215858021238235	-0.123447092312722	-0.255387017441059	-0.138923264857592	-0.19290319377785	-0.169429197918192	-0.108800449943819	-0.181763272470352	-0.18868304937575	-0.172233265216562	-0.198298311896517	-0.180021583759261	-0.154111042955275	-0.127375909636335	-0.107546493512213	-0.103800394120531	-0.123430911457096	-0.132627540090309	-0.201094826947303	-0.102320952815579	-0.0734211050246486	-0.139876479754627	-0.0933759642943524
700024452	-0.130554475071411	-0.151838409517545	-0.208353713191803	-0.153834023451447	-0.116030484042776	-0.196755800598173	-0.163807773937413	-0.217238645077172	-0.130378819461219	-0.191031201313178	-0.172349949020674	-0.223027362467163	-0.209887330108095	-0.146620629722424	-0.211272538885056	-0.156261561014663	-0.206284193209979	-0.194344939453419	-0.136164751112805	-0.17006900491458	-0.176604042666061	-0.186216868263982	-0.132473933934595	-0.126777161923072	-0.199496141313741	0	-0.161597634461826	-0.150307760934433	-0.143988751217255	-0.188712088395941	-0.192396511414641	-0.205508482517076	-0.161058335590298	-0.181199411453336	-0.0728352394940081	-0.162317355281447	-0.186697486836704	-0.204148645871675	-0.113756540362083	-0.215942138801904	-0.119511730147284	-0.215045575582571	-0.157879165097084	-0.184155853843523	-0.188912223650392	-0.144748262298079	-0.127326028416014	-0.209581609090793	-0.167296564000678	-0.214497251387421	-0.186973389293858	-0.126125375268641	-0.135328771140853	-0.15143764285993	-0.126163601113183	-0.203029592375205	-0.161837296323065	-0.163501206521641	-0.177458904932392	-0.176912001547935
700032931	-0.186033499625907	-0.110092359549503	-0.152540370379761	-0.242326172218115	-0.14437522266321	-0.121647804934211	-0.216402526052979	-0.130460194883692	-0.166268855522453	-0.114227787652476	-0.146194655987899	-0.17674106148837	-0.116298100389606	-0.10426533156506	-0.154088504263539	-0.156354070322457	-0.129952196457029	-0.128069329445856	-0.164294264453734	-0.195971841117628	-0.196394021760134	-0.164938610328942	-0.153330877229148	-0.171167917604929	-0.225442354440149	-0.161597634461826	0	-0.125773357352938	-0.150750841769582	-0.107339662131179	-0.102827306593538	-0.188762101425622	-0.143269568655576	-0.107263541827336	-0.178865392863292	-0.167315558669425	-0.138341749456611	-0.149038717709506	-0.171796051008137	-0.147840896550198	-0.146050486380566	-0.13415842046603	-0.126003379949888	-0.183658567696624	-0.113788129125506	-0.131769501126602	-0.109537702069386	-0.124106197709921	-0.0979318576192301	-0.160741850638985	-0.158730810202803	-0.202418962304143	-0.204644799250905	-0.144042646822214	-0.206551875283624	-0.123311471901327	-0.168540024219285	-0.215119819131431	-0.149640860258828	-0.200513355520568
700095837	-0.177572838660222	-0.130231124331434	-0.179343947896759	-0.211701703078724	-0.153134107131191	-0.185628814964556	-0.196846882603725	-0.168794774054554	-0.156771028931014	-0.154915190684957	-0.154507307793291	-0.195459377452448	-0.134910620969513	-0.16184153329148	-0.180338619691416	-0.14740911652356	-0.163965050789066	-0.180417149333501	-0.174697245087829	-0.17692464202189	-0.198849691743199	-0.169047066305767	-0.15433804188491	-0.16878093823804	-0.212918476200935	-0.150307760934433	-0.125773357352938	0	-0.127326100070263	-0.129385726706321	-0.152892532528383	-0.189243111798132	-0.142731772465383	-0.143569101194783	-0.163151763308406	-0.168871977523428	-0.172767564118744	-0.212402532217704	-0.149743963972212	-0.171517447653725	-0.149352191826046	-0.160984098862555	-0.154605051398369	-0.163787851475597	-0.138050036750897	-0.142823199396624	-0.127946522360656	-0.158913676669754	-0.159654286625307	-0.187513692873211	-0.16542376907725	-0.17509409867662	-0.172683326051293	-0.17157273669663	-0.198688412217177	-0.153339101070396	-0.178689456636875	-0.195231860701591	-0.166309146200681	-0.187460545295203
700024548	-0.197783955038587	-0.134180222319228	-0.172099412132429	-0.189102726586082	-0.157073206892807	-0.173818774573699	-0.201398543488719	-0.146686158425922	-0.208444180965181	-0.145718936667105	-0.173065274448671	-0.178033825525318	-0.133715619110665	-0.157563670727817	-0.140557578126457	-0.191686164219287	-0.136963543467248	-0.197798053598656	-0.194167440048414	-0.184475993888563	-0.165553633252055	-0.179708089646595	-0.164304084253911	-0.191457660612625	-0.208466952747066	-0.143988751217255	-0.150750841769582	-0.127326100070263	0	-0.136260803336536	-0.160960471087926	-0.214824628515064	-0.152981134291107	-0.147550842930157	-0.163496629502963	-0.162482825479713	-0.206593984327761	-0.188234989480673	-0.176698946991207	-0.125496067933762	-0.159907996331632	-0.142090432094106	-0.180435213354778	-0.21011208585211	-0.107899997114415	-0.0971352357007851	-0.144121181034458	-0.143090073766277	-0.144094223654554	-0.192052148907618	-0.178001550726875	-0.189797129814198	-0.170709796700103	-0.152460561119521	-0.202209720782803	-0.152632369197593	-0.13180231757859	-0.207960622480181	-0.165386771217053	-0.210032790986792
700110161	-0.212855934854155	-0.129592343406434	-0.116423322651215	-0.237400324122412	-0.169632200161832	-0.100682087411427	-0.212656978717777	-0.106180074545294	-0.185683429994059	-0.0818462124776566	-0.134641065538876	-0.141806355274133	-0.0782528620278098	-0.112413192934205	-0.111044437423304	-0.160155221486125	-0.0957232870181879	-0.122670038354541	-0.188534006722767	-0.188231287114186	-0.195276961159483	-0.154287917403131	-0.170499000914964	-0.202531899613261	-0.214650368940387	-0.188712088395941	-0.107339662131179	-0.129385726706321	-0.136260803336536	0	-0.0968480957180963	-0.17317767845002	-0.139091257186875	-0.0844637036619218	-0.204217340863862	-0.159009453081161	-0.154698593682098	-0.114979500527365	-0.186504375796511	-0.11624773695991	-0.163530828085391	-0.0907409401296481	-0.145729050824443	-0.172882405879688	-0.104545612162571	-0.131760715946075	-0.132268173747608	-0.0995450818588471	-0.091186043985719	-0.12474620124372	-0.147931729154022	-0.204215788356387	-0.208784736563941	-0.152652053998849	-0.238931649673753	-0.102531983792591	-0.150688226489042	-0.21126950797073	-0.124916808050242	-0.193462650643092
700023496	-0.19014786768781	-0.117901297332448	-0.110788869959465	-0.234750284736166	-0.149924089446713	-0.0868117918229705	-0.186224080757395	-0.111975870589241	-0.160247694897974	-0.0787052500587448	-0.0988402402222742	-0.126384707905508	-0.110149938053597	-0.0995626593587005	-0.136602147207204	-0.120998904795391	-0.0888174150097775	-0.0903520655234329	-0.150386046994056	-0.178035796578299	-0.161142674114129	-0.113759183307037	-0.155344833708386	-0.167577666671425	-0.189527099486743	-0.192396511414641	-0.102827306593538	-0.152892532528383	-0.160960471087926	-0.0968480957180963	0	-0.141666911263221	-0.0943267920935246	-0.0669243258513218	-0.193324255963617	-0.134703423977927	-0.12038712210037	-0.117941102478488	-0.166503101771838	-0.141509063145954	-0.122907238854976	-0.0867301490165491	-0.101941563998261	-0.149825114937909	-0.0920067738464868	-0.12231980786941	-0.102569758503427	-0.0885368302881766	-0.0774019099751509	-0.114333022540531	-0.107099951195467	-0.195087699381367	-0.200058117403148	-0.111447533908747	-0.2278094580461	-0.0826418381882048	-0.137432897958874	-0.19116883113875	-0.1282890227993	-0.178680223605784
700034628	-0.154622112242697	-0.159538887826687	-0.128922301662222	-0.2137433933196	-0.177429944811358	-0.155187475710213	-0.109483590845153	-0.176685993178603	-0.107750118579822	-0.163271597027359	-0.0982816967645501	-0.121756579447127	-0.167302063081122	-0.171594657302018	-0.169671544618489	-0.121805616095739	-0.167235422991613	-0.15452454337515	-0.124828615204569	-0.143197651124098	-0.122409228786049	-0.0738569064449597	-0.166346299656013	-0.156344247157461	-0.115109353517524	-0.205508482517076	-0.188762101425622	-0.189243111798132	-0.214824628515064	-0.17317767845002	-0.141666911263221	0	-0.117424213237782	-0.145576349556339	-0.199728919793622	-0.0827582258437913	-0.179008900073861	-0.166346261801828	-0.150199182573806	-0.2030599400675	-0.15400811382287	-0.135867277476058	-0.150667572919781	-0.0871963167913814	-0.154081609928456	-0.176749129527911	-0.15290800344487	-0.135810334164782	-0.16018605986247	-0.091090057961368	-0.119288505382941	-0.155511342451748	-0.167336848622274	-0.136295184974693	-0.199154585686303	-0.136996895255778	-0.135956295713253	-0.137637349560333	-0.109800029464695	-0.0998213973590372
700023645	-0.140207398635733	-0.130859570248223	-0.11748093663789	-0.183845617335172	-0.146926212640487	-0.130053128818153	-0.13736248726579	-0.142718952770773	-0.129456287141595	-0.113711586511151	-0.0781885554603879	-0.124380146054636	-0.138769247645882	-0.113590290962758	-0.15544255234943	-0.0869942363805101	-0.127309173569976	-0.125682976135356	-0.105559175860641	-0.126169599913734	-0.122957099534199	-0.0730034934302283	-0.136312343729407	-0.120230229167471	-0.139707148088655	-0.161058335590298	-0.143269568655576	-0.142731772465383	-0.152981134291107	-0.139091257186875	-0.0943267920935246	-0.117424213237782	0	-0.10107433473351	-0.160158667150929	-0.0872633422676532	-0.129994267953466	-0.160575091502638	-0.126868217256078	-0.169319458763487	-0.106421703206399	-0.115292214379832	-0.106144660820204	-0.121114882912749	-0.106204965613826	-0.111394167424449	-0.093306719094861	-0.110822674738016	-0.109963875099083	-0.118223081683466	-0.0820843101615254	-0.145519673263806	-0.155084655025577	-0.104167336033703	-0.18357991530924	-0.0993836935230938	-0.104613700279464	-0.142791615816847	-0.0957539997637396	-0.139815527573169
700038744	-0.19018378509643	-0.129926676244661	-0.0927272221538588	-0.229601516068088	-0.154454444180541	-0.0669642980207305	-0.194857059162002	-0.108102433147072	-0.163884717338383	-0.0674910394607973	-0.103110778893304	-0.110736555728676	-0.102034464005738	-0.0962398170025861	-0.121624750981579	-0.131806433154289	-0.0927267171055632	-0.0874731973812585	-0.162251315028028	-0.181343376686056	-0.175163574293042	-0.117321189629165	-0.159025722052189	-0.17340357417767	-0.195807093281236	-0.181199411453336	-0.107263541827336	-0.143569101194783	-0.147550842930157	-0.0844637036619218	-0.0669243258513218	-0.145576349556339	-0.10107433473351	0	-0.197135996193365	-0.131698748303586	-0.119042204773558	-0.0971192522008789	-0.169578549090569	-0.131184890881932	-0.139886169369181	-0.0825673324845995	-0.115730938152547	-0.158010225043188	-0.0996856492863921	-0.114399708423928	-0.116427751113617	-0.0873909061986218	-0.0709724808929853	-0.107895310488561	-0.111143861353856	-0.205016128682181	-0.204632738838698	-0.124896878903839	-0.225198825466057	-0.0868151293747477	-0.142949339703784	-0.196981932629752	-0.100277556659245	-0.184299722878589
