700108602	700014971	700033565	700109389	700023058	700023927	700106341	700114221	700023543	700023439	700016978	700024192	700113058	700099448	700109870	700033928	700023693	700109627	700095416	700110425	700111580	700111302	700098605	700111991	700108960	700024452	700032931	700095837	700024548	700110161	700023496	700034628	700023645	700038744	700038485	700024743	700099596	700110760	700101587	700106399	700032322	700095653	700021312	700101230	700023590	700038905	700033136	700023382	700096424	700105469	700016908	700096053	700108479	700109569	700033814	700016125	700109756	700102665	700101777	700109455
700108602	0	-0.157272171813748	-0.198433737072778	-0.127497590521457	-0.132466548581728	-0.199692354229446	-0.0841216327227244	-0.225230787472809	-0.100699265628602	-0.207953029631561	-0.144349056147883	-0.208258974475793	-0.222307387234932	-0.160510213403704	-0.207787165190804	-0.131586988019804	-0.21002253330752	-0.191808525603372	-0.0928399322957766	-0.088682605850545	-0.114082885661286	-0.14024065597149	-0.102781268583201	-0.0678720655906997	-0.112378636938139	-0.120544499195603	-0.170277156697395	-0.176685386035413	-0.189806014160296	-0.201859710678969	-0.185499162743753	-0.154943783604624	-0.131858915536307	-0.19556737941836	-0.116922798755052	-0.123956298021972	-0.150591836795224	-0.205879291265851	-0.0862106771927002	-0.236920299204678	-0.113211781879043	-0.209362330944365	-0.145147701895244	-0.130689385412522	-0.190480914077282	-0.144977644136256	-0.132996581722198	-0.202302062747364	-0.161475326368155	-0.179220801065236	-0.147813441140351	-0.096899315566578	-0.0890209818424375	-0.113789402142237	-0.0771106159056986	-0.194255112580452	-0.116272193817092	-0.0967099768458541	-0.167054224766173	-0.109332032512659
700014971	-0.157272171813748	0	-0.189738681072879	-0.207709183936232	-0.120940621048796	-0.167499625313974	-0.173324754542145	-0.150618846755215	-0.158649343113879	-0.130793244258223	-0.129186464459307	-0.200614304437135	-0.135007843517527	-0.111491973262758	-0.170318635525373	-0.163558333500352	-0.142434930904893	-0.182339839186558	-0.163176525192538	-0.153452241606811	-0.16161254208227	-0.155534724492036	-0.130443529692828	-0.165730092583653	-0.190338236892269	-0.150666287631397	-0.107395992487129	-0.135790455306729	-0.115500697674394	-0.134943446246506	-0.124542639949829	-0.175490397237577	-0.116250708568818	-0.130618512001716	-0.135301730159853	-0.129142685098756	-0.160880119353578	-0.174755226562877	-0.143215392663641	-0.163450715563125	-0.141758311722208	-0.156850884518666	-0.133156319812331	-0.159031541526625	-0.128902401966157	-0.112185527620136	-0.118371201839815	-0.147954733383565	-0.121794468036807	-0.174557279774897	-0.164278726688419	-0.168383054435288	-0.161767120537394	-0.128087123312547	-0.166333995748905	-0.1268612017008	-0.143808305088466	-0.179988901509826	-0.165674400857231	-0.164538825380117
700033565	-0.198433737072778	-0.189738681072879	0	-0.223018504523109	-0.185656242138615	-0.0808455604257854	-0.206846721943353	-0.108652500666078	-0.181608859918722	-0.108229223956521	-0.107593460181194	-0.060445016130015	-0.105503756211147	-0.157846141480328	-0.086161826502153	-0.125431748337032	-0.102085342813529	-0.105333169072721	-0.175175888907782	-0.179329326365853	-0.17177966039815	-0.092264686870342	-0.186998684068965	-0.186371377248407	-0.175853548851813	-0.209394291190989	-0.173956814508363	-0.180349419457645	-0.179326610637295	-0.112918710166652	-0.121596792315132	-0.13421253660242	-0.122571967048668	-0.0929019818832683	-0.210947744224707	-0.129447607935423	-0.174901869523884	-0.104400014494602	-0.188551191411249	-0.124964331386986	-0.163107901246493	-0.067658532859097	-0.164906496115483	-0.138025554949404	-0.125331193870823	-0.152994076607408	-0.160897143011655	-0.0889261808282024	-0.146216827443786	-0.0727618912889054	-0.0766095123664908	-0.218257850081532	-0.198182507394407	-0.139824793988772	-0.227798765978794	-0.105169112133864	-0.149558362751966	-0.208271184160916	-0.0836160150871897	-0.182148103854003
700109389	-0.127497590521457	-0.207709183936232	-0.223018504523109	0	-0.190900952911164	-0.250376771806515	-0.100129337569825	-0.24836537555899	-0.172894003968791	-0.248562227550087	-0.192725245701108	-0.22701089163922	-0.241170076224819	-0.217447863253665	-0.229456014736434	-0.160314422794461	-0.237789498596943	-0.239698996278352	-0.170771048751832	-0.116639013896566	-0.147729239596762	-0.195027772867912	-0.140825773310172	-0.150031875351177	-0.140001856888009	-0.149125557239757	-0.239398463756875	-0.215549225551089	-0.197414527738735	-0.229429018786633	-0.230435432540853	-0.210798730117491	-0.175984783566424	-0.229227448826617	-0.150244374963761	-0.173341351831901	-0.228315720198973	-0.250708812559551	-0.15847803436814	-0.243372352452129	-0.148359948192677	-0.232744011910342	-0.205209356285569	-0.181559359415024	-0.214170555198838	-0.175739267830484	-0.192691260768998	-0.223497532294374	-0.214335138876272	-0.216110347084811	-0.181766597401434	-0.121116775887508	-0.0875581801130338	-0.184192069307123	-0.140713459877015	-0.223923372369746	-0.125807886961136	-0.117151092244366	-0.185932020128544	-0.15291732363732
700023058	-0.132466548581728	-0.120940621048796	-0.185656242138615	-0.190900952911164	0	-0.150394956794343	-0.151774820761048	-0.174229927696314	-0.120950236607422	-0.152858431335576	-0.117107126689769	-0.192416820589127	-0.172409993270986	-0.114419591683708	-0.180648300448117	-0.132057328871575	-0.167526165852079	-0.152792249150139	-0.136036038023984	-0.136142984546058	-0.164322221380598	-0.145480225037169	-0.138140968951974	-0.129581486620363	-0.183453372683466	-0.123411929153385	-0.123149964663921	-0.151758637201521	-0.155458371945387	-0.146917249693853	-0.134232649707239	-0.179401896812153	-0.119088718807167	-0.14418679925171	-0.10750088496548	-0.142601546056629	-0.109479664069376	-0.143597409648691	-0.107730456660555	-0.202478704712919	-0.11883964736227	-0.165141202308376	-0.110198104315533	-0.145061528205445	-0.149392769269379	-0.135126520360575	-0.112539672633446	-0.159907218520463	-0.121432596253228	-0.173837150167058	-0.154329398618266	-0.140886748123126	-0.138240036387356	-0.120445708761198	-0.153347686981945	-0.152820721912092	-0.152289360567587	-0.152791370128118	-0.1672298947285	-0.138672717596397
700023927	-0.199692354229446	-0.167499625313974	-0.0808455604257854	-0.250376771806515	-0.150394956794343	0	-0.229281462473132	-0.128215797835521	-0.189316278316184	-0.0836656417798899	-0.125313418320127	-0.102484741235025	-0.12284408747807	-0.114524128850587	-0.102663537142147	-0.147541105280535	-0.108318824908587	-0.0682462692981589	-0.176271412782402	-0.200993379303635	-0.183581117485402	-0.129074597233908	-0.181272155402573	-0.184584286650271	-0.202033177921466	-0.193849008529382	-0.137594725131963	-0.19476615967711	-0.176579963777507	-0.11354532489097	-0.0874279287799808	-0.166544523029147	-0.138321152874451	-0.0862462648384268	-0.200728064902299	-0.157719373250167	-0.135373080773978	-0.0636941193014647	-0.189720679732974	-0.148570764426509	-0.164997055771007	-0.0986765221726406	-0.130004034360708	-0.167626068524715	-0.141353066718701	-0.143154988701132	-0.150524420782183	-0.112317779744028	-0.0869176201653339	-0.106021006562281	-0.114515094574512	-0.231908827386553	-0.219678177184479	-0.11563368041857	-0.224440894715397	-0.125039415488188	-0.158958353060885	-0.225817354988945	-0.113644608975959	-0.194654969407064
700106341	-0.0841216327227244	-0.173324754542145	-0.206846721943353	-0.100129337569825	-0.151774820761048	-0.229281462473132	0	-0.227310154100697	-0.104686866168295	-0.227650664655377	-0.144236708335427	-0.197890959459982	-0.222349669537123	-0.191450646641027	-0.212936402885724	-0.138400292713371	-0.212032199471578	-0.229843255239028	-0.115372443920457	-0.0801027468051565	-0.103379355651634	-0.145501858042573	-0.125892967705054	-0.107106634522671	-0.0882227241539657	-0.159803681934299	-0.218118880898548	-0.202001847346122	-0.200726323447075	-0.217390255967804	-0.196400455087418	-0.12977247471946	-0.149514502939682	-0.209525558240116	-0.14328160465233	-0.122399127301475	-0.198878404030174	-0.233292919271905	-0.105384541012664	-0.238006370128405	-0.129762737620662	-0.207680206113715	-0.155501253767559	-0.117834057410243	-0.188584013834028	-0.161738321335289	-0.159641213997191	-0.196157619636922	-0.192363254797718	-0.179188220573829	-0.163308240758003	-0.0772339374093838	-0.0764931566723891	-0.139799557476426	-0.118643203575026	-0.195485728750102	-0.107528653257362	-0.0732787322704277	-0.16743268090592	-0.0860812440022671
700114221	-0.225230787472809	-0.150618846755215	-0.108652500666078	-0.24836537555899	-0.174229927696314	-0.128215797835521	-0.227310154100697	0	-0.204882356609049	-0.0918965480515494	-0.142295128476197	-0.128950051066365	-0.0756260036463429	-0.144893538493268	-0.0862021062751834	-0.173298440045526	-0.0661616131878662	-0.166699703896202	-0.207789949120683	-0.197581637376328	-0.194977065676453	-0.160849948200959	-0.195537880940613	-0.220120879511964	-0.23521232825944	-0.21021596659988	-0.130233536773762	-0.158216738058287	-0.131009775766471	-0.101716121282216	-0.124869739245424	-0.180759288226121	-0.144846199637208	-0.103917584326603	-0.212022436750447	-0.148582722650383	-0.183459048919404	-0.108330906232208	-0.20254960008407	-0.09254844598859	-0.169481601124032	-0.0741638537691031	-0.167173969315546	-0.178729043928816	-0.0884657498793897	-0.133879768934007	-0.147947230650513	-0.0752899069882573	-0.149958667951464	-0.12785344747476	-0.148505785159026	-0.227887102605675	-0.209605044787108	-0.172405268253746	-0.246282262012895	-0.0917309024091297	-0.159378408793932	-0.237571725489908	-0.142700298911797	-0.206164648082545
700023543	-0.100699265628602	-0.158649343113879	-0.181608859918722	-0.172894003968791	-0.120950236607422	-0.189316278316184	-0.104686866168295	-0.204882356609049	0	-0.185745751352807	-0.119220964601492	-0.187563303727922	-0.204787894749188	-0.152893454261828	-0.195107681791751	-0.102508146648504	-0.187210053138395	-0.187778731541005	-0.09517636941443	-0.114753531769692	-0.126650329542125	-0.124013770159904	-0.12574319041954	-0.0918178102973411	-0.122684240221453	-0.147983356118602	-0.179020111273828	-0.16881883235372	-0.210194235495537	-0.178583285945227	-0.160296452666703	-0.115410047593355	-0.129897279847868	-0.172308918031133	-0.129410342003274	-0.132511727263718	-0.14984652914007	-0.195827154813291	-0.0812888652532443	-0.233091862323554	-0.113142602233296	-0.183605458911351	-0.14447797645025	-0.0829083827126011	-0.178674897402812	-0.1624970165092	-0.11741415161434	-0.180367044134742	-0.175856681754731	-0.159503965995291	-0.14815918383875	-0.0945527286257299	-0.118721292765592	-0.127392971668428	-0.126212602206063	-0.172696877071176	-0.149267237772657	-0.0919621027073897	-0.157818345624829	-0.0871966010621971
700023439	-0.207953029631561	-0.130793244258223	-0.108229223956521	-0.248562227550087	-0.152858431335576	-0.0836656417798899	-0.227650664655377	-0.0918965480515494	-0.185745751352807	0	-0.126754976930564	-0.123671468341243	-0.0837465848801153	-0.112631489849108	-0.105164684113535	-0.151082962078542	-0.0778958747618893	-0.11855865409648	-0.181192677823133	-0.195166856275079	-0.180590628476526	-0.143748497015466	-0.177224086768192	-0.188539752630875	-0.219830463084325	-0.196014039788011	-0.122244701839009	-0.165346779150697	-0.142724394172622	-0.0946251820599011	-0.0850076447032871	-0.17097207036621	-0.120674474852129	-0.0776577223092769	-0.193437923084096	-0.149996931447877	-0.148890145911691	-0.0827984924552463	-0.18154044810128	-0.110200516958559	-0.153702752855495	-0.0751757005545617	-0.137989600170924	-0.169192626133276	-0.104567415203877	-0.118884208561646	-0.124142222907088	-0.0822982561452814	-0.101157963774157	-0.121955472892562	-0.132808516418229	-0.21993005399158	-0.213301853503625	-0.133310995006944	-0.229125503838797	-0.0871151577942006	-0.154683326319324	-0.218356517931665	-0.134492018887546	-0.19685693258782
700016978	-0.144349056147883	-0.129186464459307	-0.107593460181194	-0.192725245701108	-0.117107126689769	-0.125313418320127	-0.144236708335427	-0.142295128476197	-0.119220964601492	-0.126754976930564	0	-0.117031253871269	-0.133304663857601	-0.120259866026559	-0.144989549460402	-0.094108316270637	-0.11772390488845	-0.129574597644792	-0.116083293629446	-0.117611958658988	-0.124514339706291	-0.0622458649415738	-0.138391465711862	-0.12667332211552	-0.124460235242236	-0.178339086415704	-0.138734884111198	-0.132478189811342	-0.156058384728558	-0.120948143055149	-0.0915293878421903	-0.0982706095119922	-0.0647591757695397	-0.0906887143165117	-0.158780080055287	-0.0847247032690979	-0.133288776159644	-0.141872314753538	-0.121925150580174	-0.169198589012058	-0.115349262838134	-0.103061336765727	-0.0978866824808655	-0.0898386800996142	-0.115007745023785	-0.128719869994636	-0.113991901003657	-0.106086224255917	-0.117465251579104	-0.105912589337688	-0.082818140689432	-0.152121905546865	-0.138871230223894	-0.0951001131342441	-0.170140492942469	-0.103490875719388	-0.121036427753247	-0.143767602274481	-0.104813362402085	-0.12533110107752
700024192	-0.208258974475793	-0.200614304437135	-0.060445016130015	-0.22701089163922	-0.192416820589127	-0.102484741235025	-0.197890959459982	-0.128950051066365	-0.187563303727922	-0.123671468341243	-0.117031253871269	0	-0.120664793211232	-0.174612922193543	-0.104367982195902	-0.127411015753549	-0.122184209222787	-0.127836726610779	-0.163537418208983	-0.185262651722288	-0.160455500222241	-0.0896823658939473	-0.198909424119932	-0.202985901884218	-0.174255984497376	-0.215347820464639	-0.192067697156595	-0.191255628643728	-0.183701188327527	-0.146240774889695	-0.121259966199141	-0.119493514775646	-0.124716488617324	-0.103160649009178	-0.223482867422547	-0.144280147113004	-0.188474957689389	-0.129066003640218	-0.196217775346356	-0.136839943716184	-0.161651078116235	-0.0783319476501902	-0.170763823087588	-0.13894862516707	-0.123987631029437	-0.162727384815203	-0.168793953357283	-0.0920777639580089	-0.165889743442408	-0.0678606996670301	-0.0847130956750272	-0.221414790649721	-0.203741582504954	-0.144740240986169	-0.243199830705043	-0.119714503055778	-0.146815236352371	-0.212538560502586	-0.0952901785754301	-0.179785779048469
700113058	-0.222307387234932	-0.135007843517527	-0.105503756211147	-0.241170076224819	-0.172409993270986	-0.12284408747807	-0.222349669537123	-0.0756260036463429	-0.204787894749188	-0.0837465848801153	-0.133304663857601	-0.120664793211232	0	-0.141204677520792	-0.0895294032942952	-0.168023349710469	-0.0919922532567522	-0.165247055143582	-0.20841006554618	-0.192638327501071	-0.197574773879802	-0.153476254241885	-0.19587288079941	-0.220243611486874	-0.225662824859936	-0.209875828346774	-0.132230335033439	-0.143017694187443	-0.131068768904528	-0.0975128127997412	-0.121409176722714	-0.174669854256268	-0.1399844210635	-0.0961800432738452	-0.216990020413217	-0.157102210828594	-0.185919639698222	-0.118807664217564	-0.196312768108511	-0.0952396619655437	-0.172691364788931	-0.0709145211735917	-0.177690770925962	-0.173655445930636	-0.101268077158448	-0.136701823882255	-0.162872611616054	-0.0713798360436891	-0.138459512328281	-0.121900911198815	-0.139966914457867	-0.222165286336273	-0.211293717333511	-0.176222129294941	-0.250654693264557	-0.0745483843117007	-0.154849577789077	-0.232981347547364	-0.134320925572065	-0.19759062469248
700099448	-0.160510213403704	-0.111491973262758	-0.157846141480328	-0.217447863253665	-0.114419591683708	-0.114524128850587	-0.191450646641027	-0.144893538493268	-0.152893454261828	-0.112631489849108	-0.120259866026559	-0.174612922193543	-0.141204677520792	0	-0.154031858818677	-0.144805698853243	-0.125054313426534	-0.127434144002137	-0.148828949708657	-0.15452720805543	-0.160576448393109	-0.143387242937438	-0.139070192466575	-0.141837442852596	-0.187890816705799	-0.15014135124486	-0.0987170084074947	-0.155591006051415	-0.13439962600826	-0.105986182751836	-0.104623284564455	-0.175173224557039	-0.112755980746748	-0.103392777679271	-0.151403288782485	-0.138876393089401	-0.124716442965318	-0.115987587283363	-0.141192344643214	-0.180263800940428	-0.139374893636615	-0.134625144170619	-0.0999473203227299	-0.159870464794874	-0.113562497037609	-0.122756754233976	-0.106599962388944	-0.134982156115459	-0.0670293007342359	-0.1502207171755	-0.132887017049377	-0.168712036226946	-0.172948627697016	-0.112027473413489	-0.173964257376922	-0.13145637433168	-0.130334790781345	-0.181082272263759	-0.131578407133905	-0.163826385331816
700109870	-0.207787165190804	-0.170318635525373	-0.086161826502153	-0.229456014736434	-0.180648300448117	-0.102663537142147	-0.212936402885724	-0.0862021062751834	-0.195107681791751	-0.105164684113535	-0.144989549460402	-0.104367982195902	-0.0895294032942952	-0.154031858818677	0	-0.166997755623955	-0.0923620579749538	-0.15259728075818	-0.194844177626285	-0.188594389236139	-0.172479261054844	-0.1452982940811	-0.177157888208004	-0.212014989473697	-0.214489068502294	-0.202549789730027	-0.160300098681686	-0.185591281043864	-0.14949096685372	-0.104733569115902	-0.127968255593527	-0.169315184931788	-0.153416894735497	-0.126457312602555	-0.216450394442915	-0.159403618278812	-0.178772935243525	-0.0949503262579267	-0.201227532918637	-0.0924049486786813	-0.180489776922628	-0.077667692574608	-0.183402066671156	-0.171171545527451	-0.11563525704261	-0.123963141542775	-0.158912810688634	-0.0755265058995838	-0.145763577098888	-0.107855628486132	-0.13059900443757	-0.225554914486	-0.205585229888939	-0.157042143122284	-0.234460992515639	-0.101117100776731	-0.137404958102883	-0.228454115771838	-0.115712458473546	-0.185741245562784
700033928	-0.131586988019804	-0.163558333500352	-0.125431748337032	-0.160314422794461	-0.132057328871575	-0.147541105280535	-0.138400292713371	-0.173298440045526	-0.102508146648504	-0.151082962078542	-0.094108316270637	-0.127411015753549	-0.168023349710469	-0.144805698853243	-0.166997755623955	0	-0.148077225106587	-0.146374047403294	-0.110957263868565	-0.12368264589026	-0.11816750517115	-0.0855332887828803	-0.139939524772715	-0.106100428101859	-0.131300066431815	-0.152352072904487	-0.17504436376596	-0.15017267616326	-0.178692234237642	-0.153896832632289	-0.123800594597023	-0.133090533413987	-0.0802846274934741	-0.127616953366935	-0.143530615221741	-0.126455667787594	-0.143381438143111	-0.170119111512249	-0.108931733324012	-0.19510433836189	-0.0842940542495644	-0.133350600142939	-0.133741941285319	-0.113330642213262	-0.134502019492649	-0.141664772808	-0.105394595402835	-0.143434489367478	-0.148417405438798	-0.114032558922734	-0.0842728754993869	-0.129753243151586	-0.126134158370934	-0.115951039719694	-0.165873038646838	-0.135435619329534	-0.132464782524487	-0.118034265621999	-0.117038103235685	-0.112745802553178
700023693	-0.21002253330752	-0.142434930904893	-0.102085342813529	-0.237789498596943	-0.167526165852079	-0.108318824908587	-0.212032199471578	-0.0661616131878662	-0.187210053138395	-0.0778958747618893	-0.11772390488845	-0.122184209222787	-0.0919922532567522	-0.125054313426534	-0.0923620579749538	-0.148077225106587	0	-0.140410622536815	-0.189674565172627	-0.185207046520184	-0.165331707153203	-0.136613517798522	-0.181515250447401	-0.195338138414186	-0.212825958826621	-0.205383538194813	-0.138827944361149	-0.165202218194401	-0.128930081435263	-0.106463935257497	-0.0991635956636661	-0.159438647973888	-0.12212524243605	-0.0921092849633831	-0.203623422312625	-0.128899236092331	-0.163543567977142	-0.10941325287097	-0.187247032776028	-0.0892819825392679	-0.158344879767319	-0.0768270362754814	-0.147428193042712	-0.160255654847146	-0.0841037938335016	-0.109328915366923	-0.134784940881607	-0.0691646870868706	-0.11731510258272	-0.112786216908898	-0.123698404953959	-0.218012380314918	-0.203408489403215	-0.148462859686188	-0.233556810768372	-0.0830054014212154	-0.141436790762768	-0.217804036970247	-0.124994383642527	-0.184811051559078
700109627	-0.191808525603372	-0.182339839186558	-0.105333169072721	-0.239698996278352	-0.152792249150139	-0.0682462692981589	-0.229843255239028	-0.166699703896202	-0.187778731541005	-0.11855865409648	-0.129574597644792	-0.127836726610779	-0.165247055143582	-0.127434144002137	-0.15259728075818	-0.146374047403294	-0.140410622536815	0	-0.174663997857076	-0.195931580087823	-0.192454659667361	-0.126487309647247	-0.18959665168283	-0.170086099255494	-0.194445855769816	-0.198807419253181	-0.145270652963763	-0.189671001619102	-0.201551843255162	-0.130990361607301	-0.103487129386158	-0.16566075396651	-0.146043542051835	-0.111232241849129	-0.193000273133793	-0.164084389116301	-0.126114625048267	-0.0950929955950771	-0.187697148038667	-0.190545357976875	-0.171711800441347	-0.137588672853693	-0.134756783583779	-0.166113420205697	-0.170093184952923	-0.169643487978819	-0.158215448577473	-0.151543670624481	-0.100950959717587	-0.128652889326289	-0.108531941954558	-0.227692167805615	-0.213839388616963	-0.1254335411669	-0.209536424831892	-0.149380580342463	-0.175680102755679	-0.220613676091694	-0.130752201844261	-0.200183264062418
700095416	-0.0928399322957766	-0.163176525192538	-0.175175888907782	-0.170771048751832	-0.136036038023984	-0.176271412782402	-0.115372443920457	-0.207789949120683	-0.09517636941443	-0.181192677823133	-0.116083293629446	-0.163537418208983	-0.20841006554618	-0.148828949708657	-0.194844177626285	-0.110957263868565	-0.189674565172627	-0.174663997857076	0	-0.119691037886837	-0.0938068052026985	-0.106114939281667	-0.123360333317293	-0.0798369194160901	-0.109013740833121	-0.14230049437754	-0.173247688400717	-0.181560407867634	-0.187126117567502	-0.189264341361235	-0.15188883073339	-0.122802189793512	-0.111295639637894	-0.173710993347666	-0.134375993805329	-0.116938862036249	-0.14393830102337	-0.191120221445249	-0.0828590191507614	-0.235946675009582	-0.098046912692038	-0.1835175599181	-0.110203710940438	-0.122788978184827	-0.16893081845994	-0.143720740584283	-0.108927986633603	-0.182308200096528	-0.154429064513789	-0.146900601738993	-0.128136647055777	-0.121315411711674	-0.128110111070121	-0.0877499970548518	-0.123901454348322	-0.172224116408801	-0.125827039051643	-0.113708945750889	-0.144998015688849	-0.111474483010615
700110425	-0.088682605850545	-0.153452241606811	-0.179329326365853	-0.116639013896566	-0.136142984546058	-0.200993379303635	-0.0801027468051565	-0.197581637376328	-0.114753531769692	-0.195166856275079	-0.117611958658988	-0.185262651722288	-0.192638327501071	-0.15452720805543	-0.188594389236139	-0.12368264589026	-0.185207046520184	-0.195931580087823	-0.119691037886837	0	-0.100002638906419	-0.131375041377727	-0.113391365502479	-0.102360673091893	-0.0884397852681508	-0.15608917953691	-0.187038144259882	-0.164629942074341	-0.176514281194997	-0.172821674270543	-0.17084060332087	-0.146607606131229	-0.116919114596524	-0.178815210010041	-0.130572220033563	-0.101586873613719	-0.170897015906474	-0.203816437466647	-0.112918876824804	-0.218034900862429	-0.117110331311076	-0.176123720877578	-0.140705801104617	-0.0992496818797184	-0.15512565092912	-0.141971457590986	-0.12543752089192	-0.171560766274474	-0.156927628288881	-0.165414112882558	-0.135639533209093	-0.0887524533449968	-0.0518530536934705	-0.123290995025391	-0.120380806683239	-0.167716392212587	-0.0757053257401927	-0.0836742036182114	-0.143152521580181	-0.095678854726366
700111580	-0.114082885661286	-0.16161254208227	-0.17177966039815	-0.147729239596762	-0.164322221380598	-0.183581117485402	-0.103379355651634	-0.194977065676453	-0.126650329542125	-0.180590628476526	-0.124514339706291	-0.160455500222241	-0.197574773879802	-0.160576448393109	-0.172479261054844	-0.11816750517115	-0.165331707153203	-0.192454659667361	-0.0938068052026985	-0.100002638906419	0	-0.111427390817584	-0.115633948927898	-0.109135205948414	-0.0751496144581627	-0.17666717500105	-0.200299031011685	-0.200162956351693	-0.169151923569564	-0.193265402974871	-0.154699113995458	-0.12302249674158	-0.115043913958455	-0.183187846338459	-0.165746337384039	-0.110754384184439	-0.183432092492994	-0.196120999669254	-0.133338825338498	-0.213093262454075	-0.108985517582766	-0.1652953811823	-0.14207115066737	-0.118184219820356	-0.14766557291003	-0.129142379881137	-0.120534641645492	-0.159787827134155	-0.158863903067057	-0.13730007365427	-0.122120691505428	-0.107595900079281	-0.114786499981272	-0.0981028332689896	-0.139664314438227	-0.168862744261976	-0.094243000037747	-0.0927391891813997	-0.121244793481234	-0.0964196100130134
700111302	-0.14024065597149	-0.155534724492036	-0.092264686870342	-0.195027772867912	-0.145480225037169	-0.129074597233908	-0.145501858042573	-0.160849948200959	-0.124013770159904	-0.143748497015466	-0.0622458649415738	-0.0896823658939473	-0.153476254241885	-0.143387242937438	-0.1452982940811	-0.0855332887828803	-0.136613517798522	-0.126487309647247	-0.106114939281667	-0.131375041377727	-0.111427390817584	0	-0.154238974039249	-0.132699427272539	-0.115684326180396	-0.181848454948817	-0.163334224994218	-0.155927500145096	-0.184237759448669	-0.147991726414377	-0.111330599853383	-0.0817481998493673	-0.0820145510338672	-0.115316217241086	-0.171115353292175	-0.101270217143072	-0.146025321011513	-0.157544205720277	-0.135975705111342	-0.18132701948459	-0.123296122822781	-0.116194026443091	-0.123789482330867	-0.0987179252139577	-0.131467392759916	-0.150860902847851	-0.128542429345284	-0.119881620976081	-0.139517795136613	-0.0757039670892283	-0.0559460094453666	-0.156050867922476	-0.146530121198043	-0.0880451594293556	-0.182390475783169	-0.115245637986805	-0.124815181199368	-0.149008640116934	-0.0821479427945378	-0.126560119298448
700098605	-0.102781268583201	-0.130443529692828	-0.186998684068965	-0.140825773310172	-0.138140968951974	-0.181272155402573	-0.125892967705054	-0.195537880940613	-0.12574319041954	-0.177224086768192	-0.138391465711862	-0.198909424119932	-0.19587288079941	-0.139070192466575	-0.177157888208004	-0.139939524772715	-0.181515250447401	-0.18959665168283	-0.123360333317293	-0.113391365502479	-0.115633948927898	-0.154238974039249	0	-0.114572853613783	-0.150691003180538	-0.133294381509473	-0.144802494432872	-0.162491336753465	-0.162151128913628	-0.173091152427669	-0.158765601475752	-0.176528480210684	-0.125757654308768	-0.172740223619249	-0.125441684342206	-0.131246582521811	-0.147234969129796	-0.183224925064568	-0.116389876714483	-0.200289438650782	-0.122798695131928	-0.182116839025073	-0.146518269788532	-0.141114794043578	-0.166840446442509	-0.125992008080832	-0.119331149802735	-0.174287829523718	-0.150150317046174	-0.177112194943439	-0.159257588759631	-0.13429669419143	-0.116946403639563	-0.124141925708591	-0.0985246967029291	-0.171998234075531	-0.115255395118017	-0.139611970591927	-0.159660452694661	-0.122512375103912
700111991	-0.0678720655906997	-0.165730092583653	-0.186371377248407	-0.150031875351177	-0.129581486620363	-0.184584286650271	-0.107106634522671	-0.220120879511964	-0.0918178102973411	-0.188539752630875	-0.12667332211552	-0.202985901884218	-0.220243611486874	-0.141837442852596	-0.212014989473697	-0.106100428101859	-0.195338138414186	-0.170086099255494	-0.0798369194160901	-0.102360673091893	-0.109135205948414	-0.132699427272539	-0.114572853613783	0	-0.110126202840571	-0.125963673730807	-0.16680656775767	-0.176259638874906	-0.190656212488268	-0.192621334642473	-0.168695767782663	-0.153653707474338	-0.124062627195577	-0.180538256250793	-0.113391869577638	-0.121375406298783	-0.141587493426124	-0.189266443599708	-0.0793194929041884	-0.244693788554859	-0.10312036986105	-0.198683286377847	-0.120020763102429	-0.119225464669747	-0.181118029512559	-0.142924609542945	-0.107588206047464	-0.196375578328918	-0.149560367361334	-0.18008088019202	-0.140097142837021	-0.104529817718165	-0.107434564015359	-0.101966679778828	-0.0894548952151049	-0.188236480465289	-0.134177355503633	-0.0955313913902643	-0.159513225539858	-0.110057557569063
700108960	-0.112378636938139	-0.190338236892269	-0.175853548851813	-0.140001856888009	-0.183453372683466	-0.202033177921466	-0.0882227241539657	-0.23521232825944	-0.122684240221453	-0.219830463084325	-0.124460235242236	-0.174255984497376	-0.225662824859936	-0.187890816705799	-0.214489068502294	-0.131300066431815	-0.212825958826621	-0.194445855769816	-0.109013740833121	-0.0884397852681508	-0.0751496144581627	-0.115684326180396	-0.150691003180538	-0.110126202840571	0	-0.205557432644804	-0.229634952182411	-0.215124078655242	-0.215870484519509	-0.20813529872825	-0.184079083323844	-0.104996951750894	-0.136207508789599	-0.195998028738565	-0.180113204541383	-0.112689844854869	-0.20315993076309	-0.224265267649951	-0.137225932521725	-0.251147552629662	-0.140919789310633	-0.192345820061273	-0.156481869933872	-0.108790254293701	-0.190214015528277	-0.184456759337909	-0.16071989805955	-0.194018093900638	-0.183296602156395	-0.144982014084434	-0.121197745621417	-0.105733327119232	-0.109007507940441	-0.120271926042305	-0.130913373251367	-0.193043597101991	-0.11521396522853	-0.0791058693609874	-0.133771834837871	-0.0945719760285838
700024452	-0.120544499195603	-0.150666287631397	-0.209394291190989	-0.149125557239757	-0.123411929153385	-0.193849008529382	-0.159803681934299	-0.21021596659988	-0.147983356118602	-0.196014039788011	-0.178339086415704	-0.215347820464639	-0.209875828346774	-0.15014135124486	-0.202549789730027	-0.152352072904487	-0.205383538194813	-0.198807419253181	-0.14230049437754	-0.15608917953691	-0.17666717500105	-0.181848454948817	-0.133294381509473	-0.125963673730807	-0.205557432644804	0	-0.150736113756966	-0.164773190244892	-0.139587644297058	-0.184885505823428	-0.190985240264677	-0.215257025511722	-0.153404421203215	-0.19219888944254	-0.084743228708136	-0.172077859093869	-0.16771698890307	-0.194860666533715	-0.122601412000099	-0.221568000327215	-0.122393981634619	-0.203644675545573	-0.163141630818721	-0.180466241932638	-0.181183083613364	-0.129153724381183	-0.135521812759304	-0.202510176308078	-0.160034428822789	-0.19894750984547	-0.179727762522539	-0.148144286353975	-0.139934036054215	-0.143649233498803	-0.127613906050493	-0.193606696905008	-0.152300235817482	-0.166744782698548	-0.177695637222205	-0.169238588559647
700032931	-0.170277156697395	-0.107395992487129	-0.173956814508363	-0.239398463756875	-0.123149964663921	-0.137594725131963	-0.218118880898548	-0.130233536773762	-0.179020111273828	-0.122244701839009	-0.138734884111198	-0.192067697156595	-0.132230335033439	-0.0987170084074947	-0.160300098681686	-0.17504436376596	-0.138827944361149	-0.145270652963763	-0.173247688400717	-0.187038144259882	-0.200299031011685	-0.163334224994218	-0.144802494432872	-0.16680656775767	-0.229634952182411	-0.150736113756966	0	-0.13513816976566	-0.141041159006487	-0.121512777606486	-0.118670521003803	-0.193784355588714	-0.137566886041988	-0.118027395111477	-0.160507348532813	-0.16487736619232	-0.125145779254467	-0.135677957373765	-0.163739718622169	-0.157192779598478	-0.160200971985956	-0.142659104170228	-0.134309571488914	-0.181013385359826	-0.130894441818957	-0.132377696465536	-0.129959631946559	-0.135660556213445	-0.113923623502634	-0.165279540681673	-0.168616856434121	-0.208088907893447	-0.192057763702231	-0.139331746945713	-0.175893295776265	-0.121573587506041	-0.172617336954023	-0.220636325614667	-0.158305251709426	-0.200450730663473
700095837	-0.176685386035413	-0.135790455306729	-0.180349419457645	-0.215549225551089	-0.151758637201521	-0.19476615967711	-0.202001847346122	-0.158216738058287	-0.16881883235372	-0.165346779150697	-0.132478189811342	-0.191255628643728	-0.143017694187443	-0.155591006051415	-0.185591281043864	-0.15017267616326	-0.165202218194401	-0.189671001619102	-0.181560407867634	-0.164629942074341	-0.200162956351693	-0.155927500145096	-0.162491336753465	-0.176259638874906	-0.215124078655242	-0.164773190244892	-0.13513816976566	0	-0.11949984559192	-0.129608290759444	-0.165250346899601	-0.192370142488673	-0.130337160912396	-0.1391379078113	-0.153896170932157	-0.164585477518475	-0.163430166964348	-0.192253517296742	-0.162969616025494	-0.186296063224405	-0.157514302589958	-0.160257441855556	-0.169655440008763	-0.162689887396313	-0.144908568763028	-0.143259174035684	-0.156194060364438	-0.157089257281178	-0.167782956530477	-0.183530179444696	-0.155411966107253	-0.184878800458971	-0.169839237045968	-0.175173719188082	-0.192637446474409	-0.145753365794596	-0.171520442845222	-0.198506755413661	-0.174567675144651	-0.193814109094061
700024548	-0.189806014160296	-0.115500697674394	-0.179326610637295	-0.197414527738735	-0.155458371945387	-0.176579963777507	-0.200726323447075	-0.131009775766471	-0.210194235495537	-0.142724394172622	-0.156058384728558	-0.183701188327527	-0.131068768904528	-0.13439962600826	-0.14949096685372	-0.178692234237642	-0.128930081435263	-0.201551843255162	-0.187126117567502	-0.176514281194997	-0.169151923569564	-0.184237759448669	-0.162151128913628	-0.190656212488268	-0.215870484519509	-0.139587644297058	-0.141041159006487	-0.11949984559192	0	-0.131733735009356	-0.154261717993281	-0.213709880956326	-0.14191858603658	-0.137818646507297	-0.146599737054709	-0.150953403603556	-0.19321473040118	-0.16712432334409	-0.177759773806688	-0.145008486661821	-0.153099385146698	-0.144214045024508	-0.157991209670215	-0.201980113986086	-0.100332340232404	-0.090147842843069	-0.147764708035598	-0.140413707266038	-0.141507875321358	-0.18789225143089	-0.166804531470748	-0.198589101654108	-0.177641152821277	-0.155456446418376	-0.191743933678159	-0.151877381899439	-0.141095243335438	-0.213577257778187	-0.170349346821961	-0.200992332651131
700110161	-0.201859710678969	-0.134943446246506	-0.112918710166652	-0.229429018786633	-0.146917249693853	-0.11354532489097	-0.217390255967804	-0.101716121282216	-0.178583285945227	-0.0946251820599011	-0.120948143055149	-0.146240774889695	-0.0975128127997412	-0.105986182751836	-0.104733569115902	-0.153896832632289	-0.106463935257497	-0.130990361607301	-0.189264341361235	-0.172821674270543	-0.193265402974871	-0.147991726414377	-0.173091152427669	-0.192621334642473	-0.20813529872825	-0.184885505823428	-0.121512777606486	-0.129608290759444	-0.131733735009356	0	-0.116279701634421	-0.174452245246306	-0.131279366649601	-0.0831610689801109	-0.186177676516393	-0.151216640773929	-0.154092930994711	-0.102749449851997	-0.183560207050037	-0.143070951555918	-0.163215881761479	-0.0955457244444079	-0.147111205523896	-0.159416421508907	-0.119729460873396	-0.140442836155155	-0.149965257301728	-0.0994554474446785	-0.111419217383787	-0.129253327138025	-0.13467570118992	-0.202598178841745	-0.19445707727773	-0.14297698390097	-0.225567236059516	-0.100933091547331	-0.148004200677577	-0.207927361242011	-0.125832074423896	-0.18679945170521
700023496	-0.185499162743753	-0.124542639949829	-0.121596792315132	-0.230435432540853	-0.134232649707239	-0.0874279287799808	-0.196400455087418	-0.124869739245424	-0.160296452666703	-0.0850076447032871	-0.0915293878421903	-0.121259966199141	-0.121409176722714	-0.104623284564455	-0.127968255593527	-0.123800594597023	-0.0991635956636661	-0.103487129386158	-0.15188883073339	-0.17084060332087	-0.154699113995458	-0.111330599853383	-0.158765601475752	-0.168695767782663	-0.184079083323844	-0.190985240264677	-0.118670521003803	-0.165250346899601	-0.154261717993281	-0.116279701634421	0	-0.143633308276429	-0.0998020082170697	-0.0840188954703518	-0.176890648326002	-0.128993753358659	-0.129328612496875	-0.111518516453835	-0.164471351256172	-0.149820609277178	-0.12804834935102	-0.101416978207455	-0.11001718628759	-0.145826917974088	-0.110466360878151	-0.126311049539253	-0.107891404997891	-0.101734400943403	-0.0926353645234137	-0.110553939166246	-0.10568288701824	-0.204042313655131	-0.19205775755329	-0.107692328837574	-0.210878779048519	-0.09843483943188	-0.139534740864769	-0.198602125451814	-0.124322398902698	-0.169577076947432
700034628	-0.154943783604624	-0.175490397237577	-0.13421253660242	-0.210798730117491	-0.179401896812153	-0.166544523029147	-0.12977247471946	-0.180759288226121	-0.115410047593355	-0.17097207036621	-0.0982706095119922	-0.119493514775646	-0.174669854256268	-0.175173224557039	-0.169315184931788	-0.133090533413987	-0.159438647973888	-0.16566075396651	-0.122802189793512	-0.146607606131229	-0.12302249674158	-0.0817481998493673	-0.176528480210684	-0.153653707474338	-0.104996951750894	-0.215257025511722	-0.193784355588714	-0.192370142488673	-0.213709880956326	-0.174452245246306	-0.143633308276429	0	-0.127355552575857	-0.147219385820356	-0.198862532336307	-0.105306793490048	-0.189714389121785	-0.182838609736071	-0.157614845039314	-0.197937504901482	-0.157144184572751	-0.142745390983335	-0.150335184660092	-0.0735000917818132	-0.161949908473604	-0.178252896035031	-0.152408304558324	-0.138099606038436	-0.175492891918379	-0.0981651173427967	-0.113368925801542	-0.158316319512607	-0.167204262411333	-0.123993090682571	-0.191997534452429	-0.134427892402648	-0.1472453275438	-0.131127221993024	-0.114587131623047	-0.0950508624686752
700023645	-0.131858915536307	-0.116250708568818	-0.122571967048668	-0.175984783566424	-0.119088718807167	-0.138321152874451	-0.149514502939682	-0.144846199637208	-0.129897279847868	-0.120674474852129	-0.0647591757695397	-0.124716488617324	-0.1399844210635	-0.112755980746748	-0.153416894735497	-0.0802846274934741	-0.12212524243605	-0.146043542051835	-0.111295639637894	-0.116919114596524	-0.115043913958455	-0.0820145510338672	-0.125757654308768	-0.124062627195577	-0.136207508789599	-0.153404421203215	-0.137566886041988	-0.130337160912396	-0.14191858603658	-0.131279366649601	-0.0998020082170697	-0.127355552575857	0	-0.0971144858860863	-0.14329590411222	-0.0865811625206834	-0.130764573499293	-0.149329827437512	-0.115963248005222	-0.165516780897118	-0.0939153928530578	-0.110195432064146	-0.0979114224082981	-0.113360835366198	-0.105356886119358	-0.10197793117136	-0.0881975348966211	-0.10827145598519	-0.113381484775146	-0.106869314125419	-0.0875360906947723	-0.140298477529499	-0.135210921371145	-0.0997021637162199	-0.162531390029311	-0.09870016948737	-0.107568718672564	-0.136375171798998	-0.106797707345395	-0.132020172978388
700038744	-0.19556737941836	-0.130618512001716	-0.0929019818832683	-0.229227448826617	-0.14418679925171	-0.0862462648384268	-0.209525558240116	-0.103917584326603	-0.172308918031133	-0.0776577223092769	-0.0906887143165117	-0.103160649009178	-0.0961800432738452	-0.103392777679271	-0.126457312602555	-0.127616953366935	-0.0921092849633831	-0.111232241849129	-0.173710993347666	-0.178815210010041	-0.183187846338459	-0.115316217241086	-0.172740223619249	-0.180538256250793	-0.195998028738565	-0.19219888944254	-0.118027395111477	-0.1391379078113	-0.137818646507297	-0.0831610689801109	-0.0840188954703518	-0.147219385820356	-0.0971144858860863	0	-0.186298875924781	-0.130213430522692	-0.141207636498021	-0.10006559783058	-0.171053074057899	-0.132102212941061	-0.145962087021687	-0.0782806945895514	-0.125211549563185	-0.150463443090566	-0.0988313646315708	-0.123942152263078	-0.138675691638573	-0.0784133518982387	-0.101424641085686	-0.100453980173868	-0.109506269586429	-0.209791149370527	-0.198851074894999	-0.121359450292513	-0.223301491685064	-0.0906799674057463	-0.152986139488428	-0.20748544633162	-0.120724225757288	-0.186568643622385
