700108602	700014971	700033565	700109389	700023058	700023927	700106341	700114221	700023543	700023439	700016978	700024192	700113058	700099448	700109870	700033928	700023693	700109627	700095416	700110425	700111580	700111302	700098605	700111991	700108960	700024452	700032931	700095837	700024548	700110161	700023496	700034628	700023645	700038744	700038485	700024743	700099596	700110760	700101587	700106399	700032322	700095653	700021312	700101230	700023590	700038905	700033136	700023382	700096424	700105469	700016908	700096053	700108479	700109569	700033814	700016125	700109756	700102665	700101777	700109455
700108602	0	0.145957353817739	0.168468651447286	0.103859907846595	0.124823071901265	0.172434738724498	0.0870263188118701	0.190580045161186	0.0938228515375743	0.159434984642794	0.135067137329331	0.165120395330381	0.167508231698915	0.14681937100855	0.167166295457333	0.110262409745556	0.169645183224438	0.16554120255054	0.0884451493456467	0.10044271251627	0.0903021405827672	0.120727175698124	0.111247180510871	0.0687854442894915	0.0934058565498608	0.110449618872022	0.162254133066427	0.133495193273087	0.15002288400665	0.165752930118977	0.159505839570275	0.122059724372155	0.118544672001238	0.14785806037227	0.123499285242026	0.120921918275348	0.134159617423167	0.172103454317522	0.0907044366237114	0.183860578278816	0.106181749514012	0.157365425038402	0.140939625407012	0.12354416438772	0.142137612180998	0.131510470302964	0.117185374061983	0.15338104196985	0.145783734221069	0.140989903349222	0.119249626068911	0.0876115799384193	0.0981787392048845	0.11777468525982	0.0914591359188086	0.154228543876955	0.111027460307792	0.0868644154878764	0.140850794875166	0.102894428270055
700014971	0.145957353817739	0	0.15136425266743	0.166289306316988	0.124726257650701	0.140089136492182	0.15416005591603	0.157714190784652	0.145708634591205	0.133805580524513	0.126597080248495	0.156495136634707	0.138399946651563	0.125937470569087	0.142969670806262	0.156070577399494	0.136205456923445	0.155136194864993	0.145181920663748	0.14007420689593	0.134293691501385	0.132886012569712	0.12030204596248	0.145498874648177	0.149104368519594	0.137056829707	0.124401224480444	0.136070603483679	0.123371783050012	0.133200324017319	0.139666670089593	0.137693449334696	0.111379142979698	0.124190754624362	0.140992110168632	0.12207466769542	0.143587566928961	0.154048473844039	0.136989101356856	0.141725955613287	0.1434058325387	0.134765016801782	0.135622969404763	0.147985309147966	0.126862998681226	0.127444597954488	0.118330601399253	0.126106042848649	0.129590369408524	0.13683873660224	0.140702175483174	0.147337544514423	0.142831971165161	0.126114851281203	0.158112076784018	0.114847029976617	0.137143695712418	0.145630825752104	0.133369688355122	0.149336241101634
700033565	0.168468651447286	0.15136425266743	0	0.144893661058515	0.148894500306846	0.0786157400846871	0.140609039201139	0.111421333079314	0.152128679257897	0.0947096753874993	0.101099430334154	0.0626887692147307	0.104027175888767	0.12747231683387	0.0768320828125467	0.119400928399409	0.096471571829012	0.0953366970838307	0.146735720437003	0.142075013645235	0.138461996334984	0.0873606735928322	0.135677421474889	0.147132690237089	0.133652957293484	0.155187175496145	0.137698619652396	0.140354519463459	0.127890896653069	0.0948851423739144	0.101034950478127	0.100662281787351	0.107892490393895	0.0895554335459916	0.153143035238564	0.112464765308004	0.135776164766268	0.0774154353134992	0.155722208248418	0.114110188361584	0.148377120143814	0.0764618811442314	0.130922623051341	0.121756877821491	0.107935340123256	0.116012662299679	0.138387142689294	0.0911343985475822	0.111639979400424	0.0681892238756633	0.0819463393568616	0.166012730610239	0.144247258685417	0.125811014987058	0.182270334777121	0.104254100213017	0.118344202241169	0.145840601000317	0.0774141678856237	0.131628272308636
700109389	0.103859907846595	0.166289306316988	0.144893661058515	0	0.139576596102847	0.166364658979227	0.0889208963583527	0.189290779729438	0.136025698450009	0.167423158844448	0.139579614953047	0.149764376691816	0.167041141292164	0.151313076949996	0.142724163650404	0.141048578932099	0.168467156697684	0.18639819926885	0.13377325785592	0.0911505779134034	0.107194058442533	0.136233636743244	0.108718906189817	0.114251727106553	0.10413436568372	0.115050356368227	0.182589886602442	0.150875644501354	0.136983494844569	0.155314289735548	0.173612167984774	0.139279934787325	0.133161541247038	0.156540457865771	0.117231161182653	0.120627741021264	0.167499093905324	0.161495116756389	0.129285649627752	0.172202666749538	0.133109733828131	0.154156287564828	0.150330239289064	0.1317362323502	0.148603248050842	0.127563561690488	0.143700453543416	0.154589386772638	0.150098794632332	0.137001045387302	0.120693673747503	0.106676649230685	0.0719549246156897	0.144504121016484	0.111347512210512	0.170504444387918	0.097572227284505	0.0795364788187036	0.121644880453488	0.0998289548097874
700023058	0.124823071901265	0.124726257650701	0.148894500306846	0.139576596102847	0	0.146156903712357	0.114642194471433	0.167919219937822	0.110571233591324	0.138345102976972	0.131564110766847	0.155449909966845	0.148804408691024	0.129180272852772	0.145350824086121	0.128162484010945	0.148425519812535	0.153931485076711	0.117148670423237	0.128207997443344	0.124987124231402	0.129897845354506	0.116973322375347	0.122956803590759	0.137389480819892	0.107224856715036	0.150170722484725	0.136078353331251	0.137319274512807	0.134702213607856	0.148817632243733	0.139321096684063	0.117992029394018	0.133232159885151	0.113301053062559	0.130849912157459	0.124923524877923	0.146122015784682	0.103782366306397	0.163166323943015	0.133043681877881	0.143257374525502	0.129516365665523	0.139336633940463	0.124006316192505	0.126718826967963	0.11602301595515	0.135358506871625	0.12868994350505	0.137730564093532	0.135903204594273	0.116334895509788	0.118097292456267	0.130602624746313	0.136983559324517	0.149994603692691	0.129092846722076	0.123449146007075	0.14071830282155	0.125247166793611
700023927	0.172434738724498	0.140089136492182	0.0786157400846871	0.166364658979227	0.146156903712357	0	0.149318653651867	0.117761632068791	0.158969466151951	0.0866704312871493	0.112893800242494	0.0856458230081414	0.111565168382006	0.105330107360198	0.0858346277168501	0.134645665031143	0.0948606080306777	0.084581783287023	0.149628116740491	0.150777126206712	0.142157482615311	0.110888992586778	0.137986350394607	0.149870196058876	0.141500955261538	0.160090802961438	0.143102284862217	0.160354334754984	0.12319184968782	0.0979122381024748	0.0704523918259272	0.119938876762881	0.112852420655755	0.0891044624005665	0.163683631431271	0.120210928278564	0.119047738128854	0.0623263481274662	0.163184624307879	0.11727992152	0.155777669454812	0.0878957832606997	0.110417164797256	0.145438207277084	0.107870572050638	0.121616595228129	0.13660026711212	0.0960488363214885	0.0794700001033461	0.0848814586119071	0.104807084949009	0.167600159299592	0.154024681515294	0.123306279845666	0.190142429564631	0.110988107668453	0.127204597392952	0.150700344652404	0.0947598384469326	0.140997238065046
700106341	0.0870263188118701	0.15416005591603	0.140609039201139	0.0889208963583527	0.114642194471433	0.149318653651867	0	0.18007084567474	0.0812725855927837	0.155466376561356	0.121220472784622	0.13203552760407	0.154200733109457	0.143536513364859	0.137920603422081	0.113413279060883	0.153026236873468	0.173348840154568	0.100656445565142	0.0772240728869643	0.0854147308660164	0.105385536344779	0.105775973350366	0.100037979473246	0.0731628597639802	0.119153592196619	0.182472358709525	0.154712921768353	0.147739905621407	0.150049798550138	0.152589127448779	0.0889802639743676	0.108363332414235	0.144602329128098	0.11961955886851	0.0984740753312554	0.151421792448688	0.152962305763308	0.0938626904828556	0.172139138883071	0.130350344145391	0.136236988999644	0.130672593006025	0.0977193678706816	0.131194762644167	0.125670887732732	0.122668355596387	0.131555835338091	0.140537479459101	0.110435088716905	0.107266220881005	0.0731812301623243	0.0756747129079096	0.123634975437379	0.117476154228531	0.152027353526655	0.0857375628807003	0.0639724123152867	0.115230001074381	0.0683646382614843
700114221	0.190580045161186	0.157714190784652	0.111421333079314	0.189290779729438	0.167919219937822	0.117761632068791	0.18007084567474	0	0.186469030746716	0.0949078368574306	0.13701333036356	0.112128910883323	0.102071002755338	0.157734914530336	0.102399583750938	0.157225412574635	0.0768639195777237	0.150438507449112	0.173841084604309	0.175986540159183	0.169758106892713	0.140518562724705	0.176686990094407	0.18815073145466	0.181416491924555	0.18647476520882	0.147844204282021	0.152041126054944	0.12839559725086	0.122725818276396	0.134263756562753	0.151858399927378	0.1415088558331	0.115022541199888	0.186771577629324	0.137768857500091	0.169556341570739	0.102623812312033	0.188975289360075	0.083948405519814	0.158878424597809	0.102766562891834	0.163059652681908	0.164570255140696	0.102002200228411	0.126446524794937	0.150758687832762	0.0955565679466946	0.143727806807452	0.120892449806749	0.146124370638747	0.202716212454021	0.180709388673737	0.158203352459156	0.214187842321408	0.116750172772072	0.151119703002544	0.191117816964459	0.127894798972955	0.180141944629826
700023543	0.0938228515375743	0.145708634591205	0.152128679257897	0.136025698450009	0.110571233591324	0.158969466151951	0.0812725855927837	0.186469030746716	0	0.15311102519605	0.13167627625208	0.152394714116002	0.158969135129605	0.14549617049068	0.154384270892597	0.0999746494975207	0.160364729123638	0.168677032209729	0.0911639675636607	0.10943611477286	0.100936733359233	0.11062752916544	0.111944840809836	0.105572077308682	0.104760175163244	0.109431625111641	0.159751707025306	0.133924922145126	0.163848964423839	0.151779005188883	0.15161933606631	0.0951730776009419	0.114446318990032	0.143517837477342	0.109275734417157	0.125044115423107	0.131042873671355	0.164264151853882	0.0825142480484757	0.180547209088574	0.117981671375433	0.150248427805056	0.135618549881465	0.0948893933148402	0.14485626068591	0.139994194213819	0.106134530961474	0.142484782644275	0.153582129623107	0.126009755571588	0.118498880999397	0.0747927205568008	0.110797080392977	0.129764667151999	0.119585842035511	0.152767723308512	0.123698023267755	0.0944660294854272	0.139540479635539	0.0929683331647746
700023439	0.159434984642794	0.133805580524513	0.0947096753874993	0.167423158844448	0.138345102976972	0.0866704312871493	0.155466376561356	0.0949078368574306	0.15311102519605	0	0.10930378799892	0.104411669820646	0.091939165324796	0.117345054425136	0.0902114709497047	0.13343639698428	0.0632918478997376	0.102616923054324	0.143382805382387	0.151237123445324	0.129080141157503	0.111236647725496	0.136376875649117	0.14619447263643	0.144133608479259	0.157973798828946	0.148753058694066	0.139651242173285	0.123586094147029	0.0887142993550805	0.0999835787840773	0.118763548420879	0.101493293678433	0.0805662995615533	0.159000546111421	0.110409085630978	0.121487168842513	0.0853198131713029	0.15296399864347	0.0870045737077061	0.143402776654073	0.082669804521209	0.133786886821938	0.137619811160132	0.0955695692546078	0.110585300124819	0.124729679840108	0.0875370172941875	0.0974869444100633	0.0970777600029275	0.114993656985123	0.167554931953642	0.152159384678159	0.124721842693454	0.179213277423499	0.0939943430317589	0.120694645463151	0.155412326578117	0.0988446210788348	0.145734743850982
700016978	0.135067137329331	0.126597080248495	0.101099430334154	0.139579614953047	0.131564110766847	0.112893800242494	0.121220472784622	0.13701333036356	0.13167627625208	0.10930378799892	0	0.105641012059328	0.114755130134838	0.121245302842952	0.128347694810543	0.110488219552216	0.110996874602913	0.125503255050932	0.125784792307724	0.112372437890377	0.113138866794217	0.0831167659675906	0.122885132430381	0.130938214224195	0.109367771904174	0.142162133221441	0.133183205482404	0.11986772178581	0.13735881651604	0.114360194847117	0.108294906925033	0.0963584791615213	0.0793362767487928	0.0924346750854211	0.140596854518916	0.0874660593222258	0.120072000523374	0.128054137205513	0.123780870057908	0.128978712617618	0.120430041154131	0.101342901073374	0.111779678274486	0.100708688339068	0.107469820832906	0.118706870182818	0.121619161322107	0.0994354169223096	0.10766919759322	0.0997182990605394	0.0959292834514477	0.140374589853524	0.125978625077005	0.108629287594304	0.146070494954879	0.117762171814794	0.108860418570416	0.120685170931617	0.099972225594693	0.123972357129094
700024192	0.165120395330381	0.156495136634707	0.0626887692147307	0.149764376691816	0.155449909966845	0.0856458230081414	0.13203552760407	0.112128910883323	0.152394714116002	0.104411669820646	0.105641012059328	0	0.0971855883378724	0.145400258853983	0.082383060930376	0.126573094062969	0.101411643698925	0.122325308320918	0.138989377983443	0.138537971587894	0.130547786607561	0.080890513653542	0.139413640097286	0.153343898570742	0.127452834284752	0.156999398890476	0.15363290961809	0.141815281387072	0.119595644687281	0.112297147935057	0.10290166597107	0.0910959779071443	0.102052821368636	0.0916446282241827	0.161256098143302	0.113096915923062	0.141906701146746	0.0847901537049812	0.162095389234448	0.100745459500173	0.145110257551898	0.0618280286318983	0.146773252676206	0.116570239340073	0.089650842808065	0.114034128101908	0.143801152369888	0.0791658419751481	0.12535742072698	0.0637256904383895	0.0797123204620111	0.167194296671276	0.145131577741601	0.13897654687895	0.187795092471074	0.10018164711772	0.116267993766706	0.142371870868823	0.0746104292070007	0.131120472559613
700113058	0.167508231698915	0.138399946651563	0.104027175888767	0.167041141292164	0.148804408691024	0.111565168382006	0.154200733109457	0.102071002755338	0.158969135129605	0.091939165324796	0.114755130134838	0.0971855883378724	0	0.129275263477469	0.0869984572747076	0.127447146321698	0.0873341275369906	0.134919846617535	0.148706654746187	0.145276414358427	0.137449305182054	0.107156260725753	0.142934006091739	0.156184146512975	0.146545158637267	0.158096110936504	0.13932505267009	0.121721542753457	0.107404092286024	0.0954596195925136	0.115377148673322	0.120646348341464	0.10821210441829	0.0907281306312911	0.165169090354256	0.126429894644506	0.142539155689239	0.112989682215082	0.160150131180408	0.100438776112227	0.141061786042902	0.0718415445633338	0.153369320932607	0.132409396513422	0.0903176625300432	0.107738127011354	0.140966900305341	0.0854198184898018	0.117918088033957	0.0900921769739401	0.119968446855074	0.171029381484296	0.151269015987981	0.148785946332053	0.19252456504732	0.0784479308875203	0.11897282771931	0.158256044603751	0.09971468124944	0.148306907790357
700099448	0.14681937100855	0.125937470569087	0.12747231683387	0.151313076949996	0.129180272852772	0.105330107360198	0.143536513364859	0.157734914530336	0.14549617049068	0.117345054425136	0.121245302842952	0.145400258853983	0.129275263477469	0	0.121485212557176	0.141729580256234	0.127440410328982	0.11527689031072	0.142222888697013	0.137792242561033	0.131852521750696	0.131220476459672	0.112005870943204	0.134838695749186	0.141416633724061	0.125613838518684	0.138359674896335	0.147367212713427	0.117038566157596	0.0962069121658682	0.105060448591582	0.138757612356698	0.12231744731121	0.104073756322059	0.134329615826793	0.124117104842913	0.125684240680672	0.119486995490812	0.139808567766749	0.14548045213147	0.141377833602964	0.120863112832918	0.121357448482337	0.150123602781771	0.121567509228052	0.123134900398058	0.117298796427355	0.129606491545457	0.0765756754511119	0.125403829124258	0.118518311674476	0.134650510622756	0.136038172952401	0.131342982272794	0.156772787856437	0.133090810159993	0.118146836228635	0.143265352376242	0.110991725229178	0.142517222164691
700109870	0.167166295457333	0.142969670806262	0.0768320828125467	0.142724163650404	0.145350824086121	0.0858346277168501	0.137920603422081	0.102399583750938	0.154384270892597	0.0902114709497047	0.128347694810543	0.082383060930376	0.0869984572747076	0.121485212557176	0	0.140478737340521	0.0895538373761017	0.124989720306303	0.154725489902346	0.138950504881039	0.129115405579347	0.111999642326129	0.123653635948553	0.151573834178639	0.140102952238665	0.152731824809666	0.150721472646194	0.144376293249369	0.108778418927506	0.0839404625051343	0.117865211567536	0.114159022871411	0.119749417718709	0.108824221128364	0.159294145510841	0.122733415700903	0.14345656388962	0.0751522880102743	0.159594197551675	0.0988615114029452	0.155715043903677	0.0769837024683099	0.151628025080867	0.130820441034512	0.102002444035974	0.104536188505503	0.136431760614212	0.0854590836046969	0.11005721512559	0.078267086516669	0.1088357486866	0.160364796519642	0.136086951432363	0.146659460386747	0.182331934044025	0.0941726015179423	0.109704746425166	0.144204790384071	0.0803069130920448	0.128186631977359
700033928	0.110262409745556	0.156070577399494	0.119400928399409	0.141048578932099	0.128162484010945	0.134645665031143	0.113413279060883	0.157225412574635	0.0999746494975207	0.13343639698428	0.110488219552216	0.126573094062969	0.127447146321698	0.141729580256234	0.140478737340521	0	0.141148964243601	0.138659523404727	0.097730343391072	0.118208219789679	0.112529448488531	0.0972263294198356	0.127608831626372	0.0980658504938824	0.113057699872647	0.140909278917926	0.145736410041978	0.110250986141367	0.151257976135117	0.138808235356231	0.125456900481843	0.105949594133401	0.102605483889104	0.118355085148576	0.131603709094624	0.128932123829138	0.123668212745954	0.147248186314951	0.10387584249822	0.159817473099076	0.09893237785304	0.119996891524777	0.125958883899994	0.114828414568388	0.122275864166544	0.122332811169362	0.110985328711778	0.129971545535885	0.133517774756441	0.101794887591673	0.0969745210307835	0.123934146017781	0.119033905957762	0.125257995715553	0.133168668929161	0.127210777394334	0.114787568030998	0.116714788811152	0.117377211056464	0.116650369255198
700023693	0.169645183224438	0.136205456923445	0.096471571829012	0.168467156697684	0.148425519812535	0.0948606080306777	0.153026236873468	0.0768639195777237	0.160364729123638	0.0632918478997376	0.110996874602913	0.101411643698925	0.0873341275369906	0.127440410328982	0.0895538373761017	0.141148964243601	0	0.120480530660823	0.151256312904907	0.152745529942537	0.14023067701017	0.11176657730373	0.146160663500086	0.161210981949336	0.154433731840159	0.163319453463971	0.148425410416228	0.141214629902649	0.116559358152645	0.0973397784449559	0.0971790287085409	0.12307037042856	0.106879070470152	0.0912629471692569	0.158520669347547	0.115492298721364	0.132863407515304	0.0929930523042405	0.16194406799523	0.0817592414863365	0.143592752008729	0.084047294566751	0.134416871085885	0.137693591114152	0.0854155546465777	0.110525209040757	0.132626785459553	0.0846260590752878	0.112335890275551	0.0960132472603042	0.113109459688073	0.177170290044684	0.159075518455007	0.135341646737127	0.191689273728219	0.0922064708728521	0.124427275864287	0.163814249085547	0.0998382553561285	0.150157469223291
700109627	0.16554120255054	0.155136194864993	0.0953366970838307	0.18639819926885	0.153931485076711	0.084581783287023	0.173348840154568	0.150438507449112	0.168677032209729	0.102616923054324	0.125503255050932	0.122325308320918	0.134919846617535	0.11527689031072	0.124989720306303	0.138659523404727	0.120480530660823	0	0.155861370208706	0.16982806073325	0.157258667153728	0.118898893233181	0.156412490276538	0.149824334374387	0.151806393826682	0.178573031873165	0.143651345434044	0.166216754653389	0.153806445378041	0.124240707914384	0.0921564474690384	0.138126059496985	0.127606809328276	0.0999340694956466	0.17458602118672	0.139112221846486	0.113782121696332	0.0961156498897615	0.173442917628102	0.144612683943815	0.1703965635932	0.116047416282052	0.122153211006971	0.15803495296613	0.135394660814278	0.146863986674346	0.15299551105547	0.131235048405275	0.0943515749654479	0.116808327132148	0.120975722496579	0.182405102723921	0.174728315085918	0.117888787409458	0.190267429593058	0.13019882773998	0.149429423308744	0.170653820609601	0.125533394898075	0.167149730168927
700095416	0.0884451493456467	0.145181920663748	0.146735720437003	0.13377325785592	0.117148670423237	0.149628116740491	0.100656445565142	0.173841084604309	0.0911639675636607	0.143382805382387	0.125784792307724	0.138989377983443	0.148706654746187	0.142222888697013	0.154725489902346	0.097730343391072	0.151256312904907	0.155861370208706	0	0.113139315059822	0.0953965642464272	0.106302097842118	0.115653860480378	0.0940747628959259	0.107626168572358	0.115513821324723	0.149328410219727	0.132227627272353	0.140516975595545	0.151777889397871	0.136440626352216	0.111468013545615	0.106498915982861	0.134916058101177	0.119907108049562	0.119039258003218	0.106910567889483	0.155227613742376	0.0933127110652083	0.172528631663239	0.10658081250761	0.146222673970219	0.111296037678673	0.114752826445352	0.135485908411676	0.121571376083805	0.101957689656151	0.141111763301721	0.132604160812764	0.124205337695694	0.100496789757839	0.106181162373296	0.114798139234518	0.105600672003311	0.120058491552919	0.142406942115	0.109231028968302	0.108279984365517	0.1270307081923	0.111244441217811
700110425	0.10044271251627	0.14007420689593	0.142075013645235	0.0911505779134034	0.128207997443344	0.150777126206712	0.0772240728869643	0.175986540159183	0.10943611477286	0.151237123445324	0.112372437890377	0.138537971587894	0.145276414358427	0.137792242561033	0.138950504881039	0.118208219789679	0.152745529942537	0.16982806073325	0.113139315059822	0	0.0844379917032729	0.110181802720745	0.097875532024294	0.108761278624687	0.0750873443498293	0.121487308657873	0.157310246643513	0.138335118030751	0.136234212103147	0.128567132128429	0.153637863868234	0.107729058472524	0.106477768512644	0.136962475899477	0.122539768324775	0.100659227602455	0.142657252010924	0.158744678330817	0.11681200684729	0.16755090041772	0.116976371095275	0.133535744136187	0.131455680544342	0.0930541176871829	0.129198176116421	0.122337392881385	0.126690138552366	0.131547626392187	0.127202275835268	0.121151939863058	0.112949136895883	0.0837944586016711	0.0556676039559458	0.128420948320544	0.124140705108463	0.145574699157492	0.0717542909775783	0.0712948712481513	0.119337897500407	0.078639622256329
700111580	0.0903021405827672	0.134293691501385	0.138461996334984	0.107194058442533	0.124987124231402	0.142157482615311	0.0854147308660164	0.169758106892713	0.100936733359233	0.129080141157503	0.113138866794217	0.130547786607561	0.137449305182054	0.131852521750696	0.129115405579347	0.112529448488531	0.14023067701017	0.157258667153728	0.0953965642464272	0.0844379917032729	0	0.0924049978167749	0.0961128336876305	0.0893041904907707	0.0638339302424946	0.129018203661207	0.164292655855142	0.151313629323825	0.127438784905923	0.137044897980887	0.141002286895321	0.0962283831369037	0.0907440426236025	0.13008762459951	0.132746097869564	0.0983738837312374	0.138034005238485	0.142056933420411	0.116847700560598	0.155003555330795	0.117541684053769	0.126156899688026	0.126735144214754	0.105190190678864	0.11780406163369	0.104538999352926	0.112602134465963	0.115509912743153	0.114383582370246	0.110949275320174	0.106362380942768	0.0952489468231965	0.0951312949463413	0.107319242768376	0.119290577871653	0.133282399294547	0.0681611534395813	0.0734967038072791	0.0971230023378196	0.0835698082022264
700111302	0.120727175698124	0.132886012569712	0.0873606735928322	0.136233636743244	0.129897845354506	0.110888992586778	0.105385536344779	0.140518562724705	0.11062752916544	0.111236647725496	0.0831167659675906	0.080890513653542	0.107156260725753	0.131220476459672	0.111999642326129	0.0972263294198356	0.11176657730373	0.118898893233181	0.106302097842118	0.110181802720745	0.0924049978167749	0	0.127537315457468	0.111782752183837	0.0873793159763432	0.143936085499377	0.146291680032083	0.136758816626685	0.136537651881819	0.118235902307068	0.103995374495214	0.0671163633650911	0.072828098944108	0.0898812315082036	0.139246523235119	0.0986818082677358	0.125016662825	0.119271072989028	0.126602424328905	0.13216933304322	0.129630931946367	0.0872346907295308	0.117187525859851	0.0906036852328214	0.102526333421437	0.123955165703676	0.119204049459573	0.0887971468487583	0.113165203067339	0.0692658355610244	0.0812559395166635	0.136192145740433	0.116655728129251	0.106843736150531	0.151689985822847	0.105833267339631	0.0921798398502868	0.115241508676559	0.0859457740643462	0.109918381682956
700098605	0.111247180510871	0.12030204596248	0.135677421474889	0.108718906189817	0.116973322375347	0.137986350394607	0.105775973350366	0.176686990094407	0.111944840809836	0.136376875649117	0.122885132430381	0.139413640097286	0.142934006091739	0.112005870943204	0.123653635948553	0.127608831626372	0.146160663500086	0.156412490276538	0.115653860480378	0.097875532024294	0.0961128336876305	0.127537315457468	0	0.104637511739417	0.114552481180785	0.109285269866772	0.144264768535677	0.128685474434018	0.128622916722566	0.126730518959642	0.1475449017075	0.114573342774323	0.112784904023392	0.135768333934873	0.116417658820126	0.106928529318355	0.125111470592522	0.136054468447646	0.113641123324056	0.160286820540593	0.122137670749974	0.137067098997269	0.135329647024796	0.112404039673112	0.13729230617641	0.11493634131039	0.110733199024146	0.129769233216263	0.120547708113431	0.118185567952463	0.112432990660578	0.0977861949526235	0.092184126423704	0.127473533212857	0.11209301077184	0.141949949778151	0.104906214851202	0.0980512237861083	0.112719902478128	0.0840071642269213
700111991	0.0687854442894915	0.145498874648177	0.147132690237089	0.114251727106553	0.122956803590759	0.149870196058876	0.100037979473246	0.18815073145466	0.105572077308682	0.14619447263643	0.130938214224195	0.153343898570742	0.156184146512975	0.134838695749186	0.151573834178639	0.0980658504938824	0.161210981949336	0.149824334374387	0.0940747628959259	0.108761278624687	0.0893041904907707	0.111782752183837	0.104637511739417	0	0.0937407742285971	0.114982048570228	0.154437995716176	0.13370913049536	0.148901171975474	0.150939555112904	0.148928471917395	0.120813697019915	0.111088733547658	0.142310629853442	0.117925349729812	0.11731105054058	0.123450397177055	0.154679488726266	0.0977310676549611	0.174872075307051	0.108393029638935	0.147662999124072	0.130278903040695	0.124495031100281	0.143647351346523	0.130258597331598	0.106514272978684	0.142656162381566	0.133317083121814	0.12999041520838	0.1150165388208	0.0992489883713233	0.103757643037022	0.114611810674036	0.0873149278204173	0.151597948754813	0.109770608598932	0.0981799133563651	0.130217299963043	0.105933385282127
700108960	0.0934058565498608	0.149104368519594	0.133652957293484	0.10413436568372	0.137389480819892	0.141500955261538	0.0731628597639802	0.181416491924555	0.104760175163244	0.144133608479259	0.109367771904174	0.127452834284752	0.146545158637267	0.141416633724061	0.140102952238665	0.113057699872647	0.154433731840159	0.151806393826682	0.107626168572358	0.0750873443498293	0.0638339302424946	0.0873793159763432	0.114552481180785	0.0937407742285971	0	0.139398030047135	0.179450395134685	0.156628651547214	0.141365772135151	0.142326321457399	0.147164838209339	0.0859076037247767	0.0954898798874952	0.134203888860114	0.137750733517179	0.0959882988585059	0.141721152990114	0.15185243066929	0.118536609244873	0.166273816683213	0.131567885260924	0.124910483774181	0.12887342362753	0.0955326508936142	0.131365782978198	0.129377944805964	0.132191316702277	0.128972491696278	0.125767614412798	0.103051644175779	0.10159812287552	0.093791263313465	0.0801234691513952	0.113278302557482	0.11715828370524	0.141914408621531	0.0767550581964263	0.0683605701783913	0.102046644507435	0.0804308708287673
700024452	0.110449618872022	0.137056829707	0.155187175496145	0.115050356368227	0.107224856715036	0.160090802961438	0.119153592196619	0.18647476520882	0.109431625111641	0.157973798828946	0.142162133221441	0.156999398890476	0.158096110936504	0.125613838518684	0.152731824809666	0.140909278917926	0.163319453463971	0.178573031873165	0.115513821324723	0.121487308657873	0.129018203661207	0.143936085499377	0.109285269866772	0.114982048570228	0.139398030047135	0	0.15063635481026	0.115573772996583	0.110778148643898	0.150019442323251	0.156103369354586	0.146036598214246	0.129336575414532	0.148587892499976	0.0753612200362291	0.126902814772693	0.142586698886639	0.157820029954351	0.101018767218635	0.174933800027437	0.116606049995757	0.152143542069196	0.144272533676011	0.13632850889031	0.143044729903095	0.114615786646567	0.104650067686566	0.153051082980248	0.134721628872241	0.147234842123419	0.127590539010729	0.103099939378085	0.107048216032217	0.141274431673173	0.109830280483001	0.154812749893479	0.127773728552715	0.125691756280702	0.136171964016708	0.14004052325402
700032931	0.162254133066427	0.124401224480444	0.137698619652396	0.182589886602442	0.150170722484725	0.143102284862217	0.182472358709525	0.147844204282021	0.159751707025306	0.148753058694066	0.133183205482404	0.15363290961809	0.13932505267009	0.138359674896335	0.150721472646194	0.145736410041978	0.148425410416228	0.143651345434044	0.149328410219727	0.157310246643513	0.164292655855142	0.146291680032083	0.144264768535677	0.154437995716176	0.179450395134685	0.15063635481026	0	0.123406867887306	0.142137032904734	0.144649131538583	0.143959004560368	0.156595948692161	0.144329874994701	0.138275025500147	0.158020019968163	0.153811886667956	0.132973495256891	0.14742217732455	0.150192525548725	0.156210267297641	0.141667442032227	0.145218386699613	0.148564686984383	0.154114355118288	0.149020727920945	0.146173706862617	0.132170306993649	0.140400647937487	0.134942375802665	0.149967194832461	0.144336405222904	0.174764485216344	0.167571668186822	0.13381899618569	0.160237318451492	0.144794682464397	0.163071386558431	0.18057854823101	0.144450853814206	0.173580187517958
700095837	0.133495193273087	0.136070603483679	0.140354519463459	0.150875644501354	0.136078353331251	0.160354334754984	0.154712921768353	0.152041126054944	0.133924922145126	0.139651242173285	0.11986772178581	0.141815281387072	0.121721542753457	0.147367212713427	0.144376293249369	0.110250986141367	0.141214629902649	0.166216754653389	0.132227627272353	0.138335118030751	0.151313629323825	0.136758816626685	0.128685474434018	0.13370913049536	0.156628651547214	0.115573772996583	0.123406867887306	0	0.115211587830078	0.127380455432663	0.146833113556912	0.14604864053323	0.120263102082751	0.117855166068119	0.123039649215989	0.136995383097306	0.135126344860356	0.157009739291085	0.120824524104071	0.148883618202875	0.103619122674456	0.131083454022164	0.154320227139883	0.134658953473066	0.119003606259535	0.118454242461921	0.112271011678352	0.134213672658344	0.149454247929695	0.13377642309577	0.124488565912546	0.146254798181386	0.135713173556736	0.154909587756589	0.140316424857362	0.127256879406704	0.141077752539385	0.155449390158352	0.133995480525497	0.154423962087491
700024548	0.15002288400665	0.123371783050012	0.127890896653069	0.136983494844569	0.137319274512807	0.12319184968782	0.147739905621407	0.12839559725086	0.163848964423839	0.123586094147029	0.13735881651604	0.119595644687281	0.107404092286024	0.117038566157596	0.108778418927506	0.151257976135117	0.116559358152645	0.153806445378041	0.140516975595545	0.136234212103147	0.127438784905923	0.136537651881819	0.128622916722566	0.148901171975474	0.141365772135151	0.110778148643898	0.142137032904734	0.115211587830078	0	0.108747607696353	0.13144322236721	0.150289752464008	0.127598980963297	0.1104094506217	0.128834640676877	0.120468265224176	0.148234829855213	0.11977623720389	0.144461492047178	0.117330294436608	0.129307189452189	0.107791355340651	0.154905118909437	0.152370722460955	0.0916515463023493	0.075451504911912	0.125439331903481	0.109541403708458	0.109968349539674	0.125264351964797	0.119256480912362	0.146904148749177	0.130495776074025	0.136383351600874	0.156964201007193	0.115341914895949	0.112334310019427	0.148915310372126	0.106535427498351	0.152923168191487
700110161	0.165752930118977	0.133200324017319	0.0948851423739144	0.155314289735548	0.134702213607856	0.0979122381024748	0.150049798550138	0.122725818276396	0.151779005188883	0.0887142993550805	0.114360194847117	0.112297147935057	0.0954596195925136	0.0962069121658682	0.0839404625051343	0.138808235356231	0.0973397784449559	0.124240707914384	0.151777889397871	0.128567132128429	0.137044897980887	0.118235902307068	0.126730518959642	0.150939555112904	0.142326321457399	0.150019442323251	0.144649131538583	0.127380455432663	0.108747607696353	0	0.107010787712352	0.124305461556338	0.115376360581812	0.0886541998550059	0.15363897162492	0.125385180648484	0.131131198269217	0.0988757521509651	0.151627523630791	0.113921944067142	0.152057658524257	0.0903465450598607	0.140773406997877	0.131358768252605	0.103501430948602	0.121279351155421	0.137987752737497	0.0967372063222092	0.0913408479662531	0.0989372532396808	0.11931200645431	0.156112374167751	0.141612543308231	0.138451910123299	0.177339141274274	0.105406718402971	0.108539064722455	0.148165166938788	0.0976094558269331	0.139290432275942
700023496	0.159505839570275	0.139666670089593	0.101034950478127	0.173612167984774	0.148817632243733	0.0704523918259272	0.152589127448779	0.134263756562753	0.15161933606631	0.0999835787840773	0.108294906925033	0.10290166597107	0.115377148673322	0.105060448591582	0.117865211567536	0.125456900481843	0.0971790287085409	0.0921564474690384	0.136440626352216	0.153637863868234	0.141002286895321	0.103995374495214	0.1475449017075	0.148928471917395	0.147164838209339	0.156103369354586	0.143959004560368	0.146833113556912	0.13144322236721	0.107010787712352	0	0.121138817901822	0.11220902566215	0.0844207926078044	0.157061140077265	0.126458470669654	0.123267313580647	0.0981872668412546	0.158073880368653	0.126188101951766	0.142036150762381	0.100002784967058	0.0962656303905063	0.134982466024227	0.104447303318624	0.122980131125615	0.130639948613597	0.104968004981513	0.091511771141487	0.0981969872047675	0.106736341943955	0.171151287528661	0.157543404948657	0.118606323863152	0.19247548681098	0.110483285595892	0.125496081743639	0.162955553945916	0.11173471080325	0.152227095485197
700034628	0.122059724372155	0.137693449334696	0.100662281787351	0.139279934787325	0.139321096684063	0.119938876762881	0.0889802639743676	0.151858399927378	0.0951730776009419	0.118763548420879	0.0963584791615213	0.0910959779071443	0.120646348341464	0.138757612356698	0.114159022871411	0.105949594133401	0.12307037042856	0.138126059496985	0.111468013545615	0.107729058472524	0.0962283831369037	0.0671163633650911	0.114573342774323	0.120813697019915	0.0859076037247767	0.146036598214246	0.156595948692161	0.14604864053323	0.150289752464008	0.124305461556338	0.121138817901822	0	0.0852223943096213	0.110470673724914	0.145108748286946	0.0822005149243391	0.136140899780452	0.123496247448804	0.128770026968061	0.141603426727134	0.139477911251209	0.0951686320070537	0.127364480855176	0.0760716113078923	0.115448183314095	0.127147188346244	0.127190777176677	0.102511819646117	0.129144327260829	0.0667950119725063	0.0877393541411771	0.123273247028882	0.114443954608707	0.125460908050502	0.151053176796133	0.110668933455611	0.106703747873638	0.102141268566691	0.0898580515943186	0.0853020886619736
700023645	0.118544672001238	0.111379142979698	0.107892490393895	0.133161541247038	0.117992029394018	0.112852420655755	0.108363332414235	0.1415088558331	0.114446318990032	0.101493293678433	0.0793362767487928	0.102052821368636	0.10821210441829	0.12231744731121	0.119749417718709	0.102605483889104	0.106879070470152	0.127606809328276	0.106498915982861	0.106477768512644	0.0907440426236025	0.072828098944108	0.112784904023392	0.111088733547658	0.0954898798874952	0.129336575414532	0.144329874994701	0.120263102082751	0.127598980963297	0.115376360581812	0.11220902566215	0.0852223943096213	0	0.0908511818426761	0.129934204678154	0.0862136185251148	0.112606867754515	0.130208035466675	0.112835259752226	0.125398662689579	0.117705438515167	0.0941629172536762	0.111083593493634	0.100577691425343	0.0949687637373547	0.10338410260686	0.111159026147287	0.0939354593568063	0.113491953248425	0.0798070639487491	0.08200625874366	0.126938780788071	0.11151582648987	0.117157032131511	0.142266020690386	0.0948728512404119	0.0956292858968298	0.106753222853123	0.0928398130602446	0.106071393512735
700038744	0.14785806037227	0.124190754624362	0.0895554335459916	0.156540457865771	0.133232159885151	0.0891044624005665	0.144602329128098	0.115022541199888	0.143517837477342	0.0805662995615533	0.0924346750854211	0.0916446282241827	0.0907281306312911	0.104073756322059	0.108824221128364	0.118355085148576	0.0912629471692569	0.0999340694956466	0.134916058101177	0.136962475899477	0.13008762459951	0.0898812315082036	0.135768333934873	0.142310629853442	0.134203888860114	0.148587892499976	0.138275025500147	0.117855166068119	0.1104094506217	0.0886541998550059	0.0844207926078044	0.110470673724914	0.0908511818426761	0	0.148140269941512	0.100804342091576	0.118951319518818	0.0970985886711581	0.145640064123871	0.106288830721157	0.128498091098311	0.0771358486085242	0.120082218943327	0.128882040634514	0.0790652302810607	0.107583133494052	0.132302855565243	0.0835735015348706	0.0956060135734904	0.0883602822917597	0.097875424691201	0.161354559828538	0.148973148461239	0.112354694376952	0.174192317835956	0.0920516707251738	0.114960307315579	0.146085873292184	0.0935454789675006	0.146600166614853
700038485	0.123499285242026	0.140992110168632	0.153143035238564	0.117231161182653	0.113301053062559	0.163683631431271	0.11961955886851	0.186771577629324	0.109275734417157	0.159000546111421	0.140596854518916	0.161256098143302	0.165169090354256	0.134329615826793	0.159294145510841	0.131603709094624	0.158520669347547	0.17458602118672	0.119907108049562	0.122539768324775	0.132746097869564	0.139246523235119	0.116417658820126	0.117925349729812	0.137750733517179	0.0753612200362291	0.158020019968163	0.123039649215989	0.128834640676877	0.15363897162492	0.157061140077265	0.145108748286946	0.129934204678154	0.148140269941512	0	0.12359360214346	0.141523172153767	0.164169561771709	0.105748652668252	0.171601916268964	0.122888618036862	0.156467510829918	0.142939509416031	0.133083787996411	0.148306112942346	0.1184828614459	0.107823720596102	0.156096407911833	0.146617451298445	0.149471632734468	0.124133931464333	0.0908213219354355	0.107942536024186	0.141952122796654	0.114093551069473	0.164521939960398	0.136328813386478	0.120960751243883	0.136612817978286	0.133680386957536
700024743	0.120921918275348	0.12207466769542	0.112464765308004	0.120627741021264	0.130849912157459	0.120210928278564	0.0984740753312554	0.137768857500091	0.125044115423107	0.110409085630978	0.0874660593222258	0.113096915923062	0.126429894644506	0.124117104842913	0.122733415700903	0.128932123829138	0.115492298721364	0.139112221846486	0.119039258003218	0.100659227602455	0.0983738837312374	0.0986818082677358	0.106928529318355	0.11731105054058	0.0959882988585059	0.126902814772693	0.153811886667956	0.136995383097306	0.120468265224176	0.125385180648484	0.126458470669654	0.0822005149243391	0.0862136185251148	0.100804342091576	0.12359360214346	0	0.140011392291354	0.125494217190195	0.124032140360694	0.130311571104042	0.12435138307295	0.10676131226021	0.122604154194816	0.0939780268553511	0.107304283413049	0.100038771641348	0.122428639240494	0.10062276011325	0.114876261674888	0.102900813923405	0.0972714540269673	0.117377918930856	0.10473062513254	0.109283045877956	0.132653277657474	0.124759397520268	0.102040574582958	0.0972480551450134	0.0967884213348431	0.0973467763198944
