700108602	700014971	700033565	700109389	700023058	700023927	700106341	700114221	700023543	700023439	700016978	700024192	700113058	700099448	700109870	700033928	700023693	700109627	700095416	700110425	700111580	700111302	700098605	700111991	700108960	700024452	700032931	700095837	700024548	700110161	700023496	700034628	700023645	700038744	700038485	700024743	700099596	700110760	700101587	700106399	700032322	700095653	700021312	700101230	700023590	700038905	700033136	700023382	700096424	700105469	700016908	700096053	700108479	700109569	700033814	700016125	700109756	700102665	700101777	700109455
700108602	0	-0.1622218540578	-0.203156225348247	-0.119420022787888	-0.13768402300882	-0.210462817752188	-0.085615573692165	-0.218965231821359	-0.108331043049613	-0.206045003249479	-0.146805010209715	-0.210797057803804	-0.208000375170765	-0.165148501086615	-0.218149469732468	-0.120441107364039	-0.210779140496335	-0.20496672011895	-0.0979528005349371	-0.0927963770225803	-0.115025981777774	-0.147543932709521	-0.109123478237654	-0.0551897932698786	-0.120296267683039	-0.106750671052369	-0.177483833456252	-0.161448505554377	-0.189928700988628	-0.204167374442903	-0.192258604282306	-0.160625634373265	-0.131140658486371	-0.176659292617392	-0.111684267662863	-0.132465219615577	-0.152033089376066	-0.224158247280062	-0.0713924007998998	-0.23562458375646	-0.111277294060531	-0.208756560258972	-0.157050563772227	-0.141538707941165	-0.194265650960353	-0.161069866021173	-0.123997105151754	-0.195833239536954	-0.182361270072138	-0.180643092140433	-0.150605731759177	-0.0794819788566616	-0.0893197883700765	-0.119268233476905	-0.0938399276565105	-0.198425529062921	-0.13591686229496	-0.0825517911168774	-0.184678553189338	-0.121922126172508
700014971	-0.1622218540578	0	-0.178384993588144	-0.206313375917414	-0.140108315627715	-0.171970769167111	-0.175030266443106	-0.141838670551843	-0.151193897123069	-0.125863193549042	-0.121507654301168	-0.187162093141001	-0.145781856703279	-0.13005543182621	-0.163298097989008	-0.161372248330761	-0.124582738543106	-0.176066763676299	-0.163237551059466	-0.165237248516946	-0.16171323292226	-0.158703855886512	-0.134186524895111	-0.169882313264495	-0.192706763224131	-0.144146197668594	-0.132642666984582	-0.146741885732153	-0.11111128254133	-0.149296317064966	-0.142187596393518	-0.161349741348054	-0.131713740998084	-0.139023520820406	-0.139351926412642	-0.125711729185228	-0.177748824968148	-0.184531339803961	-0.141697685068607	-0.142035886513822	-0.125313335981128	-0.158599280033151	-0.146654406310147	-0.153463308791948	-0.120916223536172	-0.120309079224084	-0.10953178862238	-0.145702181118934	-0.140491598034443	-0.182884284488283	-0.168315027919279	-0.171710854636072	-0.166914272624508	-0.117951801095277	-0.177302172794764	-0.145145884125228	-0.157677130543405	-0.178765385194315	-0.161507931866985	-0.174169503797286
700033565	-0.203156225348247	-0.178384993588144	0	-0.227401936724484	-0.190748819406833	-0.0757107005426854	-0.184879781500876	-0.10850296969374	-0.17216543387617	-0.0962626730093009	-0.0899534790764589	-0.0638116559888607	-0.106945826401315	-0.141373354909203	-0.0947031320894444	-0.123199022120851	-0.113840834869192	-0.111964688945689	-0.168765983883005	-0.179184499549024	-0.166147310206781	-0.0813313777127367	-0.181048273101913	-0.187512588888112	-0.178604534410561	-0.197047498009349	-0.153825049431892	-0.182281501557806	-0.157102271465341	-0.109245744561129	-0.115898877861181	-0.116696604878048	-0.11575291336092	-0.083409572556672	-0.194269611331315	-0.128070112578748	-0.170878289633679	-0.0928598769539292	-0.177132157741625	-0.136043661838262	-0.158992570761936	-0.074364606922339	-0.147381353898744	-0.137152031725099	-0.12869742180725	-0.142439426676411	-0.160896327437845	-0.0830063941163365	-0.12291360564485	-0.0703949494608393	-0.0803818420254949	-0.208733843636637	-0.203096658514282	-0.13450343847114	-0.229771556923308	-0.0958679471927307	-0.138460834617669	-0.195380435067488	-0.0749369202147431	-0.182726793111143
700109389	-0.119420022787888	-0.206313375917414	-0.227401936724484	0	-0.196836977656857	-0.253624030629589	-0.121893133520655	-0.250862172267443	-0.176478603751246	-0.245243023767046	-0.197456739792328	-0.230353200814231	-0.247186365390028	-0.221933950006302	-0.234766279197134	-0.186377829612075	-0.255019779846424	-0.253984957193044	-0.18994315654342	-0.112703748447209	-0.151490155839688	-0.201960449726585	-0.148114468071969	-0.135816501580641	-0.148948209696493	-0.143440290171029	-0.242222469157437	-0.21279487341317	-0.197887344428405	-0.234564486856301	-0.243156176950841	-0.217036271011625	-0.185396902731602	-0.220958149867265	-0.150802875857358	-0.175240996351705	-0.230514456216772	-0.260727778584638	-0.156987304396204	-0.242924376096799	-0.17199689424839	-0.235956715946219	-0.216708352398151	-0.188200016760438	-0.216492481119137	-0.203213024080053	-0.185903619509663	-0.229036437841463	-0.22942345716135	-0.219636642747971	-0.185953149652564	-0.117088370836965	-0.077324595575379	-0.186465814519744	-0.140043426074268	-0.238735928766477	-0.142952903065746	-0.119191947525525	-0.201066044273053	-0.164417721949181
700023058	-0.13768402300882	-0.140108315627715	-0.190748819406833	-0.196836977656857	0	-0.174204686493276	-0.161123313829996	-0.180522369441475	-0.131184101463717	-0.171517485056146	-0.147150060918638	-0.19960494985313	-0.19124704167978	-0.130249371730316	-0.193908051178159	-0.143908701463827	-0.17285291579927	-0.162974660291215	-0.142967768497707	-0.152605781689087	-0.172836947813101	-0.170314257471183	-0.139646065066509	-0.131218092255689	-0.196413433818667	-0.118504496461225	-0.14019076944519	-0.162804953576943	-0.166233080525826	-0.164858558167081	-0.149050709876069	-0.182912980136687	-0.143980686661033	-0.156534915497169	-0.117941525426426	-0.155871469950883	-0.125917645729218	-0.167767597051886	-0.119247112142736	-0.201441289414088	-0.136091687098737	-0.188758539779559	-0.124437151362804	-0.162767422430439	-0.158982411926542	-0.156203121751444	-0.105522154341413	-0.178419604149178	-0.139308730988988	-0.194368181231751	-0.177134135312827	-0.153217574177445	-0.156893000359861	-0.125233529289024	-0.169595965155317	-0.186448344867748	-0.184696957653475	-0.16344905496998	-0.181502216647208	-0.157400680722336
700023927	-0.210462817752188	-0.171970769167111	-0.0757107005426854	-0.253624030629589	-0.174204686493276	0	-0.210575357928714	-0.108647407957006	-0.186900199966847	-0.0861647409632749	-0.114625877769701	-0.102412981993759	-0.113158017511723	-0.100412952586346	-0.103776777165546	-0.143408126826576	-0.0986069547183815	-0.0845938011076768	-0.173479384996678	-0.202328176590407	-0.180685054909912	-0.122744010680421	-0.178903511346441	-0.196030972076217	-0.205760107536138	-0.199461060789989	-0.121131577250382	-0.194297962318855	-0.155363142486166	-0.0998882429815414	-0.0832082509846231	-0.149198762546812	-0.136078833575342	-0.0877303047687515	-0.192708085321579	-0.161076414667506	-0.156086090316135	-0.0689791865174328	-0.185032701436715	-0.142289885873424	-0.157665114200286	-0.0925765000867425	-0.126171917549904	-0.165791658485019	-0.137601621210658	-0.131336570391135	-0.157121958621229	-0.10033562296686	-0.0827456639552011	-0.103697489452233	-0.117444903163077	-0.226983541283693	-0.230330303778434	-0.122589522295768	-0.234471440860294	-0.109414510007872	-0.154478833187481	-0.216279248275739	-0.0977422857899342	-0.19498662210337
700106341	-0.085615573692165	-0.175030266443106	-0.184879781500876	-0.121893133520655	-0.161123313829996	-0.210575357928714	0	-0.219625968459254	-0.100766278349562	-0.20938073491003	-0.126846291678691	-0.17685397169912	-0.208504778323629	-0.179662636653706	-0.208615764472277	-0.121096321180514	-0.211412523114809	-0.219764302389643	-0.11222503741323	-0.0864068304876324	-0.0875990365384426	-0.133235459577338	-0.114523995948217	-0.102150411098559	-0.0809665039439574	-0.148610779490891	-0.214677567402726	-0.202558720343541	-0.194723256387638	-0.214814117396836	-0.198639147361881	-0.120735555512322	-0.131391417687951	-0.182868220354928	-0.15032875740959	-0.10744023902847	-0.189064949725054	-0.222348217522569	-0.0872057791629378	-0.239260830705259	-0.11666398279737	-0.192919243973214	-0.147825266714053	-0.125157856230793	-0.181994987575442	-0.177994760070384	-0.13890681390461	-0.17748662188131	-0.187473750403784	-0.158720511647219	-0.136928828837507	-0.0729832473500655	-0.0965790363990667	-0.118180771693256	-0.118193377465355	-0.188976596935241	-0.10598874053046	-0.0761826824148673	-0.15770183756449	-0.0834542738416239
700114221	-0.218965231821359	-0.141838670551843	-0.10850296969374	-0.250862172267443	-0.180522369441475	-0.108647407957006	-0.219625968459254	0	-0.196153883079076	-0.0679852027806532	-0.137628346857051	-0.126347951723696	-0.0772899583917636	-0.136945457954689	-0.0841711272913594	-0.174202518641225	-0.0752510812657787	-0.143486769588962	-0.20360415993218	-0.20141985301187	-0.204118048262493	-0.152853370802824	-0.192679707886772	-0.210185437411045	-0.236402805193673	-0.211300942527875	-0.12432409751329	-0.17421230542328	-0.136090062687242	-0.0991311193923607	-0.123608702144098	-0.168239504749799	-0.149477265607891	-0.117353212738808	-0.203774483191039	-0.158004875323102	-0.185763624980953	-0.109996346859851	-0.197446655777043	-0.0925059447474757	-0.157508124074822	-0.0831217872120284	-0.177303250311758	-0.170501255555906	-0.118983669746017	-0.125493481509869	-0.157037007410032	-0.0874785131139481	-0.141435943273533	-0.126946957244297	-0.148525795649004	-0.223581297820361	-0.221792752308563	-0.163864709366014	-0.256342289951641	-0.0868772791198255	-0.173161813596131	-0.234702985764754	-0.127524285755136	-0.211057453705653
700023543	-0.108331043049613	-0.151193897123069	-0.17216543387617	-0.176478603751246	-0.131184101463717	-0.186900199966847	-0.100766278349562	-0.196153883079076	0	-0.178960576958585	-0.120179766488954	-0.179176002407728	-0.189004421148805	-0.154358286050489	-0.192444371736167	-0.0995761728566229	-0.182132143259936	-0.19398778652369	-0.0965104107011013	-0.117221850617661	-0.119318596168607	-0.126285790483911	-0.12127531729448	-0.103936008080326	-0.119921592304306	-0.126353789596849	-0.1717672523539	-0.168305842184533	-0.197292817791476	-0.180588377363719	-0.166072156369684	-0.110332283666893	-0.125695026894466	-0.15752120972743	-0.111379429538189	-0.123790301258034	-0.156374885416382	-0.196751093492708	-0.0840587337572704	-0.224030299246524	-0.120723634149081	-0.180356082750145	-0.13944213127712	-0.0873098552901519	-0.173261423667674	-0.166151898110442	-0.106039936690052	-0.168373105232699	-0.167899367762487	-0.156022430235636	-0.145239591933545	-0.0869974871244775	-0.120382514025236	-0.112512286986716	-0.133532543904787	-0.1787587726732	-0.146632959702331	-0.0897420863655301	-0.157093426639108	-0.0885899775123973
700023439	-0.206045003249479	-0.125863193549042	-0.0962626730093009	-0.245243023767046	-0.171517485056146	-0.0861647409632749	-0.20938073491003	-0.0679852027806532	-0.178960576958585	0	-0.122726912769143	-0.118592031501357	-0.0760236987258753	-0.10913522230773	-0.098927999338011	-0.153038477781684	-0.0537391249084722	-0.115545447930895	-0.181106275504822	-0.193219663948276	-0.181731341836972	-0.137188186842716	-0.178727620678676	-0.192197993360189	-0.219271665138258	-0.198546229086056	-0.123753790101802	-0.168625718915414	-0.127673590052256	-0.0897679153631702	-0.0930907818656501	-0.156590856364582	-0.12552776391643	-0.0867951121650071	-0.192938250612119	-0.147480382670604	-0.169451260398102	-0.0901844266365963	-0.181288383327802	-0.0915335131698463	-0.139280575373226	-0.0788794883121702	-0.156942088183524	-0.164248388320753	-0.10631628536611	-0.112333754208201	-0.134067025081497	-0.0809822073787432	-0.10969823048417	-0.123852636041135	-0.133207710034223	-0.2172448658657	-0.22095889764534	-0.133490051462539	-0.243384358045223	-0.0851876843944333	-0.15670930459583	-0.213980469184488	-0.112619236300606	-0.198735456476261
700016978	-0.146805010209715	-0.121507654301168	-0.0899534790764589	-0.197456739792328	-0.147150060918638	-0.114625877769701	-0.126846291678691	-0.137628346857051	-0.120179766488954	-0.122726912769143	0	-0.100779202975342	-0.129898094650991	-0.117155256586102	-0.142987940162736	-0.0893356625551975	-0.125812720650707	-0.128061278263675	-0.118218000648702	-0.127025046924383	-0.120340231277597	-0.0622739253062673	-0.136597540959885	-0.138793067427851	-0.125946860640559	-0.159890051749028	-0.139589018537193	-0.15581493639467	-0.152945461859924	-0.136293621105987	-0.113578739088075	-0.0833490012737349	-0.0776658774955069	-0.0838936101105109	-0.150822829551436	-0.0841223791066133	-0.144225048206727	-0.141631821830909	-0.115952531196816	-0.166301806889929	-0.103135902303153	-0.112731005286145	-0.102836269466619	-0.0945429444595756	-0.114551093253024	-0.129387234755483	-0.118995283943465	-0.102218553164499	-0.105533931153117	-0.0970934738097578	-0.0833339221381315	-0.152365327039991	-0.149659992336194	-0.0845055734361339	-0.175778420860813	-0.108974030830553	-0.112207642366117	-0.14332828481255	-0.0925306269196926	-0.130692305406688
700024192	-0.210797057803804	-0.187162093141001	-0.0638116559888607	-0.230353200814231	-0.19960494985313	-0.102412981993759	-0.17685397169912	-0.126347951723696	-0.179176002407728	-0.118592031501357	-0.100779202975342	0	-0.106793093137739	-0.156343156664737	-0.100853517349831	-0.132131985216043	-0.124375042573198	-0.129434139297917	-0.173274798742185	-0.174957074129664	-0.164736608439338	-0.0953081498169029	-0.18811706706893	-0.196242045218274	-0.181007276464481	-0.214209816328996	-0.174573352898647	-0.187566566145984	-0.162893253593303	-0.137344480627698	-0.121016090683375	-0.115616876239888	-0.108523440862786	-0.0977872296338093	-0.213896660394289	-0.134604890774831	-0.189239190487882	-0.108535833223815	-0.184576484770274	-0.146293042521933	-0.15402773978619	-0.0658506729573466	-0.161419710809367	-0.132415663168013	-0.111558938454366	-0.150440254175653	-0.171636013314999	-0.0843444633972473	-0.140938923394094	-0.0841398714619428	-0.089091298127793	-0.214965725982357	-0.208803493716817	-0.142453937045586	-0.24836186199518	-0.0964279714106151	-0.137964740904439	-0.201667356302899	-0.0954645353364464	-0.181513924638563
700113058	-0.208000375170765	-0.145781856703279	-0.106945826401315	-0.247186365390028	-0.19124704167978	-0.113158017511723	-0.208504778323629	-0.0772899583917636	-0.189004421148805	-0.0760236987258753	-0.129898094650991	-0.106793093137739	0	-0.131665948013165	-0.0880783491139124	-0.160153663603734	-0.0859947156393684	-0.144918496170644	-0.19574380835582	-0.192067102448593	-0.185730706258106	-0.141419451819656	-0.183975872506804	-0.196939552704395	-0.227123975106721	-0.207303562800297	-0.132927959468105	-0.156475770694432	-0.12258574521823	-0.0979427637871603	-0.120732183880007	-0.159312700099885	-0.140481835257761	-0.104854497394717	-0.209818186622954	-0.158273922819639	-0.184147190352998	-0.116653433015403	-0.18669326019815	-0.104934991099522	-0.148987814518125	-0.0692586775858446	-0.190569117763757	-0.16775189703596	-0.108264673201038	-0.119590500351919	-0.162098855090673	-0.0817102758425994	-0.139044638046428	-0.126401920831982	-0.137917815975517	-0.214975534145856	-0.219936448355522	-0.156875523519761	-0.254858639166133	-0.0730330217069587	-0.163334165583475	-0.222439963452548	-0.122910766615831	-0.199202139263965
700099448	-0.165148501086615	-0.13005543182621	-0.141373354909203	-0.221933950006302	-0.130249371730316	-0.100412952586346	-0.179662636653706	-0.136945457954689	-0.154358286050489	-0.10913522230773	-0.117155256586102	-0.156343156664737	-0.131665948013165	0	-0.139497569481112	-0.132622631074546	-0.111668571677035	-0.11710792551218	-0.13328464742303	-0.162857507971512	-0.155330985276001	-0.136888362825405	-0.134006482044061	-0.145229625507665	-0.191397633129976	-0.145739224013834	-0.0907794977952018	-0.161859964364814	-0.135072506594141	-0.10589379237266	-0.0953801312504797	-0.160681043629944	-0.113202581323163	-0.0972312443095738	-0.15594794463663	-0.139130990411367	-0.124266714184661	-0.113763234088385	-0.142663835929551	-0.163507271482614	-0.124865823925248	-0.132286735861758	-0.112719778975831	-0.162226383946854	-0.12410506161324	-0.116481975370144	-0.110314676200969	-0.120103596916911	-0.0676916896010752	-0.142516896603782	-0.131347528518955	-0.178653476961859	-0.194302408677452	-0.108076155968837	-0.181247447272956	-0.128569171081291	-0.137921052440448	-0.176758323137194	-0.126687178456762	-0.173850342485837
700109870	-0.218149469732468	-0.163298097989008	-0.0947031320894444	-0.234766279197134	-0.193908051178159	-0.103776777165546	-0.208615764472277	-0.0841711272913594	-0.192444371736167	-0.098927999338011	-0.142987940162736	-0.100853517349831	-0.0880783491139124	-0.139497569481112	0	-0.172728843788314	-0.107296029599816	-0.152911618529235	-0.203656460457574	-0.195145763181687	-0.181025477456951	-0.142223623671961	-0.18204283436997	-0.211701031030325	-0.22332835961618	-0.205882449637846	-0.141546153538442	-0.186152909716745	-0.13046035891506	-0.099796937042263	-0.149091202148351	-0.159568296844829	-0.156978315839035	-0.127135412840247	-0.208629660716613	-0.161886524921034	-0.19696778148704	-0.0916711441662208	-0.196248124005925	-0.0987862485656422	-0.166106206001171	-0.0690858684047186	-0.197316388297343	-0.168295101614334	-0.121122080694445	-0.118553616942364	-0.172127384138739	-0.0754076814216305	-0.143750474158612	-0.118700264345821	-0.141415344257122	-0.219413639698283	-0.214148368128125	-0.157312360607504	-0.247278524999141	-0.095815601175825	-0.151454893978735	-0.224733556462123	-0.109454157002555	-0.200014619066985
700033928	-0.120441107364039	-0.161372248330761	-0.123199022120851	-0.186377829612075	-0.143908701463827	-0.143408126826576	-0.121096321180514	-0.174202518641225	-0.0995761728566229	-0.153038477781684	-0.0893356625551975	-0.132131985216043	-0.160153663603734	-0.132622631074546	-0.172728843788314	0	-0.156560061232374	-0.145726303860134	-0.0925675220142482	-0.123387118065318	-0.110178170385814	-0.0874067989570928	-0.120657544221519	-0.102321465157513	-0.12632465934672	-0.148992242566657	-0.15093650286552	-0.152848850669124	-0.182797746993496	-0.160448535326336	-0.130089297824259	-0.110156161115581	-0.0830007997099356	-0.11867496453758	-0.137778819636308	-0.124713065535758	-0.136926483297181	-0.167042175035303	-0.0943250214403287	-0.204701010237039	-0.0909812590755436	-0.142494564872274	-0.108729989147269	-0.109472779729588	-0.14237479308322	-0.144321280795882	-0.106575962345546	-0.141550120180217	-0.138237482804432	-0.116511967892081	-0.0954675099112678	-0.130957969733754	-0.144892395996534	-0.103387263253959	-0.159740497850519	-0.14330789331121	-0.131101226413819	-0.116470234945575	-0.122748327294441	-0.114583622387023
700023693	-0.210779140496335	-0.124582738543106	-0.113840834869192	-0.255019779846424	-0.17285291579927	-0.0986069547183815	-0.211412523114809	-0.0752510812657787	-0.182132143259936	-0.0537391249084722	-0.125812720650707	-0.124375042573198	-0.0859947156393684	-0.111668571677035	-0.107296029599816	-0.156560061232374	0	-0.120528778563251	-0.188489861301511	-0.194951492364569	-0.176770054397284	-0.143055950526999	-0.181296073799383	-0.196096255302237	-0.225853561128528	-0.20367836898501	-0.132882924277258	-0.175844984838224	-0.12375546504306	-0.103100988023735	-0.0924660138383781	-0.158408850315385	-0.130591434506596	-0.095926492598241	-0.195817816000277	-0.150008839012462	-0.16818328663893	-0.110279611886545	-0.187031064781742	-0.0952407453487294	-0.141542006360309	-0.0903004404926681	-0.155730173882533	-0.167622818236827	-0.10219981037034	-0.11224994336115	-0.139293878321	-0.0872774866301346	-0.113345037312752	-0.130255713054019	-0.14068110556255	-0.220623059908362	-0.224031990591013	-0.138446232626882	-0.250486134943766	-0.0942396781764266	-0.155261910917543	-0.219528737586237	-0.130793184185806	-0.201136128950044
700109627	-0.20496672011895	-0.176066763676299	-0.111964688945689	-0.253984957193044	-0.162974660291215	-0.0845938011076768	-0.219764302389643	-0.143486769588962	-0.19398778652369	-0.115545447930895	-0.128061278263675	-0.129434139297917	-0.144918496170644	-0.11710792551218	-0.152911618529235	-0.145726303860134	-0.120528778563251	0	-0.182149402827028	-0.196335402746582	-0.206341761501108	-0.137794810192648	-0.197954452796692	-0.184094446843427	-0.210953243344796	-0.198423987828852	-0.127783718318534	-0.182996929590412	-0.189073078191557	-0.131514130566343	-0.0805365121013936	-0.17196301565675	-0.134227362905709	-0.0947735962278924	-0.19170311510074	-0.165746528217756	-0.130601967834644	-0.0904046561981083	-0.188280686810136	-0.178353234032682	-0.171126943697296	-0.133516371853776	-0.115653856693991	-0.167227808542346	-0.156451818950928	-0.161196341250766	-0.162881915411234	-0.138891294491952	-0.0790490367755493	-0.141422423657406	-0.12740448762821	-0.230500866560705	-0.226613202908988	-0.147621824080256	-0.221200131569418	-0.140495871901635	-0.186330180387349	-0.214988977375138	-0.143131665802587	-0.213373494534068
700095416	-0.0979528005349371	-0.163237551059466	-0.168765983883005	-0.18994315654342	-0.142967768497707	-0.173479384996678	-0.11222503741323	-0.20360415993218	-0.0965104107011013	-0.181106275504822	-0.118218000648702	-0.173274798742185	-0.19574380835582	-0.13328464742303	-0.203656460457574	-0.0925675220142482	-0.188489861301511	-0.182149402827028	0	-0.129814402417914	-0.10441488645834	-0.121003110631294	-0.127757072043214	-0.0909215031178719	-0.123937955280708	-0.129128822469022	-0.161922200746126	-0.170613956443635	-0.190770049012049	-0.187028044119813	-0.158777719771194	-0.119057578668492	-0.103966897139721	-0.15762833412808	-0.129141695455842	-0.127599245071136	-0.13934850897373	-0.186732611971794	-0.0875719041085512	-0.232327723876477	-0.0981517653471572	-0.186055741333425	-0.109590301640582	-0.1288754098745	-0.169536316265246	-0.155665633414755	-0.106504728711303	-0.173031056636432	-0.152651028209494	-0.14988868586795	-0.123540305640553	-0.128073862580967	-0.146497041904694	-0.0904814941765586	-0.126534622187674	-0.180179416104536	-0.130977826659743	-0.115734549435653	-0.149106110647511	-0.120192060180342
700110425	-0.0927963770225803	-0.165237248516946	-0.179184499549024	-0.112703748447209	-0.152605781689087	-0.202328176590407	-0.0864068304876324	-0.20141985301187	-0.117221850617661	-0.193219663948276	-0.127025046924383	-0.174957074129664	-0.192067102448593	-0.162857507971512	-0.195145763181687	-0.123387118065318	-0.194951492364569	-0.196335402746582	-0.129814402417914	0	-0.102784556819434	-0.13462731972801	-0.11355772143322	-0.0955628628311194	-0.094716028174447	-0.137528104390455	-0.189574949797489	-0.171403079064283	-0.175246503045469	-0.184754682685048	-0.181291838486119	-0.153001076480033	-0.122827540995408	-0.168388708750473	-0.141137414468327	-0.101107122297504	-0.176343899606847	-0.21056396009732	-0.105963152449504	-0.220714370195258	-0.113672832083588	-0.17676476058482	-0.152686723582188	-0.106808988828746	-0.158271925253726	-0.165277176757198	-0.119188261270953	-0.170248646677906	-0.171463363455812	-0.166534451134231	-0.135660236604666	-0.083099560341876	-0.0639365348143986	-0.121977581147256	-0.13092866243479	-0.181188615865842	-0.0977518599893704	-0.0747554465297779	-0.147067086280176	-0.111349105766936
700111580	-0.115025981777774	-0.16171323292226	-0.166147310206781	-0.151490155839688	-0.172836947813101	-0.180685054909912	-0.0875990365384426	-0.204118048262493	-0.119318596168607	-0.181731341836972	-0.120340231277597	-0.164736608439338	-0.185730706258106	-0.155330985276001	-0.181025477456951	-0.110178170385814	-0.176770054397284	-0.206341761501108	-0.10441488645834	-0.102784556819434	0	-0.113390650952392	-0.106808826282314	-0.114840125867182	-0.0764023372788698	-0.158485495828633	-0.197444657952561	-0.207948932253586	-0.163595074000876	-0.19988450056171	-0.178151956782171	-0.114546209281604	-0.115375515157609	-0.167253497263953	-0.164051872607879	-0.112948220419044	-0.19085425797893	-0.190738475200815	-0.116587617445458	-0.210645954133386	-0.0923827734168117	-0.167417332876685	-0.140056398339341	-0.122704188724693	-0.14310403700475	-0.14536897565697	-0.12714064461391	-0.151007801402169	-0.162484126635371	-0.140053077647513	-0.122218804569116	-0.10840997970487	-0.123171591236111	-0.0959476756907563	-0.146530908127768	-0.176757017854619	-0.0706847880638907	-0.0831344782002604	-0.12626599425084	-0.0970382496643315
700111302	-0.147543932709521	-0.158703855886512	-0.0813313777127367	-0.201960449726585	-0.170314257471183	-0.122744010680421	-0.133235459577338	-0.152853370802824	-0.126285790483911	-0.137188186842716	-0.0622739253062673	-0.0953081498169029	-0.141419451819656	-0.136888362825405	-0.142223623671961	-0.0874067989570928	-0.143055950526999	-0.137794810192648	-0.121003110631294	-0.13462731972801	-0.113390650952392	0	-0.149805393427089	-0.139637215452622	-0.120881066774903	-0.170406979065991	-0.161709101050484	-0.166739488206833	-0.17650511063599	-0.145926129889711	-0.130717415472268	-0.0669721501355818	-0.0902578668550263	-0.0977646184520751	-0.163350731255019	-0.101375240645783	-0.155053182795857	-0.145615010273823	-0.129042275608692	-0.177999653115126	-0.131829691604931	-0.11233492770708	-0.127253252628631	-0.10154670833103	-0.130275306497519	-0.159174643023227	-0.137782721292914	-0.104670183822121	-0.128423634805598	-0.0632287784461392	-0.0698435843940206	-0.155801883240523	-0.158622046484633	-0.10590142922596	-0.189846808506839	-0.116081827231919	-0.108139608160991	-0.143902094237557	-0.0793092611074022	-0.134977800572161
700098605	-0.109123478237654	-0.134186524895111	-0.181048273101913	-0.148114468071969	-0.139646065066509	-0.178903511346441	-0.114523995948217	-0.192679707886772	-0.12127531729448	-0.178727620678676	-0.136597540959885	-0.18811706706893	-0.183975872506804	-0.134006482044061	-0.18204283436997	-0.120657544221519	-0.181296073799383	-0.197954452796692	-0.127757072043214	-0.11355772143322	-0.106808826282314	-0.149805393427089	0	-0.109942682930674	-0.14537466455273	-0.123211235630898	-0.151813056992614	-0.156840413963632	-0.163309386454628	-0.17681318826417	-0.176559361826513	-0.158571649205776	-0.130115774995189	-0.163676901553127	-0.130987557400343	-0.123612146891684	-0.15784749334217	-0.193228206025262	-0.0985629171452175	-0.196344667280181	-0.0984460943938708	-0.185318990200244	-0.148789248999304	-0.136692097583084	-0.174477813244553	-0.134890487038329	-0.121911506247746	-0.170290201341447	-0.16073541267217	-0.173838697273916	-0.157851363219879	-0.115842080865206	-0.114019629873192	-0.109802442508885	-0.112699900825628	-0.182473540899659	-0.136441485738507	-0.119205768395509	-0.154290549261119	-0.114196931764754
700111991	-0.0551897932698786	-0.169882313264495	-0.187512588888112	-0.135816501580641	-0.131218092255689	-0.196030972076217	-0.102150411098559	-0.210185437411045	-0.103936008080326	-0.192197993360189	-0.138793067427851	-0.196242045218274	-0.196939552704395	-0.145229625507665	-0.211701031030325	-0.102321465157513	-0.196096255302237	-0.184094446843427	-0.0909215031178719	-0.0955628628311194	-0.114840125867182	-0.139637215452622	-0.109942682930674	0	-0.124693333281671	-0.0938123606857462	-0.168736535831783	-0.152861252416864	-0.187448272221647	-0.190162759944356	-0.170330383886738	-0.159569993442142	-0.122981828490776	-0.165159463044115	-0.104403970979349	-0.127798404494427	-0.14118268459506	-0.202712826356789	-0.07810925913458	-0.231604275390059	-0.108008077373446	-0.195216229590012	-0.137890066294111	-0.132545081221057	-0.177185346491563	-0.160852470696709	-0.103453051896999	-0.184013583512167	-0.166546815612144	-0.174845413494206	-0.138882968460659	-0.0928530354362587	-0.0991046362492131	-0.112339554543897	-0.0960914486753875	-0.193711534461274	-0.134095526912743	-0.0920773273742699	-0.167158585205514	-0.125331854959347
700108960	-0.120296267683039	-0.192706763224131	-0.178604534410561	-0.148948209696493	-0.196413433818667	-0.205760107536138	-0.0809665039439574	-0.236402805193673	-0.119921592304306	-0.219271665138258	-0.125946860640559	-0.181007276464481	-0.227123975106721	-0.191397633129976	-0.22332835961618	-0.12632465934672	-0.225853561128528	-0.210953243344796	-0.123937955280708	-0.094716028174447	-0.0764023372788698	-0.120881066774903	-0.14537466455273	-0.124693333281671	0	-0.185096641198687	-0.232699589273256	-0.221489668899091	-0.211945382382116	-0.220707350164089	-0.198614578724618	-0.109002320802736	-0.134922166519444	-0.183331508989969	-0.176686126443767	-0.114312848016915	-0.209097359318022	-0.224071074510236	-0.123378224155439	-0.256159281993595	-0.135249937222262	-0.193826498640672	-0.15212257313699	-0.109948370367346	-0.186289498889053	-0.200961118107579	-0.165438534779495	-0.190048950914163	-0.188726035659069	-0.146825938007984	-0.128215481751534	-0.104362974237809	-0.112712006755508	-0.120556423435952	-0.135545170064215	-0.204322744056228	-0.101558927108147	-0.0691792680104746	-0.148485308866287	-0.0966045773100019
700024452	-0.106750671052369	-0.144146197668594	-0.197047498009349	-0.143440290171029	-0.118504496461225	-0.199461060789989	-0.148610779490891	-0.211300942527875	-0.126353789596849	-0.198546229086056	-0.159890051749028	-0.214209816328996	-0.207303562800297	-0.145739224013834	-0.205882449637846	-0.148992242566657	-0.20367836898501	-0.198423987828852	-0.129128822469022	-0.137528104390455	-0.158485495828633	-0.170406979065991	-0.123211235630898	-0.0938123606857462	-0.185096641198687	0	-0.148928147898658	-0.14600547853857	-0.148651935867289	-0.182490344891109	-0.18863580220239	-0.188063975681958	-0.149853506368108	-0.175012170228361	-0.0670460054891847	-0.145819691734468	-0.154952668219208	-0.196166779200888	-0.106140845298751	-0.215066736124177	-0.134753688311797	-0.207597066079659	-0.160779965775637	-0.164186889543497	-0.184772151679598	-0.142609936047655	-0.102155267180358	-0.200253839382502	-0.162686452504029	-0.197925454170942	-0.171122675170089	-0.130630725271851	-0.113077335141462	-0.135778433534139	-0.107907460975185	-0.205672023796737	-0.155682144236643	-0.146195553352759	-0.170673634988878	-0.164285820490478
700032931	-0.177483833456252	-0.132642666984582	-0.153825049431892	-0.242222469157437	-0.14019076944519	-0.121131577250382	-0.214677567402726	-0.12432409751329	-0.1717672523539	-0.123753790101802	-0.139589018537193	-0.174573352898647	-0.132927959468105	-0.0907794977952018	-0.141546153538442	-0.15093650286552	-0.132882924277258	-0.127783718318534	-0.161922200746126	-0.189574949797489	-0.197444657952561	-0.161709101050484	-0.151813056992614	-0.168736535831783	-0.232699589273256	-0.148928147898658	0	-0.144453066384607	-0.151186265169732	-0.123990565553775	-0.115241757286342	-0.183349446553377	-0.139015306862073	-0.121768693182014	-0.162955076741154	-0.166104819803106	-0.130559917127471	-0.127247451535251	-0.162740784584269	-0.15051696278024	-0.147194331742258	-0.139430141829901	-0.146495691996887	-0.172737639143107	-0.152336991329558	-0.120172473172776	-0.13390192218976	-0.127309133439405	-0.0966257970650816	-0.156751475675972	-0.161823575450882	-0.20928090787422	-0.202917786180099	-0.142354461835379	-0.190818553586603	-0.130274966553592	-0.176589867848697	-0.215637661720669	-0.141864551011151	-0.20298666266684
700095837	-0.161448505554377	-0.146741885732153	-0.182281501557806	-0.21279487341317	-0.162804953576943	-0.194297962318855	-0.202558720343541	-0.17421230542328	-0.168305842184533	-0.168625718915414	-0.15581493639467	-0.187566566145984	-0.156475770694432	-0.161859964364814	-0.186152909716745	-0.152848850669124	-0.175844984838224	-0.182996929590412	-0.170613956443635	-0.171403079064283	-0.207948932253586	-0.166739488206833	-0.156840413963632	-0.152861252416864	-0.221489668899091	-0.14600547853857	-0.144453066384607	0	-0.128388026256658	-0.137672655132525	-0.171584223341718	-0.197687078210836	-0.152048033176382	-0.145674574539445	-0.148890828868247	-0.172560259085224	-0.161800866251053	-0.202274447232625	-0.152613581099042	-0.184134171204533	-0.159873724177054	-0.173810092737635	-0.192087071478589	-0.158828342533336	-0.152896014140547	-0.153177344386339	-0.144415252851147	-0.169313858886896	-0.179716284335647	-0.191679234761271	-0.169349467299698	-0.192093493110459	-0.177522917526136	-0.171213063048339	-0.185199713986506	-0.172340448911864	-0.203549238882663	-0.199416805209075	-0.179176441967876	-0.205970012713834
700024548	-0.189928700988628	-0.11111128254133	-0.157102271465341	-0.197887344428405	-0.166233080525826	-0.155363142486166	-0.194723256387638	-0.136090062687242	-0.197292817791476	-0.127673590052256	-0.152945461859924	-0.162893253593303	-0.12258574521823	-0.135072506594141	-0.13046035891506	-0.182797746993496	-0.12375546504306	-0.189073078191557	-0.190770049012049	-0.175246503045469	-0.163595074000876	-0.17650511063599	-0.163309386454628	-0.187448272221647	-0.211945382382116	-0.148651935867289	-0.151186265169732	-0.128388026256658	0	-0.121669407628602	-0.155895886974156	-0.196674457592457	-0.141847865895352	-0.137687588102866	-0.1542537717384	-0.149628144271528	-0.199556629220774	-0.159419825616437	-0.17743264703688	-0.124228387616228	-0.143589634300505	-0.132866015366234	-0.183264192345233	-0.192256112999601	-0.0920587256296178	-0.0829714555228223	-0.14380652563123	-0.132325571805907	-0.149952763394575	-0.177725242384639	-0.155918845586871	-0.19339216213563	-0.17536106144548	-0.145210463911729	-0.203909567044012	-0.144946881297765	-0.143225430179267	-0.205684278178278	-0.14892021456356	-0.206514197154567
700110161	-0.204167374442903	-0.149296317064966	-0.109245744561129	-0.234564486856301	-0.164858558167081	-0.0998882429815414	-0.214814117396836	-0.0991311193923607	-0.180588377363719	-0.0897679153631702	-0.136293621105987	-0.137344480627698	-0.0979427637871603	-0.10589379237266	-0.099796937042263	-0.160448535326336	-0.103100988023735	-0.131514130566343	-0.187028044119813	-0.184754682685048	-0.19988450056171	-0.145926129889711	-0.17681318826417	-0.190162759944356	-0.220707350164089	-0.182490344891109	-0.123990565553775	-0.137672655132525	-0.121669407628602	0	-0.108800280161976	-0.165895188513763	-0.145910620398945	-0.0855893073938013	-0.179346686825813	-0.158710603508735	-0.167497256222085	-0.101829035487313	-0.181762844418587	-0.127922782309181	-0.168733568126943	-0.100267298325715	-0.163921205789404	-0.164143252149086	-0.121234371550015	-0.138765424785759	-0.153891017002579	-0.102436232560866	-0.11050572059813	-0.134755807485342	-0.144065206929627	-0.210810944547945	-0.211128587030716	-0.144529386744048	-0.235630522442691	-0.104926109998106	-0.168491479086982	-0.215359619453086	-0.12447143537259	-0.203917155079988
700023496	-0.192258604282306	-0.142187596393518	-0.115898877861181	-0.243156176950841	-0.149050709876069	-0.0832082509846231	-0.198639147361881	-0.123608702144098	-0.166072156369684	-0.0930907818656501	-0.113578739088075	-0.121016090683375	-0.120732183880007	-0.0953801312504797	-0.149091202148351	-0.130089297824259	-0.0924660138383781	-0.0805365121013936	-0.158777719771194	-0.181291838486119	-0.178151956782171	-0.130717415472268	-0.176559361826513	-0.170330383886738	-0.198614578724618	-0.18863580220239	-0.115241757286342	-0.171584223341718	-0.155895886974156	-0.108800280161976	0	-0.153277353027154	-0.107983467338645	-0.0731393654179669	-0.179093525832985	-0.150813418892225	-0.138369265523331	-0.106103065558068	-0.171682330454103	-0.155246316108598	-0.145416186322762	-0.108184584573558	-0.106742058705026	-0.154828422269027	-0.116588475259391	-0.144569847395381	-0.135641447480711	-0.111678494608484	-0.0751354788230573	-0.128358008897447	-0.120717535275031	-0.208555581843858	-0.214013692615813	-0.122393041597005	-0.228074093077672	-0.108875213691447	-0.162873434433607	-0.201697965700965	-0.13797886757277	-0.191533167619583
700034628	-0.160625634373265	-0.161349741348054	-0.116696604878048	-0.217036271011625	-0.182912980136687	-0.149198762546812	-0.120735555512322	-0.168239504749799	-0.110332283666893	-0.156590856364582	-0.0833490012737349	-0.115616876239888	-0.159312700099885	-0.160681043629944	-0.159568296844829	-0.110156161115581	-0.158408850315385	-0.17196301565675	-0.119057578668492	-0.153001076480033	-0.114546209281604	-0.0669721501355818	-0.158571649205776	-0.159569993442142	-0.109002320802736	-0.188063975681958	-0.183349446553377	-0.197687078210836	-0.196674457592457	-0.165895188513763	-0.153277353027154	0	-0.11789476608885	-0.128989363557437	-0.181323004151992	-0.100736347520783	-0.186279539493899	-0.160973964247041	-0.140115772604961	-0.191445392232489	-0.149745614806843	-0.12715574573322	-0.139195141380128	-0.090229690940848	-0.14978450188821	-0.174994159924483	-0.147956726150966	-0.119164208100749	-0.152732950590977	-0.0863252954168937	-0.110179752262517	-0.149060329579357	-0.16923063357783	-0.118141581738596	-0.190570287588093	-0.130114514532664	-0.114742563522431	-0.13406060158876	-0.102119377888982	-0.105941972725164
700023645	-0.131140658486371	-0.131713740998084	-0.11575291336092	-0.185396902731602	-0.143980686661033	-0.136078833575342	-0.131391417687951	-0.149477265607891	-0.125695026894466	-0.12552776391643	-0.0776658774955069	-0.108523440862786	-0.140481835257761	-0.113202581323163	-0.156978315839035	-0.0830007997099356	-0.130591434506596	-0.134227362905709	-0.103966897139721	-0.122827540995408	-0.115375515157609	-0.0902578668550263	-0.130115774995189	-0.122981828490776	-0.134922166519444	-0.149853506368108	-0.139015306862073	-0.152048033176382	-0.141847865895352	-0.145910620398945	-0.107983467338645	-0.11789476608885	0	-0.0911104239461345	-0.148814127619993	-0.0916778111577402	-0.141672776348779	-0.150627577343167	-0.11185369745494	-0.172627830081486	-0.0919687220507161	-0.119230778379965	-0.102700837794922	-0.112272061070657	-0.108460495564472	-0.111157827923747	-0.100500309051815	-0.109354411825313	-0.110904503839168	-0.106597075501574	-0.0840073911350091	-0.145725898902002	-0.153853278364618	-0.0938502489400072	-0.176920674972953	-0.114247653753356	-0.111436564566892	-0.131508265694138	-0.106571370029542	-0.140809561898277
700038744	-0.176659292617392	-0.139023520820406	-0.083409572556672	-0.220958149867265	-0.156534915497169	-0.0877303047687515	-0.182868220354928	-0.117353212738808	-0.15752120972743	-0.0867951121650071	-0.0838936101105109	-0.0977872296338093	-0.104854497394717	-0.0972312443095738	-0.127135412840247	-0.11867496453758	-0.095926492598241	-0.0947735962278924	-0.15762833412808	-0.168388708750473	-0.167253497263953	-0.0977646184520751	-0.163676901553127	-0.165159463044115	-0.183331508989969	-0.175012170228361	-0.121768693182014	-0.145674574539445	-0.137687588102866	-0.0855893073938013	-0.0731393654179669	-0.128989363557437	-0.0911104239461345	0	-0.173019682893737	-0.12226763144982	-0.139457955468254	-0.0995953023767588	-0.150783339231005	-0.142104960059142	-0.136072270028052	-0.0900915108901905	-0.122107421140256	-0.140025094366801	-0.107333438074087	-0.120404751545708	-0.134771894740322	-0.083425989210048	-0.0822695556731587	-0.0977635236577583	-0.101739485650541	-0.196526360709236	-0.196808705157862	-0.110513951093206	-0.218022607917185	-0.0902556695331319	-0.142776330327003	-0.186148585424738	-0.0993856793798168	-0.181751884222015
