700108602	700014971	700033565	700109389	700023058	700023927	700106341	700114221	700023543	700023439	700016978	700024192	700113058	700099448	700109870	700033928	700023693	700109627	700095416	700110425	700111580	700111302	700098605	700111991	700108960	700024452	700032931	700095837	700024548	700110161	700023496	700034628	700023645	700038744	700038485	700024743	700099596	700110760	700101587	700106399	700032322	700095653	700021312	700101230	700023590	700038905	700033136	700023382	700096424	700105469	700016908	700096053	700108479	700109569	700033814	700016125	700109756	700102665	700101777	700109455
700108602	0	0.196311329527653	0.319878066895926	0.236044731799533	0.182029258131222	0.283365400335073	0.119032652114297	0.3124588682076	0.12222739125808	0.296859901313338	0.191349652061747	0.338276561790319	0.304781938812565	0.207415812169703	0.321318429924056	0.208158274040627	0.274556174231795	0.273259762151837	0.137226713845898	0.114073275919987	0.161923105399402	0.242106430916301	0.143946374013241	0.0709703031248268	0.164018418673393	0.174373893997615	0.207241681091057	0.341187691332676	0.294805582580518	0.296480962835098	0.244525024557649	0.242069487392692	0.214209112768826	0.271636220180064	0.154365151071968	0.140975295233853	0.223675549556483	0.308355635029781	0.104381058732644	0.343639884738271	0.142529282557691	0.306016877591515	0.186306046348135	0.162891006051488	0.278138502801837	0.22002733371316	0.16870080502104	0.289136904623373	0.236022091279996	0.303663531216792	0.280105580733569	0.0942597254479337	0.13631096859036	0.14777162771292	0.119264828982971	0.284235628804003	0.167559992607776	0.115880117739092	0.278542811551804	0.146821871350071
700014971	0.196311329527653	0	0.302066469595561	0.314145175406006	0.134333755077788	0.257598353952719	0.230397576968088	0.205713026425482	0.188415712971859	0.18299315587253	0.187692874556442	0.326224278636187	0.210512297991834	0.15514377796683	0.282882403473238	0.26136773374709	0.200804493235051	0.292603710581784	0.207758906854337	0.202112227836424	0.230758042885092	0.259024885842873	0.179017316790333	0.19953169877206	0.280336046410781	0.153588260196298	0.135539148602052	0.242658974532783	0.164120014557748	0.201287469150279	0.213092525411891	0.261166878661547	0.183562248575812	0.179963562340732	0.148358529171284	0.176296943945055	0.245944336012196	0.296592430664447	0.145436948475986	0.21412971268327	0.133615596422722	0.209934779197187	0.190663982905101	0.212368146971077	0.184991413176336	0.175935214662354	0.122838868882419	0.235600795188681	0.217516383739142	0.301565880130418	0.292016175545	0.18969969093177	0.218780574173897	0.166491332130485	0.240051391218413	0.219421355001739	0.220192101011634	0.211046851797238	0.272028516089115	0.222936942773549
700033565	0.319878066895926	0.302066469595561	0	0.444188551794149	0.292708120351595	0.087588499935379	0.275314317802533	0.190783683095807	0.275143696550174	0.161568656689891	0.159170171401068	0.0718691294807953	0.187517453599126	0.214323637168715	0.176728005299746	0.141742682704806	0.177020883362947	0.123519788701015	0.233316415475164	0.299515881012703	0.244955502107386	0.103211984379943	0.328022787386525	0.29356908387778	0.276556156181581	0.326694016057203	0.239275371424955	0.385371248349658	0.300204400772128	0.22618900652119	0.148634338257736	0.18254342374819	0.166934247070663	0.163054523877027	0.34027791027403	0.230427118377248	0.26067915574435	0.127461145017529	0.301027482809258	0.253781694118891	0.257979124295629	0.127709146411151	0.227194950048749	0.250928896898148	0.201376237289407	0.203856386238622	0.265927919020882	0.141993192701065	0.163940381610881	0.0508920823008406	0.107708402047711	0.307282961393464	0.376305644733393	0.230667399300302	0.395981273380192	0.133908338342165	0.215833615973597	0.296838063736533	0.103032324168123	0.281129498869706
700109389	0.236044731799533	0.314145175406006	0.444188551794149	0	0.329768865658495	0.429078594585105	0.244241965181108	0.423782730466871	0.301456312539047	0.413520448119759	0.348534221629344	0.456829968661693	0.417671218692456	0.362281877588231	0.437802505632087	0.352099028742887	0.403045386601432	0.436934781510062	0.325822796227325	0.213441965969899	0.301262183470059	0.392327891574508	0.217082568979989	0.276391092776863	0.278497247246682	0.269043315113971	0.361869175271165	0.429046001827385	0.371060382038745	0.41404890666499	0.402211464800411	0.389687001369246	0.358176933730658	0.399846184187505	0.242144966210365	0.284771629830977	0.391487713518899	0.450927672106947	0.269623663857309	0.423612746503482	0.284846807295105	0.417865212063955	0.339271200136906	0.323397467921064	0.39156642614065	0.354232103607326	0.335476218433993	0.41199491064263	0.393934665571841	0.433129060923857	0.413605188701776	0.223072329507714	0.145127688589199	0.326791951531295	0.186226114987055	0.410907979623863	0.278046938482974	0.224971221456247	0.401567311000083	0.2710883954744
700023058	0.182029258131222	0.134333755077788	0.292708120351595	0.329768865658495	0	0.232724104953641	0.220028603202942	0.222202495637161	0.166329398590422	0.20090907037096	0.173408717476878	0.309563552238902	0.227238044683728	0.147483723873926	0.271522810117214	0.230791091223831	0.206732931904674	0.242956909105072	0.191302729858762	0.203321837289981	0.230640746291544	0.243769540841153	0.207878845481447	0.185747424416877	0.284221488654449	0.161469013811096	0.140475281123832	0.276768413758465	0.217641214787908	0.194029911847707	0.183893639449286	0.268280521657958	0.175711731874042	0.184841072937983	0.170597426743572	0.200707693984617	0.180625308402244	0.243276687872082	0.135554079504777	0.265936265030919	0.136082931729717	0.222188387193136	0.141636348842948	0.212190482813656	0.204947311419064	0.184081571545128	0.094358400889809	0.236778455274533	0.183356095384338	0.291514218808444	0.280569658471734	0.172962628658958	0.234659821525764	0.144494479979755	0.254442307485234	0.22864187648673	0.230829202850639	0.205944739956734	0.266663437057334	0.212306207610677
700023927	0.283365400335073	0.257598353952719	0.087588499935379	0.429078594585105	0.232724104953641	0	0.27059391077938	0.158540540030324	0.249279890526024	0.116475766857677	0.131228861721783	0.141452741271774	0.149756683086775	0.149938646035241	0.169473286375594	0.16577164600724	0.13605914088955	0.082172433282591	0.214721995793145	0.275940370320946	0.239693516444156	0.148482410602754	0.293714901416161	0.262750258615182	0.276130389325949	0.286433128213264	0.184013476881627	0.359795036808548	0.267199701440281	0.176649279235522	0.0752623197506811	0.188771000302431	0.135315422190643	0.103643893631143	0.302279107397549	0.213073741400149	0.207770983527203	0.104421501639202	0.269591381649084	0.214803155676409	0.220972283949383	0.100604421521586	0.173234430386195	0.231695171717579	0.166438207611691	0.167617263021189	0.215508635865123	0.120253459583355	0.107292441882083	0.107896965046122	0.161737914819111	0.278791682279265	0.357907274030796	0.19035776832674	0.362244767653423	0.102754155749739	0.199770134484727	0.273021862594756	0.119061889256758	0.262694206174899
700106341	0.119032652114297	0.230397576968088	0.275314317802533	0.244241965181108	0.220028603202942	0.27059391077938	0	0.299023441377286	0.125672631412817	0.275092223148886	0.181532699797477	0.285442722005238	0.300280909167706	0.243623956564066	0.307330653727699	0.171566034839194	0.277042651272531	0.277437687656068	0.122006196084938	0.098743380360503	0.106322733763158	0.200613773709615	0.158160505818214	0.12240431428366	0.0990609239630791	0.242182859120666	0.2684975037513	0.3847787853143	0.306064999558339	0.30995822787068	0.235793431056714	0.167696159502095	0.196296058064357	0.255038662370723	0.2213352135279	0.100991700260752	0.275609255034926	0.282919148985576	0.144524766569061	0.34781193072256	0.152826835986064	0.27394880904632	0.177734036013109	0.132205976753935	0.254822648902025	0.246186689055125	0.203221385550432	0.254724337732229	0.227914933589004	0.256310621021211	0.249707674936845	0.0972970319996013	0.148037749120356	0.13688215842389	0.168609617198214	0.252576407464076	0.133285374895874	0.0811763358667257	0.234193960183403	0.0758325900255254
700114221	0.3124588682076	0.205713026425482	0.190783683095807	0.423782730466871	0.222202495637161	0.158540540030324	0.299023441377286	0	0.27197989471337	0.0781774728171728	0.210656088935394	0.216197015548261	0.0745690318817529	0.163444193828969	0.133874007234089	0.256109750005534	0.0816106067176631	0.227905062386714	0.27236589754075	0.279187892642431	0.267425346498563	0.232402493166012	0.310834538128667	0.304947120416499	0.344059726431822	0.280302597905015	0.172530610654835	0.300104896756861	0.181409457166119	0.120017699557755	0.169654334782508	0.251195662504539	0.177143271475764	0.124850597504394	0.297004513964752	0.23760538113845	0.255184893031374	0.156358209636883	0.267304501505983	0.125703537598299	0.204839930150407	0.0901612190288557	0.24049221991235	0.256659790709469	0.0939059989764519	0.14131527379543	0.188291966316382	0.0947808757410674	0.193744106476563	0.196230428136704	0.255649903024841	0.282028187929007	0.345234617972905	0.24651624504852	0.397556351670357	0.101048592942729	0.207679662223041	0.302114690773525	0.183726844888462	0.285842670941022
700023543	0.12222739125808	0.188415712971859	0.275143696550174	0.301456312539047	0.166329398590422	0.249279890526024	0.125672631412817	0.27197989471337	0	0.252652087325892	0.15423564565098	0.295426439487849	0.266266640835267	0.205254237208065	0.284924237675263	0.173912758604355	0.239696282042517	0.25527001794731	0.108520413547834	0.143404126990043	0.155530119585144	0.196556365544887	0.189659059100562	0.105397466192344	0.159893285035365	0.196760545942989	0.201078952571706	0.333878078884313	0.298674062664063	0.262948118481975	0.211933977486475	0.161338700753651	0.175123544103149	0.233903771650731	0.185406968521561	0.129146703694449	0.212395289053138	0.278506570748829	0.0965620136810431	0.31871402623789	0.128704438296897	0.262141312870621	0.152948563244838	0.0970062596239764	0.244331040934264	0.211753711899484	0.14398396706597	0.244530872313937	0.213266291602285	0.258348612160954	0.25047248742283	0.0996901416149061	0.172828212296881	0.121130457172836	0.182965452169791	0.241226608747427	0.177937081536747	0.129515486376244	0.240321700775832	0.108645502930476
700023439	0.296859901313338	0.18299315587253	0.161568656689891	0.413520448119759	0.20090907037096	0.116475766857677	0.275092223148886	0.0781774728171728	0.252652087325892	0	0.162736551833143	0.204429630000852	0.092605806722343	0.133188359861368	0.172292864831786	0.222372246132925	0.0938180866633257	0.177563893444216	0.238159847491615	0.26946442536961	0.246088488728234	0.209009137908192	0.299008773548747	0.279572578481936	0.31397915884499	0.256867490099683	0.148662858331495	0.280430397545025	0.179972769916463	0.109532560677882	0.121446250890224	0.228578792123037	0.137082547619629	0.072690969725	0.272783615671439	0.215413232278106	0.228304248348282	0.150923178159668	0.248684510396897	0.14456509693382	0.191953113658615	0.066025824820059	0.194170392618061	0.230214397803507	0.101186924320764	0.146403597021386	0.178381466718294	0.101595889335361	0.143104759488986	0.175761395958138	0.22786353479274	0.260979986975788	0.337574226259855	0.209248266763884	0.378240029592493	0.0926182178784052	0.194968258236982	0.262734096115311	0.182032367818006	0.260563641026674
700016978	0.191349652061747	0.187692874556442	0.159170171401068	0.348534221629344	0.173408717476878	0.131228861721783	0.181532699797477	0.210656088935394	0.15423564565098	0.162736551833143	0	0.186546516881045	0.209511162182686	0.156852448545567	0.2393837146969	0.111090245791624	0.179297092315271	0.139519113045318	0.13253147969814	0.171706287709079	0.155655565595832	0.102970114628232	0.236232450316807	0.17429062744692	0.178758058427766	0.236780927695845	0.161598270809621	0.310233747664509	0.247466372981659	0.208615450224684	0.101409232937082	0.149210359897629	0.0702273718757057	0.131673348342987	0.233582211921522	0.143774421544901	0.186645130278768	0.188708793053261	0.170296633656628	0.260569113272328	0.140172958137301	0.145757658023216	0.109450060534815	0.142212888837948	0.171090334066702	0.169132758958102	0.142881717707469	0.161973072200264	0.132888825582534	0.156409900604344	0.144237133435315	0.184380121181284	0.259339988701344	0.125576271329951	0.277681615711045	0.14570767444346	0.160359990519724	0.171821652196023	0.142407015895805	0.180817495269654
700024192	0.338276561790319	0.326224278636187	0.0718691294807953	0.456829968661693	0.309563552238902	0.141452741271774	0.285442722005238	0.216197015548261	0.295426439487849	0.204429630000852	0.186546516881045	0	0.226176688131411	0.258839860690719	0.196247466638584	0.160849872859284	0.209761817418293	0.156887402376262	0.25456801852595	0.310204373937156	0.244986310574606	0.118044116771936	0.346572218571	0.31999446322608	0.287487188792891	0.35932515384053	0.279455567035334	0.403623956022993	0.321108073980282	0.272369858679271	0.17236133585108	0.191454406150351	0.185515042898487	0.196146420657234	0.371848877304413	0.251396622960635	0.291221898460281	0.167416631326885	0.324745226010037	0.269003558637644	0.27313265104144	0.160157756581635	0.25575548870134	0.263305974466989	0.205157266889552	0.237542532504408	0.283348475803773	0.167616263069623	0.201381027208283	0.0777631424975852	0.0928752906813033	0.324454817718697	0.39006224699692	0.252196766348957	0.419627480569568	0.170262286288854	0.230069890493657	0.314435185644933	0.141210468148222	0.296614867503815
700113058	0.304781938812565	0.210512297991834	0.187517453599126	0.417671218692456	0.227238044683728	0.149756683086775	0.300280909167706	0.0745690318817529	0.266266640835267	0.092605806722343	0.209511162182686	0.226176688131411	0	0.157437302683054	0.131376480668199	0.256952609963718	0.0974492056993601	0.217648453500483	0.273819831755137	0.278933962645422	0.289754573756464	0.236835910784857	0.318945142638695	0.302452995383929	0.344059940458044	0.28262331272793	0.171556022489555	0.294748228734701	0.198224178689702	0.121292738623108	0.173509608461831	0.256804891671612	0.181677806377464	0.115749845554505	0.300212149610228	0.240428020023001	0.246828490664572	0.169780949320233	0.257043049836787	0.147248927181491	0.215429476167651	0.096596791123067	0.240704308386162	0.257983759208051	0.127007253765859	0.16224697631738	0.216045591839854	0.119045224946646	0.184609453457809	0.196196385504441	0.25119123682955	0.278681831817117	0.339174882831901	0.252799676286575	0.391262536257164	0.0959128931580504	0.22378284859985	0.303771427983996	0.176914304005441	0.284469865866036
700099448	0.207415812169703	0.15514377796683	0.214323637168715	0.362281877588231	0.147483723873926	0.149938646035241	0.243623956564066	0.163444193828969	0.205254237208065	0.133188359861368	0.156852448545567	0.258839860690719	0.157437302683054	0	0.205089027578028	0.218402033793272	0.131087870353327	0.182623824708567	0.186943073887642	0.2197907866833	0.2269559117575	0.223182763585034	0.223197848819919	0.195384347043786	0.28795437436358	0.196224086380498	0.102707632327405	0.295165456022176	0.1851671445566	0.147490658338171	0.131177657183507	0.246067326604095	0.148857612163436	0.121999826132934	0.223717753123611	0.183217913163169	0.161351125510487	0.173602639542847	0.19067079331046	0.200564032327211	0.155141182688224	0.159382646088103	0.141224709519016	0.221865884984127	0.144956690752686	0.12168619548758	0.132010921398651	0.159813866326233	0.110216033896366	0.22057701479616	0.236017020164083	0.208615709027384	0.284283214533599	0.149664361550162	0.281819855589178	0.155152174478912	0.176981119076372	0.232591582072475	0.196932839890216	0.232838078165726
700109870	0.321318429924056	0.282882403473238	0.176728005299746	0.437802505632087	0.271522810117214	0.169473286375594	0.307330653727699	0.133874007234089	0.284924237675263	0.172292864831786	0.2393837146969	0.196247466638584	0.131376480668199	0.205089027578028	0	0.269581056468022	0.131813146996659	0.237635003219539	0.284881927126694	0.302650902656089	0.272606313111936	0.24505508878657	0.311314831943561	0.314002600881958	0.351474543580611	0.323200842720797	0.234718654306742	0.374489742374868	0.24937472888452	0.190886319164376	0.197478797525709	0.264726750250731	0.226108404112108	0.203097668833084	0.346397749921727	0.250645663973914	0.277445692625742	0.150718899396973	0.300673880611628	0.194659615578544	0.245197005391401	0.161420536404119	0.27207655699002	0.278161851738505	0.173646766339604	0.164768748830856	0.243922971413506	0.121181466308397	0.206901817339359	0.182964238827881	0.253730787941926	0.310973964133227	0.369707497641171	0.25681627659652	0.396989110001239	0.150599989001334	0.221034094097886	0.329983909112092	0.178767794781886	0.303174723791747
700033928	0.208158274040627	0.26136773374709	0.141742682704806	0.352099028742887	0.230791091223831	0.16577164600724	0.171566034839194	0.256109750005534	0.173912758604355	0.222372246132925	0.111090245791624	0.160849872859284	0.256952609963718	0.218402033793272	0.269581056468022	0	0.234043689139118	0.145986734994134	0.136068168280019	0.214832204999035	0.158779935113736	0.0777277493227695	0.261209815779801	0.185593998214291	0.182998587215135	0.270297540148335	0.237058154925644	0.360321570251053	0.305365553111186	0.27285361393749	0.159255225937257	0.149378941023335	0.123483692846466	0.195957902475512	0.2731174127431	0.194507970342782	0.233573313982887	0.221602673139573	0.197445722498052	0.30617510557071	0.187024471226582	0.193394182668263	0.165278522253896	0.183565380410442	0.213516991294074	0.213988854068716	0.197052632882285	0.211538991953999	0.184664736772799	0.124554089815452	0.109886813196246	0.193118775067469	0.272472399241086	0.164080351024421	0.289827714070423	0.191531447681942	0.18639709676144	0.186675718604593	0.133061490774158	0.175903003263863
700023693	0.274556174231795	0.200804493235051	0.177020883362947	0.403045386601432	0.206732931904674	0.13605914088955	0.277042651272531	0.0816106067176631	0.239696282042517	0.0938180866633257	0.179297092315271	0.209761817418293	0.0974492056993601	0.131087870353327	0.131813146996659	0.234043689139118	0	0.193607790340412	0.245193450931772	0.258456117826739	0.239956157780067	0.218963690873064	0.268072662779805	0.270434679245345	0.325102619305518	0.260335407081546	0.149072618416527	0.310902064988463	0.187622650006394	0.142110753556794	0.135029299448431	0.235934193264366	0.153580880762322	0.123527918439439	0.275989957353311	0.209451885395651	0.21624616570516	0.160114883525776	0.23907426575355	0.129021239317457	0.178855242918001	0.114820820115224	0.204340301842942	0.233620760879149	0.122543193634751	0.104215013897059	0.166085199746886	0.0892438095775831	0.152206271277192	0.185789198259416	0.239365679895939	0.263315417691559	0.321906182724792	0.215093937890369	0.354646367301044	0.0964788691583818	0.18598472112541	0.287011020106238	0.184469275104826	0.266495447138316
700109627	0.273259762151837	0.292603710581784	0.123519788701015	0.436934781510062	0.242956909105072	0.082172433282591	0.277437687656068	0.227905062386714	0.25527001794731	0.177563893444216	0.139519113045318	0.156887402376262	0.217648453500483	0.182623824708567	0.237635003219539	0.145986734994134	0.193607790340412	0	0.210512744031865	0.285342051553485	0.247113295780565	0.14011039081901	0.308350476043104	0.23969694431618	0.264500187473592	0.307557047628627	0.204307489922486	0.371433830789992	0.324261759068099	0.228963103237337	0.103999750271455	0.196822400238735	0.157968283973401	0.143398142494511	0.30694907027888	0.234666264736258	0.184113441340751	0.129151927790793	0.273930250330037	0.273709579033278	0.248823499588563	0.166226422928052	0.174901096071829	0.230334114986369	0.225391891323543	0.224483414575558	0.240952378625665	0.18926266710367	0.10083631587742	0.132609736380713	0.152588238262362	0.28983228627014	0.362300402029815	0.193525938735851	0.350492898737661	0.167950688396297	0.223234633445608	0.279269160028356	0.147086604383285	0.271944598688015
700095416	0.137226713845898	0.207758906854337	0.233316415475164	0.325822796227325	0.191302729858762	0.214721995793145	0.122006196084938	0.27236589754075	0.108520413547834	0.238159847491615	0.13253147969814	0.25456801852595	0.273819831755137	0.186943073887642	0.284881927126694	0.136068168280019	0.245193450931772	0.210512744031865	0	0.16532938568709	0.114954708290171	0.158305408111634	0.196918620818057	0.104054187622147	0.150418590227187	0.209927085019147	0.207771981735713	0.357736168216853	0.291133157010811	0.265742893274757	0.178149341193165	0.150618201039467	0.146101065053812	0.208158252608622	0.211656725624749	0.138387360722548	0.209055027340472	0.230406403321638	0.133720559486087	0.324787787283883	0.127325179545579	0.241430328995073	0.117914608584004	0.143682618375412	0.228428817196168	0.204113751772583	0.148026695521411	0.232633796426598	0.173547999148319	0.218235485546857	0.208190934293047	0.137943935431715	0.227918046204026	0.0789764707190723	0.213633069213452	0.221510627246335	0.155453139100175	0.137904262456221	0.199754737727492	0.133333136201289
700110425	0.114073275919987	0.202112227836424	0.299515881012703	0.213441965969899	0.203321837289981	0.275940370320946	0.098743380360503	0.279187892642431	0.143404126990043	0.26946442536961	0.171706287709079	0.310204373937156	0.278933962645422	0.2197907866833	0.302650902656089	0.214832204999035	0.258456117826739	0.285342051553485	0.16532938568709	0	0.154202170140987	0.229507955753143	0.14697515043553	0.12320452102014	0.121131743109216	0.234890366728119	0.231364759369017	0.339729326979244	0.28580156769536	0.279731903711521	0.238716242686304	0.228248536287198	0.189982872491528	0.252263760979987	0.194129232403125	0.10673664266066	0.242478131828063	0.306966459664153	0.131880558241844	0.331006559882449	0.135677982211731	0.270971245484728	0.184947487131308	0.141790545421444	0.240071835527921	0.226681091934832	0.177967371249263	0.25430815163647	0.233953422055789	0.281598796521927	0.263282421210885	0.100642479514883	0.104178634486483	0.15444604382776	0.154260440798551	0.251369202158375	0.124394220624893	0.0941140118775495	0.262741135178478	0.123125577024122
700111580	0.161923105399402	0.230758042885092	0.244955502107386	0.301262183470059	0.230640746291544	0.239693516444156	0.106322733763158	0.267425346498563	0.155530119585144	0.246088488728234	0.155655565595832	0.244986310574606	0.289754573756464	0.2269559117575	0.272606313111936	0.158779935113736	0.239956157780067	0.247113295780565	0.114954708290171	0.154202170140987	0	0.167451327240802	0.184651099302837	0.146090620532126	0.120893727567327	0.256124811644829	0.265340355642839	0.39464920927047	0.258085081471544	0.296827699153219	0.196276772075703	0.154119241861905	0.172802221935025	0.230129049942179	0.244682861052073	0.130196766050886	0.276360593217879	0.23413048819104	0.179831345400646	0.303423480197336	0.14089389443013	0.240084591940666	0.159540004797981	0.158284788868785	0.203686401671114	0.196145557354324	0.183211434772156	0.209622010766446	0.192435642839598	0.224566137751266	0.22429357945636	0.131373799751789	0.220551092720392	0.120497658488944	0.239421226257266	0.228434929246482	0.110345961680555	0.120465934172532	0.187889288566243	0.131402657617381
700111302	0.242106430916301	0.259024885842873	0.103211984379943	0.392327891574508	0.243769540841153	0.148482410602754	0.200613773709615	0.232402493166012	0.196556365544887	0.209009137908192	0.102970114628232	0.118044116771936	0.236835910784857	0.223182763585034	0.24505508878657	0.0777277493227695	0.218963690873064	0.14011039081901	0.158305408111634	0.229507955753143	0.167451327240802	0	0.284058970503238	0.222006420777072	0.189190831053696	0.292279984355935	0.235103148985831	0.369021465902927	0.306695132006444	0.261902677455435	0.15362886542945	0.113233510680165	0.122210623007554	0.181620917565833	0.295685289363591	0.182596865147205	0.247756902131123	0.189996810507195	0.233172463216986	0.287290734279008	0.218340544871979	0.168105293521109	0.182367766026101	0.173980890596874	0.201174066706971	0.221918669797753	0.21496018711101	0.181923023571751	0.176955402817302	0.0812473086056036	0.104027310463364	0.232986295801133	0.303067932398968	0.163711538960987	0.331125567367011	0.164891361382872	0.186249071352163	0.222755196184111	0.102650119760488	0.210505014241751
700098605	0.143946374013241	0.179017316790333	0.328022787386525	0.217082568979989	0.207878845481447	0.293714901416161	0.158160505818214	0.310834538128667	0.189659059100562	0.299008773548747	0.236232450316807	0.346572218571	0.318945142638695	0.223197848819919	0.311314831943561	0.261209815779801	0.268072662779805	0.308350476043104	0.196918620818057	0.14697515043553	0.184651099302837	0.284058970503238	0	0.153264014489438	0.20436940058003	0.211256412156697	0.228424468166345	0.348977739338478	0.279243849986517	0.312238571360476	0.253825939113747	0.272009999144903	0.252396722857742	0.280719430540908	0.18485373078311	0.16534174584196	0.264051045978224	0.303586896049824	0.158055015434025	0.310461142244434	0.156429143037191	0.314447733619124	0.209874248955233	0.211772247455867	0.287097395057681	0.219612936133845	0.182612809723613	0.288080113177727	0.248196974296237	0.32385573945561	0.313257933752035	0.1664572727534	0.152252415024657	0.170522673392107	0.13179822428632	0.298528461820415	0.182942364206205	0.17548797013065	0.294080542560513	0.165676724048581
700111991	0.0709703031248268	0.19953169877206	0.29356908387778	0.276391092776863	0.185747424416877	0.262750258615182	0.12240431428366	0.304947120416499	0.105397466192344	0.279572578481936	0.17429062744692	0.31999446322608	0.302452995383929	0.195384347043786	0.314002600881958	0.185593998214291	0.270434679245345	0.23969694431618	0.104054187622147	0.12320452102014	0.146090620532126	0.222006420777072	0.153264014489438	0	0.150063105016426	0.189158805102308	0.205732950170283	0.349191631654164	0.303928093604716	0.289695377325921	0.226093565987695	0.212626949796665	0.205598537953813	0.256364085459843	0.167885012433604	0.118833438911227	0.202487806790328	0.277986574939435	0.100433972535876	0.351649845888131	0.130826500544882	0.29536209027929	0.157364588189257	0.143690271955685	0.269806690113539	0.224197353047381	0.15602732418381	0.277848620544053	0.207030913765503	0.282756561174205	0.260190978801105	0.109356518605365	0.171134783224879	0.114450896670824	0.133728668736596	0.277564969386627	0.168789822423863	0.121004514138646	0.257066494978238	0.128631939720734
700108960	0.164018418673393	0.280336046410781	0.276556156181581	0.278497247246682	0.284221488654449	0.276130389325949	0.0990609239630791	0.344059726431822	0.159893285035365	0.31397915884499	0.178758058427766	0.287487188792891	0.344059940458044	0.28795437436358	0.351474543580611	0.182998587215135	0.325102619305518	0.264500187473592	0.150418590227187	0.121131743109216	0.120893727567327	0.189190831053696	0.20436940058003	0.150063105016426	0	0.300930430498624	0.307849700353838	0.419319390811569	0.351751774415552	0.348583795627365	0.249469057463819	0.14681928433671	0.214255983642117	0.283763693771148	0.269637524307279	0.138879438460359	0.305679599257281	0.297309078873336	0.196965681132464	0.394053797821173	0.205037562350644	0.287736304195646	0.21245014741383	0.152671937718318	0.293710714011233	0.297476659582603	0.251798738955509	0.298062688752887	0.254311290323663	0.255575808462458	0.245731025153277	0.154556920119629	0.16432772828831	0.169270716263664	0.189418381993874	0.281519437228187	0.169380477644798	0.120949123776525	0.221579475150484	0.118504609443263
700024452	0.174373893997615	0.153588260196298	0.326694016057203	0.269043315113971	0.161469013811096	0.286433128213264	0.242182859120666	0.280302597905015	0.196760545942989	0.256867490099683	0.236780927695845	0.35932515384053	0.28262331272793	0.196224086380498	0.323200842720797	0.270297540148335	0.260335407081546	0.307557047628627	0.209927085019147	0.234890366728119	0.256124811644829	0.292279984355935	0.211256412156697	0.189158805102308	0.300930430498624	0	0.174760197909492	0.285883868376033	0.206027766149118	0.238499566054033	0.268669255365154	0.298894603357686	0.233575601188941	0.250878330338527	0.0826601247390943	0.213757599129986	0.261320377736576	0.306588633971418	0.149601874622531	0.290508567906787	0.175844375107388	0.279476564622875	0.219685672869801	0.24743188292296	0.254528123700049	0.203546784160166	0.165094822459595	0.290681343022763	0.245864981203153	0.319334447282041	0.327765905827517	0.172100508352038	0.206307015197951	0.199797484288308	0.205760844001558	0.281380929275716	0.230592016899463	0.214371390057	0.287969685391855	0.237967234598037
700032931	0.207241681091057	0.135539148602052	0.239275371424955	0.361869175271165	0.140475281123832	0.184013476881627	0.2684975037513	0.172530610654835	0.201078952571706	0.148662858331495	0.161598270809621	0.279455567035334	0.171556022489555	0.102707632327405	0.234718654306742	0.237058154925644	0.149072618416527	0.204307489922486	0.207771981735713	0.231364759369017	0.265340355642839	0.235103148985831	0.228424468166345	0.205732950170283	0.307849700353838	0.174760197909492	0	0.247322760999923	0.193765241908473	0.15726561685946	0.159764321712461	0.265713828197516	0.150680917278679	0.138569108216243	0.191392427313424	0.198561741553508	0.173302371384585	0.220683456427857	0.171783460110596	0.194642204212795	0.165903078237605	0.179194936709342	0.163902053961372	0.22070597536681	0.163549580311232	0.147082660744765	0.122925948525078	0.18563372772092	0.156855131117946	0.239459198274875	0.251615253828757	0.224819878533203	0.273836715386875	0.177405825785618	0.274277667003179	0.163649051362804	0.223154526229495	0.250062602277375	0.228948786611816	0.25402224118053
700095837	0.341187691332676	0.242658974532783	0.385371248349658	0.429046001827385	0.276768413758465	0.359795036808548	0.3847787853143	0.300104896756861	0.333878078884313	0.280430397545025	0.310233747664509	0.403623956022993	0.294748228734701	0.295165456022176	0.374489742374868	0.360321570251053	0.310902064988463	0.371433830789992	0.357736168216853	0.339729326979244	0.39464920927047	0.369021465902927	0.348977739338478	0.349191631654164	0.419319390811569	0.285883868376033	0.247322760999923	0	0.229050546094701	0.230648989483646	0.334565135485998	0.40015402559116	0.29413711510765	0.278158201165474	0.285065548148691	0.338733493231775	0.330439439017477	0.395531543923999	0.300713764179345	0.319218894173311	0.296580781321025	0.301767668645766	0.339826993092828	0.339778280069915	0.295362271519515	0.30786634583764	0.280955554284852	0.333323979039685	0.340826398435164	0.381573876492276	0.37609965368776	0.343576995560178	0.354496068788467	0.350988229359064	0.39213785727391	0.320170740088734	0.366004105631413	0.362090836754696	0.380104355676649	0.372321183200057
700024548	0.294805582580518	0.164120014557748	0.300204400772128	0.371060382038745	0.217641214787908	0.267199701440281	0.306064999558339	0.181409457166119	0.298674062664063	0.179972769916463	0.247466372981659	0.321108073980282	0.198224178689702	0.1851671445566	0.24937472888452	0.305365553111186	0.187622650006394	0.324261759068099	0.291133157010811	0.28580156769536	0.258085081471544	0.306695132006444	0.279243849986517	0.303928093604716	0.351751774415552	0.206027766149118	0.193765241908473	0.229050546094701	0	0.155626362750969	0.257242338480276	0.324557980838516	0.227085595415081	0.206778182581892	0.229791519588529	0.242938332577597	0.3143850952693	0.286279732151605	0.256947671320746	0.161242647599754	0.209857470937946	0.202059803883076	0.269846807916545	0.303425133709199	0.140153385460231	0.137785040025362	0.205942595204157	0.199801640763063	0.249611931386581	0.302379547870982	0.319641604073262	0.278940928227279	0.303997118113958	0.265361232036102	0.339339559390623	0.230061106224673	0.225195010077235	0.304178572778202	0.27715448668776	0.308609808695015
700110161	0.296480962835098	0.201287469150279	0.22618900652119	0.41404890666499	0.194029911847707	0.176649279235522	0.30995822787068	0.120017699557755	0.262948118481975	0.109532560677882	0.208615450224684	0.272369858679271	0.121292738623108	0.147490658338171	0.190886319164376	0.27285361393749	0.142110753556794	0.228963103237337	0.265742893274757	0.279731903711521	0.296827699153219	0.261902677455435	0.312238571360476	0.289695377325921	0.348583795627365	0.238499566054033	0.15726561685946	0.230648989483646	0.155626362750969	0	0.183087224329555	0.283638715683163	0.186730036600979	0.124904443259874	0.259418718501154	0.241095767284129	0.236457077823951	0.192452191783218	0.250989411674016	0.204911269079297	0.225735146437762	0.134819069782384	0.228054403992603	0.263461743504226	0.163892287581125	0.177199090583739	0.194853101979932	0.168027532196695	0.191995031484635	0.22885974134061	0.279365176959924	0.271400139159389	0.339819007414204	0.234771389863154	0.374307977287234	0.158338731872508	0.236211585439019	0.297100576707828	0.215321005299255	0.296263585528563
700023496	0.244525024557649	0.213092525411891	0.148634338257736	0.402211464800411	0.183893639449286	0.0752623197506811	0.235793431056714	0.169654334782508	0.211933977486475	0.121446250890224	0.101409232937082	0.17236133585108	0.173509608461831	0.131177657183507	0.197478797525709	0.159255225937257	0.135029299448431	0.103999750271455	0.178149341193165	0.238716242686304	0.196276772075703	0.15362886542945	0.253825939113747	0.226093565987695	0.249469057463819	0.268669255365154	0.159764321712461	0.334565135485998	0.257242338480276	0.183087224329555	0	0.186615660458026	0.10431005958777	0.0869594238812841	0.279175952040317	0.196961252470158	0.167917792528536	0.126003884762332	0.230914766339331	0.214124453767918	0.171215720782989	0.120863444333975	0.125014487574901	0.202804147714929	0.149155843192314	0.158013194966955	0.163277357292786	0.126101371067821	0.0816424964531331	0.153875583864041	0.168911020459823	0.24069227299585	0.325517532144418	0.144503960123143	0.328939191447698	0.107472900765795	0.176594634994719	0.236968478774359	0.160684578397374	0.230484770848235
700034628	0.242069487392692	0.261166878661547	0.18254342374819	0.389687001369246	0.268280521657958	0.188771000302431	0.167696159502095	0.251195662504539	0.161338700753651	0.228578792123037	0.149210359897629	0.191454406150351	0.256804891671612	0.246067326604095	0.264726750250731	0.149378941023335	0.235934193264366	0.196822400238735	0.150618201039467	0.228248536287198	0.154119241861905	0.113233510680165	0.272009999144903	0.212626949796665	0.14681928433671	0.298894603357686	0.265713828197516	0.40015402559116	0.324557980838516	0.283638715683163	0.186615660458026	0	0.166006817790032	0.205297977097499	0.292197057275636	0.155366386299052	0.284358315460687	0.210559631573553	0.229136107589136	0.302784880412578	0.223734265685512	0.193737430805901	0.202056217934338	0.133691419976375	0.225254390841891	0.242762769439656	0.236644129012648	0.204240036839249	0.20399050186703	0.164969726127379	0.197053043379359	0.226122650081537	0.280484765321129	0.169854130098217	0.310443223736903	0.190770407945219	0.178137894980493	0.204491247892073	0.145838621084777	0.150954348953996
700023645	0.214209112768826	0.183562248575812	0.166934247070663	0.358176933730658	0.175711731874042	0.135315422190643	0.196296058064357	0.177143271475764	0.175123544103149	0.137082547619629	0.0702273718757057	0.185515042898487	0.181677806377464	0.148857612163436	0.226108404112108	0.123483692846466	0.153580880762322	0.157968283973401	0.146101065053812	0.189982872491528	0.172802221935025	0.122210623007554	0.252396722857742	0.205598537953813	0.214255983642117	0.233575601188941	0.150680917278679	0.29413711510765	0.227085595415081	0.186730036600979	0.10431005958777	0.166006817790032	0	0.112159012932383	0.237546957208164	0.160728821013304	0.198913555946651	0.195341645234022	0.179249114361162	0.229550658998747	0.142627853185453	0.121581555592248	0.135793085967767	0.163043209579093	0.13439490657518	0.148771755420701	0.138379380996987	0.145731335456152	0.14315426052713	0.154803530631082	0.14936299782157	0.191550949150112	0.273181986251442	0.155153609823166	0.303976219427475	0.119608500610114	0.161236577508962	0.185104908394425	0.145317389206465	0.194983732112757
700038744	0.271636220180064	0.179963562340732	0.163054523877027	0.399846184187505	0.184841072937983	0.103643893631143	0.255038662370723	0.124850597504394	0.233903771650731	0.072690969725	0.131673348342987	0.196146420657234	0.115749845554505	0.121999826132934	0.203097668833084	0.195957902475512	0.123527918439439	0.143398142494511	0.208158252608622	0.252263760979987	0.230129049942179	0.181620917565833	0.280719430540908	0.256364085459843	0.283763693771148	0.250878330338527	0.138569108216243	0.278158201165474	0.206778182581892	0.124904443259874	0.0869594238812841	0.205297977097499	0.112159012932383	0	0.260479577680364	0.20080498832286	0.196171075054037	0.153213691015376	0.227238464224952	0.176576220073836	0.183097345952918	0.0813546697004597	0.159870073656365	0.218701566821945	0.11577106423783	0.162939701310342	0.172586333475451	0.121239464348332	0.115088418644382	0.170514783140852	0.203113724860493	0.245489794084569	0.323029252006046	0.180739871325873	0.351788523997145	0.0943064464307504	0.193648177116169	0.24547199002805	0.17846694186754	0.244876276760418
700038485	0.154365151071968	0.148358529171284	0.34027791027403	0.242144966210365	0.170597426743572	0.302279107397549	0.2213352135279	0.297004513964752	0.185406968521561	0.272783615671439	0.233582211921522	0.371848877304413	0.300212149610228	0.223717753123611	0.346397749921727	0.2731174127431	0.275989957353311	0.30694907027888	0.211656725624749	0.194129232403125	0.244682861052073	0.295685289363591	0.18485373078311	0.167885012433604	0.269637524307279	0.0826601247390943	0.191392427313424	0.285065548148691	0.229791519588529	0.259418718501154	0.279175952040317	0.292197057275636	0.237546957208164	0.260479577680364	0	0.188174812921223	0.264758144966649	0.333261849775838	0.128455321838293	0.305859078360409	0.174346716881269	0.30336553084643	0.228989734574429	0.220261891453434	0.275270048776305	0.222340072784226	0.175093052933059	0.312521290061195	0.260417607000316	0.340637865109571	0.327374126125335	0.154650165250048	0.166041786986522	0.204370585365111	0.175710326931101	0.297391544932211	0.22557228078602	0.185729649224966	0.310698985465831	0.214136331250181
700024743	0.140975295233853	0.176296943945055	0.230427118377248	0.284771629830977	0.200707693984617	0.213073741400149	0.100991700260752	0.23760538113845	0.129146703694449	0.215413232278106	0.143774421544901	0.251396622960635	0.240428020023001	0.183217913163169	0.250645663973914	0.194507970342782	0.209451885395651	0.234666264736258	0.138387360722548	0.10673664266066	0.130196766050886	0.182596865147205	0.16534174584196	0.118833438911227	0.138879438460359	0.213757599129986	0.198561741553508	0.338733493231775	0.242938332577597	0.241095767284129	0.196961252470158	0.155366386299052	0.160728821013304	0.20080498832286	0.188174812921223	0	0.237140191852107	0.23827895402415	0.142730800105784	0.287631188397015	0.128546903019152	0.221854961134992	0.168123071745989	0.107190914235089	0.200692422392135	0.184175503989117	0.174013652619853	0.207219156207596	0.172635055950351	0.220407957298592	0.226198364037447	0.1347554310704	0.179598497931883	0.115652425799479	0.195506284878438	0.212048570540404	0.119311286244944	0.11941809927796	0.200041461804194	0.104534005539065
