700108602	700014971	700033565	700109389	700023058	700023927	700106341	700114221	700023543	700023439	700016978	700024192	700113058	700099448	700109870	700033928	700023693	700109627	700095416	700110425	700111580	700111302	700098605	700111991	700108960	700024452	700032931	700095837	700024548	700110161	700023496	700034628	700023645	700038744	700038485	700024743	700099596	700110760	700101587	700106399	700032322	700095653	700021312	700101230	700023590	700038905	700033136	700023382	700096424	700105469	700016908	700096053	700108479	700109569	700033814	700016125	700109756	700102665	700101777	700109455
700108602	0	-0.163138095001352	-0.198030780406387	-0.132846335111621	-0.150220030464074	-0.197006808413816	-0.0775780093967424	-0.221094755363087	-0.078285636435258	-0.203094349347854	-0.135937752683765	-0.205610296482295	-0.214341087576784	-0.167850816692379	-0.215777603747219	-0.113623438810689	-0.211767924941052	-0.19800558336496	-0.0864342026484103	-0.0941244779546997	-0.109981748042027	-0.133977943302911	-0.097590500357788	-0.0513652071658005	-0.105905868783716	-0.121237942155804	-0.160797343425991	-0.171823320534927	-0.185029255876209	-0.211494156874558	-0.187013642062619	-0.145000308341751	-0.134543853145882	-0.194811165385054	-0.108867131917607	-0.118317415217165	-0.164418542857988	-0.217168734412272	-0.0731558282929746	-0.238244415485131	-0.116459708291517	-0.205531198062313	-0.128835633307349	-0.128285340568958	-0.187581804746271	-0.151538738512569	-0.12014111629993	-0.199767260937545	-0.165935443683659	-0.176129431271233	-0.137419679303626	-0.0774554977649404	-0.0890514645350889	-0.104190012492953	-0.0832928882199109	-0.193433128705858	-0.124932314989801	-0.0716239956443555	-0.165440175639875	-0.0968323517366398
700014971	-0.163138095001352	0	-0.182343219628912	-0.2175802229426	-0.138937446543148	-0.16994282883848	-0.18158232722197	-0.150977712607501	-0.160546678637115	-0.130475727335077	-0.125729133949619	-0.199871931459819	-0.140870927627144	-0.12112738035432	-0.174182727634693	-0.170704986669857	-0.131484206214169	-0.169752691293125	-0.169735925287741	-0.162085265515793	-0.172389767550616	-0.153429859107124	-0.134205843273257	-0.167479840760466	-0.198186702884228	-0.153180227838019	-0.108052001066889	-0.128595408420938	-0.109585475030233	-0.128454611464351	-0.143798382603296	-0.173810114685222	-0.123427147412728	-0.126289772443747	-0.14386592540437	-0.133023013480166	-0.166279581558433	-0.184178315291844	-0.147756482191577	-0.160843812675067	-0.135549465711298	-0.161199298658965	-0.136630591612419	-0.163447588508939	-0.112922807719167	-0.1176712785936	-0.115104323247472	-0.16810840876149	-0.126890394874319	-0.18125647260685	-0.176378472930798	-0.173776969131799	-0.17294996017193	-0.127508365680889	-0.180506335889505	-0.143187214154974	-0.158587627082242	-0.181667273771463	-0.164887659643907	-0.172547322913547
700033565	-0.198030780406387	-0.182343219628912	0	-0.234413540985822	-0.191340754422524	-0.0653685282016947	-0.205853721483318	-0.114342516867643	-0.185275856782017	-0.092746016412882	-0.110437761227191	-0.0707359547104639	-0.115040583352602	-0.128074933052616	-0.113921342944763	-0.126372318114764	-0.119173712924372	-0.0975553499138191	-0.170190674991482	-0.189940541133932	-0.173555471735339	-0.104257377805464	-0.186565526505912	-0.180961420782645	-0.184670229950453	-0.201686011318967	-0.153474435019672	-0.178397974583868	-0.173127471112733	-0.119771623886554	-0.116502693574211	-0.127216751484271	-0.133290740219843	-0.106805840546713	-0.201122553634025	-0.140753108270675	-0.156388583946195	-0.0934045372463705	-0.189578383552449	-0.147918844244212	-0.165755390030006	-0.0825463739018286	-0.156043430448639	-0.148244995191095	-0.142492029432414	-0.151421884499348	-0.162009456199662	-0.0927323494302727	-0.117394944324066	-0.078673616055043	-0.0919334661247549	-0.216956903770975	-0.204262343515297	-0.130445602059858	-0.223765199024355	-0.10189411010961	-0.151406213124924	-0.199013099734869	-0.0982487306144016	-0.195067202352703
700109389	-0.132846335111621	-0.2175802229426	-0.234413540985822	0	-0.195969256756446	-0.247062175634527	-0.114834732566779	-0.247546580425496	-0.173792844113048	-0.248441107224179	-0.193275496052372	-0.23205662797475	-0.246425632303553	-0.229168369991268	-0.233336474690225	-0.183622572014853	-0.250138996152348	-0.255241803168908	-0.179022274005075	-0.118042178888207	-0.152846794230683	-0.194015051444831	-0.155345676572197	-0.14215380698154	-0.142184916901724	-0.149007205497225	-0.232795460508452	-0.211248135970529	-0.197814325219111	-0.240309869692383	-0.247411592776858	-0.212798184826967	-0.182114937288668	-0.236230985403519	-0.141457169490808	-0.175639890325452	-0.243968778374789	-0.261270800213908	-0.155677361848193	-0.240182183413206	-0.165443990077875	-0.231832314199246	-0.206590237935503	-0.192384176391666	-0.211600299297376	-0.181820713481151	-0.196983406954674	-0.234958264381736	-0.220909745646772	-0.213753065249804	-0.189530295130806	-0.11492558987761	-0.0913215903981636	-0.188320716178381	-0.131438101397979	-0.230214647554756	-0.134597713611911	-0.120494461357299	-0.190782257292216	-0.150557256982293
700023058	-0.150220030464074	-0.138937446543148	-0.191340754422524	-0.195969256756446	0	-0.164425351945094	-0.156319123218626	-0.184598630309407	-0.131397551239029	-0.165105964598902	-0.139542143504762	-0.203390771295748	-0.184825781368907	-0.143324076453071	-0.191943890096812	-0.155344402036626	-0.172365155294245	-0.16728801908287	-0.150379902618829	-0.156055162487514	-0.171265620209821	-0.154060866459632	-0.140135033180858	-0.146772874455532	-0.200422845518732	-0.130783659294157	-0.142910138936497	-0.166349215357206	-0.163680147528489	-0.168325531546184	-0.150995128010571	-0.196393187661993	-0.144408757789616	-0.162330679052384	-0.126619399832306	-0.161278723723655	-0.128794285804524	-0.156545150862627	-0.134080803310422	-0.201789929746723	-0.135766200187402	-0.182942514002488	-0.117668383729935	-0.173955635802767	-0.156050083761108	-0.13206651890841	-0.10745601443812	-0.180914062445667	-0.138319075381313	-0.190612508154494	-0.171330549162864	-0.149438305659058	-0.149441109794972	-0.132922628743932	-0.167941394923719	-0.179214443904819	-0.173184933054571	-0.170655124657007	-0.179061525945347	-0.155131789994564
700023927	-0.197006808413816	-0.16994282883848	-0.0653685282016947	-0.247062175634527	-0.164425351945094	0	-0.213206870323556	-0.121355165480123	-0.185896651521187	-0.0869294886817377	-0.128927766410017	-0.101366465328773	-0.128576739214041	-0.104426056664329	-0.119767621257279	-0.142813662487959	-0.113407947852977	-0.083259062432997	-0.161632451043256	-0.2031883189015	-0.171981503565184	-0.120796072881526	-0.168856521168974	-0.181542676784371	-0.195276615640586	-0.195313414047097	-0.143606618798286	-0.189230283924112	-0.170744126619247	-0.121830887756546	-0.0841654972600333	-0.150884758591081	-0.139536898140422	-0.0960522465442687	-0.19405366784145	-0.155754025793979	-0.139977690675566	-0.0653828365139163	-0.191005385079418	-0.152709256790067	-0.169829401331671	-0.0954954532463932	-0.132992335411132	-0.167485379212511	-0.143278062250127	-0.142404856763519	-0.150027506265207	-0.102843016892735	-0.0824050100864515	-0.0945644508750222	-0.113482945045769	-0.224023379631896	-0.215059201197876	-0.117699304711502	-0.219485270387284	-0.112115231793816	-0.147189474671824	-0.206293741075544	-0.101739805500969	-0.196534658949334
700106341	-0.0775780093967424	-0.18158232722197	-0.205853721483318	-0.114834732566779	-0.156319123218626	-0.213206870323556	0	-0.220815967896	-0.0959593304752112	-0.219600316168573	-0.143343703825984	-0.191679115131369	-0.219849205254551	-0.192715327697521	-0.211180743044052	-0.139929248232754	-0.219717260171427	-0.228847055136746	-0.118745115232422	-0.0836697925567604	-0.100726743321023	-0.134893903165662	-0.117044488172862	-0.101616848690367	-0.0904033284733555	-0.155150576737759	-0.207650180022854	-0.200881477362083	-0.195027127870356	-0.220922953218942	-0.203060554119911	-0.121442902858533	-0.142930514895726	-0.212497108157102	-0.140808589292272	-0.108555083923571	-0.206398258717495	-0.232878024548086	-0.0944614133818966	-0.239324600243132	-0.124887422321464	-0.195532603271215	-0.139428146967604	-0.112233972650306	-0.184316277812278	-0.164677415217516	-0.147641233712807	-0.19638299144406	-0.186360495834037	-0.171415592572362	-0.155843626109467	-0.0712936336130537	-0.080416881471411	-0.130084836361359	-0.114973601321152	-0.196193169224181	-0.106212746967508	-0.0692312353451886	-0.159958610458569	-0.0725485500118277
700114221	-0.221094755363087	-0.150977712607501	-0.114342516867643	-0.247546580425496	-0.184598630309407	-0.121355165480123	-0.220815967896	0	-0.203019590585621	-0.0834727818912105	-0.13694456294535	-0.120094270232565	-0.0737932786300847	-0.13162575296173	-0.0908063714478383	-0.170798233798787	-0.0790782080471626	-0.148009207799317	-0.205552513403177	-0.193888636010176	-0.201212186353229	-0.15575638156859	-0.205366161728745	-0.212124088122498	-0.230294647613474	-0.214494357856161	-0.133334849886318	-0.158951158499082	-0.146491704723581	-0.101489815890664	-0.132467528031509	-0.176522542145405	-0.131689874140631	-0.10205190622558	-0.217582301306635	-0.154699303333059	-0.180903899096219	-0.114383723765126	-0.202772063516936	-0.0873851150033283	-0.153050177402658	-0.0758025893632794	-0.177267507521038	-0.171641835299198	-0.104703688128388	-0.132734961441715	-0.143347623972612	-0.0874810313198721	-0.13958215425224	-0.128028388297559	-0.153726593123068	-0.232170046941011	-0.214730161897828	-0.170657692841694	-0.251592749663348	-0.0812545672562312	-0.16446132722463	-0.235862257981212	-0.134019791681872	-0.206439076269634
700023543	-0.078285636435258	-0.160546678637115	-0.185275856782017	-0.173792844113048	-0.131397551239029	-0.185896651521187	-0.0959593304752112	-0.203019590585621	0	-0.189736653304847	-0.126626468893004	-0.188811243272079	-0.196052375400555	-0.15756168780541	-0.205016016764847	-0.107247554746054	-0.197683396439723	-0.194461155462664	-0.0963522658240509	-0.121757715828375	-0.13036152220983	-0.121923929681448	-0.109466132446992	-0.0936631964103397	-0.131983779104813	-0.126813281687307	-0.15571076598175	-0.166667234015179	-0.200543003410125	-0.19439946243888	-0.174884144297422	-0.123818897737355	-0.13165674879716	-0.176873670302789	-0.111846557218562	-0.126523771202044	-0.159586049367695	-0.204770422626614	-0.07881901204547	-0.226642024563871	-0.127929018218591	-0.185524743770631	-0.129107545890626	-0.0966915038228846	-0.180341564250767	-0.162983918796307	-0.116209239577536	-0.182784916796309	-0.174805061457577	-0.157689956431214	-0.136155219113537	-0.087249695122078	-0.10853774376479	-0.110744700905519	-0.117065406767403	-0.180300337568653	-0.153795276153556	-0.0983291123479795	-0.167846684059007	-0.0934839761730741
700023439	-0.203094349347854	-0.130475727335077	-0.092746016412882	-0.248441107224179	-0.165105964598902	-0.0869294886817377	-0.219600316168573	-0.0834727818912105	-0.189736653304847	0	-0.118242243542428	-0.120571128146597	-0.0735873762270661	-0.095689092011858	-0.105406916632885	-0.151696173214492	-0.0694547849791746	-0.104554479861099	-0.18209413497525	-0.196595614954441	-0.180857626912726	-0.140062472913633	-0.181126109453697	-0.188759328198934	-0.213300886594673	-0.199362070964298	-0.124121423049911	-0.162073854303214	-0.146856488748754	-0.101435519934457	-0.0848981225500951	-0.166924618069887	-0.117288108965925	-0.0798399902274413	-0.195124629849323	-0.148052634317073	-0.151464226025081	-0.0892735345932862	-0.181359930833554	-0.107998333233868	-0.145568922365411	-0.0811111550855384	-0.148578457347874	-0.166798783729064	-0.1165770990063	-0.11748994248788	-0.130598864841109	-0.0892026016892406	-0.0959612946808904	-0.118996532222458	-0.130828736396159	-0.223283115301304	-0.213198663959342	-0.131813137391529	-0.225861976412451	-0.0813221508863663	-0.158531812104009	-0.20896478304535	-0.116453564445643	-0.199053110500234
700016978	-0.135937752683765	-0.125729133949619	-0.110437761227191	-0.193275496052372	-0.139542143504762	-0.128927766410017	-0.143343703825984	-0.13694456294535	-0.126626468893004	-0.118242243542428	0	-0.119558371638684	-0.1286500966311	-0.120059831021057	-0.151584520306215	-0.0934706560664793	-0.132121495996457	-0.122252968863307	-0.123172046066114	-0.118034770416227	-0.125258195054794	-0.0597128647539531	-0.138432321163326	-0.124098234041286	-0.128773651868007	-0.160782740598008	-0.126184563883014	-0.138547358108652	-0.147656083654112	-0.137765588384614	-0.110894921301645	-0.104405622037554	-0.0685104618962139	-0.103052276538225	-0.151539140151506	-0.0829550868200741	-0.137272747075383	-0.154294735290522	-0.124473613572043	-0.163436044167893	-0.0931949713767494	-0.102061056004448	-0.0918478039730302	-0.103702292587135	-0.113683182493315	-0.126615182240875	-0.108223359062981	-0.109692373613873	-0.109994119023035	-0.110449739697547	-0.090923250102195	-0.151410631600311	-0.135125529119258	-0.0865775914840446	-0.163417170635026	-0.106747742257668	-0.118120176381519	-0.137339735676889	-0.110525469639709	-0.137972956834895
700024192	-0.205610296482295	-0.199871931459819	-0.0707359547104639	-0.23205662797475	-0.203390771295748	-0.101366465328773	-0.191679115131369	-0.120094270232565	-0.188811243272079	-0.120571128146597	-0.119558371638684	0	-0.11950513444709	-0.159506225502777	-0.112519538951216	-0.13220882022276	-0.142852474022662	-0.125120639760497	-0.170074245491314	-0.187923339628747	-0.163978978454654	-0.10144598031638	-0.201523346490284	-0.202610199058162	-0.176644143065011	-0.220093760329055	-0.187191398147982	-0.18790099242738	-0.17871615585627	-0.151354547911733	-0.124943489266654	-0.116133668353234	-0.125235529111414	-0.118050052058028	-0.223817281273073	-0.144979768976465	-0.180525682109718	-0.113561480043151	-0.201863144294916	-0.144690982939281	-0.163605588646576	-0.0726912544878417	-0.171811749257685	-0.131361625872113	-0.136134051459106	-0.161145223902102	-0.180713644619376	-0.0842636538603172	-0.146634546685488	-0.0700707831293304	-0.0956289172337512	-0.223053677418608	-0.209607389816055	-0.14505425411673	-0.24563784572554	-0.0949368898523991	-0.136199926970247	-0.20486003215298	-0.100581969529506	-0.190687127401078
700113058	-0.214341087576784	-0.140870927627144	-0.115040583352602	-0.246425632303553	-0.184825781368907	-0.128576739214041	-0.219849205254551	-0.0737932786300847	-0.196052375400555	-0.0735873762270661	-0.1286500966311	-0.11950513444709	0	-0.119423102807306	-0.0961603397564982	-0.167412325660655	-0.0920229932944553	-0.144810811879331	-0.202286763165938	-0.194324402804795	-0.193627676064805	-0.15141981345559	-0.199248587077876	-0.209016068276578	-0.227469945849059	-0.209819723977132	-0.132246944890822	-0.149106249193588	-0.137558567214272	-0.105993156006184	-0.123140129409691	-0.174358981493185	-0.129669419212156	-0.0935042081666797	-0.213519719873059	-0.161046181973579	-0.180173111549899	-0.127402386744554	-0.190540910433799	-0.099064218218336	-0.154466202556938	-0.0757408998765178	-0.182304115138136	-0.173922638223145	-0.108932581800832	-0.13373304727156	-0.156906893874125	-0.0938980374398715	-0.134591879038172	-0.127428469663469	-0.145579253555202	-0.224837014651274	-0.212346555564952	-0.165971244525444	-0.24448081357031	-0.0741669574626823	-0.165845249375164	-0.231592012064961	-0.137415836440446	-0.202952753624802
700099448	-0.167850816692379	-0.12112738035432	-0.128074933052616	-0.229168369991268	-0.143324076453071	-0.104426056664329	-0.192715327697521	-0.13162575296173	-0.15756168780541	-0.095689092011858	-0.120059831021057	-0.159506225502777	-0.119423102807306	0	-0.143037215410657	-0.142927871508273	-0.107848432101767	-0.117824008759962	-0.148614340220629	-0.170696324832226	-0.168004058275665	-0.147393527087953	-0.139003982046671	-0.151754321431953	-0.199071866931109	-0.155224153173333	-0.0983550272409613	-0.157472834877164	-0.138100713636518	-0.110915048302876	-0.0949464756725235	-0.175521427910887	-0.119391417785701	-0.0998718002614506	-0.158410516281924	-0.148984363274126	-0.12443488010439	-0.118651034305412	-0.158619454567004	-0.155158316533541	-0.141659688370006	-0.118842432940981	-0.122692680153485	-0.174395844064066	-0.113937688488566	-0.12213936926055	-0.101482706346463	-0.129579340116715	-0.0706599330011754	-0.141581182425612	-0.133956632303042	-0.183975841105447	-0.19105851872527	-0.123513835040743	-0.183006778902203	-0.117568966718238	-0.139486713207414	-0.184522629955176	-0.130494489200224	-0.17887956130038
700109870	-0.215777603747219	-0.174182727634693	-0.113921342944763	-0.233336474690225	-0.191943890096812	-0.119767621257279	-0.211180743044052	-0.0908063714478383	-0.205016016764847	-0.105406916632885	-0.151584520306215	-0.112519538951216	-0.0961603397564982	-0.143037215410657	0	-0.17646613857893	-0.106848509261871	-0.160007251702855	-0.208214983309586	-0.192455537890887	-0.180835747176112	-0.159757417898815	-0.188635234996036	-0.222502569724067	-0.222363385281775	-0.21095343664639	-0.161871500033746	-0.174123673902743	-0.142786220649512	-0.118814470277856	-0.135989910374659	-0.176045361022311	-0.156021154289605	-0.139183807634018	-0.216149307764199	-0.167992922929025	-0.191118306544012	-0.111517935469338	-0.207930337407619	-0.0927882106533097	-0.17968845529428	-0.0812676748939688	-0.193348112743911	-0.172417599450084	-0.121240706535752	-0.127995168625173	-0.170337627949186	-0.0766816041323772	-0.140410220871791	-0.118873364043241	-0.15585497339352	-0.229773168875916	-0.207691734012712	-0.172018805739267	-0.242577857150935	-0.0961873107721926	-0.150374968401405	-0.230179324058064	-0.124836704329333	-0.197247412804468
700033928	-0.113623438810689	-0.170704986669857	-0.126372318114764	-0.183622572014853	-0.155344402036626	-0.142813662487959	-0.139929248232754	-0.170798233798787	-0.107247554746054	-0.151696173214492	-0.0934706560664793	-0.13220882022276	-0.167412325660655	-0.142927871508273	-0.17646613857893	0	-0.166736990603849	-0.143845684510239	-0.102308132686728	-0.131707668773472	-0.116152335801873	-0.0849863272839728	-0.133449283558536	-0.10432391366256	-0.134715222697448	-0.150015993488318	-0.150410507030154	-0.14547331823552	-0.176777822299295	-0.16807631546223	-0.139998959248103	-0.115278051139665	-0.0925777247698828	-0.147668880295958	-0.141547400140886	-0.126694376375328	-0.140302611027537	-0.168249065323911	-0.107456586641053	-0.202612617750992	-0.0992816901645692	-0.137148397540394	-0.120894761474582	-0.111954465880693	-0.14758234637753	-0.141946446908302	-0.110263077518602	-0.146481006294073	-0.133389931001744	-0.107886028954056	-0.0811069244975114	-0.135055453648067	-0.132088012961266	-0.104857655959828	-0.153808055457846	-0.1377081827071	-0.132332252985927	-0.120475231641805	-0.114714819044269	-0.123896348452146
700023693	-0.211767924941052	-0.131484206214169	-0.119173712924372	-0.250138996152348	-0.172365155294245	-0.113407947852977	-0.219717260171427	-0.0790782080471626	-0.197683396439723	-0.0694547849791746	-0.132121495996457	-0.142852474022662	-0.0920229932944553	-0.107848432101767	-0.106848509261871	-0.166736990603849	0	-0.128534672638092	-0.195745221398321	-0.197423631704098	-0.184769958907908	-0.154528956734277	-0.18749434453212	-0.200399987061776	-0.230783955195503	-0.206424592148791	-0.125609438045684	-0.159780206439907	-0.124568480120231	-0.111912550209864	-0.0929894932962349	-0.185287068081626	-0.130269128515478	-0.104027656202923	-0.200447222936898	-0.154543790106216	-0.163230509564285	-0.124596879273577	-0.191534587966978	-0.0983409740612655	-0.153126769080537	-0.100633963350911	-0.160553324118697	-0.180528805870674	-0.103324187451992	-0.111453626369158	-0.132240803889232	-0.0935245332908623	-0.113642639898699	-0.142510520841235	-0.152691925870728	-0.227352334059737	-0.212996928602317	-0.152042158910422	-0.23622852087209	-0.0996075851794161	-0.161425196258029	-0.22661179603063	-0.145239171962931	-0.206005783757825
700109627	-0.19800558336496	-0.169752691293125	-0.0975553499138191	-0.255241803168908	-0.16728801908287	-0.083259062432997	-0.228847055136746	-0.148009207799317	-0.194461155462664	-0.104554479861099	-0.122252968863307	-0.125120639760497	-0.144810811879331	-0.117824008759962	-0.160007251702855	-0.143845684510239	-0.128534672638092	0	-0.179059219523222	-0.198982715281418	-0.200793357046088	-0.137502870825579	-0.187569571039028	-0.179827492027058	-0.206125867196782	-0.200159606628737	-0.132248874261089	-0.182531369502028	-0.193991790865636	-0.143433985786818	-0.0892900120797656	-0.16802576163568	-0.144132738516886	-0.103462994389544	-0.200916065487553	-0.157701287818493	-0.123029594761054	-0.0947389223218514	-0.198660089811367	-0.178199069901246	-0.174610241545433	-0.125686289858411	-0.133807132538701	-0.170076512977947	-0.164166558124532	-0.159091937259139	-0.157117485776038	-0.134789041719082	-0.0967044140507402	-0.129202253605071	-0.121851351661423	-0.231282562645129	-0.219020013747832	-0.142109899484124	-0.219953100138314	-0.137397523193951	-0.180770596557068	-0.210614056737647	-0.14827095927135	-0.215246889578531
700095416	-0.0864342026484103	-0.169735925287741	-0.170190674991482	-0.179022274005075	-0.150379902618829	-0.161632451043256	-0.118745115232422	-0.205552513403177	-0.0963522658240509	-0.18209413497525	-0.123172046066114	-0.170074245491314	-0.202286763165938	-0.148614340220629	-0.208214983309586	-0.102308132686728	-0.195745221398321	-0.179059219523222	0	-0.124905778611325	-0.0999130515981636	-0.113873397260725	-0.118285430422973	-0.0785903353253665	-0.112809756866841	-0.134901786970929	-0.160667567535062	-0.183356899203803	-0.179629499436079	-0.202819066660409	-0.157536325989497	-0.135729136897233	-0.121252547463613	-0.181138189827422	-0.123429274302101	-0.120746851507529	-0.147281497912715	-0.186034341410144	-0.0950740251646945	-0.233239174488988	-0.0985580941224364	-0.185667906304383	-0.096656029656939	-0.12557148297886	-0.168970392743869	-0.149468647960638	-0.103576092511107	-0.180078941114284	-0.145637966607502	-0.145327573873533	-0.124886817336819	-0.126012286224351	-0.126462982898566	-0.079620733294704	-0.11947714716874	-0.179448449132056	-0.128532766359576	-0.106477968527518	-0.149003364590468	-0.12190573354066
700110425	-0.0941244779546997	-0.162085265515793	-0.189940541133932	-0.118042178888207	-0.156055162487514	-0.2031883189015	-0.0836697925567604	-0.193888636010176	-0.121757715828375	-0.196595614954441	-0.118034770416227	-0.187923339628747	-0.194324402804795	-0.170696324832226	-0.192455537890887	-0.131707668773472	-0.197423631704098	-0.198982715281418	-0.124905778611325	0	-0.101180914791654	-0.127244716204137	-0.108473413540736	-0.105172891636595	-0.0854099481964823	-0.159633102989824	-0.173383463822754	-0.166052098526579	-0.170586842915498	-0.18564146831091	-0.189632461682929	-0.150416975066362	-0.116124546760374	-0.185817727949118	-0.138626947680638	-0.0996496638262702	-0.181027969394077	-0.217579869427534	-0.113687461519578	-0.218239495444891	-0.11111892638313	-0.172264941463311	-0.129732235321096	-0.112824472478799	-0.157354896524106	-0.142297087070229	-0.125984450236601	-0.17863108153095	-0.160445749211069	-0.167509355821053	-0.146498658617247	-0.0850791992903412	-0.0651148253442677	-0.121118979442677	-0.123276853481863	-0.176766859948904	-0.0801723468898345	-0.082683183682652	-0.157869836696799	-0.101677728799731
700111580	-0.109981748042027	-0.172389767550616	-0.173555471735339	-0.152846794230683	-0.171265620209821	-0.171981503565184	-0.100726743321023	-0.201212186353229	-0.13036152220983	-0.180857626912726	-0.125258195054794	-0.163978978454654	-0.193627676064805	-0.168004058275665	-0.180835747176112	-0.116152335801873	-0.184769958907908	-0.200793357046088	-0.0999130515981636	-0.101180914791654	0	-0.104003172523808	-0.116740124030788	-0.107872115948793	-0.0772277035273608	-0.176528829561164	-0.192667790145203	-0.202767819026372	-0.161478628925235	-0.209055625935109	-0.163385673133101	-0.122147073451661	-0.11453080388155	-0.189756070645089	-0.162268349730375	-0.109041626357857	-0.192524416469907	-0.192135298455026	-0.120015777686584	-0.210250867618511	-0.105058386483264	-0.166428193352034	-0.132642107415039	-0.123018733844194	-0.146571814426828	-0.138357166463429	-0.133897836545053	-0.148813165435717	-0.144520392436625	-0.131959353022336	-0.123954539615929	-0.106769979912116	-0.114668564040947	-0.0859947234988199	-0.142647404199534	-0.165443331569316	-0.0795012433009527	-0.0846126602252112	-0.116176585657025	-0.101617468903905
700111302	-0.133977943302911	-0.153429859107124	-0.104257377805464	-0.194015051444831	-0.154060866459632	-0.120796072881526	-0.134893903165662	-0.15575638156859	-0.121923929681448	-0.140062472913633	-0.0597128647539531	-0.10144598031638	-0.15141981345559	-0.147393527087953	-0.159757417898815	-0.0849863272839728	-0.154528956734277	-0.137502870825579	-0.113873397260725	-0.127244716204137	-0.104003172523808	0	-0.146495203475559	-0.129161717893568	-0.108386235084129	-0.178015226858138	-0.158315084455096	-0.169526494853156	-0.1772643037863	-0.169171071164487	-0.127298559570308	-0.0734963172763159	-0.0802049728947101	-0.128191836943523	-0.165682904990947	-0.0926005999479445	-0.151811993511291	-0.155339716411033	-0.133281052533779	-0.178482384269574	-0.109202224518625	-0.112849984683069	-0.11188525292842	-0.0966144054732259	-0.128883495024441	-0.15364432606192	-0.126234599610858	-0.113538574882493	-0.127271371133986	-0.0779989739714954	-0.0744908351307451	-0.153986142039382	-0.135944832048642	-0.0763115325468383	-0.177481269570299	-0.113785291882116	-0.108209594935657	-0.135344555781742	-0.0861676721733486	-0.125648332748142
700098605	-0.097590500357788	-0.134205843273257	-0.186565526505912	-0.155345676572197	-0.140135033180858	-0.168856521168974	-0.117044488172862	-0.205366161728745	-0.109466132446992	-0.181126109453697	-0.138432321163326	-0.201523346490284	-0.199248587077876	-0.139003982046671	-0.188635234996036	-0.133449283558536	-0.18749434453212	-0.187569571039028	-0.118285430422973	-0.108473413540736	-0.116740124030788	-0.146495203475559	0	-0.103042034484262	-0.143929381171682	-0.130326246523347	-0.147446029698593	-0.160999476161566	-0.16560255157906	-0.180576357443728	-0.167647118095873	-0.166142848339641	-0.134304958701716	-0.174202948050371	-0.111743330738493	-0.123575568932858	-0.155922033805973	-0.183611367873756	-0.111215109404916	-0.210038588246389	-0.122236384866603	-0.19111525775183	-0.125394853734152	-0.13916690441233	-0.181826912446998	-0.135504914906131	-0.116243637670833	-0.186539305870257	-0.145457349965593	-0.178358963424406	-0.158086176262581	-0.114801131798568	-0.111766701178281	-0.106062646670473	-0.0998391590791521	-0.183923852982565	-0.125464609482313	-0.115794141758814	-0.169488069832827	-0.106663574938377
700111991	-0.0513652071658005	-0.167479840760466	-0.180961420782645	-0.14215380698154	-0.146772874455532	-0.181542676784371	-0.101616848690367	-0.212124088122498	-0.0936631964103397	-0.188759328198934	-0.124098234041286	-0.202610199058162	-0.209016068276578	-0.151754321431953	-0.222502569724067	-0.10432391366256	-0.200399987061776	-0.179827492027058	-0.0785903353253665	-0.105172891636595	-0.107872115948793	-0.129161717893568	-0.103042034484262	0	-0.1078106415679	-0.124400512202875	-0.157624830239049	-0.174590703470267	-0.189139192766158	-0.206546626034816	-0.173634611833492	-0.155441206108806	-0.129740671684272	-0.185456125600357	-0.11201539781833	-0.120779591265212	-0.15984001846454	-0.20602388890536	-0.0797368660716355	-0.238272378301706	-0.101884768945108	-0.200406639303563	-0.113463796139747	-0.138425604403546	-0.181268319159879	-0.150124832000212	-0.107514046852407	-0.195455414762751	-0.155156080941341	-0.173371628103241	-0.13367892012707	-0.0977651788450514	-0.09989563818883	-0.101964252836205	-0.0857804656149243	-0.191355381343904	-0.130600552916244	-0.0815342370241356	-0.160391860128297	-0.105353928985756
700108960	-0.105905868783716	-0.198186702884228	-0.184670229950453	-0.142184916901724	-0.200422845518732	-0.195276615640586	-0.0904033284733555	-0.230294647613474	-0.131983779104813	-0.213300886594673	-0.128773651868007	-0.176644143065011	-0.227469945849059	-0.199071866931109	-0.222363385281775	-0.134715222697448	-0.230783955195503	-0.206125867196782	-0.112809756866841	-0.0854099481964823	-0.0772277035273608	-0.108386235084129	-0.143929381171682	-0.1078106415679	0	-0.197449623571646	-0.21843976863422	-0.219569463024375	-0.205990734070062	-0.225957676296792	-0.200992421761433	-0.103461832221858	-0.140459103137939	-0.206696825673921	-0.178532299981524	-0.107403363433289	-0.20504068103429	-0.221129091539545	-0.129585237531764	-0.251733103751791	-0.135235574539647	-0.188753618277343	-0.143538425638099	-0.114501005098519	-0.186669653361522	-0.189553708799306	-0.169758625877994	-0.190488783696268	-0.175677452454992	-0.142811509596669	-0.1334420425406	-0.103607057543483	-0.0985837371082895	-0.108567934714794	-0.126697363487834	-0.192761772244844	-0.0935143643702271	-0.073721651183504	-0.131933174031694	-0.100050764129019
700024452	-0.121237942155804	-0.153180227838019	-0.201686011318967	-0.149007205497225	-0.130783659294157	-0.195313414047097	-0.155150576737759	-0.214494357856161	-0.126813281687307	-0.199362070964298	-0.160782740598008	-0.220093760329055	-0.209819723977132	-0.155224153173333	-0.21095343664639	-0.150015993488318	-0.206424592148791	-0.200159606628737	-0.134901786970929	-0.159633102989824	-0.176528829561164	-0.178015226858138	-0.130326246523347	-0.124400512202875	-0.197449623571646	0	-0.151137810259273	-0.153739024011471	-0.147848538031299	-0.183778185282833	-0.20178726121036	-0.203670300562288	-0.151440127127077	-0.191438923314862	-0.0668552799209986	-0.156604634243341	-0.174487975946157	-0.205390507806816	-0.119030277025802	-0.212257068926848	-0.146933891925482	-0.210887662131146	-0.161850406653486	-0.176079238195401	-0.174669642000098	-0.1325366453041	-0.112964280601348	-0.210787492058361	-0.16584049493255	-0.199894292314324	-0.180526017704335	-0.133623355068568	-0.13096842609229	-0.14813832283559	-0.113116844304989	-0.202451198658106	-0.16604284457498	-0.160766349268114	-0.18163353914768	-0.169554959537296
700032931	-0.160797343425991	-0.108052001066889	-0.153474435019672	-0.232795460508452	-0.142910138936497	-0.143606618798286	-0.207650180022854	-0.133334849886318	-0.15571076598175	-0.124121423049911	-0.126184563883014	-0.187191398147982	-0.132246944890822	-0.0983550272409613	-0.161871500033746	-0.150410507030154	-0.125609438045684	-0.132248874261089	-0.160667567535062	-0.173383463822754	-0.192667790145203	-0.158315084455096	-0.147446029698593	-0.157624830239049	-0.21843976863422	-0.151137810259273	0	-0.12800327534335	-0.150538403407467	-0.129203298468583	-0.128056795062064	-0.189349839517806	-0.126243022222521	-0.110281974977415	-0.15770183323285	-0.161463927927008	-0.126054187769386	-0.151373810861531	-0.157505646492768	-0.154844627912776	-0.143370586727964	-0.143742005174888	-0.13349258485907	-0.169889340361628	-0.135452345430082	-0.128701739338971	-0.116760477428005	-0.148222138179157	-0.117460923238549	-0.166121995178624	-0.160625445207442	-0.194421630733985	-0.183214690766678	-0.142449837183579	-0.178866180318244	-0.131007163768223	-0.1740237134327	-0.202238384975352	-0.160321245140141	-0.195058223969322
700095837	-0.171823320534927	-0.128595408420938	-0.178397974583868	-0.211248135970529	-0.166349215357206	-0.189230283924112	-0.200881477362083	-0.158951158499082	-0.166667234015179	-0.162073854303214	-0.138547358108652	-0.18790099242738	-0.149106249193588	-0.157472834877164	-0.174123673902743	-0.14547331823552	-0.159780206439907	-0.182531369502028	-0.183356899203803	-0.166052098526579	-0.202767819026372	-0.169526494853156	-0.160999476161566	-0.174590703470267	-0.219569463024375	-0.153739024011471	-0.12800327534335	0	-0.10917874070653	-0.108111168683016	-0.177079309742968	-0.200156502765198	-0.130645725360532	-0.137746407066676	-0.155924751343906	-0.167121214753549	-0.164485977565354	-0.200773253604427	-0.165660777076251	-0.169230197036153	-0.152165920756484	-0.15451925910371	-0.175822539215336	-0.167049083394726	-0.120240323138147	-0.144968971696557	-0.140109052688555	-0.167498279462076	-0.169391801592681	-0.174850877785921	-0.150993683379611	-0.181495392803587	-0.172789167872461	-0.175164517379852	-0.194709906541873	-0.148223507367553	-0.179489621489043	-0.194804979214497	-0.180502325959138	-0.191905680533822
700024548	-0.185029255876209	-0.109585475030233	-0.173127471112733	-0.197814325219111	-0.163680147528489	-0.170744126619247	-0.195027127870356	-0.146491704723581	-0.200543003410125	-0.146856488748754	-0.147656083654112	-0.17871615585627	-0.137558567214272	-0.138100713636518	-0.142786220649512	-0.176777822299295	-0.124568480120231	-0.193991790865636	-0.179629499436079	-0.170586842915498	-0.161478628925235	-0.1772643037863	-0.16560255157906	-0.189139192766158	-0.205990734070062	-0.147848538031299	-0.150538403407467	-0.10917874070653	0	-0.113838564763917	-0.153932322442991	-0.212121551092529	-0.134049589894565	-0.141328466336659	-0.147824736913619	-0.150910649325311	-0.189847664331949	-0.177818310156199	-0.177818308792302	-0.136092227527427	-0.148077240427694	-0.143771464763072	-0.176529034721034	-0.200499992380139	-0.0819460829030898	-0.0938518218296452	-0.141466695472628	-0.142813520480737	-0.137549521225845	-0.184837400310743	-0.17704384539857	-0.187998626139398	-0.176848004189139	-0.150743375137258	-0.191594337241925	-0.147608282684888	-0.139353184374777	-0.201084486670955	-0.15790146673499	-0.20051964717742
700110161	-0.211494156874558	-0.128454611464351	-0.119771623886554	-0.240309869692383	-0.168325531546184	-0.121830887756546	-0.220922953218942	-0.101489815890664	-0.19439946243888	-0.101435519934457	-0.137765588384614	-0.151354547911733	-0.105993156006184	-0.110915048302876	-0.118814470277856	-0.16807631546223	-0.111912550209864	-0.143433985786818	-0.202819066660409	-0.18564146831091	-0.209055625935109	-0.169171071164487	-0.180576357443728	-0.206546626034816	-0.225957676296792	-0.183778185282833	-0.129203298468583	-0.108111168683016	-0.113838564763917	0	-0.139424957735663	-0.188066811555262	-0.143013896077448	-0.102231729914527	-0.186895302208217	-0.168241700887344	-0.163702271232825	-0.127063771743644	-0.19385688391654	-0.13002681145953	-0.173600086305823	-0.108434092871041	-0.166128965330334	-0.178921495594873	-0.106324947419451	-0.139730760800754	-0.153007271799878	-0.128211907996532	-0.122182924450872	-0.144267118142373	-0.16075518684109	-0.212395902314441	-0.209542729388787	-0.168000039203799	-0.231323438654366	-0.112702926796196	-0.16836643263686	-0.221522486210772	-0.149349417247787	-0.20732848047872
700023496	-0.187013642062619	-0.143798382603296	-0.116502693574211	-0.247411592776858	-0.150995128010571	-0.0841654972600333	-0.203060554119911	-0.132467528031509	-0.174884144297422	-0.0848981225500951	-0.110894921301645	-0.124943489266654	-0.123140129409691	-0.0949464756725235	-0.135989910374659	-0.139998959248103	-0.0929894932962349	-0.0892900120797656	-0.157536325989497	-0.189632461682929	-0.163385673133101	-0.127298559570308	-0.167647118095873	-0.173634611833492	-0.200992421761433	-0.20178726121036	-0.128056795062064	-0.177079309742968	-0.153932322442991	-0.139424957735663	0	-0.163112485273029	-0.116973799731195	-0.0904439618844442	-0.189559998538305	-0.151501053412239	-0.127704071499306	-0.104886906920592	-0.179511845622666	-0.149051186250101	-0.13667316214359	-0.109564401827086	-0.110788973756925	-0.164033873884439	-0.115260771392853	-0.122495630063322	-0.128919616696502	-0.100064842513386	-0.0765831545002958	-0.128616725733263	-0.124218532793227	-0.215813460199781	-0.210550991089375	-0.118020976950016	-0.21909248616175	-0.10801644849775	-0.151986412377378	-0.202916574840406	-0.142277378288503	-0.191373578145351
700034628	-0.145000308341751	-0.173810114685222	-0.127216751484271	-0.212798184826967	-0.196393187661993	-0.150884758591081	-0.121442902858533	-0.176522542145405	-0.123818897737355	-0.166924618069887	-0.104405622037554	-0.116133668353234	-0.174358981493185	-0.175521427910887	-0.176045361022311	-0.115278051139665	-0.185287068081626	-0.16802576163568	-0.135729136897233	-0.150416975066362	-0.122147073451661	-0.0734963172763159	-0.166142848339641	-0.155441206108806	-0.103461832221858	-0.203670300562288	-0.189349839517806	-0.200156502765198	-0.212121551092529	-0.188066811555262	-0.163112485273029	0	-0.126795857312935	-0.156184397984959	-0.200217693056921	-0.100976730177474	-0.178084963982233	-0.172187384769382	-0.153727388936042	-0.20114002517181	-0.155887165545014	-0.133756663603757	-0.139429912992615	-0.0729648362179275	-0.1631686279062	-0.188078287978117	-0.159460119448156	-0.137053033883849	-0.159148148307362	-0.0892930230717034	-0.109808366297279	-0.160788119588624	-0.163311664522836	-0.119530348505524	-0.193184554323882	-0.134322030565734	-0.131310562906006	-0.129403264956289	-0.103143746101688	-0.107340294541062
700023645	-0.134543853145882	-0.123427147412728	-0.133290740219843	-0.182114937288668	-0.144408757789616	-0.139536898140422	-0.142930514895726	-0.131689874140631	-0.13165674879716	-0.117288108965925	-0.0685104618962139	-0.125235529111414	-0.129669419212156	-0.119391417785701	-0.156021154289605	-0.0925777247698828	-0.130269128515478	-0.144132738516886	-0.121252547463613	-0.116124546760374	-0.11453080388155	-0.0802049728947101	-0.134304958701716	-0.129740671684272	-0.140459103137939	-0.151440127127077	-0.126243022222521	-0.130645725360532	-0.134049589894565	-0.143013896077448	-0.116973799731195	-0.126795857312935	0	-0.105488306491666	-0.147807062393097	-0.0920360268863074	-0.14621060173757	-0.159737170902515	-0.126449165564241	-0.153139787685131	-0.0854550893178051	-0.105267237737299	-0.107529718630253	-0.112700552561373	-0.100094173973515	-0.112880235413492	-0.0964491732195489	-0.112865652363452	-0.116549938167833	-0.10930468502958	-0.0922236691558728	-0.142464311463175	-0.135884485932991	-0.0923659517800346	-0.172326578296795	-0.100321294970642	-0.109411410236855	-0.134872824340818	-0.109323247270327	-0.139778673150475
700038744	-0.194811165385054	-0.126289772443747	-0.106805840546713	-0.236230985403519	-0.162330679052384	-0.0960522465442687	-0.212497108157102	-0.10205190622558	-0.176873670302789	-0.0798399902274413	-0.103052276538225	-0.118050052058028	-0.0935042081666797	-0.0998718002614506	-0.139183807634018	-0.147668880295958	-0.104027656202923	-0.103462994389544	-0.181138189827422	-0.185817727949118	-0.189756070645089	-0.128191836943523	-0.174202948050371	-0.185456125600357	-0.206696825673921	-0.191438923314862	-0.110281974977415	-0.137746407066676	-0.141328466336659	-0.102231729914527	-0.0904439618844442	-0.156184397984959	-0.105488306491666	0	-0.193682383527553	-0.146611980196165	-0.141288059446505	-0.109379358861302	-0.179757305388786	-0.12187205872862	-0.143633007767594	-0.0927171261964579	-0.132502349286751	-0.155433734696909	-0.109523818358692	-0.125069615502735	-0.139530904834582	-0.0975602071057496	-0.0975352071856111	-0.11822333405833	-0.126168751976974	-0.213888262897474	-0.206112367452922	-0.136765567619056	-0.224702962614398	-0.0786538978683533	-0.162816580473189	-0.206280645721391	-0.131835246241608	-0.19822768795719
