700108602	700014971	700033565	700109389	700023058	700023927	700106341	700114221	700023543	700023439	700016978	700024192	700113058	700099448	700109870	700033928	700023693	700109627	700095416	700110425	700111580	700111302	700098605	700111991	700108960	700024452	700032931	700095837	700024548	700110161	700023496	700034628	700023645	700038744	700038485	700024743	700099596	700110760	700101587	700106399	700032322	700095653	700021312	700101230	700023590	700038905	700033136	700023382	700096424	700105469	700016908	700096053	700108479	700109569	700033814	700016125	700109756	700102665	700101777	700109455
700108602	0	0.149313255509769	0.162015441261211	0.0957094924325922	0.111494032893885	0.170252113351341	0.0838124679345255	0.176374325053644	0.0919335150671229	0.163019300644617	0.124914865856573	0.159290855645513	0.163484025777774	0.148393864333518	0.163777491638386	0.106153295908037	0.175139827179417	0.160855769204552	0.0879218938369514	0.0899275198374479	0.0913953024989829	0.107240815644064	0.110248345519932	0.0821848588930179	0.0986254190260735	0.0996697683660977	0.142395318111721	0.128403667890452	0.13655120408312	0.161654912808373	0.163680755522598	0.118494167219868	0.118842299520117	0.162250839818827	0.106925852105462	0.113239875343118	0.135757645048049	0.175275177291091	0.0918605878255646	0.173374557909086	0.102323933490766	0.156463888177483	0.136346613121476	0.115292611447512	0.15018005011633	0.122917351375888	0.110081545047768	0.150876248278492	0.142289750251752	0.14196526706927	0.117681611121112	0.0881683323502501	0.0828573367404204	0.0962872839343213	0.0993395267155463	0.150385518839089	0.113439710250843	0.0805221291393211	0.128594607864106	0.108532413830532
700014971	0.149313255509769	0	0.14897190009984	0.164439328176002	0.137130153359777	0.148127975389944	0.151706617393711	0.145547577016303	0.153127758679363	0.132145363660566	0.122002519482475	0.164919833363022	0.139840613030313	0.128100778854046	0.143720438921044	0.160280286267798	0.123396473476423	0.161754431452576	0.154593748399408	0.148760425582396	0.145198942673054	0.133789857009512	0.12435414943835	0.164142548605895	0.158710499786985	0.142108107316337	0.121905456000786	0.132618158409918	0.116251661821257	0.132204833179521	0.138079758450953	0.14438718546174	0.11751464758281	0.119164005223283	0.143941337945982	0.125397993542791	0.152235672873824	0.16397671229698	0.154642757510372	0.133066918446609	0.153074472776636	0.135472341125711	0.135683329492568	0.136276649609293	0.126993814902517	0.130768397217951	0.118589712889818	0.134552522174424	0.119095666204744	0.145380181754034	0.131618600524211	0.15712643278579	0.150872978158669	0.132654143478972	0.166334439630136	0.118051056516435	0.141437627412654	0.157765197502454	0.125761405827488	0.154832808932546
700033565	0.162015441261211	0.14897190009984	0	0.154275505892494	0.159247913933603	0.07314127667348	0.135762556483638	0.110778254831346	0.153268319764494	0.0913639022576347	0.0968138840066467	0.0708441202122652	0.11046329532123	0.120639054966412	0.0945447683571685	0.122795940262499	0.113720301527465	0.0998150146661303	0.144336594119354	0.143221667895364	0.135447437704409	0.0958951924074274	0.131483168199247	0.157728797936331	0.130044394551695	0.16172222390424	0.139408262523984	0.150223333733594	0.128273379836161	0.106248186785849	0.0931230960159108	0.104912553077037	0.106033349987677	0.0944031534878122	0.157963707167913	0.104057237655441	0.129511112874302	0.0816736425699491	0.166422165501007	0.11222829161239	0.150963460403928	0.0862352045974616	0.129883527620878	0.132231480050764	0.11199910067616	0.113663132185846	0.13734730194528	0.0894252106807565	0.111140527903249	0.0759187151463256	0.080767359863569	0.164534802202964	0.155150780124771	0.11774828297867	0.178573517055854	0.105019652315396	0.120956619834473	0.147161114442974	0.0918135986113446	0.130532241651224
700109389	0.0957094924325922	0.164439328176002	0.154275505892494	0	0.138047272270738	0.174946215195892	0.0814368544144659	0.184974898539118	0.13693677578051	0.171348356702618	0.147124203025001	0.152048537350701	0.174774695968398	0.159404588256637	0.154335979871336	0.132630132429881	0.186653363227561	0.1855834816378	0.129759090037439	0.091153762432072	0.10817741738871	0.137167858472146	0.105887998562978	0.11942905473457	0.107488672416165	0.110048659701217	0.176576222415988	0.153346356213409	0.134133657817967	0.168818951167331	0.178995101875366	0.142872545655395	0.147378260971049	0.172049785998435	0.114133064619021	0.116545313074732	0.176002118082577	0.168289747627099	0.136569054046366	0.167233128297431	0.138616750030329	0.165778514704723	0.159668030499942	0.131126735048007	0.158360270967403	0.133358117338917	0.143260068180005	0.156622686208007	0.162213734034266	0.146484140520641	0.11790329238733	0.0953098849894633	0.0732731064815588	0.139903688248735	0.113264442357229	0.16637977269235	0.115515591153863	0.0881890205917701	0.124677545796409	0.104920143955467
700023058	0.111494032893885	0.137130153359777	0.159247913933603	0.138047272270738	0	0.151913788712422	0.118224340094081	0.167207455336627	0.115257113944932	0.147889148591747	0.129753657802451	0.159973781987192	0.158294016663288	0.128863184537598	0.15428801296103	0.12851969464058	0.159566210660301	0.157851503284955	0.119389574288695	0.124885162963809	0.130609234595043	0.13073949275472	0.125910312739311	0.133024073032302	0.139911068428969	0.0972833315880005	0.146227009866023	0.126262275508137	0.121249760871997	0.140023703855574	0.154604721180839	0.141182996967492	0.129067927647592	0.142949441310547	0.119385229802627	0.129999853759556	0.137976555350047	0.154739976641349	0.114833275114936	0.160747179789191	0.127243609042948	0.141718224010843	0.124527041959621	0.132085410654463	0.131704852764956	0.122551252541579	0.114137091863054	0.142888957829533	0.127236375263637	0.148954098478645	0.131350290561236	0.117032958730102	0.119272647135833	0.116231363522806	0.137974938901519	0.148251033032455	0.131255645125084	0.127493520138952	0.137747441638222	0.130360781810454
700023927	0.170252113351341	0.148127975389944	0.07314127667348	0.174946215195892	0.151913788712422	0	0.155625279513488	0.10809419403183	0.165347716845858	0.0853215746536239	0.108416881655348	0.100454307804253	0.109846439878114	0.100994827028364	0.0926958479773907	0.137273614339539	0.10184526110168	0.0766859406091063	0.158438293308229	0.150791948971437	0.145392567054537	0.123085068612489	0.133665348776428	0.171520597083079	0.146890051187701	0.169212057185748	0.140410267258074	0.158038015046744	0.122294963592595	0.0985511384371201	0.0769758298943786	0.124629517844238	0.116321402363682	0.0839882925457337	0.161859129940888	0.12210943814159	0.116282741241621	0.0651897100086441	0.175871857226861	0.112294531524542	0.157913099746183	0.0906622545432589	0.111994006619961	0.141550220504278	0.103894217687333	0.112450289951553	0.138980005933541	0.0976163007200028	0.0858889986415542	0.101184333003679	0.104826307095512	0.17526574076659	0.16364503088155	0.120304580041615	0.187606720218838	0.101861104904908	0.125753836859726	0.158811985621533	0.111739865864568	0.144606484619041
700106341	0.0838124679345255	0.151706617393711	0.135762556483638	0.0814368544144659	0.118224340094081	0.155625279513488	0	0.170337599098772	0.0926638527894101	0.156684316720319	0.120257760911727	0.127330081160883	0.159381242858036	0.147068222408098	0.140794381846773	0.107303337326306	0.167605774371423	0.168683589184075	0.101363705660255	0.070952701374563	0.0845194283100502	0.103146847174631	0.0986153769964015	0.107163140858052	0.0768957838200086	0.118179796898776	0.168570830701801	0.147233443322044	0.134608429879205	0.156249776157122	0.157234327198447	0.0859191224077166	0.119116766866919	0.154026311526027	0.12153680430924	0.0816834961381758	0.152428686673486	0.156890204007662	0.105492158645125	0.163477834150222	0.13180182596345	0.143109397818794	0.134279015477433	0.0941947343525294	0.135474811593027	0.119964467456974	0.126906872655787	0.134859532163179	0.145725999913855	0.114341351500386	0.10139814890934	0.0688626378305102	0.0768225301658606	0.11491855548423	0.11777215663066	0.144175492591103	0.100136620611432	0.0619104476522949	0.10744900348942	0.0696001028512914
700114221	0.176374325053644	0.145547577016303	0.110778254831346	0.184974898539118	0.167207455336627	0.10809419403183	0.170337599098772	0	0.176063498568513	0.0784878741580186	0.128455855588367	0.116910227595586	0.0821187422606989	0.138135713622159	0.0931596551883794	0.153408370565448	0.0815496809165038	0.132254939814653	0.173687036550112	0.164796866527022	0.158878297999984	0.129952335639169	0.152244712953317	0.183994665776741	0.168633760199731	0.184097532745212	0.146688476837013	0.146224701397954	0.121273518259488	0.113288077727088	0.113427060436977	0.140969714423187	0.124712328223408	0.118803202615577	0.178778672491962	0.130034655085409	0.151722634817664	0.0995136238254435	0.186133495584692	0.089198233397896	0.160622430858157	0.0884509605343454	0.144361293202081	0.149692258877495	0.108651426823013	0.124515605430814	0.139598645268589	0.087027147372931	0.12868505864255	0.110236360833429	0.126527400052938	0.189503071445143	0.170475270998965	0.138693914219967	0.210032585951614	0.0860903340862378	0.126344651702421	0.183237756964034	0.122398560155842	0.162668679891917
700023543	0.0919335150671229	0.153127758679363	0.153268319764494	0.13693677578051	0.115257113944932	0.165347716845858	0.0926638527894101	0.176063498568513	0	0.157475910566504	0.119168180760207	0.151697310319976	0.167047273073895	0.141786944708666	0.161103592096139	0.0970901048483477	0.173714712554006	0.152197562094817	0.085268512642567	0.104314529353294	0.102767350119981	0.109930560882359	0.108376139237847	0.102402461634454	0.103946300822258	0.11058466458598	0.146452086872264	0.126954809949954	0.155653974595751	0.158848827298422	0.155887934071935	0.0928634912118794	0.122511945889403	0.158887174534268	0.116441262329361	0.121510712075692	0.136657264374465	0.169170807594722	0.0857275152752679	0.180619930569172	0.109145547317731	0.153247709976949	0.124958566517589	0.0870165661752653	0.144239127318537	0.128716772253951	0.111401254151532	0.145329392578547	0.150249105212943	0.137110550994555	0.124761461288462	0.0905154996682723	0.104580941366294	0.110842173528584	0.125700295258841	0.150019888747474	0.130560090427107	0.0938822857998817	0.128157065544767	0.0937711968567988
700023439	0.163019300644617	0.132145363660566	0.0913639022576347	0.171348356702618	0.147889148591747	0.0853215746536239	0.156684316720319	0.0784878741580186	0.157475910566504	0	0.103014295438024	0.108739994517819	0.0969141522206527	0.115783684894411	0.100965811464168	0.140370178012119	0.0910254716448122	0.105624819501141	0.154214089464827	0.151730846995198	0.134733676824264	0.119382443176293	0.13605976424746	0.164891727531348	0.150283991982944	0.165012164841908	0.132711352861207	0.143084158063108	0.117274799066875	0.0973127032447873	0.0918326940437685	0.127652844587946	0.100178593191107	0.0842163010338746	0.161353432229981	0.114363260532559	0.135256514291433	0.0866685463486157	0.171509445160562	0.0902280751687962	0.146445567427542	0.0859798626722288	0.13723753493558	0.135815434916209	0.100120676285922	0.110624952140427	0.117286940095301	0.080221829787832	0.0943424593270243	0.0988381235978277	0.111091460165619	0.170422833298548	0.15974986131662	0.114347845713909	0.181093142028328	0.0837301633371158	0.115021066486149	0.156973073520859	0.0991676334636661	0.148277300882987
700016978	0.124914865856573	0.122002519482475	0.0968138840066467	0.147124203025001	0.129753657802451	0.108416881655348	0.120257760911727	0.128455855588367	0.119168180760207	0.103014295438024	0	0.10014727565659	0.11120438189355	0.117833504017532	0.131610433119196	0.107863961139193	0.120396153584358	0.116221096560852	0.12635635186177	0.116538026668649	0.109433129263768	0.0797282225717819	0.113386469059097	0.134158039305091	0.110615182903635	0.141612228234464	0.116234339089076	0.120020155780325	0.122102277189359	0.115077359390224	0.0992851874522058	0.0954666976532594	0.0863325964109199	0.0942216740211654	0.150225639842448	0.0914968084333665	0.111494044704201	0.125963796061801	0.124707664509598	0.127645053837097	0.117531306299144	0.100381558552382	0.10721569429634	0.101726048870942	0.109467301235298	0.105281203247572	0.115179667051104	0.0956691308280656	0.107388958596341	0.0980567671700858	0.0867299232031293	0.138906332340702	0.127915771708422	0.0898746638989003	0.147023089454955	0.100794691069621	0.108573775185306	0.126123681763071	0.0871816650258519	0.120252237764902
700024192	0.159290855645513	0.164919833363022	0.0708441202122652	0.152048537350701	0.159973781987192	0.100454307804253	0.127330081160883	0.116910227595586	0.151697310319976	0.108739994517819	0.10014727565659	0	0.0983129604418965	0.144282796206993	0.0926286133565877	0.114231723232884	0.12424006382296	0.123764869853998	0.140636402707598	0.136239677911173	0.131818717803947	0.0904127131114176	0.132188091080631	0.169119208317317	0.124615993166035	0.168657937282794	0.146659605357513	0.14660074277884	0.120483051353768	0.125115439517831	0.103572028675558	0.0964056755438049	0.102093546013802	0.104103039698695	0.162594119307617	0.104938464167538	0.140445589957251	0.0950229676281014	0.168761082395704	0.105726116068422	0.151050063446422	0.0766995472893544	0.146234207442978	0.120185003771916	0.0926125918731553	0.119357829710763	0.141900460899027	0.079914402530659	0.130987256818613	0.0690204226088169	0.0763225568144062	0.163689709982323	0.152226693520938	0.128376364698845	0.190611346870823	0.0948735231280694	0.115190667564945	0.146426965151429	0.092288376145847	0.124918989035302
700113058	0.163484025777774	0.139840613030313	0.11046329532123	0.174774695968398	0.158294016663288	0.109846439878114	0.159381242858036	0.0821187422606989	0.167047273073895	0.0969141522206527	0.11120438189355	0.0983129604418965	0	0.133106195544376	0.0966889402457236	0.136194573194555	0.108759670915176	0.136991760733276	0.158872667560661	0.150997555806054	0.145784062254124	0.118707230755185	0.141792491192851	0.179706649401623	0.155510510964444	0.165673324921561	0.135818005158244	0.131068275665449	0.107671436527138	0.106423906375634	0.107932761625699	0.125795536491027	0.105564744484985	0.099881238576783	0.170516716830031	0.127034946394644	0.140803624920626	0.114290594424575	0.171977858141565	0.0831544941449789	0.150457388538984	0.0781977805842131	0.148066277922227	0.139177132142366	0.0920621663693131	0.110432601836628	0.148110038831127	0.0793093428348614	0.123562737030726	0.101613470657758	0.111462040799086	0.175400188727954	0.165032541074013	0.139113797491504	0.194918023517466	0.0695819318985237	0.120597092962516	0.169124554747333	0.113596329531545	0.150673346108025
700099448	0.148393864333518	0.128100778854046	0.120639054966412	0.159404588256637	0.128863184537598	0.100994827028364	0.147068222408098	0.138135713622159	0.141786944708666	0.115783684894411	0.117833504017532	0.144282796206993	0.133106195544376	0	0.122470385530832	0.137176155985452	0.126455685887306	0.121006330546786	0.133137465113333	0.135449120966456	0.130316190762067	0.133379438548963	0.102691029954877	0.143207319665243	0.145159911574608	0.125899095276257	0.129725303761144	0.133789031829594	0.103489652554661	0.0928546325488096	0.110541192121829	0.139274010788993	0.117355946422866	0.103311794306285	0.133375305333421	0.125430523397651	0.116540648959232	0.114546535897063	0.142223763483972	0.137445886071034	0.145481361415433	0.119441251021301	0.112446543864303	0.13962030940978	0.118852581698452	0.107302701867412	0.122476588763787	0.125594673716013	0.0786652171899472	0.136436567806622	0.116573174703727	0.139275330157701	0.146976940461286	0.11949614695379	0.154625707432275	0.126732969950626	0.11656664710837	0.138848362129257	0.113696412968373	0.136284398827828
700109870	0.163777491638386	0.143720438921044	0.0945447683571685	0.154335979871336	0.15428801296103	0.0926958479773907	0.140794381846773	0.0931596551883794	0.161103592096139	0.100965811464168	0.131610433119196	0.0926286133565877	0.0966889402457236	0.122470385530832	0	0.136415573396718	0.102067701515846	0.126546966097559	0.158884122837629	0.141996630256864	0.135613819254841	0.124844571980084	0.125177205257792	0.175392066045277	0.145346958682676	0.167285407692851	0.1416377405608	0.143796515421893	0.102962359644009	0.0939935857221095	0.116610814169227	0.116243208957057	0.12536910021416	0.117363138753467	0.159538680690991	0.121333859664441	0.150129262806517	0.0761528016601584	0.174481440428427	0.0920491089568633	0.160797749344258	0.076544844279814	0.156137595553331	0.134803292345292	0.0978897602641757	0.101526575218099	0.134949945289354	0.0828928422402792	0.114631378447047	0.0940467146838372	0.105922656665536	0.160716847989056	0.147373207937443	0.130253108708109	0.187771695135564	0.0887106184221982	0.109581850179684	0.154283796315464	0.103413516003519	0.12892923427207
700033928	0.106153295908037	0.160280286267798	0.122795940262499	0.132630132429881	0.12851969464058	0.137273614339539	0.107303337326306	0.153408370565448	0.0970901048483477	0.140370178012119	0.107863961139193	0.114231723232884	0.136194573194555	0.137176155985452	0.136415573396718	0	0.155299923467794	0.137871811881586	0.0975062027256487	0.113289932069629	0.10355424158256	0.0902578316226532	0.115004497013343	0.0938291006129788	0.100572056711795	0.128985834771481	0.142155469580439	0.12141437621928	0.131655016829424	0.136515064374217	0.140576111787052	0.0981943816261285	0.101303613583492	0.132171588739682	0.124355089253176	0.12376263401911	0.12061288015046	0.146026056222551	0.105073986338226	0.149254406659234	0.0917008513394717	0.115851429786533	0.127727902491378	0.100858524573245	0.114343661260716	0.111138024597367	0.115722752015537	0.123295725568108	0.13552064058798	0.107503941276088	0.0955877138384617	0.114576166453023	0.11409601962643	0.114843398788823	0.127750385356961	0.116713580041946	0.117435298657597	0.100652050430408	0.112129609013268	0.106795342838668
700023693	0.175139827179417	0.123396473476423	0.113720301527465	0.186653363227561	0.159566210660301	0.10184526110168	0.167605774371423	0.0815496809165038	0.173714712554006	0.0910254716448122	0.120396153584358	0.12424006382296	0.108759670915176	0.126455685887306	0.102067701515846	0.155299923467794	0	0.125096807379111	0.1683969726582	0.160498298196414	0.153436208925708	0.132671245882457	0.147293524156602	0.185883891251114	0.167517402191241	0.181222553352826	0.142639166869071	0.149627380827619	0.122304585057179	0.112426958788075	0.0970749919798292	0.137614184852616	0.117380346516827	0.111582733175112	0.171422029027157	0.126193703195655	0.142909554755425	0.11770241797134	0.18098657152967	0.10498390165283	0.158871447608092	0.0972629636655967	0.133736062892508	0.149896920685807	0.104178479048027	0.119675799678971	0.130194831841421	0.0989049618127796	0.103250501566472	0.109839707256114	0.122537258900748	0.186013812480115	0.171456955867629	0.130256176168256	0.206981471728462	0.0950124474580035	0.12687394346521	0.177452451757043	0.126274599210703	0.15738450028294
700109627	0.160855769204552	0.161754431452576	0.0998150146661303	0.1855834816378	0.157851503284955	0.0766859406091063	0.168683589184075	0.132254939814653	0.152197562094817	0.105624819501141	0.116221096560852	0.123764869853998	0.136991760733276	0.121006330546786	0.126546966097559	0.137871811881586	0.125096807379111	0	0.152434154485119	0.158200049270226	0.150658252824786	0.131321754326905	0.14990924877313	0.157243618095546	0.151975933062943	0.167839022889976	0.121329358069299	0.15052834399566	0.145358861061897	0.116518732783398	0.0948359174915544	0.134907286203964	0.130068014773679	0.105665214907322	0.158144132521055	0.143523944809192	0.106757752734274	0.0875818852464894	0.170464127234526	0.141109793332764	0.157833001229288	0.114235745536982	0.120823548920769	0.137813301567341	0.134125955771459	0.127165047093844	0.14072855765516	0.126738133332047	0.100712969299623	0.123155109990081	0.11789874658997	0.18171037180922	0.16601613651704	0.124260676263145	0.180395531625864	0.129029801406544	0.140072259963283	0.167768765638537	0.130945913622247	0.161096639377552
700095416	0.0879218938369514	0.154593748399408	0.144336594119354	0.129759090037439	0.119389574288695	0.158438293308229	0.101363705660255	0.173687036550112	0.085268512642567	0.154214089464827	0.12635635186177	0.140636402707598	0.158872667560661	0.133137465113333	0.158884122837629	0.0975062027256487	0.1683969726582	0.152434154485119	0	0.106582593151546	0.09366656923575	0.104441101682324	0.109991026534653	0.0892273630516832	0.108966851375482	0.106023783307035	0.135650443570336	0.129990619608015	0.140020521377726	0.154296447936543	0.149694491761036	0.107249294317483	0.106816232644557	0.156204526922753	0.117728469884416	0.114778743390909	0.115249763820042	0.160402263041205	0.0900542743585193	0.175186571609936	0.0971001001075213	0.147526911853357	0.118293867542497	0.107383755178417	0.135268948833265	0.118213905615935	0.108780498704937	0.145060525334137	0.13953143274387	0.134532806014867	0.106199333388643	0.105019329823708	0.112646437350948	0.101269812542986	0.113032326626277	0.145341827453148	0.112871951721651	0.101040178121368	0.120138969715321	0.108977977820755
700110425	0.0899275198374479	0.148760425582396	0.143221667895364	0.091153762432072	0.124885162963809	0.150791948971437	0.070952701374563	0.164796866527022	0.104314529353294	0.151730846995198	0.116538026668649	0.136239677911173	0.150997555806054	0.135449120966456	0.141996630256864	0.113289932069629	0.160498298196414	0.158200049270226	0.106582593151546	0	0.0812860419567532	0.10338156714339	0.0915604486731533	0.11577887751273	0.0659733063560263	0.121302635353565	0.154815570188958	0.127123041723679	0.126686116083502	0.139323149179256	0.156441198388291	0.100570444269403	0.120583488726166	0.151615734549803	0.124303254301862	0.086864249240164	0.150678615578829	0.157067506230906	0.116284420379653	0.161301312193133	0.133350213358309	0.137894487930749	0.132946469987436	0.0882034881940936	0.129698420751525	0.115692984226292	0.122688696643108	0.131764689059396	0.133152568545913	0.124776055202129	0.104976624674302	0.0735594551885177	0.0532795699273708	0.108896131032317	0.127448607624477	0.137051897187253	0.0843144445284753	0.0723758102733829	0.0960814476528023	0.0753043637216776
700111580	0.0913953024989829	0.145198942673054	0.135447437704409	0.10817741738871	0.130609234595043	0.145392567054537	0.0845194283100502	0.158878297999984	0.102767350119981	0.134733676824264	0.109433129263768	0.131818717803947	0.145784062254124	0.130316190762067	0.135613819254841	0.10355424158256	0.153436208925708	0.150658252824786	0.09366656923575	0.0812860419567532	0	0.0879953364574388	0.0949496258341417	0.106360465072481	0.0691293707613886	0.130554594493002	0.149481502375727	0.144823966953221	0.115822781312051	0.140205298627812	0.143827564754427	0.0908493201437129	0.103042557725591	0.1434961226553	0.135275263917658	0.0940624608898988	0.149223839646427	0.147609058606863	0.119383342628407	0.150556880416705	0.123334437133818	0.128186450931862	0.133767051867585	0.0970146498482601	0.117372890045047	0.103446760302617	0.112673603438516	0.112955640775292	0.119132691941921	0.115801755173446	0.104383565288308	0.0917085325534987	0.090361688259435	0.08847624997846	0.12578978516382	0.12801139668599	0.0791918920852182	0.0761724514571918	0.0855073904547351	0.0810396163631741
700111302	0.107240815644064	0.133789857009512	0.0958951924074274	0.137167858472146	0.13073949275472	0.123085068612489	0.103146847174631	0.129952335639169	0.109930560882359	0.119382443176293	0.0797282225717819	0.0904127131114176	0.118707230755185	0.133379438548963	0.124844571980084	0.0902578316226532	0.132671245882457	0.131321754326905	0.104441101682324	0.10338156714339	0.0879953364574388	0	0.119353725448458	0.126140724305904	0.0836317004403386	0.140391252823401	0.136625360706444	0.134343993435929	0.123107981431524	0.128064148474626	0.116182471025394	0.0724202224244328	0.0841300060686831	0.109550560477964	0.147085843835452	0.0928632326556152	0.129951269198186	0.134269426195954	0.124502356940373	0.132530937835812	0.127369508857889	0.0969204832490551	0.111278899469683	0.0990959924152664	0.102431449837537	0.114268333067556	0.123687664033393	0.0989800247179552	0.119084402343189	0.0785842812661175	0.0780930859902668	0.127325737295695	0.116465169508985	0.0972656589216328	0.153302698249527	0.094353004272431	0.0984083840106412	0.111696171945146	0.0790425040004587	0.105789744140352
700098605	0.110248345519932	0.12435414943835	0.131483168199247	0.105887998562978	0.125910312739311	0.133665348776428	0.0986153769964015	0.152244712953317	0.108376139237847	0.13605976424746	0.113386469059097	0.132188091080631	0.141792491192851	0.102691029954877	0.125177205257792	0.115004497013343	0.147293524156602	0.14990924877313	0.109991026534653	0.0915604486731533	0.0949496258341417	0.119353725448458	0	0.119363102533951	0.11185918655141	0.120490990535658	0.131226975100034	0.123248016653433	0.120254803369656	0.122680807801334	0.138373124045972	0.110117208744412	0.1110349687078	0.132150466066615	0.121592760088236	0.0993575730012312	0.126924618720212	0.134641538279557	0.121410321647994	0.143721155308556	0.128443839678501	0.131934263487164	0.125153634160201	0.102370062391605	0.132997135170971	0.0975953483656884	0.1094482800218	0.126521197684674	0.116730226317835	0.118760099084585	0.10248676112159	0.0976848920009364	0.0973568410886912	0.10638553911327	0.122134135400093	0.126712835364506	0.110354036167018	0.0969613535764294	0.104151969449473	0.0790575285804632
700111991	0.0821848588930179	0.164142548605895	0.157728797936331	0.11942905473457	0.133024073032302	0.171520597083079	0.107163140858052	0.183994665776741	0.102402461634454	0.164891727531348	0.134158039305091	0.169119208317317	0.179706649401623	0.143207319665243	0.175392066045277	0.0938291006129788	0.185883891251114	0.157243618095546	0.0892273630516832	0.11577887751273	0.106360465072481	0.126140724305904	0.119363102533951	0	0.112997746435417	0.109682073940248	0.150011662411313	0.138876716401727	0.148469137880242	0.172408112193784	0.169300515185882	0.138562447122608	0.132759286126995	0.168364734309427	0.118724770810575	0.1227546039948	0.137858830769283	0.172402710200689	0.100801525824264	0.188548823297213	0.108913606095434	0.167908563078428	0.134810928394686	0.126233936044022	0.153189363343602	0.127946107164978	0.111541053586175	0.162242247979667	0.148878535807124	0.15700567128165	0.12623430986666	0.111580043528281	0.107774871767874	0.108536626573141	0.0884407714540347	0.165126370506789	0.136796416180963	0.0972941549363364	0.1328754014683	0.123987039743887
700108960	0.0986254190260735	0.158710499786985	0.130044394551695	0.107488672416165	0.139911068428969	0.146890051187701	0.0768957838200086	0.168633760199731	0.103946300822258	0.150283991982944	0.110615182903635	0.124615993166035	0.155510510964444	0.145159911574608	0.145346958682676	0.100572056711795	0.167517402191241	0.151975933062943	0.108966851375482	0.0659733063560263	0.0691293707613886	0.0836317004403386	0.11185918655141	0.112997746435417	0	0.140010777588537	0.164695098907956	0.146549840134869	0.131124703717361	0.145894066230518	0.157259888696015	0.081007493348927	0.121543987567763	0.148411204573458	0.133311595486025	0.0928490016729996	0.154685245840618	0.153404969213893	0.11644370531769	0.164083309880533	0.137491220543236	0.133568800098728	0.136358952806406	0.0942908515267764	0.128951680423983	0.127375725401245	0.1410074843346	0.131061267912139	0.1336232485286	0.110441176266495	0.0970894312702652	0.0916800751043076	0.0736411318760623	0.0989817060946337	0.123996322027309	0.138128704301297	0.0902090730828671	0.0763695129156415	0.0908936543845339	0.0774712505652675
700024452	0.0996697683660977	0.142108107316337	0.16172222390424	0.110048659701217	0.0972833315880005	0.169212057185748	0.118179796898776	0.184097532745212	0.11058466458598	0.165012164841908	0.141612228234464	0.168657937282794	0.165673324921561	0.125899095276257	0.167285407692851	0.128985834771481	0.181222553352826	0.167839022889976	0.106023783307035	0.121302635353565	0.130554594493002	0.140391252823401	0.120490990535658	0.109682073940248	0.140010777588537	0	0.144665991632941	0.127989712632478	0.121973871169179	0.160064349583982	0.158740453192109	0.140928262240745	0.131838690514837	0.158626950999052	0.0774417262271672	0.128752547631484	0.14501589977283	0.166855764334061	0.106370291141714	0.165972971095695	0.12075266087056	0.16445749831833	0.138961511261689	0.126770846937049	0.160201812513546	0.113654033839817	0.102594427427789	0.160664190479703	0.144520437588687	0.153685555228621	0.126653634840251	0.0981986145415917	0.10537915153736	0.125718748411973	0.100547561486697	0.155627571539728	0.13414906571463	0.124325716119464	0.131646765362764	0.136639927395843
700032931	0.142395318111721	0.121905456000786	0.139408262523984	0.176576222415988	0.146227009866023	0.140410267258074	0.168570830701801	0.146688476837013	0.146452086872264	0.132711352861207	0.116234339089076	0.146659605357513	0.135818005158244	0.129725303761144	0.1416377405608	0.142155469580439	0.142639166869071	0.121329358069299	0.135650443570336	0.154815570188958	0.149481502375727	0.136625360706444	0.131226975100034	0.150011662411313	0.164695098907956	0.144665991632941	0	0.134139718560128	0.14070953888416	0.131451589223696	0.126945170499701	0.141023573732026	0.130188020770774	0.124548170975734	0.147441464216934	0.138807357984158	0.118366452637435	0.143787191538772	0.143437423565764	0.148888321202321	0.137471579208263	0.134188093465774	0.134392327988134	0.142477299793413	0.137131670398947	0.133744926087929	0.120795711965033	0.126144587912934	0.119763681353417	0.141907610993425	0.132954231089674	0.169552784564517	0.164180049066399	0.119798728832826	0.156610413906536	0.130822159854715	0.147841266071309	0.169397902989446	0.136339226929738	0.160383013885424
700095837	0.128403667890452	0.132618158409918	0.150223333733594	0.153346356213409	0.126262275508137	0.158038015046744	0.147233443322044	0.146224701397954	0.126954809949954	0.143084158063108	0.120020155780325	0.14660074277884	0.131068275665449	0.133789031829594	0.143796515421893	0.12141437621928	0.149627380827619	0.15052834399566	0.129990619608015	0.127123041723679	0.144823966953221	0.134343993435929	0.123248016653433	0.138876716401727	0.146549840134869	0.127989712632478	0.134139718560128	0	0.107307833475654	0.123651386537984	0.146850854078362	0.14052639315592	0.120536879071389	0.129555446915007	0.136435497665821	0.136613231615749	0.129449747586883	0.161453496945409	0.130706926378671	0.135714389142809	0.130133329661033	0.126015203342904	0.145206050499025	0.111038188556986	0.120504514021214	0.116786744633363	0.124353476615155	0.129599494041479	0.136531250090987	0.14139724537389	0.12152127290825	0.143637913302648	0.130993239466397	0.139092008277019	0.152896168936485	0.118866796839873	0.138330345388538	0.144684447165948	0.131913173943012	0.144489968953374
700024548	0.13655120408312	0.116251661821257	0.128273379836161	0.134133657817967	0.121249760871997	0.122294963592595	0.134608429879205	0.121273518259488	0.155653974595751	0.117274799066875	0.122102277189359	0.120483051353768	0.107671436527138	0.103489652554661	0.102962359644009	0.131655016829424	0.122304585057179	0.145358861061897	0.140020521377726	0.126686116083502	0.115822781312051	0.123107981431524	0.120254803369656	0.148469137880242	0.131124703717361	0.121973871169179	0.14070953888416	0.107307833475654	0	0.105578987300766	0.122631674088861	0.140479430075984	0.113257919745417	0.115109284188716	0.123687631182213	0.10430540985579	0.143320355630659	0.12351671131621	0.151643937440534	0.100481656219184	0.136497713941397	0.093120185503136	0.138187692485579	0.134508932283466	0.0846086499672039	0.0752419673363724	0.121379850076624	0.101590504896752	0.109898382102982	0.12606443091208	0.106488713467607	0.138431877974179	0.123726684619534	0.116441782798494	0.155709191416732	0.105259831275972	0.096044108797821	0.140419087653155	0.104432306360016	0.140323263019362
700110161	0.161654912808373	0.132204833179521	0.106248186785849	0.168818951167331	0.140023703855574	0.0985511384371201	0.156249776157122	0.113288077727088	0.158848827298422	0.0973127032447873	0.115077359390224	0.125115439517831	0.106423906375634	0.0928546325488096	0.0939935857221095	0.136515064374217	0.112426958788075	0.116518732783398	0.154296447936543	0.139323149179256	0.140205298627812	0.128064148474626	0.122680807801334	0.172408112193784	0.145894066230518	0.160064349583982	0.131451589223696	0.123651386537984	0.105578987300766	0	0.102128360824846	0.127707497212693	0.124071244185511	0.0902163645676865	0.162843599713267	0.1282313373959	0.125500577021147	0.0992919127946242	0.167421503987241	0.104672037589724	0.154192144226934	0.0909590881899573	0.128360304656868	0.132563010115086	0.101858804777331	0.112693690902274	0.142793055133908	0.0981346149586038	0.0840799035796671	0.113761700083026	0.12017812287401	0.162935533538686	0.151716637784307	0.122962367575405	0.179779100346076	0.098814806508869	0.110127470216609	0.15455906173914	0.108478282765826	0.140988274750449
700023496	0.163680755522598	0.138079758450953	0.0931230960159108	0.178995101875366	0.154604721180839	0.0769758298943786	0.157234327198447	0.113427060436977	0.155887934071935	0.0918326940437685	0.0992851874522058	0.103572028675558	0.107932761625699	0.110541192121829	0.116610814169227	0.140576111787052	0.0970749919798292	0.0948359174915544	0.149694491761036	0.156441198388291	0.143827564754427	0.116182471025394	0.138373124045972	0.169300515185882	0.157259888696015	0.158740453192109	0.126945170499701	0.146850854078362	0.122631674088861	0.102128360824846	0	0.124997614347161	0.0996073359842708	0.0795595560691216	0.159933906060565	0.121215524018035	0.111489619105801	0.0961751535186807	0.164690596311659	0.118867991614728	0.14146388406185	0.0981445319067672	0.112283882268208	0.137685226397165	0.105911942309685	0.106532262461187	0.12986984166709	0.0966233839249377	0.0892735313638988	0.0991739004681675	0.107423800860117	0.181783520299708	0.167272520790992	0.115349318594546	0.184072828441392	0.0923359507016558	0.125852545451106	0.169095746700025	0.118073746088964	0.152006796154782
700034628	0.118494167219868	0.14438718546174	0.104912553077037	0.142872545655395	0.141182996967492	0.124629517844238	0.0859191224077166	0.140969714423187	0.0928634912118794	0.127652844587946	0.0954666976532594	0.0964056755438049	0.125795536491027	0.139274010788993	0.116243208957057	0.0981943816261285	0.137614184852616	0.134907286203964	0.107249294317483	0.100570444269403	0.0908493201437129	0.0724202224244328	0.110117208744412	0.138562447122608	0.081007493348927	0.140928262240745	0.141023573732026	0.14052639315592	0.140479430075984	0.127707497212693	0.124997614347161	0	0.103642343126664	0.12244699591418	0.143588087038854	0.0867530043907898	0.139499431074759	0.12942150584218	0.128336821754297	0.133995851370523	0.136958934221051	0.105239835058535	0.126736749825349	0.0753532351527847	0.114835775474603	0.122885916784513	0.127987814699147	0.0998575596281902	0.126845235217375	0.075002671089851	0.0927794147521637	0.114412735921472	0.111528387150398	0.106746550540315	0.155065103583046	0.101119210065809	0.107182992118834	0.101240243899765	0.083758475405456	0.075577419755498
700023645	0.118842299520117	0.11751464758281	0.106033349987677	0.147378260971049	0.129067927647592	0.116321402363682	0.119116766866919	0.124712328223408	0.122511945889403	0.100178593191107	0.0863325964109199	0.102093546013802	0.105564744484985	0.117355946422866	0.12536910021416	0.101303613583492	0.117380346516827	0.130068014773679	0.106816232644557	0.120583488726166	0.103042557725591	0.0841300060686831	0.1110349687078	0.132759286126995	0.121543987567763	0.131838690514837	0.130188020770774	0.120536879071389	0.113257919745417	0.124071244185511	0.0996073359842708	0.103642343126664	0	0.0927764404016781	0.138055425696938	0.0972713721150695	0.118531453647544	0.129717294954861	0.135574864958426	0.113841683677785	0.120023889254898	0.0935784277156129	0.112253037279856	0.100726452263718	0.0957608954854789	0.0914078461985803	0.107056435912276	0.092807383873899	0.108739920740815	0.0928828240748888	0.0883306204766196	0.132255843734414	0.130573592297261	0.108736274444498	0.153413493753015	0.0829711704351952	0.100232368455034	0.120775282426775	0.0966567581806244	0.122803571626475
700038744	0.162250839818827	0.119164005223283	0.0944031534878122	0.172049785998435	0.142949441310547	0.0839882925457337	0.154026311526027	0.118803202615577	0.158887174534268	0.0842163010338746	0.0942216740211654	0.104103039698695	0.099881238576783	0.103311794306285	0.117363138753467	0.132171588739682	0.111582733175112	0.105665214907322	0.156204526922753	0.151615734549803	0.1434961226553	0.109550560477964	0.132150466066615	0.168364734309427	0.148411204573458	0.158626950999052	0.124548170975734	0.129555446915007	0.115109284188716	0.0902163645676865	0.0795595560691216	0.12244699591418	0.0927764404016781	0	0.151988939717193	0.112638382078328	0.119054324247042	0.0969985204997994	0.170306164470909	0.102159667195286	0.14848815169183	0.0843858515061033	0.120707643700475	0.131000567073189	0.0951391974948828	0.112999145963099	0.13241867134064	0.0887315348496349	0.0852596370231234	0.102287850526195	0.108113273994059	0.174950683547988	0.163398896082598	0.121902790806427	0.185575363559581	0.0835666184069272	0.128375798622795	0.161834660819021	0.10618840942468	0.151038606267047
700038485	0.106925852105462	0.143941337945982	0.157963707167913	0.114133064619021	0.119385229802627	0.161859129940888	0.12153680430924	0.178778672491962	0.116441262329361	0.161353432229981	0.150225639842448	0.162594119307617	0.170516716830031	0.133375305333421	0.159538680690991	0.124355089253176	0.171422029027157	0.158144132521055	0.117728469884416	0.124303254301862	0.135275263917658	0.147085843835452	0.121592760088236	0.118724770810575	0.133311595486025	0.0774417262271672	0.147441464216934	0.136435497665821	0.123687631182213	0.162843599713267	0.159933906060565	0.143588087038854	0.138055425696938	0.151988939717193	0	0.129580857798706	0.143137450886421	0.161359357200205	0.11080398656047	0.164118580899618	0.125409559864482	0.160279047335742	0.152015331233959	0.133023415133174	0.155723751330364	0.115295623125321	0.117153933576397	0.165139369410412	0.145673755033341	0.153973691636702	0.122229447325853	0.103045799941052	0.107095587622623	0.135527937552589	0.114078914069999	0.160582019034519	0.139034746248054	0.121547369283901	0.141555555718743	0.132082665440242
700024743	0.113239875343118	0.125397993542791	0.104057237655441	0.116545313074732	0.129999853759556	0.12210943814159	0.0816834961381758	0.130034655085409	0.121510712075692	0.114363260532559	0.0914968084333665	0.104938464167538	0.127034946394644	0.125430523397651	0.121333859664441	0.12376263401911	0.126193703195655	0.143523944809192	0.114778743390909	0.086864249240164	0.0940624608898988	0.0928632326556152	0.0993575730012312	0.1227546039948	0.0928490016729996	0.128752547631484	0.138807357984158	0.136613231615749	0.10430540985579	0.1282313373959	0.121215524018035	0.0867530043907898	0.0972713721150695	0.112638382078328	0.129580857798706	0	0.145200187031454	0.126232964962674	0.132007933383756	0.129691364941024	0.136596984544033	0.108395883604207	0.12111047949037	0.0903376287681512	0.105102052105686	0.105257183125608	0.116214651283721	0.0963109891826995	0.114383804388744	0.0961598768906249	0.0901992718997705	0.107444827979429	0.100646193617115	0.0985025861465267	0.135213882599342	0.116676018413977	0.0955378759846327	0.09847682393943	0.0788211196954307	0.0962218952961721
