700108602	700014971	700033565	700109389	700023058	700023927	700106341	700114221	700023543	700023439	700016978	700024192	700113058	700099448	700109870	700033928	700023693	700109627	700095416	700110425	700111580	700111302	700098605	700111991	700108960	700024452	700032931	700095837	700024548	700110161	700023496	700034628	700023645	700038744	700038485	700024743	700099596	700110760	700101587	700106399	700032322	700095653	700021312	700101230	700023590	700038905	700033136	700023382	700096424	700105469	700016908	700096053	700108479	700109569	700033814	700016125	700109756	700102665	700101777	700109455
700108602	0	0.224399340457934	0.330518642667556	0.206430190728937	0.196730838612766	0.29420228849216	0.104690615140234	0.311606655797491	0.148222235011445	0.292471707873789	0.200268081418546	0.347583598357645	0.306941629398549	0.246919213860885	0.331304530292671	0.188468436780089	0.295887625922705	0.289234989016268	0.165758104179164	0.112734808983996	0.167531256278435	0.251457547423926	0.117930440405218	0.0820783334942514	0.173676155434257	0.200214963949075	0.219407725236853	0.321272364248153	0.305047842620067	0.309167259219889	0.263251372102689	0.250935077146707	0.214764917784143	0.279879070897693	0.182035645627142	0.185567113014387	0.234087137759888	0.310531739557682	0.112926344446959	0.363982344821869	0.149535045234838	0.324920568185566	0.211592765964599	0.20098918229974	0.301332693833443	0.22030979878816	0.208079575984915	0.29997832271846	0.234243842166638	0.321029066654531	0.285855877997722	0.101844607365274	0.123429524744285	0.147651239084144	0.114715016674466	0.29770037855936	0.155177253961243	0.118403248418587	0.304505562347471	0.140124391868476
700014971	0.224399340457934	0	0.280672561670581	0.341099432775441	0.1333067789062	0.213029018681594	0.236034487137251	0.176141628356853	0.213482181747179	0.163680180788738	0.149557015440132	0.30421427551865	0.201174884799707	0.144793458691506	0.261588982491541	0.207242108829796	0.178443509808085	0.268581769492158	0.215479285600379	0.204034222656047	0.235143510248239	0.236055444652185	0.192749192253279	0.22568920442714	0.291847757020132	0.153345828281552	0.142807020100052	0.229836090087665	0.168655954674086	0.177846331322871	0.175648074560441	0.250760090982118	0.157322488622402	0.166052774914748	0.182355284252434	0.132262847195165	0.198333736885043	0.251450044729827	0.174340970266374	0.214644043974754	0.166095004212392	0.202936845337191	0.162369468947096	0.195546084193307	0.17184320732833	0.142680710865207	0.116334214561134	0.189669143386072	0.154810862022532	0.286302217977202	0.276331995637884	0.206767874860773	0.245620935539598	0.162132915618973	0.275799992242652	0.175371335328705	0.217077475813725	0.244861240908559	0.25773435329212	0.234698824681253
700033565	0.330518642667556	0.280672561670581	0	0.440992791014954	0.312250279444347	0.115521002990191	0.299322463168767	0.180038401269377	0.271416814641732	0.152947336218516	0.188586665950459	0.0612420236417147	0.161027399033814	0.202266052652967	0.172198867127373	0.178243366197251	0.187912327384815	0.122757746700593	0.21431223481853	0.301108916817956	0.245591870270899	0.11726240881412	0.337980784818621	0.30137725241729	0.268188421671563	0.323301299565448	0.214154375803469	0.396875865851	0.316745295616022	0.216762758832171	0.157748994996286	0.191541423202053	0.182293238878436	0.147713108608377	0.360280474786617	0.245062896366629	0.251020631098446	0.131615904949359	0.290873774118659	0.253625601385941	0.238116536549772	0.126770406808229	0.233445376571641	0.249415914487461	0.193358353032239	0.238478801728609	0.234320112304069	0.164578301477212	0.180603009406441	0.0488969459608252	0.106440635031448	0.341767416876346	0.374933535654735	0.228471663177946	0.390682228767603	0.157460316604405	0.247730026225404	0.281422665450221	0.0706306984246173	0.28356956635745
700109389	0.206430190728937	0.341099432775441	0.440992791014954	0	0.323187150813461	0.422680287996098	0.223987639274938	0.419981393654226	0.308259602493326	0.415600340960906	0.339176087945722	0.451711150478051	0.418844876133861	0.376428000504647	0.436622582687083	0.331627742810833	0.415613188822165	0.429452872773249	0.333988470013102	0.213855859108082	0.297977857637629	0.38346590273705	0.210652638192175	0.252385983291445	0.296909841809384	0.297051725519261	0.371528965068861	0.416236155664487	0.38414309080146	0.418944171242332	0.398539407638943	0.380997145453508	0.344683967850284	0.403763841842726	0.275375183567094	0.310142878974586	0.381010515443769	0.439578534022555	0.261999626958468	0.426929277427176	0.286615306113531	0.42688181641349	0.352872714090624	0.328077622317454	0.405603168498118	0.341830126380588	0.345600673414764	0.408484179576668	0.372522968942339	0.435628263508196	0.402808282328009	0.217897885630567	0.143837315159704	0.297022311523399	0.193426369995607	0.411433339424254	0.255552897986208	0.26115706226797	0.415231801143837	0.268986380705393
700023058	0.196730838612766	0.1333067789062	0.312250279444347	0.323187150813461	0	0.237108341423112	0.211524262490671	0.236633285113728	0.197348181568444	0.22684545353368	0.173189930674589	0.32331767493322	0.26587533659064	0.173378680849385	0.28829896605166	0.196049349471244	0.226593836638847	0.259825739346053	0.18670653241102	0.207095457388813	0.216878330165021	0.2550432272255	0.19060425108482	0.184872732206478	0.281304576888251	0.131627884566878	0.16679803314006	0.278521992998761	0.222677799787629	0.235436468993217	0.20844979190556	0.269857204161098	0.187557496620623	0.216665650727481	0.178003909321637	0.18151884330032	0.172852878229068	0.238863871729722	0.145965673823335	0.286545916032917	0.157744034694873	0.25345290459781	0.1350847976855	0.208795508812135	0.217880705026038	0.168783153675001	0.127205568471812	0.237351775323709	0.193324281721591	0.317079758640212	0.298981671076685	0.181772275904805	0.228841944031181	0.167435205461531	0.240985712725563	0.23687219474006	0.222117577271541	0.222065714808118	0.287673956526185	0.216378092965757
700023927	0.29420228849216	0.213029018681594	0.115521002990191	0.422680287996098	0.237108341423112	0	0.289791113567181	0.142783582418972	0.25067081575119	0.0981861330652416	0.144251961106833	0.140936051887978	0.13145338164252	0.124082355439787	0.176824872060932	0.155861409690924	0.131898171025798	0.10270828452394	0.191118752661908	0.269351085378343	0.22841227420239	0.155211075477412	0.284043539750728	0.260426505994108	0.26763038349066	0.269747367088925	0.152999625174623	0.354865653280987	0.258160838549163	0.17769466447007	0.0707731405840736	0.189565282214893	0.142435178879627	0.0809419020537191	0.316061940798721	0.201611582813164	0.181899867921828	0.102452783271251	0.2580660375519	0.21376415934348	0.196751980510743	0.0941507099876079	0.163869814162002	0.218834149844646	0.1377125791946	0.17022578943891	0.17385838263003	0.132309726946723	0.0864717475482844	0.135278414169346	0.169412106717399	0.310400864102854	0.350142622344172	0.202419681321621	0.362313916282972	0.110771318282783	0.224070161345333	0.257926078212477	0.121957050122898	0.264335203493161
700106341	0.104690615140234	0.236034487137251	0.299322463168767	0.223987639274938	0.211524262490671	0.289791113567181	0	0.293088864706659	0.111532480312485	0.27600666046042	0.185956045806442	0.309424936417525	0.285573198470373	0.245947408645437	0.319785322540928	0.176894802577243	0.297932978370491	0.301181952079271	0.154153762851036	0.0983745959756128	0.128160102384941	0.21962967200157	0.147543592445474	0.100407944901533	0.121924460952324	0.236284235672521	0.253683076291263	0.360909602194129	0.309423856965837	0.305635352537296	0.255731685724177	0.183630195384306	0.201871428722451	0.266636964264974	0.224973653819519	0.147774792427309	0.254192389514261	0.298096891225108	0.116497355641093	0.363738676737394	0.141489880637844	0.295725868757189	0.192627013456746	0.146547353810506	0.271368055168947	0.243824244581656	0.209113701231958	0.26532777337848	0.235688832433333	0.288395461159139	0.270457340092876	0.110304871478123	0.127848097883328	0.128956657728035	0.148214219680237	0.274447853252808	0.141706357718908	0.0863193314863013	0.272366667217819	0.0782024212752018
700114221	0.311606655797491	0.176141628356853	0.180038401269377	0.419981393654226	0.236633285113728	0.142783582418972	0.293088864706659	0	0.273226892137971	0.0681357513949063	0.195198578730601	0.213329250619113	0.0767915152843038	0.139461754569776	0.139960465247759	0.221550995817997	0.0889440597576565	0.223997175914101	0.251548983476651	0.26174289580132	0.269003406899066	0.227134356680946	0.299731938778077	0.294391418093264	0.337302855512814	0.263906510121845	0.147456875649154	0.314289709047819	0.217722090412128	0.112910489764428	0.16037484620954	0.237399380495837	0.174543933831342	0.124526748419829	0.308211943951734	0.183348919046289	0.214750070172771	0.127642296316524	0.250221178830244	0.135996472731323	0.208629222863808	0.0997008695478256	0.212397586204928	0.228633759405822	0.113044710082857	0.165408052297905	0.154605164411303	0.0998531208768994	0.147767029294355	0.189867096145845	0.252075272248812	0.296719363494597	0.339055977685433	0.222959077863126	0.390934605816335	0.0801285805762381	0.227696966767212	0.310883161698944	0.176867927298178	0.283555093893169
700023543	0.148222235011445	0.213482181747179	0.271416814641732	0.308259602493326	0.197348181568444	0.25067081575119	0.111532480312485	0.273226892137971	0	0.240891070248653	0.149669360499717	0.285314257668162	0.262691188141534	0.218685583327767	0.297954130149669	0.135170653625195	0.267146708943752	0.254085556661192	0.114113609752308	0.164590776376629	0.143747679911432	0.1886739945213	0.189555249427977	0.111694825522446	0.140812518221109	0.228449165732316	0.20559304420182	0.328399793731109	0.315487974528147	0.26979461235688	0.214202328742368	0.145671555495164	0.182196657514114	0.23070998845555	0.21789709933355	0.142666414440172	0.212938366593616	0.259080548688886	0.110178531833897	0.346903795607762	0.138886545147155	0.271488040716701	0.171905569423428	0.0943903516435931	0.255284210892451	0.235102577392869	0.175661458758336	0.242080449675573	0.207405532366664	0.258368082939772	0.244846535302948	0.145710464447572	0.1931959412622	0.112174040183414	0.190627675820253	0.247263658305546	0.176331309222791	0.0998016888262943	0.249442975807157	0.0950162367994348
700023439	0.292471707873789	0.163680180788738	0.152947336218516	0.415600340960906	0.22684545353368	0.0981861330652416	0.27600666046042	0.0681357513949063	0.240891070248653	0	0.154168038815979	0.192540028286733	0.0781622897581031	0.108961474674694	0.15242180041207	0.189941584308553	0.0739595948870268	0.173647328086435	0.212779543171604	0.252484322472856	0.238107629525214	0.20333382714861	0.280039269403546	0.26011440273443	0.308169917567057	0.255053773543234	0.125815696919085	0.316224900161455	0.222794919059653	0.121820740252632	0.107358485029618	0.215803698101773	0.14222665015162	0.0922998158771111	0.298583368076096	0.161632879381203	0.179237980232005	0.111884263496416	0.230060678898328	0.144622527374092	0.17278576434189	0.0882897358538899	0.171515953376434	0.205520245482811	0.108916162600645	0.146231414183704	0.143262796572752	0.0886863316725864	0.0934855054994778	0.169561456104137	0.222176685851014	0.284043608664883	0.334098141433818	0.187504826266852	0.367943466344847	0.069217465283555	0.210987660695599	0.273235856954781	0.156370014060901	0.258520841704346
700016978	0.200268081418546	0.149557015440132	0.188586665950459	0.339176087945722	0.173189930674589	0.144251961106833	0.185956045806442	0.195198578730601	0.149669360499717	0.154168038815979	0	0.212020984994582	0.184913687674348	0.140101768490606	0.244517293950395	0.0934302180657329	0.183379256291485	0.166720170715458	0.104253885578067	0.159373172245715	0.1484117013459	0.114890441795944	0.208529512192914	0.159873729760816	0.178354458449609	0.214285736650889	0.14164606153948	0.288937122207315	0.240492717620312	0.195656735096555	0.104057066191748	0.150328514700712	0.0735180982380178	0.116378772857189	0.226930873370273	0.107580869075241	0.163928206496228	0.189237751663637	0.137562679537617	0.271522411525528	0.112129285537083	0.162983308608894	0.106394011493355	0.115351103219726	0.159225552130243	0.161561615366007	0.131003798221622	0.161167450878378	0.118826305687551	0.195979456266956	0.171022513687039	0.198958840429141	0.238114476559472	0.0989761535445536	0.265710948693536	0.155776953024176	0.168504415203049	0.151709087591414	0.177063667763199	0.166716989697598
700024192	0.347583598357645	0.30421427551865	0.0612420236417147	0.451711150478051	0.32331767493322	0.140936051887978	0.309424936417525	0.213329250619113	0.285314257668162	0.192540028286733	0.212020984994582	0	0.1997516199779	0.237825195772115	0.192395413483347	0.192770248160383	0.208955759023953	0.146701358204178	0.226713041988195	0.311956070159772	0.23979893205825	0.123304549951382	0.353463047592069	0.32059163179105	0.273302220830509	0.339568894577877	0.24364071005579	0.413023594589497	0.321287688218364	0.260627270974323	0.176578880404159	0.188827020922552	0.199567080649726	0.165656849413672	0.380877835309001	0.262919908049353	0.273150374684119	0.161403846820686	0.307124552468689	0.271865891342265	0.252214599439199	0.145097221464257	0.255296387342137	0.257092172476858	0.189926114195823	0.246604854727993	0.249555572150429	0.173484857996797	0.209914967445839	0.0738440774121827	0.100341056116757	0.352648122585653	0.384338381920983	0.245324865598538	0.410199943433426	0.180918109468855	0.246913556302427	0.295163960888844	0.103246495364115	0.292814102787175
700113058	0.306941629398549	0.201174884799707	0.161027399033814	0.418844876133861	0.26587533659064	0.13145338164252	0.285573198470373	0.0767915152843038	0.262691188141534	0.0781622897581031	0.184913687674348	0.1997516199779	0	0.143534756384777	0.126839155675597	0.21296903394528	0.119004500317365	0.206935807796335	0.244626349860811	0.261276974646254	0.266842318224016	0.21435847782858	0.299390034306442	0.286949244395698	0.323332374839099	0.284585571376945	0.166653650740607	0.329535566166814	0.245943689385308	0.136835103563839	0.146734371652121	0.231873318474719	0.174368963345854	0.133700547595203	0.327392407093848	0.185754998846219	0.210670856865012	0.121165450112659	0.252954207293123	0.160493512016739	0.20227762958966	0.103949068790475	0.219091523155676	0.222169821967425	0.131158388065777	0.178413748785521	0.190711759250705	0.105016118917642	0.131077847205801	0.16978479783953	0.232468852006559	0.304732074425735	0.339366973916635	0.219416128073827	0.389187382182571	0.0837199573541656	0.2325053367553	0.298603817845893	0.159082025191105	0.271446554646378
700099448	0.246919213860885	0.144793458691506	0.202266052652967	0.376428000504647	0.173378680849385	0.124082355439787	0.245947408645437	0.139461754569776	0.218685583327767	0.108961474674694	0.140101768490606	0.237825195772115	0.143534756384777	0	0.209344717370744	0.175750214926762	0.143652416580953	0.183633099788059	0.174255525487643	0.220064575220163	0.217979564765987	0.20784040250814	0.230465623503621	0.209224881045157	0.282465785430392	0.192269545976035	0.0963138510516318	0.283454740920715	0.192782256135377	0.127295095273107	0.116440849652103	0.227198899125814	0.135922848299147	0.112017980339156	0.247435867526629	0.146966154420624	0.147938381172182	0.144659706677566	0.200433253624283	0.204453295354922	0.157019566892559	0.135586276854293	0.127542170247864	0.196813271015626	0.124287565006193	0.131763117903061	0.119429112711458	0.131408079382567	0.0697272133742503	0.20720071762246	0.223564426651839	0.241581648833448	0.295549676162174	0.162107954446931	0.306316437898843	0.124952725766059	0.190571872037482	0.238852363192477	0.182544079979944	0.234219626934652
700109870	0.331304530292671	0.261588982491541	0.172198867127373	0.436622582687083	0.28829896605166	0.176824872060932	0.319785322540928	0.139960465247759	0.297954130149669	0.15242180041207	0.244517293950395	0.192395413483347	0.126839155675597	0.209344717370744	0	0.260539869048858	0.117134577994926	0.251648572551827	0.275537704446228	0.30486450941411	0.266504014275772	0.252449031330425	0.323643929339237	0.329876908583297	0.355728578027547	0.315586527728503	0.201282401184749	0.382883196508975	0.247766012613222	0.191650590095596	0.207629558676658	0.262016002951625	0.245215827937939	0.208138307293192	0.360552352320955	0.256499975103363	0.266626637616306	0.12643805980124	0.302397727767103	0.171764980548605	0.261616899477528	0.159648336409132	0.273861641629789	0.280166543693988	0.170666491200109	0.172436976099549	0.223225173500475	0.138459043809715	0.190816948801434	0.182346947316857	0.257774949783213	0.338290570504791	0.371121259645398	0.252441108662411	0.39445575015139	0.162655239642575	0.242300080958099	0.334765113024754	0.17784487778549	0.312253244454319
700033928	0.188468436780089	0.207242108829796	0.178243366197251	0.331627742810833	0.196049349471244	0.155861409690924	0.176894802577243	0.221550995817997	0.135170653625195	0.189941584308553	0.0934302180657329	0.192770248160383	0.21296903394528	0.175750214926762	0.260539869048858	0	0.22021420154493	0.159042222418257	0.0951463167521314	0.19392369850742	0.141821267736306	0.101908230568268	0.227224290222866	0.152917356171204	0.16605706665329	0.229163578323607	0.180886691723133	0.319008922152166	0.283570983016807	0.22713247442912	0.135365780132903	0.142526882609364	0.0896616688153241	0.140733511686461	0.250471413220758	0.167708336665042	0.190571833234612	0.212922511216948	0.143582252798842	0.299628452861323	0.12258801756191	0.168605217093837	0.141233342106318	0.154151543725576	0.186583737602859	0.197800680842214	0.15211496358544	0.192963629357216	0.156977758698077	0.166107187007269	0.148359053827472	0.197643103835489	0.240055167181436	0.130473034794459	0.270705240309699	0.180767809238724	0.184689214082777	0.143264537618337	0.157066848888944	0.149331229592583
700023693	0.295887625922705	0.178443509808085	0.187912327384815	0.415613188822165	0.226593836638847	0.131898171025798	0.297932978370491	0.0889440597576565	0.267146708943752	0.0739595948870268	0.183379256291485	0.208955759023953	0.119004500317365	0.143652416580953	0.117134577994926	0.22021420154493	0	0.210205966554155	0.244920656963549	0.265510481670686	0.240533828833587	0.230734214750793	0.281746726412586	0.287000601874041	0.337260066091975	0.260310633181492	0.128979454523244	0.331194502917919	0.189358836375427	0.154576482866729	0.139684760432826	0.238242721106258	0.181188473527952	0.14129976051256	0.306648548284024	0.199119132733093	0.198310130562846	0.134318709041053	0.252839807643911	0.113082385260383	0.202515377239105	0.118595759303238	0.204743153616792	0.235099789484484	0.115649177340403	0.107883934524324	0.156054586444523	0.0906124323505257	0.131501164362157	0.20085006350215	0.249265119577324	0.292572965442033	0.33328908760017	0.211100896710684	0.367459287836366	0.108643417316126	0.214409298907616	0.305419292172772	0.191670995243548	0.28820336418706
700109627	0.289234989016268	0.268581769492158	0.122757746700593	0.429452872773249	0.259825739346053	0.10270828452394	0.301181952079271	0.223997175914101	0.254085556661192	0.173647328086435	0.166720170715458	0.146701358204178	0.206935807796335	0.183633099788059	0.251648572551827	0.159042222418257	0.210205966554155	0	0.197044211218394	0.28943937053157	0.251874769577844	0.130747328493057	0.311035001643635	0.255536828121039	0.256437322699526	0.30537851180356	0.197892380617932	0.378270712290289	0.340125886940636	0.235902734975049	0.120752961811888	0.216708410424189	0.173750984567209	0.140358031095722	0.336017905762909	0.249723193162109	0.175516775552864	0.142534337407988	0.269290935219631	0.293476871661729	0.227804590088501	0.171262137821977	0.181835532967801	0.239289911538599	0.219479540404989	0.246575007469602	0.224261897794873	0.215384206474765	0.149435708814621	0.139335130178739	0.139327984258324	0.324156576708642	0.36140916869724	0.213663341449712	0.344037695887534	0.191594761147411	0.256226513313211	0.259842688747229	0.138230545014291	0.276064032888392
700095416	0.165758104179164	0.215479285600379	0.21431223481853	0.333988470013102	0.18670653241102	0.191118752661908	0.154153762851036	0.251548983476651	0.114113609752308	0.212779543171604	0.104253885578067	0.226713041988195	0.244626349860811	0.174255525487643	0.275537704446228	0.0951463167521314	0.244920656963549	0.197044211218394	0	0.18962010660029	0.117118677859782	0.13700264069688	0.20827962416896	0.126999945531904	0.159522405229014	0.211745466176928	0.181265534356402	0.336758462271585	0.28971894757342	0.25670779778717	0.155658189653334	0.140052882597758	0.126383358199618	0.178256700034794	0.233081846526241	0.167518511097142	0.195726625436531	0.208336276697833	0.143421620305165	0.325773831540307	0.120887812007424	0.222417302444241	0.123001322913708	0.149440461564935	0.208059692966563	0.198912988833327	0.147892817201261	0.214669872460469	0.163394807775519	0.207815081944725	0.189416752991828	0.19410298643243	0.242425442525253	0.108081139578907	0.226037017859439	0.207308345356171	0.168786654866171	0.124629034417805	0.193425730274639	0.143639152749063
700110425	0.112734808983996	0.204034222656047	0.301108916817956	0.213855859108082	0.207095457388813	0.269351085378343	0.0983745959756128	0.26174289580132	0.164590776376629	0.252484322472856	0.159373172245715	0.311956070159772	0.261276974646254	0.220064575220163	0.30486450941411	0.19392369850742	0.265510481670686	0.28943937053157	0.18962010660029	0	0.161039131274162	0.221440791780386	0.127604600335047	0.126542622980994	0.153086652841021	0.226656996379764	0.21204777462535	0.316731000234357	0.274588235654768	0.263865391762715	0.234726080530425	0.223058739059439	0.179207384690905	0.243352294197757	0.207693989504186	0.132364097564388	0.223384501953436	0.294054132197017	0.128819531720018	0.332503945933025	0.146069908790154	0.270940785758693	0.195241251889515	0.132432615474276	0.246030891180463	0.212694359399217	0.180302475364693	0.242346041315781	0.212628480720217	0.292503073515199	0.26797044702786	0.117338319192344	0.105248765529514	0.134621133958117	0.174913579874749	0.250580395886239	0.110149106017421	0.128427980848529	0.274327061616316	0.138767656524519
700111580	0.167531256278435	0.235143510248239	0.245591870270899	0.297977857637629	0.216878330165021	0.22841227420239	0.128160102384941	0.269003406899066	0.143747679911432	0.238107629525214	0.1484117013459	0.23979893205825	0.266842318224016	0.217979564765987	0.266504014275772	0.141821267736306	0.240533828833587	0.251874769577844	0.117118677859782	0.161039131274162	0	0.164930621225028	0.198140844245314	0.13949677161114	0.123375989464933	0.260594117028575	0.237896117677898	0.379505140575368	0.260479669800169	0.289308612948209	0.193272027413378	0.149075489932501	0.159366869682101	0.223245318999191	0.267313183646632	0.159168213716232	0.256940173662837	0.228986353587157	0.156177117307701	0.31758461877558	0.126106409381787	0.233511438958306	0.177166731408114	0.16179351206304	0.202918128189097	0.192932347598338	0.186461404224758	0.208637204640814	0.196944652782303	0.22389014513597	0.21518758053228	0.174022132672718	0.217583589927989	0.109425721141398	0.229810013373316	0.232288500136772	0.104872349628453	0.116792938841434	0.200959482254204	0.128515547351616
700111302	0.251457547423926	0.236055444652185	0.11726240881412	0.38346590273705	0.2550432272255	0.155211075477412	0.21962967200157	0.227134356680946	0.1886739945213	0.20333382714861	0.114890441795944	0.123304549951382	0.21435847782858	0.20784040250814	0.252449031330425	0.101908230568268	0.230734214750793	0.130747328493057	0.13700264069688	0.221440791780386	0.164930621225028	0	0.281246886025607	0.221046371212986	0.167758289393123	0.284574363483843	0.207127013789334	0.358564116681705	0.310495741157634	0.251246883428769	0.15245807363824	0.118341899538881	0.125525484328831	0.149580002684669	0.302332978702725	0.191372217145226	0.226899019790972	0.19952940072394	0.209035530057854	0.301473023660766	0.187461513400284	0.167378213521562	0.184132383752331	0.171980376218437	0.187742489138623	0.234992467754702	0.200681874193666	0.1843767158779	0.180990328531689	0.0974009349353948	0.0950746499793067	0.263378876518977	0.295254337845493	0.151295092478893	0.319889707047982	0.181520873825146	0.195148351506388	0.199710116103007	0.0995034351365137	0.205476162305659
700098605	0.117930440405218	0.192749192253279	0.337980784818621	0.210652638192175	0.19060425108482	0.284043539750728	0.147543592445474	0.299731938778077	0.189555249427977	0.280039269403546	0.208529512192914	0.353463047592069	0.299390034306442	0.230465623503621	0.323643929339237	0.227224290222866	0.281746726412586	0.311035001643635	0.20827962416896	0.127604600335047	0.198140844245314	0.281246886025607	0	0.144683526371495	0.221235867569292	0.209558301075407	0.211993735728421	0.316261439583969	0.285079567948991	0.295906105466936	0.254598230499882	0.270040505074522	0.224382159185579	0.270871022965242	0.202561869382886	0.183243359265083	0.242669803273268	0.300848883571737	0.168548403131318	0.337488727092427	0.171686240406389	0.313264023007652	0.210830372033544	0.205636800394102	0.296414603725187	0.206049680945212	0.210606307451779	0.288276117339325	0.229197974630094	0.33274376400899	0.314991666609818	0.161396674331367	0.130574525557602	0.170217319670067	0.131230706582584	0.288622581564826	0.182600117491796	0.179447717015902	0.31426941280857	0.16757931948013
700111991	0.0820783334942514	0.22568920442714	0.30137725241729	0.252385983291445	0.184872732206478	0.260426505994108	0.100407944901533	0.294391418093264	0.111694825522446	0.26011440273443	0.159873729760816	0.32059163179105	0.286949244395698	0.209224881045157	0.329876908583297	0.152917356171204	0.287000601874041	0.255536828121039	0.126999945531904	0.126542622980994	0.13949677161114	0.221046371212986	0.144683526371495	0	0.148150684678719	0.195933146262212	0.20594740468602	0.327644305007408	0.307190335260624	0.28952046263798	0.227742821250103	0.214069970829667	0.185160214462895	0.247771753012332	0.181775171649169	0.151932860672535	0.207712364823806	0.277927617906929	0.0987431704517696	0.366182037132891	0.121475265326411	0.291137889264421	0.160902042118005	0.150542815224859	0.269771369560178	0.225352995269721	0.177696074773527	0.270659512148736	0.20296741830259	0.294200601617166	0.259904837439125	0.121524328626116	0.156113475126157	0.119306571743432	0.140257536528823	0.274959145099018	0.163723570674325	0.0947047651226292	0.277226895628645	0.116958041720081
700108960	0.173676155434257	0.291847757020132	0.268188421671563	0.296909841809384	0.281304576888251	0.26763038349066	0.121924460952324	0.337302855512814	0.140812518221109	0.308169917567057	0.178354458449609	0.273302220830509	0.323332374839099	0.282465785430392	0.355728578027547	0.16605706665329	0.337260066091975	0.256437322699526	0.159522405229014	0.153086652841021	0.123375989464933	0.167758289393123	0.221235867569292	0.148150684678719	0	0.313717654783029	0.290106847015057	0.410170904300615	0.350795326841816	0.340036640809174	0.24980409134701	0.130405469196556	0.197065207980641	0.259140018337	0.29427384396685	0.189920367611645	0.294652452786531	0.305011489530494	0.181469030185864	0.404665745906852	0.188239056929398	0.278453770287379	0.226178676815965	0.15352536637874	0.293134054919564	0.293496743077029	0.264148122721062	0.292755654344283	0.2602117289263	0.243452325389793	0.226085347264272	0.192347902874743	0.194656281063583	0.156876940313926	0.199211907304207	0.295791280807689	0.178614219857311	0.0960971807993148	0.230667750370773	0.117587117791072
700024452	0.200214963949075	0.153345828281552	0.323301299565448	0.297051725519261	0.131627884566878	0.269747367088925	0.236284235672521	0.263906510121845	0.228449165732316	0.255053773543234	0.214285736650889	0.339568894577877	0.284585571376945	0.192269545976035	0.315586527728503	0.229163578323607	0.260310633181492	0.30537851180356	0.211745466176928	0.226656996379764	0.260594117028575	0.284574363483843	0.209558301075407	0.195933146262212	0.313717654783029	0	0.178603066999415	0.258399177778931	0.19883220953821	0.23509971589215	0.249843971367562	0.292247104890977	0.21486986320641	0.24393302007217	0.0940057581953872	0.197041441442836	0.230449242230511	0.282239709620486	0.163532393386585	0.288756803602444	0.179051917718682	0.282219915360088	0.202126443198875	0.24029707271677	0.247409051285915	0.172252200542435	0.154357687853763	0.269250663990249	0.216471930522096	0.324458519767371	0.314843084056741	0.174950199212732	0.23115998204229	0.186092717798851	0.219381075138414	0.26049078060694	0.239929493127626	0.24546455816675	0.299250849883117	0.245520706158443
700032931	0.219407725236853	0.142807020100052	0.214154375803469	0.371528965068861	0.16679803314006	0.152999625174623	0.253683076291263	0.147456875649154	0.20559304420182	0.125815696919085	0.14164606153948	0.24364071005579	0.166653650740607	0.0963138510516318	0.201282401184749	0.180886691723133	0.128979454523244	0.197892380617932	0.181265534356402	0.21204777462535	0.237896117677898	0.207127013789334	0.211993735728421	0.20594740468602	0.290106847015057	0.178603066999415	0	0.271800550218412	0.213587035131251	0.146352945250092	0.137668578094169	0.2292110325505	0.142979785404152	0.132971390228141	0.226655127234543	0.154215476260439	0.137116641520307	0.165175153609663	0.190304049364462	0.211529447561559	0.162578815932536	0.167599478561814	0.1356811475675	0.188456097722837	0.168009809058194	0.126162123085003	0.114269218896486	0.147322811822528	0.10433879986275	0.213190201613395	0.238458664343841	0.232038275737647	0.280485437969798	0.162415989392883	0.282849194848335	0.139697351957227	0.209818388374589	0.24828190975826	0.199515112398265	0.243275629126773
700095837	0.321272364248153	0.229836090087665	0.396875865851	0.416236155664487	0.278521992998761	0.354865653280987	0.360909602194129	0.314289709047819	0.328399793731109	0.316224900161455	0.288937122207315	0.413023594589497	0.329535566166814	0.283454740920715	0.382883196508975	0.319008922152166	0.331194502917919	0.378270712290289	0.336758462271585	0.316731000234357	0.379505140575368	0.358564116681705	0.316261439583969	0.327644305007408	0.410170904300615	0.258399177778931	0.271800550218412	0	0.196016057674097	0.235153795707043	0.330432764464602	0.38847287904367	0.285374555882768	0.295814848231729	0.253693690110638	0.288533194368283	0.304010430580959	0.384319340015702	0.285342364816982	0.336374618679805	0.29842576116267	0.327039823737006	0.301729319915981	0.314711939121341	0.295506715442373	0.288618559902908	0.259157214331914	0.318542463504194	0.31075851256968	0.40112283624229	0.378239871315469	0.307753502978857	0.340551117553738	0.314539567575184	0.368814054823564	0.310842894872581	0.365797255113723	0.35804645298655	0.384124124259063	0.357690545095784
700024548	0.305047842620067	0.168655954674086	0.316745295616022	0.38414309080146	0.222677799787629	0.258160838549163	0.309423856965837	0.217722090412128	0.315487974528147	0.222794919059653	0.240492717620312	0.321287688218364	0.245943689385308	0.192782256135377	0.247766012613222	0.283570983016807	0.189358836375427	0.340125886940636	0.28971894757342	0.274588235654768	0.260479669800169	0.310495741157634	0.285079567948991	0.307190335260624	0.350795326841816	0.19883220953821	0.213587035131251	0.196016057674097	0	0.171310593147445	0.255618542723885	0.323151733195247	0.223936825393732	0.226745416149553	0.22913064564263	0.206166099539917	0.292118379886025	0.279493784292717	0.256174589749967	0.205667437098408	0.227781885525612	0.226280003231641	0.252880494811187	0.285575887576017	0.161221720646236	0.126050566440619	0.18996949204606	0.201720060285877	0.220596755036524	0.328843044110514	0.334309014779355	0.275259891165524	0.311536001311224	0.235285752664341	0.350557251060642	0.227005647669666	0.236471619526335	0.317015114202329	0.297322794130738	0.312884289841032
700110161	0.309167259219889	0.177846331322871	0.216762758832171	0.418944171242332	0.235436468993217	0.17769466447007	0.305635352537296	0.112910489764428	0.26979461235688	0.121820740252632	0.195656735096555	0.260627270974323	0.136835103563839	0.127295095273107	0.191650590095596	0.22713247442912	0.154576482866729	0.235902734975049	0.25670779778717	0.263865391762715	0.289308612948209	0.251246883428769	0.295906105466936	0.28952046263798	0.340036640809174	0.23509971589215	0.146352945250092	0.235153795707043	0.171310593147445	0	0.176451016701308	0.267299043758569	0.189634892134816	0.138050358019144	0.271407286178863	0.191787296726071	0.210865845697027	0.171097628011917	0.25041894495288	0.196910255979471	0.223331025675818	0.149947110040329	0.210849416593636	0.238491824762874	0.147734954616051	0.190165798686659	0.164864534435182	0.150552044508596	0.148126663597337	0.220387408330132	0.271424113065436	0.280966723265361	0.342328971889823	0.223246563572859	0.380648371199348	0.136598658452317	0.251315592605289	0.303750005622746	0.21006138327684	0.289716779995091
700023496	0.263251372102689	0.175648074560441	0.157748994996286	0.398539407638943	0.20844979190556	0.0707731405840736	0.255731685724177	0.16037484620954	0.214202328742368	0.107358485029618	0.104057066191748	0.176578880404159	0.146734371652121	0.116440849652103	0.207629558676658	0.135365780132903	0.139684760432826	0.120752961811888	0.155658189653334	0.234726080530425	0.193272027413378	0.15245807363824	0.254598230499882	0.227742821250103	0.24980409134701	0.249843971367562	0.137668578094169	0.330432764464602	0.255618542723885	0.176451016701308	0	0.182528905619787	0.113238767918036	0.0815532738829938	0.288124470255597	0.181507867214288	0.147596869682631	0.130836394311304	0.220712459145532	0.227312004995772	0.155253866618107	0.124536332059887	0.128071693073314	0.183099949232846	0.132909490711231	0.156896060947962	0.136452370936636	0.13894317671975	0.0802445454898708	0.165865919794532	0.174819455502032	0.27444298602331	0.315133163177001	0.163510759729505	0.334278847151374	0.115929414063208	0.191438008717849	0.224103533755352	0.154045396925932	0.229938346049798
700034628	0.250935077146707	0.250760090982118	0.191541423202053	0.380997145453508	0.269857204161098	0.189565282214893	0.183630195384306	0.237399380495837	0.145671555495164	0.215803698101773	0.150328514700712	0.188827020922552	0.231873318474719	0.227198899125814	0.262016002951625	0.142526882609364	0.238242721106258	0.216708410424189	0.140052882597758	0.223058739059439	0.149075489932501	0.118341899538881	0.270040505074522	0.214069970829667	0.130405469196556	0.292247104890977	0.2292110325505	0.38847287904367	0.323151733195247	0.267299043758569	0.182528905619787	0	0.168186122550224	0.17443959885243	0.296392179052687	0.161011477865579	0.262245392807059	0.211118808048896	0.212714030590125	0.306116092389822	0.201172229376965	0.191869963077742	0.21228398335665	0.134509783666564	0.210471057458384	0.245491961051892	0.211211706090816	0.19493063422174	0.203951251747222	0.167103362579313	0.188736974282505	0.245540740166875	0.28189158745229	0.154576762772804	0.291232630370687	0.196098026605064	0.189261432700183	0.164266798564062	0.165644358695223	0.145622666022461
700023645	0.214764917784143	0.157322488622402	0.182293238878436	0.344683967850284	0.187557496620623	0.142435178879627	0.201871428722451	0.174543933831342	0.182196657514114	0.14222665015162	0.0735180982380178	0.199567080649726	0.174368963345854	0.135922848299147	0.245215827937939	0.0896616688153241	0.181188473527952	0.173750984567209	0.126383358199618	0.179207384690905	0.159366869682101	0.125525484328831	0.224382159185579	0.185160214462895	0.197065207980641	0.21486986320641	0.142979785404152	0.285374555882768	0.223936825393732	0.189634892134816	0.113238767918036	0.168186122550224	0	0.0953703169567355	0.236655087614876	0.118596035659352	0.170907012777166	0.201105472371441	0.151359752371413	0.252091268842305	0.111351674258089	0.132970125244143	0.117435636234293	0.144878958411525	0.138160756014166	0.144197667030332	0.122993885124873	0.147779930660177	0.1288145665518	0.180835374360756	0.159894068861844	0.20542118520385	0.253009773588022	0.134851265045274	0.300793017381587	0.133198387727448	0.17155993945394	0.172864975383472	0.163874889739027	0.181093138338327
700038744	0.279879070897693	0.166052774914748	0.147713108608377	0.403763841842726	0.216665650727481	0.0809419020537191	0.266636964264974	0.124526748419829	0.23070998845555	0.0922998158771111	0.116378772857189	0.165656849413672	0.133700547595203	0.112017980339156	0.208138307293192	0.140733511686461	0.14129976051256	0.140358031095722	0.178256700034794	0.243352294197757	0.223245318999191	0.149580002684669	0.270871022965242	0.247771753012332	0.259140018337	0.24393302007217	0.132971390228141	0.295814848231729	0.226745416149553	0.138050358019144	0.0815532738829938	0.17443959885243	0.0953703169567355	0	0.279934047745631	0.152366932171942	0.17009713142121	0.145815533293724	0.219428387587854	0.204649130223525	0.169865726763381	0.0818544177037459	0.141616345293334	0.191189821344413	0.100797252125768	0.157032379646612	0.13922524380145	0.107736688977738	0.102664530252857	0.158986595091002	0.179205213674678	0.274688152857689	0.324150302468081	0.184949098814791	0.357860659951288	0.0921261102000085	0.215224191297018	0.240990102059267	0.148285987648624	0.242903754327563
700038485	0.182035645627142	0.182355284252434	0.360280474786617	0.275375183567094	0.178003909321637	0.316061940798721	0.224973653819519	0.308211943951734	0.21789709933355	0.298583368076096	0.226930873370273	0.380877835309001	0.327392407093848	0.247435867526629	0.360552352320955	0.250471413220758	0.306648548284024	0.336017905762909	0.233081846526241	0.207693989504186	0.267313183646632	0.302332978702725	0.202561869382886	0.181775171649169	0.29427384396685	0.0940057581953872	0.226655127234543	0.253693690110638	0.22913064564263	0.271407286178863	0.288124470255597	0.296392179052687	0.236655087614876	0.279934047745631	0	0.190148362440534	0.266372793827131	0.338457129742261	0.147359069883987	0.326974900283497	0.207241304057657	0.330356541514914	0.241197530880733	0.227434728187625	0.295076203777779	0.213883614000037	0.188693033054743	0.317040745041767	0.264947796682448	0.365943338385468	0.332945200337979	0.151515360209687	0.198178663118358	0.190813848132035	0.198310432535506	0.30530793109322	0.252569712181541	0.228322927631134	0.342324441155223	0.229759694922384
700024743	0.185567113014387	0.132262847195165	0.245062896366629	0.310142878974586	0.18151884330032	0.201611582813164	0.147774792427309	0.183348919046289	0.142666414440172	0.161632879381203	0.107580869075241	0.262919908049353	0.185754998846219	0.146966154420624	0.256499975103363	0.167708336665042	0.199119132733093	0.249723193162109	0.167518511097142	0.132364097564388	0.159168213716232	0.191372217145226	0.183243359265083	0.151932860672535	0.189920367611645	0.197041441442836	0.154215476260439	0.288533194368283	0.206166099539917	0.191787296726071	0.181507867214288	0.161011477865579	0.118596035659352	0.152366932171942	0.190148362440534	0	0.200717117006017	0.23470134044553	0.11395148892853	0.25810244332476	0.119061704030934	0.188876947260819	0.155565497992093	0.103436254704431	0.166819329326168	0.160077411519029	0.146246252370547	0.162256170444103	0.148422298563541	0.24851758037761	0.239952808477457	0.156520689071015	0.205266940729159	0.100718766442408	0.242311282103691	0.168990658797221	0.151242276756509	0.145839907546514	0.227810594448784	0.134582083222912
