700108602	700014971	700033565	700109389	700023058	700023927	700106341	700114221	700023543	700023439	700016978	700024192	700113058	700099448	700109870	700033928	700023693	700109627	700095416	700110425	700111580	700111302	700098605	700111991	700108960	700024452	700032931	700095837	700024548	700110161	700023496	700034628	700023645	700038744	700038485	700024743	700099596	700110760	700101587	700106399	700032322	700095653	700021312	700101230	700023590	700038905	700033136	700023382	700096424	700105469	700016908	700096053	700108479	700109569	700033814	700016125	700109756	700102665	700101777	700109455
700108602	0	-0.166784386393932	-0.202731588227975	-0.108186412092324	-0.141080839904412	-0.204767294363958	-0.0849475581047092	-0.227447814516008	-0.110035844473675	-0.205948423395868	-0.162660209537924	-0.21235948695432	-0.220036724072729	-0.162983827406295	-0.216747362061041	-0.117408267272314	-0.218689079323997	-0.188041153404764	-0.105932794814074	-0.0961994177885131	-0.123711543285166	-0.139062525316007	-0.109160196067766	-0.0642924519575662	-0.117206369344813	-0.115568676464626	-0.160838381829185	-0.162656991647874	-0.18043479214025	-0.213165705627207	-0.188242324794043	-0.164829532857255	-0.149262002737899	-0.190954094524227	-0.117111121586482	-0.132650037105323	-0.168128741145086	-0.209259370554835	-0.0855051324929109	-0.251014903683386	-0.101216323860185	-0.211632735037778	-0.149944939428598	-0.150353792069155	-0.197782356000362	-0.152460745287087	-0.136557610711769	-0.214118239648873	-0.17550865014143	-0.192374723324914	-0.147308274384854	-0.084807258644936	-0.0841268695199621	-0.117760994410379	-0.0910235685502133	-0.196300432268466	-0.134927889937711	-0.0854343563499343	-0.182792517981764	-0.12714240380941
700014971	-0.166784386393932	0	-0.170012851630147	-0.208247803639979	-0.121416570033909	-0.146505345775807	-0.169593365402292	-0.128176560792236	-0.14710773100322	-0.107456271762181	-0.118317024865539	-0.184470471911222	-0.129333290950865	-0.108659437812565	-0.153655104076806	-0.151329626624326	-0.127483123693662	-0.150235708764917	-0.159746134106445	-0.143481496334263	-0.147784902034053	-0.13292451343094	-0.132779381511105	-0.16231628314608	-0.178444817349073	-0.159370080047982	-0.103342127129452	-0.139466184837923	-0.124039954122483	-0.133995499912254	-0.105368715347005	-0.168405911505951	-0.102662050735169	-0.121285470023553	-0.151131938335928	-0.11748977874148	-0.168045692014318	-0.151091725295958	-0.140200191405978	-0.15008177543832	-0.130236860538757	-0.135661752631789	-0.119019454401875	-0.14308597308546	-0.11682924539426	-0.119608192399796	-0.0977237562320843	-0.144046137757635	-0.120204242434025	-0.148419246305337	-0.145535252179541	-0.157551971451803	-0.165851758505583	-0.117705583145955	-0.188304888340487	-0.112402764713797	-0.137161516958835	-0.17561285996598	-0.141686213551509	-0.162085168503298
700033565	-0.202731588227975	-0.170012851630147	0	-0.22880917646155	-0.191160144816757	-0.072447953843405	-0.198990055037461	-0.12210751368049	-0.171508299644972	-0.104760489269277	-0.0931498627938803	-0.0640027613298172	-0.119739011673478	-0.146216508036596	-0.112777153679341	-0.134093731052689	-0.103507473411464	-0.0992947016843982	-0.166975514934795	-0.191273997069778	-0.171700712880084	-0.0978431489790521	-0.187144005821403	-0.194958574017197	-0.17139233578342	-0.206402145037058	-0.157108060064569	-0.190103088449917	-0.16957058605282	-0.110415663398726	-0.107696703537627	-0.14203318129353	-0.124769059763739	-0.0941140908448876	-0.20326409431242	-0.141376116459256	-0.158517487126086	-0.0962345765439583	-0.179785118862916	-0.164326398444834	-0.160658650842319	-0.08743629761079	-0.146408882096515	-0.16554321960408	-0.133160828450494	-0.144208363853958	-0.154818449228937	-0.105636289446466	-0.112686963298264	-0.075817754573289	-0.0869443757389237	-0.210440083162385	-0.205779740513868	-0.144808282025349	-0.230803337353141	-0.119797969736836	-0.146161600169051	-0.202822187361362	-0.0836296387497541	-0.201278795544592
700109389	-0.108186412092324	-0.208247803639979	-0.22880917646155	0	-0.192470899775706	-0.243891225764215	-0.104008514060468	-0.248446848931931	-0.166404853882766	-0.24029947493114	-0.203509357816508	-0.22602372402733	-0.240392654512178	-0.216086973199732	-0.22342947814404	-0.158008787476735	-0.251110226894457	-0.239054185792252	-0.184659926625624	-0.111634094130659	-0.143456204388745	-0.181558834818325	-0.150783514558801	-0.139252853488879	-0.131153108323081	-0.148839356792302	-0.22562067293294	-0.203459423653171	-0.185941089697085	-0.233831852720797	-0.227951299247915	-0.207960660834871	-0.178540904283673	-0.223645311692176	-0.151147940197128	-0.165548389606364	-0.239315628993281	-0.248343232871324	-0.138715684860523	-0.242059010512431	-0.1464133254069	-0.229460757586065	-0.205680743557629	-0.182886756984032	-0.212684186907629	-0.183709024845949	-0.191149885182	-0.231157277231384	-0.218942463416814	-0.220154513606046	-0.17501550536923	-0.105415399896142	-0.0826011831401107	-0.177750723007786	-0.122714547538656	-0.230065704546317	-0.13942435244269	-0.126194644139563	-0.196471879705166	-0.150562830404435
700023058	-0.141080839904412	-0.121416570033909	-0.191160144816757	-0.192470899775706	0	-0.162911172660142	-0.156073872195972	-0.183656662286924	-0.133733108925844	-0.15859288099479	-0.149407012608082	-0.200776275960405	-0.185957035729512	-0.131308822609504	-0.182128997539804	-0.141018997130389	-0.174919070430803	-0.157280215005355	-0.14204614662307	-0.147869310634411	-0.16370434047183	-0.155554553428963	-0.136755294055133	-0.145301790627661	-0.185956551200228	-0.127783692245439	-0.130834842183323	-0.154871515641552	-0.152865420016799	-0.17034135329371	-0.14333345185769	-0.193640990142036	-0.146731471526378	-0.160481782299187	-0.134298542421546	-0.153877187742053	-0.138171884276793	-0.152992505453464	-0.12097245690999	-0.208585462885835	-0.122866310591437	-0.176405060634984	-0.11443014467863	-0.159626328029057	-0.154645532546144	-0.147564069267698	-0.110239964626745	-0.178907463140539	-0.134728402559082	-0.181635480622196	-0.166810546150677	-0.141890558620431	-0.153174061976947	-0.118580019288168	-0.166213868973268	-0.163494165292928	-0.165190175358838	-0.166652487271743	-0.172154416038093	-0.158439487136218
700023927	-0.204767294363958	-0.146505345775807	-0.072447953843405	-0.243891225764215	-0.162911172660142	0	-0.21366822775197	-0.111784474178278	-0.17868946641936	-0.0864464748321933	-0.107143198972108	-0.104943098259164	-0.105562151067473	-0.104063393343812	-0.10468148205764	-0.144009626545567	-0.0949586827870494	-0.068032740561187	-0.171650294553687	-0.186689045378714	-0.184607772140802	-0.135691768408026	-0.170314308902933	-0.197234690485822	-0.191307180851383	-0.204251659369901	-0.122286088482786	-0.183661856712723	-0.161818921526508	-0.0915637001581437	-0.0700937801991498	-0.169668275041978	-0.122714124297394	-0.069784180838082	-0.202770364732062	-0.14924878401607	-0.13151307281228	-0.0599981451627586	-0.186267485690288	-0.150460420952319	-0.160548432768317	-0.0841592842705585	-0.124842386438151	-0.164941237356132	-0.125583783315821	-0.134787792029023	-0.140425325521196	-0.105343903351288	-0.0620889106747634	-0.101938396311558	-0.118308158981023	-0.213076018048526	-0.214288068799388	-0.125915104693824	-0.229921253468394	-0.105485768273647	-0.156416455470369	-0.205479778573854	-0.103763255315623	-0.199109509438364
700106341	-0.0849475581047092	-0.169593365402292	-0.198990055037461	-0.104008514060468	-0.156073872195972	-0.21366822775197	0	-0.22362756321139	-0.0918070497875848	-0.215421593230787	-0.150864568553741	-0.190915135891169	-0.214958419829256	-0.186319506347479	-0.205333792611279	-0.11703025104279	-0.214742808204349	-0.210890119483776	-0.122220565354328	-0.0723560876267012	-0.0991641681937544	-0.123701143211234	-0.117939200864916	-0.0999619618275632	-0.0776398645245781	-0.158547403929798	-0.202445562303364	-0.191317369861821	-0.193811333475859	-0.212054493045591	-0.191646710289865	-0.122518529061973	-0.14578306135955	-0.200411308906973	-0.152990065178049	-0.0993180018182605	-0.202326730893705	-0.222579768520514	-0.080796155259664	-0.249868839046786	-0.114051138832589	-0.200101839651458	-0.154287452610824	-0.117992516860457	-0.187678016981416	-0.171588281976662	-0.14967976125964	-0.195326832275873	-0.185655225406203	-0.178487787925366	-0.145799958695377	-0.0721315973063189	-0.0710573210466158	-0.122554320162709	-0.114279397537559	-0.199406910965019	-0.112191044584531	-0.0710758483643888	-0.169672918612584	-0.0760100319569527
700114221	-0.227447814516008	-0.128176560792236	-0.12210751368049	-0.248446848931931	-0.183656662286924	-0.111784474178278	-0.22362756321139	0	-0.201136022914238	-0.0658717513738049	-0.144260593482506	-0.130455634153455	-0.0731093197442913	-0.142251221312143	-0.0821468454302209	-0.185571348173368	-0.0655989792632255	-0.148510902057933	-0.210784951158031	-0.198661248259638	-0.19850411036044	-0.17346019298301	-0.199323728503942	-0.220429437986412	-0.229129335182294	-0.223293041534193	-0.137882005032502	-0.175431235668992	-0.139910084963831	-0.0971922142102934	-0.123162315231373	-0.192288640483754	-0.136794707769279	-0.108739289082655	-0.220395600765962	-0.158081981634111	-0.1925969971876	-0.0962958410897976	-0.200453512051962	-0.089317020092701	-0.171948406902364	-0.0796263188285946	-0.180768855699153	-0.174524714299744	-0.102162194143615	-0.138872123883867	-0.148695820200669	-0.0833210418527387	-0.137091557701798	-0.123064371496576	-0.157859886330802	-0.226367502817906	-0.22016252803184	-0.176446951386025	-0.262936760459711	-0.0849347123744157	-0.167895830958094	-0.244389104788449	-0.125744255842895	-0.20784021407835
700023543	-0.110035844473675	-0.14710773100322	-0.171508299644972	-0.166404853882766	-0.133733108925844	-0.17868946641936	-0.0918070497875848	-0.201136022914238	0	-0.172531359108446	-0.123678043046503	-0.177697443206982	-0.192052034737644	-0.161802745203008	-0.200151182703089	-0.0880093264892312	-0.186381293334051	-0.172962412829825	-0.0906335736738936	-0.114779456856077	-0.118503788475003	-0.106554231155156	-0.120372131254653	-0.103777588809607	-0.116450032619383	-0.141248259485633	-0.16390811568464	-0.160672279842214	-0.19648694851998	-0.180439657161107	-0.157311541315407	-0.100774353346278	-0.131642064368425	-0.165567330343625	-0.130724798369595	-0.116733988151593	-0.157264227765423	-0.191768826416946	-0.0846618562927273	-0.235327274266841	-0.100524429901664	-0.180188126082703	-0.131923800331299	-0.0922683663176384	-0.177278392064986	-0.163487626433067	-0.112854689723157	-0.179583008726705	-0.172257112489764	-0.154590179054554	-0.137688367227565	-0.0911205452008058	-0.109883514558555	-0.118218115844064	-0.127802556155882	-0.165002076538423	-0.145586188698087	-0.0946084241207083	-0.162507717896908	-0.0899259870988068
700023439	-0.205948423395868	-0.107456271762181	-0.104760489269277	-0.24029947493114	-0.15859288099479	-0.0864464748321933	-0.215421593230787	-0.0658717513738049	-0.172531359108446	0	-0.116526346440528	-0.134726865875046	-0.069462038011099	-0.109776045569805	-0.0997732866790138	-0.156327733867848	-0.0707765519829584	-0.109599144843654	-0.178911916217839	-0.188021570501269	-0.182822678413898	-0.153830122846333	-0.174460579622585	-0.193579531802393	-0.211318470788602	-0.19540765857483	-0.110042261473467	-0.152881643048209	-0.126901792645307	-0.0753336113278182	-0.0936108776546662	-0.178499095661614	-0.115226522818592	-0.0783906651361221	-0.191230067537209	-0.14244721695896	-0.155017600977446	-0.0795801409041631	-0.183038058478459	-0.108269547224855	-0.147708608035149	-0.0732977636811016	-0.143398805841211	-0.163546434016814	-0.0989271955583997	-0.122516195580022	-0.130683666514182	-0.0898845438322098	-0.104370571863244	-0.115498748942268	-0.141257821191915	-0.20331034254387	-0.209168250497459	-0.141864638938085	-0.234987618069143	-0.0738842703874474	-0.15934173691941	-0.212624486877887	-0.11523999859124	-0.194912683309656
700016978	-0.162660209537924	-0.118317024865539	-0.0931498627938803	-0.203509357816508	-0.149407012608082	-0.107143198972108	-0.150864568553741	-0.144260593482506	-0.123678043046503	-0.116526346440528	0	-0.104470020160153	-0.125933089592767	-0.123106079655933	-0.152508850594215	-0.0973643948247132	-0.125205952055604	-0.104071982603629	-0.119566019373672	-0.141985643855474	-0.123324488161565	-0.0659406040477606	-0.140684581914309	-0.146496918663827	-0.127995684608331	-0.176097697150929	-0.138797853986046	-0.150149344721605	-0.166635807383674	-0.135645401485794	-0.0896228737278629	-0.108595850636107	-0.0784098627119084	-0.0992455868254848	-0.166871866497869	-0.10130759778921	-0.133948508470652	-0.137886471593182	-0.130131666487355	-0.180309018005412	-0.104920868580017	-0.11085706393505	-0.096843155382374	-0.123394175964595	-0.126418054568962	-0.13406470232449	-0.112509764373262	-0.126168149023608	-0.111876939904658	-0.090440865964913	-0.0758682041481848	-0.16377609358632	-0.156337610206895	-0.10134908724377	-0.188625175298408	-0.106212907849551	-0.114050685220312	-0.15557908933535	-0.093631720764335	-0.145940813022621
700024192	-0.21235948695432	-0.184470471911222	-0.0640027613298172	-0.22602372402733	-0.200776275960405	-0.104943098259164	-0.190915135891169	-0.130455634153455	-0.177697443206982	-0.134726865875046	-0.104470020160153	0	-0.117007690570864	-0.177062677434233	-0.109658905765738	-0.136781928295281	-0.129095464896748	-0.125606910356398	-0.167698707969727	-0.185466586900365	-0.158470983862763	-0.100880961834953	-0.195526672582488	-0.209022701678297	-0.163723063930701	-0.23066316385874	-0.188010059575205	-0.20195891041922	-0.181051724722714	-0.145763779743272	-0.118089442774551	-0.12548390416541	-0.12352997078684	-0.120503578571398	-0.224980878632177	-0.141027605207427	-0.177931310273081	-0.121085167011663	-0.189624270055018	-0.159929549750357	-0.157693085823574	-0.0825488649438998	-0.159406220247409	-0.152783673408837	-0.119900395585506	-0.165099454650725	-0.162114214829609	-0.0937256855340476	-0.146910240309313	-0.0720921813002276	-0.0955495309872748	-0.217213875250205	-0.201859485913506	-0.15851871087381	-0.251831263000845	-0.124776671725335	-0.133493107393328	-0.208367118615428	-0.0914734659374153	-0.19224202597703
700113058	-0.220036724072729	-0.129333290950865	-0.119739011673478	-0.240392654512178	-0.185957035729512	-0.105562151067473	-0.214958419829256	-0.0731093197442913	-0.192052034737644	-0.069462038011099	-0.125933089592767	-0.117007690570864	0	-0.13709499182419	-0.088396815891377	-0.171612908806549	-0.0979512953522192	-0.138357337492009	-0.20210977640856	-0.191990030403022	-0.195034242952125	-0.158735904258222	-0.196444659004145	-0.214300505870764	-0.215067236127559	-0.22219967078104	-0.134186679395237	-0.156228700398191	-0.135578329035661	-0.0966579818635014	-0.11245382823043	-0.175858232964637	-0.120301015679574	-0.084655704687539	-0.220483587099437	-0.157173195716956	-0.184340064239699	-0.101279403821464	-0.191272616131169	-0.103529841786298	-0.154421056557706	-0.0671989049673457	-0.177905891365219	-0.162908608387206	-0.098562048874101	-0.140307227707166	-0.161849140089575	-0.0844792992002897	-0.129542531416354	-0.111290458516223	-0.143755908885795	-0.221102888788202	-0.214023768502765	-0.175843884063574	-0.258682612297933	-0.0651457681287057	-0.167627272637513	-0.232254243556632	-0.113808646711933	-0.192078819550265
700099448	-0.162983827406295	-0.108659437812565	-0.146216508036596	-0.216086973199732	-0.131308822609504	-0.104063393343812	-0.186319506347479	-0.142251221312143	-0.161802745203008	-0.109776045569805	-0.123106079655933	-0.177062677434233	-0.13709499182419	0	-0.150761209035917	-0.14303049264463	-0.125110983835344	-0.113311352321224	-0.143039076055928	-0.161164372139264	-0.167331781182519	-0.147377322860705	-0.137755116257769	-0.155005793988777	-0.189520266925624	-0.15554842921296	-0.092548984137183	-0.155319562637851	-0.135976276572334	-0.114162481496522	-0.0910296965928817	-0.188427389761554	-0.11087295519794	-0.0996558773321856	-0.159677056500178	-0.138260944113151	-0.130893211468476	-0.111792153145127	-0.156909201285596	-0.175783522373735	-0.140029436800593	-0.135895350550291	-0.111543554576258	-0.166583919346816	-0.122026593538825	-0.124713361581335	-0.104203606336375	-0.146810867557644	-0.0730166561552218	-0.152567817693744	-0.133840289957324	-0.172492498980601	-0.186712518709342	-0.11406429012032	-0.184261332897249	-0.12191772043477	-0.14067267916597	-0.176688050803896	-0.132778375815813	-0.176650268395151
700109870	-0.216747362061041	-0.153655104076806	-0.112777153679341	-0.22342947814404	-0.182128997539804	-0.10468148205764	-0.205333792611279	-0.0821468454302209	-0.200151182703089	-0.0997732866790138	-0.152508850594215	-0.109658905765738	-0.088396815891377	-0.150761209035917	0	-0.177387118295396	-0.0902953484039333	-0.155758394570333	-0.207024809493564	-0.184747184325706	-0.180431865308116	-0.164218003233403	-0.185882443737579	-0.224159943059442	-0.210679154682379	-0.218961283526613	-0.153819158648944	-0.185523779775652	-0.138363329286058	-0.100494363078317	-0.130237699283722	-0.180027610617872	-0.144971155825171	-0.127193972170491	-0.222698242812069	-0.158872387712838	-0.197821393438977	-0.0870443932336029	-0.198774310941484	-0.106074009583009	-0.178693325007962	-0.0668817538044486	-0.187470014865939	-0.167098195610265	-0.109589231818791	-0.128142269557015	-0.155706603957158	-0.0715882682695978	-0.132725174991252	-0.112807392717603	-0.151369525827118	-0.218939335765315	-0.202847890855668	-0.173819476547867	-0.250069056951276	-0.0966737017664902	-0.146393333317518	-0.232160086012924	-0.107296707037416	-0.201856538981116
700033928	-0.117408267272314	-0.151329626624326	-0.134093731052689	-0.158008787476735	-0.141018997130389	-0.144009626545567	-0.11703025104279	-0.185571348173368	-0.0880093264892312	-0.156327733867848	-0.0973643948247132	-0.136781928295281	-0.171612908806549	-0.14303049264463	-0.177387118295396	0	-0.168478068712988	-0.139001612109942	-0.0937300106880912	-0.122899367268025	-0.107771201999573	-0.0860729861099659	-0.125470185829758	-0.101551100002325	-0.11769038274412	-0.147584821867902	-0.152144575806951	-0.148598674343633	-0.172645080615865	-0.163856453496701	-0.127445114932049	-0.134359893182573	-0.0887641526026524	-0.137322017295429	-0.146418203600484	-0.121680850220943	-0.145331818226062	-0.16942899701721	-0.10038813918465	-0.218907825264784	-0.0758498370383867	-0.141466078602685	-0.120466898561502	-0.131629608607179	-0.143515925464134	-0.138805947400403	-0.109597462340551	-0.154704107936544	-0.142208099228701	-0.117549495622424	-0.09299624070331	-0.116986473579447	-0.116526770467179	-0.116976481968164	-0.154602851553472	-0.143301843235758	-0.120256951330084	-0.107090068820378	-0.128045011966906	-0.115671940270146
700023693	-0.218689079323997	-0.127483123693662	-0.103507473411464	-0.251110226894457	-0.174919070430803	-0.0949586827870494	-0.214742808204349	-0.0655989792632255	-0.186381293334051	-0.0707765519829584	-0.125205952055604	-0.129095464896748	-0.0979512953522192	-0.125110983835344	-0.0902953484039333	-0.168478068712988	0	-0.119016431828985	-0.196039494483399	-0.194420164292154	-0.179808537387458	-0.156682809069297	-0.184002811173121	-0.20658214961596	-0.219302068698281	-0.219760289195733	-0.135741136478288	-0.185146959626392	-0.142002893490857	-0.10746837377018	-0.0972313169097947	-0.179031902363752	-0.134076282047749	-0.115192826166413	-0.214285497019947	-0.147503606317838	-0.169902278014238	-0.0927677949471616	-0.191292265986947	-0.104124491167072	-0.162890019507046	-0.0904427910741316	-0.151376891357669	-0.170793286733833	-0.11082295178309	-0.121961032849399	-0.137324978793192	-0.0855375011006631	-0.111755296080461	-0.118113749297389	-0.142395822639013	-0.219792476727211	-0.217547409916899	-0.15345390291148	-0.248104211407619	-0.0904138420553557	-0.159560210212411	-0.230342666753193	-0.12013071617062	-0.199579042319294
700109627	-0.188041153404764	-0.150235708764917	-0.0992947016843982	-0.239054185792252	-0.157280215005355	-0.068032740561187	-0.210890119483776	-0.148510902057933	-0.172962412829825	-0.109599144843654	-0.104071982603629	-0.125606910356398	-0.138357337492009	-0.113311352321224	-0.155758394570333	-0.139001612109942	-0.119016431828985	0	-0.160153658287885	-0.186343823885328	-0.189563881184693	-0.128230923800059	-0.176351430974213	-0.173061089259268	-0.18923909347708	-0.200554307558429	-0.130648175055955	-0.178899758474894	-0.190327539296111	-0.127554228656417	-0.077399859787358	-0.165259262837668	-0.119070358801511	-0.0925729654845463	-0.189362054332867	-0.151467972345053	-0.107351391662872	-0.0923504957348941	-0.177221679388088	-0.1759814223989	-0.157540641843593	-0.124527781299407	-0.104400839811617	-0.159320922883557	-0.150074547669322	-0.159324774643444	-0.144835762174481	-0.136160476767925	-0.0819656356772269	-0.123444051845322	-0.111029356297243	-0.213143058324868	-0.208957466971784	-0.129938402564521	-0.211795475837576	-0.124321204931696	-0.172928519069794	-0.199616394589281	-0.129043832947449	-0.203198361130096
700095416	-0.105932794814074	-0.159746134106445	-0.166975514934795	-0.184659926625624	-0.14204614662307	-0.171650294553687	-0.122220565354328	-0.210784951158031	-0.0906335736738936	-0.178911916217839	-0.119566019373672	-0.167698707969727	-0.20210977640856	-0.143039076055928	-0.207024809493564	-0.0937300106880912	-0.196039494483399	-0.160153658287885	0	-0.133998394049388	-0.112821466995256	-0.108284613750631	-0.124741471046242	-0.0914252634069856	-0.11520412085516	-0.142327011777368	-0.154705149115123	-0.174626519698033	-0.191042612417878	-0.193781557589247	-0.152495117181177	-0.127316311836393	-0.125005337238031	-0.169522825715846	-0.139357723613792	-0.129908654038119	-0.139119110667506	-0.178251520217985	-0.113874387946964	-0.246055308153612	-0.102287110697977	-0.181294787178661	-0.103010377930371	-0.137960380039227	-0.174208775946206	-0.149352485841116	-0.112360640801029	-0.183700962505961	-0.148494103584368	-0.149145400741942	-0.12442753804457	-0.131341516792922	-0.135624891864242	-0.100679866683203	-0.132130479344706	-0.171784866917316	-0.134727278158744	-0.106167877610317	-0.15631520339168	-0.129711674095881
700110425	-0.0961994177885131	-0.143481496334263	-0.191273997069778	-0.111634094130659	-0.147869310634411	-0.186689045378714	-0.0723560876267012	-0.198661248259638	-0.114779456856077	-0.188021570501269	-0.141985643855474	-0.185466586900365	-0.191990030403022	-0.161164372139264	-0.184747184325706	-0.122899367268025	-0.194420164292154	-0.186343823885328	-0.133998394049388	0	-0.0984989718129859	-0.121301879187742	-0.111562030298893	-0.116437567926158	-0.0816484847276868	-0.155584387438732	-0.168511772096703	-0.1593036691213	-0.1695716664768	-0.177495787550101	-0.171244581782291	-0.147049379660497	-0.121030104280862	-0.173743748128124	-0.150530533141584	-0.0895755564328052	-0.180680023557937	-0.199704800380809	-0.0923268155189874	-0.225891675361198	-0.114790956546104	-0.171761155340836	-0.135671132420358	-0.0946513355726848	-0.1594581688865	-0.154399461514175	-0.123323856615144	-0.178141133017315	-0.15910199710587	-0.173895839758049	-0.133894681666864	-0.0844173034879294	-0.062870668624766	-0.114949258115538	-0.130295565338724	-0.176518223697407	-0.0872990762772438	-0.0989586909867124	-0.154603360008759	-0.105330722708704
700111580	-0.123711543285166	-0.147784902034053	-0.171700712880084	-0.143456204388745	-0.16370434047183	-0.184607772140802	-0.0991641681937544	-0.19850411036044	-0.118503788475003	-0.182822678413898	-0.123324488161565	-0.158470983862763	-0.195034242952125	-0.167331781182519	-0.180431865308116	-0.107771201999573	-0.179808537387458	-0.189563881184693	-0.112821466995256	-0.0984989718129859	0	-0.0990553145560838	-0.106603204949004	-0.119203224919762	-0.0707247423818712	-0.181469561960753	-0.187699164650336	-0.200355015690844	-0.162535471641026	-0.198367438445715	-0.159590200375111	-0.126059265740805	-0.123211085814086	-0.183108516027199	-0.180865635347436	-0.102566361899584	-0.190647716953755	-0.187889973817284	-0.117611078804339	-0.222760100357041	-0.103706876823503	-0.1657414624522	-0.134042853752819	-0.135103050779257	-0.142620873667108	-0.135123577063577	-0.114982744112271	-0.162748393008123	-0.155654788227293	-0.138514363017986	-0.119345745866448	-0.106840730760525	-0.112241775737241	-0.0985704671029112	-0.144904511519937	-0.168891932178123	-0.0720609512488124	-0.0932699444644468	-0.130746791168864	-0.0991115768295673
700111302	-0.139062525316007	-0.13292451343094	-0.0978431489790521	-0.181558834818325	-0.155554553428963	-0.135691768408026	-0.123701143211234	-0.17346019298301	-0.106554231155156	-0.153830122846333	-0.0659406040477606	-0.100880961834953	-0.158735904258222	-0.147377322860705	-0.164218003233403	-0.0860729861099659	-0.156682809069297	-0.128230923800059	-0.108284613750631	-0.121301879187742	-0.0990553145560838	0	-0.137299187221717	-0.130595529190637	-0.0952788834935357	-0.179525969715083	-0.158261199050742	-0.172570726944267	-0.177070792038319	-0.162293388776851	-0.119820266436624	-0.0855238258993595	-0.0835509671690888	-0.128882657247579	-0.170153529419665	-0.0925488940521134	-0.153134840536188	-0.164725945135606	-0.117104146958802	-0.204158765989539	-0.10966872357177	-0.127695780078889	-0.105889446969201	-0.115521813548838	-0.132052788638135	-0.155280993448263	-0.117748519479879	-0.139243365927339	-0.133172542213244	-0.0899330521569784	-0.0705154192665037	-0.14470265231341	-0.136480705793209	-0.0981933496476792	-0.175513980980978	-0.133065333676926	-0.107457044958578	-0.129808716717032	-0.0986315957903129	-0.128755327360938
700098605	-0.109160196067766	-0.132779381511105	-0.187144005821403	-0.150783514558801	-0.136755294055133	-0.170314308902933	-0.117939200864916	-0.199323728503942	-0.120372131254653	-0.174460579622585	-0.140684581914309	-0.195526672582488	-0.196444659004145	-0.137755116257769	-0.185882443737579	-0.125470185829758	-0.184002811173121	-0.176351430974213	-0.124741471046242	-0.111562030298893	-0.106603204949004	-0.137299187221717	0	-0.107304251559616	-0.135970666022025	-0.143179725239479	-0.143443685502562	-0.160656299919193	-0.160124627173786	-0.181948099988816	-0.155678825637313	-0.159283438224569	-0.144198577368612	-0.173560507142335	-0.133811470051972	-0.115249541327042	-0.15927825133993	-0.182017757193515	-0.103588540717079	-0.214217792011744	-0.113581679956697	-0.187579177891525	-0.142199173622234	-0.143681947831831	-0.178146625933378	-0.12315069401451	-0.116531751263688	-0.189113061101291	-0.150616209629537	-0.168266770133037	-0.15010553897448	-0.113928120398785	-0.114484703306396	-0.103091825381715	-0.105934889831086	-0.169547399257789	-0.13028662359867	-0.122754664339529	-0.158678467505536	-0.102210427363803
700111991	-0.0642924519575662	-0.16231628314608	-0.194958574017197	-0.139252853488879	-0.145301790627661	-0.197234690485822	-0.0999619618275632	-0.220429437986412	-0.103777588809607	-0.193579531802393	-0.146496918663827	-0.209022701678297	-0.214300505870764	-0.155005793988777	-0.224159943059442	-0.101551100002325	-0.20658214961596	-0.173061089259268	-0.0914252634069856	-0.116437567926158	-0.119203224919762	-0.130595529190637	-0.107304251559616	0	-0.11295078629632	-0.130016374597207	-0.157341250495804	-0.16262095217335	-0.191042042827474	-0.210788776138799	-0.175508284081478	-0.164050152791693	-0.142251992983414	-0.185395819157065	-0.119472554302487	-0.123139621329163	-0.158425826170129	-0.203509382866467	-0.0915104343153556	-0.251479117904895	-0.103997501388178	-0.208051809226405	-0.133784543107066	-0.144487115686415	-0.199514158480718	-0.150211630871318	-0.131936429460612	-0.212625021406346	-0.170882531474098	-0.185903037311208	-0.137160143211513	-0.109327134999723	-0.104004827188019	-0.114399586641958	-0.0856163593477906	-0.192286296456493	-0.149718053673425	-0.0928423415518019	-0.179611329621642	-0.109744971538921
700108960	-0.117206369344813	-0.178444817349073	-0.17139233578342	-0.131153108323081	-0.185956551200228	-0.191307180851383	-0.0776398645245781	-0.229129335182294	-0.116450032619383	-0.211318470788602	-0.127995684608331	-0.163723063930701	-0.215067236127559	-0.189520266925624	-0.210679154682379	-0.11769038274412	-0.219302068698281	-0.18923909347708	-0.11520412085516	-0.0816484847276868	-0.0707247423818712	-0.0952788834935357	-0.135970666022025	-0.11295078629632	0	-0.193020613257045	-0.210660836146514	-0.205513572530475	-0.201493025235393	-0.207000235139287	-0.180100838690639	-0.109529402734352	-0.131257747137668	-0.187102156629183	-0.182697800137905	-0.107354754116838	-0.194842291774022	-0.213788057886571	-0.109771652818143	-0.255023383565327	-0.12563331414396	-0.179999563480231	-0.142873731752847	-0.119455138647779	-0.177029030138088	-0.182179808215748	-0.152280857196363	-0.19295461560596	-0.172510699641585	-0.15049326637552	-0.114335451917978	-0.10680363659651	-0.0931797688892304	-0.111388705997731	-0.136123543628852	-0.197560986419602	-0.084739644522251	-0.0832681925657176	-0.145037005409839	-0.103866644961848
700024452	-0.115568676464626	-0.159370080047982	-0.206402145037058	-0.148839356792302	-0.127783692245439	-0.204251659369901	-0.158547403929798	-0.223293041534193	-0.141248259485633	-0.19540765857483	-0.176097697150929	-0.23066316385874	-0.22219967078104	-0.15554842921296	-0.218961283526613	-0.147584821867902	-0.219760289195733	-0.200554307558429	-0.142327011777368	-0.155584387438732	-0.181469561960753	-0.179525969715083	-0.143179725239479	-0.130016374597207	-0.193020613257045	0	-0.151325629260611	-0.148803486626516	-0.145948587429893	-0.194399334631771	-0.194183230692452	-0.215968477964586	-0.170961928171176	-0.190636132891866	-0.0531009766417154	-0.15827832305631	-0.185529365879886	-0.205624704024951	-0.128142290576962	-0.229122919274883	-0.135981661694074	-0.21808604448026	-0.156859439334738	-0.182057425892263	-0.20003779917971	-0.139932315847349	-0.132692795733295	-0.224545979671122	-0.174580967085391	-0.207689822557641	-0.183691177486036	-0.124250092356317	-0.137095628209566	-0.151745664120829	-0.116541442763841	-0.20384823600602	-0.171535198412106	-0.155485542702529	-0.189378533145379	-0.182748401328974
700032931	-0.160838381829185	-0.103342127129452	-0.157108060064569	-0.22562067293294	-0.130834842183323	-0.122286088482786	-0.202445562303364	-0.137882005032502	-0.16390811568464	-0.110042261473467	-0.138797853986046	-0.188010059575205	-0.134186679395237	-0.092548984137183	-0.153819158648944	-0.152144575806951	-0.135741136478288	-0.130648175055955	-0.154705149115123	-0.168511772096703	-0.187699164650336	-0.158261199050742	-0.143443685502562	-0.157341250495804	-0.210660836146514	-0.151325629260611	0	-0.136874623463497	-0.145750947958892	-0.126601534194553	-0.111410652975294	-0.190823110138792	-0.120487070080003	-0.108378897704333	-0.161252259078437	-0.147948866284431	-0.136615338439663	-0.123862467581268	-0.163253932298818	-0.158491452217206	-0.151584185149087	-0.134621076094876	-0.128316913052985	-0.163072016771118	-0.130716107707074	-0.125646740327081	-0.114321647794097	-0.141888898035945	-0.105539711388677	-0.149550752306084	-0.15449130051857	-0.18235064714221	-0.184280653775768	-0.129806944059688	-0.186424969283075	-0.109071494011649	-0.167475172148671	-0.198108457841779	-0.144898337247393	-0.191158954045168
700095837	-0.162656991647874	-0.139466184837923	-0.190103088449917	-0.203459423653171	-0.154871515641552	-0.183661856712723	-0.191317369861821	-0.175431235668992	-0.160672279842214	-0.152881643048209	-0.150149344721605	-0.20195891041922	-0.156228700398191	-0.155319562637851	-0.185523779775652	-0.148598674343633	-0.185146959626392	-0.178899758474894	-0.174626519698033	-0.1593036691213	-0.200355015690844	-0.172570726944267	-0.160656299919193	-0.16262095217335	-0.205513572530475	-0.148803486626516	-0.136874623463497	0	-0.122465878991623	-0.131881404595067	-0.162880686638911	-0.203378765867345	-0.133483175051377	-0.132698267788826	-0.14329408538214	-0.164894452696196	-0.175595584331376	-0.189460164193717	-0.148293844589134	-0.19054226157735	-0.149955148674805	-0.169649546789239	-0.169734573102673	-0.15559730729524	-0.139418481645441	-0.155933062578183	-0.149447637100781	-0.178872473205728	-0.170988821437752	-0.187124398387119	-0.160689448408655	-0.177543675452405	-0.168206398025266	-0.175436359218845	-0.187876458499427	-0.1484927215209	-0.189806425514906	-0.190529262120744	-0.175409119400015	-0.189376995062912
700024548	-0.18043479214025	-0.124039954122483	-0.16957058605282	-0.185941089697085	-0.152865420016799	-0.161818921526508	-0.193811333475859	-0.139910084963831	-0.19648694851998	-0.126901792645307	-0.166635807383674	-0.181051724722714	-0.135578329035661	-0.135976276572334	-0.138363329286058	-0.172645080615865	-0.142002893490857	-0.190327539296111	-0.191042612417878	-0.1695716664768	-0.162535471641026	-0.177070792038319	-0.160124627173786	-0.191042042827474	-0.201493025235393	-0.145948587429893	-0.145750947958892	-0.122465878991623	0	-0.126309903511151	-0.148717319217284	-0.218647679109214	-0.131531002294967	-0.134571961679459	-0.150735660468504	-0.143443193739405	-0.208206849258197	-0.152794088255356	-0.160362842999692	-0.138581912918265	-0.151753817422405	-0.143046736722787	-0.167811128833442	-0.192021911750507	-0.0935629951663932	-0.0936631216324617	-0.138579296491811	-0.142437270860098	-0.144510432084662	-0.176114861025118	-0.165432285456025	-0.177629988531353	-0.177697821170528	-0.146075259930613	-0.190784382516447	-0.141368274339236	-0.145694466429121	-0.205245728674789	-0.156482370634308	-0.204111787405087
700110161	-0.213165705627207	-0.133995499912254	-0.110415663398726	-0.233831852720797	-0.17034135329371	-0.0915637001581437	-0.212054493045591	-0.0971922142102934	-0.180439657161107	-0.0753336113278182	-0.135645401485794	-0.145763779743272	-0.0966579818635014	-0.114162481496522	-0.100494363078317	-0.163856453496701	-0.10746837377018	-0.127554228656417	-0.193781557589247	-0.177495787550101	-0.198367438445715	-0.162293388776851	-0.181948099988816	-0.210788776138799	-0.207000235139287	-0.194399334631771	-0.126601534194553	-0.131881404595067	-0.126309903511151	0	-0.116506908709489	-0.185179977177613	-0.128545981030602	-0.0807398913178781	-0.196678230868865	-0.158060141177985	-0.165328704314687	-0.0956345937721946	-0.186879958088281	-0.141315665355613	-0.170383576792234	-0.0928691424399403	-0.160150560702039	-0.161386431363072	-0.107627183085947	-0.148491552365185	-0.151609656403724	-0.110662361212204	-0.103408570184664	-0.132511882375049	-0.144427463961961	-0.203444217396841	-0.208869788910054	-0.157230307924913	-0.239905451689176	-0.105476161387358	-0.161976062840756	-0.215872639386387	-0.123511516451723	-0.20327311608835
700023496	-0.188242324794043	-0.105368715347005	-0.107696703537627	-0.227951299247915	-0.14333345185769	-0.0700937801991498	-0.191646710289865	-0.123162315231373	-0.157311541315407	-0.0936108776546662	-0.0896228737278629	-0.118089442774551	-0.11245382823043	-0.0910296965928817	-0.130237699283722	-0.127445114932049	-0.0972313169097947	-0.077399859787358	-0.152495117181177	-0.171244581782291	-0.159590200375111	-0.119820266436624	-0.155678825637313	-0.175508284081478	-0.180100838690639	-0.194183230692452	-0.111410652975294	-0.162880686638911	-0.148717319217284	-0.116506908709489	0	-0.15381588515189	-0.0933912347450705	-0.0736859871951988	-0.186335588455661	-0.129944178738221	-0.13538656220318	-0.0900155184260084	-0.166540243733483	-0.153259645233574	-0.129281141988998	-0.0975671053815361	-0.104298252490395	-0.149264970197262	-0.0976255091244195	-0.12821792200483	-0.109841452122856	-0.110270149579542	-0.070640433383086	-0.108821986769402	-0.107658747409195	-0.195876448968629	-0.195300452277582	-0.106703979742398	-0.21717900817607	-0.0922417915436632	-0.137355556183881	-0.188984173442508	-0.114213198064049	-0.181775057388656
700034628	-0.164829532857255	-0.168405911505951	-0.14203318129353	-0.207960660834871	-0.193640990142036	-0.169668275041978	-0.122518529061973	-0.192288640483754	-0.100774353346278	-0.178499095661614	-0.108595850636107	-0.12548390416541	-0.175858232964637	-0.188427389761554	-0.180027610617872	-0.134359893182573	-0.179031902363752	-0.165259262837668	-0.127316311836393	-0.147049379660497	-0.126059265740805	-0.0855238258993595	-0.159283438224569	-0.164050152791693	-0.109529402734352	-0.215968477964586	-0.190823110138792	-0.203378765867345	-0.218647679109214	-0.185179977177613	-0.15381588515189	0	-0.132835905504006	-0.160070757893718	-0.205111400832699	-0.10415159243544	-0.184558799415085	-0.180688259837205	-0.148244039236594	-0.220339233487019	-0.143703687006069	-0.152336032281579	-0.151543576007004	-0.0855412946354959	-0.164944632432332	-0.190867408479551	-0.152566782476003	-0.15486800194836	-0.17271356837585	-0.112416576195877	-0.128583164103859	-0.169794567831032	-0.160509782583125	-0.13456534025583	-0.195234820912807	-0.155826766800086	-0.132176935705697	-0.134352209372598	-0.128707594233426	-0.109588855160111
700023645	-0.149262002737899	-0.102662050735169	-0.124769059763739	-0.178540904283673	-0.146731471526378	-0.122714124297394	-0.14578306135955	-0.136794707769279	-0.131642064368425	-0.115226522818592	-0.0784098627119084	-0.12352997078684	-0.120301015679574	-0.11087295519794	-0.144971155825171	-0.0887641526026524	-0.134076282047749	-0.119070358801511	-0.125005337238031	-0.121030104280862	-0.123211085814086	-0.0835509671690888	-0.144198577368612	-0.142251992983414	-0.131257747137668	-0.170961928171176	-0.120487070080003	-0.133483175051377	-0.131531002294967	-0.128545981030602	-0.0933912347450705	-0.132835905504006	0	-0.093372181500224	-0.157644803217476	-0.0941777047547142	-0.149283662432677	-0.13726832039134	-0.12342669766674	-0.164635182559205	-0.101443518394548	-0.0966484812441999	-0.103110908406731	-0.119488369629891	-0.0932653588618838	-0.12700911686409	-0.10550711859562	-0.10939448587281	-0.113190251848712	-0.104022304305827	-0.0818051234353644	-0.151231816058538	-0.143505443526306	-0.112862813011669	-0.188086384446906	-0.0871638127116881	-0.109059882006629	-0.144258581103147	-0.104684241777743	-0.147318175558868
700038744	-0.190954094524227	-0.121285470023553	-0.0941140908448876	-0.223645311692176	-0.160481782299187	-0.069784180838082	-0.200411308906973	-0.108739289082655	-0.165567330343625	-0.0783906651361221	-0.0992455868254848	-0.120503578571398	-0.084655704687539	-0.0996558773321856	-0.127193972170491	-0.137322017295429	-0.115192826166413	-0.0925729654845463	-0.169522825715846	-0.173743748128124	-0.183108516027199	-0.128882657247579	-0.173560507142335	-0.185395819157065	-0.187102156629183	-0.190636132891866	-0.108378897704333	-0.132698267788826	-0.134571961679459	-0.0807398913178781	-0.0736859871951988	-0.160070757893718	-0.093372181500224	0	-0.185824633935565	-0.139729502907315	-0.141061924421203	-0.0898975691412025	-0.167419698041221	-0.138865439323673	-0.14554842054814	-0.0900626664577065	-0.130354293723909	-0.14961498116145	-0.0970926226037926	-0.130517109966019	-0.139696928575194	-0.104555666036255	-0.0847411980567812	-0.111848037465442	-0.112667256268869	-0.199655922972494	-0.199955161170522	-0.133508882753686	-0.223459022571453	-0.0888695642440849	-0.157913510790219	-0.195471241729925	-0.107478058900637	-0.194234212010895
