700108602	700014971	700033565	700109389	700023058	700023927	700106341	700114221	700023543	700023439	700016978	700024192	700113058	700099448	700109870	700033928	700023693	700109627	700095416	700110425	700111580	700111302	700098605	700111991	700108960	700024452	700032931	700095837	700024548	700110161	700023496	700034628	700023645	700038744	700038485	700024743	700099596	700110760	700101587	700106399	700032322	700095653	700021312	700101230	700023590	700038905	700033136	700023382	700096424	700105469	700016908	700096053	700108479	700109569	700033814	700016125	700109756	700102665	700101777	700109455
700108602	0	-0.166425308984556	-0.197083526766122	-0.106505363897733	-0.152362234871599	-0.201520831703726	-0.0707282360359416	-0.214935372150569	-0.10601561471879	-0.20248994579167	-0.140260173180381	-0.20104987047715	-0.209714945409438	-0.164632655569079	-0.216345442858721	-0.111093872700698	-0.215073432364503	-0.197935010744934	-0.101447566849491	-0.0869566452835936	-0.107217551881629	-0.146701833718972	-0.105173387120641	-0.0681945314456533	-0.097408228514274	-0.120051178142223	-0.165401995115127	-0.171747114219009	-0.185601202262059	-0.20840375429449	-0.194941405885889	-0.152443109057903	-0.151776300502439	-0.18646417946697	-0.129823845428743	-0.123356747051394	-0.158223936389554	-0.216429005691695	-0.0753332590522953	-0.245624712907812	-0.0940668177054277	-0.20683570073633	-0.151949961522202	-0.131514315849728	-0.175878707977092	-0.153959638097138	-0.139079530279041	-0.201081166239076	-0.173493454545125	-0.181108882172535	-0.143968934980792	-0.0737349462311756	-0.0802918236740975	-0.113559419465357	-0.0926361653687369	-0.194208502687902	-0.120790692171993	-0.0736432533036065	-0.174707409288237	-0.105111199439697
700014971	-0.166425308984556	0	-0.172187958864068	-0.21823892819577	-0.139755892221599	-0.144952583461379	-0.174856041391325	-0.144265982860092	-0.153529404582612	-0.118659586303397	-0.11888327974593	-0.185695040242135	-0.141635308097451	-0.111241341399058	-0.169125054797128	-0.143800330760418	-0.127716063308086	-0.167402351331242	-0.162397066352854	-0.166499979998763	-0.162752948266424	-0.147420903951133	-0.139427333032429	-0.170934107663256	-0.190566010522923	-0.166161695129562	-0.105722088174143	-0.141702961975779	-0.124742560677635	-0.139357698534595	-0.119223184006784	-0.154334234091035	-0.12536272492772	-0.130191491005034	-0.14818931201682	-0.125803972462092	-0.161532793970027	-0.171848367221065	-0.145505299073721	-0.152238420365594	-0.139327889636081	-0.147566554686114	-0.136576953564683	-0.153284334060635	-0.123973785060894	-0.117549985346751	-0.106492479928879	-0.149728633750451	-0.121168557226998	-0.167954523488154	-0.180863932867601	-0.16799802389499	-0.171166295020136	-0.128248002691324	-0.195288993660857	-0.12278835466673	-0.162359195167838	-0.167672126290224	-0.161242266994192	-0.160711609681908
700033565	-0.197083526766122	-0.172187958864068	0	-0.225980886684383	-0.19445306265755	-0.0766223596589458	-0.203035679951182	-0.10454345280732	-0.168450646562296	-0.0931718922349245	-0.0971440700838162	-0.0602560257610057	-0.106273788846385	-0.143621467666234	-0.0942934817587043	-0.130413065413432	-0.110257510451806	-0.0937257966815065	-0.163312288315232	-0.178538701879813	-0.16849772890546	-0.098475625324706	-0.184054089215261	-0.187478279250952	-0.17248664855833	-0.204310647070705	-0.151837385080699	-0.195252462943685	-0.155214103869068	-0.113974665697273	-0.0948692729132271	-0.125020157234914	-0.106685589003424	-0.0782294317770845	-0.194433615702629	-0.135698134047866	-0.15828220081428	-0.090162333521078	-0.185748407019416	-0.14689201074391	-0.157281233117647	-0.077388785412036	-0.152034062087462	-0.1507436466155	-0.123369562826905	-0.135059275257384	-0.15491748414077	-0.092162045795839	-0.124398975226339	-0.0656281731211132	-0.0955768729371606	-0.211025656812412	-0.201246434042528	-0.138094331741812	-0.234661130040142	-0.10671074152185	-0.142654449758124	-0.205874099729998	-0.0760343741665971	-0.188689893056046
700109389	-0.106505363897733	-0.21823892819577	-0.225980886684383	0	-0.196877719538629	-0.241070694852318	-0.0933528306833998	-0.242448281948328	-0.184712559502693	-0.233043669405678	-0.194857580957966	-0.22109345173592	-0.234938560688861	-0.211244912661744	-0.229970678936793	-0.168527453407176	-0.245211099236357	-0.24454570593876	-0.178360290707478	-0.101297857779891	-0.144176079068784	-0.191977133622101	-0.138397151564492	-0.1494562442718	-0.129221689320338	-0.146764180017326	-0.228491275163125	-0.198231333051903	-0.194493441150105	-0.241735094239022	-0.239657663698356	-0.204149740124908	-0.189503479978772	-0.224632001041004	-0.153289818371079	-0.161439730148469	-0.224157114984475	-0.256076163553589	-0.141706662949202	-0.239685654801462	-0.145655912719117	-0.229937246415595	-0.210188864284547	-0.175219650962745	-0.203103630989964	-0.180542698966324	-0.202707493512716	-0.230038531024197	-0.223216309148793	-0.215244622457771	-0.174945956208709	-0.1072408486777	-0.0780994390389432	-0.19070432575841	-0.117645768917425	-0.226231448110697	-0.121097526969595	-0.115643044554636	-0.190269154128393	-0.146236237102813
700023058	-0.152362234871599	-0.139755892221599	-0.19445306265755	-0.196877719538629	0	-0.155760843200084	-0.160805603476761	-0.186026632769094	-0.143439332605949	-0.169760491179597	-0.145364949428001	-0.203603270465677	-0.194021068823707	-0.144483498402669	-0.191796716448781	-0.13795705689008	-0.178371078300277	-0.166505531548863	-0.165809282617977	-0.17207214164067	-0.177465170304539	-0.173456449174075	-0.152248629945093	-0.157246206093445	-0.196709260405489	-0.134854388186075	-0.139575240078239	-0.164401955983921	-0.167466292438453	-0.172137655704035	-0.160903562896701	-0.192409008176657	-0.149981953165409	-0.166480115113401	-0.127612042163378	-0.162216653572333	-0.125728671812724	-0.162619383398839	-0.133977008795737	-0.206837295797908	-0.143633006595557	-0.184144566001456	-0.127458106876621	-0.171345966393875	-0.168746811535452	-0.152071075397651	-0.111209428946068	-0.186979361312922	-0.140444039077147	-0.196669343402302	-0.19639481727323	-0.154489934133375	-0.154606153308305	-0.152742911674125	-0.170824284325179	-0.183131255855015	-0.187080913185441	-0.167956842438703	-0.18538512882391	-0.15886987521052
700023927	-0.201520831703726	-0.144952583461379	-0.0766223596589458	-0.241070694852318	-0.155760843200084	0	-0.216642963516854	-0.104695863032113	-0.173110677257776	-0.0857319468842535	-0.106505075210764	-0.105073219092587	-0.117045045985612	-0.0979389254716156	-0.10466066567685	-0.143824503321609	-0.0945724509602843	-0.0760789245001449	-0.169074397788142	-0.193771046974649	-0.17480813997359	-0.129728443265095	-0.172402707732517	-0.18954556342714	-0.194474910983603	-0.192530850860229	-0.131122246532343	-0.196253441082561	-0.140775858750587	-0.103576731205542	-0.0584913444701366	-0.155099604119889	-0.109721347003773	-0.0762801493901839	-0.18952059653347	-0.142774139966227	-0.136346966739217	-0.0630527574197627	-0.18340341787182	-0.144065732859558	-0.154652527139532	-0.0867312410984336	-0.114729205892667	-0.173086555065908	-0.117758852191181	-0.121328335524444	-0.123993749079317	-0.10024492440332	-0.0676904241334607	-0.0993121314602117	-0.127328566266396	-0.220258629866608	-0.212507944464646	-0.130959080802371	-0.228220660119814	-0.111172585077111	-0.147429089054195	-0.215555100961954	-0.105444789021812	-0.191787027775273
700106341	-0.0707282360359416	-0.174856041391325	-0.203035679951182	-0.0933528306833998	-0.160805603476761	-0.216642963516854	0	-0.214038111495187	-0.120219152269043	-0.210073385049101	-0.14997305718947	-0.188102229280546	-0.208449740189001	-0.186315568742013	-0.214593731966474	-0.13408641399183	-0.218187934768778	-0.225986416482015	-0.119350978584299	-0.0716048359560108	-0.0972785059190994	-0.134417393421828	-0.123875587971163	-0.108717737747334	-0.0817965697310014	-0.147233152354288	-0.198834350528907	-0.195032523735035	-0.199895392078033	-0.223255598687282	-0.204854322969593	-0.134738691356407	-0.153865805398345	-0.194984607286852	-0.149932376917495	-0.111968538927989	-0.189792069643332	-0.232105264805203	-0.0922770443247897	-0.24086247994251	-0.117278711658057	-0.202664255268836	-0.160508203512432	-0.118866155643048	-0.174382134993624	-0.167299140695722	-0.161025215691815	-0.194642429803191	-0.193151636963768	-0.174645040416339	-0.155664979319921	-0.0660186512213844	-0.0754145087951167	-0.141465258583741	-0.121292103680272	-0.192636170674326	-0.106480181238915	-0.0729245235814212	-0.171923182989124	-0.0902927069576954
700114221	-0.214935372150569	-0.144265982860092	-0.10454345280732	-0.242448281948328	-0.186026632769094	-0.104695863032113	-0.214038111495187	0	-0.192239404370957	-0.0641931332173863	-0.132724186199152	-0.12158023074773	-0.0740490152071262	-0.133868429377656	-0.0849737009551306	-0.157901558667581	-0.0503076675558628	-0.147830349267076	-0.19384639356507	-0.202786718094944	-0.183316513435132	-0.150707591659841	-0.197995278593574	-0.214473583364296	-0.217541364356058	-0.213513507589255	-0.133422291119238	-0.18362862867679	-0.124090602216925	-0.103654626225779	-0.091553875849791	-0.16841516775023	-0.116552388933241	-0.0954128203375008	-0.208769519893224	-0.147394974871593	-0.179623965788649	-0.0970028345087537	-0.191028888167427	-0.0854429768320964	-0.158976644884104	-0.0632298952511359	-0.170764710735043	-0.178009745792786	-0.0921653283629758	-0.127895662392246	-0.134195646467591	-0.070263964123552	-0.134846680297975	-0.117481068114845	-0.158148546396642	-0.220419996899212	-0.213043626922966	-0.151964678079096	-0.255359845199859	-0.0840972622028981	-0.16091676668831	-0.22374653067231	-0.123186399565003	-0.199153958317536
700023543	-0.10601561471879	-0.153529404582612	-0.168450646562296	-0.184712559502693	-0.143439332605949	-0.173110677257776	-0.120219152269043	-0.192239404370957	0	-0.177799075242228	-0.109824897983784	-0.174387282476935	-0.193685077243032	-0.152074534955985	-0.196539702537195	-0.0971388039978679	-0.194130287545225	-0.178397918255097	-0.0858803084970172	-0.120408235292091	-0.118182868537886	-0.115730745949418	-0.121918421708913	-0.101402099040256	-0.118852203836241	-0.14813650347576	-0.146452155933087	-0.167802733110375	-0.200617003876801	-0.187351240488772	-0.164013327544457	-0.105039576063297	-0.127442298842394	-0.163191149119966	-0.143386308504768	-0.126368417511468	-0.141046535109057	-0.188962219729665	-0.0909337433077369	-0.233495810758682	-0.10813543792775	-0.179995454357301	-0.123353220724384	-0.0911014238805554	-0.166396877761458	-0.159936012822761	-0.115220331679737	-0.173863307621969	-0.156651369169291	-0.148106553218952	-0.143766565448041	-0.110726821412165	-0.128897393106665	-0.113010372715561	-0.137116636427127	-0.171176646086757	-0.146805408577975	-0.10582369125565	-0.149602297464025	-0.100831079869193
700023439	-0.20248994579167	-0.118659586303397	-0.0931718922349245	-0.233043669405678	-0.169760491179597	-0.0857319468842535	-0.210073385049101	-0.0641931332173863	-0.177799075242228	0	-0.116332389572876	-0.124707863531764	-0.0716285868646315	-0.111930725746187	-0.107848392718648	-0.139720477077901	-0.0601886223196877	-0.12119731532676	-0.177211693206982	-0.19657236414056	-0.182429176292997	-0.140423184802605	-0.185160500563504	-0.197904808539095	-0.205366512287195	-0.197073344411031	-0.114072453587196	-0.16949769054548	-0.122275046182671	-0.0976814641204803	-0.0701153918222792	-0.16464853401191	-0.103947839218474	-0.070868180690801	-0.188512902990133	-0.136569498994138	-0.158215138864615	-0.0994530718140111	-0.175392516173667	-0.100183123936679	-0.139374487547147	-0.0746206288853768	-0.145470142631001	-0.173902161247703	-0.0954745050824952	-0.11428593107137	-0.122462175277131	-0.085437879885772	-0.108522186971199	-0.110118409804685	-0.142193282512096	-0.210047197666897	-0.205691700315127	-0.141254874745228	-0.240277019138612	-0.0746851793551411	-0.153753497835572	-0.207033174753571	-0.110590867954916	-0.190799588479962
700016978	-0.140260173180381	-0.11888327974593	-0.0971440700838162	-0.194857580957966	-0.145364949428001	-0.106505075210764	-0.14997305718947	-0.132724186199152	-0.109824897983784	-0.116332389572876	0	-0.11542010184459	-0.128755002699659	-0.120600017049298	-0.14897342061146	-0.0900004703488773	-0.129861188695909	-0.111048156018519	-0.110564300996442	-0.127169718478972	-0.126762449028968	-0.0765108057907548	-0.136924489432823	-0.133008600335441	-0.121871778204049	-0.168682147414358	-0.124743041852007	-0.150339235554546	-0.152775816905199	-0.13414694079051	-0.102464018348178	-0.0972330413130094	-0.0733716481764444	-0.0914539243928061	-0.151599431814463	-0.0809197601178753	-0.129337193771195	-0.136285137464114	-0.123727639740312	-0.174327960158764	-0.110729470088982	-0.119106134038545	-0.103611840391099	-0.0995811085990129	-0.117469643182461	-0.123001798874453	-0.108967787870996	-0.118220118729821	-0.104472787058538	-0.102070850480976	-0.106823026573182	-0.155695439868733	-0.147696722383801	-0.0932171010315689	-0.178967568608356	-0.113840310638181	-0.123665730393324	-0.145504678034202	-0.102657093533552	-0.140186461487865
700024192	-0.20104987047715	-0.185695040242135	-0.0602560257610057	-0.22109345173592	-0.203603270465677	-0.105073219092587	-0.188102229280546	-0.12158023074773	-0.174387282476935	-0.124707863531764	-0.11542010184459	0	-0.113022036979289	-0.172122258655279	-0.103039345395916	-0.136583514727232	-0.132672682632634	-0.12333583889564	-0.160859876637457	-0.174321128148495	-0.16038593358721	-0.0957543430309192	-0.195512523646484	-0.204468401741961	-0.163756822887464	-0.213521526191142	-0.179866082807226	-0.204315605188204	-0.177143105860626	-0.145975815187402	-0.116969248605937	-0.119107804257115	-0.105090148852372	-0.10588698695842	-0.216337126940369	-0.138558591720765	-0.178593317073847	-0.107222700084502	-0.192469078779849	-0.152614403852059	-0.159079168345258	-0.0801757378909055	-0.168368367687136	-0.14258939157271	-0.122468664317615	-0.153513161401752	-0.169218714213314	-0.0924881162018622	-0.143760879780473	-0.0696306259172328	-0.0948024652911935	-0.216152337896701	-0.20260243617391	-0.149593036878902	-0.251828359040726	-0.1096212351317	-0.137932278963196	-0.209961987625243	-0.0895942628630882	-0.181458360340981
700113058	-0.209714945409438	-0.141635308097451	-0.106273788846385	-0.234938560688861	-0.194021068823707	-0.117045045985612	-0.208449740189001	-0.0740490152071262	-0.193685077243032	-0.0716285868646315	-0.128755002699659	-0.113022036979289	0	-0.130180490883934	-0.0923326664354878	-0.150474056312186	-0.0875749221370851	-0.142951541178783	-0.194678888220727	-0.195507521456904	-0.195788409302286	-0.140928454089332	-0.201819835597954	-0.214415142227403	-0.208923704842318	-0.209965901760094	-0.128187378398435	-0.172204388207771	-0.132127887522589	-0.100296615259561	-0.0953581331530225	-0.159579812327162	-0.11525697772843	-0.0887815793929649	-0.210873636276538	-0.150742884437142	-0.182411847079156	-0.121509550297114	-0.186723703268324	-0.103941127257683	-0.156632016278699	-0.0719829748216384	-0.174372962984204	-0.173676846630567	-0.102089804702772	-0.131834354003869	-0.160669924085097	-0.0863032376943652	-0.135778669266893	-0.108872194270795	-0.146947195509192	-0.214995555410772	-0.207859853461003	-0.174023454371635	-0.258634610571003	-0.0631646089804439	-0.161572142403627	-0.219113983764407	-0.114119909174589	-0.194560685134226
700099448	-0.164632655569079	-0.111241341399058	-0.143621467666234	-0.211244912661744	-0.144483498402669	-0.0979389254716156	-0.186315568742013	-0.133868429377656	-0.152074534955985	-0.111930725746187	-0.120600017049298	-0.172122258655279	-0.130180490883934	0	-0.149640302825196	-0.131953602128907	-0.115862659914536	-0.121613792018176	-0.152062997063383	-0.169771327089254	-0.166975167624553	-0.153120270276366	-0.137719643597793	-0.153909971004391	-0.189629094834791	-0.152188081629794	-0.0943900843859704	-0.166721820701127	-0.127132446790642	-0.111350653009688	-0.0928277542299109	-0.173343010292278	-0.117556021619822	-0.107988288379172	-0.155350731045507	-0.143208877453672	-0.128423307331478	-0.12524499192005	-0.14204069756994	-0.164450972444194	-0.137393896427407	-0.132985727353442	-0.102526976929946	-0.178116715746835	-0.113532231497592	-0.110274844223927	-0.0984613412856557	-0.134795908647482	-0.0733799789668262	-0.148642991697237	-0.150662537604293	-0.171350275437677	-0.181460586884124	-0.124354531996251	-0.182083558239445	-0.129786000188111	-0.14010971353841	-0.178217408242241	-0.13384851812931	-0.171416469191053
700109870	-0.216345442858721	-0.169125054797128	-0.0942934817587043	-0.229970678936793	-0.191796716448781	-0.10466066567685	-0.214593731966474	-0.0849737009551306	-0.196539702537195	-0.107848392718648	-0.14897342061146	-0.103039345395916	-0.0923326664354878	-0.149640302825196	0	-0.174451234054003	-0.099856060429068	-0.153559604067393	-0.200739620721504	-0.195914953825773	-0.175462238706672	-0.154126072723007	-0.191089902242491	-0.22080401508916	-0.213874961918938	-0.207795306660102	-0.15894760592679	-0.200018418484522	-0.127981358014341	-0.114779406696194	-0.115881818618678	-0.165156173918329	-0.133939694574031	-0.118267675483367	-0.210368353246027	-0.161278936394896	-0.200671770258966	-0.0913684998240183	-0.20094795524339	-0.110802667514934	-0.179046161576357	-0.0794271113934564	-0.189741673148549	-0.177510465644733	-0.110283621093553	-0.11652435264444	-0.159627449275411	-0.0825408184097784	-0.139949085426423	-0.110340954525097	-0.14744229285515	-0.22636398082747	-0.206275122465539	-0.168599133637749	-0.249087859663957	-0.105002090132956	-0.155075776225265	-0.230603206595435	-0.109180575547694	-0.193610589978653
700033928	-0.111093872700698	-0.143800330760418	-0.130413065413432	-0.168527453407176	-0.13795705689008	-0.143824503321609	-0.13408641399183	-0.157901558667581	-0.0971388039978679	-0.139720477077901	-0.0900004703488773	-0.136583514727232	-0.150474056312186	-0.131953602128907	-0.174451234054003	0	-0.156212285525892	-0.143533689702138	-0.0995951375551294	-0.128422228908467	-0.125241642161073	-0.107977684288526	-0.124366064815483	-0.109017101979376	-0.13748195163133	-0.132522287126142	-0.130726476767476	-0.137679214676202	-0.161381497070983	-0.159993541608844	-0.133375553018758	-0.129961062261725	-0.0847193118070413	-0.119236468737254	-0.134125187232746	-0.117824125377172	-0.124537520089138	-0.167527782408363	-0.0972556602704545	-0.19499047057525	-0.0752441092474616	-0.138251006963958	-0.12062885389069	-0.117402742188714	-0.121215560432992	-0.127652346842145	-0.106101788635511	-0.142302826975988	-0.133598874895693	-0.118304550666479	-0.113531531278673	-0.129163182179551	-0.130587923458966	-0.107004559249659	-0.161662370622015	-0.130285504398637	-0.133123165157742	-0.123788516386593	-0.123865602864364	-0.123147847757863
700023693	-0.215073432364503	-0.127716063308086	-0.110257510451806	-0.245211099236357	-0.178371078300277	-0.0945724509602843	-0.218187934768778	-0.0503076675558628	-0.194130287545225	-0.0601886223196877	-0.129861188695909	-0.132672682632634	-0.0875749221370851	-0.115862659914536	-0.099856060429068	-0.156212285525892	0	-0.133783272213183	-0.193637087047565	-0.204919319392449	-0.181786386031819	-0.154898887799431	-0.193405532477536	-0.214877161263292	-0.221201028279912	-0.208888357196628	-0.125566367983164	-0.180981212658946	-0.11558478562095	-0.104618207653076	-0.0746105228547611	-0.174433454080396	-0.119361119355995	-0.0868162256546584	-0.20109217997221	-0.148693306663155	-0.17368913219295	-0.111188996918268	-0.188259734478442	-0.0858792770451881	-0.156270628994741	-0.073662288894909	-0.159168126124307	-0.182823746636838	-0.0882415011044164	-0.10921906394673	-0.126406673761306	-0.0780403799380665	-0.117743265805855	-0.12511742541696	-0.160794091644361	-0.221916689119794	-0.215247767936139	-0.148076166798655	-0.25364111830048	-0.091007254992861	-0.164332170542379	-0.223367888958626	-0.132905879117156	-0.201171889790966
700109627	-0.197935010744934	-0.167402351331242	-0.0937257966815065	-0.24454570593876	-0.166505531548863	-0.0760789245001449	-0.225986416482015	-0.147830349267076	-0.178397918255097	-0.12119731532676	-0.111048156018519	-0.12333583889564	-0.142951541178783	-0.121613792018176	-0.153559604067393	-0.143533689702138	-0.133783272213183	0	-0.17555353490263	-0.199574424271467	-0.193606762111762	-0.13955251466076	-0.187054545758717	-0.170449552831117	-0.198125018850889	-0.20335069296818	-0.134933482464414	-0.199867827746666	-0.188575714643893	-0.13328333058729	-0.0939004140435345	-0.162590878763048	-0.129499122857919	-0.105905995237892	-0.191685254240686	-0.160099612889216	-0.118628947054267	-0.0852727979556015	-0.194717938032798	-0.184626849448256	-0.166149277542321	-0.130038147766728	-0.1197759798875	-0.17281104474811	-0.154382128821096	-0.154123854378817	-0.137966592256771	-0.145801794175296	-0.0875338446689934	-0.119503902684131	-0.125304990454254	-0.223495914230555	-0.223150355674042	-0.143719073930553	-0.216323176187211	-0.14493391858486	-0.178230583297834	-0.215614615005744	-0.12932505391351	-0.212150768740831
700095416	-0.101447566849491	-0.162397066352854	-0.163312288315232	-0.178360290707478	-0.165809282617977	-0.169074397788142	-0.119350978584299	-0.19384639356507	-0.0858803084970172	-0.177211693206982	-0.110564300996442	-0.160859876637457	-0.194678888220727	-0.152062997063383	-0.200739620721504	-0.0995951375551294	-0.193637087047565	-0.17555353490263	0	-0.125941329901643	-0.101200949927142	-0.112037609589488	-0.129273968200541	-0.0932597629745078	-0.104908485568737	-0.147744610149834	-0.159651800486115	-0.182660972619506	-0.183013239713205	-0.193023735969461	-0.162897379550683	-0.119139694894047	-0.11886535075906	-0.163869222322546	-0.146238714724117	-0.124898305172234	-0.138430133898735	-0.186270811692366	-0.0994891066991617	-0.234549641929357	-0.0982525632477843	-0.184080503590957	-0.115256336321832	-0.128318139535978	-0.153155573409306	-0.147829108131088	-0.119043989387475	-0.171500074106357	-0.148150239192434	-0.142852409980517	-0.120299724235775	-0.129590515080406	-0.137552340466546	-0.0828142812510744	-0.148702629023209	-0.170217588707261	-0.121459973292895	-0.118212227546731	-0.145101720807051	-0.123102261256175
700110425	-0.0869566452835936	-0.166499979998763	-0.178538701879813	-0.101297857779891	-0.17207214164067	-0.193771046974649	-0.0716048359560108	-0.202786718094944	-0.120408235292091	-0.19657236414056	-0.127169718478972	-0.174321128148495	-0.195507521456904	-0.169771327089254	-0.195914953825773	-0.128422228908467	-0.204919319392449	-0.199574424271467	-0.125941329901643	0	-0.0902342503310125	-0.12626828110933	-0.105801175257874	-0.106229893480849	-0.0724433879191929	-0.158508275485445	-0.180256565994816	-0.173689662569908	-0.187384861658103	-0.199174217985874	-0.19180062461092	-0.134595263874862	-0.141517269363392	-0.182713505362226	-0.157633374445491	-0.0958851875932855	-0.169351406196456	-0.211424936740054	-0.104284755019126	-0.232132953146244	-0.108933858157221	-0.188947729844053	-0.153963323579985	-0.0993417874838101	-0.162107762574272	-0.151323938111977	-0.147104244985401	-0.184823208256876	-0.169757304879506	-0.161030239606832	-0.138896707069834	-0.0851592758295079	-0.0613519853029137	-0.130915370022805	-0.126037832652317	-0.184213523726064	-0.0806324449088438	-0.0855337991134538	-0.142411085512415	-0.0941104243430005
700111580	-0.107217551881629	-0.162752948266424	-0.16849772890546	-0.144176079068784	-0.177465170304539	-0.17480813997359	-0.0972785059190994	-0.183316513435132	-0.118182868537886	-0.182429176292997	-0.126762449028968	-0.16038593358721	-0.195788409302286	-0.166975167624553	-0.175462238706672	-0.125241642161073	-0.181786386031819	-0.193606762111762	-0.101200949927142	-0.0902342503310125	0	-0.107357878630816	-0.110496675077989	-0.112427764190557	-0.0726008984743998	-0.172232614456425	-0.185294794982743	-0.203048820344348	-0.163312117976032	-0.20755599106225	-0.170357632113901	-0.11900326641658	-0.126255265474291	-0.177837181331071	-0.175641019778466	-0.104133053090244	-0.177276762280549	-0.189476512449478	-0.120058892182767	-0.215258657858487	-0.10490317844446	-0.167866723255865	-0.144850063602822	-0.119936850821388	-0.131168495291496	-0.12802414971632	-0.131458097161043	-0.155489492799968	-0.155427068749403	-0.142331334700143	-0.122539440595758	-0.109800369246681	-0.111470414234215	-0.0969425281537114	-0.151384194490231	-0.173951110745793	-0.0802549598130877	-0.0982252807825694	-0.129686299444654	-0.0993946853577256
700111302	-0.146701833718972	-0.147420903951133	-0.098475625324706	-0.191977133622101	-0.173456449174075	-0.129728443265095	-0.134417393421828	-0.150707591659841	-0.115730745949418	-0.140423184802605	-0.0765108057907548	-0.0957543430309192	-0.140928454089332	-0.153120270276366	-0.154126072723007	-0.107977684288526	-0.154898887799431	-0.13955251466076	-0.112037609589488	-0.12626828110933	-0.107357878630816	0	-0.156739832193407	-0.144453428352741	-0.105668454928314	-0.192451567354435	-0.155931183470429	-0.179995225292292	-0.184327851743063	-0.170370494664657	-0.130817317272066	-0.0679644988779694	-0.0844835178916681	-0.108348373622933	-0.183766396546518	-0.0984659533722317	-0.149362190880167	-0.157024091425349	-0.143646536385287	-0.185805697701016	-0.132662886367996	-0.121673561461177	-0.128594454167293	-0.103317872225102	-0.130232423235897	-0.156587451401489	-0.128913518360001	-0.124116954565164	-0.134490352563555	-0.0678777970657751	-0.0831174938530681	-0.155553688077313	-0.153903954967694	-0.106953582758255	-0.202276453326518	-0.12118145551113	-0.110100130049407	-0.149633933665247	-0.0831800125304904	-0.127631386351492
700098605	-0.105173387120641	-0.139427333032429	-0.184054089215261	-0.138397151564492	-0.152248629945093	-0.172402707732517	-0.123875587971163	-0.197995278593574	-0.121918421708913	-0.185160500563504	-0.136924489432823	-0.195512523646484	-0.201819835597954	-0.137719643597793	-0.191089902242491	-0.124366064815483	-0.193405532477536	-0.187054545758717	-0.129273968200541	-0.105801175257874	-0.110496675077989	-0.156739832193407	0	-0.116075334930342	-0.142346924058587	-0.128103748381893	-0.152313636501299	-0.166094346574125	-0.162549419355024	-0.189259587513727	-0.173858727859184	-0.164495854271122	-0.147215346241776	-0.177069163857738	-0.13470683972043	-0.122417970459309	-0.155197482945376	-0.18974246287493	-0.109166126156535	-0.213064610646127	-0.112749934570796	-0.196505516822722	-0.147573223617625	-0.137113855823324	-0.172592728179078	-0.134647847892603	-0.126456468356709	-0.190004514344331	-0.155553278553528	-0.182738056346788	-0.169653753210977	-0.119717319505227	-0.11174626728758	-0.119838798663965	-0.109770283181803	-0.185676753705756	-0.130688419286872	-0.120568459969051	-0.162632501669843	-0.115214523844051
700111991	-0.0681945314456533	-0.170934107663256	-0.187478279250952	-0.1494562442718	-0.157246206093445	-0.18954556342714	-0.108717737747334	-0.214473583364296	-0.101402099040256	-0.197904808539095	-0.133008600335441	-0.204468401741961	-0.214415142227403	-0.153909971004391	-0.22080401508916	-0.109017101979376	-0.214877161263292	-0.170449552831117	-0.0932597629745078	-0.106229893480849	-0.112427764190557	-0.144453428352741	-0.116075334930342	0	-0.109681967840482	-0.125735417561601	-0.150360247534247	-0.174902014836199	-0.192677647775009	-0.21007122820858	-0.190338910276973	-0.157493372340708	-0.155806443294755	-0.189163515179979	-0.133533473953976	-0.122777377623735	-0.138617617347544	-0.199444462762674	-0.0937188031896783	-0.256995432263349	-0.103364172254729	-0.210299607388129	-0.136984683330359	-0.127243952709216	-0.173658137721836	-0.156821247837652	-0.119046372763263	-0.205846437179216	-0.161047302384013	-0.180288332288927	-0.144995691688797	-0.110044945729263	-0.115543073126721	-0.110878833125994	-0.0859790905593465	-0.200462144181513	-0.137251658395051	-0.0979600819515411	-0.173691022724437	-0.115270301960687
700108960	-0.097408228514274	-0.190566010522923	-0.17248664855833	-0.129221689320338	-0.196709260405489	-0.194474910983603	-0.0817965697310014	-0.217541364356058	-0.118852203836241	-0.205366512287195	-0.121871778204049	-0.163756822887464	-0.208923704842318	-0.189629094834791	-0.213874961918938	-0.13748195163133	-0.221201028279912	-0.198125018850889	-0.104908485568737	-0.0724433879191929	-0.0726008984743998	-0.105668454928314	-0.142346924058587	-0.109681967840482	0	-0.190798583592426	-0.205103110432772	-0.208719286808958	-0.206009747368259	-0.21537254199876	-0.196766508953908	-0.107509137311506	-0.14386223704883	-0.186819816271822	-0.18125960232777	-0.105228373149178	-0.183465027513747	-0.214829983618596	-0.113680836303913	-0.250176476299818	-0.124027909860401	-0.192087186584095	-0.154310744529749	-0.107171004858705	-0.17157768301935	-0.172430777556923	-0.165136421041943	-0.190871724320089	-0.17586007704661	-0.142114832647287	-0.116136967533219	-0.102425611644785	-0.0924994568803436	-0.119485600652082	-0.139859816272168	-0.191708728348278	-0.0825191873444059	-0.0861483930242221	-0.13742642038577	-0.0989933759265674
700024452	-0.120051178142223	-0.166161695129562	-0.204310647070705	-0.146764180017326	-0.134854388186075	-0.192530850860229	-0.147233152354288	-0.213513507589255	-0.14813650347576	-0.197073344411031	-0.168682147414358	-0.213521526191142	-0.209965901760094	-0.152188081629794	-0.207795306660102	-0.132522287126142	-0.208888357196628	-0.20335069296818	-0.147744610149834	-0.158508275485445	-0.172232614456425	-0.192451567354435	-0.128103748381893	-0.125735417561601	-0.190798583592426	0	-0.16231492456531	-0.152813589512733	-0.140729131251105	-0.194045608994372	-0.19648251329989	-0.2070564079582	-0.160223089283425	-0.191972507930227	-0.0732609742800184	-0.154277910804132	-0.17892913079381	-0.20885825433338	-0.108807770638664	-0.214162296670267	-0.123330012299507	-0.205780376233089	-0.16135910170775	-0.182774833874522	-0.174939393479885	-0.13893255949301	-0.134941317052569	-0.212742687961683	-0.171984907269122	-0.20595436402041	-0.190162061674195	-0.126006250925116	-0.133281273940388	-0.150392063615639	-0.118379549161569	-0.199875723607854	-0.163693041585451	-0.150210759162726	-0.184845797250511	-0.165957155628464
700032931	-0.165401995115127	-0.105722088174143	-0.151837385080699	-0.228491275163125	-0.139575240078239	-0.131122246532343	-0.198834350528907	-0.133422291119238	-0.146452155933087	-0.114072453587196	-0.124743041852007	-0.179866082807226	-0.128187378398435	-0.0943900843859704	-0.15894760592679	-0.130726476767476	-0.125566367983164	-0.134933482464414	-0.159651800486115	-0.180256565994816	-0.185294794982743	-0.155931183470429	-0.152313636501299	-0.150360247534247	-0.205103110432772	-0.16231492456531	0	-0.147196846330447	-0.143910132238784	-0.124548104663728	-0.113775074740035	-0.170460605061678	-0.130559641465663	-0.115787076425415	-0.163513292862419	-0.154247046892959	-0.12698477296396	-0.135717548395201	-0.153480253534619	-0.156316337803321	-0.143737536514352	-0.135440924712356	-0.128654585327168	-0.168501653801457	-0.129234500047136	-0.134013290737539	-0.0968217929034023	-0.136718466393631	-0.108854124228909	-0.155881080662153	-0.178324407251775	-0.18573667925952	-0.190614719583873	-0.137996954042116	-0.182458930493566	-0.12521627495933	-0.174806919805883	-0.190659828344807	-0.150819133181588	-0.187288029889373
700095837	-0.171747114219009	-0.141702961975779	-0.195252462943685	-0.198231333051903	-0.164401955983921	-0.196253441082561	-0.195032523735035	-0.18362862867679	-0.167802733110375	-0.16949769054548	-0.150339235554546	-0.204315605188204	-0.172204388207771	-0.166721820701127	-0.200018418484522	-0.137679214676202	-0.180981212658946	-0.199867827746666	-0.182660972619506	-0.173689662569908	-0.203048820344348	-0.179995225292292	-0.166094346574125	-0.174902014836199	-0.208719286808958	-0.152813589512733	-0.147196846330447	0	-0.132066630100303	-0.144718479048389	-0.184871592166561	-0.206374271630426	-0.152496570868403	-0.154340826062644	-0.155837647049908	-0.164388486250373	-0.176768601851246	-0.217137267688799	-0.156578339174789	-0.188515367309992	-0.14950739660096	-0.174059230715496	-0.182112578437604	-0.172794362463633	-0.159156062392113	-0.16416226723624	-0.149853784933051	-0.184292997196009	-0.179345676650966	-0.199429755861948	-0.183810504675149	-0.178553901862939	-0.174389354561065	-0.185898023677218	-0.189286927906846	-0.170600846090292	-0.200040442845512	-0.18844152377395	-0.185841485274295	-0.192391749508715
700024548	-0.185601202262059	-0.124742560677635	-0.155214103869068	-0.194493441150105	-0.167466292438453	-0.140775858750587	-0.199895392078033	-0.124090602216925	-0.200617003876801	-0.122275046182671	-0.152775816905199	-0.177143105860626	-0.132127887522589	-0.127132446790642	-0.127981358014341	-0.161381497070983	-0.11558478562095	-0.188575714643893	-0.183013239713205	-0.187384861658103	-0.163312117976032	-0.184327851743063	-0.162549419355024	-0.192677647775009	-0.206009747368259	-0.140729131251105	-0.143910132238784	-0.132066630100303	0	-0.114494980329809	-0.136489122791788	-0.207449100700798	-0.136502082948082	-0.125881861656759	-0.151797728985898	-0.143330629130734	-0.201741911101267	-0.159772156102907	-0.16366061289546	-0.114620375805483	-0.145063822612281	-0.11824677615358	-0.17433808414034	-0.208730945713896	-0.0921324912128259	-0.081840270585413	-0.142417622491753	-0.128198167462344	-0.140958361453985	-0.175030561434656	-0.171287395859689	-0.190121738788408	-0.17665500382896	-0.150266743932843	-0.196093463744669	-0.145911316653736	-0.149008918407158	-0.201131246038008	-0.153729246321043	-0.199032886652108
700110161	-0.20840375429449	-0.139357698534595	-0.113974665697273	-0.241735094239022	-0.172137655704035	-0.103576731205542	-0.223255598687282	-0.103654626225779	-0.187351240488772	-0.0976814641204803	-0.13414694079051	-0.145975815187402	-0.100296615259561	-0.111350653009688	-0.114779406696194	-0.159993541608844	-0.104618207653076	-0.13328333058729	-0.193023735969461	-0.199174217985874	-0.20755599106225	-0.170370494664657	-0.189259587513727	-0.21007122820858	-0.21537254199876	-0.194045608994372	-0.124548104663728	-0.144718479048389	-0.114494980329809	0	-0.10184148918828	-0.181642013155155	-0.137445653581511	-0.0865757663035629	-0.185342340570603	-0.166294726212058	-0.168010120430032	-0.109786214438293	-0.188071050839156	-0.135109049893558	-0.172489510969749	-0.102297513564432	-0.158739643281854	-0.184680704092887	-0.126729128571574	-0.146936994612234	-0.149024044350714	-0.112954036036402	-0.115739353438312	-0.135313540881849	-0.165278262553052	-0.211693965507451	-0.213144184737307	-0.165558043637475	-0.243987135741125	-0.11976843856435	-0.173328059611359	-0.215900115603444	-0.130308552126201	-0.20485971746406
700023496	-0.194941405885889	-0.119223184006784	-0.0948692729132271	-0.239657663698356	-0.160903562896701	-0.0584913444701366	-0.204854322969593	-0.091553875849791	-0.164013327544457	-0.0701153918222792	-0.102464018348178	-0.116969248605937	-0.0953581331530225	-0.0928277542299109	-0.115881818618678	-0.133375553018758	-0.0746105228547611	-0.0939004140435345	-0.162897379550683	-0.19180062461092	-0.170357632113901	-0.130817317272066	-0.173858727859184	-0.190338910276973	-0.196766508953908	-0.19648251329989	-0.113775074740035	-0.184871592166561	-0.136489122791788	-0.10184148918828	0	-0.152434591525393	-0.098228597903013	-0.0708073078981078	-0.187959680656969	-0.137840339888981	-0.142017797900904	-0.0898055116276908	-0.17466785057493	-0.123860078322163	-0.141686017573157	-0.0819365314045601	-0.113572127346403	-0.162926580075891	-0.0973069271736768	-0.108009249934293	-0.113147223940192	-0.0844506880808904	-0.0761415522415288	-0.103426714837038	-0.137887276650004	-0.2127182206642	-0.208970580569031	-0.120485050561529	-0.234133641411696	-0.0875096001585242	-0.146446171478117	-0.208110354014423	-0.118759272513615	-0.187358654035442
700034628	-0.152443109057903	-0.154334234091035	-0.125020157234914	-0.204149740124908	-0.192409008176657	-0.155099604119889	-0.134738691356407	-0.16841516775023	-0.105039576063297	-0.16464853401191	-0.0972330413130094	-0.119107804257115	-0.159579812327162	-0.173343010292278	-0.165156173918329	-0.129961062261725	-0.174433454080396	-0.162590878763048	-0.119139694894047	-0.134595263874862	-0.11900326641658	-0.0679644988779694	-0.164495854271122	-0.157493372340708	-0.107509137311506	-0.2070564079582	-0.170460605061678	-0.206374271630426	-0.207449100700798	-0.181642013155155	-0.152434591525393	0	-0.1125144581804	-0.138082524738676	-0.19219929872722	-0.100603895298781	-0.179031383469865	-0.167642845992098	-0.157485539693123	-0.204516363519565	-0.152651828861721	-0.13681237345653	-0.154052903472443	-0.0792381158519534	-0.148599090678311	-0.1745256369202	-0.15223153370615	-0.137367529154783	-0.15716225485831	-0.0889890412073795	-0.112729120946439	-0.158836122489564	-0.160202451787069	-0.127021537710028	-0.207184619352549	-0.134709318831397	-0.117918464062431	-0.134433300034731	-0.107636209857428	-0.102148170105621
700023645	-0.151776300502439	-0.12536272492772	-0.106685589003424	-0.189503479978772	-0.149981953165409	-0.109721347003773	-0.153865805398345	-0.116552388933241	-0.127442298842394	-0.103947839218474	-0.0733716481764444	-0.105090148852372	-0.11525697772843	-0.117556021619822	-0.133939694574031	-0.0847193118070413	-0.119361119355995	-0.129499122857919	-0.11886535075906	-0.141517269363392	-0.126255265474291	-0.0844835178916681	-0.147215346241776	-0.155806443294755	-0.14386223704883	-0.160223089283425	-0.130559641465663	-0.152496570868403	-0.136502082948082	-0.137445653581511	-0.098228597903013	-0.1125144581804	0	-0.0871655721792575	-0.164071992718536	-0.0944410295936411	-0.145559655976291	-0.137816398118828	-0.141685714450165	-0.153494181021647	-0.108547016066786	-0.0972449743303254	-0.10957820293343	-0.123075684817497	-0.0877320755791436	-0.114536311794899	-0.102623286666537	-0.0980669873413695	-0.104970860956285	-0.0971697048654708	-0.100874723826499	-0.159654893030269	-0.15590053826596	-0.114510951154471	-0.195392003169439	-0.093490032150696	-0.11646888445543	-0.158006301040494	-0.0866982576225157	-0.146040660190826
700038744	-0.18646417946697	-0.130191491005034	-0.0782294317770845	-0.224632001041004	-0.166480115113401	-0.0762801493901839	-0.194984607286852	-0.0954128203375008	-0.163191149119966	-0.070868180690801	-0.0914539243928061	-0.10588698695842	-0.0887815793929649	-0.107988288379172	-0.118267675483367	-0.119236468737254	-0.0868162256546584	-0.105905995237892	-0.163869222322546	-0.182713505362226	-0.177837181331071	-0.108348373622933	-0.177069163857738	-0.189163515179979	-0.186819816271822	-0.191972507930227	-0.115787076425415	-0.154340826062644	-0.125881861656759	-0.0865757663035629	-0.0708073078981078	-0.138082524738676	-0.0871655721792575	0	-0.179446027221944	-0.12617770508109	-0.149064822985878	-0.103872852033725	-0.170905514177322	-0.126992189164482	-0.143097593145338	-0.070226282571275	-0.131835390250409	-0.159106056370463	-0.098446961284334	-0.127470483371341	-0.129615211269317	-0.0804421515872817	-0.0984248397734787	-0.0902690688896921	-0.124934954011327	-0.201820881363997	-0.197982537335464	-0.13269987486232	-0.229997066856365	-0.0854486486941445	-0.154275420271294	-0.195408142964456	-0.104085669954081	-0.188238536991529
