700108602	700014971	700033565	700109389	700023058	700023927	700106341	700114221	700023543	700023439	700016978	700024192	700113058	700099448	700109870	700033928	700023693	700109627	700095416	700110425	700111580	700111302	700098605	700111991	700108960	700024452	700032931	700095837	700024548	700110161	700023496	700034628	700023645	700038744	700038485	700024743	700099596	700110760	700101587	700106399	700032322	700095653	700021312	700101230	700023590	700038905	700033136	700023382	700096424	700105469	700016908	700096053	700108479	700109569	700033814	700016125	700109756	700102665	700101777	700109455
700108602	0	-0.168297685898868	-0.204481602246298	-0.122544698337196	-0.145220976884088	-0.202507761913226	-0.0830118599067219	-0.218952544607118	-0.103141210249536	-0.20634614849183	-0.137610037841939	-0.206392123628403	-0.21560239504104	-0.179651371890004	-0.215059027996446	-0.117983609797774	-0.218659828642	-0.195996225760026	-0.0973283217617175	-0.102620731053515	-0.119466477184191	-0.145151550205203	-0.105966754839954	-0.0542736375502807	-0.114511495730495	-0.114676194429933	-0.164254469645186	-0.173839979093737	-0.183073963463009	-0.211146305811051	-0.201277800779631	-0.151930814412472	-0.140802666425984	-0.1987378679877	-0.11928231144188	-0.121401144983021	-0.170968169190949	-0.216667912417249	-0.0944518089866292	-0.240858490148641	-0.107311322044568	-0.207895814537238	-0.153537264798451	-0.138029490247925	-0.20217508440382	-0.151935628421481	-0.133693266569401	-0.207559914652775	-0.184234798943778	-0.183244567518211	-0.151177358315255	-0.073052129999701	-0.0903342462615623	-0.11444579860478	-0.0937503505006397	-0.201992064239473	-0.144129825908869	-0.0735589268952593	-0.183269300364191	-0.112880501911939
700014971	-0.168297685898868	0	-0.17846561569475	-0.217191981231709	-0.134693150748166	-0.151246070887872	-0.187963748462474	-0.140870848059344	-0.155491102098049	-0.127811693564827	-0.128007957177709	-0.188639515402915	-0.146032502543923	-0.12630977885129	-0.156025381647041	-0.168624830956721	-0.137726737772874	-0.180618775298981	-0.170309242323595	-0.17308244994374	-0.166296082070582	-0.142035715796987	-0.14492208057929	-0.17396983006834	-0.194991574579195	-0.16247566627934	-0.124325917006309	-0.130128788033219	-0.112693519383754	-0.130766338461799	-0.131828477841285	-0.174146471514012	-0.134647154232705	-0.135144958798856	-0.14527027511135	-0.125341724414328	-0.16938886224741	-0.18253939120791	-0.14923749094308	-0.149006764108999	-0.136392328156075	-0.142937233125406	-0.124541496051085	-0.156230639561312	-0.124327751880785	-0.121808822105708	-0.119247987053271	-0.142035804718651	-0.143801573032513	-0.173131327914248	-0.178143210320439	-0.169897735384977	-0.175993696459961	-0.135629084431182	-0.189886724378414	-0.129566091375669	-0.160464745485164	-0.180310547033929	-0.155415717026042	-0.1788811132184
700033565	-0.204481602246298	-0.17846561569475	0	-0.236088955798707	-0.199003071376144	-0.0748934400387878	-0.196827496700311	-0.116988177621082	-0.171769269239332	-0.103936569682091	-0.117285050896363	-0.0708413256606592	-0.116505448830341	-0.150246489872003	-0.110766828237567	-0.136839448922602	-0.108597025702339	-0.0953237446144461	-0.167751334103923	-0.18412838599472	-0.16864706914875	-0.0900112194869694	-0.187566064686475	-0.187632870777993	-0.17224985673004	-0.204527004807678	-0.154360377901968	-0.18671019543612	-0.173624123429055	-0.124818462497778	-0.109772430519069	-0.127728414435676	-0.12949224969526	-0.092194754248576	-0.187584741850253	-0.140413508033394	-0.15442570492758	-0.0962587466379763	-0.182899648024386	-0.154701214599659	-0.175220877239362	-0.089997354357264	-0.159372136131041	-0.157519256049177	-0.142929508417847	-0.148434201774266	-0.158544930009662	-0.113764634200276	-0.117422413814922	-0.0739975909302934	-0.0850800049210013	-0.209175731548458	-0.205979769906862	-0.140999965903531	-0.225776554332219	-0.117432898970862	-0.151130595787275	-0.198320150820841	-0.0826635935679154	-0.189798462206264
700109389	-0.122544698337196	-0.217191981231709	-0.236088955798707	0	-0.190173602092173	-0.251098781484374	-0.111799405337221	-0.247583612206043	-0.178683691178014	-0.250615292684207	-0.184855564657609	-0.229395944429643	-0.24575792164719	-0.233201905073637	-0.230629708907396	-0.170945820549997	-0.256170710340212	-0.251222725330068	-0.183061038714957	-0.120202721138936	-0.148963008851973	-0.201609864549165	-0.147132164464657	-0.131730116307928	-0.148529625263636	-0.14754929773023	-0.239078682768657	-0.20451026003636	-0.203762130896018	-0.232764172814006	-0.246465927156791	-0.213578519864771	-0.186333644486574	-0.240069595335019	-0.140384245378342	-0.171285579608998	-0.242785199004846	-0.263610248992721	-0.162477308118632	-0.249590500092105	-0.157078403795617	-0.238681077928135	-0.205104135815523	-0.188409281437501	-0.221670534127918	-0.19068072598559	-0.207535058554118	-0.237086259795909	-0.23334175517598	-0.218275799039786	-0.187914164284997	-0.119020478073032	-0.0804976678393138	-0.194176317371115	-0.129684284290471	-0.237117765958215	-0.142036854524296	-0.125513238708168	-0.205321127850943	-0.15976998418744
700023058	-0.145220976884088	-0.134693150748166	-0.199003071376144	-0.190173602092173	0	-0.160654170589667	-0.159278302771668	-0.182449128820393	-0.139936484012529	-0.165927631754005	-0.134764677294565	-0.201556286964545	-0.191406511006791	-0.135773348968777	-0.183721029406345	-0.147426719178019	-0.173218681998302	-0.168790164992074	-0.136569357604362	-0.160429665192447	-0.170910598162703	-0.162150676856323	-0.149248614510586	-0.139727248224322	-0.190867396727005	-0.122795445107799	-0.134331182685746	-0.152489272647292	-0.14853023818507	-0.166121375991351	-0.165415336889042	-0.191630979451994	-0.137435174730032	-0.158732396958982	-0.127549991185198	-0.150874354386688	-0.132931248513089	-0.162449056441137	-0.123396471078779	-0.197828127413794	-0.118110434224318	-0.175449907253258	-0.127348026965132	-0.163071332273349	-0.165624132496782	-0.141387152518853	-0.113755944220882	-0.175705564401277	-0.137377109296051	-0.192466786958773	-0.185100441646234	-0.145986246327875	-0.145656360456965	-0.131125415273315	-0.151626019598704	-0.178932698333248	-0.17238808443239	-0.160479537814129	-0.183027371069272	-0.163852327926054
700023927	-0.202507761913226	-0.151246070887872	-0.0748934400387878	-0.251098781484374	-0.160654170589667	0	-0.209954523844656	-0.105470849787701	-0.177223546133532	-0.0803899979298476	-0.118950839922302	-0.0941298559702321	-0.111247028288999	-0.107384533853358	-0.105064649425655	-0.156739782037179	-0.0897562853770125	-0.0835853584833316	-0.166707089656469	-0.187219970197044	-0.174329546089412	-0.120122276309919	-0.180998114717662	-0.18753073310208	-0.19319342438776	-0.197841556521464	-0.128151981377028	-0.18452923716007	-0.14639017392201	-0.117867049329181	-0.0693286616206638	-0.159844101530239	-0.124856340256814	-0.0700406956335626	-0.195107601395546	-0.138138752230817	-0.127972636070034	-0.062496503841044	-0.184240610836516	-0.139432563919926	-0.160868168607985	-0.0815619851937003	-0.129390541169529	-0.163028756534579	-0.127066547310552	-0.127946301633473	-0.13237578644249	-0.100439331080204	-0.0658953749431009	-0.095975559118426	-0.1206618783155	-0.21366324540052	-0.218593077068719	-0.12050456142592	-0.22548036846077	-0.10366995345285	-0.144902933605476	-0.202247147120885	-0.0975417398177229	-0.198070117319769
700106341	-0.0830118599067219	-0.187963748462474	-0.196827496700311	-0.111799405337221	-0.159278302771668	-0.209954523844656	0	-0.218693026861335	-0.0928008342285542	-0.212200165727689	-0.126827105252207	-0.186040439372794	-0.212202301454527	-0.201722547158122	-0.213991836039652	-0.11297568720996	-0.216965958098112	-0.21715477774719	-0.112889228018018	-0.0754069525146527	-0.0920213543987903	-0.134492060023718	-0.125721820371374	-0.0866977693590562	-0.082820181711049	-0.152329431890146	-0.205190287600619	-0.197793375219643	-0.208335251385397	-0.215722135063402	-0.203556219592341	-0.122472891166965	-0.13633838840848	-0.204580502340652	-0.142980188366786	-0.11180718660012	-0.196875195678149	-0.226839344135753	-0.108557544446634	-0.250368046209717	-0.128886470308011	-0.199940473393264	-0.146197353202143	-0.115765083023976	-0.192790951058811	-0.17139901207849	-0.156428503518431	-0.19270648700537	-0.195018549429826	-0.170091142036767	-0.151526102400786	-0.0658263204770475	-0.0814676265630125	-0.131336755049981	-0.118624567083333	-0.198932396634334	-0.11912630931502	-0.0677322837692849	-0.171702754906074	-0.0801172833096031
700114221	-0.218952544607118	-0.140870848059344	-0.116988177621082	-0.247583612206043	-0.182449128820393	-0.105470849787701	-0.218693026861335	0	-0.196184944442723	-0.0802679851728652	-0.141654854144382	-0.120229117870487	-0.0693997473798345	-0.135319134868668	-0.0785501254181418	-0.179140012225147	-0.0826020188465229	-0.158688717211553	-0.20197073284631	-0.196052033747569	-0.19875562705743	-0.14858562066702	-0.20747955916139	-0.209830533760405	-0.218324477304513	-0.214112985516281	-0.134479621285236	-0.153141733797047	-0.142358372885649	-0.0894004137025112	-0.126859700700035	-0.177085417371616	-0.139875061425033	-0.0880780948010103	-0.198684129024137	-0.148468395081021	-0.182417685458355	-0.110034167722584	-0.190038484581284	-0.0972084098144335	-0.16017341190871	-0.0699062191340814	-0.159816688703815	-0.169174592712706	-0.103749124874719	-0.133943664516313	-0.158459723554758	-0.0795138136921596	-0.139309574287035	-0.120277528407762	-0.145482376403845	-0.218554287373271	-0.214329264203067	-0.169342914892179	-0.247665736666941	-0.0823722483036135	-0.161228505740812	-0.226670302398667	-0.111876544561492	-0.20298451346914
700023543	-0.103141210249536	-0.155491102098049	-0.171769269239332	-0.178683691178014	-0.139936484012529	-0.177223546133532	-0.0928008342285542	-0.196184944442723	0	-0.181075783014431	-0.113936522362729	-0.174196084394638	-0.195043293806692	-0.167171481060884	-0.19545470766246	-0.0980473074047795	-0.186155924669342	-0.18764513839228	-0.082455964526823	-0.119272830541559	-0.116537949161905	-0.111815378562547	-0.114219545310017	-0.102085180418348	-0.106733892168882	-0.135595363872343	-0.163100799673727	-0.170226426426187	-0.197900363304679	-0.189422197734045	-0.168725357781134	-0.106233254827683	-0.127010811568701	-0.176186692646202	-0.135918591822073	-0.122979813023384	-0.15583554665618	-0.193527062962463	-0.083219915416537	-0.228413777050264	-0.119724554076791	-0.181528425333666	-0.132781088836699	-0.0909028943530621	-0.19049412811596	-0.161587531329555	-0.123512282334296	-0.180737535027781	-0.172018411476795	-0.152103656583755	-0.146989044331797	-0.0848932444746612	-0.119567930209757	-0.113066962892668	-0.129776435255197	-0.181186513682815	-0.15026455265304	-0.0952081112707151	-0.166616286271686	-0.0901587262709658
700023439	-0.20634614849183	-0.127811693564827	-0.103936569682091	-0.250615292684207	-0.165927631754005	-0.0803899979298476	-0.212200165727689	-0.0802679851728652	-0.181075783014431	0	-0.12567245116827	-0.118267022055816	-0.0808421554902988	-0.114969925300745	-0.096821344598812	-0.161443079637715	-0.0667012777610862	-0.121292764178938	-0.176823763429912	-0.190925796135445	-0.17431307743656	-0.133061228974353	-0.186522092693438	-0.192533391457573	-0.205949185168923	-0.200583046613098	-0.125711966853136	-0.166835396353418	-0.137364749896656	-0.102975189634923	-0.0847649105576316	-0.166755530979167	-0.119124585432374	-0.0740519577013703	-0.186502324071197	-0.138518733566589	-0.15305990669518	-0.0934348465093332	-0.176137373723308	-0.101722550873032	-0.148156006362399	-0.0736486970345736	-0.140093052668384	-0.165546266309196	-0.11208798588626	-0.118645599142617	-0.130338066936193	-0.0800761048110868	-0.10476278673041	-0.109071230203244	-0.137694932115534	-0.208764906449602	-0.215127911687433	-0.13175374601522	-0.228887738845687	-0.0783094257957024	-0.148620617360308	-0.203728010921773	-0.104293871447475	-0.196575632972504
700016978	-0.137610037841939	-0.128007957177709	-0.117285050896363	-0.184855564657609	-0.134764677294565	-0.118950839922302	-0.126827105252207	-0.141654854144382	-0.113936522362729	-0.12567245116827	0	-0.112287175731017	-0.130350926668541	-0.139109322997562	-0.151373959673314	-0.0824260905048863	-0.138445105227786	-0.132003739269967	-0.113010215866902	-0.109273829269755	-0.114624804587419	-0.0612966136435101	-0.135727086734905	-0.118602506939353	-0.111082706662785	-0.161282791315269	-0.134812354771201	-0.137640988225311	-0.157730155681404	-0.14441585490189	-0.114227124875066	-0.0976866164069311	-0.067693578158193	-0.113130366720415	-0.14057130376983	-0.0742069246535134	-0.127664264478144	-0.152478480957552	-0.105004145191351	-0.17597436146211	-0.106791805496568	-0.113059143391671	-0.0903594863394416	-0.0960928542316361	-0.132852924537378	-0.124988043840755	-0.11660424747706	-0.127845756739195	-0.115059493809843	-0.108707201502646	-0.0939287693295704	-0.135602151612987	-0.134322932507412	-0.0881079336438785	-0.155436624416821	-0.117925243200773	-0.115531909129574	-0.127661675271172	-0.103198998244312	-0.132552563195333
700024192	-0.206392123628403	-0.188639515402915	-0.0708413256606592	-0.229395944429643	-0.201556286964545	-0.0941298559702321	-0.186040439372794	-0.120229117870487	-0.174196084394638	-0.118267022055816	-0.112287175731017	0	-0.107653154757843	-0.172058794945582	-0.108239677887713	-0.139229291485408	-0.130003814272501	-0.122126213131788	-0.166367076636756	-0.168951074838294	-0.15926027443613	-0.0953756004477725	-0.19372600332709	-0.196965213574248	-0.165572997889638	-0.218112824862455	-0.177085398021033	-0.184802244948915	-0.182974717597198	-0.144334330864981	-0.109825990515689	-0.120330578129361	-0.119217383883314	-0.108669155735857	-0.215826789019709	-0.142015582165683	-0.164476037545181	-0.109290642278443	-0.185852891629408	-0.157676173313712	-0.174957706821198	-0.0785012552050638	-0.17215923775066	-0.137587781941392	-0.131625863535963	-0.154234030759122	-0.171024570565067	-0.0989878745347743	-0.140097998552794	-0.0767078822342931	-0.0910489324714119	-0.211823396541405	-0.2057565734217	-0.148904790381176	-0.24288989171212	-0.101795935417609	-0.12444372381789	-0.196504880045189	-0.091452855292743	-0.183049359410706
700113058	-0.21560239504104	-0.146032502543923	-0.116505448830341	-0.24575792164719	-0.191406511006791	-0.111247028288999	-0.212202301454527	-0.0693997473798345	-0.195043293806692	-0.0808421554902988	-0.130350926668541	-0.107653154757843	0	-0.133057443993148	-0.0819953620660403	-0.172045733035624	-0.111633465589388	-0.150517045808695	-0.202401309152302	-0.192007852265491	-0.197797936442998	-0.140883284800556	-0.207698756534258	-0.207679242372426	-0.20884971361654	-0.215628410404174	-0.137121582561512	-0.14794108598891	-0.147582666977235	-0.0967252167689656	-0.116788926160923	-0.166181747707274	-0.138970771424243	-0.0881396017924013	-0.206610953499504	-0.146757024510465	-0.180714542447609	-0.118642158161897	-0.181268712901069	-0.116280565159527	-0.162378745228417	-0.0669725056178497	-0.162106755193449	-0.165279605175677	-0.103199105987245	-0.138445023889434	-0.166642150851888	-0.0826739612196761	-0.138479764166106	-0.110579960470699	-0.138376156957932	-0.218169535855965	-0.214998120244193	-0.174833308152037	-0.247737742377142	-0.0639015771226331	-0.157577876026575	-0.220497309995586	-0.104443066604226	-0.192875735079208
700099448	-0.179651371890004	-0.12630977885129	-0.150246489872003	-0.233201905073637	-0.135773348968777	-0.107384533853358	-0.201722547158122	-0.135319134868668	-0.167171481060884	-0.114969925300745	-0.139109322997562	-0.172058794945582	-0.133057443993148	0	-0.137674007875321	-0.171071545677776	-0.125626316771955	-0.123162114325394	-0.156233921310601	-0.181173746902249	-0.179188416124086	-0.15623412688487	-0.158171834139306	-0.161243994075871	-0.203978244404849	-0.146157765529161	-0.0975984297872992	-0.158215488030483	-0.12252971568173	-0.122864472476256	-0.108525363750734	-0.191916487513269	-0.135484154643026	-0.111005649549187	-0.16300822751742	-0.150316334617267	-0.122319689617414	-0.119190283032492	-0.157180010508082	-0.161690150053226	-0.145230899752408	-0.12548566743592	-0.126005186751193	-0.181070826874213	-0.125031500786247	-0.129972846599029	-0.102760449873809	-0.141689882872145	-0.0785994124379566	-0.156646073369667	-0.151716432340302	-0.173843426395383	-0.201451166161229	-0.130680381224949	-0.186853431283578	-0.134118872281083	-0.150820854570824	-0.185455868489507	-0.13288871298542	-0.191051955615848
700109870	-0.215059027996446	-0.156025381647041	-0.110766828237567	-0.230629708907396	-0.183721029406345	-0.105064649425655	-0.213991836039652	-0.0785501254181418	-0.19545470766246	-0.096821344598812	-0.151373959673314	-0.108239677887713	-0.0819953620660403	-0.137674007875321	0	-0.184960628291697	-0.101952200313052	-0.162069901960499	-0.202939506351136	-0.191766947465693	-0.183107039794739	-0.15448720495507	-0.195886293937811	-0.212005827144801	-0.214154496425158	-0.209019699510788	-0.153442893743794	-0.167678822979064	-0.136518679122583	-0.0839764706194057	-0.130645136936771	-0.177627427217557	-0.150991997207095	-0.106837413664949	-0.20571097834016	-0.16186238783673	-0.191591439312219	-0.102739696444883	-0.198184381730144	-0.104034034444658	-0.180334934736806	-0.0663056542493221	-0.185320885916303	-0.168845499207222	-0.103277973600006	-0.124958811965046	-0.166519265786914	-0.0720568106783711	-0.136829007728354	-0.115183174277159	-0.144057390260681	-0.21470747904942	-0.204909360835143	-0.174592097494776	-0.24253890326908	-0.0865631548504359	-0.142876891656453	-0.223968835365369	-0.105024308218683	-0.203326973728188
700033928	-0.117983609797774	-0.168624830956721	-0.136839448922602	-0.170945820549997	-0.147426719178019	-0.156739782037179	-0.11297568720996	-0.179140012225147	-0.0980473074047795	-0.161443079637715	-0.0824260905048863	-0.139229291485408	-0.172045733035624	-0.171071545677776	-0.184960628291697	0	-0.174141682993073	-0.153087676691934	-0.0958593231616079	-0.121601236288875	-0.107674565275566	-0.0807161854247629	-0.138424113237748	-0.0980222802643518	-0.111103821921879	-0.157599919074376	-0.162238033703753	-0.155248740726341	-0.20210325641647	-0.180318928975354	-0.156399469701356	-0.104304790044869	-0.0903115671520763	-0.155422872008292	-0.143990864519101	-0.126048648521421	-0.150634250972289	-0.179662516195302	-0.110784678458628	-0.216256995329583	-0.11344014542392	-0.15148113780587	-0.125976357244057	-0.113119112867336	-0.171763847198083	-0.157100488389325	-0.127274743478991	-0.167909182997997	-0.154520073896746	-0.117580860485544	-0.103614641459293	-0.119005547143893	-0.123739411397064	-0.117248458978096	-0.153113439367657	-0.152922584169541	-0.140805219017876	-0.108615729515656	-0.127882821756731	-0.107137845219162
700023693	-0.218659828642	-0.137726737772874	-0.108597025702339	-0.256170710340212	-0.173218681998302	-0.0897562853770125	-0.216965958098112	-0.0826020188465229	-0.186155924669342	-0.0667012777610862	-0.138445105227786	-0.130003814272501	-0.111633465589388	-0.125626316771955	-0.101952200313052	-0.174141682993073	0	-0.133331104816619	-0.189462359339344	-0.19683719119099	-0.176755956425386	-0.142627109296378	-0.195135209998844	-0.202943908233283	-0.217602557306979	-0.208035002386145	-0.137815730967616	-0.180342875643708	-0.136466623697873	-0.116018752819165	-0.0961632341367644	-0.173185879740496	-0.137946361039719	-0.094328161461888	-0.192480186242027	-0.145858402853062	-0.159436570168832	-0.105662109958908	-0.187070399615706	-0.0951721690815538	-0.159953578864984	-0.0939530811301557	-0.147078260454175	-0.172409031194353	-0.110230986321617	-0.113946993267512	-0.135495734474029	-0.0819548752176835	-0.109756541690997	-0.122921605646552	-0.148294797795749	-0.217760403516915	-0.220036978204521	-0.145511932595579	-0.23613251561277	-0.105904297412861	-0.146506811573824	-0.218635245228394	-0.113063439928869	-0.202258861212075
700109627	-0.195996225760026	-0.180618775298981	-0.0953237446144461	-0.251222725330068	-0.168790164992074	-0.0835853584833316	-0.21715477774719	-0.158688717211553	-0.18764513839228	-0.121292764178938	-0.132003739269967	-0.122126213131788	-0.150517045808695	-0.123162114325394	-0.162069901960499	-0.153087676691934	-0.133331104816619	0	-0.171587155598688	-0.193517366718661	-0.193817151525441	-0.124130130978141	-0.188942300083078	-0.176757709444051	-0.194024935140875	-0.199816419580019	-0.131024375176579	-0.196708712387622	-0.195587872145467	-0.154952853245774	-0.100117546012673	-0.164103208552621	-0.147922122074112	-0.113946356823531	-0.201053494961022	-0.159961251102296	-0.11348611050289	-0.0870714758212823	-0.182901145020943	-0.187491317801272	-0.178221935161941	-0.13576197671645	-0.13720808893849	-0.167774217539918	-0.185012757837911	-0.174901314463395	-0.14076806114005	-0.160890636491215	-0.0855467681135411	-0.129908069747947	-0.112961034449078	-0.219547680094324	-0.219802128751877	-0.139933877026517	-0.209800788764915	-0.146822621903016	-0.171798287527014	-0.206343313687044	-0.123246779411538	-0.208503435138918
700095416	-0.0973283217617175	-0.170309242323595	-0.167751334103923	-0.183061038714957	-0.136569357604362	-0.166707089656469	-0.112889228018018	-0.20197073284631	-0.082455964526823	-0.176823763429912	-0.113010215866902	-0.166367076636756	-0.202401309152302	-0.156233921310601	-0.202939506351136	-0.0958593231616079	-0.189462359339344	-0.171587155598688	0	-0.125217572096608	-0.112590882445094	-0.116984644839667	-0.125402054545292	-0.0848495823677747	-0.117231556010015	-0.123600879980904	-0.154341507277096	-0.1785270745677	-0.182571857740334	-0.198833711498934	-0.162379983468728	-0.126439996586067	-0.11717939881513	-0.176510438455467	-0.135714375730661	-0.131574303117362	-0.135030934731485	-0.176810041934768	-0.101907341522725	-0.231702594832178	-0.11142209162354	-0.18401531669717	-0.124910327139877	-0.130954401985525	-0.183299096805603	-0.152049101705163	-0.103579261658733	-0.183062116753149	-0.152283754530878	-0.151580339411485	-0.134439098566177	-0.11965637567234	-0.136750876292813	-0.088961030965511	-0.12147299579983	-0.180850730942438	-0.141115835955981	-0.107029210203708	-0.161011136289046	-0.1197953598296
700110425	-0.102620731053515	-0.17308244994374	-0.18412838599472	-0.120202721138936	-0.160429665192447	-0.187219970197044	-0.0754069525146527	-0.196052033747569	-0.119272830541559	-0.190925796135445	-0.109273829269755	-0.168951074838294	-0.192007852265491	-0.181173746902249	-0.191766947465693	-0.121601236288875	-0.19683719119099	-0.193517366718661	-0.125217572096608	0	-0.0881138852271644	-0.125041214311482	-0.113232886259459	-0.107224553074318	-0.0775845902231031	-0.165902204987858	-0.18365824560796	-0.17528741481255	-0.190469709638293	-0.18911841719746	-0.18407470194532	-0.139903378864307	-0.116206063526594	-0.18461555247012	-0.144451345176068	-0.0937770426072392	-0.174067114060899	-0.206037986308111	-0.113153326112246	-0.231233421871477	-0.12599761976102	-0.176910637054811	-0.133869855211906	-0.0930665939131523	-0.169283026651543	-0.152694270263353	-0.143018814545932	-0.177537388892241	-0.166498333834225	-0.158856078027397	-0.137951648877084	-0.081540478975091	-0.0729430011058812	-0.119478956511705	-0.12479108590665	-0.182458912120907	-0.0822075573967171	-0.0857826994095286	-0.146651025788749	-0.100976432891915
700111580	-0.119466477184191	-0.166296082070582	-0.16864706914875	-0.148963008851973	-0.170910598162703	-0.174329546089412	-0.0920213543987903	-0.19875562705743	-0.116537949161905	-0.17431307743656	-0.114624804587419	-0.15926027443613	-0.197797936442998	-0.179188416124086	-0.183107039794739	-0.107674565275566	-0.176755956425386	-0.193817151525441	-0.112590882445094	-0.0881138852271644	0	-0.107715446574474	-0.113498804083408	-0.112076305759758	-0.074687456790071	-0.170126527228335	-0.191009186389109	-0.19879680577931	-0.170204047799229	-0.197583804512298	-0.16304386740641	-0.120416659308209	-0.113560221950766	-0.186555800003767	-0.166647027452054	-0.109058391636631	-0.178343829690755	-0.188281796067236	-0.135686769900517	-0.215429161453461	-0.130761711608299	-0.166591495717158	-0.142468927974902	-0.123973606020215	-0.162428734168825	-0.134457133066561	-0.136381457449365	-0.163581516855063	-0.158985600723701	-0.135237320182308	-0.125599167727005	-0.101147820048763	-0.114104975164731	-0.0988375390654651	-0.143665489085201	-0.17243943770313	-0.0805798024304084	-0.0861898985084981	-0.136022651557045	-0.0992012564619881
700111302	-0.145151550205203	-0.142035715796987	-0.0900112194869694	-0.201609864549165	-0.162150676856323	-0.120122276309919	-0.134492060023718	-0.14858562066702	-0.111815378562547	-0.133061228974353	-0.0612966136435101	-0.0953756004477725	-0.140883284800556	-0.15623412688487	-0.15448720495507	-0.0807161854247629	-0.142627109296378	-0.124130130978141	-0.116984644839667	-0.125041214311482	-0.107715446574474	0	-0.140483332793935	-0.130952394653032	-0.112933572347982	-0.178285184281471	-0.142735692611393	-0.157567585760875	-0.181914287314786	-0.158145989816728	-0.119435613944162	-0.0701471486016547	-0.0804680107616847	-0.119973149845213	-0.164643288331389	-0.0986192611184797	-0.132442824205168	-0.145578079252356	-0.126141847885792	-0.184958209816929	-0.132960481406083	-0.117827117482911	-0.113594639330387	-0.104340777272731	-0.14813895519372	-0.148393027888149	-0.126218617828596	-0.129599682407602	-0.132739544234444	-0.0799581494896814	-0.0806547839693792	-0.14831082676178	-0.153819514615673	-0.0905930237372484	-0.179519521320499	-0.121625962378106	-0.120523127164586	-0.140183414934101	-0.0977208746166744	-0.131238495236401
700098605	-0.105966754839954	-0.14492208057929	-0.187566064686475	-0.147132164464657	-0.149248614510586	-0.180998114717662	-0.125721820371374	-0.20747955916139	-0.114219545310017	-0.186522092693438	-0.135727086734905	-0.19372600332709	-0.207698756534258	-0.158171834139306	-0.195886293937811	-0.138424113237748	-0.195135209998844	-0.188942300083078	-0.125402054545292	-0.113232886259459	-0.113498804083408	-0.140483332793935	0	-0.112242702523457	-0.13810594731959	-0.135870173238508	-0.157633858260685	-0.173548639634528	-0.165315049788433	-0.187637862448683	-0.175598252707875	-0.159011285600171	-0.141643075402836	-0.183690753934646	-0.136797217073663	-0.114735078359307	-0.159830578840046	-0.191622774135434	-0.121876139864058	-0.208820861858563	-0.132403482171409	-0.19548722016839	-0.149805609100675	-0.140214619925057	-0.198994656811883	-0.146468728429168	-0.13724268493706	-0.197106651008286	-0.167489702387037	-0.177156476211714	-0.165334778145484	-0.107891875635637	-0.111714010440922	-0.118481965798491	-0.105813826636209	-0.196922725128701	-0.138300361671157	-0.116386385003483	-0.170628569801189	-0.112745371525058
700111991	-0.0542736375502807	-0.17396983006834	-0.187632870777993	-0.131730116307928	-0.139727248224322	-0.18753073310208	-0.0866977693590562	-0.209830533760405	-0.102085180418348	-0.192533391457573	-0.118602506939353	-0.196965213574248	-0.207679242372426	-0.161243994075871	-0.212005827144801	-0.0980222802643518	-0.202943908233283	-0.176757709444051	-0.0848495823677747	-0.107224553074318	-0.112076305759758	-0.130952394653032	-0.112242702523457	0	-0.112177721295447	-0.111458263576349	-0.158153365546292	-0.176778475197514	-0.186061320241021	-0.208003250233158	-0.184352619020456	-0.15521531565146	-0.126591065932839	-0.185653705271311	-0.119654275025961	-0.118922935377559	-0.154413564609529	-0.200556802974817	-0.0960459816245825	-0.238635724076187	-0.105195675361507	-0.196061084477133	-0.134175582118881	-0.136236124649859	-0.192885067362246	-0.153697726800022	-0.115321692098391	-0.196580033643062	-0.169266790786966	-0.176781493552358	-0.139242161374589	-0.0863817887173167	-0.0971875190053794	-0.104880479113872	-0.0851533580807552	-0.198370497243178	-0.141469546129703	-0.0799936060902874	-0.174197449175571	-0.115132261434922
700108960	-0.114511495730495	-0.194991574579195	-0.17224985673004	-0.148529625263636	-0.190867396727005	-0.19319342438776	-0.082820181711049	-0.218324477304513	-0.106733892168882	-0.205949185168923	-0.111082706662785	-0.165572997889638	-0.20884971361654	-0.203978244404849	-0.214154496425158	-0.111103821921879	-0.217602557306979	-0.194024935140875	-0.117231556010015	-0.0775845902231031	-0.074687456790071	-0.112933572347982	-0.13810594731959	-0.112177721295447	0	-0.189928099997238	-0.208659529097662	-0.207995556167416	-0.211533645083971	-0.214434599348584	-0.19126033356182	-0.0994951235336787	-0.132097777442868	-0.197987299628852	-0.169046153782251	-0.107669523859282	-0.185976189580594	-0.210807032355617	-0.129784797479064	-0.253827253427847	-0.156958393511243	-0.188260635644936	-0.14324436301194	-0.100295660318731	-0.1935509299791	-0.182464779226549	-0.169383622482928	-0.198186196190558	-0.177887187321395	-0.140179916285791	-0.117809058534591	-0.103703840126919	-0.103056422516274	-0.116117121068644	-0.138483958357233	-0.19582954263104	-0.106103086584056	-0.0825419113987122	-0.145810448086326	-0.0874892425682243
700024452	-0.114676194429933	-0.16247566627934	-0.204527004807678	-0.14754929773023	-0.122795445107799	-0.197841556521464	-0.152329431890146	-0.214112985516281	-0.135595363872343	-0.200583046613098	-0.161282791315269	-0.218112824862455	-0.215628410404174	-0.146157765529161	-0.209019699510788	-0.157599919074376	-0.208035002386145	-0.199816419580019	-0.123600879980904	-0.165902204987858	-0.170126527228335	-0.178285184281471	-0.135870173238508	-0.111458263576349	-0.189928099997238	0	-0.160143117929257	-0.159451763045182	-0.141323797692977	-0.188347299812227	-0.189693079442502	-0.200062774769723	-0.160160115590736	-0.197242217772477	-0.0770062164216849	-0.158691888543283	-0.171565447148152	-0.201046378332104	-0.120235019687097	-0.221672464436046	-0.114322946926185	-0.205572294971849	-0.168743302614501	-0.180827698996174	-0.191019512955773	-0.141396155015183	-0.111292941314755	-0.212583771406388	-0.170926511330547	-0.196729730080801	-0.181664724785496	-0.120464545905487	-0.131595701665153	-0.13973003136796	-0.120263610236715	-0.205584778777745	-0.171322616097232	-0.146073531485088	-0.183748529791036	-0.169523687983782
700032931	-0.164254469645186	-0.124325917006309	-0.154360377901968	-0.239078682768657	-0.134331182685746	-0.128151981377028	-0.205190287600619	-0.134479621285236	-0.163100799673727	-0.125711966853136	-0.134812354771201	-0.177085398021033	-0.137121582561512	-0.0975984297872992	-0.153442893743794	-0.162238033703753	-0.137815730967616	-0.131024375176579	-0.154341507277096	-0.18365824560796	-0.191009186389109	-0.142735692611393	-0.157633858260685	-0.158153365546292	-0.208659529097662	-0.160143117929257	0	-0.149077186468037	-0.152375758066467	-0.140208508177138	-0.12307585107138	-0.18278293147402	-0.136483422695537	-0.124822474198607	-0.168400071429131	-0.144376241517204	-0.123540612325629	-0.134644973414452	-0.156085046992442	-0.160196591984528	-0.140664540624849	-0.140334889720118	-0.120556923619045	-0.168489838358854	-0.145131957808942	-0.137262583947432	-0.0977813985769685	-0.142559471071838	-0.105197200502481	-0.154081715910589	-0.169786122998717	-0.186401117554982	-0.192933119001668	-0.130268761439555	-0.17890739489615	-0.132579131051257	-0.174942124563347	-0.194314925290249	-0.146317256968349	-0.196456065855072
700095837	-0.173839979093737	-0.130128788033219	-0.18671019543612	-0.20451026003636	-0.152489272647292	-0.18452923716007	-0.197793375219643	-0.153141733797047	-0.170226426426187	-0.166835396353418	-0.137640988225311	-0.184802244948915	-0.14794108598891	-0.158215488030483	-0.167678822979064	-0.155248740726341	-0.180342875643708	-0.196708712387622	-0.1785270745677	-0.17528741481255	-0.19879680577931	-0.157567585760875	-0.173548639634528	-0.176778475197514	-0.207995556167416	-0.159451763045182	-0.149077186468037	0	-0.116166062529881	-0.120186075226974	-0.180325236445508	-0.194393081638342	-0.140945845631953	-0.15090741363962	-0.147288490417732	-0.154051396070455	-0.177853545280995	-0.205562361242995	-0.150433447857533	-0.182088305238319	-0.138616820698922	-0.153984158934646	-0.166551633219572	-0.161622175441937	-0.132044020110545	-0.147163576037519	-0.153760835795767	-0.162369734425002	-0.180355517195431	-0.181038710988614	-0.173338762613783	-0.180538792674002	-0.172447428251554	-0.177541834101893	-0.193470588482992	-0.149754549779879	-0.183234944571781	-0.196447213040143	-0.170874720637298	-0.194081402648815
700024548	-0.183073963463009	-0.112693519383754	-0.173624123429055	-0.203762130896018	-0.14853023818507	-0.14639017392201	-0.208335251385397	-0.142358372885649	-0.197900363304679	-0.137364749896656	-0.157730155681404	-0.182974717597198	-0.147582666977235	-0.12252971568173	-0.136518679122583	-0.20210325641647	-0.136466623697873	-0.195587872145467	-0.182571857740334	-0.190469709638293	-0.170204047799229	-0.181914287314786	-0.165315049788433	-0.186061320241021	-0.211533645083971	-0.141323797692977	-0.152375758066467	-0.116166062529881	0	-0.11711638242416	-0.150039246175827	-0.219855101871609	-0.149824307538177	-0.13229641286247	-0.138117901255951	-0.146813316866789	-0.183059323180643	-0.170529731759045	-0.170837606496881	-0.138748938398639	-0.146802826981788	-0.138399732147835	-0.165107396063579	-0.2063125650973	-0.0950564430410485	-0.0847833760280516	-0.149872170346916	-0.132876007549093	-0.144776310018896	-0.185325225157408	-0.178375947548318	-0.187414983307123	-0.184723044554205	-0.147603752778018	-0.187694867584353	-0.148130616584905	-0.143664669650846	-0.199015663429499	-0.154628401226752	-0.214514381236079
700110161	-0.211146305811051	-0.130766338461799	-0.124818462497778	-0.232764172814006	-0.166121375991351	-0.117867049329181	-0.215722135063402	-0.0894004137025112	-0.189422197734045	-0.102975189634923	-0.14441585490189	-0.144334330864981	-0.0967252167689656	-0.122864472476256	-0.0839764706194057	-0.180318928975354	-0.116018752819165	-0.154952853245774	-0.198833711498934	-0.18911841719746	-0.197583804512298	-0.158145989816728	-0.187637862448683	-0.208003250233158	-0.214434599348584	-0.188347299812227	-0.140208508177138	-0.120186075226974	-0.11711638242416	0	-0.135003515120663	-0.186600566432091	-0.14683155527341	-0.0971728936117971	-0.178751750738104	-0.158301853901733	-0.176066292120063	-0.125176530322752	-0.189047065351472	-0.130481967597359	-0.163198785317962	-0.0907186266804639	-0.160083594802206	-0.16879205356384	-0.0974763526244436	-0.14133926898058	-0.15950830865867	-0.104733563168731	-0.125916830936086	-0.130776495350994	-0.158514173164407	-0.206091156578524	-0.20305238468952	-0.169140146684935	-0.236133031632069	-0.105215734700241	-0.160008499868502	-0.21661950289089	-0.115473807733053	-0.202600183732819
700023496	-0.201277800779631	-0.131828477841285	-0.109772430519069	-0.246465927156791	-0.165415336889042	-0.0693286616206638	-0.203556219592341	-0.126859700700035	-0.168725357781134	-0.0847649105576316	-0.114227124875066	-0.109825990515689	-0.116788926160923	-0.108525363750734	-0.130645136936771	-0.156399469701356	-0.0961632341367644	-0.100117546012673	-0.162379983468728	-0.18407470194532	-0.16304386740641	-0.119435613944162	-0.175598252707875	-0.184352619020456	-0.19126033356182	-0.189693079442502	-0.12307585107138	-0.180325236445508	-0.150039246175827	-0.135003515120663	0	-0.157555164049941	-0.124138226726231	-0.0931935350997214	-0.187070686781292	-0.134281311574298	-0.130337121134215	-0.098190267748572	-0.171794570216418	-0.140794003332068	-0.144575967727866	-0.106114072986739	-0.118347642866022	-0.163277593544009	-0.126322540074562	-0.125892877913267	-0.124373045537622	-0.111788366694026	-0.0792728640149092	-0.115889570519855	-0.124844028300937	-0.207482532125716	-0.212167574066092	-0.11395371369838	-0.21898151182892	-0.107776484190462	-0.133095644733022	-0.199538442160426	-0.109312940946961	-0.187477819570195
700034628	-0.151930814412472	-0.174146471514012	-0.127728414435676	-0.213578519864771	-0.191630979451994	-0.159844101530239	-0.122472891166965	-0.177085417371616	-0.106233254827683	-0.166755530979167	-0.0976866164069311	-0.120330578129361	-0.166181747707274	-0.191916487513269	-0.177627427217557	-0.104304790044869	-0.173185879740496	-0.164103208552621	-0.126439996586067	-0.139903378864307	-0.120416659308209	-0.0701471486016547	-0.159011285600171	-0.15521531565146	-0.0994951235336787	-0.200062774769723	-0.18278293147402	-0.194393081638342	-0.219855101871609	-0.186600566432091	-0.157555164049941	0	-0.125228656967541	-0.16190290212656	-0.190500346333299	-0.108986223896557	-0.17454522996209	-0.174597874498728	-0.151190009191187	-0.21514316483221	-0.163551916458814	-0.145797167411145	-0.145082356255973	-0.0810333256222974	-0.179870898395954	-0.186633552117382	-0.155069205630575	-0.154678634514652	-0.16734584872555	-0.0985935010644612	-0.11315288466224	-0.151182302038557	-0.165636305563498	-0.119663095213914	-0.196798373905837	-0.145628322691648	-0.143146438915384	-0.132167250370463	-0.129688038932714	-0.0970468230310863
700023645	-0.140802666425984	-0.134647154232705	-0.12949224969526	-0.186333644486574	-0.137435174730032	-0.124856340256814	-0.13633838840848	-0.139875061425033	-0.127010811568701	-0.119124585432374	-0.067693578158193	-0.119217383883314	-0.138970771424243	-0.135484154643026	-0.150991997207095	-0.0903115671520763	-0.137946361039719	-0.147922122074112	-0.11717939881513	-0.116206063526594	-0.113560221950766	-0.0804680107616847	-0.141643075402836	-0.126591065932839	-0.132097777442868	-0.160160115590736	-0.136483422695537	-0.140945845631953	-0.149824307538177	-0.14683155527341	-0.124138226726231	-0.125228656967541	0	-0.112997794228578	-0.149520698144422	-0.0990723835357968	-0.13005266695024	-0.15614953010671	-0.121940391862912	-0.172421053972856	-0.106281320037494	-0.115859041199533	-0.0995260710406002	-0.115691699288397	-0.127808746715421	-0.11129476888773	-0.114320225397874	-0.119354682160281	-0.122533118473043	-0.106996330688806	-0.0983513957236205	-0.135626294433204	-0.145532618562888	-0.106473137538241	-0.170960334468195	-0.113164924460017	-0.116471551978784	-0.129113871250154	-0.106433909387608	-0.14377549343937
700038744	-0.1987378679877	-0.135144958798856	-0.092194754248576	-0.240069595335019	-0.158732396958982	-0.0700406956335626	-0.204580502340652	-0.0880780948010103	-0.176186692646202	-0.0740519577013703	-0.113130366720415	-0.108669155735857	-0.0881396017924013	-0.111005649549187	-0.106837413664949	-0.155422872008292	-0.094328161461888	-0.113946356823531	-0.176510438455467	-0.18461555247012	-0.186555800003767	-0.119973149845213	-0.183690753934646	-0.185653705271311	-0.197987299628852	-0.197242217772477	-0.124822474198607	-0.15090741363962	-0.13229641286247	-0.0971728936117971	-0.0931935350997214	-0.16190290212656	-0.112997794228578	0	-0.184161079998488	-0.131670506141776	-0.14008648464445	-0.0947705454009726	-0.172038733296026	-0.124420563601343	-0.15326418469059	-0.0723725281617569	-0.120084328616791	-0.160125367412204	-0.10420774002564	-0.12365506088508	-0.144399015775635	-0.0859265549472818	-0.0953761687123352	-0.112596771806779	-0.125509198611551	-0.206868148516123	-0.209564904237897	-0.137343364256251	-0.228455699453255	-0.0836038649489102	-0.156862970770647	-0.198356369315556	-0.105064633362938	-0.202432110497536
