700108602	700014971	700033565	700109389	700023058	700023927	700106341	700114221	700023543	700023439	700016978	700024192	700113058	700099448	700109870	700033928	700023693	700109627	700095416	700110425	700111580	700111302	700098605	700111991	700108960	700024452	700032931	700095837	700024548	700110161	700023496	700034628	700023645	700038744	700038485	700024743	700099596	700110760	700101587	700106399	700032322	700095653	700021312	700101230	700023590	700038905	700033136	700023382	700096424	700105469	700016908	700096053	700108479	700109569	700033814	700016125	700109756	700102665	700101777	700109455
700108602	0	0.151225693169391	0.155216137497848	0.097320231787723	0.123631821983218	0.164479847950302	0.083649983602597	0.177903887585677	0.101518587571577	0.155507604736026	0.117569993042484	0.154089328659369	0.157423506981167	0.150060476071757	0.154146117257453	0.114433704073933	0.158999206819782	0.155683102531258	0.0867773204213686	0.0949061817474786	0.0868673537609613	0.110296985851958	0.0967688900420442	0.0738335515703262	0.0939970305467089	0.109432913781324	0.165079752484857	0.122193241397969	0.135135714078697	0.159468777528341	0.151121322742599	0.123420347336114	0.114180278390089	0.139579706922135	0.116388855366626	0.108962756811217	0.141198652330417	0.16857264600449	0.102925509707879	0.175713704726577	0.108556063857952	0.153178673931382	0.145922743749797	0.116349268246156	0.142712855799701	0.124463408376663	0.113833515207912	0.151798249286487	0.137142534877298	0.132623262798329	0.113594485742664	0.0921422892048244	0.0920431152445861	0.103620069926978	0.0930076750364331	0.158000815643218	0.102556422011281	0.0799965332358602	0.130511599252227	0.1022161551569
700014971	0.151225693169391	0	0.145479833773343	0.165776807202476	0.136133505705364	0.138486286325206	0.157069043448904	0.140768474802165	0.145969601284429	0.123110276349014	0.122028010553931	0.163159551116004	0.144439041407192	0.122726251859539	0.144755457998798	0.156191933769255	0.123919226875307	0.16023720174398	0.14823847059362	0.146511357242666	0.144442340235695	0.130258140664444	0.130646173293151	0.16137966980117	0.156538344074755	0.145543753200023	0.13142582928602	0.136771645471068	0.117892603779864	0.126652144611144	0.135156796239555	0.145618451429399	0.118477496992437	0.121475743448943	0.144004968616297	0.126863593815368	0.147803452815151	0.157293108631144	0.144031050137526	0.133788927456641	0.144470162707742	0.133278761244615	0.135449478709317	0.142458422054409	0.126201937472105	0.127686957945543	0.119462769728657	0.134489663885908	0.121898818442048	0.136583664598984	0.13984860510225	0.155991600947521	0.154320280959606	0.131156955401185	0.166445514928029	0.130413754967095	0.143277837750218	0.155227474363726	0.136848665404304	0.154259496712545
700033565	0.155216137497848	0.145479833773343	0	0.142315334614677	0.154133815715646	0.0780130957287749	0.138157005075748	0.101769438180177	0.150777450686852	0.0988320335539062	0.107306144338903	0.0552547968288303	0.101566325586074	0.137374440148754	0.0827044973946583	0.127798161664151	0.10711196473957	0.103156607605974	0.144572007816721	0.141735331578737	0.137845623962878	0.0888704727467418	0.134647492194713	0.145397847810839	0.130827250570654	0.163650134288068	0.141769660185944	0.139859998683452	0.111568473492005	0.11276104775712	0.101568766296015	0.099349294248661	0.103335990359134	0.0867714441933992	0.151208677355825	0.109011253689284	0.135795268706071	0.0873073483302509	0.155566767437847	0.105322871517612	0.142824732821302	0.0856021228529596	0.141339220476962	0.121731543653931	0.101448705776802	0.10287294487501	0.131932458004007	0.0824691215996825	0.107586837350663	0.0771781612788892	0.0755832457158767	0.160546520017065	0.149504404910839	0.120888534783462	0.178341137765048	0.111136579935307	0.121371436725127	0.158405054072816	0.0852710999869707	0.133151148319893
700109389	0.097320231787723	0.165776807202476	0.142315334614677	0	0.14065271411205	0.17041692972461	0.0875706655523067	0.17740313982957	0.133578718794727	0.169428596133799	0.14517212761561	0.145359839285103	0.16462475941434	0.15746276967841	0.147202787506081	0.14967106302445	0.172591875975759	0.174888427912642	0.131292733664611	0.0935083482371756	0.10518559129927	0.134877254744696	0.102578716235352	0.11283049081906	0.101561546811607	0.118257940081737	0.180863544386423	0.147918134654268	0.129621333380038	0.164370401022299	0.166991011381425	0.130095598798853	0.130235149688597	0.153857939389372	0.11973663504381	0.117339750980369	0.166721121814753	0.167075877893511	0.13388389675275	0.167630065285817	0.137207952809587	0.159253834500786	0.157369783296063	0.126092297509171	0.146426388914243	0.141019897905499	0.140823420503236	0.160554479489105	0.153302292416885	0.139345979893261	0.11351892541531	0.0978574744412196	0.0660441668406195	0.137513658328865	0.107752037438746	0.172839699506344	0.104317871348636	0.0869379700941644	0.122161616049823	0.102433075835805
700023058	0.123631821983218	0.136133505705364	0.154133815715646	0.14065271411205	0	0.150004603003358	0.12229125206676	0.159639595467123	0.110477880699325	0.147594932129529	0.12446477368218	0.151930161019011	0.148871134352469	0.130373588298307	0.144673805912928	0.140870774503153	0.144560947412343	0.156181795363232	0.109302078308316	0.120737197132004	0.121749064386507	0.129971186006363	0.123011926636981	0.131879224263357	0.13154122796778	0.107144355036422	0.158051531872495	0.133452933942711	0.122894966535641	0.136208876350411	0.140488893119803	0.143927711040489	0.120602097543239	0.135404008314244	0.112800051556097	0.127167661303663	0.11783672128786	0.150225905808468	0.107642464663107	0.164133961041555	0.126116531275068	0.142666488539564	0.116095344777554	0.132492598210631	0.124091849141731	0.119128730832977	0.115950055472737	0.142672967956632	0.124029032739441	0.140090430807418	0.125616313151218	0.114769315330331	0.120697844220826	0.120578863091937	0.131092316690444	0.156530871720684	0.12734012711223	0.128473885466944	0.135816898286103	0.12635428088687
700023927	0.164479847950302	0.138486286325206	0.0780130957287749	0.17041692972461	0.150004603003358	0	0.158977141985474	0.104494350956752	0.156772796875402	0.0856350876071221	0.109747557052596	0.0981030648418755	0.104282834610001	0.110862230920627	0.0842450875144512	0.144540512749497	0.102830641296957	0.0833582118168404	0.154824543422014	0.150344463475919	0.145558671979871	0.111284041069121	0.137215331427652	0.156907678052204	0.142722179074028	0.176145859586687	0.138123387732339	0.15066733617215	0.119532881154996	0.0909794222213528	0.075087928447928	0.130264613947357	0.115060074256759	0.0897954632555384	0.16314755146751	0.129174781084874	0.125888555495182	0.0677866840584538	0.163957202394698	0.107303448123236	0.147103779713393	0.0903532183817579	0.123096446619353	0.132395976391478	0.107337550255755	0.105328192559604	0.140463719544312	0.0906386681594092	0.0766109661897014	0.0943630287717674	0.109198539977556	0.169765757266032	0.162627364063655	0.116520496923207	0.189587175265726	0.10858990132407	0.125967502166519	0.162615215546585	0.102405561782519	0.148654152949384
700106341	0.083649983602597	0.157069043448904	0.138157005075748	0.0875706655523067	0.12229125206676	0.158977141985474	0	0.171869629607948	0.0903656451976912	0.159384533150894	0.118285726166554	0.123739613801799	0.153756811819026	0.157154255812778	0.139009787219612	0.118403111388101	0.158919680720795	0.164037137966002	0.10193330820304	0.0808700277369864	0.0868567190964748	0.102086396754334	0.103553641862675	0.110551487639729	0.0764353623812107	0.128617401571132	0.183326536565408	0.144476990631814	0.132640039136064	0.159558459505596	0.145777535313762	0.0833722914044064	0.111274369879132	0.135930597758833	0.130703585111052	0.0920809408912153	0.15307655028706	0.160674096816154	0.0978028841840571	0.168496801524184	0.126073503369878	0.147400247159179	0.137039975631448	0.0914475775886716	0.131574028095861	0.131887701046202	0.125655014834398	0.143663199587615	0.14505380564771	0.111614393301907	0.102252889400024	0.0728029045062927	0.0801311356615629	0.118607152265047	0.118789546907861	0.161431254001722	0.0969002638464604	0.0734227514350554	0.116293408146346	0.0703378381501607
700114221	0.177903887585677	0.140768474802165	0.101769438180177	0.17740313982957	0.159639595467123	0.104494350956752	0.171869629607948	0	0.173416997003847	0.0892296678677352	0.134150403796588	0.107594029650309	0.0861107683075623	0.151965065866802	0.0976539201478065	0.159134159839064	0.077741432483143	0.140330060134909	0.170933710357261	0.159619352263888	0.159602577338969	0.131410663696794	0.16563809175631	0.176684303459489	0.168009920253955	0.183913976520534	0.146670044260541	0.143387155022707	0.114001652125264	0.107876069795756	0.110604204415193	0.142432327448326	0.116579936539216	0.112486712297256	0.172261005057705	0.131839937440386	0.152132067674451	0.093597688803579	0.176971728075981	0.0869102467437258	0.153630445899332	0.0816241704590699	0.151679638914621	0.147403213679866	0.0982473730961412	0.120200963304429	0.141198035842937	0.0807491041469866	0.124578581598513	0.111212457123491	0.133847400635981	0.186406388218881	0.170516838379933	0.1463454952033	0.201454980871649	0.0999806162200294	0.134229276237006	0.1860818291521	0.1144405457515	0.165153943259454
700023543	0.101518587571577	0.145969601284429	0.150777450686852	0.133578718794727	0.110477880699325	0.156772796875402	0.0903656451976912	0.173416997003847	0	0.150636834426033	0.111320068632238	0.143911394930895	0.155582909075341	0.145336673743765	0.146423218616701	0.0948620291676559	0.155072929584839	0.16286571053831	0.085799372344196	0.108528645177905	0.0980140136802625	0.108338834376184	0.11251898014593	0.111965837707445	0.104526734758883	0.111356731048039	0.167995625110404	0.127882325022875	0.153126468875894	0.150484284283307	0.141953721444923	0.095343182683108	0.112140241991592	0.141254869437079	0.121155508505779	0.120158198965465	0.147586889950893	0.166640938995649	0.0798928832886566	0.174186610195316	0.122489237956733	0.140890225948332	0.133831092240416	0.0921136819039382	0.134127852521187	0.131533691570849	0.108548757715187	0.143757990039006	0.145140642220785	0.121879331186884	0.117638748146666	0.0880260546813114	0.109629831846708	0.120338980857364	0.119907212439642	0.155904290309885	0.120648788140268	0.0992263441793946	0.130698134508754	0.0936318271177937
700023439	0.155507604736026	0.123110276349014	0.0988320335539062	0.169428596133799	0.147594932129529	0.0856350876071221	0.159384533150894	0.0892296678677352	0.150636834426033	0	0.110733930340823	0.111542870081556	0.0897043775333615	0.127798813168682	0.0993082656800225	0.140700829545075	0.0842965241676548	0.112180368015226	0.156955009770592	0.153660890339134	0.139902063625058	0.118669272386099	0.145563574923015	0.148959482621558	0.155058481687128	0.167044727282159	0.140255454005631	0.136443471312666	0.107891828829537	0.0980373578999	0.0878308279424651	0.130854436124349	0.104678343376928	0.0902513639967623	0.153362654869234	0.122580731817926	0.131328609134678	0.0877416808344818	0.157667276169582	0.089029515672832	0.131451647819901	0.0886964990151468	0.144205119527301	0.142477324986849	0.100936984465837	0.0929428915575023	0.121864704613415	0.0903808040052034	0.0908703657480299	0.107515396470203	0.112968008443294	0.171135658399441	0.162971243910634	0.113988959868128	0.177631220239185	0.0909071105324762	0.125640347379934	0.167635034258684	0.107780077687073	0.151202078364675
700016978	0.117569993042484	0.122028010553931	0.107306144338903	0.14517212761561	0.12446477368218	0.109747557052596	0.118285726166554	0.134150403796588	0.111320068632238	0.110733930340823	0	0.114366480485238	0.118703607922799	0.125667436227793	0.123980778813509	0.111051686350972	0.114453657704087	0.124074835119131	0.11115056389372	0.110945076733147	0.108020952135624	0.0799561458208422	0.119205989463398	0.115285986666227	0.108781313214932	0.141650391009815	0.136935140843898	0.112236415751343	0.121277661681286	0.110017554356999	0.0969185720429018	0.100030027547528	0.083335239675977	0.0881841323479614	0.141933299278225	0.0977585502494931	0.120478190295333	0.132317801246746	0.108808816164878	0.141278646357865	0.105319725170314	0.100852827591546	0.10517643151704	0.10477044617839	0.103645416347322	0.107374897189407	0.113878347452671	0.110272850799551	0.092977589625182	0.102067160776191	0.0918881356924777	0.132780631566036	0.126571681821582	0.0877974573901015	0.141658068064981	0.116531934864273	0.110373643313867	0.125267213312286	0.102648346410318	0.125477138666523
700024192	0.154089328659369	0.163159551116004	0.0552547968288303	0.145359839285103	0.151930161019011	0.0981030648418755	0.123739613801799	0.107594029650309	0.143911394930895	0.111542870081556	0.114366480485238	0	0.0920207429063236	0.152416820706861	0.0864000133899188	0.123894030298243	0.118463668932102	0.116579297511359	0.137754990137961	0.135678915498911	0.132155402531647	0.0881562655079604	0.135870443561932	0.153285527234399	0.125200478327515	0.166810326327144	0.157524232531618	0.140440726640966	0.120860290480796	0.122948522269316	0.104730797867698	0.0876267169479436	0.0993451779171702	0.0985989637673799	0.15926175710749	0.113539040987136	0.145490402415511	0.0930446155845182	0.154102860378291	0.102993277710457	0.143928339850161	0.0813607501660278	0.151274921319779	0.112076429187512	0.0944743275121057	0.113497367240858	0.14002125319052	0.0753174889105235	0.127754983431098	0.0680022948604736	0.0784040512555993	0.154737146660121	0.147827513820745	0.130123220435663	0.186313033163803	0.103665070006108	0.118255350862264	0.155701734815052	0.0899150483055251	0.126273745520352
700113058	0.157423506981167	0.144439041407192	0.101566325586074	0.16462475941434	0.148871134352469	0.104282834610001	0.153756811819026	0.0861107683075623	0.155582909075341	0.0897043775333615	0.118703607922799	0.0920207429063236	0	0.138583240318659	0.087723045370577	0.142058559073312	0.0918532916622057	0.135681955763685	0.156281745605814	0.140757844059064	0.139335734431617	0.109120323785926	0.147581489341499	0.157629553446077	0.152618884650705	0.164380659476125	0.136507341926645	0.119187544898846	0.102278857091447	0.103326537001023	0.100347072468104	0.12067132817219	0.104547831371803	0.104950383855641	0.155495804799852	0.123375908879159	0.135452349659761	0.102320397399015	0.153951417065942	0.0902314499134541	0.143984048343835	0.0779942338361636	0.154409818620825	0.133800008927334	0.0817002757997129	0.0918502739635688	0.14142435484515	0.0773134698403481	0.112128926016754	0.0960961681350008	0.116013536261997	0.165532110937405	0.157620276313795	0.139322959414172	0.190253663879084	0.071406295101332	0.122592596220677	0.166029709931435	0.100056100611752	0.145481156518988
700099448	0.150060476071757	0.122726251859539	0.137374440148754	0.15746276967841	0.130373588298307	0.110862230920627	0.157154255812778	0.151965065866802	0.145336673743765	0.127798813168682	0.125667436227793	0.152416820706861	0.138583240318659	0	0.138495762247917	0.159395741658864	0.136293483804554	0.125119926792828	0.138697965586674	0.138416031848993	0.137060886397968	0.139508410147564	0.114835079560066	0.133076273537144	0.154167520836818	0.127927375158071	0.124710515124668	0.143692446345521	0.118654718762778	0.111105573018407	0.11463409265083	0.145657594277608	0.125263624398765	0.113081399705868	0.134134285110841	0.132131188956227	0.135225149806974	0.128450697295359	0.137623604323528	0.147212511512639	0.148148013394658	0.140669508387005	0.124539138205852	0.152117725749525	0.127802423186084	0.114823514207615	0.116174783173729	0.139936098941835	0.0852950750404692	0.139603225369831	0.129317639301027	0.134011128157533	0.1500671059708	0.122918807033129	0.147441863510694	0.149540899146551	0.125904917042119	0.143046890396797	0.1140177007659	0.15022597880149
700109870	0.154146117257453	0.144755457998798	0.0827044973946583	0.147202787506081	0.144673805912928	0.0842450875144512	0.139009787219612	0.0976539201478065	0.146423218616701	0.0993082656800225	0.123980778813509	0.0864000133899188	0.087723045370577	0.138495762247917	0	0.142479220195274	0.0994389809875332	0.125512640432157	0.150665495653437	0.134941490861363	0.127404247739069	0.111155245965522	0.126859896529718	0.15809221930939	0.132306078949785	0.170568448929724	0.152682474695108	0.141876723329273	0.103616705177264	0.093941362145088	0.109146981376765	0.111986873292023	0.123751828545833	0.115979961499141	0.159159736296065	0.126502720414135	0.143961447425056	0.0748822106879862	0.157217417116835	0.0919969321836461	0.15051337700382	0.0826688450264168	0.158822793946052	0.122381247974113	0.0890463123154913	0.0959573846318668	0.138088970175509	0.0744831838703281	0.107182283625154	0.084146019441012	0.10619672812694	0.152608692320646	0.140219305479671	0.132472695881241	0.182134267743796	0.0983285736743647	0.102573305673074	0.153310077214461	0.0848271077587352	0.126262905877308
700033928	0.114433704073933	0.156191933769255	0.127798161664151	0.14967106302445	0.140870774503153	0.144540512749497	0.118403111388101	0.159134159839064	0.0948620291676559	0.140700829545075	0.111051686350972	0.123894030298243	0.142058559073312	0.159395741658864	0.142479220195274	0	0.148026000193286	0.135462941759623	0.106040961597315	0.130166596552085	0.118316806524373	0.0989622925741195	0.132705557188662	0.112347198604083	0.122906920977169	0.145846574661818	0.155699184091277	0.123659896404128	0.154655034232031	0.146958618153378	0.129111384460546	0.112089821746854	0.105672092684375	0.133868711297714	0.144045734121579	0.133926001514266	0.129087905140669	0.157741039758356	0.108268986572878	0.165350862385671	0.110391913903819	0.129167288747421	0.142651856871662	0.120185778385339	0.131508709375145	0.132483698916419	0.126231595185421	0.13492442853918	0.136951373698517	0.112340187888164	0.0990446229769145	0.131026215153228	0.133453016026414	0.123559616807757	0.13500937460976	0.142189314345674	0.132282130066719	0.128211993671693	0.131291246125515	0.114708130623136
700023693	0.158999206819782	0.123919226875307	0.10711196473957	0.172591875975759	0.144560947412343	0.102830641296957	0.158919680720795	0.077741432483143	0.155072929584839	0.0842965241676548	0.114453657704087	0.118463668932102	0.0918532916622057	0.136293483804554	0.0994389809875332	0.148026000193286	0	0.125091710574533	0.152171180257652	0.152542523172405	0.141669673821776	0.113596293491293	0.149819690399952	0.162622315222326	0.159007777043504	0.171451757854734	0.137969686554807	0.140684853085025	0.102611353295158	0.108697425461435	0.0902283772039092	0.131614451230117	0.111587909902804	0.101115409646528	0.154828538847135	0.116336291319849	0.129495859209692	0.10504292794414	0.160928766740684	0.100605137214703	0.139658157195114	0.078511160848505	0.139019097140102	0.141964142665135	0.0917986022293656	0.10226103171907	0.120418596870641	0.0884122546590463	0.108001393174923	0.106680445528809	0.119397073106747	0.172003055515928	0.161103420772887	0.124724474876424	0.192526349472807	0.100736437761929	0.128948497325539	0.171954519978485	0.113606155953165	0.153464819673373
700109627	0.155683102531258	0.16023720174398	0.103156607605974	0.174888427912642	0.156181795363232	0.0833582118168404	0.164037137966002	0.140330060134909	0.16286571053831	0.112180368015226	0.124074835119131	0.116579297511359	0.135681955763685	0.125119926792828	0.125512640432157	0.135462941759623	0.125091710574533	0	0.155297454223567	0.155651723562547	0.151936428034275	0.115803622499599	0.145261384826978	0.137208443895749	0.151019695863259	0.166513900281028	0.132948201932479	0.149097454134891	0.148478345679281	0.119457656203079	0.102776021579576	0.129934361435127	0.126563150397982	0.108694464479616	0.161327145607946	0.139904484129931	0.110879138863375	0.0986614136994731	0.158471083079481	0.140795714083233	0.153122981301106	0.114455052719878	0.126094597576249	0.136516786183133	0.131534534686742	0.128385907555795	0.139404877419916	0.12497356668785	0.0988723717767246	0.116958195727167	0.105134079170957	0.172389172012522	0.163685272998327	0.121781944279287	0.173673438971293	0.141830984895306	0.144391744106244	0.169761183072711	0.123756935087457	0.156613702485061
700095416	0.0867773204213686	0.14823847059362	0.144572007816721	0.131292733664611	0.109302078308316	0.154824543422014	0.10193330820304	0.170933710357261	0.085799372344196	0.156955009770592	0.11115056389372	0.137754990137961	0.156281745605814	0.138697965586674	0.150665495653437	0.106040961597315	0.152171180257652	0.155297454223567	0	0.107578678854836	0.0984882973012598	0.107275974477014	0.106908774659475	0.0993129269937206	0.106615328724136	0.114279785729135	0.158384953773216	0.124419777225273	0.144825245345448	0.151807794535339	0.140286478463599	0.110952872563829	0.106134602690752	0.142888611469581	0.115251407006145	0.122434410746198	0.122050147407582	0.165314402201105	0.0948326948170923	0.176693875639719	0.108733502642683	0.144162170166792	0.11961171194863	0.111923422165531	0.135772287596142	0.123600314837149	0.1093653419163	0.148287386575306	0.13276603901731	0.122839327008726	0.103339485278288	0.101834411122848	0.115501037872604	0.11006687718697	0.115624245105252	0.156210444362267	0.118490583838252	0.0984023409375549	0.130457886031727	0.109526321715329
700110425	0.0949061817474786	0.146511357242666	0.141735331578737	0.0935083482371756	0.120737197132004	0.150344463475919	0.0808700277369864	0.159619352263888	0.108528645177905	0.153660890339134	0.110945076733147	0.135678915498911	0.140757844059064	0.138416031848993	0.134941490861363	0.130166596552085	0.152542523172405	0.155651723562547	0.107578678854836	0	0.0819110574219054	0.106819628837009	0.083342843692399	0.107703386744482	0.0697050502367315	0.127745228997427	0.162808584652773	0.124875338051936	0.12661947818068	0.132432331412127	0.141897322367729	0.104694475565855	0.105063102232044	0.130259040468209	0.130148904743473	0.0862692920978583	0.146983090685063	0.159921775213765	0.110826505726504	0.162556958520429	0.120970667159916	0.134973164772185	0.131172348502304	0.0832812053605832	0.116850384684586	0.126099137091968	0.121751519183114	0.135598761240813	0.126152922804303	0.118066931322849	0.106259264941274	0.0776877599708486	0.0576163301005565	0.121893967885908	0.124731348673463	0.151034467211455	0.0790737857211624	0.0716509298020744	0.107482658742689	0.0795913782330695
700111580	0.0868673537609613	0.144442340235695	0.137845623962878	0.10518559129927	0.121749064386507	0.145558671979871	0.0868567190964748	0.159602577338969	0.0980140136802625	0.139902063625058	0.108020952135624	0.132155402531647	0.139335734431617	0.137060886397968	0.127404247739069	0.118316806524373	0.141669673821776	0.151936428034275	0.0984882973012598	0.0819110574219054	0	0.0905749203231792	0.0982680714106933	0.0977259947606296	0.0688695506915831	0.131346053539931	0.168093788606026	0.140851864481021	0.118146876746097	0.1412095045569	0.131547224996021	0.0963699404697642	0.0957881867265239	0.128133807588957	0.132830171500506	0.0986975818258403	0.151711993856222	0.150763626205331	0.11694758795476	0.156366313485059	0.117328214849608	0.127258161236878	0.135372381057964	0.0991342010454022	0.110140531607441	0.111874971810458	0.106375743301269	0.122562752974913	0.116770706467953	0.110241017839467	0.0968400287472134	0.0864333513440173	0.0942075978999995	0.09023506434018	0.119782191664767	0.141303904018141	0.0676158111910157	0.0750150350331664	0.0959374671539728	0.081455373970645
700111302	0.110296985851958	0.130258140664444	0.0888704727467418	0.134877254744696	0.129971186006363	0.111284041069121	0.102086396754334	0.131410663696794	0.108338834376184	0.118669272386099	0.0799561458208422	0.0881562655079604	0.109120323785926	0.139508410147564	0.111155245965522	0.0989622925741195	0.113596293491293	0.115803622499599	0.107275974477014	0.106819628837009	0.0905749203231792	0	0.122217488114338	0.113422646542952	0.0863593737935036	0.143606118240801	0.147796267370345	0.130137712035544	0.122791956746102	0.12213061174749	0.09883736972649	0.0749486344755992	0.0764563756669992	0.0913127664863977	0.143543901325945	0.0938641288613766	0.134399427832695	0.129313911071619	0.122414108744485	0.133657359146528	0.132265967226245	0.0992482847682318	0.124036552069289	0.095169242900866	0.0961544580411306	0.108881780511607	0.113423119935059	0.0941632510883132	0.105604156653045	0.0659684051104168	0.0795485800250004	0.124715386038408	0.123006502242671	0.0910959178129403	0.153798940590886	0.112886051782331	0.0895067671896683	0.118730926899312	0.0856107259813397	0.107421697925223
700098605	0.0967688900420442	0.130646173293151	0.134647492194713	0.102578716235352	0.123011926636981	0.137215331427652	0.103553641862675	0.16563809175631	0.11251898014593	0.145563574923015	0.119205989463398	0.135870443561932	0.147581489341499	0.114835079560066	0.126859896529718	0.132705557188662	0.149819690399952	0.145261384826978	0.106908774659475	0.083342843692399	0.0982680714106933	0.122217488114338	0	0.102516593072965	0.107055077751006	0.116230565053703	0.14064887298607	0.121576721401875	0.133312453153016	0.130188708008235	0.1428989857998	0.107697606493924	0.113338676513342	0.128269103883756	0.117583294794142	0.104243115207968	0.141709514490181	0.142611855258155	0.113028900866208	0.156891595178535	0.120201143413552	0.142921679468928	0.133774160529241	0.103047979700118	0.13622366817562	0.11750989527495	0.10950046638408	0.139484932064993	0.123060791078066	0.115541350421953	0.103460014083522	0.0899292976757555	0.0875755095257414	0.11673558757809	0.114784197242259	0.148500453709779	0.113753491186111	0.0880213760132756	0.112789092824988	0.0746869722743231
700111991	0.0738335515703262	0.16137966980117	0.145397847810839	0.11283049081906	0.131879224263357	0.156907678052204	0.110551487639729	0.176684303459489	0.111965837707445	0.148959482621558	0.115285986666227	0.153285527234399	0.157629553446077	0.133076273537144	0.15809221930939	0.112347198604083	0.162622315222326	0.137208443895749	0.0993129269937206	0.107703386744482	0.0977259947606296	0.113422646542952	0.102516593072965	0	0.107368991710534	0.101116903569427	0.149167869909615	0.120616255226384	0.137181532132132	0.158697317318878	0.145654863283867	0.123495526037822	0.109084137171049	0.133131993551792	0.117092204546809	0.111676341108881	0.133795357741571	0.157803825894467	0.111156802095222	0.175454635499453	0.113052854711778	0.15395078005914	0.126838850121127	0.12027953303591	0.140699710121418	0.122754875505505	0.105781774085029	0.152283113838559	0.135386241011316	0.13565079158215	0.10813641077262	0.106465649324511	0.105145944657724	0.102248591041692	0.0939721407017242	0.161212783712544	0.117554139019063	0.0948952850114607	0.125778532808557	0.110845572375101
700108960	0.0939970305467089	0.156538344074755	0.130827250570654	0.101561546811607	0.13154122796778	0.142722179074028	0.0764353623812107	0.168009920253955	0.104526734758883	0.155058481687128	0.108781313214932	0.125200478327515	0.152618884650705	0.154167520836818	0.132306078949785	0.122906920977169	0.159007777043504	0.151019695863259	0.106615328724136	0.0697050502367315	0.0688695506915831	0.0863593737935036	0.107055077751006	0.107368991710534	0	0.146414551392846	0.181637783865587	0.148667827205947	0.133071421426197	0.146401387255511	0.140560477268361	0.0866609000668196	0.113840509270935	0.127959722637552	0.146616517951418	0.0936032005469032	0.157050186685752	0.157909390910584	0.119943929909569	0.165320894974793	0.135347894577607	0.135713353442054	0.145904748170879	0.0894629516036684	0.122505281070054	0.135825180405593	0.130665703885438	0.134104201616931	0.131446805008118	0.099879492315758	0.0971007768905728	0.0880167467309447	0.0856066987827092	0.105465553172763	0.121257964712923	0.15448807645525	0.0789225629546231	0.0772475932346948	0.0997320391545078	0.0800246506651954
700024452	0.109432913781324	0.145543753200023	0.163650134288068	0.118257940081737	0.107144355036422	0.176145859586687	0.128617401571132	0.183913976520534	0.111356731048039	0.167044727282159	0.141650391009815	0.166810326327144	0.164380659476125	0.127927375158071	0.170568448929724	0.145846574661818	0.171451757854734	0.166513900281028	0.114279785729135	0.127745228997427	0.131346053539931	0.143606118240801	0.116230565053703	0.101116903569427	0.146414551392846	0	0.149231358469435	0.119448686069625	0.120321755389364	0.163620788769198	0.162057117412946	0.150059708868276	0.124655625507023	0.15182551138856	0.079114501228775	0.12316849155587	0.144566069971344	0.173486789968856	0.10337033724491	0.177604621313293	0.122108505089625	0.164349291758917	0.132849240903382	0.133036190279437	0.150878285285037	0.117549412503049	0.106448988559331	0.16745924314681	0.151097864319605	0.155510136956192	0.129853639413661	0.0986128492936164	0.10637393299677	0.13359439524607	0.102373556633409	0.171346615010124	0.139318554821217	0.121100303341317	0.142698997204458	0.138334614323742
700032931	0.165079752484857	0.13142582928602	0.141769660185944	0.180863544386423	0.158051531872495	0.138123387732339	0.183326536565408	0.146670044260541	0.167995625110404	0.140255454005631	0.136935140843898	0.157524232531618	0.136507341926645	0.124710515124668	0.152682474695108	0.155699184091277	0.137969686554807	0.132948201932479	0.158384953773216	0.162808584652773	0.168093788606026	0.147796267370345	0.14064887298607	0.149167869909615	0.181637783865587	0.149231358469435	0	0.126889391219193	0.145662746150729	0.13611224753503	0.131704372535327	0.158199156530655	0.13471747319431	0.132050623028502	0.158338148578482	0.151942456742591	0.124679864364664	0.141776260996911	0.152063363947813	0.155932613877566	0.143095005143592	0.139371371397042	0.133686604405228	0.155350235331115	0.143759596621044	0.134042338613268	0.131068815245914	0.145603174143688	0.125523178977316	0.143629607356671	0.143243602709582	0.178790402522008	0.16866136030097	0.13228256706227	0.162655903002268	0.14398538468675	0.164501685913447	0.180391713413688	0.148717247871441	0.170494061882945
700095837	0.122193241397969	0.136771645471068	0.139859998683452	0.147918134654268	0.133452933942711	0.15066733617215	0.144476990631814	0.143387155022707	0.127882325022875	0.136443471312666	0.112236415751343	0.140440726640966	0.119187544898846	0.143692446345521	0.141876723329273	0.123659896404128	0.140684853085025	0.149097454134891	0.124419777225273	0.124875338051936	0.140851864481021	0.130137712035544	0.121576721401875	0.120616255226384	0.148667827205947	0.119448686069625	0.126889391219193	0	0.117387448697904	0.128261953763179	0.13431440993852	0.141010406919251	0.105555755291727	0.118575022615001	0.127033872539845	0.124236593736919	0.119796238851892	0.156061386624479	0.112039619039683	0.148249553056904	0.115752145629219	0.122230242537147	0.130797099200851	0.120020042774871	0.121525682847211	0.113667067205981	0.120016092602822	0.128577811301416	0.139191059625186	0.130889963104019	0.117422384956846	0.138984967169296	0.131424126241248	0.141281368509147	0.137921047687073	0.127340242301304	0.140491024589934	0.137297681920981	0.130355339803	0.139963068902448
700024548	0.135135714078697	0.117892603779864	0.111568473492005	0.129621333380038	0.122894966535641	0.119532881154996	0.132640039136064	0.114001652125264	0.153126468875894	0.107891828829537	0.121277661681286	0.120860290480796	0.102278857091447	0.118654718762778	0.103616705177264	0.154655034232031	0.102611353295158	0.148478345679281	0.144825245345448	0.12661947818068	0.118146876746097	0.122791956746102	0.133312453153016	0.137181532132132	0.133071421426197	0.120321755389364	0.145662746150729	0.117387448697904	0	0.107974727181655	0.110526919193838	0.138000542146591	0.111850322101275	0.103068596995479	0.11497837182551	0.101617535404903	0.137379197887834	0.11547525829536	0.142560285436491	0.109473592603121	0.125748116983381	0.100306512136164	0.145064386132903	0.143287754176844	0.0806245651716298	0.0775502493187407	0.128703876515143	0.0989661364512276	0.107120384380106	0.120628287693607	0.110193125480369	0.139023811044246	0.126903901440049	0.120485520839478	0.148766388930293	0.115482845971193	0.102560152351621	0.144313601681739	0.104392318303259	0.144049486118848
700110161	0.159468777528341	0.126652144611144	0.11276104775712	0.164370401022299	0.136208876350411	0.0909794222213528	0.159558459505596	0.107876069795756	0.150484284283307	0.0980373578999	0.110017554356999	0.122948522269316	0.103326537001023	0.111105573018407	0.093941362145088	0.146958618153378	0.108697425461435	0.119457656203079	0.151807794535339	0.132432331412127	0.1412095045569	0.12213061174749	0.130188708008235	0.158697317318878	0.146401387255511	0.163620788769198	0.13611224753503	0.128261953763179	0.107974727181655	0	0.0987909433282716	0.137413571827578	0.121024907818961	0.0892742714937227	0.157847487767262	0.132318478702942	0.131733623393007	0.0986837812235022	0.16010677206774	0.114578077178561	0.143445400898973	0.0919869794341243	0.133585788193287	0.131866695712433	0.0996396207376081	0.110853415666023	0.143590403810935	0.0963055210188194	0.0798416924563139	0.110874507137988	0.123014192863228	0.160450855758982	0.152102430391203	0.127484857977278	0.179697716781689	0.116854595925899	0.109041429095369	0.158377831935495	0.104950632727511	0.148466090816538
700023496	0.151121322742599	0.135156796239555	0.101568766296015	0.166991011381425	0.140488893119803	0.075087928447928	0.145777535313762	0.110604204415193	0.141953721444923	0.0878308279424651	0.0969185720429018	0.104730797867698	0.100347072468104	0.11463409265083	0.109146981376765	0.129111384460546	0.0902283772039092	0.102776021579576	0.140286478463599	0.141897322367729	0.131547224996021	0.09883736972649	0.1428989857998	0.145654863283867	0.140560477268361	0.162057117412946	0.131704372535327	0.13431440993852	0.110526919193838	0.0987909433282716	0	0.122116094764445	0.100168902950081	0.0812192837306124	0.153188651757996	0.121359654472546	0.114842317175184	0.0990804355871524	0.152265496287679	0.117501652914986	0.130019006894305	0.0841947525532483	0.11843913988163	0.131853723178314	0.0911272158073349	0.0996156185760154	0.126217372766401	0.0896443981673811	0.0811501041929035	0.101770105999678	0.105636529266658	0.163759169981727	0.158440921653124	0.106295535828284	0.179726235029056	0.102836422972142	0.118365105524027	0.161350977215352	0.111419447487842	0.148078414158769
700034628	0.123420347336114	0.145618451429399	0.099349294248661	0.130095598798853	0.143927711040489	0.130264613947357	0.0833722914044064	0.142432327448326	0.095343182683108	0.130854436124349	0.100030027547528	0.0876267169479436	0.12067132817219	0.145657594277608	0.111986873292023	0.112089821746854	0.131614451230117	0.129934361435127	0.110952872563829	0.104694475565855	0.0963699404697642	0.0749486344755992	0.107697606493924	0.123495526037822	0.0866609000668196	0.150059708868276	0.158199156530655	0.141010406919251	0.138000542146591	0.137413571827578	0.122116094764445	0	0.0969963223413424	0.109757197421887	0.149875896653265	0.0841542962295642	0.149837601293473	0.126855446890829	0.125017979191746	0.141124339028766	0.141223860093746	0.112752105841439	0.136063274104341	0.0653045361945677	0.114386408369683	0.127383009081084	0.123204224077593	0.111850951943093	0.129034315563941	0.0710877470040031	0.086574080987219	0.110587561266899	0.113984016326472	0.111627020206015	0.154328430821964	0.122993979221638	0.110351436322123	0.106018092036735	0.0870811201259473	0.0773153640318345
700023645	0.114180278390089	0.118477496992437	0.103335990359134	0.130235149688597	0.120602097543239	0.115060074256759	0.111274369879132	0.116579936539216	0.112140241991592	0.104678343376928	0.083335239675977	0.0993451779171702	0.104547831371803	0.125263624398765	0.123751828545833	0.105672092684375	0.111587909902804	0.126563150397982	0.106134602690752	0.105063102232044	0.0957881867265239	0.0764563756669992	0.113338676513342	0.109084137171049	0.113840509270935	0.124655625507023	0.13471747319431	0.105555755291727	0.111850322101275	0.121024907818961	0.100168902950081	0.0969963223413424	0	0.0893645331211604	0.126596654993151	0.0872390305441165	0.126024853861409	0.130920565113837	0.120091653836722	0.117852553401213	0.114733224017764	0.0948042140229736	0.113868798157147	0.0970735927968958	0.093600053685366	0.0947774725965412	0.0946159379871953	0.09419949117803	0.107351414622814	0.0916540100588471	0.0818269523268505	0.120483178225319	0.12169175784605	0.10758551070966	0.142743928901288	0.101323349358184	0.10410629842178	0.115887863144668	0.0941360004253346	0.11504119585966
700038744	0.139579706922135	0.121475743448943	0.0867714441933992	0.153857939389372	0.135404008314244	0.0897954632555384	0.135930597758833	0.112486712297256	0.141254869437079	0.0902513639967623	0.0881841323479614	0.0985989637673799	0.104950383855641	0.113081399705868	0.115979961499141	0.133868711297714	0.101115409646528	0.108694464479616	0.142888611469581	0.130259040468209	0.128133807588957	0.0913127664863977	0.128269103883756	0.133131993551792	0.127959722637552	0.15182551138856	0.132050623028502	0.118575022615001	0.103068596995479	0.0892742714937227	0.0812192837306124	0.109757197421887	0.0893645331211604	0	0.144721920070529	0.0981898027575226	0.121118350773032	0.099419327077569	0.144567009045005	0.110821638423042	0.131892029164742	0.086895890424217	0.118920072053035	0.12031328272048	0.09275218637134	0.104036887350526	0.122191344729728	0.0846504097056775	0.0831489644201979	0.0890147700358805	0.102182852722742	0.153929605241984	0.150967798465958	0.100766247803154	0.17290419734071	0.103240175583989	0.116864505192657	0.151004727065959	0.0916082810795169	0.139313680725474
700038485	0.116388855366626	0.144004968616297	0.151208677355825	0.11973663504381	0.112800051556097	0.16314755146751	0.130703585111052	0.172261005057705	0.121155508505779	0.153362654869234	0.141933299278225	0.15926175710749	0.155495804799852	0.134134285110841	0.159159736296065	0.144045734121579	0.154828538847135	0.161327145607946	0.115251407006145	0.130148904743473	0.132830171500506	0.143543901325945	0.117583294794142	0.117092204546809	0.146616517951418	0.079114501228775	0.158338148578482	0.127033872539845	0.11497837182551	0.157847487767262	0.153188651757996	0.149875896653265	0.126596654993151	0.144721920070529	0	0.127331892721666	0.134756766957383	0.165282458654523	0.113259619556744	0.166293634100545	0.130777850769021	0.156155818890112	0.148609843841127	0.143678796097035	0.14641235473224	0.111599422422111	0.123426782122165	0.158235363019221	0.145110648040854	0.154762642964706	0.12327890382205	0.107216207222258	0.113731425599413	0.131443914807545	0.12333549591818	0.165528884052022	0.139672433185496	0.127394468917387	0.144269811907077	0.129926375418489
700024743	0.108962756811217	0.126863593815368	0.109011253689284	0.117339750980369	0.127167661303663	0.129174781084874	0.0920809408912153	0.131839937440386	0.120158198965465	0.122580731817926	0.0977585502494931	0.113539040987136	0.123375908879159	0.132131188956227	0.126502720414135	0.133926001514266	0.116336291319849	0.139904484129931	0.122434410746198	0.0862692920978583	0.0986975818258403	0.0938641288613766	0.104243115207968	0.111676341108881	0.0936032005469032	0.12316849155587	0.151942456742591	0.124236593736919	0.101617535404903	0.132318478702942	0.121359654472546	0.0841542962295642	0.0872390305441165	0.0981898027575226	0.127331892721666	0	0.137378953670403	0.135209047209863	0.113842641338078	0.13755853753303	0.124226872987973	0.114447385264061	0.1233340579648	0.0810930051176416	0.100052998915245	0.106653620994593	0.109255378731496	0.111731526804036	0.11742158274191	0.10268183471449	0.0889073269196327	0.104610728689661	0.101398392694535	0.10229624884448	0.131239318843648	0.126384630390628	0.100758427859197	0.0955374919613486	0.0911871157865864	0.0984363207467215
