700108602	700014971	700033565	700109389	700023058	700023927	700106341	700114221	700023543	700023439	700016978	700024192	700113058	700099448	700109870	700033928	700023693	700109627	700095416	700110425	700111580	700111302	700098605	700111991	700108960	700024452	700032931	700095837	700024548	700110161	700023496	700034628	700023645	700038744	700038485	700024743	700099596	700110760	700101587	700106399	700032322	700095653	700021312	700101230	700023590	700038905	700033136	700023382	700096424	700105469	700016908	700096053	700108479	700109569	700033814	700016125	700109756	700102665	700101777	700109455
700108602	0	0.246972871448754	0.322517323989197	0.226231651420232	0.18852771966804	0.298590892986751	0.0925153833679313	0.30505127464368	0.120616629623744	0.283249230528406	0.205744005655531	0.339420909467625	0.308532875355804	0.213257577215063	0.336806471201963	0.193415990526083	0.280994327015161	0.279038712030264	0.145338821219978	0.0996807777190833	0.157397607230214	0.241758157221586	0.136235800516592	0.0782551822799227	0.163994704286654	0.198770635767176	0.233795605848826	0.330740691874541	0.278194747274157	0.305897497951013	0.252029745268622	0.253208053102903	0.224714638684027	0.284324421810037	0.179779135889145	0.141743872531776	0.229387128340963	0.303575836964244	0.109679918197667	0.35225850955359	0.165239057475076	0.308175004916669	0.187419577721931	0.180884472542696	0.280224079955304	0.210449597210616	0.184407856692722	0.284483046584732	0.242769236909619	0.318085478373278	0.280456792265549	0.0824375537163982	0.116694319737608	0.152137462126311	0.119522475757262	0.291615055405041	0.144672911043428	0.101978277199597	0.296235696182203	0.139985697298096
700014971	0.246972871448754	0	0.323111226189388	0.339175840902933	0.154803580355961	0.27754665259354	0.271984694807157	0.245853370423262	0.216483147823618	0.217763604056221	0.227462019903595	0.350573262282197	0.225051585056269	0.17048356080343	0.317367459222781	0.250701545249361	0.202618012942535	0.284710013536518	0.253339659507341	0.247770995834953	0.270769760097875	0.287285751815123	0.226778663103667	0.238702292251088	0.336810291473144	0.191888431861914	0.143980629150668	0.199800637552581	0.14556386349178	0.18518163475801	0.189520740723657	0.302625625714967	0.188895755751226	0.218093854377363	0.173162218772779	0.208250924715265	0.266718584389161	0.281857382622357	0.194238595557198	0.260555810265017	0.176559743083342	0.261560886383242	0.199901868483727	0.239643222353578	0.175506548765527	0.197312778204324	0.163885601998674	0.225897690134134	0.218401474958777	0.31712668715673	0.311839277668471	0.239693706179135	0.27143263380152	0.213467889851874	0.279516688180351	0.214013533376689	0.243370641283275	0.266903036036095	0.299597322048865	0.252728530078899
700033565	0.322517323989197	0.323111226189388	0	0.453398609875303	0.297939085219404	0.087215744167556	0.309878554710368	0.194619383139279	0.277838099838213	0.171006138205039	0.152710233037471	0.0680352252846909	0.193743642352122	0.213536770958884	0.191443587049783	0.163260574695042	0.193735838238904	0.12082150828966	0.239558010302326	0.28214486296777	0.253762889311294	0.141426699760728	0.327618202400784	0.297608359999239	0.274192971477553	0.353947203519994	0.238713153893275	0.399822296406308	0.30116067670132	0.226825903753999	0.183113999945792	0.190949751110827	0.185995466572121	0.142162755204044	0.35367613714121	0.250827332425463	0.262867494127804	0.12328895813147	0.285773902010658	0.256098639734848	0.25064440631766	0.105193384651289	0.23042821929408	0.270113623266778	0.231554422037872	0.248740234178313	0.241777617400021	0.182963300598325	0.164632399659151	0.053198516057698	0.097049849384025	0.334421418659786	0.360983258601667	0.222867386784713	0.390037456140339	0.167353744563422	0.240425798438001	0.314719873655207	0.0855018570017786	0.296058260226622
700109389	0.226231651420232	0.339175840902933	0.453398609875303	0	0.322437349751432	0.442568254829872	0.226637495312391	0.417584627496542	0.305517701095017	0.414888788993207	0.365815921273288	0.462946882631227	0.419400269350141	0.359112215802155	0.452906125916764	0.34532085086009	0.403958306403573	0.431062959719222	0.341494346383532	0.232550175208062	0.307741773152778	0.394384784055333	0.218389506861394	0.277605110889932	0.291069539208465	0.255466413176533	0.368612788481072	0.407466375688478	0.351945808951626	0.397417024774705	0.387627389744829	0.405523177505838	0.356219382368623	0.412662904765584	0.249405118900933	0.288782271920288	0.393580931104124	0.446772655503278	0.268133090914259	0.430684914180943	0.298328011457095	0.430574620545803	0.344614370045563	0.323519552655536	0.384109820749902	0.337418038921808	0.336972130432351	0.407706479913217	0.395903915584517	0.447968710784242	0.417052880126499	0.209409659616569	0.153646124574204	0.326705997276397	0.196101199971082	0.407583653801273	0.268061112514006	0.232542416984732	0.420035206094403	0.287676920937129
700023058	0.18852771966804	0.154803580355961	0.297939085219404	0.322437349751432	0	0.243893190037937	0.209446478313627	0.247165975022914	0.151068584814403	0.226559912639809	0.197554056909445	0.328041003253527	0.242740736419192	0.160429683411434	0.303569146553319	0.19927450102862	0.213810974881661	0.231975955111378	0.186778413590278	0.205052119928875	0.232095030668346	0.258756237663515	0.220279848000675	0.16239806657688	0.287995583168474	0.170613879903427	0.152357645633007	0.278258464242818	0.206381983922	0.21124995052451	0.184157719109349	0.2778436075481	0.180948520237794	0.21085231589012	0.139589084469776	0.191735747773408	0.190250591716683	0.229016262922645	0.133079882967148	0.305478277941644	0.12926439588665	0.263394111524432	0.131473434864198	0.21463948020547	0.194979159856705	0.198243308194711	0.140538326839854	0.235235221885072	0.176713436584093	0.299305881249724	0.287045973590905	0.183202235367576	0.237600479379064	0.160166410141374	0.244531959842584	0.232457168367764	0.21269597835663	0.210139813894838	0.278287139464086	0.202332599103143
700023927	0.298590892986751	0.27754665259354	0.087215744167556	0.442568254829872	0.243893190037937	0	0.294263119036781	0.148581328343994	0.249927236834261	0.125450223796825	0.134485101105958	0.136672388444414	0.148671044241006	0.156971550332799	0.165999765251068	0.152516739345485	0.148015835396766	0.0912395382332775	0.22245906405894	0.264879615638514	0.234889470657509	0.171164038055025	0.294634156220744	0.271553591764733	0.272945739115048	0.321730224768946	0.197218981740611	0.383846123869176	0.259542187048581	0.189515736407125	0.133255550104666	0.189993257684666	0.155534195294884	0.091545103764952	0.32293230465849	0.232170730714134	0.225677908449944	0.0577826242600796	0.26138870905797	0.214616772404503	0.214256861934022	0.0884474861079071	0.177492863684669	0.250891646690666	0.190467265927308	0.206399588106799	0.198989950381787	0.141863934553716	0.0960256363912698	0.0992828986266871	0.160172875270794	0.319154509728645	0.34457267440306	0.186151117370915	0.364153644611447	0.124230856472142	0.20694647689179	0.300087682357757	0.100127172134914	0.264309683493338
700106341	0.0925153833679313	0.271984694807157	0.309878554710368	0.226637495312391	0.209446478313627	0.294263119036781	0	0.315019951467058	0.112709753150582	0.284741996961269	0.202014147540559	0.313275134259675	0.294512387463058	0.221804160117676	0.333758317201925	0.181204000125676	0.277538412661973	0.294195678192482	0.144374810523582	0.0929713854418676	0.129076810670947	0.204547650139248	0.150371063905372	0.125737101836271	0.117172170213115	0.245133253455533	0.272095318213966	0.362470253322083	0.300300874234488	0.314048341182856	0.247079739183713	0.205146740099453	0.212127209362695	0.281287682937395	0.226533757735535	0.115430004059533	0.257200614037001	0.298359981561304	0.121639309851716	0.353154765675149	0.156026422998641	0.289871046181059	0.187582881937886	0.14011835790386	0.258454990273856	0.231296842784923	0.20598560758743	0.261157336665038	0.243399262411499	0.289790475897581	0.272930864551551	0.079926426421881	0.111745204560333	0.146229623233354	0.147909194579254	0.27423531715297	0.137210828157829	0.0751680207084152	0.271819835368994	0.0852045895017586
700114221	0.30505127464368	0.245853370423262	0.194619383139279	0.417584627496542	0.247165975022914	0.148581328343994	0.315019951467058	0	0.266999693145738	0.0955816203162084	0.221854505852552	0.217651899363496	0.11539070477771	0.184139546692359	0.116903321639775	0.241009217973605	0.0977921008900479	0.212054464885704	0.278357802580812	0.283130583792041	0.27427009160168	0.257513247477459	0.30379543053339	0.292730991581936	0.355644050924659	0.310369486257926	0.174303499696001	0.345380321119816	0.209366004241349	0.143393450046182	0.149995517151242	0.262973855382865	0.188576877044539	0.159764444672978	0.316607447633955	0.230676478351196	0.268119186161091	0.140147940477277	0.26647227422077	0.148791640193524	0.208520469206343	0.137877922922612	0.225294952496087	0.264881558730841	0.168366058439945	0.175141643967686	0.177131501588997	0.111001502321878	0.172069053527953	0.191662075688594	0.257774239845703	0.311906719115237	0.328957491835409	0.241036296611164	0.368673505039371	0.114777626451075	0.228298118510087	0.328778520964593	0.187862218218502	0.282109817863679
700023543	0.120616629623744	0.216483147823618	0.277838099838213	0.305517701095017	0.151068584814403	0.249927236834261	0.112709753150582	0.266999693145738	0	0.233648641693297	0.166912041817611	0.294978822787188	0.25999621099074	0.174548166093132	0.303090288073943	0.153640743384376	0.230223390385103	0.244447120478754	0.10216349609714	0.146375018047035	0.150508769749551	0.184206652644904	0.176030915905462	0.0913269489729175	0.175708087892525	0.213920524815063	0.202046096305423	0.329109423675456	0.270089273101565	0.26698983692084	0.193173356169982	0.177280830105259	0.177211138060963	0.231560730748434	0.196933767158745	0.132955408918265	0.195662403531301	0.25615880449379	0.0810706512847476	0.320381536915552	0.122073921802881	0.257163286327711	0.13671995669022	0.12409565764876	0.238360742763678	0.205791881169794	0.137357767651491	0.2307689415193	0.194965114007003	0.268070975494341	0.250466474424402	0.120117788793702	0.170862178648956	0.112954225054279	0.177718606509212	0.240749382838653	0.164794908851169	0.117247337480189	0.25006283921676	0.103425577374612
700023439	0.283249230528406	0.217763604056221	0.171006138205039	0.414888788993207	0.226559912639809	0.125450223796825	0.284741996961269	0.0955816203162084	0.233648641693297	0	0.1882779008903	0.204242575367775	0.0690416788869205	0.134259004742415	0.154292575353789	0.207734044655134	0.0601202814390418	0.167676832158926	0.242399339081131	0.252981614401121	0.24164256719626	0.236976819369247	0.288084648378089	0.258155055254593	0.328981816133117	0.300373430232689	0.150315586396822	0.326997999934992	0.187332542474716	0.134880703686946	0.111264104836459	0.240712441398306	0.150903893635067	0.111203543390912	0.303458425576783	0.204211693813099	0.229771485452467	0.124467007271795	0.232400559300013	0.126323523587247	0.177544055166105	0.112022696160385	0.196013652662096	0.236862231525524	0.13314108165192	0.152837357895094	0.149000625262159	0.0789181904336899	0.126765536327768	0.174625045641671	0.236669945420477	0.282212682410169	0.318633206513768	0.202942879119037	0.353567443834053	0.075488824777523	0.205325171404755	0.289108439561071	0.177033032877373	0.247746919852459
700016978	0.205744005655531	0.227462019903595	0.152710233037471	0.365815921273288	0.197554056909445	0.134485101105958	0.202014147540559	0.221854505852552	0.166912041817611	0.1882779008903	0	0.180156382187864	0.208558657175258	0.153131066287219	0.255028120318549	0.0757777933566639	0.178302887978482	0.111880698585993	0.149605049586902	0.164138832830777	0.165748464809331	0.100784359622256	0.245367922216306	0.178481269075858	0.177260763849464	0.280660742148327	0.190003118793827	0.312311886581021	0.253340237664481	0.220611336037912	0.129636442049832	0.133260263501371	0.0930071679186592	0.135098662025044	0.255327076771216	0.143940175586658	0.20358211713551	0.165627089979645	0.178011733668634	0.273865842148177	0.142665780475415	0.13230043099754	0.123969531576531	0.162806707116162	0.175841591877278	0.179444058109868	0.15508484386774	0.175867863016055	0.127795625582251	0.149832227043465	0.138132027686981	0.227325594331958	0.253928722598789	0.129067731230926	0.280431171299818	0.173702954615437	0.152808202420959	0.204091014395285	0.138597618643653	0.195108768178201
700024192	0.339420909467625	0.350573262282197	0.0680352252846909	0.462946882631227	0.328041003253527	0.136672388444414	0.313275134259675	0.217651899363496	0.294978822787188	0.204242575367775	0.180156382187864	0	0.213461145529127	0.244303575457621	0.198388720955252	0.177052135329103	0.213566175419949	0.156419960055965	0.248974623923754	0.291889214536759	0.237941244092628	0.139173781823436	0.346871035876315	0.322180649200949	0.271420859050189	0.375422203315861	0.281951426492003	0.423121459011543	0.314107393112102	0.278936145325147	0.202027371377851	0.176796183081224	0.197567495214708	0.175584300030652	0.389147441690487	0.269877863616361	0.298985609463667	0.166500694228323	0.313430711070899	0.262779020812928	0.267910511493372	0.120023220688047	0.250334173348928	0.279840895198368	0.224010046484364	0.256637160526659	0.251265332425106	0.187738282426736	0.194468941050543	0.0665803064680186	0.0979603458806412	0.350785387199819	0.369505985350334	0.238583428617544	0.415464104993025	0.191011588723131	0.242898951581699	0.331902711769338	0.107467515003545	0.29563626423667
700113058	0.308532875355804	0.225051585056269	0.193743642352122	0.419400269350141	0.242740736419192	0.148671044241006	0.294512387463058	0.11539070477771	0.25999621099074	0.0690416788869205	0.208558657175258	0.213461145529127	0	0.150292683898005	0.175966017881852	0.227965125917397	0.0888450040699374	0.196945437971001	0.268419702085682	0.264962883005902	0.266398754196774	0.248138539632248	0.316466766890135	0.29263455852813	0.341358337086468	0.31617766640788	0.160802475770513	0.31871634215368	0.197520267341205	0.143247945492555	0.130083031794005	0.250361531950109	0.159828582158363	0.113941011751265	0.319944224566969	0.22558802063715	0.261807652993906	0.153752161833689	0.25421661084283	0.150638652946102	0.187694103669917	0.115587985310448	0.220717131467691	0.246116222871504	0.12775489241128	0.191975019745597	0.186425312212969	0.0954558153334334	0.154995575258047	0.180357634739759	0.254718391788964	0.303376544042996	0.337480384159868	0.238188300890476	0.385155797992854	0.0568806994029335	0.215466369410261	0.308214540785008	0.186426955289413	0.259482515188542
700099448	0.213257577215063	0.17048356080343	0.213536770958884	0.359112215802155	0.160429683411434	0.156971550332799	0.221804160117676	0.184139546692359	0.174548166093132	0.134259004742415	0.153131066287219	0.244303575457621	0.150292683898005	0	0.242898819576082	0.165041430950843	0.126317230251782	0.16768143258931	0.165938110207744	0.183683052008518	0.193145120586884	0.212818114651841	0.226948149148019	0.182090769576803	0.261032182444108	0.213834319265979	0.113237246412339	0.299080436158811	0.159730866965413	0.16370219102314	0.110689378134364	0.22796253110974	0.116129006503919	0.115364728323579	0.214228908215447	0.153531083175928	0.195492982979037	0.159698559542051	0.163204187677179	0.227372200067661	0.127232164103452	0.158020601605776	0.113451543049762	0.195093326185552	0.129175515267305	0.150044407815095	0.107488102234674	0.138844560701578	0.0902425806938746	0.207489795057478	0.217300305931469	0.217202190740147	0.269603560387291	0.138645055745661	0.276005389721563	0.129580423104961	0.14462909034267	0.211028980674903	0.19636354605633	0.198636356504149
700109870	0.336806471201963	0.317367459222781	0.191443587049783	0.452906125916764	0.303569146553319	0.165999765251068	0.333758317201925	0.116903321639775	0.303090288073943	0.154292575353789	0.255028120318549	0.198388720955252	0.175966017881852	0.242898819576082	0	0.269820078138833	0.177740215579336	0.250002512591546	0.293413760254451	0.316989621840641	0.267879958787113	0.269474279934241	0.325180194293447	0.329201476681961	0.360771328882053	0.358107117367868	0.254434498322572	0.405986365934261	0.25147488674403	0.204173651852403	0.221610269456407	0.274616883435851	0.25372848002839	0.226030657503078	0.370313751155609	0.28788397747604	0.305265290144916	0.167671850382692	0.308770507676682	0.18394865935819	0.264562055044423	0.184379175713534	0.277179503228063	0.302452541235565	0.212008470861979	0.198628091135979	0.228838918581564	0.15643923079882	0.210157399967855	0.181155021025153	0.264905233336199	0.346535965555535	0.359891416180553	0.261327557100715	0.401749168991792	0.179171207299425	0.254597044521768	0.360495185582451	0.191567664707334	0.301701844624634
700033928	0.193415990526083	0.250701545249361	0.163260574695042	0.34532085086009	0.19927450102862	0.152516739345485	0.181204000125676	0.241009217973605	0.153640743384376	0.207734044655134	0.0757777933566639	0.177052135329103	0.227965125917397	0.165041430950843	0.269820078138833	0	0.19963917777876	0.136872595456955	0.141363333417972	0.169552534251663	0.154725845061248	0.105547299269551	0.241528940192781	0.168484406712416	0.181331419355423	0.255850268766545	0.215959563589165	0.335404395912452	0.268051390730559	0.2457842112373	0.156309644157702	0.139274484128891	0.102619383745999	0.158034282409707	0.255879257510029	0.171084702350696	0.211567691974773	0.184602028243838	0.171514814018129	0.291081357164567	0.131541741857766	0.145167203325771	0.142530939873622	0.186821065635983	0.189060667512073	0.194162753422237	0.152607454682754	0.194220354806097	0.15370702805193	0.148246582380281	0.12729543314663	0.203249533055867	0.234775571346267	0.137094364349273	0.274500751640027	0.191332301608282	0.169841162119744	0.188171919019112	0.137069012055869	0.171860006157965
700023693	0.280994327015161	0.202618012942535	0.193735838238904	0.403958306403573	0.213810974881661	0.148015835396766	0.277538412661973	0.0977921008900479	0.230223390385103	0.0601202814390418	0.178302887978482	0.213566175419949	0.0888450040699374	0.126317230251782	0.177740215579336	0.19963917777876	0	0.179376916565569	0.239394421642756	0.241888860484795	0.23250437313836	0.231955510448146	0.286135435436839	0.256760736104211	0.320324357696003	0.287674784572447	0.134881145575092	0.313163590976722	0.176760174861276	0.135870042377194	0.101564731778472	0.237628493727876	0.131526482345708	0.117592124950228	0.289129000033514	0.190487343099542	0.229999851911853	0.14924602998171	0.228007968404986	0.147368104184774	0.162773719026821	0.119895281971147	0.18323520424193	0.225259254242397	0.117174845385343	0.158098302653268	0.131208521076392	0.0828955836202848	0.13252572357721	0.182955900522167	0.242079839767132	0.281777660338486	0.312491486553035	0.203418417994926	0.356329265780182	0.0879701474484174	0.193115114014479	0.28681915487476	0.191119451071709	0.240066597014232
700109627	0.279038712030264	0.284710013536518	0.12082150828966	0.431062959719222	0.231975955111378	0.0912395382332775	0.294195678192482	0.212054464885704	0.244447120478754	0.167676832158926	0.111880698585993	0.156419960055965	0.196945437971001	0.16768143258931	0.250002512591546	0.136872595456955	0.179376916565569	0	0.22198726587651	0.246408750779673	0.253085083620489	0.156888483054468	0.311785665334693	0.241081905821695	0.264460578266445	0.320820669206657	0.195756413572474	0.362306279328264	0.292241506432592	0.226890370717843	0.138142179338264	0.200959962396965	0.150920501315073	0.104426960865798	0.301099720794904	0.223380787637012	0.190742792114058	0.114350412063159	0.250905550414785	0.258802406374467	0.219268397029788	0.118208623791637	0.166084309156785	0.240264706961403	0.211974225602183	0.227096603777623	0.207576977744747	0.188382290589379	0.106002322329568	0.137513518189131	0.147094850454905	0.309767185762799	0.340763071996899	0.201364511474803	0.33742749960136	0.169256016838629	0.221972495314304	0.284396497822021	0.142715299076186	0.280303553044487
700095416	0.145338821219978	0.253339659507341	0.239558010302326	0.341494346383532	0.186778413590278	0.22245906405894	0.144374810523582	0.278357802580812	0.10216349609714	0.242399339081131	0.149605049586902	0.248974623923754	0.268419702085682	0.165938110207744	0.293413760254451	0.141363333417972	0.239394421642756	0.22198726587651	0	0.162677856631812	0.118285789377311	0.147898255996169	0.18884830546138	0.114302537793691	0.154080980522676	0.236568034570924	0.215998530815987	0.355338011928734	0.272777454174814	0.279867629321428	0.188864888947904	0.150072912157929	0.163951634110806	0.22098130422875	0.218655975842803	0.153032956978053	0.202246854189706	0.225915215889837	0.131332329504651	0.329557951588305	0.133918289975486	0.248914610651078	0.115656756676276	0.171331284376357	0.228933470157945	0.20471179286342	0.148606766863426	0.238292923282828	0.173847522775371	0.227921470402675	0.203489642097493	0.173578831128382	0.216809445217536	0.0814043284005736	0.213689993450533	0.23631512044765	0.163564360288384	0.157994527036816	0.211645990350034	0.145382223559442
700110425	0.0996807777190833	0.247770995834953	0.28214486296777	0.232550175208062	0.205052119928875	0.264879615638514	0.0929713854418676	0.283130583792041	0.146375018047035	0.252981614401121	0.164138832830777	0.291889214536759	0.264962883005902	0.183683052008518	0.316989621840641	0.169552534251663	0.241888860484795	0.246408750779673	0.162677856631812	0	0.129775255213677	0.206868423036608	0.169271109485959	0.135703707226618	0.126263150852432	0.239519005318245	0.234857050022389	0.326391544260717	0.269458321613107	0.278767668817144	0.204504772847648	0.217196752535069	0.17350159447871	0.240612559477018	0.213698499312179	0.0963034196178055	0.241947548695702	0.270224796641153	0.136943986777914	0.328547891908784	0.14174581920674	0.245233184078013	0.154026491968667	0.117742651582755	0.219125880652858	0.206344489653077	0.171610963171667	0.231493331013105	0.209403306108759	0.268127620496828	0.247878940188172	0.106364401210871	0.125174891142847	0.14317753017252	0.177670312020693	0.238860094837863	0.083487837616307	0.089821354389086	0.246065826276868	0.127684213593228
700111580	0.157397607230214	0.270769760097875	0.253762889311294	0.307741773152778	0.232095030668346	0.234889470657509	0.129076810670947	0.27427009160168	0.150508769749551	0.24164256719626	0.165748464809331	0.237941244092628	0.266398754196774	0.193145120586884	0.267879958787113	0.154725845061248	0.23250437313836	0.253085083620489	0.118285789377311	0.129775255213677	0	0.15914677688902	0.179353260739769	0.153055308202032	0.126907566543811	0.277816671201702	0.269546426223998	0.385887044911277	0.247629238396812	0.300798424325404	0.198326296696074	0.161309418081297	0.169655819633992	0.244629754266468	0.270101564239237	0.138767108146773	0.265814111663788	0.238235972036244	0.162955675216621	0.305064966795554	0.150078412598873	0.238206172146161	0.161933319686955	0.175610948954211	0.199586680174625	0.171943261359277	0.164258201780872	0.209749827799273	0.1895677113508	0.223283245844661	0.217185762260886	0.163362434480977	0.201991133050303	0.105858206402801	0.235192617316037	0.237328156648938	0.11167447126169	0.141457028489717	0.206086918864306	0.129612876737545
700111302	0.241758157221586	0.287285751815123	0.141426699760728	0.394384784055333	0.258756237663515	0.171164038055025	0.204547650139248	0.257513247477459	0.184206652644904	0.236976819369247	0.100784359622256	0.139173781823436	0.248138539632248	0.212818114651841	0.269474279934241	0.105547299269551	0.231955510448146	0.156888483054468	0.147898255996169	0.206868423036608	0.15914677688902	0	0.268600374920765	0.220886867740728	0.152653723878966	0.316242677188455	0.258144940116881	0.380597940225765	0.313599855788645	0.279636356208205	0.188728693083481	0.0743317922362651	0.15234218797038	0.185436046994397	0.308111958730552	0.179731152309382	0.264638873730351	0.198442499029865	0.218147159971032	0.30606088287768	0.2023455139811	0.15320830468836	0.186209800860003	0.185810182943494	0.226891481752927	0.236598880692361	0.210843453417055	0.206646983970646	0.181433606049084	0.121688643694743	0.117892873305254	0.243573334931068	0.268269510396803	0.152074875433081	0.312083466081875	0.209434217769361	0.190727938618304	0.223126384188762	0.107736675343901	0.196532188061917
700098605	0.136235800516592	0.226778663103667	0.327618202400784	0.218389506861394	0.220279848000675	0.294634156220744	0.150371063905372	0.30379543053339	0.176030915905462	0.288084648378089	0.245367922216306	0.346871035876315	0.316466766890135	0.226948149148019	0.325180194293447	0.241528940192781	0.286135435436839	0.311785665334693	0.18884830546138	0.169271109485959	0.179353260739769	0.268600374920765	0	0.161794037003948	0.203055884422533	0.24089643311336	0.245602222760959	0.347491398233373	0.276030088984813	0.315314409106581	0.260677256996352	0.270015841162406	0.251245092823892	0.298541934689096	0.217729762007323	0.175697443269759	0.262559130660663	0.296433601766898	0.154926612039271	0.335452591224328	0.191841688107755	0.3218015863914	0.213937506652453	0.211411351028768	0.297059268688465	0.208676906370439	0.210367211654774	0.293987294681198	0.244877890035029	0.316164019261854	0.307531164312392	0.153982666791718	0.121875949979112	0.169305883315293	0.136490446198813	0.300834609905898	0.180758886166407	0.179678306688058	0.301743993244925	0.160351744505739
700111991	0.0782551822799227	0.238702292251088	0.297608359999239	0.277605110889932	0.16239806657688	0.271553591764733	0.125737101836271	0.292730991581936	0.0913269489729175	0.258155055254593	0.178481269075858	0.322180649200949	0.29263455852813	0.182090769576803	0.329201476681961	0.168484406712416	0.256760736104211	0.241081905821695	0.114302537793691	0.135703707226618	0.153055308202032	0.220886867740728	0.161794037003948	0	0.185963869575026	0.18797485613121	0.210640743809417	0.329115043188723	0.277031684620389	0.292758169955743	0.225038658084474	0.232685555427403	0.20454958420747	0.259601678110605	0.161580517831321	0.138764052055688	0.18482366062429	0.266477706166413	0.0925130158538902	0.347260325185954	0.142200392810716	0.287252540988704	0.150626109171596	0.178813756680325	0.262811281073754	0.204934143587789	0.158478323241525	0.264676030738842	0.212113477361265	0.296345126714781	0.261882966033981	0.122466254720178	0.168481274521087	0.128621656843126	0.137902673810714	0.274372089484814	0.164317108861697	0.122504184597872	0.278736589822351	0.140609176436444
700108960	0.163994704286654	0.336810291473144	0.274192971477553	0.291069539208465	0.287995583168474	0.272945739115048	0.117172170213115	0.355644050924659	0.175708087892525	0.328981816133117	0.177260763849464	0.271420859050189	0.341358337086468	0.261032182444108	0.360771328882053	0.181331419355423	0.320324357696003	0.264460578266445	0.154080980522676	0.126263150852432	0.126907566543811	0.152653723878966	0.203055884422533	0.185963869575026	0	0.327377269008695	0.320539560354097	0.415956469724066	0.344707350072514	0.355991494259324	0.274559738438136	0.148969956991355	0.219015542722167	0.281552019119976	0.307500187327493	0.163728491439969	0.303413805031841	0.291018433581984	0.19995428297122	0.396362237941154	0.221073979245111	0.279095901861179	0.211437645353997	0.172727315831185	0.295805022356468	0.277298015834177	0.256982817888478	0.305780284109052	0.257645721620078	0.254999152555042	0.228424286738477	0.159385745998995	0.171233647805932	0.165908487927186	0.207053665352672	0.309719507543138	0.16048489977041	0.128702216000157	0.22735583500228	0.14938665779846
700024452	0.198770635767176	0.191888431861914	0.353947203519994	0.255466413176533	0.170613879903427	0.321730224768946	0.245133253455533	0.310369486257926	0.213920524815063	0.300373430232689	0.280660742148327	0.375422203315861	0.31617766640788	0.213834319265979	0.358107117367868	0.255850268766545	0.287674784572447	0.320820669206657	0.236568034570924	0.239519005318245	0.277816671201702	0.316242677188455	0.24089643311336	0.18797485613121	0.327377269008695	0	0.207462124195122	0.28006095243352	0.206733738990347	0.264034280082697	0.275693268754553	0.333227287491412	0.264401834510217	0.290826729126209	0.0805555355178996	0.237207024270321	0.29237131639698	0.320798828479597	0.173349342338702	0.332510671594786	0.206696448152953	0.333319261718728	0.237486564751878	0.278996538587653	0.266624440975872	0.22565039643987	0.196764435160386	0.308840921296944	0.26196610705024	0.354862400022461	0.333726194437894	0.201108480521785	0.233086394231494	0.230564586584906	0.20234775822783	0.30428643518123	0.241531479473317	0.235063337660664	0.32619001018837	0.259464738423093
700032931	0.233795605848826	0.143980629150668	0.238713153893275	0.368612788481072	0.152357645633007	0.197218981740611	0.272095318213966	0.174303499696001	0.202046096305423	0.150315586396822	0.190003118793827	0.281951426492003	0.160802475770513	0.113237246412339	0.254434498322572	0.215959563589165	0.134881145575092	0.195756413572474	0.215998530815987	0.234857050022389	0.269546426223998	0.258144940116881	0.245602222760959	0.210640743809417	0.320539560354097	0.207462124195122	0	0.248055475987954	0.164647890886037	0.141833756112014	0.140436898995415	0.275738984706676	0.153755103438979	0.132005289527818	0.199191459246664	0.196246811496073	0.1915900672207	0.192535468899082	0.189565391279337	0.220235625134824	0.163404262331573	0.190996670403649	0.158445581037954	0.224521990631098	0.157937930712184	0.177405162182011	0.13889131270352	0.162936601257045	0.135422089155981	0.245619270839065	0.265398729829101	0.246853613747898	0.279703360976095	0.193277855854276	0.285432590253373	0.150769135402946	0.216668508974617	0.26563296930781	0.23404403711486	0.254521666879925
700095837	0.330740691874541	0.199800637552581	0.399822296406308	0.407466375688478	0.278258464242818	0.383846123869176	0.362470253322083	0.345380321119816	0.329109423675456	0.326997999934992	0.312311886581021	0.423121459011543	0.31871634215368	0.299080436158811	0.405986365934261	0.335404395912452	0.313163590976722	0.362306279328264	0.355338011928734	0.326391544260717	0.385887044911277	0.380597940225765	0.347491398233373	0.329115043188723	0.415956469724066	0.28006095243352	0.248055475987954	0	0.236930056195361	0.237059713993389	0.311508782680765	0.39494691672553	0.29495389086152	0.31570939952149	0.273647610251184	0.309426617179464	0.343972543129979	0.382489905103843	0.306439312766869	0.366679734418393	0.292615271004456	0.353187599186057	0.320201384265031	0.325784038597101	0.279244817540472	0.321939896529842	0.294516541027422	0.32337952509492	0.330881410660262	0.40021294076775	0.386888979052367	0.336540849437929	0.351232245158482	0.343734396469704	0.370571914461502	0.314240282771813	0.349887351198426	0.356363493115669	0.383877372048635	0.363578441559883
700024548	0.278194747274157	0.14556386349178	0.30116067670132	0.351945808951626	0.206381983922	0.259542187048581	0.300300874234488	0.209366004241349	0.270089273101565	0.187332542474716	0.253340237664481	0.314107393112102	0.197520267341205	0.159730866965413	0.25147488674403	0.268051390730559	0.176760174861276	0.292241506432592	0.272777454174814	0.269458321613107	0.247629238396812	0.313599855788645	0.276030088984813	0.277031684620389	0.344707350072514	0.206733738990347	0.164647890886037	0.236930056195361	0	0.149802360526074	0.205741944959669	0.325120096105806	0.208467088865706	0.209448407689351	0.218152562426642	0.229850961617978	0.309571107845377	0.257456233638903	0.23456250796038	0.202628504755381	0.19734756084759	0.238402125748202	0.233891816614323	0.289400786090139	0.124894177527021	0.129666350199637	0.16447512579629	0.178836427945882	0.218653354635826	0.300118602497166	0.310429075418624	0.2750638440759	0.299763831333954	0.233382547674121	0.315926759169977	0.205187827869651	0.223810805208121	0.297273799946374	0.285616568005223	0.283767236065793
700110161	0.305897497951013	0.18518163475801	0.226825903753999	0.397417024774705	0.21124995052451	0.189515736407125	0.314048341182856	0.143393450046182	0.26698983692084	0.134880703686946	0.220611336037912	0.278936145325147	0.143247945492555	0.16370219102314	0.204173651852403	0.2457842112373	0.135870042377194	0.226890370717843	0.279867629321428	0.278767668817144	0.300798424325404	0.279636356208205	0.315314409106581	0.292758169955743	0.355991494259324	0.264034280082697	0.141833756112014	0.237059713993389	0.149802360526074	0	0.166144631374693	0.293447092558565	0.188159793206327	0.150308508528087	0.267984475541026	0.241668647763403	0.264858581986096	0.189854842030509	0.257232886462551	0.219225113050441	0.216939675051485	0.186866471014333	0.227939488926937	0.262708020665759	0.155045057928923	0.214905252727229	0.198303797818006	0.162370309782722	0.177218803251254	0.234457724402958	0.28441355151347	0.296207151072683	0.334705218431479	0.248829551782112	0.369982522673723	0.145974166782929	0.240151156160442	0.313118294557431	0.2247481274092	0.295631998818508
700023496	0.252029745268622	0.189520740723657	0.183113999945792	0.387627389744829	0.184157719109349	0.133255550104666	0.247079739183713	0.149995517151242	0.193173356169982	0.111264104836459	0.129636442049832	0.202027371377851	0.130083031794005	0.110689378134364	0.221610269456407	0.156309644157702	0.101564731778472	0.138142179338264	0.188864888947904	0.204504772847648	0.198326296696074	0.188728693083481	0.260677256996352	0.225038658084474	0.274559738438136	0.275693268754553	0.140436898995415	0.311508782680765	0.205741944959669	0.166144631374693	0	0.19944336889793	0.092163571427475	0.0964043251019743	0.260493618149763	0.163054885870715	0.194471946949589	0.144255449302817	0.200772246235352	0.208491617634553	0.130084833890467	0.134608411315304	0.12389859596976	0.195215631046389	0.121530098959342	0.155163186531724	0.121850476265593	0.112660631673377	0.0827563041128263	0.17839538094758	0.198628248979376	0.26159176516057	0.295882764648875	0.142585429893494	0.326328735924729	0.108233641803738	0.161262210843923	0.24198777826908	0.180170315624334	0.218067446226752
700034628	0.253208053102903	0.302625625714967	0.190949751110827	0.405523177505838	0.2778436075481	0.189993257684666	0.205146740099453	0.262973855382865	0.177280830105259	0.240712441398306	0.133260263501371	0.176796183081224	0.250361531950109	0.22796253110974	0.274616883435851	0.139274484128891	0.237628493727876	0.200959962396965	0.150072912157929	0.217196752535069	0.161309418081297	0.0743317922362651	0.270015841162406	0.232685555427403	0.148969956991355	0.333227287491412	0.275738984706676	0.39494691672553	0.325120096105806	0.293447092558565	0.19944336889793	0	0.173160033808348	0.200625372046481	0.319891519403256	0.179022232783532	0.280451499551777	0.20931182949037	0.230517310139819	0.306877863305642	0.21667699570493	0.181074613080719	0.197080108418506	0.1613151980209	0.237335498303713	0.24629913460199	0.221508285563135	0.210504897535601	0.198223793738391	0.16117377406803	0.171910357056566	0.2427616275504	0.278997843002999	0.164923996618495	0.320592494448102	0.215444060394022	0.197495140107065	0.208871364744665	0.151636618211958	0.160881293552649
700023645	0.224714638684027	0.188895755751226	0.185995466572121	0.356219382368623	0.180948520237794	0.155534195294884	0.212127209362695	0.188576877044539	0.177211138060963	0.150903893635067	0.0930071679186592	0.197567495214708	0.159828582158363	0.116129006503919	0.25372848002839	0.102619383745999	0.131526482345708	0.150920501315073	0.163951634110806	0.17350159447871	0.169655819633992	0.15234218797038	0.251245092823892	0.20454958420747	0.219015542722167	0.264401834510217	0.153755103438979	0.29495389086152	0.208467088865706	0.188159793206327	0.092163571427475	0.173160033808348	0	0.101865082920832	0.254271416455978	0.140590675450303	0.212009645275605	0.16707089407053	0.177929073763629	0.240030628743585	0.108532406372403	0.121519818514078	0.118241062479058	0.17604258034772	0.121759773334678	0.165958290716346	0.126416480194438	0.129905209302853	0.121559466745252	0.171611411688839	0.164073382518095	0.228609967717165	0.263188733416377	0.142414159987765	0.306827188364405	0.124536446707596	0.150395952700851	0.21192917394336	0.161043095946707	0.196638674245551
700038744	0.284324421810037	0.218093854377363	0.142162755204044	0.412662904765584	0.21085231589012	0.091545103764952	0.281287682937395	0.159764444672978	0.231560730748434	0.111203543390912	0.135098662025044	0.175584300030652	0.113941011751265	0.115364728323579	0.226030657503078	0.158034282409707	0.117592124950228	0.104426960865798	0.22098130422875	0.240612559477018	0.244629754266468	0.185436046994397	0.298541934689096	0.259601678110605	0.281552019119976	0.290826729126209	0.132005289527818	0.31570939952149	0.209448407689351	0.150308508528087	0.0964043251019743	0.200625372046481	0.101865082920832	0	0.286782090762434	0.199619808694181	0.214558910340209	0.107407761564904	0.229183459199141	0.201886488849664	0.180092250029909	0.0903554234175568	0.158244919397947	0.226654944761082	0.133307025741227	0.1992000738849	0.175326081367246	0.114824772882205	0.099739347257381	0.152363735968196	0.192015465414272	0.29274885323236	0.330670791642402	0.190365966456562	0.355116313480033	0.0905620608729906	0.204535798984794	0.273517153061683	0.159406530327697	0.265340818834959
700038485	0.179779135889145	0.173162218772779	0.35367613714121	0.249405118900933	0.139589084469776	0.32293230465849	0.226533757735535	0.316607447633955	0.196933767158745	0.303458425576783	0.255327076771216	0.389147441690487	0.319944224566969	0.214228908215447	0.370313751155609	0.255879257510029	0.289129000033514	0.301099720794904	0.218655975842803	0.213698499312179	0.270101564239237	0.308111958730552	0.217729762007323	0.161580517831321	0.307500187327493	0.0805555355178996	0.199191459246664	0.273647610251184	0.218152562426642	0.267984475541026	0.260493618149763	0.319891519403256	0.254271416455978	0.286782090762434	0	0.206717490520792	0.263674960492667	0.319297223662871	0.1459530257006	0.33685792007542	0.197118560464332	0.340242467994546	0.213013112558327	0.246286925802104	0.267796762879232	0.223897332986602	0.195158491112163	0.313196589197643	0.262775576886921	0.36606675061462	0.330225545924673	0.184230505143525	0.218319780397316	0.210174940722905	0.17497282847135	0.304487441389211	0.240660913871116	0.215841660487656	0.341369770719614	0.240340397697499
700024743	0.141743872531776	0.208250924715265	0.250827332425463	0.288782271920288	0.191735747773408	0.232170730714134	0.115430004059533	0.230676478351196	0.132955408918265	0.204211693813099	0.143940175586658	0.269877863616361	0.22558802063715	0.153531083175928	0.28788397747604	0.171084702350696	0.190487343099542	0.223380787637012	0.153032956978053	0.0963034196178055	0.138767108146773	0.179731152309382	0.175697443269759	0.138764052055688	0.163728491439969	0.237207024270321	0.196246811496073	0.309426617179464	0.229850961617978	0.241668647763403	0.163054885870715	0.179022232783532	0.140590675450303	0.199619808694181	0.206717490520792	0	0.233640264790226	0.233978237262319	0.122070835025011	0.280234367452855	0.13147054105251	0.213613139578446	0.149219751233268	0.0918201940174759	0.189749351060049	0.169014385448258	0.164079574812006	0.18380112954684	0.174541429670213	0.249685377205976	0.233530418541889	0.133046711938252	0.169758313032173	0.119848593384537	0.198085664312905	0.203650897938442	0.110312034645426	0.117185856000221	0.226396394019024	0.113124174029071
