700108602	700014971	700033565	700109389	700023058	700023927	700106341	700114221	700023543	700023439	700016978	700024192	700113058	700099448	700109870	700033928	700023693	700109627	700095416	700110425	700111580	700111302	700098605	700111991	700108960	700024452	700032931	700095837	700024548	700110161	700023496	700034628	700023645	700038744	700038485	700024743	700099596	700110760	700101587	700106399	700032322	700095653	700021312	700101230	700023590	700038905	700033136	700023382	700096424	700105469	700016908	700096053	700108479	700109569	700033814	700016125	700109756	700102665	700101777	700109455
700108602	0	0.218925362880804	0.314331825252583	0.230436665490184	0.176562807227137	0.283892071923195	0.0903644825145307	0.307560090359355	0.129892669824164	0.29252021890229	0.189628412955271	0.332119088951359	0.301926568487033	0.205790168715538	0.323957781413508	0.170331271143782	0.278661735742865	0.267345059247836	0.115942954854581	0.115771453059052	0.153822466409243	0.214769166443882	0.139621079612166	0.0686141561809903	0.163755121253978	0.197570730998577	0.231217652732961	0.332926310460028	0.287604335711949	0.304296509910897	0.255332775063191	0.250948256572468	0.206976228392927	0.276834419241215	0.176089467227881	0.157128151716939	0.229389433995743	0.291881817473747	0.113506914145214	0.357126490695183	0.157761189371317	0.316166227177684	0.186702225370456	0.176035069887239	0.280430018666673	0.216087278825747	0.180525700794836	0.295374403482228	0.213948371480149	0.306174977951546	0.268797240853486	0.100736718770244	0.140426082922222	0.147811781120885	0.12746191651846	0.279924377307958	0.166630828588338	0.112603177089389	0.289725263574401	0.144448994693762
700014971	0.218925362880804	0	0.281302928933202	0.339922039386962	0.144090513916633	0.226761889460908	0.235066524132295	0.188738479819115	0.188994671845918	0.172820789391552	0.191987961868047	0.301379986681529	0.192910404928484	0.127529409728308	0.274911249939445	0.215826297951084	0.163438203171265	0.245941992876092	0.204888309901996	0.211890013902437	0.241200499658278	0.212661736461218	0.196212903692394	0.209223140025843	0.300258974212309	0.191382227891051	0.112446172600334	0.224457905428575	0.160981982086659	0.185857813670325	0.1602923573061	0.260120210810189	0.161694588339106	0.1603852091939	0.182347537289251	0.19158843284987	0.188312438969822	0.246889192494735	0.167957734301737	0.234283653351797	0.152517258878827	0.221198488096813	0.137940786829934	0.210013378585298	0.171285256679478	0.139774240380427	0.111601988690179	0.237863638271095	0.168177622387877	0.272117880079975	0.260471685868373	0.219323048675254	0.233631994320588	0.163924039237079	0.286925804577483	0.178449469561491	0.255116167436035	0.251941539973061	0.267630175367734	0.241575454576221
700033565	0.314331825252583	0.281302928933202	0	0.434631338631794	0.289760137221446	0.089068910886685	0.307895008612119	0.187196983724676	0.270700391549923	0.166336640714258	0.156594477461088	0.0790725617619654	0.183389817599768	0.219912571004003	0.177141808552758	0.173907887647282	0.185986141082198	0.121729706563184	0.249068543043544	0.330388112282298	0.243259840246358	0.127035611955522	0.320269724550283	0.307516916670278	0.261709030325619	0.355484348922826	0.232154799840749	0.380561956789323	0.307129336365117	0.203743360668052	0.158155376703266	0.169604847485361	0.177918462743903	0.160435538164677	0.336439986573464	0.2165351989619	0.253971759518774	0.159640907179639	0.305976232215358	0.251925307908146	0.229817868346281	0.130818989496787	0.237925437561121	0.239510504642442	0.245332329280674	0.24286272565357	0.251536009181972	0.136222942660909	0.187408137924614	0.0525796399340068	0.105018095791465	0.334127784155817	0.361945190818994	0.224177882890394	0.389440039937756	0.15172004792542	0.225955712935155	0.304326300887471	0.0741113892102292	0.276706385665816
700109389	0.230436665490184	0.339922039386962	0.434631338631794	0	0.31730157263237	0.420853037972304	0.209091717735356	0.411313488342441	0.295639311668403	0.404290681952621	0.34427093731841	0.447951546964451	0.407463519608602	0.349039494630776	0.436427524634762	0.318541439167065	0.396446077825194	0.42523175628923	0.314038884928286	0.190850108858233	0.297080284823669	0.361283146662367	0.214078316388207	0.245045871883418	0.281116363260632	0.291573224715683	0.374270174087477	0.409310103604209	0.363676001678103	0.409681313766201	0.381920911722847	0.397679804526637	0.336765528036558	0.389252187512475	0.257474895569656	0.297643270759924	0.380239995313706	0.436793948813434	0.246615165475097	0.41501893504865	0.295128568428299	0.417739933714075	0.336909431446458	0.323682851313769	0.380576149203956	0.328741041647888	0.330136585791928	0.414281810369367	0.368050969322857	0.427903336546666	0.39590035460997	0.192434745901296	0.138862858748869	0.312919444115684	0.195886670723383	0.393808150584615	0.27372073292966	0.217551236605685	0.406446356060642	0.273197121102775
700023058	0.176562807227137	0.144090513916633	0.289760137221446	0.31730157263237	0	0.226670929005408	0.193264799291627	0.226190046107252	0.150004721968509	0.213262872505773	0.187969718355487	0.297609686027889	0.224533247432333	0.13759915709764	0.272563472906222	0.182280628667073	0.197762758293816	0.228272772287214	0.160724398696201	0.190681821570256	0.208323360691341	0.202242961585695	0.186909483690753	0.161769837964861	0.271713173715158	0.182232941651161	0.170669861892217	0.294304139515698	0.218478850251942	0.229233869152754	0.189783010278321	0.247720212855261	0.16870282758738	0.205306050352644	0.175636261662036	0.189119904276338	0.151459467062075	0.205222721264568	0.132411746745203	0.278885917072534	0.136993455539385	0.23891524409951	0.131150000510424	0.201742442783261	0.21096736905895	0.158698211014866	0.122685457264121	0.241766790814488	0.154806638239393	0.279236343007834	0.263207276486574	0.181068760510947	0.211876880795616	0.140828174992552	0.245366162632493	0.213573283712237	0.231418070967149	0.214229230369331	0.268777403341064	0.197925481629024
700023927	0.283892071923195	0.226761889460908	0.089068910886685	0.420853037972304	0.226670929005408	0	0.289250356709813	0.161656619941806	0.249581752135035	0.120734593128289	0.144405477768414	0.120191052657559	0.156321633192703	0.150571395658846	0.172835397829731	0.156448175913426	0.14305502883835	0.0815769336437119	0.231464676842073	0.305253678509614	0.229392103540534	0.137293167686734	0.278528982702841	0.277442386502923	0.259160290446721	0.318666234731722	0.179497058675858	0.35534303574431	0.257088413492614	0.173416621401253	0.105464782118266	0.173428730779543	0.143048741754385	0.114220464770925	0.301837864769501	0.196454613666951	0.201029536367922	0.111675175078446	0.278845849256445	0.217962791914964	0.197689334985188	0.100724314815247	0.181009547027999	0.231206991687329	0.200043054412172	0.186074724043513	0.196104174972352	0.121434505457156	0.112305390562338	0.0923098263656638	0.128792382626213	0.315050806640188	0.344659192531058	0.19274584787953	0.364192040076338	0.12548369613353	0.210763558028739	0.285145140476695	0.103825673304732	0.25969833272201
700106341	0.0903644825145307	0.235066524132295	0.307895008612119	0.209091717735356	0.193264799291627	0.289250356709813	0	0.300136869058931	0.112619208892703	0.280609806652381	0.192957032976924	0.312152352351921	0.289352977111333	0.223417071266615	0.317036706121507	0.165446648673864	0.268998379182553	0.299143311068918	0.140271413076874	0.0912937002303309	0.137553539915347	0.201109967480831	0.137521573333271	0.115435371874447	0.130313203058891	0.247030998581968	0.273720209863504	0.354480158109621	0.291839874875554	0.301430065348565	0.249232769771596	0.218902913930919	0.200842284502527	0.27117794773432	0.20019042832012	0.135863249136251	0.264069980180623	0.307479304231802	0.132195093998799	0.350787327303565	0.164000799872164	0.296719082381818	0.189414168931074	0.151718396399707	0.259962881901441	0.233833839653341	0.20602474110743	0.278466083211936	0.233796201548386	0.289646634659657	0.27144115943276	0.0771737209566073	0.115487611713233	0.1451985980082	0.159000008891489	0.266640264399042	0.148064686566417	0.0782962009766341	0.277719472578368	0.099146455410756
700114221	0.307560090359355	0.188738479819115	0.187196983724676	0.411313488342441	0.226190046107252	0.161656619941806	0.300136869058931	0	0.263039109919655	0.0888494453494451	0.235252877836147	0.215600126057928	0.0813207801244191	0.160551480089891	0.137590868776135	0.24898425874629	0.0737326935027003	0.222537983767505	0.273819092663652	0.285799318361636	0.277949041992384	0.237361667950187	0.295531425934944	0.292876397887037	0.354462682761209	0.309301254812921	0.145779982192186	0.298714006044552	0.198360355063303	0.118155995146281	0.139837224113962	0.25691225866994	0.19625169365295	0.142125019730643	0.288624147704775	0.235655554495779	0.221128826867976	0.133540713052645	0.262316722795745	0.138149802342825	0.210847007164871	0.106703372570438	0.215221014108134	0.256912036036765	0.147086154351136	0.174076960088487	0.167714157750941	0.125889005782505	0.174352416967114	0.188566390045479	0.243286179116395	0.303580368482387	0.324759509870219	0.225602197665558	0.39507052427907	0.0801158159969876	0.231270728479505	0.325157080802541	0.207068140375964	0.293452207008615
700023543	0.129892669824164	0.188994671845918	0.270700391549923	0.295639311668403	0.150004721968509	0.249581752135035	0.112619208892703	0.263039109919655	0	0.233734306847666	0.152802087255098	0.287249325570973	0.257843040897232	0.191797736570289	0.287770607820801	0.134543674193204	0.224982934252031	0.255108609990366	0.116160609257184	0.165187122177541	0.154610593226938	0.169184801489822	0.184460816152958	0.123337374776456	0.171722119249841	0.229094755612793	0.219711189817545	0.318792838736372	0.280197734504974	0.255302384132855	0.201163716873804	0.177135123432479	0.163045439130085	0.222616894920911	0.177508089722882	0.137834160173932	0.210825739119083	0.266617602266568	0.118033407203056	0.320792137098422	0.129297730437202	0.26047868993053	0.147296893690616	0.103720603525361	0.2436668157093	0.209836323929105	0.163391317782678	0.244191488785296	0.204983727998315	0.260156212684493	0.244286961417763	0.130113253243183	0.180530646421268	0.122726903655501	0.214012076057553	0.225240592067293	0.194286853184142	0.124152033719755	0.255911461755012	0.112429128696553
700023439	0.29252021890229	0.172820789391552	0.166336640714258	0.404290681952621	0.213262872505773	0.120734593128289	0.280609806652381	0.0888494453494451	0.233734306847666	0	0.185318887036135	0.188207706283573	0.0743480011889334	0.121817893428872	0.172555114519382	0.202069765756132	0.0754789494845989	0.164075822711281	0.243469703600597	0.273746743131699	0.238432474565269	0.198823859028937	0.28351078694511	0.26896630186857	0.312909194323718	0.303819226613619	0.139719873998185	0.296196922219167	0.198446503599954	0.124134435735306	0.0888344761850492	0.225869179969264	0.14937730859479	0.0921699342457576	0.283464080468083	0.194943113538036	0.192229495781272	0.12905716436541	0.251439448085964	0.156162910319302	0.169517747929841	0.0845269802851079	0.178802636271223	0.222043045243219	0.138085759641608	0.164088046611157	0.170540359535035	0.121988428352481	0.126898801487999	0.167567164070887	0.202687189683861	0.285044603620458	0.3187084730129	0.200891230477134	0.381987720692342	0.0741980812795732	0.207186690069853	0.280228077330854	0.180670928184225	0.258674577781098
700016978	0.189628412955271	0.191987961868047	0.156594477461088	0.34427093731841	0.187969718355487	0.144405477768414	0.192957032976924	0.235252877836147	0.152802087255098	0.185318887036135	0	0.18553398346411	0.229638064691597	0.163939715871505	0.255217358580968	0.0696460563194938	0.193749363788569	0.135782695572776	0.137182816134629	0.21799762466975	0.136900828430615	0.0656661595995848	0.220064672832569	0.177610086384027	0.158065450303477	0.265718378420932	0.205056028029098	0.321357521431005	0.266385116501636	0.227879522590962	0.132406902481887	0.126074442039675	0.0864601032395416	0.139315827204092	0.243710709858208	0.127851314594178	0.197257129850906	0.21278149420415	0.182686245414516	0.294155400125979	0.122448184303566	0.178541008262092	0.125314752165497	0.14960496525487	0.20725985201143	0.186752314747733	0.161673197897502	0.190800087915567	0.144739464808731	0.158875251298703	0.130801349395912	0.213412990349107	0.247578309826294	0.108558155463667	0.27199710280693	0.188010209964433	0.176851232377698	0.184412407396204	0.144441139303312	0.178641316476162
700024192	0.332119088951359	0.301379986681529	0.0790725617619654	0.447951546964451	0.297609686027889	0.120191052657559	0.312152352351921	0.215600126057928	0.287249325570973	0.188207706283573	0.18553398346411	0	0.202189801923015	0.238358298626121	0.185212904431504	0.187623921510539	0.203388681659921	0.141701030309241	0.270006282229544	0.336235857127856	0.246383260302419	0.145371375058894	0.328666274267001	0.326475069325683	0.278370870395578	0.375567351569262	0.260987208376672	0.392716164626158	0.309627232095625	0.248997256574866	0.162190623278415	0.175685183226637	0.185445522039544	0.179308930210963	0.365730798407431	0.224576335875477	0.275527700600433	0.181273056913563	0.331134674089013	0.261511642999935	0.249248294185847	0.130343757737708	0.255141279851543	0.246334469640768	0.230313288062592	0.246774350168902	0.25635738827132	0.146466719371882	0.204159505482459	0.0674277502158632	0.0943402419540103	0.348875844342231	0.375123831263551	0.234737091871673	0.412545000461821	0.180072843548334	0.245674646041827	0.319473299178689	0.108282887257373	0.290830333200277
700113058	0.301926568487033	0.192910404928484	0.183389817599768	0.407463519608602	0.224533247432333	0.156321633192703	0.289352977111333	0.0813207801244191	0.257843040897232	0.0743480011889334	0.229638064691597	0.202189801923015	0	0.151758373404845	0.149757726915095	0.240654663567541	0.0980123596248831	0.207857541901233	0.266439794857551	0.283018960614033	0.269886854743042	0.229336056633054	0.293652354609735	0.286569989117919	0.345981085013364	0.320284204562827	0.155465110243065	0.300052930296988	0.206226426839123	0.136126164572592	0.128397799582754	0.251621006097309	0.187553543443843	0.135938891975386	0.303315730273804	0.231245480645957	0.217274141557403	0.147275655230664	0.26426111077671	0.144000637922968	0.209288920794958	0.100089526960534	0.226112348184308	0.25007636164033	0.14918958924973	0.170930583705778	0.192610914943932	0.118636813475906	0.168313656522001	0.176025075612861	0.237216568431224	0.29421565671499	0.324234048300013	0.223399484887234	0.395457260783851	0.0658076439990117	0.224070057238722	0.31640140205298	0.195337936438348	0.283037541334285
700099448	0.205790168715538	0.127529409728308	0.219912571004003	0.349039494630776	0.13759915709764	0.150571395658846	0.223417071266615	0.160551480089891	0.191797736570289	0.121817893428872	0.163939715871505	0.238358298626121	0.151758373404845	0	0.218391181550064	0.173501024233369	0.117577875560158	0.177269804781175	0.16520863157309	0.216989891404159	0.199078221165351	0.190626262532421	0.208886249452804	0.186422243624941	0.271313367434644	0.213683169091727	0.102159924776568	0.284050464053218	0.165719218099339	0.148733475519801	0.112688272644191	0.232849624310379	0.128116600342569	0.1202799015006	0.20886889571111	0.165353875699914	0.138744045267856	0.160293896706042	0.18551646618906	0.218904202532333	0.123641381279514	0.160434928293036	0.117429968547634	0.202761112104396	0.13673521009588	0.111376467952208	0.108901701466093	0.175043001104618	0.0761712006083345	0.214456256050411	0.207000076187571	0.22469789391855	0.260208075638115	0.138193964378711	0.292312986692077	0.132821613383793	0.177645397765328	0.233193130231818	0.205841905073048	0.21684368049268
700109870	0.323957781413508	0.274911249939445	0.177141808552758	0.436427524634762	0.272563472906222	0.172835397829731	0.317036706121507	0.137590868776135	0.287770607820801	0.172555114519382	0.255217358580968	0.185212904431504	0.149757726915095	0.218391181550064	0	0.263528221558811	0.151080901848501	0.237727940125328	0.287637876138112	0.325693080206023	0.261687348442858	0.250537196820792	0.306262674500193	0.327660722603735	0.355823372593174	0.359358936514463	0.233314049661525	0.377176570170474	0.259351533543382	0.186786079829238	0.180340551428418	0.267943679153357	0.247579882148059	0.221175069072652	0.348089302079093	0.254076115221956	0.26748460635876	0.135675251446365	0.318529471388043	0.178830887053609	0.261660400299101	0.146446238080426	0.270121664400272	0.26935224573337	0.196418278347779	0.193129397443197	0.230015757119125	0.104356663397252	0.199207642597988	0.174209080253038	0.244868459872639	0.340757529317469	0.364861403813977	0.239388041577005	0.402620189942173	0.150549388777689	0.237852891575488	0.342692557394505	0.199536113613864	0.302756813423488
700033928	0.170331271143782	0.215826297951084	0.173907887647282	0.318541439167065	0.182280628667073	0.156448175913426	0.165446648673864	0.24898425874629	0.134543674193204	0.202069765756132	0.0696460563194938	0.187623921510539	0.240654663567541	0.173501024233369	0.263528221558811	0	0.211203475271196	0.156927574587539	0.135626872450111	0.206513531823645	0.128112542571614	0.0872543229112352	0.205668691873792	0.154592821248382	0.153317707297918	0.24802771451564	0.225955380396398	0.328657059570618	0.271224563555253	0.240816240688599	0.151635574272557	0.131617756111556	0.0813680973926098	0.160971840640582	0.232603378250068	0.131886914487039	0.218093299796882	0.226676524475476	0.172443240613586	0.306198901854824	0.10711997675375	0.186893258431373	0.140495431918747	0.151846322830231	0.213093489104652	0.191541857723266	0.170160654307564	0.204078677044589	0.165940449183974	0.162957904216887	0.139265101868675	0.188442690938187	0.229648492368313	0.124342525150224	0.259940274857431	0.199420880471758	0.175618104483233	0.161946628387542	0.157374634517944	0.150738029908143
700023693	0.278661735742865	0.163438203171265	0.185986141082198	0.396446077825194	0.197762758293816	0.14305502883835	0.268998379182553	0.0737326935027003	0.224982934252031	0.0754789494845989	0.193749363788569	0.203388681659921	0.0980123596248831	0.117577875560158	0.151080901848501	0.211203475271196	0	0.194260337577063	0.235143858151448	0.259266622837695	0.227618658861271	0.205333541946576	0.265361431263859	0.256699520604173	0.321999507613675	0.287335820820856	0.123446535963301	0.284957384686165	0.16811550126734	0.115841405404206	0.101262380493125	0.237900511548758	0.158603237546969	0.11185399641227	0.268002227151351	0.204237421805185	0.182226811766265	0.133368295292715	0.236097519896064	0.141109549931045	0.17251964645447	0.0961295035845147	0.174977201915044	0.225867902544755	0.107599783276658	0.131375764277925	0.132192680071321	0.111950675551267	0.137612869070832	0.180567301463954	0.219806005337354	0.27387008658069	0.306703282384597	0.181116060949122	0.370983431947727	0.0872237930961622	0.196550482592332	0.287408471882521	0.198129006573507	0.26289593833948
700109627	0.267345059247836	0.245941992876092	0.121729706563184	0.42523175628923	0.228272772287214	0.0815769336437119	0.299143311068918	0.222537983767505	0.255108609990366	0.164075822711281	0.135782695572776	0.141701030309241	0.207857541901233	0.177269804781175	0.237727940125328	0.156927574587539	0.194260337577063	0	0.226381293195215	0.30755215802839	0.247258662806089	0.13079215145586	0.298807994044875	0.260056568651384	0.253845570713456	0.315387923538591	0.194050679329789	0.355402593988268	0.306808767146817	0.220020460441982	0.133046477561345	0.182406068753916	0.158990386828645	0.140430565053053	0.314184460573204	0.208902195733808	0.179302637114323	0.142746960988584	0.277020905335625	0.273464573429886	0.209832787387544	0.163995940062617	0.192122084257596	0.232009317601481	0.241502001140781	0.223211206024334	0.222117650440055	0.187195864153961	0.123323956414821	0.129576477430767	0.13074019342855	0.321132941145683	0.350113660052881	0.210897714018432	0.343686586656299	0.181060762077959	0.253599720002126	0.289869345723486	0.146423422251163	0.278410773600177
700095416	0.115942954854581	0.204888309901996	0.249068543043544	0.314038884928286	0.160724398696201	0.231464676842073	0.140271413076874	0.273819092663652	0.116160609257184	0.243469703600597	0.137182816134629	0.270006282229544	0.266439794857551	0.16520863157309	0.287637876138112	0.135626872450111	0.235143858151448	0.226381293195215	0	0.184167311173787	0.124041014442313	0.152948347857011	0.173489074069098	0.112588577623277	0.165379837107221	0.217553674357424	0.206720434740039	0.340267638987418	0.262220885874335	0.267399521886104	0.203297301145026	0.17267891687571	0.1695542622223	0.235487217748574	0.187338018226984	0.130554773888044	0.202884944303466	0.241362359403888	0.140487675643772	0.328202188794681	0.127359417190394	0.272595550794184	0.139506734181271	0.148741491943317	0.239742010325093	0.182268783187116	0.149571452114303	0.25107454529727	0.170683193174342	0.24642335670029	0.223557641701692	0.170500472211727	0.213318182176527	0.0803278842288875	0.195318208770357	0.23641112731114	0.145538397308274	0.164903044315077	0.221747746029175	0.13880216941348
700110425	0.115771453059052	0.211890013902437	0.330388112282298	0.190850108858233	0.190681821570256	0.305253678509614	0.0912937002303309	0.285799318361636	0.165187122177541	0.273746743131699	0.21799762466975	0.336235857127856	0.283018960614033	0.216989891404159	0.325693080206023	0.206513531823645	0.259266622837695	0.30755215802839	0.184167311173787	0	0.18221404793306	0.224089929878657	0.135426832689281	0.122973529515411	0.151832018874002	0.244973781167808	0.250004651226218	0.309421890747761	0.270899733011963	0.281421747291604	0.255202786899792	0.269276615504634	0.202804879060111	0.258308215059326	0.194830897553149	0.157184995679915	0.24886536264595	0.321674891855782	0.127338455202897	0.346101932879142	0.174930744619405	0.290930670739198	0.185229254674379	0.174463365465488	0.247836377390728	0.227141728474327	0.194385938563642	0.29066223876534	0.243487842925145	0.313355845356168	0.283872493931448	0.0867114771751045	0.0764067643627403	0.178172634663186	0.158189774337109	0.267097589503905	0.170607366988136	0.109012611897295	0.30370353771621	0.148882592253894
700111580	0.153822466409243	0.241200499658278	0.243259840246358	0.297080284823669	0.208323360691341	0.229392103540534	0.137553539915347	0.277949041992384	0.154610593226938	0.238432474565269	0.136900828430615	0.246383260302419	0.269886854743042	0.199078221165351	0.261687348442858	0.128112542571614	0.227618658861271	0.247258662806089	0.124041014442313	0.18221404793306	0	0.145716781357143	0.17056742112186	0.15516763137915	0.125066389130842	0.287679513093964	0.27119551450979	0.378527111514202	0.251820783317014	0.284881351117241	0.183135125907534	0.163323717824103	0.159734269614637	0.230791281462061	0.251283012212563	0.114537432277279	0.270864728984499	0.244523629672277	0.186110171086321	0.306775809943068	0.145126339900971	0.231107115327243	0.172129688948784	0.151806971115717	0.209321671144809	0.182973252959928	0.177053620552775	0.203118874093657	0.184934553089481	0.228654085827216	0.218707797816783	0.162898290246484	0.214997712127664	0.107184885280638	0.232982402739023	0.23828386206587	0.116269931522086	0.129070371538621	0.202508209935615	0.1182670414843
700111302	0.214769166443882	0.212661736461218	0.127035611955522	0.361283146662367	0.202242961585695	0.137293167686734	0.201109967480831	0.237361667950187	0.169184801489822	0.198823859028937	0.0656661595995848	0.145371375058894	0.229336056633054	0.190626262532421	0.250537196820792	0.0872543229112352	0.205333541946576	0.13079215145586	0.152948347857011	0.224089929878657	0.145716781357143	0	0.236593393862351	0.204081679071402	0.157060781569737	0.288210079877644	0.226553180969995	0.340555775636823	0.286824560523393	0.237943459809349	0.146721088631724	0.0883978139061633	0.100561534185576	0.152917894546154	0.266126041591973	0.128435729330737	0.228317783490106	0.217327039877733	0.208151786636762	0.29052219626689	0.152848487593791	0.17113526866964	0.155635886333514	0.143614235060916	0.209402144686511	0.211923872587078	0.184574709852176	0.183500380180461	0.170065536005517	0.119795436013892	0.114073552447573	0.229908687364471	0.262789391929687	0.128274640845745	0.295001049507229	0.188060971022636	0.180647128218546	0.203170105833319	0.114439457789777	0.180267759368525
700098605	0.139621079612166	0.196212903692394	0.320269724550283	0.214078316388207	0.186909483690753	0.278528982702841	0.137521573333271	0.295531425934944	0.184460816152958	0.28351078694511	0.220064672832569	0.328666274267001	0.293652354609735	0.208886249452804	0.306262674500193	0.205668691873792	0.265361431263859	0.298807994044875	0.173489074069098	0.135426832689281	0.17056742112186	0.236593393862351	0	0.150574404619839	0.195707268920269	0.247066443093594	0.243370322856529	0.333118568507344	0.264163423954272	0.30198869661202	0.245060065050819	0.26751002653684	0.22205822006561	0.280262557920061	0.207005732175476	0.167852644667752	0.262726857613972	0.286938316391492	0.161704167769337	0.323759896217524	0.184346506836132	0.308952763842365	0.20626023164248	0.192429106209738	0.2785143737817	0.190477027931564	0.180792534957222	0.28729958891756	0.222687624652695	0.303810262189677	0.284775366452492	0.155041755175714	0.134714085589163	0.150897591672512	0.141514679701089	0.279478906832225	0.18321854574918	0.164810684416067	0.29434257468981	0.144934385365234
700111991	0.0686141561809903	0.209223140025843	0.307516916670278	0.245045871883418	0.161769837964861	0.277442386502923	0.115435371874447	0.292876397887037	0.123337374776456	0.26896630186857	0.177610086384027	0.326475069325683	0.286569989117919	0.186422243624941	0.327660722603735	0.154592821248382	0.256699520604173	0.260056568651384	0.112588577623277	0.122973529515411	0.15516763137915	0.204081679071402	0.150574404619839	0	0.174918854215677	0.197974899912295	0.218471118156188	0.318416158269965	0.279942150585152	0.286369176434744	0.23656855185639	0.249686710478692	0.186505972366748	0.25394492180391	0.158624856678217	0.149606803272868	0.211791387114798	0.289111576405645	0.0880103238455782	0.352093417150973	0.128496647155233	0.297923631149279	0.159224633985746	0.167426750330225	0.261493182091146	0.205487185742344	0.160877171297475	0.286620058477877	0.214281967907233	0.30006521711419	0.261470697412753	0.110435309390313	0.151590361885627	0.136675873061186	0.147584582113831	0.263276930350579	0.190329727286107	0.124366072091076	0.286899855350125	0.14508718328507
700108960	0.163755121253978	0.300258974212309	0.261709030325619	0.281116363260632	0.271713173715158	0.259160290446721	0.130313203058891	0.354462682761209	0.171722119249841	0.312909194323718	0.158065450303477	0.278370870395578	0.345981085013364	0.271313367434644	0.355823372593174	0.153317707297918	0.321999507613675	0.253845570713456	0.165379837107221	0.151832018874002	0.125066389130842	0.157060781569737	0.195707268920269	0.174918854215677	0	0.334339276835362	0.327435312085973	0.410592790564884	0.347264829996555	0.343767881262226	0.2648148041183	0.15337871554538	0.199174735720442	0.272809955745743	0.282726254346725	0.149271205143244	0.309336876159024	0.326457194283169	0.208875923734092	0.402642827169583	0.208250677594566	0.289829293376064	0.21759845661926	0.160863455253696	0.309070234290561	0.289142595389084	0.26345544114498	0.299393915017849	0.260224186325634	0.251069408633471	0.23072448841202	0.16402640207109	0.185640154925992	0.177618482515673	0.190885756364833	0.311403583844931	0.162950223427074	0.110376616415796	0.224723423441205	0.118206593677696
700024452	0.197570730998577	0.191382227891051	0.355484348922826	0.291573224715683	0.182232941651161	0.318666234731722	0.247030998581968	0.309301254812921	0.229094755612793	0.303819226613619	0.265718378420932	0.375567351569262	0.320284204562827	0.213683169091727	0.359358936514463	0.24802771451564	0.287335820820856	0.315387923538591	0.217553674357424	0.244973781167808	0.287679513093964	0.288210079877644	0.247066443093594	0.197974899912295	0.334339276835362	0	0.216164605903218	0.258492608454343	0.211275363522099	0.273404268746571	0.286691293177187	0.338707565207951	0.254349529441972	0.275556266972985	0.101494725071092	0.253398263829522	0.257499440526753	0.317697930781162	0.17419831065184	0.332326994850604	0.199997443102947	0.331635524123623	0.220518449152213	0.279362920578089	0.263154569047065	0.214064497357288	0.192159261566649	0.335084940217547	0.248173721650946	0.351996998426267	0.323568739156964	0.213169306630831	0.221297541654622	0.224726906156806	0.229990285764449	0.301234754800106	0.285878037130812	0.266046968181778	0.331021477708815	0.284301759043421
700032931	0.231217652732961	0.112446172600334	0.232154799840749	0.374270174087477	0.170669861892217	0.179497058675858	0.273720209863504	0.145779982192186	0.219711189817545	0.139719873998185	0.205056028029098	0.260987208376672	0.155465110243065	0.102159924776568	0.233314049661525	0.225955380396398	0.123446535963301	0.194050679329789	0.206720434740039	0.250004651226218	0.27119551450979	0.226553180969995	0.243370322856529	0.218471118156188	0.327435312085973	0.216164605903218	0	0.248299920129582	0.181797367845979	0.149102575160868	0.145288149585786	0.274244632275808	0.173242973957095	0.127640815490633	0.20523249401915	0.218853328973102	0.146711689176371	0.184943843727806	0.202751622862797	0.206108655963075	0.168924143249558	0.18273746851851	0.150469354579979	0.234225441284309	0.171585267715899	0.141289384051382	0.121547754238975	0.192359560562681	0.135677104211638	0.225256838025947	0.244567361534329	0.261490802871429	0.278439773947627	0.194936994563921	0.308035338412328	0.137377449630369	0.241825724365877	0.285202226247151	0.237716376143959	0.27530265483034
700095837	0.332926310460028	0.224457905428575	0.380561956789323	0.409310103604209	0.294304139515698	0.35534303574431	0.354480158109621	0.298714006044552	0.318792838736372	0.296196922219167	0.321357521431005	0.392716164626158	0.300052930296988	0.284050464053218	0.377176570170474	0.328657059570618	0.284957384686165	0.355402593988268	0.340267638987418	0.309421890747761	0.378527111514202	0.340555775636823	0.333118568507344	0.318416158269965	0.410592790564884	0.258492608454343	0.248299920129582	0	0.187720390851633	0.23552664503757	0.300912195522886	0.3930412018022	0.287469548875724	0.263093947201594	0.278572970558551	0.327692192983734	0.296994870575626	0.366714928242571	0.281468391834989	0.339948300828109	0.28825663972612	0.318817953995512	0.287452664922736	0.333797574248568	0.245061203612304	0.287925626784385	0.262616491686954	0.345689372491318	0.314344519595594	0.375155925495193	0.356201026168148	0.325522302516844	0.329381829021474	0.327852323533611	0.387802712233817	0.28904369322661	0.377095678411156	0.36338237642883	0.3736949491428	0.37045291388123
700024548	0.287604335711949	0.160981982086659	0.307129336365117	0.363676001678103	0.218478850251942	0.257088413492614	0.291839874875554	0.198360355063303	0.280197734504974	0.198446503599954	0.266385116501636	0.309627232095625	0.206226426839123	0.165719218099339	0.259351533543382	0.271224563555253	0.16811550126734	0.306808767146817	0.262220885874335	0.270899733011963	0.251820783317014	0.286824560523393	0.264163423954272	0.279942150585152	0.347264829996555	0.211275363522099	0.181797367845979	0.187720390851633	0	0.158409352605168	0.208678972392225	0.330198607433364	0.222607684558141	0.192976912880125	0.216119748384186	0.240715488159582	0.262821237634205	0.255775652930737	0.239798717448929	0.221797337432878	0.211275378080517	0.211153799259787	0.222417559542599	0.293513245766684	0.114627238736198	0.130108943405808	0.163682816312259	0.23221264123388	0.205728687835208	0.304009996924984	0.296242525563345	0.275589985537919	0.28358520827552	0.220052267211533	0.341933640787494	0.20825039743889	0.245660246133013	0.310000894827215	0.288831995258335	0.30062024500803
700110161	0.304296509910897	0.185857813670325	0.203743360668052	0.409681313766201	0.229233869152754	0.173416621401253	0.301430065348565	0.118155995146281	0.255302384132855	0.124134435735306	0.227879522590962	0.248997256574866	0.136126164572592	0.148733475519801	0.186786079829238	0.240816240688599	0.115841405404206	0.220020460441982	0.267399521886104	0.281421747291604	0.284881351117241	0.237943459809349	0.30198869661202	0.286369176434744	0.343767881262226	0.273404268746571	0.149102575160868	0.23552664503757	0.158409352605168	0	0.158928441867055	0.27742976554844	0.193997959793402	0.113356634851259	0.264075405682371	0.236633669633553	0.205172255213556	0.161497992074944	0.260428073068052	0.212261191119561	0.207743779496398	0.147447509846075	0.194473897357029	0.252494423726184	0.129252309201426	0.202868032280108	0.196726206199526	0.164800538099169	0.169383162006466	0.205207126024299	0.248997389851524	0.291524296938596	0.327418145438988	0.223664807203023	0.392652480164374	0.120375681703416	0.237268857125369	0.30929457499887	0.221199847205896	0.295767074764918
700023496	0.255332775063191	0.1602923573061	0.158155376703266	0.381920911722847	0.189783010278321	0.105464782118266	0.249232769771596	0.139837224113962	0.201163716873804	0.0888344761850492	0.132406902481887	0.162190623278415	0.128397799582754	0.112688272644191	0.180340551428418	0.151635574272557	0.101262380493125	0.133046477561345	0.203297301145026	0.255202786899792	0.183135125907534	0.146721088631724	0.245060065050819	0.23656855185639	0.2648148041183	0.286691293177187	0.145288149585786	0.300912195522886	0.208678972392225	0.158928441867055	0	0.180205020681155	0.109418005036416	0.0932936619614897	0.279022623916123	0.161312342410631	0.166316491175813	0.133357134402756	0.232365634865008	0.187953757823096	0.140216631348477	0.107207870336152	0.141974201550964	0.190812646676766	0.130973556832328	0.134592989272673	0.139530173112592	0.105786282325988	0.0868492615955466	0.150952120228272	0.158170880357388	0.266737239219075	0.298663608377149	0.151611406527621	0.346973588376634	0.100997102186615	0.189522339806908	0.244593392580356	0.159883454201889	0.223897708524921
700034628	0.250948256572468	0.260120210810189	0.169604847485361	0.397679804526637	0.247720212855261	0.173428730779543	0.218902913930919	0.25691225866994	0.177135123432479	0.225869179969264	0.126074442039675	0.175685183226637	0.251621006097309	0.232849624310379	0.267943679153357	0.131617756111556	0.237900511548758	0.182406068753916	0.17267891687571	0.269276615504634	0.163323717824103	0.0883978139061633	0.26751002653684	0.249686710478692	0.15337871554538	0.338707565207951	0.274244632275808	0.3930412018022	0.330198607433364	0.27742976554844	0.180205020681155	0	0.15916439509759	0.196825677421559	0.302472849327918	0.144822999219683	0.27740854547314	0.237624891210871	0.257685059358211	0.308444358347762	0.209132425050377	0.196185205707107	0.20969049856421	0.14551414857398	0.255330276297297	0.254275648641219	0.229429051631043	0.207195673666274	0.208459764217783	0.153880313515924	0.170553353513211	0.258909896118673	0.298209740902697	0.161336001468818	0.31882319779509	0.211720934647007	0.191192524119901	0.208711160380795	0.14677160187858	0.162941261516724
700023645	0.206976228392927	0.161694588339106	0.177918462743903	0.336765528036558	0.16870282758738	0.143048741754385	0.200842284502527	0.19625169365295	0.163045439130085	0.14937730859479	0.0864601032395416	0.185445522039544	0.187553543443843	0.128116600342569	0.247579882148059	0.0813680973926098	0.158603237546969	0.158990386828645	0.1695542622223	0.202804879060111	0.159734269614637	0.100561534185576	0.22205822006561	0.186505972366748	0.199174735720442	0.254349529441972	0.173242973957095	0.287469548875724	0.222607684558141	0.193997959793402	0.109418005036416	0.15916439509759	0	0.106830246895797	0.244793577489937	0.139677958833343	0.176073860973462	0.205566779329248	0.183162123978938	0.257075987368363	0.102846668849095	0.143269257217547	0.106779042326536	0.172854015100211	0.159932663669149	0.158047721072453	0.128055188262603	0.170428447283364	0.140230615109136	0.16093396308233	0.14116770771284	0.206763476829337	0.247923702578527	0.145954174372934	0.30503225802269	0.142323516330921	0.199749923042633	0.192704670168367	0.161054172971417	0.194597988934094
700038744	0.276834419241215	0.1603852091939	0.160435538164677	0.389252187512475	0.205306050352644	0.114220464770925	0.27117794773432	0.142125019730643	0.222616894920911	0.0921699342457576	0.139315827204092	0.179308930210963	0.135938891975386	0.1202799015006	0.221175069072652	0.160971840640582	0.11185399641227	0.140430565053053	0.235487217748574	0.258308215059326	0.230791281462061	0.152917894546154	0.280262557920061	0.25394492180391	0.272809955745743	0.275556266972985	0.127640815490633	0.263093947201594	0.192976912880125	0.113356634851259	0.0932936619614897	0.196825677421559	0.106830246895797	0	0.257909373074553	0.183690025563206	0.173882050941684	0.166406785412563	0.226831970562081	0.211184086756329	0.161357284383639	0.0979434560350504	0.148574622765394	0.214743594105085	0.131220100882426	0.17457227296483	0.170460429039418	0.147193954218944	0.127619529628661	0.156081947583361	0.173558189932881	0.270742138935019	0.30455635196781	0.193972427161993	0.367785328211783	0.103246213811329	0.227467561445457	0.264283547698412	0.171144199418802	0.257446319597287
700038485	0.176089467227881	0.182347537289251	0.336439986573464	0.257474895569656	0.175636261662036	0.301837864769501	0.20019042832012	0.288624147704775	0.177508089722882	0.283464080468083	0.243710709858208	0.365730798407431	0.303315730273804	0.20886889571111	0.348089302079093	0.232603378250068	0.268002227151351	0.314184460573204	0.187338018226984	0.194830897553149	0.251283012212563	0.266126041591973	0.207005732175476	0.158624856678217	0.282726254346725	0.101494725071092	0.20523249401915	0.278572970558551	0.216119748384186	0.264075405682371	0.279022623916123	0.302472849327918	0.244793577489937	0.257909373074553	0	0.201926643200933	0.262998383800303	0.320636547001075	0.119722953722414	0.313025992291246	0.197075281413183	0.319185532704661	0.208289093526324	0.229396180988638	0.261898141590721	0.198235832544102	0.184894083421957	0.323137839930044	0.249336491970241	0.339642242684811	0.315212116387994	0.158494740637463	0.167190219276806	0.193919965376902	0.195656031347585	0.283173011350923	0.249230106582193	0.215367262988647	0.31570532025946	0.231275366222743
700024743	0.157128151716939	0.19158843284987	0.2165351989619	0.297643270759924	0.189119904276338	0.196454613666951	0.135863249136251	0.235655554495779	0.137834160173932	0.194943113538036	0.127851314594178	0.224576335875477	0.231245480645957	0.165353875699914	0.254076115221956	0.131886914487039	0.204237421805185	0.208902195733808	0.130554773888044	0.157184995679915	0.114537432277279	0.128435729330737	0.167852644667752	0.149606803272868	0.149271205143244	0.253398263829522	0.218853328973102	0.327692192983734	0.240715488159582	0.236633669633553	0.161312342410631	0.144822999219683	0.139677958833343	0.183690025563206	0.201926643200933	0	0.231821441920296	0.22318319360401	0.160972057310789	0.289307656483799	0.131118167101501	0.217768653458242	0.152702163379265	0.0780633412259958	0.200198200012652	0.17838357893388	0.161912833635178	0.196091746225421	0.15234462279359	0.201606992659991	0.192245808474767	0.163706803370017	0.195601124949466	0.101362072895857	0.221935617437326	0.191880833739554	0.138931455350757	0.124858306377227	0.193948340718938	0.105636530810316
