700108602	700014971	700033565	700109389	700023058	700023927	700106341	700114221	700023543	700023439	700016978	700024192	700113058	700099448	700109870	700033928	700023693	700109627	700095416	700110425	700111580	700111302	700098605	700111991	700108960	700024452	700032931	700095837	700024548	700110161	700023496	700034628	700023645	700038744	700038485	700024743	700099596	700110760	700101587	700106399	700032322	700095653	700021312	700101230	700023590	700038905	700033136	700023382	700096424	700105469	700016908	700096053	700108479	700109569	700033814	700016125	700109756	700102665	700101777	700109455
700108602	0	0.24210116020939	0.323498934293372	0.207940445887165	0.186802033591526	0.309525402990776	0.106285878446678	0.306587012973244	0.138171508515102	0.288170804007747	0.216379789917759	0.351722673781965	0.309522693149265	0.228978291753554	0.347360128779098	0.202454750806743	0.285048340333158	0.293997134518065	0.15661428788031	0.107094584346337	0.172044718972604	0.268930252981886	0.127663945353665	0.090157041864789	0.150956893972774	0.193687563919311	0.251970630474236	0.319453998691504	0.274278292421272	0.321563587521683	0.272896281898208	0.266017120175803	0.222373125980037	0.280111952521459	0.178537255098276	0.147530192071689	0.234991526580511	0.319681677678302	0.100714632225711	0.364243503262997	0.171449911606571	0.337968827458677	0.194691615550554	0.179047078166041	0.287555314480184	0.238001513483269	0.199002874671834	0.312369819093622	0.254453482664207	0.329829295870331	0.308034958132131	0.0886790142235816	0.110483018550921	0.172414125761483	0.117903581515551	0.288976730909321	0.165253169610725	0.094767806004149	0.309495275639866	0.14236741577646
700014971	0.24210116020939	0	0.276557183453805	0.352538417342771	0.156196899849944	0.246538505937197	0.271517459300973	0.216998559697632	0.220709100202143	0.167847606889212	0.200355677724916	0.316033669978415	0.187513513363254	0.16575984373178	0.294165530849748	0.238688555100866	0.194705353918355	0.26332181137445	0.232224864440489	0.232265128778522	0.263826137631672	0.272719118258659	0.22166661648686	0.240496689723819	0.319096397625792	0.186689120566513	0.127634564857105	0.191744239518092	0.151885242200224	0.196696686587597	0.197934392590252	0.286573333985887	0.166442880769482	0.181946038779888	0.175100297863518	0.189395044740914	0.192875158793071	0.265828273128712	0.212907879733635	0.212203190702638	0.185000866033914	0.218908365308175	0.187364269592845	0.240074644091546	0.170445902314406	0.183031339789386	0.156163336658985	0.245471199453381	0.197975075583068	0.296233493414349	0.309821297429763	0.235887879529391	0.264636200576271	0.210674114776116	0.293432406753224	0.185666722637739	0.246728999671115	0.267088334792578	0.278309074052585	0.252648811195328
700033565	0.323498934293372	0.276557183453805	0	0.42519433294176	0.277592770044506	0.0647308179917621	0.273829852077471	0.162693513501522	0.248952949839336	0.150326335211112	0.144676704762808	0.0815750003282066	0.17885949657216	0.169728439131742	0.178843649433841	0.151038190342462	0.155426375055836	0.115017746424839	0.230117435039683	0.297947671247535	0.236313622432325	0.112038163681914	0.325556626754963	0.267399249536657	0.286881032998162	0.336470011422893	0.218661316113801	0.356520253914868	0.279299532175527	0.198007801193928	0.133356850565586	0.148569964442864	0.16812063111038	0.127320853968525	0.328788677957805	0.232128444244824	0.226088053902594	0.13433007721963	0.279791788031236	0.241754936636832	0.211993354850162	0.122227639371227	0.20058148994381	0.246057937007869	0.206575559028888	0.211611547469828	0.215911051418546	0.140749520018463	0.17138200573059	0.0721158843562545	0.116703892178074	0.326379972117383	0.359953549700978	0.192975954227218	0.38340861969596	0.138364322250526	0.217919786681871	0.290424581778808	0.0739253980494615	0.263891652787278
700109389	0.207940445887165	0.352538417342771	0.42519433294176	0	0.319947474880617	0.424384041724122	0.229600629681793	0.413786821165515	0.296378592021039	0.403772651562333	0.347062247074401	0.44251510837333	0.41113919178014	0.358563378546672	0.435248388639597	0.322362872778555	0.40195425038056	0.429369601645237	0.310001887355328	0.210680066207807	0.29092858485653	0.390902462426047	0.19526144518507	0.256995438859562	0.253381376752269	0.287891567140959	0.370087098672097	0.411158609408833	0.353896259217724	0.422355754484575	0.400690539682051	0.389409676124291	0.348871896456498	0.394197678262072	0.273275751918056	0.286079571465462	0.379011729428328	0.430727280306323	0.253272748756914	0.422465690031311	0.300909726037444	0.431286346467141	0.341179288777681	0.31654423125912	0.387518543083914	0.346549526229111	0.348370827705081	0.417567630004964	0.375977082327188	0.425423148114528	0.410853103984296	0.203870769192591	0.148226095667331	0.323289220773875	0.190845137135968	0.398339973495428	0.261960781464847	0.227639688070265	0.407034563488638	0.2731646470547
700023058	0.186802033591526	0.156196899849944	0.277592770044506	0.319947474880617	0	0.245093860304226	0.210749066893958	0.244440368422714	0.174214490005198	0.198584314454558	0.193276154495906	0.310112750573948	0.23952959151705	0.176675097509065	0.291027531383364	0.199722558732008	0.215784459979295	0.240150773057404	0.168072090406863	0.199449776717167	0.221215976821727	0.262067235503968	0.199077210541495	0.180400688351701	0.275732229583584	0.148056749893609	0.16819961303131	0.266781406059014	0.202962941663535	0.233516828973601	0.202403645774246	0.270756809727406	0.17608037192754	0.206819198928778	0.157539872645384	0.184240523374638	0.145920857620294	0.225824276921723	0.156259818577409	0.270138058991438	0.150999646895376	0.253569397133602	0.144636581303739	0.219559493867167	0.200121347547088	0.18360414096348	0.140092611782712	0.25687484358853	0.158713651223715	0.295709089799672	0.301867040216249	0.180963765104122	0.225729174652561	0.169503850105367	0.244862083351962	0.222940141675534	0.215661362894777	0.211328095007334	0.268840591756392	0.194549381542543
700023927	0.309525402990776	0.246538505937197	0.0647308179917621	0.424384041724122	0.245093860304226	0	0.277545594367452	0.134885523247098	0.239476632306193	0.118550968417302	0.137953149007919	0.112372367125109	0.14799292646341	0.128700141985571	0.169640412624101	0.143986597895097	0.120633279492647	0.0976814361965427	0.230078091576828	0.280640720903574	0.232805555351641	0.14815455158693	0.301306158880265	0.258278225760463	0.297729192317457	0.319693987522121	0.192415786231303	0.339657853380579	0.248269766157097	0.175323749978047	0.0900688172278747	0.167897064326267	0.151294766893449	0.0984272236800628	0.312394974987608	0.213932840866021	0.196060665388037	0.10305220164777	0.269433001736441	0.215002479533947	0.191061387707085	0.0932444488578488	0.178692131313328	0.238593624902024	0.173349680488911	0.183375707970228	0.180912147114718	0.11272363696512	0.128237416995664	0.0953835456083561	0.154820703470967	0.315964185524423	0.350505665789562	0.188608491084725	0.371676714509334	0.105402119557119	0.206542418332938	0.28425238314176	0.0878478721279123	0.252742547501139
700106341	0.106285878446678	0.271517459300973	0.273829852077471	0.229600629681793	0.210749066893958	0.277545594367452	0	0.292166707502338	0.11349608529042	0.273068993552276	0.185183986238854	0.292442718146827	0.297651058790516	0.223757169004577	0.321195899476294	0.170625411941002	0.270142690423992	0.290054285343609	0.138196378168589	0.115125402667818	0.110272563077202	0.219601783089083	0.171385844459348	0.112969788971489	0.0998322520702653	0.254740074919209	0.290146200398851	0.358253117633034	0.284388080120324	0.311430294724057	0.245934085455122	0.191151189188165	0.189318043560944	0.250428093994029	0.233554320444602	0.125865463194987	0.247157754837346	0.289133428188936	0.11618570889681	0.360041158078102	0.14570070458932	0.295411007789413	0.172057241319777	0.140601528632664	0.267799644721705	0.249711883612029	0.215452076679233	0.265838194239486	0.239855691337505	0.269138661578537	0.266025480616008	0.106070067106243	0.150516636324819	0.149732363176156	0.187292614578519	0.248128896400266	0.127620637119261	0.0610194943367665	0.256414623662474	0.0795205558639527
700114221	0.306587012973244	0.216998559697632	0.162693513501522	0.413786821165515	0.244440368422714	0.134885523247098	0.292166707502338	0	0.259520933249911	0.0900563924778912	0.199671152745617	0.206012058366489	0.0745492452001529	0.145812388146406	0.125103290152468	0.22325084070436	0.0822482530790293	0.20224258277136	0.251709766758526	0.261369703935911	0.2692614227353	0.236193314875909	0.307216545721231	0.279099902427237	0.33706923116835	0.309093399539494	0.162510067154825	0.304706092300633	0.211905450912536	0.127840612501457	0.153788884871252	0.244871860375903	0.173764182841888	0.12840647779458	0.301845748158581	0.202567706010546	0.205026295862046	0.112068357945116	0.263326264920658	0.142199282297938	0.19529178046705	0.122624405996486	0.212113528209132	0.25124737295009	0.144921168576548	0.163374524937999	0.171135366090097	0.106415883935905	0.162254754711608	0.182071793015403	0.253623782515791	0.302440867013787	0.333721176728826	0.234669118202194	0.378244240416826	0.103003758881876	0.217138344512961	0.306236674104564	0.174202275571709	0.266160384513943
700023543	0.138171508515102	0.220709100202143	0.248952949839336	0.296378592021039	0.174214490005198	0.239476632306193	0.11349608529042	0.259520933249911	0	0.232358507469582	0.153666069732266	0.275677716219802	0.265770209472066	0.187229026205939	0.291522317095379	0.145877933073587	0.230703843738159	0.246380986974508	0.109012373529313	0.164371970366188	0.139234199126776	0.188738876901347	0.195163678779861	0.10004451664588	0.141213024068666	0.220456770546311	0.229449530248624	0.313609925602395	0.28304281087179	0.269401813970842	0.207234776882687	0.167297290078443	0.163670140559588	0.216442877671237	0.203467115630369	0.134923507616159	0.192841510371286	0.249545274026044	0.103390807644226	0.333061975596451	0.130077409581447	0.2712685368731	0.142032273757909	0.0968361102989481	0.242694020782681	0.227431695175998	0.16269497545092	0.242919561318146	0.203587558577355	0.250771493768186	0.249160055294176	0.144301509524517	0.177945095648481	0.115114232628138	0.208197730748372	0.221955765441107	0.154294852801327	0.0982944543446276	0.236967040538897	0.0915858762291373
700023439	0.288170804007747	0.167847606889212	0.150326335211112	0.403772651562333	0.198584314454558	0.118550968417302	0.273068993552276	0.0900563924778912	0.232358507469582	0	0.172391231302974	0.209881890687729	0.0862522878338397	0.100926908979073	0.173495499576911	0.199983376034585	0.0672934680535073	0.176387868906121	0.222163292874426	0.242466787219409	0.24437376818857	0.231480980736677	0.279292526161881	0.247197760927903	0.321273039878692	0.272354436586464	0.11568322354441	0.266112457289057	0.174258797924668	0.104310148158736	0.11489316532564	0.241083227149126	0.141783783924763	0.0781640518078174	0.264105593446957	0.175572647805194	0.156079341547894	0.128736479842533	0.237395601963679	0.14045753919149	0.163905766966437	0.109516470344588	0.173147535257481	0.23740441578914	0.101174607277134	0.136317184777673	0.13693193887607	0.111562546020867	0.120693587375996	0.184304654132472	0.248062934451902	0.276021840709932	0.320422572953732	0.196633764703052	0.356689186487201	0.0830352535763023	0.199192970958271	0.278533880993207	0.173367766714881	0.244718081366832
700016978	0.216379789917759	0.200355677724916	0.144676704762808	0.347062247074401	0.193276154495906	0.137953149007919	0.185183986238854	0.199671152745617	0.153666069732266	0.172391231302974	0	0.178876990590744	0.207388796772946	0.139524359898655	0.24879428464525	0.0775498052567546	0.166360094822139	0.140155722648521	0.146914270730798	0.186663743987766	0.154529728871983	0.1135204874053	0.247607275352894	0.160843352697252	0.19691606800176	0.260540289106983	0.199188273304916	0.290831586377332	0.243248120888712	0.2183846875931	0.121210012839065	0.139895347711635	0.0675912871543938	0.132295924742736	0.242477937618207	0.144375635008799	0.167662139170629	0.193993237342588	0.171229559029889	0.277171211276243	0.120412082233449	0.168608778406074	0.110313580202649	0.153933984887834	0.184383351991746	0.181721818337986	0.148121209242917	0.177556641480937	0.14596667853961	0.162503302906966	0.158862710041469	0.223622477130577	0.262608237055274	0.117817332914688	0.285122465125923	0.133376120295009	0.159553806164035	0.187106761021149	0.151151677547402	0.181892097093029
700024192	0.351722673781965	0.316033669978415	0.0815750003282066	0.44251510837333	0.310112750573948	0.112372367125109	0.292442718146827	0.206012058366489	0.275677716219802	0.209881890687729	0.178876990590744	0	0.213270775764723	0.221022554605625	0.183960879985184	0.176173885364291	0.193792604974669	0.151016944542252	0.25261808845638	0.314602934560922	0.242523912619985	0.125022515313576	0.353892236512149	0.300931209240339	0.303813077316049	0.369265848907692	0.279045729370376	0.383176160903524	0.307403588765221	0.254007338215318	0.16710408006125	0.167467705939985	0.192866958584841	0.179925211042777	0.365548517463245	0.258375343658837	0.26599204080698	0.175916920533315	0.312470600380186	0.270689825023815	0.243320146738613	0.155108165345653	0.244417564382702	0.264188550620839	0.220325704953128	0.241212416387319	0.240814252670825	0.157644407680199	0.208706821661621	0.0839283955161324	0.0975259650530214	0.353696888306206	0.38003700399383	0.229316484308025	0.417743689773785	0.168346951298254	0.234263349627058	0.316345313317512	0.10744085439186	0.279262708905599
700113058	0.309522693149265	0.187513513363254	0.17885949657216	0.41113919178014	0.23952959151705	0.14799292646341	0.297651058790516	0.0745492452001529	0.265770209472066	0.0862522878338397	0.207388796772946	0.213270775764723	0	0.144128713126925	0.150438100551708	0.226730517520355	0.106497814923929	0.206984215034528	0.260492282889996	0.26339823917639	0.276095763788132	0.249869014402034	0.307232417332553	0.286923743066636	0.346081831055144	0.305524509225096	0.149236989861229	0.273711901300536	0.188048091918266	0.123870280678398	0.150801107969028	0.258558610213449	0.181077986919038	0.113213200431269	0.30014536643412	0.209382627094844	0.210642360727112	0.146242387181059	0.266102818162574	0.133960607358005	0.201413700761382	0.107102711608976	0.222825573438277	0.261587264449305	0.127849462689828	0.165550833311977	0.182109088963979	0.122047951560413	0.165610675894481	0.193390004844368	0.260657339771117	0.299282221361752	0.333671490209985	0.245819980875326	0.38102998425694	0.102406420074207	0.227313948112429	0.310298994313632	0.181797034066685	0.271355155504441
700099448	0.228978291753554	0.16575984373178	0.169728439131742	0.358563378546672	0.176675097509065	0.128700141985571	0.223757169004577	0.145812388146406	0.187229026205939	0.100926908979073	0.139524359898655	0.221022554605625	0.144128713126925	0	0.202756991614887	0.159201644326983	0.108616067977696	0.169728777049727	0.159674047922544	0.207918170717383	0.193075693185414	0.205970397617652	0.222871012275353	0.17632676132297	0.265375696549824	0.230495153389178	0.119502412424773	0.281208150764495	0.179451620684297	0.154327653909439	0.100336650074436	0.219376710211118	0.128008899371214	0.107447432365893	0.231326330063903	0.150726198382874	0.145889455236328	0.140593877506767	0.196397373319662	0.211418827336034	0.128296975092331	0.166768213861038	0.122487879223755	0.202427862296271	0.131582372409657	0.130365730541591	0.108526843188629	0.150474792525913	0.0756905908687381	0.188853072268573	0.219236635961243	0.238270681416626	0.281566736754429	0.135598475355675	0.287681973023538	0.122501437044004	0.146581361201318	0.220204979105153	0.16927390345274	0.196543063776778
700109870	0.347360128779098	0.294165530849748	0.178843649433841	0.435248388639597	0.291027531383364	0.169640412624101	0.321195899476294	0.125103290152468	0.291522317095379	0.173495499576911	0.24879428464525	0.183960879985184	0.150438100551708	0.202756991614887	0	0.265883747785486	0.146324136457675	0.256426956445736	0.277728316089305	0.316588992271769	0.260500065743852	0.257198158123079	0.331404529154441	0.316730378427877	0.353727826891045	0.356277426165261	0.23751979213973	0.368428311912913	0.24758155038752	0.193116828982633	0.199070323562135	0.268335510097759	0.245575693889485	0.201397091262634	0.354958283159553	0.260954648668287	0.270255609422614	0.127525822102976	0.311408530102793	0.174161932804337	0.257878375247946	0.185419210451017	0.273692901972382	0.289704295288081	0.176802875785872	0.182462704149016	0.210604252582975	0.122451701512671	0.204543589966027	0.178907064192316	0.259773599695542	0.351428576739255	0.373150119933337	0.259605430823645	0.40684001720942	0.183757701080016	0.243967787321018	0.340816775590864	0.176343404031988	0.287556177724605
700033928	0.202454750806743	0.238688555100866	0.151038190342462	0.322362872778555	0.199722558732008	0.143986597895097	0.170625411941002	0.22325084070436	0.145877933073587	0.199983376034585	0.0775498052567546	0.176173885364291	0.226730517520355	0.159201644326983	0.265883747785486	0	0.196385164567667	0.141378910897321	0.14532822733781	0.19216217397202	0.156368463143951	0.110720039657124	0.249406792649205	0.147457933957119	0.200714843496443	0.24981255815086	0.227849155579956	0.309968743607451	0.259428508274298	0.239269551959591	0.158236454398715	0.137654509987397	0.0950800797187171	0.160101573967625	0.243296546863293	0.173546092895456	0.182256652327465	0.217623378804117	0.161632218613987	0.295892409837777	0.113239162984237	0.177528995075571	0.129727339751154	0.173795984873234	0.197105290910539	0.19082277968591	0.16279520433583	0.199173967031092	0.179657997119024	0.15481891455869	0.14370942566893	0.205625442740141	0.242243116131696	0.138695969086109	0.281040694413808	0.154296093326683	0.166706479348974	0.168174798508265	0.143106333319363	0.163179586677898
700023693	0.285048340333158	0.194705353918355	0.155426375055836	0.40195425038056	0.215784459979295	0.120633279492647	0.270142690423992	0.0822482530790293	0.230703843738159	0.0672934680535073	0.166360094822139	0.193792604974669	0.106497814923929	0.108616067977696	0.146324136457675	0.196385164567667	0	0.1765789638428	0.218093587364178	0.238676744455398	0.214988755874927	0.22097824716548	0.278507687629285	0.246118846550732	0.313362735827915	0.286730984396741	0.151915554118436	0.290758262332639	0.174358188095094	0.1355299597289	0.111935070571365	0.230123632939264	0.150152557978473	0.109157622372953	0.277904201742564	0.179620462488939	0.170174596162892	0.128882919770708	0.236180001708796	0.141903951952046	0.165018031122848	0.138307105608144	0.173347332297265	0.227873298900609	0.102019877624986	0.114791050406861	0.119459860381096	0.0902600037299089	0.121874242305935	0.178128322519948	0.238284747493529	0.278567702423143	0.316195457869653	0.196848446983704	0.354838282240022	0.0999387791407506	0.188611281998227	0.277906380956662	0.173029779208664	0.234434386917201
700109627	0.293997134518065	0.26332181137445	0.115017746424839	0.429369601645237	0.240150773057404	0.0976814361965427	0.290054285343609	0.20224258277136	0.246380986974508	0.176387868906121	0.140155722648521	0.151016944542252	0.206984215034528	0.169728777049727	0.256426956445736	0.141378910897321	0.1765789638428	0	0.231523128772405	0.273752980365972	0.263496751544578	0.153022256608157	0.320936632410482	0.236784543076653	0.299750040058609	0.31302034555647	0.210962640178945	0.337275258058087	0.304899597494333	0.221706252718328	0.11722559473168	0.193831689771268	0.157691464178723	0.145128601782021	0.315846281153681	0.236826429875125	0.16017107529407	0.150287719458255	0.265140367987992	0.280438066365372	0.205420204184769	0.161491777270124	0.167002849348893	0.245686796435667	0.225820858043316	0.231473952881851	0.207846794511498	0.190772650574239	0.136987167648166	0.159441657244513	0.15753912390747	0.312919111682306	0.351423285492821	0.201128153743947	0.348781786339669	0.162887770407691	0.254217358427694	0.285887750282246	0.154729620186009	0.280538824882546
700095416	0.15661428788031	0.232224864440489	0.230117435039683	0.310001887355328	0.168072090406863	0.230078091576828	0.138196378168589	0.251709766758526	0.109012373529313	0.222163292874426	0.146914270730798	0.25261808845638	0.260492282889996	0.159674047922544	0.277728316089305	0.14532822733781	0.218093587364178	0.231523128772405	0	0.180165914036685	0.123993398252842	0.183813161092654	0.200373820059045	0.100516373442553	0.175820975808898	0.200603359482704	0.215185726224205	0.324565499893534	0.26080730476852	0.271514811732692	0.184563881147875	0.180228311032226	0.15498317307933	0.212742049284517	0.216905563934134	0.157507651132905	0.176106372979216	0.224037310166864	0.126952539579386	0.324254475625836	0.10998725208772	0.267097356968337	0.11079073761963	0.159664092927903	0.223085831970858	0.202277168467917	0.142769636336315	0.2367326540634	0.169354453132115	0.234084457085494	0.228077791261765	0.175465407679118	0.225787619021736	0.0895107794061596	0.213171980999773	0.217057107752801	0.148189425384434	0.141926959182911	0.219043252250017	0.132062136538377
700110425	0.107094584346337	0.232265128778522	0.297947671247535	0.210680066207807	0.199449776717167	0.280640720903574	0.115125402667818	0.261369703935911	0.164371970366188	0.242466787219409	0.186663743987766	0.314602934560922	0.26339823917639	0.207918170717383	0.316588992271769	0.19216217397202	0.238676744455398	0.273752980365972	0.180165914036685	0	0.162230914264673	0.252593541121226	0.150546693924097	0.129996069880522	0.132001355169622	0.233475442595817	0.243328088989253	0.296831656458275	0.246817945503957	0.269780456177639	0.252170538154242	0.254904333681371	0.176707312578993	0.236103108276821	0.196192578281309	0.115115805127326	0.211262173168493	0.295728100946163	0.122575510618539	0.327093136961179	0.155784717672888	0.279059764395183	0.180007676387999	0.153833151402029	0.23166912969916	0.232041364257756	0.187884999181817	0.267187632469661	0.230555074271567	0.303459391349438	0.291468883787372	0.104464389497938	0.111187669205806	0.179321255381845	0.172646987154192	0.236365570550429	0.12148983895325	0.108496519853353	0.284261129546007	0.150521593857551
700111580	0.172044718972604	0.263826137631672	0.236313622432325	0.29092858485653	0.221215976821727	0.232805555351641	0.110272563077202	0.2692614227353	0.139234199126776	0.24437376818857	0.154529728871983	0.242523912619985	0.276095763788132	0.193075693185414	0.260500065743852	0.156368463143951	0.214988755874927	0.263496751544578	0.123993398252842	0.162230914264673	0	0.176423237803282	0.201443087191547	0.129879564260999	0.121029966704305	0.271819795856638	0.277920701213887	0.366513736171454	0.233712223142508	0.294057855504911	0.196183606690738	0.170062666522949	0.161105437058786	0.226814826226752	0.258313440777895	0.145930273663578	0.250790891457543	0.240707437716591	0.146921411995128	0.312748609813209	0.136779973662876	0.258483221617602	0.160567220595023	0.160659470223836	0.210278220176805	0.197304987482686	0.170776039996029	0.215197930623418	0.198874419654588	0.213446245683171	0.223867843889885	0.167918375959505	0.213609001752414	0.111106972856098	0.245770643407509	0.214639246424531	0.0955138568179498	0.124124822387106	0.193313708868133	0.109887773120116
700111302	0.268930252981886	0.272719118258659	0.112038163681914	0.390902462426047	0.262067235503968	0.14815455158693	0.219601783089083	0.236193314875909	0.188738876901347	0.231480980736677	0.1135204874053	0.125022515313576	0.249869014402034	0.205970397617652	0.257198158123079	0.110720039657124	0.22097824716548	0.153022256608157	0.183813161092654	0.252593541121226	0.176423237803282	0	0.306741167009531	0.218011710113972	0.201873462243615	0.316251763336643	0.272309888571509	0.355992244671693	0.312125329901916	0.267992823197718	0.178741178138648	0.0734224575487168	0.143397856111332	0.186479279196839	0.308798126484865	0.213148348363647	0.238292268417996	0.220250694933253	0.227923155596154	0.312497160941887	0.19996736844352	0.190522520968932	0.186233484177172	0.195103819966211	0.238632791438101	0.248468411153476	0.210447922138503	0.20850650474992	0.210507786046591	0.0892695960242727	0.0925772518541649	0.271071647837296	0.309266318869067	0.145605842643984	0.341608095988715	0.174039448010545	0.198767020154561	0.228545589418601	0.107010309118189	0.210256855023524
700098605	0.127663945353665	0.22166661648686	0.325556626754963	0.19526144518507	0.199077210541495	0.301306158880265	0.171385844459348	0.307216545721231	0.195163678779861	0.279292526161881	0.247607275352894	0.353892236512149	0.307232417332553	0.222871012275353	0.331404529154441	0.249406792649205	0.278507687629285	0.320936632410482	0.200373820059045	0.150546693924097	0.201443087191547	0.306741167009531	0	0.173835659642523	0.202096444102616	0.213627181410142	0.240318330003622	0.31984820118289	0.259960774516911	0.322166478978891	0.267983219852938	0.295634591204596	0.244369479716312	0.283056842505839	0.194537057064568	0.174648517649598	0.25749359977475	0.305431095349426	0.170993858123965	0.326553847972335	0.195865284228832	0.336767512390721	0.223584702481095	0.212906154407345	0.290625932618125	0.225458164978589	0.206336429607523	0.312573548573469	0.245575621891921	0.334262256139336	0.343254779789617	0.167095610326752	0.133434806937753	0.203283318687677	0.127583644897521	0.290203681017668	0.194986790257848	0.174201932990217	0.313074356424263	0.169281128920865
700111991	0.090157041864789	0.240496689723819	0.267399249536657	0.256995438859562	0.180400688351701	0.258278225760463	0.112969788971489	0.279099902427237	0.10004451664588	0.247197760927903	0.160843352697252	0.300931209240339	0.286923743066636	0.17632676132297	0.316730378427877	0.147457933957119	0.246118846550732	0.236784543076653	0.100516373442553	0.129996069880522	0.129879564260999	0.218011710113972	0.173835659642523	0	0.150425984123638	0.189467828169201	0.23329316330686	0.316747351060647	0.268254413957138	0.287462397128018	0.21625897419947	0.222322373842866	0.180116584817902	0.236045044662739	0.185181309563086	0.133195427346612	0.185919529641344	0.260520729838215	0.0860720796047718	0.353559225866656	0.129560336304099	0.293090609975315	0.136901680699668	0.157494686755083	0.250955504761408	0.2237529972903	0.167663292105438	0.269159799637656	0.194563991850328	0.27515107694208	0.253206615411535	0.123263400942163	0.173465298324045	0.123945164184496	0.153545345987279	0.247137834824031	0.132791520777543	0.0973864326439031	0.257311552472336	0.127770018779853
700108960	0.150956893972774	0.319096397625792	0.286881032998162	0.253381376752269	0.275732229583584	0.297729192317457	0.0998322520702653	0.33706923116835	0.141213024068666	0.321273039878692	0.19691606800176	0.303813077316049	0.346081831055144	0.265375696549824	0.353727826891045	0.200714843496443	0.313362735827915	0.299750040058609	0.175820975808898	0.132001355169622	0.121029966704305	0.201873462243615	0.202096444102616	0.150425984123638	0	0.310415828281701	0.332783030487696	0.390313626209233	0.330089347113684	0.34980927199455	0.269291038268384	0.176216897843476	0.219119966135741	0.284376460807202	0.28224685472138	0.17102921695444	0.286608328065711	0.317765758344276	0.164548288831634	0.405847435576428	0.203218336831293	0.322218825069193	0.209278275183725	0.145155161687985	0.310160762020319	0.302303273145762	0.264352255049284	0.310086167466926	0.27522016730051	0.263441988824625	0.253117825088599	0.156771259691018	0.149696905627421	0.15684682872466	0.190435790165058	0.284164670448569	0.150337278003422	0.094854539422423	0.255128276222163	0.125903786090237
700024452	0.193687563919311	0.186689120566513	0.336470011422893	0.287891567140959	0.148056749893609	0.319693987522121	0.254740074919209	0.309093399539494	0.220456770546311	0.272354436586464	0.260540289106983	0.369265848907692	0.305524509225096	0.230495153389178	0.356277426165261	0.24981255815086	0.286730984396741	0.31302034555647	0.200603359482704	0.233475442595817	0.271819795856638	0.316251763336643	0.213627181410142	0.189467828169201	0.310415828281701	0	0.200018558839364	0.246281933219678	0.209236875015819	0.271265479325808	0.282648604486517	0.318123357038627	0.235698646221124	0.270657564533483	0.084118421760063	0.215322437492449	0.236375265926249	0.314103550935034	0.1847882543405	0.309323900335651	0.207334867546773	0.316129072942552	0.217647081252213	0.267197959403023	0.259805956133439	0.223477450029476	0.191720880731356	0.326404554457799	0.24672544864044	0.34965467209963	0.34584005091241	0.191120957453231	0.220337741090982	0.216245505864725	0.198191315154614	0.285698768086031	0.246767053869316	0.241099306653791	0.322741184196998	0.252758898655713
700032931	0.251970630474236	0.127634564857105	0.218661316113801	0.370087098672097	0.16819961303131	0.192415786231303	0.290146200398851	0.162510067154825	0.229449530248624	0.11568322354441	0.199188273304916	0.279045729370376	0.149236989861229	0.119502412424773	0.23751979213973	0.227849155579956	0.151915554118436	0.210962640178945	0.215185726224205	0.243328088989253	0.277920701213887	0.272309888571509	0.240318330003622	0.23329316330686	0.332783030487696	0.200018558839364	0	0.221595918308585	0.163530869807923	0.155798094915724	0.172701822882336	0.288282143288065	0.168456596567477	0.125697850794707	0.206503792453969	0.191677262075745	0.150443705507144	0.188367714920444	0.227766792513188	0.173652055862935	0.181437006553059	0.180788757698103	0.168475326678162	0.251162504877957	0.154083667920662	0.155178862465195	0.133580299188898	0.195821859201868	0.14975679574957	0.246139052922671	0.287612369479588	0.26285248762696	0.280835962787835	0.199113988794349	0.290550085683954	0.145042086865809	0.23247995184682	0.283595768607417	0.226594429188213	0.269890800761659
700095837	0.319453998691504	0.191744239518092	0.356520253914868	0.411158609408833	0.266781406059014	0.339657853380579	0.358253117633034	0.304706092300633	0.313609925602395	0.266112457289057	0.290831586377332	0.383176160903524	0.273711901300536	0.281208150764495	0.368428311912913	0.309968743607451	0.290758262332639	0.337275258058087	0.324565499893534	0.296831656458275	0.366513736171454	0.355992244671693	0.31984820118289	0.316747351060647	0.390313626209233	0.246281933219678	0.221595918308585	0	0.207804581543458	0.213710028929941	0.31593227288296	0.373203429895136	0.266118019164477	0.267467236227381	0.227204867883081	0.282868131850619	0.270216329481409	0.353856991217123	0.289586104243007	0.296393488759588	0.28163943918631	0.281652581821169	0.291527387097159	0.319720125853305	0.25165017906353	0.278496761174864	0.261203649263238	0.325940658925692	0.298210440964457	0.376944714023042	0.378340872608998	0.311960852085901	0.334918597783216	0.32423290536326	0.362855483529637	0.272933771381464	0.338117891326103	0.341801630801487	0.35746704662517	0.350221927050836
700024548	0.274278292421272	0.151885242200224	0.279299532175527	0.353896259217724	0.202962941663535	0.248269766157097	0.284388080120324	0.211905450912536	0.28304281087179	0.174258797924668	0.243248120888712	0.307403588765221	0.188048091918266	0.179451620684297	0.24758155038752	0.259428508274298	0.174358188095094	0.304899597494333	0.26080730476852	0.246817945503957	0.233712223142508	0.312125329901916	0.259960774516911	0.268254413957138	0.330089347113684	0.209236875015819	0.163530869807923	0.207804581543458	0	0.166250290962388	0.242732459704266	0.323131797011745	0.204598641981139	0.187202269542347	0.197442762235852	0.196210879229158	0.260785038393964	0.252228729936985	0.242052628871494	0.175380491329261	0.197043925886503	0.190062635023048	0.233422120662427	0.289160796001207	0.119774350379719	0.136898724159228	0.17971027072628	0.199481797956016	0.213018330670588	0.295526117113109	0.325654345747172	0.260324774494239	0.27914713751493	0.244973927749976	0.318313268644874	0.198497778982065	0.211664215189124	0.289411475864989	0.270357881355407	0.265000870398451
700110161	0.321563587521683	0.196696686587597	0.198007801193928	0.422355754484575	0.233516828973601	0.175323749978047	0.311430294724057	0.127840612501457	0.269401813970842	0.104310148158736	0.2183846875931	0.254007338215318	0.123870280678398	0.154327653909439	0.193116828982633	0.239269551959591	0.1355299597289	0.221706252718328	0.271514811732692	0.269780456177639	0.294057855504911	0.267992823197718	0.322166478978891	0.287462397128018	0.34980927199455	0.271265479325808	0.155798094915724	0.213710028929941	0.166250290962388	0	0.181989462768244	0.280991069952387	0.190605852688644	0.122182250691445	0.266138271691342	0.2195977835606	0.200220807935169	0.161040704357686	0.272648886030476	0.175467741197542	0.216227474620369	0.126429020675666	0.221468483525903	0.269468130420986	0.132580759159058	0.204425084636732	0.196023729470584	0.1745793817667	0.181879533170734	0.232484304966857	0.283244402570781	0.295877780994824	0.348900858470401	0.23989571315882	0.38794307236836	0.141772575063899	0.243316035649249	0.309912442085539	0.216842920291639	0.289006710458921
700023496	0.272896281898208	0.197934392590252	0.133356850565586	0.400690539682051	0.202403645774246	0.0900688172278747	0.245934085455122	0.153788884871252	0.207234776882687	0.11489316532564	0.121210012839065	0.16710408006125	0.150801107969028	0.100336650074436	0.199070323562135	0.158236454398715	0.111935070571365	0.11722559473168	0.184563881147875	0.252170538154242	0.196183606690738	0.178741178138648	0.267983219852938	0.21625897419947	0.269291038268384	0.282648604486517	0.172701822882336	0.31593227288296	0.242732459704266	0.181989462768244	0	0.192717473838806	0.131576276928828	0.104510399804958	0.276792145903976	0.189549289958141	0.147085371872049	0.113138202481549	0.236770478231142	0.223838417972102	0.153525337123523	0.147140367380586	0.127789754686982	0.207955993749641	0.16389963778502	0.160918554446684	0.141250341267182	0.132823770344372	0.0799294490251241	0.158235728887538	0.194700701000482	0.285541425932571	0.322997674651582	0.146629946674107	0.335248910539317	0.111934057261288	0.17988725690669	0.254222574569369	0.155802573239701	0.220758479768795
700034628	0.266017120175803	0.286573333985887	0.148569964442864	0.389409676124291	0.270756809727406	0.167897064326267	0.191151189188165	0.244871860375903	0.167297290078443	0.241083227149126	0.139895347711635	0.167467705939985	0.258558610213449	0.219376710211118	0.268335510097759	0.137654509987397	0.230123632939264	0.193831689771268	0.180228311032226	0.254904333681371	0.170062666522949	0.0734224575487168	0.295634591204596	0.222322373842866	0.176216897843476	0.318123357038627	0.288282143288065	0.373203429895136	0.323131797011745	0.280991069952387	0.192717473838806	0	0.166148118445643	0.202221812178831	0.309452170957601	0.185986602722249	0.262741439905683	0.235621600449724	0.231891881304308	0.316413444583156	0.212521557203215	0.205416075461533	0.196940740044011	0.160550595032558	0.252763450247388	0.260544023186202	0.224052899322965	0.22143465993392	0.22442972608233	0.126459090860613	0.151642017325348	0.261850263044329	0.297056983452033	0.151130280963563	0.332555027646884	0.183163350730476	0.192673540908849	0.200786217932387	0.132446176920002	0.16334655522623
700023645	0.222373125980037	0.166442880769482	0.16812063111038	0.348871896456498	0.17608037192754	0.151294766893449	0.189318043560944	0.173764182841888	0.163670140559588	0.141783783924763	0.0675912871543938	0.192866958584841	0.181077986919038	0.128008899371214	0.245575693889485	0.0950800797187171	0.150152557978473	0.157691464178723	0.15498317307933	0.176707312578993	0.161105437058786	0.143397856111332	0.244369479716312	0.180116584817902	0.219119966135741	0.235698646221124	0.168456596567477	0.266118019164477	0.204598641981139	0.190605852688644	0.131576276928828	0.166148118445643	0	0.107381589647733	0.225511675017244	0.127618970122061	0.157371941702167	0.188124525854853	0.171106687381121	0.242281795653241	0.108565750053357	0.144991174834707	0.103911083403207	0.163984501106641	0.139679430820894	0.164585441903371	0.123318402034894	0.156212405108118	0.146388730181017	0.179358264124329	0.183500872543071	0.212604889274011	0.259910262204445	0.132570223379193	0.299743238271631	0.0970588702925439	0.161920603124016	0.191670223653483	0.164753330293928	0.182281139634851
700038744	0.280111952521459	0.181946038779888	0.127320853968525	0.394197678262072	0.206819198928778	0.0984272236800628	0.250428093994029	0.12840647779458	0.216442877671237	0.0781640518078174	0.132295924742736	0.179925211042777	0.113213200431269	0.107447432365893	0.201397091262634	0.160101573967625	0.109157622372953	0.145128601782021	0.212742049284517	0.236103108276821	0.226814826226752	0.186479279196839	0.283056842505839	0.236045044662739	0.284376460807202	0.270657564533483	0.125697850794707	0.267467236227381	0.187202269542347	0.122182250691445	0.104510399804958	0.202221812178831	0.107381589647733	0	0.263811032734165	0.172663249459019	0.160254730261132	0.132814325613426	0.234160134809345	0.176573840645323	0.159074817870467	0.0931592738228023	0.148682930474031	0.224807546877146	0.114075887092031	0.163316797749946	0.154787044436256	0.115453668896887	0.122501656180142	0.15708536819057	0.203216997500858	0.271436280382304	0.315813735983963	0.169683099105412	0.348780445340839	0.0650289040414304	0.197448265306365	0.258887457912194	0.146288913065018	0.239539566895189
700038485	0.178537255098276	0.175100297863518	0.328788677957805	0.273275751918056	0.157539872645384	0.312394974987608	0.233554320444602	0.301845748158581	0.203467115630369	0.264105593446957	0.242477937618207	0.365548517463245	0.30014536643412	0.231326330063903	0.354958283159553	0.243296546863293	0.277904201742564	0.315846281153681	0.216905563934134	0.196192578281309	0.258313440777895	0.308798126484865	0.194537057064568	0.185181309563086	0.28224685472138	0.084118421760063	0.206503792453969	0.227204867883081	0.197442762235852	0.266138271691342	0.276792145903976	0.309452170957601	0.225511675017244	0.263811032734165	0	0.184776796288535	0.237349238942432	0.326081081640314	0.152555548102597	0.305936129508502	0.19998159012454	0.311548613423502	0.21683250104283	0.238943432838944	0.256122331034547	0.215346436926599	0.197831393354303	0.320504109480752	0.260769277133399	0.354933250226824	0.338664694528178	0.163959138806945	0.193408866926908	0.206466140949202	0.204369002304185	0.278277460415032	0.23697974366979	0.214281861303842	0.333017610961018	0.231225319174659
700024743	0.147530192071689	0.189395044740914	0.232128444244824	0.286079571465462	0.184240523374638	0.213932840866021	0.125865463194987	0.202567706010546	0.134923507616159	0.175572647805194	0.144375635008799	0.258375343658837	0.209382627094844	0.150726198382874	0.260954648668287	0.173546092895456	0.179620462488939	0.236826429875125	0.157507651132905	0.115115805127326	0.145930273663578	0.213148348363647	0.174648517649598	0.133195427346612	0.17102921695444	0.215322437492449	0.191677262075745	0.282868131850619	0.196210879229158	0.2195977835606	0.189549289958141	0.185986602722249	0.127618970122061	0.172663249459019	0.184776796288535	0	0.196956853929409	0.231551246262491	0.117135705119766	0.272496956917086	0.128858651711255	0.22181940484228	0.152072875190824	0.111363479498845	0.176703886046331	0.173787493659047	0.15153840796786	0.197061198281469	0.170361323280959	0.244863173986077	0.256145049621787	0.144250614146802	0.179736176317391	0.133048920284493	0.215215205536762	0.17505521459908	0.123711882705434	0.122279882809869	0.225555354972285	0.114473822180528
