700108602	700014971	700033565	700109389	700023058	700023927	700106341	700114221	700023543	700023439	700016978	700024192	700113058	700099448	700109870	700033928	700023693	700109627	700095416	700110425	700111580	700111302	700098605	700111991	700108960	700024452	700032931	700095837	700024548	700110161	700023496	700034628	700023645	700038744	700038485	700024743	700099596	700110760	700101587	700106399	700032322	700095653	700021312	700101230	700023590	700038905	700033136	700023382	700096424	700105469	700016908	700096053	700108479	700109569	700033814	700016125	700109756	700102665	700101777	700109455
700108602	0	0.15684139954041	0.154429101318038	0.101177048873013	0.133096659578103	0.168541262525164	0.0816263303082059	0.171603953567079	0.0906151181680045	0.162541136384874	0.120330858857642	0.153742976512758	0.158781251899484	0.160755822195301	0.160277898247272	0.105485921535216	0.178941002748004	0.155234366778563	0.0950140084423871	0.095353389189205	0.0889613895199835	0.105787320008367	0.103023163060866	0.0780886531053842	0.0897540170171425	0.124403744166745	0.152095911679395	0.134894569366178	0.14689021147058	0.158581926946714	0.158339709453965	0.114763675073008	0.122056441083142	0.155492162664997	0.121059314365567	0.117935087702351	0.126037867222937	0.164645817211443	0.0941112524820638	0.176506811535155	0.105379690897965	0.157600082487947	0.138027788973108	0.104369849664488	0.144601337019918	0.127162988315601	0.116084973897553	0.148585145651505	0.148331442612852	0.133426238285651	0.10619823108698	0.0892141928570133	0.0922148034898946	0.105871627186193	0.101493989668145	0.160289175972265	0.100598953869888	0.0761990391239842	0.132120853924407	0.0973352736269674
700014971	0.15684139954041	0	0.145007747855134	0.164331639613927	0.128740250585153	0.155800049035141	0.159790313536725	0.161035130958957	0.154613593188395	0.12898409346545	0.136289546524491	0.162133325698396	0.148747616244085	0.137399493948084	0.150466409892284	0.15400460053321	0.134234163462666	0.161384673562295	0.161599082496507	0.149190117421164	0.145407397652971	0.13108996332573	0.134150023826243	0.155900329068669	0.161191452191705	0.149635810178044	0.131335348638707	0.146917060403519	0.123177581969931	0.13950018450125	0.130373981138369	0.142034987428726	0.126028373936128	0.127877401376608	0.139069450211261	0.127540663707221	0.162750249463112	0.160077015325807	0.144503756604805	0.14708865834084	0.146852646387098	0.142138645779304	0.128618557046762	0.142521133442093	0.122371086190858	0.128316398958438	0.106331995718695	0.14288022315778	0.131145957473422	0.14719872669728	0.142715619848015	0.166238060756008	0.156344693128556	0.128538604028501	0.171221404017797	0.142930645288817	0.144951466684271	0.156106803560605	0.139452547099373	0.1539551549045
700033565	0.154429101318038	0.145007747855134	0	0.146234890545679	0.156367227149437	0.074048924787546	0.147768935932897	0.104955736937277	0.147775437778948	0.10258794444865	0.100751968958453	0.0718714098765969	0.10956112063969	0.124464549289931	0.0842049845560548	0.118175118178995	0.109377836658685	0.0945136812461607	0.146008727990949	0.1442985624967	0.139069229771674	0.0915115740170988	0.133800831258012	0.140334587751414	0.136736693097762	0.161210530611925	0.122027477916871	0.148646694715565	0.119531301776556	0.0997640750581777	0.103248860464841	0.1063450110237	0.114837428512408	0.0893293403531045	0.148221267810245	0.110981966274497	0.141341669810365	0.0808021653925602	0.16060605858353	0.121530779064112	0.146245259416377	0.0903276828013117	0.130554480490422	0.126282942684691	0.115655673429228	0.121328203947592	0.127888169216983	0.094277736070151	0.106359732643793	0.0830948748682268	0.0849980916057238	0.167286189484148	0.148411658314156	0.116140865089649	0.183606092192064	0.106494774884427	0.124028260614343	0.150508701076632	0.0852735023981423	0.135154167090585
700109389	0.101177048873013	0.164331639613927	0.146234890545679	0	0.143656857102507	0.170181200614438	0.0841238310326471	0.180136370239615	0.132078099172567	0.171664386713254	0.139415972939605	0.142691859076906	0.168210648687058	0.15755874987958	0.146034466217214	0.133015443277902	0.186927292857918	0.183393664791375	0.135318326274683	0.0998497001802684	0.103382331781254	0.124843706555299	0.102698298889261	0.105321395175444	0.10145892705738	0.13056102978793	0.181858988893893	0.159984573781287	0.13784776359213	0.155081573682836	0.17722430641498	0.138367703698167	0.142284522474622	0.162015963972899	0.120608637623964	0.114118996137952	0.171461726551118	0.1615959351028	0.137988567854894	0.170036576427431	0.132102115793684	0.160192601999286	0.155384763164406	0.128134038313703	0.152351511309071	0.132339682905777	0.143794913260413	0.157996569413259	0.158272576675964	0.137871227005806	0.117288435039567	0.114920571241427	0.0678092739343911	0.130683474385449	0.115111940295556	0.165477725973614	0.108499084546416	0.0883926799702172	0.123877855472525	0.098342831144396
700023058	0.133096659578103	0.128740250585153	0.156367227149437	0.143656857102507	0	0.159809666683502	0.12977884190745	0.171663797779497	0.117524746825428	0.147854609460194	0.136740904624461	0.161592440791266	0.157512550815531	0.131104285240008	0.155116658097054	0.129541947206399	0.165066641661899	0.166133874005804	0.12450308398388	0.131315239923402	0.132372668496735	0.139941189134959	0.11665520273411	0.133255931883789	0.146150416419789	0.116248472762477	0.149373572993713	0.14029514693982	0.124264248345327	0.135364248248287	0.153046961358925	0.147576740463909	0.126245143698212	0.144912262219548	0.10468447112713	0.142270037179055	0.134409508500396	0.152023641561761	0.125541511596596	0.164150584599549	0.136299463679482	0.152688802821978	0.126343890272591	0.141462433080109	0.131549962295963	0.128094677252585	0.112359484447303	0.147201886978294	0.134282600565295	0.152719258761433	0.129554118431368	0.120933921796558	0.12740602029111	0.131903832818573	0.130755537162728	0.156780735556799	0.136928849025904	0.13099236953663	0.14382383969405	0.127550060273549
700023927	0.168541262525164	0.155800049035141	0.074048924787546	0.170181200614438	0.159809666683502	0	0.164859241288688	0.106328970068623	0.16371050924433	0.0911116059092095	0.112733415341231	0.0867358605051658	0.111035860840044	0.102140372168681	0.0889187633294074	0.135873221628089	0.100767595669672	0.0764173184139503	0.159024492479533	0.158072333808759	0.145985945042848	0.11360050525473	0.143989892283827	0.152948675460392	0.147141518674384	0.176012409001815	0.128519638157762	0.16802746975176	0.125005445746415	0.100151265933424	0.0792385358949875	0.128443557512337	0.132533069324707	0.0924003068718975	0.163733382967899	0.13219737664024	0.133017652167745	0.0608422849426343	0.177298623598355	0.119275376232702	0.150735624903486	0.097637098354907	0.131516422274719	0.138810154647768	0.120604303201216	0.122640866521396	0.139712216175281	0.104265505189849	0.0878195094910247	0.0965443711300571	0.102937054962588	0.181407542488302	0.160841715658194	0.121125158695935	0.191917783691632	0.110030806605591	0.128535513873297	0.160545770938405	0.0994781646647014	0.149513795104415
700106341	0.0816263303082059	0.159790313536725	0.147768935932897	0.0841238310326471	0.12977884190745	0.164859241288688	0	0.175160640500406	0.0799944914834808	0.16791097273273	0.121859333672103	0.138003280725959	0.157511184847989	0.150829677105686	0.150003398165207	0.11792617002045	0.181371194761041	0.173181550106234	0.110450353110872	0.080799897765633	0.0870331006879956	0.0990075290360578	0.100641805545513	0.0963213559199749	0.0729045299760051	0.124470457637178	0.178986783739567	0.15506740869022	0.144525603003118	0.148234491771718	0.163417489862559	0.0917915869488442	0.124950266617289	0.151968844258785	0.116259447795318	0.0864577683641013	0.153453121281441	0.160889714476543	0.103333558641453	0.178258131457864	0.131523147022706	0.149966886296088	0.133871603846486	0.0919122903925596	0.141208064052201	0.129737669852576	0.132302726173825	0.139954106638055	0.154108091566149	0.122303895659631	0.107015242965438	0.0833841571261471	0.0691733010585324	0.112246883767566	0.117750190593564	0.155786074054543	0.10018279619789	0.0656016062939756	0.119261798707652	0.0709676005432931
700114221	0.171603953567079	0.161035130958957	0.104955736937277	0.180136370239615	0.171663797779497	0.106328970068623	0.175160640500406	0	0.167661484095713	0.085755931257018	0.119190754291786	0.100630577598928	0.0811846882800404	0.150138091122917	0.0955930822629446	0.143905767426208	0.0870792618632487	0.129316132011265	0.166840607279127	0.159861138001368	0.154768088159019	0.125184234427987	0.163316697478681	0.169526073156311	0.165881135633299	0.188749826328942	0.137159294887462	0.149979758239301	0.115343132216727	0.119775243031671	0.11144132038988	0.140184680378715	0.114917902885641	0.113549048604949	0.182853764924889	0.131548508032452	0.152204319083296	0.0911083547139408	0.183138769773737	0.089781187060284	0.150480949725896	0.0920706898691702	0.155387907575832	0.143606184470019	0.106725007652218	0.127177085080467	0.141610277404849	0.0830908903907365	0.131750215456274	0.10837566935549	0.128366835651872	0.187567063821725	0.172074984588802	0.136606856391164	0.208724940936274	0.0965954561563813	0.135018935880668	0.17850044131627	0.116395562604187	0.16202529716235
700023543	0.0906151181680045	0.154613593188395	0.147775437778948	0.132078099172567	0.117524746825428	0.16371050924433	0.0799944914834808	0.167661484095713	0	0.156602656343936	0.120910278085992	0.145747398082152	0.151754477224499	0.146992441381911	0.151507339037705	0.100917811177463	0.173775487437329	0.158245992220956	0.0928114182946533	0.10765450012716	0.100596301826763	0.107535589029657	0.107904977246105	0.104748601765078	0.108880451537597	0.104052204197851	0.155432005331977	0.137120253503611	0.159225989612017	0.145189279733386	0.156109506635364	0.0918199797774809	0.118302858885394	0.146403206714149	0.113284000544873	0.11877048056518	0.138012561584051	0.162113964319524	0.0937300133725004	0.177162828813896	0.125053989860167	0.15238795851234	0.137155597182476	0.0908573392860064	0.147307388240418	0.127106678412126	0.121587038626453	0.140617562983643	0.152728388600082	0.124621935431756	0.114551266728861	0.068033779848887	0.110011480046151	0.125329998137925	0.131813774971876	0.144938580488182	0.124168530812953	0.088872514149084	0.130400501791725	0.0846852221191276
700023439	0.162541136384874	0.12898409346545	0.10258794444865	0.171664386713254	0.147854609460194	0.0911116059092095	0.16791097273273	0.085755931257018	0.156602656343936	0	0.111489083358008	0.109653947051712	0.0920989542568461	0.124651860554876	0.100253543570212	0.13635829396598	0.0792664479598883	0.113562710561546	0.154581788183495	0.15410512717443	0.141855407185916	0.120791361590568	0.150373969193461	0.149218978223308	0.154065285794437	0.166199549745057	0.127447607841275	0.141053160767196	0.104453856034616	0.111148783573138	0.0849289004154569	0.138026893078172	0.103501209070662	0.0948562755136749	0.154055480364698	0.125164557088842	0.140737130334347	0.0881495497009794	0.170013987600676	0.0886938943446801	0.132019065804859	0.0935370295023371	0.138711337575906	0.142922456236852	0.102695275716361	0.104306942360994	0.121614792278299	0.0958343429233331	0.109207980242748	0.119584697177805	0.115214743539776	0.174086912772107	0.159577940358439	0.114995466541714	0.186765392237145	0.0984814405120304	0.127246806749217	0.163017517031748	0.106146785110722	0.154439671417365
700016978	0.120330858857642	0.136289546524491	0.100751968958453	0.139415972939605	0.136740904624461	0.112733415341231	0.121859333672103	0.119190754291786	0.120910278085992	0.111489083358008	0	0.0957071530871646	0.109556704354588	0.125010534118409	0.11993097911305	0.0954952239198188	0.125077000582619	0.110009351941614	0.116611968998072	0.106082829952819	0.103389922544164	0.0716293666570502	0.120656369484992	0.109265478377426	0.103769058232908	0.142576646830009	0.131124503990652	0.117939823509915	0.121270674375283	0.112041429708255	0.105169382712541	0.0954400161355061	0.0857354988446182	0.0916783060196881	0.139416072924868	0.0983268450889332	0.127388790941831	0.118470328375917	0.125523009101615	0.131299913822586	0.111821885595524	0.0961315039383166	0.108460984474003	0.0962600055738879	0.102476752853806	0.109818175247581	0.108563470222278	0.101246456225576	0.103113336487119	0.0974337978850814	0.0883439899492423	0.138283370337645	0.118703717544733	0.0906010305515455	0.148407917129366	0.10687173132073	0.0956278710217591	0.117941603097624	0.0910301019473041	0.120730393129725
700024192	0.153742976512758	0.162133325698396	0.0718714098765969	0.142691859076906	0.161592440791266	0.0867358605051658	0.138003280725959	0.100630577598928	0.145747398082152	0.109653947051712	0.0957071530871646	0	0.0936208451809197	0.141499073253542	0.0835350088016465	0.114975718411979	0.119497571566569	0.116907593114097	0.142524722013586	0.136383689231896	0.130399097610395	0.0814072609245817	0.135028447999025	0.144644970120252	0.127070012394998	0.167023879358986	0.138968371507192	0.144375123598531	0.120836775534286	0.111444109359376	0.105691187273779	0.101562129302844	0.102307608490702	0.0902956340671596	0.15810937520028	0.109126040049703	0.151919369371666	0.0846306799858717	0.169445395993788	0.10452246123289	0.142295886798668	0.0686447437953374	0.145934272281558	0.118265888847467	0.0993452953030003	0.118776953534756	0.139226493693797	0.0772761285271599	0.123624910617937	0.0635860125442316	0.0824878707556815	0.168175145794087	0.145220896307884	0.12655941072557	0.191563234700504	0.0864135657794524	0.113484853188043	0.145985605795564	0.0829605256644559	0.132017513541941
700113058	0.158781251899484	0.148747616244085	0.10956112063969	0.168210648687058	0.157512550815531	0.111035860840044	0.157511184847989	0.0811846882800404	0.151754477224499	0.0920989542568461	0.109556704354588	0.0936208451809197	0	0.138098431276397	0.0910402307980603	0.131860663675342	0.112788571363395	0.122120845309059	0.151479119112025	0.143289443833742	0.142274893832854	0.106031006262924	0.146599215515328	0.159002784550252	0.150800294753145	0.168724521839344	0.134246787624304	0.128819216035866	0.107853684749175	0.108135351485287	0.108913049931658	0.121943245275468	0.109997829154253	0.0986665114614933	0.170172587976276	0.13004818955754	0.144560056729945	0.10850451155011	0.166209002856435	0.0943286553035629	0.142743135199504	0.0813678633445284	0.151508581661551	0.130214173719808	0.0978989158174277	0.107383941406994	0.140240630233146	0.0793659849909634	0.120324520197498	0.104265441337079	0.113009806283921	0.168818789102523	0.158461835706138	0.136463751313631	0.194860664711697	0.0747948511550062	0.121956472563397	0.164680406847201	0.103466009883788	0.143274082586723
700099448	0.160755822195301	0.137399493948084	0.124464549289931	0.15755874987958	0.131104285240008	0.102140372168681	0.150829677105686	0.150138091122917	0.146992441381911	0.124651860554876	0.125010534118409	0.141499073253542	0.138098431276397	0	0.123237661729827	0.142661780206629	0.131820202910533	0.115726793784572	0.144144118612862	0.145643701008243	0.139536713957142	0.132062956831283	0.120310223651103	0.138203454528278	0.154771732433479	0.131292949162726	0.134537370293166	0.14642798649106	0.122109570247594	0.0960693322971184	0.105275250037118	0.148021743761215	0.130028900704322	0.113184443018227	0.127937306336873	0.132026293581167	0.134400840799652	0.111654378234868	0.152302799499508	0.150343013710339	0.147081513128452	0.134207202902028	0.126221612037872	0.153324154339247	0.12809917937488	0.125505521406449	0.123953211480551	0.137177202347503	0.0835675559430133	0.137911715846793	0.124743797236949	0.139762763261976	0.150610897555538	0.12790764967075	0.157630339320073	0.136488674791395	0.128383845392618	0.147672402421971	0.110203477177799	0.14420731174519
700109870	0.160277898247272	0.150466409892284	0.0842049845560548	0.146034466217214	0.155116658097054	0.0889187633294074	0.150003398165207	0.0955930822629446	0.151507339037705	0.100253543570212	0.11993097911305	0.0835350088016465	0.0910402307980603	0.123237661729827	0	0.135825492683769	0.101912020183206	0.128090933661297	0.153018586172769	0.139922906733829	0.129751600785719	0.110417960458373	0.127018788613762	0.153391110690325	0.141599787857896	0.163787582045407	0.135079327320108	0.146151377314164	0.100794691293637	0.0860593963918218	0.115734855770203	0.121707300634594	0.125344311057718	0.108340846611883	0.159653820644426	0.121579021369533	0.158046970588917	0.0720251057516354	0.171955416315733	0.100628941324282	0.157144400305732	0.0813302891465263	0.15814430492772	0.125368338680822	0.102945182057541	0.113052017875743	0.138718698422547	0.082507058540118	0.115296774827092	0.0930621831260875	0.10387300397749	0.167265659451223	0.141771785929977	0.13086622456276	0.185983140646447	0.0920955185271991	0.111036048781842	0.155545020511418	0.082970558611757	0.132189799995047
700033928	0.105485921535216	0.15400460053321	0.118175118178995	0.133015443277902	0.129541947206399	0.135873221628089	0.11792617002045	0.143905767426208	0.100917811177463	0.13635829396598	0.0954952239198188	0.114975718411979	0.131860663675342	0.142661780206629	0.135825492683769	0	0.15312283129721	0.124688443437345	0.0977024454547008	0.122106122585104	0.111317786102102	0.092739684094162	0.12652611866902	0.0873239736170568	0.114919923272739	0.13165680252223	0.140620063568998	0.117151777569545	0.139874153044174	0.137831165656375	0.132573872217006	0.106567614671994	0.0973339794329104	0.12319639153556	0.119585296009597	0.120375856263547	0.124315349947291	0.138039999635731	0.123823346300366	0.153205258474442	0.109775895232285	0.119000995693232	0.129536271326557	0.110848862896628	0.124775340399021	0.116969102436914	0.111684532383308	0.128760375010326	0.13376623876104	0.118658662159146	0.086506869114658	0.116014245382159	0.120967547560669	0.116736692969594	0.133300877850277	0.122565654038723	0.119977850870662	0.114099132858805	0.110871827018303	0.113016321895701
700023693	0.178941002748004	0.134234163462666	0.109377836658685	0.186927292857918	0.165066641661899	0.100767595669672	0.181371194761041	0.0870792618632487	0.173775487437329	0.0792664479598883	0.125077000582619	0.119497571566569	0.112788571363395	0.131820202910533	0.101912020183206	0.15312283129721	0	0.12534997688992	0.17641192334758	0.173216757536126	0.158202354299739	0.133719401960292	0.162168449888462	0.170701470536501	0.175796429509654	0.183832160232927	0.136901441029798	0.156027982201264	0.107101158899845	0.115748986543266	0.0879829170517662	0.144526298781968	0.116557961491359	0.0965780921605948	0.174164029653984	0.128583422210054	0.14957604194044	0.104736442366964	0.183190412540164	0.0988848902133793	0.152802639835729	0.0952233474825028	0.137755252267433	0.150272905170928	0.099765128890807	0.119195014694271	0.132147326282112	0.103454336927992	0.116904930889737	0.126979652476102	0.13340644225248	0.194063046298897	0.179566480118493	0.121546917787676	0.209913825727176	0.112552598744521	0.142663848528024	0.184128123136937	0.128811026189034	0.1695738125276
700109627	0.155234366778563	0.161384673562295	0.0945136812461607	0.183393664791375	0.166133874005804	0.0764173184139503	0.173181550106234	0.129316132011265	0.158245992220956	0.113562710561546	0.110009351941614	0.116907593114097	0.122120845309059	0.115726793784572	0.128090933661297	0.124688443437345	0.12534997688992	0	0.157522647077581	0.158571293686669	0.151463661195962	0.119145330231037	0.155727718315113	0.143717408583258	0.152624077907608	0.171531524282421	0.131096442185179	0.149949189553762	0.148281695077001	0.116945611044897	0.0940209929470537	0.132764180848567	0.131167137644664	0.111013345036886	0.164755296313008	0.150216218146141	0.122784634584211	0.0934647121190727	0.168714396016026	0.144088160749968	0.152206009018518	0.117600895945637	0.125158788995778	0.137434870599537	0.137657272052861	0.136436684772724	0.142262556513913	0.129642605168559	0.0864997871398841	0.124143631324737	0.108541983798731	0.176478317707949	0.169190731780776	0.126347595443182	0.184700925758214	0.122768663880338	0.145754857753501	0.164934198654128	0.119815648647349	0.15873916421932
700095416	0.0950140084423871	0.161599082496507	0.146008727990949	0.135318326274683	0.12450308398388	0.159024492479533	0.110450353110872	0.166840607279127	0.0928114182946533	0.154581788183495	0.116611968998072	0.142524722013586	0.151479119112025	0.144144118612862	0.153018586172769	0.0977024454547008	0.17641192334758	0.157522647077581	0	0.118754642525579	0.10239972806724	0.10818010517411	0.113709427272537	0.0980532799337488	0.116172347012656	0.116538687615282	0.145627578177158	0.128286508047669	0.151036168737628	0.157449347022014	0.154209263133165	0.111925444785242	0.116538917423052	0.150354189310913	0.114299052439352	0.12646930652054	0.115539746116915	0.154520815634175	0.0999083629156443	0.169540287497188	0.104501003939054	0.151300085044999	0.129140645882736	0.113745808632568	0.140015706395206	0.120667748857946	0.107523387183855	0.146805763036141	0.139811775888456	0.132346593616272	0.109890974350321	0.106652884117073	0.120539565285645	0.118653266779531	0.114775262181666	0.147715151115899	0.123212139481862	0.106584003710652	0.126629384059682	0.117881399904581
700110425	0.095353389189205	0.149190117421164	0.1442985624967	0.0998497001802684	0.131315239923402	0.158072333808759	0.080799897765633	0.159861138001368	0.10765450012716	0.15410512717443	0.106082829952819	0.136383689231896	0.143289443833742	0.145643701008243	0.139922906733829	0.122106122585104	0.173216757536126	0.158571293686669	0.118754642525579	0	0.0774004500195301	0.0946035099113627	0.0940729648324366	0.101635768547858	0.0710878140128911	0.13570753145243	0.159732188973436	0.134131723472278	0.130416404458883	0.129264950205886	0.154956273071402	0.104380430262811	0.114901794527106	0.141699223991664	0.12898143742858	0.08738007472434	0.155261807542206	0.154277738124891	0.122303334728064	0.166868344293201	0.128165538980554	0.137102606240459	0.129618873646503	0.0868649811365499	0.126251980193883	0.120538040903287	0.121267649796066	0.132153950986533	0.129890922646712	0.117565101394765	0.108151535338318	0.091402569601794	0.0651070882965713	0.116005117124393	0.132050198481439	0.14249177086122	0.0798368264613101	0.0722661147348038	0.108584887973466	0.0796887735430492
700111580	0.0889613895199835	0.145407397652971	0.139069229771674	0.103382331781254	0.132372668496735	0.145985945042848	0.0870331006879956	0.154768088159019	0.100596301826763	0.141855407185916	0.103389922544164	0.130399097610395	0.142274893832854	0.139536713957142	0.129751600785719	0.111317786102102	0.158202354299739	0.151463661195962	0.10239972806724	0.0774004500195301	0	0.0888719580340037	0.0957174442231766	0.0881349371690292	0.0669546753681669	0.137411105248473	0.159542807786779	0.149074926606294	0.122785793779529	0.13910734344371	0.14642912257231	0.0934518514289237	0.103620585059983	0.137823168862353	0.131330104102322	0.0977010970401341	0.14770395427722	0.144920349573038	0.120874572329381	0.154677060667972	0.115909057521102	0.127695091455533	0.136909355944851	0.0932853230895085	0.119580321015683	0.108051813122465	0.115738166764448	0.121356722051796	0.12233506776982	0.113185297409517	0.101775245266357	0.0958061882161833	0.0900080033491188	0.0940388046620495	0.12291410326278	0.133250522698152	0.0691565233945171	0.068697941339616	0.0990863250105823	0.083050533125399
700111302	0.105787320008367	0.13108996332573	0.0915115740170988	0.124843706555299	0.139941189134959	0.11360050525473	0.0990075290360578	0.125184234427987	0.107535589029657	0.120791361590568	0.0716293666570502	0.0814072609245817	0.106031006262924	0.132062956831283	0.110417960458373	0.092739684094162	0.133719401960292	0.119145330231037	0.10818010517411	0.0946035099113627	0.0888719580340037	0	0.117083779572609	0.106910031182379	0.0828166272797615	0.143916864890117	0.136470335965735	0.131093828669632	0.118370303571402	0.118354743338601	0.115957262852764	0.0660622497400031	0.0860004275733613	0.0978913007328544	0.137770789388412	0.0808811093046457	0.128457113268629	0.118643486619537	0.129470250233533	0.132209891311048	0.119888601026927	0.0961316550448826	0.114512037547611	0.0867027227053414	0.100394758634104	0.116520027819893	0.113148096302676	0.0931257996388548	0.111753062859124	0.0755745587375417	0.0744152537596613	0.123078266594217	0.110102969023512	0.0909898132910556	0.153050372050888	0.103590538142435	0.0890332302612901	0.104059303069132	0.0756723536053503	0.10360344851971
700098605	0.103023163060866	0.134150023826243	0.133800831258012	0.102698298889261	0.11665520273411	0.143989892283827	0.100641805545513	0.163316697478681	0.107904977246105	0.150373969193461	0.120656369484992	0.135028447999025	0.146599215515328	0.120310223651103	0.127018788613762	0.12652611866902	0.162168449888462	0.155727718315113	0.113709427272537	0.0940729648324366	0.0957174442231766	0.117083779572609	0	0.101401043999925	0.112702534722873	0.119015083232379	0.142324342022792	0.127287429488665	0.13327649660984	0.130963377012671	0.1507404919396	0.117368363623292	0.119683680045269	0.143954809890588	0.114493065197245	0.103929489576912	0.137389046677293	0.140330103459933	0.114450405432609	0.159386694883795	0.122077135203546	0.146183930366708	0.135549908379154	0.102469766746478	0.140696213725694	0.114642822425792	0.101552427769231	0.135571143195941	0.130635496399726	0.121558124746082	0.108244249955208	0.100480059328714	0.0907011693147681	0.121824642198921	0.110161343926416	0.143291985890063	0.113148029840068	0.0883261962038412	0.106333222538981	0.074247372115325
700111991	0.0780886531053842	0.155900329068669	0.140334587751414	0.105321395175444	0.133255931883789	0.152948675460392	0.0963213559199749	0.169526073156311	0.104748601765078	0.149218978223308	0.109265478377426	0.144644970120252	0.159002784550252	0.138203454528278	0.153391110690325	0.0873239736170568	0.170701470536501	0.143717408583258	0.0980532799337488	0.101635768547858	0.0881349371690292	0.106910031182379	0.101401043999925	0	0.0940531519695532	0.109143522839875	0.145767714798347	0.12842598732235	0.140052162421428	0.151191592581921	0.148613584086262	0.123821128876988	0.112333845798335	0.143264255559124	0.109930008364371	0.110042637482177	0.131545750144438	0.147135860870862	0.11225842747135	0.174423879512502	0.104726353065944	0.147266387744347	0.127493680280092	0.111222357346888	0.141845824390008	0.12222392296582	0.104168537926891	0.147111103717182	0.131904565958056	0.136274073556788	0.104624373152851	0.100843994207379	0.0941512722402738	0.0992970296552283	0.0941445641620684	0.154074320203456	0.107390440365901	0.0818522101073375	0.119057929328089	0.101580139339966
700108960	0.0897540170171425	0.161191452191705	0.136736693097762	0.10145892705738	0.146150416419789	0.147141518674384	0.0729045299760051	0.165881135633299	0.108880451537597	0.154065285794437	0.103769058232908	0.127070012394998	0.150800294753145	0.154771732433479	0.141599787857896	0.114919923272739	0.175796429509654	0.152624077907608	0.116172347012656	0.0710878140128911	0.0669546753681669	0.0828166272797615	0.112702534722873	0.0940531519695532	0	0.152452322438512	0.177417262882064	0.154880661526913	0.136687668758811	0.13726384481031	0.156716416485387	0.0858510887056448	0.123151432216285	0.143430163502081	0.138158077633065	0.0904035119613852	0.155951112803023	0.151138044661154	0.124242555887607	0.167923412319274	0.13034561027671	0.133793413269398	0.13960956413014	0.0875819090029722	0.13144499853258	0.133244766237971	0.138840682831553	0.135107715624456	0.136760819136733	0.107182128772454	0.095448370588132	0.10437073554739	0.0742924126363142	0.104504668565865	0.122550739293117	0.14535305992722	0.0814553053182595	0.0598789377140553	0.104089213136253	0.0817542561844694
700024452	0.124403744166745	0.149635810178044	0.161210530611925	0.13056102978793	0.116248472762477	0.176012409001815	0.124470457637178	0.188749826328942	0.104052204197851	0.166199549745057	0.142576646830009	0.167023879358986	0.168724521839344	0.131292949162726	0.163787582045407	0.13165680252223	0.183832160232927	0.171531524282421	0.116538687615282	0.13570753145243	0.137411105248473	0.143916864890117	0.119015083232379	0.109143522839875	0.152452322438512	0	0.143730222476645	0.125604923951604	0.131131946428523	0.152857546450612	0.171150508142491	0.152833153712487	0.132974360201181	0.157831151912239	0.069017395421855	0.141891418969588	0.148943070603067	0.166842668755299	0.104328729115567	0.1735326839806	0.12765817370531	0.166966416245855	0.149500402366889	0.136792661360397	0.151142269215583	0.115894707540219	0.107615816341634	0.167246574338165	0.149220595830066	0.163356768383318	0.126661255125612	0.0991890062850573	0.114974031124092	0.140290790682653	0.111263118849888	0.155856173950072	0.133774635076992	0.13322354944152	0.135937809306682	0.140036549583545
700032931	0.152095911679395	0.131335348638707	0.122027477916871	0.181858988893893	0.149373572993713	0.128519638157762	0.178986783739567	0.137159294887462	0.155432005331977	0.127447607841275	0.131124503990652	0.138968371507192	0.134246787624304	0.134537370293166	0.135079327320108	0.140620063568998	0.136901441029798	0.131096442185179	0.145627578177158	0.159732188973436	0.159542807786779	0.136470335965735	0.142324342022792	0.145767714798347	0.177417262882064	0.143730222476645	0	0.129064998033219	0.149477137848637	0.136143481394803	0.124996597368171	0.153681348966569	0.131803605819921	0.129473801910638	0.153504706735785	0.154376598074309	0.132255120941337	0.127053684022343	0.149668094278012	0.14656277724141	0.136609560684341	0.132916822513876	0.143473972279402	0.151006698999931	0.148113602743138	0.134239361004058	0.120087635628	0.133192553242118	0.13080515851589	0.145283583008546	0.136171862095283	0.174167067433265	0.168884117555053	0.135572125752997	0.171507440647283	0.127070280729131	0.149967469855665	0.177429146391223	0.133495921795659	0.165371588438428
700095837	0.134894569366178	0.146917060403519	0.148646694715565	0.159984573781287	0.14029514693982	0.16802746975176	0.15506740869022	0.149979758239301	0.137120253503611	0.141053160767196	0.117939823509915	0.144375123598531	0.128819216035866	0.14642798649106	0.146151377314164	0.117151777569545	0.156027982201264	0.149949189553762	0.128286508047669	0.134131723472278	0.149074926606294	0.131093828669632	0.127287429488665	0.12842598732235	0.154880661526913	0.125604923951604	0.129064998033219	0	0.118046716816474	0.13692153299133	0.147232628666111	0.151317237696697	0.109872855806585	0.130262616811631	0.120655980095736	0.134188537639594	0.127925377073597	0.156604528347296	0.126720174286973	0.152961816719872	0.126679130074298	0.136445844234826	0.148142466669772	0.131124497694903	0.126013496092731	0.116165413400822	0.11604280163241	0.134822516811478	0.152577191335222	0.146279353526482	0.117865427993846	0.137718201200492	0.144584898231502	0.1382958137401	0.146494203659902	0.134343508365165	0.136153312219606	0.152037384182456	0.130144347335515	0.147020971775119
700024548	0.14689021147058	0.123177581969931	0.119531301776556	0.13784776359213	0.124264248345327	0.125005445746415	0.144525603003118	0.115343132216727	0.159225989612017	0.104453856034616	0.121270674375283	0.120836775534286	0.107853684749175	0.122109570247594	0.100794691293637	0.139874153044174	0.107101158899845	0.148281695077001	0.151036168737628	0.130416404458883	0.122785793779529	0.118370303571402	0.13327649660984	0.140052162421428	0.136687668758811	0.131131946428523	0.149477137848637	0.118046716816474	0	0.106184490836045	0.118749436846727	0.141992335066712	0.113901766900247	0.104717227214003	0.127146955787587	0.109635089194664	0.154209283747958	0.12216210194727	0.153707262415629	0.111748716807903	0.138730175143364	0.100788497494582	0.136309290822649	0.145521911934122	0.0789888769233052	0.0869162559447503	0.1293429595853	0.106327699697049	0.118173088735442	0.131361226958389	0.106841608767533	0.157923221410738	0.133781943834675	0.110802384448453	0.159834815302722	0.120224223558301	0.105507324066198	0.145402341167797	0.109637661620819	0.145703545913941
700110161	0.158581926946714	0.13950018450125	0.0997640750581777	0.155081573682836	0.135364248248287	0.100151265933424	0.148234491771718	0.119775243031671	0.145189279733386	0.111148783573138	0.112041429708255	0.111444109359376	0.108135351485287	0.0960693322971184	0.0860593963918218	0.137831165656375	0.115748986543266	0.116945611044897	0.157449347022014	0.129264950205886	0.13910734344371	0.118354743338601	0.130963377012671	0.151191592581921	0.13726384481031	0.152857546450612	0.136143481394803	0.13692153299133	0.106184490836045	0	0.102701547184402	0.127794823069996	0.124686838477697	0.0914936204096266	0.147390433945669	0.129104702903224	0.143796059131383	0.0965379815324217	0.161475253677736	0.121447580440314	0.155806342426	0.0972867830711368	0.136783719714844	0.127483325739191	0.106593149424867	0.123655996361423	0.140816512686499	0.104118295352462	0.094769173590296	0.109629849329535	0.110955045839492	0.153038430157899	0.142700622084486	0.126106527104434	0.175951561325132	0.112100574318919	0.116339184769842	0.144270955141411	0.0967359577333535	0.136866396820036
700023496	0.158339709453965	0.130373981138369	0.103248860464841	0.17722430641498	0.153046961358925	0.0792385358949875	0.163417489862559	0.11144132038988	0.156109506635364	0.0849289004154569	0.105169382712541	0.105691187273779	0.108913049931658	0.105275250037118	0.115734855770203	0.132573872217006	0.0879829170517662	0.0940209929470537	0.154209263133165	0.154956273071402	0.14642912257231	0.115957262852764	0.1507404919396	0.148613584086262	0.156716416485387	0.171150508142491	0.124996597368171	0.147232628666111	0.118749436846727	0.102701547184402	0	0.134987624410361	0.106812624394394	0.077170473511903	0.161920820125993	0.128366119368313	0.130359987930324	0.0919093161453247	0.165851436016225	0.118615416889115	0.135952721099993	0.0914522553777506	0.11188105369802	0.14343240700646	0.100012477814167	0.119690850028165	0.127655000325358	0.104375565569728	0.087200551579572	0.117367328227463	0.121621344500594	0.181499792275434	0.167023400630515	0.106660417213426	0.192928955671936	0.103080291381423	0.12655826120588	0.167929239732882	0.118213675266008	0.156758852456619
700034628	0.114763675073008	0.142034987428726	0.1063450110237	0.138367703698167	0.147576740463909	0.128443557512337	0.0917915869488442	0.140184680378715	0.0918199797774809	0.138026893078172	0.0954400161355061	0.101562129302844	0.121943245275468	0.148021743761215	0.121707300634594	0.106567614671994	0.144526298781968	0.132764180848567	0.111925444785242	0.104380430262811	0.0934518514289237	0.0660622497400031	0.117368363623292	0.123821128876988	0.0858510887056448	0.152833153712487	0.153681348966569	0.151317237696697	0.141992335066712	0.127794823069996	0.134987624410361	0	0.103908165614294	0.116115458002671	0.142726402196893	0.0868407373390121	0.145133211953365	0.130488221667679	0.135637636352155	0.144847859534854	0.140769656281664	0.104349312339473	0.128754078792949	0.0712024730718988	0.119307676736066	0.132705726528447	0.127726582692638	0.106398785834198	0.133950519157894	0.0823830392131311	0.0975026791409646	0.122697653220287	0.11148383614112	0.112571401072968	0.161449825814123	0.111430158570843	0.10760329135521	0.0988359211394603	0.0972746183717557	0.0866512121671452
700023645	0.122056441083142	0.126028373936128	0.114837428512408	0.142284522474622	0.126245143698212	0.132533069324707	0.124950266617289	0.114917902885641	0.118302858885394	0.103501209070662	0.0857354988446182	0.102307608490702	0.109997829154253	0.130028900704322	0.125344311057718	0.0973339794329104	0.116557961491359	0.131167137644664	0.116538917423052	0.114901794527106	0.103620585059983	0.0860004275733613	0.119683680045269	0.112333845798335	0.123151432216285	0.132974360201181	0.131803605819921	0.109872855806585	0.113901766900247	0.124686838477697	0.106812624394394	0.103908165614294	0	0.0966364909508357	0.131653063510373	0.0967701842620561	0.128934906851789	0.123327250170445	0.138760974353398	0.125594066928217	0.118250489835501	0.0901531027476929	0.117787018842488	0.103228687554417	0.0943286689231665	0.104603764093889	0.101890997292677	0.096902363541693	0.123975106431383	0.107299799942019	0.0896419291732413	0.131607960030583	0.125040278067281	0.11310828410964	0.158889180023151	0.100812566079862	0.0992455781929992	0.120531748651727	0.0908569969718792	0.123163333257174
700038744	0.155492162664997	0.127877401376608	0.0893293403531045	0.162015963972899	0.144912262219548	0.0924003068718975	0.151968844258785	0.113549048604949	0.146403206714149	0.0948562755136749	0.0916783060196881	0.0902956340671596	0.0986665114614933	0.113184443018227	0.108340846611883	0.12319639153556	0.0965780921605948	0.111013345036886	0.150354189310913	0.141699223991664	0.137823168862353	0.0978913007328544	0.143954809890588	0.143264255559124	0.143430163502081	0.157831151912239	0.129473801910638	0.130262616811631	0.104717227214003	0.0914936204096266	0.077170473511903	0.116115458002671	0.0966364909508357	0	0.155638734148301	0.109623825425795	0.135600073031921	0.0975603295532202	0.163619982168547	0.114382523459993	0.136543212215246	0.0835264999553455	0.116986947419081	0.128347897738223	0.0877241664497971	0.111131418615768	0.12874500154192	0.0842106595172065	0.0898985279454118	0.0997811116009006	0.109317356006269	0.171622968325929	0.155971892049702	0.110801589758243	0.190076637804447	0.0932439790846356	0.121650510000784	0.156958440470396	0.105719135743379	0.14935560762283
700038485	0.121059314365567	0.139069450211261	0.148221267810245	0.120608637623964	0.10468447112713	0.163733382967899	0.116259447795318	0.182853764924889	0.113284000544873	0.154055480364698	0.139416072924868	0.15810937520028	0.170172587976276	0.127937306336873	0.159653820644426	0.119585296009597	0.174164029653984	0.164755296313008	0.114299052439352	0.12898143742858	0.131330104102322	0.137770789388412	0.114493065197245	0.109930008364371	0.138158077633065	0.069017395421855	0.153504706735785	0.120655980095736	0.127146955787587	0.147390433945669	0.161920820125993	0.142726402196893	0.131653063510373	0.155638734148301	0	0.125675582808931	0.144845755898962	0.156710546546566	0.108400077919781	0.169138192526837	0.123818593103834	0.162513362957425	0.149019932320585	0.135505586490918	0.146329748844881	0.111445595189751	0.114736189098649	0.163628924058449	0.149733287311081	0.155611233283441	0.115913045689571	0.0964588703053103	0.105513800561142	0.127602943542372	0.10920982686726	0.163561705061186	0.139010300365363	0.121588451009601	0.132070884991593	0.124343297713713
700024743	0.117935087702351	0.127540663707221	0.110981966274497	0.114118996137952	0.142270037179055	0.13219737664024	0.0864577683641013	0.131548508032452	0.11877048056518	0.125164557088842	0.0983268450889332	0.109126040049703	0.13004818955754	0.132026293581167	0.121579021369533	0.120375856263547	0.128583422210054	0.150216218146141	0.12646930652054	0.08738007472434	0.0977010970401341	0.0808811093046457	0.103929489576912	0.110042637482177	0.0904035119613852	0.141891418969588	0.154376598074309	0.134188537639594	0.109635089194664	0.129104702903224	0.128366119368313	0.0868407373390121	0.0967701842620561	0.109623825425795	0.125675582808931	0	0.151131671438023	0.128775066591201	0.131054717733181	0.133281635144406	0.132351973882475	0.116807682133242	0.125074724478367	0.0904517502221384	0.106702353135513	0.106014755512486	0.113597919917807	0.105025378493005	0.127654757270983	0.104018434460148	0.0963329462212402	0.125734634699816	0.0971613117906801	0.0956177451753198	0.140864520451248	0.126656169293167	0.0968692189678275	0.0973623098430589	0.0903716305243815	0.091360723603829
