700108602	700014971	700033565	700109389	700023058	700023927	700106341	700114221	700023543	700023439	700016978	700024192	700113058	700099448	700109870	700033928	700023693	700109627	700095416	700110425	700111580	700111302	700098605	700111991	700108960	700024452	700032931	700095837	700024548	700110161	700023496	700034628	700023645	700038744	700038485	700024743	700099596	700110760	700101587	700106399	700032322	700095653	700021312	700101230	700023590	700038905	700033136	700023382	700096424	700105469	700016908	700096053	700108479	700109569	700033814	700016125	700109756	700102665	700101777	700109455
700108602	0	0.148211308807063	0.153572651400582	0.0915129357975798	0.122347198582949	0.165493327223171	0.0865277109434629	0.173879870710521	0.100176552392923	0.155615839999536	0.120414123477136	0.154927686563158	0.16197246609268	0.153776512057576	0.159095004894944	0.104163277532445	0.174872656865515	0.164715481625512	0.0921858000543581	0.10139956343299	0.0925981195327668	0.111245469074643	0.100712400554995	0.0782942111024563	0.0959333666974901	0.108238552904874	0.150354608418886	0.134117135508896	0.1416999565357	0.159820135579325	0.15546640434278	0.124140006660379	0.120051972678364	0.146519597194043	0.109833521904987	0.119445876857962	0.133941066281246	0.168850075283262	0.100200045327197	0.168744337393699	0.102822491678283	0.150899435829803	0.136964038033078	0.119364880122269	0.145119015526423	0.123500373808867	0.116072813511095	0.148585988346966	0.155394220045361	0.142076121928641	0.12213636368991	0.0936673369240293	0.0957149443520276	0.110739723467632	0.091224020036062	0.159890251895434	0.109906915902065	0.0922853966921295	0.126607928576183	0.107075976575377
700014971	0.148211308807063	0	0.148570879816891	0.16490551348973	0.125572648250098	0.143961327597572	0.158183410701702	0.138490414304983	0.146682074270361	0.136163435165809	0.136376758232106	0.163701171247274	0.146604310973968	0.123216263535705	0.138634675241067	0.148281386449519	0.128239621829112	0.168160208142872	0.144223105622727	0.148760662383645	0.142723232051745	0.134633440587827	0.119296117500499	0.147490112044712	0.15655339788954	0.147423144401806	0.123696851178961	0.14958066903947	0.121139376718358	0.132551945522518	0.139730856237679	0.141580730910259	0.125862182707423	0.129472106110932	0.141774591213563	0.126574516813036	0.154076597570862	0.158204030863442	0.140336158902094	0.133352380552791	0.135350659294172	0.137106002817271	0.140948229056766	0.144499535070169	0.133227460607235	0.122814590245827	0.107687315582453	0.134089111370855	0.127786856884907	0.145014825794791	0.141832302521984	0.152986641344711	0.145665307985686	0.129483529568159	0.164520107378881	0.134407150185319	0.142053011783821	0.148905838761592	0.134138969746807	0.148461955677717
700033565	0.153572651400582	0.148570879816891	0	0.139673878875076	0.155639972214599	0.0744276389692876	0.14052381508951	0.101447073671117	0.162232562170818	0.0933990591517716	0.0944369157048753	0.0561080620575201	0.105849712087625	0.131554282955226	0.0870462332061003	0.113765043104707	0.105853354300553	0.105386165382886	0.137048271532743	0.135868146567464	0.132268190859467	0.0901565232758912	0.134441527133551	0.149526098087272	0.129467966425823	0.157434207067092	0.142195595693834	0.147923556421453	0.124020477238731	0.100062215893836	0.103868995663298	0.096029921435381	0.101154263583468	0.0819948420892604	0.153963527106998	0.0993128929410524	0.13485551512659	0.0808815129616271	0.15389076655237	0.108726541629891	0.139106833127402	0.0840357259565427	0.132287967997051	0.115701716040899	0.104159605492171	0.112334591046423	0.143307294066498	0.0807563548090638	0.113100378735743	0.0631664612819375	0.0677640005658972	0.158831066456664	0.148739529181563	0.12845544611413	0.180567934585504	0.104709280003926	0.123073254980239	0.148212043934492	0.0829136276272962	0.129250625121641
700109389	0.0915129357975798	0.16490551348973	0.139673878875076	0	0.137152911217681	0.170303727885587	0.0844223482567314	0.176634583007515	0.141652874839187	0.167154754289885	0.13814058245508	0.142014407239163	0.171519948053186	0.162873433492033	0.150258015737325	0.134746506281323	0.18313292230531	0.18212280749448	0.132107629431469	0.0920249493157282	0.106315528194494	0.133240158015009	0.10499365811329	0.119968367750388	0.0986281708962867	0.119656489199803	0.173880366872866	0.15756955588964	0.135727824460629	0.160841192527787	0.166639431469046	0.137352479648343	0.135200761514574	0.155033179565864	0.113656493128274	0.122797123794862	0.165731795142968	0.161163233414623	0.131511381227671	0.169913181201275	0.132129626997091	0.155899832784491	0.154126465966614	0.125789385461207	0.146579085468993	0.132026386704492	0.147022185238933	0.156768922882606	0.165017382833176	0.139455346576077	0.110380049447662	0.100420791572011	0.0785813770883647	0.142721564650919	0.111773694659379	0.168831172008846	0.107869067851783	0.0844694017226491	0.12398485602212	0.0989089567744516
700023058	0.122347198582949	0.125572648250098	0.155639972214599	0.137152911217681	0	0.149984455208925	0.119594427866784	0.155464043413444	0.115377388094042	0.152920863515292	0.128551336224554	0.160882349913759	0.157873740120462	0.128257821121957	0.141011981197069	0.134863961597406	0.159831161671083	0.160415291641509	0.118665245601801	0.124205501118371	0.123473994167148	0.128856304230177	0.112626592189214	0.130419754103376	0.129769361600648	0.108926616495234	0.143985053056901	0.141044698632953	0.131865170002149	0.136449891395	0.140796007192392	0.139613796299927	0.119999618959694	0.134160975427856	0.106413235834055	0.133218137763574	0.127370578452711	0.147122670289608	0.115552498782927	0.157053353086965	0.122707216590479	0.133849849537603	0.124693885755668	0.134797740267209	0.133824645105654	0.116313316130982	0.113842841753595	0.141799712851386	0.127429437474522	0.145042631389592	0.13138476931503	0.119636075139534	0.12018903823134	0.130334831730603	0.137286906147687	0.147570911525006	0.128866691248696	0.126313066372611	0.132665167492582	0.125547442721581
700023927	0.165493327223171	0.143961327597572	0.0744276389692876	0.170303727885587	0.149984455208925	0	0.162674277786041	0.106910615554315	0.170843767200317	0.0848845446641602	0.111132114141268	0.0923793556332557	0.105204628236892	0.107251635206539	0.0835099683750747	0.134078940924754	0.0912617503576272	0.0757907608853713	0.15226641227158	0.149493296429698	0.145357908763879	0.117586139364454	0.134802572452902	0.158430259939741	0.146723639957863	0.166561054338891	0.135641553851381	0.160617609046024	0.122117747458605	0.090542435979294	0.080662811355609	0.116520626284313	0.111654174591768	0.0749491677232341	0.158263741948396	0.112721860261824	0.124071384918163	0.0627900916487784	0.166925086930163	0.113022377659833	0.151105028770916	0.08838926269457	0.125593435151734	0.134113979843208	0.110845198591504	0.111823171531791	0.14911220985908	0.0858700927386727	0.0829391960396562	0.0870244491899293	0.102339491923133	0.171131907889715	0.165779189835903	0.127273046814618	0.191891204631214	0.113184963513052	0.136837979318959	0.165270287903002	0.102354860559886	0.147447591936534
700106341	0.0865277109434629	0.158183410701702	0.14052381508951	0.0844223482567314	0.119594427866784	0.162674277786041	0	0.177469287116212	0.0909550782589058	0.162482023213582	0.122590763551575	0.132847828430554	0.166273160041688	0.151106399677777	0.143052705825771	0.120184121650957	0.178214311506021	0.180296266719241	0.104359359837974	0.0743062624393485	0.0882040663092436	0.106460590076612	0.097752313494198	0.112462113774783	0.0730533028173123	0.119918832087394	0.174514517669097	0.15385914086354	0.150562599875909	0.158728357183105	0.155936672664007	0.0935401769514468	0.119019717419683	0.15110528459172	0.111834116036683	0.0918076805036635	0.158038963685871	0.163120553602255	0.0958632685897655	0.175124946015578	0.12735869072522	0.145577420511662	0.135895453609685	0.100268888516511	0.139549907967624	0.130234017243611	0.131964969931775	0.143919203344432	0.155878302442536	0.121401079988521	0.106857344782208	0.0604467116551238	0.0813358953654034	0.120096086726596	0.112989842104591	0.156305524116166	0.100577526159721	0.0726239226250484	0.119456916441119	0.0683500225192068
700114221	0.173879870710521	0.138490414304983	0.101447073671117	0.176634583007515	0.155464043413444	0.106910615554315	0.177469287116212	0	0.183335678881742	0.0914904175176652	0.128442633597812	0.114213216199372	0.088177282325625	0.151136315155699	0.101093369936123	0.145000446025456	0.0803513885482703	0.137795528176439	0.175600833512488	0.168642211609897	0.160603056975774	0.133333411673054	0.163340846451426	0.171457199480092	0.170698159365106	0.178214059410619	0.141301228396782	0.15192128038805	0.115432525678269	0.114914050123351	0.11820877496416	0.13885667603438	0.11364917499927	0.112107808774804	0.16712908007744	0.13327964959373	0.15544887921454	0.103575457981768	0.177694636212894	0.0933385324230129	0.153926822024776	0.0877234323902365	0.156461795778566	0.136705051144592	0.102982754275698	0.115716403071296	0.141310172164257	0.0813640276733203	0.135559835977008	0.0978804458290903	0.129627798006571	0.189371545060632	0.175360947059901	0.151132777763127	0.203564730750492	0.0955453168109309	0.13847221790242	0.186922674546816	0.120260531484625	0.164508747293316
700023543	0.100176552392923	0.146682074270361	0.162232562170818	0.141652874839187	0.115377388094042	0.170843767200317	0.0909550782589058	0.183335678881742	0	0.162657205798146	0.123559683827695	0.160586373842242	0.174069558552594	0.146674360402358	0.159478402887114	0.109023554547699	0.183560463180341	0.176621973872143	0.090822367398374	0.117692519428674	0.111537044307667	0.118755157730908	0.106919058276452	0.108465500920252	0.114251006777489	0.102567407261414	0.152178973214673	0.143482105996911	0.169407711082501	0.164907938259314	0.165394352359719	0.110483855382128	0.130784449950027	0.157529724342619	0.100392540136452	0.123863904332842	0.135449023591507	0.17376122768511	0.0902602834738974	0.184013349249029	0.117257971359906	0.158057860832728	0.130673500921135	0.106774240948477	0.16163526410248	0.13849705622402	0.111138409942815	0.157828328142536	0.162965569976632	0.144111203070805	0.131142334930236	0.0791855672663318	0.115655955596264	0.12722547935399	0.110376243240167	0.161226780493944	0.133452085694142	0.104627852982255	0.139868763449594	0.103304478459498
700023439	0.155615839999536	0.136163435165809	0.0933990591517716	0.167154754289885	0.152920863515292	0.0848845446641602	0.162482023213582	0.0914904175176652	0.162657205798146	0	0.109384005749176	0.105937369508777	0.0919412290364957	0.130328873852004	0.102266784174726	0.128951716530997	0.0901606814929258	0.112454685380673	0.146807641358282	0.158349846781728	0.138952127748789	0.118185241584328	0.142511604084858	0.144969870575542	0.156163200533391	0.164754732293409	0.126768680010229	0.148390406615897	0.117412993746393	0.105384771404929	0.102678015366646	0.129678795142599	0.105151108233953	0.0883669319509552	0.155067634282774	0.111190091664983	0.132606302333838	0.0848359583839657	0.15990522119944	0.0895927584182502	0.136675297444881	0.100705108821416	0.138586577256977	0.132390727676489	0.105842068879957	0.100393123027773	0.128731472011592	0.0895253694353347	0.104740440484316	0.0994522787933393	0.105080072560561	0.169379889885013	0.166816021227849	0.121058218549786	0.181575028122446	0.101864443641565	0.127968749882412	0.167571321705077	0.099546852299231	0.153081872757407
700016978	0.120414123477136	0.136376758232106	0.0944369157048753	0.13814058245508	0.128551336224554	0.111132114141268	0.122590763551575	0.128442633597812	0.123559683827695	0.109384005749176	0	0.102992574180919	0.115601942050562	0.134922269577757	0.122197697397707	0.104882793777818	0.126761939190083	0.112526496016802	0.112736606212336	0.111665163641598	0.108308091935235	0.0725384233675614	0.12257229443996	0.119950550159236	0.105067138416356	0.140451142855315	0.130463561444904	0.121814875773957	0.128254017829734	0.113169304872141	0.101731806283114	0.0929570702524489	0.0764341408871971	0.0967076280251292	0.134011801080624	0.0956893252714256	0.122785476308206	0.122799678147319	0.117858349033424	0.132150513919219	0.109786055604363	0.100154507419135	0.10716415854125	0.100284329445249	0.107712256292469	0.109298810752909	0.123871955946961	0.104772846795222	0.111973444505658	0.0935584486338543	0.0817759435843685	0.133048034652809	0.124775391801563	0.0995414438261826	0.14212619118172	0.118180658693798	0.102846946627343	0.126573592757952	0.0868690973464256	0.125864285808094
700024192	0.154927686563158	0.163701171247274	0.0561080620575201	0.142014407239163	0.160882349913759	0.0923793556332557	0.132847828430554	0.114213216199372	0.160586373842242	0.105937369508777	0.102992574180919	0	0.0976326285451271	0.148444950142026	0.0875556586884446	0.108828473919521	0.117875485210746	0.113035469090065	0.135914019283553	0.132281528412684	0.125973955684539	0.0821691620844737	0.138878029557441	0.156882959870473	0.124890846583135	0.163059818163144	0.151350555816254	0.14855090204289	0.123244251007105	0.11337604927126	0.110137549072317	0.0851012257075113	0.0955886000388802	0.0908570674415082	0.15636984501511	0.105765329388156	0.148094745060327	0.0885110410764908	0.161389736776648	0.107619236371927	0.13932548441203	0.0733324612994506	0.143606561291263	0.111170303166699	0.0932811699140066	0.110709229375986	0.153943326511893	0.0809628810109718	0.125408635772254	0.0514142258842065	0.0667015056629028	0.15641881601647	0.149136545893134	0.134088614387793	0.187908068184665	0.0990702551341213	0.118942389599921	0.147414086024722	0.0843689042535178	0.125941951330521
700113058	0.16197246609268	0.146604310973968	0.105849712087625	0.171519948053186	0.157873740120462	0.105204628236892	0.166273160041688	0.088177282325625	0.174069558552594	0.0919412290364957	0.115601942050562	0.0976326285451271	0	0.141892958196501	0.0916583940760854	0.12961581957367	0.102682532431765	0.12706797941281	0.162374874300641	0.15555567749297	0.147795580925926	0.117247779685594	0.156761789924381	0.163743951163696	0.157661030196086	0.173946757879288	0.142007097636552	0.131463306356157	0.111313812410045	0.10315792108546	0.109792127562184	0.120930103281158	0.110508637256327	0.0933101498409086	0.168956651668939	0.132894731626414	0.146095218063377	0.110923893160215	0.169107925996361	0.0892127121785042	0.149911631188947	0.0825090914726506	0.166788092540359	0.12561405866731	0.0998435971465524	0.104076427199685	0.153646899742551	0.0748977544312208	0.12406766434971	0.0911034805552481	0.119604504931632	0.175489805439726	0.170026812360887	0.148199109590712	0.199757340514378	0.0764825359782522	0.131706445421138	0.177360681076549	0.110468189212787	0.151844941166345
700099448	0.153776512057576	0.123216263535705	0.131554282955226	0.162873433492033	0.128257821121957	0.107251635206539	0.151106399677777	0.151136315155699	0.146674360402358	0.130328873852004	0.134922269577757	0.148444950142026	0.141892958196501	0	0.120191295361986	0.153149573486551	0.13275960101245	0.129014378452088	0.140058721730727	0.145762701339538	0.137994069873894	0.140686386943665	0.113667660286907	0.145974355239087	0.153166344328363	0.129709900508893	0.126163958210785	0.161342840370517	0.12667735619597	0.109497052767961	0.108624216243344	0.144485656622146	0.12688185818589	0.108138164715699	0.128121629204347	0.138889323625109	0.129645773403222	0.122827728978963	0.145498687171501	0.147919111100181	0.154298994118375	0.129664106691628	0.13047379845321	0.158089482285597	0.13094913646688	0.123502450497917	0.13310837728907	0.128192034233022	0.0929093054125348	0.132434774768574	0.13153390874502	0.140191667664849	0.152274979118942	0.131774474180651	0.158232115943878	0.145254032814897	0.130587851425941	0.150175477526989	0.114961910114882	0.147502425881512
700109870	0.159095004894944	0.138634675241067	0.0870462332061003	0.150258015737325	0.141011981197069	0.0835099683750747	0.143052705825771	0.101093369936123	0.159478402887114	0.102266784174726	0.122197697397707	0.0875556586884446	0.0916583940760854	0.120191295361986	0	0.136164162699274	0.0970987395215331	0.120959153908418	0.150374069375135	0.132353896129215	0.127467171796512	0.118207181596683	0.125383134317542	0.155350808339476	0.1371168054443	0.15867543824349	0.139735670011558	0.14513469068593	0.105184166481406	0.0808704502396328	0.116122130238663	0.102163955753729	0.113832162424013	0.102822866319622	0.157815001618503	0.115633139886316	0.146702644605983	0.0757877870789546	0.159797233581269	0.0942720399918092	0.147513429856495	0.0771294353489145	0.152273411583309	0.125632997357052	0.0986019684638964	0.103034656066533	0.142922174161051	0.0810401923122615	0.114099111364862	0.0805530806964093	0.102606357850329	0.154612109133538	0.145319368743465	0.135254600959205	0.185387009633105	0.102391667456622	0.11644482808203	0.150445883878009	0.0928718893151008	0.130628582591034
700033928	0.104163277532445	0.148281386449519	0.113765043104707	0.134746506281323	0.134863961597406	0.134078940924754	0.120184121650957	0.145000446025456	0.109023554547699	0.128951716530997	0.104882793777818	0.108828473919521	0.12961581957367	0.153149573486551	0.136164162699274	0	0.146482935779151	0.133895499371639	0.0916874876043815	0.123656006488359	0.108156862043556	0.0962976434399436	0.121860836922853	0.0948433667871414	0.113856515357773	0.131797443330231	0.141182205931394	0.116107463989683	0.13799748748446	0.138837867697469	0.129610088405316	0.103023901294828	0.102343063889396	0.120033898857921	0.127615877718776	0.122137164781946	0.116797428390401	0.142972799463721	0.10309814625199	0.145675403539437	0.0828126251527559	0.113992865062106	0.122577889680739	0.10166098665212	0.121460471459017	0.116091035938286	0.111418429970603	0.116757001914128	0.142170057300264	0.103973901971267	0.0899065402625987	0.120290105224044	0.116082151614384	0.123109064656517	0.129705984251347	0.123534446421797	0.121405225756073	0.113322139918057	0.112544838266545	0.111910942049438
700023693	0.174872656865515	0.128239621829112	0.105853354300553	0.18313292230531	0.159831161671083	0.0912617503576272	0.178214311506021	0.0803513885482703	0.183560463180341	0.0901606814929258	0.126761939190083	0.117875485210746	0.102682532431765	0.13275960101245	0.0970987395215331	0.146482935779151	0	0.128071206803761	0.168673906507658	0.169649400154838	0.154497722291749	0.136198769743852	0.157420542620544	0.165691363452821	0.171402227505124	0.179835510540411	0.137017540723957	0.157747300880738	0.120516065312819	0.110641350541528	0.113862908001045	0.137223317519703	0.120036672838463	0.107587267428564	0.17312842467733	0.126068089805695	0.146142443946256	0.10285477599942	0.177377286094652	0.0961408618382162	0.154054554014419	0.0966621270802081	0.146892594487567	0.145612190754636	0.111044656006596	0.115367480062104	0.145349872523015	0.0934628409433949	0.126040273289148	0.1094061242759	0.12443762229634	0.188414131242432	0.173910284715396	0.14093517480679	0.205284141631578	0.114708683009149	0.144733578307515	0.183864000194636	0.125204181676979	0.164231973665328
700109627	0.164715481625512	0.168160208142872	0.105386165382886	0.18212280749448	0.160415291641509	0.0757907608853713	0.180296266719241	0.137795528176439	0.176621973872143	0.112454685380673	0.112526496016802	0.113035469090065	0.12706797941281	0.129014378452088	0.120959153908418	0.133895499371639	0.128071206803761	0	0.15459236166705	0.164876450907095	0.158869970546176	0.120684791769256	0.157307596116708	0.155089329756208	0.154393981169533	0.174295331286461	0.131975838815353	0.164152066595933	0.149720075056766	0.119430625179754	0.0979196084445195	0.132746148309779	0.123893667404729	0.100517629882462	0.166767597583605	0.140886571292573	0.118994848023404	0.0908007619701503	0.174128172948918	0.137265520471369	0.156189511487033	0.114674941848634	0.122033486042668	0.143042790787983	0.141260943954801	0.135166022182927	0.151851086178422	0.120714965649632	0.0897437761351092	0.116661103548454	0.114873713605244	0.184837543848236	0.176980613676347	0.132349951417509	0.18677720992195	0.135247360695544	0.149999765738163	0.180535508553148	0.125643945235164	0.168724740419179
700095416	0.0921858000543581	0.144223105622727	0.137048271532743	0.132107629431469	0.118665245601801	0.15226641227158	0.104359359837974	0.175600833512488	0.090822367398374	0.146807641358282	0.112736606212336	0.135914019283553	0.162374874300641	0.140058721730727	0.150374069375135	0.0916874876043815	0.168673906507658	0.15459236166705	0	0.118195040940096	0.0965140049927592	0.102850595433583	0.113076233627307	0.0924956386403465	0.105165123813545	0.114978394015118	0.144336214661617	0.137746375477225	0.148002701605843	0.146943183674131	0.139519263945832	0.108154755649858	0.109972964172125	0.139033663411713	0.115562707807318	0.11993164834167	0.11257985755585	0.15554915599597	0.0916426460797511	0.174494527273056	0.0938901795269424	0.14220326356197	0.107839986726659	0.11399773877039	0.139019269323496	0.125792748273455	0.108310369341662	0.139877810524337	0.14034766027586	0.124130267179126	0.108832262216073	0.109225272896697	0.114822167271466	0.1101450290103	0.116812389034478	0.149441899467159	0.123310638157264	0.102483417936526	0.125873599400007	0.113155154545581
700110425	0.10139956343299	0.148760662383645	0.135868146567464	0.0920249493157282	0.124205501118371	0.149493296429698	0.0743062624393485	0.168642211609897	0.117692519428674	0.158349846781728	0.111665163641598	0.132281528412684	0.15555567749297	0.145762701339538	0.132353896129215	0.123656006488359	0.169649400154838	0.164876450907095	0.118195040940096	0	0.0826564162107811	0.11011214194403	0.0900869964796236	0.116366579492862	0.061202782683224	0.125075349187492	0.153588082819454	0.14268966844552	0.137108411800102	0.134434719576695	0.150633677228369	0.104461443270289	0.110361874305945	0.14134308492752	0.114270882340191	0.0881873033028382	0.150681655864137	0.156150058741281	0.118378260028881	0.166573165015886	0.121374705522424	0.129075363847638	0.139811469677916	0.0892657263048932	0.131900735920358	0.126653685239306	0.130141981376567	0.136006317319007	0.144425224779753	0.120324484283996	0.110815235042686	0.0806205374248991	0.0579298781719225	0.119005298000908	0.120863619313145	0.150166310023438	0.0727368125298578	0.0756760054862165	0.103462732970147	0.0805541309575112
700111580	0.0925981195327668	0.142723232051745	0.132268190859467	0.106315528194494	0.123473994167148	0.145357908763879	0.0882040663092436	0.160603056975774	0.111537044307667	0.138952127748789	0.108308091935235	0.125973955684539	0.147795580925926	0.137994069873894	0.127467171796512	0.108156862043556	0.154497722291749	0.158869970546176	0.0965140049927592	0.0826564162107811	0	0.0944452104074805	0.0934063590991897	0.107776140091348	0.0661488635662717	0.135158161661304	0.152859100711169	0.151171079231716	0.12377909350135	0.139562458618544	0.140068237274841	0.0962003858039584	0.0968712463701643	0.13205280851883	0.123849848155841	0.0961282988848341	0.149236024154602	0.147277390875905	0.118195057577765	0.153772785550592	0.114923732297391	0.122420201530256	0.132616689297965	0.106140623061962	0.117136772316336	0.10644195227856	0.121368727711019	0.120620521566044	0.132764799802518	0.109137671457431	0.106510370437123	0.0879938905790298	0.0989515808890371	0.100589116713306	0.122196080428163	0.141710774253178	0.0761107592648982	0.0832247857287963	0.0976128119982674	0.086613631432611
700111302	0.111245469074643	0.134633440587827	0.0901565232758912	0.133240158015009	0.128856304230177	0.117586139364454	0.106460590076612	0.133333411673054	0.118755157730908	0.118185241584328	0.0725384233675614	0.0821691620844737	0.117247779685594	0.140686386943665	0.118207181596683	0.0962976434399436	0.136198769743852	0.120684791769256	0.102850595433583	0.11011214194403	0.0944452104074805	0	0.12740754040495	0.122742202336793	0.0910148171060692	0.141696926490401	0.137056270427776	0.140804690536056	0.132463640704885	0.126743415346513	0.112690710384552	0.0669634642411628	0.074470206344923	0.0947403863714873	0.133276186885299	0.0898659813569032	0.131428938977074	0.129632191924796	0.121359153022539	0.128177316412919	0.121523126746904	0.0949737931126418	0.116819057585924	0.0934382656048359	0.102254308580248	0.112808390668762	0.12220451509506	0.096671253955749	0.120315892843408	0.0738380931594134	0.0751786565075185	0.120435246140548	0.123546093132995	0.0993201045354649	0.149719881568741	0.106894910383438	0.102943169836328	0.125093823884349	0.0821406990217837	0.109489749598843
700098605	0.100712400554995	0.119296117500499	0.134441527133551	0.10499365811329	0.112626592189214	0.134802572452902	0.097752313494198	0.163340846451426	0.106919058276452	0.142511604084858	0.12257229443996	0.138878029557441	0.156761789924381	0.113667660286907	0.125383134317542	0.121860836922853	0.157420542620544	0.157307596116708	0.113076233627307	0.0900869964796236	0.0934063590991897	0.12740754040495	0	0.113384739008867	0.111207470804584	0.114864663545504	0.13508074938753	0.138220385372421	0.132516683297011	0.126149944314899	0.142364157895502	0.117474832037306	0.11998471368654	0.130486424655912	0.107257965522719	0.100689899058675	0.136452484030357	0.132623313562266	0.118232858031963	0.153309579586307	0.12592887919606	0.136517100710476	0.128565192004007	0.107861101817215	0.141253280685746	0.118086702046077	0.114663764157097	0.133169344135693	0.12856870921639	0.121273502915246	0.118437142238266	0.0948633650280277	0.0987927164693626	0.109496690637155	0.111064841378872	0.152280296940425	0.110266069632174	0.0875241695655339	0.110475830348314	0.084354635745491
700111991	0.0782942111024563	0.147490112044712	0.149526098087272	0.119968367750388	0.130419754103376	0.158430259939741	0.112462113774783	0.171457199480092	0.108465500920252	0.144969870575542	0.119950550159236	0.156882959870473	0.163743951163696	0.145974355239087	0.155350808339476	0.0948433667871414	0.165691363452821	0.155089329756208	0.0924956386403465	0.116366579492862	0.107776140091348	0.122742202336793	0.113384739008867	0	0.11741622466608	0.108464344211089	0.134156924984357	0.13252238691367	0.143410993497554	0.159811273959375	0.151796693166461	0.142593350539463	0.120712477286151	0.150292151895118	0.108786553287004	0.121543780862356	0.127603811869519	0.161596576783193	0.0937034435884895	0.174437528580115	0.0916303368425019	0.152220511437458	0.117833012570355	0.126673660913827	0.139273228697899	0.127878963105609	0.104594614128865	0.148599236670192	0.14199097890521	0.139839597244995	0.118948724497537	0.11293179066499	0.102984770179201	0.107812916732714	0.0977097436893688	0.157270855890487	0.117424511265838	0.100639598518083	0.132978839231865	0.124259743918742
700108960	0.0959333666974901	0.15655339788954	0.129467966425823	0.0986281708962867	0.129769361600648	0.146723639957863	0.0730533028173123	0.170698159365106	0.114251006777489	0.156163200533391	0.105067138416356	0.124890846583135	0.157661030196086	0.153166344328363	0.1371168054443	0.113856515357773	0.171402227505124	0.154393981169533	0.105165123813545	0.061202782683224	0.0661488635662717	0.0910148171060692	0.111207470804584	0.11741622466608	0	0.139153098592452	0.167450012730844	0.155419907654511	0.140023186544181	0.139940738773131	0.150567967527965	0.0913246367700221	0.108629989919792	0.135522358674117	0.132825362609188	0.0978302929645579	0.15350120264934	0.155703050072277	0.113858888317861	0.167819679943756	0.125075136365224	0.126183407807395	0.138070645413414	0.0948030249003722	0.130503118528485	0.131234088051406	0.136715721228047	0.133835635223064	0.143289587286114	0.110000591470632	0.101514745812117	0.0813053677228259	0.0747081640407183	0.110526505094037	0.119715314505827	0.14910580872024	0.0785109149793883	0.0787827757265301	0.10321841291505	0.078602007361339
700024452	0.108238552904874	0.147423144401806	0.157434207067092	0.119656489199803	0.108926616495234	0.166561054338891	0.119918832087394	0.178214059410619	0.102567407261414	0.164754732293409	0.140451142855315	0.163059818163144	0.173946757879288	0.129709900508893	0.15867543824349	0.131797443330231	0.179835510540411	0.174295331286461	0.114978394015118	0.125075349187492	0.135158161661304	0.141696926490401	0.114864663545504	0.108464344211089	0.139153098592452	0	0.146835901909711	0.126370033734107	0.122712907727375	0.15198552930869	0.165580036049138	0.154544112547592	0.13721198795199	0.151106716174022	0.0678508854122988	0.135376510999359	0.143904092741693	0.164177114570115	0.113021814716714	0.174867259836651	0.11774092220476	0.156760655929907	0.140988389450149	0.135629196732312	0.139885991248442	0.122150153280392	0.111345304019802	0.159425357356912	0.151491084613081	0.152527769527608	0.13255073226231	0.106727298388645	0.119200107690782	0.132577391820153	0.107687030333197	0.167060090721664	0.128223167222641	0.121463563256487	0.130957136759912	0.144950555287036
700032931	0.150354608418886	0.123696851178961	0.142195595693834	0.173880366872866	0.143985053056901	0.135641553851381	0.174514517669097	0.141301228396782	0.152178973214673	0.126768680010229	0.130463561444904	0.151350555816254	0.142007097636552	0.126163958210785	0.139735670011558	0.141182205931394	0.137017540723957	0.131975838815353	0.144336214661617	0.153588082819454	0.152859100711169	0.137056270427776	0.13508074938753	0.134156924984357	0.167450012730844	0.146835901909711	0	0.149625194395135	0.148256531756289	0.137439766871651	0.136439198157425	0.146986105226031	0.1354159173276	0.124679388178975	0.149567816809779	0.141520167643831	0.133230990485458	0.139272178694759	0.155040265636665	0.149512653779307	0.139628193196034	0.142837654767329	0.131552128250361	0.143666956869164	0.140231546864954	0.132288234265407	0.122482961072968	0.138057709590647	0.128144786442929	0.140649976359228	0.141503250282165	0.168874658381495	0.156105069918613	0.122778704418148	0.157098760364174	0.141810370504692	0.150457752288069	0.165312643260295	0.127598794083024	0.162055389731942
700095837	0.134117135508896	0.14958066903947	0.147923556421453	0.15756955588964	0.141044698632953	0.160617609046024	0.15385914086354	0.15192128038805	0.143482105996911	0.148390406615897	0.121814875773957	0.14855090204289	0.131463306356157	0.161342840370517	0.14513469068593	0.116107463989683	0.157747300880738	0.164152066595933	0.137746375477225	0.14268966844552	0.151171079231716	0.140804690536056	0.138220385372421	0.13252238691367	0.155419907654511	0.126370033734107	0.149625194395135	0	0.120827388939111	0.129540918905936	0.149363667851169	0.151304393850968	0.124195465587421	0.139017997345564	0.133689043152424	0.141154467163231	0.128227240238727	0.167265904001812	0.136839200002615	0.1490681233804	0.119710168108233	0.135538481074147	0.156022535894829	0.130150966078717	0.125357489534235	0.125317327795653	0.135599362870552	0.129822377212639	0.155419422626574	0.13926449629233	0.125798749580198	0.153294671193424	0.145633194302623	0.154882442201894	0.153488858305317	0.134682137286404	0.139787304066205	0.154346711772009	0.139061377074543	0.15427254437057
700024548	0.1416999565357	0.121139376718358	0.124020477238731	0.135727824460629	0.131865170002149	0.122117747458605	0.150562599875909	0.115432525678269	0.169407711082501	0.117412993746393	0.128254017829734	0.123244251007105	0.111313812410045	0.12667735619597	0.105184166481406	0.13799748748446	0.120516065312819	0.149720075056766	0.148002701605843	0.137108411800102	0.12377909350135	0.132463640704885	0.132516683297011	0.143410993497554	0.140023186544181	0.122712907727375	0.148256531756289	0.120827388939111	0	0.10102353512244	0.119782838782514	0.143139362403596	0.109066411710136	0.104920607873877	0.12462869702703	0.117403532107671	0.151795130099968	0.126976159468127	0.144543354029758	0.106979098578582	0.129709121779449	0.102712814911732	0.150716480214541	0.135816718624417	0.0861789560216841	0.0765100275848002	0.128716798949212	0.105031498959975	0.124714566984524	0.118823069687119	0.117320225928006	0.148330767646902	0.137762049722488	0.128495518665182	0.157568182659961	0.119916922959642	0.111584773886695	0.145208416619573	0.106528891780335	0.153929469443883
700110161	0.159820135579325	0.132551945522518	0.100062215893836	0.160841192527787	0.136449891395	0.090542435979294	0.158728357183105	0.114914050123351	0.164907938259314	0.105384771404929	0.113169304872141	0.11337604927126	0.10315792108546	0.109497052767961	0.0808704502396328	0.138837867697469	0.110641350541528	0.119430625179754	0.146943183674131	0.134434719576695	0.139562458618544	0.126743415346513	0.126149944314899	0.159811273959375	0.139940738773131	0.15198552930869	0.137439766871651	0.129540918905936	0.10102353512244	0	0.101715739468704	0.123472602517878	0.112987935401246	0.0858689558916142	0.154954787327657	0.128607730498634	0.128835730606719	0.0979789481319541	0.160082178217847	0.112337342288763	0.146970865724535	0.0876901575140382	0.141019967994625	0.129572176256735	0.108668947157516	0.111153239164304	0.144253278009289	0.0899393896767535	0.0960066133468994	0.103045918982485	0.117525493924282	0.156905191059495	0.146822436673559	0.130941286000846	0.185961820622358	0.107633231762316	0.118083191163861	0.155006352898178	0.0989742464663797	0.140214117227994
700023496	0.15546640434278	0.139730856237679	0.103868995663298	0.166639431469046	0.140796007192392	0.080662811355609	0.155936672664007	0.11820877496416	0.165394352359719	0.102678015366646	0.101731806283114	0.110137549072317	0.109792127562184	0.108624216243344	0.116122130238663	0.129610088405316	0.113862908001045	0.0979196084445195	0.139519263945832	0.150633677228369	0.140068237274841	0.112690710384552	0.142364157895502	0.151796693166461	0.150567967527965	0.165580036049138	0.136439198157425	0.149363667851169	0.119782838782514	0.101715739468704	0	0.123109479270704	0.0995546575986676	0.0922648873976025	0.153298563931244	0.127219078665881	0.122922313243965	0.0989818774310683	0.160504380537488	0.114492088924976	0.135439699292324	0.0932001184743507	0.112061238507475	0.134453490461875	0.100669004345161	0.101461575030104	0.137877951551038	0.099486766807611	0.0887287847419052	0.107477060268377	0.105985176980911	0.169928926039579	0.164846281319503	0.118446658222616	0.185929828252759	0.104372968050081	0.130202694954106	0.166437831976639	0.118975506090493	0.15295472780902
700034628	0.124140006660379	0.141580730910259	0.096029921435381	0.137352479648343	0.139613796299927	0.116520626284313	0.0935401769514468	0.13885667603438	0.110483855382128	0.129678795142599	0.0929570702524489	0.0851012257075113	0.120930103281158	0.144485656622146	0.102163955753729	0.103023901294828	0.137223317519703	0.132746148309779	0.108154755649858	0.104461443270289	0.0962003858039584	0.0669634642411628	0.117474832037306	0.142593350539463	0.0913246367700221	0.154544112547592	0.146986105226031	0.151304393850968	0.143139362403596	0.123472602517878	0.123109479270704	0	0.0956110969613237	0.108247087482108	0.148568006493559	0.0843752774118576	0.14618556916336	0.121940744467233	0.133808906674475	0.133326793169683	0.133011411545607	0.0947760389691846	0.130314240417965	0.0789957233017847	0.115916859254064	0.121571359627199	0.136122095561841	0.103670437991671	0.130264065514316	0.0709046352300082	0.0915977092188476	0.115250483581437	0.123284325981475	0.116161018669561	0.158360301391371	0.107959902854526	0.1146909864331	0.110133548430337	0.0850763505917371	0.0837112188636342
700023645	0.120051972678364	0.125862182707423	0.101154263583468	0.135200761514574	0.119999618959694	0.111654174591768	0.119019717419683	0.11364917499927	0.130784449950027	0.105151108233953	0.0764341408871971	0.0955886000388802	0.110508637256327	0.12688185818589	0.113832162424013	0.102343063889396	0.120036672838463	0.123893667404729	0.109972964172125	0.110361874305945	0.0968712463701643	0.074470206344923	0.11998471368654	0.120712477286151	0.108629989919792	0.13721198795199	0.1354159173276	0.124195465587421	0.109066411710136	0.112987935401246	0.0995546575986676	0.0956110969613237	0	0.0897136766702885	0.131340264430457	0.0875481768921377	0.130200263947542	0.125440666277019	0.128144485566028	0.114215431676618	0.10989331902955	0.0814456679009113	0.110991888299425	0.10090200243413	0.0892507954198755	0.0967255453238889	0.121190697195753	0.0870019168769276	0.113096817625588	0.0817861742262789	0.0816317161123746	0.127160882841367	0.124632469280783	0.107860216687927	0.151459344992545	0.100067554837452	0.0914891767688799	0.125375131622504	0.0888045225503999	0.121525337359
700038744	0.146519597194043	0.129472106110932	0.0819948420892604	0.155033179565864	0.134160975427856	0.0749491677232341	0.15110528459172	0.112107808774804	0.157529724342619	0.0883669319509552	0.0967076280251292	0.0908570674415082	0.0933101498409086	0.108138164715699	0.102822866319622	0.120033898857921	0.107587267428564	0.100517629882462	0.139033663411713	0.14134308492752	0.13205280851883	0.0947403863714873	0.130486424655912	0.150292151895118	0.135522358674117	0.151106716174022	0.124679388178975	0.139017997345564	0.104920607873877	0.0858689558916142	0.0922648873976025	0.108247087482108	0.0897136766702885	0	0.145226616767504	0.103711264513417	0.119860389921916	0.0867446698082054	0.152762391076781	0.105948995345906	0.134704240871794	0.0870039402960232	0.119609264831092	0.116242403366086	0.0930502802826045	0.0951809503240046	0.137172169942344	0.0680560005581246	0.0923707904944706	0.0806269625801598	0.0912635486867924	0.156075670359208	0.150344233951688	0.119220206530672	0.17903871393507	0.0991393009116552	0.124094305283467	0.153087042988831	0.0883951110770793	0.143272943268026
700038485	0.109833521904987	0.141774591213563	0.153963527106998	0.113656493128274	0.106413235834055	0.158263741948396	0.111834116036683	0.16712908007744	0.100392540136452	0.155067634282774	0.134011801080624	0.15636984501511	0.168956651668939	0.128121629204347	0.157815001618503	0.127615877718776	0.17312842467733	0.166767597583605	0.115562707807318	0.114270882340191	0.123849848155841	0.133276186885299	0.107257965522719	0.108786553287004	0.132825362609188	0.0678508854122988	0.149567816809779	0.133689043152424	0.12462869702703	0.154954787327657	0.153298563931244	0.148568006493559	0.131340264430457	0.145226616767504	0	0.118858300068106	0.136610370774802	0.162170367983653	0.111400701217224	0.17036101748431	0.128375477957208	0.153043876766705	0.139269569878642	0.134203263134784	0.139960136534646	0.112644910892016	0.10982901609358	0.158512835968718	0.148992310765251	0.147661743386438	0.119986185490449	0.101665253664563	0.115041440793817	0.128250179454063	0.105155948901333	0.164986931020253	0.12590604893405	0.117387698543886	0.128835227306746	0.131131574421205
700024743	0.119445876857962	0.126574516813036	0.0993128929410524	0.122797123794862	0.133218137763574	0.112721860261824	0.0918076805036635	0.13327964959373	0.123863904332842	0.111190091664983	0.0956893252714256	0.105765329388156	0.132894731626414	0.138889323625109	0.115633139886316	0.122137164781946	0.126068089805695	0.140886571292573	0.11993164834167	0.0881873033028382	0.0961282988848341	0.0898659813569032	0.100689899058675	0.121543780862356	0.0978302929645579	0.135376510999359	0.141520167643831	0.141154467163231	0.117403532107671	0.128607730498634	0.127219078665881	0.0843752774118576	0.0875481768921377	0.103711264513417	0.118858300068106	0	0.143615230270063	0.121275337612153	0.124658587039542	0.133467345785286	0.126817509297689	0.112064989231587	0.126655718294867	0.0874323937999838	0.108871086637255	0.10805056617154	0.126564735466414	0.104171664751682	0.121723198071835	0.0938801789895197	0.0867819492014888	0.111731896579068	0.111225056091008	0.0978450997588488	0.139460990168894	0.129067855128209	0.095086066741337	0.0963418766149095	0.0910082511037052	0.0977088802489106
