700108602	700014971	700033565	700109389	700023058	700023927	700106341	700114221	700023543	700023439	700016978	700024192	700113058	700099448	700109870	700033928	700023693	700109627	700095416	700110425	700111580	700111302	700098605	700111991	700108960	700024452	700032931	700095837	700024548	700110161	700023496	700034628	700023645	700038744	700038485	700024743	700099596	700110760	700101587	700106399	700032322	700095653	700021312	700101230	700023590	700038905	700033136	700023382	700096424	700105469	700016908	700096053	700108479	700109569	700033814	700016125	700109756	700102665	700101777	700109455
700108602	0	0.150109323382537	0.157203316056857	0.0964843626712833	0.116095299031062	0.159985438035228	0.0792479289722726	0.173367619375149	0.0952522076660493	0.160617372020449	0.120961396664384	0.155298184003606	0.154309129418941	0.158440075765018	0.158627454437286	0.109114470999083	0.172929658206724	0.164733937902718	0.0912637572073167	0.0948275160167334	0.0866667958061932	0.114531906456004	0.108259525548834	0.069208602729005	0.0878890394213731	0.10227299440329	0.160727478253612	0.13732285031854	0.145348369776268	0.157661010330543	0.16293936332769	0.124608771147979	0.118839856177622	0.144671066284806	0.114577721725977	0.115951290532049	0.126394358684282	0.1722333406686	0.0947016592775846	0.178711950079151	0.10750940642894	0.157362964460164	0.131275931537346	0.121415342295302	0.139279013163432	0.13927310972176	0.112145856877149	0.147873178716647	0.14191164275675	0.135537599596303	0.120156570706664	0.0885869915627708	0.0937265524955061	0.113221423512959	0.0953438134766982	0.155028669881817	0.101673084887742	0.0739690948340139	0.127563083951446	0.0956645447710379
700014971	0.150109323382537	0	0.145362193608226	0.160967481334476	0.142022619084488	0.145983920472766	0.156345476610156	0.145179334776926	0.147749438938007	0.134842918704869	0.131159033558448	0.165832435784456	0.147722527907867	0.131605671581103	0.153159156384959	0.169283452145613	0.134512865052214	0.16140753552529	0.148400193302168	0.146190090673039	0.147222328328891	0.141500783561599	0.117945762672162	0.152654668662167	0.158715583670501	0.134149577573849	0.133425216631157	0.136225842118255	0.120741514074581	0.132022931763235	0.134471588256472	0.142218514400843	0.121875013179632	0.139416625142318	0.138070781179288	0.127115897261054	0.142615305984339	0.16350160867185	0.144259112859899	0.147924446394444	0.142307158584274	0.14722689631099	0.131504895509718	0.139122722209579	0.13190932815112	0.126580918032478	0.110396366433115	0.144479552961774	0.125472155532747	0.143619251294325	0.141727674835552	0.151787570776201	0.149839734887569	0.13488449320452	0.151602074507513	0.128339817923003	0.148500832461117	0.151982544021684	0.140179463093417	0.144882055810797
700033565	0.157203316056857	0.145362193608226	0	0.151215330314253	0.139419185164858	0.0762694553432518	0.139313972216532	0.0976862319616523	0.150645876812905	0.0903665906640021	0.0931589495613808	0.0665689748299446	0.0973145854513365	0.132536177605591	0.085818053474954	0.122027225899503	0.10160161063753	0.101240597974778	0.142319097718084	0.138485020802594	0.137875842458412	0.0881414032133402	0.135236238347983	0.147825524600341	0.127161625001841	0.158790668243125	0.130241885165121	0.142495975364738	0.120775145106366	0.0977683979226718	0.104702279169915	0.0995549108824728	0.103617126783702	0.0855386217586744	0.154653501005532	0.108004563867522	0.137876637694077	0.085090089180116	0.151535880488506	0.109900623045881	0.140796409684589	0.0766999547602737	0.125818341884411	0.116923950934292	0.100741237327063	0.127381561715799	0.134682330240915	0.0822878559509791	0.104866198231945	0.0860882693540026	0.0791577569197485	0.166290929919384	0.152910062313671	0.118580680244535	0.179009998744815	0.111276373153933	0.12581754889177	0.147084902897423	0.087680999321699	0.136915640313682
700109389	0.0964843626712833	0.160967481334476	0.151215330314253	0	0.143816465381459	0.170214053100139	0.0811420720081291	0.17851511675867	0.136934042463143	0.170795969318329	0.137624494400936	0.14778538889899	0.172485309069466	0.170909381423921	0.153900360690653	0.136254271436578	0.186031771073534	0.188282337517831	0.138251739718251	0.0950930453948342	0.106818458185504	0.143336654439628	0.110563324042371	0.109517744219959	0.0979719514276779	0.114611454540087	0.181103656155532	0.161754230353011	0.140073568128921	0.156738630926947	0.177446090535231	0.137240937377518	0.137134765881105	0.158352247302866	0.116100231210651	0.115931466580889	0.164127302775704	0.167095966192415	0.125642734086034	0.174417930260834	0.131623888614753	0.160408214399607	0.154193431200224	0.12360502452137	0.147292652153453	0.15133111278108	0.144528352341284	0.154430742702126	0.15818843393637	0.140797614955124	0.122182581638186	0.104619706780747	0.0772099667945945	0.143431800423229	0.11304612716762	0.171867093838561	0.101750026468581	0.0837482139474952	0.115327597615749	0.105050722552383
700023058	0.116095299031062	0.142022619084488	0.139419185164858	0.143816465381459	0	0.135998429735574	0.122504140822834	0.145647622837697	0.102460801881072	0.132787794138014	0.121243257770113	0.14562736258976	0.141056121552268	0.12342511957985	0.142037989243116	0.123695615711863	0.147901099747636	0.146410413752974	0.107923410073006	0.127199593450709	0.126310473181892	0.12303068731614	0.11868930092353	0.128423966993838	0.135045460090807	0.105438010264597	0.150599863883646	0.14047451233683	0.127407070634339	0.134587630512953	0.140735509784086	0.129300863211452	0.114758695551603	0.131030474699675	0.109017313751529	0.128237218639926	0.105127996187653	0.14041433382326	0.106687027198242	0.150315186193731	0.123816439126062	0.13581119891419	0.125238540427775	0.129327934002936	0.128576488501364	0.125136928289757	0.114246889187766	0.136715426730008	0.124794362362104	0.138536751025079	0.122986095733087	0.122423394043635	0.127884052334033	0.128335427620479	0.138475690727545	0.14321426141617	0.12970723485155	0.127547632548821	0.127810978542433	0.122222971213745
700023927	0.159985438035228	0.145983920472766	0.0762694553432518	0.170214053100139	0.135998429735574	0	0.157111752421359	0.104234800907976	0.160971467769897	0.0794660427464252	0.103340902965255	0.0927112795906403	0.0906498927290417	0.104090325456224	0.0831088042038279	0.130406444131592	0.0987429449226649	0.0765145354225653	0.147563848693418	0.146349141982751	0.139611004756579	0.109981439330661	0.130467955980464	0.161459659071959	0.141241390715291	0.165512925646915	0.120893198339569	0.150022819992032	0.112126550718654	0.0845483532312376	0.0735207052425071	0.122453940891764	0.11486987850048	0.0718364277370565	0.157499434626868	0.123881009049812	0.122685517439977	0.0672879806328184	0.162684797029651	0.104791865637146	0.149167463305561	0.0816274892210717	0.121050881237759	0.132402476497139	0.0946414578142637	0.118445547923131	0.138977413204768	0.0844725263504192	0.0787191903445435	0.102133958358345	0.105156939832733	0.172108429641841	0.170074489027704	0.115787452701179	0.180258760357628	0.111947179273263	0.130158382592351	0.158937015364917	0.101582536187715	0.146308371332893
700106341	0.0792479289722726	0.156345476610156	0.139313972216532	0.0811420720081291	0.122504140822834	0.157111752421359	0	0.17118647252955	0.0863428124728322	0.159368800670344	0.119214477250173	0.127787533979377	0.153636817113456	0.157389646909128	0.141366449897541	0.110822887297895	0.169692704655507	0.175316049947138	0.101585963718474	0.0725793914458909	0.0797778236109115	0.104922279584323	0.0940752961949717	0.0988953087490899	0.065692244128087	0.125467020309092	0.175425724233154	0.153772872596169	0.14438038724887	0.15114539026987	0.158289474405875	0.085260475750949	0.104733354932073	0.145681141472133	0.124477742292596	0.0837208762350134	0.148062619226567	0.159607495715799	0.0967163410548229	0.173582499625009	0.121839665425473	0.147925453338201	0.124440677700577	0.0913614694475375	0.131087128074504	0.143856641730512	0.122835178311736	0.129277470906504	0.144888737840442	0.114087909483298	0.109163802344037	0.0769722705966603	0.0778204822890249	0.12573014224444	0.111572942323919	0.154421153575593	0.0854760551187066	0.0631968416255515	0.0998843952775867	0.0690516832305756
700114221	0.173367619375149	0.145179334776926	0.0976862319616523	0.17851511675867	0.145647622837697	0.104234800907976	0.17118647252955	0	0.174180169304549	0.0882442187535082	0.12691478201586	0.108508327988915	0.0926236047014976	0.14695077158472	0.0931966776357535	0.15319796015594	0.0837552762870852	0.12719156385781	0.165885389082049	0.160653705982965	0.158848618521884	0.126847556053676	0.157843372479565	0.174657042997246	0.167672037522913	0.174666133721759	0.141036936073647	0.146643330287365	0.115143905381567	0.107559756697217	0.114873187758819	0.136744786195472	0.115718263041471	0.11935638543026	0.167801875406103	0.127834953954125	0.150824240679918	0.105180970726029	0.172885082532166	0.0860189932993331	0.147497610627906	0.0880587735607602	0.144358191609602	0.143730903973777	0.0949556873249702	0.127632405047343	0.136864809188432	0.0942192679585358	0.133396248994269	0.121753352566842	0.127231707490511	0.190502683593157	0.174644330825856	0.147919883190024	0.198969662375669	0.0942312899513009	0.1443957245348	0.180404240975188	0.123631997185076	0.161528050137077
700023543	0.0952522076660493	0.147749438938007	0.150645876812905	0.136934042463143	0.102460801881072	0.160971467769897	0.0863428124728322	0.174180169304549	0	0.151301709734715	0.123192832601392	0.148557510659821	0.157283526620737	0.144123903602093	0.152157121650882	0.102090559740168	0.169726466131506	0.169201003971772	0.0853701725133542	0.11941409533276	0.105063046442259	0.106372922296826	0.108111152637786	0.098406595032308	0.107535101462047	0.107696241768427	0.150442091279544	0.134283444714487	0.154456608483098	0.156711491931382	0.157121769122429	0.0994171293648184	0.11872355903364	0.148500568075679	0.107041129958693	0.12170278517566	0.139239833957443	0.167765429463336	0.0777081892851451	0.178306913596815	0.118116316650963	0.153839669658373	0.131964677008726	0.102344044035682	0.148334397049599	0.140167436266267	0.114773424629529	0.140916102415214	0.151326860948587	0.123430070432664	0.12582868611874	0.0809667829105527	0.108493282770643	0.123496819712043	0.112515177660085	0.147891989040046	0.127341361229081	0.0984139179839638	0.129583367882281	0.0968300276260764
700023439	0.160617372020449	0.134842918704869	0.0903665906640021	0.170795969318329	0.132787794138014	0.0794660427464252	0.159368800670344	0.0882442187535082	0.151301709734715	0	0.105458734869841	0.104697613787412	0.0790782348207629	0.120003567218559	0.097898234663728	0.139725563412855	0.0858542360473129	0.106480150172284	0.146558452142909	0.149323718485535	0.135544049891785	0.113455786987833	0.137844087991334	0.14897388868107	0.152970273313533	0.163855845045168	0.12489796802438	0.135800649825359	0.107343742836107	0.0851800706424312	0.0925031342509758	0.123989621421188	0.102108850418633	0.0865219986653113	0.151681677415365	0.126445564559041	0.128046705411525	0.0914405040189394	0.164249709134006	0.0906171234697579	0.132550069252866	0.0816615216486386	0.133960747054851	0.140357816035375	0.0975237913414249	0.11112201779653	0.126461271258345	0.0945315312068774	0.109294161347622	0.113057446352148	0.107712164320542	0.171309290891478	0.164508405230379	0.11962865562866	0.17369600892516	0.0871809560433362	0.135392756572008	0.160412192806709	0.105656588812075	0.147425969141141
700016978	0.120961396664384	0.131159033558448	0.0931589495613808	0.137624494400936	0.121243257770113	0.103340902965255	0.119214477250173	0.12691478201586	0.123192832601392	0.105458734869841	0	0.103578435037454	0.10448165548878	0.132787709526957	0.131213068713127	0.110342460226068	0.11693689958677	0.114955304067198	0.116676684930648	0.116343894899166	0.110558320691606	0.0793287827861221	0.119130280201878	0.123271277065334	0.109011680362178	0.134850860160456	0.126357785133655	0.123496811717875	0.123730447524854	0.111910773749193	0.100119439716499	0.0977977758117209	0.0891556629017352	0.0779061437492145	0.143274744172953	0.0962745949875223	0.110871635826049	0.120555322778803	0.118762240027947	0.138523908979602	0.107168590878155	0.101739658112545	0.0993266638892894	0.102580543029532	0.104034115275493	0.122153023617549	0.110203985864762	0.108129523881873	0.0980800154936792	0.0989791918721511	0.0780924433971505	0.142307752161672	0.132494631871884	0.0865417359045805	0.142906475290659	0.111237076022335	0.108963779265904	0.125164725281093	0.0948945282048428	0.123427542702665
700024192	0.155298184003606	0.165832435784456	0.0665689748299446	0.14778538889899	0.14562736258976	0.0927112795906403	0.127787533979377	0.108508327988915	0.148557510659821	0.104697613787412	0.103578435037454	0	0.0901373428126098	0.149702365759913	0.0861915306001239	0.117470745424623	0.121648813027459	0.115512939123833	0.135815697118165	0.134804618799932	0.128936154694248	0.0852702315213131	0.135011286132206	0.159110906429054	0.120682915846855	0.163851787415167	0.149050439557703	0.145001141734097	0.122757795004836	0.113408051017447	0.108900946880357	0.0874635133773555	0.103532814798806	0.0945607920139475	0.157882668154873	0.110501854596758	0.145947802727129	0.0861261902484791	0.160621896706544	0.107384041282233	0.141580891580433	0.0650771565917544	0.146488776471792	0.107474306521077	0.0930421678668603	0.123722185690466	0.144021187055696	0.0709753605186659	0.129652130466244	0.0747584062943668	0.0751437589382608	0.16500806908352	0.157264613827813	0.12928519477536	0.185258950281282	0.103280839643819	0.11963052151798	0.146111379537088	0.087360893210856	0.130985950566645
700113058	0.154309129418941	0.147722527907867	0.0973145854513365	0.172485309069466	0.141056121552268	0.0906498927290417	0.153636817113456	0.0926236047014976	0.157283526620737	0.0790782348207629	0.10448165548878	0.0901373428126098	0	0.134502759647586	0.0900395852947826	0.132105751589056	0.0971856668971498	0.125308551584181	0.151108925169388	0.142979811740197	0.139185250417821	0.102127048076368	0.144201765348043	0.162130633859229	0.146232956241779	0.164511835758108	0.126182402521701	0.124192189708919	0.113137046048449	0.0990941321768784	0.102049370867613	0.118638373987198	0.0978078860136192	0.0983349079638594	0.167127509521706	0.122400190823835	0.134468205062044	0.113732446915491	0.158048107379635	0.0958016195731768	0.144246332738102	0.0785896443524439	0.144766580439529	0.135415470632133	0.0843660555949368	0.121553703222828	0.137861874862399	0.0747992096854771	0.11943324354999	0.09490153349217	0.110859013856397	0.175074619980962	0.16937736157638	0.134680582067564	0.186485978799661	0.0786998245528427	0.128075540998841	0.163393506541388	0.102337721346002	0.138216959198427
700099448	0.158440075765018	0.131605671581103	0.132536177605591	0.170909381423921	0.12342511957985	0.104090325456224	0.157389646909128	0.14695077158472	0.144123903602093	0.120003567218559	0.132787709526957	0.149702365759913	0.134502759647586	0	0.131918320988743	0.152118274036167	0.130043117096866	0.123756741108039	0.141297433402119	0.147106016227798	0.140672057194829	0.142764270104064	0.113582055249543	0.146944867315976	0.154060058316705	0.134074008780409	0.13460584777977	0.151642395765315	0.114799648147733	0.103164421042423	0.113752468907614	0.147339984471822	0.128323177414355	0.114867412157794	0.128640446935031	0.134723789802372	0.121337674362906	0.11958675531309	0.146548462000244	0.147338828497464	0.151115477211352	0.127754607583355	0.123117166610333	0.156776883449511	0.114145948762822	0.124173725609794	0.130661592748598	0.13143605316957	0.0834456062673488	0.136171030607886	0.131891138580916	0.1435377593685	0.164391211083646	0.136436880674962	0.157030535952611	0.140619849565104	0.1381686045918	0.151290454872223	0.121490800273781	0.146985202401587
700109870	0.158627454437286	0.153159156384959	0.085818053474954	0.153900360690653	0.142037989243116	0.0831088042038279	0.141366449897541	0.0931966776357535	0.152157121650882	0.097898234663728	0.131213068713127	0.0861915306001239	0.0900395852947826	0.131918320988743	0	0.137634840843353	0.104193004333791	0.126280328779773	0.149742201658788	0.136272526980036	0.133760712403864	0.113170994852437	0.130754176533846	0.166469201022908	0.130132559923154	0.163521589558483	0.136241671683537	0.14543354501761	0.108978585150976	0.0865757687582415	0.117528539850471	0.115165664165381	0.119126682646522	0.114061834339439	0.159888009325707	0.122338482136423	0.144493241955328	0.0854023983676378	0.159981108184596	0.0961576284962905	0.158043932404006	0.0813410270409103	0.150499015452405	0.130883876203243	0.0934151359668753	0.124391844600516	0.142877986030508	0.0711512547561663	0.121351893080324	0.0982329833577106	0.108634561343075	0.158634384294221	0.158657109453614	0.135439325728246	0.184183996734966	0.109199081736763	0.116375427567392	0.149661306908509	0.0895321569090793	0.128568103386517
700033928	0.109114470999083	0.169283452145613	0.122027225899503	0.136254271436578	0.123695615711863	0.130406444131592	0.110822887297895	0.15319796015594	0.102090559740168	0.139725563412855	0.110342460226068	0.117470745424623	0.132105751589056	0.152118274036167	0.137634840843353	0	0.15202753022017	0.137178890472331	0.102861256399632	0.115529325894764	0.108715625889522	0.104389072430797	0.129402544744951	0.107565431376798	0.106559948905018	0.133440413613109	0.153519096556167	0.118378176142644	0.143872567303257	0.137081887147111	0.136837060696659	0.113561920440778	0.11407407113409	0.124700714098239	0.12346126393117	0.125871691764565	0.124269480237864	0.147215777409982	0.107428269081053	0.160785472283456	0.101689879181113	0.118153459749162	0.14329158997924	0.113525886680881	0.117860696869662	0.132464851751352	0.133114651030899	0.128178894288146	0.134392236315869	0.110742908052105	0.0996581334831889	0.117408123959966	0.120949001273883	0.122935990119331	0.136167904488264	0.138565309068458	0.119432274850957	0.107542115871807	0.11704374919848	0.113066863207414
700023693	0.172929658206724	0.134512865052214	0.10160161063753	0.186031771073534	0.147901099747636	0.0987429449226649	0.169692704655507	0.0837552762870852	0.169726466131506	0.0858542360473129	0.11693689958677	0.121648813027459	0.0971856668971498	0.130043117096866	0.104193004333791	0.15202753022017	0	0.126167269593719	0.161431278779219	0.162600246611681	0.152734626713111	0.130638860466823	0.149607889690345	0.174186413064361	0.169215187091036	0.174990354075907	0.135407612086119	0.154418851315707	0.127076961032631	0.110281383989829	0.103419824967446	0.139291524883029	0.116735037398224	0.11230818185187	0.169839408522086	0.130508785274169	0.137634896533616	0.115205737084537	0.171082672088654	0.097565793192596	0.14831211767096	0.102893238797156	0.133874248794227	0.152885553404654	0.104448867468287	0.120192399594717	0.130324563121024	0.103806799936687	0.113779163525689	0.125948343421983	0.122484364918345	0.188858276148118	0.179594473278366	0.130010718308747	0.196057896289726	0.103953711498766	0.144714767738917	0.180945226974618	0.125242425827871	0.159977340655369
700109627	0.164733937902718	0.16140753552529	0.101240597974778	0.188282337517831	0.146410413752974	0.0765145354225653	0.175316049947138	0.12719156385781	0.169201003971772	0.106480150172284	0.114955304067198	0.115512939123833	0.125308551584181	0.123756741108039	0.126280328779773	0.137178890472331	0.126167269593719	0	0.149273504319474	0.163770847800523	0.155026323542989	0.124309667893625	0.152708180942199	0.154668982381661	0.155171844391679	0.174705810142863	0.13114728108658	0.1547176770747	0.14098584724714	0.118357205078212	0.0995091554373908	0.137894935178401	0.135051215391699	0.0988005083674238	0.167142642280067	0.147074131413669	0.117223253067867	0.0864853707525563	0.173699057846219	0.135516127435404	0.15336440142614	0.110141945872393	0.126785946950907	0.145694081615162	0.13125388204506	0.142925080519503	0.150945898810958	0.120046104455623	0.0948531523918367	0.125280513955044	0.118488558584869	0.187654904764659	0.183395415191947	0.118926810257294	0.181874442720479	0.136776222738092	0.155887482483728	0.174008754155463	0.129552365455615	0.1663112195547
700095416	0.0912637572073167	0.148400193302168	0.142319097718084	0.138251739718251	0.107923410073006	0.147563848693418	0.101585963718474	0.165885389082049	0.0853701725133542	0.146558452142909	0.116676684930648	0.135815697118165	0.151108925169388	0.141297433402119	0.149742201658788	0.102861256399632	0.161431278779219	0.149273504319474	0	0.118680986866788	0.09857362199532	0.109017292698504	0.111979402073739	0.0938047947523009	0.106612370270357	0.106995217702285	0.146997442013908	0.130614493530661	0.139303937842244	0.152896566179697	0.144780750061825	0.111497611015112	0.109392605484164	0.135196818292886	0.111702400791301	0.11980972681208	0.115505220332753	0.15487831430804	0.0920723719337555	0.171906576150898	0.100932521415878	0.147608628980296	0.119391877835485	0.115313489735762	0.133172149199066	0.125528301705638	0.10841631532892	0.139469247515895	0.131706344773025	0.122152913695414	0.108021316840901	0.11028537092549	0.122760385534155	0.101635338074658	0.117496477017545	0.143996984487274	0.119528865589333	0.105599931490877	0.124551443617386	0.11613002797137
700110425	0.0948275160167334	0.146190090673039	0.138485020802594	0.0950930453948342	0.127199593450709	0.146349141982751	0.0725793914458909	0.160653705982965	0.11941409533276	0.149323718485535	0.116343894899166	0.134804618799932	0.142979811740197	0.147106016227798	0.136272526980036	0.115529325894764	0.162600246611681	0.163770847800523	0.118680986866788	0	0.0825570572018549	0.109017404586484	0.0939956832868856	0.112981759927387	0.0636801138929197	0.131948220336048	0.156423746975479	0.137690796535185	0.136859153099922	0.127161186130607	0.15684166226716	0.108057981509831	0.104945594655746	0.144464536224185	0.124289680274098	0.0859689081067991	0.137779074095045	0.160539382308154	0.116974549897721	0.169155016369568	0.124364145138308	0.134771439293073	0.128943166204546	0.0903163242178238	0.117349492952285	0.138306811322896	0.118968655057017	0.128043213054003	0.131378553049434	0.122657037561327	0.115362135370894	0.0870811765767114	0.0685751380798317	0.125294624224541	0.118932000973856	0.147208870324606	0.0677807418401051	0.0767523259201824	0.104330640671329	0.0843730943825257
700111580	0.0866667958061932	0.147222328328891	0.137875842458412	0.106818458185504	0.126310473181892	0.139611004756579	0.0797778236109115	0.158848618521884	0.105063046442259	0.135544049891785	0.110558320691606	0.128936154694248	0.139185250417821	0.140672057194829	0.133760712403864	0.108715625889522	0.152734626713111	0.155026323542989	0.09857362199532	0.0825570572018549	0	0.0985916056813016	0.0942580347188507	0.0982755456446153	0.0683763423580591	0.128446511124724	0.15439503369169	0.148739319109547	0.124625795341804	0.14022264407597	0.147065236431097	0.096227086926161	0.100421381883532	0.133272944879352	0.133141990122351	0.0957828910866545	0.143667022886549	0.146552024204263	0.114248517372928	0.155724498826052	0.1162785880291	0.127723453423873	0.129445517780578	0.100580931397319	0.10978881235754	0.123111552888458	0.114323947845594	0.121423411303286	0.12170611935849	0.109461927879586	0.107491419249563	0.095836728039201	0.0982952408633944	0.102524751945588	0.117957783540581	0.136995517799665	0.0723943219243483	0.0752388038646025	0.089495824924693	0.0826208117154873
700111302	0.114531906456004	0.141500783561599	0.0881414032133402	0.143336654439628	0.12303068731614	0.109981439330661	0.104922279584323	0.126847556053676	0.106372922296826	0.113455786987833	0.0793287827861221	0.0852702315213131	0.102127048076368	0.142764270104064	0.113170994852437	0.104389072430797	0.130638860466823	0.124309667893625	0.109017292698504	0.109017404586484	0.0985916056813016	0	0.119996853834437	0.124669684274267	0.0965653223828982	0.143190862310349	0.135276234808284	0.131459144974826	0.131787428007072	0.116484112196287	0.114978157358109	0.067079337421388	0.0831730829429857	0.0916450630814092	0.150296401854883	0.0891040133495695	0.12628048135193	0.131193955674174	0.124130250270899	0.132870701606431	0.128270974811656	0.0985594148093863	0.11376318514017	0.0900418303623905	0.10400357406749	0.129476631811458	0.12414987291955	0.0905309976188458	0.111564643046779	0.0780668311411981	0.0815426076973334	0.131474908008252	0.131717917068627	0.101857767078084	0.154841333360219	0.109439816730173	0.102180524576914	0.120153493771381	0.0841054599213845	0.105586193007711
700098605	0.108259525548834	0.117945762672162	0.135236238347983	0.110563324042371	0.11868930092353	0.130467955980464	0.0940752961949717	0.157843372479565	0.108111152637786	0.137844087991334	0.119130280201878	0.135011286132206	0.144201765348043	0.113582055249543	0.130754176533846	0.129402544744951	0.149607889690345	0.152708180942199	0.111979402073739	0.0939956832868856	0.0942580347188507	0.119996853834437	0	0.110114266312045	0.104969282367324	0.119025527597295	0.139208504360918	0.13732570335343	0.129224396362179	0.123317904689287	0.143806259785392	0.11239584322408	0.115962432141784	0.135136884197728	0.117889529805502	0.103697450295082	0.122994007330081	0.133295656862061	0.11179088665395	0.15444661366662	0.122876983129577	0.138509068625475	0.12310970654302	0.106056784978152	0.130397159209529	0.119934354312285	0.103264266075893	0.131609906557582	0.118595204608942	0.118026960928908	0.113586787752471	0.101985011967631	0.100841085950201	0.119772059201647	0.104754016601944	0.14041996640721	0.106069806572615	0.0943439789961871	0.10846383053353	0.081913929789211
700111991	0.069208602729005	0.152654668662167	0.147825524600341	0.109517744219959	0.128423966993838	0.161459659071959	0.0988953087490899	0.174657042997246	0.098406595032308	0.14897388868107	0.123271277065334	0.159110906429054	0.162130633859229	0.146944867315976	0.166469201022908	0.107565431376798	0.174186413064361	0.154668982381661	0.0938047947523009	0.112981759927387	0.0982755456446153	0.124669684274267	0.110114266312045	0	0.107813285869272	0.105476453601632	0.147615726713152	0.138500359571048	0.13979457748622	0.159679914646253	0.161412225983858	0.131767178878486	0.122403738295248	0.142821755865115	0.105799720070564	0.120482263042642	0.136651592002824	0.167945182776241	0.0981766320424964	0.18074168263741	0.111322636395468	0.157858170321169	0.135262172158509	0.123514594530748	0.144974836971631	0.126433126388109	0.107268005273259	0.155166541972609	0.140948509768157	0.135998615798949	0.124031522491752	0.106371707562697	0.110011190648046	0.116281782919672	0.0909948994152394	0.153688701967693	0.116259032090285	0.0926902946166174	0.125666203742497	0.108394496858825
700108960	0.0878890394213731	0.158715583670501	0.127161625001841	0.0979719514276779	0.135045460090807	0.141241390715291	0.065692244128087	0.167672037522913	0.107535101462047	0.152970273313533	0.109011680362178	0.120682915846855	0.146232956241779	0.154060058316705	0.130132559923154	0.106559948905018	0.169215187091036	0.155171844391679	0.106612370270357	0.0636801138929197	0.0683763423580591	0.0965653223828982	0.104969282367324	0.107813285869272	0	0.136127512628647	0.168586512726798	0.145330075071533	0.141478660760206	0.137272918704412	0.158041963369966	0.0909467449804669	0.112802335095496	0.137598855571738	0.13218218730231	0.0899866946259963	0.143288195249994	0.149704316712715	0.116794530265057	0.170920019665771	0.130532432743804	0.13340386405761	0.132565637976952	0.0837500618043094	0.120749125363818	0.149572434917104	0.134653933325742	0.128879121904037	0.130528020613419	0.101314967364947	0.0941243748142924	0.0862252265291915	0.0778831708313525	0.115287635381494	0.118001493952838	0.152114870240024	0.0765365667205118	0.0629883778264461	0.0881972790103065	0.072638073543179
700024452	0.10227299440329	0.134149577573849	0.158790668243125	0.114611454540087	0.105438010264597	0.165512925646915	0.125467020309092	0.174666133721759	0.107696241768427	0.163855845045168	0.134850860160456	0.163851787415167	0.164511835758108	0.134074008780409	0.163521589558483	0.133440413613109	0.174990354075907	0.174705810142863	0.106995217702285	0.131948220336048	0.128446511124724	0.143190862310349	0.119025527597295	0.105476453601632	0.136127512628647	0	0.15209632267961	0.131737462525176	0.122423334722825	0.156566162308337	0.165797792155991	0.151679052649287	0.129830576331104	0.150214068582388	0.0703216319733819	0.128396481834413	0.139396613260827	0.16859971699824	0.0958630035969255	0.171247689718761	0.127536949152797	0.159408091096891	0.142308002766698	0.141079783904431	0.142628547930941	0.117443899823099	0.117618332749003	0.159341113797532	0.147547663314598	0.148034377931337	0.131232298422875	0.101147420656483	0.11380544756683	0.129352044748764	0.107619388463237	0.155205478128508	0.133210360508092	0.123085535290268	0.138635711544455	0.134757405363323
700032931	0.160727478253612	0.133425216631157	0.130241885165121	0.181103656155532	0.150599863883646	0.120893198339569	0.175425724233154	0.141036936073647	0.150442091279544	0.12489796802438	0.126357785133655	0.149050439557703	0.126182402521701	0.13460584777977	0.136241671683537	0.153519096556167	0.135407612086119	0.13114728108658	0.146997442013908	0.156423746975479	0.15439503369169	0.135276234808284	0.139208504360918	0.147615726713152	0.168586512726798	0.15209632267961	0	0.127770590767302	0.141693683716345	0.132274142213517	0.129820786336486	0.150715258257175	0.138625121247099	0.12737447690207	0.157178094508194	0.146541813432094	0.131565449555564	0.144956226189394	0.139682148534161	0.149281676225151	0.134173852822197	0.130168537849761	0.135800650573934	0.15021296096402	0.129735006821252	0.125686755118429	0.121268172613795	0.131196877283369	0.126111819758199	0.137774179516134	0.139028131883863	0.168447698483125	0.166882330837579	0.118297366125311	0.15713647046143	0.119235027363687	0.156445281782636	0.172025509443183	0.137962512900069	0.161395009824204
700095837	0.13732285031854	0.136225842118255	0.142495975364738	0.161754230353011	0.14047451233683	0.150022819992032	0.153772872596169	0.146643330287365	0.134283444714487	0.135800649825359	0.123496811717875	0.145001141734097	0.124192189708919	0.151642395765315	0.14543354501761	0.118378176142644	0.154418851315707	0.1547176770747	0.130614493530661	0.137690796535185	0.148739319109547	0.131459144974826	0.13732570335343	0.138500359571048	0.145330075071533	0.131737462525176	0.127770590767302	0	0.113325072812356	0.117339438905443	0.148350518180259	0.147221389505829	0.115215786768677	0.127719359970641	0.135255380722427	0.130801656945324	0.119519494367468	0.168829795666737	0.126746952388087	0.155006632444629	0.125922064975357	0.127491792808999	0.147150393064167	0.140173037974091	0.115750891861412	0.128095869766415	0.130453510611858	0.133242469407316	0.147100811678242	0.138846003724418	0.128070582165821	0.14677539148864	0.147578821266456	0.145899693897489	0.150339575969594	0.118962869059774	0.143620003175568	0.149292835938756	0.136223684227967	0.14906322045647
700024548	0.145348369776268	0.120741514074581	0.120775145106366	0.140073568128921	0.127407070634339	0.112126550718654	0.14438038724887	0.115143905381567	0.154456608483098	0.107343742836107	0.123730447524854	0.122757795004836	0.113137046048449	0.114799648147733	0.108978585150976	0.143872567303257	0.127076961032631	0.14098584724714	0.139303937842244	0.136859153099922	0.124625795341804	0.131787428007072	0.129224396362179	0.13979457748622	0.141478660760206	0.122423334722825	0.141693683716345	0.113325072812356	0	0.0996713095754293	0.124868648982872	0.142617079679457	0.109019300491159	0.112037041114685	0.116090111337192	0.114300487347241	0.140426299424525	0.12104554652337	0.147880229869188	0.111233339960063	0.130956201103549	0.097017998892896	0.135705253194579	0.150454817653583	0.0780009641128182	0.0950014389445668	0.118655408363816	0.104012402412548	0.118244683861535	0.132966411056818	0.115281179746318	0.148216691521501	0.142748576623054	0.128900224291459	0.156387589661514	0.114188612021979	0.118549411085698	0.148084770213652	0.110874431792374	0.146567512415902
700110161	0.157661010330543	0.132022931763235	0.0977683979226718	0.156738630926947	0.134587630512953	0.0845483532312376	0.15114539026987	0.107559756697217	0.156711491931382	0.0851800706424312	0.111910773749193	0.113408051017447	0.0990941321768784	0.103164421042423	0.0865757687582415	0.137081887147111	0.110281383989829	0.118357205078212	0.152896566179697	0.127161186130607	0.14022264407597	0.116484112196287	0.123317904689287	0.159679914646253	0.137272918704412	0.156566162308337	0.132274142213517	0.117339438905443	0.0996713095754293	0	0.108899383477517	0.125790260374984	0.112646067328722	0.0917835248355959	0.155232486491452	0.122397293724922	0.124515540726052	0.101025682777822	0.159101084817712	0.111634612811685	0.151683514169224	0.0934464604174842	0.131229138413913	0.126716155223501	0.0960547714317853	0.130342027930259	0.139127654469532	0.0963373348605522	0.0978990307412653	0.108682300719873	0.112538756436337	0.158611496007243	0.155281944063092	0.130575922411062	0.177100656844566	0.109014941666748	0.116716068219732	0.150768469599398	0.0979277075332337	0.140218630652451
700023496	0.16293936332769	0.134471588256472	0.104702279169915	0.177446090535231	0.140735509784086	0.0735207052425071	0.158289474405875	0.114873187758819	0.157121769122429	0.0925031342509758	0.100119439716499	0.108900946880357	0.102049370867613	0.113752468907614	0.117528539850471	0.136837060696659	0.103419824967446	0.0995091554373908	0.144780750061825	0.15684166226716	0.147065236431097	0.114978157358109	0.143806259785392	0.161412225983858	0.158041963369966	0.165797792155991	0.129820786336486	0.148350518180259	0.124868648982872	0.108899383477517	0	0.128277717200691	0.108429629926073	0.0784348279415268	0.164891566433482	0.125105089289915	0.126792878297058	0.106622060776237	0.159307529745291	0.120364813026266	0.138715769528039	0.100757429296705	0.114741485578702	0.137517522630441	0.104586541736808	0.116719821771889	0.131835886690925	0.103350378919864	0.0907031908593019	0.113537684899324	0.113670243442615	0.181384060753051	0.175871270984731	0.115628256560075	0.182259700224778	0.105976178396751	0.139854082286317	0.170285354904348	0.125837964711362	0.160177596771949
700034628	0.124608771147979	0.142218514400843	0.0995549108824728	0.137240937377518	0.129300863211452	0.122453940891764	0.085260475750949	0.136744786195472	0.0994171293648184	0.123989621421188	0.0977977758117209	0.0874635133773555	0.118638373987198	0.147339984471822	0.115165664165381	0.113561920440778	0.139291524883029	0.137894935178401	0.111497611015112	0.108057981509831	0.096227086926161	0.067079337421388	0.11239584322408	0.131767178878486	0.0909467449804669	0.151679052649287	0.150715258257175	0.147221389505829	0.142617079679457	0.125790260374984	0.128277717200691	0	0.0957354398723008	0.112136686193999	0.149694526902511	0.0795131011018773	0.141833093676046	0.123999744571362	0.135301842437163	0.140805019344647	0.137298593914304	0.10521424741564	0.11822430875816	0.0721736598248062	0.119099636183287	0.13957967593708	0.126566976807861	0.0961204331784084	0.12873373719257	0.0752661749896589	0.0903966642956637	0.121067667904066	0.120661650209694	0.112726284044181	0.14973599492896	0.116360685570556	0.105835332769394	0.105935713942009	0.0838101920656094	0.0867969125235606
700023645	0.118839856177622	0.121875013179632	0.103617126783702	0.137134765881105	0.114758695551603	0.11486987850048	0.104733354932073	0.115718263041471	0.11872355903364	0.102108850418633	0.0891556629017352	0.103532814798806	0.0978078860136192	0.128323177414355	0.119126682646522	0.11407407113409	0.116735037398224	0.135051215391699	0.109392605484164	0.104945594655746	0.100421381883532	0.0831730829429857	0.115962432141784	0.122403738295248	0.112802335095496	0.129830576331104	0.138625121247099	0.115215786768677	0.109019300491159	0.112646067328722	0.108429629926073	0.0957354398723008	0	0.0953768712508162	0.134172793267025	0.086693923834352	0.12004835999764	0.132653700542764	0.126662452682207	0.118183136496344	0.112494153562576	0.09677861678816	0.108507271910269	0.104790793496113	0.081452929807931	0.102266740321686	0.0971607148520668	0.0886939357366825	0.11096839548629	0.0898014144382053	0.0876919768766629	0.130190077178159	0.126440970478956	0.115711917861305	0.14749633637182	0.0969303723108863	0.0977570091232859	0.118768402913905	0.091610863312059	0.116381637009795
700038744	0.144671066284806	0.139416625142318	0.0855386217586744	0.158352247302866	0.131030474699675	0.0718364277370565	0.145681141472133	0.11935638543026	0.148500568075679	0.0865219986653113	0.0779061437492145	0.0945607920139475	0.0983349079638594	0.114867412157794	0.114061834339439	0.124700714098239	0.11230818185187	0.0988005083674238	0.135196818292886	0.144464536224185	0.133272944879352	0.0916450630814092	0.135136884197728	0.142821755865115	0.137598855571738	0.150214068582388	0.12737447690207	0.127719359970641	0.112037041114685	0.0917835248355959	0.0784348279415268	0.112136686193999	0.0953768712508162	0	0.153287560059549	0.112278480327366	0.111193826746508	0.0923240889320494	0.149742129843114	0.110964771306916	0.130319948828238	0.0857068637014935	0.107201806290186	0.123989654699688	0.0988702259509774	0.109087186363613	0.134167658824784	0.0944027316227877	0.0901515508260038	0.098126044038367	0.0936583445273881	0.166600042987399	0.160812479488743	0.106616129668107	0.16808541579234	0.0957285504001822	0.127432444762976	0.152024488814872	0.10072544656245	0.149012069128872
700038485	0.114577721725977	0.138070781179288	0.154653501005532	0.116100231210651	0.109017313751529	0.157499434626868	0.124477742292596	0.167801875406103	0.107041129958693	0.151681677415365	0.143274744172953	0.157882668154873	0.167127509521706	0.128640446935031	0.159888009325707	0.12346126393117	0.169839408522086	0.167142642280067	0.111702400791301	0.124289680274098	0.133141990122351	0.150296401854883	0.117889529805502	0.105799720070564	0.13218218730231	0.0703216319733819	0.157178094508194	0.135255380722427	0.116090111337192	0.155232486491452	0.164891566433482	0.149694526902511	0.134172793267025	0.153287560059549	0	0.127747523267875	0.138609036960809	0.161869708468528	0.103239372837541	0.170488610536228	0.127830701402823	0.15040750668907	0.149037898237511	0.138983079103537	0.140659249670571	0.113107401513343	0.116694623577523	0.162601901418563	0.14627082633563	0.154381938075112	0.126469276774125	0.0973191567329386	0.112910442190116	0.137228510021233	0.111130537333423	0.159365980199818	0.13588310035277	0.118342472484416	0.139053633802372	0.12597701482786
700024743	0.115951290532049	0.127115897261054	0.108004563867522	0.115931466580889	0.128237218639926	0.123881009049812	0.0837208762350134	0.127834953954125	0.12170278517566	0.126445564559041	0.0962745949875223	0.110501854596758	0.122400190823835	0.134723789802372	0.122338482136423	0.125871691764565	0.130508785274169	0.147074131413669	0.11980972681208	0.0859689081067991	0.0957828910866545	0.0891040133495695	0.103697450295082	0.120482263042642	0.0899866946259963	0.128396481834413	0.146541813432094	0.130801656945324	0.114300487347241	0.122397293724922	0.125105089289915	0.0795131011018773	0.086693923834352	0.112278480327366	0.127747523267875	0	0.13292472615415	0.139425215680527	0.116098074454726	0.13850582910287	0.126560454769788	0.108797372493665	0.10523045847564	0.0864773125661199	0.0956976204589521	0.119767202939091	0.113268182017005	0.105416145039695	0.116315930537946	0.101620421018818	0.0947177214201577	0.115214244032239	0.10895731759426	0.111681785806811	0.131094758550601	0.126471216452053	0.0892389263051736	0.0959712527911141	0.0844034513069147	0.0935635479129547
