700108602	700014971	700033565	700109389	700023058	700023927	700106341	700114221	700023543	700023439	700016978	700024192	700113058	700099448	700109870	700033928	700023693	700109627	700095416	700110425	700111580	700111302	700098605	700111991	700108960	700024452	700032931	700095837	700024548	700110161	700023496	700034628	700023645	700038744	700038485	700024743	700099596	700110760	700101587	700106399	700032322	700095653	700021312	700101230	700023590	700038905	700033136	700023382	700096424	700105469	700016908	700096053	700108479	700109569	700033814	700016125	700109756	700102665	700101777	700109455
700108602	0	0.226207695146428	0.349955922573353	0.198631196993986	0.194024544436269	0.310082101104316	0.0979718570854567	0.307920646757925	0.130180385660438	0.288535493359614	0.237113588596315	0.361689523254921	0.317463520415633	0.232355027315985	0.333618822598012	0.207597580771955	0.297878834935347	0.301163095820225	0.159917569616239	0.11570178605848	0.177073107927269	0.2577605149788	0.11234494190246	0.0868642091498386	0.169163949672349	0.206287328039231	0.217040414856712	0.328435174315633	0.292312138725782	0.321030199900225	0.271111442791595	0.276307299218605	0.247317324804714	0.280205265197993	0.145881378270361	0.177565132234972	0.239373748756462	0.330533615296909	0.113443499465452	0.349122856179351	0.163862594673852	0.330114698174427	0.202703728697838	0.192824020831036	0.285679916175368	0.215080083389882	0.180141036680461	0.301906926494117	0.264275051828781	0.333016235357628	0.316245769302999	0.10246087323685	0.102338140378985	0.171440098904215	0.115721217059894	0.296546816096622	0.166445984031443	0.125610827537783	0.305233666857767	0.160730326453817
700014971	0.226207695146428	0	0.310461750509898	0.339135437851143	0.132067391829326	0.239885413714449	0.245308994646881	0.191906251764737	0.202587347896759	0.205597566379712	0.215616933973571	0.330283865772724	0.198274083574953	0.142621862747281	0.248573173197547	0.230256892132788	0.182806603526279	0.273267143882536	0.224795528339967	0.232047536763785	0.248311720626796	0.249882296925417	0.178956365894281	0.202207916575394	0.296699393220371	0.180586529039608	0.130135905445203	0.236805792505081	0.160587795516203	0.195622313717159	0.159558545677432	0.259758630221917	0.188433652308955	0.202099329353914	0.164122091251917	0.193775983472277	0.236690189103554	0.26982674262294	0.187934388048293	0.191774424775276	0.161083746305761	0.222365774537072	0.179898456322419	0.221029633238026	0.187990503877198	0.166897123679523	0.122636122918934	0.204414576568643	0.198710268080125	0.293371711642628	0.311700274267065	0.214926361218149	0.238992928320784	0.188523409623325	0.275414005988609	0.202967822489592	0.213566444171706	0.241360540633909	0.265655127300978	0.240656780349607
700033565	0.349955922573353	0.310461750509898	0	0.446591416578297	0.330991704475842	0.108063349806954	0.325892449813496	0.188801938070023	0.309541346875943	0.146533527781044	0.150905296688096	0.0677551767207988	0.194375125314788	0.235198771408621	0.185306362497075	0.173073096402093	0.198576883089346	0.139368980816223	0.245461118507308	0.317085725097196	0.244848626310687	0.121586117512495	0.347310812783057	0.302257907822068	0.251852442215888	0.346995428825061	0.253315497063902	0.395221572574842	0.323749327151352	0.21459783666351	0.209087964056262	0.153147793185345	0.17465597431395	0.138627649091971	0.362347501392233	0.229906830200869	0.254776887512067	0.150493569139822	0.287465635483615	0.256485628826121	0.240290364126706	0.13155314975517	0.244811517703289	0.277108987991661	0.196134710746162	0.233996412368628	0.266520189978037	0.161968087924637	0.17846662777956	0.0587358971050329	0.11218713730531	0.321036367778605	0.354355835728833	0.230452214307753	0.410749778836398	0.155206641073849	0.239355454182158	0.310642728756157	0.0790857007632016	0.292763266941166
700109389	0.198631196993986	0.339135437851143	0.446591416578297	0	0.325141001075579	0.429248683093939	0.196578722387152	0.415847288059545	0.29261859238662	0.406181372422112	0.362315440670178	0.456160400394899	0.422234296543879	0.369387919776013	0.429124129293119	0.337358075877828	0.415854720687114	0.428317977276844	0.319265405059099	0.196168902953669	0.296963479075752	0.378358035009588	0.208899562626285	0.257002151133976	0.275141488726357	0.295646398381712	0.361599589826971	0.42313008699841	0.368411440183873	0.420018673106902	0.394798475846542	0.392739575594828	0.366588808359351	0.398040399683565	0.240933332340697	0.301574734069236	0.378903546018365	0.445152386958569	0.266500524977399	0.417288140445772	0.304716392576251	0.431105776525395	0.349613080417978	0.315669486676482	0.38980490542236	0.336209913171356	0.334516574378682	0.40737456649576	0.390988091275587	0.433129453791124	0.417862414318196	0.217129668272912	0.155765775635914	0.31743384805735	0.189634061595391	0.409311599024476	0.266394082151431	0.222646863050957	0.40819595577932	0.270112308832146
700023058	0.194024544436269	0.132067391829326	0.330991704475842	0.325141001075579	0	0.254610888186974	0.218023402714695	0.235228099037542	0.176748373927475	0.240575809951027	0.222384774409761	0.347844607761322	0.247988914441199	0.163118028745693	0.282308417112798	0.216429071429888	0.227387098710934	0.258369274322754	0.19588490369936	0.223702435948046	0.24316730592421	0.260526663205337	0.188469698576061	0.164644196587266	0.280927159984399	0.161773986183437	0.147858668768758	0.263737657120632	0.221922057634862	0.223316033502831	0.192717566872756	0.281587811808275	0.205156925595011	0.22629815433005	0.155219133814513	0.217766198293214	0.189988110073284	0.247290420056968	0.169546806907793	0.276085798591271	0.148763228731114	0.26121196218624	0.14395907742088	0.230488917636853	0.224973694707613	0.1933453886474	0.119193994093643	0.24460887260675	0.198368666780668	0.316273601090091	0.315027560279426	0.18876662141998	0.220391633843622	0.182498035472102	0.261315394017927	0.239865237933807	0.228665397086003	0.217966171236982	0.282870362539185	0.224376065721277
700023927	0.310082101104316	0.239885413714449	0.108063349806954	0.429248683093939	0.254610888186974	0	0.307998038364819	0.13630041122841	0.269958297375975	0.0762209719881758	0.136053690922548	0.150634282715382	0.133376374205743	0.150529570596403	0.149274153865484	0.152847048155762	0.134441665787124	0.0888542110074962	0.223869417231153	0.285834960669076	0.235308844478431	0.167209703892464	0.290157764409509	0.260308863009132	0.25945366546918	0.300277432880427	0.177241467089797	0.353217268998588	0.268304448388061	0.15697254140649	0.125659269144241	0.171657472719264	0.139605386365014	0.0710082315225853	0.312045175057873	0.196445698197119	0.193764814718708	0.0927682882994371	0.251521437223454	0.199151641898853	0.193057220720454	0.0938032011941529	0.184398243160919	0.242565174862449	0.143720573759617	0.176980511568702	0.202990552329803	0.113010692304242	0.089175729925298	0.119618223863255	0.180495392202586	0.29049472949005	0.331733460177724	0.196572850211781	0.373845799516164	0.0987205894641671	0.20544857207073	0.28240608372496	0.103168788032488	0.27050556047335
700106341	0.0979718570854567	0.245308994646881	0.325892449813496	0.196578722387152	0.218023402714695	0.307998038364819	0	0.302251448017615	0.137012063401073	0.281211578710979	0.227720575174663	0.330744597933691	0.307221671537047	0.25450033676988	0.319904024349093	0.202321643390121	0.294111798399023	0.313768931063535	0.156868696050254	0.0820629306565991	0.155292114403833	0.235504995650762	0.12197072061147	0.139805716184243	0.127762154242056	0.262218956247298	0.2584406496908	0.358463339223711	0.306949988865733	0.321366496151527	0.272372293541351	0.225982442267892	0.244506272980812	0.282099496350201	0.195371267862353	0.146587369766902	0.263312949945517	0.325243729618078	0.125702625582132	0.352521556287568	0.178648377907678	0.318097592927923	0.211996985027122	0.169603846915466	0.274059009074764	0.23239042616928	0.201748346532912	0.290936736271549	0.270124524267648	0.305213826042447	0.302355508123718	0.0916619005082577	0.0862690707252486	0.164000150340494	0.147866416327851	0.285870180833921	0.149008975832762	0.109834033984417	0.28405540875577	0.0990094979411139
700114221	0.307920646757925	0.191906251764737	0.188801938070023	0.415847288059545	0.235228099037542	0.13630041122841	0.302251448017615	0	0.276923610217332	0.101842816175514	0.216162046326568	0.228025871622527	0.0799120964165653	0.141683389145401	0.104594085706545	0.229112039249912	0.0665825412399312	0.213202615853355	0.274933235617371	0.282066439911038	0.271183157982171	0.239944285879996	0.290899875552824	0.265160495650746	0.332860433018698	0.281811844924263	0.15007592348744	0.304020378589717	0.208835478334705	0.115532296718079	0.14443368277494	0.235690172910612	0.168346472818619	0.128143219430431	0.293436419779214	0.234446059231359	0.238743048991596	0.136747665456242	0.263729711246925	0.125107652201424	0.198309906262422	0.100144024705665	0.216222851090821	0.25288090851251	0.119294318729983	0.148799296147837	0.185967226019787	0.0886313597452508	0.165797535643532	0.188059816640199	0.268527732791035	0.286720116159787	0.310178992087518	0.235551532821483	0.383781987210498	0.0893193919820285	0.217290979913929	0.312684877529968	0.180677288657831	0.285626242410092
700023543	0.130180385660438	0.202587347896759	0.309541346875943	0.29261859238662	0.176748373927475	0.269958297375975	0.137012063401073	0.276923610217332	0	0.242475490405471	0.192310319600803	0.323117932503011	0.278745913856702	0.213361992610058	0.299776086894852	0.166647567059923	0.261088892499722	0.268705476000138	0.115769051926181	0.157632075023558	0.175225297341628	0.213023897203847	0.168452754387428	0.101994749641852	0.173738581309969	0.217427362547456	0.196021475718276	0.320804973048513	0.310800689977172	0.281901198129215	0.227515880615542	0.199166773524019	0.21490465766881	0.239178733800098	0.168563590455666	0.15260110721955	0.195751379714454	0.291828433615136	0.0885383707120903	0.332998756755314	0.141875789290048	0.291473404506748	0.161103259301836	0.122256005400254	0.258498505742262	0.223989750612248	0.144735259427689	0.262498288470255	0.229989699314217	0.291359406015231	0.282833345695144	0.105330921310795	0.163276860127421	0.140833192031385	0.183723279666741	0.254065810340627	0.185228571920889	0.130901578790817	0.269993315242523	0.122466312953921
700023439	0.288535493359614	0.205597566379712	0.146533527781044	0.406181372422112	0.240575809951027	0.0762209719881758	0.281211578710979	0.101842816175514	0.242475490405471	0	0.158690840790741	0.190098675965974	0.0938048102627086	0.134581572495077	0.138466740951774	0.173529405270536	0.0989361308723175	0.141121221032853	0.208062013241651	0.259451926163119	0.224648295999303	0.192126535991615	0.269047403214982	0.235238031079509	0.283351921129372	0.280929701136507	0.155883984606988	0.329091382895138	0.239782510273233	0.133058508541139	0.127876935020635	0.196549758869346	0.153180515545322	0.0862182852842605	0.291414656496867	0.178879121244354	0.178952872677045	0.10465103969755	0.221999588591474	0.165232136261384	0.16019443418571	0.123687797397909	0.170936328220401	0.223590248407726	0.132334151039512	0.138251566548414	0.173439903969813	0.0998215145493805	0.0905455568824668	0.153220062959435	0.213485406259139	0.259102678533958	0.304773051872093	0.172837291348423	0.354388731719501	0.0894152784044527	0.175809884534597	0.271931825045218	0.130295223913148	0.245298656740715
700016978	0.237113588596315	0.215616933973571	0.150905296688096	0.362315440670178	0.222384774409761	0.136053690922548	0.227720575174663	0.216162046326568	0.192310319600803	0.158690840790741	0	0.17023741774558	0.212263002702988	0.189233777419271	0.240762458379447	0.0735997100250939	0.194242760441823	0.106865984509765	0.150914648262684	0.201574136074597	0.164640098526801	0.0721889261061288	0.248701195229063	0.186372164786143	0.165767468740695	0.276399618149535	0.184467060778695	0.316877976872297	0.279792517764078	0.219480178336945	0.14467000476826	0.122772056694777	0.0838703620394862	0.12594957776761	0.260449318116552	0.132181486278165	0.18184288224712	0.201007441398343	0.170746654935672	0.272413635171826	0.138672753048194	0.163114406013434	0.13767030531834	0.168125571725351	0.166607066991809	0.181849245098352	0.163067870140709	0.175073655865013	0.139309865358689	0.140605604110624	0.136112239237993	0.214561539379968	0.249254371010245	0.13777782106332	0.299186113050962	0.163236120237667	0.161097432334694	0.20304993088226	0.116098198086565	0.204319955425244
700024192	0.361689523254921	0.330283865772724	0.0677551767207988	0.456160400394899	0.347844607761322	0.150634282715382	0.330744597933691	0.228025871622527	0.323117932503011	0.190098675965974	0.17023741774558	0	0.219511034243372	0.263616904486629	0.208449515702255	0.182716072634662	0.215182592142397	0.156597952648489	0.256491175798397	0.323713133190638	0.235369562172756	0.129561719012983	0.359655526444642	0.317991233635375	0.262015758443581	0.37266470277103	0.278664965896748	0.407964778385075	0.326446156801719	0.260711602015132	0.216996997498738	0.158956899641157	0.183282502612597	0.171080867059623	0.377156920015777	0.246955642379627	0.275766607074664	0.181941635291988	0.306396321576749	0.270594399533153	0.252407374364917	0.15585685493479	0.259767438291316	0.28213700938856	0.192238801410699	0.241937161269337	0.281384150374042	0.174547463480488	0.200537663502126	0.0670712354009751	0.109803182111869	0.330292155753828	0.362799486177261	0.237697100832955	0.427426863813897	0.187822435831936	0.243110533926673	0.320625382156829	0.115777272378652	0.302136446326256
700113058	0.317463520415633	0.198274083574953	0.194375125314788	0.422234296543879	0.247988914441199	0.133376374205743	0.307221671537047	0.0799120964165653	0.278745913856702	0.0938048102627086	0.212263002702988	0.219511034243372	0	0.143523591779481	0.127707502989187	0.22600235016665	0.0966992305175864	0.202829698053218	0.271442363720869	0.283825272647468	0.270978449401679	0.238813117444618	0.299932808843169	0.267345641864853	0.329757664623966	0.295969872063744	0.1727594851715	0.297901264332717	0.210940204035929	0.125310122951715	0.136799964331445	0.234452884499593	0.165145515407677	0.122160989238089	0.309721205695322	0.240585052964215	0.240125242822675	0.160299941972027	0.266070973362948	0.133168992970611	0.197852806983925	0.0945615778446202	0.223476037421428	0.249791743438885	0.116283847025343	0.162808095030929	0.206326433766645	0.0894239767435985	0.158002365245479	0.184518225788186	0.262681333623345	0.280079356309262	0.318019512701105	0.239933040834148	0.396350651211449	0.0797394777053303	0.217857603776518	0.306909674079836	0.175943143445424	0.282203175932119
700099448	0.232355027315985	0.142621862747281	0.235198771408621	0.369387919776013	0.163118028745693	0.150529570596403	0.25450033676988	0.141683389145401	0.213361992610058	0.134581572495077	0.189233777419271	0.263616904486629	0.143523591779481	0	0.1809430183956	0.194436088556121	0.122917975912911	0.179815690714914	0.187648611374305	0.231816910358099	0.228659430131019	0.231585054045973	0.214366578217794	0.178920931111653	0.283525911532944	0.197816133070845	0.091453157225269	0.284384565800725	0.183582397675055	0.150208989388729	0.107228323506311	0.239032003829727	0.148255283538398	0.128845703500985	0.222582991541942	0.195232159883537	0.163187824761039	0.169790397162735	0.194194223338062	0.188823345745805	0.140385884809398	0.165927193766419	0.134873049692774	0.230180464404349	0.126339433219416	0.129276948512704	0.124990286303807	0.139653308268396	0.105143211484585	0.222357520271002	0.255339164121419	0.220786529422544	0.262954506952456	0.164563892775147	0.296131911151162	0.145365899599332	0.176373223808024	0.246736016652247	0.196829194913429	0.241171831783554
700109870	0.333618822598012	0.248573173197547	0.185306362497075	0.429124129293119	0.282308417112798	0.149274153865484	0.319904024349093	0.104594085706545	0.299776086894852	0.138466740951774	0.240762458379447	0.208449515702255	0.127707502989187	0.1809430183956	0	0.251178181269879	0.116168947960725	0.227450590165505	0.289266809442923	0.29988238926176	0.264340745252262	0.26042120671919	0.306855673393475	0.29368851155139	0.346189915106956	0.321037184749317	0.211332133476907	0.346633483656506	0.229809275250371	0.155864156686933	0.187592004249053	0.250655911962736	0.210084678228962	0.154775594147949	0.336214336358498	0.259064741826545	0.262164451299417	0.128748777808536	0.282311975044323	0.158454203213292	0.232767091117528	0.129614036526584	0.252094818879511	0.278205282813737	0.142145515127376	0.160813709526751	0.233803286370969	0.110035010121604	0.187407414663358	0.183917328042111	0.264734609692287	0.308194976824313	0.334692083010187	0.253318679322852	0.400163375963666	0.137051857402059	0.238666581390609	0.32939129079522	0.184477654469453	0.305914891493024
700033928	0.207597580771955	0.230256892132788	0.173073096402093	0.337358075877828	0.216429071429888	0.152847048155762	0.202321643390121	0.229112039249912	0.166647567059923	0.173529405270536	0.0735997100250939	0.182716072634662	0.22600235016665	0.194436088556121	0.251178181269879	0	0.209887303902912	0.14310688421754	0.129879204049447	0.205565773328397	0.144903884752943	0.0970324495061809	0.232987977731913	0.159103659504291	0.163641268473962	0.259067662959486	0.196440964011993	0.325075724111307	0.280863378013432	0.232441618646503	0.15732276196902	0.125189955868136	0.0936257709486108	0.143515815671155	0.243069627931762	0.152124376247455	0.180345948269454	0.21736164191381	0.157757988561644	0.285840516194293	0.110779418672978	0.172513249603844	0.146598019026633	0.180850462764252	0.17021981915074	0.181446299560881	0.145939242327922	0.186513716543885	0.15767808946143	0.151532887220147	0.149731346977325	0.176327007508922	0.231384506609833	0.136741258080096	0.284395316592052	0.174206666002982	0.161136657247741	0.17105581492346	0.134678459503642	0.173052438968677
700023693	0.297878834935347	0.182806603526279	0.198576883089346	0.415854720687114	0.227387098710934	0.134441665787124	0.294111798399023	0.0665825412399312	0.261088892499722	0.0989361308723175	0.194242760441823	0.215182592142397	0.0966992305175864	0.122917975912911	0.116168947960725	0.209887303902912	0	0.193026150944653	0.251343663887361	0.268729178255915	0.233993026276026	0.230411807137715	0.279314817681055	0.247039555799755	0.31948461935853	0.273862167514715	0.140777542495964	0.300973654975728	0.184621999035996	0.126429513291902	0.11832505303652	0.229173141638206	0.151509395839317	0.116810564243643	0.283840152922539	0.210753696486101	0.215749248317589	0.147329092351432	0.248125123944	0.119562221707626	0.178653434522852	0.116100126272327	0.192279173924829	0.240736190933881	0.0974477355633851	0.119903862325982	0.167606173310707	0.0845746627276924	0.146444664745242	0.184746085608235	0.256105457275762	0.274318961841789	0.307618990751113	0.210093062968588	0.376659107621686	0.104738897330663	0.203658702741428	0.29683942940497	0.187125913675077	0.273546525459072
700109627	0.301163095820225	0.273267143882536	0.139368980816223	0.428317977276844	0.258369274322754	0.0888542110074962	0.313768931063535	0.213202615853355	0.268705476000138	0.141121221032853	0.106865984509765	0.156597952648489	0.202829698053218	0.179815690714914	0.227450590165505	0.14310688421754	0.193026150944653	0	0.215160783715669	0.286007509746423	0.245467024577299	0.144953169331	0.310384080218496	0.244976660910106	0.247556741601369	0.306766608174672	0.200297180747807	0.36114745915794	0.323082235439779	0.218540740575025	0.153049465963895	0.180974095566287	0.147075115490014	0.123465986670977	0.318246257031169	0.20712642117247	0.167249575109917	0.137454213126419	0.249129010186768	0.266206870813053	0.208800786027824	0.163678841078677	0.169887897332417	0.242232738568836	0.200541662714469	0.225738638429518	0.220367959433081	0.187284057265868	0.0990458770397082	0.140820877708938	0.160548987400388	0.296882770407952	0.333578744612298	0.20523638802349	0.35585640470922	0.171472241406783	0.222173977406161	0.284117748493499	0.133153949229297	0.286283159021944
700095416	0.159917569616239	0.224795528339967	0.245461118507308	0.319265405059099	0.19588490369936	0.223869417231153	0.156868696050254	0.274933235617371	0.115769051926181	0.208062013241651	0.150914648262684	0.256491175798397	0.271442363720869	0.187648611374305	0.289266809442923	0.129879204049447	0.251343663887361	0.215160783715669	0	0.177043972232758	0.116368062690103	0.156128282912742	0.192240555654027	0.112653706340763	0.137407559629119	0.23663489069759	0.195141356782699	0.348576747416628	0.293230218809094	0.270066247297492	0.195930435351663	0.156177873365078	0.178924404358181	0.207229790742925	0.202313309097205	0.126944038139456	0.177626266610443	0.233189932361972	0.104195600115686	0.32995193577948	0.113875043312729	0.264028173148692	0.124003668149977	0.158096434830484	0.221978194421233	0.206329133901699	0.134803411759438	0.236471509851182	0.180202870064181	0.226867000089553	0.22299568084473	0.148639766386082	0.200540924186525	0.0753279681519158	0.213956846065881	0.227748992764724	0.152351559384243	0.146899073508507	0.209950499388889	0.137822551882779
700110425	0.11570178605848	0.232047536763785	0.317085725097196	0.196168902953669	0.223702435948046	0.285834960669076	0.0820629306565991	0.282066439911038	0.157632075023558	0.259451926163119	0.201574136074597	0.323713133190638	0.283825272647468	0.231816910358099	0.29988238926176	0.205565773328397	0.268729178255915	0.286007509746423	0.177043972232758	0	0.159924709906253	0.228154834305004	0.115688460027038	0.133156365676414	0.128353947082647	0.251926960174487	0.228323528995223	0.328456012631653	0.28949328232241	0.286590841071635	0.247519322971	0.24079045070089	0.212806298634824	0.254139434587128	0.188086159460892	0.13643082720765	0.235535314497572	0.308053428095568	0.133385572565323	0.336382453421515	0.164687742967297	0.286813942194253	0.195896454919466	0.140140705660073	0.245985255736824	0.218456349271518	0.175619515604629	0.264189427025343	0.242878071488371	0.298512256448812	0.291319459012585	0.106044998555912	0.0741290904880851	0.167204722141186	0.163033602829824	0.258679409822027	0.109676875509846	0.114024282425295	0.270848391090685	0.136053457924757
700111580	0.177073107927269	0.248311720626796	0.244848626310687	0.296963479075752	0.24316730592421	0.235308844478431	0.155292114403833	0.271183157982171	0.175225297341628	0.224648295999303	0.164640098526801	0.235369562172756	0.270978449401679	0.228659430131019	0.264340745252262	0.144903884752943	0.233993026276026	0.245467024577299	0.116368062690103	0.159924709906253	0	0.160405594478516	0.190540683220787	0.153913219504928	0.111117574861063	0.292890004969049	0.246813763545268	0.380271245302055	0.257879604353163	0.287068179903252	0.19726413251744	0.159315610717675	0.180714292396912	0.220342121650932	0.234107359975716	0.121183410785781	0.243633479226734	0.236451249295818	0.14966133481391	0.302097393116746	0.147435807958236	0.245201414982443	0.176932555968532	0.176894783316638	0.18194883437571	0.177832059065946	0.1745938806014	0.209118157089781	0.200965483884468	0.205589577855718	0.227554648053524	0.140428804679206	0.200179112729402	0.105074468650608	0.243991604752283	0.22762316116985	0.104932377847091	0.127903960600109	0.193958736256866	0.132945987413758
700111302	0.2577605149788	0.249882296925417	0.121586117512495	0.378358035009588	0.260526663205337	0.167209703892464	0.235504995650762	0.239944285879996	0.213023897203847	0.192126535991615	0.0721889261061288	0.129561719012983	0.238813117444618	0.231585054045973	0.26042120671919	0.0970324495061809	0.230411807137715	0.144953169331	0.156128282912742	0.228154834305004	0.160405594478516	0	0.281752413685065	0.216813738934358	0.153417325057558	0.307980492299927	0.228673474631145	0.361315545969177	0.316892564658066	0.25612008239722	0.1904824288118	0.0851274643757559	0.115672053013639	0.154811154393137	0.286752795198581	0.159159560327762	0.220880907587369	0.216436491629306	0.196133729969571	0.297247686548708	0.176805700376247	0.18014090329315	0.181688192473584	0.19174805944687	0.185554781087957	0.223211347520751	0.197545640168159	0.193151559873676	0.179626687952059	0.101159788720453	0.112037802992503	0.228152206177836	0.265559124735884	0.148135797578868	0.323492301173135	0.181064340019862	0.183720074205467	0.219812895127606	0.103687392602817	0.209857239337243
700098605	0.11234494190246	0.178956365894281	0.347310812783057	0.208899562626285	0.188469698576061	0.290157764409509	0.12197072061147	0.290899875552824	0.168452754387428	0.269047403214982	0.248701195229063	0.359655526444642	0.299932808843169	0.214366578217794	0.306855673393475	0.232987977731913	0.279314817681055	0.310384080218496	0.192240555654027	0.115688460027038	0.190540683220787	0.281752413685065	0	0.145619378633469	0.206603545966822	0.221249187236823	0.209812830145371	0.330523483912382	0.266959084333546	0.303384814681528	0.251204047352059	0.281751016242264	0.255059909171891	0.268477451013067	0.153348915122593	0.179664573504034	0.253871248337826	0.30580284526479	0.150664878788551	0.308147655466961	0.175763629769133	0.314545953408638	0.208104515011526	0.201671983232503	0.276643326233359	0.205122856984852	0.172090698241105	0.284798881836848	0.251740624536412	0.32471001112325	0.334834146017761	0.145757930708809	0.122281658002244	0.174999561086017	0.136573692752924	0.288354098975588	0.176350114133977	0.166425135437556	0.301116638780212	0.154960315348526
700111991	0.0868642091498386	0.202207916575394	0.302257907822068	0.257002151133976	0.164644196587266	0.260308863009132	0.139805716184243	0.265160495650746	0.101994749641852	0.235238031079509	0.186372164786143	0.317991233635375	0.267345641864853	0.178920931111653	0.29368851155139	0.159103659504291	0.247039555799755	0.244976660910106	0.112653706340763	0.133156365676414	0.153913219504928	0.216813738934358	0.145619378633469	0	0.17712126816142	0.177886199013544	0.176080225719145	0.306059834973809	0.270120365050298	0.269201687917794	0.21162612790738	0.241447687495352	0.193747079147862	0.230364391770988	0.141393624367753	0.149272257166904	0.179743185852823	0.276936752267004	0.0834778086604011	0.321882338697126	0.111059480151921	0.279577983155318	0.139051796217032	0.167733408787151	0.232669301871063	0.193316476109608	0.123248126843425	0.249351533800741	0.20811105489355	0.284808932740767	0.269182462385796	0.105791515142625	0.149707526720292	0.1245966706233	0.162497300673087	0.24375019347315	0.145491261081329	0.125098937762858	0.263283389889917	0.156424559557271
700108960	0.169163949672349	0.296699393220371	0.251852442215888	0.275141488726357	0.280927159984399	0.25945366546918	0.127762154242056	0.332860433018698	0.173738581309969	0.283351921129372	0.165767468740695	0.262015758443581	0.329757664623966	0.283525911532944	0.346189915106956	0.163641268473962	0.31948461935853	0.247556741601369	0.137407559629119	0.128353947082647	0.111117574861063	0.153417325057558	0.206603545966822	0.17712126816142	0	0.318906827355123	0.288217219242013	0.398420357663118	0.339297702093885	0.332615272345193	0.261418325098404	0.1469909334767	0.204882216513822	0.25167689039535	0.258477119618247	0.136556572767214	0.271627979994271	0.30320294804245	0.159783864648145	0.385407171217338	0.198765416103244	0.275914251544355	0.217142412635615	0.157130416224663	0.26544498563549	0.270611298364045	0.230412225462702	0.287854280585295	0.252247395630226	0.236113206894765	0.229068320943975	0.144836591770384	0.158280796991973	0.149584281405732	0.203383820795567	0.278702145790765	0.147023164815092	0.117046299467569	0.218222769530758	0.119818581665844
700024452	0.206287328039231	0.180586529039608	0.346995428825061	0.295646398381712	0.161773986183437	0.300277432880427	0.262218956247298	0.281811844924263	0.217427362547456	0.280929701136507	0.276399618149535	0.37266470277103	0.295969872063744	0.197816133070845	0.321037184749317	0.259067662959486	0.273862167514715	0.306766608174672	0.23663489069759	0.251926960174487	0.292890004969049	0.307980492299927	0.221249187236823	0.177886199013544	0.318906827355123	0	0.181325312442111	0.26824188799701	0.197527699965467	0.256613744375222	0.274306365532933	0.321642913526971	0.260955198605088	0.271956423311127	0.103592805696657	0.249945787037227	0.252067616435983	0.306751610720752	0.199835029178562	0.29057602848283	0.19002534355751	0.30204946243087	0.226375401180663	0.272636876503627	0.263859635464683	0.210905210585643	0.181528844528415	0.286679951799295	0.252021316028675	0.337052356199027	0.34852227982628	0.217670034867995	0.233939265581472	0.233069404559825	0.236672868377041	0.2830378559319	0.247598765996633	0.244312140677392	0.304463220334703	0.288042974877435
700032931	0.217040414856712	0.130135905445203	0.253315497063902	0.361599589826971	0.147858668768758	0.177241467089797	0.2584406496908	0.15007592348744	0.196021475718276	0.155883984606988	0.184467060778695	0.278664965896748	0.1727594851715	0.091453157225269	0.211332133476907	0.196440964011993	0.140777542495964	0.200297180747807	0.195141356782699	0.228323528995223	0.246813763545268	0.228673474631145	0.209812830145371	0.176080225719145	0.288217219242013	0.181325312442111	0	0.258328394264805	0.196415269413807	0.171259779651124	0.137728704871321	0.239982951656978	0.152486341604118	0.14383765500735	0.200715952402433	0.195024073402921	0.163334527887313	0.199521695452264	0.190566641284845	0.199666368359943	0.146554722005256	0.191752946467555	0.134418951966467	0.214124391566302	0.158079234663701	0.139917998123648	0.113863140358738	0.168474684805302	0.13301428118806	0.239657309955401	0.271347972416727	0.224984573643569	0.247001568480344	0.172384218741546	0.280874973848059	0.151524422508036	0.201502743335917	0.252281056360426	0.21287195004651	0.248219291770327
700095837	0.328435174315633	0.236805792505081	0.395221572574842	0.42313008699841	0.263737657120632	0.353217268998588	0.358463339223711	0.304020378589717	0.320804973048513	0.329091382895138	0.316877976872297	0.407964778385075	0.297901264332717	0.284384565800725	0.346633483656506	0.325075724111307	0.300973654975728	0.36114745915794	0.348576747416628	0.328456012631653	0.380271245302055	0.361315545969177	0.330523483912382	0.306059834973809	0.398420357663118	0.26824188799701	0.258328394264805	0	0.220426075688191	0.233246596392135	0.289110351767459	0.388144183172259	0.286956282255583	0.304364587827754	0.279116556556481	0.329042265407649	0.31663822076647	0.378396962599977	0.309043434629333	0.314367775266566	0.282464577231824	0.319521405730954	0.314319197421366	0.322377513277237	0.293041119648269	0.299812020282676	0.275481060500114	0.301101207105818	0.323109458864769	0.384773910930089	0.3840503992222	0.333142917521802	0.336072221144364	0.341784645700771	0.391764489756914	0.307746339579402	0.339074977862043	0.354524434024987	0.364281029844004	0.370732749305879
700024548	0.292312138725782	0.160587795516203	0.323749327151352	0.368411440183873	0.221922057634862	0.268304448388061	0.306949988865733	0.208835478334705	0.310800689977172	0.239782510273233	0.279792517764078	0.326446156801719	0.210940204035929	0.183582397675055	0.229809275250371	0.280863378013432	0.184621999035996	0.323082235439779	0.293230218809094	0.28949328232241	0.257879604353163	0.316892564658066	0.266959084333546	0.270120365050298	0.339297702093885	0.197527699965467	0.196415269413807	0.220426075688191	0	0.161633737729787	0.21496510065412	0.322506616256891	0.231797892690805	0.231165199933238	0.219165727831331	0.250413705072383	0.309271532804759	0.279245407168689	0.265245889320603	0.166402385045101	0.21397690241171	0.233435390668219	0.258075576978913	0.302288306535084	0.159640988605363	0.127175558564622	0.214350904344982	0.195589459318371	0.246328594871229	0.304256228500567	0.347206423724902	0.277103988868924	0.294699420344949	0.251195285467745	0.338090130071925	0.238080122919163	0.232876334157262	0.302043167012085	0.285943945544948	0.311715041969586
700110161	0.321030199900225	0.195622313717159	0.21459783666351	0.420018673106902	0.223316033502831	0.15697254140649	0.321366496151527	0.115532296718079	0.281901198129215	0.133058508541139	0.219480178336945	0.260711602015132	0.125310122951715	0.150208989388729	0.155864156686933	0.232441618646503	0.126429513291902	0.218540740575025	0.270066247297492	0.286590841071635	0.287068179903252	0.25612008239722	0.303384814681528	0.269201687917794	0.332615272345193	0.256613744375222	0.171259779651124	0.233246596392135	0.161633737729787	0	0.150766716416445	0.259187977073963	0.17827397298542	0.133739368946431	0.272847952610086	0.243442454198737	0.23564877560858	0.171147172229365	0.268093095045856	0.170568440416338	0.204072264209238	0.130984585338428	0.220922118612927	0.260717525374767	0.14656650594274	0.186817389473174	0.197620416234782	0.126407803240328	0.162314419104456	0.225454055039566	0.280581972910554	0.283144622907346	0.324862063080445	0.237093907345897	0.395055899099852	0.128820896585316	0.230733366471742	0.298521689692443	0.200910295800213	0.298159868392012
700023496	0.271111442791595	0.159558545677432	0.209087964056262	0.394798475846542	0.192717566872756	0.125659269144241	0.272372293541351	0.14443368277494	0.227515880615542	0.127876935020635	0.14467000476826	0.216996997498738	0.136799964331445	0.107228323506311	0.187592004249053	0.15732276196902	0.11832505303652	0.153049465963895	0.195930435351663	0.247519322971	0.19726413251744	0.1904824288118	0.251204047352059	0.21162612790738	0.261418325098404	0.274306365532933	0.137728704871321	0.289110351767459	0.21496510065412	0.150766716416445	0	0.209377659319333	0.108043214432085	0.10478582718721	0.263332272076593	0.182005942378497	0.173695395345967	0.162714632198061	0.217816972924798	0.185272916909776	0.135955276306774	0.127385566562401	0.13380412364974	0.212471314393724	0.0948647449035509	0.155400512202579	0.133518769395453	0.106196317132704	0.0956886101355729	0.189363132846387	0.215910625035885	0.239448223787254	0.288119134797927	0.160317172520622	0.348962945462352	0.11726020602843	0.175587809095325	0.237444563240717	0.184577153152722	0.239838506801483
700034628	0.276307299218605	0.259758630221917	0.153147793185345	0.392739575594828	0.281587811808275	0.171657472719264	0.225982442267892	0.235690172910612	0.199166773524019	0.196549758869346	0.122772056694777	0.158956899641157	0.234452884499593	0.239032003829727	0.250655911962736	0.125189955868136	0.229173141638206	0.180974095566287	0.156177873365078	0.24079045070089	0.159315610717675	0.0851274643757559	0.281751016242264	0.241447687495352	0.1469909334767	0.321642913526971	0.239982951656978	0.388144183172259	0.322506616256891	0.259187977073963	0.209377659319333	0	0.154864633635617	0.164411647651287	0.300955587300561	0.154460968383801	0.25044813935036	0.210337173481127	0.214087059176968	0.292842649185938	0.199745297172902	0.175271883628468	0.200439911976457	0.170086657755098	0.194736034501971	0.229842290725864	0.215885126836702	0.191374278408704	0.19179892057023	0.129990750499422	0.175418979910212	0.232577277337401	0.273158372277209	0.157222932209072	0.323298504696683	0.179077942591159	0.188973067529849	0.208137334248846	0.129245118720439	0.177265263201946
700023645	0.247317324804714	0.188433652308955	0.17465597431395	0.366588808359351	0.205156925595011	0.139605386365014	0.244506272980812	0.168346472818619	0.21490465766881	0.153180515545322	0.0838703620394862	0.183282502612597	0.165145515407677	0.148255283538398	0.210084678228962	0.0936257709486108	0.151509395839317	0.147075115490014	0.178924404358181	0.212806298634824	0.180714292396912	0.115672053013639	0.255059909171891	0.193747079147862	0.204882216513822	0.260955198605088	0.152486341604118	0.286956282255583	0.231797892690805	0.17827397298542	0.108043214432085	0.154864633635617	0	0.0980635424953915	0.252394002551079	0.144840420602955	0.198046506318273	0.203260463226968	0.199049835069043	0.224873334458879	0.125155954728727	0.118148247514508	0.148127050208987	0.181375279459804	0.109645173812242	0.164882097115932	0.148403766851623	0.12677914574369	0.135755266107036	0.149336077322043	0.161570736912034	0.213820537922224	0.256648959568888	0.168010920608165	0.328178688279135	0.11485041905215	0.154865636501496	0.209441643425641	0.13310904175245	0.223732096712973
700038744	0.280205265197993	0.202099329353914	0.138627649091971	0.398040399683565	0.22629815433005	0.0710082315225853	0.282099496350201	0.128143219430431	0.239178733800098	0.0862182852842605	0.12594957776761	0.171080867059623	0.122160989238089	0.128845703500985	0.154775594147949	0.143515815671155	0.116810564243643	0.123465986670977	0.207229790742925	0.254139434587128	0.220342121650932	0.154811154393137	0.268477451013067	0.230364391770988	0.25167689039535	0.271956423311127	0.14383765500735	0.304364587827754	0.231165199933238	0.133739368946431	0.10478582718721	0.164411647651287	0.0980635424953915	0	0.283697986490643	0.175592733165878	0.182057674646806	0.13028118782739	0.222217107506766	0.183144342479603	0.157242603510083	0.094346661232446	0.167223070094772	0.211281935408817	0.107314401764253	0.149981129708242	0.179201665410709	0.0846116340474138	0.0919972831358463	0.131967661658086	0.185142850502541	0.254471661900103	0.298208883756382	0.183117921581109	0.351849311113411	0.083505816130656	0.183087371694152	0.249555947902674	0.119559898722821	0.252553485956176
700038485	0.145881378270361	0.164122091251917	0.362347501392233	0.240933332340697	0.155219133814513	0.312045175057873	0.195371267862353	0.293436419779214	0.168563590455666	0.291414656496867	0.260449318116552	0.377156920015777	0.309721205695322	0.222582991541942	0.336214336358498	0.243069627931762	0.283840152922539	0.318246257031169	0.202313309097205	0.188086159460892	0.234107359975716	0.286752795198581	0.153348915122593	0.141393624367753	0.258477119618247	0.103592805696657	0.200715952402433	0.279116556556481	0.219165727831331	0.272847952610086	0.263332272076593	0.300955587300561	0.252394002551079	0.283697986490643	0	0.194109218714704	0.261349663960912	0.334310270892659	0.149368444283608	0.304054319760911	0.184285595047727	0.317835618707902	0.221591033269467	0.225100348076748	0.276412379577005	0.213810718201077	0.168681001858949	0.302490152827687	0.26735680127679	0.349694282949429	0.339497461987077	0.15369736613528	0.165870848807706	0.19419412049924	0.183925542624319	0.296318391123458	0.204976834547288	0.183979819948812	0.318201385286	0.220867991828932
700024743	0.177565132234972	0.193775983472277	0.229906830200869	0.301574734069236	0.217766198293214	0.196445698197119	0.146587369766902	0.234446059231359	0.15260110721955	0.178879121244354	0.132181486278165	0.246955642379627	0.240585052964215	0.195232159883537	0.259064741826545	0.152124376247455	0.210753696486101	0.20712642117247	0.126944038139456	0.13643082720765	0.121183410785781	0.159159560327762	0.179664573504034	0.149272257166904	0.136556572767214	0.249945787037227	0.195024073402921	0.329042265407649	0.250413705072383	0.243442454198737	0.182005942378497	0.154460968383801	0.144840420602955	0.175592733165878	0.194109218714704	0	0.212245442377826	0.227051958128665	0.125422188208683	0.289487350105168	0.130590296304632	0.223164166674123	0.159184567332316	0.100940947567218	0.18317924537679	0.175653971631524	0.162564477843215	0.1951701058465	0.160020247541936	0.220799106101326	0.22444769610444	0.143890097154603	0.179747230385205	0.11067563019498	0.227683020837692	0.196694585371274	0.10816940836131	0.122270262881957	0.195608303570185	0.12119783445111
