700108602	700014971	700033565	700109389	700023058	700023927	700106341	700114221	700023543	700023439	700016978	700024192	700113058	700099448	700109870	700033928	700023693	700109627	700095416	700110425	700111580	700111302	700098605	700111991	700108960	700024452	700032931	700095837	700024548	700110161	700023496	700034628	700023645	700038744	700038485	700024743	700099596	700110760	700101587	700106399	700032322	700095653	700021312	700101230	700023590	700038905	700033136	700023382	700096424	700105469	700016908	700096053	700108479	700109569	700033814	700016125	700109756	700102665	700101777	700109455
700108602	0	0.151165708250067	0.16106893796001	0.105782123430044	0.136931494371689	0.161055848785353	0.0896052230631149	0.187007289849766	0.0949939715423481	0.158583908747485	0.119305428238601	0.156653903006629	0.156763071489027	0.146874738679384	0.163168524584031	0.108264560232623	0.181207193371125	0.168612447479409	0.0910661494240219	0.101610336262336	0.0905252976870202	0.107956669301641	0.108484667949796	0.0691582521700801	0.0918573391011429	0.11381756858225	0.151895764239907	0.141547186418912	0.144200051654336	0.163405530082702	0.165179839504903	0.115625549505748	0.124846081229917	0.155903243446665	0.132996545874972	0.114336831449166	0.133630604750119	0.173858643552782	0.101442915777258	0.183833994986578	0.0970081343373574	0.151745852480546	0.148633379920819	0.123591797626048	0.154419805923133	0.12837447161549	0.126401258529108	0.152745251361839	0.13868915750887	0.133889685194614	0.122593168175247	0.0910316106369041	0.0950687418705776	0.099975641592046	0.0945658458550297	0.158555009559113	0.10578271192032	0.085613869782242	0.138063043882581	0.101911969204213
700014971	0.151165708250067	0	0.154807204749637	0.166672031304941	0.135029662423735	0.149691007233563	0.162795701807363	0.164071810091343	0.142920232950486	0.131375166280774	0.132281534980274	0.162717564264672	0.143196769379253	0.134769565474618	0.148727828819425	0.159347651034969	0.135537075870471	0.163567842543609	0.157198992305677	0.154436549695434	0.147772721441859	0.138653980164401	0.129475168702281	0.152850118075229	0.158318783992372	0.144111366954577	0.117343020432282	0.134031834601955	0.1358283254101	0.137927538696445	0.139471395885032	0.152567605828836	0.130725500417306	0.132050383921986	0.145114771579381	0.137459475382746	0.147866853709921	0.162012871118427	0.154375569141497	0.148015263363525	0.140319308297847	0.140457411687581	0.141525696607695	0.140202825697409	0.130194478455378	0.130072235695394	0.113603001011336	0.143536766317277	0.138516979434805	0.14867924983813	0.142168839796909	0.152556544196966	0.155068618058193	0.132477003493312	0.168395647004578	0.130446284242676	0.15753267799182	0.157885083894021	0.14355224409692	0.153293545783717
700033565	0.16106893796001	0.154807204749637	0	0.151040582571135	0.150803878552265	0.0733462964793856	0.149845839961867	0.11090486382522	0.156506905441347	0.0943255631298634	0.107842874450725	0.0628470108296124	0.107396212437288	0.129077348622699	0.0870888680779863	0.124756066232876	0.107969225687978	0.0966250612333264	0.148578817411599	0.140561925031648	0.14186295199043	0.0978992115697399	0.128527065862543	0.145876856391196	0.13469650248126	0.160097711413922	0.126177048959352	0.146970241842829	0.115391990895531	0.0971155067253582	0.106539138075792	0.108084188312613	0.106714615566472	0.088393084654824	0.160206991503935	0.11229376320427	0.12730039530038	0.0871627714432442	0.167039420520254	0.118118985863365	0.143686099310519	0.0831957100549902	0.136373986419133	0.125869237485177	0.104396682883666	0.115589690407296	0.151038550625345	0.0880206067108357	0.10733419197177	0.0849151433285944	0.0843151881504315	0.169044418475124	0.14743105829547	0.120388225181999	0.181229575192891	0.105497956384381	0.125077474505587	0.148315314409924	0.0859965021653783	0.141105941629366
700109389	0.105782123430044	0.166672031304941	0.151040582571135	0	0.14483519753651	0.167433508336692	0.0934717739984229	0.183807757809149	0.133927457493281	0.164987555359839	0.143652700765412	0.14554141974844	0.168502469797425	0.15311636710677	0.146190279115663	0.13512963354549	0.177875900455498	0.186324821771825	0.134936481911377	0.0962376825185108	0.104321786499425	0.137916195813634	0.103841504608002	0.112454703528239	0.10199965603285	0.121403866564871	0.167321583114635	0.149199401066705	0.136398751099497	0.154805778787967	0.177085245864025	0.13862569415718	0.138562755121128	0.158971309254071	0.121647484793792	0.117225162904456	0.16203980519007	0.172547594569576	0.125775718061998	0.168468300212558	0.129069168450293	0.16004178165562	0.161778888689351	0.133088364863227	0.148408003626762	0.144471089223657	0.157109691364775	0.15514283649568	0.152230794798012	0.142117327786228	0.117453496596646	0.105751380240311	0.0738702473952334	0.139841954499359	0.111241406042594	0.172831515549075	0.107230772673827	0.086423172379679	0.126058133020491	0.102466786314643
700023058	0.136931494371689	0.135029662423735	0.150803878552265	0.14483519753651	0	0.148544493564134	0.125846430422863	0.171984816656278	0.116714723250509	0.142616720519127	0.12939464167847	0.153387296863042	0.149388548750948	0.117712262173754	0.150787787882138	0.137587660642417	0.14845798269673	0.161963258519604	0.130136729743555	0.130767476159867	0.132660724988476	0.129466211188042	0.12644619290134	0.13049040244058	0.140059582035157	0.105129433499587	0.140472724513044	0.137515550726955	0.131831594571318	0.135901978216349	0.157522026079549	0.147379887385923	0.124841106822164	0.141860218466604	0.105232269271702	0.131366143387301	0.119375303213596	0.149656771700882	0.120111571359114	0.163956079542608	0.136456479314788	0.140465345090326	0.134360358075801	0.136969169004049	0.13414180958756	0.132854051577206	0.122969888682005	0.139425986157764	0.130204712719523	0.145670296923979	0.134617532306819	0.122087204296186	0.124712241667398	0.128770242453802	0.137114300750416	0.15855124668574	0.135586919093107	0.129801857027352	0.14218866092167	0.133095740206097
700023927	0.161055848785353	0.149691007233563	0.0733462964793856	0.167433508336692	0.148544493564134	0	0.158298069240226	0.113170527982747	0.157383776097804	0.0868991359735043	0.104417403224057	0.0814635098546428	0.10016110717063	0.106488431897613	0.0897213320558029	0.129260163328173	0.106954885644668	0.0793438970185063	0.152653161273504	0.145346164890114	0.140610632887092	0.110581229984621	0.131291137813859	0.148477377464698	0.136485734964655	0.17001762795127	0.132612719102081	0.159310921508491	0.111404930764264	0.0922326574375548	0.0749606366841663	0.120425029334147	0.116908933986522	0.0736021223191082	0.161777073486177	0.118287680056903	0.118731792554962	0.0713006448343216	0.167290842495579	0.10989525313458	0.146205054888548	0.0792123142370414	0.120206489824686	0.135326202631769	0.102375738503896	0.104918102845445	0.148820020662609	0.0902504797806058	0.0816904765183116	0.0906392397041585	0.10580233642876	0.168109162215459	0.150529297401605	0.111792093591289	0.181386385427618	0.104152920619443	0.120696746882432	0.153375654228035	0.0943597847223018	0.145236402875131
700106341	0.0896052230631149	0.162795701807363	0.149845839961867	0.0934717739984229	0.125846430422863	0.158298069240226	0	0.181977929429218	0.0883756352499452	0.160158610301344	0.118405349689307	0.134824985738221	0.15891816976707	0.138445405867178	0.145533722240801	0.123159469946294	0.172140262329317	0.183178510894709	0.106504618820694	0.0787881445320572	0.0924102547807253	0.109539890179912	0.101880225234432	0.108622715095657	0.0771389776516874	0.116924122704836	0.163764497294981	0.152046610950871	0.139877794018654	0.153562370740855	0.16744403307836	0.0884290062894225	0.123490759309795	0.1578527502657	0.119770728902256	0.0954573188730367	0.142309553682805	0.170396284120372	0.0915390942185879	0.176012342671149	0.125248132155481	0.147214391483623	0.13338556104264	0.101966647373252	0.139103069365445	0.133295927741919	0.134406590382481	0.14355450141272	0.141040430621393	0.117746067600453	0.11238256524012	0.0676749426708183	0.0790656191377745	0.121683994578594	0.108757771406914	0.161386412730583	0.0934895478522048	0.0629458131810166	0.116569824053331	0.0702310153463892
700114221	0.187007289849766	0.164071810091343	0.11090486382522	0.183807757809149	0.171984816656278	0.113170527982747	0.181977929429218	0	0.1811575398509	0.0917245443391852	0.138198221076596	0.110063652744458	0.102219001231396	0.161035316667282	0.100839572978582	0.160353404414348	0.0910270885378841	0.141543221370424	0.181221690381942	0.172960296749323	0.165978009064522	0.143078005361992	0.166479838819339	0.183739686998372	0.173783181529205	0.176735688850767	0.143154861337973	0.153246906420897	0.119815857058493	0.11912402210803	0.116731101484253	0.149333732915514	0.120545443159658	0.112712280480629	0.184649546612439	0.133408391339411	0.165378441370539	0.102397287588041	0.188190355341723	0.0871320054723746	0.153994063157114	0.0902513200758619	0.161140706630751	0.138033107010518	0.109645221138554	0.121762137500516	0.156805142821544	0.0894222490710147	0.1497557301782	0.114772228531132	0.139765281150642	0.195972111477327	0.176194327899256	0.155006823941424	0.213549480696229	0.100198522658822	0.147582906532702	0.187155926495343	0.123300071760832	0.169936778159644
700023543	0.0949939715423481	0.142920232950486	0.156506905441347	0.133927457493281	0.116714723250509	0.157383776097804	0.0883756352499452	0.1811575398509	0	0.154654667296289	0.105556074552395	0.153146137923484	0.156001218625692	0.137160524460967	0.158678062785139	0.100125720824324	0.16543677012628	0.172512700671292	0.0846006144405577	0.108782938894271	0.105317996924364	0.105564078432909	0.11350788496971	0.102318909971104	0.110585930133292	0.111210736378725	0.138272409293958	0.123392720666666	0.156500650934218	0.153950063358724	0.15997398867028	0.0988830428211706	0.118199701308223	0.15308613514641	0.110017623931898	0.121249170491359	0.124364635864647	0.172343379074686	0.0885334973955929	0.182373728084874	0.106728943311698	0.148892660456048	0.13118638910752	0.0960727421852338	0.149407219504933	0.124250226603835	0.112098954815356	0.149776039228431	0.144869295316474	0.127971435176105	0.121103091709127	0.0892217419236145	0.103263083351218	0.111451928661097	0.113283076126152	0.157426231230976	0.124594932342303	0.0957489352651205	0.13444137121034	0.0982259063715236
700023439	0.158583908747485	0.131375166280774	0.0943255631298634	0.164987555359839	0.142616720519127	0.0868991359735043	0.160158610301344	0.0917245443391852	0.154654667296289	0	0.111029843032795	0.104764178220399	0.0795180689306843	0.119245167814775	0.0954769822616906	0.134019068011207	0.0879300399567609	0.107208921666298	0.153792121605527	0.148685688250968	0.137271011451978	0.118352808384166	0.136662704721745	0.149959737847303	0.14878766224388	0.156849608749732	0.131809245401967	0.137969775749802	0.099952766723069	0.0922764315551926	0.0944204545350343	0.128678025134587	0.0974540186508708	0.0839248428596053	0.164548823004065	0.120456563192507	0.122267253435743	0.089020249079029	0.166410203038858	0.0840647632496096	0.136657592638559	0.0781322735805158	0.140007569078226	0.132338415369553	0.095469947300633	0.0968748716503848	0.142077411791062	0.089477553124324	0.106228475986674	0.103008474629499	0.112071598905852	0.166532888614342	0.150897336924548	0.117428634976808	0.178519556943504	0.088865452359164	0.126183349159887	0.158956680208809	0.0984974735642397	0.14695418782195
700016978	0.119305428238601	0.132281534980274	0.107842874450725	0.143652700765412	0.12939464167847	0.104417403224057	0.118405349689307	0.138198221076596	0.105556074552395	0.111029843032795	0	0.1091106539357	0.113810182331206	0.11413224425755	0.128226616926044	0.112166315154316	0.118222350104168	0.126677177521443	0.11391162742681	0.107809078926954	0.104124288109138	0.0789876864057937	0.112397288774406	0.118544183142107	0.103589386883719	0.139828262287965	0.118089625720536	0.120744516186969	0.116133258183533	0.115188635371981	0.106252126671959	0.0953157870712368	0.0927357290711278	0.0943827342535077	0.142098495192533	0.0939104942259278	0.110944515558976	0.125340007271575	0.122094872234566	0.143190331856218	0.109061808793312	0.0967217312043547	0.105112126487453	0.0979808430851069	0.107238700262676	0.10709690405017	0.123559667663568	0.107620568603537	0.0992491792743091	0.103765066164035	0.0935788608615759	0.130825839173793	0.115059869641229	0.078583201129425	0.136639592624408	0.119245947543285	0.106917472430022	0.117640517624451	0.102055369317062	0.121276715198135
700024192	0.156653903006629	0.162717564264672	0.0628470108296124	0.14554141974844	0.153387296863042	0.0814635098546428	0.134824985738221	0.110063652744458	0.153146137923484	0.104764178220399	0.1091106539357	0	0.0863677057025058	0.138705646350037	0.0791531606097483	0.114356258364938	0.115107168231332	0.118294140330587	0.141705623668224	0.132607645292252	0.130367099590002	0.0927689242426444	0.131441436578108	0.152959856055256	0.124651517868249	0.160894869468797	0.139198031313945	0.141200374895597	0.110576007644838	0.112164311269289	0.10845615889421	0.0913946392374857	0.0941434179967491	0.0899887683052923	0.165657317987429	0.108804862124538	0.14138383076154	0.0975769582409795	0.164905349369815	0.10264899076488	0.138631341151885	0.069664707663497	0.147945798828608	0.114302700359193	0.0864774515241576	0.113350642895187	0.160697945786111	0.0711246078520589	0.124742281578619	0.0678463563287282	0.0800329026736124	0.164509558513482	0.143896593691074	0.126647529765155	0.187818673485147	0.0928156816300943	0.113088917344713	0.139839243832466	0.0758724970730899	0.129243339096696
700113058	0.156763071489027	0.143196769379253	0.107396212437288	0.168502469797425	0.149388548750948	0.10016110717063	0.15891816976707	0.102219001231396	0.156001218625692	0.0795180689306843	0.113810182331206	0.0863677057025058	0	0.140487714537443	0.0873747056496915	0.132808402067329	0.109488605746126	0.13224530225253	0.15272453665126	0.148362497067412	0.138734312878516	0.111591334301457	0.143805530820558	0.162620292098058	0.14702221443864	0.165306300071163	0.138959369370497	0.128104844159173	0.10321437574896	0.111176739484811	0.111610960105628	0.121450316977247	0.100332520835446	0.096673285805387	0.175177794448387	0.119336357248462	0.143011388235008	0.109332303614503	0.164154875494066	0.0974542549144225	0.136631060713598	0.078487361187394	0.162955366214206	0.130304708976889	0.0952976233467758	0.104682659195787	0.158094156623655	0.0777753147774465	0.12774529576426	0.0940256528275157	0.118152685680765	0.169622537935406	0.156268776979403	0.132682156522227	0.190175952370174	0.082622779559492	0.124442903256824	0.162138721734968	0.0999685514116664	0.14004984632447
700099448	0.146874738679384	0.134769565474618	0.129077348622699	0.15311636710677	0.117712262173754	0.106488431897613	0.138445405867178	0.161035316667282	0.137160524460967	0.119245167814775	0.11413224425755	0.138705646350037	0.140487714537443	0	0.126717642484847	0.136384341820003	0.125620749170263	0.131870488309227	0.137648315204304	0.126887606675855	0.124591902511813	0.129050520714869	0.102338543127387	0.129071282676052	0.135441873651026	0.128688040811787	0.126611772644222	0.147781236644521	0.116320846422376	0.100568105434966	0.117646878832339	0.140229342164527	0.120876632393557	0.111332650564313	0.128005258518328	0.130239219118571	0.11735689118471	0.124033340943074	0.143777415987124	0.151549778433954	0.142321704627081	0.123725078963429	0.115159753699697	0.145663503126519	0.117515096303058	0.115848912786494	0.1216088928932	0.127813743903567	0.074965717401152	0.129968688551665	0.118981053196146	0.130539934449696	0.134444569500359	0.117962281966638	0.148007575012926	0.14288094577022	0.114050771050136	0.13407309305402	0.112351160911787	0.133544434994996
700109870	0.163168524584031	0.148727828819425	0.0870888680779863	0.146190279115663	0.150787787882138	0.0897213320558029	0.145533722240801	0.100839572978582	0.158678062785139	0.0954769822616906	0.128226616926044	0.0791531606097483	0.0873747056496915	0.126717642484847	0	0.137337564013578	0.104506685056496	0.129718563296223	0.158738183526861	0.135941022531091	0.132015707893105	0.12209586744559	0.121838401420366	0.160504505452007	0.135244210228945	0.164286668173313	0.138577034533226	0.1467501987992	0.096481986885439	0.0864892828136475	0.124973976367674	0.114179922578052	0.118755772477857	0.111172335995452	0.166850393535354	0.124757194755657	0.146067219047722	0.0799127453894559	0.172507240174216	0.0884716512290843	0.151594687085325	0.0769785349325414	0.155658214652882	0.126794245484389	0.0937317240595023	0.100602447771991	0.146956143874268	0.0786313588867379	0.11904045582494	0.0890490630111008	0.113626588627056	0.16154849742568	0.13745282024491	0.140851254563538	0.183676547781931	0.092829200205678	0.107865179748334	0.147609366717727	0.0804760247933668	0.127522150379573
700033928	0.108264560232623	0.159347651034969	0.124756066232876	0.13512963354549	0.137587660642417	0.129260163328173	0.123159469946294	0.160353404414348	0.100125720824324	0.134019068011207	0.112166315154316	0.114356258364938	0.132808402067329	0.136384341820003	0.137337564013578	0	0.15877182064726	0.142515178711548	0.0978839549653061	0.125534320149426	0.10729991491527	0.0996777057539945	0.116422969669628	0.0948365010542737	0.114621076578219	0.129328875754009	0.129067669739941	0.107357600659492	0.132159821303053	0.144572589899896	0.138254790764622	0.102969199608679	0.102945880423582	0.129325045243237	0.126326099653119	0.124521541092616	0.121419786816589	0.144548945829114	0.106006901097212	0.154535434244098	0.0836310471433848	0.115488899052322	0.151418768646433	0.118462229189058	0.121119402494195	0.112074406756123	0.13055073605537	0.128588705067289	0.134813608223744	0.10438342790999	0.0901108318043171	0.123041874118045	0.116962140064441	0.11063596973738	0.124762297418615	0.125277770499692	0.120074935808104	0.111895101229218	0.109356050400798	0.108846823052529
700023693	0.181207193371125	0.135537075870471	0.107969225687978	0.177875900455498	0.14845798269673	0.106954885644668	0.172140262329317	0.0910270885378841	0.16543677012628	0.0879300399567609	0.118222350104168	0.115107168231332	0.109488605746126	0.125620749170263	0.104506685056496	0.15877182064726	0	0.127005973034284	0.167667622806272	0.162597780417072	0.152033937875591	0.128660020522245	0.147355283656131	0.162642646358399	0.167430028543597	0.168164100566159	0.127032021464014	0.149626681386363	0.116865639677526	0.110912914986875	0.0968486290384301	0.143624097616831	0.111774168162179	0.106181666413134	0.172995058665703	0.122846003288732	0.137665928132852	0.107362190249551	0.176339252064827	0.101867533828352	0.148714150209627	0.0952599577690414	0.131372369850371	0.144385986608639	0.104953040154437	0.121136932058406	0.145477527497053	0.0963599958291028	0.110777140259873	0.120705057568004	0.127258538860401	0.186525533091552	0.164752665244958	0.1304297360334	0.191568864483346	0.11782172436269	0.139622166105149	0.177008991826741	0.126205132258566	0.16190185776122
700109627	0.168612447479409	0.163567842543609	0.0966250612333264	0.186324821771825	0.161963258519604	0.0793438970185063	0.183178510894709	0.141543221370424	0.172512700671292	0.107208921666298	0.126677177521443	0.118294140330587	0.13224530225253	0.131870488309227	0.129718563296223	0.142515178711548	0.127005973034284	0	0.167378948834572	0.164037454702764	0.158913294595454	0.123290071830407	0.153235052986841	0.144644000443731	0.158847785660587	0.176016556146022	0.142188307508838	0.17263527793818	0.143000738613537	0.126113918100784	0.103238917454666	0.147905232450125	0.126323903370117	0.108366153181944	0.175961957377288	0.139725356732734	0.114815582574695	0.0910420466296569	0.186243958337339	0.135173092299957	0.165725670154801	0.111664997253636	0.130827667129841	0.154347676925321	0.136348433669765	0.134726503295515	0.156640819625865	0.130001900934386	0.101934329855347	0.124775523321172	0.120791200549605	0.186984739020358	0.172639541782237	0.125797638650565	0.182228384031777	0.132380629094364	0.149966709144476	0.175196105294062	0.121334544697237	0.168606894540948
700095416	0.0910661494240219	0.157198992305677	0.148578817411599	0.134936481911377	0.130136729743555	0.152653161273504	0.106504618820694	0.181221690381942	0.0846006144405577	0.153792121605527	0.11391162742681	0.141705623668224	0.15272453665126	0.137648315204304	0.158738183526861	0.0978839549653061	0.167667622806272	0.167378948834572	0	0.118298349941933	0.0952876500129253	0.113172698960855	0.114514617009622	0.0904828014363445	0.107991282076989	0.118950815141071	0.139479387827703	0.135900181051984	0.145400431305575	0.160066611690325	0.158797943166619	0.107131754635281	0.110043874634495	0.150773890655314	0.129905708731734	0.120931229947581	0.114757591412039	0.163857457552495	0.0941253440126779	0.180366260772942	0.0947273964742997	0.145048579332032	0.128690432121133	0.122768244295703	0.141287922484597	0.122774077894781	0.122935609302049	0.14621421226691	0.135355112908408	0.128684917985381	0.102837648512611	0.109694888589779	0.112544097953394	0.103250676318289	0.116123352206443	0.153914428591344	0.115551700949184	0.101229623818806	0.129717694966728	0.113842593172256
700110425	0.101610336262336	0.154436549695434	0.140561925031648	0.0962376825185108	0.130767476159867	0.145346164890114	0.0787881445320572	0.172960296749323	0.108782938894271	0.148685688250968	0.107809078926954	0.132607645292252	0.148362497067412	0.126887606675855	0.135941022531091	0.125534320149426	0.162597780417072	0.164037454702764	0.118298349941933	0	0.0873705117362261	0.10624734216101	0.0950475752326091	0.108292750968949	0.0648321118099281	0.128027463245653	0.145307855436533	0.133594638570302	0.1280378329885	0.131187817863688	0.160825978108796	0.104711893477477	0.114961905802871	0.144996102865243	0.124371357743349	0.0962093334706282	0.139506520427266	0.158207004823139	0.124662454575465	0.168077219853282	0.125927435947315	0.133912000731447	0.13760375188558	0.0889884052898298	0.12539168966644	0.126796655093399	0.13857074585813	0.133273287418661	0.12732459021038	0.118629805559729	0.115671826507239	0.0869586288523892	0.059642450635831	0.122586116057595	0.12667578222214	0.151075166972116	0.0733986157717702	0.0727623030609271	0.1042303385397	0.0863023187882002
700111580	0.0905252976870202	0.147772721441859	0.14186295199043	0.104321786499425	0.132660724988476	0.140610632887092	0.0924102547807253	0.165978009064522	0.105317996924364	0.137271011451978	0.104124288109138	0.130367099590002	0.138734312878516	0.124591902511813	0.132015707893105	0.10729991491527	0.152033937875591	0.158913294595454	0.0952876500129253	0.0873705117362261	0	0.0917925210560621	0.0885337642980213	0.0920443926004598	0.0707703930005005	0.131446748942962	0.150365503219779	0.142268044645138	0.118663687660914	0.143902910548196	0.148847987193182	0.0949062392876217	0.104295081155785	0.141527224571423	0.139023498485153	0.0939939400333042	0.135256985505503	0.151471933916953	0.124716196344498	0.156972902736849	0.108430196832057	0.123895175355551	0.138238377938855	0.108517066396574	0.116243436193267	0.106666595362034	0.128364186615349	0.119275084752935	0.115221048216018	0.112274889435493	0.106549067957994	0.0958460762603151	0.090364750057924	0.0952451206080095	0.117658784372149	0.135346869382595	0.0679947617879455	0.0714686685392569	0.101455421045075	0.0808906430257839
700111302	0.107956669301641	0.138653980164401	0.0978992115697399	0.137916195813634	0.129466211188042	0.110581229984621	0.109539890179912	0.143078005361992	0.105564078432909	0.118352808384166	0.0789876864057937	0.0927689242426444	0.111591334301457	0.129050520714869	0.12209586744559	0.0996777057539945	0.128660020522245	0.123290071830407	0.113172698960855	0.10624734216101	0.0917925210560621	0	0.120109761124886	0.114826175483125	0.0860574105249863	0.147660279132452	0.133601763975234	0.135067008413844	0.131767279407089	0.12837894199323	0.122214593349116	0.0689028762359917	0.0890601727608012	0.107982646524695	0.154754835867441	0.0936842797843051	0.119974499980023	0.135351900948655	0.126537541728023	0.139985754467828	0.124560466047527	0.0967950939363525	0.126713231508586	0.0999206232853789	0.104396574449518	0.119833009806413	0.132545252172998	0.101208756041075	0.10645864339507	0.0683534420151714	0.0846769001755668	0.126604711207695	0.117246016868594	0.0900017712573324	0.150532207468625	0.106801208754261	0.0967549060710579	0.110720934844286	0.0842122273660179	0.106519069422239
700098605	0.108484667949796	0.129475168702281	0.128527065862543	0.103841504608002	0.12644619290134	0.131291137813859	0.101880225234432	0.166479838819339	0.11350788496971	0.136662704721745	0.112397288774406	0.131441436578108	0.143805530820558	0.102338543127387	0.121838401420366	0.116422969669628	0.147355283656131	0.153235052986841	0.114514617009622	0.0950475752326091	0.0885337642980213	0.120109761124886	0	0.11111458129279	0.105001120282284	0.120873069234928	0.132157876614098	0.12722593984969	0.125459636927769	0.115453915680576	0.143877371041114	0.11320395076423	0.121832568830948	0.133132844551189	0.127240290519206	0.108077110957448	0.125628060368777	0.13474257137226	0.12214836866279	0.154048053048344	0.122130918933015	0.128870889860469	0.136565023681022	0.108307048093364	0.131719999107852	0.111360220930684	0.120246438944109	0.130835706097127	0.115779338719205	0.124141944751579	0.110488762079462	0.0914312579250772	0.0887598065319674	0.109000437615698	0.112435115278005	0.143533254985966	0.10726274996538	0.0927732390724895	0.11223818746943	0.0739887184596123
700111991	0.0691582521700801	0.152850118075229	0.145876856391196	0.112454703528239	0.13049040244058	0.148477377464698	0.108622715095657	0.183739686998372	0.102318909971104	0.149959737847303	0.118544183142107	0.152959856055256	0.162620292098058	0.129071282676052	0.160504505452007	0.0948365010542737	0.162642646358399	0.144644000443731	0.0904828014363445	0.108292750968949	0.0920443926004598	0.114826175483125	0.11111458129279	0	0.103372335643575	0.108741342637861	0.140521312562305	0.135222076998985	0.135838764649607	0.156188001585983	0.147957586251098	0.128282643636351	0.121743403539414	0.144419289304484	0.118958779199415	0.116925421310912	0.116387537634092	0.157732003395589	0.10767297132075	0.176432237404337	0.0996952741029515	0.147029658026135	0.135308419890526	0.130562573946073	0.141444253103746	0.123497997019327	0.122743266090851	0.147792890227356	0.119983891514979	0.136831447724922	0.110484476330924	0.112716466924386	0.101099786229543	0.100381286756278	0.0918647349084848	0.159600968400695	0.11361644025088	0.095715843073578	0.131167067325892	0.107752873783188
700108960	0.0918573391011429	0.158318783992372	0.13469650248126	0.10199965603285	0.140059582035157	0.136485734964655	0.0771389776516874	0.173783181529205	0.110585930133292	0.14878766224388	0.103589386883719	0.124651517868249	0.14702221443864	0.135441873651026	0.135244210228945	0.114621076578219	0.167430028543597	0.158847785660587	0.107991282076989	0.0648321118099281	0.0707703930005005	0.0860574105249863	0.105001120282284	0.103372335643575	0	0.144511849268358	0.160365988577546	0.146511569259653	0.131603177044414	0.138925430984356	0.159878485689493	0.0785180603556072	0.119641016212389	0.142949310874895	0.140967807569487	0.0886371468883866	0.139120595411925	0.154291314944197	0.124439394441826	0.168628112713105	0.128877253670165	0.129861951867931	0.139120647545035	0.0984007737096785	0.126816962343721	0.133890483471599	0.143077208484259	0.131731170971361	0.122874962195832	0.103305928799338	0.102978914321016	0.0915819223982724	0.072016177833169	0.102647282926873	0.118761526255251	0.14706971569235	0.0695785803183958	0.0650081641779302	0.0986807405706611	0.0776186759966428
700024452	0.11381756858225	0.144111366954577	0.160097711413922	0.121403866564871	0.105129433499587	0.17001762795127	0.116924122704836	0.176735688850767	0.111210736378725	0.156849608749732	0.139828262287965	0.160894869468797	0.165306300071163	0.128688040811787	0.164286668173313	0.129328875754009	0.168164100566159	0.176016556146022	0.118950815141071	0.128027463245653	0.131446748942962	0.147660279132452	0.120873069234928	0.108741342637861	0.144511849268358	0	0.145281168610976	0.124393624762333	0.128691096891841	0.153578705320698	0.166126856432205	0.156609328147938	0.126712998873707	0.150368662915311	0.0855677829659474	0.133728700921741	0.148988137229508	0.174345135226583	0.102381768020085	0.168503452190483	0.120122874267823	0.16021712413182	0.150317899828714	0.133713696865204	0.145873235884889	0.12131925520416	0.110575416579067	0.155625321447228	0.148297164590485	0.15322250063519	0.130602023953252	0.101601430851336	0.108723032853698	0.13319996797143	0.108116543437664	0.163108527971037	0.134053914177141	0.126409516424093	0.143666127562532	0.138068657811302
700032931	0.151895764239907	0.117343020432282	0.126177048959352	0.167321583114635	0.140472724513044	0.132612719102081	0.163764497294981	0.143154861337973	0.138272409293958	0.131809245401967	0.118089625720536	0.139198031313945	0.138959369370497	0.126611772644222	0.138577034533226	0.129067669739941	0.127032021464014	0.142188307508838	0.139479387827703	0.145307855436533	0.150365503219779	0.133601763975234	0.132157876614098	0.140521312562305	0.160365988577546	0.145281168610976	0	0.116760226024141	0.135795008318143	0.124910533358326	0.130139141393081	0.14457896676625	0.125564402118304	0.123053845398884	0.137082426597424	0.142422886891193	0.125363270452805	0.136941743998005	0.139513722520405	0.148671929238566	0.13120425066639	0.124898074362553	0.121985948829379	0.129435614631722	0.130786177534013	0.135326872022448	0.11525384441947	0.132146477376388	0.12573225754609	0.13339287535106	0.128454731198084	0.159079613407213	0.155269847597642	0.123373161849566	0.154262631058058	0.135971660966394	0.152667417996757	0.164304171607197	0.134932335088601	0.154277522388029
700095837	0.141547186418912	0.134031834601955	0.146970241842829	0.149199401066705	0.137515550726955	0.159310921508491	0.152046610950871	0.153246906420897	0.123392720666666	0.137969775749802	0.120744516186969	0.141200374895597	0.128104844159173	0.147781236644521	0.1467501987992	0.107357600659492	0.149626681386363	0.17263527793818	0.135900181051984	0.133594638570302	0.142268044645138	0.135067008413844	0.12722593984969	0.135222076998985	0.146511569259653	0.124393624762333	0.116760226024141	0	0.113587690700747	0.125471348065484	0.155476456350304	0.141370918085559	0.120226647027528	0.131270124382789	0.133591586519878	0.137555933680677	0.133784664652212	0.163625709895823	0.125423685891926	0.144415350774932	0.115766512465184	0.132379667182641	0.156290701568883	0.12156396441598	0.11981893969587	0.123860050332267	0.133793177259092	0.133147232202108	0.151043304673658	0.140402175869926	0.12515842290292	0.146622466977468	0.134191491968868	0.136722837879789	0.148009925324733	0.136727128755228	0.147673506063026	0.14484448917771	0.138060721557694	0.140693588780569
700024548	0.144200051654336	0.1358283254101	0.115391990895531	0.136398751099497	0.131831594571318	0.111404930764264	0.139877794018654	0.119815857058493	0.156500650934218	0.099952766723069	0.116133258183533	0.110576007644838	0.10321437574896	0.116320846422376	0.096481986885439	0.132159821303053	0.116865639677526	0.143000738613537	0.145400431305575	0.1280378329885	0.118663687660914	0.131767279407089	0.125459636927769	0.135838764649607	0.131603177044414	0.128691096891841	0.135795008318143	0.113587690700747	0	0.102283432216825	0.126713176892488	0.140959492564756	0.105362055164829	0.106442926060936	0.135492642052638	0.105962070746989	0.135170147793535	0.114335950671845	0.148540185589093	0.0969304817317236	0.124414015319337	0.0955594152309238	0.145313329114251	0.136738112293636	0.0757273676398519	0.0831685687769857	0.14093004720553	0.0888357859300329	0.113843219619901	0.118786632280815	0.110313777196895	0.148607618695561	0.127288363205458	0.123582200006435	0.15729877319177	0.114080043847994	0.103246677698574	0.139650737459486	0.103392229106585	0.14109475383074
700110161	0.163405530082702	0.137927538696445	0.0971155067253582	0.154805778787967	0.135901978216349	0.0922326574375548	0.153562370740855	0.11912402210803	0.153950063358724	0.0922764315551926	0.115188635371981	0.112164311269289	0.111176739484811	0.100568105434966	0.0864892828136475	0.144572589899896	0.110912914986875	0.126113918100784	0.160066611690325	0.131187817863688	0.143902910548196	0.12837894199323	0.115453915680576	0.156188001585983	0.138925430984356	0.153578705320698	0.124910533358326	0.125471348065484	0.102283432216825	0	0.111843605377442	0.124811799250973	0.128477834430941	0.096179184221247	0.152758579946601	0.129497014804112	0.128233377324774	0.097002941427633	0.165561571120905	0.113188621409242	0.154130750633469	0.0934838431483492	0.139013044228468	0.131442955401334	0.105427102549568	0.112326954683806	0.145249149389759	0.1052334721731	0.0988720388059274	0.106895692536951	0.121006673908974	0.154826685105904	0.138792588136764	0.130347990383821	0.173346974978759	0.121073800071079	0.117454930999945	0.149560309620362	0.0925015036189192	0.13911195127941
700023496	0.165179839504903	0.139471395885032	0.106539138075792	0.177085245864025	0.157522026079549	0.0749606366841663	0.16744403307836	0.116731101484253	0.15997398867028	0.0944204545350343	0.106252126671959	0.10845615889421	0.111610960105628	0.117646878832339	0.124973976367674	0.138254790764622	0.0968486290384301	0.103238917454666	0.158797943166619	0.160825978108796	0.148847987193182	0.122214593349116	0.143877371041114	0.147957586251098	0.159878485689493	0.166126856432205	0.130139141393081	0.155476456350304	0.126713176892488	0.111843605377442	0	0.13421036642937	0.110788867516178	0.0851816592750731	0.160818919468045	0.122218268872592	0.122100312473455	0.102464011548822	0.168418566741591	0.123404081845017	0.140038432573018	0.10052641897744	0.109203350936508	0.13983289318701	0.102004450573813	0.113601422871102	0.146080251076612	0.107600264354581	0.0940500262723516	0.107848614156522	0.115069161772444	0.182353734142009	0.165474503377243	0.114479387570288	0.190575641202762	0.10275044463816	0.137937834846784	0.171581436908301	0.125455592809768	0.160612154055328
700034628	0.115625549505748	0.152567605828836	0.108084188312613	0.13862569415718	0.147379887385923	0.120425029334147	0.0884290062894225	0.149333732915514	0.0988830428211706	0.128678025134587	0.0953157870712368	0.0913946392374857	0.121450316977247	0.140229342164527	0.114179922578052	0.102969199608679	0.143624097616831	0.147905232450125	0.107131754635281	0.104711893477477	0.0949062392876217	0.0689028762359917	0.11320395076423	0.128282643636351	0.0785180603556072	0.156609328147938	0.14457896676625	0.141370918085559	0.140959492564756	0.124811799250973	0.13421036642937	0	0.106819082834473	0.11938966997589	0.154293867660614	0.089886425050864	0.139797823100154	0.13378635757755	0.135945737762069	0.147011448180836	0.132226770547238	0.102474880095044	0.137520481152043	0.0816180831051589	0.115581053336954	0.12944490820474	0.143017956497354	0.107753832945226	0.122293517758996	0.0700709436591135	0.095917477475146	0.116681714545874	0.114351532127498	0.110014172934788	0.158989593294536	0.111852951387658	0.101503449520304	0.0925212425471232	0.0927135930618773	0.0802593346464402
700023645	0.124846081229917	0.130725500417306	0.106714615566472	0.138562755121128	0.124841106822164	0.116908933986522	0.123490759309795	0.120545443159658	0.118199701308223	0.0974540186508708	0.0927357290711278	0.0941434179967491	0.100332520835446	0.120876632393557	0.118755772477857	0.102945880423582	0.111774168162179	0.126323903370117	0.110043874634495	0.114961905802871	0.104295081155785	0.0890601727608012	0.121832568830948	0.121743403539414	0.119641016212389	0.126712998873707	0.125564402118304	0.120226647027528	0.105362055164829	0.128477834430941	0.110788867516178	0.106819082834473	0	0.101162652048334	0.13808343218946	0.0880985540428573	0.124425086264435	0.126948770456938	0.13273089934002	0.116081133025787	0.105607995860243	0.0896583753800016	0.120594286676799	0.0993768981068833	0.0867135722425099	0.0926384629161218	0.129412482519566	0.0913761551738683	0.118690666406519	0.0939371659637055	0.0802524150961763	0.131155519765901	0.122587770020151	0.11084269880734	0.152236411982524	0.0957596497369517	0.104926847389439	0.120289014731594	0.0919584009933051	0.121538343179741
700038744	0.155903243446665	0.132050383921986	0.088393084654824	0.158971309254071	0.141860218466604	0.0736021223191082	0.1578527502657	0.112712280480629	0.15308613514641	0.0839248428596053	0.0943827342535077	0.0899887683052923	0.096673285805387	0.111332650564313	0.111172335995452	0.129325045243237	0.106181666413134	0.108366153181944	0.150773890655314	0.144996102865243	0.141527224571423	0.107982646524695	0.133132844551189	0.144419289304484	0.142949310874895	0.150368662915311	0.123053845398884	0.131270124382789	0.106442926060936	0.096179184221247	0.0851816592750731	0.11938966997589	0.101162652048334	0	0.149282626391046	0.111533771209942	0.118367653506706	0.093223983159125	0.159067716793281	0.111964434033091	0.139377982735636	0.082034258353338	0.122752209099008	0.121288265217459	0.0943206933205121	0.108723534726195	0.140941626431879	0.0880838233144486	0.0977291037098456	0.0919601923700855	0.102166278331674	0.165395562751037	0.151275087561633	0.113824812757411	0.178919355092284	0.0938772308388348	0.127771897275652	0.154871056651744	0.103804249110191	0.148952002448498
700038485	0.132996545874972	0.145114771579381	0.160206991503935	0.121647484793792	0.105232269271702	0.161777073486177	0.119770728902256	0.184649546612439	0.110017623931898	0.164548823004065	0.142098495192533	0.165657317987429	0.175177794448387	0.128005258518328	0.166850393535354	0.126326099653119	0.172995058665703	0.175961957377288	0.129905708731734	0.124371357743349	0.139023498485153	0.154754835867441	0.127240290519206	0.118958779199415	0.140967807569487	0.0855677829659474	0.137082426597424	0.133591586519878	0.135492642052638	0.152758579946601	0.160818919468045	0.154293867660614	0.13808343218946	0.149282626391046	0	0.131730650666967	0.144329657801335	0.171135971827667	0.10928898992177	0.176285984878365	0.129868150699293	0.165524799004674	0.140375244531505	0.13043588123748	0.152130502625025	0.125495580396295	0.114703360142649	0.167436143734704	0.145807301016938	0.154790178559129	0.13166913107756	0.102740146706661	0.112005742421281	0.133106518582075	0.109924205264195	0.172415536464199	0.142363008889974	0.125790753023692	0.144279893376304	0.138056899540724
700024743	0.114336831449166	0.137459475382746	0.11229376320427	0.117225162904456	0.131366143387301	0.118287680056903	0.0954573188730367	0.133408391339411	0.121249170491359	0.120456563192507	0.0939104942259278	0.108804862124538	0.119336357248462	0.130239219118571	0.124757194755657	0.124521541092616	0.122846003288732	0.139725356732734	0.120931229947581	0.0962093334706282	0.0939939400333042	0.0936842797843051	0.108077110957448	0.116925421310912	0.0886371468883866	0.133728700921741	0.142422886891193	0.137555933680677	0.105962070746989	0.129497014804112	0.122218268872592	0.089886425050864	0.0880985540428573	0.111533771209942	0.131730650666967	0	0.13175402157989	0.134142005419658	0.132747341415133	0.133794576444766	0.124179370250382	0.112652778129728	0.125770011184071	0.091964855098135	0.103097040455371	0.111701615147392	0.133781870483127	0.106005174487926	0.120234427690154	0.101568915032783	0.0918618930863204	0.114794803104276	0.103298989732899	0.103528206803156	0.14206876864329	0.127396915889645	0.102398676558523	0.0960820566168271	0.0989943311172966	0.0969398341759381
