700108602	700014971	700033565	700109389	700023058	700023927	700106341	700114221	700023543	700023439	700016978	700024192	700113058	700099448	700109870	700033928	700023693	700109627	700095416	700110425	700111580	700111302	700098605	700111991	700108960	700024452	700032931	700095837	700024548	700110161	700023496	700034628	700023645	700038744	700038485	700024743	700099596	700110760	700101587	700106399	700032322	700095653	700021312	700101230	700023590	700038905	700033136	700023382	700096424	700105469	700016908	700096053	700108479	700109569	700033814	700016125	700109756	700102665	700101777	700109455
700108602	0	0.151476325064912	0.152057981853395	0.100136189285819	0.123688341930178	0.160318345906736	0.0819719008125743	0.184217386989753	0.100581265216644	0.167015490563168	0.117569438630098	0.152839215412949	0.161161097382729	0.148662534740696	0.155617524194427	0.101976464029517	0.163032190264399	0.155871669476334	0.0860852124754749	0.0875165157485676	0.0864523071123867	0.104325660305287	0.108868088391924	0.0799386640599234	0.0915427017884644	0.100818966837677	0.155579364971653	0.144653382742441	0.140649750413009	0.153165203635341	0.156133216556304	0.117103766852713	0.102325344344511	0.148247460516174	0.11127594982897	0.11375260968077	0.131609365582859	0.164864186566405	0.090866106842965	0.174004501555196	0.104630337873394	0.153260852530777	0.133251716649304	0.116803722203598	0.148545287835003	0.128235461106644	0.121863004864637	0.144369021132611	0.13880829181038	0.137452091335845	0.116582807950726	0.0895580759975708	0.087369412314796	0.105724843043918	0.093501342762086	0.151853194272768	0.102702032416116	0.0801246243756879	0.128170440793382	0.101025850850608
700014971	0.151476325064912	0	0.146258868455786	0.17024519621255	0.125763834453101	0.137419251387177	0.158662532474112	0.150477282920724	0.149992115124558	0.132673799343315	0.136852186742488	0.16119107483567	0.144681652489941	0.120106432850924	0.15300997365585	0.144679761221455	0.125849751795796	0.14801367541044	0.149334373384992	0.148147738942606	0.146682128307305	0.130355807223731	0.12980625796196	0.164047389204913	0.160424229109492	0.155967145184509	0.119751175237358	0.152888187680143	0.124800420599848	0.13570612599603	0.115964593201917	0.142782360649295	0.12125643677985	0.118550626271286	0.148000895822523	0.132697161823669	0.138554975167846	0.156321033199021	0.147709648811	0.144244303933586	0.139085316784991	0.13972638470208	0.13178618184829	0.137955541230585	0.130333146505329	0.123402520721846	0.111829720921243	0.136301813913783	0.124233783632524	0.136869745738162	0.14053140302758	0.164579306982962	0.149597147708312	0.124281747896467	0.176426438523277	0.122653609777163	0.15980048818752	0.156387544089991	0.140673241698787	0.156561804865471
700033565	0.152057981853395	0.146258868455786	0	0.144904835503931	0.151685104185193	0.0727378929108072	0.143553120242037	0.112424347272525	0.152047647944617	0.0980959827767263	0.108784798308157	0.0677447208167943	0.116456261250399	0.124903064764427	0.0869449089814067	0.111590150610492	0.103688768684516	0.0966609923241026	0.138273318468955	0.143065650147093	0.137771290577902	0.0945990300224057	0.131848614915679	0.15244533196633	0.129513636020013	0.160013761851396	0.142549803627705	0.15558153402903	0.120541426007104	0.103786916491432	0.0979605557476686	0.106437755015329	0.106140161498327	0.0916045379123927	0.151336618290491	0.103151281125596	0.128621180792644	0.0900247905668925	0.154496687134405	0.11940876524415	0.137051353630876	0.0869736165799872	0.13467621106596	0.119596131845107	0.121662938908569	0.127228392960328	0.137008712517442	0.0872929154762627	0.113994618476508	0.0734261352697458	0.0731932302124194	0.165343266667912	0.143578500901112	0.124185338099817	0.18099644388913	0.111176882517346	0.122711659372813	0.149320964945552	0.0850327885744784	0.13588008550205
700109389	0.100136189285819	0.17024519621255	0.144904835503931	0	0.13879538466064	0.16032990063441	0.0904855888631657	0.183758635002166	0.134780632847086	0.171910226816557	0.139708957804325	0.145699418126435	0.169345431792491	0.154331171850562	0.141273403334658	0.124275191579963	0.168967702932522	0.178159058827547	0.135474491900502	0.0852269117509678	0.107645231014591	0.130358063654154	0.105861205692414	0.114329594537952	0.0955995221511998	0.113464797006577	0.186182100992321	0.160266555501853	0.139453251533867	0.15542169611644	0.166564038024653	0.143039292459135	0.127094496777681	0.155435213360991	0.118771712289364	0.115054704577343	0.169261930303095	0.165139247007472	0.1239229911107	0.16872367967574	0.129401736941161	0.155298300100171	0.149132033975129	0.133077749299169	0.148332207067511	0.143045931387927	0.147218813629611	0.149430403778587	0.150155040741432	0.13529488514274	0.11084333068105	0.094262109446793	0.0647410376209417	0.138081192156475	0.112076981494977	0.168023877268478	0.0987746626246829	0.081274656606769	0.119109326013794	0.0982898803036961
700023058	0.123688341930178	0.125763834453101	0.151685104185193	0.13879538466064	0	0.139465806249279	0.114798019707469	0.168405805076549	0.105487218886032	0.145381541034897	0.136505257756784	0.150665488993341	0.152058124684413	0.113227446524576	0.139875827274406	0.116343969189006	0.140232804209178	0.149873301089938	0.120492263668786	0.122231397142644	0.121602707622117	0.121432272583801	0.114597009397123	0.132046625690899	0.133354347811294	0.101377631402887	0.153802395548585	0.154006873173719	0.12436943100146	0.132165624920548	0.137413347054304	0.135713626462976	0.115443914458346	0.130642101547208	0.104770790226565	0.129146907953277	0.120720601371291	0.140810491052157	0.11353324048035	0.156775388579172	0.129330954458948	0.138632047344007	0.121375549079105	0.127280062836087	0.128349793503471	0.119631833357388	0.113483423822489	0.13184166739575	0.122017121968568	0.135373277630216	0.127476814684427	0.11755971791888	0.11906157966844	0.12189524237098	0.140405213400019	0.147570874554392	0.130713907451959	0.1230116091062	0.135159003240134	0.122114115151213
700023927	0.160318345906736	0.137419251387177	0.0727378929108072	0.16032990063441	0.139465806249279	0	0.152597568254433	0.11501186917222	0.16037930129944	0.0967466268637075	0.115781365379743	0.0921667850524651	0.113932519803664	0.104639336474663	0.0852030740903386	0.126072255806359	0.095269684142076	0.0841512081222688	0.146207091571042	0.148967067727518	0.141646658207266	0.112972196185143	0.12590595779428	0.166388008331712	0.136499078320549	0.1635668648979	0.151104418240414	0.164398341997945	0.11386633062922	0.0961559519306663	0.0809578281448728	0.121050493567065	0.112224502662235	0.0911532071313693	0.160537737375948	0.113996749044769	0.119305054956158	0.069409037275423	0.160608670205656	0.121637271070516	0.148295347517824	0.0861951419142951	0.116736215885522	0.139317082994224	0.114293149395356	0.114957404683906	0.133885737488903	0.0901034114759059	0.0833472373384587	0.0837361642009173	0.0951422322765699	0.170375761060662	0.150975287690622	0.113427415718984	0.186249565697045	0.114231160217801	0.123212770125727	0.153461684655014	0.0941539444109317	0.144693964134858
700106341	0.0819719008125743	0.158662532474112	0.143553120242037	0.0904855888631657	0.114798019707469	0.152597568254433	0	0.181289023327908	0.0782465177111925	0.164590566798218	0.121212219627123	0.131773034895917	0.158485792462089	0.144761331724338	0.138997072567495	0.100504062742339	0.156475990654293	0.172583991601976	0.105253678763321	0.0735587994695358	0.0841388176611294	0.0996840768240847	0.105925786323967	0.107546061641015	0.068600782367734	0.114384219252847	0.187400567730858	0.168105654927147	0.145409274067294	0.147991148909588	0.148601625851634	0.0885635691063812	0.105974314796149	0.142615737809251	0.122676465137573	0.0901928170370342	0.15718930641698	0.160400215471496	0.0966446637614759	0.172068951148506	0.126695643722	0.144980082229918	0.129900901550527	0.0978025504878653	0.133895413322841	0.144003976843644	0.138746739560452	0.125604949520764	0.14351916450883	0.115638353449696	0.111102860643633	0.0654251660788106	0.0766461624171494	0.108689819656356	0.1189459546358	0.152921179434956	0.0937369682456635	0.0679005791146864	0.115959556018038	0.0810250769833106
700114221	0.184217386989753	0.150477282920724	0.112424347272525	0.183758635002166	0.168405805076549	0.11501186917222	0.181289023327908	0	0.174642046992876	0.0801089404129075	0.153586007409081	0.114396492272507	0.0949483056126337	0.157125191874417	0.0998857275422552	0.1506984194117	0.0857980223333201	0.143277904796447	0.175087582099507	0.172141415170591	0.166022680160131	0.1412977490145	0.16516911552849	0.184337213918713	0.177454683528712	0.187034741627706	0.146682886646999	0.155516967601668	0.116606205834173	0.119279146489239	0.114153003680508	0.150438469638447	0.132334210386689	0.123706917054385	0.175238965139061	0.133200516491488	0.154925126868709	0.101730006355815	0.17738339500745	0.0902846778477493	0.153300968252459	0.0867881675694784	0.158069967058346	0.146865842481344	0.110961552169028	0.137421520192229	0.136363524764751	0.0992073547120218	0.141076552244436	0.107835443340397	0.134419651146278	0.198844131757513	0.174678593728815	0.145522596570915	0.209739150622332	0.100187490981906	0.147955641872929	0.189822711752475	0.127084310580722	0.173092462431814
700023543	0.100581265216644	0.149992115124558	0.152047647944617	0.134780632847086	0.105487218886032	0.16037930129944	0.0782465177111925	0.174642046992876	0	0.156917727815306	0.114835168617579	0.145485983745125	0.159925040492553	0.146772236285933	0.146011905338834	0.0919350143419784	0.148115674623467	0.162302216931674	0.097948020840937	0.110286396331942	0.103319239723401	0.103653349732124	0.112709249628957	0.102756639609874	0.108568281248707	0.109609507855555	0.169234445666995	0.144289798859027	0.152015856873482	0.149687804011108	0.145702370715805	0.101100278550453	0.107121724319547	0.143502884339879	0.110129472743834	0.119016088249035	0.138796867592657	0.1638426377445	0.090891844246639	0.173719138502952	0.119174599559651	0.145718077412947	0.129699160948534	0.0962010839684917	0.148418464787327	0.135251051455644	0.122173913547759	0.136267413865434	0.149812973870469	0.126668172493955	0.123862440095057	0.0883936788028364	0.110820850005546	0.116346999896045	0.122929789990725	0.145809014327094	0.122833992988282	0.0985676776752169	0.132141805301429	0.0970757986367468
700023439	0.167015490563168	0.132673799343315	0.0980959827767263	0.171910226816557	0.145381541034897	0.0967466268637075	0.164590566798218	0.0801089404129075	0.156917727815306	0	0.130316849710297	0.10662884819411	0.0924243297587408	0.12722354523418	0.101939900472819	0.129651933042784	0.0742682924579588	0.110624845330456	0.152685307582957	0.158776389102469	0.140630803800401	0.119215381696463	0.146583166807533	0.162101233143921	0.154657391202209	0.172654276262693	0.142441280683735	0.153789353778087	0.110070954979836	0.107483487753515	0.0975690788568623	0.125714291492065	0.115001213686951	0.0918687148965185	0.158856003706371	0.115685629127763	0.142459383538358	0.0945014150355942	0.164026456520481	0.0849948569377989	0.138258252208643	0.0780698461222524	0.153092818617398	0.131386169008099	0.109007802236829	0.11703935299208	0.124171816147478	0.0962755525119359	0.115627316887854	0.103070641010889	0.110701451729397	0.179106306424039	0.163142582590274	0.129927373618021	0.191433691145432	0.093539399030729	0.131998616539943	0.165660590472111	0.114763154997252	0.154701585075857
700016978	0.117569438630098	0.136852186742488	0.108784798308157	0.139708957804325	0.136505257756784	0.115781365379743	0.121212219627123	0.153586007409081	0.114835168617579	0.130316849710297	0	0.11714560975637	0.134280303534382	0.127268188873999	0.137311305901745	0.0948761838307585	0.119956580209045	0.111675765377584	0.116617057091447	0.120198733678443	0.10662157971801	0.0757475026216646	0.116290014495955	0.120599122068688	0.10789386466349	0.139602470982794	0.144348990690044	0.138465371455717	0.12977208436754	0.126248266817626	0.107961295829817	0.103854277531618	0.0858694285607053	0.102372213125503	0.138043142282475	0.101108620235965	0.122996755375143	0.13607110502642	0.116869267968422	0.153852915363177	0.107363444161503	0.114624767000066	0.100720667920912	0.109556054877533	0.124270662759891	0.112985345790636	0.121980335790409	0.118055787004918	0.115248712043326	0.104998330077032	0.0914008039607222	0.13167497840135	0.121651461701291	0.0821833549019975	0.141804107388845	0.131905047145232	0.116197131504086	0.119799364649047	0.102218095042723	0.129008379624774
700024192	0.152839215412949	0.16119107483567	0.0677447208167943	0.145699418126435	0.150665488993341	0.0921667850524651	0.131773034895917	0.114396492272507	0.145485983745125	0.10662884819411	0.11714560975637	0	0.0970116586299629	0.146286271472805	0.0781049414704931	0.105639868721015	0.110405066116003	0.11424780396452	0.140249807454897	0.138603883857805	0.132568267297146	0.0873536619404156	0.132744156196612	0.158309530900612	0.12679449331973	0.163372644416086	0.152443888361552	0.153402502572856	0.123565291901699	0.116532366300613	0.099385276558288	0.0927853980058256	0.0996338561642955	0.0961249225393391	0.164354423948929	0.0983629038874157	0.145033536943574	0.0935061078974459	0.161290170903977	0.107005009235371	0.143193400189866	0.066926490062474	0.145504222293831	0.108239032232139	0.102389904593634	0.130918188981352	0.141756963250242	0.0705913695692257	0.130558960020286	0.057832448201647	0.0726922198951948	0.162011419560788	0.145157417235581	0.127394382785414	0.188628620828115	0.097071595609634	0.12038206032673	0.148588934724662	0.0833127971546524	0.130722277224309
700113058	0.161161097382729	0.144681652489941	0.116456261250399	0.169345431792491	0.152058124684413	0.113932519803664	0.158485792462089	0.0949483056126337	0.159925040492553	0.0924243297587408	0.134280303534382	0.0970116586299629	0	0.139413658204818	0.0968404758400995	0.126444139495816	0.106290423577796	0.134566299761076	0.154461670078932	0.149627816772049	0.142854029316301	0.12055222890587	0.147101640107939	0.173398403004749	0.154639428689015	0.172501396817169	0.140883115393149	0.137058074636213	0.109706016348656	0.104132335076048	0.105496151321147	0.122101222613872	0.110357142499598	0.101531839362239	0.169559623025004	0.123761360121197	0.141788299876748	0.116245989712682	0.159908501924458	0.0965138780082545	0.142805922806585	0.0813759188747133	0.16136346379291	0.130036354689229	0.100905452435587	0.115635004496254	0.146570602073924	0.0859946667704914	0.126257249874754	0.0908555455427895	0.120604886913677	0.172738658937342	0.159057150810759	0.138256199973585	0.199173368368978	0.076328740217446	0.127139445343792	0.165484002897981	0.108782747923462	0.150022397444971
700099448	0.148662534740696	0.120106432850924	0.124903064764427	0.154331171850562	0.113227446524576	0.104639336474663	0.144761331724338	0.157125191874417	0.146772236285933	0.12722354523418	0.127268188873999	0.146286271472805	0.139413658204818	0	0.127501292205052	0.132458776981022	0.117307532480789	0.1211741909646	0.132457580777097	0.137705045707106	0.132464119346585	0.136562497177815	0.104345582043048	0.148291659040746	0.146800191321164	0.129011249611577	0.134453948333635	0.164016495773192	0.11294087074895	0.0979221227122908	0.104720431539427	0.139725619073031	0.121792528933519	0.10763354532431	0.129436369079845	0.126660066069684	0.112928956424741	0.117968114112689	0.143120576016866	0.150377273805224	0.14617531154978	0.129795641474826	0.119935977278677	0.144208913935002	0.125235287420661	0.113335418898108	0.121798463066982	0.125192785869986	0.0773836852765699	0.124926393321702	0.123194939486942	0.139212107240472	0.142620773331544	0.121360908442671	0.156468121572162	0.141220443092351	0.128751244327213	0.141243651505987	0.11895134028721	0.143188798118448
700109870	0.155617524194427	0.15300997365585	0.0869449089814067	0.141273403334658	0.139875827274406	0.0852030740903386	0.138997072567495	0.0998857275422552	0.146011905338834	0.101939900472819	0.137311305901745	0.0781049414704931	0.0968404758400995	0.127501292205052	0	0.123551124724378	0.0942335940710448	0.127195642771295	0.149038812667395	0.132324182195091	0.127435317256493	0.115063735524342	0.114506898361129	0.164066040411749	0.132490036374868	0.161150530686896	0.153222878952936	0.15604307051438	0.11058629300793	0.0900435633872991	0.105749533086565	0.108496924724738	0.121731472874934	0.115964259184361	0.163593026868849	0.115460101120735	0.140684475248981	0.0791699382838265	0.15988813348285	0.101382679855871	0.152006094752738	0.0737097270486073	0.146234247717351	0.12557161219658	0.103093125126532	0.117482311573645	0.136565755440917	0.0699592401152874	0.117294701898881	0.0768784737811452	0.0951965545539511	0.1561723235371	0.138530025788045	0.126225447669551	0.185360022064354	0.105400019524293	0.10617860145565	0.144336037349986	0.0879010012308848	0.125273600542252
700033928	0.101976464029517	0.144679761221455	0.111590150610492	0.124275191579963	0.116343969189006	0.126072255806359	0.100504062742339	0.1506984194117	0.0919350143419784	0.129651933042784	0.0948761838307585	0.105639868721015	0.126444139495816	0.132458776981022	0.123551124724378	0	0.128850920964207	0.123439361776385	0.100389624936903	0.110697824591088	0.097417581041313	0.0849505856300229	0.109583300206876	0.0922533432954197	0.102007396819739	0.121788412088762	0.150251488803406	0.120609380166738	0.125992778492383	0.127571751687181	0.115442684661185	0.097298901099354	0.0834158978730728	0.112380314718793	0.124983878076298	0.105827866604591	0.118807633877714	0.137258508751597	0.114186917387974	0.149061091602493	0.0988413221667552	0.10671998457282	0.120554762225326	0.0966551191060021	0.122265950558197	0.122045601432657	0.115934258741292	0.109714720918241	0.125205990038258	0.0963182508828106	0.0863586177661624	0.118303547498525	0.10831464669364	0.10364459564509	0.127860511951752	0.121997982615371	0.105754287504879	0.107877902181174	0.10651031232563	0.103574479657937
700023693	0.163032190264399	0.125849751795796	0.103688768684516	0.168967702932522	0.140232804209178	0.095269684142076	0.156475990654293	0.0857980223333201	0.148115674623467	0.0742682924579588	0.119956580209045	0.110405066116003	0.106290423577796	0.117307532480789	0.0942335940710448	0.128850920964207	0	0.115671469207146	0.148260139845934	0.149791574481793	0.139333711805582	0.115856486563347	0.133137624477181	0.160356632558131	0.15371497548537	0.170260932200834	0.135234027648093	0.147082890996456	0.100863710143588	0.100196109785587	0.0869860522246283	0.126365606490629	0.109321518119226	0.0946554569233475	0.157305810773613	0.117420928856097	0.126529754898733	0.0984965777240493	0.156351242396918	0.0942148696209504	0.137888814033983	0.0802069640444362	0.132370499549654	0.131564694834887	0.0951012558154805	0.105539980441376	0.109864179380058	0.0845330807042402	0.109081116023475	0.09502444169506	0.111329728312588	0.173388766154195	0.156564727566659	0.10829971416763	0.192365078862196	0.0989823303381572	0.126265705493225	0.165143136540114	0.116348786669315	0.152276402832745
700109627	0.155871669476334	0.14801367541044	0.0966609923241026	0.178159058827547	0.149873301089938	0.0841512081222688	0.172583991601976	0.143277904796447	0.162302216931674	0.110624845330456	0.111675765377584	0.11424780396452	0.134566299761076	0.1211741909646	0.127195642771295	0.123439361776385	0.115671469207146	0	0.145950382145728	0.160140096556388	0.151930940620772	0.116163035894744	0.144076139245661	0.151950290649711	0.152387149954353	0.162106398282479	0.133021143758734	0.152131788123749	0.136144890470843	0.119764519286377	0.101222369283976	0.133359280059822	0.124260578595305	0.0946265246144618	0.156824718840315	0.131903878248133	0.113513029845133	0.0928561989434592	0.163067476596023	0.142306242638493	0.152696902508618	0.109763842693209	0.127898211279511	0.135136244983671	0.143950996433236	0.126637513148612	0.136132238782576	0.126090886663118	0.0916899640905861	0.114033272798561	0.112435052710632	0.179631199895683	0.162263527272648	0.124233184828549	0.179411065625522	0.130912272021891	0.152150674079331	0.172113540431503	0.117741120987752	0.161867375536506
700095416	0.0860852124754749	0.149334373384992	0.138273318468955	0.135474491900502	0.120492263668786	0.146207091571042	0.105253678763321	0.175087582099507	0.097948020840937	0.152685307582957	0.116617057091447	0.140249807454897	0.154461670078932	0.132457580777097	0.149038812667395	0.100389624936903	0.148260139845934	0.145950382145728	0	0.118968751473256	0.102403668463189	0.10528090000251	0.115019091918744	0.100066015376626	0.113602828479379	0.111062754142813	0.153656759732183	0.148649655702183	0.129644938442683	0.142480917919175	0.133378077356009	0.113805681892809	0.101329222299895	0.142037310303581	0.116125798741054	0.113762511362798	0.116384129274122	0.15355500886749	0.101853384978346	0.166720436085582	0.0992208796715189	0.145933103436778	0.115198662555406	0.111578739738111	0.137411520118635	0.113213832566683	0.116360515539468	0.137837059683885	0.131065166687571	0.129739924919651	0.10753832049089	0.116646897792706	0.115897616873245	0.103869002149321	0.115709309056627	0.142516115133468	0.113312939804597	0.110848979281159	0.121880185095628	0.119960712892986
700110425	0.0875165157485676	0.148147738942606	0.143065650147093	0.0852269117509678	0.122231397142644	0.148967067727518	0.0735587994695358	0.172141415170591	0.110286396331942	0.158776389102469	0.120198733678443	0.138603883857805	0.149627816772049	0.137705045707106	0.132324182195091	0.110697824591088	0.149791574481793	0.160140096556388	0.118968751473256	0	0.082935440914178	0.10485867202621	0.0877335031018743	0.112157253162496	0.0646210051521297	0.114703597515325	0.169036193764148	0.1422441286198	0.132061019839968	0.131930738005919	0.148718660875603	0.1099541982963	0.0986419456339829	0.140361569593474	0.121102807361756	0.0878286645678918	0.146544804563429	0.158271470728305	0.113108564148538	0.16532282219596	0.12456366520799	0.140979578518782	0.124963659651213	0.0927885151348249	0.129811197409742	0.128902852042513	0.129676976973527	0.125637405307476	0.129751495845384	0.117567397057886	0.106515035152667	0.0735969781143147	0.0513018850708099	0.117333417509848	0.116646677088198	0.149736440598621	0.0850456616954431	0.0703027257612013	0.107870605903328	0.0820684320588333
700111580	0.0864523071123867	0.146682128307305	0.137771290577902	0.107645231014591	0.121602707622117	0.141646658207266	0.0841388176611294	0.166022680160131	0.103319239723401	0.140630803800401	0.10662157971801	0.132568267297146	0.142854029316301	0.132464119346585	0.127435317256493	0.097417581041313	0.139333711805582	0.151930940620772	0.102403668463189	0.082935440914178	0	0.0866167577584049	0.0912096210075069	0.106040201904105	0.0694768379818136	0.128094269230237	0.167319931988376	0.154938914693111	0.119578644930878	0.136509713233924	0.133928343959294	0.0981935729573444	0.0881730205502037	0.135153975095077	0.132978146050972	0.0885671783850231	0.15403094320849	0.146695286616905	0.121825090291165	0.153017912728413	0.115900844980766	0.122138014737618	0.126192750085893	0.0992873786635099	0.119615358125051	0.114031620608959	0.118370853668465	0.113153802907928	0.117409880198593	0.115660916719374	0.103855985579068	0.0907089179770445	0.0923379932695942	0.0949123476589343	0.117778811166	0.139005897458968	0.0765902748369906	0.0741939996507116	0.096172384436201	0.0882035066709168
700111302	0.104325660305287	0.130355807223731	0.0945990300224057	0.130358063654154	0.121432272583801	0.112972196185143	0.0996840768240847	0.1412977490145	0.103653349732124	0.119215381696463	0.0757475026216646	0.0873536619404156	0.12055222890587	0.136562497177815	0.115063735524342	0.0849505856300229	0.115856486563347	0.116163035894744	0.10528090000251	0.10485867202621	0.0866167577584049	0	0.11627727400766	0.110138713870639	0.0909848204869546	0.135152340535614	0.144043163438996	0.143681448286569	0.121453800362279	0.123420392547164	0.105182876288147	0.0754318107626353	0.0694046300729301	0.0944876260778744	0.134343150973377	0.0780386100565495	0.130859671058616	0.130364076379405	0.119698566669792	0.131949869846488	0.114092541112007	0.0911868429891614	0.110813772752988	0.0815123329506824	0.106097977451046	0.118915427901165	0.112709037005449	0.0895904022082343	0.118553821752698	0.0811907786078477	0.0771104295621022	0.123682485177809	0.112691381957247	0.0898844756851715	0.14087287812572	0.10954232700208	0.102598709316548	0.114975815633833	0.0860069410144704	0.112289890725644
700098605	0.108868088391924	0.12980625796196	0.131848614915679	0.105861205692414	0.114597009397123	0.12590595779428	0.105925786323967	0.16516911552849	0.112709249628957	0.146583166807533	0.116290014495955	0.132744156196612	0.147101640107939	0.104345582043048	0.114506898361129	0.109583300206876	0.133137624477181	0.144076139245661	0.115019091918744	0.0877335031018743	0.0912096210075069	0.11627727400766	0	0.12123924921889	0.10075037106483	0.120536289563387	0.152739307770466	0.141949084785216	0.125150330898108	0.118341978579223	0.130688053743001	0.113799534769653	0.0998933739449317	0.126299586442478	0.12050694933158	0.100927106373663	0.128768329215086	0.129913313698054	0.118908486631538	0.155047729263984	0.129805680983401	0.138144938239348	0.117491056158431	0.103143834639512	0.137697032655639	0.107668145575512	0.118184885622993	0.123514098144211	0.112558255980861	0.111250458950618	0.102468617931224	0.0955287890167902	0.0901205843979949	0.105576361790289	0.114487221446759	0.140332172400623	0.107845696025444	0.0893269048231222	0.10394857417971	0.0812874199443961
700111991	0.0799386640599234	0.164047389204913	0.15244533196633	0.114329594537952	0.132046625690899	0.166388008331712	0.107546061641015	0.184337213918713	0.102756639609874	0.162101233143921	0.120599122068688	0.158309530900612	0.173398403004749	0.148291659040746	0.164066040411749	0.0922533432954197	0.160356632558131	0.151950290649711	0.100066015376626	0.112157253162496	0.106040201904105	0.110138713870639	0.12123924921889	0	0.110974797023829	0.107269448437253	0.148078395820741	0.13549283827063	0.142329235803246	0.166473255146758	0.156463201636561	0.138367081518959	0.116459357817423	0.149747635105407	0.116238941680894	0.125822293154683	0.135673127568399	0.166644278840247	0.101304136730111	0.183638058343874	0.102772663171004	0.158436433453346	0.133006447783865	0.127523060664712	0.15324031915866	0.135012512810289	0.113601419550707	0.154844598664481	0.148550217517285	0.144288108652956	0.118234664961557	0.115028681087693	0.108951117796491	0.108272461021879	0.0907401418393539	0.162050364687842	0.120761028678496	0.104565003234562	0.139158164625821	0.119652710129969
700108960	0.0915427017884644	0.160424229109492	0.129513636020013	0.0955995221511998	0.133354347811294	0.136499078320549	0.068600782367734	0.177454683528712	0.108568281248707	0.154657391202209	0.10789386466349	0.12679449331973	0.154639428689015	0.146800191321164	0.132490036374868	0.102007396819739	0.15371497548537	0.152387149954353	0.113602828479379	0.0646210051521297	0.0694768379818136	0.0909848204869546	0.10075037106483	0.110974797023829	0	0.135016047333505	0.184615958322758	0.162207592277434	0.141458378697837	0.139248978729242	0.146501206021071	0.0879345042851391	0.104305202583357	0.140812173756322	0.139303172294504	0.0884235565966571	0.153831911035146	0.152766584930597	0.120911816218053	0.171470132815289	0.130438194836729	0.134335796239291	0.131329254502788	0.0966208947985691	0.137089662624607	0.14048687644507	0.141928472515566	0.122237013731911	0.134675055859182	0.1068169764532	0.0965382313039672	0.0821150549888698	0.0703821742286412	0.109696572880146	0.113465368955975	0.154524102046426	0.0732695769711166	0.0673434356135445	0.101680136757872	0.0751238855547316
700024452	0.100818966837677	0.155967145184509	0.160013761851396	0.113464797006577	0.101377631402887	0.1635668648979	0.114384219252847	0.187034741627706	0.109609507855555	0.172654276262693	0.139602470982794	0.163372644416086	0.172501396817169	0.129011249611577	0.161150530686896	0.121788412088762	0.170260932200834	0.162106398282479	0.111062754142813	0.114703597515325	0.128094269230237	0.135152340535614	0.120536289563387	0.107269448437253	0.135016047333505	0	0.161727637977873	0.135259734237135	0.123743828652127	0.149633841121633	0.162916328269872	0.156374189684015	0.1242408729408	0.151500121669649	0.0715413521971822	0.129435868441883	0.140524280413533	0.165303770662212	0.10061451140558	0.174003269918045	0.118320540987753	0.162814162390232	0.135787411151374	0.135077521605047	0.145759972313181	0.120089023303472	0.119051443484156	0.156664725189127	0.139221560664681	0.147999712175712	0.124764208478236	0.101018357691694	0.0990501893109547	0.13556245681374	0.104162177625571	0.163810530557451	0.13045968767399	0.120901995569478	0.137207989690586	0.135090971525925
700032931	0.155579364971653	0.119751175237358	0.142549803627705	0.186182100992321	0.153802395548585	0.151104418240414	0.187400567730858	0.146682886646999	0.169234445666995	0.142441280683735	0.144348990690044	0.152443888361552	0.140883115393149	0.134453948333635	0.153222878952936	0.150251488803406	0.135234027648093	0.133021143758734	0.153656759732183	0.169036193764148	0.167319931988376	0.144043163438996	0.152739307770466	0.148078395820741	0.184615958322758	0.161727637977873	0	0.135174774277178	0.147224342926144	0.14280942184736	0.135249807929651	0.15817695115893	0.14175204560045	0.129227853681168	0.154316400242782	0.158433641157366	0.129799509207812	0.145307843455205	0.149909503074489	0.152911071909547	0.141147259204565	0.14149407751712	0.147335954732412	0.155721670566093	0.148126517183421	0.1378873919081	0.110372127224818	0.138618894212582	0.137900958541948	0.138129337392087	0.144024404518871	0.185860680411386	0.170359033871138	0.137423734881807	0.165366723358288	0.135225540271756	0.165996924745556	0.181620708469714	0.147560449385142	0.177174981998628
700095837	0.144653382742441	0.152888187680143	0.15558153402903	0.160266555501853	0.154006873173719	0.164398341997945	0.168105654927147	0.155516967601668	0.144289798859027	0.153789353778087	0.138465371455717	0.153402502572856	0.137058074636213	0.164016495773192	0.15604307051438	0.120609380166738	0.147082890996456	0.152131788123749	0.148649655702183	0.1422441286198	0.154938914693111	0.143681448286569	0.141949084785216	0.13549283827063	0.162207592277434	0.135259734237135	0.135174774277178	0	0.114647573101988	0.137818855264376	0.15048634418704	0.161550780419008	0.125305875423897	0.13371822965024	0.139535279768904	0.148484553455568	0.136717638265962	0.170147510322103	0.133187105580004	0.15663120424577	0.128379636908838	0.141728317819682	0.153256026477699	0.14254148592625	0.132019629552228	0.128717868150075	0.128507372594767	0.146168529088993	0.15901503394821	0.14249188490649	0.132952994709402	0.158917895513691	0.142852501636653	0.152903873196541	0.151277950276076	0.130835353881116	0.153356609523216	0.15745489218554	0.140299402182947	0.160106547291497
700024548	0.140649750413009	0.124800420599848	0.120541426007104	0.139453251533867	0.12436943100146	0.11386633062922	0.145409274067294	0.116606205834173	0.152015856873482	0.110070954979836	0.12977208436754	0.123565291901699	0.109706016348656	0.11294087074895	0.11058629300793	0.125992778492383	0.100863710143588	0.136144890470843	0.129644938442683	0.132061019839968	0.119578644930878	0.121453800362279	0.125150330898108	0.142329235803246	0.141458378697837	0.123743828652127	0.147224342926144	0.114647573101988	0	0.103481311545392	0.109515631854636	0.145354811414983	0.108999119675607	0.10722289696452	0.129369286747227	0.112611739170682	0.128562345977553	0.117587887118019	0.137980553207814	0.112287630514958	0.131662694862	0.0921524480502608	0.137326731080426	0.143072668080499	0.0772660425800157	0.0843358244014167	0.112842942585778	0.106576512902646	0.105533317453295	0.119848736663695	0.108551878261856	0.150682413331684	0.12620876718024	0.116042459504337	0.157944013163122	0.109349998889554	0.109100101565293	0.142595295763246	0.1099987567498	0.153161228094109
700110161	0.153165203635341	0.13570612599603	0.103786916491432	0.15542169611644	0.132165624920548	0.0961559519306663	0.147991148909588	0.119279146489239	0.149687804011108	0.107483487753515	0.126248266817626	0.116532366300613	0.104132335076048	0.0979221227122908	0.0900435633872991	0.127571751687181	0.100196109785587	0.119764519286377	0.142480917919175	0.131930738005919	0.136509713233924	0.123420392547164	0.118341978579223	0.166473255146758	0.139248978729242	0.149633841121633	0.14280942184736	0.137818855264376	0.103481311545392	0	0.100447863346378	0.123030355476738	0.113762964617564	0.0857483704363585	0.154070715380121	0.121453334398833	0.115838097250313	0.0965570689592106	0.153245506714484	0.119665239105385	0.148394525246721	0.093121034276956	0.127424182914598	0.12541548437	0.112473393670351	0.121065918075202	0.145341350923214	0.0942761190170587	0.0962608341303634	0.0948743962691184	0.113802804191609	0.157441934541718	0.141198629914133	0.12143693004983	0.180247876637108	0.108538975427151	0.109778610459408	0.1470398898236	0.0988149277233947	0.13913340624625
700023496	0.156133216556304	0.115964593201917	0.0979605557476686	0.166564038024653	0.137413347054304	0.0809578281448728	0.148601625851634	0.114153003680508	0.145702370715805	0.0975690788568623	0.107961295829817	0.099385276558288	0.105496151321147	0.104720431539427	0.105749533086565	0.115442684661185	0.0869860522246283	0.101222369283976	0.133378077356009	0.148718660875603	0.133928343959294	0.105182876288147	0.130688053743001	0.156463201636561	0.146501206021071	0.162916328269872	0.135249807929651	0.15048634418704	0.109515631854636	0.100447863346378	0	0.11484567518998	0.0966082490668368	0.0866107586607305	0.165695121772573	0.119007590388187	0.113897116067731	0.101883980904042	0.14878494379873	0.112457176956792	0.129227143403793	0.0851329695722175	0.110479444619316	0.121139232143211	0.0908558906795917	0.102121285879146	0.128231081011186	0.0854508777747737	0.084464357912236	0.0878968358871613	0.103406019874457	0.170028490598925	0.150776174860136	0.103239310187283	0.187045981001492	0.0969391467420258	0.126278343518167	0.160438085971885	0.113706785936618	0.148912402024493
700034628	0.117103766852713	0.142782360649295	0.106437755015329	0.143039292459135	0.135713626462976	0.121050493567065	0.0885635691063812	0.150438469638447	0.101100278550453	0.125714291492065	0.103854277531618	0.0927853980058256	0.122101222613872	0.139725619073031	0.108496924724738	0.097298901099354	0.126365606490629	0.133359280059822	0.113805681892809	0.1099541982963	0.0981935729573444	0.0754318107626353	0.113799534769653	0.138367081518959	0.0879345042851391	0.156374189684015	0.15817695115893	0.161550780419008	0.145354811414983	0.123030355476738	0.11484567518998	0	0.0939722037002153	0.108561679708162	0.146262572319077	0.0757741529048813	0.142253341233749	0.128691297811416	0.135620231345399	0.139996584491635	0.135264956228548	0.10498979848802	0.132041540712616	0.0727475586973777	0.12656717578679	0.133875270308031	0.137497033563315	0.0925779210438946	0.130171672191744	0.0753086985733258	0.10001626454861	0.121411204934867	0.120296595793946	0.106436992693162	0.158932935771009	0.113987707538098	0.11008306691999	0.104023841858386	0.0924208068417619	0.0833785683047467
700023645	0.102325344344511	0.12125643677985	0.106140161498327	0.127094496777681	0.115443914458346	0.112224502662235	0.105974314796149	0.132334210386689	0.107121724319547	0.115001213686951	0.0858694285607053	0.0996338561642955	0.110357142499598	0.121792528933519	0.121731472874934	0.0834158978730728	0.109321518119226	0.124260578595305	0.101329222299895	0.0986419456339829	0.0881730205502037	0.0694046300729301	0.0998933739449317	0.116459357817423	0.104305202583357	0.1242408729408	0.14175204560045	0.125305875423897	0.108999119675607	0.113762964617564	0.0966082490668368	0.0939722037002153	0	0.0899312811875545	0.121042161136761	0.07989550494211	0.119702467527155	0.125354182535529	0.119363334083527	0.127486825298122	0.104285249395369	0.0951465038302873	0.0975387627875903	0.0871885475446687	0.099384286397733	0.101473879579848	0.102233059948601	0.0922665822101033	0.113122814040162	0.0828912587202522	0.0811493130809765	0.114859572496095	0.110374715971339	0.096167487926621	0.142841930129313	0.100049616094309	0.106447588238747	0.108416563131569	0.0914904214046971	0.11088019189429
700038744	0.148247460516174	0.118550626271286	0.0916045379123927	0.155435213360991	0.130642101547208	0.0911532071313693	0.142615737809251	0.123706917054385	0.143502884339879	0.0918687148965185	0.102372213125503	0.0961249225393391	0.101531839362239	0.10763354532431	0.115964259184361	0.112380314718793	0.0946554569233475	0.0946265246144618	0.142037310303581	0.140361569593474	0.135153975095077	0.0944876260778744	0.126299586442478	0.149747635105407	0.140812173756322	0.151500121669649	0.129227853681168	0.13371822965024	0.10722289696452	0.0857483704363585	0.0866107586607305	0.108561679708162	0.0899312811875545	0	0.140752736049139	0.104811285580443	0.11733751986358	0.101981882390078	0.142422547084098	0.114204483294139	0.132729707690905	0.0860076473145464	0.120946624459377	0.11425493927379	0.103001102851066	0.113151728564955	0.131091783729249	0.088499551162903	0.0959385567919192	0.0854559198419879	0.0994911434133007	0.163761608353791	0.146135081379555	0.114077144131268	0.178519691235324	0.0920028316647086	0.130766179339992	0.154272797051852	0.10582076993208	0.143980598557501
700038485	0.11127594982897	0.148000895822523	0.151336618290491	0.118771712289364	0.104770790226565	0.160537737375948	0.122676465137573	0.175238965139061	0.110129472743834	0.158856003706371	0.138043142282475	0.164354423948929	0.169559623025004	0.129436369079845	0.163593026868849	0.124983878076298	0.157305810773613	0.156824718840315	0.116125798741054	0.121102807361756	0.132978146050972	0.134343150973377	0.12050694933158	0.116238941680894	0.139303172294504	0.0715413521971822	0.154316400242782	0.139535279768904	0.129369286747227	0.154070715380121	0.165695121772573	0.146262572319077	0.121042161136761	0.140752736049139	0	0.121517235763262	0.142841095842635	0.170017582805483	0.109340110646272	0.169757820781035	0.127470189624155	0.164027291186608	0.144107377476122	0.135020466359589	0.154079663924903	0.117654985638583	0.115186351298115	0.160855917628192	0.151311582653762	0.151862513731027	0.128776634133009	0.103888173855479	0.104948625793371	0.133272910091094	0.114520875239061	0.157881122076691	0.141789150462523	0.125410266875191	0.136337553582477	0.131140894006462
700024743	0.11375260968077	0.132697161823669	0.103151281125596	0.115054704577343	0.129146907953277	0.113996749044769	0.0901928170370342	0.133200516491488	0.119016088249035	0.115685629127763	0.101108620235965	0.0983629038874157	0.123761360121197	0.126660066069684	0.115460101120735	0.105827866604591	0.117420928856097	0.131903878248133	0.113762511362798	0.0878286645678918	0.0885671783850231	0.0780386100565495	0.100927106373663	0.125822293154683	0.0884235565966571	0.129435868441883	0.158433641157366	0.148484553455568	0.112611739170682	0.121453334398833	0.119007590388187	0.0757741529048813	0.07989550494211	0.104811285580443	0.121517235763262	0	0.147637044385335	0.123611211951838	0.129604864955664	0.128200487036065	0.124609155051532	0.111161819687157	0.12344891044246	0.0770945900846189	0.106787102176516	0.115106247249203	0.112882221211798	0.0979888894228647	0.111935194423767	0.0862573798522044	0.0843454064044071	0.109219634071666	0.100570998355888	0.100307787327361	0.136288847183945	0.11771276465457	0.0987659530907569	0.0921389730437995	0.0849696552096859	0.0932867511213144
