700108602	700014971	700033565	700109389	700023058	700023927	700106341	700114221	700023543	700023439	700016978	700024192	700113058	700099448	700109870	700033928	700023693	700109627	700095416	700110425	700111580	700111302	700098605	700111991	700108960	700024452	700032931	700095837	700024548	700110161	700023496	700034628	700023645	700038744	700038485	700024743	700099596	700110760	700101587	700106399	700032322	700095653	700021312	700101230	700023590	700038905	700033136	700023382	700096424	700105469	700016908	700096053	700108479	700109569	700033814	700016125	700109756	700102665	700101777	700109455
700108602	0	-0.153970350421162	-0.202308353551275	-0.121719462998738	-0.136844561923421	-0.205452075551376	-0.0826334686049968	-0.224634977814428	-0.0920532071949013	-0.197495318521796	-0.129353929585724	-0.209967834902324	-0.211331725252779	-0.151796899331879	-0.213797704910582	-0.120703994161591	-0.21845682380878	-0.193678117892871	-0.0922689859546169	-0.100500699058453	-0.116281974902542	-0.139985557655872	-0.105622578398962	-0.0598015376869872	-0.114329562124779	-0.113847006953663	-0.154250118019015	-0.17620446008912	-0.184851323896678	-0.210265458435964	-0.196315890397234	-0.160239768282482	-0.130633167474318	-0.187670349142526	-0.120340423145219	-0.124269376955053	-0.157593740610258	-0.218775957404569	-0.0781209410208288	-0.234567055195271	-0.114501274838811	-0.206882289449788	-0.142097007211099	-0.140266296186524	-0.192373813511756	-0.145796842835404	-0.120663528584138	-0.19398432179608	-0.170529261616228	-0.184104375101169	-0.148398282741866	-0.0781728215600144	-0.0884425427799276	-0.110159049250355	-0.0778779583467538	-0.195902755635818	-0.129015321546771	-0.0901192371802777	-0.166744569054591	-0.109999848154115
700014971	-0.153970350421162	0	-0.179201895926855	-0.206560557113925	-0.134113402107202	-0.152539981418646	-0.173182598124164	-0.142032598186846	-0.148379298879305	-0.120671639069632	-0.123382016240401	-0.198137931956657	-0.1394851655597	-0.116431056041242	-0.167917226996334	-0.16604948864928	-0.12762358917164	-0.172603315140237	-0.153855526859062	-0.154398002495056	-0.156267511035624	-0.146059307774191	-0.123721045193824	-0.15993720834828	-0.189981615652103	-0.149348886791847	-0.118137290967302	-0.135925588715598	-0.120472955513736	-0.139999293994169	-0.129021186582066	-0.164092745071277	-0.123780702010826	-0.119227972650334	-0.142777464277	-0.13004638053952	-0.149481243195217	-0.17957325183902	-0.132629940812419	-0.160599180074431	-0.124024358723705	-0.139780068152723	-0.137255798739978	-0.153259922105503	-0.116403487740172	-0.116734371929958	-0.103038467304469	-0.135700685710199	-0.121513101452807	-0.175983728705213	-0.166271328108296	-0.156692972410654	-0.162173503383455	-0.12604853666236	-0.176886325335667	-0.134613106173848	-0.146064078378093	-0.172346643411549	-0.157627432147688	-0.171283086937632
700033565	-0.202308353551275	-0.179201895926855	0	-0.230630195997711	-0.175225853935912	-0.0683235521554839	-0.204282079916961	-0.119136578526301	-0.177550295496945	-0.0967154551191346	-0.114718497057917	-0.068207590742801	-0.104633326520123	-0.137822554032769	-0.0872359770527359	-0.137433905770294	-0.107827294528396	-0.107686471599202	-0.170236057884661	-0.183741475570453	-0.171178647049048	-0.106125545140895	-0.176865687228954	-0.187612347766509	-0.178470369573849	-0.199934981403798	-0.139397093630735	-0.186492111210365	-0.172102107122659	-0.111385842757207	-0.117505527454887	-0.124575835978041	-0.119166839989541	-0.0915302107389127	-0.197501170048049	-0.152579696182461	-0.163330530309772	-0.0955714787996827	-0.184590747497175	-0.144259704671093	-0.157408892198155	-0.0848856683053935	-0.1429965929007	-0.153436539352554	-0.124406781289049	-0.134450468297662	-0.154984306100463	-0.100457131167485	-0.12113216679565	-0.0789604634151274	-0.0947375860285414	-0.215968951954523	-0.197547845885996	-0.135518491564539	-0.22374033749289	-0.102882064399693	-0.143497571047433	-0.205874414695875	-0.0872957463292518	-0.189045102315766
700109389	-0.121719462998738	-0.206560557113925	-0.230630195997711	0	-0.18958413985659	-0.247111569945363	-0.107657194550673	-0.249732963423623	-0.166388506728056	-0.238435490061923	-0.183225875204294	-0.227213954291661	-0.239633473750248	-0.204137955029425	-0.229218924159131	-0.159361647111034	-0.242251951143584	-0.246404084649149	-0.164758238005744	-0.103367012645021	-0.144649480115084	-0.187320314572817	-0.145395155920181	-0.144405207704897	-0.1304287648815	-0.144434710159612	-0.230949384596613	-0.209205427637653	-0.192585014618266	-0.234492500280261	-0.243322405361522	-0.202616176622177	-0.17358845631124	-0.222470710805882	-0.144534932349621	-0.163063865698457	-0.230622100602069	-0.260097240113355	-0.145646101076508	-0.240967007059277	-0.152987834149131	-0.227820897360514	-0.205370302942249	-0.182236464691111	-0.213284550551986	-0.186031611157452	-0.184717574017538	-0.22596820681028	-0.220520958645863	-0.215060466001322	-0.178859575242079	-0.104663016239317	-0.0928269142026829	-0.175082161652441	-0.115550232807482	-0.23115919030665	-0.129782297736929	-0.114947581208439	-0.182663893126594	-0.14775832567992
700023058	-0.136844561923421	-0.134113402107202	-0.175225853935912	-0.18958413985659	0	-0.157853963733537	-0.154358288525519	-0.172145592847805	-0.130472914426256	-0.155458078500433	-0.129115435611481	-0.191050278426909	-0.184713936806877	-0.127704224179386	-0.166735323946998	-0.14386720368709	-0.159858067363272	-0.161118937283678	-0.133140959712261	-0.145061667877281	-0.15244448006449	-0.155375466592297	-0.137603145597831	-0.131316881501745	-0.179955176684842	-0.130353151885779	-0.139233097366726	-0.177372780585762	-0.158657479122809	-0.164600837437888	-0.145308421290064	-0.172857633486801	-0.139449898535661	-0.140437904553804	-0.129145225005311	-0.151018046682785	-0.124311002495869	-0.146762297956473	-0.118499282111544	-0.193462967492689	-0.120206543606622	-0.16420928566271	-0.112384578884358	-0.154472256793055	-0.14547464950983	-0.128357656132143	-0.10909610302109	-0.155565940260948	-0.131106341919849	-0.177712476569715	-0.162925667390149	-0.146811931791771	-0.140642004148937	-0.116560435417959	-0.151277988998065	-0.169640164009299	-0.143333549225213	-0.165015018558208	-0.159905825616794	-0.153971730389209
700023927	-0.205452075551376	-0.152539981418646	-0.0683235521554839	-0.247111569945363	-0.157853963733537	0	-0.221526066700544	-0.104280234911397	-0.183326989591153	-0.0775486435626046	-0.11732805277205	-0.102625389978073	-0.0963272581521186	-0.0976922866418521	-0.0892783710407207	-0.153695114731798	-0.0883493123032567	-0.0810687547374536	-0.181170483982526	-0.193191831438047	-0.183897891874234	-0.130524623168063	-0.175169999663296	-0.194575982426089	-0.200512423666464	-0.202228134028995	-0.121849985851894	-0.178709855359085	-0.157069368972523	-0.100286759111592	-0.0737292628224662	-0.154124522632378	-0.120801051357481	-0.0714234288041287	-0.197009280999456	-0.156845342858491	-0.139597985482613	-0.0791001515046372	-0.188941442881304	-0.129861302720885	-0.149908050255488	-0.0777088960763615	-0.125890659660169	-0.166191788371376	-0.113343036466535	-0.123010438254905	-0.145752825105077	-0.0947551403797707	-0.0888359360268209	-0.102980562108522	-0.124105099039194	-0.225070554387815	-0.207391969731828	-0.136864547522591	-0.226680167560092	-0.0903785841680805	-0.148451657941204	-0.215735261251848	-0.111990448420611	-0.202868500040888
700106341	-0.0826334686049968	-0.173182598124164	-0.204282079916961	-0.107657194550673	-0.154358288525519	-0.221526066700544	0	-0.227973931515096	-0.0886374711726828	-0.215622067382071	-0.129843313957723	-0.197549754217302	-0.217476199754919	-0.178043541084271	-0.214706172481935	-0.121507178674432	-0.219633116213953	-0.223620060401097	-0.104911529401018	-0.0884561755662878	-0.0985613248621007	-0.137700634498399	-0.119159217621455	-0.105399997513434	-0.0834659940646394	-0.152133832998111	-0.205563766069459	-0.215311644521645	-0.203345258852513	-0.216826092734992	-0.210819492253968	-0.124423545857195	-0.140917038995803	-0.195931334062968	-0.151615381788927	-0.104334970712824	-0.199482821312842	-0.239154894616434	-0.0821606785244183	-0.242275012939259	-0.131006519963402	-0.201041745311137	-0.159072752251265	-0.115410281393397	-0.188047699858181	-0.168230292954708	-0.150199345328097	-0.190395249507851	-0.197832550763341	-0.174738016563257	-0.153097755980635	-0.0672769532769084	-0.0805158124147221	-0.125539549375159	-0.113068944578301	-0.195422470794759	-0.116649712667835	-0.0727859261720893	-0.156394139759257	-0.0787561468749105
700114221	-0.224634977814428	-0.142032598186846	-0.119136578526301	-0.249732963423623	-0.172145592847805	-0.104280234911397	-0.227973931515096	0	-0.205929815709817	-0.0811645465761995	-0.162152493433202	-0.136992929870026	-0.0859361283056025	-0.138759847905384	-0.0914656707098899	-0.187439563420053	-0.0566475123885426	-0.149574486690259	-0.206643600521379	-0.201112034063694	-0.197110430264278	-0.167423433792871	-0.197849685942186	-0.215251575485788	-0.233593558851813	-0.215684748199516	-0.129369216547014	-0.171797949417341	-0.143147222685074	-0.112060628617419	-0.121389128657723	-0.181759413439473	-0.151174932448966	-0.0994575004994071	-0.211362612037606	-0.160700359340951	-0.17281708384333	-0.111312240357032	-0.200183546663545	-0.0964008254350482	-0.158849865783938	-0.0828893483368288	-0.173926845055924	-0.183819144560582	-0.0928587538067315	-0.126742531566749	-0.14727430741221	-0.0855164373607645	-0.141954281774191	-0.132882656057996	-0.156836756870547	-0.233172916970075	-0.213657447194634	-0.170820637950784	-0.253400115062063	-0.10498903995797	-0.156687182002429	-0.241832126033181	-0.138724216232519	-0.218216184295915
700023543	-0.0920532071949013	-0.148379298879305	-0.177550295496945	-0.166388506728056	-0.130472914426256	-0.183326989591153	-0.0886374711726828	-0.205929815709817	0	-0.178134201843679	-0.11114500509503	-0.188443880994869	-0.192545531704132	-0.154573796746189	-0.198584750123043	-0.096708018660503	-0.192983429145875	-0.183086780498178	-0.0834415928072232	-0.126878193393002	-0.124309876894237	-0.118377948018728	-0.113262353843604	-0.0973355565885137	-0.1214721620332	-0.143259988043019	-0.159289507238648	-0.171473584614116	-0.204192869411549	-0.188586382877921	-0.174269700260882	-0.118868622097482	-0.128091255244926	-0.165757132677821	-0.135549731801232	-0.130246586294403	-0.151625103528408	-0.205917103390009	-0.0689161256300851	-0.229733391757713	-0.11622676335937	-0.186852656337715	-0.131940678379709	-0.0927930815094727	-0.174890458839991	-0.15687148371248	-0.118899257048627	-0.171567197973472	-0.169873395838246	-0.160125024171605	-0.136706149537263	-0.0928328554325638	-0.115854409144896	-0.122888603499907	-0.125960391069798	-0.173489134790872	-0.154836065494319	-0.0921344361374749	-0.159440443773922	-0.0818780578475906
700023439	-0.197495318521796	-0.120671639069632	-0.0967154551191346	-0.238435490061923	-0.155458078500433	-0.0775486435626046	-0.215622067382071	-0.0811645465761995	-0.178134201843679	0	-0.135146057312487	-0.140803546249352	-0.0768613861139371	-0.10501802686995	-0.0982739838233806	-0.168399133921527	-0.0767220400840741	-0.118817140174571	-0.181776034171494	-0.189641070602462	-0.184103993508709	-0.150102165460342	-0.170688338175246	-0.188934437194363	-0.215563763770418	-0.195329173554908	-0.106191244010309	-0.159388188507466	-0.138176642544205	-0.0932204302781103	-0.0830319640452553	-0.17374561997146	-0.126962359983577	-0.0720553062385259	-0.186379156349686	-0.159344440588001	-0.140636216840295	-0.0970371749876547	-0.179965011026607	-0.111785048844436	-0.139367251228621	-0.0852774972409867	-0.145826926383533	-0.175482474052767	-0.0978051802245644	-0.104920139355205	-0.133198198837125	-0.0885351184844739	-0.100477654986128	-0.125811209827121	-0.137165026850158	-0.212210445292878	-0.202641509831109	-0.138775127996341	-0.222691037303713	-0.0895535292318226	-0.145267049917845	-0.21241792043703	-0.122593889225518	-0.200801997819875
700016978	-0.129353929585724	-0.123382016240401	-0.114718497057917	-0.183225875204294	-0.129115435611481	-0.11732805277205	-0.129843313957723	-0.162152493433202	-0.11114500509503	-0.135146057312487	0	-0.132603930708926	-0.147781237127898	-0.116756773628186	-0.160702045639863	-0.0958616369480553	-0.141005058468486	-0.125562584555543	-0.108378590030276	-0.125464504733193	-0.113835766613118	-0.0713492944631921	-0.121758414777928	-0.125631853205997	-0.111688324432431	-0.164290557748347	-0.135608805712214	-0.1698805620015	-0.165861840352251	-0.149201303567656	-0.122260739166156	-0.0996524990573061	-0.0699704948816158	-0.0965285568047233	-0.16359231797284	-0.0909726218795269	-0.130503180524802	-0.158741278990561	-0.111989151085042	-0.185672855364546	-0.101189883300184	-0.12553508240285	-0.0872994302994987	-0.109513445369399	-0.122492861470852	-0.133109468869728	-0.112164892633334	-0.118029992565761	-0.109703160086038	-0.112767691222788	-0.0948471252900773	-0.146145142937526	-0.131762557441428	-0.0850018253501243	-0.156571815840352	-0.121242830480089	-0.123954368088725	-0.134627571973218	-0.104490355137719	-0.12343566981771
700024192	-0.209967834902324	-0.198137931956657	-0.068207590742801	-0.227213954291661	-0.191050278426909	-0.102625389978073	-0.197549754217302	-0.136992929870026	-0.188443880994869	-0.140803546249352	-0.132603930708926	0	-0.120343367241407	-0.166794759048947	-0.108095627731726	-0.142102967369328	-0.128891932838812	-0.132993528408755	-0.174757594966813	-0.182709644761727	-0.158768513664945	-0.106109385287907	-0.188640580083089	-0.206226450731628	-0.165116108310652	-0.223846108813214	-0.1789237013486	-0.207966166023858	-0.19047423168882	-0.154703865084866	-0.132981535112106	-0.106907008109694	-0.125896113136016	-0.117370971028169	-0.221104295109065	-0.158542173773523	-0.189212759541015	-0.12929602112377	-0.198081380378853	-0.153047140512847	-0.165420411065554	-0.0953779485631289	-0.155688112841969	-0.148712992666511	-0.128521721601744	-0.157812153117071	-0.170605126039011	-0.109851739452834	-0.145408312739454	-0.075843778500993	-0.0859187890081598	-0.223932675686517	-0.197044465859592	-0.14790898600735	-0.24465965248163	-0.107869376527768	-0.142354797927864	-0.208797869866188	-0.0989612136760639	-0.184605819266467
700113058	-0.211331725252779	-0.1394851655597	-0.104633326520123	-0.239633473750248	-0.184713936806877	-0.0963272581521186	-0.217476199754919	-0.0859361283056025	-0.192545531704132	-0.0768613861139371	-0.147781237127898	-0.120343367241407	0	-0.134441018534042	-0.0922921405623985	-0.174275823053724	-0.0917249460968371	-0.142026832572885	-0.200422983030655	-0.191355364877794	-0.195747021043212	-0.148275220069297	-0.194540077987266	-0.211708364928779	-0.219730511340766	-0.207333905585744	-0.122662920741295	-0.145507450666288	-0.136574431759211	-0.09609411541051	-0.119099453430862	-0.167398202440007	-0.13647223780846	-0.0862090285326526	-0.209640357390367	-0.166851800207488	-0.161156956441943	-0.11762652282643	-0.191103412706392	-0.113345357438311	-0.147422536568594	-0.0635587047711257	-0.177768343123018	-0.171903446665364	-0.0917347429187759	-0.126855396722803	-0.166889355020261	-0.0906223768572415	-0.135376618319905	-0.11604417360328	-0.136359368023366	-0.225192504412729	-0.208885448609803	-0.174110705532327	-0.250161754618585	-0.0847084846544552	-0.154394843908256	-0.229320923776646	-0.124690482603212	-0.201524395535409
700099448	-0.151796899331879	-0.116431056041242	-0.137822554032769	-0.204137955029425	-0.127704224179386	-0.0976922866418521	-0.178043541084271	-0.138759847905384	-0.154573796746189	-0.10501802686995	-0.116756773628186	-0.166794759048947	-0.134441018534042	0	-0.134488200871614	-0.147349939919003	-0.115973794003758	-0.116981490458735	-0.1384026330199	-0.151355181946669	-0.150344351732148	-0.136391491030958	-0.129235154005609	-0.140569700607481	-0.181455326673178	-0.1450034110149	-0.0994373383292139	-0.163613467035657	-0.126227460677245	-0.117880017834646	-0.0989610839534747	-0.169577683963688	-0.104415356582299	-0.0972201902279691	-0.14245904280114	-0.136626974741099	-0.113574818299507	-0.118746715066353	-0.140214974801105	-0.16270439896211	-0.120260154988718	-0.126039739332925	-0.103787992455609	-0.166485682359272	-0.115458886427062	-0.105137521410939	-0.106779812983951	-0.12034238969512	-0.071682052027708	-0.145431212233497	-0.140867909832981	-0.164088312295743	-0.167300300204503	-0.107879124509149	-0.162598926777224	-0.128620289215819	-0.113515948036486	-0.172694804663826	-0.120800020405279	-0.170862792820705
700109870	-0.213797704910582	-0.167917226996334	-0.0872359770527359	-0.229218924159131	-0.166735323946998	-0.0892783710407207	-0.214706172481935	-0.0914656707098899	-0.198584750123043	-0.0982739838233806	-0.160702045639863	-0.108095627731726	-0.0922921405623985	-0.134488200871614	0	-0.179095002943591	-0.0930958538363154	-0.145875891714182	-0.199873084070805	-0.18738496379612	-0.179293075824593	-0.157702751571897	-0.176790508942989	-0.212695293557615	-0.215360747984812	-0.20621355416048	-0.140024355341467	-0.183670498342292	-0.140676387813683	-0.101698708742922	-0.123111698185022	-0.166350549393475	-0.149739983619011	-0.109694312489744	-0.211458985519282	-0.166460634262342	-0.177272346175325	-0.0910107194135294	-0.198489312042235	-0.1054379857557	-0.16865173423023	-0.0795775979334524	-0.179624467837713	-0.171198190138774	-0.111345935423912	-0.116859914967082	-0.161691644955997	-0.0881928762168902	-0.133672192867015	-0.11643573937215	-0.140627366766414	-0.222664736560134	-0.197547074319184	-0.163244615011989	-0.235769276038059	-0.0993525854099242	-0.134283967478596	-0.231802082999889	-0.116700368587699	-0.203037753889915
700033928	-0.120703994161591	-0.16604948864928	-0.137433905770294	-0.159361647111034	-0.14386720368709	-0.153695114731798	-0.121507178674432	-0.187439563420053	-0.096708018660503	-0.168399133921527	-0.0958616369480553	-0.142102967369328	-0.174275823053724	-0.147349939919003	-0.179095002943591	0	-0.171865757407784	-0.148875957621098	-0.102435208415838	-0.13567477391958	-0.114712608560301	-0.0968269067290424	-0.132105487175783	-0.10168236682303	-0.120640841881335	-0.156127674310332	-0.166345970064432	-0.176081432746451	-0.193013705607932	-0.180224847153905	-0.159148719036923	-0.113047208507369	-0.0896447256490424	-0.146253986670826	-0.144583569436614	-0.132871402861202	-0.158239483513276	-0.187297932299289	-0.111514284618728	-0.210475965040249	-0.0870031203058184	-0.150824655526998	-0.122733069771615	-0.124097833498091	-0.147933129577509	-0.144263446038632	-0.118868483773833	-0.155008579346367	-0.153288140907371	-0.119809463737759	-0.0932031746909374	-0.125571986512263	-0.123770027069482	-0.126806133779535	-0.153889771100598	-0.146386634570774	-0.136003642703828	-0.118930074374282	-0.120510836362195	-0.107425682720083
700023693	-0.21845682380878	-0.12762358917164	-0.107827294528396	-0.242251951143584	-0.159858067363272	-0.0883493123032567	-0.219633116213953	-0.0566475123885426	-0.192983429145875	-0.0767220400840741	-0.141005058468486	-0.128891932838812	-0.0917249460968371	-0.115973794003758	-0.0930958538363154	-0.171865757407784	0	-0.135125990929564	-0.195304945471697	-0.188408587753635	-0.174023676239539	-0.148857225185495	-0.184633052623678	-0.204061629439431	-0.217177860597867	-0.208135215040518	-0.123873416127387	-0.169695731125342	-0.130010440977001	-0.10442054506916	-0.0993717574045206	-0.167899567365219	-0.132754080400455	-0.0853927445395943	-0.203616925534789	-0.145862311038575	-0.160276882888725	-0.112348965842209	-0.192275857600352	-0.0922975098432408	-0.145992974830947	-0.0712334252835139	-0.153264824030258	-0.17031309874519	-0.0727800090867576	-0.115638704972259	-0.135267389215926	-0.0721490391354093	-0.118095611412775	-0.123016065422822	-0.14091667835634	-0.225269791727236	-0.204825335437343	-0.153231420659067	-0.243213334107243	-0.0954773808635798	-0.138675691999217	-0.225701355223984	-0.130384146104983	-0.206766635659722
700109627	-0.193678117892871	-0.172603315140237	-0.107686471599202	-0.246404084649149	-0.161118937283678	-0.0810687547374536	-0.223620060401097	-0.149574486690259	-0.183086780498178	-0.118817140174571	-0.125562584555543	-0.132993528408755	-0.142026832572885	-0.116981490458735	-0.145875891714182	-0.148875957621098	-0.135125990929564	0	-0.181201744616972	-0.189669490658286	-0.200482094233272	-0.133727767741387	-0.190215849625744	-0.169937771055359	-0.202243678105958	-0.207579417175543	-0.13267745435298	-0.185352122594448	-0.203154164193475	-0.140161364926346	-0.0962882080684484	-0.165616323894407	-0.129954035964284	-0.114716004669584	-0.197534390480152	-0.1655615551363	-0.121467194284373	-0.105447632111443	-0.194688456917988	-0.175829095697034	-0.166586445250362	-0.126415952135787	-0.117323677672942	-0.164304143009983	-0.152444841071928	-0.162388350328641	-0.153849130943223	-0.141211296624606	-0.0935144763843875	-0.138191189520248	-0.121465096479217	-0.224971470169721	-0.209623782587303	-0.150436468136052	-0.209454593615017	-0.130163056606251	-0.17955807146601	-0.213362028476513	-0.138123487443137	-0.209906617368361
700095416	-0.0922689859546169	-0.153855526859062	-0.170236057884661	-0.164758238005744	-0.133140959712261	-0.181170483982526	-0.104911529401018	-0.206643600521379	-0.0834415928072232	-0.181776034171494	-0.108378590030276	-0.174757594966813	-0.200422983030655	-0.1384026330199	-0.199873084070805	-0.102435208415838	-0.195304945471697	-0.181201744616972	0	-0.119409777129563	-0.104087043403503	-0.12156962728875	-0.109149842082784	-0.0778871921242134	-0.116400886026083	-0.130302685206866	-0.156308255198401	-0.18211617565367	-0.185727565728325	-0.194041100839372	-0.171672657033299	-0.130148182496375	-0.103524956065113	-0.168598267518347	-0.130005152289606	-0.121287410458575	-0.148227490654884	-0.197798730552024	-0.0898425809463259	-0.233247171543316	-0.0954188508264957	-0.186917624725664	-0.105847079714071	-0.119866329291114	-0.169905685627876	-0.142013788332373	-0.0975832839456613	-0.179313898798347	-0.157579773105419	-0.158201311934812	-0.133385080476168	-0.109348433758586	-0.112219658301573	-0.0965296333098519	-0.112982860517601	-0.177783192263	-0.126401544535366	-0.0997428823114188	-0.151632236563487	-0.105617428277974
700110425	-0.100500699058453	-0.154398002495056	-0.183741475570453	-0.103367012645021	-0.145061667877281	-0.193191831438047	-0.0884561755662878	-0.201112034063694	-0.126878193393002	-0.189641070602462	-0.125464504733193	-0.182709644761727	-0.191355364877794	-0.151355181946669	-0.18738496379612	-0.13567477391958	-0.188408587753635	-0.189669490658286	-0.119409777129563	0	-0.106235301358323	-0.130241375725071	-0.114595574325986	-0.112542428748598	-0.0874629246023158	-0.151070032738407	-0.171725750643144	-0.17677456464537	-0.175999120308271	-0.179614799208854	-0.190181534383278	-0.148372328237126	-0.117566424125697	-0.170140556798073	-0.152448051521611	-0.0963794126796077	-0.175560668680524	-0.213418588119816	-0.1082233278967	-0.219270206504345	-0.124124766703199	-0.174808804940355	-0.143815721183099	-0.10652070315864	-0.159976466272317	-0.144056220967712	-0.119445571870247	-0.168971129661773	-0.167801325611003	-0.168645254079579	-0.140138172301397	-0.091467586533611	-0.0609216247484803	-0.122023596700008	-0.119648936007739	-0.174865056134444	-0.0775993391971524	-0.0973436505222469	-0.136681091957952	-0.107812950490564
700111580	-0.116281974902542	-0.156267511035624	-0.171178647049048	-0.144649480115084	-0.15244448006449	-0.183897891874234	-0.0985613248621007	-0.197110430264278	-0.124309876894237	-0.184103993508709	-0.113835766613118	-0.158768513664945	-0.195747021043212	-0.150344351732148	-0.179293075824593	-0.114712608560301	-0.174023676239539	-0.200482094233272	-0.104087043403503	-0.106235301358323	0	-0.112560047538157	-0.103213211963364	-0.121142148119313	-0.0762288966242081	-0.169245591434228	-0.186398176063094	-0.218064287156518	-0.167837673758313	-0.203185595502547	-0.174956006501896	-0.113274897034687	-0.116509067459102	-0.16755843589664	-0.169656973497379	-0.104859720466993	-0.19166470401226	-0.198616420973074	-0.126009368937271	-0.21087341536848	-0.112279753999501	-0.16620230016652	-0.135347651995147	-0.12409716231163	-0.14529007119796	-0.135160324681897	-0.118109462931136	-0.15006372767255	-0.147427728684126	-0.141350176049022	-0.124699432532109	-0.113237939629565	-0.109229234352685	-0.0887474620413993	-0.144154095126613	-0.164580544438902	-0.0889783634937775	-0.0899801126907421	-0.122467361939763	-0.0975094057705742
700111302	-0.139985557655872	-0.146059307774191	-0.106125545140895	-0.187320314572817	-0.155375466592297	-0.130524623168063	-0.137700634498399	-0.167423433792871	-0.118377948018728	-0.150102165460342	-0.0713492944631921	-0.106109385287907	-0.148275220069297	-0.136391491030958	-0.157702751571897	-0.0968269067290424	-0.148857225185495	-0.133727767741387	-0.12156962728875	-0.130241375725071	-0.112560047538157	0	-0.146714854558982	-0.135397548480128	-0.108093133406685	-0.179922205081773	-0.148157745894835	-0.180849891639573	-0.188789571082927	-0.164262655001627	-0.137741475192633	-0.0753214971364737	-0.0880000215496046	-0.115941023400909	-0.170970089467158	-0.109020870608477	-0.152340098399039	-0.17236763531405	-0.131140136188679	-0.184160274355841	-0.126689337432319	-0.123872642574399	-0.113470021063916	-0.105526324977788	-0.133116319663602	-0.146257968095686	-0.126593512956254	-0.117408626546364	-0.125264112451649	-0.0762445274317847	-0.0705121075070714	-0.158531607767463	-0.139644445689361	-0.103886243825716	-0.180232456696382	-0.111649939838477	-0.127394210228468	-0.146907239198744	-0.0858546537914963	-0.130526999500055
700098605	-0.105622578398962	-0.123721045193824	-0.176865687228954	-0.145395155920181	-0.137603145597831	-0.175169999663296	-0.119159217621455	-0.197849685942186	-0.113262353843604	-0.170688338175246	-0.121758414777928	-0.188640580083089	-0.194540077987266	-0.129235154005609	-0.176790508942989	-0.132105487175783	-0.184633052623678	-0.190215849625744	-0.109149842082784	-0.114595574325986	-0.103213211963364	-0.146714854558982	0	-0.122204370940853	-0.133471923985411	-0.134479707412186	-0.153943607171546	-0.171158024993559	-0.164095301054885	-0.180046953808422	-0.171188725200143	-0.146897158393351	-0.130284707309827	-0.161739588773872	-0.130845768789921	-0.121441956245312	-0.163974343583455	-0.187296234529087	-0.102763119171296	-0.20190059029662	-0.121934167703226	-0.183505360598643	-0.143178991724232	-0.134176262156169	-0.170921226263932	-0.134219367132256	-0.123798774004957	-0.172003232425714	-0.14872607120343	-0.167803849434098	-0.152598895717906	-0.104065786437675	-0.108955488126792	-0.103191439318109	-0.106510178940472	-0.176884371711231	-0.117667472424568	-0.124288188846734	-0.151994444092668	-0.104805138125595
700111991	-0.0598015376869872	-0.15993720834828	-0.187612347766509	-0.144405207704897	-0.131316881501745	-0.194575982426089	-0.105399997513434	-0.215251575485788	-0.0973355565885137	-0.188934437194363	-0.125631853205997	-0.206226450731628	-0.211708364928779	-0.140569700607481	-0.212695293557615	-0.10168236682303	-0.204061629439431	-0.169937771055359	-0.0778871921242134	-0.112542428748598	-0.121142148119313	-0.135397548480128	-0.122204370940853	0	-0.126785005307562	-0.110448141256203	-0.149758555454658	-0.180498333716402	-0.183104480298953	-0.204358640830491	-0.185683701826251	-0.163330845208988	-0.126138294696232	-0.181630550523413	-0.115581449762385	-0.127556269451903	-0.146631504529203	-0.203380792295893	-0.0892633134580054	-0.241101331551414	-0.109468420683314	-0.201985534879362	-0.131712824198434	-0.138217057115116	-0.183177337911407	-0.148068538656247	-0.104193271163835	-0.193846174900939	-0.161357230080777	-0.183111022721035	-0.144691836578069	-0.10115186363668	-0.100493084112241	-0.106935725452966	-0.0846704054776498	-0.194967227557183	-0.134703380519023	-0.100121856412729	-0.165454924989812	-0.1237335695153
700108960	-0.114329562124779	-0.189981615652103	-0.178470369573849	-0.1304287648815	-0.179955176684842	-0.200512423666464	-0.0834659940646394	-0.233593558851813	-0.1214721620332	-0.215563763770418	-0.111688324432431	-0.165116108310652	-0.219730511340766	-0.181455326673178	-0.215360747984812	-0.120640841881335	-0.217177860597867	-0.202243678105958	-0.116400886026083	-0.0874629246023158	-0.0762288966242081	-0.108093133406685	-0.133471923985411	-0.126785005307562	0	-0.190720377544592	-0.212089407149122	-0.22971731486748	-0.20932249140914	-0.214324883878204	-0.20683989857351	-0.104563412127226	-0.13284847211837	-0.189701030659793	-0.190083366840182	-0.105504592710376	-0.205658275768525	-0.227839283568961	-0.123704554348582	-0.251107702544162	-0.146356500615964	-0.188017215286727	-0.148295632895261	-0.119445305161876	-0.185593687262225	-0.182184890374719	-0.153059216068578	-0.187600480842508	-0.178459067468432	-0.143013552819139	-0.121701920597569	-0.101564766376747	-0.0899874028851988	-0.113507343701238	-0.133702655696219	-0.190337072462453	-0.101927778438941	-0.0809500593810843	-0.127921670425956	-0.0930956219132537
700024452	-0.113847006953663	-0.149348886791847	-0.199934981403798	-0.144434710159612	-0.130353151885779	-0.202228134028995	-0.152133832998111	-0.215684748199516	-0.143259988043019	-0.195329173554908	-0.164290557748347	-0.223846108813214	-0.207333905585744	-0.1450034110149	-0.20621355416048	-0.156127674310332	-0.208135215040518	-0.207579417175543	-0.130302685206866	-0.151070032738407	-0.169245591434228	-0.179922205081773	-0.134479707412186	-0.110448141256203	-0.190720377544592	0	-0.147577372477337	-0.153497239340397	-0.137823260369904	-0.18810033218895	-0.201122926756093	-0.198706551754766	-0.153139629734122	-0.183731929805397	-0.0620355157374079	-0.162982747389928	-0.175697430611696	-0.205293605543812	-0.110401488195381	-0.218969722671072	-0.134847585889707	-0.20602026883316	-0.162362424513777	-0.178378133766913	-0.182475241829428	-0.141138705175647	-0.117056554709809	-0.201431188710808	-0.173002044479151	-0.203754055211303	-0.187180476700923	-0.125396853487622	-0.136931171358755	-0.142294326851803	-0.106694490821627	-0.207375208087706	-0.15328830542261	-0.155753484707588	-0.170588351881115	-0.169809027855581
700032931	-0.154250118019015	-0.118137290967302	-0.139397093630735	-0.230949384596613	-0.139233097366726	-0.121849985851894	-0.205563766069459	-0.129369216547014	-0.159289507238648	-0.106191244010309	-0.135608805712214	-0.1789237013486	-0.122662920741295	-0.0994373383292139	-0.140024355341467	-0.166345970064432	-0.123873416127387	-0.13267745435298	-0.156308255198401	-0.171725750643144	-0.186398176063094	-0.148157745894835	-0.153943607171546	-0.149758555454658	-0.212089407149122	-0.147577372477337	0	-0.141746799400331	-0.158999252708249	-0.120808081552485	-0.124282183552581	-0.177328894071574	-0.126828726643517	-0.105045671877375	-0.16304128460369	-0.16329409244754	-0.110273947309763	-0.129802688637439	-0.156967328392871	-0.154849513437408	-0.142073101709922	-0.12658476958769	-0.131124878231464	-0.167635918680807	-0.127991712882055	-0.126934003615229	-0.121184698904325	-0.114402801597344	-0.109300766259868	-0.14305267473384	-0.154565877473026	-0.18994036116885	-0.188203448788862	-0.138302518633735	-0.174211553997691	-0.125442974649052	-0.156724510638824	-0.201159077160642	-0.135347472974185	-0.19052768974133
700095837	-0.17620446008912	-0.135925588715598	-0.186492111210365	-0.209205427637653	-0.177372780585762	-0.178709855359085	-0.215311644521645	-0.171797949417341	-0.171473584614116	-0.159388188507466	-0.1698805620015	-0.207966166023858	-0.145507450666288	-0.163613467035657	-0.183670498342292	-0.176081432746451	-0.169695731125342	-0.185352122594448	-0.18211617565367	-0.17677456464537	-0.218064287156518	-0.180849891639573	-0.171158024993559	-0.180498333716402	-0.22971731486748	-0.153497239340397	-0.141746799400331	0	-0.119317864937375	-0.128177651597665	-0.180728890615558	-0.212271052997981	-0.149977635951009	-0.142317678788793	-0.1530403548676	-0.185188190690579	-0.159606412077543	-0.204652028466429	-0.161481383386651	-0.183349174525787	-0.156654777129242	-0.159509888158519	-0.18219053095523	-0.17643235876083	-0.145581062488892	-0.153796373752637	-0.154722254567883	-0.166318113635191	-0.17842842754696	-0.194558612523846	-0.17079115199649	-0.191937188730864	-0.189004220864128	-0.195730377232057	-0.188229604994117	-0.171187679055172	-0.189014138843716	-0.206628081174738	-0.178867583953434	-0.209018926286908
700024548	-0.184851323896678	-0.120472955513736	-0.172102107122659	-0.192585014618266	-0.158657479122809	-0.157069368972523	-0.203345258852513	-0.143147222685074	-0.204192869411549	-0.138176642544205	-0.165861840352251	-0.19047423168882	-0.136574431759211	-0.126227460677245	-0.140676387813683	-0.193013705607932	-0.130010440977001	-0.203154164193475	-0.185727565728325	-0.175999120308271	-0.167837673758313	-0.188789571082927	-0.164095301054885	-0.183104480298953	-0.20932249140914	-0.137823260369904	-0.158999252708249	-0.119317864937375	0	-0.120686565015892	-0.161617200522033	-0.213403072088776	-0.147193614775698	-0.130850259676884	-0.1428259905972	-0.155055333598823	-0.193176334907224	-0.174369220983427	-0.169065619893231	-0.14394390924894	-0.147696435667776	-0.134883410738501	-0.182785636556662	-0.205895792172378	-0.103402141775075	-0.101387179792309	-0.147806534921932	-0.146135974688294	-0.150739464831577	-0.191375549181754	-0.185295256031985	-0.184717527345347	-0.178349744000639	-0.150283415015602	-0.183418095508706	-0.164372300486944	-0.135287101037003	-0.206228612035322	-0.158256484285842	-0.213120472733733
700110161	-0.210265458435964	-0.139999293994169	-0.111385842757207	-0.234492500280261	-0.164600837437888	-0.100286759111592	-0.216826092734992	-0.112060628617419	-0.188586382877921	-0.0932204302781103	-0.149201303567656	-0.154703865084866	-0.09609411541051	-0.117880017834646	-0.101698708742922	-0.180224847153905	-0.10442054506916	-0.140161364926346	-0.194041100839372	-0.179614799208854	-0.203185595502547	-0.164262655001627	-0.180046953808422	-0.204358640830491	-0.214324883878204	-0.18810033218895	-0.120808081552485	-0.128177651597665	-0.120686565015892	0	-0.122699570289589	-0.181670532222412	-0.144555451178593	-0.0880311494590566	-0.184184154437003	-0.170732219202708	-0.156118048379055	-0.116248557137511	-0.185403389279808	-0.14542755961335	-0.16622958429603	-0.0977964525812026	-0.157398808700242	-0.172310471715632	-0.114638743615555	-0.144675129627713	-0.162372903830108	-0.117153494403001	-0.125235763606891	-0.138487655203504	-0.154413654493416	-0.209711263195274	-0.201640126504743	-0.166683190498928	-0.226360433715283	-0.126060484197375	-0.151246294684661	-0.217958136225284	-0.13037149962854	-0.202039138258437
700023496	-0.196315890397234	-0.129021186582066	-0.117505527454887	-0.243322405361522	-0.145308421290064	-0.0737292628224662	-0.210819492253968	-0.121389128657723	-0.174269700260882	-0.0830319640452553	-0.122260739166156	-0.132981535112106	-0.119099453430862	-0.0989610839534747	-0.123111698185022	-0.159148719036923	-0.0993717574045206	-0.0962882080684484	-0.171672657033299	-0.190181534383278	-0.174956006501896	-0.137741475192633	-0.171188725200143	-0.185683701826251	-0.20683989857351	-0.201122926756093	-0.124282183552581	-0.180728890615558	-0.161617200522033	-0.122699570289589	0	-0.161003176509877	-0.122582724054052	-0.0820151351027198	-0.191401328185778	-0.152266422235474	-0.129526172242071	-0.109677553383262	-0.181408668065211	-0.139264509553324	-0.13530673534525	-0.101234522207817	-0.122592300816886	-0.166070425986732	-0.108667504274828	-0.121409285447955	-0.134644533101552	-0.0996392070746676	-0.0795505430360679	-0.131243036350478	-0.135190960282841	-0.217599814421782	-0.202134311721406	-0.123783969444212	-0.220519617662543	-0.0991872747880408	-0.148747161235587	-0.212177414933129	-0.136347535442515	-0.198498602901242
700034628	-0.160239768282482	-0.164092745071277	-0.124575835978041	-0.202616176622177	-0.172857633486801	-0.154124522632378	-0.124423545857195	-0.181759413439473	-0.118868622097482	-0.17374561997146	-0.0996524990573061	-0.106907008109694	-0.167398202440007	-0.169577683963688	-0.166350549393475	-0.113047208507369	-0.167899567365219	-0.165616323894407	-0.130148182496375	-0.148372328237126	-0.113274897034687	-0.0753214971364737	-0.146897158393351	-0.163330845208988	-0.104563412127226	-0.198706551754766	-0.177328894071574	-0.212271052997981	-0.213403072088776	-0.181670532222412	-0.161003176509877	0	-0.117966655210586	-0.142214348739368	-0.198658496533185	-0.111346327809425	-0.188754408461541	-0.181115754147725	-0.148263270563516	-0.200206273026533	-0.151072201634356	-0.133075378745514	-0.134182571155758	-0.0785923060100508	-0.150909425261199	-0.179064970554282	-0.145326097286106	-0.136441118776555	-0.158670180130802	-0.0882146374335557	-0.103358193973037	-0.162300243390051	-0.150562881255506	-0.121476408526997	-0.198170823054509	-0.129777295402846	-0.139631289508286	-0.135094330655534	-0.111462691925657	-0.104860759958705
700023645	-0.130633167474318	-0.123780702010826	-0.119166839989541	-0.17358845631124	-0.139449898535661	-0.120801051357481	-0.140917038995803	-0.151174932448966	-0.128091255244926	-0.126962359983577	-0.0699704948816158	-0.125896113136016	-0.13647223780846	-0.104415356582299	-0.149739983619011	-0.0896447256490424	-0.132754080400455	-0.129954035964284	-0.103524956065113	-0.117566424125697	-0.116509067459102	-0.0880000215496046	-0.130284707309827	-0.126138294696232	-0.13284847211837	-0.153139629734122	-0.126828726643517	-0.149977635951009	-0.147193614775698	-0.144555451178593	-0.122582724054052	-0.117966655210586	0	-0.101249515707203	-0.151123601573423	-0.0945069658855991	-0.126176465902262	-0.161009884498831	-0.121110288024251	-0.172382375857495	-0.0887153926406525	-0.110997001439205	-0.0968442433426769	-0.114734310504971	-0.106002243486617	-0.109741637447313	-0.0963181659777766	-0.111736969933163	-0.117660370765761	-0.104463503130683	-0.0842471792015213	-0.143353502495276	-0.134202176124439	-0.10719240751699	-0.162827828942588	-0.109586727597973	-0.109653506930086	-0.130751222527853	-0.0908966882194275	-0.137002755062365
700038744	-0.187670349142526	-0.119227972650334	-0.0915302107389127	-0.222470710805882	-0.140437904553804	-0.0714234288041287	-0.195931334062968	-0.0994575004994071	-0.165757132677821	-0.0720553062385259	-0.0965285568047233	-0.117370971028169	-0.0862090285326526	-0.0972201902279691	-0.109694312489744	-0.146253986670826	-0.0853927445395943	-0.114716004669584	-0.168598267518347	-0.170140556798073	-0.16755843589664	-0.115941023400909	-0.161739588773872	-0.181630550523413	-0.189701030659793	-0.183731929805397	-0.105045671877375	-0.142317678788793	-0.130850259676884	-0.0880311494590566	-0.0820151351027198	-0.142214348739368	-0.101249515707203	0	-0.179093061345674	-0.136024312108884	-0.130000362502938	-0.104902583299842	-0.168800862613468	-0.121946051658011	-0.120171196314485	-0.0674098388880047	-0.120583499283148	-0.150899018306926	-0.0803216661782428	-0.114323446674388	-0.126998210432583	-0.0719417073667498	-0.0879791461436339	-0.0954134989424948	-0.114182508935843	-0.200896157780108	-0.186910835602263	-0.122508559008786	-0.213757245530924	-0.0821556259315723	-0.13127326754839	-0.195316446190264	-0.101894413562641	-0.18602935705758
