700108602	700014971	700033565	700109389	700023058	700023927	700106341	700114221	700023543	700023439	700016978	700024192	700113058	700099448	700109870	700033928	700023693	700109627	700095416	700110425	700111580	700111302	700098605	700111991	700108960	700024452	700032931	700095837	700024548	700110161	700023496	700034628	700023645	700038744	700038485	700024743	700099596	700110760	700101587	700106399	700032322	700095653	700021312	700101230	700023590	700038905	700033136	700023382	700096424	700105469	700016908	700096053	700108479	700109569	700033814	700016125	700109756	700102665	700101777	700109455
700108602	0	0.156105531260859	0.157062821997437	0.100277152341501	0.131881812345832	0.15758997614631	0.084181858081923	0.174159106219138	0.0896301764541507	0.160677477035019	0.11081899854764	0.159166476502037	0.154231153028898	0.160837957232278	0.161522222254911	0.0952412041236189	0.170876641131404	0.162850984981699	0.0871894776376406	0.101891426079446	0.0912321898606761	0.108445594677314	0.112149501787833	0.0756125423978643	0.0989021202050356	0.110110962480581	0.160902003859807	0.125640894088083	0.147607230068992	0.163176460582354	0.158184538559701	0.11764552371071	0.120798495528335	0.151551601811363	0.122641118957009	0.116389308247822	0.126071337635625	0.17119059960661	0.0987641608531019	0.182991292255543	0.0947593290279746	0.154657233689694	0.143570810450366	0.116949771551049	0.140798214624972	0.121622034821215	0.110262851277038	0.147079606113826	0.144612602886313	0.132922862927443	0.109522270619322	0.0984816662061042	0.0947731160725758	0.0950168056257481	0.102619554783286	0.160161207815689	0.103970418750852	0.0895714250522274	0.131593819474743	0.104047311130195
700014971	0.156105531260859	0	0.146221947177926	0.168391629405017	0.123101423736954	0.136920836960897	0.169135044951593	0.145413104559709	0.158443609894969	0.125969795455372	0.130145934162727	0.160440810606427	0.132583673096718	0.123288896575129	0.140850959337439	0.158471951345865	0.12258637615893	0.1511992385696	0.158626606985227	0.157550002378947	0.147404962334234	0.13518056545518	0.136199220987726	0.164568375058863	0.160273986878711	0.151969695857807	0.138267208494869	0.132845509439612	0.109917327743452	0.125854886251788	0.127186810584557	0.150556172674989	0.122687003799611	0.123915863579225	0.145363077635751	0.138747032853601	0.150972979199626	0.147611988278363	0.147203350189827	0.144186124976334	0.132998693560475	0.136039193563972	0.138117240144181	0.14701836208815	0.120558962916683	0.117740307914932	0.120683790475439	0.135100094329928	0.119114532912413	0.133307824870174	0.144076890169033	0.164397222372971	0.149422872089369	0.129714508078147	0.178142024298907	0.12431404042553	0.145839867106624	0.157166439553245	0.13158900343374	0.16059318055115
700033565	0.157062821997437	0.146221947177926	0	0.145229142434955	0.146183269866522	0.0724880949639529	0.148584087354802	0.107090186280298	0.146074369903052	0.100810344388961	0.0955554484164188	0.0697622303862598	0.106008273658974	0.137381127148631	0.0839796281952272	0.121507823679032	0.105260805874835	0.0929790467198178	0.140729825892199	0.140789453534364	0.13815588796754	0.0983846983058348	0.137907269363072	0.139982617686996	0.134785402743308	0.163151325179677	0.131677556194899	0.143139430748439	0.114847577781991	0.107022165020492	0.0968843871779822	0.108216728857874	0.105628943153618	0.08337134423447	0.150055032106977	0.0987684140580229	0.140134873768266	0.0872148391301724	0.161578617000949	0.119759196561403	0.144584658595274	0.0776401762373994	0.125140809096546	0.117861061182401	0.096940340892277	0.117495543801927	0.12410990564728	0.0847435851750887	0.11941234967735	0.0780418439299821	0.0808739699985596	0.162745554596979	0.149059767831656	0.12616916709827	0.18489249914248	0.0986554179152446	0.12304725779036	0.146130336212094	0.0905990412649799	0.136418484860671
700109389	0.100277152341501	0.168391629405017	0.145229142434955	0	0.142433198247727	0.165427053080907	0.0887695190791846	0.18740374975169	0.124445730293546	0.176287117647987	0.138104803412549	0.152983096287799	0.174219057485671	0.163874356852274	0.150325867779284	0.135999210606437	0.182048697745316	0.183774541930772	0.127301643645512	0.0936427419501839	0.104520587834222	0.128938869914281	0.0991063150609805	0.105420488264924	0.0988629897727571	0.118627568425124	0.187147280293763	0.153411652912838	0.138342836658468	0.162313577887252	0.173906314177636	0.139515819798031	0.136493517065202	0.162904040999354	0.121815363362401	0.114389892191222	0.164925007906504	0.167014317274821	0.128266792854703	0.172703550562523	0.13020850328211	0.159855085098478	0.155354066857784	0.123242214941718	0.147550279242044	0.13743317985128	0.140291700230929	0.154075010596056	0.157985336314982	0.138188534643971	0.121322935296233	0.107340786477049	0.0763728827306571	0.135045978003905	0.110829490930458	0.170469372441754	0.104703101596521	0.0763543810834143	0.121735964556856	0.0982119142245791
700023058	0.131881812345832	0.123101423736954	0.146183269866522	0.142433198247727	0	0.144577915772883	0.121880746101304	0.155136661043707	0.114773612452136	0.144336175605241	0.121946345593059	0.157468064135968	0.149834097715376	0.116897955861313	0.143046059410012	0.132798036201123	0.146937228464862	0.152956357447289	0.124161499389612	0.131874241750529	0.129520414091625	0.133194165718354	0.117503642710208	0.137595541574517	0.139532739070967	0.100087118050833	0.154143550791519	0.126895747388803	0.117550667904091	0.129250018478387	0.140427060368535	0.14629178518911	0.124807068181677	0.133990550639155	0.10609413475827	0.136199901945455	0.12496426904349	0.149471945082472	0.104963453575955	0.157552221976673	0.12181811559437	0.132847598059133	0.125118335571758	0.131596576867534	0.126242335282907	0.110115585679975	0.11007541920623	0.138594224632886	0.131820409696752	0.137871984386064	0.131892582335892	0.125058296927666	0.114202502917552	0.120504736843752	0.143207730396412	0.153985454776823	0.13027438096857	0.128512303735364	0.138507169172552	0.126920603900528
700023927	0.15758997614631	0.136920836960897	0.0724880949639529	0.165427053080907	0.144577915772883	0	0.155272256018489	0.105575179862086	0.154651167140793	0.0865041225908108	0.107655599728642	0.0968748847085642	0.101990525799587	0.107614586786455	0.0811983949042468	0.127282635576152	0.100652969625876	0.0811083433704445	0.15068224664636	0.147511986891764	0.138655898190104	0.113809436663779	0.132252294391799	0.150018816090078	0.138568600577831	0.165786999561511	0.135410688701298	0.159567080357828	0.116396732229283	0.090719447989525	0.0786973728521312	0.129744809398217	0.11203910595686	0.0809006652391005	0.155025837312666	0.10878221516964	0.12146946257497	0.0626611425552974	0.165944608074695	0.117643747254447	0.14224028710352	0.0904392414949801	0.120481030167906	0.130404576138338	0.0987002217221972	0.111956865212499	0.125299701061476	0.0967570566093392	0.0836804775302952	0.0886465528315675	0.104018274717107	0.167662738569291	0.156697479023239	0.11905132312757	0.183022432192227	0.104272344181085	0.124271564084946	0.15085956879012	0.095323818533277	0.141849507087174
700106341	0.084181858081923	0.169135044951593	0.148584087354802	0.0887695190791846	0.121880746101304	0.155272256018489	0	0.177566124444509	0.0803389902835534	0.173429843895144	0.124309579268178	0.138842815513725	0.160351026457944	0.155117458359061	0.151494176863635	0.116422889697669	0.173698382095432	0.184262361886172	0.111142792242311	0.0815431626623947	0.0917443467803796	0.104233765033148	0.111565413128678	0.102962076901568	0.0767950174403243	0.117787671398014	0.192828039683417	0.151200643599874	0.142966989894799	0.157459646115126	0.158893493207111	0.0976824862575847	0.120027801691086	0.153425050263595	0.128200113943196	0.0933072350367941	0.150281889894021	0.168471588155495	0.0956679165931909	0.173479293207436	0.126900817521273	0.147987046079844	0.141810128603594	0.0973888103847418	0.130494803539821	0.132193891528874	0.125338609692859	0.139889779931802	0.156099783047698	0.121256359348764	0.110804697764649	0.0755429444524835	0.0829232272398659	0.115373197908047	0.120989099193534	0.156097837492333	0.0970001449092031	0.0725288899967348	0.120357768459835	0.07687378197922
700114221	0.174159106219138	0.145413104559709	0.107090186280298	0.18740374975169	0.155136661043707	0.105575179862086	0.177566124444509	0	0.172443491269856	0.0862392385031442	0.132388132403191	0.115856110964231	0.097284978375592	0.158142080120878	0.0903819085802973	0.150917686684449	0.0782696108420154	0.126872635790413	0.171422586581835	0.168631582816438	0.160423995104523	0.145208447610451	0.16787573453929	0.177922746919818	0.169438649102266	0.1851489821135	0.129896091429079	0.152426337392605	0.120464439397442	0.11150405708025	0.109427323907548	0.149607859954592	0.114417391869271	0.112832357927944	0.174643624160161	0.132995767861976	0.160264890185984	0.0944673501479804	0.178997906944045	0.0948052747386324	0.153803343477762	0.0931255815890317	0.145227765992638	0.14395066781782	0.100554586646045	0.128521951679524	0.123540462578072	0.088434061382263	0.137432448309564	0.108714893111002	0.138151488129811	0.189899016934626	0.174711135749543	0.143177687485508	0.210794737326614	0.092838957649458	0.13811746069088	0.181752786022593	0.122876204410517	0.167543831751134
700023543	0.0896301764541507	0.158443609894969	0.146074369903052	0.124445730293546	0.114773612452136	0.154651167140793	0.0803389902835534	0.172443491269856	0	0.157557811868473	0.110556577228874	0.149279298509823	0.15455478634609	0.148867256533357	0.157414093408081	0.0869371710942097	0.168200087482765	0.165847626371143	0.0984368166738582	0.107040950746669	0.0961222758312566	0.0955284628430506	0.111131337891576	0.100235543117626	0.100020653400846	0.113164983418507	0.160532222643714	0.122602794934567	0.157544803744313	0.154089951895502	0.14835569143506	0.0968805942800063	0.112228832397527	0.146158816933269	0.128405518972576	0.115188189847556	0.133621687597869	0.166772756483604	0.0840521577016266	0.172937278576457	0.113223077803272	0.14487478645402	0.13353753507708	0.0889027438393781	0.138673227193854	0.130202529498654	0.104303980447591	0.139150164579361	0.151001661069464	0.122132399765073	0.104604493139698	0.0803935211660928	0.101343227739936	0.0968794604177185	0.107054350308157	0.155801467614825	0.118481612400984	0.0863192863062957	0.126052149856759	0.0862732954777305
700023439	0.160677477035019	0.125969795455372	0.100810344388961	0.176287117647987	0.144336175605241	0.0865041225908108	0.173429843895144	0.0862392385031442	0.157557811868473	0	0.115007320110233	0.11412489219701	0.0937547903972523	0.134146729608592	0.101387435615177	0.142676668949417	0.079157631560179	0.105986891089189	0.162337046503203	0.160092655386766	0.146708255170541	0.131797433418015	0.153008731687844	0.156841540839975	0.159586890545066	0.173316881281297	0.138744216550985	0.150421282290487	0.119505368038303	0.097503309142849	0.0887653032073113	0.137010437787029	0.101725136911819	0.097564584475016	0.157880428429303	0.125773608890288	0.142796771279556	0.0882346752703739	0.169927188369257	0.0895382284531612	0.138550564205834	0.0907190717029709	0.134080373431697	0.142225251422342	0.102175277913592	0.114749964766761	0.115820394557155	0.0854137001234608	0.113721380987927	0.114200228746052	0.121523862021464	0.180302138808594	0.166401593028344	0.120496519219509	0.191393172580292	0.103051665704846	0.129963487365345	0.169411444054506	0.111568762101193	0.15777749987034
700016978	0.11081899854764	0.130145934162727	0.0955554484164188	0.138104803412549	0.121946345593059	0.107655599728642	0.124309579268178	0.132388132403191	0.110556577228874	0.115007320110233	0	0.103159088777481	0.110306765839614	0.131498648601899	0.127580322821521	0.104194922639557	0.11787321584049	0.120414950133216	0.115548641382361	0.120174978742196	0.111068757624558	0.0807941282106412	0.12862580076407	0.122791306874625	0.107937708727932	0.138359847800044	0.136729171430288	0.117760973573641	0.124365700341919	0.115170653761465	0.0997926651201012	0.102904188129169	0.0816749391535304	0.090350964159596	0.140857107891596	0.0961332543263497	0.113093521411399	0.125634267781832	0.11293203889141	0.143400855519013	0.107257376782995	0.0963675087629173	0.0983131086032974	0.104480866784577	0.102062747396168	0.109376274951219	0.101929280796864	0.101097494368053	0.107933306767605	0.0942806681197702	0.0854375285803338	0.141748359364352	0.126263862923248	0.092049685053942	0.149837847577267	0.11033860328344	0.103306273470276	0.126183617577749	0.102676147892285	0.126146698571343
700024192	0.159166476502037	0.160440810606427	0.0697622303862598	0.152983096287799	0.157468064135968	0.0968748847085642	0.138842815513725	0.115856110964231	0.149279298509823	0.11412489219701	0.103159088777481	0	0.102332123561141	0.154962529995079	0.0871371740653791	0.111012748405047	0.11178815388527	0.119968778286762	0.138015490703256	0.139087259508905	0.132894938038542	0.100079023108199	0.147821522604006	0.150356398191915	0.129310103169789	0.167808318279452	0.150794473595071	0.148932998185752	0.125952901404014	0.121700298416333	0.0974743864668609	0.0998574819906273	0.0995348075286914	0.0960264727106742	0.160363823734571	0.100837483166688	0.156303429030433	0.09446761766842	0.168116497463955	0.105896270974234	0.143642613055901	0.073497381396668	0.142581529060264	0.112526309822957	0.0919359768357654	0.125683476064529	0.130082071513902	0.081860340656596	0.134748537830335	0.066651330469355	0.0870204454238435	0.164228694694152	0.154485189502822	0.135911302227769	0.194234490801112	0.0909512328578603	0.116628055022282	0.14568995474633	0.0944722289695489	0.13380078180815
700113058	0.154231153028898	0.132583673096718	0.106008273658974	0.174219057485671	0.149834097715376	0.101990525799587	0.160351026457944	0.097284978375592	0.15455478634609	0.0937547903972523	0.110306765839614	0.102332123561141	0	0.143539908035215	0.0882737158427539	0.130702383313637	0.105578670593056	0.128131237945949	0.154799661624445	0.147021797987525	0.145555117086912	0.120726272133131	0.157287029355527	0.163020491058547	0.153335653698842	0.168912883950609	0.134390732300985	0.125397730115267	0.111336194981736	0.0960968482895553	0.104810060589234	0.123561350199945	0.104073792746254	0.0985785772151895	0.164694482541233	0.125922823646051	0.149793343608326	0.115393399839915	0.157111292453737	0.100852904389285	0.134916249006351	0.0773280726785805	0.146942370827693	0.131199431172833	0.0871683841777341	0.114215957744132	0.135247291312099	0.0916202764646627	0.125450575945755	0.0973622185660011	0.119008311663297	0.170247860148106	0.162721544892812	0.140703201212691	0.196002646732344	0.0685487851366715	0.121208427795432	0.165557940644803	0.112013686301738	0.150430335512378
700099448	0.160837957232278	0.123288896575129	0.137381127148631	0.163874356852274	0.116897955861313	0.107614586786455	0.155117458359061	0.158142080120878	0.148867256533357	0.134146729608592	0.131498648601899	0.154962529995079	0.143539908035215	0	0.136230758162988	0.155481420617722	0.130914812865937	0.118919785640605	0.14658305483021	0.14523919546615	0.137854590175384	0.133094421659939	0.11603635454657	0.149252886162051	0.150057964923097	0.13331374489472	0.136123202927088	0.151441307803989	0.114349493895102	0.104343696186409	0.114311007098707	0.144709854810513	0.1289599041637	0.118652879789254	0.135010599349848	0.129772566204792	0.132129944042418	0.122204181703835	0.150194173665234	0.157206569769573	0.149704590400671	0.130651054317726	0.12309975499966	0.148518722057958	0.119110501254726	0.116017725083857	0.117281244214433	0.134985890774186	0.0903922478456696	0.12808030908096	0.124765667774163	0.14105117962269	0.142191234765265	0.132334155443558	0.157624609323846	0.145205186838234	0.132402613433855	0.143834062328388	0.120759738139184	0.144972018620661
700109870	0.161522222254911	0.140850959337439	0.0839796281952272	0.150325867779284	0.143046059410012	0.0811983949042468	0.151494176863635	0.0903819085802973	0.157414093408081	0.101387435615177	0.127580322821521	0.0871371740653791	0.0882737158427539	0.136230758162988	0	0.137134579055973	0.0994291355300644	0.127946653529713	0.156705303041752	0.142434153086876	0.133635819657687	0.123823736126113	0.129153955899668	0.157557504860498	0.139691457242676	0.165932161512276	0.141636108496987	0.153201448558771	0.102150311328532	0.0861779710944991	0.114304849188073	0.125014441093759	0.119980223060706	0.105401760496974	0.160871598820485	0.11860061131097	0.156084322520628	0.0770628446929634	0.167103960195297	0.0944763880441841	0.14453312358566	0.0849524910729772	0.152202089159609	0.121883976930581	0.0899889232926815	0.113384687196288	0.130796937250824	0.0815119887726641	0.125992034185465	0.0815520333818809	0.112579419773686	0.162267998144059	0.146117221684613	0.136821010972941	0.189660927279258	0.0878483340235324	0.115809633909309	0.149356126626109	0.0898999362638241	0.128860139479031
700033928	0.0952412041236189	0.158471951345865	0.121507823679032	0.135999210606437	0.132798036201123	0.127282635576152	0.116422889697669	0.150917686684449	0.0869371710942097	0.142676668949417	0.104194922639557	0.111012748405047	0.130702383313637	0.155481420617722	0.137134579055973	0	0.151511344554561	0.132389494112018	0.0964661605559327	0.11954014320564	0.104786756504754	0.0917396424520213	0.126206751024109	0.092803282783715	0.109387762974541	0.117405281500752	0.14410763499109	0.114587035114358	0.138347107443898	0.142826208107229	0.125427905629558	0.116183183133912	0.105377338392281	0.125258639356234	0.131748438950101	0.126355332089503	0.121144055989367	0.145537478316121	0.108344003998072	0.159225385578211	0.0922362266778273	0.120613564373649	0.143503285148111	0.105761928637389	0.116000043939191	0.11759517781901	0.106832630312913	0.131635048288408	0.139147662139826	0.101204912787896	0.0938324080090775	0.109319005133689	0.121860601179374	0.107501843205192	0.134335642138451	0.127725911669891	0.11239302337868	0.111191775928952	0.119373074685424	0.112861097563464
700023693	0.170876641131404	0.12258637615893	0.105260805874835	0.182048697745316	0.146937228464862	0.100652969625876	0.173698382095432	0.0782696108420154	0.168200087482765	0.079157631560179	0.11787321584049	0.11178815388527	0.105578670593056	0.130914812865937	0.0994291355300644	0.151511344554561	0	0.113076981201246	0.169094176412572	0.168497179580134	0.152653397222954	0.133767895070506	0.159757239094288	0.170542178993463	0.168542050830915	0.182398926801787	0.13645267878393	0.152369219459218	0.103073626413611	0.109700084183596	0.0886455828093435	0.139438372022805	0.113608720387724	0.106866392828627	0.164865589125531	0.123418910237966	0.151405181256389	0.102996368438334	0.174393059861439	0.0928619042480641	0.149572441868555	0.0893382510009956	0.139365538191284	0.14704152962467	0.0910173006539852	0.112968718249465	0.12352890472541	0.0828890840499606	0.123088723573928	0.109765599541381	0.131500348340341	0.189432971738051	0.167965517074329	0.136326658178462	0.202946140280037	0.105977860328024	0.134683329726956	0.180496737562305	0.120930063402207	0.162393504873097
700109627	0.162850984981699	0.1511992385696	0.0929790467198178	0.183774541930772	0.152956357447289	0.0811083433704445	0.184262361886172	0.126872635790413	0.165847626371143	0.105986891089189	0.120414950133216	0.119968778286762	0.128131237945949	0.118919785640605	0.127946653529713	0.132389494112018	0.113076981201246	0	0.15788576099442	0.164501927911208	0.158625848719558	0.12279352799984	0.155275946894889	0.152799861702171	0.161655790240335	0.17127771733955	0.121160658559217	0.154625568581577	0.143930995851858	0.12071288361874	0.0927722457802902	0.138347043831896	0.117069091366005	0.0974045966187727	0.162040835486437	0.134885786814422	0.132276226780769	0.0898077585883853	0.180838243979811	0.143928978184549	0.161611066371749	0.107667406553881	0.119444857774475	0.144229195746136	0.132829934542467	0.135151242934892	0.133504988073327	0.12485010283972	0.0914716559512268	0.123227100359717	0.115990500037476	0.183240970778307	0.166570852460587	0.128516473397549	0.188552319024367	0.128034226618351	0.147458899800242	0.172651161220304	0.127548229689102	0.169700487304119
700095416	0.0871894776376406	0.158626606985227	0.140729825892199	0.127301643645512	0.124161499389612	0.15068224664636	0.111142792242311	0.171422586581835	0.0984368166738582	0.162337046503203	0.115548641382361	0.138015490703256	0.154799661624445	0.14658305483021	0.156705303041752	0.0964661605559327	0.169094176412572	0.15788576099442	0	0.117489916846302	0.100882676321928	0.106363287387199	0.119080027595377	0.0853384425467913	0.117600893544259	0.101365553831524	0.151434886963578	0.13189078388935	0.145226270143237	0.154961920755972	0.1437827752958	0.118175932921362	0.116319107864524	0.14002685729207	0.116972216303147	0.11808812355827	0.113161945516073	0.161425497382936	0.104985191863853	0.174637873092947	0.097982112563502	0.146256130271273	0.124597307707998	0.114744832079039	0.14016520876914	0.120039334873673	0.08881751410904	0.146232470202561	0.141085910150846	0.124126144291279	0.103039248687851	0.110837352811739	0.115683810762996	0.106832617498073	0.114838126462786	0.151426359695174	0.116836427599944	0.106128758388249	0.131712449908607	0.11515025363689
700110425	0.101891426079446	0.157550002378947	0.140789453534364	0.0936427419501839	0.131874241750529	0.147511986891764	0.0815431626623947	0.168631582816438	0.107040950746669	0.160092655386766	0.120174978742196	0.139087259508905	0.147021797987525	0.14523919546615	0.142434153086876	0.11954014320564	0.168497179580134	0.164501927911208	0.117489916846302	0	0.082933468331768	0.105310612759165	0.0985343495371857	0.109219488578131	0.0599877573419321	0.126900114362478	0.162583556291896	0.147520931059522	0.140187880562999	0.138646472234635	0.153617141003789	0.111007088368193	0.107703655406932	0.145753567834081	0.122942529183186	0.0916479979621506	0.149888086255549	0.160060959575315	0.1213055396087	0.169130194324221	0.121858243597681	0.135131363624942	0.139824894406327	0.0850248739393189	0.122914277603842	0.126986052801091	0.128162012986938	0.134654542232241	0.138062820514044	0.121804506420343	0.115670976666687	0.0865916645741642	0.0559901483126393	0.118575921472812	0.126522941423368	0.149043358196009	0.0774648315170127	0.0705683317954152	0.111100520001218	0.0814845243897293
700111580	0.0912321898606761	0.147404962334234	0.13815588796754	0.104520587834222	0.129520414091625	0.138655898190104	0.0917443467803796	0.160423995104523	0.0961222758312566	0.146708255170541	0.111068757624558	0.132894938038542	0.145555117086912	0.137854590175384	0.133635819657687	0.104786756504754	0.152653397222954	0.158625848719558	0.100882676321928	0.082933468331768	0	0.0846179023201167	0.100530699601472	0.0974928644988384	0.0692311505003533	0.130630359940014	0.162972687972363	0.15101762172207	0.127657348039155	0.139088444882	0.138785378031872	0.102298582431074	0.0994160415445825	0.139956156659432	0.142022831602294	0.0939393513178955	0.14583894815563	0.150026935150963	0.125702554874742	0.160549848907403	0.112327776104729	0.12866754452134	0.136018537723598	0.0963556563299733	0.114264874585413	0.107178247461498	0.100061505350833	0.121413986674132	0.121215918027812	0.108047967627017	0.102234024551493	0.0957428171198394	0.0884489946740859	0.0944705587516376	0.116692669103302	0.140730519536742	0.0695325724874692	0.0729161539505311	0.0982421851441397	0.0865526440050137
700111302	0.108445594677314	0.13518056545518	0.0983846983058348	0.128938869914281	0.133194165718354	0.113809436663779	0.104233765033148	0.145208447610451	0.0955284628430506	0.131797433418015	0.0807941282106412	0.100079023108199	0.120726272133131	0.133094421659939	0.123823736126113	0.0917396424520213	0.133767895070506	0.12279352799984	0.106363287387199	0.105310612759165	0.0846179023201167	0	0.124618080442236	0.106462310343727	0.0870569824273531	0.144201262315889	0.143487626723629	0.143755793843974	0.134900900747878	0.12793803521084	0.112173903051731	0.0726833220015533	0.0751932391125432	0.102583349408549	0.142365181066295	0.0871375550092744	0.133496066239702	0.136993944051345	0.126616918830893	0.146604828752572	0.128805603326185	0.106437882189424	0.117976544939474	0.0920465083498331	0.104158627584145	0.118690777256038	0.103460271589296	0.104278595129485	0.110799426737245	0.078127279524144	0.0748347970698655	0.11845871246983	0.109431050921035	0.0912677377268889	0.146816418287955	0.115410719891482	0.0943586819005918	0.106446857782408	0.0808206433974322	0.105044405309339
700098605	0.112149501787833	0.136199220987726	0.137907269363072	0.0991063150609805	0.117503642710208	0.132252294391799	0.111565413128678	0.16787573453929	0.111131337891576	0.153008731687844	0.12862580076407	0.147821522604006	0.157287029355527	0.11603635454657	0.129153955899668	0.126206751024109	0.159757239094288	0.155275946894889	0.119080027595377	0.0985343495371857	0.100530699601472	0.124618080442236	0	0.115150897442495	0.113359627952824	0.119343583838539	0.151295667789813	0.138863824963971	0.135865591321829	0.124865275852428	0.143441274618626	0.128443187177974	0.125950693832914	0.134092853092207	0.115825579005238	0.111543645330385	0.128532568305113	0.132465811400543	0.123093715998435	0.163636300678078	0.121855764937922	0.146237982643178	0.130424133280392	0.103505890921611	0.141623027189966	0.113831386838475	0.111429620840024	0.138502320339964	0.128277254888361	0.11879440221122	0.116334089945749	0.103529724967955	0.0943486589922182	0.111676437304941	0.111697345472418	0.15325386082779	0.115912570839196	0.0913401936209246	0.117109533419905	0.0797808368823246
700111991	0.0756125423978643	0.164568375058863	0.139982617686996	0.105420488264924	0.137595541574517	0.150018816090078	0.102962076901568	0.177922746919818	0.100235543117626	0.156841540839975	0.122791306874625	0.150356398191915	0.163020491058547	0.149252886162051	0.157557504860498	0.092803282783715	0.170542178993463	0.152799861702171	0.0853384425467913	0.109219488578131	0.0974928644988384	0.106462310343727	0.115150897442495	0	0.10063500376932	0.103254211485834	0.15366233939927	0.134897696172624	0.138345158235181	0.160907626965231	0.150587440395837	0.12744773094714	0.125737159872526	0.143615868613232	0.116951964144899	0.11338431638858	0.13132530452488	0.157422436906322	0.119519772083953	0.175939984143643	0.108527688518448	0.153761423006534	0.136240131924655	0.117254872960306	0.138921993052501	0.121914462903375	0.107637538390869	0.146706790108089	0.1410911325035	0.133748517492515	0.10655533697412	0.108868046222939	0.101715314496853	0.109216097497007	0.0988878887029024	0.156870697760605	0.10966041710659	0.095926840741827	0.128682580328877	0.110842596224871
700108960	0.0989021202050356	0.160273986878711	0.134785402743308	0.0988629897727571	0.139532739070967	0.138568600577831	0.0767950174403243	0.169438649102266	0.100020653400846	0.159586890545066	0.107937708727932	0.129310103169789	0.153335653698842	0.150057964923097	0.139691457242676	0.109387762974541	0.168542050830915	0.161655790240335	0.117600893544259	0.0599877573419321	0.0692311505003533	0.0870569824273531	0.113359627952824	0.10063500376932	0	0.141925690964327	0.179270410539888	0.155727527019385	0.140005615664348	0.140863922234032	0.150769351862481	0.0939391746179278	0.111058230455932	0.142814661261751	0.146300531852718	0.0922598661313541	0.149372864459129	0.153904421630998	0.126384959415841	0.170702767541727	0.130410027124604	0.133284694921876	0.14280569355494	0.0836625851880055	0.120780358749109	0.131899434851967	0.122806007237088	0.131114897287989	0.13328755859599	0.108437689282941	0.100744478758547	0.0940616993623164	0.0700514006883448	0.106063359117393	0.115612032613357	0.147855634146839	0.0708179869671124	0.0713268924642704	0.0970943400992104	0.0786912283769631
700024452	0.110110962480581	0.151969695857807	0.163151325179677	0.118627568425124	0.100087118050833	0.165786999561511	0.117787671398014	0.1851489821135	0.113164983418507	0.173316881281297	0.138359847800044	0.167808318279452	0.168912883950609	0.13331374489472	0.165932161512276	0.117405281500752	0.182398926801787	0.17127771733955	0.101365553831524	0.126900114362478	0.130630359940014	0.144201262315889	0.119343583838539	0.103254211485834	0.141925690964327	0	0.154504087003289	0.12383233036392	0.126397453651777	0.160111430454651	0.165423127842405	0.15084418792806	0.141861282564114	0.154786394042342	0.0717845232339861	0.132854739983382	0.137590780283995	0.169435916173037	0.106846409699473	0.18092516426751	0.117605286673151	0.158205387914115	0.141457285993342	0.132979080839421	0.149294271422987	0.107443944896014	0.110592194277078	0.164037155088558	0.149514069207978	0.15168706606569	0.128234749870984	0.103690793511558	0.111999385697365	0.13233115499812	0.113430295656417	0.170147363613688	0.128407331642941	0.12248031484548	0.142677423835529	0.137362143955891
700032931	0.160902003859807	0.138267208494869	0.131677556194899	0.187147280293763	0.154143550791519	0.135410688701298	0.192828039683417	0.129896091429079	0.160532222643714	0.138744216550985	0.136729171430288	0.150794473595071	0.134390732300985	0.136123202927088	0.141636108496987	0.14410763499109	0.13645267878393	0.121160658559217	0.151434886963578	0.162583556291896	0.162972687972363	0.143487626723629	0.151295667789813	0.15366233939927	0.179270410539888	0.154504087003289	0	0.136338118689023	0.144887564076278	0.14539281867014	0.117595141822781	0.152373206637723	0.142210000896872	0.12371053367189	0.161350325343353	0.148393866713669	0.130227205439915	0.136225420463141	0.160573718494775	0.156966613775602	0.136222755496615	0.138734005640337	0.134823541146492	0.153005897884085	0.142094365415532	0.139916842744689	0.132840678512524	0.138955543054152	0.120907801424361	0.142527979190823	0.145078681139353	0.17441343507101	0.166669548610034	0.135365519317549	0.171745656689623	0.133181171871571	0.154067496740466	0.175093199887074	0.136687211111976	0.169729134265252
700095837	0.125640894088083	0.132845509439612	0.143139430748439	0.153411652912838	0.126895747388803	0.159567080357828	0.151200643599874	0.152426337392605	0.122602794934567	0.150421282290487	0.117760973573641	0.148932998185752	0.125397730115267	0.151441307803989	0.153201448558771	0.114587035114358	0.152369219459218	0.154625568581577	0.13189078388935	0.147520931059522	0.15101762172207	0.143755793843974	0.138863824963971	0.134897696172624	0.155727527019385	0.12383233036392	0.136338118689023	0	0.116367645626902	0.133843403024411	0.14914774449111	0.139386212193997	0.125120982131246	0.128786005887967	0.126403455930683	0.13853843873431	0.136479364836604	0.164936755490484	0.116930772113982	0.158013834141604	0.121034586584858	0.128104939643591	0.140911417713727	0.129687279797982	0.122937660938146	0.113236590530378	0.121471993931032	0.133418921037354	0.15707141553501	0.135765254381023	0.12451643872698	0.144088088757336	0.144707269463833	0.138217284929456	0.153463795576765	0.128056048418271	0.147215230312611	0.149094363951993	0.141609058655183	0.149665023869378
700024548	0.147607230068992	0.109917327743452	0.114847577781991	0.138342836658468	0.117550667904091	0.116396732229283	0.142966989894799	0.120464439397442	0.157544803744313	0.119505368038303	0.124365700341919	0.125952901404014	0.111336194981736	0.114349493895102	0.102150311328532	0.138347107443898	0.103073626413611	0.143930995851858	0.145226270143237	0.140187880562999	0.127657348039155	0.134900900747878	0.135865591321829	0.138345158235181	0.140005615664348	0.126397453651777	0.144887564076278	0.116367645626902	0	0.106136596624152	0.121864826926791	0.144967258212695	0.116793918348228	0.114723052952659	0.126501351649498	0.110474590409635	0.156403036810352	0.121062266833689	0.144805984489815	0.115006950104251	0.125866878456113	0.0969628002655188	0.14143784277251	0.14303527514576	0.0701927009136325	0.076982755814808	0.117830366812661	0.106825243484482	0.123549505274222	0.118203561954402	0.115931508345572	0.151313595931067	0.128123969360341	0.13022065090431	0.158324106843441	0.102714230613985	0.112388898683184	0.13919489331154	0.110043488909503	0.15059523505748
700110161	0.163176460582354	0.125854886251788	0.107022165020492	0.162313577887252	0.129250018478387	0.090719447989525	0.157459646115126	0.11150405708025	0.154089951895502	0.097503309142849	0.115170653761465	0.121700298416333	0.0960968482895553	0.104343696186409	0.0861779710944991	0.142826208107229	0.109700084183596	0.12071288361874	0.154961920755972	0.138646472234635	0.139088444882	0.12793803521084	0.124865275852428	0.160907626965231	0.140863922234032	0.160111430454651	0.14539281867014	0.133843403024411	0.106136596624152	0	0.103611074086378	0.131102431818862	0.119377392142614	0.0934119883314684	0.156506160201412	0.126176644991584	0.136341313731688	0.0935682617768906	0.160687617383335	0.113552468163805	0.14619467086837	0.0905363913229163	0.137008209157134	0.133112924301468	0.0971027781598984	0.112013514172923	0.127757654693391	0.101867842648212	0.101920270511416	0.103648954988711	0.120437159181248	0.158545635862182	0.146644090484011	0.127429575541966	0.178831174042872	0.0997789941452954	0.11742208380123	0.15217514655501	0.100926127980062	0.139086115369787
700023496	0.158184538559701	0.127186810584557	0.0968843871779822	0.173906314177636	0.140427060368535	0.0786973728521312	0.158893493207111	0.109427323907548	0.14835569143506	0.0887653032073113	0.0997926651201012	0.0974743864668609	0.104810060589234	0.114311007098707	0.114304849188073	0.125427905629558	0.0886455828093435	0.0927722457802902	0.1437827752958	0.153617141003789	0.138785378031872	0.112173903051731	0.143441274618626	0.150587440395837	0.150769351862481	0.165423127842405	0.117595141822781	0.14914774449111	0.121864826926791	0.103611074086378	0	0.124900995185935	0.0981927278193633	0.0798047211779543	0.160363398997394	0.116198827252439	0.122857915786596	0.0923655254610632	0.161419158862961	0.110897646825817	0.134930450339673	0.0935683843956513	0.112701054649286	0.128788668430101	0.0947691327823612	0.110446762938861	0.115542643702871	0.0899593664133791	0.0887561921217047	0.0966970288517724	0.110721117953894	0.175259707305248	0.163721406500269	0.109995645974735	0.189503032074323	0.100281648938183	0.124345972993182	0.162813201239294	0.119016937635622	0.151231380349807
700034628	0.11764552371071	0.150556172674989	0.108216728857874	0.139515819798031	0.14629178518911	0.129744809398217	0.0976824862575847	0.149607859954592	0.0968805942800063	0.137010437787029	0.102904188129169	0.0998574819906273	0.123561350199945	0.144709854810513	0.125014441093759	0.116183183133912	0.139438372022805	0.138347043831896	0.118175932921362	0.111007088368193	0.102298582431074	0.0726833220015533	0.128443187177974	0.12744773094714	0.0939391746179278	0.15084418792806	0.152373206637723	0.139386212193997	0.144967258212695	0.131102431818862	0.124900995185935	0	0.103785088225317	0.116292282646228	0.148937318303193	0.0882603880223633	0.154925071261897	0.134205512413546	0.136712901586212	0.143422283438787	0.142154221471358	0.104433246751775	0.132447254377067	0.0742882939983037	0.111138900268027	0.133147117609174	0.118629582125185	0.0997920398857797	0.139083808955553	0.083637937002052	0.094453078310232	0.121458664200455	0.122493215896417	0.112538925960916	0.156605956859707	0.111186020382588	0.110866016132077	0.112004435137355	0.0903870535483933	0.0886600422055282
700023645	0.120798495528335	0.122687003799611	0.105628943153618	0.136493517065202	0.124807068181677	0.11203910595686	0.120027801691086	0.114417391869271	0.112228832397527	0.101725136911819	0.0816749391535304	0.0995348075286914	0.104073792746254	0.1289599041637	0.119980223060706	0.105377338392281	0.113608720387724	0.117069091366005	0.116319107864524	0.107703655406932	0.0994160415445825	0.0751932391125432	0.125950693832914	0.125737159872526	0.111058230455932	0.141861282564114	0.142210000896872	0.125120982131246	0.116793918348228	0.119377392142614	0.0981927278193633	0.103785088225317	0	0.0954812658744119	0.134956008540568	0.0867711865474656	0.129742200869795	0.124530352427572	0.128501055615628	0.120931877062083	0.121969503928723	0.0868083396231442	0.115486260310644	0.0985981860135849	0.0910644305970557	0.104888158258304	0.101035222768932	0.0845318986061169	0.112222757648445	0.0889200916629579	0.0854407225684878	0.131093265495869	0.120745492323886	0.102323927368542	0.152943808654684	0.0991077334383033	0.0963692366789377	0.114232021282648	0.0911124225094113	0.121150631996825
700038744	0.151551601811363	0.123915863579225	0.08337134423447	0.162904040999354	0.133990550639155	0.0809006652391005	0.153425050263595	0.112832357927944	0.146158816933269	0.097564584475016	0.090350964159596	0.0960264727106742	0.0985785772151895	0.118652879789254	0.105401760496974	0.125258639356234	0.106866392828627	0.0974045966187727	0.14002685729207	0.145753567834081	0.139956156659432	0.102583349408549	0.134092853092207	0.143615868613232	0.142814661261751	0.154786394042342	0.12371053367189	0.128786005887967	0.114723052952659	0.0934119883314684	0.0798047211779543	0.116292282646228	0.0954812658744119	0	0.153459519511834	0.113988893935705	0.121044904061213	0.0894172095387171	0.151559754391761	0.118210433869258	0.136655737031864	0.0836876154748091	0.105890471937302	0.121204815494515	0.0919167709155579	0.105694026281513	0.120481650795447	0.0813681500954431	0.0940973963564614	0.0933326390384165	0.101984847160749	0.165727453459684	0.159271560095001	0.111836507403747	0.180191926044055	0.0778099001042641	0.127505063598153	0.155287139164582	0.0970751672441166	0.147600086554999
700038485	0.122641118957009	0.145363077635751	0.150055032106977	0.121815363362401	0.10609413475827	0.155025837312666	0.128200113943196	0.174643624160161	0.128405518972576	0.157880428429303	0.140857107891596	0.160363823734571	0.164694482541233	0.135010599349848	0.160871598820485	0.131748438950101	0.164865589125531	0.162040835486437	0.116972216303147	0.122942529183186	0.142022831602294	0.142365181066295	0.115825579005238	0.116951964144899	0.146300531852718	0.0717845232339861	0.161350325343353	0.126403455930683	0.126501351649498	0.156506160201412	0.160363398997394	0.148937318303193	0.134956008540568	0.153459519511834	0	0.124522058510755	0.145470235257185	0.165015707137763	0.114506226159059	0.164788733405471	0.123008334328787	0.155432279109895	0.138647294740442	0.135081258147479	0.150085438393622	0.108260693811147	0.119391719645654	0.150631075976141	0.155647774948772	0.150542624215765	0.123786240114735	0.11196762989106	0.110071756860082	0.139195964359379	0.126730223186279	0.168865007034321	0.144362905666379	0.125134009458195	0.143405236815285	0.132730013602767
700024743	0.116389308247822	0.138747032853601	0.0987684140580229	0.114389892191222	0.136199901945455	0.10878221516964	0.0933072350367941	0.132995767861976	0.115188189847556	0.125773608890288	0.0961332543263497	0.100837483166688	0.125922823646051	0.129772566204792	0.11860061131097	0.126355332089503	0.123418910237966	0.134885786814422	0.11808812355827	0.0916479979621506	0.0939393513178955	0.0871375550092744	0.111543645330385	0.11338431638858	0.0922598661313541	0.132854739983382	0.148393866713669	0.13853843873431	0.110474590409635	0.126176644991584	0.116198827252439	0.0882603880223633	0.0867711865474656	0.113988893935705	0.124522058510755	0	0.139890802905447	0.125425338815798	0.128491149377489	0.138625442706808	0.125310588516652	0.108747143087988	0.125409804970107	0.091774940680765	0.100478442054306	0.102099401685843	0.109191060683645	0.0986818496726346	0.119501845526094	0.0928763391134136	0.0926451991002837	0.114472903585407	0.107192278331849	0.0999521964684238	0.1339369123695	0.122923439096842	0.0925433233808614	0.0950787126786201	0.0894336734334614	0.0988899204470095
