700108602	700014971	700033565	700109389	700023058	700023927	700106341	700114221	700023543	700023439	700016978	700024192	700113058	700099448	700109870	700033928	700023693	700109627	700095416	700110425	700111580	700111302	700098605	700111991	700108960	700024452	700032931	700095837	700024548	700110161	700023496	700034628	700023645	700038744	700038485	700024743	700099596	700110760	700101587	700106399	700032322	700095653	700021312	700101230	700023590	700038905	700033136	700023382	700096424	700105469	700016908	700096053	700108479	700109569	700033814	700016125	700109756	700102665	700101777	700109455
700108602	0	-0.159065742179263	-0.193946044532167	-0.116961761438445	-0.133704023100585	-0.200848396926676	-0.0740463599352324	-0.216775279635198	-0.0777556737054068	-0.192118852818294	-0.132215831519952	-0.203828559165027	-0.206809064245648	-0.156050740916138	-0.21082401054396	-0.104824092396051	-0.215705756083553	-0.190326924818091	-0.0921265977517247	-0.0883696706407379	-0.103682431988875	-0.13257780381035	-0.113129817594749	-0.0626435070644914	-0.0961789907768729	-0.132183275641701	-0.159497855263783	-0.17693938246334	-0.188094185661923	-0.203319491859319	-0.190158569340911	-0.143427699792525	-0.132077977736045	-0.176792258560465	-0.134330257623385	-0.118657567664187	-0.16259142430497	-0.213994705676406	-0.0844026912964049	-0.239696544585265	-0.0921961075358558	-0.202922617600209	-0.146536150987992	-0.14294247114344	-0.189250125419718	-0.152278244443529	-0.136271403430583	-0.1909340832162	-0.170927410082966	-0.171451734554966	-0.132581694235335	-0.0683217765061627	-0.0921456157314451	-0.110601940720855	-0.100084066484369	-0.192756182795824	-0.116689235318396	-0.0712852644973073	-0.178772116541292	-0.0972735262139963
700014971	-0.159065742179263	0	-0.176781681541609	-0.206536601194167	-0.133852494736756	-0.165540327754085	-0.168733131526013	-0.139740390802611	-0.1460767564046	-0.133700130966049	-0.121191216796777	-0.199843601874373	-0.141682327535258	-0.112141701258586	-0.163562525668184	-0.161390393422913	-0.130190298681406	-0.181402799251383	-0.159349359099106	-0.151423113417826	-0.15897422679812	-0.136987934688627	-0.136957374691964	-0.159309219415332	-0.181566452410161	-0.170582544757772	-0.10632030525132	-0.120568967993253	-0.128816955561881	-0.136376255241042	-0.119229958825212	-0.162473928361819	-0.122924657716454	-0.127035679989538	-0.153401811192552	-0.123542177569194	-0.174151261626693	-0.184167151866553	-0.138294979701726	-0.15757938429243	-0.122181643658022	-0.149962868273198	-0.142123751556144	-0.136475437478324	-0.12376487498303	-0.118118842037396	-0.123447719468388	-0.149056496139361	-0.137707886839424	-0.16968080794987	-0.157584556586707	-0.157890196077784	-0.163122848941247	-0.128006401701055	-0.181749891184453	-0.144158004807755	-0.146950058110989	-0.163267449134622	-0.160003836632756	-0.151694585834598
700033565	-0.193946044532167	-0.176781681541609	0	-0.234804036293484	-0.203447145688269	-0.083568083630355	-0.20396256736811	-0.119173022919971	-0.178215270309918	-0.0970238002330428	-0.106289789202348	-0.0633756375286006	-0.10945628729939	-0.151775618052765	-0.107977330938986	-0.126056303461645	-0.122154509084296	-0.0964760770004831	-0.17097939874562	-0.185171858079783	-0.168359539050326	-0.0918317609752144	-0.196836894502994	-0.184651644913861	-0.171360149260253	-0.218451869412187	-0.159716209137352	-0.180396733184021	-0.186796649926247	-0.118084291196178	-0.105522808880386	-0.127560279402267	-0.116006289621754	-0.0958401497452187	-0.204151020580526	-0.13860903462192	-0.168044340882535	-0.0997683896840072	-0.190554191498907	-0.137782568167562	-0.173592161027511	-0.0754472555832957	-0.148871548722659	-0.15404163870143	-0.136304462204014	-0.14661625323625	-0.14922471117106	-0.0897636352901268	-0.1262208782839	-0.0723583488772177	-0.0870708342341095	-0.217595458541773	-0.207388632136114	-0.144414227230233	-0.230304680362468	-0.100495651927788	-0.146617187541369	-0.202212451767351	-0.0727406871851869	-0.183251678590636
700109389	-0.116961761438445	-0.206536601194167	-0.234804036293484	0	-0.173006632959158	-0.252426129606521	-0.106312236912278	-0.246483614327638	-0.157374757351662	-0.248914805342023	-0.196976364550659	-0.233080096903519	-0.245274019341962	-0.210544483643582	-0.229439559312749	-0.167503067509013	-0.256482133851605	-0.252807586780992	-0.176455906370241	-0.118982384397121	-0.148393887280839	-0.193822131712146	-0.143181113908691	-0.141676620731448	-0.139807661116757	-0.143073468440881	-0.224647965330249	-0.203741383304647	-0.190973870757198	-0.23653002315148	-0.243632646024518	-0.214271675572783	-0.191805208551373	-0.229292035420208	-0.147114007876764	-0.172099624457728	-0.241794233372171	-0.262329362690869	-0.145483553561519	-0.249054193118932	-0.158991187548065	-0.238220020558499	-0.212049011385133	-0.183409615271375	-0.215841275408938	-0.199283940672768	-0.211308544463489	-0.232809226688662	-0.224970924537395	-0.221678560529791	-0.181174350174109	-0.113786503028996	-0.0783523403481065	-0.177858628481631	-0.137681987949973	-0.247769388659344	-0.131176563886515	-0.116439128914937	-0.211239177412457	-0.155001334836281
700023058	-0.133704023100585	-0.133852494736756	-0.203447145688269	-0.173006632959158	0	-0.162369137033848	-0.140317724586275	-0.175692010503504	-0.128342707755622	-0.163108183723355	-0.130823293483605	-0.209672800838749	-0.1946452755854	-0.12759896476045	-0.185331790634422	-0.146742294198008	-0.168735593399555	-0.168548268233126	-0.136935131896678	-0.135108971112594	-0.147964101990817	-0.154901249598019	-0.134450283793971	-0.127256966224516	-0.16974200724429	-0.115028716546383	-0.136884219553994	-0.159253940078553	-0.150951775106481	-0.171851648367169	-0.165321294965299	-0.190052583876432	-0.139759813383504	-0.152741980862339	-0.116215241408593	-0.140992371096648	-0.142499959882792	-0.165861274444495	-0.109555480592449	-0.208556784540232	-0.111964264851325	-0.180154041057783	-0.12389152386759	-0.149223191963339	-0.159483610698035	-0.134106237182105	-0.127553920057447	-0.171189584007783	-0.127197577923767	-0.203384680848076	-0.163868530207977	-0.127023210286884	-0.136539677137644	-0.116159168769955	-0.147930178616369	-0.187322604586262	-0.150836004084432	-0.14441386833361	-0.18133978469016	-0.143060858743224
700023927	-0.200848396926676	-0.165540327754085	-0.083568083630355	-0.252426129606521	-0.162369137033848	0	-0.222439703906952	-0.12877533809632	-0.19512047101092	-0.0849861027698627	-0.103072894820221	-0.113030843926281	-0.117484473921447	-0.116057961275665	-0.117503229547698	-0.150381849635247	-0.109059126089769	-0.0663713126552539	-0.175783331275475	-0.192171467634695	-0.185120959915178	-0.127267932930986	-0.184482257075575	-0.188235042984033	-0.193565685779067	-0.200985604711327	-0.136594062506512	-0.183413495803196	-0.171531584242371	-0.103649854768678	-0.0834482438992075	-0.171477681120011	-0.127861019860242	-0.0868942367306593	-0.193197723278046	-0.155969300175198	-0.128636399306836	-0.0656367368488291	-0.195430364487088	-0.149729135989643	-0.165776974811836	-0.0950774225134236	-0.116677662396862	-0.169344535249574	-0.138013482298778	-0.130945788315884	-0.139829059986072	-0.107941749971984	-0.0691654485743735	-0.110620780336197	-0.123531304689795	-0.222012445261945	-0.22320205036653	-0.12633662454329	-0.220085335927871	-0.110795954657023	-0.15836327355323	-0.211406541230112	-0.103642199822864	-0.194794535632114
700106341	-0.0740463599352324	-0.168733131526013	-0.20396256736811	-0.106312236912278	-0.140317724586275	-0.222439703906952	0	-0.225823610300058	-0.0885545169782769	-0.218702972754867	-0.147976157160128	-0.191038993367237	-0.216233122168304	-0.182260035706917	-0.206886112620689	-0.127982273493057	-0.228711482815666	-0.222695351560024	-0.118557779372829	-0.0841908789199558	-0.0988523530201518	-0.140698685654072	-0.128467522429461	-0.104882041379436	-0.0866603149354981	-0.163670600358373	-0.195918316239559	-0.199549648428614	-0.201116280885934	-0.221567006011622	-0.200952520888123	-0.123605823738947	-0.150450713246544	-0.198507702555279	-0.163595975313583	-0.112309399142032	-0.206530181250443	-0.233242158189032	-0.0978867831937439	-0.242582129029772	-0.12871954640409	-0.203009003459542	-0.159041795914457	-0.123350732509602	-0.187511355630568	-0.184335638072037	-0.169845566366282	-0.192269903815459	-0.191735406988926	-0.179633004228755	-0.153657226760583	-0.0769950303073512	-0.0827929113995489	-0.129161359583152	-0.128721629225532	-0.207996775325817	-0.106965345142604	-0.0696350620143587	-0.181261927827744	-0.0805316556342542
700114221	-0.216775279635198	-0.139740390802611	-0.119173022919971	-0.246483614327638	-0.175692010503504	-0.12877533809632	-0.225823610300058	0	-0.203640121849261	-0.0886375662160214	-0.145732792255751	-0.140820842084463	-0.0878318012084455	-0.129309156700979	-0.0988401277237458	-0.178871332711896	-0.0633142778809981	-0.162423410374902	-0.205141363182106	-0.202528874737028	-0.20265849549155	-0.157992232860483	-0.196895084762471	-0.211357199297368	-0.231079505827247	-0.218876579303845	-0.123696572441566	-0.149576774726817	-0.14330407355735	-0.100753680694231	-0.108466209066357	-0.188234161218754	-0.134108645449049	-0.0981668718287467	-0.207928430476474	-0.16318391721506	-0.183492945698838	-0.116119325539709	-0.197716630565504	-0.103180402525529	-0.164961298530989	-0.0932058206525316	-0.175049090040855	-0.168913234403369	-0.113881119826346	-0.128979032643868	-0.147847187912677	-0.0925842275429835	-0.13670187034926	-0.141528576681716	-0.159564013355101	-0.227101478251317	-0.216430019563435	-0.163565701826934	-0.244723045463602	-0.0995258369845019	-0.172636750497415	-0.231969920996564	-0.124456903576735	-0.204224257949101
700023543	-0.0777556737054068	-0.1460767564046	-0.178215270309918	-0.157374757351662	-0.128342707755622	-0.19512047101092	-0.0885545169782769	-0.203640121849261	0	-0.186904538830282	-0.11690208060888	-0.186557441242206	-0.195681858006862	-0.158012746631783	-0.201070413690392	-0.0880888351806026	-0.203119431605659	-0.186623160081198	-0.0997010695257748	-0.102079852937976	-0.11551016889989	-0.11489900247874	-0.130198083458032	-0.0861308822486518	-0.100801623913262	-0.147675471691873	-0.159809017760997	-0.165472824757548	-0.202718523024753	-0.192492505425068	-0.176016958233822	-0.112486067573526	-0.125968879721318	-0.168680996259898	-0.131554537490207	-0.113809121339816	-0.161006874247309	-0.20767161431864	-0.0763663116142132	-0.230751721266015	-0.10949882379731	-0.186201798126991	-0.130271371308243	-0.0955035820371997	-0.178182465153853	-0.165105428983367	-0.12384071233861	-0.175552141864171	-0.176572508804565	-0.157850739994679	-0.130415117634437	-0.0820919153465511	-0.107070881893724	-0.112517430294868	-0.127734527084672	-0.183842459207171	-0.139790305689795	-0.0803214699981595	-0.165253924639227	-0.0781993344693188
700023439	-0.192118852818294	-0.133700130966049	-0.0970238002330428	-0.248914805342023	-0.163108183723355	-0.0849861027698627	-0.218702972754867	-0.0886375662160214	-0.186904538830282	0	-0.113876585278872	-0.131046644775804	-0.0887052421652602	-0.119389159253417	-0.11062679455683	-0.152434837833398	-0.0718175286269336	-0.106747351864959	-0.175485511511636	-0.189118690180497	-0.178605078776705	-0.134645099819291	-0.175256680228672	-0.187647285882557	-0.207032484308112	-0.204936276127172	-0.127261216847291	-0.167869150416606	-0.158431363255831	-0.0988975527642292	-0.0740013723441705	-0.167077836371756	-0.11278158517065	-0.0721628097272276	-0.190846277568288	-0.143705235357289	-0.141666903471346	-0.0858589647878583	-0.188620359553498	-0.109315950928951	-0.143640867879796	-0.0863941875372393	-0.139441088443299	-0.165034335504981	-0.117202548106285	-0.108339203157094	-0.116826395359828	-0.0812334296570558	-0.094182373408176	-0.115995927312618	-0.133355481153077	-0.216631292101064	-0.215917312808593	-0.123611125801435	-0.224724718240751	-0.0838043902082611	-0.152795735708843	-0.210086959965352	-0.103714327768037	-0.185026212241974
700016978	-0.132215831519952	-0.121191216796777	-0.106289789202348	-0.196976364550659	-0.130823293483605	-0.103072894820221	-0.147976157160128	-0.145732792255751	-0.11690208060888	-0.113876585278872	0	-0.118085485555042	-0.135162149830731	-0.11170485549484	-0.148389787035004	-0.0923623452365139	-0.135555432539874	-0.111735564822083	-0.124078098588877	-0.120020987735174	-0.121076516986717	-0.0509533221752385	-0.141120623168064	-0.128840570150479	-0.119754261413026	-0.170580731650114	-0.11827097609259	-0.134711928103753	-0.155823660866548	-0.12281577264702	-0.0906403227901204	-0.101544250241947	-0.0711276292393668	-0.0854099292261528	-0.156034165294158	-0.089148200716956	-0.123444598272574	-0.130651867479245	-0.12445966335818	-0.174594986716315	-0.105513347919775	-0.107018891250035	-0.0931435458988778	-0.105136193272644	-0.119954214767178	-0.123632356338367	-0.106759043094929	-0.102089750419877	-0.098974012563594	-0.102087751206929	-0.0811611134750615	-0.15065966546911	-0.153069633243787	-0.0722962788139036	-0.166950703579587	-0.120567531873802	-0.116663646084451	-0.137833850256145	-0.103342814367453	-0.133021410957819
700024192	-0.203828559165027	-0.199843601874373	-0.0633756375286006	-0.233080096903519	-0.209672800838749	-0.113030843926281	-0.191038993367237	-0.140820842084463	-0.186557441242206	-0.131046644775804	-0.118085485555042	0	-0.119158375407556	-0.168468588646709	-0.108620339645637	-0.13153032852508	-0.149133778422832	-0.123137857579325	-0.168728887621501	-0.185354372509046	-0.161697246699225	-0.096953168091999	-0.202731337838828	-0.202203824039291	-0.16466343560022	-0.227162922473504	-0.184578194963848	-0.192411622376044	-0.190363879410802	-0.149657295399772	-0.11376944681636	-0.121857468840759	-0.12168050080183	-0.128911773434409	-0.22280472044592	-0.154280192327206	-0.187218551330823	-0.118068773760462	-0.205208016454872	-0.145927716402644	-0.185375625812131	-0.0809691680256544	-0.158333800623823	-0.151100051742968	-0.124141130130948	-0.171667765556172	-0.161989001342155	-0.0943420608321022	-0.145198726616377	-0.077747116480737	-0.0992544065870082	-0.221345360878957	-0.207526612741	-0.154045091384581	-0.245345687696151	-0.105523502284909	-0.135896954382858	-0.205217884362865	-0.0875895035615539	-0.18035272362883
700113058	-0.206809064245648	-0.141682327535258	-0.10945628729939	-0.245274019341962	-0.1946452755854	-0.117484473921447	-0.216233122168304	-0.0878318012084455	-0.195681858006862	-0.0887052421652602	-0.135162149830731	-0.119158375407556	0	-0.133776835524266	-0.0812459883907649	-0.166259041690464	-0.0949591506954997	-0.146979327334757	-0.201083217632178	-0.185887094676944	-0.198242010628805	-0.140682509163362	-0.205751654168514	-0.208671984823966	-0.213317930455117	-0.225746451906934	-0.1335270560542	-0.146380736829996	-0.154191972500471	-0.0939531929592576	-0.098842681405054	-0.168703749327434	-0.127091584001184	-0.0934078816439941	-0.219867672046026	-0.161981391659213	-0.17507881807605	-0.116909246253675	-0.195181925362604	-0.105219960791585	-0.154684885361547	-0.0674150651625674	-0.180815661952119	-0.158063834399655	-0.104573931758743	-0.137246415698284	-0.167450047991036	-0.0889234313439951	-0.132603548952571	-0.118736781081991	-0.14282479257135	-0.224431787382907	-0.213449192449243	-0.160387882997911	-0.251491644011894	-0.0674017057906599	-0.163983667275171	-0.221962479199425	-0.108263169973708	-0.187533508362298
700099448	-0.156050740916138	-0.112141701258586	-0.151775618052765	-0.210544483643582	-0.12759896476045	-0.116057961275665	-0.182260035706917	-0.129309156700979	-0.158012746631783	-0.119389159253417	-0.11170485549484	-0.168468588646709	-0.133776835524266	0	-0.139820078022474	-0.149560760788365	-0.110630732009663	-0.135669533183499	-0.143062817339232	-0.154292294291016	-0.152405902718441	-0.138867617873662	-0.137279389942303	-0.142324397720054	-0.183290541825308	-0.148599919044789	-0.0977190972492736	-0.142672327761735	-0.118608244258835	-0.111704989407383	-0.10578270928037	-0.180990257194316	-0.106733538858156	-0.107941122555315	-0.148142985704591	-0.135663456535736	-0.140047536380172	-0.136184391762752	-0.14756897035864	-0.168848307027839	-0.126194995659738	-0.128882524690901	-0.11704307014209	-0.1599877516576	-0.111673846973437	-0.10990616969088	-0.10446087297946	-0.130363382218444	-0.0849916088890992	-0.152282762806646	-0.138119665927246	-0.162239284602475	-0.18041350903379	-0.110184236358127	-0.171709194599053	-0.137326382594771	-0.127909078271076	-0.169540912378031	-0.136042743407861	-0.162067727712017
700109870	-0.21082401054396	-0.163562525668184	-0.107977330938986	-0.229439559312749	-0.185331790634422	-0.117503229547698	-0.206886112620689	-0.0988401277237458	-0.201070413690392	-0.11062679455683	-0.148389787035004	-0.108620339645637	-0.0812459883907649	-0.139820078022474	0	-0.168803249138287	-0.10926303990598	-0.160056720582524	-0.202719309034214	-0.186835384041033	-0.184141985649789	-0.152379288449135	-0.186904002517212	-0.21598108907027	-0.210857637063801	-0.221136321654675	-0.14974410927376	-0.165455868979865	-0.146679688085214	-0.102327241038943	-0.118637514323837	-0.176948058554353	-0.142107918130666	-0.121074942989265	-0.218499027239391	-0.168655773536131	-0.193719747572427	-0.102915817178429	-0.201862382368708	-0.0954268863804225	-0.184509733567338	-0.0720110039177008	-0.185572975274806	-0.161336975169846	-0.111496565291619	-0.131909231099098	-0.166151813018777	-0.0815514966188926	-0.1392893512568	-0.122335086476786	-0.155464650018697	-0.221103402597162	-0.205571987887936	-0.168614531253666	-0.247101776781631	-0.0859017964515943	-0.150372792251909	-0.225785270731127	-0.102310768269247	-0.186903144474053
700033928	-0.104824092396051	-0.161390393422913	-0.126056303461645	-0.167503067509013	-0.146742294198008	-0.150381849635247	-0.127982273493057	-0.178871332711896	-0.0880888351806026	-0.152434837833398	-0.0923623452365139	-0.13153032852508	-0.166259041690464	-0.149560760788365	-0.168803249138287	0	-0.179041301235118	-0.135623073198102	-0.108293315828868	-0.123974250550762	-0.113984455210653	-0.0837292970499673	-0.148193949585599	-0.101196514574158	-0.114984044581349	-0.160085078865912	-0.155076442282667	-0.152131903138677	-0.187714147917035	-0.163708546354508	-0.136005207583558	-0.114517878425885	-0.0888593436113932	-0.138329072808729	-0.14991564309889	-0.129895202984012	-0.137438315702441	-0.17261325905502	-0.117958450634728	-0.203028379637392	-0.110618819533667	-0.134142405340227	-0.116717471968565	-0.123609854741395	-0.145525837338583	-0.153007231100518	-0.118179817123299	-0.139214254752773	-0.144354208089402	-0.103547172049781	-0.0869185362605024	-0.124245937666989	-0.135731335486824	-0.119999543742056	-0.166844603425041	-0.144641249234553	-0.12903551503181	-0.11061192385041	-0.120143129321612	-0.110972853337702
700023693	-0.215705756083553	-0.130190298681406	-0.122154509084296	-0.256482133851605	-0.168735593399555	-0.109059126089769	-0.228711482815666	-0.0633142778809981	-0.203119431605659	-0.0718175286269336	-0.135555432539874	-0.149133778422832	-0.0949591506954997	-0.110630732009663	-0.10926303990598	-0.179041301235118	0	-0.136651444263799	-0.198583967929945	-0.203841132926021	-0.199172677771043	-0.159581717689935	-0.194132434736991	-0.206315752971712	-0.232529014804609	-0.215822326807281	-0.126956480769412	-0.159970399023203	-0.1384188893372	-0.0967697279563621	-0.0870745029770063	-0.192655313546097	-0.132573222876247	-0.0892546058195355	-0.202952460761353	-0.163025654605564	-0.166619485855868	-0.114841082627689	-0.195888102555562	-0.109918934417356	-0.162089152793577	-0.0961688319972621	-0.156380837823669	-0.174247231663703	-0.108078012446965	-0.122280975204675	-0.135995746779846	-0.104611387650509	-0.121358949394923	-0.148862825148148	-0.160426232456824	-0.225232911379196	-0.221815945955216	-0.15133008155922	-0.24345767947417	-0.106351134876206	-0.173495717854931	-0.229206318725548	-0.136123812069835	-0.203899760636419
700109627	-0.190326924818091	-0.181402799251383	-0.0964760770004831	-0.252807586780992	-0.168548268233126	-0.0663713126552539	-0.222695351560024	-0.162423410374902	-0.186623160081198	-0.106747351864959	-0.111735564822083	-0.123137857579325	-0.146979327334757	-0.135669533183499	-0.160056720582524	-0.135623073198102	-0.136651444263799	0	-0.167127675768211	-0.18990088534384	-0.189061720890842	-0.121000574403314	-0.189053809294719	-0.173596000684422	-0.18742151762806	-0.201511857203839	-0.152833104910125	-0.192887397208876	-0.201727044021042	-0.138182535415766	-0.102689217770952	-0.165795441460551	-0.131803799172375	-0.112827561825049	-0.190037630544515	-0.163979359192663	-0.115678921298669	-0.0904618536193976	-0.196912273459933	-0.179455172360507	-0.166545062196143	-0.126543005230526	-0.111580345314327	-0.171803778638188	-0.165970744890583	-0.158478753993522	-0.144005979161248	-0.139295419178988	-0.0900174105641597	-0.126426643814479	-0.112801146000968	-0.217243201527077	-0.224261328750148	-0.130433650335897	-0.206838405318514	-0.137827959062622	-0.179819233635216	-0.20558734463228	-0.128495622350342	-0.202856357040861
700095416	-0.0921265977517247	-0.159349359099106	-0.17097939874562	-0.176455906370241	-0.136935131896678	-0.175783331275475	-0.118557779372829	-0.205141363182106	-0.0997010695257748	-0.175485511511636	-0.124078098588877	-0.168728887621501	-0.201083217632178	-0.143062817339232	-0.202719309034214	-0.108293315828868	-0.198583967929945	-0.167127675768211	0	-0.122717476391242	-0.104579174290912	-0.115293961404568	-0.128284517202218	-0.0880005130056504	-0.111321103047614	-0.136214668625197	-0.151978553434029	-0.179624511437091	-0.179400812073131	-0.198689844661123	-0.167298358411816	-0.132726642649921	-0.11680173917374	-0.170697466860941	-0.134729776396492	-0.121721263443215	-0.148973856046932	-0.18389588712652	-0.110487889858905	-0.228244427192173	-0.0936304483808079	-0.183276048843757	-0.10508773166504	-0.142917050486174	-0.173204478116891	-0.139058608125374	-0.107856956864226	-0.178533701763212	-0.150313668986271	-0.155696271766524	-0.125026594768616	-0.118965410855582	-0.137005282538104	-0.088640397038715	-0.118863157189838	-0.181181547680548	-0.124003222653328	-0.116454331051549	-0.160823646943865	-0.122593267664029
700110425	-0.0883696706407379	-0.151423113417826	-0.185171858079783	-0.118982384397121	-0.135108971112594	-0.192171467634695	-0.0841908789199558	-0.202528874737028	-0.102079852937976	-0.189118690180497	-0.120020987735174	-0.185354372509046	-0.185887094676944	-0.154292294291016	-0.186835384041033	-0.123974250550762	-0.203841132926021	-0.18990088534384	-0.122717476391242	0	-0.0925874123079004	-0.119197515454186	-0.116112490691708	-0.102640714624134	-0.07217078488321	-0.163472067384282	-0.16024986051038	-0.165330483768578	-0.176456177545692	-0.179572247217316	-0.177664603396704	-0.148187402505483	-0.127536672689421	-0.170042100870112	-0.166896299806134	-0.0994100934778521	-0.176518861103866	-0.210281451940219	-0.112766675482279	-0.224480710752062	-0.103717788747637	-0.173816626082229	-0.13914921969102	-0.0956795800822133	-0.159359856416989	-0.163690609378828	-0.153551267475988	-0.167814457609184	-0.158818755588904	-0.169441296917068	-0.131938525981043	-0.0889470623482797	-0.0784755544354745	-0.110316676259387	-0.125666275580085	-0.183154122054315	-0.0861617839123543	-0.0775228684154352	-0.15902432330184	-0.0959702016952742
700111580	-0.103682431988875	-0.15897422679812	-0.168359539050326	-0.148393887280839	-0.147964101990817	-0.185120959915178	-0.0988523530201518	-0.20265849549155	-0.11551016889989	-0.178605078776705	-0.121076516986717	-0.161697246699225	-0.198242010628805	-0.152405902718441	-0.184141985649789	-0.113984455210653	-0.199172677771043	-0.189061720890842	-0.104579174290912	-0.0925874123079004	0	-0.104671469731134	-0.112862804669253	-0.11170177737156	-0.0725240588213114	-0.178408881685391	-0.175419930533068	-0.190676869039077	-0.162782656971096	-0.201935328192339	-0.169520475105512	-0.12053336020226	-0.120644917376387	-0.174594664896363	-0.180586209137027	-0.109514726637255	-0.186976666531828	-0.192103382743857	-0.125459253657971	-0.212708979766295	-0.115711391911288	-0.170418074876784	-0.136332444884075	-0.132095760958875	-0.146099918604836	-0.142655948278152	-0.120054397128778	-0.147462602100421	-0.153977978022594	-0.138835051379038	-0.11779052635553	-0.110196859290434	-0.119557746743266	-0.0998661307615881	-0.143230182598769	-0.171851260154959	-0.0793039106952555	-0.0887347044414321	-0.136727739294771	-0.0908929964797186
700111302	-0.13257780381035	-0.136987934688627	-0.0918317609752144	-0.193822131712146	-0.154901249598019	-0.127267932930986	-0.140698685654072	-0.157992232860483	-0.11489900247874	-0.134645099819291	-0.0509533221752385	-0.096953168091999	-0.140682509163362	-0.138867617873662	-0.152379288449135	-0.0837292970499673	-0.159581717689935	-0.121000574403314	-0.115293961404568	-0.119197515454186	-0.104671469731134	0	-0.15296925843443	-0.132712495410652	-0.105163627314359	-0.184514991949688	-0.135691764484976	-0.148827705074163	-0.174295981181501	-0.154231421705158	-0.113751458465744	-0.0806250346016194	-0.0739300958022014	-0.108803007542939	-0.172476648065689	-0.09313412134297	-0.146083823148834	-0.146943083426813	-0.134990905331529	-0.178081528039499	-0.119460082348582	-0.107921411809714	-0.111507859921049	-0.10065025625186	-0.122368937316398	-0.14740428865858	-0.116913986536524	-0.103851287706199	-0.128567759405768	-0.0816492976056698	-0.0677969850071413	-0.151697826188489	-0.153084808633568	-0.0916522206287528	-0.179313371153762	-0.121995003432148	-0.110308280740618	-0.135311148069983	-0.0876762651652867	-0.129147373603971
700098605	-0.113129817594749	-0.136957374691964	-0.196836894502994	-0.143181113908691	-0.134450283793971	-0.184482257075575	-0.128467522429461	-0.196895084762471	-0.130198083458032	-0.175256680228672	-0.141120623168064	-0.202731337838828	-0.205751654168514	-0.137279389942303	-0.186904002517212	-0.148193949585599	-0.194132434736991	-0.189053809294719	-0.128284517202218	-0.116112490691708	-0.112862804669253	-0.15296925843443	0	-0.119935507394868	-0.147476919368061	-0.133840943003058	-0.142620840141902	-0.169057623447399	-0.158383702096607	-0.187869023116743	-0.176508242466185	-0.173773168843887	-0.142519720459121	-0.17324786211235	-0.139559835861054	-0.122371322016099	-0.172637849703732	-0.185871017084479	-0.118327417130485	-0.204574302022078	-0.120680035094736	-0.190219175491308	-0.141909043251831	-0.150866460529719	-0.186652820919323	-0.13193704437012	-0.130623190893903	-0.178091881957571	-0.156568703934813	-0.188007822880406	-0.164602160382104	-0.120600110914997	-0.116611378833635	-0.109416548606845	-0.101145738740749	-0.194382889092568	-0.126233682562093	-0.129164110623354	-0.164581947615313	-0.114248933613267
700111991	-0.0626435070644914	-0.159309219415332	-0.184651644913861	-0.141676620731448	-0.127256966224516	-0.188235042984033	-0.104882041379436	-0.211357199297368	-0.0861308822486518	-0.187647285882557	-0.128840570150479	-0.202203824039291	-0.208671984823966	-0.142324397720054	-0.21598108907027	-0.101196514574158	-0.206315752971712	-0.173596000684422	-0.0880005130056504	-0.102640714624134	-0.11170177737156	-0.132712495410652	-0.119935507394868	0	-0.105167153144439	-0.123020817621926	-0.147484974462388	-0.1708935962205	-0.187396624969082	-0.200322100068068	-0.184084945247828	-0.154748891054142	-0.131533473028122	-0.174342328728183	-0.124489794687861	-0.118595088540417	-0.149600629624708	-0.198341626970759	-0.0908064503598126	-0.242403799906899	-0.0899328647827461	-0.199294924347838	-0.12556262331223	-0.134717040874752	-0.186113710151105	-0.151280208996129	-0.120163724942961	-0.190462405097217	-0.162709203128821	-0.173587159349464	-0.130538131117535	-0.0956973677941519	-0.108692030585937	-0.103921392698803	-0.0875001957822011	-0.197259087565911	-0.130667259312363	-0.090350320117379	-0.175404914833407	-0.105412066088674
700108960	-0.0961789907768729	-0.181566452410161	-0.171360149260253	-0.139807661116757	-0.16974200724429	-0.193565685779067	-0.0866603149354981	-0.231079505827247	-0.100801623913262	-0.207032484308112	-0.119754261413026	-0.16466343560022	-0.213317930455117	-0.183290541825308	-0.210857637063801	-0.114984044581349	-0.232529014804609	-0.18742151762806	-0.111321103047614	-0.07217078488321	-0.0725240588213114	-0.105163627314359	-0.147476919368061	-0.105167153144439	0	-0.193606331589223	-0.196694996229764	-0.200923334731245	-0.203548766527939	-0.210803062251919	-0.193289372792331	-0.105638419730341	-0.138103027494167	-0.189906811878511	-0.186228589890352	-0.111114628195955	-0.194030314903591	-0.217239532507932	-0.125012157597621	-0.248289232461836	-0.132253370183532	-0.187084215621813	-0.14612499045487	-0.11762002471741	-0.180324884214395	-0.189291622859394	-0.163314942731139	-0.18147881011673	-0.1747824170633	-0.138803376513994	-0.112483783712805	-0.104597205840219	-0.102263368477503	-0.112415973150089	-0.129420727237743	-0.200238997926706	-0.0908844497826161	-0.0797922772491668	-0.149821122167924	-0.0907378978833853
700024452	-0.132183275641701	-0.170582544757772	-0.218451869412187	-0.143073468440881	-0.115028716546383	-0.200985604711327	-0.163670600358373	-0.218876579303845	-0.147675471691873	-0.204936276127172	-0.170580731650114	-0.227162922473504	-0.225746451906934	-0.148599919044789	-0.221136321654675	-0.160085078865912	-0.215822326807281	-0.201511857203839	-0.136214668625197	-0.163472067384282	-0.178408881685391	-0.184514991949688	-0.133840943003058	-0.123020817621926	-0.193606331589223	0	-0.155784497661548	-0.161569004011451	-0.148751977661058	-0.198203170605825	-0.20404873898985	-0.221525721940364	-0.168728073971739	-0.197701649421624	-0.065653723727738	-0.163487600485408	-0.177484923500102	-0.206251662717594	-0.117811814737502	-0.236169213495143	-0.130654257934898	-0.217868515328388	-0.159493462430653	-0.184127285939021	-0.200610199861778	-0.146908132006339	-0.141261753190789	-0.220998377946758	-0.173038149655078	-0.219591518697179	-0.178522664831598	-0.122983084180144	-0.133989620677847	-0.145020760511022	-0.11869011708145	-0.222203262081162	-0.16597120626023	-0.155757503515792	-0.199686409636621	-0.176269615736151
700032931	-0.159497855263783	-0.10632030525132	-0.159716209137352	-0.224647965330249	-0.136884219553994	-0.136594062506512	-0.195918316239559	-0.123696572441566	-0.159809017760997	-0.127261216847291	-0.11827097609259	-0.184578194963848	-0.1335270560542	-0.0977190972492736	-0.14974410927376	-0.155076442282667	-0.126956480769412	-0.152833104910125	-0.151978553434029	-0.16024986051038	-0.175419930533068	-0.135691764484976	-0.142620840141902	-0.147484974462388	-0.196694996229764	-0.155784497661548	0	-0.127252551609552	-0.144190673893302	-0.122353898423426	-0.12747940192653	-0.179142462352183	-0.126471879182407	-0.10587247538575	-0.15670720040236	-0.138898917558168	-0.142542671970988	-0.143477474953122	-0.155834561332321	-0.163057026772393	-0.126998284881049	-0.13130607983976	-0.128207211083858	-0.146606479986463	-0.13416520253977	-0.121339448264024	-0.118454388341533	-0.1322204837137	-0.118504692710759	-0.160475316446657	-0.156909006390195	-0.17418888766751	-0.181129948769569	-0.127251856010149	-0.17255498878794	-0.140271844780218	-0.162659126562356	-0.184246454636334	-0.145545333482344	-0.177944401927587
700095837	-0.17693938246334	-0.120568967993253	-0.180396733184021	-0.203741383304647	-0.159253940078553	-0.183413495803196	-0.199549648428614	-0.149576774726817	-0.165472824757548	-0.167869150416606	-0.134711928103753	-0.192411622376044	-0.146380736829996	-0.142672327761735	-0.165455868979865	-0.152131903138677	-0.159970399023203	-0.192887397208876	-0.179624511437091	-0.165330483768578	-0.190676869039077	-0.148827705074163	-0.169057623447399	-0.1708935962205	-0.200923334731245	-0.161569004011451	-0.127252551609552	0	-0.118633058321317	-0.122858358616913	-0.155553746588791	-0.195345232110814	-0.138361830198229	-0.135422180278247	-0.1558172121186	-0.155573051164562	-0.169512890787794	-0.196027139310564	-0.155421976598777	-0.181192255604359	-0.136261081617854	-0.151756054589139	-0.167890183758529	-0.151590574014566	-0.1332688012817	-0.14599343454733	-0.157697507217715	-0.159009731823514	-0.168326108228692	-0.173786750112252	-0.157693031643083	-0.178990236543446	-0.172565548466946	-0.157464940548046	-0.195434744082249	-0.160198104188198	-0.174460997070098	-0.192586371711239	-0.166621877514884	-0.18785661140152
700024548	-0.188094185661923	-0.128816955561881	-0.186796649926247	-0.190973870757198	-0.150951775106481	-0.171531584242371	-0.201116280885934	-0.14330407355735	-0.202718523024753	-0.158431363255831	-0.155823660866548	-0.190363879410802	-0.154191972500471	-0.118608244258835	-0.146679688085214	-0.187714147917035	-0.1384188893372	-0.201727044021042	-0.179400812073131	-0.176456177545692	-0.162782656971096	-0.174295981181501	-0.158383702096607	-0.187396624969082	-0.203548766527939	-0.148751977661058	-0.144190673893302	-0.118633058321317	0	-0.128475981626627	-0.148137214058235	-0.224114205934838	-0.137062232323503	-0.145954991891936	-0.162764677178777	-0.153230944622959	-0.199154686663991	-0.177976649034195	-0.171641699390538	-0.146507127743461	-0.147115927377893	-0.14453283009502	-0.177890677284193	-0.191036511385931	-0.0972845375696252	-0.0934448503322517	-0.156334250994609	-0.150886279691728	-0.145917665077784	-0.196060420779936	-0.169892125598856	-0.184512334035765	-0.170913819205696	-0.146686321865666	-0.187485379861845	-0.164473881527834	-0.144750494022876	-0.199061213185471	-0.168666518481407	-0.200168309838674
700110161	-0.203319491859319	-0.136376255241042	-0.118084291196178	-0.23653002315148	-0.171851648367169	-0.103649854768678	-0.221567006011622	-0.100753680694231	-0.192492505425068	-0.0988975527642292	-0.12281577264702	-0.149657295399772	-0.0939531929592576	-0.111704989407383	-0.102327241038943	-0.163708546354508	-0.0967697279563621	-0.138182535415766	-0.198689844661123	-0.179572247217316	-0.201935328192339	-0.154231421705158	-0.187869023116743	-0.200322100068068	-0.210803062251919	-0.198203170605825	-0.122353898423426	-0.122858358616913	-0.128475981626627	0	-0.104162805982369	-0.186538228870588	-0.136894299105769	-0.085787044560876	-0.191670483277579	-0.161078077265664	-0.157379010739578	-0.112411180703648	-0.183658878133778	-0.143356642601235	-0.163989032063595	-0.0981671774643994	-0.160849800094233	-0.163315202772809	-0.118277448361892	-0.140468937505399	-0.158952812488683	-0.113963620512329	-0.109706041040781	-0.133908725548357	-0.15295802699799	-0.206176818185781	-0.210551701462868	-0.149096323487322	-0.230818764729116	-0.114891818938161	-0.163070149286401	-0.210584240464364	-0.120503413210913	-0.196876693628198
700023496	-0.190158569340911	-0.119229958825212	-0.105522808880386	-0.243632646024518	-0.165321294965299	-0.0834482438992075	-0.200952520888123	-0.108466209066357	-0.176016958233822	-0.0740013723441705	-0.0906403227901204	-0.11376944681636	-0.098842681405054	-0.10578270928037	-0.118637514323837	-0.136005207583558	-0.0870745029770063	-0.102689217770952	-0.167298358411816	-0.177664603396704	-0.169520475105512	-0.113751458465744	-0.176508242466185	-0.184084945247828	-0.193289372792331	-0.20404873898985	-0.12747940192653	-0.155553746588791	-0.148137214058235	-0.104162805982369	0	-0.153718525986513	-0.0932208674739431	-0.0781229416154239	-0.193364284819414	-0.141857739175281	-0.14415348452507	-0.1143281229205	-0.178090151708779	-0.12276129795679	-0.138290904164946	-0.079895852050033	-0.122382713407058	-0.149729816629362	-0.0982118773120255	-0.117783200205581	-0.12695169647867	-0.084553839365711	-0.0898029221226251	-0.113940510263268	-0.118765578593428	-0.206707766769545	-0.206807387255711	-0.118844190185271	-0.227683830259891	-0.0911101051323687	-0.149929916210948	-0.196988350994745	-0.111984302903385	-0.184132191063951
700034628	-0.143427699792525	-0.162473928361819	-0.127560279402267	-0.214271675572783	-0.190052583876432	-0.171477681120011	-0.123605823738947	-0.188234161218754	-0.112486067573526	-0.167077836371756	-0.101544250241947	-0.121857468840759	-0.168703749327434	-0.180990257194316	-0.176948058554353	-0.114517878425885	-0.192655313546097	-0.165795441460551	-0.132726642649921	-0.148187402505483	-0.12053336020226	-0.0806250346016194	-0.173773168843887	-0.154748891054142	-0.105638419730341	-0.221525721940364	-0.179142462352183	-0.195345232110814	-0.224114205934838	-0.186538228870588	-0.153718525986513	0	-0.117867727947859	-0.146021203795232	-0.202549344687489	-0.105488626787201	-0.183343604496258	-0.178896889824638	-0.157514086296433	-0.204826638999612	-0.161013461168064	-0.145340655404578	-0.143557296812959	-0.0952147384906036	-0.165144704101454	-0.192565307091607	-0.151389019653667	-0.135845328209883	-0.171627123837453	-0.0934845385462397	-0.110210640723684	-0.162901229716255	-0.169370604421626	-0.126214545980356	-0.195743805873192	-0.145862044217017	-0.137399906060171	-0.140071910818813	-0.126594889067814	-0.095816688066036
700023645	-0.132077977736045	-0.122924657716454	-0.116006289621754	-0.191805208551373	-0.139759813383504	-0.127861019860242	-0.150450713246544	-0.134108645449049	-0.125968879721318	-0.11278158517065	-0.0711276292393668	-0.12168050080183	-0.127091584001184	-0.106733538858156	-0.142107918130666	-0.0888593436113932	-0.132573222876247	-0.131803799172375	-0.11680173917374	-0.127536672689421	-0.120644917376387	-0.0739300958022014	-0.142519720459121	-0.131533473028122	-0.138103027494167	-0.168728073971739	-0.126471879182407	-0.138361830198229	-0.137062232323503	-0.136894299105769	-0.0932208674739431	-0.117867727947859	0	-0.0912244157654214	-0.163115812949126	-0.095546498405158	-0.137180669003426	-0.148061739335924	-0.132620550180221	-0.159471825065337	-0.0974326261530571	-0.0998984917432695	-0.10514221210143	-0.122465171255033	-0.102383205267387	-0.109973293945744	-0.111517497733196	-0.0956502932572001	-0.113030143920999	-0.106426927345506	-0.0824903023199545	-0.152615014475735	-0.155182484473422	-0.0865931406654622	-0.181562808829197	-0.107377822340701	-0.11300385092922	-0.140526860876724	-0.104992659340764	-0.13827911009502
700038744	-0.176792258560465	-0.127035679989538	-0.0958401497452187	-0.229292035420208	-0.152741980862339	-0.0868942367306593	-0.198507702555279	-0.0981668718287467	-0.168680996259898	-0.0721628097272276	-0.0854099292261528	-0.128911773434409	-0.0934078816439941	-0.107941122555315	-0.121074942989265	-0.138329072808729	-0.0892546058195355	-0.112827561825049	-0.170697466860941	-0.170042100870112	-0.174594664896363	-0.108803007542939	-0.17324786211235	-0.174342328728183	-0.189906811878511	-0.197701649421624	-0.10587247538575	-0.135422180278247	-0.145954991891936	-0.085787044560876	-0.0781229416154239	-0.146021203795232	-0.0912244157654214	0	-0.181982368995072	-0.130102979519374	-0.132869812114229	-0.108288803593547	-0.166582589051071	-0.127789266503568	-0.132546774109572	-0.0788922413470483	-0.127518615622805	-0.142119558970234	-0.105921036748327	-0.116507036236992	-0.13049277349707	-0.0820252193339039	-0.0926434414218311	-0.106861706209474	-0.120981079757361	-0.198642405278933	-0.198767662638539	-0.111704637063053	-0.214480737511991	-0.0948033140781451	-0.154857175995833	-0.188408971617548	-0.109122976219329	-0.180940473671517
