700108602	700014971	700033565	700109389	700023058	700023927	700106341	700114221	700023543	700023439	700016978	700024192	700113058	700099448	700109870	700033928	700023693	700109627	700095416	700110425	700111580	700111302	700098605	700111991	700108960	700024452	700032931	700095837	700024548	700110161	700023496	700034628	700023645	700038744	700038485	700024743	700099596	700110760	700101587	700106399	700032322	700095653	700021312	700101230	700023590	700038905	700033136	700023382	700096424	700105469	700016908	700096053	700108479	700109569	700033814	700016125	700109756	700102665	700101777	700109455
700108602	0	0.146375122241471	0.159712402880187	0.103680078607411	0.124835378503761	0.171911037686443	0.0755091364601674	0.193793208928213	0.0973496778837546	0.169043585493322	0.123502632685897	0.159949665587507	0.164780866439591	0.152046607906656	0.157380333367958	0.106992830277963	0.174573071611514	0.162740053718569	0.0983726893152071	0.0958511826492613	0.0906264667250178	0.121450615392988	0.107373199936634	0.0748997222969042	0.0946001526056947	0.116245387739548	0.160826262614956	0.144281153044603	0.142636934097796	0.16790956554092	0.163819360292841	0.126777865163944	0.113789782720666	0.155440240565196	0.114994497757967	0.114224214949114	0.131410516343551	0.178068590045571	0.0894155378698574	0.186389715795813	0.0987351403154088	0.157402936724901	0.131388811923109	0.129577254982103	0.152466384784451	0.126444611768597	0.133859873505043	0.156222414714696	0.14349734754197	0.136361678131242	0.113803242772275	0.0977308074819113	0.0934336078894113	0.0995400944444214	0.10549592088847	0.165991041003715	0.104039031463276	0.0782463087388996	0.130471458294969	0.100053046796156
700014971	0.146375122241471	0	0.126450884724492	0.157161339383798	0.130321523986773	0.130016898925284	0.14683875719453	0.129051196218708	0.146273116249621	0.117770400244248	0.110589097697712	0.144749666856482	0.121607801616872	0.123616437519309	0.133833772466864	0.142544861360764	0.116273342044162	0.137952330558281	0.142389347230499	0.139219718131597	0.130958687167916	0.12143561615619	0.122030773767546	0.145367585092758	0.145641817713556	0.146870367485703	0.111597155894563	0.130313955353223	0.117546415383325	0.127541488996542	0.109848659450145	0.130082706951111	0.112012869629977	0.109351722279608	0.142743240945025	0.108698343254821	0.130107572241425	0.142311393626663	0.131349856512435	0.130395764060643	0.135199977572855	0.124919265756169	0.127907748987862	0.125837529734435	0.111685978157255	0.114387000449947	0.108179461607093	0.114187647689128	0.110845815295062	0.121885967145768	0.123975931438856	0.150856269097882	0.142324518447226	0.105809541854781	0.17011831823737	0.123004748504652	0.134273639991354	0.144258488168574	0.122385902801069	0.137919377099463
700033565	0.159712402880187	0.126450884724492	0	0.142796455796366	0.140855733260207	0.0743374142803919	0.143267200410206	0.113702700403241	0.155069076053755	0.0960517497796081	0.0939465091418292	0.0647561445297736	0.099668236563652	0.119118064683886	0.0838733547090011	0.112127303353319	0.103749719204382	0.0905429803462025	0.142013841313363	0.136380345285969	0.134458022294915	0.0914387813439866	0.124042073772813	0.139861954371909	0.129945115497169	0.147937931508565	0.137717239073078	0.144747729590317	0.128390024878608	0.101570090295666	0.0871107526938722	0.0986727586503591	0.10096559029685	0.0784807555206453	0.148491176669056	0.103417533838192	0.118808815583556	0.0812544547127636	0.145492235264042	0.119642720199582	0.144242161703121	0.0823904407794327	0.123854561840182	0.123992212931481	0.100953624995546	0.111202495768525	0.137771625465259	0.083601361585642	0.100934199022848	0.0770627197775617	0.0793542588728387	0.161213995168218	0.144796085451724	0.11724821832495	0.179209397931	0.111031490345201	0.130243926453349	0.14948125088725	0.0883669375363649	0.131015910731378
700109389	0.103680078607411	0.157161339383798	0.142796455796366	0	0.144720708873598	0.172837059074601	0.0930834835384558	0.18574589818899	0.142853072630161	0.170320041045783	0.142175622598075	0.144038101522194	0.170812196440154	0.149632284860157	0.144703742903481	0.131206277614348	0.17810890075934	0.177870920804795	0.13540142995835	0.100043003931714	0.106948808757908	0.144668880241064	0.104215618414944	0.111364769350548	0.106312934411635	0.115536223391315	0.178312304234652	0.158292506318124	0.141566510141095	0.167025221451077	0.168790260267223	0.134091438318061	0.133280427821657	0.161782164585994	0.11720226811617	0.118729178910523	0.162250821530074	0.166525785557568	0.122314183399834	0.171978139166708	0.13277718090272	0.157572443339686	0.151852136591082	0.139729475160803	0.148837385258892	0.135572670184532	0.155300811121889	0.153180486160758	0.151742962004002	0.140674300469094	0.114699655977488	0.100409091796479	0.0740957780272911	0.133130481641509	0.116599030039911	0.175126876042153	0.108544712381446	0.0936896233289662	0.117149897189372	0.112675603998639
700023058	0.124835378503761	0.130321523986773	0.140855733260207	0.144720708873598	0	0.143826935506457	0.124795934289956	0.161493115031779	0.113818111858666	0.141143241738512	0.131474290233516	0.144313976790076	0.146853843320408	0.128244089519855	0.131304606293492	0.130147980412285	0.137349700071315	0.145488350904397	0.123113003365498	0.130468312346476	0.124565576972944	0.133716988761514	0.118702159216731	0.129185173236961	0.136897936988897	0.107365343595743	0.150076675758726	0.146455216604663	0.122547672450064	0.134518897234578	0.144479644582263	0.14359925060229	0.11773601435158	0.131565477300101	0.111734276369166	0.126376669656083	0.114938895731704	0.142005438623316	0.0989454602011364	0.15119715555038	0.11587127743664	0.132776269379731	0.120759777568567	0.138351255749165	0.125568868349506	0.114029610258644	0.118202285732551	0.132198872375501	0.12794825897782	0.128009498826408	0.124986016535784	0.123081258430269	0.119063781861125	0.118141310321017	0.137779388337509	0.152374721373272	0.122941997731225	0.124529227564314	0.127606387255086	0.129173666625314
700023927	0.171911037686443	0.130016898925284	0.0743374142803919	0.172837059074601	0.143826935506457	0	0.159657374404721	0.116352048853492	0.165176993810134	0.0822750759400827	0.116977469703401	0.0927802458657071	0.100254074100762	0.109995884500488	0.0916975435392142	0.130625465026682	0.100561231657467	0.0685898423521678	0.157295376510104	0.154826513238467	0.144592996377241	0.111011076159943	0.138680369676309	0.155809422539489	0.146765183506908	0.164856476368205	0.147070052238727	0.168932600862561	0.124733562053761	0.0924420229486709	0.0751146721406553	0.128531729373518	0.115892003437622	0.0760092384453249	0.159506992596317	0.120447057660025	0.113393491717813	0.0633663868815859	0.159498526407477	0.116295640695793	0.150800480026159	0.0824724000766324	0.118762423587079	0.143903658430088	0.11096484440753	0.107114626622137	0.142326975843924	0.0993783938867088	0.0802308880886741	0.0911162352033267	0.11320135678726	0.179150024693046	0.160170353515428	0.127507788028074	0.188815467231893	0.108419399442663	0.138019456757442	0.164318286773875	0.105676199522745	0.148842251596612
700106341	0.0755091364601674	0.14683875719453	0.143267200410206	0.0930834835384558	0.124795934289956	0.159657374404721	0	0.186569348983975	0.0984651635916839	0.160126300372136	0.118837716003727	0.133419998386998	0.155550083953481	0.151384708251102	0.142409899811837	0.109702655124942	0.171380541938848	0.162546508405992	0.106704878248699	0.0742035679621701	0.0808639790895346	0.110606603455206	0.105567320263232	0.0979539578972457	0.0696113840029604	0.124012900184113	0.18362939062359	0.157958104985559	0.151885204793142	0.161793017860624	0.151447063246473	0.0907855756485056	0.112458503859715	0.147205943884725	0.12095502173213	0.0900495737573189	0.146382328685297	0.16652167812595	0.093625249750238	0.174938827796586	0.114219305395402	0.139925505292805	0.130371148803515	0.104929991383548	0.13953683631339	0.130611922116942	0.149320966547583	0.135730529552834	0.143874526893112	0.113864676167703	0.103997355684516	0.0759175514539748	0.0724615835313445	0.108558802494862	0.124542623895863	0.152127334630293	0.0904404494048497	0.0620624558993723	0.113520360367619	0.0659453059144833
700114221	0.193793208928213	0.129051196218708	0.113702700403241	0.18574589818899	0.161493115031779	0.116352048853492	0.186569348983975	0	0.197159924114833	0.0902028765657712	0.143826701132391	0.119122087548445	0.0881866715446104	0.163973395157375	0.101510404443399	0.165955689781082	0.0909309823003425	0.139779050186958	0.186231509682859	0.177023933393155	0.175566981542171	0.14492074513302	0.169954827631963	0.180192502739175	0.18257153557236	0.177779121525285	0.152554857485778	0.14312791775769	0.119212421433346	0.111721216094657	0.113340940791552	0.148088695039066	0.1291840748609	0.117536585104717	0.181971763070392	0.143785402026311	0.157125232173292	0.102795347044084	0.18146360997676	0.0843537350734548	0.166496676312896	0.094505636854671	0.155458880117613	0.145666287485907	0.105078842748007	0.130567636377361	0.132389822159637	0.0954809463266923	0.146361194214822	0.117215152473963	0.140465700647913	0.204685581646462	0.183085384115227	0.163007911003396	0.216845462848414	0.0912353708623827	0.154889056908922	0.200799431062323	0.128288639304208	0.173683385559307
700023543	0.0973496778837546	0.146273116249621	0.155069076053755	0.142853072630161	0.113818111858666	0.165176993810134	0.0984651635916839	0.197159924114833	0	0.164549369401741	0.122024279193911	0.153056059436024	0.165136981822346	0.148414318402228	0.154551120609076	0.101666784645789	0.172543291965074	0.169408115590555	0.0998270246127216	0.115300900818105	0.113094677551682	0.120942190147026	0.107996183584739	0.100721026344751	0.119880232298827	0.110904513073229	0.153856322165881	0.132686232843661	0.15800147900144	0.161052091546965	0.15548102801995	0.108734937632934	0.123621296641783	0.158235035171057	0.110832545341508	0.12355562231552	0.143461883133884	0.172249188030322	0.0902712189092766	0.185032834357666	0.116706054075244	0.156555081912294	0.142204919098282	0.110924444256574	0.154631089740915	0.134256866234698	0.125041179159691	0.151943157683802	0.155008014286324	0.131416216533986	0.127357737379562	0.0941546413585749	0.108809548449306	0.120909913745379	0.109540214962485	0.164958953008664	0.131159425488107	0.09902204607918	0.135076445835664	0.0993041889498162
700023439	0.169043585493322	0.117770400244248	0.0960517497796081	0.170320041045783	0.141143241738512	0.0822750759400827	0.160126300372136	0.0902028765657712	0.164549369401741	0	0.116511990835916	0.106218656258053	0.0806170913613013	0.130615355165668	0.0943101291112577	0.141243148791074	0.0788733599817619	0.107284411161309	0.155943050800673	0.157848042144335	0.14168911185529	0.123278491054897	0.142793076277079	0.153258598057924	0.155961516259739	0.164754866137599	0.143215079438596	0.14372524316517	0.114012973896515	0.0913481300719831	0.088584646645461	0.129503265544324	0.102148779945865	0.0874928132272329	0.161530990712163	0.117085211883054	0.122208603715356	0.0809244141868081	0.154871546714548	0.0873642348300015	0.141571933913662	0.0845564891673271	0.139594177265293	0.136544832146868	0.092248194392657	0.095564874538959	0.125220331993646	0.0781789811418436	0.109671554122351	0.101299392593766	0.122101168490621	0.177855679675688	0.162862050007269	0.126845143746318	0.193093781915437	0.0866450766914493	0.130202942257822	0.165592851548296	0.113073815538924	0.151015614503875
700016978	0.123502632685897	0.110589097697712	0.0939465091418292	0.142175622598075	0.131474290233516	0.116977469703401	0.118837716003727	0.143826701132391	0.122024279193911	0.116511990835916	0	0.101533809256209	0.105251370303576	0.128313925898635	0.126864768723637	0.102930948204675	0.123061228624397	0.118372399551961	0.118145004104227	0.112171382485851	0.108331773200835	0.0770137970736877	0.122843157916997	0.11406095936201	0.107570562093902	0.138316012128127	0.137923055672666	0.117651926702558	0.129532039751316	0.124977978418277	0.0941889880100184	0.0936926295667335	0.0777336757607229	0.1014770169243	0.139516209035245	0.087874153249394	0.114030697130449	0.13488401473298	0.110895364842222	0.142081288086564	0.11600216806042	0.103324870821455	0.105371351164063	0.106473842670665	0.108343816905769	0.118863356169573	0.127400012847806	0.0969520528825248	0.113264741161509	0.0978060446270614	0.0893963797534271	0.13968980863195	0.12271277841888	0.0967153400121577	0.151770285400536	0.114504852423995	0.115029138807515	0.122116438677726	0.0993730269197932	0.118286393137188
700024192	0.159949665587507	0.144749666856482	0.0647561445297736	0.144038101522194	0.144313976790076	0.0927802458657071	0.133419998386998	0.119122087548445	0.153056059436024	0.106218656258053	0.101533809256209	0	0.0865811632079984	0.145014561738569	0.0797027475181798	0.10628982659696	0.11888125971572	0.109260717438912	0.137987431608957	0.132218625710351	0.126434107670812	0.0867459714558143	0.131770150408489	0.143824587860725	0.120361312417699	0.154365946470039	0.157646022967987	0.145035392663147	0.13119699254273	0.115352038228719	0.0897977545903663	0.0878025842101823	0.0965092338056559	0.0953335608365646	0.157997458495944	0.108441312774417	0.137219704899204	0.0936516863220302	0.151570313623627	0.109725040707204	0.142178872593017	0.0726000830680475	0.142526106646895	0.115611663470972	0.0950420889481128	0.119723536260485	0.138294219352168	0.0799188395494437	0.123776469135049	0.065052259104098	0.0770928522050248	0.161691649465579	0.14437283075983	0.132416009685225	0.188526466963366	0.0925177781498469	0.119827306334629	0.146841078526287	0.0830292783394708	0.128162891124998
700113058	0.164780866439591	0.121607801616872	0.099668236563652	0.170812196440154	0.146853843320408	0.100254074100762	0.155550083953481	0.0881866715446104	0.165136981822346	0.0806170913613013	0.105251370303576	0.0865811632079984	0	0.139863564781816	0.0910982737284603	0.129776896414272	0.103419740846208	0.115950122923832	0.155812614091468	0.147219088417615	0.14294808231576	0.111773148928485	0.147152751885932	0.151615292740299	0.151805701099471	0.161007559881749	0.14704829824729	0.119437670293419	0.116261123704646	0.0995347008352383	0.083892261911347	0.119266761980589	0.100493323947878	0.088895292279132	0.166752028948089	0.123860221200063	0.127705819516729	0.106346134553727	0.15307525462274	0.085940250818126	0.141857831367126	0.0736509618666264	0.155126102447101	0.128394447408496	0.08883475739092	0.110539300030576	0.132411852766671	0.0731595297049383	0.119461071160162	0.0956556560336287	0.112996126887998	0.179760154408429	0.162232924990164	0.141738882828715	0.194066484775773	0.0701387974816732	0.128379206645994	0.169525606747944	0.104322037090998	0.14458462843541
700099448	0.152046607906656	0.123616437519309	0.119118064683886	0.149632284860157	0.128244089519855	0.109995884500488	0.151384708251102	0.163973395157375	0.148414318402228	0.130615355165668	0.128313925898635	0.145014561738569	0.139863564781816	0	0.128759211238454	0.140537730785875	0.128065977950859	0.124565593608489	0.135483058521586	0.138145006824046	0.133401804647784	0.139694988213086	0.106258759323735	0.14017414054868	0.144204927857699	0.127288238706511	0.128440631624865	0.152812528092268	0.121420630856845	0.108602388179989	0.12260434139605	0.143500798184166	0.124841602583007	0.105640341495472	0.128636162736258	0.126012687633613	0.119326068190404	0.12377111220472	0.129372985478397	0.155161097496124	0.142772938713218	0.126837803367968	0.126234063887475	0.15582859236942	0.12377755929651	0.117901448579349	0.133536815210203	0.133267533051926	0.0778844304607694	0.132166135900569	0.122909521546514	0.136944490039233	0.138365250094973	0.117788476338525	0.150493688022687	0.153490449627302	0.126792088991379	0.131798197251483	0.110215138498283	0.13716731374434
700109870	0.157380333367958	0.133833772466864	0.0838733547090011	0.144703742903481	0.131304606293492	0.0916975435392142	0.142409899811837	0.101510404443399	0.154551120609076	0.0943101291112577	0.126864768723637	0.0797027475181798	0.0910982737284603	0.128759211238454	0	0.130359463566842	0.102649244152814	0.118073360843229	0.15038468702059	0.133643652933916	0.127284525230787	0.111178025275925	0.121023008021387	0.146742867377088	0.13425982993428	0.151487256449698	0.146843483721336	0.149291512731476	0.113177563434907	0.0894300809654503	0.102444196548432	0.111421558730744	0.112215331700012	0.105806349142922	0.155769840461046	0.118152139137008	0.138244427752983	0.0777912323379184	0.148905750625329	0.0993479846120112	0.140543648634749	0.0666818535460472	0.148138194909012	0.127983458213963	0.095505345743815	0.108066183842887	0.130736029995453	0.0820077300344142	0.11374747329082	0.0801828532346743	0.103910565741788	0.155359452506733	0.136506889870676	0.134493859270116	0.179903840991247	0.0975189435082189	0.111187065832931	0.151010680784364	0.0878437949027987	0.125203262510204
700033928	0.106992830277963	0.142544861360764	0.112127303353319	0.131206277614348	0.130147980412285	0.130625465026682	0.109702655124942	0.165955689781082	0.101666784645789	0.141243148791074	0.102930948204675	0.10628982659696	0.129776896414272	0.140537730785875	0.130359463566842	0	0.149229349761932	0.123404857875128	0.0939492587447411	0.115274798852568	0.104093798755236	0.0947602663757049	0.108059617061202	0.0792029274840619	0.107002081650273	0.1154934826395	0.139792852933594	0.116830694028353	0.141588444082073	0.140057939159136	0.120905879635928	0.101865639664784	0.0964948742715271	0.121627264952816	0.119137213995199	0.118973785948676	0.119119878391353	0.141459928820858	0.112460965881196	0.160273926197142	0.0944797382851093	0.113756757259436	0.132931578215576	0.11727146367391	0.121175853288069	0.119590473985385	0.117474946115668	0.121564235825618	0.132078569807732	0.101637547766051	0.0889053522761027	0.119134229164608	0.111808705968973	0.117556985517521	0.130617513598899	0.131758224660271	0.122604370227525	0.104795836064991	0.107782712105146	0.10662637768166
700023693	0.174573071611514	0.116273342044162	0.103749719204382	0.17810890075934	0.137349700071315	0.100561231657467	0.171380541938848	0.0909309823003425	0.172543291965074	0.0788733599817619	0.123061228624397	0.11888125971572	0.103419740846208	0.128065977950859	0.102649244152814	0.149229349761932	0	0.112609910418533	0.164587657509396	0.163928119746759	0.147614050645012	0.127837212847914	0.14873224544715	0.166891172631509	0.167119322837157	0.167970341441477	0.137991939253122	0.152062972388348	0.108493343004991	0.10358123536273	0.0935962690544982	0.140342582619203	0.115285892331457	0.0958627322692453	0.164823868865717	0.130249325015858	0.124990251655632	0.105463939141168	0.158951623658529	0.0949848448641072	0.142404426778064	0.0864085565541148	0.133998754910065	0.147264238183056	0.0937261333318738	0.107314458676395	0.118196664192436	0.0899642483577769	0.106696331463432	0.111720833733313	0.130477949239861	0.186501855890147	0.167094293869336	0.116381301514598	0.198809164344377	0.112148672858026	0.134976953205674	0.180278434064893	0.124030799572406	0.157860065646807
700109627	0.162740053718569	0.137952330558281	0.0905429803462025	0.177870920804795	0.145488350904397	0.0685898423521678	0.162546508405992	0.139779050186958	0.169408115590555	0.107284411161309	0.118372399551961	0.109260717438912	0.115950122923832	0.124565593608489	0.118073360843229	0.123404857875128	0.112609910418533	0	0.149367448762489	0.153326153139425	0.147817235669454	0.114689371634112	0.14517634879982	0.143578619577926	0.144567717456669	0.165631103093187	0.143971482566953	0.163944918433537	0.144466926264898	0.105748320485866	0.0911688108108064	0.134626045386378	0.119892707307592	0.0987380133224384	0.162950413044164	0.133014672681846	0.103484553812754	0.0899091614841606	0.157820358881665	0.136646787275831	0.150876865200863	0.104632888718128	0.115998984450439	0.144068673709053	0.131442642383649	0.122689151840123	0.149355874773826	0.124460917704191	0.0954040800906668	0.110265737970899	0.114538448412391	0.180931205541288	0.16171897688174	0.127613309173216	0.182517723954629	0.124133491353979	0.145632448010634	0.167541037230288	0.124545186941527	0.152596834533329
700095416	0.0983726893152071	0.142389347230499	0.142013841313363	0.13540142995835	0.123113003365498	0.157295376510104	0.106704878248699	0.186231509682859	0.0998270246127216	0.155943050800673	0.118145004104227	0.137987431608957	0.155812614091468	0.135483058521586	0.15038468702059	0.0939492587447411	0.164587657509396	0.149367448762489	0	0.116309501864543	0.100401471220362	0.116627887473838	0.113929236216432	0.0884364588993222	0.108436202482703	0.108995914564983	0.150567258028296	0.134885470664414	0.140375043361066	0.158251112437266	0.142747453348718	0.112523117603912	0.109229175887988	0.141874175689698	0.114120442604639	0.114287378262765	0.116988754374016	0.157879359666752	0.0967962834432695	0.176319587354237	0.109599346398114	0.145703812277971	0.123752301625634	0.126032058096336	0.137937024009656	0.114799104637035	0.129862824840002	0.1411042854238	0.134962774474962	0.123415488230116	0.103242423023948	0.118194546241308	0.111859238496423	0.107148447231187	0.118053135319408	0.147941455078934	0.118958730118629	0.101826100159691	0.123215210232206	0.114211874175721
700110425	0.0958511826492613	0.139219718131597	0.136380345285969	0.100043003931714	0.130468312346476	0.154826513238467	0.0742035679621701	0.177023933393155	0.115300900818105	0.157848042144335	0.112171382485851	0.132218625710351	0.147219088417615	0.138145006824046	0.133643652933916	0.115274798852568	0.163928119746759	0.153326153139425	0.116309501864543	0	0.0765853945700052	0.115296183599974	0.0945537430897934	0.10493965216772	0.064589384223513	0.127667918296959	0.16796221352802	0.146088670922099	0.146044929885941	0.13924259678299	0.146701079054283	0.104696975973338	0.107261967411392	0.138962997984513	0.131072984229295	0.0867439458385875	0.14304563362078	0.159430708754665	0.107594774352945	0.167484993046219	0.120180339116237	0.130926870596709	0.130625071295897	0.0856630451379787	0.128662940218454	0.135039171659325	0.14195010703732	0.131074391188046	0.129744168263382	0.117383156774899	0.10485052914005	0.0813560866300605	0.0629966497893122	0.114427843893055	0.125341074207595	0.148486557360943	0.0728062759060724	0.0735048774264179	0.100145631403453	0.0816199900347881
700111580	0.0906264667250178	0.130958687167916	0.134458022294915	0.106948808757908	0.124565576972944	0.144592996377241	0.0808639790895346	0.175566981542171	0.113094677551682	0.14168911185529	0.108331773200835	0.126434107670812	0.14294808231576	0.133401804647784	0.127284525230787	0.104093798755236	0.147614050645012	0.147817235669454	0.100401471220362	0.0765853945700052	0	0.105760472644758	0.0984058957841746	0.0964358852271333	0.0696184869459886	0.131786497283279	0.163318705030584	0.15087503841484	0.127252402720452	0.148124384891836	0.13630928558952	0.0966624426122579	0.0950406400607815	0.138953268505495	0.129544482871024	0.0932218172964266	0.142101291532209	0.15045413331545	0.107053607374862	0.156207783027754	0.107709830137205	0.123475441947531	0.128228443361765	0.106508253299108	0.119872952752343	0.104582055808871	0.133450734509168	0.117895892618561	0.115291783644666	0.110273872301824	0.100807909916212	0.101314640005342	0.0873555173774006	0.0891995302488759	0.125781249141573	0.136267655657995	0.0688815381299725	0.0737376422515956	0.0917798918135957	0.0833737208287938
700111302	0.121450615392988	0.12143561615619	0.0914387813439866	0.144668880241064	0.133716988761514	0.111011076159943	0.110606603455206	0.14492074513302	0.120942190147026	0.123278491054897	0.0770137970736877	0.0867459714558143	0.111773148928485	0.139694988213086	0.111178025275925	0.0947602663757049	0.127837212847914	0.114689371634112	0.116627887473838	0.115296183599974	0.105760472644758	0	0.127025489149261	0.10232627272853	0.102210738690392	0.151555565303667	0.139777254061921	0.138943349938337	0.136476534353854	0.127773364560984	0.0983915881150402	0.0862296896789798	0.0777992832847869	0.101168388466662	0.144541916046525	0.0997584693328152	0.119358313423021	0.133919737712976	0.119252441860418	0.137727329533262	0.120726672928623	0.0997710645117657	0.113037192729925	0.112991909939082	0.11313755318044	0.121267073630677	0.141007003957256	0.0971926416012045	0.113591784994506	0.0676887928380391	0.0797709054378968	0.141531919123812	0.127831528396673	0.101053666736633	0.158792796800264	0.104390991357855	0.10821691404344	0.130572473207228	0.0903805685435235	0.113407454878488
700098605	0.107373199936634	0.122030773767546	0.124042073772813	0.104215618414944	0.118702159216731	0.138680369676309	0.105567320263232	0.169954827631963	0.107996183584739	0.142793076277079	0.122843157916997	0.131770150408489	0.147152751885932	0.106258759323735	0.121023008021387	0.108059617061202	0.14873224544715	0.14517634879982	0.113929236216432	0.0945537430897934	0.0984058957841746	0.127025489149261	0	0.105339137839686	0.110620124286099	0.113710645535269	0.138361527047693	0.127957037458488	0.131538060326175	0.13069836165156	0.138990714477061	0.114788044656187	0.119577076172842	0.131970780993124	0.107286253031658	0.110910171425806	0.123789315515907	0.13528046325014	0.100840333942788	0.153815081383328	0.115293691828583	0.134723410583723	0.12820084132978	0.116905491224941	0.139484633211844	0.115076779738446	0.118697152517119	0.13644987522494	0.122494141128175	0.117662202597349	0.106864324497424	0.0971115303333388	0.0862278809501405	0.107595119602907	0.108390213895141	0.148949939343703	0.113610351406792	0.091814216670105	0.1117393551539	0.0814659679201722
700111991	0.0748997222969042	0.145367585092758	0.139861954371909	0.111364769350548	0.129185173236961	0.155809422539489	0.0979539578972457	0.180192502739175	0.100721026344751	0.153258598057924	0.11406095936201	0.143824587860725	0.151615292740299	0.14017414054868	0.146742867377088	0.0792029274840619	0.166891172631509	0.143578619577926	0.0884364588993222	0.10493965216772	0.0964358852271333	0.10232627272853	0.105339137839686	0	0.107537152667006	0.108277958871688	0.148254618237564	0.126148197987325	0.139117027721999	0.155936202496309	0.143216647863427	0.117095867333537	0.112113119962855	0.138258470581254	0.11190072156657	0.109745174565039	0.124067019180782	0.160736851311363	0.102245406869578	0.173011162610013	0.0975306819640338	0.147943329408814	0.127651279129052	0.126681890227887	0.141223687156616	0.118786258779079	0.119679941545527	0.139686876763553	0.1326889078214	0.125143293594533	0.106823637847815	0.102127490374701	0.0954639693969654	0.102367789603115	0.106243815715999	0.149324958982524	0.114324483342654	0.0863100282353037	0.12106996097945	0.107230887595185
700108960	0.0946001526056947	0.145641817713556	0.129945115497169	0.106312934411635	0.136897936988897	0.146765183506908	0.0696113840029604	0.18257153557236	0.119880232298827	0.155961516259739	0.107570562093902	0.120361312417699	0.151805701099471	0.144204927857699	0.13425982993428	0.107002081650273	0.167119322837157	0.144567717456669	0.108436202482703	0.064589384223513	0.0696184869459886	0.102210738690392	0.110620124286099	0.107537152667006	0	0.143147184607462	0.177692784050862	0.159667495009745	0.148458080651782	0.147029799825334	0.144411314336512	0.0912013150850985	0.104337723147951	0.14156300176661	0.137120874319884	0.0911243132589607	0.144430146021525	0.155167392177624	0.109897740189195	0.171400680382426	0.130244454747351	0.12638373290239	0.130840528892022	0.0982526876353786	0.132705789113528	0.131813589958071	0.160154122801179	0.135635513787899	0.129379743631233	0.103165855119735	0.0920560238840262	0.0930992148509606	0.0717697461335331	0.101429668822149	0.126743518175558	0.146416859590072	0.0781740356993328	0.0734537039110583	0.0921865510590427	0.0789029094560371
700024452	0.116245387739548	0.146870367485703	0.147937931508565	0.115536223391315	0.107365343595743	0.164856476368205	0.124012900184113	0.177779121525285	0.110904513073229	0.164754866137599	0.138316012128127	0.154365946470039	0.161007559881749	0.127288238706511	0.151487256449698	0.1154934826395	0.167970341441477	0.165631103093187	0.108995914564983	0.127667918296959	0.131786497283279	0.151555565303667	0.113710645535269	0.108277958871688	0.143147184607462	0	0.149511176810114	0.121595760838784	0.112455480915668	0.15264215103953	0.160725553528812	0.139530996106093	0.130654781654894	0.152099869885006	0.062066643312165	0.126482452051459	0.14592358642448	0.166712662817382	0.0968495841205108	0.1668925132798	0.119245205918205	0.15404332183201	0.144082396056226	0.13729038848249	0.139147482729845	0.111678869530517	0.11413402598707	0.1514170361107	0.148104874849048	0.145676497617916	0.126759562950343	0.100650104117943	0.106652689403593	0.13676105652884	0.109996158098996	0.164108206456304	0.134384214388742	0.119095136013751	0.127652648351478	0.137100451582858
700032931	0.160826262614956	0.111597155894563	0.137717239073078	0.178312304234652	0.150076675758726	0.147070052238727	0.18362939062359	0.152554857485778	0.153856322165881	0.143215079438596	0.137923055672666	0.157646022967987	0.14704829824729	0.128440631624865	0.146843483721336	0.139792852933594	0.137991939253122	0.143971482566953	0.150567258028296	0.16796221352802	0.163318705030584	0.139777254061921	0.138361527047693	0.148254618237564	0.177692784050862	0.149511176810114	0	0.133256517982262	0.147618004871059	0.141599969150195	0.136782815680716	0.151369134626083	0.144499838973206	0.136078111181492	0.159915107939852	0.150067754738583	0.126314735584484	0.140018768777842	0.142788154259922	0.155972068824003	0.145745252976597	0.150717206563286	0.14841201682406	0.148099627886928	0.152569147484366	0.145420503409402	0.122882876875373	0.139877683053621	0.12599106834594	0.142312465692296	0.146768576693655	0.176025720405487	0.169522716280379	0.125816346256139	0.161318291901264	0.152461887520221	0.163460714853731	0.17535025046126	0.141295053775423	0.162754048283821
700095837	0.144281153044603	0.130313955353223	0.144747729590317	0.158292506318124	0.146455216604663	0.168932600862561	0.157958104985559	0.14312791775769	0.132686232843661	0.14372524316517	0.117651926702558	0.145035392663147	0.119437670293419	0.152812528092268	0.149291512731476	0.116830694028353	0.152062972388348	0.163944918433537	0.134885470664414	0.146088670922099	0.15087503841484	0.138943349938337	0.127957037458488	0.126148197987325	0.159667495009745	0.121595760838784	0.133256517982262	0	0.118399654152389	0.138150947467973	0.139513019538956	0.13870278598207	0.126971895084257	0.133639238892464	0.133334780291581	0.136694032651224	0.13662797654119	0.162474562119381	0.130601137934385	0.142080414074128	0.127383943300154	0.138548982099548	0.153424297066454	0.130444261419069	0.127142586124897	0.134795268534219	0.116945248714184	0.128086522359249	0.154937078986966	0.141256766768196	0.135305913755156	0.148507079359545	0.145604834354016	0.148262617802878	0.149365934232664	0.133107086498479	0.150935997255997	0.152074603959923	0.135917347306049	0.143478095039313
700024548	0.142636934097796	0.117546415383325	0.128390024878608	0.141566510141095	0.122547672450064	0.124733562053761	0.151885204793142	0.119212421433346	0.15800147900144	0.114012973896515	0.129532039751316	0.13119699254273	0.116261123704646	0.121420630856845	0.113177563434907	0.141588444082073	0.108493343004991	0.144466926264898	0.140375043361066	0.146044929885941	0.127252402720452	0.136476534353854	0.131538060326175	0.139117027721999	0.148458080651782	0.112455480915668	0.147618004871059	0.118399654152389	0	0.112466960093272	0.118939361986221	0.148814432229961	0.115900902129641	0.11641480628407	0.11161247185899	0.114048422957969	0.141136678554263	0.123845691211806	0.132276620597854	0.115187799434254	0.117628439231222	0.103220028756695	0.14234308329093	0.149126143404037	0.0896532580793224	0.0867599486305226	0.120596806384558	0.109992861532193	0.115965953185427	0.125086526365722	0.124975943774846	0.154506292084059	0.138051923268867	0.130767333320799	0.154985522628841	0.124463315139977	0.123075799232499	0.149235913666166	0.114659638933047	0.152187354904527
700110161	0.16790956554092	0.127541488996542	0.101570090295666	0.167025221451077	0.134518897234578	0.0924420229486709	0.161793017860624	0.111721216094657	0.161052091546965	0.0913481300719831	0.124977978418277	0.115352038228719	0.0995347008352383	0.108602388179989	0.0894300809654503	0.140057939159136	0.10358123536273	0.105748320485866	0.158251112437266	0.13924259678299	0.148124384891836	0.127773364560984	0.13069836165156	0.155936202496309	0.147029799825334	0.15264215103953	0.141599969150195	0.138150947467973	0.112466960093272	0	0.0899196626709693	0.136239657461247	0.124023608623425	0.0905878782350435	0.152383003268959	0.133156455212485	0.120534332257091	0.0982950104795567	0.150804021377962	0.12062349445619	0.152095820855236	0.0876771213674772	0.131562570005351	0.136089810015305	0.108983931466731	0.11675773257702	0.137412873975178	0.107520232413806	0.100680289919432	0.110933380074915	0.127262306523644	0.166215707104525	0.150958947807507	0.133248296252099	0.18284546353535	0.110714385835156	0.12555604618302	0.159601440711059	0.109928147490535	0.148253664944086
700023496	0.163819360292841	0.109848659450145	0.0871107526938722	0.168790260267223	0.144479644582263	0.0751146721406553	0.151447063246473	0.113340940791552	0.15548102801995	0.088584646645461	0.0941889880100184	0.0897977545903663	0.083892261911347	0.12260434139605	0.102444196548432	0.120905879635928	0.0935962690544982	0.0911688108108064	0.142747453348718	0.146701079054283	0.13630928558952	0.0983915881150402	0.138990714477061	0.143216647863427	0.144411314336512	0.160725553528812	0.136782815680716	0.139513019538956	0.118939361986221	0.0899196626709693	0	0.116138047398734	0.0942888593306606	0.0838712640713974	0.15517464378911	0.11496735563852	0.116689701378384	0.104139235300888	0.147826883037083	0.102314727535128	0.135276107581027	0.078920767723469	0.124999894669131	0.123801317810084	0.0959446894514816	0.107521524839368	0.126390280518097	0.0797675514961275	0.0975501671509622	0.0916024925952192	0.110777065740662	0.170799618878202	0.154178886486688	0.118793830650254	0.187476501567941	0.0868648529190039	0.129714881646578	0.15897289810084	0.112937000279191	0.146673739440472
700034628	0.126777865163944	0.130082706951111	0.0986727586503591	0.134091438318061	0.14359925060229	0.128531729373518	0.0907855756485056	0.148088695039066	0.108734937632934	0.129503265544324	0.0936926295667335	0.0878025842101823	0.119266761980589	0.143500798184166	0.111421558730744	0.101865639664784	0.140342582619203	0.134626045386378	0.112523117603912	0.104696975973338	0.0966624426122579	0.0862296896789798	0.114788044656187	0.117095867333537	0.0912013150850985	0.139530996106093	0.151369134626083	0.13870278598207	0.148814432229961	0.136239657461247	0.116138047398734	0	0.0978168606563556	0.118642219796587	0.14433957396972	0.0813010964053563	0.144391452187686	0.124795120710525	0.126919573535723	0.138209568344975	0.139549466123481	0.103364001550662	0.138158210668799	0.0749767901270223	0.11370219504769	0.125382022165916	0.137345113860611	0.0977854650545235	0.127898667868344	0.074094288669807	0.0934618331953143	0.120505752626414	0.11126978188258	0.11410137426578	0.15753775057043	0.111088605235169	0.10827580792072	0.103202658016517	0.0830710454461089	0.0784866612136255
700023645	0.113789782720666	0.112012869629977	0.10096559029685	0.133280427821657	0.11773601435158	0.115892003437622	0.112458503859715	0.1291840748609	0.123621296641783	0.102148779945865	0.0777336757607229	0.0965092338056559	0.100493323947878	0.124841602583007	0.112215331700012	0.0964948742715271	0.115285892331457	0.119892707307592	0.109229175887988	0.107261967411392	0.0950406400607815	0.0777992832847869	0.119577076172842	0.112113119962855	0.104337723147951	0.130654781654894	0.144499838973206	0.126971895084257	0.115900902129641	0.124023608623425	0.0942888593306606	0.0978168606563556	0	0.093848678288431	0.130783317859507	0.0771844432865003	0.11762756548729	0.127908857489911	0.113120854935401	0.11772802505411	0.10920839064386	0.0915159143393826	0.106715269021806	0.104756996215061	0.0920313023439101	0.0981045862734466	0.115752806052497	0.0837963643714443	0.114636828224499	0.078849360709085	0.0699091956439096	0.136323170767323	0.118127470518002	0.105932424359673	0.151833066300172	0.0998874942943663	0.0957039652032655	0.116779995345968	0.0879214241897447	0.113734188178012
700038744	0.155440240565196	0.109351722279608	0.0784807555206453	0.161782164585994	0.131565477300101	0.0760092384453249	0.147205943884725	0.117536585104717	0.158235035171057	0.0874928132272329	0.1014770169243	0.0953335608365646	0.088895292279132	0.105640341495472	0.105806349142922	0.121627264952816	0.0958627322692453	0.0987380133224384	0.141874175689698	0.138962997984513	0.138953268505495	0.101168388466662	0.131970780993124	0.138258470581254	0.14156300176661	0.152099869885006	0.136078111181492	0.133639238892464	0.11641480628407	0.0905878782350435	0.0838712640713974	0.118642219796587	0.093848678288431	0	0.153314370398967	0.106462558577524	0.105576546884609	0.0904606760118366	0.147950251252899	0.109820732243106	0.143494617455216	0.0815768336245592	0.107983730877574	0.131202445266942	0.0891655016460224	0.10399004322886	0.128634630849353	0.084722947375852	0.0839322102011241	0.0902589170521666	0.0995686244767652	0.169126700630907	0.153334736234247	0.114573669623574	0.182913895227172	0.0960496338283782	0.133554104305768	0.153447115168528	0.103339228214071	0.144550255307489
700038485	0.114994497757967	0.142743240945025	0.148491176669056	0.11720226811617	0.111734276369166	0.159506992596317	0.12095502173213	0.181971763070392	0.110832545341508	0.161530990712163	0.139516209035245	0.157997458495944	0.166752028948089	0.128636162736258	0.155769840461046	0.119137213995199	0.164823868865717	0.162950413044164	0.114120442604639	0.131072984229295	0.129544482871024	0.144541916046525	0.107286253031658	0.11190072156657	0.137120874319884	0.062066643312165	0.159915107939852	0.133334780291581	0.11161247185899	0.152383003268959	0.15517464378911	0.14433957396972	0.130783317859507	0.153314370398967	0	0.125922219182135	0.139571246441764	0.165834478689601	0.103412159173046	0.166784770501612	0.120004299988648	0.156068378714517	0.144296602311035	0.141076678765217	0.141711760423385	0.109535054727433	0.121159662703052	0.159398257394459	0.145859924463805	0.14857731603243	0.125804710923905	0.103042173703499	0.105532461252035	0.129939699089841	0.104229089707561	0.169692788581122	0.137133796618655	0.116740331966308	0.13231673721536	0.132213058808288
700024743	0.114224214949114	0.108698343254821	0.103417533838192	0.118729178910523	0.126376669656083	0.120447057660025	0.0900495737573189	0.143785402026311	0.12355562231552	0.117085211883054	0.087874153249394	0.108441312774417	0.123860221200063	0.126012687633613	0.118152139137008	0.118973785948676	0.130249325015858	0.133014672681846	0.114287378262765	0.0867439458385875	0.0932218172964266	0.0997584693328152	0.110910171425806	0.109745174565039	0.0911243132589607	0.126482452051459	0.150067754738583	0.136694032651224	0.114048422957969	0.133156455212485	0.11496735563852	0.0813010964053563	0.0771844432865003	0.106462558577524	0.125922219182135	0	0.135824576678553	0.128270624860321	0.10816778329953	0.134022113842457	0.123239188420455	0.106829365176348	0.121164238730004	0.0876477978589779	0.0999154558412544	0.113716340796172	0.132581030729202	0.0969376956503036	0.113804650345695	0.0921333623606847	0.0871643729465259	0.108578762749037	0.098167959473551	0.0994158721794632	0.130767642581705	0.123621956539071	0.0965976153444441	0.090713814013449	0.0865113932470216	0.0939638788494707
