700108602	700014971	700033565	700109389	700023058	700023927	700106341	700114221	700023543	700023439	700016978	700024192	700113058	700099448	700109870	700033928	700023693	700109627	700095416	700110425	700111580	700111302	700098605	700111991	700108960	700024452	700032931	700095837	700024548	700110161	700023496	700034628	700023645	700038744	700038485	700024743	700099596	700110760	700101587	700106399	700032322	700095653	700021312	700101230	700023590	700038905	700033136	700023382	700096424	700105469	700016908	700096053	700108479	700109569	700033814	700016125	700109756	700102665	700101777	700109455
700108602	0	0.158518809501226	0.161789755538037	0.101542780329301	0.124162949382863	0.165038749681533	0.0867376764475236	0.192712905314158	0.113324697946476	0.163784934888344	0.123078356648218	0.159717620492022	0.165923993065843	0.147780154338151	0.16764745955715	0.119524627034529	0.172143841527941	0.150295430933471	0.0814241136421525	0.10031144549063	0.0924249697908122	0.121712486509184	0.110781329237935	0.0734097876882217	0.0944427420460154	0.110243369442484	0.154466665487242	0.126425445277996	0.147874055760846	0.161398175995458	0.158269173185947	0.123995123721035	0.124906032439839	0.160348912042867	0.132600928483267	0.120669833871042	0.134585167656885	0.177540449395239	0.0880485763852974	0.181962342935974	0.106540690247877	0.154303929175827	0.150156669023079	0.129860650195949	0.148916506907492	0.12402150780825	0.122390476292872	0.149636119464405	0.149656467770881	0.136673793019598	0.11911134816687	0.0949307564674493	0.0991517745179862	0.112451736784052	0.0992050466434205	0.160186188049324	0.102881007560049	0.0822703673193567	0.135958635156174	0.100338044926544
700014971	0.158518809501226	0	0.141218980426263	0.162602618343353	0.128083495736937	0.142949660441624	0.16055217893832	0.137393291032392	0.161831778564437	0.127676272929521	0.125327796607965	0.15415648360145	0.130518329516418	0.126563270542836	0.145335265995904	0.136080525730062	0.11849700815363	0.140323291698745	0.155585278528749	0.145431906406905	0.143553320626959	0.133218497143204	0.136665700302441	0.157921690346344	0.161593097916966	0.148437335892761	0.120736768706401	0.13086680037646	0.119621743432348	0.123180271059501	0.123313629571754	0.142437761833471	0.122990210539154	0.123296417406076	0.148845837044204	0.131131162151142	0.144856577115922	0.158658628573966	0.149969171185233	0.134884236759912	0.136767321610301	0.135801876090217	0.135163685379063	0.136382056741448	0.119700305108452	0.134218918429656	0.110564812197766	0.127908958626931	0.127228338195989	0.141572309089771	0.136221662689193	0.161477819586358	0.148295660403418	0.121234189086223	0.174084109349093	0.137551400935389	0.144167479362973	0.15875349652604	0.135850650722092	0.154122253559783
700033565	0.161789755538037	0.141218980426263	0	0.148912792582126	0.147248508290445	0.0701862537473723	0.139720842367717	0.11304749259856	0.16335940401308	0.0950209678821068	0.0953417761486325	0.0606783299118995	0.109126564453957	0.125979842225419	0.0900712216940405	0.117545871963158	0.10556137037678	0.0926790214924592	0.144504921915086	0.14345632990474	0.137697502567644	0.0908548307554199	0.133592650131467	0.142475611112959	0.132734667529934	0.161614304136602	0.141154385029248	0.145070809137448	0.122801870936035	0.107881068068709	0.0928619934536933	0.108134942560888	0.11122020223171	0.0872848036692747	0.149474483265568	0.109099256789023	0.133081770523802	0.0913077475288796	0.162317280001659	0.114009528694587	0.14503729020295	0.085284354821069	0.125152535709393	0.126318700345131	0.114646105859859	0.123049743201431	0.137292698591097	0.0881058033126687	0.113098081505688	0.0865672384722735	0.0766519564022401	0.163162917279949	0.148728194326497	0.118312405496456	0.180566519189751	0.118024841290673	0.126842687028165	0.15078911000183	0.0837912347937325	0.138649218639263
700109389	0.101542780329301	0.162602618343353	0.148912792582126	0	0.136096175278112	0.171438243968864	0.0870316248334131	0.192359129137866	0.146049435156394	0.169412198643838	0.13866192266156	0.148975514396063	0.169025783488687	0.157978189498401	0.15135298244378	0.142362045466203	0.179545964233876	0.171311863764129	0.125838083733817	0.0927977040879729	0.103651102439246	0.142009225288153	0.0996124443396962	0.115582923562189	0.102121196354834	0.116933826524178	0.179925631174693	0.156015128575895	0.1383040136637	0.158846552895425	0.175227001284758	0.137244917977825	0.140581324448175	0.163539957903761	0.126399303390395	0.109425148703847	0.169660597744475	0.172645291362279	0.126309304544585	0.162453149953894	0.140781706041717	0.158191636568621	0.163167082480604	0.13074304315486	0.153781409819928	0.135120382645642	0.146888546884911	0.156320220854235	0.16229273344134	0.140516293614622	0.12039337937355	0.102821849130657	0.0692056056444134	0.148198763341828	0.115154621082083	0.173667213651953	0.105315955594394	0.0817198545239954	0.117460162468172	0.0983797144732878
700023058	0.124162949382863	0.128083495736937	0.147248508290445	0.136096175278112	0	0.147716614307456	0.120756713757484	0.163745248026126	0.131751610437407	0.138379984179407	0.119907444240785	0.152199273403151	0.140592844634638	0.120173268887922	0.147510418408072	0.120753545422956	0.147921690992901	0.13756830512468	0.115652982931884	0.120055110428063	0.125066865502431	0.129425814837759	0.120912415580724	0.127458824281938	0.136230253635381	0.104915877722859	0.153657578029378	0.12754769213402	0.12503803876853	0.129201130266178	0.14093142219593	0.145259729784879	0.118414211311488	0.134974128208017	0.102954741770584	0.131047794460605	0.121510882653719	0.145706516688432	0.109735758470891	0.14848957666574	0.117443933449128	0.136561579042751	0.122401505434869	0.134946587344306	0.131662560528153	0.110654787775614	0.109447810789451	0.13375536545075	0.12762791910689	0.143372975770345	0.128218333655815	0.118061766000531	0.120828223834874	0.116899445041868	0.132566533987792	0.152128911816629	0.118736638865278	0.126825150602923	0.126584329360494	0.126307027110297
700023927	0.165038749681533	0.142949660441624	0.0701862537473723	0.171438243968864	0.147716614307456	0	0.154870784238364	0.120305085623475	0.172062373706673	0.101362107648834	0.114240722526111	0.0928422389975517	0.112766608908328	0.104873005258046	0.0938649178208322	0.131030849894586	0.103176482040199	0.0733588134437702	0.157672147548147	0.152446808094598	0.145100384971139	0.112947128963331	0.139968515876672	0.154532404361141	0.141266380925367	0.172714151841164	0.141493619400491	0.159211492279422	0.127276318273518	0.0963176489067023	0.077807708417919	0.125073048223842	0.123570567398426	0.078428715550931	0.163329816221621	0.126492973770893	0.124053445784039	0.0729137114007998	0.168888921000939	0.117732866375749	0.15531464398675	0.0881447405216948	0.122841500643859	0.142022620573816	0.118282114861215	0.119352983197295	0.136782344170578	0.0978511351693145	0.0852810774357247	0.0920199983491145	0.105486337224934	0.169687278901745	0.165358317931597	0.112268935311161	0.18913528132353	0.118137908434593	0.133017848876302	0.16121069468023	0.105096174037806	0.149722393844923
700106341	0.0867376764475236	0.16055217893832	0.139720842367717	0.0870316248334131	0.120756713757484	0.154870784238364	0	0.191297871141879	0.0965427210677635	0.165359656557853	0.121934454751013	0.132939344204856	0.163768644331539	0.143817881028261	0.151314815252225	0.12370879819504	0.169694062975088	0.160041184097567	0.106673931690382	0.0817497254008569	0.0831234301094775	0.116585655014778	0.1055991218611	0.103834062660805	0.0683123414857236	0.118404044075961	0.180751270167642	0.157942722275968	0.14738458710608	0.155378536747102	0.155900048668586	0.0894185421732595	0.12082125790492	0.14784463705269	0.128134128798342	0.0824288673750338	0.157388713320145	0.167132634097807	0.0916826448819007	0.170240569292761	0.134298287817082	0.142436131110218	0.140540231638027	0.0980610090268129	0.144544273724287	0.133379261772541	0.134887519533449	0.139421344681277	0.150979211350539	0.116064424141466	0.113537577135387	0.0684955783755316	0.0799018524380746	0.127332435612792	0.122279849513973	0.158482375594364	0.0891414914443111	0.0588763481283179	0.114507971820968	0.0668458633352924
700114221	0.192712905314158	0.137393291032392	0.11304749259856	0.192359129137866	0.163745248026126	0.120305085623475	0.191297871141879	0	0.196857757172325	0.0712756152462008	0.137650278683683	0.12083797260507	0.0919632903160632	0.152561382444246	0.109415529612792	0.156328129082528	0.0826509412150941	0.141015913007542	0.179719348720236	0.177826085049325	0.172026096076899	0.139720574115844	0.170443107029007	0.18304897947106	0.187238453350924	0.18867876941189	0.135655048266362	0.150789019559039	0.120979670157731	0.12803389199801	0.125661661934891	0.156810304778426	0.13046226496516	0.117585027841746	0.174867782405394	0.147123488002631	0.160603009524846	0.0995978580154233	0.188896593644606	0.100063068983773	0.151984613491666	0.0971413291108952	0.158217573855261	0.158965625358827	0.112445724083111	0.1393576885183	0.135458931640721	0.0976409447109782	0.146011009071588	0.130990893483969	0.141618001715969	0.200122934965722	0.184916598034067	0.145027287476014	0.219562623238763	0.106971686288659	0.156430958044451	0.196291948136507	0.134209177687307	0.181939989806706
700023543	0.113324697946476	0.161831778564437	0.16335940401308	0.146049435156394	0.131751610437407	0.172062373706673	0.0965427210677635	0.196857757172325	0	0.164331574927198	0.128407924169905	0.158498598337526	0.170396425183144	0.156719642193588	0.170809146673032	0.119438756783924	0.172753571088163	0.158485964582815	0.108619021958863	0.126049608851986	0.1156565784787	0.126114029006226	0.119186866417012	0.122667957882385	0.11874417365905	0.122456844904974	0.153127269805234	0.144008120824873	0.170412991176323	0.161342053574994	0.162599413994645	0.100358696215068	0.128003235909953	0.167426948425012	0.123336277507204	0.125442413137628	0.147492335740354	0.18299774896626	0.0920147039700954	0.189706824736138	0.128870185265972	0.15567117125096	0.1527283792386	0.101206474614426	0.165982158211099	0.143891754864737	0.124203322212942	0.155954389965733	0.165526487586415	0.128484417670521	0.1306213387417	0.096478961368459	0.119894022473458	0.13466646370351	0.12178594022779	0.159784341878194	0.130943112848588	0.10470994079715	0.140854951611672	0.105798392681878
700023439	0.163784934888344	0.127676272929521	0.0950209678821068	0.169412198643838	0.138379984179407	0.101362107648834	0.165359656557853	0.0712756152462008	0.164331574927198	0	0.109490677203144	0.104409779075368	0.087397444949175	0.129740439127224	0.0948474652032159	0.135838919100582	0.0770041984049656	0.109074104012108	0.151530255261711	0.151332774998451	0.137778510804094	0.111048716012704	0.138202324900217	0.158218509173264	0.158225823642804	0.163190557251182	0.136375816536939	0.136093673053285	0.108597525464066	0.101147965421779	0.102999629283515	0.124554215654316	0.104203637922685	0.0998199564450874	0.158601592750835	0.120332185158383	0.141015244419415	0.0881713205208218	0.164882941822324	0.0849003898637889	0.128973821123527	0.0801601674987147	0.144411731649833	0.132730192889883	0.0911080980176559	0.111194817240107	0.121655378372324	0.0791953091783902	0.121750687859435	0.11154618087049	0.116597500714917	0.168147759012421	0.161158399246663	0.128050203969572	0.186086043202767	0.09955121555705	0.12582069348015	0.16727103226891	0.100678413033313	0.154629370836328
700016978	0.123078356648218	0.125327796607965	0.0953417761486325	0.13866192266156	0.119907444240785	0.114240722526111	0.121934454751013	0.137650278683683	0.128407924169905	0.109490677203144	0	0.0938054399483198	0.114353211040045	0.133371516309625	0.129595265558303	0.0997764135456207	0.120497517794465	0.104268092173268	0.11266766123395	0.117811078989583	0.106392270650076	0.0773351561418111	0.124157935334809	0.123979641721252	0.10733377454206	0.136286312123407	0.138995978060504	0.118750581836103	0.124979332148062	0.116439273227636	0.10029497416516	0.0938321200270125	0.0901777050515141	0.101299512290759	0.134073047381706	0.0869343784959266	0.121606756934197	0.134199443238807	0.119611415654594	0.136411828833513	0.109517632261854	0.0914350154821544	0.111241343710935	0.103056825252905	0.103807800329327	0.115753163534289	0.116118528063696	0.0914316350990907	0.114598640959051	0.0947211625895127	0.0921775215601708	0.139101871832612	0.122969736076981	0.0866482079292348	0.147812504507921	0.112324874789671	0.105593216489137	0.128385825788544	0.0935868138150837	0.127223280763171
700024192	0.159717620492022	0.15415648360145	0.0606783299118995	0.148975514396063	0.152199273403151	0.0928422389975517	0.132939344204856	0.12083797260507	0.158498598337526	0.104409779075368	0.0938054399483198	0	0.104580068307259	0.143733647202738	0.089481740313979	0.116399275761907	0.120980762008423	0.113369439414342	0.143872865408684	0.137772779707662	0.128737685504116	0.0844101293858095	0.132024906210496	0.158306306578389	0.126088878653213	0.161307344632118	0.147652387283178	0.142706730256197	0.124693418481351	0.119034675999253	0.109724459180563	0.0953527860051451	0.101293410575273	0.086137090249499	0.158163872920001	0.102044837424727	0.14626659129281	0.0993693227929009	0.162504414914845	0.10417036446899	0.144805836409383	0.0701210826037942	0.145567000131822	0.114491033641697	0.101615375031554	0.12181156428	0.143112255801316	0.0762491586386659	0.136571858768812	0.0707950392430703	0.0787066927547517	0.158290562423051	0.144813686482028	0.128240013710732	0.191525471742017	0.0987916884959849	0.118389640285744	0.145589621334337	0.0857872506009828	0.133578422221521
700113058	0.165923993065843	0.130518329516418	0.109126564453957	0.169025783488687	0.140592844634638	0.112766608908328	0.163768644331539	0.0919632903160632	0.170396425183144	0.087397444949175	0.114353211040045	0.104580068307259	0	0.131452952405396	0.0909252738768891	0.137610770686782	0.106929107608019	0.122374436077066	0.158095404122554	0.146138596881327	0.1414288270228	0.11490206372534	0.146421073242655	0.16460596706624	0.157672415917538	0.165052211402504	0.138060012338257	0.117903950498782	0.103650354211654	0.0951016292776636	0.116139138871241	0.129588834978572	0.111973094871779	0.103430832645503	0.163035870271927	0.134329273349032	0.143056355660691	0.120203532656502	0.159387744044479	0.097571252150948	0.139787076591756	0.080538933378183	0.165786665144316	0.136035606891626	0.0919813766475267	0.121198572573454	0.13488269116282	0.0878614170615458	0.127281687062756	0.109433894018642	0.123679111967021	0.173227441256271	0.160438228838318	0.13956069999964	0.196587043404825	0.085083603101587	0.1270647508093	0.170241096581082	0.108887576901868	0.154286037779394
700099448	0.147780154338151	0.126563270542836	0.125979842225419	0.157978189498401	0.120173268887922	0.104873005258046	0.143817881028261	0.152561382444246	0.156719642193588	0.129740439127224	0.133371516309625	0.143733647202738	0.131452952405396	0	0.123966879850285	0.131556581213683	0.118389602584526	0.117253854548242	0.141129827966302	0.135713043406799	0.130411472116183	0.133070347781726	0.109688079258282	0.134827337216913	0.145096873726675	0.127243318830581	0.133079471711034	0.145488254644209	0.116474056306923	0.0996308318221977	0.11679913407745	0.139555361779386	0.127136483233833	0.104643913781402	0.132761738854026	0.136499189971412	0.119069293268053	0.118390563847233	0.13897331485447	0.136520838425988	0.144076136093031	0.124617332528087	0.112549993493012	0.147509798672109	0.130550035623613	0.115548098513749	0.120720291744996	0.127796630552256	0.087024285892676	0.131911556067509	0.116315032372607	0.133485417978909	0.148100807997083	0.102902990322245	0.149975580592614	0.143705053401174	0.123046165299274	0.139291615368385	0.108896328125727	0.138736422145654
700109870	0.16764745955715	0.145335265995904	0.0900712216940405	0.15135298244378	0.147510418408072	0.0938649178208322	0.151314815252225	0.109415529612792	0.170809146673032	0.0948474652032159	0.129595265558303	0.089481740313979	0.0909252738768891	0.123966879850285	0	0.141435971069837	0.106111841105039	0.125177497537021	0.161688477379134	0.142775557215963	0.137285878745052	0.118339146366409	0.128426908131453	0.168835667199626	0.146911900277461	0.164756565343146	0.135658980254253	0.147731623139289	0.105052566756	0.0985811971866631	0.121814532235142	0.122468746337059	0.128048805718371	0.107181579301701	0.161248509058248	0.126600793572557	0.153546228290429	0.0833137027852386	0.16935320616887	0.0856806409612521	0.154476468511462	0.0816212175008541	0.159820996624335	0.133424977218358	0.103602825326948	0.113744671274389	0.136788117369963	0.0852054194135039	0.124833075539245	0.0895718339323912	0.108073625995451	0.165103488110839	0.148274091308693	0.139851050655299	0.187605409452673	0.107415971331988	0.119668839934598	0.158852640064446	0.0943647046891002	0.138908340634821
700033928	0.119524627034529	0.136080525730062	0.117545871963158	0.142362045466203	0.120753545422956	0.131030849894586	0.12370879819504	0.156328129082528	0.119438756783924	0.135838919100582	0.0997764135456207	0.116399275761907	0.137610770686782	0.131556581213683	0.141435971069837	0	0.140532316038429	0.123594066904382	0.111537925780139	0.124898149565346	0.117641689136556	0.101201990638444	0.127267952138421	0.115353538218956	0.125713481138204	0.126039135547213	0.138532444673394	0.112027551865502	0.136938785159921	0.135897939856278	0.1273354132492	0.11904160301001	0.103570526458944	0.11576636589575	0.12529631019197	0.126278143062097	0.121559631044084	0.155133699841426	0.115989333176168	0.157286337631296	0.10145728215143	0.111106668247265	0.12940290151437	0.124246229018831	0.121638532442849	0.121727744385245	0.119288601968944	0.126207985921995	0.132981739231116	0.119465121070563	0.0965131183494762	0.131441799240895	0.122138043643462	0.11140728391188	0.144824015198194	0.128627847780355	0.117450437214619	0.118964020231035	0.115253599576932	0.120793799370479
700023693	0.172143841527941	0.11849700815363	0.10556137037678	0.179545964233876	0.147921690992901	0.103176482040199	0.169694062975088	0.0826509412150941	0.172753571088163	0.0770041984049656	0.120497517794465	0.120980762008423	0.106929107608019	0.118389602584526	0.106111841105039	0.140532316038429	0	0.116849050629176	0.166973457415516	0.157930996254385	0.150553894780731	0.118055388830432	0.147590404123397	0.168627134844361	0.162363957639671	0.18088133240524	0.131079703045979	0.152813067527412	0.115449134038308	0.102142680554373	0.0962230947473992	0.133411851331008	0.119605913927328	0.106788021823212	0.165580326143751	0.133782629074036	0.132137174822007	0.109730502224972	0.168986833930918	0.10354861581251	0.141754594460465	0.09069356914663	0.138040632932278	0.144133063941183	0.101069766907312	0.121361524017872	0.126332590216089	0.0919669796552593	0.111521196790004	0.113073021120436	0.123236337590411	0.180262626477675	0.170975175729524	0.116402402821965	0.201387200479853	0.11058978496702	0.133063752514893	0.173960717857893	0.118417711700876	0.160645555038456
700109627	0.150295430933471	0.140323291698745	0.0926790214924592	0.171311863764129	0.13756830512468	0.0733588134437702	0.160041184097567	0.141015913007542	0.158485964582815	0.109074104012108	0.104268092173268	0.113369439414342	0.122374436077066	0.117253854548242	0.125177497537021	0.123594066904382	0.116849050629176	0	0.148743006414735	0.145903006704998	0.141016420722898	0.10504665365903	0.138914311852801	0.137590388996036	0.144122060991798	0.161930805862933	0.136830160642045	0.14920503293552	0.142655386184661	0.110508075739989	0.0881256161689514	0.122860629109872	0.11534702682961	0.0946036159995117	0.157416780056038	0.135292577526236	0.110162763746118	0.0967283845309863	0.162297232508539	0.138665900692742	0.143973561444468	0.104707292816383	0.115495428565775	0.128605537688602	0.131875546051223	0.129088792740224	0.130193293529035	0.107735040343583	0.0850815621139143	0.11222310875235	0.110486777791739	0.169382532287436	0.163095122270679	0.106039640840247	0.167771540717331	0.127423189846458	0.131043584602335	0.163987279270789	0.116296794581538	0.152568751222363
700095416	0.0814241136421525	0.155585278528749	0.144504921915086	0.125838083733817	0.115652982931884	0.157672147548147	0.106673931690382	0.179719348720236	0.108619021958863	0.151530255261711	0.11266766123395	0.143872865408684	0.158095404122554	0.141129827966302	0.161688477379134	0.111537925780139	0.166973457415516	0.148743006414735	0	0.120529673566226	0.100441516184256	0.115808430903404	0.111852761595724	0.0891575481178096	0.113142014946849	0.109718316609433	0.15225557961429	0.118918226924884	0.146543281878507	0.155165256412472	0.144576833519349	0.118871920325052	0.111704123067615	0.148079413785782	0.12200224614756	0.119732961904884	0.117170718591669	0.1671293375503	0.102204590570764	0.17619394149201	0.0972448556068471	0.143805248623998	0.12951566414784	0.123397569153961	0.14106699334191	0.11847358900969	0.116533891450157	0.142131275331604	0.145342128366123	0.135707168255912	0.107696359394654	0.112443515441368	0.120372878488433	0.108465695117965	0.112932977136371	0.150325603449477	0.116557421825345	0.100256352112281	0.128310554239287	0.109232377363992
700110425	0.10031144549063	0.145431906406905	0.14345632990474	0.0927977040879729	0.120055110428063	0.152446808094598	0.0817497254008569	0.177826085049325	0.126049608851986	0.151332774998451	0.117811078989583	0.137772779707662	0.146138596881327	0.135713043406799	0.142775557215963	0.124898149565346	0.157930996254385	0.145903006704998	0.120529673566226	0	0.0872605493289663	0.11506889710012	0.0959218474690857	0.116798644788324	0.070981480684087	0.126050220960146	0.159965963586134	0.142422444009024	0.135469234026569	0.126349307870915	0.155243415318149	0.109189299199946	0.112178738467988	0.142953224831953	0.133740667976352	0.0956913666889329	0.151553460343766	0.164189708379523	0.11846589346814	0.155019894566886	0.130454243231811	0.134099964964173	0.1516633844598	0.0898971757689248	0.136310980493979	0.12891752636691	0.131939121113935	0.132751396368044	0.135508566634798	0.118179276326917	0.116144854109572	0.0930869274863233	0.0593247316940168	0.129439694802639	0.129135373171445	0.148801839898935	0.0717514235372085	0.0800483534436826	0.110606300547231	0.0850423428332027
700111580	0.0924249697908122	0.143553320626959	0.137697502567644	0.103651102439246	0.125066865502431	0.145100384971139	0.0831234301094775	0.172026096076899	0.1156565784787	0.137778510804094	0.106392270650076	0.128737685504116	0.1414288270228	0.130411472116183	0.137285878745052	0.117641689136556	0.150553894780731	0.141016420722898	0.100441516184256	0.0872605493289663	0	0.0981994700633974	0.0886187283548451	0.103854519234811	0.0668113956866411	0.128865190601012	0.160176696092131	0.146761149968274	0.126308456069269	0.136835793530477	0.143908174388301	0.0978203183051019	0.103755662874229	0.14126145369741	0.138673026154034	0.0932565181635555	0.144674904680697	0.153882625857045	0.116598007837849	0.155436028794662	0.115675928981844	0.122491850530756	0.144284423527176	0.106045300801535	0.123777875440905	0.11138093180916	0.118417184943788	0.11603894134848	0.131567430651361	0.109793941408548	0.104247522930415	0.093455219955321	0.0950322390145366	0.105634008183264	0.124521205861278	0.138490822301841	0.0634183865634401	0.0751275464484984	0.0968502021174066	0.088834963923556
700111302	0.121712486509184	0.133218497143204	0.0908548307554199	0.142009225288153	0.129425814837759	0.112947128963331	0.116585655014778	0.139720574115844	0.126114029006226	0.111048716012704	0.0773351561418111	0.0844101293858095	0.11490206372534	0.133070347781726	0.118339146366409	0.101201990638444	0.118055388830432	0.10504665365903	0.115808430903404	0.11506889710012	0.0981994700633974	0	0.128423194405053	0.125460659473189	0.10012349590557	0.149194935499883	0.143747705254713	0.136854522211774	0.133100682342286	0.120159565429553	0.111846350368581	0.0796901858327008	0.0851360222963976	0.096884286298668	0.150760665124043	0.094315068651915	0.121082891497989	0.136887784037716	0.134154894813556	0.130197080369965	0.129564656945278	0.0872882377729804	0.131080636540391	0.108883779311094	0.101785993737847	0.130830060278978	0.124308801140109	0.0876516793929276	0.112908037749094	0.0726054092390259	0.0765108238600028	0.132503494649978	0.128759811584263	0.105114876738212	0.166613109174482	0.10720345602069	0.0931084485593505	0.123735354282167	0.087552927813454	0.116912884741236
700098605	0.110781329237935	0.136665700302441	0.133592650131467	0.0996124443396962	0.120912415580724	0.139968515876672	0.1055991218611	0.170443107029007	0.119186866417012	0.138202324900217	0.124157935334809	0.132024906210496	0.146421073242655	0.109688079258282	0.128426908131453	0.127267952138421	0.147590404123397	0.138914311852801	0.111852761595724	0.0959218474690857	0.0886187283548451	0.128423194405053	0	0.109258688650036	0.108234481603261	0.111530752539337	0.14563693714894	0.131113502510327	0.128227960210227	0.130301097755998	0.143005228868295	0.111965252621547	0.114280385373251	0.134787638706349	0.119681884535613	0.104007192801972	0.132721313547092	0.140383012618713	0.114918036057988	0.150957521295821	0.121392595391199	0.135594243555446	0.143087159583429	0.107710934360123	0.141355962350504	0.103476277409415	0.109183060015018	0.132456753590772	0.13295773906186	0.119245338189627	0.105496344800074	0.0998549062434094	0.0944471949187326	0.10927561588133	0.110960236338645	0.147371939963356	0.1034746993176	0.0990855236654848	0.0978311080488312	0.0843384441114404
700111991	0.0734097876882217	0.157921690346344	0.142475611112959	0.115582923562189	0.127458824281938	0.154532404361141	0.103834062660805	0.18304897947106	0.122667957882385	0.158218509173264	0.123979641721252	0.158306306578389	0.16460596706624	0.134827337216913	0.168835667199626	0.115353538218956	0.168627134844361	0.137590388996036	0.0891575481178096	0.116798644788324	0.103854519234811	0.125460659473189	0.109258688650036	0	0.106214971982436	0.102774493568202	0.151134567979626	0.127609557096126	0.14545519087438	0.163140047367751	0.146870557076535	0.13394328616651	0.135690698048424	0.147086942205357	0.116339428228197	0.123543381488435	0.119869756703761	0.165025776537067	0.110979111292064	0.181743642731027	0.118092935641485	0.153709447194547	0.137687266741159	0.131685327305514	0.154461750969279	0.117179640059476	0.116832782722469	0.15120638346274	0.140429330927876	0.144066519878925	0.117433388769873	0.111180569981171	0.112762774051173	0.110851270300782	0.0983396290251568	0.164409567499451	0.120433141881275	0.095095810271299	0.136653919753386	0.11142881959752
700108960	0.0944427420460154	0.161593097916966	0.132734667529934	0.102121196354834	0.136230253635381	0.141266380925367	0.0683123414857236	0.187238453350924	0.11874417365905	0.158225823642804	0.10733377454206	0.126088878653213	0.157672415917538	0.145096873726675	0.146911900277461	0.125713481138204	0.162363957639671	0.144122060991798	0.113142014946849	0.070981480684087	0.0668113956866411	0.10012349590557	0.108234481603261	0.106214971982436	0	0.139380309412897	0.176470324229947	0.156374537355449	0.143175323785509	0.141542356400474	0.152931858498673	0.0849931230890257	0.119762294126436	0.142269083489497	0.145418966564758	0.0883636094443738	0.154006013620917	0.16311362481425	0.120192901834359	0.164750715351147	0.137712800108473	0.128671882264374	0.149768364780497	0.094864129672029	0.138349615206639	0.139808995632634	0.142351628154918	0.13347783890374	0.139499340827782	0.101312872771813	0.101075031809891	0.0870114968937462	0.0766817812937099	0.121029019900169	0.122093006387366	0.150401283610916	0.0772309254765186	0.0677646435030763	0.100437577075673	0.085059897597407
700024452	0.110243369442484	0.148437335892761	0.161614304136602	0.116933826524178	0.104915877722859	0.172714151841164	0.118404044075961	0.18867876941189	0.122456844904974	0.163190557251182	0.136286312123407	0.161307344632118	0.165052211402504	0.127243318830581	0.164756565343146	0.126039135547213	0.18088133240524	0.161930805862933	0.109718316609433	0.126050220960146	0.128865190601012	0.149194935499883	0.111530752539337	0.102774493568202	0.139380309412897	0	0.161210062370463	0.111390143709847	0.120708807346972	0.155839785272876	0.16964125368971	0.14796499364146	0.132928768242523	0.158303027013431	0.0812618383146753	0.127970623055195	0.145992258842187	0.173925614198699	0.0947721147563042	0.166036802875502	0.125104774110925	0.160000195210582	0.137261449904093	0.126399964448573	0.149048629289262	0.103257828971054	0.118257129028102	0.159063323720872	0.149842962447387	0.153760255794917	0.12895205089614	0.105440474289276	0.109655780560815	0.132614586136648	0.107104833100028	0.162679448585061	0.126287606305757	0.121766956560636	0.130328936273067	0.129008212915776
700032931	0.154466665487242	0.120736768706401	0.141154385029248	0.179925631174693	0.153657578029378	0.141493619400491	0.180751270167642	0.135655048266362	0.153127269805234	0.136375816536939	0.138995978060504	0.147652387283178	0.138060012338257	0.133079471711034	0.135658980254253	0.138532444673394	0.131079703045979	0.136830160642045	0.15225557961429	0.159965963586134	0.160176696092131	0.143747705254713	0.14563693714894	0.151134567979626	0.176470324229947	0.161210062370463	0	0.13863172299665	0.145039358886809	0.13191855090918	0.13374164385137	0.150602010008989	0.14137218341293	0.123256692143095	0.155158615063179	0.153691780809716	0.138720644365744	0.142976946358643	0.156444711320174	0.147421997499539	0.147144326071533	0.13239045182681	0.146462538809644	0.146645820978784	0.142262387539178	0.135081442383853	0.118111077160316	0.131967636440752	0.131497105877537	0.128689733582409	0.137122493075576	0.184203365640667	0.165992575000758	0.126279928375508	0.168794415861765	0.133343578042246	0.157610247789478	0.176632330146076	0.14317832059372	0.166506119020647
700095837	0.126425445277996	0.13086680037646	0.145070809137448	0.156015128575895	0.12754769213402	0.159211492279422	0.157942722275968	0.150789019559039	0.144008120824873	0.136093673053285	0.118750581836103	0.142706730256197	0.117903950498782	0.145488254644209	0.147731623139289	0.112027551865502	0.152813067527412	0.14920503293552	0.118918226924884	0.142422444009024	0.146761149968274	0.136854522211774	0.131113502510327	0.127609557096126	0.156374537355449	0.111390143709847	0.13863172299665	0	0.0993481146767533	0.13014705815098	0.148600487052214	0.148274845308714	0.117935561952997	0.139057885338278	0.12531045079818	0.146498668974447	0.124822095854331	0.162474257534656	0.121904557314607	0.147656773129205	0.107733629824278	0.125796039751081	0.15142565369576	0.134671223294309	0.114528540794443	0.115835055940044	0.125606963950623	0.13585121024029	0.155632226315218	0.146669376861325	0.123422457563527	0.153403239537341	0.14101942646466	0.133849284432171	0.152033172575861	0.126372555009558	0.142285748642037	0.148762750745149	0.142873563193669	0.149550476049979
700024548	0.147874055760846	0.119621743432348	0.122801870936035	0.1383040136637	0.12503803876853	0.127276318273518	0.14738458710608	0.120979670157731	0.170412991176323	0.108597525464066	0.124979332148062	0.124693418481351	0.103650354211654	0.116474056306923	0.105052566756	0.136938785159921	0.115449134038308	0.142655386184661	0.146543281878507	0.135469234026569	0.126308456069269	0.133100682342286	0.128227960210227	0.14545519087438	0.143175323785509	0.120708807346972	0.145039358886809	0.0993481146767533	0	0.109500594030136	0.126658844831515	0.145006093430916	0.111485515149059	0.115572094287545	0.125075871955039	0.117721058691435	0.144058867065193	0.122326601890467	0.147830968573708	0.101067796464636	0.128676611572924	0.102577126120117	0.137725511483134	0.13788517710243	0.0815130958396941	0.0837822256870619	0.122887844756026	0.107696654452539	0.128001251700127	0.127406275088044	0.110156207492979	0.148005357033435	0.133760812367338	0.123644511858911	0.1576645944775	0.120248825643797	0.11685555204658	0.147109013307181	0.107558526400812	0.151280018097714
700110161	0.161398175995458	0.123180271059501	0.107881068068709	0.158846552895425	0.129201130266178	0.0963176489067023	0.155378536747102	0.12803389199801	0.161342053574994	0.101147965421779	0.116439273227636	0.119034675999253	0.0951016292776636	0.0996308318221977	0.0985811971866631	0.135897939856278	0.102142680554373	0.110508075739989	0.155165256412472	0.126349307870915	0.136835793530477	0.120159565429553	0.130301097755998	0.163140047367751	0.141542356400474	0.155839785272876	0.13191855090918	0.13014705815098	0.109500594030136	0	0.10519872423237	0.124093078124663	0.119277835615345	0.0972991456085694	0.154902514274732	0.128350207350238	0.127903510143306	0.105029446646273	0.15344425293857	0.108025807980459	0.149780417885074	0.0926907560004066	0.131917289840984	0.126746148487786	0.110979836792312	0.123652670812799	0.139958765360667	0.099371582217834	0.0962370439629734	0.108931390978591	0.115153901622836	0.16047834191685	0.1495601951055	0.124575584233749	0.178380609810052	0.112394976709098	0.11649957389834	0.151375270443203	0.107140490613087	0.143050605209247
700023496	0.158269173185947	0.123313629571754	0.0928619934536933	0.175227001284758	0.14093142219593	0.077807708417919	0.155900048668586	0.125661661934891	0.162599413994645	0.102999629283515	0.10029497416516	0.109724459180563	0.116139138871241	0.11679913407745	0.121814532235142	0.1273354132492	0.0962230947473992	0.0881256161689514	0.144576833519349	0.155243415318149	0.143908174388301	0.111846350368581	0.143005228868295	0.146870557076535	0.152931858498673	0.16964125368971	0.13374164385137	0.148600487052214	0.126658844831515	0.10519872423237	0	0.125178217909151	0.105254788875113	0.093838390159147	0.15561788856912	0.128218619927432	0.117109526678003	0.110256456800167	0.159641821039542	0.126328609709466	0.131882752814597	0.101015359751686	0.112993998812643	0.138872387884501	0.103655654254595	0.116192704809476	0.122388433119725	0.0977337711825	0.0886316891026827	0.10903192608681	0.114262006973463	0.176404660348047	0.164761084276798	0.102175064265809	0.18906524012618	0.11037370429833	0.13247938201222	0.166503955328526	0.123382246540242	0.158486894686881
700034628	0.123995123721035	0.142437761833471	0.108134942560888	0.137244917977825	0.145259729784879	0.125073048223842	0.0894185421732595	0.156810304778426	0.100358696215068	0.124554215654316	0.0938321200270125	0.0953527860051451	0.129588834978572	0.139555361779386	0.122468746337059	0.11904160301001	0.133411851331008	0.122860629109872	0.118871920325052	0.109189299199946	0.0978203183051019	0.0796901858327008	0.111965252621547	0.13394328616651	0.0849931230890257	0.14796499364146	0.150602010008989	0.148274845308714	0.145006093430916	0.124093078124663	0.125178217909151	0	0.100415522047187	0.11433534087132	0.144491928398267	0.0783006736760988	0.140124239833139	0.140173879039886	0.128736858255467	0.141763976823341	0.135783969827018	0.100477160588672	0.136432696439208	0.0728384216720606	0.122128851393707	0.137787895062325	0.133711030364621	0.103741849428517	0.13284870478225	0.0745686205435737	0.0955318863384747	0.113841686868243	0.116084054233802	0.115869420917863	0.15805159547468	0.113045596038001	0.102968578495542	0.103243043265632	0.0906444983967602	0.0840283564815103
700023645	0.124906032439839	0.122990210539154	0.11122020223171	0.140581324448175	0.118414211311488	0.123570567398426	0.12082125790492	0.13046226496516	0.128003235909953	0.104203637922685	0.0901777050515141	0.101293410575273	0.111973094871779	0.127136483233833	0.128048805718371	0.103570526458944	0.119605913927328	0.11534702682961	0.111704123067615	0.112178738467988	0.103755662874229	0.0851360222963976	0.114280385373251	0.135690698048424	0.119762294126436	0.132928768242523	0.14137218341293	0.117935561952997	0.111485515149059	0.119277835615345	0.105254788875113	0.100415522047187	0	0.104154221348099	0.134688271835495	0.0943722965474142	0.119961672414031	0.133668942451825	0.131815098712623	0.127137689487752	0.115158404085856	0.0913941068828814	0.124813470995402	0.101388843525603	0.0903529842103184	0.105356439029916	0.111674211046219	0.0906631774011947	0.125031448938634	0.101412056933452	0.0929319971617514	0.128649023208784	0.127600013002936	0.110139242975109	0.158538145574658	0.10031071635244	0.0969353251010272	0.123875938082296	0.0979770403987986	0.121076126494089
700038744	0.160348912042867	0.123296417406076	0.0872848036692747	0.163539957903761	0.134974128208017	0.078428715550931	0.14784463705269	0.117585027841746	0.167426948425012	0.0998199564450874	0.101299512290759	0.086137090249499	0.103430832645503	0.104643913781402	0.107181579301701	0.11576636589575	0.106788021823212	0.0946036159995117	0.148079413785782	0.142953224831953	0.14126145369741	0.096884286298668	0.134787638706349	0.147086942205357	0.142269083489497	0.158303027013431	0.123256692143095	0.139057885338278	0.115572094287545	0.0972991456085694	0.093838390159147	0.11433534087132	0.104154221348099	0	0.149883452493373	0.113535974106481	0.122482438799647	0.0895297853969115	0.163120390465457	0.10587867831867	0.145356094580792	0.082012730239038	0.113573311440988	0.125754012559591	0.100261893169617	0.108077295405724	0.132034553845426	0.0809486563570247	0.093157665937945	0.0963521119256239	0.103123456692895	0.166632212441267	0.156011934493977	0.102915679072699	0.18426969544214	0.104005641265962	0.129506249128566	0.158969461010983	0.100585833024264	0.148264895976228
700038485	0.132600928483267	0.148845837044204	0.149474483265568	0.126399303390395	0.102954741770584	0.163329816221621	0.128134128798342	0.174867782405394	0.123336277507204	0.158601592750835	0.134073047381706	0.158163872920001	0.163035870271927	0.132761738854026	0.161248509058248	0.12529631019197	0.165580326143751	0.157416780056038	0.12200224614756	0.133740667976352	0.138673026154034	0.150760665124043	0.119681884535613	0.116339428228197	0.145418966564758	0.0812618383146753	0.155158615063179	0.12531045079818	0.125075871955039	0.154902514274732	0.15561788856912	0.144491928398267	0.134688271835495	0.149883452493373	0	0.125377655251564	0.140981076578657	0.16873320696421	0.10953417806802	0.162067205795463	0.125491512624867	0.156621021869278	0.142125380968325	0.13426809665554	0.146539547929695	0.111201184913594	0.123521934070366	0.155811954001952	0.154933769433052	0.150068432725093	0.123981457078792	0.106639619157541	0.116282570841986	0.135169175429558	0.121771101710433	0.167901568057197	0.139508830611363	0.128808700213709	0.132184716174564	0.130582897206508
700024743	0.120669833871042	0.131131162151142	0.109099256789023	0.109425148703847	0.131047794460605	0.126492973770893	0.0824288673750338	0.147123488002631	0.125442413137628	0.120332185158383	0.0869343784959266	0.102044837424727	0.134329273349032	0.136499189971412	0.126600793572557	0.126278143062097	0.133782629074036	0.135292577526236	0.119732961904884	0.0956913666889329	0.0932565181635555	0.094315068651915	0.104007192801972	0.123543381488435	0.0883636094443738	0.127970623055195	0.153691780809716	0.146498668974447	0.117721058691435	0.128350207350238	0.128218619927432	0.0783006736760988	0.0943722965474142	0.113535974106481	0.125377655251564	0	0.14602559083574	0.136121691711311	0.124468326269684	0.128366415092402	0.132262044623329	0.112774419108056	0.13204757152083	0.080791415946911	0.111221214782271	0.111292637442467	0.129094473519552	0.104473462571198	0.132511671396228	0.0973883276109501	0.0914833658276831	0.109184622379076	0.0992315536666226	0.111991696406936	0.134856524829354	0.128247157049242	0.0908624945216012	0.0928393579240737	0.0796550679140449	0.096146376903344
