700108602	700014971	700033565	700109389	700023058	700023927	700106341	700114221	700023543	700023439	700016978	700024192	700113058	700099448	700109870	700033928	700023693	700109627	700095416	700110425	700111580	700111302	700098605	700111991	700108960	700024452	700032931	700095837	700024548	700110161	700023496	700034628	700023645	700038744	700038485	700024743	700099596	700110760	700101587	700106399	700032322	700095653	700021312	700101230	700023590	700038905	700033136	700023382	700096424	700105469	700016908	700096053	700108479	700109569	700033814	700016125	700109756	700102665	700101777	700109455
700108602	0	0.195252579525114	0.296366976330082	0.217869882946779	0.174148507966585	0.267757144159808	0.102869080229529	0.296186385615666	0.132692914677611	0.272517056347289	0.182384338152218	0.319779276800521	0.28068730041438	0.202257211409197	0.306673930132476	0.185459652804703	0.26442302837043	0.258408942832718	0.130253330074155	0.104429140167563	0.145984118143762	0.233183630906542	0.126339498487237	0.0738617708640691	0.165955405459117	0.171863151820827	0.212248149259036	0.307615657068796	0.264850009005975	0.297576546502526	0.228501058939415	0.230874007180461	0.2080012773211	0.242786345843965	0.16818785039276	0.144100123674413	0.216546506820697	0.288120705863365	0.0843960852164308	0.344323174200763	0.132870483840519	0.30489497929748	0.165904499618932	0.173168555090452	0.26592435990102	0.20379338448475	0.141169849268557	0.257709763052082	0.225140159866152	0.289078263235462	0.267376745024774	0.0922618116937627	0.117130087271629	0.112423505720513	0.144757368498963	0.257541098024419	0.136686538353113	0.110666134706502	0.263854632998322	0.133039706576454
700014971	0.195252579525114	0	0.269174312643855	0.328424380288623	0.146231982828598	0.223644978183216	0.240995852730513	0.18121129339887	0.192440169973772	0.182347035380669	0.169097659912442	0.309328678158964	0.193268159202249	0.130849546850126	0.246679412469396	0.235358721193302	0.173799507955103	0.254031824165615	0.202224642144293	0.213465721235797	0.237309826037135	0.241042082983844	0.180670970227704	0.206324773796237	0.298269891698098	0.1552933503763	0.124895241922295	0.227023835850596	0.155506664667556	0.194721580965248	0.154711178748898	0.258257848193646	0.136529244047654	0.181759954888699	0.167478462707857	0.169967598987434	0.207555140274852	0.259714637368138	0.174556821986788	0.224230355711291	0.137423918440973	0.214808869749527	0.145962711953363	0.216334746636458	0.183321636655634	0.156191403443426	0.115239998088211	0.183802266008636	0.165184497479174	0.28665367326431	0.290365370425726	0.213847203054953	0.220802135130432	0.165112710338824	0.276066423557663	0.18579553547955	0.219415224461214	0.232668672504162	0.262749910538034	0.215792735080425
700033565	0.296366976330082	0.269174312643855	0	0.430974995192403	0.260496342845532	0.092484589085395	0.307843432044406	0.182772659284334	0.260987043391204	0.124119741160775	0.162186531272364	0.0818771451245205	0.162118196330041	0.207708789253522	0.177332897206345	0.148684953693388	0.148578228368689	0.108691340265651	0.239442897207467	0.29888863085603	0.241332505703419	0.105054660973691	0.3139345294671	0.269387761040421	0.286736396536497	0.313084659390501	0.221329765205663	0.359006776792849	0.274181621075035	0.216880155285301	0.153928023342733	0.180099750982303	0.188675793304723	0.134908166783811	0.342640056317075	0.206726096200426	0.24629678624436	0.121597711650674	0.281387986127994	0.238204005013642	0.238364581064272	0.130143004296517	0.207932711480443	0.212169709060178	0.204894840661213	0.202826508593872	0.231370135875913	0.153286104215107	0.169963658293355	0.0829997291616329	0.126644194913847	0.330417911366695	0.342536294149174	0.220796021469066	0.386088324427784	0.157209792142586	0.226178204459144	0.268817163548644	0.0826067978472571	0.282215300964965
700109389	0.217869882946779	0.328424380288623	0.430974995192403	0	0.326226763425734	0.417951956619439	0.205352506258652	0.412556693629526	0.292088828916504	0.409562580572122	0.340235931271551	0.446064765726787	0.410147038321061	0.354967101718712	0.421897423794124	0.341074365814118	0.410427503075961	0.41684326700867	0.314856624801069	0.210178238339766	0.290118534097912	0.381946573161426	0.197038190421836	0.262744564720481	0.269080055278491	0.280894927703128	0.370723642953049	0.41887294459918	0.355174633105047	0.424631207234332	0.38382793925991	0.378199970806178	0.352150392013858	0.393150696360414	0.262470402433646	0.29493386515312	0.382699908319761	0.43405270953783	0.243957718449471	0.418007881384674	0.286169291287708	0.425834206506002	0.331645648986317	0.329243730945997	0.390241242081847	0.33825670796583	0.318012421742514	0.393813248186865	0.378478090670093	0.425400323830798	0.403790347825848	0.201702889751671	0.154188028002948	0.286646116547652	0.195871572409184	0.396075368684267	0.262637619849005	0.251003926938448	0.392524149136476	0.259497727361115
700023058	0.174148507966585	0.146231982828598	0.260496342845532	0.326226763425734	0	0.217238762762382	0.209017358498819	0.231883110171796	0.166275786416898	0.209365910440664	0.167106932198633	0.291566245782474	0.221989251605995	0.139599442664953	0.264478421203564	0.203173258046869	0.201586119599951	0.231624517685934	0.15972272062661	0.200130789189621	0.212478673000799	0.231535999976481	0.20633718988524	0.170600308248932	0.279187802533923	0.166462619299854	0.161383430662465	0.29487683901194	0.22288962229428	0.24094255926224	0.173311288321184	0.251222442372002	0.167247620045885	0.18359883110285	0.189780243202595	0.181516707847268	0.143135571592768	0.203279410189527	0.147647748402135	0.280202885099229	0.130575973693937	0.240400601625866	0.119754151271438	0.207073455962663	0.206687405350339	0.177188403628112	0.105542687474812	0.202643218582328	0.153887389473929	0.279929139589228	0.275090736855002	0.194148565803984	0.21153206038718	0.147132030930425	0.264297855750048	0.206546146470427	0.199752417496735	0.201106400914121	0.250614518504384	0.184679140726179
700023927	0.267757144159808	0.223644978183216	0.092484589085395	0.417951956619439	0.217238762762382	0	0.302179519059823	0.162434955162988	0.244412835007596	0.0821156632095833	0.136905273534325	0.141167451291995	0.13912247230868	0.14330670574318	0.176249182912047	0.163560628304281	0.112219130025178	0.0808791178311737	0.228839170986363	0.275539231109259	0.241410310914933	0.153886529451532	0.291147675232526	0.244640849706514	0.292302968048864	0.278731673753029	0.169975203213089	0.333240187061534	0.244879418564186	0.192851858222378	0.100342172070178	0.188839940131543	0.159023172272139	0.0797184810158583	0.310245210063703	0.185822643723365	0.190798706036826	0.104655279556396	0.258816261643526	0.220581823023542	0.213262079376478	0.108265611171581	0.16365509516299	0.19674722933668	0.175166436174395	0.174901649785903	0.203168858596137	0.123460069725675	0.0989839134059867	0.135645337999833	0.180500884910121	0.314697699081183	0.326279701168053	0.201603557607498	0.367903067903829	0.128020958093427	0.209931667339589	0.252970890856295	0.13088659604564	0.270927762093475
700106341	0.102869080229529	0.240995852730513	0.307843432044406	0.205352506258652	0.209017358498819	0.302179519059823	0	0.316632388934975	0.122352691733461	0.290686882665807	0.202693575154841	0.317681072980396	0.296893970146078	0.24245514079437	0.327062357996636	0.204127229713124	0.283375005256376	0.298545002183125	0.148295889985046	0.0941026353815946	0.136912611331569	0.239488017234047	0.142249956963093	0.115367725017453	0.118903801326799	0.228825411908858	0.28026138948677	0.35612303678107	0.298530917844461	0.334412880911363	0.254090113169407	0.197688007685997	0.22930477209938	0.278156740802758	0.21145666593313	0.142575420796309	0.277235941860275	0.310672367829468	0.116770718994035	0.362730439548833	0.160736443705213	0.311348287323204	0.193222942679262	0.166029416528875	0.274883790765588	0.249122158021397	0.191311841853316	0.265381299940996	0.260438152005014	0.292573357510475	0.290945021395449	0.0880875782551253	0.105286923488772	0.140660174380001	0.160090552137257	0.271564087276785	0.148787630700801	0.0947213216978934	0.269229989482611	0.0787758707857139
700114221	0.296186385615666	0.18121129339887	0.182772659284334	0.412556693629526	0.231883110171796	0.162434955162988	0.316632388934975	0	0.275011433916972	0.108078914930956	0.217051595027749	0.220763339329259	0.0749093796930479	0.163234764288715	0.112022396358797	0.259596676467754	0.0901494973222821	0.228304245409409	0.279181102656046	0.287430984597069	0.283600658539954	0.243281126075679	0.299631542382078	0.299400777528646	0.366942154831508	0.270136647569535	0.152772078733155	0.282860492714071	0.178171423693151	0.139036031901978	0.142787613963023	0.260583547588814	0.174396954102733	0.157007495205693	0.304821543992813	0.216752969435153	0.245107061939767	0.142289776730128	0.274413343490732	0.122769451887327	0.209266911108049	0.114994045224432	0.216247422642532	0.261034045595837	0.1306973767251	0.157128054457741	0.193194066309499	0.100846259293058	0.187996462668928	0.225674385379241	0.283350397330137	0.307930531157118	0.309817938082334	0.254128117786544	0.398985651962693	0.105052880144475	0.233456765500823	0.319109960873585	0.216555431237925	0.28491682429562
700023543	0.132692914677611	0.192440169973772	0.260987043391204	0.292088828916504	0.166275786416898	0.244412835007596	0.122352691733461	0.275011433916972	0	0.231341702984735	0.144968451203529	0.288818434602544	0.255429914240209	0.206346222233727	0.291104022457189	0.15764178562486	0.225934986822211	0.24063794753546	0.121933161979891	0.146786831822346	0.157772385665508	0.203502804984621	0.193848911782932	0.105197212617401	0.162071407013299	0.20132446628969	0.216509489736696	0.305795546213436	0.283865614298982	0.277111748394606	0.196250155066759	0.150867664365466	0.177856628889559	0.217603325317524	0.185454453877495	0.129439153637452	0.217554290788202	0.265389189256462	0.105495498038266	0.326788845388318	0.140121376981387	0.264559382354385	0.149076434303144	0.0917432058772798	0.2389581889614	0.220162528238475	0.144337863161785	0.214855563157145	0.208562423792416	0.257009258388654	0.257970699104433	0.127690609877238	0.164936879977925	0.11790999294153	0.216678690668022	0.220874821457851	0.167057315810843	0.101078448180699	0.245065326435418	0.0959914036194782
700023439	0.272517056347289	0.182347035380669	0.124119741160775	0.409562580572122	0.209365910440664	0.0821156632095833	0.290686882665807	0.108078914930956	0.231341702984735	0	0.145529115610231	0.169398013661974	0.0816622044835628	0.127451079222935	0.152713689621006	0.184691753882708	0.0703574726130352	0.136289922244194	0.235547239545619	0.255595031384596	0.228681940798114	0.179404994761569	0.285748811256757	0.251785786577182	0.299922667338264	0.271511950212958	0.161182736239609	0.290655566732457	0.197514776623586	0.15776341166967	0.0827390805827119	0.203456802468223	0.125947071125174	0.0898894679580703	0.305100368723063	0.175895717827702	0.207972811551649	0.128336617085327	0.241503119779558	0.172286536999328	0.185013450131477	0.0845141564562508	0.171509345729186	0.197542874897675	0.128597531823467	0.155530587401105	0.178774319883734	0.0808422433025097	0.106490748575691	0.16657757367587	0.209738964202451	0.29138124956574	0.307405410047805	0.206478475540224	0.382069104738681	0.0936128115977189	0.19831460391579	0.248702631524967	0.15460461005939	0.252323855542321
700016978	0.182384338152218	0.169097659912442	0.162186531272364	0.340235931271551	0.167106932198633	0.136905273534325	0.202693575154841	0.217051595027749	0.144968451203529	0.145529115610231	0	0.18877827762188	0.195955212585791	0.162512466577401	0.245523278055379	0.105214631332559	0.166075139112802	0.140184731252108	0.151360001886316	0.167353090650025	0.160258983242569	0.112825001855242	0.23069002821023	0.153509730867412	0.19014265706848	0.241034841712194	0.180182485700655	0.287688329885082	0.237421748509742	0.227138959918195	0.121346912135221	0.141048400240497	0.0878579493066858	0.110833599526769	0.241964386139198	0.1191962999892	0.186364784839693	0.209477503559505	0.15595567027334	0.271388896994347	0.137326960852945	0.156534371621879	0.108882864487014	0.100832011893167	0.175181196567423	0.176139559138395	0.136491888953634	0.147050210956934	0.12603338566419	0.175260690017494	0.168821200501959	0.205051039362775	0.227990617795364	0.129260623949527	0.292010445092073	0.155857632669001	0.157366867794377	0.158243182726301	0.15759759137004	0.185636112026561
700024192	0.319779276800521	0.309328678158964	0.0818771451245205	0.446064765726787	0.291566245782474	0.141167451291995	0.317681072980396	0.220763339329259	0.288818434602544	0.169398013661974	0.18877827762188	0	0.2005337601601	0.250530712408215	0.201796402970282	0.175472908055664	0.189435424501819	0.143286841926751	0.25982723843295	0.313558215668917	0.24002998505487	0.107285684651447	0.344454725423658	0.298983617122078	0.295215202343617	0.349435748127681	0.268503369314067	0.382787864548243	0.303730399352613	0.280507325440558	0.187000990864153	0.185729191120499	0.211241277349877	0.173511936891042	0.379339902678979	0.234402574612903	0.284583005501828	0.167656902284244	0.31164628358095	0.266023191299219	0.265982364640102	0.147239217362414	0.24431447477603	0.225520623338948	0.20652394057519	0.228647021564627	0.263439199326944	0.168237158142093	0.212828059071859	0.0678331460470102	0.11461424514876	0.350779129984498	0.361206126243352	0.254176191213341	0.41604605813893	0.175399597963147	0.233163708296335	0.292284217305459	0.107491745412767	0.299996840492248
700113058	0.28068730041438	0.193268159202249	0.162118196330041	0.410147038321061	0.221989251605995	0.13912247230868	0.296893970146078	0.0749093796930479	0.255429914240209	0.0816622044835628	0.195955212585791	0.2005337601601	0	0.143184740216855	0.11997375392471	0.236109859326664	0.093281931880446	0.195380970542352	0.261019013779791	0.268874178583888	0.272652642850824	0.219762469748224	0.299289947606541	0.277338709005489	0.346710443950742	0.280754872841435	0.171572530285445	0.278433035941986	0.192041016334228	0.141373422529694	0.125395488161498	0.241929282725962	0.157549612529006	0.134251814901942	0.317177453653398	0.201704882912035	0.223825138736698	0.142944783097892	0.252426873779587	0.144888843977514	0.192028239160974	0.106955423949636	0.205139968909579	0.242058631092271	0.125598105022599	0.165354810094766	0.200014532874145	0.0973697725605393	0.165698236243088	0.202819880970613	0.258189296416286	0.289608796641888	0.308821824430856	0.235201152007278	0.398758720197341	0.0944549170368879	0.223136098098584	0.297252732122193	0.190239690522735	0.264073983448981
700099448	0.202257211409197	0.130849546850126	0.207708789253522	0.354967101718712	0.139599442664953	0.14330670574318	0.24245514079437	0.163234764288715	0.206346222233727	0.127451079222935	0.162512466577401	0.250530712408215	0.143184740216855	0	0.203910156793037	0.199237831357217	0.123914517111597	0.184930629838727	0.176748451847533	0.207286131724707	0.219577613666125	0.219082622498869	0.223400733828102	0.189951487439866	0.28914344849359	0.182867356897123	0.112407772489441	0.263272654493296	0.155119599126983	0.158965275736302	0.104918897322834	0.239961706584901	0.12588055321217	0.115836440095105	0.214755583169763	0.151509779921647	0.167301120352158	0.17707676274576	0.183142172713682	0.215026039911637	0.132385748685736	0.165843653962455	0.113098860656455	0.218181046467426	0.134898927287911	0.128233395544647	0.119937336888116	0.140295647996717	0.0957716839446853	0.239447481266875	0.236095400962358	0.225370569004328	0.248902245306874	0.154040247949142	0.301213936130505	0.151652850250851	0.174889609334204	0.223490451427446	0.201548973735632	0.214216890781117
700109870	0.306673930132476	0.246679412469396	0.177332897206345	0.421897423794124	0.264478421203564	0.176249182912047	0.327062357996636	0.112022396358797	0.291104022457189	0.152713689621006	0.245523278055379	0.201796402970282	0.11997375392471	0.203910156793037	0	0.276771542406894	0.143872799432413	0.241619443338577	0.29068553734838	0.310184864730897	0.273761069471995	0.254450345412392	0.316569121085586	0.313745713718878	0.373528407731147	0.311463376112821	0.21516022962761	0.336282477905104	0.208699750864251	0.190266999974407	0.183612222622992	0.274860265285088	0.230339607405896	0.197924219586845	0.349966207205918	0.239429066623568	0.272194681194616	0.135301809473745	0.299406785493838	0.157848793205335	0.251500528345622	0.160015498185654	0.256440111607505	0.275474203270438	0.165802004708317	0.172416127649708	0.235526378379049	0.128903647077204	0.217882548274811	0.21189721033808	0.276111787891945	0.336379474823445	0.33552700027766	0.26764151273865	0.404980949720826	0.133924747612567	0.242968325026852	0.326129598073184	0.212753844607892	0.300252532174488
700033928	0.185459652804703	0.235358721193302	0.148684953693388	0.341074365814118	0.203173258046869	0.163560628304281	0.204127229713124	0.259596676467754	0.15764178562486	0.184691753882708	0.105214631332559	0.175472908055664	0.236109859326664	0.199237831357217	0.276771542406894	0	0.206392337528464	0.128305661422202	0.147555318131141	0.21825841259507	0.157523176274159	0.0987136672413904	0.241495889186668	0.147683539600075	0.196627394808108	0.26102168072889	0.228194386836766	0.328587494957858	0.284447053414196	0.276217126309638	0.16841631028282	0.142650262422771	0.138741699330793	0.156879665615448	0.267618973173719	0.181955916670692	0.221012146682731	0.221989035969509	0.170980745191062	0.310118805472128	0.159348060559615	0.196218755033143	0.151731736551254	0.149483761522105	0.216555927915512	0.197403531566924	0.163115733019577	0.19734865214643	0.172305412098794	0.148609842463978	0.136094004370609	0.212281109662009	0.248844924750979	0.163884722923005	0.288368255133963	0.195501823920748	0.178798664214416	0.148328590759171	0.128275805404414	0.179220396739384
700023693	0.26442302837043	0.173799507955103	0.148578228368689	0.410427503075961	0.201586119599951	0.112219130025178	0.283375005256376	0.0901494973222821	0.225934986822211	0.0703574726130352	0.166075139112802	0.189435424501819	0.093281931880446	0.123914517111597	0.143872799432413	0.206392337528464	0	0.166385296408244	0.23044585251721	0.250605766666743	0.230227545326923	0.202729123867922	0.281461525741879	0.245251676596564	0.322972215218086	0.26265823079645	0.143971092761491	0.291781104938519	0.178740540533092	0.155512622629821	0.0769199691843481	0.221789252746145	0.14360282569269	0.12041668747713	0.292838766726118	0.175326731911147	0.19685268672406	0.13017265735315	0.235974435931839	0.15709327061968	0.172029132511131	0.106739631760461	0.155712938170977	0.217704476199629	0.118898293544274	0.133293409205664	0.152559420995575	0.0810176548727247	0.124636213920928	0.193057764267486	0.237434589158049	0.283137146401889	0.302589602957197	0.200406947054678	0.380427821649671	0.0721286313264663	0.185124655364758	0.266775047863149	0.182119569713187	0.248381568299774
700109627	0.258408942832718	0.254031824165615	0.108691340265651	0.41684326700867	0.231624517685934	0.0808791178311737	0.298545002183125	0.228304245409409	0.24063794753546	0.136289922244194	0.140184731252108	0.143286841926751	0.195380970542352	0.184930629838727	0.241619443338577	0.128305661422202	0.166385296408244	0	0.214152550310336	0.277166291473056	0.239600087915393	0.130384223272527	0.298915031062591	0.224892389814078	0.270026904095432	0.305892216628418	0.213876606259277	0.343443452776275	0.305610037032432	0.243240843921905	0.133283485953236	0.189075689840702	0.177443756229315	0.110539696809013	0.308079261205779	0.215835509836226	0.192597270658478	0.1539361374714	0.251757456751663	0.286729895334397	0.227691532942242	0.165994272691259	0.176381525260029	0.187406236612869	0.223415079145096	0.213223975698141	0.216414516128023	0.186656307364146	0.124685911739675	0.143777695077879	0.146325899322111	0.309338881282493	0.329486895198848	0.194636416423328	0.350523015395987	0.190288756478182	0.219499869009534	0.246088136625665	0.138106209021926	0.276093949456368
700095416	0.130253330074155	0.202224642144293	0.239442897207467	0.314856624801069	0.15972272062661	0.228839170986363	0.148295889985046	0.279181102656046	0.121933161979891	0.235547239545619	0.151360001886316	0.25982723843295	0.261019013779791	0.176748451847533	0.29068553734838	0.147555318131141	0.23044585251721	0.214152550310336	0	0.17186615985179	0.127074619327141	0.181136757036521	0.191348236314293	0.0922896574889917	0.179874582852862	0.189547584971639	0.201799947295499	0.331564199536572	0.261067874051659	0.285343127305086	0.18724940607281	0.159307262117319	0.175751748946433	0.215335681139508	0.201753143295047	0.144030152057625	0.208294495781937	0.228391500743432	0.129156379553822	0.33035233193954	0.12810664258541	0.270799460099553	0.120542730568601	0.158685779177629	0.235938561129449	0.188273376287069	0.11965172629364	0.225459932915221	0.192491557027267	0.236108619807339	0.222809005640499	0.169211634317824	0.201649369612654	0.0940261419772771	0.20696412963307	0.228100161656838	0.153954484574177	0.136608599908271	0.212013732696457	0.141596909015943
700110425	0.104429140167563	0.213465721235797	0.29888863085603	0.210178238339766	0.200130789189621	0.275539231109259	0.0941026353815946	0.287430984597069	0.146786831822346	0.255595031384596	0.167353090650025	0.313558215668917	0.268874178583888	0.207286131724707	0.310184864730897	0.21825841259507	0.250605766666743	0.277166291473056	0.17186615985179	0	0.156232787451336	0.242099809368645	0.14415429946113	0.126586324060988	0.138633202793104	0.226140062319015	0.241550486450007	0.312617165901579	0.267196113317376	0.294353402676058	0.222261535289604	0.231792755445019	0.189578955491445	0.239374182851876	0.204422510553063	0.133743503077106	0.246022220496749	0.300554394068233	0.122917505726441	0.334764335041961	0.144968187050196	0.276158452050562	0.165015059664587	0.154681098652568	0.237743921085353	0.233592650388506	0.169016107977443	0.235898791331417	0.222391822414996	0.293581421552875	0.279288267666084	0.0999515527710673	0.0876107820877946	0.133508050610539	0.184980783859879	0.240360771206292	0.121049063901654	0.125845459456822	0.263933752438019	0.133781313643907
700111580	0.145984118143762	0.237309826037135	0.241332505703419	0.290118534097912	0.212478673000799	0.241410310914933	0.136912611331569	0.283600658539954	0.157772385665508	0.228681940798114	0.160258983242569	0.24002998505487	0.272652642850824	0.219577613666125	0.273761069471995	0.157523176274159	0.230227545326923	0.239600087915393	0.127074619327141	0.156232787451336	0	0.169049244821644	0.188683873962938	0.134806280893611	0.128163598633831	0.254171314804838	0.269853593134042	0.376519797783311	0.243472072199408	0.315705533874255	0.201421491710372	0.154912111033005	0.180316470027671	0.232153687838702	0.258445589054962	0.130009232707708	0.279200841904286	0.240630316728725	0.152669833684122	0.312787658281183	0.151030073392958	0.247451955510754	0.170532935374259	0.148192872604688	0.210793782371459	0.185186871867538	0.165077000072974	0.199643169454244	0.206406294120464	0.215565933558875	0.223902516187378	0.15772760140702	0.19603471252047	0.120598496231684	0.237280639682816	0.20688263022378	0.095586337588941	0.111094231860828	0.18896255064867	0.130718062108977
700111302	0.233183630906542	0.241042082983844	0.105054660973691	0.381946573161426	0.231535999976481	0.153886529451532	0.239488017234047	0.243281126075679	0.203502804984621	0.179404994761569	0.112825001855242	0.107285684651447	0.219762469748224	0.219082622498869	0.254450345412392	0.0987136672413904	0.202729123867922	0.130384223272527	0.181136757036521	0.242099809368645	0.169049244821644	0	0.278009233286199	0.212112508072635	0.211310246418795	0.293894963945046	0.239053048475956	0.352155896688919	0.300535396272046	0.282984905320259	0.169386663005382	0.117020840875605	0.150498734682314	0.155533851261132	0.3102246494277	0.181781003375642	0.245866612064418	0.201939604651912	0.225709408404279	0.291119029079485	0.20440861597032	0.170134843401614	0.179164465495993	0.15931334220982	0.207109357804721	0.218644773288835	0.19472742204412	0.172297336570003	0.175225493575597	0.0768519226371622	0.0974772976946441	0.264496497361732	0.28238415720893	0.17803605458014	0.339570608691033	0.174320672499278	0.186223135529817	0.208280653285389	0.0844120854506571	0.220652036683672
700098605	0.126339498487237	0.180670970227704	0.3139345294671	0.197038190421836	0.20633718988524	0.291147675232526	0.142249956963093	0.299631542382078	0.193848911782932	0.285748811256757	0.23069002821023	0.344454725423658	0.299289947606541	0.223400733828102	0.316569121085586	0.241495889186668	0.281461525741879	0.298915031062591	0.191348236314293	0.14415429946113	0.188683873962938	0.278009233286199	0	0.160023365992375	0.202137528886466	0.203865006284711	0.232176391699612	0.328153403623558	0.26415513149195	0.316050459388401	0.248960713160585	0.270819175335984	0.243689145370908	0.275870602517402	0.196048064781389	0.175273443518517	0.261848694339665	0.303810050717032	0.146755035642539	0.329981319388361	0.159633005458435	0.326503101966508	0.207915770405771	0.223239234384029	0.291686580375402	0.208527417901772	0.176542311088624	0.278190830383494	0.251712150327038	0.320418747771152	0.312154827274038	0.162358829348802	0.119182869226177	0.153627174101747	0.144350368551448	0.278714975887619	0.184996883102595	0.181541287075746	0.29325664730287	0.150464767914982
700111991	0.0738617708640691	0.206324773796237	0.269387761040421	0.262744564720481	0.170600308248932	0.244640849706514	0.115367725017453	0.299400777528646	0.105197212617401	0.251785786577182	0.153509730867412	0.298983617122078	0.277338709005489	0.189951487439866	0.313745713718878	0.147683539600075	0.245251676596564	0.224892389814078	0.0922896574889917	0.126586324060988	0.134806280893611	0.212112508072635	0.160023365992375	0	0.160637747916656	0.18069602412985	0.211012861783232	0.31537284885773	0.277417229389569	0.300381508343369	0.208511040471809	0.198758375314056	0.188851861154551	0.222839909658779	0.167195302675685	0.122814776038771	0.207083791246195	0.262500730939604	0.0770163419503484	0.348670564228454	0.12865061612488	0.28930109371034	0.139780471071833	0.149957424219507	0.253154731031863	0.208074283817607	0.13646928468074	0.245689980272098	0.204206776016852	0.272206266958541	0.244473511869209	0.120655640011834	0.156809003942303	0.0891132515178848	0.164156569032997	0.249022280128058	0.146563717812375	0.100047691444069	0.242440016118893	0.11330418401209
700108960	0.165955405459117	0.298269891698098	0.286736396536497	0.269080055278491	0.279187802533923	0.292302968048864	0.118903801326799	0.366942154831508	0.162071407013299	0.299922667338264	0.19014265706848	0.295215202343617	0.346710443950742	0.28914344849359	0.373528407731147	0.196627394808108	0.322972215218086	0.270026904095432	0.179874582852862	0.138633202793104	0.128163598633831	0.211310246418795	0.202137528886466	0.160637747916656	0	0.306487020265805	0.32648554915715	0.405890289087933	0.347198898254544	0.375740363582237	0.28221029330759	0.150274476087025	0.242172651697853	0.279449734732747	0.283189961627567	0.17644158562187	0.315776482958674	0.322090823875739	0.186089197860927	0.409456834218701	0.217327872587695	0.313623326652486	0.224016554718991	0.13994726912331	0.312264132777494	0.296321850001035	0.245095673216446	0.298376879629446	0.267458587557754	0.257456885134469	0.24984213508573	0.160844749217784	0.167670776114159	0.167803397633967	0.189083704585395	0.30303482360839	0.174239839622137	0.117480546874376	0.233309798867312	0.14138102065892
700024452	0.171863151820827	0.1552933503763	0.313084659390501	0.280894927703128	0.166462619299854	0.278731673753029	0.228825411908858	0.270136647569535	0.20132446628969	0.271511950212958	0.241034841712194	0.349435748127681	0.280754872841435	0.182867356897123	0.311463376112821	0.26102168072889	0.26265823079645	0.305892216628418	0.189547584971639	0.226140062319015	0.254171314804838	0.293894963945046	0.203865006284711	0.18069602412985	0.306487020265805	0	0.167338640142369	0.27360707852513	0.185842686663308	0.250751141826322	0.247344751427291	0.289048802642666	0.22436330763534	0.248263295082866	0.0832106947437042	0.20128234531841	0.257651789898202	0.289976881098506	0.161683688240954	0.290435557509523	0.176691541138831	0.286464896076246	0.199115341887391	0.249267769217117	0.251353095182409	0.192363635008263	0.159762666585605	0.262978313419809	0.233578789328999	0.32190763601378	0.321877206738592	0.184688345043934	0.201052715839738	0.182560220955042	0.216318347383794	0.263794720880201	0.232535949031872	0.2215364000324	0.288171982407188	0.225990796592797
700032931	0.212248149259036	0.124895241922295	0.221329765205663	0.370723642953049	0.161383430662465	0.169975203213089	0.28026138948677	0.152772078733155	0.216509489736696	0.161182736239609	0.180182485700655	0.268503369314067	0.171572530285445	0.112407772489441	0.21516022962761	0.228194386836766	0.143971092761491	0.213876606259277	0.201799947295499	0.241550486450007	0.269853593134042	0.239053048475956	0.232176391699612	0.211012861783232	0.32648554915715	0.167338640142369	0	0.235407187555412	0.181142126008313	0.164157097870787	0.133750277437672	0.263239644964822	0.146597874894744	0.133982334664964	0.211742204126452	0.186224352706334	0.161313312531501	0.192384608532807	0.207028172546653	0.210905286811138	0.167037879543221	0.187861399898029	0.148794348054982	0.232262659341182	0.1685878911058	0.148085873288651	0.135576451963879	0.151241335226783	0.129501432881962	0.243682841646673	0.27643839817428	0.257439145701504	0.257186086412135	0.189220119326779	0.28853812799319	0.151440286275011	0.23089747106567	0.260255035300851	0.235975014285661	0.253529857951908
700095837	0.307615657068796	0.227023835850596	0.359006776792849	0.41887294459918	0.29487683901194	0.333240187061534	0.35612303678107	0.282860492714071	0.305795546213436	0.290655566732457	0.287688329885082	0.382787864548243	0.278433035941986	0.263272654493296	0.336282477905104	0.328587494957858	0.291781104938519	0.343443452776275	0.331564199536572	0.312617165901579	0.376519797783311	0.352155896688919	0.328153403623558	0.31537284885773	0.405890289087933	0.27360707852513	0.235407187555412	0	0.233689298952129	0.189702085039938	0.277910876249684	0.375078358789898	0.243080461786947	0.27590322689226	0.269004826584777	0.302888422118879	0.296505472470713	0.364163085821574	0.291493304653851	0.320721642368789	0.272774889960286	0.283459331066039	0.290287433360692	0.318581177748584	0.254533222907564	0.288802669096557	0.274071972361831	0.280461982006761	0.292041206086126	0.37318584821912	0.377937498908261	0.316539141889677	0.329624216200488	0.315007740072017	0.394740576308765	0.281667471896724	0.340774306952609	0.350853510101758	0.361897658917727	0.344484617909121
700024548	0.264850009005975	0.155506664667556	0.274181621075035	0.355174633105047	0.22288962229428	0.244879418564186	0.298530917844461	0.178171423693151	0.283865614298982	0.197514776623586	0.237421748509742	0.303730399352613	0.192041016334228	0.155119599126983	0.208699750864251	0.284447053414196	0.178740540533092	0.305610037032432	0.261067874051659	0.267196113317376	0.243472072199408	0.300535396272046	0.26415513149195	0.277417229389569	0.347198898254544	0.185842686663308	0.181142126008313	0.233689298952129	0	0.157345874067998	0.202580419659329	0.313611966669976	0.192942588020674	0.215583590127942	0.215620693078001	0.211249541703769	0.286257903463521	0.252895178492144	0.249402336846451	0.173119154484869	0.198108042625697	0.187575635440165	0.212592363949781	0.28880913701075	0.124693636821331	0.120715331654794	0.18733075295853	0.172304504813512	0.218397727048946	0.307704253186384	0.312560942597942	0.274581869024489	0.276214052974367	0.227663035716455	0.3285144509504	0.184386313809677	0.21811425831844	0.288349536439117	0.262744331637577	0.28068873820657
700110161	0.297576546502526	0.194721580965248	0.216880155285301	0.424631207234332	0.24094255926224	0.192851858222378	0.334412880911363	0.139036031901978	0.277111748394606	0.15776341166967	0.227138959918195	0.280507325440558	0.141373422529694	0.158965275736302	0.190266999974407	0.276217126309638	0.155512622629821	0.243240843921905	0.285343127305086	0.294353402676058	0.315705533874255	0.282984905320259	0.316050459388401	0.300381508343369	0.375740363582237	0.250751141826322	0.164157097870787	0.189702085039938	0.157345874067998	0	0.17141774119224	0.299362104943909	0.184701438212072	0.167064036663546	0.270644801175718	0.23701502161035	0.24382971160601	0.200285194047433	0.280575806567727	0.204274750546076	0.234090270102044	0.163301478287354	0.219398884172182	0.273651457581454	0.165229221958153	0.204211357583619	0.216615966894698	0.170336255865604	0.189580139164455	0.271275880746332	0.308448919197799	0.310749626346709	0.325563709601491	0.250903835155372	0.401749878697052	0.169498554591998	0.265911713457224	0.317667534889699	0.256998428973642	0.310578564684327
700023496	0.228501058939415	0.154711178748898	0.153928023342733	0.38382793925991	0.173311288321184	0.100342172070178	0.254090113169407	0.142787613963023	0.196250155066759	0.0827390805827119	0.121346912135221	0.187000990864153	0.125395488161498	0.104918897322834	0.183612222622992	0.16841631028282	0.0769199691843481	0.133283485953236	0.18724940607281	0.222261535289604	0.201421491710372	0.169386663005382	0.248960713160585	0.208511040471809	0.28221029330759	0.247344751427291	0.133750277437672	0.277910876249684	0.202580419659329	0.17141774119224	0	0.19557007438896	0.108586888565748	0.086768360703275	0.265061041313476	0.144126813607276	0.162777402688978	0.140735990522219	0.201389428191456	0.201840501907397	0.142902145716089	0.129620239166893	0.113586236709652	0.182805311603553	0.121238644712971	0.129822947376558	0.134554269065338	0.0898755369254016	0.0779700495891534	0.184897634114682	0.20801667542135	0.257967587407866	0.276806371990786	0.159094284022513	0.344650619488261	0.0964362053440074	0.156415902607282	0.2272927792019	0.175896731996287	0.220497752696035
700034628	0.230874007180461	0.258257848193646	0.180099750982303	0.378199970806178	0.251222442372002	0.188839940131543	0.197688007685997	0.260583547588814	0.150867664365466	0.203456802468223	0.141048400240497	0.185729191120499	0.241929282725962	0.239961706584901	0.274860265285088	0.142650262422771	0.221789252746145	0.189075689840702	0.159307262117319	0.231792755445019	0.154912111033005	0.117020840875605	0.270819175335984	0.198758375314056	0.150274476087025	0.289048802642666	0.263239644964822	0.375078358789898	0.313611966669976	0.299362104943909	0.19557007438896	0	0.192236471930712	0.186731879132393	0.294747921338295	0.144771984768147	0.28230824592017	0.223687567272617	0.223997105049151	0.307814017905216	0.220754319693638	0.198665725140116	0.202361164534421	0.109024987347257	0.228365647251574	0.23907075721682	0.213730715599139	0.192896112077767	0.211300131484739	0.147386442473882	0.190595281314145	0.240093891397532	0.268601302164165	0.179273874408911	0.306957763269728	0.193104606887803	0.181897232524728	0.170670347444537	0.148504895767752	0.159811201088355
700023645	0.2080012773211	0.136529244047654	0.188675793304723	0.352150392013858	0.167247620045885	0.159023172272139	0.22930477209938	0.174396954102733	0.177856628889559	0.125947071125174	0.0878579493066858	0.211241277349877	0.157549612529006	0.12588055321217	0.230339607405896	0.138741699330793	0.14360282569269	0.177443756229315	0.175751748946433	0.189578955491445	0.180316470027671	0.150498734682314	0.243689145370908	0.188851861154551	0.242172651697853	0.22436330763534	0.146597874894744	0.243080461786947	0.192942588020674	0.184701438212072	0.108586888565748	0.192236471930712	0	0.100355270827637	0.234631150348253	0.138194573084792	0.19488661227857	0.212851600876541	0.18216178661165	0.232355954578342	0.132164702162752	0.132190546706514	0.113354681776651	0.150726261676595	0.124017203280215	0.164611303780235	0.132062389817179	0.119871436493519	0.118977994848965	0.19895015183484	0.19401454645693	0.215186155538379	0.244095490086187	0.158997782361509	0.328762669953272	0.12733747837636	0.1647566000951	0.179097107205231	0.17137965244048	0.205331459350991
700038744	0.242786345843965	0.181759954888699	0.134908166783811	0.393150696360414	0.18359883110285	0.0797184810158583	0.278156740802758	0.157007495205693	0.217603325317524	0.0898894679580703	0.110833599526769	0.173511936891042	0.134251814901942	0.115836440095105	0.197924219586845	0.156879665615448	0.12041668747713	0.110539696809013	0.215335681139508	0.239374182851876	0.232153687838702	0.155533851261132	0.275870602517402	0.222839909658779	0.279449734732747	0.248263295082866	0.133982334664964	0.27590322689226	0.215583590127942	0.167064036663546	0.086768360703275	0.186731879132393	0.100355270827637	0	0.27061876118291	0.164609775071087	0.171907013263596	0.147409555813159	0.22207003776144	0.211787574224116	0.18392813964281	0.104989785235944	0.136224444244762	0.18077454679561	0.133931103552485	0.165461740139125	0.170800622562025	0.0981061996336216	0.0837953307320527	0.169050026739746	0.192379072386338	0.2720963466142	0.292713882255621	0.184130194078018	0.352390537077917	0.115589137517274	0.201364548931079	0.228801074445964	0.158664283856223	0.251505130571492
700038485	0.16818785039276	0.167478462707857	0.342640056317075	0.262470402433646	0.189780243202595	0.310245210063703	0.21145666593313	0.304821543992813	0.185454453877495	0.305100368723063	0.241964386139198	0.379339902678979	0.317177453653398	0.214755583169763	0.349966207205918	0.267618973173719	0.292838766726118	0.308079261205779	0.201753143295047	0.204422510553063	0.258445589054962	0.3102246494277	0.196048064781389	0.167195302675685	0.283189961627567	0.0832106947437042	0.211742204126452	0.269004826584777	0.215620693078001	0.270644801175718	0.265061041313476	0.294747921338295	0.234631150348253	0.27061876118291	0	0.196347221488811	0.267693329720467	0.331486505532792	0.149344290332166	0.324388618282764	0.189426185334936	0.322777336222983	0.206165929705688	0.229503299080335	0.283163684071834	0.223201787088833	0.177003302076493	0.300061079897696	0.256807366200197	0.36179079101077	0.327927635454099	0.162150091086626	0.175092447559507	0.176227563777485	0.199242834688393	0.299081511422535	0.238733906890389	0.203474350564891	0.321268985408058	0.213368381634942
700024743	0.144100123674413	0.169967598987434	0.206726096200426	0.29493386515312	0.181516707847268	0.185822643723365	0.142575420796309	0.216752969435153	0.129439153637452	0.175895717827702	0.1191962999892	0.234402574612903	0.201704882912035	0.151509779921647	0.239429066623568	0.181955916670692	0.175326731911147	0.215835509836226	0.144030152057625	0.133743503077106	0.130009232707708	0.181781003375642	0.175273443518517	0.122814776038771	0.17644158562187	0.20128234531841	0.186224352706334	0.302888422118879	0.211249541703769	0.23701502161035	0.144126813607276	0.144771984768147	0.138194573084792	0.164609775071087	0.196347221488811	0	0.22253267556841	0.215600451168261	0.131385910041921	0.270651038907337	0.120268043837928	0.205104905934033	0.126572697245164	0.109155783264362	0.175709993962765	0.15713186238537	0.13879653700783	0.15893875196049	0.150970189663898	0.21773130750026	0.224561566276226	0.163458061288587	0.180884065785686	0.0936439732579827	0.240420274175044	0.169892775726706	0.113125118626417	0.121652198239808	0.186556765990589	0.113753676727231
