700108602	700014971	700033565	700109389	700023058	700023927	700106341	700114221	700023543	700023439	700016978	700024192	700113058	700099448	700109870	700033928	700023693	700109627	700095416	700110425	700111580	700111302	700098605	700111991	700108960	700024452	700032931	700095837	700024548	700110161	700023496	700034628	700023645	700038744	700038485	700024743	700099596	700110760	700101587	700106399	700032322	700095653	700021312	700101230	700023590	700038905	700033136	700023382	700096424	700105469	700016908	700096053	700108479	700109569	700033814	700016125	700109756	700102665	700101777	700109455
700108602	0	0.235087487791491	0.328209545248194	0.228457575979392	0.187097201929031	0.286003263439026	0.105495547701319	0.300350272102152	0.123340458059314	0.2720631735407	0.191409402226517	0.33764049198845	0.300846670134834	0.23927239622739	0.322102498562015	0.199525051669416	0.284441258876555	0.284957422061334	0.138720460767273	0.119978059629108	0.168923963476563	0.235053162262794	0.138718139103495	0.0567535108105261	0.174595827339661	0.167328058327383	0.215889993470691	0.305963200889897	0.284287095026976	0.314771859194311	0.25955127242855	0.244882424707461	0.219184347479295	0.278835753291631	0.154278778779601	0.138008766214647	0.234308417864207	0.309257930472546	0.10769528200205	0.336157709323043	0.137922191845114	0.31334609639472	0.197861109568989	0.179595902515963	0.292126574053278	0.211489426587115	0.181164323509607	0.296201551542665	0.249580644927137	0.310090358871581	0.303715027262044	0.0745400866099369	0.124645223621043	0.153334673216248	0.13265438415391	0.286243611543181	0.182335427389804	0.100641453456291	0.296415488612861	0.148011947935755
700014971	0.235087487791491	0	0.302714919394782	0.345099443080279	0.152281273588202	0.237204807846653	0.270983494079782	0.188972799257569	0.231022624649998	0.191661861673245	0.204610977188956	0.310934685217117	0.206626066693797	0.151107133289222	0.242057045211029	0.264760187083497	0.203214402762386	0.282918946994249	0.241381681820825	0.25507006440619	0.261062172141926	0.24438906326804	0.237866478311982	0.247384725989515	0.317475053750198	0.181915182178405	0.157800567031026	0.191086265272424	0.143784123513899	0.182055775433351	0.194955454044234	0.282702099177739	0.203556309508571	0.194901737792188	0.187666246212793	0.19099424880026	0.248704759078074	0.275751284414889	0.198694188041456	0.223062588344368	0.16713929080988	0.213036947248106	0.163105107860385	0.232690097731257	0.167814136172975	0.178079961286343	0.151992002708017	0.212569537949587	0.210078676093341	0.289426825866976	0.32168493152163	0.234196583468861	0.263149093528644	0.205301713007973	0.299688786979576	0.182761810013488	0.240457343033148	0.261804810478391	0.262737339576227	0.261647926897052
700033565	0.328209545248194	0.302714919394782	0	0.453394904756633	0.324840781432097	0.109231046319065	0.302982965642788	0.201947575598075	0.288406963990814	0.157238620284666	0.182234858963385	0.0749059891993881	0.178077966659079	0.23705067419092	0.204680231697146	0.16406997917356	0.177252653944592	0.119230741188023	0.243850026512023	0.302329899691637	0.24484471256407	0.119004267808782	0.338913877438899	0.303203788035877	0.272942009100142	0.343439432317478	0.233846365724452	0.374464779470083	0.321353596803289	0.235906443478869	0.16402114922883	0.166232548247262	0.180173150668913	0.145210159278629	0.335175774149025	0.238096984751483	0.244121962166701	0.138200975896838	0.291057964665788	0.255492251185904	0.265185405457468	0.138693238888483	0.251543941197022	0.252472272041986	0.242094185647115	0.244196879928531	0.243557691067955	0.186193065093691	0.164680199310251	0.0579483794249996	0.106405523505621	0.324560422768357	0.369805128693568	0.219413677288838	0.39495874004259	0.175422787877791	0.241433658250361	0.282855397075329	0.0876342210901392	0.278048475338351
700109389	0.228457575979392	0.345099443080279	0.453394904756633	0	0.317167140156334	0.430493508496499	0.218469290414757	0.416660475073887	0.300643192459816	0.411486254760854	0.342847000734405	0.457265070348553	0.417874362827145	0.378702954850717	0.432331938714452	0.351792071491789	0.413564370143666	0.439774093652534	0.327535569760547	0.214417453257535	0.301361861234768	0.383200282921783	0.208678030947133	0.25050785968269	0.294057266716018	0.264209729840312	0.366330741548969	0.396504565965884	0.370762118422887	0.412478105660373	0.406197530094959	0.397652105765174	0.351073274761959	0.406185370634975	0.236484280443299	0.293714538506687	0.397299019545156	0.45101028457846	0.26983744433197	0.418386295223482	0.280135673600058	0.426162606786459	0.337768755593903	0.32927581806521	0.39144686380664	0.34155239894387	0.345649358673689	0.413391066550897	0.400428451670292	0.437022723562919	0.431578137961984	0.211516628210161	0.141511480864243	0.329933640630128	0.192635889977339	0.407168926319383	0.280787443695348	0.259225425466387	0.418358689306996	0.287931687561731
700023058	0.187097201929031	0.152281273588202	0.324840781432097	0.317167140156334	0	0.245033720965899	0.231046171005689	0.238603745720147	0.197697815401233	0.232792489868004	0.194508688885157	0.330637154549014	0.265380082188588	0.164869181215656	0.285391013256844	0.23137736307831	0.237595314941355	0.264788590168668	0.189745373072121	0.228157094052922	0.248974520611764	0.255844639800104	0.21427377437025	0.186991672495569	0.294244599905649	0.139917862668722	0.163897589532199	0.245556469089925	0.212238169213818	0.235887688570233	0.228844477548298	0.291223133684743	0.203945151746344	0.226838415563503	0.164982480231727	0.203655066038099	0.195842219062762	0.245370948253904	0.158183098763336	0.285294768288904	0.139392464131086	0.259592446095299	0.15241143018059	0.229990752112353	0.221923314191121	0.194026839236228	0.141848477298518	0.254336459261183	0.19626393091239	0.314030016029115	0.333532759290216	0.194208995725811	0.223578508467	0.178590666268257	0.241042727228123	0.239061341614406	0.246192947356433	0.222206933170372	0.290609715346979	0.233347257702959
700023927	0.286003263439026	0.237204807846653	0.109231046319065	0.430493508496499	0.245033720965899	0	0.287992373139007	0.14996762061582	0.258141179107524	0.0909818141637211	0.138612999687716	0.132480074894889	0.134203081579684	0.152208212209562	0.169278480915013	0.170892213105188	0.11312904702069	0.10225876684609	0.223171647429397	0.26560296348942	0.226179597418193	0.143764003593165	0.299961714668614	0.263824700420507	0.27489015258633	0.294363438506001	0.168782592912113	0.32972142645953	0.248808729907468	0.19077445549829	0.0929228553481595	0.18170770169316	0.137674032738656	0.086388608730615	0.302015697046866	0.19550420339402	0.190036225177324	0.0873671801427666	0.255937850685861	0.201456284724665	0.219470919324829	0.0870982954890484	0.189596769008972	0.211531901799417	0.180343561693114	0.178172057567193	0.17793333495813	0.13456908754331	0.0790988576983902	0.116638570308645	0.182030745229399	0.28966751965605	0.340950103541881	0.186252680310907	0.360169317908887	0.111250748857395	0.202230018119066	0.247099510139811	0.10471259565376	0.26197775773881
700106341	0.105495547701319	0.270983494079782	0.302982965642788	0.218469290414757	0.231046171005689	0.287992373139007	0	0.301420270203198	0.123938908569152	0.26896269725657	0.184098501899311	0.304416609193623	0.286944847717245	0.265797529581439	0.328041405179891	0.178772009074801	0.284757173188816	0.296673750919164	0.134021816122136	0.0743569177059536	0.130128160870059	0.211389154680374	0.148160322633363	0.10465093999391	0.117680172158087	0.234448585912468	0.273099930580783	0.34620215273724	0.319733431161436	0.325152219971552	0.252937707787402	0.201291855016533	0.209595182724886	0.275871972990491	0.207672456002312	0.125282474377474	0.254416377577079	0.300690322639819	0.139298496449879	0.354696332478669	0.163612547868513	0.29691948691664	0.185340723293806	0.160094854173503	0.28779881096378	0.244870608342459	0.209995834422564	0.28156129664694	0.253840793917086	0.279919666067694	0.289283769638881	0.0818240952301768	0.116412989099855	0.153237073112808	0.155231524842161	0.274049836081578	0.145274195722641	0.0922837705284404	0.268813216054001	0.0902283703194663
700114221	0.300350272102152	0.188972799257569	0.201947575598075	0.416660475073887	0.238603745720147	0.14996762061582	0.301420270203198	0	0.27538227592867	0.101200084864465	0.20645915722618	0.224240196790758	0.0754209154543035	0.151528887358349	0.114215841034866	0.253092381756736	0.101549968020083	0.229540672162889	0.267128578260341	0.282210721355152	0.280637975140538	0.223622903310645	0.323811598654979	0.288442864971123	0.338059260231392	0.280205276723597	0.165959774113473	0.269099288845117	0.211622629436562	0.0944139308057203	0.165087142545356	0.258518247691695	0.193498442054402	0.103223759378262	0.276838213549237	0.216713523172355	0.245707735930166	0.14483775461828	0.251775876358575	0.150296635519728	0.200486622372271	0.0980476012122851	0.203226599652064	0.244584317485833	0.119483526360835	0.176718595729318	0.188525250428444	0.099704079260814	0.173086165622592	0.203160555392922	0.276147917429347	0.287994695647918	0.330832091855207	0.232041392768529	0.385726178528345	0.0950040450344953	0.230735827864037	0.301464324013281	0.173195308692537	0.288929658406836
700023543	0.123340458059314	0.231022624649998	0.288406963990814	0.300643192459816	0.197697815401233	0.258141179107524	0.123938908569152	0.27538227592867	0	0.238737765847529	0.162156663791418	0.299741122397729	0.274227621815987	0.234013844064579	0.303518238683542	0.169944559763181	0.248772069421683	0.272193759788877	0.111314227237993	0.147570870160402	0.162316671685494	0.196262512863044	0.179417356329226	0.112165921206244	0.146048306999623	0.215321431081729	0.220576137924253	0.313444945733095	0.307962072600167	0.295418832913773	0.220746338349301	0.18344881596588	0.198061369846816	0.252825369484859	0.195060191590083	0.137875793834946	0.21134639947711	0.282283389522212	0.10342775028939	0.32773821434571	0.144635957117753	0.283692730732207	0.172185903916639	0.111552606620059	0.276527471904812	0.233803419360956	0.170815240856349	0.26627872994119	0.230877496385337	0.272278997740911	0.289547495082052	0.108334833849856	0.177808953744377	0.138103843595399	0.191488374942459	0.260007997881544	0.188706143927783	0.119510006779397	0.269870328992024	0.112015466970749
700023439	0.2720631735407	0.191661861673245	0.157238620284666	0.411486254760854	0.232792489868004	0.0909818141637211	0.26896269725657	0.101200084864465	0.238737765847529	0	0.16188322874151	0.184572262413643	0.085314736759526	0.133168679136118	0.139027794061944	0.207098789591926	0.0639049251372201	0.162092186458571	0.214386522604401	0.246175342850852	0.225015127279812	0.183397643183366	0.287404366827799	0.249687590042797	0.296674406389571	0.278858828504161	0.145834673472179	0.295402528424227	0.219408701786115	0.146170862801964	0.0863263197623611	0.218714623553598	0.156296631554091	0.087237503360664	0.275866141327826	0.171014067554637	0.189495555993445	0.114246263983342	0.224393014735649	0.14224379512968	0.185236473348026	0.0985921995338177	0.176879749275144	0.211833176278202	0.140152842134565	0.145605174206343	0.157326095055161	0.0927294775728731	0.107675767866059	0.158762570095522	0.233850213227483	0.263548910375157	0.317517843154415	0.172971993089935	0.34937636189965	0.0822352744037273	0.183596339544535	0.255043297088814	0.141760710118865	0.247257270341035
700016978	0.191409402226517	0.204610977188956	0.182234858963385	0.342847000734405	0.194508688885157	0.138612999687716	0.184098501899311	0.20645915722618	0.162156663791418	0.16188322874151	0	0.182055151519568	0.188189370140608	0.190452730351339	0.245782337254289	0.0901430223356919	0.182259837115969	0.155823230816382	0.139545934520522	0.157541670997961	0.147198098259627	0.0881738924496766	0.232767382889456	0.164740893292518	0.166680692034989	0.242118785792033	0.18175020486669	0.284681133780732	0.266342482819589	0.235362828791973	0.135638921602877	0.135596097561559	0.0765873869723765	0.142670584090556	0.226933216089833	0.116810022203641	0.175205202024577	0.19246589572483	0.143842243107745	0.263578951261583	0.13948546017642	0.156613156295708	0.116436939885293	0.119927790165795	0.205766526195287	0.181781346692682	0.150022617116041	0.195419812516571	0.131952825004981	0.169885239860574	0.177573953006328	0.189053070350977	0.232569024331913	0.117128376428858	0.265206432981779	0.161665826737127	0.155914717153675	0.14668313630716	0.148703414916843	0.171734404834476
700024192	0.33764049198845	0.310934685217117	0.0749059891993881	0.457265070348553	0.330637154549014	0.132480074894889	0.304416609193623	0.224240196790758	0.299741122397729	0.184572262413643	0.182055151519568	0	0.197167031810365	0.262751129226549	0.215718793866113	0.173704407363081	0.198660979281886	0.146317189890105	0.255769924537222	0.297973923680965	0.241211130640988	0.136547144093203	0.3507165356488	0.316955527140508	0.285775502479184	0.36097572469713	0.268606539341186	0.373278792507075	0.325548043584135	0.269546421407372	0.163714625793504	0.176297728580119	0.176705861686836	0.179909628219011	0.369019154544343	0.24575149378444	0.261372757387691	0.16324559525991	0.305689535447085	0.268078971766623	0.277392622780874	0.148723375206049	0.268940337540927	0.244440642761317	0.240776793985599	0.251548906688153	0.258815354995092	0.188745263811685	0.18963068286727	0.0884001196093744	0.10776485857635	0.334114197520912	0.375107234941308	0.237438745516053	0.412655342767742	0.178878627326727	0.228370533111963	0.292005479271735	0.118615771785533	0.284166441118059
700113058	0.300846670134834	0.206626066693797	0.178077966659079	0.417874362827145	0.265380082188588	0.134203081579684	0.286944847717245	0.0754209154543035	0.274227621815987	0.085314736759526	0.188189370140608	0.197167031810365	0	0.156337240772641	0.11602656929968	0.235969385044017	0.119285364957473	0.200796615583972	0.258285973036541	0.268725359329225	0.267049324010227	0.207526526954504	0.325968686875655	0.283755090530593	0.318224631844298	0.302981831175198	0.177510574490419	0.284484909290896	0.235030750613826	0.128003566149511	0.137228756175463	0.243318140093445	0.182556911177264	0.0959544141184317	0.302001735797425	0.202441277808431	0.234841708475835	0.135637222850935	0.247258321363471	0.165097590820265	0.209030726016565	0.0894964568079158	0.204062148074096	0.230659380161462	0.141204905543994	0.18488042456617	0.206736794227108	0.0973846060960031	0.156801807540161	0.177362879352175	0.248027156247142	0.289073532622459	0.333902290448466	0.227680490414943	0.385716925156616	0.0794295816595571	0.219738641345149	0.283844257755486	0.146928040338083	0.270070703789661
700099448	0.23927239622739	0.151107133289222	0.23705067419092	0.378702954850717	0.164869181215656	0.152208212209562	0.265797529581439	0.151528887358349	0.234013844064579	0.133168679136118	0.190452730351339	0.262751129226549	0.156337240772641	0	0.191325069214213	0.235306737240298	0.143966130001516	0.191097956323041	0.197951930440161	0.246535569675784	0.242981160366602	0.226186008606341	0.256309256938547	0.218930001748581	0.300902889474302	0.201332419328261	0.105242935031347	0.25232824625795	0.171947337186567	0.160367301889755	0.140305224031289	0.267046911472029	0.173937236193519	0.127781037218496	0.229972531508571	0.187023715307145	0.164200241373368	0.168381868165807	0.202095733404543	0.213814072591442	0.163630025860845	0.160094410116829	0.152661611896235	0.233065797021484	0.139886728916443	0.15727161779004	0.107041043664654	0.166004053283855	0.105882591207425	0.23341706904219	0.267223562928185	0.233230606533808	0.296739377704404	0.175209041458547	0.303301255366846	0.144507702251979	0.202847100309289	0.243330085446038	0.20270567615837	0.250300630283986
700109870	0.322102498562015	0.242057045211029	0.204680231697146	0.432331938714452	0.285391013256844	0.169278480915013	0.328041405179891	0.114215841034866	0.303518238683542	0.139027794061944	0.245782337254289	0.215718793866113	0.11602656929968	0.191325069214213	0	0.286844054637734	0.133478954629558	0.253706210628781	0.295540235027132	0.311672981609266	0.281409387552276	0.258873877932665	0.341631724591354	0.319238197043905	0.363616715313306	0.323828010825637	0.219627903945749	0.319118407154261	0.233187775427552	0.137803356352053	0.186592809503336	0.285795877837988	0.241726636072742	0.160732016101799	0.327531625261289	0.256121587986581	0.278112393029042	0.152951658861511	0.289573519893696	0.162726630784181	0.25240711903597	0.126831891384697	0.269256507698859	0.278368522262689	0.155190530043292	0.182144158161864	0.237081813078906	0.110302166746056	0.200755414848951	0.202223247258982	0.278550551130069	0.314184592083576	0.348921813320629	0.263667936074344	0.40021382454385	0.141213255961952	0.237389717214594	0.328503647965911	0.178364489883353	0.316582052483388
700033928	0.199525051669416	0.264760187083497	0.16406997917356	0.351792071491789	0.23137736307831	0.170892213105188	0.178772009074801	0.253092381756736	0.169944559763181	0.207098789591926	0.0901430223356919	0.173704407363081	0.235969385044017	0.235306737240298	0.286844054637734	0	0.226704059863532	0.151705853793335	0.129167919542158	0.195634442210907	0.142165697146791	0.0712288543159781	0.250432502561652	0.166929490754529	0.165166315827642	0.258307946083452	0.231363791885596	0.327816529583075	0.320762266560534	0.277705660828071	0.182183965720104	0.109818417391218	0.100313290414206	0.191687309078047	0.255701694106788	0.176349748898257	0.211784141412454	0.215747697423536	0.172280480440995	0.308162736958286	0.166268563999526	0.198684040899283	0.167550817846833	0.166195819785491	0.252030449028968	0.226497801068188	0.184554842756386	0.242433052392264	0.177315003271268	0.143925575996067	0.152482568863216	0.194755428267604	0.248270447111328	0.136655067709569	0.277103576449766	0.206889693543066	0.190422265806074	0.150103185758771	0.142770786411455	0.155240416768418
700023693	0.284441258876555	0.203214402762386	0.177252653944592	0.413564370143666	0.237595314941355	0.11312904702069	0.284757173188816	0.101549968020083	0.248772069421683	0.0639049251372201	0.182259837115969	0.198660979281886	0.119285364957473	0.143966130001516	0.133478954629558	0.226704059863532	0	0.188782410438515	0.234491684970133	0.263393636507031	0.221326225152929	0.200647559775466	0.295771712356544	0.262977038472552	0.315042788902534	0.282263267069262	0.152891985808865	0.304865068656016	0.200735907988288	0.154540096919005	0.107040266183933	0.235345790021656	0.174378807616569	0.109657493573614	0.278933516161303	0.189035634883247	0.204861883918951	0.134802298258067	0.232027994729448	0.119802740470618	0.192399358062238	0.121928824769121	0.191290303337575	0.22850579471453	0.118706701835997	0.124815954951498	0.159723724773833	0.0827086941127404	0.126194284699034	0.181779134054973	0.252979790349156	0.273601321461012	0.324108887963833	0.191795829464269	0.358442657271423	0.109162391700852	0.182004447967564	0.276995410358471	0.160800226890998	0.262730009850888
700109627	0.284957422061334	0.282918946994249	0.119230741188023	0.439774093652534	0.264788590168668	0.10225876684609	0.296673750919164	0.229540672162889	0.272193759788877	0.162092186458571	0.155823230816382	0.146317189890105	0.200796615583972	0.191097956323041	0.253706210628781	0.151705853793335	0.188782410438515	0	0.223630912619909	0.278452237925972	0.248031022053113	0.126847719363503	0.312613320776447	0.25481501095696	0.269882963961937	0.307084635466321	0.195801011534807	0.356475228661374	0.323152007285465	0.25514789352599	0.128228645296897	0.184013361808553	0.159118792519538	0.153663522097395	0.324840794166477	0.227433976862916	0.170638616728218	0.132792319567025	0.259462781511942	0.277479693835391	0.244023334697782	0.174451530248971	0.207463753705929	0.227997591139486	0.264555882822718	0.249979046563309	0.200025947260918	0.225491816246368	0.111386374753799	0.14306402079114	0.154502157911136	0.305735525678776	0.353825283980987	0.203774554636097	0.34200617007353	0.18966653578622	0.231269109383772	0.256418855940503	0.136347904180522	0.278037597712602
700095416	0.138720460767273	0.241381681820825	0.243850026512023	0.327535569760547	0.189745373072121	0.223171647429397	0.134021816122136	0.267128578260341	0.111314227237993	0.214386522604401	0.139545934520522	0.255769924537222	0.258285973036541	0.197951930440161	0.295540235027132	0.129167919542158	0.234491684970133	0.223630912619909	0	0.163351627338755	0.125450809655674	0.157687204770629	0.190817378499071	0.10925223744977	0.156252337975289	0.196783989663597	0.199510372759261	0.326746280473332	0.281518585700602	0.289623539824035	0.186694073815667	0.160984888471268	0.16737620786384	0.228282668701197	0.206753916681568	0.142943567074757	0.177013355205751	0.22561582310197	0.123051234259116	0.317735461189648	0.139683239452482	0.25994255208424	0.151218316825503	0.161000603180115	0.255278651119544	0.210348485327345	0.132686181359433	0.248967605853753	0.182858087993489	0.227330598811235	0.23762484847272	0.15462869899278	0.214528680504497	0.0745447854916468	0.200661148976007	0.235430583484066	0.163501266174973	0.131157703032518	0.223007523605465	0.125075337808276
700110425	0.119978059629108	0.25507006440619	0.302329899691637	0.214417453257535	0.228157094052922	0.26560296348942	0.0743569177059536	0.282210721355152	0.147570870160402	0.246175342850852	0.157541670997961	0.297973923680965	0.268725359329225	0.246535569675784	0.311672981609266	0.195634442210907	0.263393636507031	0.278452237925972	0.163351627338755	0	0.14204316092024	0.211629995770235	0.143055842878721	0.120780878188738	0.124573764803549	0.246950916715107	0.244806646291549	0.31810265674852	0.304061534094257	0.304443641771623	0.235304905985361	0.227532428118029	0.187590541274525	0.256568945103136	0.204788392281619	0.11149416400598	0.232371012697793	0.291956215964858	0.140450528774282	0.337647628977104	0.160713244296796	0.275308468433532	0.170240165179311	0.13669727620096	0.267339925374015	0.227871701482199	0.192291357173194	0.267213765367407	0.230215666920901	0.280770949174387	0.281916452888961	0.0936133526874512	0.105943116284499	0.158162951111548	0.161541226904282	0.257348804220167	0.11553751163943	0.111286739599265	0.258338690841301	0.125842257363666
700111580	0.168923963476563	0.261062172141926	0.24484471256407	0.301361861234768	0.248974520611764	0.226179597418193	0.130128160870059	0.280637975140538	0.162316671685494	0.225015127279812	0.147198098259627	0.241211130640988	0.267049324010227	0.242981160366602	0.281409387552276	0.142165697146791	0.221326225152929	0.248031022053113	0.125450809655674	0.14204316092024	0	0.15194085179069	0.200672304988213	0.147859635418854	0.120845137828196	0.258807011354706	0.26280906584707	0.36052840472486	0.271088211441063	0.304182962078021	0.186700637563067	0.161928260561609	0.166216756162694	0.238196974086127	0.248445086480382	0.133991091969952	0.241106803619421	0.234957151142694	0.17628159625097	0.300429059879443	0.172356819328624	0.24138751076287	0.182535191775353	0.159220162655755	0.236032739081986	0.189516747244882	0.188871631195656	0.23179305228505	0.196101060682109	0.207784535330172	0.232767237164098	0.149509645549631	0.210336739933299	0.115444524693012	0.235215850680047	0.227666256778035	0.0950316728150367	0.114167989195372	0.201699772176854	0.117781554556947
700111302	0.235053162262794	0.24438906326804	0.119004267808782	0.383200282921783	0.255844639800104	0.143764003593165	0.211389154680374	0.223622903310645	0.196262512863044	0.183397643183366	0.0881738924496766	0.136547144093203	0.207526526954504	0.226186008606341	0.258873877932665	0.0712288543159781	0.200647559775466	0.126847719363503	0.157687204770629	0.211629995770235	0.15194085179069	0	0.267510193138489	0.209662043209304	0.18059692198694	0.283320933779713	0.216300418827252	0.326879784586463	0.309341411600062	0.259306493646492	0.15364882573006	0.0846169288669903	0.103912560742483	0.163154359405498	0.282329170435722	0.170433738957897	0.199443588131342	0.189134440018621	0.200607823677594	0.282243229542701	0.195595566078949	0.168378488236786	0.172198843761718	0.169896022294663	0.236023832816354	0.22384965118227	0.184692700346739	0.209904649653384	0.164249245448939	0.101146449364158	0.122208433961429	0.233251055763524	0.283358804114249	0.13289022796047	0.313618795381662	0.177228158233793	0.183701762683997	0.191098185533243	0.116738486725987	0.190831547066926
700098605	0.138718139103495	0.237866478311982	0.338913877438899	0.208678030947133	0.21427377437025	0.299961714668614	0.148160322633363	0.323811598654979	0.179417356329226	0.287404366827799	0.232767382889456	0.3507165356488	0.325968686875655	0.256309256938547	0.341631724591354	0.250432502561652	0.295771712356544	0.312613320776447	0.190817378499071	0.143055842878721	0.200672304988213	0.267510193138489	0	0.154201679653369	0.209234262482555	0.21724671139734	0.235380936667792	0.332034788030796	0.294122585342141	0.328833157403835	0.268948896956861	0.277258628353774	0.257317178456712	0.302077373941655	0.207348144595882	0.168598638579907	0.26212723165988	0.310455860114532	0.179333577545142	0.334021277846239	0.188920566082903	0.337081286348314	0.233228044415178	0.225144712044333	0.321523558399659	0.235743456411732	0.21189082766893	0.321830146437656	0.263754653345417	0.326968274584761	0.338396645833453	0.149711971338776	0.122747073012639	0.186200671572972	0.131669984819815	0.31267683176589	0.198577467248979	0.189058184046897	0.307765898649572	0.166261530934418
700111991	0.0567535108105261	0.247384725989515	0.303203788035877	0.25050785968269	0.186991672495569	0.263824700420507	0.10465093999391	0.288442864971123	0.112165921206244	0.249687590042797	0.164740893292518	0.316955527140508	0.283755090530593	0.218930001748581	0.319238197043905	0.166929490754529	0.262977038472552	0.25481501095696	0.10925223744977	0.120780878188738	0.147859635418854	0.209662043209304	0.154201679653369	0	0.16166061843038	0.172755935209113	0.215853126294777	0.315757105005503	0.294827165556247	0.311121607704968	0.233027293808954	0.230194639484317	0.193829770645595	0.258037466836985	0.165193333185056	0.125953948548054	0.204200371212901	0.282718042788487	0.102750365438229	0.34103116972971	0.131251422718489	0.293731969955201	0.166715589101303	0.165837615036104	0.278503608692297	0.220750127095384	0.158434121671223	0.279403737686982	0.223366430082732	0.288479655092071	0.281260143611834	0.0910478091472696	0.148944490413735	0.13119337645679	0.137769997677843	0.273501157476288	0.168765026041397	0.0934085885900511	0.275628194035435	0.135489141055677
700108960	0.174595827339661	0.317475053750198	0.272942009100142	0.294057266716018	0.294244599905649	0.27489015258633	0.117680172158087	0.338059260231392	0.146048306999623	0.296674406389571	0.166680692034989	0.285775502479184	0.318224631844298	0.300902889474302	0.363616715313306	0.165166315827642	0.315042788902534	0.269882963961937	0.156252337975289	0.124573764803549	0.120845137828196	0.18059692198694	0.209234262482555	0.16166061843038	0	0.303771863699166	0.303948946973255	0.387845401764376	0.357624563312461	0.359615899634034	0.262760723226187	0.145223986708221	0.203324077135283	0.279726257871379	0.265836224891941	0.153756470618454	0.273675445984416	0.295003187891892	0.18899930921374	0.39054515889566	0.223504439803741	0.292392687883121	0.213455360816997	0.138991541725017	0.322593067984368	0.28815166809207	0.251736027120666	0.320280010544323	0.251811032294368	0.244732219128612	0.246710290504321	0.159820014928458	0.184637214916273	0.163979397758047	0.208836378976684	0.294305908378585	0.177719841448661	0.117474273817411	0.245063689274429	0.106207221677428
700024452	0.167328058327383	0.181915182178405	0.343439432317478	0.264209729840312	0.139917862668722	0.294363438506001	0.234448585912468	0.280205276723597	0.215321431081729	0.278858828504161	0.242118785792033	0.36097572469713	0.302981831175198	0.201332419328261	0.323828010825637	0.258307946083452	0.282263267069262	0.307084635466321	0.196783989663597	0.246950916715107	0.258807011354706	0.283320933779713	0.21724671139734	0.172755935209113	0.303771863699166	0	0.197852307481617	0.250910516973857	0.196813347446785	0.260066886236805	0.266649994207717	0.307434920643215	0.247892175236177	0.274475046176666	0.0954633927589352	0.222950308159956	0.256491822172677	0.30642188444239	0.170210559444331	0.311064707103293	0.147002432884103	0.301844896213439	0.213068779437463	0.261184162447731	0.25397432699694	0.208490774108781	0.156792373148533	0.300448373311673	0.246608208654461	0.331477967450204	0.343905532082583	0.183646728533935	0.212514413828438	0.198086453622542	0.212448679131364	0.280745157861281	0.250976952275226	0.218364583649927	0.311652411527334	0.25369690890549
700032931	0.215889993470691	0.157800567031026	0.233846365724452	0.366330741548969	0.163897589532199	0.168782592912113	0.273099930580783	0.165959774113473	0.220576137924253	0.145834673472179	0.18175020486669	0.268606539341186	0.177510574490419	0.105242935031347	0.219627903945749	0.231363791885596	0.152891985808865	0.195801011534807	0.199510372759261	0.244806646291549	0.26280906584707	0.216300418827252	0.235380936667792	0.215853126294777	0.303948946973255	0.197852307481617	0	0.242115690012208	0.202359093413068	0.187767788940156	0.156265330119897	0.267194294840393	0.176077584666861	0.148750776036814	0.21203012686704	0.180894070941702	0.162259758378634	0.187957622494321	0.189560496288649	0.202057978625345	0.159364101914579	0.19407418959983	0.152427003293043	0.221820655571571	0.181878888169462	0.152534946559852	0.11046146155738	0.180697321753037	0.128299727139427	0.23370797625212	0.278028812989822	0.240438603495751	0.273844220581167	0.179207610535314	0.272907972997037	0.160681230959711	0.229428139525911	0.250219735312235	0.21434910012329	0.264000235488213
700095837	0.305963200889897	0.191086265272424	0.374464779470083	0.396504565965884	0.245556469089925	0.32972142645953	0.34620215273724	0.269099288845117	0.313444945733095	0.295402528424227	0.284681133780732	0.373278792507075	0.284484909290896	0.25232824625795	0.319118407154261	0.327816529583075	0.304865068656016	0.356475228661374	0.326746280473332	0.31810265674852	0.36052840472486	0.326879784586463	0.332034788030796	0.315757105005503	0.387845401764376	0.250910516973857	0.242115690012208	0	0.178240061406097	0.209323482777989	0.308789072856063	0.370519054633327	0.281307231623773	0.273800938689074	0.252384027526056	0.288222973454722	0.315799578550185	0.360444060601038	0.27201833049544	0.322777509369038	0.250938514144573	0.292403279298316	0.268275838832429	0.30424166047301	0.225971119111838	0.277353638996961	0.259938816220291	0.296747876810644	0.309097079229581	0.365573080328259	0.37823544500857	0.311409200735657	0.329696710547044	0.316016475446668	0.370845137625988	0.273344804540922	0.335334041968158	0.336930217807182	0.344662801784351	0.352495171589287
700024548	0.284287095026976	0.143784123513899	0.321353596803289	0.370762118422887	0.212238169213818	0.248808729907468	0.319733431161436	0.211622629436562	0.307962072600167	0.219408701786115	0.266342482819589	0.325548043584135	0.235030750613826	0.171947337186567	0.233187775427552	0.320762266560534	0.200735907988288	0.323152007285465	0.281518585700602	0.304061534094257	0.271088211441063	0.309341411600062	0.294122585342141	0.294827165556247	0.357624563312461	0.196813347446785	0.202359093413068	0.178240061406097	0	0.161575663407523	0.233660853793227	0.34725078229904	0.248708774396436	0.21298036363648	0.20697701286645	0.238541102843101	0.292331626717768	0.280176561625299	0.260868297034402	0.209985089850625	0.213348896156347	0.228979820350651	0.233098282798624	0.306518834112568	0.125147442010736	0.138123534097375	0.209755268801684	0.20107525448016	0.231193853912886	0.318266379762635	0.350038464817728	0.286153627076167	0.312024396945065	0.245664369122399	0.33312905313803	0.217052817892052	0.238368328130942	0.304824890500014	0.282692849599269	0.319082401057568
700110161	0.314771859194311	0.182055775433351	0.235906443478869	0.412478105660373	0.235887688570233	0.19077445549829	0.325152219971552	0.0944139308057203	0.295418832913773	0.146170862801964	0.235362828791973	0.269546421407372	0.128003566149511	0.160367301889755	0.137803356352053	0.277705660828071	0.154540096919005	0.25514789352599	0.289623539824035	0.304443641771623	0.304182962078021	0.259306493646492	0.328833157403835	0.311121607704968	0.359615899634034	0.260066886236805	0.187767788940156	0.209323482777989	0.161575663407523	0	0.197917450565165	0.296880286352208	0.223897938394002	0.139245632275888	0.262236396954988	0.245274027441792	0.26629313974343	0.186306114010124	0.275338563630536	0.195623949002089	0.225187995259507	0.14347505228205	0.22715919264586	0.270893606879072	0.112466452560203	0.20133022477709	0.211616804541108	0.14904128820751	0.191852442648153	0.240558238345502	0.307121108213621	0.302474990427896	0.342270223418755	0.255410579973625	0.393289102502202	0.143585352493155	0.256950671493336	0.319169037068931	0.207630519771471	0.314289298560836
700023496	0.25955127242855	0.194955454044234	0.16402114922883	0.406197530094959	0.228844477548298	0.0929228553481595	0.252937707787402	0.165087142545356	0.220746338349301	0.0863263197623611	0.135638921602877	0.163714625793504	0.137228756175463	0.140305224031289	0.186592809503336	0.182183965720104	0.107040266183933	0.128228645296897	0.186694073815667	0.235304905985361	0.186700637563067	0.15364882573006	0.268948896956861	0.233027293808954	0.262760723226187	0.266649994207717	0.156265330119897	0.308789072856063	0.233660853793227	0.197917450565165	0	0.19517185732596	0.147217617725521	0.112465166463543	0.2784564928285	0.165523099513026	0.161721365176573	0.121374345304442	0.219247227757048	0.194227835354926	0.180382257161343	0.140358358507661	0.156382370618957	0.19869383147212	0.169036431416466	0.157517689233845	0.146767555745884	0.139559499442667	0.0804859512057277	0.159207428998639	0.205038864122096	0.259696647074792	0.311979939721265	0.145360454368919	0.329165259784045	0.119572985076291	0.152897352059679	0.233181369571112	0.141978177571264	0.223394478766819
700034628	0.244882424707461	0.282702099177739	0.166232548247262	0.397652105765174	0.291223133684743	0.18170770169316	0.201291855016533	0.258518247691695	0.18344881596588	0.218714623553598	0.135596097561559	0.176297728580119	0.243318140093445	0.267046911472029	0.285795877837988	0.109818417391218	0.235345790021656	0.184013361808553	0.160984888471268	0.227532428118029	0.161928260561609	0.0846169288669903	0.277258628353774	0.230194639484317	0.145223986708221	0.307434920643215	0.267194294840393	0.370519054633327	0.34725078229904	0.296880286352208	0.19517185732596	0	0.164650591467339	0.209835330076018	0.296601745054315	0.171279000964335	0.254101301079913	0.220615326414241	0.222461646015857	0.312845987274375	0.23492219885552	0.201192843313961	0.215086122072378	0.141403716891739	0.274073912993399	0.262353464741207	0.221541118011854	0.239860778225261	0.205516873799386	0.138605111229548	0.175043586148986	0.237513693289891	0.290381043043252	0.156787922345335	0.319986174959503	0.209300472842362	0.200900271097427	0.185278540499684	0.156359646292316	0.152353840250385
700023645	0.219184347479295	0.203556309508571	0.180173150668913	0.351073274761959	0.203945151746344	0.137674032738656	0.209595182724886	0.193498442054402	0.198061369846816	0.156296631554091	0.0765873869723765	0.176705861686836	0.182556911177264	0.173937236193519	0.241726636072742	0.100313290414206	0.174378807616569	0.159118792519538	0.16737620786384	0.187590541274525	0.166216756162694	0.103912560742483	0.257317178456712	0.193829770645595	0.203324077135283	0.247892175236177	0.176077584666861	0.281307231623773	0.248708774396436	0.223897938394002	0.147217617725521	0.164650591467339	0	0.130715029079415	0.24994628761137	0.149015905336852	0.185337579331166	0.197405886477447	0.171884635613116	0.253678453659807	0.139430533054491	0.146072415598282	0.12606348665683	0.155677827373891	0.18751300620631	0.170131636913729	0.145232183501551	0.179266382707939	0.136500885270095	0.159214471540502	0.169964464983696	0.205310756526881	0.261533821585994	0.153435520819039	0.301951899025284	0.146262766228936	0.171860261955457	0.167517335025804	0.144516235210511	0.204674977976128
700038744	0.278835753291631	0.194901737792188	0.145210159278629	0.406185370634975	0.226838415563503	0.086388608730615	0.275871972990491	0.103223759378262	0.252825369484859	0.087237503360664	0.142670584090556	0.179909628219011	0.0959544141184317	0.127781037218496	0.160732016101799	0.191687309078047	0.109657493573614	0.153663522097395	0.228282668701197	0.256568945103136	0.238196974086127	0.163154359405498	0.302077373941655	0.258037466836985	0.279726257871379	0.274475046176666	0.148750776036814	0.273800938689074	0.21298036363648	0.139245632275888	0.112465166463543	0.209835330076018	0.130715029079415	0	0.270482640577382	0.183478649895212	0.196925251332831	0.125946659043876	0.233376372150487	0.177147732445566	0.189564137609094	0.0747475840437979	0.158098867178202	0.202939737723903	0.134687105269343	0.170671915079197	0.173358835459301	0.106822578046622	0.105482346707057	0.160052624607151	0.218338133168223	0.272231804498683	0.323286585011149	0.195365494073339	0.362299016983855	0.0788397582487429	0.212061147823915	0.235720105262134	0.141918584717072	0.264701968612385
700038485	0.154278778779601	0.187666246212793	0.335175774149025	0.236484280443299	0.164982480231727	0.302015697046866	0.207672456002312	0.276838213549237	0.195060191590083	0.275866141327826	0.226933216089833	0.369019154544343	0.302001735797425	0.229972531508571	0.327531625261289	0.255701694106788	0.278933516161303	0.324840794166477	0.206753916681568	0.204788392281619	0.248445086480382	0.282329170435722	0.207348144595882	0.165193333185056	0.265836224891941	0.0954633927589352	0.21203012686704	0.252384027526056	0.20697701286645	0.262236396954988	0.2784564928285	0.296601745054315	0.24994628761137	0.270482640577382	0	0.179857947374962	0.282561705325671	0.332041798564896	0.139632385933289	0.301158264700404	0.156715510099106	0.304501251852914	0.20538649426031	0.220061678363277	0.252609307951308	0.200608803468003	0.198461548095061	0.30149471098439	0.267715950746686	0.337541742422184	0.343731733832873	0.160912983720702	0.172686829071434	0.20791337348735	0.192491922959164	0.279973505126062	0.239171534437623	0.189876175469992	0.310030259374096	0.231347741745476
700024743	0.138008766214647	0.19099424880026	0.238096984751483	0.293714538506687	0.203655066038099	0.19550420339402	0.125282474377474	0.216713523172355	0.137875793834946	0.171014067554637	0.116810022203641	0.24575149378444	0.202441277808431	0.187023715307145	0.256121587986581	0.176349748898257	0.189035634883247	0.227433976862916	0.142943567074757	0.11149416400598	0.133991091969952	0.170433738957897	0.168598638579907	0.125953948548054	0.153756470618454	0.222950308159956	0.180894070941702	0.288222973454722	0.238541102843101	0.245274027441792	0.165523099513026	0.171279000964335	0.149015905336852	0.183478649895212	0.179857947374962	0	0.203724615439192	0.223922268478908	0.128781651971789	0.267758880125224	0.136395754453509	0.215549845923653	0.135633239621766	0.105879913081462	0.213143776886	0.163625663931034	0.159331670060771	0.208657291091191	0.162723102618637	0.231727980222865	0.24370069793597	0.131907787212528	0.183054919153067	0.120187551910319	0.206976079749033	0.190943610353816	0.12012392587233	0.11685555572925	0.201302569029545	0.11549951194981
