700108602	700014971	700033565	700109389	700023058	700023927	700106341	700114221	700023543	700023439	700016978	700024192	700113058	700099448	700109870	700033928	700023693	700109627	700095416	700110425	700111580	700111302	700098605	700111991	700108960	700024452	700032931	700095837	700024548	700110161	700023496	700034628	700023645	700038744	700038485	700024743	700099596	700110760	700101587	700106399	700032322	700095653	700021312	700101230	700023590	700038905	700033136	700023382	700096424	700105469	700016908	700096053	700108479	700109569	700033814	700016125	700109756	700102665	700101777	700109455
700108602	0	-0.169420770341688	-0.194451229204109	-0.119841383707259	-0.143229339902215	-0.207941760836306	-0.0874699424528134	-0.218404887325711	-0.105857489805507	-0.210164076206198	-0.139162252735242	-0.201111793800227	-0.21963347734642	-0.15137350031563	-0.21264770637648	-0.109964247118028	-0.21103801395315	-0.187033336865952	-0.0820638638177161	-0.0967795522049586	-0.11378654035666	-0.146430477900079	-0.110052302519906	-0.0645389694968979	-0.110963433645966	-0.122158282502495	-0.169265785209233	-0.182789668823421	-0.190023737607723	-0.210534140101295	-0.185268257211237	-0.161812791122689	-0.142274332247574	-0.195709580605639	-0.11951934059701	-0.124879009052743	-0.168166829394852	-0.213340218779854	-0.0852414037456147	-0.250004867361117	-0.105224651476334	-0.206335046816296	-0.149858250793536	-0.141806812062274	-0.180413479695851	-0.141430421862561	-0.126856877887534	-0.200806785597811	-0.163491798722726	-0.175118778115266	-0.136256441921309	-0.0819636899050961	-0.0830642492692786	-0.129509782958276	-0.0910872802595224	-0.198796793882983	-0.120348158092771	-0.0893078378116171	-0.166121372943014	-0.117380565915668
700014971	-0.169420770341688	0	-0.175141050821653	-0.208363677158605	-0.130414925793919	-0.159754619968849	-0.178199129612501	-0.145573397269604	-0.145860463993126	-0.118773624600649	-0.12740281709291	-0.193737041469227	-0.148645927980627	-0.122948346539331	-0.162537688615721	-0.157725621911535	-0.132104734389696	-0.169501147462708	-0.15459651757594	-0.150122418124812	-0.163460801000444	-0.158436984587125	-0.130702289984307	-0.167541805603537	-0.192019598986945	-0.148725390762895	-0.102983888287547	-0.125404680679313	-0.10915997092282	-0.129258421413497	-0.119437450612574	-0.172114343897736	-0.117181146451597	-0.122813451337093	-0.139278312331212	-0.132609154974891	-0.173210342423313	-0.172754090629257	-0.141543185264594	-0.141701703338442	-0.13391007064403	-0.138145254705794	-0.141022568852269	-0.159995947151283	-0.117189426117014	-0.123793717483931	-0.109774368514265	-0.146657111137894	-0.118863299010192	-0.16293111344126	-0.158856843400503	-0.16437599860824	-0.168739292313146	-0.116014866543684	-0.179425995611496	-0.128789064180952	-0.153569202252455	-0.183989429843387	-0.148813629300188	-0.169239880103954
700033565	-0.194451229204109	-0.175141050821653	0	-0.222632467273196	-0.195146278416581	-0.060799813855287	-0.193469427636661	-0.107771164595888	-0.168019990741138	-0.0965550642134195	-0.100746985370494	-0.0616075934865215	-0.110673580870707	-0.142298820773464	-0.1015242260377	-0.127589377216228	-0.108945023754614	-0.0873415644138849	-0.167923788631985	-0.181981989842927	-0.16640177599839	-0.0900621934186507	-0.180999181122276	-0.190872468574897	-0.171733122148443	-0.201874760728792	-0.151554757605317	-0.174859927778267	-0.161670429080265	-0.120136367671813	-0.106664174518111	-0.124460197612393	-0.113954357762059	-0.0919162464601228	-0.19876251755684	-0.127362697486422	-0.146618268334877	-0.102642154949334	-0.180603043641605	-0.154154676113888	-0.151029944957661	-0.0782182176593712	-0.152164874765288	-0.141845950271297	-0.125146416517782	-0.132404280381535	-0.139726193999585	-0.0827934989322304	-0.119021625131934	-0.0806196215049294	-0.0878839384942256	-0.211017006005868	-0.196680487070538	-0.135826126749565	-0.227803814314745	-0.104685014198663	-0.142641569912158	-0.197924242902396	-0.0842424273008083	-0.188586868436994
700109389	-0.119841383707259	-0.208363677158605	-0.222632467273196	0	-0.185674127419114	-0.244558648854474	-0.112447568512958	-0.244615571356234	-0.172006703324979	-0.237903444018493	-0.183992678909792	-0.21982486492755	-0.240748533700427	-0.20631195665437	-0.22347702404728	-0.165462221309758	-0.249338278765822	-0.244296734099551	-0.164001803179003	-0.112029596218057	-0.145791814550882	-0.199347928413772	-0.146174782738181	-0.15270915251057	-0.137168895408806	-0.148751632996203	-0.232747982083474	-0.213537428756993	-0.191720637845406	-0.238922852068751	-0.231844532852207	-0.208853923404583	-0.18596103720573	-0.231376976693783	-0.147185089046265	-0.165184230414262	-0.238754733613589	-0.255716985927206	-0.144158769365401	-0.240682975990419	-0.153393208616675	-0.229440010234427	-0.208708669156481	-0.187236102786739	-0.19668282508721	-0.188594568685876	-0.195298712845774	-0.22878539654646	-0.210285386118215	-0.21072603664562	-0.17882924470841	-0.113399384284621	-0.0776636164164635	-0.192866501083529	-0.131001555937387	-0.225867274506535	-0.122319161642356	-0.109725307128267	-0.181868550053244	-0.154153258705713
700023058	-0.143229339902215	-0.130414925793919	-0.195146278416581	-0.185674127419114	0	-0.18745089978478	-0.150196079780371	-0.182943584017582	-0.132083416388283	-0.173514776666603	-0.133303333525154	-0.2048246021268	-0.191443968004352	-0.136039515829576	-0.186204135985108	-0.144320568821685	-0.1692337108236	-0.169221200654973	-0.131693416286942	-0.15071872668745	-0.16207156097697	-0.175422310154978	-0.140550126252549	-0.142072991173489	-0.183847001099132	-0.134331877573065	-0.143837900782283	-0.169852692147156	-0.159145331332589	-0.174545506039355	-0.15407405089403	-0.194057909646005	-0.140033669835125	-0.167829393220914	-0.124362688713052	-0.1596334743834	-0.148765381066957	-0.163954411455215	-0.111002178964337	-0.204295214631183	-0.122154388333653	-0.179264590239039	-0.112585595194748	-0.17666023564616	-0.158827514636743	-0.152734712715286	-0.116616604190842	-0.180347157798065	-0.14684094880688	-0.194035143998714	-0.166977459181717	-0.144909511097226	-0.145297962458867	-0.119597184650111	-0.159855641117526	-0.186566982026964	-0.170914955885909	-0.164838251734967	-0.174526071711093	-0.152000658320181
700023927	-0.207941760836306	-0.159754619968849	-0.060799813855287	-0.244558648854474	-0.18745089978478	0	-0.215417860296219	-0.108398719887093	-0.174666866638708	-0.0878121434548079	-0.122448669328742	-0.0837976446023249	-0.110876246338407	-0.125314344175487	-0.0997094483271942	-0.143058771735634	-0.0850995695422488	-0.0808004317689752	-0.175911342687586	-0.205607836199047	-0.173267612692223	-0.11648225015829	-0.172188740559579	-0.204588618108907	-0.191964448657067	-0.208061096353004	-0.147477938394275	-0.190067152317967	-0.168402193337644	-0.106967614946949	-0.0842235184248527	-0.147011069089481	-0.13122325034026	-0.091782536212265	-0.203289706950593	-0.156347829549734	-0.14638550963896	-0.0794648542980266	-0.193001005813015	-0.150713186699622	-0.153294474515849	-0.0848754654540548	-0.151770150129017	-0.163425435246153	-0.134495696112499	-0.123869790040092	-0.134686534303776	-0.093417058666241	-0.0944844860271089	-0.0956097510949886	-0.10994912004705	-0.225640996479753	-0.216168358978576	-0.124718213962878	-0.231459733222389	-0.106143394975652	-0.145500167249705	-0.218165539515145	-0.0944556054993977	-0.193897169855907
700106341	-0.0874699424528134	-0.178199129612501	-0.193469427636661	-0.112447568512958	-0.150196079780371	-0.215417860296219	0	-0.219244560749577	-0.100720449619949	-0.215070871982412	-0.131924976530329	-0.183259091664408	-0.215905375141739	-0.180525644664467	-0.207964784821658	-0.121006342795133	-0.22148280751477	-0.219481393200261	-0.108884011081167	-0.0869013704340956	-0.0935886630704706	-0.137318897783998	-0.126168594958966	-0.10694788398677	-0.0788356777023188	-0.159316365652139	-0.212712780644391	-0.209997998278783	-0.195646699216731	-0.221576279669971	-0.193143971350141	-0.118014612048174	-0.153480353840714	-0.210167778407343	-0.151143083753419	-0.101260268225639	-0.208389868049247	-0.229422284104137	-0.0878828199157418	-0.246837667822938	-0.123124364322517	-0.198995110356563	-0.156540256033481	-0.115392492537333	-0.168020431517084	-0.166622120533691	-0.150872747968167	-0.191374419512048	-0.180100916458976	-0.160495844722961	-0.150555180384615	-0.0753505702804503	-0.0748387487483366	-0.139035341224506	-0.124165653104559	-0.194296796266656	-0.108593858856955	-0.0632177913069733	-0.155994769742146	-0.0764338680283754
700114221	-0.218404887325711	-0.145573397269604	-0.107771164595888	-0.244615571356234	-0.182943584017582	-0.108398719887093	-0.219244560749577	0	-0.184884071607415	-0.0673188942253362	-0.140664991380931	-0.124738025002267	-0.0686439512980558	-0.142106944474551	-0.0898954164911564	-0.169649534543843	-0.0631552672650602	-0.137507433481541	-0.193295760491283	-0.197533565987514	-0.192726562179017	-0.151699027989821	-0.192026519207707	-0.215240565563954	-0.225372425448466	-0.216338328010397	-0.1326981728469	-0.160642515723672	-0.134979088577265	-0.106560179698736	-0.114017520283313	-0.172601425038714	-0.125166988929311	-0.108410609413014	-0.215569934350608	-0.159478086083907	-0.173988002848957	-0.0958887278385173	-0.19470110393304	-0.098524337289261	-0.155281453911492	-0.0731158554687207	-0.174235191491353	-0.182096051249772	-0.10556181894272	-0.13242417923449	-0.136483080466058	-0.074576120960828	-0.12874501148135	-0.12914172444511	-0.153084648234469	-0.228068666234941	-0.215846095453685	-0.143903186986815	-0.25497737773521	-0.0800672022039127	-0.159944005378032	-0.230566143811735	-0.12709801250778	-0.204394430734561
700023543	-0.105857489805507	-0.145860463993126	-0.168019990741138	-0.172006703324979	-0.132083416388283	-0.174666866638708	-0.100720449619949	-0.184884071607415	0	-0.172956406292616	-0.108315947805489	-0.171381830047977	-0.184640271583958	-0.141732459801381	-0.187971895367687	-0.0855374153448931	-0.180816167533865	-0.179566746652728	-0.0937493215913674	-0.126958622963418	-0.122322752780489	-0.110086676268668	-0.126225898602468	-0.106558705511207	-0.127338155055037	-0.127048938332816	-0.157176506620987	-0.160470811059475	-0.192435604124691	-0.178201406276721	-0.155534266256428	-0.114173363728744	-0.114078585550134	-0.16512647035609	-0.123837933674451	-0.120429722461502	-0.161241496208739	-0.193715669309412	-0.0793243881080273	-0.224836694665521	-0.0980729336082101	-0.169374358136613	-0.131156524378294	-0.0978874189012884	-0.162354101893304	-0.14489104896102	-0.101582740120615	-0.168751582337652	-0.1592184424541	-0.136209377688229	-0.134528907299341	-0.0916941260883229	-0.112250519164918	-0.117573515751055	-0.142017093746663	-0.159973221856559	-0.142100227060679	-0.101445754455126	-0.147099115297154	-0.096540398070263
700023439	-0.210164076206198	-0.118773624600649	-0.0965550642134195	-0.237903444018493	-0.173514776666603	-0.0878121434548079	-0.215070871982412	-0.0673188942253362	-0.172956406292616	0	-0.12477805643586	-0.121665297122373	-0.0727561333604158	-0.12400021920595	-0.0982614532796368	-0.152402940569754	-0.0724869931441075	-0.114078682288796	-0.185959996087513	-0.192558575670355	-0.180605111396321	-0.14247605712819	-0.181849735587002	-0.204915574556368	-0.211245693728205	-0.203453975550818	-0.119766664156624	-0.144773731943394	-0.124075667587762	-0.0925644152197819	-0.0929757342954672	-0.1688621103084	-0.108378770893324	-0.0789315511211588	-0.200602279381169	-0.149623422640338	-0.159558646954562	-0.0977529785102632	-0.183421338149278	-0.0974711482347846	-0.143079495653442	-0.0648583272186035	-0.155441503076523	-0.174332922151865	-0.0932135994477478	-0.122211402664294	-0.12547838282266	-0.0784694998145083	-0.102703002948194	-0.125067171821156	-0.134174355713598	-0.212883554387446	-0.210642169418282	-0.134995814643436	-0.237346678863984	-0.0763268490122894	-0.15149115695449	-0.215077821807539	-0.115149420169476	-0.193660978339797
700016978	-0.139162252735242	-0.12740281709291	-0.100746985370494	-0.183992678909792	-0.133303333525154	-0.122448669328742	-0.131924976530329	-0.140664991380931	-0.108315947805489	-0.12477805643586	0	-0.113981186653845	-0.140970441938805	-0.125044277694165	-0.152971004883185	-0.0848498614786148	-0.139661301546355	-0.12270231001888	-0.110761879998042	-0.120874744169168	-0.115713229791879	-0.0744965628638421	-0.131634364948591	-0.131406559556652	-0.117956762261499	-0.164721170630497	-0.1325790545487	-0.153720583285563	-0.154747330749179	-0.147431316441592	-0.100404117436115	-0.104994548792629	-0.0676824134927699	-0.108296066064271	-0.154442007231397	-0.0880421945133895	-0.140037711029485	-0.145475623622678	-0.110177098284132	-0.182155928560423	-0.100991009800237	-0.11165542715873	-0.101795667290692	-0.106734749994567	-0.11171072855284	-0.129445490876135	-0.096167188018377	-0.111406382946073	-0.106868493525354	-0.103156869334546	-0.0904345272224193	-0.143644075691258	-0.133344272319127	-0.0753340421092296	-0.165950900663379	-0.118044262878873	-0.124452892454291	-0.136414840913213	-0.090495968733278	-0.131670066682805
700024192	-0.201111793800227	-0.193737041469227	-0.0616075934865215	-0.21982486492755	-0.2048246021268	-0.0837976446023249	-0.183259091664408	-0.124738025002267	-0.171381830047977	-0.121665297122373	-0.113981186653845	0	-0.106635552639607	-0.170275069236362	-0.104270926548025	-0.128916222523912	-0.132109448700562	-0.115578484487375	-0.166309699047319	-0.183173779756931	-0.154476229705947	-0.0857410093145888	-0.181216772883387	-0.208231483093368	-0.16522244963102	-0.217812292214533	-0.183710264089137	-0.190240289200975	-0.174178482994686	-0.149452120163933	-0.114503181803998	-0.106406335338985	-0.115199844021591	-0.11634147516631	-0.219058558959777	-0.133145500500048	-0.171579665095177	-0.122091623404333	-0.192038267756561	-0.151359278001431	-0.155909616587077	-0.082435390503246	-0.169792080535173	-0.13797472412578	-0.115954556273599	-0.146734237149721	-0.154134939772849	-0.0850796090081845	-0.143271033182176	-0.0742132742158911	-0.0987878683342941	-0.218745579327707	-0.196006947684245	-0.143283766845719	-0.247839347172528	-0.107253046411915	-0.131373793607524	-0.200974019061511	-0.0899911496897017	-0.178747205712193
700113058	-0.21963347734642	-0.148645927980627	-0.110673580870707	-0.240748533700427	-0.191443968004352	-0.110876246338407	-0.215905375141739	-0.0686439512980558	-0.184640271583958	-0.0727561333604158	-0.140970441938805	-0.106635552639607	0	-0.151588087842226	-0.0793697496424431	-0.167443275999977	-0.0929801986018154	-0.143589406530086	-0.195278850543227	-0.194106413589967	-0.189605600812078	-0.146562108425472	-0.199126104625385	-0.215864009506522	-0.221603713385329	-0.219354473529463	-0.139650397766007	-0.153064290564684	-0.129304974497407	-0.113264809138675	-0.117571987969487	-0.164698472169491	-0.118553705877494	-0.101970598874866	-0.224174058391446	-0.156916917175776	-0.184325964047578	-0.114088912509604	-0.196298705198247	-0.0984433485386375	-0.155370327532686	-0.0696989516364514	-0.182206288248395	-0.180053296866902	-0.0931359677547327	-0.131563567262705	-0.15729538986895	-0.0643600212123917	-0.134611486200042	-0.12194098566054	-0.159379087939044	-0.228687606718448	-0.215121186801559	-0.157905252376663	-0.264036024048068	-0.0638662985408514	-0.159177032761702	-0.229345366744196	-0.123782335780484	-0.200555643266707
700099448	-0.15137350031563	-0.122948346539331	-0.142298820773464	-0.20631195665437	-0.136039515829576	-0.125314344175487	-0.180525644664467	-0.142106944474551	-0.141732459801381	-0.12400021920595	-0.125044277694165	-0.170275069236362	-0.151588087842226	0	-0.148124788362948	-0.138186870767378	-0.122613673027747	-0.121787157645455	-0.136015759041248	-0.152708349202254	-0.160954311038451	-0.154798632246745	-0.131320425875437	-0.141224979857859	-0.186505937671143	-0.138889868052514	-0.102279349912887	-0.157033228830396	-0.132281004158888	-0.117122680279016	-0.112627982590271	-0.180690583827272	-0.113046002787917	-0.115756171197609	-0.137060221142942	-0.138687560590059	-0.124998205033546	-0.127343197414314	-0.13923657126072	-0.18069306288227	-0.132800932420066	-0.132551483952439	-0.103487281321891	-0.170037300462123	-0.118963469325865	-0.112307827375556	-0.101625862836448	-0.13743537422136	-0.0782229746084115	-0.154958498105173	-0.134660456280147	-0.162839076763416	-0.173776570015496	-0.117109124375319	-0.168658944112512	-0.136342981168492	-0.135782991585662	-0.18313604081141	-0.125558152085584	-0.174196261827226
700109870	-0.21264770637648	-0.162537688615721	-0.1015242260377	-0.22347702404728	-0.186204135985108	-0.0997094483271942	-0.207964784821658	-0.0898954164911564	-0.187971895367687	-0.0982614532796368	-0.152971004883185	-0.104270926548025	-0.0793697496424431	-0.148124788362948	0	-0.171231117610053	-0.0956976460033036	-0.146300871998021	-0.188438104725855	-0.181335042176403	-0.180963335333394	-0.147919624838035	-0.174649567748761	-0.225401360296274	-0.214392620731253	-0.206520476901195	-0.156971111812817	-0.171743415884758	-0.134192332620708	-0.109121159194048	-0.13016750843134	-0.167392320693677	-0.143054433803047	-0.130082771735181	-0.214571242088091	-0.158896972990107	-0.183199648880942	-0.0955632254814651	-0.197134243391017	-0.113489909884432	-0.17370554595069	-0.0751902887801348	-0.19230025306605	-0.175054350786337	-0.115875310546149	-0.127282461135655	-0.159016496271082	-0.0776937984889112	-0.136312420217472	-0.119714924686542	-0.157301993467442	-0.222892241906851	-0.200121853970996	-0.154242317876875	-0.249056247117533	-0.0981764250842483	-0.147933507894087	-0.224201923232532	-0.12050694633583	-0.196740825699794
700033928	-0.109964247118028	-0.157725621911535	-0.127589377216228	-0.165462221309758	-0.144320568821685	-0.143058771735634	-0.121006342795133	-0.169649534543843	-0.0855374153448931	-0.152402940569754	-0.0848498614786148	-0.128916222523912	-0.167443275999977	-0.138186870767378	-0.171231117610053	0	-0.167634170349839	-0.143523228830618	-0.0928933691434392	-0.132718394664113	-0.108167620111436	-0.0855483440083045	-0.132189635128865	-0.104477916140683	-0.122539299757103	-0.148599343638725	-0.151084655055509	-0.152232234747072	-0.175249108391574	-0.170898026010383	-0.129474622457089	-0.114432871706878	-0.0802631517474335	-0.140374996689694	-0.146653454726629	-0.12293371083036	-0.14807836577208	-0.177151470414597	-0.108433752799341	-0.210126859853325	-0.0753292070651617	-0.137331583054022	-0.122947052022324	-0.11715934414746	-0.133004855964195	-0.12829394763856	-0.0932738770563026	-0.13899434184299	-0.131094207328811	-0.105202429258547	-0.084170751997639	-0.122580674511976	-0.11986579436311	-0.114508666241227	-0.161176662622226	-0.135834806309113	-0.120130008030862	-0.11558105693889	-0.110704626373475	-0.109447285367942
700023693	-0.21103801395315	-0.132104734389696	-0.108945023754614	-0.249338278765822	-0.1692337108236	-0.0850995695422488	-0.22148280751477	-0.0631552672650602	-0.180816167533865	-0.0724869931441075	-0.139661301546355	-0.132109448700562	-0.0929801986018154	-0.122613673027747	-0.0956976460033036	-0.167634170349839	0	-0.114244183364139	-0.189014312672804	-0.199728529611488	-0.183988119370063	-0.15558347396454	-0.178822748342558	-0.204347537762206	-0.22818023349379	-0.211494370367637	-0.122953201946796	-0.167900660236669	-0.13407178968529	-0.101115867457784	-0.0894176172160084	-0.17743815319532	-0.132137977580725	-0.100923667963599	-0.198655215717138	-0.161105224660778	-0.149846222984551	-0.0937291565922825	-0.193040692117428	-0.105198468086183	-0.154154910944854	-0.0901551119682298	-0.154379933563097	-0.184409091830534	-0.106329986068741	-0.108166085790238	-0.12536637836652	-0.0776190774117619	-0.103386166223414	-0.136018180616814	-0.144228265585903	-0.226786016210209	-0.217858410831748	-0.12395814888564	-0.241771546818114	-0.100023434748582	-0.160309437605769	-0.230727572642017	-0.130170398051493	-0.205130429169642
700109627	-0.187033336865952	-0.169501147462708	-0.0873415644138849	-0.244296734099551	-0.169221200654973	-0.0808004317689752	-0.219481393200261	-0.137507433481541	-0.179566746652728	-0.114078682288796	-0.12270231001888	-0.115578484487375	-0.143589406530086	-0.121787157645455	-0.146300871998021	-0.143523228830618	-0.114244183364139	0	-0.173804601533847	-0.200205533841126	-0.194093548752526	-0.126302835573272	-0.187930161515293	-0.179886153056767	-0.194966710283271	-0.207569891334673	-0.136951942278697	-0.180554558900118	-0.186135554908952	-0.135933177061663	-0.0935878542579652	-0.165839832427954	-0.130981525620122	-0.0958908701039685	-0.190073419101647	-0.15417955952126	-0.101945082322088	-0.092635653329707	-0.186944033451323	-0.179876274080474	-0.163971627801788	-0.116325458080626	-0.123235786302751	-0.168041567903333	-0.156319078654135	-0.152850921908985	-0.137560886372345	-0.127406193018345	-0.08926202564392	-0.125492649443981	-0.10420121659317	-0.22116837926042	-0.2180039327011	-0.12968777953625	-0.210981873359881	-0.13484729172285	-0.176419950817663	-0.217042421099797	-0.13213832374405	-0.209551643938906
700095416	-0.0820638638177161	-0.15459651757594	-0.167923788631985	-0.164001803179003	-0.131693416286942	-0.175911342687586	-0.108884011081167	-0.193295760491283	-0.0937493215913674	-0.185959996087513	-0.110761879998042	-0.166309699047319	-0.195278850543227	-0.136015759041248	-0.188438104725855	-0.0928933691434392	-0.189014312672804	-0.173804601533847	0	-0.123133836730361	-0.111694433561651	-0.1243453063959	-0.109941955285801	-0.0892451111600554	-0.128084417824682	-0.125343009964556	-0.153212827334488	-0.173083356984132	-0.17530958795152	-0.192921210451875	-0.156018118131393	-0.138193178168063	-0.122742253257777	-0.178680521878547	-0.1214595700555	-0.118002397179004	-0.156397570728615	-0.185588443204698	-0.090441509141455	-0.231091741601271	-0.086807450713317	-0.180448775598614	-0.12196932432859	-0.129928841012315	-0.155658971880533	-0.119094415461356	-0.103830314652667	-0.177518173929526	-0.144954182913443	-0.150186241348391	-0.119797960805423	-0.112184331986044	-0.114133339056682	-0.099743911992318	-0.119926994298549	-0.170352693022791	-0.120787929537119	-0.120736705070782	-0.146769486747329	-0.124083580549197
700110425	-0.0967795522049586	-0.150122418124812	-0.181981989842927	-0.112029596218057	-0.15071872668745	-0.205607836199047	-0.0869013704340956	-0.197533565987514	-0.126958622963418	-0.192558575670355	-0.120874744169168	-0.183173779756931	-0.194106413589967	-0.152708349202254	-0.181335042176403	-0.132718394664113	-0.199728529611488	-0.200205533841126	-0.123133836730361	0	-0.103468661886167	-0.138809272848018	-0.10671641888519	-0.120522890859925	-0.0914048447716356	-0.158373577240032	-0.174644284186645	-0.171034535289186	-0.166031221918589	-0.18543439702501	-0.179350193445164	-0.156151206752718	-0.131352025209261	-0.183299688696469	-0.144072538140181	-0.0919259529976627	-0.188487258306777	-0.214632813410677	-0.100987530207815	-0.221495524909285	-0.122664576740838	-0.177474592089259	-0.149000714053634	-0.117724576042204	-0.147599937091563	-0.152976189563447	-0.138105419039395	-0.177203473032918	-0.15605360205207	-0.163429332419343	-0.148957662551817	-0.0886836164329102	-0.0609064970531988	-0.131238679944998	-0.132454966493381	-0.173315974044503	-0.0909873768429342	-0.0890008471215029	-0.144148958103636	-0.116350786945737
700111580	-0.11378654035666	-0.163460801000444	-0.16640177599839	-0.145791814550882	-0.16207156097697	-0.173267612692223	-0.0935886630704706	-0.192726562179017	-0.122322752780489	-0.180605111396321	-0.115713229791879	-0.154476229705947	-0.189605600812078	-0.160954311038451	-0.180963335333394	-0.108167620111436	-0.183988119370063	-0.194093548752526	-0.111694433561651	-0.103468661886167	0	-0.109619040795052	-0.104674058041127	-0.117944776603671	-0.073594033059853	-0.174547341165484	-0.197484742074571	-0.208888197660319	-0.161184906934414	-0.207419142974895	-0.159526014013044	-0.121363162591411	-0.124215722509009	-0.190738411196323	-0.171074089139947	-0.106307334093854	-0.200969403938171	-0.195239667819853	-0.121202135964763	-0.21948717079689	-0.109598670909739	-0.164410639011326	-0.147156405790878	-0.120038813757719	-0.131896950037724	-0.126700277242108	-0.121468409767664	-0.153487858199911	-0.147588638345197	-0.129099932245402	-0.122104322551871	-0.11010372356858	-0.10777909410172	-0.109099554030461	-0.14529738580344	-0.16635048239723	-0.0797710076744112	-0.0858960836573693	-0.122230494145247	-0.0966089946785755
700111302	-0.146430477900079	-0.158436984587125	-0.0900621934186507	-0.199347928413772	-0.175422310154978	-0.11648225015829	-0.137318897783998	-0.151699027989821	-0.110086676268668	-0.14247605712819	-0.0744965628638421	-0.0857410093145888	-0.146562108425472	-0.154798632246745	-0.147919624838035	-0.0855483440083045	-0.15558347396454	-0.126302835573272	-0.1243453063959	-0.138809272848018	-0.109619040795052	0	-0.144788252205718	-0.146693237706075	-0.111846511647814	-0.186766328393873	-0.160353157603863	-0.178145649215838	-0.184071252976664	-0.164233233414758	-0.120184577475491	-0.0651875639698644	-0.0894421736490564	-0.12732409598994	-0.184488151937214	-0.0992605830346495	-0.159513787667708	-0.157128096790747	-0.142409762163912	-0.190755022309107	-0.127611421783633	-0.110353532934665	-0.135188005643276	-0.0926471337360839	-0.130206313100953	-0.15203597510445	-0.119004571268649	-0.111999179827523	-0.135931074406239	-0.0554635793398878	-0.0829601048460801	-0.155581036899393	-0.149307810534967	-0.110361408837056	-0.190796127990777	-0.115525420036567	-0.123637652331496	-0.141308737895767	-0.0866831723360164	-0.130827156971066
700098605	-0.110052302519906	-0.130702289984307	-0.180999181122276	-0.146174782738181	-0.140550126252549	-0.172188740559579	-0.126168594958966	-0.192026519207707	-0.126225898602468	-0.181849735587002	-0.131634364948591	-0.181216772883387	-0.199126104625385	-0.131320425875437	-0.174649567748761	-0.132189635128865	-0.178822748342558	-0.187930161515293	-0.109941955285801	-0.10671641888519	-0.104674058041127	-0.144788252205718	0	-0.116233026523333	-0.139636594787173	-0.132721969324864	-0.154008667841048	-0.170547427726595	-0.160030722205929	-0.184117441829351	-0.157190256905771	-0.167731536364459	-0.133929715229381	-0.182242139385491	-0.134520911609543	-0.121217185311602	-0.17572904009439	-0.181574625551418	-0.108648140878794	-0.209179344669475	-0.117451666569066	-0.176577275558008	-0.149635909884035	-0.13770174051593	-0.162845615557829	-0.11787763504605	-0.117781731065492	-0.178834898740592	-0.15126307061942	-0.160106840281788	-0.148173387907677	-0.118719110749162	-0.115174518698332	-0.113219040340652	-0.114133302923974	-0.180966568565715	-0.118201947720476	-0.134449159655836	-0.14365143388268	-0.121695833380559
700111991	-0.0645389694968979	-0.167541805603537	-0.190872468574897	-0.15270915251057	-0.142072991173489	-0.204588618108907	-0.10694788398677	-0.215240565563954	-0.106558705511207	-0.204915574556368	-0.131406559556652	-0.208231483093368	-0.215864009506522	-0.141224979857859	-0.225401360296274	-0.104477916140683	-0.204347537762206	-0.179886153056767	-0.0892451111600554	-0.120522890859925	-0.117944776603671	-0.146693237706075	-0.116233026523333	0	-0.12517361568531	-0.124509886951695	-0.156702189770841	-0.181026413849682	-0.195792390465348	-0.210714220286303	-0.178544194669254	-0.165472862654311	-0.136918353589587	-0.190585269796182	-0.122390631096578	-0.127200574306423	-0.166382968214111	-0.209890762258449	-0.0911522836564641	-0.256262759071542	-0.100350830193485	-0.2099817198198	-0.127533422285309	-0.139128784329578	-0.176903424978105	-0.140596547613292	-0.115235243309896	-0.204124133429717	-0.161094117061884	-0.177654459145661	-0.141469682350503	-0.10011808482271	-0.115376165222498	-0.129750080597968	-0.0937032310825798	-0.195580187234959	-0.144434796447809	-0.105427891876718	-0.166606720738628	-0.12637911474242
700108960	-0.110963433645966	-0.192019598986945	-0.171733122148443	-0.137168895408806	-0.183847001099132	-0.191964448657067	-0.0788356777023188	-0.225372425448466	-0.127338155055037	-0.211245693728205	-0.117956762261499	-0.16522244963102	-0.221603713385329	-0.186505937671143	-0.214392620731253	-0.122539299757103	-0.22818023349379	-0.194966710283271	-0.128084417824682	-0.0914048447716356	-0.073594033059853	-0.111846511647814	-0.139636594787173	-0.12517361568531	0	-0.195683756292714	-0.218190975597886	-0.225076525146855	-0.205464404737517	-0.221109600619462	-0.187692810072732	-0.105664708667742	-0.148595998498361	-0.200018253325596	-0.179914866260867	-0.100419355309088	-0.205798225209157	-0.22511243304719	-0.121052511880234	-0.256287199106858	-0.141486728974438	-0.187173155916805	-0.16003596603542	-0.104168795517496	-0.168985964340688	-0.178812086572576	-0.152339907492245	-0.188181024193494	-0.170263756287669	-0.133152692000271	-0.122947543571503	-0.104662079658489	-0.0936834272459208	-0.132655203776336	-0.13479171965191	-0.190609492729888	-0.100786625201974	-0.0732128096641894	-0.132587122107948	-0.0928272433344399
700024452	-0.122158282502495	-0.148725390762895	-0.201874760728792	-0.148751632996203	-0.134331877573065	-0.208061096353004	-0.159316365652139	-0.216338328010397	-0.127048938332816	-0.203453975550818	-0.164721170630497	-0.217812292214533	-0.219354473529463	-0.138889868052514	-0.206520476901195	-0.148599343638725	-0.211494370367637	-0.207569891334673	-0.125343009964556	-0.158373577240032	-0.174547341165484	-0.186766328393873	-0.132721969324864	-0.124509886951695	-0.195683756292714	0	-0.154686406139969	-0.152786423904998	-0.150373099704665	-0.189981592938536	-0.197436874949342	-0.206434679087219	-0.159960770396952	-0.196029009837716	-0.0624255222030346	-0.153780397948325	-0.202555303619238	-0.211096133723137	-0.110515176263647	-0.216658950041242	-0.130558717540016	-0.206124712267711	-0.164911017942599	-0.17866119134828	-0.177646933995118	-0.140132247040384	-0.128916870482613	-0.209566926593382	-0.174677694266956	-0.197145899173001	-0.178396983751951	-0.126654624973465	-0.141502569509946	-0.156880611508922	-0.128624865520654	-0.204465673964454	-0.16567425591762	-0.171191795671898	-0.168342632424398	-0.179170204375378
700032931	-0.169265785209233	-0.102983888287547	-0.151554757605317	-0.232747982083474	-0.143837900782283	-0.147477938394275	-0.212712780644391	-0.1326981728469	-0.157176506620987	-0.119766664156624	-0.1325790545487	-0.183710264089137	-0.139650397766007	-0.102279349912887	-0.156971111812817	-0.151084655055509	-0.122953201946796	-0.136951942278697	-0.153212827334488	-0.174644284186645	-0.197484742074571	-0.160353157603863	-0.154008667841048	-0.156702189770841	-0.218190975597886	-0.154686406139969	0	-0.116768421732323	-0.138562875848077	-0.112342562126947	-0.121851887109587	-0.189463498143305	-0.116893755430758	-0.103949560453598	-0.15365837649478	-0.160379472685827	-0.14147375367501	-0.140898255256322	-0.16205064914181	-0.147786539352177	-0.148464273170894	-0.127931349286434	-0.131591265539094	-0.178401508488622	-0.125836254843445	-0.135127366575261	-0.116081965210649	-0.138135536398305	-0.115828042170925	-0.161527227514892	-0.159342080792881	-0.19119661623431	-0.191346027882008	-0.131870368358625	-0.186731688268829	-0.128176905894312	-0.17973842694282	-0.216848125170949	-0.144394909391225	-0.204339544721826
700095837	-0.182789668823421	-0.125404680679313	-0.174859927778267	-0.213537428756993	-0.169852692147156	-0.190067152317967	-0.209997998278783	-0.160642515723672	-0.160470811059475	-0.144773731943394	-0.153720583285563	-0.190240289200975	-0.153064290564684	-0.157033228830396	-0.171743415884758	-0.152232234747072	-0.167900660236669	-0.180554558900118	-0.173083356984132	-0.171034535289186	-0.208888197660319	-0.178145649215838	-0.170547427726595	-0.181026413849682	-0.225076525146855	-0.152786423904998	-0.116768421732323	0	-0.113004118477718	-0.118701860243134	-0.162849225452966	-0.207038257555571	-0.128662410058504	-0.126965064117454	-0.154145815142916	-0.170868709904892	-0.177216133644841	-0.199103082717677	-0.155744077965228	-0.159902015151885	-0.147288862943164	-0.150818426121926	-0.178330791370287	-0.180507014687158	-0.139436773759641	-0.153355180947921	-0.148049143460261	-0.163365840187679	-0.162361056965689	-0.178798571529679	-0.1710472487258	-0.18600046663542	-0.18458816584965	-0.177022746352835	-0.204802400366369	-0.145787245929395	-0.186442320806845	-0.213059844449599	-0.16537741196288	-0.20661923353976
700024548	-0.190023737607723	-0.10915997092282	-0.161670429080265	-0.191720637845406	-0.159145331332589	-0.168402193337644	-0.195646699216731	-0.134979088577265	-0.192435604124691	-0.124075667587762	-0.154747330749179	-0.174178482994686	-0.129304974497407	-0.132281004158888	-0.134192332620708	-0.175249108391574	-0.13407178968529	-0.186135554908952	-0.17530958795152	-0.166031221918589	-0.161184906934414	-0.184071252976664	-0.160030722205929	-0.195792390465348	-0.205464404737517	-0.150373099704665	-0.138562875848077	-0.113004118477718	0	-0.119061553121862	-0.15083002531216	-0.205771283947281	-0.138518147392637	-0.130912193939642	-0.151992420059945	-0.148751106770017	-0.199964781610904	-0.168897025720812	-0.162348111351872	-0.120465972374676	-0.148936586308631	-0.124053017746643	-0.178476158071173	-0.201504083206044	-0.0866371835744305	-0.0989762761242746	-0.14933535481754	-0.132687022748783	-0.140429151186465	-0.180512515541074	-0.165164917708952	-0.189573236572218	-0.177404727962014	-0.147237537204874	-0.207982449479218	-0.143055660837697	-0.145631508367005	-0.206163037026539	-0.143578536095201	-0.203741623439594
700110161	-0.210534140101295	-0.129258421413497	-0.120136367671813	-0.238922852068751	-0.174545506039355	-0.106967614946949	-0.221576279669971	-0.106560179698736	-0.178201406276721	-0.0925644152197819	-0.147431316441592	-0.149452120163933	-0.113264809138675	-0.117122680279016	-0.109121159194048	-0.170898026010383	-0.101115867457784	-0.135933177061663	-0.192921210451875	-0.18543439702501	-0.207419142974895	-0.164233233414758	-0.184117441829351	-0.210714220286303	-0.221109600619462	-0.189981592938536	-0.112342562126947	-0.118701860243134	-0.119061553121862	0	-0.116814327258297	-0.189123114269093	-0.139768615671501	-0.0834460472845028	-0.184830789598205	-0.169342838723408	-0.155172750251381	-0.113992613786738	-0.187021197976281	-0.13102196095439	-0.166091654472657	-0.0976979410664653	-0.161826475957072	-0.182850399142366	-0.123307027685443	-0.147966524653808	-0.14867140754126	-0.114581178854556	-0.112997355051307	-0.146368637227321	-0.160309533599558	-0.211928612933462	-0.212538275597511	-0.145061614107443	-0.238097754720553	-0.113586406950924	-0.171168612007367	-0.225479179635332	-0.138530438211082	-0.208392993981198
700023496	-0.185268257211237	-0.119437450612574	-0.106664174518111	-0.231844532852207	-0.15407405089403	-0.0842235184248527	-0.193143971350141	-0.114017520283313	-0.155534266256428	-0.0929757342954672	-0.100404117436115	-0.114503181803998	-0.117571987969487	-0.112627982590271	-0.13016750843134	-0.129474622457089	-0.0894176172160084	-0.0935878542579652	-0.156018118131393	-0.179350193445164	-0.159526014013044	-0.120184577475491	-0.157190256905771	-0.178544194669254	-0.187692810072732	-0.197436874949342	-0.121851887109587	-0.162849225452966	-0.15083002531216	-0.116814327258297	0	-0.147978942360431	-0.09727782235346	-0.0866196320779507	-0.184070786932537	-0.139336110368192	-0.126786581348106	-0.110418078724277	-0.169360100371243	-0.151905912196648	-0.123962739110561	-0.0932940526731892	-0.117099059303121	-0.157663827972429	-0.104355414759159	-0.116653270830466	-0.109080262527939	-0.0944128444074737	-0.0734191118178563	-0.116656683777362	-0.107271566530263	-0.20294063706605	-0.196275956752635	-0.0983765095172908	-0.218414035430624	-0.101456897918965	-0.141482303465146	-0.200066811600655	-0.117338605553948	-0.178353044854337
700034628	-0.161812791122689	-0.172114343897736	-0.124460197612393	-0.208853923404583	-0.194057909646005	-0.147011069089481	-0.118014612048174	-0.172601425038714	-0.114173363728744	-0.1688621103084	-0.104994548792629	-0.106406335338985	-0.164698472169491	-0.180690583827272	-0.167392320693677	-0.114432871706878	-0.17743815319532	-0.165839832427954	-0.138193178168063	-0.156151206752718	-0.121363162591411	-0.0651875639698644	-0.167731536364459	-0.165472862654311	-0.105664708667742	-0.206434679087219	-0.189463498143305	-0.207038257555571	-0.205771283947281	-0.189123114269093	-0.147978942360431	0	-0.12267631042233	-0.157546543660858	-0.201102224382944	-0.104075164557282	-0.19091794522308	-0.177042353733234	-0.162267977266202	-0.206427709446943	-0.152917672956193	-0.136818222765462	-0.151544668871726	-0.0831870034837025	-0.148612104459642	-0.171356696580881	-0.136998768426766	-0.131023282567895	-0.161879940911554	-0.0767110517400105	-0.122513966985204	-0.159841829953013	-0.160258526282499	-0.137042110566061	-0.199722770105043	-0.132722215501102	-0.131148476713776	-0.1350130443474	-0.111088862733427	-0.107612417921948
700023645	-0.142274332247574	-0.117181146451597	-0.113954357762059	-0.18596103720573	-0.140033669835125	-0.13122325034026	-0.153480353840714	-0.125166988929311	-0.114078585550134	-0.108378770893324	-0.0676824134927699	-0.115199844021591	-0.118553705877494	-0.113046002787917	-0.143054433803047	-0.0802631517474335	-0.132137977580725	-0.130981525620122	-0.122742253257777	-0.131352025209261	-0.124215722509009	-0.0894421736490564	-0.133929715229381	-0.136918353589587	-0.148595998498361	-0.159960770396952	-0.116893755430758	-0.128662410058504	-0.138518147392637	-0.139768615671501	-0.09727782235346	-0.12267631042233	0	-0.0982066958741907	-0.161759622669819	-0.107427875321345	-0.14105990038968	-0.155342054035788	-0.124510675507669	-0.161820551301468	-0.0964991932324218	-0.0987764010947492	-0.104584767714986	-0.124698144421889	-0.0926160470837215	-0.11733151875365	-0.0921209813512685	-0.0956271842894369	-0.110644821221996	-0.097232603530699	-0.0917896221041071	-0.150517292959199	-0.151493496334706	-0.10731921871711	-0.192406980931214	-0.0913025860364725	-0.124113188695684	-0.151529631376419	-0.0899363803135267	-0.141895335739878
700038744	-0.195709580605639	-0.122813451337093	-0.0919162464601228	-0.231376976693783	-0.167829393220914	-0.091782536212265	-0.210167778407343	-0.108410609413014	-0.16512647035609	-0.0789315511211588	-0.108296066064271	-0.11634147516631	-0.101970598874866	-0.115756171197609	-0.130082771735181	-0.140374996689694	-0.100923667963599	-0.0958908701039685	-0.178680521878547	-0.183299688696469	-0.190738411196323	-0.12732409598994	-0.182242139385491	-0.190585269796182	-0.200018253325596	-0.196029009837716	-0.103949560453598	-0.126965064117454	-0.130912193939642	-0.0834460472845028	-0.0866196320779507	-0.157546543660858	-0.0982066958741907	0	-0.183637428509253	-0.145032716708085	-0.136188765044755	-0.111704760229417	-0.172162192385896	-0.132241970151216	-0.151275744056661	-0.0827649099127135	-0.13271041875158	-0.166390124250414	-0.0983771122222984	-0.135867053834859	-0.137312333862335	-0.095689055474722	-0.0934027813032446	-0.122700504661819	-0.120477743252522	-0.207592377085831	-0.206586337110186	-0.130739200145084	-0.229129345688708	-0.0906355651637297	-0.164320727868615	-0.211401259856815	-0.121510615021913	-0.19988334342575
