700108602	700014971	700033565	700109389	700023058	700023927	700106341	700114221	700023543	700023439	700016978	700024192	700113058	700099448	700109870	700033928	700023693	700109627	700095416	700110425	700111580	700111302	700098605	700111991	700108960	700024452	700032931	700095837	700024548	700110161	700023496	700034628	700023645	700038744	700038485	700024743	700099596	700110760	700101587	700106399	700032322	700095653	700021312	700101230	700023590	700038905	700033136	700023382	700096424	700105469	700016908	700096053	700108479	700109569	700033814	700016125	700109756	700102665	700101777	700109455
700108602	0	-0.157376930581253	-0.19301315712356	-0.115170074504003	-0.149510015579094	-0.205253463214377	-0.0721176374300219	-0.229511606550761	-0.086642851770158	-0.206796001545373	-0.136091899816838	-0.20091156607705	-0.212022144848944	-0.154755640043356	-0.214738933321656	-0.106623772148539	-0.21207578706943	-0.195819530669961	-0.0997922968580081	-0.0910470930775401	-0.107551417007874	-0.146936964236839	-0.108956298632226	-0.0598122493448447	-0.103474707690928	-0.125262844867084	-0.169861854543188	-0.178457560716935	-0.185386441956351	-0.202170007023661	-0.190421548752806	-0.150708127161175	-0.138890393928548	-0.185002546340204	-0.111120634220021	-0.115950044264436	-0.164940804993027	-0.214013782305211	-0.086947924894425	-0.250220884628857	-0.106156031537868	-0.206488720734177	-0.143425531181457	-0.138355415379502	-0.18763886960797	-0.15233592061073	-0.146983022974382	-0.197304938886475	-0.165511102543802	-0.172819810604547	-0.134775662874106	-0.0805880361873219	-0.0870912623794354	-0.105240153866213	-0.105594833196717	-0.202725384683851	-0.123427516556158	-0.0704381125500884	-0.163814726699845	-0.109452733653698
700014971	-0.157376930581253	0	-0.158593749963994	-0.216278682754321	-0.125957185399278	-0.142087759432997	-0.166804777693541	-0.126399177352148	-0.138838455390129	-0.11275297199968	-0.105721190104209	-0.183670305142468	-0.124425153908125	-0.105601969590104	-0.155654886200892	-0.157489078161932	-0.113430794021039	-0.160145052705303	-0.157061919277477	-0.155919823350397	-0.15409073226723	-0.136683900010638	-0.137107397018697	-0.157573286854334	-0.180231408514865	-0.157616160946037	-0.0960780950830092	-0.126351895018099	-0.120694902724476	-0.122819554717385	-0.106324091855591	-0.147868600557292	-0.113716499186987	-0.113864171722657	-0.153011326974128	-0.114595883282144	-0.144966604835979	-0.160145131554984	-0.127908808717925	-0.141977610281467	-0.128949007394231	-0.129797280839036	-0.129031229397102	-0.140803192588422	-0.113074241416303	-0.118926704999708	-0.103941830694268	-0.125504305532303	-0.108390448836508	-0.147593022690331	-0.155355192237097	-0.164799914109393	-0.164769306065029	-0.106117884516688	-0.183051100440993	-0.129017981383383	-0.146798602559545	-0.170055843940959	-0.144896961235537	-0.155779220484612
700033565	-0.19301315712356	-0.158593749963994	0	-0.224417900837031	-0.178932374939534	-0.0751006966964698	-0.198232923620344	-0.120043494388146	-0.177429250871737	-0.0959530908571494	-0.104307288751395	-0.0756212013735736	-0.100430057302109	-0.141534087994135	-0.0986015943344284	-0.134917111632886	-0.117915445244724	-0.100540213969674	-0.170943317825407	-0.172557900496882	-0.16852255378669	-0.0881397780284601	-0.181534862575207	-0.170749816264366	-0.172775959544502	-0.189148776344561	-0.159044981115345	-0.18406447253305	-0.175030864517628	-0.105935168435544	-0.098091354004467	-0.127919385652282	-0.10975592777179	-0.0844624624557726	-0.200953399501199	-0.133102703025435	-0.155285179071424	-0.0976166447290151	-0.172372471610041	-0.151482727377115	-0.162436514789244	-0.0891583100886328	-0.145405324899068	-0.14741133200925	-0.121312200484896	-0.130232003818719	-0.157747071511027	-0.0961333117919588	-0.115547751706738	-0.0711123446850637	-0.0945318300650965	-0.212946663198412	-0.201289748901967	-0.141655177952873	-0.227230703978245	-0.101611275085228	-0.151986985200063	-0.201276487904297	-0.0876677036239953	-0.178836020372466
700109389	-0.115170074504003	-0.216278682754321	-0.224417900837031	0	-0.195743918854705	-0.251609947336405	-0.111225564439219	-0.252574703881063	-0.175931298418915	-0.243114325226983	-0.192815549856386	-0.223710605087395	-0.243316337787759	-0.206811086524966	-0.225994991604499	-0.163884745945725	-0.251028264213537	-0.249615683612486	-0.184299840800419	-0.117935883261999	-0.146282535887276	-0.196820402207022	-0.140505287365398	-0.136080292294249	-0.141473680654836	-0.150934335329407	-0.232746672473787	-0.217336516416785	-0.198914311601712	-0.240478523795938	-0.231754666449762	-0.20690555238899	-0.179248307396565	-0.230075342278213	-0.14640297173526	-0.168404861899858	-0.230457212075677	-0.257371684539265	-0.15608730309863	-0.248718650265273	-0.16158313978258	-0.238817202835248	-0.204454314868445	-0.188821552073229	-0.214556702328496	-0.186566525735561	-0.209166735638525	-0.223516311915595	-0.214745396274057	-0.209739639245647	-0.170006287059604	-0.112831049979694	-0.0808322995168242	-0.176002988211499	-0.13165258030176	-0.238768890797455	-0.130027123872046	-0.122527366783389	-0.182865999877861	-0.16540825101652
700023058	-0.149510015579094	-0.125957185399278	-0.178932374939534	-0.195743918854705	0	-0.158149494310063	-0.162466800905352	-0.187348034921415	-0.127995794651051	-0.161515910732835	-0.142318319667216	-0.190259169337364	-0.183297467056683	-0.129539073722096	-0.168800763722018	-0.142612000363657	-0.158468549832621	-0.159220644981281	-0.143079060395367	-0.15967739784933	-0.160638799516468	-0.155632242219925	-0.139738614007564	-0.144067223188308	-0.192501785603643	-0.13393490432795	-0.131351650238883	-0.171350788031069	-0.155759519347202	-0.166337363842581	-0.162098739869447	-0.185300184797187	-0.140086378979748	-0.152198648553656	-0.133211301006917	-0.152386630319118	-0.119323856243047	-0.150009822728493	-0.117267557589459	-0.197067399020014	-0.119196815684582	-0.173154061879254	-0.121253151110098	-0.163298833970305	-0.152821571387508	-0.128948404056149	-0.115064480883334	-0.162675545722652	-0.13510575212218	-0.171238967276338	-0.161685846633535	-0.153370340258891	-0.153906389347211	-0.127057753952805	-0.162269777080128	-0.182527164434952	-0.15582089940155	-0.167350311760255	-0.163860758152004	-0.159546275511458
700023927	-0.205253463214377	-0.142087759432997	-0.0751006966964698	-0.251609947336405	-0.158149494310063	0	-0.222116979478204	-0.121148071012555	-0.182211171942433	-0.0839075276620004	-0.126542283569	-0.102093156026501	-0.102687032423305	-0.109381363652616	-0.104529906509991	-0.152763474896831	-0.104220191917126	-0.0683172955399111	-0.182152607516647	-0.195728135098771	-0.181145114869531	-0.122721848650983	-0.181381666343212	-0.185665766390996	-0.202257117172437	-0.193764761673259	-0.137609914779437	-0.195754155752095	-0.165210125670475	-0.100268042642008	-0.0837632171417023	-0.158356955197937	-0.12745980915815	-0.0723900548071366	-0.2041713162441	-0.156343853911652	-0.130962265359285	-0.0584686016220393	-0.182816953774336	-0.146910133210151	-0.157072971217808	-0.0938758693736648	-0.123131460082238	-0.168989591806127	-0.127251740247488	-0.121587128679962	-0.144783742903187	-0.112136378895899	-0.0722056527363186	-0.0973663801873457	-0.13199791745462	-0.232016659097453	-0.222584126851346	-0.138825076077886	-0.232313969176704	-0.104342786041882	-0.16243543464512	-0.218427057575012	-0.112660751321199	-0.195473110595126
700106341	-0.0721176374300219	-0.166804777693541	-0.198232923620344	-0.111225564439219	-0.162466800905352	-0.222116979478204	0	-0.22791507339731	-0.0973393251927603	-0.212674769605541	-0.138223294523441	-0.188253735339726	-0.210227843566351	-0.183123772173926	-0.210931686033349	-0.121954780142503	-0.220068142070581	-0.223588403923168	-0.120990261007576	-0.0840809464399762	-0.0939736166196605	-0.139542933934088	-0.123034365610975	-0.0971213624871626	-0.0823409230315833	-0.163227954631025	-0.206712058216306	-0.202174972577831	-0.205026950752313	-0.218351258040008	-0.19408222996225	-0.119839112251871	-0.142873705156078	-0.199041015136475	-0.139872843764571	-0.107168215010814	-0.192510966634143	-0.230500605972899	-0.096444539450159	-0.247094981272249	-0.125861632441433	-0.204702716169449	-0.155290119634264	-0.115417912548816	-0.185192970992448	-0.168801675549617	-0.177865353758107	-0.187965958611419	-0.185687760075161	-0.165751654248428	-0.140512826404674	-0.0785389617827355	-0.0764191389542818	-0.115559339642363	-0.13099135060329	-0.196877263395297	-0.114051119991417	-0.0649143087198873	-0.15956370781309	-0.0773493323048894
700114221	-0.229511606550761	-0.126399177352148	-0.120043494388146	-0.252574703881063	-0.187348034921415	-0.121148071012555	-0.22791507339731	0	-0.210369673533347	-0.0811837421066942	-0.153681898096077	-0.134862377861396	-0.070293087879111	-0.152250276856764	-0.0930137987016997	-0.19059367577504	-0.0788145864030528	-0.161452583893409	-0.223533617038899	-0.207212162572331	-0.212290018690672	-0.159235344683063	-0.206896669211927	-0.216937100339465	-0.236792951918638	-0.206127426766807	-0.144958680261214	-0.156442245144908	-0.13957115725584	-0.0961522329564132	-0.110145449150065	-0.180858865237164	-0.136528714544962	-0.112896659573183	-0.21935266598512	-0.170675647096149	-0.186553793992554	-0.113023148138108	-0.200154294624546	-0.0850792338559107	-0.17039918950444	-0.0756097097785974	-0.183333320309259	-0.17961061805142	-0.101609203627387	-0.145938197558603	-0.137589326103198	-0.093925375458484	-0.149341040601475	-0.130561006739792	-0.164022125300936	-0.235973593019281	-0.225401524986889	-0.185971052468199	-0.261756656481568	-0.0849375985850125	-0.175908872769741	-0.248161986044472	-0.138565853690383	-0.207443734185799
700023543	-0.086642851770158	-0.138838455390129	-0.177429250871737	-0.175931298418915	-0.127995794651051	-0.182211171942433	-0.0973393251927603	-0.210369673533347	0	-0.182153437227859	-0.116361242505536	-0.18161505473283	-0.192739660322542	-0.146418369581827	-0.190965182654416	-0.0929018532889458	-0.188545574870611	-0.191693461816105	-0.0961115152578148	-0.117786794052532	-0.122657009351356	-0.128250230668665	-0.105909324059558	-0.0884201817727766	-0.128753793752194	-0.135052715146089	-0.149675686735004	-0.160869198860687	-0.192860945931797	-0.180954413805396	-0.164185786233929	-0.113039329413638	-0.13456407047281	-0.167392253247826	-0.115311845442949	-0.122268527334989	-0.154155025392868	-0.190900309888913	-0.0824403188963022	-0.2302990196018	-0.115887696023628	-0.186843370882367	-0.137325114913684	-0.09791314472116	-0.174218186347983	-0.152725917816641	-0.121592942958651	-0.174341213556432	-0.160451800112463	-0.150257624732742	-0.145280288755009	-0.104120221533089	-0.109549811785894	-0.109506035692213	-0.122887555453017	-0.181586999911809	-0.145082635052474	-0.0957096891237886	-0.151513102079283	-0.09427566274085
700023439	-0.206796001545373	-0.11275297199968	-0.0959530908571494	-0.243114325226983	-0.161515910732835	-0.0839075276620004	-0.212674769605541	-0.0811837421066942	-0.182153437227859	0	-0.124756349210876	-0.123443454001162	-0.0641801295014589	-0.117700861472769	-0.0966568766021653	-0.159223627128652	-0.0653498239962354	-0.123398739734539	-0.19054293384892	-0.190826138766681	-0.178834827748961	-0.137792101660088	-0.184318088831711	-0.183245152591805	-0.215357474436437	-0.195660449337886	-0.129237603369113	-0.160103423921834	-0.13471021897702	-0.0839768637348789	-0.0734892833732553	-0.163188017798354	-0.10994920252692	-0.0731167010632615	-0.204196703292877	-0.144764141899452	-0.152511950927341	-0.0934223861396634	-0.180233042877814	-0.0956625352079483	-0.136406830545309	-0.070350367934161	-0.152052315196629	-0.167299726949923	-0.0881794155809362	-0.110993011948994	-0.122522207043072	-0.0732450711081608	-0.103460208743716	-0.113591214703251	-0.142666583846138	-0.219824748186021	-0.21438666332687	-0.141739566227408	-0.239172305514916	-0.0743375822148717	-0.155937722808072	-0.213818589713691	-0.121194138301786	-0.192319773792954
700016978	-0.136091899816838	-0.105721190104209	-0.104307288751395	-0.192815549856386	-0.142318319667216	-0.126542283569	-0.138223294523441	-0.153681898096077	-0.116361242505536	-0.124756349210876	0	-0.120354678515509	-0.122090517327215	-0.117463502370737	-0.152519946222423	-0.093858302316136	-0.13679521686348	-0.13360779589242	-0.126789147080856	-0.114231580587114	-0.121543416707118	-0.0635075139273088	-0.134790807864949	-0.118680248737397	-0.125024113585968	-0.167629522286271	-0.128985982303371	-0.138587411462508	-0.155449764156474	-0.134964810763715	-0.0875107399511479	-0.101884201941869	-0.0640325433822628	-0.0976816177583754	-0.157792449168925	-0.083319508155689	-0.128532202069101	-0.155038018004908	-0.114038071829129	-0.178309650047442	-0.112494514516667	-0.117179281157449	-0.0979431648978779	-0.104923678671505	-0.115311171927459	-0.139180344785532	-0.130863661998308	-0.110014915806986	-0.116159330525576	-0.0994534674054414	-0.0926189890061549	-0.153056809595717	-0.142874446789081	-0.0957469221094188	-0.174125512349373	-0.115013458316641	-0.134662662620779	-0.137677681140435	-0.108649244283001	-0.130429299923814
700024192	-0.20091156607705	-0.183670305142468	-0.0756212013735736	-0.223710605087395	-0.190259169337364	-0.102093156026501	-0.188253735339726	-0.134862377861396	-0.18161505473283	-0.123443454001162	-0.120354678515509	0	-0.110081661319239	-0.172690281902666	-0.105081764372269	-0.133760127701074	-0.140888232299732	-0.123401666853289	-0.172140587566677	-0.171784655461875	-0.157344561158558	-0.086390620093434	-0.194174124331613	-0.184775004980816	-0.163288543614135	-0.213894684478374	-0.191389777181173	-0.198106886614334	-0.190082696534411	-0.143874720173162	-0.104580989475158	-0.116782354294148	-0.116197372031109	-0.118905161296428	-0.2171915582944	-0.145096929127655	-0.178724623245951	-0.122308495898949	-0.185139626784444	-0.156767857905894	-0.16523190870542	-0.0909219248565852	-0.163896957535561	-0.140516965785534	-0.124919264012482	-0.155643195051724	-0.171989566955097	-0.107108089822169	-0.144948434111653	-0.0709512772134292	-0.0942841229246641	-0.22106025854861	-0.205088195240471	-0.150311541648516	-0.247379291643999	-0.103021283671574	-0.141316330955745	-0.20451550640122	-0.0969357803332721	-0.176465682735033
700113058	-0.212022144848944	-0.124425153908125	-0.100430057302109	-0.243316337787759	-0.183297467056683	-0.102687032423305	-0.210227843566351	-0.070293087879111	-0.192739660322542	-0.0641801295014589	-0.122090517327215	-0.110081661319239	0	-0.134049933295325	-0.0952915666671439	-0.165173789786954	-0.0954885812974952	-0.136258734432357	-0.203631482461899	-0.186586947116096	-0.188574808587145	-0.131255094789725	-0.193968614428541	-0.195325138208126	-0.213117205559902	-0.200725102929827	-0.142991538198249	-0.145134638845367	-0.140097684366704	-0.0958567077627392	-0.0802180711491337	-0.156590112239986	-0.11234354205277	-0.0850445897569282	-0.213563832082769	-0.151726645699674	-0.169188147910141	-0.113018260682544	-0.185896655731943	-0.0951712035783284	-0.152658013247877	-0.0597525207357423	-0.172753905279546	-0.162889002497542	-0.0882393612120058	-0.136414549092062	-0.145444217406719	-0.0740368227109458	-0.127752910600096	-0.10875860695678	-0.138739114552116	-0.22531426598416	-0.215277889937295	-0.168272440708591	-0.251897028438263	-0.0596802579290554	-0.16255538958319	-0.223905877565	-0.117727091092535	-0.188082000092469
700099448	-0.154755640043356	-0.105601969590104	-0.141534087994135	-0.206811086524966	-0.129539073722096	-0.109381363652616	-0.183123772173926	-0.152250276856764	-0.146418369581827	-0.117700861472769	-0.117463502370737	-0.172690281902666	-0.134049933295325	0	-0.150953185683798	-0.139621627762155	-0.118762779082427	-0.128544462781903	-0.141670999547649	-0.156148616626691	-0.156243427215653	-0.142740375755683	-0.133023201128453	-0.144805611253252	-0.185053118306945	-0.141417501319831	-0.100395615913341	-0.155195345041356	-0.126582420229425	-0.110588459172353	-0.109443546550363	-0.172984854875108	-0.104934338504607	-0.100066244089036	-0.150013961714355	-0.13378467570534	-0.121666622753278	-0.127504751400537	-0.12979469697755	-0.174000979334107	-0.121530263726053	-0.134438354539838	-0.108682593260674	-0.167922925026259	-0.117892653532042	-0.115490249932358	-0.111718260894533	-0.1322506750128	-0.0731977198370595	-0.146278279216127	-0.140128016379983	-0.172146762063045	-0.174643204237102	-0.114355531212087	-0.172417377736004	-0.141880574179415	-0.132890792644675	-0.17002320698874	-0.130026065585312	-0.166383216330634
700109870	-0.214738933321656	-0.155654886200892	-0.0986015943344284	-0.225994991604499	-0.168800763722018	-0.104529906509991	-0.210931686033349	-0.0930137987016997	-0.190965182654416	-0.0966568766021653	-0.152519946222423	-0.105081764372269	-0.0952915666671439	-0.150953185683798	0	-0.174270536194307	-0.108114873341599	-0.151846315374678	-0.206413280584222	-0.188252167162138	-0.177520552362941	-0.142104851602234	-0.182596334477154	-0.206842653627753	-0.211542587058436	-0.196776955721654	-0.160337026198829	-0.188645400822286	-0.148432195150427	-0.10603810275092	-0.121293858506809	-0.164552629353882	-0.138127573681262	-0.123887948491949	-0.213257395889559	-0.16065211377994	-0.185120269654513	-0.0974214105428344	-0.188328172657779	-0.112656715036168	-0.16476644822529	-0.0727777226695396	-0.185934572821438	-0.168048066431694	-0.105839165730179	-0.123510995242478	-0.147896357448346	-0.085260766565661	-0.131468906219929	-0.106863955951434	-0.147766156965886	-0.223472199134747	-0.204476689491358	-0.170844041736001	-0.242560720527173	-0.0952756980978913	-0.141334862701628	-0.229292084552205	-0.115823261365416	-0.190293169190458
700033928	-0.106623772148539	-0.157489078161932	-0.134917111632886	-0.163884745945725	-0.142612000363657	-0.152763474896831	-0.121954780142503	-0.19059367577504	-0.0929018532889458	-0.159223627128652	-0.093858302316136	-0.133760127701074	-0.165173789786954	-0.139621627762155	-0.174270536194307	0	-0.170260848732739	-0.150246597102221	-0.105593580817443	-0.122670807733419	-0.11391172223249	-0.098101831973988	-0.121057025208775	-0.0813117385853865	-0.127418209050065	-0.138723984707589	-0.154338866344509	-0.15299992272389	-0.180206570613393	-0.163679594290697	-0.131619127912695	-0.120850531993614	-0.0890710881174021	-0.138555917690856	-0.139311081519127	-0.129280480823747	-0.140665515625856	-0.173713920790703	-0.112319406066077	-0.214554102403753	-0.0929991501323709	-0.149776602011061	-0.123300122731617	-0.124041089059604	-0.147248924201604	-0.140223558204816	-0.121038301692111	-0.150338198904137	-0.142326880844102	-0.110269312721122	-0.0950294510359057	-0.127275505702205	-0.124564342049287	-0.115533684874678	-0.159414407736772	-0.148889359428043	-0.138525394934091	-0.105169344446622	-0.11745250472938	-0.120183521684953
700023693	-0.21207578706943	-0.113430794021039	-0.117915445244724	-0.251028264213537	-0.158468549832621	-0.104220191917126	-0.220068142070581	-0.0788145864030528	-0.188545574870611	-0.0653498239962354	-0.13679521686348	-0.140888232299732	-0.0954885812974952	-0.118762779082427	-0.108114873341599	-0.170260848732739	0	-0.131940841499159	-0.200173714267875	-0.198804945707416	-0.181740144216789	-0.149530851810336	-0.18677100064098	-0.197588748913742	-0.227343018560277	-0.198527002151784	-0.129689620515672	-0.165342895566894	-0.120808467509841	-0.0980591768194719	-0.0896134949463048	-0.176244741547896	-0.124320143952593	-0.095502294663467	-0.205354656021312	-0.159878502308848	-0.152979260778744	-0.113992658213093	-0.181066579984915	-0.0911029434539732	-0.142680528334649	-0.0839133448112729	-0.15593596879255	-0.17534562804931	-0.0794074483044432	-0.112645838799722	-0.112964386791962	-0.0817806009565857	-0.112447680432696	-0.128557247545682	-0.156606942445741	-0.223915908514342	-0.217097977526608	-0.144671877832333	-0.244977314072249	-0.105399767513843	-0.159012552814316	-0.22699182686096	-0.145937201271571	-0.200347261294923
700109627	-0.195819530669961	-0.160145052705303	-0.100540213969674	-0.249615683612486	-0.159220644981281	-0.0683172955399111	-0.223588403923168	-0.161452583893409	-0.191693461816105	-0.123398739734539	-0.13360779589242	-0.123401666853289	-0.136258734432357	-0.128544462781903	-0.151846315374678	-0.150246597102221	-0.131940841499159	0	-0.174772417204387	-0.192587077224369	-0.199142453314575	-0.130866208638615	-0.192145866375155	-0.173760383438775	-0.194474891564689	-0.209582548021178	-0.145880413165346	-0.200504185576425	-0.201826150778115	-0.127889575631793	-0.107811681593066	-0.169751922696609	-0.138860523338441	-0.105017015082716	-0.210974272638626	-0.164662591317665	-0.113784037930178	-0.0851911868898766	-0.185809455327387	-0.185269875860449	-0.171682551326379	-0.134102440898463	-0.11774100618113	-0.17448847862591	-0.163222463453226	-0.158036243921445	-0.165980429115545	-0.155408890106601	-0.102656671303359	-0.125690265756173	-0.124453323603245	-0.23028479366949	-0.224663151202539	-0.152306103137027	-0.219057887608233	-0.139060451745055	-0.185589575547738	-0.214957186703829	-0.145339993110299	-0.204203612975545
700095416	-0.0997922968580081	-0.157061919277477	-0.170943317825407	-0.184299840800419	-0.143079060395367	-0.182152607516647	-0.120990261007576	-0.223533617038899	-0.0961115152578148	-0.19054293384892	-0.126789147080856	-0.172140587566677	-0.203631482461899	-0.141670999547649	-0.206413280584222	-0.105593580817443	-0.200173714267875	-0.174772417204387	0	-0.130426771857463	-0.115528737960651	-0.124138544512036	-0.134043252189817	-0.0878439788580956	-0.119334909625567	-0.141793549189275	-0.154950696847639	-0.18132270917809	-0.190105479061797	-0.196865612533341	-0.172606432880468	-0.12564740452369	-0.126578052121456	-0.170597474466353	-0.129660793316219	-0.122458027712853	-0.144942741218091	-0.184320135698389	-0.102801673655842	-0.245375161531142	-0.119256014064988	-0.199498468810061	-0.12346897658635	-0.138597160781738	-0.179643487273499	-0.139169267439954	-0.142367203041847	-0.183745129515757	-0.149386340405494	-0.148525862184308	-0.126777947809819	-0.139238613597613	-0.136605695308828	-0.0976135510880485	-0.129400304724527	-0.185221534036693	-0.13541620441159	-0.114879481817135	-0.146754455480078	-0.123622552560627
700110425	-0.0910470930775401	-0.155919823350397	-0.172557900496882	-0.117935883261999	-0.15967739784933	-0.195728135098771	-0.0840809464399762	-0.207212162572331	-0.117786794052532	-0.190826138766681	-0.114231580587114	-0.171784655461875	-0.186586947116096	-0.156148616626691	-0.188252167162138	-0.122670807733419	-0.198804945707416	-0.192587077224369	-0.130426771857463	0	-0.0883302254229066	-0.12661805345958	-0.111118566978663	-0.0979868704645944	-0.0783540433223179	-0.161892826132655	-0.182471476355706	-0.17731925425249	-0.18640681163924	-0.182094050965985	-0.1711196682371	-0.137270981027483	-0.119916362270878	-0.174184886001987	-0.149468754335932	-0.0923342596414589	-0.171377302464598	-0.20470152955681	-0.103682497958609	-0.229841810451182	-0.111180077706274	-0.177091916152188	-0.135589757460533	-0.0929557296080958	-0.158971795136441	-0.16170696030333	-0.157634480809456	-0.167911858359141	-0.156914701109846	-0.148502769458836	-0.123059950581521	-0.0872591185684937	-0.0735719153098097	-0.109339282612254	-0.133428827362222	-0.17612072784063	-0.0819098963009044	-0.0795683487542241	-0.136808226920315	-0.103254585580723
700111580	-0.107551417007874	-0.15409073226723	-0.16852255378669	-0.146282535887276	-0.160638799516468	-0.181145114869531	-0.0939736166196605	-0.212290018690672	-0.122657009351356	-0.178834827748961	-0.121543416707118	-0.157344561158558	-0.188574808587145	-0.156243427215653	-0.177520552362941	-0.11391172223249	-0.181740144216789	-0.199142453314575	-0.115528737960651	-0.0883302254229066	0	-0.118294609773934	-0.115320922945708	-0.107124951568684	-0.0790279687088705	-0.178780495646455	-0.189714690629379	-0.202326749101929	-0.167938355945756	-0.202302177496472	-0.165800058745842	-0.116194965145906	-0.119184497220085	-0.181747296325718	-0.162687302463626	-0.105593998048168	-0.185810106334634	-0.195907016099312	-0.121658004934845	-0.218316538266569	-0.106490135593085	-0.170470395649738	-0.141383119748067	-0.125368040128295	-0.147428140484372	-0.124414989821304	-0.152239076266954	-0.154841388700495	-0.137968231192272	-0.13547370970844	-0.114079625353778	-0.113627941977673	-0.104818819184712	-0.0812160464754467	-0.15338472836389	-0.171203411867434	-0.0802497116316	-0.089631142991055	-0.120190335258944	-0.094947959336279
700111302	-0.146936964236839	-0.136683900010638	-0.0881397780284601	-0.196820402207022	-0.155632242219925	-0.122721848650983	-0.139542933934088	-0.159235344683063	-0.128250230668665	-0.137792101660088	-0.0635075139273088	-0.086390620093434	-0.131255094789725	-0.142740375755683	-0.142104851602234	-0.098101831973988	-0.149530851810336	-0.130866208638615	-0.124138544512036	-0.12661805345958	-0.118294609773934	0	-0.145455859911487	-0.124974260815314	-0.121143212056813	-0.185233256906114	-0.15035258246649	-0.165542931768802	-0.18403664469784	-0.153513649973222	-0.104238627549888	-0.0867296118483302	-0.0802286044260675	-0.112111201735061	-0.175019386798166	-0.105548690141259	-0.138291360554264	-0.153247058189912	-0.127450902778137	-0.182194976104734	-0.128303387619718	-0.12056385715302	-0.1124815118879	-0.115471089490278	-0.128863526841714	-0.143700323796403	-0.151276689656476	-0.113822105994784	-0.122204883953064	-0.0611901359878075	-0.0719970915696331	-0.168697853439246	-0.155742281252376	-0.099718119928734	-0.194563772123192	-0.112937273703584	-0.124192718102606	-0.153392144332664	-0.0870079885272831	-0.124584416478152
700098605	-0.108956298632226	-0.137107397018697	-0.181534862575207	-0.140505287365398	-0.139738614007564	-0.181381666343212	-0.123034365610975	-0.206896669211927	-0.105909324059558	-0.184318088831711	-0.134790807864949	-0.194174124331613	-0.193968614428541	-0.133023201128453	-0.182596334477154	-0.121057025208775	-0.18677100064098	-0.192145866375155	-0.134043252189817	-0.111118566978663	-0.115320922945708	-0.145455859911487	0	-0.106170227046739	-0.145049724238773	-0.131267968154155	-0.14517424187408	-0.151225930355232	-0.161525233545941	-0.178144084061065	-0.170900468414568	-0.161568039720388	-0.140949008811069	-0.169218788902341	-0.114816887073252	-0.126977357878189	-0.155143424797059	-0.191114526982384	-0.0902330206574125	-0.205893687003905	-0.112133847698688	-0.193331086475328	-0.145816566982173	-0.140075566517528	-0.181385937983416	-0.127509354122982	-0.138109358073284	-0.180337500086524	-0.15129855012771	-0.164133603758225	-0.151894513319522	-0.114757141564951	-0.103696558544699	-0.105248417458696	-0.101126105089228	-0.187640257189018	-0.126501838750458	-0.119775188543534	-0.157759548814863	-0.106200203206102
700111991	-0.0598122493448447	-0.157573286854334	-0.170749816264366	-0.136080292294249	-0.144067223188308	-0.185665766390996	-0.0971213624871626	-0.216937100339465	-0.0884201817727766	-0.183245152591805	-0.118680248737397	-0.184775004980816	-0.195325138208126	-0.144805611253252	-0.206842653627753	-0.0813117385853865	-0.197588748913742	-0.173760383438775	-0.0878439788580956	-0.0979868704645944	-0.107124951568684	-0.124974260815314	-0.106170227046739	0	-0.112155907773866	-0.130223836673965	-0.166559280122722	-0.168348101920153	-0.181799377726537	-0.188146562761845	-0.170070849326606	-0.139845167744967	-0.126341739201322	-0.162692693430719	-0.116569476919221	-0.1111556902747	-0.146625281281159	-0.197850942425953	-0.0901004266363907	-0.239584196788505	-0.0960404881852286	-0.196604679164664	-0.128704222916837	-0.133296192959225	-0.178098450535285	-0.138820027099963	-0.131832065764755	-0.181957172035775	-0.152182661086589	-0.155378139091388	-0.11997571228754	-0.101949424873089	-0.100365490300145	-0.0920485817613362	-0.114121489549684	-0.183108925100882	-0.128802215347476	-0.0803457339741592	-0.150293436432105	-0.111008204656516
700108960	-0.103474707690928	-0.180231408514865	-0.172775959544502	-0.141473680654836	-0.192501785603643	-0.202257117172437	-0.0823409230315833	-0.236792951918638	-0.128753793752194	-0.215357474436437	-0.125024113585968	-0.163288543614135	-0.213117205559902	-0.185053118306945	-0.211542587058436	-0.127418209050065	-0.227343018560277	-0.194474891564689	-0.119334909625567	-0.0783540433223179	-0.0790279687088705	-0.121143212056813	-0.145049724238773	-0.112155907773866	0	-0.20078284632776	-0.215267220648893	-0.219129606886753	-0.213152519499029	-0.212951265720051	-0.187847627245906	-0.102829696547009	-0.135040678465101	-0.195811000830503	-0.175398050289698	-0.106116953735609	-0.200437743055966	-0.221630180945968	-0.122052850501938	-0.258384353748665	-0.146704194629756	-0.195661124195037	-0.153846577924678	-0.111578408192672	-0.186524528844771	-0.177391781373786	-0.202042292085969	-0.195790546924298	-0.173214590171281	-0.141693015134107	-0.107703309155636	-0.111564753669465	-0.0975351512853904	-0.104576005134377	-0.145872966779841	-0.196798939482271	-0.101460111837539	-0.0830301786984067	-0.130558072063198	-0.0935883549515347
700024452	-0.125262844867084	-0.157616160946037	-0.189148776344561	-0.150934335329407	-0.13393490432795	-0.193764761673259	-0.163227954631025	-0.206127426766807	-0.135052715146089	-0.195660449337886	-0.167629522286271	-0.213894684478374	-0.200725102929827	-0.141417501319831	-0.196776955721654	-0.138723984707589	-0.198527002151784	-0.209582548021178	-0.141793549189275	-0.161892826132655	-0.178780495646455	-0.185233256906114	-0.131267968154155	-0.130223836673965	-0.20078284632776	0	-0.149406034158626	-0.141846093307668	-0.132887170163215	-0.181037001053956	-0.193657878828141	-0.202237250194255	-0.153805931843204	-0.178454741805092	-0.0568437792166482	-0.155426802251041	-0.179281407416257	-0.20292330760404	-0.112822846168922	-0.21008128786641	-0.129055462081659	-0.198153183082321	-0.166434925702083	-0.180706785967016	-0.176699383762371	-0.132169009260009	-0.127961730378059	-0.192430938450296	-0.166383377897645	-0.184678762323196	-0.175066749320521	-0.1267071075617	-0.138335798789892	-0.155651999629769	-0.130000879147331	-0.202174101883199	-0.164988092280298	-0.158825422908113	-0.167277205103948	-0.182137653671025
700032931	-0.169861854543188	-0.0960780950830092	-0.159044981115345	-0.232746672473787	-0.131351650238883	-0.137609914779437	-0.206712058216306	-0.144958680261214	-0.149675686735004	-0.129237603369113	-0.128985982303371	-0.191389777181173	-0.142991538198249	-0.100395615913341	-0.160337026198829	-0.154338866344509	-0.129689620515672	-0.145880413165346	-0.154950696847639	-0.182471476355706	-0.189714690629379	-0.15035258246649	-0.14517424187408	-0.166559280122722	-0.215267220648893	-0.149406034158626	0	-0.135869166853828	-0.150489866410082	-0.131724451599907	-0.125195085800111	-0.176260173934163	-0.134529349584512	-0.121554007996089	-0.166970904143945	-0.157608385951593	-0.120103492497596	-0.135380913468183	-0.144107967787829	-0.163290781813888	-0.143992442777798	-0.151171044522579	-0.132734155336977	-0.16769952023567	-0.143658803123978	-0.136133555967054	-0.110852233773918	-0.139778241166599	-0.113197246248437	-0.15430541296077	-0.17474803899852	-0.195788076323034	-0.186989928711914	-0.137085273328238	-0.17395404726842	-0.140115122880313	-0.175398247367167	-0.2014745130457	-0.148893991876415	-0.185010059323074
700095837	-0.178457560716935	-0.126351895018099	-0.18406447253305	-0.217336516416785	-0.171350788031069	-0.195754155752095	-0.202174972577831	-0.156442245144908	-0.160869198860687	-0.160103423921834	-0.138587411462508	-0.198106886614334	-0.145134638845367	-0.155195345041356	-0.188645400822286	-0.15299992272389	-0.165342895566894	-0.200504185576425	-0.18132270917809	-0.17731925425249	-0.202326749101929	-0.165542931768802	-0.151225930355232	-0.168348101920153	-0.219129606886753	-0.141846093307668	-0.135869166853828	0	-0.12176434848413	-0.141197480741096	-0.150887414755611	-0.189607921905199	-0.141129990923481	-0.147871843832575	-0.15298367665049	-0.162898517384619	-0.165656523529767	-0.201984811083134	-0.149057621722785	-0.170411466424156	-0.153633873582605	-0.161550007307417	-0.176544957293824	-0.16308107681361	-0.151976566401578	-0.165672416060681	-0.13270853437173	-0.156920666850109	-0.175987221827121	-0.174224923670068	-0.178026386999546	-0.182571823167206	-0.182963927933587	-0.179306629128373	-0.191287428215424	-0.161147579863703	-0.191656248090682	-0.194616482392408	-0.173367920331583	-0.187200293266155
700024548	-0.185386441956351	-0.120694902724476	-0.175030864517628	-0.198914311601712	-0.155759519347202	-0.165210125670475	-0.205026950752313	-0.13957115725584	-0.192860945931797	-0.13471021897702	-0.155449764156474	-0.190082696534411	-0.140097684366704	-0.126582420229425	-0.148432195150427	-0.180206570613393	-0.120808467509841	-0.201826150778115	-0.190105479061797	-0.18640681163924	-0.167938355945756	-0.18403664469784	-0.161525233545941	-0.181799377726537	-0.213152519499029	-0.132887170163215	-0.150489866410082	-0.12176434848413	0	-0.131623292026768	-0.143793288994951	-0.210485383129634	-0.139555258360064	-0.144120795423358	-0.141257573407551	-0.152602177248733	-0.190955777257664	-0.17101737359245	-0.160047485581616	-0.132877953637214	-0.130519502109836	-0.130534738265044	-0.175320506598899	-0.203451355333956	-0.104400569138558	-0.0981159815524603	-0.129591953876056	-0.131966206088234	-0.137486848176645	-0.178549832029715	-0.176296933534681	-0.188737732847462	-0.182945116100826	-0.155239128476867	-0.190904991418966	-0.159108463551968	-0.148885666197276	-0.202469377531726	-0.158440331026014	-0.203734780842055
700110161	-0.202170007023661	-0.122819554717385	-0.105935168435544	-0.240478523795938	-0.166337363842581	-0.100268042642008	-0.218351258040008	-0.0961522329564132	-0.180954413805396	-0.0839768637348789	-0.134964810763715	-0.143874720173162	-0.0958567077627392	-0.110588459172353	-0.10603810275092	-0.163679594290697	-0.0980591768194719	-0.127889575631793	-0.196865612533341	-0.182094050965985	-0.202302177496472	-0.153513649973222	-0.178144084061065	-0.188146562761845	-0.212951265720051	-0.181037001053956	-0.131724451599907	-0.141197480741096	-0.131623292026768	0	-0.0992508208539376	-0.176484886381157	-0.129782160725622	-0.0854335633656817	-0.190014377052963	-0.160315377724173	-0.149139880287721	-0.100095255162264	-0.177996018245528	-0.138308904265189	-0.163243499363079	-0.088834547224869	-0.151419322520527	-0.167370326824031	-0.115394754789998	-0.140594580752227	-0.137654829888271	-0.113429749696776	-0.114762264847568	-0.129375353836489	-0.155928144972821	-0.207593933942974	-0.20920017886306	-0.157272110463541	-0.232678290080866	-0.113127052838416	-0.167720099689155	-0.213350453552359	-0.130897267408533	-0.200563971039293
700023496	-0.190421548752806	-0.106324091855591	-0.098091354004467	-0.231754666449762	-0.162098739869447	-0.0837632171417023	-0.19408222996225	-0.110145449150065	-0.164185786233929	-0.0734892833732553	-0.0875107399511479	-0.104580989475158	-0.0802180711491337	-0.109443546550363	-0.121293858506809	-0.131619127912695	-0.0896134949463048	-0.107811681593066	-0.172606432880468	-0.1711196682371	-0.165800058745842	-0.104238627549888	-0.170900468414568	-0.170070849326606	-0.187847627245906	-0.193657878828141	-0.125195085800111	-0.150887414755611	-0.143793288994951	-0.0992508208539376	0	-0.138366014964826	-0.0851245408288333	-0.073960196629671	-0.192498657989368	-0.134785685543873	-0.139546149992277	-0.118614978311431	-0.163489966810134	-0.124440960005172	-0.128918319308771	-0.0782671397564673	-0.126303271268121	-0.145404734028882	-0.0940836194130025	-0.132059203044599	-0.122505962944317	-0.0820497421428642	-0.0959412568752139	-0.0979681251189611	-0.1212547328456	-0.20403249698289	-0.197308406762141	-0.131210509532057	-0.229624665314296	-0.0791138542247008	-0.148333392275584	-0.196436130259474	-0.122149634636415	-0.180251851178607
700034628	-0.150708127161175	-0.147868600557292	-0.127919385652282	-0.20690555238899	-0.185300184797187	-0.158356955197937	-0.119839112251871	-0.180858865237164	-0.113039329413638	-0.163188017798354	-0.101884201941869	-0.116782354294148	-0.156590112239986	-0.172984854875108	-0.164552629353882	-0.120850531993614	-0.176244741547896	-0.169751922696609	-0.12564740452369	-0.137270981027483	-0.116194965145906	-0.0867296118483302	-0.161568039720388	-0.139845167744967	-0.102829696547009	-0.202237250194255	-0.176260173934163	-0.189607921905199	-0.210485383129634	-0.176484886381157	-0.138366014964826	0	-0.115431728156446	-0.151032083218866	-0.191829777658053	-0.0993520733419439	-0.187405704905637	-0.170969276563475	-0.145249035926561	-0.204066902855529	-0.162021154248853	-0.143992415745161	-0.152321259316574	-0.079011088796263	-0.153910416548034	-0.167156233488673	-0.167840364077794	-0.136524151216967	-0.153715268819204	-0.0909197107509312	-0.118831782873024	-0.165636454092508	-0.155969344032527	-0.120828131018797	-0.198204891092216	-0.134433319031888	-0.131734891395853	-0.132616010925859	-0.109226053266509	-0.0916462036293186
700023645	-0.138890393928548	-0.113716499186987	-0.10975592777179	-0.179248307396565	-0.140086378979748	-0.12745980915815	-0.142873705156078	-0.136528714544962	-0.13456407047281	-0.10994920252692	-0.0640325433822628	-0.116197372031109	-0.11234354205277	-0.104934338504607	-0.138127573681262	-0.0890710881174021	-0.124320143952593	-0.138860523338441	-0.126578052121456	-0.119916362270878	-0.119184497220085	-0.0802286044260675	-0.140949008811069	-0.126341739201322	-0.135040678465101	-0.153805931843204	-0.134529349584512	-0.141129990923481	-0.139555258360064	-0.129782160725622	-0.0851245408288333	-0.115431728156446	0	-0.0902925016715153	-0.156546472655746	-0.0835748659741217	-0.136840110285758	-0.15038812919125	-0.124484930346522	-0.154981934425923	-0.103940762565394	-0.101761377266177	-0.10511210850122	-0.118519717950619	-0.0933145050276229	-0.11986176562589	-0.11594167483484	-0.092434022478402	-0.114686928374281	-0.085196677767291	-0.076545311955318	-0.157146612030416	-0.145326245180561	-0.11189658930487	-0.188193862521984	-0.101364486268164	-0.112943548190724	-0.142670936100782	-0.0934123266220331	-0.136690927540836
700038744	-0.185002546340204	-0.113864171722657	-0.0844624624557726	-0.230075342278213	-0.152198648553656	-0.0723900548071366	-0.199041015136475	-0.112896659573183	-0.167392253247826	-0.0731167010632615	-0.0976816177583754	-0.118905161296428	-0.0850445897569282	-0.100066244089036	-0.123887948491949	-0.138555917690856	-0.095502294663467	-0.105017015082716	-0.170597474466353	-0.174184886001987	-0.181747296325718	-0.112111201735061	-0.169218788902341	-0.162692693430719	-0.195811000830503	-0.178454741805092	-0.121554007996089	-0.147871843832575	-0.144120795423358	-0.0854335633656817	-0.073960196629671	-0.151032083218866	-0.0902925016715153	0	-0.189335168628496	-0.13046113747337	-0.122652809180426	-0.0968975076200827	-0.16166389026164	-0.132717152152591	-0.142363341480143	-0.0888943346389735	-0.116895300177332	-0.158298982229362	-0.0963607195670345	-0.119126201525708	-0.130416067441373	-0.0847865645436409	-0.0915654791292914	-0.0999988539968408	-0.119522637647246	-0.210625933946332	-0.203740285959495	-0.134930609549141	-0.220802857454251	-0.0900679987070734	-0.162477356217122	-0.197475759191657	-0.114051446716698	-0.188327701823427
