700108602	700014971	700033565	700109389	700023058	700023927	700106341	700114221	700023543	700023439	700016978	700024192	700113058	700099448	700109870	700033928	700023693	700109627	700095416	700110425	700111580	700111302	700098605	700111991	700108960	700024452	700032931	700095837	700024548	700110161	700023496	700034628	700023645	700038744	700038485	700024743	700099596	700110760	700101587	700106399	700032322	700095653	700021312	700101230	700023590	700038905	700033136	700023382	700096424	700105469	700016908	700096053	700108479	700109569	700033814	700016125	700109756	700102665	700101777	700109455
700108602	0	0.138231901786199	0.15963647659093	0.0999138139694562	0.135290819282343	0.162263862861564	0.0847869398912935	0.184637499999518	0.100679410907074	0.165608406438128	0.11762219687895	0.156278240823702	0.157997005358042	0.154576542946011	0.160044157454199	0.108769164652454	0.169270645137369	0.157987703765248	0.101645476091142	0.0941844470481665	0.0882169773895713	0.110361476265244	0.10634320439743	0.0907900287868045	0.0907379242638706	0.129572782553433	0.145490416456484	0.126022423575815	0.142910956007222	0.154690983869239	0.167788163734903	0.123283673755253	0.116485065384297	0.157345680209749	0.125464650261493	0.117117442774255	0.130635117134766	0.175910196663213	0.0989961579652567	0.179250756782505	0.100359050206068	0.155829024910536	0.133029955367416	0.116586863392757	0.147704741400021	0.126181602380616	0.105334293021347	0.148565958301524	0.150262792583958	0.133054016256625	0.119528260505827	0.0925075177078381	0.0914513070812204	0.101242621237895	0.0965563299046724	0.163301053860081	0.105163784546572	0.0774037282328049	0.129423610480252	0.0998194925844203
700014971	0.138231901786199	0	0.150289563224583	0.157253035391412	0.128761691498835	0.140022835637844	0.158264271287833	0.142909477487539	0.144383254142383	0.137378645587885	0.130248211490774	0.162344659286842	0.144211146275782	0.121932575000606	0.157286017018634	0.152490007858076	0.13748370031296	0.159592847501491	0.14769961914359	0.137547954249155	0.134977480440417	0.133715028038419	0.117439502210665	0.15178127851412	0.153899049735144	0.149432946247049	0.119834777311611	0.141889943997175	0.119751210549831	0.132656887102213	0.135370565405941	0.141184398983485	0.120058697840666	0.131636615939942	0.131077606072299	0.115187763790697	0.147304555463462	0.163315362557845	0.149722824144385	0.150622662295832	0.142338429337425	0.142241922393169	0.135042106688007	0.135744258632682	0.135271661210769	0.122476963268661	0.105926086829864	0.140425841759271	0.131276837642984	0.144365540698517	0.143292554437229	0.150975192730412	0.146604628879035	0.122421639209756	0.160697653764232	0.140313415939723	0.14063364052045	0.139298653257891	0.136099406345116	0.14352505533077
700033565	0.15963647659093	0.150289563224583	0	0.145616497439708	0.144577480634994	0.0798994333614333	0.150163069401494	0.119956972910385	0.158608917826933	0.102052527668991	0.0953965619054147	0.0640612523485138	0.0962335551407111	0.129414934147858	0.0941530351924867	0.121715756674944	0.100206327455576	0.0944079961920955	0.140390534336115	0.137518962957943	0.141515424850963	0.0945654320736045	0.131396632645633	0.147781153132429	0.135216286116442	0.159523761263678	0.122314037338397	0.13879366657774	0.114438373429519	0.106684987403196	0.101110268196199	0.10958024770292	0.106666474640254	0.0871704169165454	0.142354916033392	0.111738932714926	0.127527070016835	0.0905918868529911	0.161109503819744	0.115125203132947	0.1446338130527	0.0896131368384659	0.129749045841682	0.117177261714586	0.1108421719007	0.117122853663022	0.13357214865192	0.0881259175768424	0.104092924284713	0.0819350860642197	0.0889929737673402	0.160857228075699	0.156840315348465	0.117143618696107	0.182598119372762	0.115888381762224	0.126134386635668	0.151501396702684	0.0913528752507935	0.137665594933186
700109389	0.0999138139694562	0.157253035391412	0.145616497439708	0	0.145944906579105	0.163776790200672	0.0928915451739812	0.18424399789772	0.135820939995794	0.17883554595284	0.138983278597327	0.138729950349895	0.158886929226579	0.155399255931774	0.147276974871113	0.138407939754429	0.172392059185572	0.175580693800847	0.138367733183552	0.0851113405907328	0.10497510816706	0.136303714406329	0.105083291583913	0.127784832167401	0.105800005448963	0.128112018139502	0.173933835041664	0.14722037948368	0.13459022451031	0.151121512436258	0.174067257930672	0.135565959453404	0.128969397184362	0.163028082942528	0.124659863002052	0.120032187494959	0.161885667377326	0.165871170923157	0.130504391724658	0.165389272537796	0.128739979542338	0.154866092824284	0.150261942256337	0.12219381107009	0.145928189607908	0.135592952987546	0.137747480924107	0.151943520377749	0.159400247570884	0.12951373254575	0.118353252980067	0.0952574109004834	0.0762426503702308	0.137673463880949	0.120286362839124	0.171993383094362	0.101894166688858	0.0830208288470425	0.119563629559093	0.102489974469003
700023058	0.135290819282343	0.128761691498835	0.144577480634994	0.145944906579105	0	0.139567018581945	0.135566393895573	0.168824454037236	0.122330258908936	0.153749195963024	0.123273511153876	0.147859716521338	0.149505987214991	0.124461220629302	0.144170342024616	0.129515074895965	0.147152665791647	0.14699811324177	0.128272735936291	0.128134161995929	0.134799797054153	0.134405282665556	0.125419190304505	0.133250845361326	0.145089286623296	0.114398910930895	0.14954364321038	0.125268749490941	0.123503098636056	0.13398098911382	0.150898941786146	0.145999845668072	0.112496519187871	0.135710780990812	0.103845542113899	0.136643977056482	0.12135154420941	0.14278707136249	0.120100365117892	0.157453168770013	0.134783918304445	0.137105554563734	0.133118385106018	0.136724394276737	0.131841377453714	0.121431035257247	0.10610267691273	0.134893086390711	0.140920935573825	0.136620414351668	0.139000910976064	0.129886689871139	0.128297940470317	0.131864830607301	0.140167483578963	0.16005140003221	0.131930045865229	0.132428910264122	0.137970300581044	0.127291980683282
700023927	0.162263862861564	0.140022835637844	0.0798994333614333	0.163776790200672	0.139567018581945	0	0.157950043778362	0.109443768792145	0.162057528098042	0.0752412874432795	0.0936207213002832	0.0986171192058824	0.0957140930852232	0.10938247265754	0.0824807901460555	0.136583189021251	0.0856001067292027	0.0892342549211434	0.158020387012283	0.142322878286915	0.139609567401045	0.115098056568284	0.134525436928116	0.158908938993881	0.138595958797814	0.16793961254461	0.134190907412574	0.148315238993578	0.111724731936975	0.0902632714086127	0.0848580689285919	0.125344884607431	0.107902638654736	0.0782730989576341	0.156713735547379	0.114259440051234	0.118351986073994	0.073792802040869	0.163222447991206	0.113928359400924	0.151484936730633	0.0807652443377506	0.120120771756005	0.129546345392643	0.107190132817325	0.111517249528092	0.134913007647507	0.0889869494007438	0.0833151054339505	0.0940583076964251	0.109929114805648	0.165316260842154	0.162342611825867	0.115011996424201	0.18146641330459	0.117966579848309	0.126105980183673	0.154657018437665	0.104391626562963	0.143558308877298
700106341	0.0847869398912935	0.158264271287833	0.150163069401494	0.0928915451739812	0.135566393895573	0.157950043778362	0	0.187197106862241	0.0883994630312637	0.176635142119424	0.125869517710228	0.136315344885314	0.155683993250342	0.152595704015096	0.147201567975165	0.120755971533657	0.171944084629726	0.170006469661924	0.119789924545712	0.0792440857895859	0.0865887370384944	0.113355702907651	0.109512597317654	0.115082124378342	0.0731493568346618	0.133450935048354	0.179500095570721	0.14953549248331	0.151248277001222	0.157102236949229	0.168903593571057	0.0858504974079135	0.118458918309577	0.158372235753853	0.133163753177231	0.09662932973706	0.154541104307744	0.16669988642925	0.103580769654409	0.177598616235278	0.125869818921507	0.145201592147543	0.131320522592812	0.0832962820112893	0.140598136348825	0.139737546535498	0.121082074170895	0.136291579080162	0.159957894815274	0.116219190021831	0.114683844644118	0.0670148971898427	0.0846406412846045	0.116093628519369	0.122846119020049	0.1677868238523	0.100094758384959	0.0647488902363972	0.114414598337844	0.0650715332176685
700114221	0.184637499999518	0.142909477487539	0.119956972910385	0.18424399789772	0.168824454037236	0.109443768792145	0.187197106862241	0	0.191095670569026	0.0857163619726428	0.137467785562795	0.113506195488541	0.0898963947932888	0.167962614475375	0.103989534549388	0.164256325928425	0.0816760819553797	0.157125422961441	0.169831231521437	0.174428695200484	0.170075929515174	0.13699541150548	0.169151155926101	0.186149834917296	0.17724766925518	0.193368975262722	0.143876174318446	0.147409172462907	0.127875180077469	0.12342951831342	0.117651998467852	0.150316917243842	0.126139129650416	0.127629040633615	0.181058406019568	0.133303440695327	0.16256011523762	0.109458251280922	0.191255065042013	0.0937555364148198	0.160890513456006	0.0945797521237983	0.15940443986619	0.149283070212883	0.107048935393659	0.125681453395864	0.149685515030299	0.0944167461781834	0.147520849813282	0.117523722966199	0.140914480655655	0.196448623229445	0.186348043324103	0.152403837629394	0.215720144938654	0.113397768371916	0.145925438682579	0.19123948834232	0.125617933534179	0.173315865916237
700023543	0.100679410907074	0.144383254142383	0.158608917826933	0.135820939995794	0.122330258908936	0.162057528098042	0.0883994630312637	0.191095670569026	0	0.16584473431683	0.122843363295281	0.15048371483999	0.162144857782615	0.152250296962894	0.158342546975979	0.0974126707580806	0.168047299345439	0.159603180934072	0.101616561978514	0.115699267039787	0.105681737045826	0.112219347193627	0.114694384547006	0.104261957850737	0.11370007180701	0.114532076369787	0.156256516432263	0.13806586290431	0.161995256861585	0.157157375143206	0.163118621365786	0.0991977554662456	0.120004525773857	0.15295837883059	0.122540548741308	0.120145134008596	0.136877555294234	0.173033748475085	0.0867917658322452	0.180547988427407	0.121145810474338	0.153449715718742	0.13443745330175	0.0971047695178056	0.152570738252458	0.130082078549892	0.100767201598446	0.144504137583938	0.159731244343359	0.129702578604541	0.122523232625589	0.0923891255949805	0.102203620845049	0.116877202497828	0.114734593068164	0.164681765849334	0.123350922426307	0.0936813646579272	0.133597704525187	0.0948545779704275
700023439	0.165608406438128	0.137378645587885	0.102052527668991	0.17883554595284	0.153749195963024	0.0752412874432795	0.176635142119424	0.0857163619726428	0.16584473431683	0	0.105633989783524	0.111697662409835	0.098519448147444	0.136047517495684	0.102141606905555	0.1511412391445	0.073874142424457	0.111499848749971	0.157792263195431	0.162669637203789	0.150360714292036	0.125419490375189	0.145106272460142	0.156592551275225	0.163064472373511	0.179900034810911	0.131578788772176	0.149500269094019	0.122962788606253	0.109345263512184	0.092127506702306	0.139933751648458	0.117130982128105	0.0962777601912637	0.163853008094885	0.115457233159211	0.127469415129392	0.0799978400236465	0.173143277822901	0.0978175002302694	0.146787833926024	0.0942754712585075	0.137654412068199	0.145015369037693	0.109727455331801	0.107115383760025	0.12715050324333	0.0872136799026896	0.1032917464747	0.107745196171032	0.126037326113357	0.182377843435075	0.175022331467712	0.118473873025859	0.185153276690314	0.112747815278357	0.133444338948523	0.172021601131947	0.115315785902999	0.162188797513231
700016978	0.11762219687895	0.130248211490774	0.0953965619054147	0.138983278597327	0.123273511153876	0.0936207213002832	0.125869517710228	0.137467785562795	0.122843363295281	0.105633989783524	0	0.100073699943989	0.10748345937884	0.118359862988982	0.12158666370193	0.100974966601089	0.110174122242599	0.103365134862548	0.121866839988962	0.113633199860775	0.10946297359056	0.0821480779795518	0.118442142781232	0.123069198983968	0.105399560935324	0.144253130179586	0.126356488905637	0.111332213797464	0.11902472107311	0.0981080834257329	0.0952399749909314	0.103960633201046	0.0788500245641821	0.0825958115637177	0.138211665926848	0.0960735025839918	0.103218731075395	0.118628584408565	0.120170263534991	0.130462901498974	0.117013495499278	0.0907015882760281	0.093923382379244	0.102840689440214	0.103093562843401	0.104913858752738	0.111636855999689	0.100348970141723	0.0939904342699429	0.0900055585965893	0.0986027292157322	0.136982090193421	0.131409130192	0.0868626948873528	0.138463685608823	0.122973074749695	0.106476625670837	0.122017901900516	0.0950326719669172	0.122411755985686
700024192	0.156278240823702	0.162344659286842	0.0640612523485138	0.138729950349895	0.147859716521338	0.0986171192058824	0.136315344885314	0.113506195488541	0.15048371483999	0.111697662409835	0.100073699943989	0	0.0878108108748302	0.151885415413647	0.0822066066716936	0.11201536458592	0.10550197578767	0.11082791693772	0.137192224381995	0.129212019000728	0.128162300531207	0.083439396614812	0.130775661922165	0.152289583520906	0.118676439794273	0.163802839841412	0.14857178413172	0.137194697283873	0.120153972711387	0.115373370745598	0.108303810561866	0.0919199590269806	0.0978047764988131	0.100028647253039	0.155192982789018	0.112725647289754	0.141330191921706	0.0954293904810299	0.16407603012358	0.10816669138035	0.141509495963235	0.075929936311296	0.140547398271068	0.103141682082413	0.0951399101640273	0.114496402092178	0.13632536305859	0.0820309015553386	0.124703134099644	0.0609902844181655	0.0778284905386247	0.155295373596946	0.149974036017203	0.124508115802805	0.185950613555832	0.10872740225735	0.105929771966268	0.143177075342268	0.081063640245784	0.12433242499715
700113058	0.157997005358042	0.144211146275782	0.0962335551407111	0.158886929226579	0.149505987214991	0.0957140930852232	0.155683993250342	0.0898963947932888	0.162144857782615	0.098519448147444	0.10748345937884	0.0878108108748302	0	0.138034755320883	0.0929229765213637	0.131143084222487	0.100308860852202	0.125175918018858	0.142858690101426	0.141379012128746	0.143177350555733	0.108892941525122	0.144320679934919	0.160350051265163	0.141166495834909	0.159556886283688	0.130880550123217	0.117927601610063	0.10800076827863	0.0905593490579848	0.106323738666398	0.116786030255371	0.0998328762350902	0.0955200816971924	0.155935471022552	0.11025046140421	0.139947440259389	0.107503340392547	0.16012016137881	0.0949822934999979	0.139811969271066	0.0681436231781258	0.144635902774634	0.120104046981077	0.0922752804651752	0.105245705105162	0.139179724763495	0.0793239419574989	0.117702478475847	0.0925132445503095	0.106155634823186	0.1625480579955	0.162041458790254	0.13893825106218	0.192715591132611	0.0872488608619528	0.120207848105433	0.159648089674756	0.0989163020304363	0.140268339976883
700099448	0.154576542946011	0.121932575000606	0.129414934147858	0.155399255931774	0.124461220629302	0.10938247265754	0.152595704015096	0.167962614475375	0.152250296962894	0.136047517495684	0.118359862988982	0.151885415413647	0.138034755320883	0	0.137607479935142	0.153015563712581	0.132411867477303	0.128238245001841	0.146376359585364	0.133142282300832	0.136233191538622	0.13785079283468	0.111703873290171	0.149987541283843	0.147696030813894	0.134557147452364	0.131008840845938	0.15408218075213	0.116031586904611	0.103200160766302	0.121036920038154	0.148911966730987	0.133946932693306	0.110670778234263	0.128043138157956	0.12719548146567	0.135172649967166	0.134059414174452	0.149609115762852	0.157442652402873	0.153141513884334	0.132286947496515	0.125528007577604	0.148717463932554	0.131598929805745	0.12428351569281	0.124615706861781	0.139475475442636	0.0832270106224345	0.139785392965449	0.133500549999457	0.137733008128461	0.152568977043905	0.127838151947238	0.150264458974803	0.156169273953189	0.127155915893504	0.139550614291245	0.12075274337049	0.146646397059121
700109870	0.160044157454199	0.157286017018634	0.0941530351924867	0.147276974871113	0.144170342024616	0.0824807901460555	0.147201567975165	0.103989534549388	0.158342546975979	0.102141606905555	0.12158666370193	0.0822066066716936	0.0929229765213637	0.137607479935142	0	0.138791371576	0.0907883936751465	0.127276436107424	0.159437426382054	0.128615674498729	0.126832515737442	0.116087658603106	0.12637380860815	0.163064539138765	0.132681301104868	0.166032340686168	0.142665884298657	0.143016543150665	0.110475140546492	0.0947136849812549	0.119743558867795	0.112779276482275	0.11789298137997	0.115941239479979	0.162659554662458	0.121803606674039	0.150969430905471	0.070907285956096	0.170640101012572	0.100512126932166	0.152722681887643	0.0819286829670639	0.152710171972304	0.118848637465311	0.102699070475496	0.100484209296275	0.140482457182852	0.0771765975818837	0.117261048818679	0.0869962222570496	0.107198325641344	0.15199859001719	0.149497249762249	0.131033965421955	0.186246979590202	0.11160973957148	0.109614736342254	0.149134335760776	0.0874651381892957	0.125336157257873
700033928	0.108769164652454	0.152490007858076	0.121715756674944	0.138407939754429	0.129515074895965	0.136583189021251	0.120755971533657	0.164256325928425	0.0974126707580806	0.1511412391445	0.100974966601089	0.11201536458592	0.131143084222487	0.153015563712581	0.138791371576	0	0.147032993897182	0.12515137277855	0.0997503315102138	0.118782073226257	0.108806162762995	0.092642067034401	0.120430777409784	0.095250245896377	0.108813556223471	0.138086964739264	0.139651334443391	0.109447993939421	0.141943441829928	0.137804756132749	0.135228976565632	0.108651113194463	0.0977953663365641	0.123430597044871	0.131848933418062	0.128106432787454	0.114043440991704	0.15014921497994	0.100941710585769	0.159710001685496	0.0965131505612264	0.121314788048558	0.123344553541238	0.10803352176393	0.121966990665287	0.119978808817954	0.108539994099571	0.125231699585242	0.137431993166147	0.104495530944658	0.0961149912079781	0.128545562842877	0.117389498712211	0.106622459415839	0.130891869744238	0.13861133501575	0.114202541364342	0.112053952686069	0.116958357629966	0.114083618026738
700023693	0.169270645137369	0.13748370031296	0.100206327455576	0.172392059185572	0.147152665791647	0.0856001067292027	0.171944084629726	0.0816760819553797	0.168047299345439	0.073874142424457	0.110174122242599	0.10550197578767	0.100308860852202	0.132411867477303	0.0907883936751465	0.147032993897182	0	0.124594468432887	0.163976735609751	0.158943172807701	0.146498429352148	0.120948904688807	0.144310331647264	0.165886914880318	0.161484733140029	0.179093370622704	0.136005388747326	0.146468355680471	0.109989065752768	0.10795367328238	0.0983505525987304	0.137332192720877	0.116210270843827	0.100619157392655	0.157245527584377	0.115685684087336	0.136821923586221	0.0930077918501312	0.171211090134804	0.0886247047889041	0.152298580221614	0.0853836638300621	0.142399442256902	0.137745651433134	0.1006625723429	0.101526891213593	0.130234520836038	0.0825138310251886	0.108957013091333	0.104780849106465	0.123713141731078	0.178350953534604	0.175193977175809	0.127577579466109	0.191924748539442	0.115293694569681	0.130943711568392	0.174687617379235	0.117653968522179	0.157582725118205
700109627	0.157987703765248	0.159592847501491	0.0944079961920955	0.175580693800847	0.14699811324177	0.0892342549211434	0.170006469661924	0.157125422961441	0.159603180934072	0.111499848749971	0.103365134862548	0.11082791693772	0.125175918018858	0.128238245001841	0.127276436107424	0.12515137277855	0.124594468432887	0	0.145394226305731	0.15639945953853	0.14910293365786	0.113717060506451	0.146251921645365	0.144662108586515	0.146843592772033	0.172113991707835	0.130194878723675	0.142627927465287	0.146885806627743	0.122252153834015	0.104549141465082	0.136930836429948	0.129259400872475	0.103529480561225	0.157787077058861	0.144330852661914	0.113709557781948	0.0988689651215257	0.16413329170049	0.145535998722421	0.155894117561362	0.110925568414872	0.117083193321129	0.141160042304955	0.141534913629626	0.130889918008093	0.13272106820402	0.132814998790211	0.0903878235195119	0.120330389374	0.114638332978873	0.174674784704242	0.168249117931965	0.115039977243845	0.169123029764728	0.133668898888079	0.14518057143009	0.164006491279848	0.1271589225096	0.161072992238272
700095416	0.101645476091142	0.14769961914359	0.140390534336115	0.138367733183552	0.128272735936291	0.158020387012283	0.119789924545712	0.169831231521437	0.101616561978514	0.157792263195431	0.121866839988962	0.137192224381995	0.142858690101426	0.146376359585364	0.159437426382054	0.0997503315102138	0.163976735609751	0.145394226305731	0	0.125903436312346	0.1128698815052	0.118502206679995	0.122276671094893	0.095432271048929	0.126185929003365	0.118085225058819	0.13919211368808	0.139224314511091	0.141356314497148	0.159291363376072	0.146041847131285	0.127799542352655	0.114996508813945	0.141814062194867	0.126363154457812	0.122220209799625	0.116528240813571	0.157702738023513	0.103092597869817	0.163140909086053	0.103278573908534	0.142098595283755	0.124452700122845	0.127977888238222	0.134981596909312	0.124003326995605	0.0978797797089514	0.148139058445605	0.147298128062353	0.127984987968961	0.106785111352377	0.123545453216763	0.130171746005829	0.108318186089985	0.11501389247269	0.151908224978871	0.121339984233903	0.114121495544276	0.129081846024921	0.129343825875046
700110425	0.0941844470481665	0.137547954249155	0.137518962957943	0.0851113405907328	0.128134161995929	0.142322878286915	0.0792440857895859	0.174428695200484	0.115699267039787	0.162669637203789	0.113633199860775	0.129212019000728	0.141379012128746	0.133142282300832	0.128615674498729	0.118782073226257	0.158943172807701	0.15639945953853	0.125903436312346	0	0.0845089827398765	0.110770746895899	0.0891518815437399	0.11617503831846	0.0711851040987676	0.129811659967924	0.149155237828098	0.123689450989889	0.128086209022138	0.12427520233724	0.157212087630514	0.111434437980293	0.108035028628128	0.140072833889168	0.122597057174035	0.0919096383345331	0.14411386857486	0.151204816154921	0.125282361693522	0.163863053610531	0.119680102208717	0.134255189869745	0.130470402085967	0.0888985990465167	0.127176385997564	0.120760712005446	0.116510067824007	0.129486763666758	0.136503450890898	0.112142815834703	0.107895627269466	0.0810085239508187	0.0643229566476736	0.118478265672879	0.123991052613679	0.155794019374353	0.0826540127471683	0.0731126762265441	0.100990115542152	0.0759108494220233
700111580	0.0882169773895713	0.134977480440417	0.141515424850963	0.10497510816706	0.134799797054153	0.139609567401045	0.0865887370384944	0.170075929515174	0.105681737045826	0.150360714292036	0.10946297359056	0.128162300531207	0.143177350555733	0.136233191538622	0.126832515737442	0.108806162762995	0.146498429352148	0.14910293365786	0.1128698815052	0.0845089827398765	0	0.0914283197469802	0.0958470596116531	0.105831838793622	0.071334212464526	0.142256788707193	0.156574075097591	0.138785577802496	0.120896667321113	0.138805068077961	0.14697824607561	0.0963663227496166	0.0965171412576985	0.136204593328021	0.137306275116563	0.0961720278366192	0.146472084729874	0.146644449340452	0.126635789652399	0.153504302441165	0.112328028111865	0.123409608739175	0.130002898006778	0.09681227797365	0.11439794500809	0.108831214601757	0.104985743817395	0.117950939339732	0.128084893798814	0.106109543106182	0.110010331422665	0.0869287247746644	0.0948546174286684	0.0991924723016522	0.126155363898501	0.145186487488912	0.0696996342678594	0.0739772107919426	0.0971432755716213	0.0807960060023422
700111302	0.110361476265244	0.133715028038419	0.0945654320736045	0.136303714406329	0.134405282665556	0.115098056568284	0.113355702907651	0.13699541150548	0.112219347193627	0.125419490375189	0.0821480779795518	0.083439396614812	0.108892941525122	0.13785079283468	0.116087658603106	0.092642067034401	0.120948904688807	0.113717060506451	0.118502206679995	0.110770746895899	0.0914283197469802	0	0.122514482217838	0.11816790584765	0.0908064911840811	0.152498508610607	0.134671582111028	0.118205013900528	0.12822628697845	0.119473244881014	0.116286389312331	0.0707608360517684	0.0781838249703586	0.0999843326847767	0.141141162063209	0.0944048684720798	0.121882120511734	0.133145754657924	0.132145629742145	0.135400074891316	0.125779547660913	0.0969878151521307	0.117310101783709	0.0927732842071243	0.109173025533764	0.116618367860075	0.10747443240727	0.0891126862463541	0.117570276596328	0.0694578312514066	0.0878079429553963	0.121965595449782	0.124918144776884	0.0978407328626575	0.154335030943461	0.109246884234074	0.0990019923455977	0.112123270074766	0.0836951539213132	0.108386152467325
700098605	0.10634320439743	0.117439502210665	0.131396632645633	0.105083291583913	0.125419190304505	0.134525436928116	0.109512597317654	0.169151155926101	0.114694384547006	0.145106272460142	0.118442142781232	0.130775661922165	0.144320679934919	0.111703873290171	0.12637380860815	0.120430777409784	0.144310331647264	0.146251921645365	0.122276671094893	0.0891518815437399	0.0958470596116531	0.122514482217838	0	0.120005866560573	0.116882933444994	0.126118590582324	0.134015431671366	0.129868807195205	0.130325310813465	0.120348383785672	0.14539482046767	0.110980306595709	0.112440539158697	0.13623560993153	0.122638645235303	0.100765968459548	0.133974107181633	0.134265286824912	0.129134107819698	0.156510172611104	0.129224705321736	0.137371095584436	0.128087555409751	0.0994601904746219	0.138375257929404	0.111520480607089	0.106664137870419	0.127954700591188	0.126339889508413	0.116027955985221	0.11143220473026	0.105315358717631	0.107428663971699	0.112448822630635	0.119131451464083	0.150244486764213	0.109809392431988	0.0951540586456851	0.107905765409653	0.0847559484619246
700111991	0.0907900287868045	0.15178127851412	0.147781153132429	0.127784832167401	0.133250845361326	0.158908938993881	0.115082124378342	0.186149834917296	0.104261957850737	0.156592551275225	0.123069198983968	0.152289583520906	0.160350051265163	0.149987541283843	0.163064539138765	0.095250245896377	0.165886914880318	0.144662108586515	0.095432271048929	0.11617503831846	0.105831838793622	0.11816790584765	0.120005866560573	0	0.113425407671718	0.121145329414539	0.148763460432808	0.12840487024922	0.137569134770359	0.160132248044109	0.157924365541628	0.132252532697056	0.124771761216499	0.150257081759322	0.113061921057529	0.115123634201158	0.124667807956264	0.162307325709662	0.114207649724663	0.179346673180672	0.102437659803528	0.159210353865373	0.129455866864603	0.127946088076776	0.142207216024243	0.125096108993236	0.102899991834679	0.155573553538045	0.143699192211716	0.139340758342234	0.118238497779735	0.117321653637745	0.106060206719043	0.112746036866679	0.0923445312873907	0.165322386827311	0.114754029854333	0.103153423402049	0.127802321094363	0.123101290286532
700108960	0.0907379242638706	0.153899049735144	0.135216286116442	0.105800005448963	0.145089286623296	0.138595958797814	0.0731493568346618	0.17724766925518	0.11370007180701	0.163064472373511	0.105399560935324	0.118676439794273	0.141166495834909	0.147696030813894	0.132681301104868	0.108813556223471	0.161484733140029	0.146843592772033	0.126185929003365	0.0711851040987676	0.071334212464526	0.0908064911840811	0.116882933444994	0.113425407671718	0	0.153389617617156	0.168320637327426	0.141288641439749	0.134326754478174	0.137692129624303	0.153722941999259	0.0867333116092787	0.108060067491844	0.140529488923911	0.144951371984398	0.0983428374579631	0.150674154445829	0.152878638152464	0.12660436442952	0.165765896428343	0.125567912405764	0.124708755117634	0.130666976989524	0.0914193832225444	0.127142858147075	0.139621495793099	0.127137467996273	0.124657483367876	0.13813582156082	0.0965613225226583	0.105741075049105	0.0898911184729937	0.0780426051505443	0.105077138299736	0.122838559158176	0.150967201412858	0.0873740066987228	0.0765861734526201	0.0953918691355905	0.0814378153532748
700024452	0.129572782553433	0.149432946247049	0.159523761263678	0.128112018139502	0.114398910930895	0.16793961254461	0.133450935048354	0.193368975262722	0.114532076369787	0.179900034810911	0.144253130179586	0.163802839841412	0.159556886283688	0.134557147452364	0.166032340686168	0.138086964739264	0.179093370622704	0.172113991707835	0.118085225058819	0.129811659967924	0.142256788707193	0.152498508610607	0.126118590582324	0.121145329414539	0.153389617617156	0	0.147371015193039	0.126790114503554	0.123114270469136	0.154327596788811	0.17806025471228	0.152944516222759	0.130535614002727	0.160918325244101	0.0710923228745135	0.13085449140332	0.14916265953022	0.167727617483939	0.120394866257189	0.173476425700146	0.131051720007796	0.162988476217921	0.144447040528771	0.138235069296658	0.147439940059219	0.11752047207433	0.108914547853158	0.160972074620318	0.166221608878597	0.155811317284669	0.139310228255725	0.104896381105473	0.124366570495794	0.139363656873311	0.119468498147101	0.17070453542349	0.139545300266931	0.130268208399557	0.133164699337683	0.143937964908775
700032931	0.145490416456484	0.119834777311611	0.122314037338397	0.173933835041664	0.14954364321038	0.134190907412574	0.179500095570721	0.143876174318446	0.156256516432263	0.131578788772176	0.126356488905637	0.14857178413172	0.130880550123217	0.131008840845938	0.142665884298657	0.139651334443391	0.136005388747326	0.130194878723675	0.13919211368808	0.149155237828098	0.156574075097591	0.134671582111028	0.134015431671366	0.148763460432808	0.168320637327426	0.147371015193039	0	0.132207883453671	0.140241640494087	0.127742614665339	0.12956980300981	0.14811855443604	0.131195661274355	0.121952610746728	0.142458343104552	0.135469036092697	0.131508254427849	0.138400743369999	0.15509975311826	0.143230437804593	0.140950183056329	0.141024702867416	0.131361432256071	0.141001004031381	0.138023287941536	0.128518066985147	0.125437672676242	0.133564584911239	0.123515213527536	0.136754658402999	0.135883237760394	0.172085747023803	0.166872870091364	0.125880068540452	0.158232645651445	0.134292585980242	0.152886591343934	0.167375937714386	0.130833855046699	0.159115194222793
700095837	0.126022423575815	0.141889943997175	0.13879366657774	0.14722037948368	0.125268749490941	0.148315238993578	0.14953549248331	0.147409172462907	0.13806586290431	0.149500269094019	0.111332213797464	0.137194697283873	0.117927601610063	0.15408218075213	0.143016543150665	0.109447993939421	0.146468355680471	0.142627927465287	0.139224314511091	0.123689450989889	0.138785577802496	0.118205013900528	0.129868807195205	0.12840487024922	0.141288641439749	0.126790114503554	0.132207883453671	0	0.108605155065329	0.118116584658448	0.150629859173511	0.135900738935131	0.112356989698844	0.141438909123056	0.12383362148837	0.120709752751238	0.127760324822611	0.159306540806434	0.139909500341745	0.14474246193947	0.124797393234777	0.131561350643251	0.139676785854188	0.119477308000401	0.119278941654364	0.111892225652941	0.118142958963706	0.126008227925804	0.153185512991361	0.130752783172888	0.128073860321045	0.14610456329786	0.134086385505798	0.130989523784511	0.145946527777049	0.142990853647214	0.13709869016499	0.143414544244949	0.131729322569363	0.139317586271743
700024548	0.142910956007222	0.119751210549831	0.114438373429519	0.13459022451031	0.123503098636056	0.111724731936975	0.151248277001222	0.127875180077469	0.161995256861585	0.122962788606253	0.11902472107311	0.120153972711387	0.10800076827863	0.116031586904611	0.110475140546492	0.141943441829928	0.109989065752768	0.146885806627743	0.141356314497148	0.128086209022138	0.120896667321113	0.12822628697845	0.130325310813465	0.137569134770359	0.134326754478174	0.123114270469136	0.140241640494087	0.108605155065329	0	0.105319278141287	0.129537019246293	0.144140219748998	0.110492825722101	0.115543806527144	0.117455634997524	0.100580793738037	0.138658088758687	0.119764353733195	0.147697004122076	0.112282419306024	0.128231337161263	0.10583273665394	0.144996578526635	0.13956369896614	0.0864235800290707	0.0836671863325283	0.11962168958936	0.109862956825911	0.120561175869433	0.122968274947674	0.118118239068814	0.144239767499883	0.136268011250233	0.124064719276483	0.157283123723123	0.130248658176818	0.108564269187707	0.143426685364072	0.110546996720235	0.146634676562947
700110161	0.154690983869239	0.132656887102213	0.106684987403196	0.151121512436258	0.13398098911382	0.0902632714086127	0.157102236949229	0.12342951831342	0.157157375143206	0.109345263512184	0.0981080834257329	0.115373370745598	0.0905593490579848	0.103200160766302	0.0947136849812549	0.137804756132749	0.10795367328238	0.122252153834015	0.159291363376072	0.12427520233724	0.138805068077961	0.119473244881014	0.120348383785672	0.160132248044109	0.137692129624303	0.154327596788811	0.127742614665339	0.118116584658448	0.105319278141287	0	0.109011397109326	0.126507387909074	0.110786050976718	0.0948021893483714	0.148264849352069	0.117643260254113	0.13172699231544	0.099767935504485	0.161369359692067	0.116680339394318	0.152540334249152	0.0949591064358526	0.127535348349356	0.120738263228893	0.115442025531321	0.113106294373902	0.131186761501684	0.103160932055219	0.100170365229154	0.10313006901156	0.120791445409022	0.152493665569426	0.148192396188143	0.127738945273288	0.175061256349067	0.115167937039973	0.122789168981028	0.145145805946106	0.0977405358769057	0.134424863458524
700023496	0.167788163734903	0.135370565405941	0.101110268196199	0.174067257930672	0.150898941786146	0.0848580689285919	0.168903593571057	0.117651998467852	0.163118621365786	0.092127506702306	0.0952399749909314	0.108303810561866	0.106323738666398	0.121036920038154	0.119743558867795	0.135228976565632	0.0983505525987304	0.104549141465082	0.146041847131285	0.157212087630514	0.14697824607561	0.116286389312331	0.14539482046767	0.157924365541628	0.153722941999259	0.17806025471228	0.12956980300981	0.150629859173511	0.129537019246293	0.109011397109326	0	0.128694239748119	0.102970426130736	0.0849983484237332	0.163552585456196	0.11787360049935	0.126623664516761	0.108991423179619	0.159425767289311	0.116278615036961	0.137830211090158	0.0955989668979061	0.124186231990434	0.136929074188494	0.107632457141346	0.123993032460571	0.137686473254633	0.103154603895352	0.0951506773444787	0.106327654020238	0.119245333100495	0.17618856802815	0.173641694936536	0.116094431330937	0.187125919465757	0.105220256709106	0.135512420917375	0.166306339193338	0.120365896913468	0.158011326937859
700034628	0.123283673755253	0.141184398983485	0.10958024770292	0.135565959453404	0.145999845668072	0.125344884607431	0.0858504974079135	0.150316917243842	0.0991977554662456	0.139933751648458	0.103960633201046	0.0919199590269806	0.116786030255371	0.148911966730987	0.112779276482275	0.108651113194463	0.137332192720877	0.136930836429948	0.127799542352655	0.111434437980293	0.0963663227496166	0.0707608360517684	0.110980306595709	0.132252532697056	0.0867333116092787	0.152944516222759	0.14811855443604	0.135900738935131	0.144140219748998	0.126507387909074	0.128694239748119	0	0.0934804889814375	0.124781331190902	0.145065164042352	0.0865266031040912	0.146124128633892	0.130701327673128	0.136351217758886	0.144979745258617	0.132764333419187	0.102805910640947	0.126877211034269	0.0561756198764947	0.119538785625471	0.126945567876928	0.123383823250428	0.0976053228896434	0.135590646108877	0.0726562479800257	0.103741341053627	0.107187275564328	0.113899194321966	0.108121160422274	0.158551410554106	0.118193324559497	0.105131892621278	0.0955167448532042	0.084777051581824	0.0802297242186659
700023645	0.116485065384297	0.120058697840666	0.106666474640254	0.128969397184362	0.112496519187871	0.107902638654736	0.118458918309577	0.126139129650416	0.120004525773857	0.117130982128105	0.0788500245641821	0.0978047764988131	0.0998328762350902	0.133946932693306	0.11789298137997	0.0977953663365641	0.116210270843827	0.129259400872475	0.114996508813945	0.108035028628128	0.0965171412576985	0.0781838249703586	0.112440539158697	0.124771761216499	0.108060067491844	0.130535614002727	0.131195661274355	0.112356989698844	0.110492825722101	0.110786050976718	0.102970426130736	0.0934804889814375	0	0.0912856318850974	0.128593666447454	0.0844331282778374	0.115301551280743	0.128232273697943	0.125352556076033	0.12245161435455	0.112313458382908	0.0819138766274137	0.112237588344717	0.094325321180524	0.0891204744173064	0.0947325612370151	0.0996802229812551	0.0883594123362565	0.122985885726774	0.0763435557279967	0.0897343691790014	0.123770154054033	0.12346433336274	0.106210659824004	0.150948963571948	0.104057036500033	0.096837848152744	0.112244803706559	0.085740185222259	0.113961613632892
700038744	0.157345680209749	0.131636615939942	0.0871704169165454	0.163028082942528	0.135710780990812	0.0782730989576341	0.158372235753853	0.127629040633615	0.15295837883059	0.0962777601912637	0.0825958115637177	0.100028647253039	0.0955200816971924	0.110670778234263	0.115941239479979	0.123430597044871	0.100619157392655	0.103529480561225	0.141814062194867	0.140072833889168	0.136204593328021	0.0999843326847767	0.13623560993153	0.150257081759322	0.140529488923911	0.160918325244101	0.121952610746728	0.141438909123056	0.115543806527144	0.0948021893483714	0.0849983484237332	0.124781331190902	0.0912856318850974	0	0.148036021539763	0.111591253008869	0.119850875843709	0.103092089325146	0.156232250322188	0.114391922185408	0.138238954401675	0.0904468138015461	0.114599140615676	0.133176478439707	0.0976509141433381	0.106749822377281	0.133076416672488	0.0923881670373552	0.083807829265679	0.102588559506061	0.112364748819379	0.168720807366617	0.16611890770584	0.111695748202979	0.175896811996101	0.101330545356034	0.125156654316087	0.155711065151905	0.104122344322741	0.151154607516132
700038485	0.125464650261493	0.131077606072299	0.142354916033392	0.124659863002052	0.103845542113899	0.156713735547379	0.133163753177231	0.181058406019568	0.122540548741308	0.163853008094885	0.138211665926848	0.155192982789018	0.155935471022552	0.128043138157956	0.162659554662458	0.131848933418062	0.157245527584377	0.157787077058861	0.126363154457812	0.122597057174035	0.137306275116563	0.141141162063209	0.122638645235303	0.113061921057529	0.144951371984398	0.0710923228745135	0.142458343104552	0.12383362148837	0.117455634997524	0.148264849352069	0.163552585456196	0.145065164042352	0.128593666447454	0.148036021539763	0	0.121499072452175	0.136509800528669	0.169055264408519	0.112422736140717	0.166748838942935	0.132493151944866	0.16385465774197	0.140515745567218	0.130586211334137	0.146815273859559	0.112221287456335	0.100432025295563	0.154344979720179	0.152049019494268	0.150249856309491	0.133026804380008	0.111346082283262	0.117833356382147	0.132954825955891	0.116996968669808	0.165484016178161	0.139202115575059	0.124339382535056	0.136568876339794	0.134736317050049
700024743	0.117117442774255	0.115187763790697	0.111738932714926	0.120032187494959	0.136643977056482	0.114259440051234	0.09662932973706	0.133303440695327	0.120145134008596	0.115457233159211	0.0960735025839918	0.112725647289754	0.11025046140421	0.12719548146567	0.121803606674039	0.128106432787454	0.115685684087336	0.144330852661914	0.122220209799625	0.0919096383345331	0.0961720278366192	0.0944048684720798	0.100765968459548	0.115123634201158	0.0983428374579631	0.13085449140332	0.135469036092697	0.120709752751238	0.100580793738037	0.117643260254113	0.11787360049935	0.0865266031040912	0.0844331282778374	0.111591253008869	0.121499072452175	0	0.126820960113793	0.127748973163931	0.131040171958802	0.129753875481376	0.121056742114794	0.111177256331564	0.120314101026587	0.08358854343083	0.0994931774282509	0.101742071717736	0.104888984116967	0.0929424873178725	0.119381228490403	0.0994844982481574	0.106604357979818	0.112583747912302	0.110403695902668	0.102018320897722	0.133428047795594	0.124505283603146	0.0979402946644455	0.10043934940507	0.0877930220240488	0.0979077728321694
