700108602	700014971	700033565	700109389	700023058	700023927	700106341	700114221	700023543	700023439	700016978	700024192	700113058	700099448	700109870	700033928	700023693	700109627	700095416	700110425	700111580	700111302	700098605	700111991	700108960	700024452	700032931	700095837	700024548	700110161	700023496	700034628	700023645	700038744	700038485	700024743	700099596	700110760	700101587	700106399	700032322	700095653	700021312	700101230	700023590	700038905	700033136	700023382	700096424	700105469	700016908	700096053	700108479	700109569	700033814	700016125	700109756	700102665	700101777	700109455
700108602	0	0.244105502962551	0.336459592361216	0.239552376256985	0.234099304016933	0.317405101791818	0.10663368225325	0.331544922837975	0.159211315125542	0.312715204998129	0.246409832003624	0.360054633004867	0.334613986622091	0.230219904059319	0.344135838682214	0.208497384236034	0.294530829578853	0.284428661044381	0.144386328079815	0.13042609946329	0.172651645579175	0.270081354018106	0.130570245597892	0.0983182237407745	0.155173796918376	0.209325864033821	0.239318032095022	0.338300396786851	0.312700392450145	0.323705522988348	0.273184811677626	0.267936226989266	0.228869654510289	0.306735613761888	0.201438121963103	0.161224196878566	0.242420310665049	0.317675091504047	0.0990903834081153	0.367145961461905	0.159398029587621	0.351604198377695	0.211132551442025	0.194773553760149	0.310602529202156	0.229053120178128	0.204785099984131	0.326109938450657	0.247249297678242	0.331622106861915	0.304918647087948	0.111322816477028	0.13347286585524	0.175099570637407	0.111911832868186	0.310533820169243	0.180342064876272	0.128288728341033	0.293847328160488	0.140104887197421
700014971	0.244105502962551	0	0.300513201782115	0.344072150566765	0.149848898869378	0.244018430557191	0.261912039164842	0.189112981436635	0.208662702634313	0.173602876716555	0.18714171254934	0.318843026438435	0.191268117802802	0.167198819874639	0.249108349443573	0.244793772883348	0.19351649070971	0.260367195010769	0.230790303394309	0.232038347399003	0.247445980286139	0.264191029893856	0.198983286802235	0.218932428630856	0.315629220289425	0.219359439995005	0.117398826629537	0.252452373280702	0.168829128062024	0.191379866175956	0.16509352432461	0.261855329892964	0.173999357159687	0.181953038723796	0.190969952250892	0.190153330521243	0.221080505795482	0.23910197209208	0.184662299312323	0.197262250860114	0.181795954735822	0.21780578423377	0.173758882195253	0.238025163091497	0.185587878270053	0.135640006199839	0.107987959688455	0.206303144887097	0.2026689399335	0.292797855246079	0.316782520302972	0.231296921685804	0.262812142967817	0.170249141941921	0.275547770052547	0.176957735906626	0.230685308019202	0.25892387420491	0.256927590317069	0.237855510402151
700033565	0.336459592361216	0.300513201782115	0	0.451643581115017	0.318996725080989	0.0858232856857875	0.321206095334719	0.194008574023897	0.2871434182726	0.155421338390615	0.159514268128414	0.0880022284044606	0.202449704740598	0.206181959912972	0.177759616082941	0.16211222115858	0.169277096781494	0.111251378783231	0.247292372651853	0.296021671407594	0.250476922168719	0.109994048363085	0.330220276268717	0.28696095116145	0.273142595678181	0.376652816367196	0.243869810407114	0.391097657611279	0.316631695644062	0.195579868898525	0.187091639541085	0.15285787044416	0.190150692754507	0.146895539028999	0.358962617756238	0.248276040525767	0.233453688780797	0.162515962117089	0.315464991486432	0.247559959970936	0.241399720304956	0.13216518334088	0.255116962469578	0.250164244321205	0.211194421341628	0.248093607234114	0.264805577144853	0.168738287945866	0.157732178149894	0.0769630927513927	0.128657653339775	0.326253504776931	0.369443054721811	0.214633122519312	0.400451526378513	0.16478032860089	0.226661571601627	0.293230179920378	0.0875369336107966	0.280966339632141
700109389	0.239552376256985	0.344072150566765	0.451643581115017	0	0.333143504576372	0.442443165535442	0.216095518112657	0.414159773019151	0.289313181547319	0.402634057073896	0.367858689772625	0.46341725799758	0.412863772416591	0.367053235838174	0.435426113683115	0.357732269147067	0.407675006467947	0.433806134286328	0.320830796099105	0.22538589592393	0.306393635428161	0.403203834103741	0.222660015404798	0.260062348403433	0.28569644145259	0.267218874934872	0.363259577776492	0.418074807456731	0.370146254259537	0.396463051215355	0.396588941492359	0.410459854171097	0.335807400678349	0.408012854323469	0.257625842911289	0.293381878728138	0.393257162561867	0.444132566984186	0.247162041844244	0.411323085849728	0.299159693425016	0.427886657167109	0.340262029378331	0.329763248764015	0.386894128358848	0.333820883882725	0.32709156813985	0.410877009926965	0.388887268807912	0.444175983736573	0.426821684303413	0.210199538010185	0.144317732378404	0.326277789314937	0.198212159286311	0.402362747675112	0.289180145419961	0.234729018616569	0.407305187605757	0.27602109633323
700023058	0.234099304016933	0.149848898869378	0.318996725080989	0.333143504576372	0	0.265377025429755	0.230907632164902	0.239502591004747	0.19201221263855	0.223292430011748	0.207782712840219	0.337819174941065	0.241152809474998	0.171150178556399	0.279616258927591	0.239743854385035	0.231865699611449	0.263715755677767	0.217893033622721	0.238564340289441	0.244136673788153	0.284044700667309	0.226781094628713	0.19973519180884	0.30803604274244	0.188421771137097	0.159927080277316	0.269691924689019	0.211241899201923	0.213963421924552	0.187379866011554	0.290010829629084	0.191634652600772	0.224153606819069	0.184776970772048	0.221163832737416	0.192202362588064	0.221513083773385	0.174496791843441	0.279500206197938	0.179400983986612	0.252347340630922	0.149457406008655	0.255534786478144	0.210818498633861	0.172767470598758	0.122250005999172	0.243568431877534	0.21695555416094	0.317598126818325	0.32552572241817	0.1979586490408	0.251333095301313	0.185074584138742	0.272976696670457	0.229051240959935	0.248534963290536	0.232124386558042	0.281634602888352	0.227860465589877
700023927	0.317405101791818	0.244018430557191	0.0858232856857875	0.442443165535442	0.265377025429755	0	0.308008651529566	0.16700599353163	0.276533176154263	0.11775851559904	0.141897817731587	0.130351531701527	0.176309400006978	0.155394731327255	0.155956763808464	0.148789863128682	0.116627302796968	0.0976625330654415	0.225850036321535	0.282894172729774	0.219174547490045	0.155314409040454	0.291024172961087	0.269402381714276	0.272791942154759	0.355422281358038	0.203500033882067	0.376858199941776	0.268752157054698	0.176800359359534	0.124656836957152	0.14656036310704	0.165110590173658	0.0983515973397447	0.335615227948316	0.229790075678744	0.198620242072608	0.109256991469394	0.291312365677964	0.21030242639165	0.211326004927854	0.102061616834377	0.217859614733236	0.2383167794187	0.168180471530306	0.192040676017226	0.216951516754326	0.137501837644925	0.101392065737358	0.109057345195537	0.176494288649789	0.310341503529131	0.356894318477988	0.173433552516908	0.382745801786734	0.121505230055459	0.187252539840519	0.279485739317517	0.0871981753654906	0.254137246968565
700106341	0.10663368225325	0.261912039164842	0.321206095334719	0.216095518112657	0.230907632164902	0.308008651529566	0	0.313366609631647	0.119081256904404	0.285135575411039	0.2330246869364	0.329491106958002	0.31395046130051	0.232408967386846	0.313419031235434	0.210393132940669	0.281968699518705	0.301867975129177	0.139518648818547	0.0919413338169648	0.144071798326504	0.249568689992209	0.14594282218134	0.113030931588696	0.115287147673166	0.256120158394244	0.272510524605516	0.368294577145007	0.317637124805415	0.301964029781554	0.261804842669892	0.227995758037074	0.204567006691911	0.288675799627611	0.227511983340073	0.12629571951283	0.258940736065268	0.313250657837371	0.130390705665123	0.3563513106789	0.15118922791989	0.314392970565507	0.195275761866993	0.159073429015371	0.272226557655816	0.24392024115299	0.214440845240254	0.288317354644872	0.250689267440123	0.303907752250467	0.301575711693945	0.0858686734128134	0.104676939422724	0.167100252907214	0.147550001011075	0.279158120879756	0.151073845338443	0.105002792701485	0.276673375825416	0.0915487666808256
700114221	0.331544922837975	0.189112981436635	0.194008574023897	0.414159773019151	0.239502591004747	0.16700599353163	0.313366609631647	0	0.270523678319148	0.081796681359834	0.208303931923865	0.245321190668729	0.0653146043068709	0.179476647109632	0.118292371572423	0.253953823076142	0.110076679350243	0.223191490341653	0.287130318439032	0.282981339255992	0.291751697340791	0.260614014028834	0.309291935557931	0.289318733499427	0.356718000516202	0.326652572071737	0.151035767136688	0.307954901206438	0.211439142459623	0.0962638498499218	0.170003157665136	0.241731316715421	0.194509897351644	0.130009315132295	0.306137729316856	0.227841662934529	0.25155186345131	0.135915217806604	0.273396616119455	0.122042737954745	0.24002138832496	0.116551563204362	0.235122095581279	0.269359225158586	0.150988657558229	0.170161844376607	0.1844384936048	0.10715852359584	0.188447120235313	0.223670974273689	0.291211998490301	0.295585028515817	0.328800980102944	0.227897095344451	0.389844602671973	0.0975729271334783	0.235812697165936	0.321516800946223	0.17814056621121	0.284151963136297
700023543	0.159211315125542	0.208662702634313	0.2871434182726	0.289313181547319	0.19201221263855	0.276533176154263	0.119081256904404	0.270523678319148	0	0.230469967816817	0.17286098183005	0.308294877338722	0.270395315653504	0.204969806014159	0.288550024311857	0.173088197729566	0.2410797136192	0.262695499886069	0.119480368826456	0.130625629457762	0.161893404468792	0.210892955610079	0.204996723739177	0.0971611779749502	0.170372627178784	0.222885025239139	0.214772060755429	0.314088163604049	0.294196856776152	0.248791260735411	0.213318887337793	0.200496722233424	0.163621005835133	0.234894160391746	0.177885293382483	0.134642090867534	0.209472619999862	0.281796216969492	0.11263878740286	0.316106690946814	0.132884819258272	0.265522883186055	0.167409764889195	0.110492342192435	0.235928344696549	0.21753226316653	0.164142919878862	0.244138219764535	0.230967707595608	0.280126746895428	0.276881495317563	0.0997646650988235	0.163967792020801	0.149046903788044	0.212888304744876	0.234099782034871	0.181965644728737	0.119397545371977	0.24867797559014	0.110530108510256
700023439	0.312715204998129	0.173602876716555	0.155421338390615	0.402634057073896	0.223292430011748	0.11775851559904	0.285135575411039	0.081796681359834	0.230469967816817	0	0.153178649216317	0.212191510086475	0.0853307465796717	0.129821552260695	0.130205855506162	0.201541485287076	0.0869799848520262	0.173576481407722	0.236650050688259	0.240975590258623	0.235342482101844	0.21660968642235	0.284875429173098	0.239688070785927	0.307821464944093	0.319284404053062	0.149255338558371	0.299223116331876	0.196967887806131	0.0911048700604582	0.107663376575597	0.202374040148496	0.145991656912216	0.076779815763817	0.2986379528741	0.189847548699149	0.196160106784698	0.111896515835849	0.255127880423451	0.122207702486698	0.188456939126917	0.0913376183880242	0.19128234040045	0.22734538585123	0.110354311655662	0.148922097901445	0.174874472192483	0.0817914525579426	0.129182981421667	0.186776555080223	0.24567012756837	0.265071306236982	0.315577581875266	0.166980482853345	0.366497726786313	0.0689866564488373	0.184359486202374	0.265159664187882	0.145116392966177	0.240953141853333
700016978	0.246409832003624	0.18714171254934	0.159514268128414	0.367858689772625	0.207782712840219	0.141897817731587	0.2330246869364	0.208303931923865	0.17286098183005	0.153178649216317	0	0.190107548527455	0.207201708924535	0.148715570112182	0.234643285783501	0.101631382257042	0.173908253634533	0.124700214532405	0.175654121303264	0.180456876886505	0.179983509853284	0.117994177017322	0.247754444546036	0.178178472616083	0.201104593290905	0.282058270206706	0.166795486822589	0.293145072391029	0.254357300976561	0.182178098529352	0.11731641216537	0.147955935483767	0.073006688298544	0.113124183522539	0.267800912178945	0.15780534996225	0.158940511851477	0.204025387118694	0.202155304662344	0.256593856472963	0.142882186667966	0.1354902325758	0.142058745240121	0.159523350262557	0.148988920985562	0.182813074417624	0.159695147422325	0.173524628712385	0.12903028684826	0.168127884347269	0.164855414013726	0.220252308249588	0.275356023248128	0.133245244379149	0.302977533192744	0.150770065055634	0.177066653046557	0.188204153192847	0.134514174213402	0.194177577932668
700024192	0.360054633004867	0.318843026438435	0.0880022284044606	0.46341725799758	0.337819174941065	0.130351531701527	0.329491106958002	0.245321190668729	0.308294877338722	0.212191510086475	0.190107548527455	0	0.248967745015366	0.253903720001164	0.210691595251489	0.182522951708258	0.210104840809314	0.14242971876845	0.262466891838047	0.311537874750304	0.242689018456947	0.124157193831279	0.34948183979257	0.315638376459883	0.286610838827104	0.400787425455566	0.288765054332791	0.415929155769392	0.329963965307905	0.262519244389505	0.207285605665648	0.16439915362636	0.204292443049106	0.183015768764835	0.386638423469105	0.266657825319386	0.266003638507406	0.207344947371841	0.341454739899425	0.276731957304452	0.26255502635284	0.157887602805202	0.283087411792025	0.266216407494984	0.205984453213054	0.267840186729082	0.28674122473966	0.194366956256311	0.194720346679674	0.0749156085310881	0.113524857739169	0.343020812707931	0.382231294159626	0.228409501936797	0.429390939204469	0.195433612954699	0.231112966552555	0.314970712109754	0.137566376005104	0.288719913540117
700113058	0.334613986622091	0.191268117802802	0.202449704740598	0.412863772416591	0.241152809474998	0.176309400006978	0.31395046130051	0.0653146043068709	0.270395315653504	0.0853307465796717	0.207201708924535	0.248967745015366	0	0.18173975400846	0.13131637036527	0.254829522113558	0.131023497668326	0.228050243437992	0.289117114401818	0.282620261029583	0.293848528243857	0.26453640542641	0.315730475663959	0.291997404625706	0.354350701566248	0.329738866162059	0.164550341849187	0.287304105956727	0.197346582841956	0.0836248938156709	0.168254898243827	0.243787606161336	0.195154867874098	0.125649302844315	0.309404792670687	0.232429130476858	0.252139514555346	0.153614673289221	0.279842140830027	0.137358467983088	0.241147342804212	0.116137033126998	0.239040687304816	0.269342066744797	0.137466344846936	0.180154048141476	0.206531948158139	0.118255274827324	0.185848847166293	0.229856767459652	0.290344872768326	0.289556471819527	0.332371266494048	0.234057827324607	0.397002702515908	0.100479591841988	0.238534264233342	0.31586583952562	0.178263132615926	0.283521088570777
700099448	0.230219904059319	0.167198819874639	0.206181959912972	0.367053235838174	0.171150178556399	0.155394731327255	0.232408967386846	0.179476647109632	0.204969806014159	0.129821552260695	0.148715570112182	0.253903720001164	0.18173975400846	0	0.193751228215486	0.170234915207489	0.146385467347832	0.158549500435482	0.174764485541706	0.196779502695027	0.202261903874958	0.208660924784662	0.216665480798399	0.17275451986486	0.259230861837523	0.242109992610879	0.106122727018622	0.308152903325643	0.203183408414749	0.150931365183871	0.110118992249802	0.207759340124484	0.133126493282125	0.127210963443231	0.244183983731484	0.151531118866695	0.130632029696407	0.133369605570444	0.201317694922235	0.225946390949988	0.138093498854376	0.179065510925422	0.121875683836248	0.202756976035302	0.157383389512572	0.124644757492845	0.137863136273325	0.16108104898291	0.0894211739378512	0.216879958795785	0.239579166422543	0.222259948709632	0.274403124631591	0.131882016370905	0.276710554378319	0.146070729605103	0.156441071732633	0.221292034303448	0.171167773038675	0.199409194399559
700109870	0.344135838682214	0.249108349443573	0.177759616082941	0.435426113683115	0.279616258927591	0.155956763808464	0.313419031235434	0.118292371572423	0.288550024311857	0.130205855506162	0.234643285783501	0.210691595251489	0.13131637036527	0.193751228215486	0	0.261331311334927	0.13852539449151	0.233630153300385	0.288760512537897	0.294636503054768	0.2690490762578	0.259088004710873	0.322344394771456	0.300371620053644	0.35303388336413	0.367459951178689	0.215222989928509	0.362002513846409	0.246059232267649	0.145878751701951	0.196178488484397	0.235597158232524	0.226172563446093	0.167486861628046	0.353090132842016	0.242515307846737	0.26665195008909	0.12319741853844	0.308043857289949	0.160535843563042	0.258508143320817	0.15299686351857	0.271037325119185	0.275187485052484	0.173778284165453	0.192818428269378	0.238347889435519	0.107315359626739	0.200470573853325	0.198365065692085	0.278454026348735	0.315602486163142	0.354485740019835	0.228780811672253	0.405732821644505	0.127557651329779	0.226872787316368	0.329557025861433	0.175795508694449	0.283624260303482
700033928	0.208497384236034	0.244793772883348	0.16211222115858	0.357732269147067	0.239743854385035	0.148789863128682	0.210393132940669	0.253953823076142	0.173088197729566	0.201541485287076	0.101631382257042	0.182522951708258	0.254829522113558	0.170234915207489	0.261331311334927	0	0.208859239721503	0.130797854229951	0.134161174346279	0.206619907994588	0.151768736232575	0.100977544541859	0.240519771112505	0.158165593390549	0.181006487054763	0.284127127950736	0.217982215337698	0.338779023331559	0.292813938635461	0.233138610046173	0.166627246612404	0.126287601990373	0.107678309541181	0.163621347760349	0.263055410535285	0.194501466751667	0.180162808120661	0.223163389982159	0.200833693695719	0.301087478387685	0.129767336807313	0.178860097806942	0.172119756381313	0.18602911217231	0.188825262230424	0.207087951610243	0.18445992282262	0.224244289434753	0.142813541039558	0.152449985216443	0.142784568257958	0.203010423689574	0.260610139938459	0.134322074602958	0.285275617114812	0.198452172082939	0.167714234233113	0.170804285914577	0.125238547443901	0.166069249031467
700023693	0.294530829578853	0.19351649070971	0.169277096781494	0.407675006467947	0.231865699611449	0.116627302796968	0.281968699518705	0.110076679350243	0.2410797136192	0.0869799848520262	0.173908253634533	0.210104840809314	0.131023497668326	0.146385467347832	0.13852539449151	0.208859239721503	0	0.175909477069164	0.233386303028351	0.256483850491875	0.221591375144728	0.221169308618499	0.267180141632134	0.248871385840628	0.312541675182435	0.322292138102552	0.161105500311378	0.337381284340349	0.215004381023461	0.132157296137464	0.122702045588714	0.203264295869969	0.171724503677701	0.126657542394101	0.298885068722714	0.201576554544557	0.196176176627937	0.133744821188309	0.25296750601985	0.143487131354141	0.187625768654038	0.151739039146396	0.20802477295596	0.232099019434216	0.155182018275165	0.13726596995189	0.160494867074099	0.113638749913479	0.130578533697473	0.188403527639772	0.253855113737185	0.271098607754271	0.311836592388711	0.159506480753213	0.350756769805968	0.100618538466602	0.176649988903558	0.287111019895239	0.158972803485171	0.247045976188729
700109627	0.284428661044381	0.260367195010769	0.111251378783231	0.433806134286328	0.263715755677767	0.0976625330654415	0.301867975129177	0.223191490341653	0.262695499886069	0.173576481407722	0.124700214532405	0.14242971876845	0.228050243437992	0.158549500435482	0.233630153300385	0.130797854229951	0.175909477069164	0	0.220558940476859	0.2677020763946	0.240168252904602	0.127779268101818	0.298702295029868	0.240434680491465	0.259300563547402	0.332290172137291	0.199463522419835	0.362341734120028	0.316144490688907	0.21081609146795	0.137169929207436	0.168922420863932	0.166436940596972	0.11947849201984	0.319299874366857	0.235064901180148	0.16233391575001	0.160524478209259	0.273302792781127	0.272974758936139	0.207150788702582	0.153175866044875	0.192285244432852	0.223049984825548	0.204311953969413	0.232403801644917	0.227531063650347	0.204101157074467	0.100872333172815	0.125105704459603	0.14653007435436	0.303137322558678	0.347300221393294	0.188361396011183	0.347784995547498	0.174975773438563	0.210380171503464	0.262047228962708	0.122134378249628	0.258771542000769
700095416	0.144386328079815	0.230790303394309	0.247292372651853	0.320830796099105	0.217893033622721	0.225850036321535	0.139518648818547	0.287130318439032	0.119480368826456	0.236650050688259	0.175654121303264	0.262466891838047	0.289117114401818	0.174764485541706	0.288760512537897	0.134161174346279	0.233386303028351	0.220558940476859	0	0.157088160960865	0.101158581193048	0.175499747722459	0.177522157094247	0.102947361582691	0.135603480346351	0.246859251107894	0.220033259302457	0.347177615353338	0.281003927015143	0.266861507994042	0.187560148562042	0.168586609100413	0.145996957627261	0.227605650703157	0.207902109071894	0.135600139647528	0.189781165959756	0.250754263873335	0.130733955030096	0.331070390945411	0.0976752856133254	0.266295144262973	0.13587204721134	0.144901753316697	0.224597985507236	0.199927873862356	0.170350278640753	0.253036905905125	0.17537852734382	0.235267254085358	0.227696310811309	0.147138656702093	0.20243854214893	0.0944093188018525	0.204340076591991	0.233213478010625	0.136956997326082	0.134162848448636	0.209477605590185	0.124263135358605
700110425	0.13042609946329	0.232038347399003	0.296021671407594	0.22538589592393	0.238564340289441	0.282894172729774	0.0919413338169648	0.282981339255992	0.130625629457762	0.240975590258623	0.180456876886505	0.311537874750304	0.282620261029583	0.196779502695027	0.294636503054768	0.206619907994588	0.256483850491875	0.2677020763946	0.157088160960865	0	0.142528200351252	0.231126708961252	0.154027708580166	0.103519114283104	0.125523929973907	0.237037567933515	0.232932489733759	0.325781809107446	0.286713426603412	0.260917980062636	0.22329632354059	0.234036828390875	0.163851697814389	0.244062596552027	0.223425856531779	0.10720256708395	0.225800724226124	0.28591087570091	0.137542033944218	0.326675565439751	0.1385544348872	0.270014520824851	0.168607338393302	0.13497327546549	0.227334658034897	0.211719923733355	0.18681523115623	0.246360074393565	0.218890626102875	0.288939399831706	0.279921327798049	0.0974433742990991	0.118853493321941	0.154521431852505	0.175134011238849	0.241124243398378	0.118835677397684	0.100711508586341	0.24798926535046	0.117341779956142
700111580	0.172651645579175	0.247445980286139	0.250476922168719	0.306393635428161	0.244136673788153	0.219174547490045	0.144071798326504	0.291751697340791	0.161893404468792	0.235342482101844	0.179983509853284	0.242689018456947	0.293848528243857	0.202261903874958	0.2690490762578	0.151768736232575	0.221591375144728	0.240168252904602	0.101158581193048	0.142528200351252	0	0.170774119392066	0.187333143339727	0.134306293515077	0.118484220345913	0.292665919803606	0.262394327244937	0.383663047765744	0.266707066202983	0.278742563260738	0.198380412253109	0.165631886896229	0.146246298896728	0.234153441116854	0.272388675259666	0.142882657815529	0.234373464082189	0.250394750619303	0.181744009827363	0.303258571440737	0.124711360743581	0.25453242212134	0.179470940595741	0.162861472762999	0.186181211686915	0.190957713299384	0.198931458739578	0.222499752636951	0.179682391343342	0.216079235140038	0.226985600417545	0.147749199304318	0.209862296860361	0.107111361464301	0.241209753640783	0.226431419743313	0.0954541526621106	0.121989072128605	0.194363416623994	0.117292353651091
700111302	0.270081354018106	0.264191029893856	0.109994048363085	0.403203834103741	0.284044700667309	0.155314409040454	0.249568689992209	0.260614014028834	0.210892955610079	0.21660968642235	0.117994177017322	0.124157193831279	0.26453640542641	0.208660924784662	0.259088004710873	0.100977544541859	0.221169308618499	0.127779268101818	0.175499747722459	0.231126708961252	0.170774119392066	0	0.290597334489046	0.215471673415146	0.180715471909058	0.338774476650219	0.254967560957212	0.378367715829282	0.330002926715807	0.254932834218642	0.196163226964594	0.0887497654832108	0.144213324529331	0.180799109289195	0.319508054666571	0.208402833796772	0.217311997261928	0.235374133639518	0.261527361801507	0.306864466308426	0.194860314864848	0.174933593802508	0.218341260484455	0.193823306249189	0.206348322368987	0.255723196766465	0.234115367554624	0.217405489964843	0.170725559979478	0.0837166980388406	0.102923274215882	0.253908099869139	0.303667515577918	0.165847723064301	0.343395880076935	0.200693465636243	0.187951260278531	0.222481758198096	0.112966695385701	0.210712698789612
700098605	0.130570245597892	0.198983286802235	0.330220276268717	0.222660015404798	0.226781094628713	0.291024172961087	0.14594282218134	0.309291935557931	0.204996723739177	0.284875429173098	0.247754444546036	0.34948183979257	0.315730475663959	0.216665480798399	0.322344394771456	0.240519771112505	0.267180141632134	0.298702295029868	0.177522157094247	0.154027708580166	0.187333143339727	0.290597334489046	0	0.161461852571271	0.198928174210379	0.24042146407919	0.221021155622285	0.334472434769853	0.27904849126712	0.300765811268267	0.245172881948978	0.280804595274822	0.223507757422186	0.284962527634387	0.214841080755614	0.16695167940365	0.248960523234893	0.293863946841547	0.146879805353009	0.325364297623683	0.171776681380618	0.328274079282196	0.211023440093121	0.216247109390366	0.292047827517133	0.204545640365732	0.190704749709845	0.304385831489691	0.241061839233751	0.324008851559971	0.324541113890208	0.168119514826369	0.139539302110824	0.175277542100552	0.139219040940837	0.288874030268523	0.191470501804669	0.192260132624252	0.288452675171716	0.158155491566854
700111991	0.0983182237407745	0.218932428630856	0.28696095116145	0.260062348403433	0.19973519180884	0.269402381714276	0.113030931588696	0.289318733499427	0.0971611779749502	0.239688070785927	0.178178472616083	0.315638376459883	0.291997404625706	0.17275451986486	0.300371620053644	0.158165593390549	0.248871385840628	0.240434680491465	0.102947361582691	0.103519114283104	0.134306293515077	0.215471673415146	0.161461852571271	0	0.153822348070852	0.195682990652156	0.207607412764819	0.314669482432772	0.280874275231896	0.262572476065758	0.206531897559547	0.226970604336259	0.163107898681716	0.238811915317064	0.176703195805769	0.123708226112833	0.187816659021361	0.270494425189648	0.08536964739667	0.335878502887258	0.106612440687558	0.280737789272357	0.148051646114326	0.14823957325382	0.238589676453156	0.195706817232493	0.155042230429951	0.260077218843985	0.205161574182111	0.285014749677095	0.260223824381692	0.0949300139880342	0.152688538031589	0.126853694772943	0.159468252868048	0.25050408981572	0.153307900025907	0.090389334231993	0.250772741654488	0.11243258171074
700108960	0.155173796918376	0.315629220289425	0.273142595678181	0.28569644145259	0.30803604274244	0.272791942154759	0.115287147673166	0.356718000516202	0.170372627178784	0.307821464944093	0.201104593290905	0.286610838827104	0.354350701566248	0.259230861837523	0.35303388336413	0.181006487054763	0.312541675182435	0.259300563547402	0.135603480346351	0.125523929973907	0.118484220345913	0.180715471909058	0.198928174210379	0.153822348070852	0	0.326428547538472	0.314214831754403	0.409084435866426	0.360071919351785	0.334704534008677	0.272495433053423	0.17088647460041	0.192510074855107	0.277603303660124	0.295277952420648	0.158339697579328	0.269461631665657	0.32812249032949	0.193025811696425	0.397088195621049	0.179189926196629	0.298901418931975	0.224082601768453	0.149784244790048	0.276307982844004	0.292746581831675	0.273919569793387	0.314605631735822	0.237351488565363	0.247006567216263	0.235964025127079	0.15441486142923	0.169901301574257	0.180275939995457	0.193469806888247	0.299302322344641	0.156781682039762	0.11459707947177	0.231640717424847	0.124028534019322
700024452	0.209325864033821	0.219359439995005	0.376652816367196	0.267218874934872	0.188421771137097	0.355422281358038	0.256120158394244	0.326652572071737	0.222885025239139	0.319284404053062	0.282058270206706	0.400787425455566	0.329738866162059	0.242109992610879	0.367459951178689	0.284127127950736	0.322292138102552	0.332290172137291	0.246859251107894	0.237037567933515	0.292665919803606	0.338774476650219	0.24042146407919	0.195682990652156	0.326428547538472	0	0.223586723106911	0.263749394152612	0.225206731929624	0.300197267406101	0.299952839063756	0.348794200021899	0.256954164000325	0.317905798380296	0.0810217390104919	0.243938554072481	0.276278379758467	0.336139202752158	0.17085657085411	0.33849570313025	0.214557835036895	0.341293820366389	0.234046207300944	0.282744563041962	0.293785026589238	0.221609755589986	0.194581735369349	0.33788616949667	0.288248649677144	0.388233403938268	0.372238049783219	0.204827240549308	0.234673981938116	0.236098243952008	0.210925280353239	0.324053818256817	0.272403558331122	0.242244149506692	0.337840601908133	0.271880278208492
700032931	0.239318032095022	0.117398826629537	0.243869810407114	0.363259577776492	0.159927080277316	0.203500033882067	0.272510524605516	0.151035767136688	0.214772060755429	0.149255338558371	0.166795486822589	0.288765054332791	0.164550341849187	0.106122727018622	0.215222989928509	0.217982215337698	0.161105500311378	0.199463522419835	0.220033259302457	0.232932489733759	0.262394327244937	0.254967560957212	0.221021155622285	0.207607412764819	0.314214831754403	0.223586723106911	0	0.248771825885263	0.175633854315906	0.145864556509783	0.140754252725735	0.253253849693989	0.164393037667282	0.141297211575663	0.213879637613129	0.191751112034104	0.168277860314139	0.18514294142955	0.190404003065475	0.199417176051881	0.176698234557931	0.183532316301193	0.151729205761223	0.234754600407024	0.163801072337958	0.114355209864041	0.110630747253763	0.172317911661918	0.143674642820124	0.253417690675862	0.283758260897994	0.240772601777233	0.271221988354509	0.180103080023771	0.281306802635637	0.15335095781534	0.218407377724348	0.263384000851394	0.216475409821484	0.24802934705553
700095837	0.338300396786851	0.252452373280702	0.391097657611279	0.418074807456731	0.269691924689019	0.376858199941776	0.368294577145007	0.307954901206438	0.314088163604049	0.299223116331876	0.293145072391029	0.415929155769392	0.287304105956727	0.308152903325643	0.362002513846409	0.338779023331559	0.337381284340349	0.362341734120028	0.347177615353338	0.325781809107446	0.383663047765744	0.378367715829282	0.334472434769853	0.314669482432772	0.409084435866426	0.263749394152612	0.248771825885263	0	0.200194364299011	0.252721811946549	0.316927194881296	0.39541215599589	0.2992924689351	0.305575017941421	0.266812924862955	0.319386486202927	0.317570026433836	0.365716321112649	0.291472119011059	0.333677476649115	0.304374402535686	0.31768211831666	0.303941049084419	0.342955343079827	0.279276458669862	0.287461294681137	0.260824545993905	0.326888864961712	0.337664339676279	0.403479327610649	0.396376457164333	0.327717158808932	0.351119907696087	0.320369772660743	0.379805541444094	0.315159556929689	0.362696582013859	0.35185410364028	0.367323184301384	0.364573722400676
700024548	0.312700392450145	0.168829128062024	0.316631695644062	0.370146254259537	0.211241899201923	0.268752157054698	0.317637124805415	0.211439142459623	0.294196856776152	0.196967887806131	0.254357300976561	0.329963965307905	0.197346582841956	0.203183408414749	0.246059232267649	0.292813938635461	0.215004381023461	0.316144490688907	0.281003927015143	0.286713426603412	0.266707066202983	0.330002926715807	0.27904849126712	0.280874275231896	0.360071919351785	0.225206731929624	0.175633854315906	0.200194364299011	0	0.178739670708464	0.232935840999669	0.319701247094824	0.228537308083928	0.221137462099911	0.221465970371468	0.237790968062507	0.295874512178467	0.256778660278192	0.262407323755835	0.186861306251984	0.239858772805561	0.225946987558937	0.24299630967279	0.310259557002678	0.14965574731143	0.124912229255015	0.183349096468026	0.198319393995132	0.234605832625125	0.319280454891811	0.346160353780992	0.28126278383081	0.312965666015206	0.22134080778445	0.341366170213487	0.221365040886038	0.242867102159938	0.309065297141155	0.281441062039337	0.297385183170353
700110161	0.323705522988348	0.191379866175956	0.195579868898525	0.396463051215355	0.213963421924552	0.176800359359534	0.301964029781554	0.0962638498499218	0.248791260735411	0.0911048700604582	0.182178098529352	0.262519244389505	0.0836248938156709	0.150931365183871	0.145878751701951	0.233138610046173	0.132157296137464	0.21081609146795	0.266861507994042	0.260917980062636	0.278742563260738	0.254932834218642	0.300765811268267	0.262572476065758	0.334704534008677	0.300197267406101	0.145864556509783	0.252721811946549	0.178739670708464	0	0.164508321209754	0.24462461118122	0.184968245009043	0.123147103569989	0.278471164044314	0.218198534129894	0.2263919462992	0.148160799574828	0.266416451226756	0.163841132063604	0.221021864827658	0.1310140982593	0.208035196007532	0.253777524244467	0.137078771686812	0.175651456593187	0.187756666467151	0.127038706176229	0.16746929542405	0.232350618905749	0.28396673033375	0.271465442377713	0.32300341277024	0.208503051455434	0.377131602077392	0.118923450782099	0.223481088970826	0.288280250971936	0.177745909012785	0.271123420943971
700023496	0.273184811677626	0.16509352432461	0.187091639541085	0.396588941492359	0.187379866011554	0.124656836957152	0.261804842669892	0.170003157665136	0.213318887337793	0.107663376575597	0.11731641216537	0.207285605665648	0.168254898243827	0.110118992249802	0.196178488484397	0.166627246612404	0.122702045588714	0.137169929207436	0.187560148562042	0.22329632354059	0.198380412253109	0.196163226964594	0.245172881948978	0.206531897559547	0.272495433053423	0.299952839063756	0.140754252725735	0.316927194881296	0.232935840999669	0.164508321209754	0	0.199497444764189	0.116435613926467	0.0993399694554684	0.282083554916989	0.178571496695478	0.142528539428531	0.136605169771344	0.229383809588982	0.207927463706622	0.153801268341108	0.151004080761769	0.132545158911412	0.207156243426204	0.133516203523051	0.150323641581854	0.144723325878682	0.141739777923024	0.0854543492450068	0.190640366765467	0.222835499744646	0.251496265740249	0.304315232905904	0.132351370761591	0.32806039268133	0.110035333340711	0.171616560195954	0.23922083095629	0.174526090423595	0.211813259061581
700034628	0.267936226989266	0.261855329892964	0.15285787044416	0.410459854171097	0.290010829629084	0.14656036310704	0.227995758037074	0.241731316715421	0.200496722233424	0.202374040148496	0.147955935483767	0.16439915362636	0.243787606161336	0.207759340124484	0.235597158232524	0.126287601990373	0.203264295869969	0.168922420863932	0.168586609100413	0.234036828390875	0.165631886896229	0.0887497654832108	0.280804595274822	0.226970604336259	0.17088647460041	0.348794200021899	0.253253849693989	0.39541215599589	0.319701247094824	0.24462461118122	0.199497444764189	0	0.155963768757079	0.170017084795128	0.315901105298799	0.175518760024809	0.238596017804678	0.218527481812152	0.260374246791439	0.287521386115069	0.199590411441861	0.161084374370294	0.224146053032286	0.162516990003325	0.202198882656519	0.242154623585962	0.238526518035165	0.196609886603983	0.171242923672726	0.113130594913512	0.170778372562332	0.247483450882715	0.296780918723702	0.16946075979192	0.339991285367546	0.175826476397669	0.174859187721586	0.215462061686254	0.11805347000839	0.173611661711344
700023645	0.228869654510289	0.173999357159687	0.190150692754507	0.335807400678349	0.191634652600772	0.165110590173658	0.204567006691911	0.194509897351644	0.163621005835133	0.145991656912216	0.073006688298544	0.204292443049106	0.195154867874098	0.133126493282125	0.226172563446093	0.107678309541181	0.171724503677701	0.166436940596972	0.145996957627261	0.163851697814389	0.146246298896728	0.144213324529331	0.223507757422186	0.163107898681716	0.192510074855107	0.256954164000325	0.164393037667282	0.2992924689351	0.228537308083928	0.184968245009043	0.116435613926467	0.155963768757079	0	0.116911005847875	0.240903350280821	0.129768666136222	0.170849122625022	0.202717112485682	0.183130828434474	0.241723514025187	0.115467815588993	0.149001416421509	0.115973161670984	0.161911987550119	0.124207017567392	0.143294884596415	0.1377381509836	0.162337716424257	0.120747661842443	0.181414628487101	0.180791615296959	0.190448965314993	0.244016290424156	0.109726215836692	0.28998382733193	0.134887449128671	0.140397150250004	0.169475986970537	0.139572470463243	0.164918739158964
700038744	0.306735613761888	0.181953038723796	0.146895539028999	0.408012854323469	0.224153606819069	0.0983515973397447	0.288675799627611	0.130009315132295	0.234894160391746	0.076779815763817	0.113124183522539	0.183015768764835	0.125649302844315	0.127210963443231	0.167486861628046	0.163621347760349	0.126657542394101	0.11947849201984	0.227605650703157	0.244062596552027	0.234153441116854	0.180799109289195	0.284962527634387	0.238811915317064	0.277603303660124	0.317905798380296	0.141297211575663	0.305575017941421	0.221137462099911	0.123147103569989	0.0993399694554684	0.170017084795128	0.116911005847875	0	0.298542766229483	0.192940218497505	0.185244482772093	0.134794848423159	0.251510091062176	0.176150109160519	0.18718528828057	0.0840557466563109	0.180767409487041	0.217200997597285	0.120268003599426	0.158193812300437	0.186467905336063	0.116385616098131	0.0988360992326333	0.157088093019064	0.212334556120788	0.273320241301684	0.322925808373296	0.173838549843503	0.363743060082481	0.0904307630449487	0.19451782341397	0.25009424120428	0.135841076313755	0.240099007401206
700038485	0.201438121963103	0.190969952250892	0.358962617756238	0.257625842911289	0.184776970772048	0.335615227948316	0.227511983340073	0.306137729316856	0.177885293382483	0.2986379528741	0.267800912178945	0.386638423469105	0.309404792670687	0.244183983731484	0.353090132842016	0.263055410535285	0.298885068722714	0.319299874366857	0.207902109071894	0.223425856531779	0.272388675259666	0.319508054666571	0.214841080755614	0.176703195805769	0.295277952420648	0.0810217390104919	0.213879637613129	0.266812924862955	0.221465970371468	0.278471164044314	0.282083554916989	0.315901105298799	0.240903350280821	0.298542766229483	0	0.212843680479867	0.280876613027243	0.338958494607984	0.138094567812762	0.319355889468125	0.201826131004239	0.326330951123651	0.224601975067955	0.238451038255275	0.278633775931793	0.208076520789749	0.173552638099801	0.324809067428431	0.276892959032406	0.370644311457815	0.357510286526503	0.178006438716876	0.197058570529947	0.216245767708403	0.20608148728386	0.303758494221115	0.254991848121048	0.21817936190641	0.31915911353523	0.231126058636829
700024743	0.161224196878566	0.190153330521243	0.248276040525767	0.293381878728138	0.221163832737416	0.229790075678744	0.12629571951283	0.227841662934529	0.134642090867534	0.189847548699149	0.15780534996225	0.266657825319386	0.232429130476858	0.151531118866695	0.242515307846737	0.194501466751667	0.201576554544557	0.235064901180148	0.135600139647528	0.10720256708395	0.142882657815529	0.208402833796772	0.16695167940365	0.123708226112833	0.158339697579328	0.243938554072481	0.191751112034104	0.319386486202927	0.237790968062507	0.218198534129894	0.178571496695478	0.175518760024809	0.129768666136222	0.192940218497505	0.212843680479867	0	0.205426266704264	0.230142538338351	0.139615436346751	0.273399285919472	0.117741709365261	0.222586145358247	0.15526786581283	0.0970064729174154	0.186626936507321	0.171462938745986	0.173589582577314	0.198724922969954	0.17588113636267	0.247967320293786	0.257505704403122	0.13859875780653	0.180445971911266	0.114715351465094	0.215923286919481	0.191784311267265	0.126147376959256	0.138302711235883	0.202870722720897	0.097512576144142
