700108602	700014971	700033565	700109389	700023058	700023927	700106341	700114221	700023543	700023439	700016978	700024192	700113058	700099448	700109870	700033928	700023693	700109627	700095416	700110425	700111580	700111302	700098605	700111991	700108960	700024452	700032931	700095837	700024548	700110161	700023496	700034628	700023645	700038744	700038485	700024743	700099596	700110760	700101587	700106399	700032322	700095653	700021312	700101230	700023590	700038905	700033136	700023382	700096424	700105469	700016908	700096053	700108479	700109569	700033814	700016125	700109756	700102665	700101777	700109455
700108602	0	0.156183694254242	0.162969681714348	0.105059933524549	0.126123028240699	0.165877072484334	0.0810348507740056	0.17958374955802	0.089123468408314	0.163755940420333	0.125168072437673	0.158371823434379	0.163325494995522	0.147381703319718	0.165572048072729	0.109727177532262	0.174409842199434	0.159042478946741	0.0850392909905097	0.096595165031525	0.0904467974973156	0.112210950425108	0.104137175310753	0.0720696049569986	0.0871670223264195	0.110037116304403	0.152392912174973	0.121935692719117	0.147170207857651	0.16520102313696	0.165056422306273	0.118037609159759	0.116084538668263	0.156101962294717	0.126924405234736	0.118213233029309	0.133872905942614	0.172203217835539	0.0950650491546097	0.188735934261501	0.107870355274724	0.153916434542443	0.144130748125654	0.113708682947766	0.138662538605042	0.130722243268984	0.104555224466605	0.155436382375367	0.142726699608656	0.13863713516371	0.122094990008698	0.0976840245712898	0.0942323200246195	0.101120072804306	0.0911546738820059	0.159262331289531	0.10862138175178	0.0838237760147558	0.137045648301647	0.0978299860663072
700014971	0.156183694254242	0	0.137582860837991	0.158680218803613	0.127003326049576	0.143157618891592	0.157028363572475	0.143406862600823	0.152781894051289	0.131920388620097	0.126474908518401	0.154622696018632	0.142002795581015	0.125886061120664	0.145094655689793	0.163590757623133	0.125134571738508	0.142604814104838	0.159187486886019	0.147921796931786	0.141824751162072	0.128317024890609	0.127046558180786	0.153481213948133	0.153477899240097	0.141046504757087	0.122384636388467	0.145601386617514	0.120911080951598	0.134781393886719	0.129491271605191	0.150006562589503	0.127051597439577	0.117806000533782	0.137466266493202	0.132566515227438	0.147808512713341	0.154614018654265	0.151133209274997	0.138434333318264	0.148692008240146	0.136303179078441	0.131097831901074	0.138850295129262	0.134496832996305	0.12529578450522	0.118715215193324	0.133501860592333	0.118664164215042	0.149805895543535	0.129737965959933	0.163578497062759	0.15350496200362	0.126154590715679	0.167402476262151	0.133023202355716	0.141891831320043	0.155351939729289	0.129369189008849	0.150119243453548
700033565	0.162969681714348	0.137582860837991	0	0.150230656273165	0.145983983607986	0.072143342605417	0.141359147318498	0.105605292647434	0.156733100140759	0.0829386772953309	0.105238905605844	0.0635196591233758	0.110347210347808	0.113496096796529	0.0892231485864474	0.116757725610242	0.101443293446292	0.0886296537925379	0.14449410575224	0.146359843043182	0.139724650540828	0.0978711960506183	0.127979127580284	0.149820960954521	0.133120918270087	0.154724234064784	0.135342687656238	0.137970887505338	0.114483421810619	0.102682008900129	0.0999182783889692	0.108864361838082	0.115449080625405	0.0778842907673948	0.152898575157091	0.110552075873151	0.134197729394362	0.0744014681815901	0.163985208824797	0.1233289576811	0.139119354211604	0.0763745748526808	0.123478894501604	0.126929100124953	0.101774267277614	0.0994747139429423	0.135840764597042	0.0891944864145423	0.107544670322011	0.0802656623731212	0.0766004306946126	0.172136017267266	0.152659000634783	0.120812085583492	0.182464111623072	0.102932862577082	0.126630843273645	0.153942874529128	0.0863938032241773	0.142107182864858
700109389	0.105059933524549	0.158680218803613	0.150230656273165	0	0.143315518971119	0.168791666825916	0.0866731188086406	0.171408375347846	0.130247652883206	0.167583789074161	0.146858295900515	0.141726331728964	0.170485040685485	0.156787861062583	0.14947408519667	0.139711833358442	0.178824695641982	0.178685324325828	0.12865844631044	0.0906872104550459	0.105538751276643	0.130794290562454	0.105429592815189	0.115340439779218	0.0991765489005372	0.113195995519954	0.179621244127809	0.151099085776806	0.140038541846486	0.164033311892237	0.179010969034625	0.13913288954694	0.137691392630221	0.154649895256873	0.12288092445419	0.120041507260584	0.170540361707339	0.163770434941532	0.130664777509582	0.173983849708584	0.137890532546975	0.159308581241806	0.153459936572781	0.128233332287627	0.150355651702905	0.143489634183774	0.139258040294269	0.153112811830134	0.156004678107008	0.138754915450019	0.125036831411564	0.100248842423843	0.0755139670398273	0.131939726659993	0.116525737339235	0.167338715054815	0.108343220464628	0.0958168828846898	0.12253734564157	0.100856480670795
700023058	0.126123028240699	0.127003326049576	0.145983983607986	0.143315518971119	0	0.147945136267944	0.123723792034111	0.165389923905068	0.109427604262444	0.148727254116049	0.128147405727209	0.156767831132856	0.159379498012254	0.124914954929614	0.153461996557937	0.135945595534804	0.155183690045993	0.151306195009619	0.125397727245446	0.133454780199859	0.123947311920652	0.127516271302384	0.126316204583177	0.119127713825158	0.139374733531893	0.106552125628289	0.15265715178215	0.138807162202866	0.12882286853569	0.148915864467175	0.161181462012989	0.148801793184536	0.132464451000308	0.139065884691727	0.117788228706151	0.132660777959985	0.129298494243187	0.154375276797256	0.114631997192686	0.160160043812195	0.130953061297363	0.147570651491825	0.130011917981972	0.128760383502572	0.141346675110417	0.123938876364295	0.102264268824749	0.146085932215334	0.131404588723183	0.143396773670847	0.136593231658078	0.133691333798144	0.129523557598869	0.131352875607027	0.13916899103623	0.154735034957368	0.128654813259752	0.128625954314918	0.138472769177256	0.127932303112056
700023927	0.165877072484334	0.143157618891592	0.072143342605417	0.168791666825916	0.147945136267944	0	0.151117015631728	0.105713631014287	0.162011740555073	0.0851456598140846	0.116009663392143	0.0893545410568215	0.112056669035095	0.100518673378659	0.0814654639389176	0.141293261291588	0.0947430446467045	0.0775499273860426	0.149877384840855	0.15036773154957	0.142930540213635	0.114004722868297	0.128419482427787	0.165032542884471	0.138660050564014	0.161811299484732	0.131755484546573	0.150576359662214	0.109638317078718	0.0827576699336336	0.0896182475679234	0.121004137494135	0.115491387577306	0.0824887647458156	0.169215742663009	0.118800971797865	0.12643755759383	0.0564911909223583	0.166770988702539	0.124564542548103	0.151999074749619	0.0843988580389349	0.123397098808284	0.13147877700768	0.10332877712114	0.10736418206922	0.14275795138569	0.0955345643158147	0.0818783721228124	0.0941044521254115	0.103677605658332	0.178430959900587	0.162552490922346	0.119109203998969	0.187256458811716	0.111200164969712	0.125166360712644	0.157502618083713	0.0965018547008296	0.148502191306692
700106341	0.0810348507740056	0.157028363572475	0.141359147318498	0.0866731188086406	0.123723792034111	0.151117015631728	0	0.166223520709529	0.0918820040040451	0.156490309830631	0.124885134140577	0.124006501523699	0.159347112445665	0.149067489859929	0.141455789290474	0.116311759761609	0.170455993235601	0.165682329982013	0.0944033648716644	0.0715982684401067	0.0821879394458827	0.0993293052309076	0.104045232744721	0.104445343734675	0.0660012543775301	0.114498599169911	0.178098730148207	0.147634836640204	0.14299764586326	0.159333702245848	0.15779942327439	0.0896641217300196	0.112343912186171	0.140016749717328	0.134738313133042	0.0820996308826525	0.157283302273187	0.158830825106282	0.0959837023360537	0.175902923371703	0.13150892841653	0.136579087570533	0.133091879636131	0.088736345326237	0.124630028527873	0.133803857681751	0.123809598048586	0.129770056862893	0.142974468151775	0.115270484200992	0.11574670738458	0.0835490191511209	0.0785127936257621	0.104369792727872	0.119004011453201	0.149333886907116	0.0847438011921506	0.0752743690835142	0.117814836855847	0.0808047544241658
700114221	0.17958374955802	0.143406862600823	0.105605292647434	0.171408375347846	0.165389923905068	0.105713631014287	0.166223520709529	0	0.172026016056548	0.0790068463481352	0.140040589575792	0.107762142929767	0.0817242002839359	0.147008063705491	0.0861598959974654	0.151450114763189	0.0874106887411067	0.131717985705063	0.16635358591488	0.166611884960038	0.156721426945822	0.127049183991616	0.161409239716062	0.179770063298341	0.167458503503268	0.174592620732526	0.146796570185947	0.141309692426723	0.110074843379241	0.116599801681518	0.11959170007247	0.140911431771915	0.122829361099191	0.112300848529746	0.172044868821451	0.131446772028597	0.156198669915144	0.0956490094444514	0.181134307780035	0.0838829860793904	0.154658507535883	0.0825779801742736	0.149690909441798	0.136126552770415	0.102693820330599	0.120956800466934	0.149200750164283	0.0880448518622475	0.140123119020326	0.108355365590302	0.127168836898998	0.189704439289344	0.170439387923226	0.150790776404106	0.206592675391506	0.0884645920135845	0.137718773953573	0.182856087306688	0.111437913852089	0.164355856681744
700023543	0.089123468408314	0.152781894051289	0.156733100140759	0.130247652883206	0.109427604262444	0.162011740555073	0.0918820040040451	0.172026016056548	0	0.156249878646457	0.118896150827403	0.151173887130644	0.16022238207031	0.142136475444471	0.152101473980101	0.10566145546807	0.167273774163476	0.164840815855855	0.0941450660492045	0.103766643298967	0.101978190828472	0.110887370981957	0.107384210095835	0.0999486418653943	0.111526352703642	0.0988096607478806	0.147049975960127	0.118146006287766	0.153813382628681	0.157439439617239	0.161531083871188	0.105925578044747	0.114644698322588	0.151572256122929	0.111516579207563	0.116121885870107	0.140779575474577	0.170147345236731	0.0807050013585499	0.180974000288377	0.118468753473736	0.148998421480184	0.142027642941874	0.0856425581818454	0.139920348905773	0.128190926473492	0.103454514536513	0.146253283889031	0.151271134748316	0.12957640497979	0.125599362781507	0.0855367042744321	0.0968988956641705	0.116954170039814	0.111380307843775	0.149708327772107	0.116022554622139	0.0871502277646922	0.131875009230472	0.0964501353016624
700023439	0.163755940420333	0.131920388620097	0.0829386772953309	0.167583789074161	0.148727254116049	0.0851456598140846	0.156490309830631	0.0790068463481352	0.156249878646457	0	0.108534281205638	0.0958713736687618	0.0839301076691428	0.118945151011091	0.0940592171046919	0.136088904500051	0.0793659074387401	0.102876921959086	0.150975821531084	0.15578393956243	0.137569480212361	0.111435032882967	0.141892787764077	0.160043166123485	0.150655356883834	0.159007003871236	0.142623999374252	0.136814017435823	0.0983745962970109	0.0961330472095836	0.10373193334991	0.124870675153047	0.0983351577886771	0.0809440784312628	0.160075112295658	0.12008310616098	0.141328899479027	0.0824418717675327	0.172477297815782	0.0872098783401797	0.133769203447191	0.0744734808741287	0.139674399925799	0.130110913821276	0.0950370609712213	0.0900854128052621	0.136324741606985	0.076927644168535	0.111200997951492	0.0993066379355371	0.106222077020349	0.17655620942873	0.161058214122856	0.122676664317419	0.1861582620495	0.089007137868427	0.125201583130368	0.159462692591569	0.098880531702473	0.153773538477664
700016978	0.125168072437673	0.126474908518401	0.105238905605844	0.146858295900515	0.128147405727209	0.116009663392143	0.124885134140577	0.140040589575792	0.118896150827403	0.108534281205638	0	0.110363682172605	0.125949105632947	0.127682132162908	0.137716769620315	0.111977537994128	0.116141905691576	0.105238868700974	0.119186589766973	0.119128934210771	0.114187882526919	0.0729008653553148	0.118273528203691	0.129636459685837	0.113229615160576	0.132888176759996	0.138418628515877	0.118263816575511	0.12938666942263	0.121168601752073	0.103555171317911	0.111114906938209	0.0873414486651782	0.0958368620753073	0.141102651147109	0.104293348186445	0.118508093586345	0.127929678088269	0.126830789321885	0.142797296417312	0.108356919527098	0.108016812870796	0.108553479431567	0.109350426369527	0.114299893906381	0.107411736015966	0.121891938252702	0.105791480662035	0.108475383610733	0.104606267507232	0.091505938511008	0.146254313994017	0.126958781015605	0.0933426749898085	0.145912378291831	0.117110834042256	0.108327317461896	0.125258230719532	0.105399366528353	0.129324341253449
700024192	0.158371823434379	0.154622696018632	0.0635196591233758	0.141726331728964	0.156767831132856	0.0893545410568215	0.124006501523699	0.107762142929767	0.151173887130644	0.0958713736687618	0.110363682172605	0	0.0965700121670557	0.13266407229819	0.0828965140116257	0.111207784389429	0.111532516062901	0.105730450803327	0.133395951835471	0.134412797952072	0.127601677950464	0.0837451460006052	0.1268947034847	0.158151169416894	0.120249109441913	0.156481282334701	0.149116581042797	0.138335090191148	0.121642351446125	0.117393038532236	0.107150116705444	0.0902563660555772	0.100604576284989	0.0909743958705733	0.167805661182463	0.105335928750711	0.144478889728684	0.085588280783167	0.164224055167409	0.110574859538724	0.143359670788043	0.0724207719380108	0.143172415012677	0.115029274252339	0.0892611480175547	0.106358709113186	0.148082338323173	0.0797639651654267	0.12731148600084	0.0616087843295513	0.077060272959476	0.165472170621568	0.14833014575216	0.12455194033592	0.1892431592793	0.090339886131031	0.112416584597834	0.146156072691733	0.0747121264828941	0.130674302855856
700113058	0.163325494995522	0.142002795581015	0.110347210347808	0.170485040685485	0.159379498012254	0.112056669035095	0.159347112445665	0.0817242002839359	0.16022238207031	0.0839301076691428	0.125949105632947	0.0965700121670557	0	0.137473707762047	0.090094591035263	0.135495609279075	0.0947316409279935	0.120749706235236	0.153373499967268	0.155443731380371	0.147106216117895	0.113380339338229	0.150855401430061	0.168424712152746	0.156318394034283	0.166663176037834	0.133361398383911	0.121854265954176	0.109087778860946	0.10657844549674	0.114556303646466	0.127362279116117	0.111286332142262	0.0929477516569358	0.171173143547537	0.130218747211284	0.14189045179701	0.113702007533095	0.16763004863879	0.0958966553214571	0.141237386374731	0.0744997859700582	0.160314938713599	0.134248961817453	0.0928796239207139	0.102242547151799	0.144709814760652	0.0897061272651554	0.129321678902685	0.0992833386315184	0.118537596690619	0.179070355318768	0.162555032583966	0.141743164987104	0.196998882705665	0.0703121317954539	0.133483149839868	0.171931065998167	0.1048166249506	0.155541464001976
700099448	0.147381703319718	0.125886061120664	0.113496096796529	0.156787861062583	0.124914954929614	0.100518673378659	0.149067489859929	0.147008063705491	0.142136475444471	0.118945151011091	0.127682132162908	0.13266407229819	0.137473707762047	0	0.121995640691598	0.139987301058304	0.127102045395377	0.115089483515909	0.134417036370431	0.140572106674276	0.129590551705447	0.127020703584291	0.101829423172144	0.135329483725389	0.141407755597014	0.124917753795526	0.12491569413772	0.14446797119484	0.110594242974269	0.100265167445259	0.1198893695977	0.137115931021313	0.122519474202661	0.101473886253014	0.135865217712269	0.128983506968539	0.129385977597372	0.116303459521336	0.146609271980845	0.149300306694053	0.140704225743051	0.12155181455923	0.121870278411495	0.142333004354625	0.119677700059072	0.110007786434659	0.117184065181054	0.131929011961121	0.0759132438825055	0.120918676426852	0.115568455374114	0.151170043417066	0.150042617746524	0.12888284345082	0.154849987023131	0.132807125423988	0.1230714882669	0.142143905672699	0.104705574511821	0.139617396559229
700109870	0.165572048072729	0.145094655689793	0.0892231485864474	0.14947408519667	0.153461996557937	0.0814654639389176	0.141455789290474	0.0861598959974654	0.152101473980101	0.0940592171046919	0.137716769620315	0.0828965140116257	0.090094591035263	0.121995640691598	0	0.141317843053736	0.0972152929636552	0.122282421243705	0.151821815425053	0.137548417860889	0.136130766467894	0.115413223400498	0.132499874922352	0.166940215322582	0.137283474445811	0.158936272381296	0.141631950065093	0.138797089886337	0.104955437677364	0.0918691074729519	0.126507668877058	0.114282150353698	0.125176256503035	0.107457883768206	0.169471961720965	0.122603239840616	0.152855808524896	0.081195967875374	0.167592151771476	0.103648885880563	0.155252196550968	0.0766408586115429	0.158560391302109	0.127473699298106	0.0981615046555716	0.105536218833408	0.143798428628908	0.0848361630494981	0.123796534261849	0.0865207696385019	0.104278599574932	0.166503425332355	0.148710898051634	0.139568748095077	0.194369178349849	0.0945503020433316	0.118491523587934	0.156389962716451	0.0852041282061262	0.134567228294166
700033928	0.109727177532262	0.163590757623133	0.116757725610242	0.139711833358442	0.135945595534804	0.141293261291588	0.116311759761609	0.151450114763189	0.10566145546807	0.136088904500051	0.111977537994128	0.111207784389429	0.135495609279075	0.139987301058304	0.141317843053736	0	0.152331038583415	0.128857587432787	0.0931433138677642	0.122852307921138	0.109054490922786	0.0954334878952768	0.118726847581076	0.10355006164235	0.110787572648858	0.131330421397982	0.149430358513126	0.103321756300145	0.144522844806558	0.145706514083956	0.140786867588191	0.103696221147151	0.0999480121991572	0.130047454421037	0.139244931754576	0.124237412985586	0.122679062791528	0.144184441643724	0.127168981265853	0.164684255372843	0.100721866934692	0.117379067642763	0.137965350298122	0.110810377260479	0.121493625748525	0.120425656655009	0.11536399899203	0.126858711217369	0.144300506389895	0.106553284512828	0.091777716349823	0.131457019720952	0.121084941287881	0.124382577256228	0.143592918439465	0.120991971335685	0.120084535899183	0.110203132261097	0.113058309489093	0.114286463812603
700023693	0.174409842199434	0.125134571738508	0.101443293446292	0.178824695641982	0.155183690045993	0.0947430446467045	0.170455993235601	0.0874106887411067	0.167273774163476	0.0793659074387401	0.116141905691576	0.111532516062901	0.0947316409279935	0.127102045395377	0.0972152929636552	0.152331038583415	0	0.107735826554273	0.165986143558699	0.166419326150268	0.150932902418106	0.125339879777957	0.147692355379773	0.170099891543812	0.169394482548661	0.169962397702105	0.13318938028913	0.147014251615512	0.104638189861218	0.0993449709130954	0.0982687261675267	0.141873875715882	0.122220820297309	0.101772871767498	0.168453818034843	0.126865804609817	0.13724411279906	0.0984207084162407	0.177085643798026	0.0937096280519039	0.143621580399962	0.0876525390009253	0.143193044942533	0.140246081369929	0.105726746896418	0.10177628570795	0.138786641738652	0.0915739989343913	0.116147159493417	0.111637822318058	0.121657015409635	0.191368137550664	0.173259730004123	0.126070302496176	0.193760437877915	0.0998061326032349	0.135769554803451	0.179964633217554	0.108337065132862	0.165463860469346
700109627	0.159042478946741	0.142604814104838	0.0886296537925379	0.178685324325828	0.151306195009619	0.0775499273860426	0.165682329982013	0.131717985705063	0.164840815855855	0.102876921959086	0.105238868700974	0.105730450803327	0.120749706235236	0.115089483515909	0.122282421243705	0.128857587432787	0.107735826554273	0	0.150664926307348	0.163049661346214	0.152456854553257	0.106607398698717	0.147013347722093	0.146940110756825	0.150650228359026	0.161561554192169	0.131370268839279	0.145981722103852	0.1314125242709	0.111557410303718	0.0924808329398183	0.135540473254504	0.12610301674093	0.0971536686745114	0.164090450253047	0.139313143175243	0.123263203736009	0.0880824939960254	0.173680848220977	0.133097028867696	0.153974729096567	0.102722631355964	0.127495636038295	0.13928833589524	0.12985334232019	0.119929999596435	0.155077614055392	0.115927393681447	0.092737715287184	0.114640383918907	0.106098553930858	0.186756096110313	0.17076997999673	0.122732024586408	0.178001761713759	0.117393190190972	0.142634619413471	0.169805134599835	0.111839558020743	0.163761131234148
700095416	0.0850392909905097	0.159187486886019	0.14449410575224	0.12865844631044	0.125397727245446	0.149877384840855	0.0944033648716644	0.16635358591488	0.0941450660492045	0.150975821531084	0.119186589766973	0.133395951835471	0.153373499967268	0.134417036370431	0.151821815425053	0.0931433138677642	0.165986143558699	0.150664926307348	0	0.111870523894256	0.0929987443771943	0.102494048094322	0.111189864613515	0.0928517772255492	0.104108931786888	0.109740651491352	0.14653286240586	0.123694369802612	0.136482197608565	0.158054475389584	0.149560092924203	0.108833905551933	0.100255500372697	0.141423073288531	0.127785057855607	0.108436762993417	0.125463144546157	0.158569895308127	0.100655978458162	0.1784027259952	0.09568106294053	0.140988381821485	0.119833442592327	0.110193311451072	0.127258447774351	0.11832468410906	0.103369578488404	0.14575521242232	0.13547034842871	0.126367697987457	0.100525825657494	0.109490969012637	0.113418084538738	0.103339432247302	0.117450061920011	0.138559213047521	0.10618640386362	0.0982353274831562	0.126570280805443	0.110146473418706
700110425	0.096595165031525	0.147921796931786	0.146359843043182	0.0906872104550459	0.133454780199859	0.15036773154957	0.0715982684401067	0.166611884960038	0.103766643298967	0.15578393956243	0.119128934210771	0.134412797952072	0.155443731380371	0.140572106674276	0.137548417860889	0.122852307921138	0.166419326150268	0.163049661346214	0.111870523894256	0	0.0819579451794851	0.104343326027196	0.0909717862175937	0.11196676630375	0.0715249829018007	0.121025718976708	0.159919074343241	0.134608819236592	0.136896771209776	0.141844306143316	0.166663201877247	0.114061171139209	0.113761055219689	0.140945882408079	0.131032830197017	0.0863308493745382	0.150735040178562	0.161284979241353	0.113841800388231	0.17511273467749	0.127386425053525	0.13855511012424	0.146131304524829	0.0896187174516231	0.126852747942716	0.127995357611271	0.123599117086045	0.135150018609953	0.135328960173845	0.125666643009782	0.120373733717152	0.0795146895137381	0.0561172783882844	0.116398867189885	0.127209376578421	0.1503127038762	0.0748128373231438	0.0768261164240632	0.113387728416254	0.0795050774541866
700111580	0.0904467974973156	0.141824751162072	0.139724650540828	0.105538751276643	0.123947311920652	0.142930540213635	0.0821879394458827	0.156721426945822	0.101978190828472	0.137569480212361	0.114187882526919	0.127601677950464	0.147106216117895	0.129590551705447	0.136130766467894	0.109054490922786	0.150932902418106	0.152456854553257	0.0929987443771943	0.0819579451794851	0	0.0879471538218818	0.0945677766955311	0.102698656631732	0.0709174960642894	0.127134115086621	0.156610272825856	0.141899502110892	0.122979256933172	0.144633219317948	0.152022006691569	0.100620838780762	0.0976549697256823	0.136608011923387	0.138792202287441	0.0933772102250903	0.151196220420596	0.147766227843379	0.118705299556971	0.164798680004312	0.120071438377311	0.124884505691101	0.13910978561033	0.0995551701671217	0.109932832655144	0.110450096115043	0.111825325869034	0.117117507472801	0.122093187552674	0.113549082196154	0.11028417753359	0.0975803400761449	0.0905741030355944	0.0866377588723023	0.123365622684189	0.136907519463054	0.0623294174281196	0.0711543516548951	0.0978397657083026	0.0854459445661061
700111302	0.112210950425108	0.128317024890609	0.0978711960506183	0.130794290562454	0.127516271302384	0.114004722868297	0.0993293052309076	0.127049183991616	0.110887370981957	0.111435032882967	0.0729008653553148	0.0837451460006052	0.113380339338229	0.127020703584291	0.115413223400498	0.0954334878952768	0.125339879777957	0.106607398698717	0.102494048094322	0.104343326027196	0.0879471538218818	0	0.11669497278083	0.117346247228354	0.0869879105239904	0.132941531561375	0.137475782122584	0.124299596555464	0.120939838037159	0.12283288031392	0.115152857972353	0.0785630144227406	0.0745485501837286	0.0960297455901805	0.144188226392202	0.0853690939496718	0.131596680798898	0.124103488235399	0.12782454039811	0.135390274400261	0.120989151788603	0.0879682461764013	0.121172264247755	0.0871590858206644	0.0904278832704352	0.104776161299255	0.114922050358814	0.0859903747771379	0.106316409972311	0.0808538097148499	0.0771486471726211	0.13149978431312	0.111464591579947	0.089067545218073	0.149524350724537	0.0983005570480158	0.0834437344394443	0.107528389745632	0.0774559608557324	0.112660533736894
700098605	0.104137175310753	0.127046558180786	0.127979127580284	0.105429592815189	0.126316204583177	0.128419482427787	0.104045232744721	0.161409239716062	0.107384210095835	0.141892787764077	0.118273528203691	0.1268947034847	0.150855401430061	0.101829423172144	0.132499874922352	0.118726847581076	0.147692355379773	0.147013347722093	0.111189864613515	0.0909717862175937	0.0945677766955311	0.11669497278083	0	0.11240346561439	0.106555317088923	0.108952357036016	0.134769141700625	0.135133920971048	0.130795146081145	0.123989413215445	0.144549706419187	0.11167563287855	0.111237287480683	0.126802738708936	0.12270205734905	0.10427477098032	0.126492202167686	0.132676871413436	0.118569079492002	0.16380680207693	0.125658748814689	0.138325263269823	0.135730594813065	0.102903124380015	0.139694641669237	0.116215317787766	0.111245414921888	0.134062950256831	0.118714194786429	0.116884099254035	0.108359236909218	0.109595272875301	0.101931822769155	0.1113348452136	0.110536608903881	0.142314805202929	0.109620446048549	0.0989920140953192	0.109597507108772	0.0802609409755327
700111991	0.0720696049569986	0.153481213948133	0.149820960954521	0.115340439779218	0.119127713825158	0.165032542884471	0.104445343734675	0.179770063298341	0.0999486418653943	0.160043166123485	0.129636459685837	0.158151169416894	0.168424712152746	0.135329483725389	0.166940215322582	0.10355006164235	0.170099891543812	0.146940110756825	0.0928517772255492	0.11196676630375	0.102698656631732	0.117346247228354	0.11240346561439	0	0.114336136618939	0.101714548252187	0.152805438506984	0.13041572546615	0.139568173725572	0.164887052898985	0.167653350068802	0.141634422070885	0.117353259140877	0.146916231397999	0.121895534331142	0.119322759839806	0.140283001132531	0.167083385606831	0.11569651865456	0.187873272988244	0.107025782049516	0.155940944667458	0.13312212355391	0.123752555570533	0.147994343643127	0.119499541554419	0.0997429994826285	0.152733947330649	0.144206446224622	0.146446612635254	0.124689430540891	0.107649411034918	0.102724899437445	0.107010918620993	0.0996822743028175	0.162514910652893	0.122312791593981	0.09790523416959	0.139698473136441	0.119587669080093
700108960	0.0871670223264195	0.153477899240097	0.133120918270087	0.0991765489005372	0.139374733531893	0.138660050564014	0.0660012543775301	0.167458503503268	0.111526352703642	0.150655356883834	0.113229615160576	0.120249109441913	0.156318394034283	0.141407755597014	0.137283474445811	0.110787572648858	0.169394482548661	0.150650228359026	0.104108931786888	0.0715249829018007	0.0709174960642894	0.0869879105239904	0.106555317088923	0.114336136618939	0	0.135709553806844	0.170164037659958	0.148899125013095	0.140314968039693	0.148061413258968	0.160285334451434	0.0838223479219995	0.11126283829352	0.136969489135592	0.147813225146527	0.0863870459342511	0.156767596778923	0.150758475529081	0.120479826032354	0.17765880756292	0.135458649801823	0.129611097795181	0.144385187064503	0.0985498887242173	0.120581798689797	0.134701486890034	0.132300748005621	0.132860317234844	0.129797671927577	0.107281525467198	0.100714136289711	0.0949012502551272	0.0783826323730509	0.0974501689174893	0.124325067630068	0.144584581041402	0.0766309740587202	0.0704993866916704	0.0998406169491812	0.0784548259390338
700024452	0.110037116304403	0.141046504757087	0.154724234064784	0.113195995519954	0.106552125628289	0.161811299484732	0.114498599169911	0.174592620732526	0.0988096607478806	0.159007003871236	0.132888176759996	0.156481282334701	0.166663176037834	0.124917753795526	0.158936272381296	0.131330421397982	0.169962397702105	0.161561554192169	0.109740651491352	0.121025718976708	0.127134115086621	0.132941531561375	0.108952357036016	0.101714548252187	0.135709553806844	0	0.153446706434772	0.123456991516233	0.115109421805096	0.15514981240652	0.16388813473292	0.14443403707564	0.127306899394381	0.144264478668866	0.0718586280767741	0.123795244347364	0.148940200264393	0.164935667163615	0.0998612099804979	0.168378814174958	0.119290183095705	0.156317798897347	0.138727378786617	0.124252937818829	0.14972158606491	0.115148578091137	0.104679473724396	0.155411171818173	0.14189605887608	0.145096854688633	0.1264573494392	0.0975696801361581	0.105128915617207	0.13025129121874	0.108242687481196	0.161411382222167	0.125127048605975	0.120991863830585	0.129235804483278	0.127246080500836
700032931	0.152392912174973	0.122384636388467	0.135342687656238	0.179621244127809	0.15265715178215	0.131755484546573	0.178098730148207	0.146796570185947	0.147049975960127	0.142623999374252	0.138418628515877	0.149116581042797	0.133361398383911	0.12491569413772	0.141631950065093	0.149430358513126	0.13318938028913	0.131370268839279	0.14653286240586	0.159919074343241	0.156610272825856	0.137475782122584	0.134769141700625	0.152805438506984	0.170164037659958	0.153446706434772	0	0.134219820188763	0.142285167454668	0.140855981454475	0.136930790185434	0.152502890906178	0.140303283498598	0.133750037289001	0.154290445662322	0.152713847388266	0.131774573583399	0.140097705122357	0.155185810936945	0.157691587915853	0.145098078043268	0.138164882011908	0.145548169889279	0.148170600495237	0.148999967210107	0.138262592788985	0.128511964062969	0.136617551762069	0.125106471641138	0.144099090277334	0.129816690843881	0.174814444927922	0.161836226007422	0.134121941221833	0.158278092903068	0.13089192103447	0.157578549797745	0.167819548007988	0.133589217313758	0.164143558943211
700095837	0.121935692719117	0.145601386617514	0.137970887505338	0.151099085776806	0.138807162202866	0.150576359662214	0.147634836640204	0.141309692426723	0.118146006287766	0.136814017435823	0.118263816575511	0.138335090191148	0.121854265954176	0.14446797119484	0.138797089886337	0.103321756300145	0.147014251615512	0.145981722103852	0.123694369802612	0.134608819236592	0.141899502110892	0.124299596555464	0.135133920971048	0.13041572546615	0.148899125013095	0.123456991516233	0.134219820188763	0	0.110436340089617	0.12509586942396	0.148989257454172	0.148101768062146	0.115320888272251	0.121274387441323	0.132818369123121	0.144176282474084	0.132172380856207	0.157164027760334	0.136753735272315	0.154204826020014	0.113905221731565	0.127021866436878	0.141240011620446	0.124463366569432	0.12196931683275	0.111882212700039	0.120142414664148	0.13649266264472	0.145362032616587	0.140690614136027	0.118086231112667	0.14571392536656	0.132513583116034	0.145413774322883	0.155278267897015	0.126126350092049	0.137693882389258	0.148130687981446	0.131708307215018	0.143129025047253
700024548	0.147170207857651	0.120911080951598	0.114483421810619	0.140038541846486	0.12882286853569	0.109638317078718	0.14299764586326	0.110074843379241	0.153813382628681	0.0983745962970109	0.12938666942263	0.121642351446125	0.109087778860946	0.110594242974269	0.104955437677364	0.144522844806558	0.104638189861218	0.1314125242709	0.136482197608565	0.136896771209776	0.122979256933172	0.120939838037159	0.130795146081145	0.139568173725572	0.140314968039693	0.115109421805096	0.142285167454668	0.110436340089617	0	0.105587756160417	0.127543567702696	0.14493686696113	0.111732620348412	0.1006368158142	0.125313353852024	0.115055132879304	0.145845738975262	0.116952649802493	0.146226435613438	0.112035858694155	0.128018027847473	0.0999782554648632	0.12730032115567	0.143084833839563	0.0904825829465232	0.0732944772512898	0.11433221565281	0.106215381981466	0.112332320056442	0.122411224301316	0.110864687988726	0.153024537387775	0.134227695368014	0.121465955818899	0.160377334851629	0.11254798323833	0.11435245343788	0.147071255071352	0.101412120770266	0.150022928179934
700110161	0.16520102313696	0.134781393886719	0.102682008900129	0.164033311892237	0.148915864467175	0.0827576699336336	0.159333702245848	0.116599801681518	0.157439439617239	0.0961330472095836	0.121168601752073	0.117393038532236	0.10657844549674	0.100265167445259	0.0918691074729519	0.145706514083956	0.0993449709130954	0.111557410303718	0.158054475389584	0.141844306143316	0.144633219317948	0.12283288031392	0.123989413215445	0.164887052898985	0.148061413258968	0.15514981240652	0.140855981454475	0.12509586942396	0.105587756160417	0	0.110536632076251	0.135543688682128	0.12356575994295	0.0887301517138936	0.161534862771012	0.135698669468374	0.13669947414054	0.097948907934602	0.167562843999936	0.123053496994281	0.149367654847916	0.0939170835151882	0.140733930516591	0.128635587803779	0.104703334036015	0.10908374616832	0.144019819125614	0.109865106268441	0.0911145940011296	0.111058715627106	0.123678242955391	0.168870759247727	0.15015301386298	0.134072088075513	0.183878371985139	0.110976788439385	0.120665525701608	0.16223742765919	0.101409362834124	0.14973668976486
700023496	0.165056422306273	0.129491271605191	0.0999182783889692	0.179010969034625	0.161181462012989	0.0896182475679234	0.15779942327439	0.11959170007247	0.161531083871188	0.10373193334991	0.103555171317911	0.107150116705444	0.114556303646466	0.1198893695977	0.126507668877058	0.140786867588191	0.0982687261675267	0.0924808329398183	0.149560092924203	0.166663201877247	0.152022006691569	0.115152857972353	0.144549706419187	0.167653350068802	0.160285334451434	0.16388813473292	0.136930790185434	0.148989257454172	0.127543567702696	0.110536632076251	0	0.133789902573529	0.115894753040649	0.0965533410325357	0.164623183766119	0.133476320166591	0.129024054443335	0.105453016445668	0.160538492809531	0.130868221303698	0.137529290599288	0.103138876751208	0.116017475433713	0.13825984460173	0.106007341080586	0.110678409007858	0.141597237843174	0.107552391120164	0.100843673119484	0.112609109247278	0.11230672345743	0.191046165895321	0.174749476034605	0.114552195927742	0.187069614809459	0.101713666255331	0.136358658892939	0.175776200654734	0.119913271160873	0.164695383408068
700034628	0.118037609159759	0.150006562589503	0.108864361838082	0.13913288954694	0.148801793184536	0.121004137494135	0.0896641217300196	0.140911431771915	0.105925578044747	0.124870675153047	0.111114906938209	0.0902563660555772	0.127362279116117	0.137115931021313	0.114282150353698	0.103696221147151	0.141873875715882	0.135540473254504	0.108833905551933	0.114061171139209	0.100620838780762	0.0785630144227406	0.11167563287855	0.141634422070885	0.0838223479219995	0.14443403707564	0.152502890906178	0.148101768062146	0.14493686696113	0.135543688682128	0.133789902573529	0	0.104476243395506	0.118105899345143	0.161523002174377	0.0853912912778527	0.144248945172466	0.126800318076411	0.132905232959164	0.150733432432616	0.142591717351554	0.103725513110677	0.142887328039694	0.0825578252667568	0.113733197289429	0.133399083691551	0.133812038255838	0.105963700640007	0.13019438119095	0.0724492279931212	0.0931587152305727	0.123611388360017	0.126015988472607	0.109621954964109	0.162076797225414	0.111099837047333	0.104413067341893	0.105054902401914	0.0897537625311058	0.0828259380031393
700023645	0.116084538668263	0.127051597439577	0.115449080625405	0.137691392630221	0.132464451000308	0.115491387577306	0.112343912186171	0.122829361099191	0.114644698322588	0.0983351577886771	0.0873414486651782	0.100604576284989	0.111286332142262	0.122519474202661	0.125176256503035	0.0999480121991572	0.122220820297309	0.12610301674093	0.100255500372697	0.113761055219689	0.0976549697256823	0.0745485501837286	0.111237287480683	0.117353259140877	0.11126283829352	0.127306899394381	0.140303283498598	0.115320888272251	0.111732620348412	0.12356575994295	0.115894753040649	0.104476243395506	0	0.094160898785012	0.136840227045485	0.0953788901590871	0.12630296548159	0.122519241560466	0.13215456465709	0.128618556608716	0.108715976465205	0.0947050788766972	0.115047289479747	0.0971059095453632	0.088815664865579	0.0902139406821321	0.118803067153005	0.0951945280811346	0.115455984201424	0.0974937442894411	0.0888254376686831	0.128038060579764	0.124263928643964	0.106431172408369	0.146410686720024	0.101673369736841	0.0956095403452997	0.107020853208023	0.0931703608267425	0.118413484098318
700038744	0.156101962294717	0.117806000533782	0.0778842907673948	0.154649895256873	0.139065884691727	0.0824887647458156	0.140016749717328	0.112300848529746	0.151572256122929	0.0809440784312628	0.0958368620753073	0.0909743958705733	0.0929477516569358	0.101473886253014	0.107457883768206	0.130047454421037	0.101772871767498	0.0971536686745114	0.141423073288531	0.140945882408079	0.136608011923387	0.0960297455901805	0.126802738708936	0.146916231397999	0.136969489135592	0.144264478668866	0.133750037289001	0.121274387441323	0.1006368158142	0.0887301517138936	0.0965533410325357	0.118105899345143	0.094160898785012	0	0.152371317210347	0.107112087730003	0.122585421725828	0.0912643082238989	0.156191155113594	0.114169035460366	0.139534379861774	0.0854497345287193	0.113138690974737	0.126682010196263	0.092032951879398	0.0898225561679137	0.134960813816172	0.0881681569058696	0.0873759483979512	0.0978876241612724	0.0963669915429515	0.168533510541491	0.150600578318632	0.114912259393013	0.179383402602612	0.0977812642001011	0.124824178189639	0.151224449456415	0.0936850789760547	0.146663724216817
700038485	0.126924405234736	0.137466266493202	0.152898575157091	0.12288092445419	0.117788228706151	0.169215742663009	0.134738313133042	0.172044868821451	0.111516579207563	0.160075112295658	0.141102651147109	0.167805661182463	0.171173143547537	0.135865217712269	0.169471961720965	0.139244931754576	0.168453818034843	0.164090450253047	0.127785057855607	0.131032830197017	0.138792202287441	0.144188226392202	0.12270205734905	0.121895534331142	0.147813225146527	0.0718586280767741	0.154290445662322	0.132818369123121	0.125313353852024	0.161534862771012	0.164623183766119	0.161523002174377	0.136840227045485	0.152371317210347	0	0.136225355722917	0.155303054483527	0.176081144539857	0.110410736988271	0.171821499641183	0.130443100445647	0.16708798793321	0.140285824920036	0.133509320045835	0.154640062634539	0.128137591270413	0.11841041209347	0.169109547981046	0.14708796108497	0.162937133864414	0.135763085167598	0.105167845186856	0.11407441064295	0.140795972809092	0.115526097375717	0.167723962322043	0.143518437821187	0.127545288037584	0.149531995713284	0.136407200707779
700024743	0.118213233029309	0.132566515227438	0.110552075873151	0.120041507260584	0.132660777959985	0.118800971797865	0.0820996308826525	0.131446772028597	0.116121885870107	0.12008310616098	0.104293348186445	0.105335928750711	0.130218747211284	0.128983506968539	0.122603239840616	0.124237412985586	0.126865804609817	0.139313143175243	0.108436762993417	0.0863308493745382	0.0933772102250903	0.0853690939496718	0.10427477098032	0.119322759839806	0.0863870459342511	0.123795244347364	0.152713847388266	0.144176282474084	0.115055132879304	0.135698669468374	0.133476320166591	0.0853912912778527	0.0953788901590871	0.107112087730003	0.136225355722917	0	0.140860986489009	0.131245072246499	0.124094071916515	0.139653122775534	0.130195658781427	0.111074267101776	0.131498449270206	0.0820620962515319	0.103482963846175	0.108095297227218	0.12343270330389	0.0969077242592009	0.117068671886843	0.104577017674772	0.0972883807157534	0.110266895151291	0.1052894123825	0.0930650309746852	0.13555048641894	0.124031154215544	0.0851094515609515	0.0955210037854663	0.094779061977686	0.0953860861196843
