700108602	700014971	700033565	700109389	700023058	700023927	700106341	700114221	700023543	700023439	700016978	700024192	700113058	700099448	700109870	700033928	700023693	700109627	700095416	700110425	700111580	700111302	700098605	700111991	700108960	700024452	700032931	700095837	700024548	700110161	700023496	700034628	700023645	700038744	700038485	700024743	700099596	700110760	700101587	700106399	700032322	700095653	700021312	700101230	700023590	700038905	700033136	700023382	700096424	700105469	700016908	700096053	700108479	700109569	700033814	700016125	700109756	700102665	700101777	700109455
700108602	0	0.241281046770552	0.326148831814325	0.211881009750419	0.190681685938031	0.302622831520381	0.0889092576186321	0.309176798028363	0.138775184986837	0.291037375494316	0.211752947503751	0.33868899765718	0.320182067644168	0.225446613470505	0.331335605476188	0.212930291704368	0.295432008954389	0.282884700418103	0.117385501767743	0.112518447979819	0.1665697057195	0.258647019781144	0.120158420672943	0.0831280289255429	0.168726173222396	0.163629849668896	0.221748932153555	0.341077172396716	0.282922301284778	0.319234016986068	0.2612840621592	0.255759746893661	0.222066788003758	0.278204824039807	0.168737666943908	0.148848639903469	0.250701225309477	0.312040134434601	0.110714085780833	0.367247497329873	0.129322100061449	0.332612510638702	0.219957593121645	0.192568212431299	0.287063376140353	0.222308012766003	0.198877708960423	0.31485225110819	0.241684922877807	0.318091896420728	0.291339901833823	0.0838541493784763	0.121454589979711	0.161719663414337	0.12866179327492	0.288213915739775	0.16815580860573	0.127214258315364	0.301718232815157	0.144978253217957
700014971	0.241281046770552	0	0.310779019770552	0.338559657422441	0.165928954765523	0.28741686562404	0.263708691415829	0.24546427820738	0.223543491487514	0.208898163136353	0.224499479618325	0.330159347704253	0.214959722721252	0.179668942020474	0.301653485972946	0.283978398824604	0.210945227881163	0.287092436602835	0.236193952143952	0.242645060423413	0.280929386482545	0.279088668453021	0.214381488769464	0.241460083220538	0.326494727558472	0.174020737113589	0.185223877319418	0.20274739663125	0.158634824994645	0.187852567087467	0.205560874840372	0.290625561569823	0.202918987222978	0.18576030193673	0.186520905524428	0.21058297894093	0.25171894165356	0.299595347495453	0.187553086467841	0.248738611949333	0.218457581536618	0.251791375120277	0.225960090976299	0.244551843801361	0.167140022027082	0.215641016004559	0.147880235449265	0.229037590493233	0.202837005050283	0.325184821459362	0.315234665420166	0.231305154302114	0.255246463979972	0.213289870781414	0.293168268921753	0.247612768401503	0.274009937211305	0.261748979702573	0.311843773097893	0.267972836681108
700033565	0.326148831814325	0.310779019770552	0	0.437508742698169	0.32167187178428	0.0809730688913046	0.314338358293148	0.186791808496958	0.272495471123554	0.154781312610167	0.151598488948762	0.0662036017752104	0.184966695599243	0.210101631505395	0.178841575611103	0.153569717455866	0.188312830975682	0.127338075871266	0.257699502572613	0.321178687156347	0.256251203434294	0.10688585442003	0.318960623976168	0.291383591996703	0.272762002397089	0.327916997620279	0.19531957549904	0.379014221179894	0.306462149702609	0.202144357453389	0.158105347365195	0.181007331489854	0.168637206849224	0.155420720338784	0.34795820981398	0.223849508717928	0.257894910924237	0.131146301386607	0.290559911113321	0.256953094309502	0.244428650311635	0.118412981494224	0.194313211300198	0.238843655234096	0.242463305673476	0.205925705805965	0.235364816527051	0.163737001638432	0.180643990587929	0.0780893193512726	0.110400338478816	0.328730817719085	0.36798120930188	0.216185778659885	0.405171060197123	0.128517066417193	0.239400292420514	0.274345073163158	0.0743636907875133	0.272180090830134
700109389	0.211881009750419	0.338559657422441	0.437508742698169	0	0.298528843166304	0.429802638407194	0.211562860716917	0.408097329550614	0.292400284253378	0.398092895155109	0.352746155176627	0.443538007055328	0.409787970095984	0.353481638040497	0.431272139308297	0.341521627077296	0.405768896904638	0.422087719607036	0.299205674436176	0.180056702959165	0.295439549838968	0.385667204912236	0.215368565994816	0.262464521345926	0.281335561872625	0.248760529482542	0.360238752755636	0.413104156404333	0.344365132846021	0.406939666259406	0.384180382088313	0.390354234819149	0.33915291660193	0.381519271735448	0.245311549623702	0.281459073300353	0.391794905048834	0.438360654805915	0.248826112543965	0.412311214138787	0.269668088243407	0.420458673388077	0.351485947318629	0.315631170748509	0.375671481795098	0.339255584866848	0.3244651172753	0.405700944841782	0.376103307194379	0.427178329878626	0.411715791482645	0.190389712198757	0.126308188532587	0.318668210105656	0.174942539007082	0.40177430773362	0.259223863057465	0.249190868024144	0.40690587380251	0.278852286651473
700023058	0.190681685938031	0.165928954765523	0.32167187178428	0.298528843166304	0	0.277126895732093	0.197542846264027	0.264475919114112	0.17349033292106	0.246412661534125	0.219485312253085	0.33453585386883	0.273768774944456	0.188783630559313	0.308843414008829	0.25374634142941	0.24352948593692	0.251104545957075	0.186010021190432	0.215218604543445	0.242234384208474	0.276182412694573	0.193775500604748	0.176056015119576	0.290338808766891	0.132124480125399	0.194636094150723	0.292947414575802	0.227136295642947	0.246782731114798	0.228926245192384	0.273873993133954	0.217179320996354	0.232534665304854	0.140695352080256	0.216126650494325	0.21000799810255	0.252824618041973	0.135049752585473	0.30448035882921	0.181585863162984	0.282073604680802	0.194106262095839	0.220797255177089	0.220682575268724	0.211848806116869	0.1464530118935	0.263933635694361	0.20665788471149	0.327955733603218	0.314243889961698	0.176908713785018	0.211132343121522	0.187619460450136	0.248809877594356	0.268640975162005	0.249716901891378	0.209293919428234	0.311621713683307	0.211939349179069
700023927	0.302622831520381	0.28741686562404	0.0809730688913046	0.429802638407194	0.277126895732093	0	0.30330666417581	0.158566656119406	0.258076094851513	0.120057803438358	0.136670766262121	0.130750075087248	0.165106157253577	0.163471111453865	0.168684942954915	0.167692616712308	0.159587126302666	0.0903930552247021	0.22593193837773	0.314940522644958	0.227037944444821	0.139549333258886	0.287274401547803	0.26811799731288	0.25879728646905	0.297521625018258	0.168218366247201	0.375496059485192	0.286578063559814	0.184733271384923	0.121722817386282	0.168040787439549	0.162867891425572	0.125715140762805	0.319043414858277	0.213444580676334	0.225240736854012	0.0829778306220259	0.278017363595848	0.233738964374403	0.216047505797254	0.100896199730528	0.1530380273243	0.230269902204574	0.22371390907091	0.178786199620659	0.206938918096534	0.144076159748792	0.127089228109099	0.112179292643789	0.150703263248812	0.31427291785983	0.355938576887747	0.173691581521605	0.38350376688142	0.10891359045017	0.209234850824908	0.257679133658095	0.103889197178485	0.250595962327149
700106341	0.0889092576186321	0.263708691415829	0.314338358293148	0.211562860716917	0.197542846264027	0.30330666417581	0	0.294093271982779	0.124189513689228	0.283271573836646	0.219671170158206	0.311321240006729	0.304709883345576	0.233987577768166	0.311792336421597	0.206857927197086	0.282339059451049	0.302103708254218	0.136486388841839	0.103742644311953	0.1437673735347	0.241469671283222	0.131315693315165	0.123467676267962	0.130920810888623	0.197725440224931	0.259005377763545	0.374894583246087	0.284015528711432	0.312310953786357	0.258003499893275	0.211592485680885	0.223455716041375	0.274922453916078	0.200808954323996	0.135945338734296	0.285368038894613	0.310114005444874	0.116151723283831	0.356445896281043	0.141950001673719	0.312215209522969	0.219238566879668	0.164478854005011	0.266686276008081	0.231004168743302	0.192227316889468	0.290786251734866	0.252956165382774	0.298423663856399	0.292876930165638	0.0758670219639449	0.114232674090798	0.167147639848722	0.166855509851563	0.275367440742494	0.145155715975632	0.116876326845035	0.287753126948486	0.105593730207028
700114221	0.309176798028363	0.24546427820738	0.186791808496958	0.408097329550614	0.264475919114112	0.158566656119406	0.294093271982779	0	0.270583989058122	0.0950031768751932	0.230862498901606	0.201120135423709	0.0939309411916208	0.163333436399597	0.115977458590014	0.261384224115303	0.0750216975714327	0.221047710117145	0.270317198348873	0.286841515958856	0.26721153873227	0.236895005561242	0.286380251662862	0.299153891572513	0.346461327348527	0.28173120054862	0.145230369852368	0.325392608001834	0.214035999004893	0.126392605000633	0.149375739458508	0.245884154897935	0.195413040028586	0.143810786487096	0.30904176757391	0.230405489457111	0.237245481243716	0.139778097876684	0.250198622951233	0.127506155658362	0.236052890948801	0.118489891687198	0.228113853070193	0.251135145521819	0.16097522121129	0.139662337543424	0.180904119861699	0.0920987116137921	0.163514048479765	0.211007894847873	0.267940341951745	0.29977408133148	0.330921668570143	0.24290680628524	0.388173791598841	0.0997631838683815	0.229021959016174	0.310706144687899	0.205215289252394	0.277197575037277
700023543	0.138775184986837	0.223543491487514	0.272495471123554	0.292400284253378	0.17349033292106	0.258076094851513	0.124189513689228	0.270583989058122	0	0.233623273489188	0.155602765400551	0.283869601342603	0.268258317239128	0.198743296540945	0.295976831626591	0.163983191118658	0.244351008387993	0.247064233574095	0.108179269834813	0.161148072511309	0.149893208940938	0.20096108259264	0.184012986288876	0.10198526316174	0.161575750534084	0.18831957853028	0.201747735917086	0.335685935676211	0.290530611360576	0.270041041612245	0.198287737104939	0.167518265819532	0.166326070634175	0.218011758252929	0.190678154116004	0.132366695229762	0.23788605337479	0.269603879560114	0.0928081499351422	0.338206598587988	0.111767518223875	0.265780854298665	0.161428090028014	0.0973778257251745	0.240154118997023	0.218487790669089	0.144022727244686	0.248956504594715	0.200223472295609	0.263612226555829	0.249118437599974	0.11478013407091	0.179073863968661	0.128415172283195	0.199981246952638	0.226951981217753	0.179318813578056	0.105994612170882	0.257467432942317	0.101104343723992
700023439	0.291037375494316	0.208898163136353	0.154781312610167	0.398092895155109	0.246412661534125	0.120057803438358	0.283271573836646	0.0950031768751932	0.233623273489188	0	0.186688745907724	0.194034488492567	0.0841031644361253	0.109746891443307	0.145644155638985	0.229172080707751	0.0787322270101286	0.163800136619582	0.237080348137962	0.275287792488181	0.24889744429458	0.216263221246806	0.269344748071463	0.251999921702774	0.316704384706273	0.265064036531469	0.130136125383461	0.303274180497382	0.213103050073963	0.111252942124293	0.0939974627815555	0.226597058600699	0.167623575571865	0.0833154458322783	0.285355693000335	0.192114347755023	0.204557693295212	0.120306955240561	0.238510204825574	0.155030581714235	0.196271294347316	0.100027122735263	0.178150238188376	0.221477790590914	0.148323326915363	0.140526254999132	0.153022426715244	0.091579805959267	0.0995916884196452	0.193333892860223	0.230551134058574	0.275663118118468	0.320748635178678	0.189451370468949	0.367046551965466	0.0839209959559509	0.211066116274551	0.265946035811994	0.183776829004589	0.254020055043466
700016978	0.211752947503751	0.224499479618325	0.151598488948762	0.352746155176627	0.219485312253085	0.136670766262121	0.219671170158206	0.230862498901606	0.155602765400551	0.186688745907724	0	0.1736927558649	0.225942421058918	0.17115409827637	0.256875892117745	0.0976184698779445	0.198251817831298	0.113491796259945	0.153926960081258	0.212081863386948	0.164841984258394	0.0919404590444828	0.235369849771825	0.170224437514885	0.17110351304805	0.250871763523882	0.172678492921656	0.331003959509761	0.275143286330708	0.225165546996694	0.128784035801118	0.130966615520287	0.0801187865382549	0.150220474331564	0.25678204531685	0.148678891775527	0.218051992111941	0.19204396272406	0.171698812932578	0.296743690975737	0.144600937524814	0.165454792263871	0.107871272201684	0.143997725918609	0.201070291346166	0.182130629919021	0.15214888992221	0.198116563633093	0.147138299932006	0.159642325264807	0.141428220106779	0.220357040817924	0.262143763972141	0.118717596570721	0.29524173311024	0.16708480696213	0.176989253677575	0.163813336520906	0.150563029591819	0.183251879904087
700024192	0.33868899765718	0.330159347704253	0.0662036017752104	0.443538007055328	0.33453585386883	0.130750075087248	0.311321240006729	0.201120135423709	0.283869601342603	0.194034488492567	0.1736927558649	0	0.211130592953899	0.238480048273552	0.187707904398628	0.164053705987817	0.200941670249966	0.153490230105126	0.266224080950118	0.326097005775723	0.243757754811616	0.114512318853934	0.327088858721238	0.309478856411143	0.278332906218996	0.355194025205273	0.243672628799836	0.39413844913541	0.31185226599537	0.247930280085905	0.164622233708032	0.178838385089294	0.175505369556039	0.187560702127403	0.373162394862436	0.242830285093121	0.278718134454747	0.167496872501107	0.306469690151173	0.26769806828711	0.259060367174752	0.135849139397436	0.213315436854076	0.243320356029695	0.222957396853484	0.229383917028263	0.251389258774514	0.170561210101275	0.195214236457627	0.0942943074104571	0.119676986814529	0.341448922945238	0.375621491603028	0.23286860965073	0.421292347475177	0.149787952464509	0.236481322964095	0.282836240737091	0.113264210846158	0.271985714998353
700113058	0.320182067644168	0.214959722721252	0.184966695599243	0.409787970095984	0.273768774944456	0.165106157253577	0.304709883345576	0.0939309411916208	0.268258317239128	0.0841031644361253	0.225942421058918	0.211130592953899	0	0.162644023042844	0.147391294571027	0.257495364723772	0.113975238222141	0.215031459155501	0.273421090500344	0.290377041805473	0.288936456328902	0.236383904004004	0.310108474710356	0.295320396010369	0.343714921977058	0.280657441566223	0.160753784584249	0.29205494687845	0.210025615871204	0.0941677562019359	0.146565192546087	0.254743010504203	0.189750590921478	0.10882101392907	0.306466324004222	0.232435609259833	0.243490676653343	0.162803930771993	0.254350227476055	0.154114219009401	0.238261704228941	0.09967594349055	0.231633674202224	0.249746569165356	0.145556574701182	0.181952682425068	0.20005716788378	0.0916383890708353	0.158265011063264	0.212964928496924	0.266074221436644	0.2977088638903	0.33869142272611	0.242540271979056	0.403303949272067	0.102016181966969	0.245000826048272	0.302863297992518	0.204579759640034	0.284784204992333
700099448	0.225446613470505	0.179668942020474	0.210101631505395	0.353481638040497	0.188783630559313	0.163471111453865	0.233987577768166	0.163333436399597	0.198743296540945	0.109746891443307	0.17115409827637	0.238480048273552	0.162644023042844	0	0.200293455052806	0.207501467927226	0.12073702066277	0.167894607482783	0.176130528028591	0.223401645818697	0.214402937468399	0.216395437720045	0.213386854383302	0.186550625541182	0.277159745598424	0.194500047891717	0.0926965858685904	0.29308212115151	0.190778069924362	0.157190817815863	0.111155148997913	0.233564731216973	0.142435757986117	0.115716235740926	0.218796552990457	0.165559830722756	0.17432537271038	0.161448192582808	0.186029820931542	0.225671679753233	0.159516958405157	0.174392092897952	0.13851827679637	0.208352867328607	0.146969566533654	0.128950073280329	0.113084069176691	0.158955255918423	0.0787184392388392	0.229828205237751	0.230823595560526	0.219640547504313	0.27197047895294	0.149023696869156	0.296836234106741	0.146964627625412	0.178010127745897	0.221044545606598	0.208761170331346	0.217592474181174
700109870	0.331335605476188	0.301653485972946	0.178841575611103	0.431272139308297	0.308843414008829	0.168684942954915	0.311792336421597	0.115977458590014	0.295976831626591	0.145644155638985	0.256875892117745	0.187707904398628	0.147391294571027	0.200293455052806	0	0.27861121748463	0.141844042158913	0.237736946609248	0.288273591851212	0.321384096876661	0.267148563686145	0.253218912207794	0.30469741885115	0.318590896309688	0.35687762858996	0.323026899247081	0.203740239181923	0.371913391122253	0.235953767463349	0.163716005086544	0.191584855793526	0.262483463975415	0.242337713822893	0.191653087321044	0.354543281971848	0.255607245850563	0.269610862345899	0.148941429530454	0.295139136324198	0.170145556544791	0.265635736538095	0.149804310687537	0.268334497422188	0.278841739086797	0.196029652711576	0.158992131588963	0.233766317589307	0.129317132895378	0.195580315290112	0.204786565350647	0.268354370507371	0.329187282930636	0.362070766844154	0.258092759041616	0.407699391417398	0.137796561212739	0.246524434327708	0.32935736583444	0.201296011122064	0.289587665353163
700033928	0.212930291704368	0.283978398824604	0.153569717455866	0.341521627077296	0.25374634142941	0.167692616712308	0.206857927197086	0.261384224115303	0.163983191118658	0.229172080707751	0.0976184698779445	0.164053705987817	0.257495364723772	0.207501467927226	0.27861121748463	0	0.242338394260834	0.151154911252979	0.142536458720981	0.233603222071402	0.146951889013628	0.0870032882512351	0.244063652433119	0.170881920335962	0.165466076017373	0.263690510814282	0.221045659228351	0.370154484099184	0.305608864756391	0.265773227497298	0.178938332491817	0.133134309323056	0.110596263553768	0.197846925459078	0.282512515725718	0.188243796675211	0.257735149553325	0.220172826124568	0.194055970544307	0.32886577987286	0.139192475638553	0.199184226230251	0.138175914888489	0.17530448899271	0.232736105862777	0.209735391074819	0.179679859529354	0.231887987651758	0.195485145997392	0.140049434644314	0.126113658099334	0.211885048268824	0.26647780639047	0.146658991242971	0.299505308672334	0.195195446231083	0.184084555164381	0.152009902436531	0.134375345592755	0.168348772050564
700023693	0.295432008954389	0.210945227881163	0.188312830975682	0.405768896904638	0.24352948593692	0.159587126302666	0.282339059451049	0.0750216975714327	0.244351008387993	0.0787322270101286	0.198251817831298	0.200941670249966	0.113975238222141	0.12073702066277	0.141844042158913	0.242338394260834	0	0.189002772363358	0.24558053708634	0.271942457711787	0.236052617018034	0.230918086868435	0.269367138084776	0.269443520127269	0.331520417310392	0.260822003676145	0.140015673353652	0.309894065082767	0.188043735707083	0.129471748600773	0.112147852364267	0.236728815446389	0.168668563170228	0.110948203607485	0.284479704653436	0.206657784546855	0.212259341991091	0.154760671873883	0.22966872089592	0.148707005422055	0.211916374305803	0.125631139959215	0.191253822578603	0.23414855501852	0.125903831154459	0.117174371189574	0.143514992344266	0.0883970224378117	0.12542672061414	0.217965431244985	0.249230901889661	0.279422463692835	0.324386884556193	0.209456996266323	0.37806186250885	0.10617972512921	0.214039891704371	0.285066409290431	0.222451843468969	0.261735004770096
700109627	0.282884700418103	0.287092436602835	0.127338075871266	0.422087719607036	0.251104545957075	0.0903930552247021	0.302103708254218	0.221047710117145	0.247064233574095	0.163800136619582	0.113491796259945	0.153490230105126	0.215031459155501	0.167894607482783	0.237736946609248	0.151154911252979	0.189002772363358	0	0.219001083911632	0.300794345930957	0.243144159262213	0.145106842089285	0.296586726658227	0.238202811550097	0.253384025468455	0.30320746245814	0.170453633484782	0.365712631105333	0.321641006599806	0.22469289915002	0.124698621801704	0.183795178922579	0.149039597980385	0.149646838329615	0.299405602730588	0.216438263332179	0.176960917476808	0.116749179514916	0.267357661040051	0.290562600743095	0.218493885342775	0.163969364641015	0.14337576216582	0.219391669074441	0.23844695466109	0.21617165060965	0.211384746622506	0.198664319407901	0.120574480694463	0.158591867056392	0.150457854103474	0.307683505718014	0.348313499408516	0.182531471883866	0.361041470719259	0.160347700231624	0.228729044074734	0.250521845589029	0.154862342756376	0.261258628683078
700095416	0.117385501767743	0.236193952143952	0.257699502572613	0.299205674436176	0.186010021190432	0.22593193837773	0.136486388841839	0.270317198348873	0.108179269834813	0.237080348137962	0.153926960081258	0.266224080950118	0.273421090500344	0.176130528028591	0.288273591851212	0.142536458720981	0.24558053708634	0.219001083911632	0	0.176993928526153	0.128212896754223	0.188897663605297	0.168537031536575	0.0947921834672044	0.176351237572416	0.167515336331949	0.187881705079194	0.347047611561355	0.268547258835231	0.276559691229555	0.192929022747341	0.181481604095193	0.165137123072406	0.218141755590428	0.193446015067841	0.145379867904327	0.220632614753952	0.237962486541563	0.120065059056469	0.336043855470931	0.0847680999207041	0.270804650777941	0.145874148507342	0.163182974695248	0.233419170889804	0.189655143075116	0.149119287771762	0.255029331120123	0.184485627026236	0.245175273362815	0.226488198753123	0.149141586923812	0.208426692160748	0.0910987618973332	0.213372544383703	0.226192449006372	0.153645217299405	0.131711845225056	0.239361728624684	0.127848731751447
700110425	0.112518447979819	0.242645060423413	0.321178687156347	0.180056702959165	0.215218604543445	0.314940522644958	0.103742644311953	0.286841515958856	0.161148072511309	0.275287792488181	0.212081863386948	0.326097005775723	0.290377041805473	0.223401645818697	0.321384096876661	0.233603222071402	0.271942457711787	0.300794345930957	0.176993928526153	0	0.179602464585032	0.259784281121451	0.12102869280735	0.147848703924136	0.156051983226239	0.210320942414892	0.232784144484414	0.339158190649023	0.272519352528359	0.287314859187669	0.255179763021957	0.265529983899962	0.200921788547065	0.259006404963203	0.207899393735987	0.142622329916927	0.274625753578496	0.323848055315175	0.127287069604509	0.347247794056897	0.164656148438451	0.299037423701738	0.223869564137954	0.174891734283083	0.252911487586199	0.231027568415049	0.18052004321681	0.28131143300108	0.24746234355632	0.323912620636254	0.305027862923322	0.0950269171578438	0.0809740848101286	0.187605742080935	0.158007298191473	0.276147746614098	0.139523600852462	0.148417673931539	0.297439677490787	0.160193965651063
700111580	0.1665697057195	0.280929386482545	0.256251203434294	0.295439549838968	0.242234384208474	0.227037944444821	0.1437673735347	0.26721153873227	0.149893208940938	0.24889744429458	0.164841984258394	0.243757754811616	0.288936456328902	0.214402937468399	0.267148563686145	0.146951889013628	0.236052617018034	0.243144159262213	0.128212896754223	0.179602464585032	0	0.172181534252894	0.179685977583413	0.144552242895753	0.121341277284838	0.236998018130418	0.250945667590349	0.398581929812853	0.24872027901561	0.294924340400442	0.194637620873787	0.154435402566035	0.170110838794262	0.228823794138676	0.260736946316621	0.135195971662652	0.293436515293625	0.236305746741118	0.171771455860246	0.318595670219853	0.121867265553806	0.245783179382949	0.167515608884119	0.154726995243649	0.211029232224694	0.181639116919359	0.177386051985305	0.223939337783288	0.202566736625229	0.22157917673658	0.221989537085263	0.159360767636017	0.213630420673419	0.108163275190382	0.253286183763869	0.217642712819437	0.100051712608884	0.112811206404035	0.213360217174597	0.11523805002403
700111302	0.258647019781144	0.279088668453021	0.10688585442003	0.385667204912236	0.276182412694573	0.139549333258886	0.241469671283222	0.236895005561242	0.20096108259264	0.216263221246806	0.0919404590444828	0.114512318853934	0.236383904004004	0.216395437720045	0.253218912207794	0.0870032882512351	0.230918086868435	0.145106842089285	0.188897663605297	0.259784281121451	0.172181534252894	0	0.276685573463464	0.226250340395909	0.184644776133762	0.295476915404798	0.220110413650603	0.375499118238301	0.323113394063222	0.259053688677676	0.166291962683977	0.10613499796236	0.123940291660684	0.182283507277317	0.312698814547173	0.196011850991037	0.260201005063827	0.196401688844441	0.227837952495985	0.307045946232049	0.194583139983983	0.173789012557918	0.155184676616177	0.181143873462565	0.234563686731714	0.226006829514688	0.200667347904837	0.200805130359815	0.189662913465076	0.0847423465457304	0.0892669710998667	0.263491126354969	0.303568984870275	0.148131699449714	0.350204727641603	0.171889593679148	0.189663890291734	0.206715429382046	0.0924448987119362	0.203719949543114
700098605	0.120158420672943	0.214381488769464	0.318960623976168	0.215368565994816	0.193775500604748	0.287274401547803	0.131315693315165	0.286380251662862	0.184012986288876	0.269344748071463	0.235369849771825	0.327088858721238	0.310108474710356	0.213386854383302	0.30469741885115	0.244063652433119	0.269367138084776	0.296586726658227	0.168537031536575	0.12102869280735	0.179685977583413	0.276685573463464	0	0.158933897899253	0.202528692038655	0.189541728510981	0.227731785640994	0.332896856886508	0.257899534580459	0.304048736218583	0.244235727543052	0.263908258812666	0.235818926799648	0.270637794414431	0.196896125152853	0.156977968862947	0.260012271724102	0.286710044293976	0.155269586916508	0.324905797234703	0.164388180476874	0.311081113122418	0.226161144390987	0.209785209348759	0.272352543590641	0.206800866766569	0.187678000956498	0.292519614994985	0.234214136152985	0.32153943762619	0.312454444666083	0.143812502155431	0.130413343341577	0.179940495576233	0.147812891519214	0.271712758051069	0.171913303633748	0.189635068663226	0.306554678406092	0.153702389027368
700111991	0.0831280289255429	0.241460083220538	0.291383591996703	0.262464521345926	0.176056015119576	0.26811799731288	0.123467676267962	0.299153891572513	0.10198526316174	0.251999921702774	0.170224437514885	0.309478856411143	0.295320396010369	0.186550625541182	0.318590896309688	0.170881920335962	0.269443520127269	0.238202811550097	0.0947921834672044	0.147848703924136	0.144552242895753	0.226250340395909	0.158933897899253	0	0.170722544203089	0.162505176706297	0.204933712345587	0.342883863396261	0.287949974048048	0.296956077121505	0.223069118116476	0.21894857758157	0.184703089292757	0.241208388179575	0.161871755345255	0.133540117326743	0.232040446421092	0.27123052917593	0.105145131091598	0.363203691439406	0.0995453007156166	0.296610642964797	0.173382885071819	0.1539167108942	0.25423689897381	0.220061559248047	0.160446329688813	0.280300056627203	0.202618236453545	0.287682625815055	0.258755177349147	0.114189141441344	0.172130883505337	0.129384789715953	0.165405453838051	0.25911819790933	0.172954209454286	0.106283226452758	0.273549496092257	0.133696377141853
700108960	0.168726173222396	0.326494727558472	0.272762002397089	0.281335561872625	0.290338808766891	0.25879728646905	0.130920810888623	0.346461327348527	0.161575750534084	0.316704384706273	0.17110351304805	0.278332906218996	0.343714921977058	0.277159745598424	0.35687762858996	0.165466076017373	0.331520417310392	0.253384025468455	0.176351237572416	0.156051983226239	0.121341277284838	0.184644776133762	0.202528692038655	0.170722544203089	0	0.288468656712438	0.296065082438978	0.429236493550244	0.338134676606246	0.349358179982532	0.266656956561215	0.139494628420091	0.201210398918238	0.282037747290358	0.282386779371516	0.155044917156863	0.33286954645729	0.302925254661929	0.198797001951081	0.40632208080202	0.181100087760726	0.289997874737467	0.205671740172735	0.159590784004617	0.304213261610173	0.283769608552454	0.247629640505372	0.314560765075074	0.268389845272243	0.229760404334306	0.230197912110172	0.160371242698034	0.187453415697657	0.15859965263395	0.218641352081104	0.289342149178238	0.155457597497509	0.115305054153456	0.229495819937853	0.129484009529535
700024452	0.163629849668896	0.174020737113589	0.327916997620279	0.248760529482542	0.132124480125399	0.297521625018258	0.197725440224931	0.28173120054862	0.18831957853028	0.265064036531469	0.250871763523882	0.355194025205273	0.280657441566223	0.194500047891717	0.323026899247081	0.263690510814282	0.260822003676145	0.30320746245814	0.167515336331949	0.210320942414892	0.236998018130418	0.295476915404798	0.189541728510981	0.162505176706297	0.288468656712438	0	0.202677700285363	0.271108604776159	0.192076563436048	0.254065195947631	0.259571878021937	0.285109451169556	0.228904303062412	0.245293764259701	0.076102999792236	0.196729025490685	0.265082345795132	0.302019293761718	0.132820955124143	0.293023091031456	0.16671540548618	0.296139791651549	0.243403316559518	0.233901398005549	0.237537945393219	0.201893856658745	0.167089260164155	0.279761697683203	0.237663120672172	0.323666679592665	0.319897592150576	0.161688959302503	0.187798689258694	0.185187621226336	0.200974206694847	0.282845290888073	0.229092211899031	0.201782811756474	0.305683350224649	0.222698960342914
700032931	0.221748932153555	0.185223877319418	0.19531957549904	0.360238752755636	0.194636094150723	0.168218366247201	0.259005377763545	0.145230369852368	0.201747735917086	0.130136125383461	0.172678492921656	0.243672628799836	0.160753784584249	0.0926965858685904	0.203740239181923	0.221045659228351	0.140015673353652	0.170453633484782	0.187881705079194	0.232784144484414	0.250945667590349	0.220110413650603	0.227731785640994	0.204933712345587	0.296065082438978	0.202677700285363	0	0.276268352985753	0.214251491635545	0.160704850207056	0.129817324237267	0.246686687039412	0.14982579324536	0.126912279461142	0.217130022721205	0.1812784226362	0.157290602638258	0.166105976350478	0.187963091838048	0.21343596838337	0.180664921398974	0.186658551631361	0.149085607382382	0.214218663485536	0.18418771686536	0.132308798861701	0.138580410889249	0.164731522319768	0.111876808241354	0.224011170614754	0.238274178643882	0.239540824637526	0.276877483359385	0.172368588526477	0.293837629506177	0.14020191369701	0.216679108398005	0.250691764822887	0.204648135134871	0.244733219071453
700095837	0.341077172396716	0.20274739663125	0.379014221179894	0.413104156404333	0.292947414575802	0.375496059485192	0.374894583246087	0.325392608001834	0.335685935676211	0.303274180497382	0.331003959509761	0.39413844913541	0.29205494687845	0.29308212115151	0.371913391122253	0.370154484099184	0.309894065082767	0.365712631105333	0.347047611561355	0.339158190649023	0.398581929812853	0.375499118238301	0.332896856886508	0.342883863396261	0.429236493550244	0.271108604776159	0.276268352985753	0	0.220670604058466	0.242234147462529	0.321999652745078	0.399604963048131	0.299988635224725	0.27236370123728	0.277161982848041	0.330035395750902	0.329404795750663	0.379533345882358	0.296012318676519	0.31647665175869	0.323143103998752	0.324173411727945	0.334085532683516	0.343804351528223	0.248698778143779	0.317164401877641	0.277022944349664	0.306311036244947	0.314055641763045	0.39855458412386	0.394434446431556	0.342868367706764	0.357210762335572	0.347603974197524	0.382370987336964	0.331807867696738	0.375587548875082	0.374078976557019	0.386587871959094	0.383578278237294
700024548	0.282922301284778	0.158634824994645	0.306462149702609	0.344365132846021	0.227136295642947	0.286578063559814	0.284015528711432	0.214035999004893	0.290530611360576	0.213103050073963	0.275143286330708	0.31185226599537	0.210025615871204	0.190778069924362	0.235953767463349	0.305608864756391	0.188043735707083	0.321641006599806	0.268547258835231	0.272519352528359	0.24872027901561	0.323113394063222	0.257899534580459	0.287949974048048	0.338134676606246	0.192076563436048	0.214251491635545	0.220670604058466	0	0.15978201520805	0.24262941723882	0.325937835804728	0.234205965203162	0.19716710339441	0.228292917278473	0.224483189924875	0.308761294397034	0.280465282635192	0.236099063814095	0.184300538732189	0.226442562656715	0.218810494835284	0.280280241346701	0.291928006748613	0.115445760336236	0.138387748018764	0.197559868824424	0.182812241168254	0.231785572998555	0.32964779319964	0.338321271123416	0.269706842630755	0.284811164371756	0.247536357221586	0.323524699834817	0.241975955964768	0.232247704570688	0.286307531508817	0.30109050117367	0.287439771894004
700110161	0.319234016986068	0.187852567087467	0.202144357453389	0.406939666259406	0.246782731114798	0.184733271384923	0.312310953786357	0.126392605000633	0.270041041612245	0.111252942124293	0.225165546996694	0.247930280085905	0.0941677562019359	0.157190817815863	0.163716005086544	0.265773227497298	0.129471748600773	0.22469289915002	0.276559691229555	0.287314859187669	0.294924340400442	0.259053688677676	0.304048736218583	0.296956077121505	0.349358179982532	0.254065195947631	0.160704850207056	0.242234147462529	0.15978201520805	0	0.16900664822282	0.27500930477827	0.196385004255771	0.120344583900167	0.278897317307448	0.234427801528176	0.245466381242977	0.180372901944473	0.254467831571155	0.174521056522953	0.245298210030625	0.136311045584222	0.230350686008185	0.256985462891291	0.124619394120456	0.182297919563833	0.186463035744422	0.125267338763762	0.169607141026257	0.241726813732646	0.27740088136277	0.293968670065623	0.336142450978285	0.240291062334687	0.393571827903531	0.150011524349346	0.250131895185317	0.302494160812381	0.225174640111435	0.293980413225236
700023496	0.2612840621592	0.205560874840372	0.158105347365195	0.384180382088313	0.228926245192384	0.121722817386282	0.258003499893275	0.149375739458508	0.198287737104939	0.0939974627815555	0.128784035801118	0.164622233708032	0.146565192546087	0.111155148997913	0.191584855793526	0.178938332491817	0.112147852364267	0.124698621801704	0.192929022747341	0.255179763021957	0.194637620873787	0.166291962683977	0.244235727543052	0.223069118116476	0.266656956561215	0.259571878021937	0.129817324237267	0.321999652745078	0.24262941723882	0.16900664822282	0	0.183246601544672	0.120723221665829	0.0901432397922431	0.274132043658116	0.170113234466734	0.180853711115708	0.125766285117136	0.213618621553352	0.223180546716201	0.158376615452857	0.135523457820317	0.117267459650754	0.185231766718152	0.153514771089535	0.141004955048673	0.136280220604774	0.126232973725695	0.0618900747027944	0.181986871155756	0.186370960445325	0.257531924336332	0.303801049595097	0.141616387547157	0.342166386089196	0.0920493053382775	0.177249580727051	0.224849653396889	0.181593653070079	0.21016956779308
700034628	0.255759746893661	0.290625561569823	0.181007331489854	0.390354234819149	0.273873993133954	0.168040787439549	0.211592485680885	0.245884154897935	0.167518265819532	0.226597058600699	0.130966615520287	0.178838385089294	0.254743010504203	0.233564731216973	0.262483463975415	0.133134309323056	0.236728815446389	0.183795178922579	0.181481604095193	0.265529983899962	0.154435402566035	0.10613499796236	0.263908258812666	0.21894857758157	0.139494628420091	0.285109451169556	0.246686687039412	0.399604963048131	0.325937835804728	0.27500930477827	0.183246601544672	0	0.16659282812386	0.202950183428102	0.302964153967177	0.169367934110859	0.290082351182932	0.207008157234696	0.229251631079321	0.313252991335817	0.196362241663148	0.187546515174258	0.17997512081301	0.138443824758356	0.248549723155068	0.233901789246053	0.209298857254401	0.213198572252566	0.206580330394218	0.133022191229441	0.170523019515769	0.242949960051702	0.290980795997992	0.143419281641052	0.330219609354617	0.183289131450819	0.18322732863799	0.179033804476619	0.157416067434	0.149471267634834
700023645	0.222066788003758	0.202918987222978	0.168637206849224	0.33915291660193	0.217179320996354	0.162867891425572	0.223455716041375	0.195413040028586	0.166326070634175	0.167623575571865	0.0801187865382549	0.175505369556039	0.189750590921478	0.142435757986117	0.242337713822893	0.110596263553768	0.168668563170228	0.149039597980385	0.165137123072406	0.200921788547065	0.170110838794262	0.123940291660684	0.235818926799648	0.184703089292757	0.201210398918238	0.228904303062412	0.14982579324536	0.299988635224725	0.234205965203162	0.196385004255771	0.120723221665829	0.16659282812386	0	0.124503541493779	0.244888216936595	0.149522794842663	0.214471246056536	0.196545641117076	0.162112410234413	0.262245717686909	0.146597296112194	0.142194405705141	0.107614504143777	0.149357881199607	0.149568080691677	0.165151760657627	0.115200089189302	0.160242125924761	0.138589094382267	0.174315407037004	0.159859167176346	0.21125127249851	0.257529245890215	0.141898187881939	0.306182788190828	0.141970537214748	0.175660518062452	0.159991561203125	0.162658473790514	0.189167907844585
700038744	0.278204824039807	0.18576030193673	0.155420720338784	0.381519271735448	0.232534665304854	0.125715140762805	0.274922453916078	0.143810786487096	0.218011758252929	0.0833154458322783	0.150220474331564	0.187560702127403	0.10882101392907	0.115716235740926	0.191653087321044	0.197846925459078	0.110948203607485	0.149646838329615	0.218141755590428	0.259006404963203	0.228823794138676	0.182283507277317	0.270637794414431	0.241208388179575	0.282037747290358	0.245293764259701	0.126912279461142	0.27236370123728	0.19716710339441	0.120344583900167	0.0901432397922431	0.202950183428102	0.124503541493779	0	0.267261897343138	0.181189864863119	0.205346240845433	0.143382406166263	0.219684621271936	0.182633503797752	0.188234134141382	0.0968178623208128	0.140123180335011	0.199651043151896	0.131424958825971	0.153671228825754	0.158560870679488	0.0874819734674291	0.101408786757438	0.178158865604205	0.205311793946966	0.262534845740137	0.307299510342139	0.169226096905069	0.354689022119139	0.102633640374714	0.208216278646	0.232757140725233	0.172572390252518	0.238732203682189
700038485	0.168737666943908	0.186520905524428	0.34795820981398	0.245311549623702	0.140695352080256	0.319043414858277	0.200808954323996	0.30904176757391	0.190678154116004	0.285355693000335	0.25678204531685	0.373162394862436	0.306466324004222	0.218796552990457	0.354543281971848	0.282512515725718	0.284479704653436	0.299405602730588	0.193446015067841	0.207899393735987	0.260736946316621	0.312698814547173	0.196896125152853	0.161871755345255	0.282386779371516	0.076102999792236	0.217130022721205	0.277161982848041	0.228292917278473	0.278897317307448	0.274132043658116	0.302964153967177	0.244888216936595	0.267261897343138	0	0.196432521556145	0.267703231201663	0.324743605470658	0.136391505736097	0.317839931911956	0.202807017214118	0.329438960296502	0.253932922304384	0.221058423387593	0.261535425092652	0.231786079055923	0.193641618786834	0.310668257680695	0.252290894040187	0.356410753941666	0.332689580987439	0.169984810555942	0.181583237824898	0.204237211242152	0.18218099689382	0.309190091768824	0.247654387416376	0.207039085272802	0.336976117404452	0.227695833570084
700024743	0.148848639903469	0.21058297894093	0.223849508717928	0.281459073300353	0.216126650494325	0.213444580676334	0.135945338734296	0.230405489457111	0.132366695229762	0.192114347755023	0.148678891775527	0.242830285093121	0.232435609259833	0.165559830722756	0.255607245850563	0.188243796675211	0.206657784546855	0.216438263332179	0.145379867904327	0.142622329916927	0.135195971662652	0.196011850991037	0.156977968862947	0.133540117326743	0.155044917156863	0.196729025490685	0.1812784226362	0.330035395750902	0.224483189924875	0.234427801528176	0.170113234466734	0.169367934110859	0.149522794842663	0.181189864863119	0.196432521556145	0	0.240135559479598	0.222584572529418	0.133955537542631	0.295728861256808	0.118325920111541	0.226415594598582	0.176613701484324	0.103818562803705	0.199144726197129	0.166815095212014	0.146641133366004	0.211673783284315	0.159432496929241	0.234740214026193	0.233827112556386	0.13896386588516	0.182823247719577	0.112582114585394	0.219488884287497	0.194415132602416	0.118768297580824	0.12085795259066	0.211263033722218	0.108427476165763
