700108602	700014971	700033565	700109389	700023058	700023927	700106341	700114221	700023543	700023439	700016978	700024192	700113058	700099448	700109870	700033928	700023693	700109627	700095416	700110425	700111580	700111302	700098605	700111991	700108960	700024452	700032931	700095837	700024548	700110161	700023496	700034628	700023645	700038744	700038485	700024743	700099596	700110760	700101587	700106399	700032322	700095653	700021312	700101230	700023590	700038905	700033136	700023382	700096424	700105469	700016908	700096053	700108479	700109569	700033814	700016125	700109756	700102665	700101777	700109455
700108602	0	0.233676505031351	0.321415715160432	0.210292887849791	0.210549229497934	0.289794466155644	0.0860297201293467	0.303220758878006	0.144040317241352	0.278986270154616	0.19945070710554	0.344338873222797	0.304397363535707	0.227812958213403	0.331574811216841	0.179933853962592	0.298052350607948	0.287899556575932	0.156072761575468	0.110064093712009	0.158361935855171	0.260161382410985	0.136681155696848	0.0837628099356749	0.146478326039784	0.196415227885798	0.231232268438434	0.335536555303383	0.294118573768661	0.315639442958137	0.270074624253184	0.253145610540895	0.235261076269385	0.281494914502726	0.184818745318599	0.140508078985372	0.222797452740396	0.314639006118917	0.0822885475141089	0.361838415024738	0.122001747694427	0.321695705657656	0.200741619865175	0.173092613020416	0.270620600196295	0.21047590890364	0.191405900020061	0.302832776839694	0.238736472284872	0.323649912212446	0.306038830730121	0.085345434285065	0.115389621950986	0.159859944723567	0.137376094238003	0.279985988539702	0.170625574997429	0.10270440273016	0.296455480536805	0.137594796919208
700014971	0.233676505031351	0	0.280375146075894	0.339279765306767	0.1534809766462	0.223761115319555	0.242981027268558	0.192759866894817	0.203856731102871	0.167880344970563	0.182598724061998	0.310491844743553	0.20211262059698	0.140348598225577	0.269274755508278	0.197494502150452	0.171361266735044	0.261517779256898	0.23441763463215	0.245806300951783	0.24901284448607	0.251249664655795	0.211144057833855	0.238831540193469	0.2981992904114	0.191381484217614	0.12771410737131	0.23714574777028	0.157947572116993	0.192867520345543	0.180125507716629	0.257191195081419	0.17317672335806	0.192897326901797	0.186776085396298	0.180658295292698	0.226545428544641	0.263752864024213	0.190087007286719	0.211861082787931	0.18294345043292	0.224738685121669	0.172154417179442	0.227816807609642	0.18032151620438	0.167969393086443	0.129026980864812	0.227139152483625	0.178966722458738	0.29292364185508	0.319945289682825	0.213721744416052	0.244626891786408	0.196345001582084	0.302539350179449	0.179373267632123	0.249415357151631	0.236754988672514	0.265060644165449	0.227675526993872
700033565	0.321415715160432	0.280375146075894	0	0.432133021655582	0.296118030873544	0.109689960393748	0.316819609583998	0.175772646449204	0.237855756360546	0.147352931780372	0.15665563902734	0.0790469928736383	0.162986984359623	0.213266793327436	0.1762573110086	0.177825938481164	0.191347485666704	0.119268223787861	0.227590507941904	0.305830272076353	0.246343317320432	0.111758087670859	0.326465637101047	0.286887472403169	0.270778349844198	0.349690717790014	0.227810359960921	0.404908413170009	0.282949913060225	0.202671768261952	0.144328309013252	0.161683040852847	0.155700120857553	0.112601408229184	0.338239628116509	0.229969308161207	0.237766580309426	0.125465731700101	0.297170790489062	0.251959074301703	0.241613983003972	0.116018980031007	0.21877689370878	0.248013747590408	0.202369048780643	0.217071279253978	0.236115678129373	0.142491023516828	0.167828416698241	0.0649214594271598	0.128556961692408	0.319462880058202	0.356924237550716	0.218796150256467	0.404716688322125	0.149414062430213	0.224138903584319	0.314462193467941	0.0735233641901847	0.279223068108162
700109389	0.210292887849791	0.339279765306767	0.432133021655582	0	0.326648269582843	0.412718285890018	0.193093736952832	0.409013307790024	0.31673872937445	0.390996961519071	0.346196146603334	0.447548454747973	0.406242493245129	0.354450738022445	0.431197204149065	0.316605178049079	0.405103171221456	0.422588127457384	0.329971716936745	0.181549364907372	0.293482328139667	0.389093105087366	0.200381949778513	0.264097061947085	0.269857110179035	0.274074793364227	0.358151503807301	0.411263532131917	0.358146057049832	0.418022121126627	0.395446085674313	0.387353555088711	0.354925855497891	0.392422911572756	0.26846931763	0.277359333453363	0.367297054352837	0.435077320329349	0.238280284975624	0.411628295778108	0.263400438452797	0.417365384309434	0.341659460649417	0.31292070109371	0.37447052151389	0.321395797463489	0.334767770105686	0.406941299659878	0.374777697923708	0.432722170830589	0.417752421972024	0.201319017952042	0.141381637698321	0.323755114412508	0.184217823185218	0.388673227449219	0.264572438643627	0.224579287589201	0.40160958385593	0.26888570707699
700023058	0.210549229497934	0.1534809766462	0.296118030873544	0.326648269582843	0	0.22279920764436	0.22218974228147	0.232174552130744	0.189671182914757	0.221695245268028	0.202153864029689	0.321980664606744	0.259233349723905	0.167874314955487	0.288138184538406	0.189054851350268	0.218871899901282	0.240515243893452	0.223226393867537	0.247119271165002	0.2470345455938	0.268998899291352	0.218693588677019	0.207163054181025	0.296437156200882	0.178059225585897	0.157390234642109	0.289733742253704	0.221297418748194	0.23319676826707	0.214162672552114	0.281739109363204	0.200166938868167	0.234800016707365	0.175309632027215	0.218007101171231	0.165987176870463	0.232065914549647	0.177281831293745	0.276157559326046	0.182050570339058	0.262821784116257	0.155121081994034	0.242262822563232	0.223001023437604	0.195087700374813	0.119582413296125	0.259537781552642	0.181603733483476	0.311471574164878	0.331848785170245	0.195200480388916	0.236460266043376	0.196355982768865	0.272291074626055	0.232105575565559	0.261400932078854	0.225738185834759	0.282173813547801	0.216606795865724
700023927	0.289794466155644	0.223761115319555	0.109689960393748	0.412718285890018	0.22279920764436	0	0.29564012488172	0.134371740203908	0.216190463615122	0.103838185021016	0.133317470472619	0.154721598918995	0.142404174415155	0.131063505335658	0.174294770339569	0.151793585985669	0.129985902697832	0.0899696250932903	0.210426431793318	0.284881518029308	0.224588027671087	0.165218673274404	0.282253883477333	0.254882647321155	0.267339440697981	0.300344538357456	0.163525131372404	0.370875944609212	0.231027327018079	0.165649598505585	0.0670504192130131	0.173386817471934	0.121824164373191	0.0740586324375966	0.295560286886262	0.20005138899192	0.185549290360965	0.085303973339892	0.261502980628997	0.209117588308185	0.207616570927748	0.0919504281308225	0.156473766453998	0.23017682200342	0.147193454725797	0.162267737479853	0.164237806570231	0.112955941244411	0.0829242082841407	0.137833021545568	0.203333408262746	0.292891117115804	0.330880766935359	0.187678784768962	0.365519764251782	0.112979825272189	0.201552485229324	0.287348446651044	0.126288918006236	0.244754927935937
700106341	0.0860297201293467	0.242981027268558	0.316819609583998	0.193093736952832	0.22218974228147	0.29564012488172	0	0.291822683668981	0.1522133626088	0.275703755291	0.20854887002637	0.324495152831145	0.292256917067298	0.242152610158984	0.324932868638818	0.195316621349463	0.291065421999223	0.309191344702396	0.16470850417665	0.0810300085872094	0.145551738608114	0.244067023423812	0.140927698914447	0.123374945939832	0.120464370955621	0.229087049987842	0.261686508656136	0.368251682525024	0.299778982864738	0.320287904023893	0.273294388929021	0.22634720415558	0.23236365553747	0.279474325207589	0.211906455042363	0.129077676540958	0.246161473472255	0.315571122428249	0.115017605212553	0.350995631715531	0.1413738849294	0.303854903882815	0.209952984367272	0.160153559674738	0.255900262987505	0.225219276108807	0.207817590372532	0.287300681416081	0.248810486919433	0.306053023366972	0.31030995718549	0.0810463876615108	0.100529276329048	0.17233710827971	0.162274242565035	0.269121631790967	0.143957848412968	0.0937270923892153	0.285043977463484	0.110304348440306
700114221	0.303220758878006	0.192759866894817	0.175772646449204	0.409013307790024	0.232174552130744	0.134371740203908	0.291822683668981	0	0.247794527359102	0.0770978477329943	0.198864191336355	0.214279778419373	0.0822633760317848	0.144356921786352	0.131278871104817	0.206222851354764	0.0520677655018028	0.208795930076147	0.259796569047281	0.292289827988888	0.253574946532084	0.234531099135355	0.306220852309889	0.29468850080607	0.330108575735844	0.299651594978476	0.147984379615773	0.335908788433072	0.173106566771304	0.120851695132966	0.110201115103563	0.233277638852026	0.156436193645729	0.123884566813428	0.293853291296377	0.217195329473608	0.240610569289222	0.12605128140788	0.263059617226458	0.120631203388589	0.217525519274329	0.0913489030901865	0.210057736631322	0.260461957729057	0.107575692916901	0.158273934412368	0.164722943983237	0.0926018556183711	0.166994432318171	0.204780411945768	0.281600183703467	0.285540962599013	0.324535257316111	0.21341682314833	0.396317342145269	0.08884072783396	0.222033959497718	0.304786972354042	0.177426460986018	0.26118161763904
700023543	0.144040317241352	0.203856731102871	0.237855756360546	0.31673872937445	0.189671182914757	0.216190463615122	0.1522133626088	0.247794527359102	0	0.212804561965589	0.122107160687149	0.264574152115604	0.246743000802728	0.188638263756052	0.282998623051844	0.122355045073488	0.244796611297153	0.219126923649507	0.0910760840299853	0.165486783215058	0.136629564642045	0.173948724781189	0.198793649054155	0.116205962363929	0.15224323439476	0.230781928553629	0.19262311124939	0.334959767948261	0.283667499750803	0.258261903359509	0.195035791579667	0.147661019754323	0.163879730010896	0.207452095618527	0.210634324268391	0.12832548996314	0.164245575869507	0.236321212776601	0.11883561591672	0.321777845584063	0.107705722887607	0.246968808417022	0.130981479661483	0.105926881139543	0.21643731484446	0.198819713168431	0.141495704960895	0.227874782181185	0.168460429883964	0.238532373802938	0.248654494275635	0.14670971896651	0.196372431276917	0.104405820721132	0.226109118484204	0.208706132637722	0.172456411705331	0.129270458562065	0.21732730391913	0.113547906642092
700023439	0.278986270154616	0.167880344970563	0.147352931780372	0.390996961519071	0.221695245268028	0.103838185021016	0.275703755291	0.0770978477329943	0.212804561965589	0	0.160718724835808	0.20538425994647	0.0759886440478945	0.111090520043238	0.16120283780886	0.165754316935178	0.0749004541884724	0.161698445976091	0.221914447078661	0.26953993629642	0.240615348153937	0.209629289112111	0.284091907844195	0.256555626526679	0.296861883967488	0.286465294286757	0.130494601962953	0.324523996565032	0.185347376245046	0.120313234224116	0.070313566411084	0.213930738958773	0.128091143172745	0.0857456866754259	0.277529204378794	0.184130010217625	0.197298780712154	0.129869991950002	0.235544976602919	0.148878891797112	0.179612035986422	0.0997418262378454	0.166462724764593	0.231678076382954	0.11421528021033	0.145731274166639	0.153872023966011	0.0986396694169898	0.119285782778286	0.180671092869513	0.252613474927234	0.26056425126235	0.307119322277589	0.187409934476617	0.369471317418182	0.0682680051257222	0.197863485097231	0.269256505623348	0.161274892544663	0.238743756398993
700016978	0.19945070710554	0.182598724061998	0.15665563902734	0.346196146603334	0.202153864029689	0.133317470472619	0.20854887002637	0.198864191336355	0.122107160687149	0.160718724835808	0	0.187179390452303	0.196097144293886	0.165386295731682	0.248989039575695	0.0809846034828968	0.192860263469779	0.131784652121635	0.125068538488604	0.189833392674214	0.155532387196148	0.119129407788875	0.238765652718821	0.171803473629743	0.163347380807006	0.260285430029971	0.175062755914851	0.321188688845576	0.250850379960984	0.216198898370429	0.136973445051808	0.131897711713426	0.0848171150626451	0.125482292704977	0.240659535658158	0.121707849957124	0.170799176054119	0.186746954812797	0.175147129376065	0.273564205215931	0.138493766158718	0.164997284448015	0.124267935027067	0.131278120505848	0.170235438903113	0.168414166563704	0.145558541976157	0.170880213781321	0.121871578858067	0.173882846216106	0.18823215977848	0.206444475115562	0.244388338303043	0.124721577397593	0.293396827311836	0.157410459901962	0.168663582484284	0.194363676352653	0.149552428607402	0.175872199925054
700024192	0.344338873222797	0.310491844743553	0.0790469928736383	0.447548454747973	0.321980664606744	0.154721598918995	0.324495152831145	0.214279778419373	0.264574152115604	0.20538425994647	0.187179390452303	0	0.210475260739927	0.260848586373127	0.20764688795092	0.204221511476735	0.224253560917175	0.155970818799432	0.243803402369195	0.321961254576306	0.246667182091881	0.130262386012929	0.351110244687231	0.315966041908803	0.28302359519541	0.375017105240703	0.277904943302662	0.428401687742449	0.320473104224054	0.264561439203376	0.179944525193554	0.177676266534526	0.17423035299359	0.163549079345592	0.37306082318189	0.252527224380235	0.272831128185301	0.16882339472572	0.323324266268515	0.280017667217982	0.267321369982288	0.141613261475581	0.254635114266644	0.262430806966514	0.212016152958369	0.247419722779845	0.264449677344345	0.166571692443843	0.200210607871405	0.0771130082487194	0.109160088271329	0.342707119137244	0.373884628924844	0.237551558714633	0.433111934713036	0.189051101640838	0.240433209771747	0.337229722602925	0.120231434070722	0.291251521968068
700113058	0.304397363535707	0.20211262059698	0.162986984359623	0.406242493245129	0.259233349723905	0.142404174415155	0.292256917067298	0.0822633760317848	0.246743000802728	0.0759886440478945	0.196097144293886	0.210475260739927	0	0.148873723669891	0.127627919799278	0.200775483228289	0.109453034473732	0.19747864868587	0.260836940293696	0.29032761633212	0.274860704969732	0.224420136399089	0.318719674710127	0.292195219635967	0.321609548891559	0.315597114311299	0.162291767773166	0.341777737635973	0.209035367253207	0.122853148422632	0.116317768625206	0.227655731420563	0.161392952894229	0.115971655343387	0.31082060545085	0.219322977426889	0.238666490096722	0.13602457861822	0.263595938709318	0.157371589389046	0.213795379865662	0.103437256991549	0.213194232482647	0.255749571710201	0.135291844904141	0.18044036619787	0.205016001372646	0.107618708173979	0.167232058042749	0.19443934554113	0.266901110657585	0.282984150418999	0.324680878363543	0.235975989978544	0.399840700189542	0.0733248980385902	0.229269907280159	0.298007052053664	0.161655727173628	0.26784848497606
700099448	0.227812958213403	0.140348598225577	0.213266793327436	0.354450738022445	0.167874314955487	0.131063505335658	0.242152610158984	0.144356921786352	0.188638263756052	0.111090520043238	0.165386295731682	0.260848586373127	0.148873723669891	0	0.214956611861208	0.156288465034807	0.124347521192863	0.174577623266017	0.192678238942513	0.236657484544955	0.224431807622067	0.229191000855197	0.226181191341966	0.200427467929199	0.275507568202846	0.219024359078808	0.0904200186346891	0.302519392075625	0.171517692326783	0.148093237865176	0.111944683707449	0.233514277382471	0.139378819840906	0.130898954981577	0.220168979206816	0.177185754833798	0.16301073878781	0.165869802737735	0.190277583170805	0.20740256202574	0.164407805715744	0.167151552957704	0.119081546296334	0.230484955303139	0.129389790915457	0.13180011601617	0.106151126315051	0.166141186906145	0.0945278308850133	0.229476982265757	0.262942217878313	0.216381811496477	0.2686532490833	0.163075424456313	0.297601934402403	0.136938543802165	0.18833246166154	0.233869066376471	0.200864836770623	0.215752879555346
700109870	0.331574811216841	0.269274755508278	0.1762573110086	0.431197204149065	0.288138184538406	0.174294770339569	0.324932868638818	0.131278871104817	0.282998623051844	0.16120283780886	0.248989039575695	0.20764688795092	0.127627919799278	0.214956611861208	0	0.259765563771421	0.142738188900137	0.24217787268182	0.291549864448807	0.324109518401592	0.269444372218982	0.263226436911396	0.322052469427562	0.324313325417458	0.354810578986411	0.345672702763611	0.223622176861364	0.397691194911095	0.222685617809659	0.189794654800733	0.171508073194203	0.259869062752115	0.222959844408037	0.193085388143528	0.343602951248415	0.264006001313634	0.283462187169467	0.132951697090766	0.303168151550042	0.17888852057643	0.270687649917668	0.151256643396521	0.273547156709966	0.295406810480837	0.173646132861995	0.171902614616147	0.234453262254696	0.126483951215291	0.208511431447011	0.204220479249067	0.282213788462561	0.334886936691015	0.354229798163202	0.251958881052586	0.408476844876725	0.15673390800414	0.251722441505676	0.350564180181301	0.183252862035903	0.2964746855592
700033928	0.179933853962592	0.197494502150452	0.177825938481164	0.316605178049079	0.189054851350268	0.151793585985669	0.195316621349463	0.206222851354764	0.122355045073488	0.165754316935178	0.0809846034828968	0.204221511476735	0.200775483228289	0.156288465034807	0.259765563771421	0	0.200408053020236	0.155371040997091	0.122867088365435	0.194765490470181	0.155588862924237	0.140005156927994	0.226196292698683	0.159932484416627	0.184199398466125	0.227305681418688	0.173392816391533	0.31211068634375	0.244552560823636	0.220843478951522	0.146572951527158	0.160318687037803	0.0803701351771723	0.130136384862607	0.224772581860188	0.151785284019804	0.160078263035244	0.200498975009311	0.150996389544338	0.277376774292136	0.105872370148537	0.16864716876044	0.126565438014144	0.151637109245384	0.160353190329802	0.163714896998058	0.1381090037925	0.17755748547056	0.13569609889059	0.181022518126342	0.185959291159659	0.176850956464092	0.225798261210565	0.135191422710705	0.281821259312008	0.159560976069588	0.172656797821415	0.173941765931611	0.160823956936079	0.159719577973124
700023693	0.298052350607948	0.171361266735044	0.191347485666704	0.405103171221456	0.218871899901282	0.129985902697832	0.291065421999223	0.0520677655018028	0.244796611297153	0.0749004541884724	0.192860263469779	0.224253560917175	0.109453034473732	0.124347521192863	0.142738188900137	0.200408053020236	0	0.195208640354531	0.255078493872429	0.290937977787313	0.239468723862539	0.242577257729381	0.294233663830606	0.290440273604107	0.329736947818258	0.289206391900308	0.134437366684742	0.326708798544867	0.15272441078271	0.130418793793334	0.0965233447364154	0.242157870041611	0.154643747508566	0.122086427758255	0.28133521842233	0.215144168148306	0.231337110655289	0.151597574520116	0.252368183408368	0.114139246906157	0.211273906064202	0.10635998237532	0.19545830983697	0.26022301413932	0.0962469134230413	0.126140404214204	0.150924660844808	0.096387235662889	0.151606435427224	0.215732858721146	0.286327369000842	0.281687997348433	0.320240434014839	0.206756141193088	0.387754586008859	0.10367631246191	0.221320896802309	0.299389697757237	0.204011516323834	0.259072227266149
700109627	0.287899556575932	0.261517779256898	0.119268223787861	0.422588127457384	0.240515243893452	0.0899696250932903	0.309191344702396	0.208795930076147	0.219126923649507	0.161698445976091	0.131784652121635	0.155970818799432	0.19747864868587	0.174577623266017	0.24217787268182	0.155371040997091	0.195208640354531	0	0.215504482069321	0.2905416003866	0.247451223283038	0.157267707574415	0.306883276447663	0.235956081002358	0.264143626434084	0.321722643680473	0.194520826341656	0.385599261494802	0.303982277601425	0.211262664323921	0.125806541792941	0.184271322181055	0.146957119161934	0.122976068903005	0.310526212180481	0.222050564685789	0.163643209974261	0.126591875853001	0.275757062405883	0.278055377547413	0.225136042871418	0.155492548919598	0.166577223739498	0.229398068243462	0.210472882698741	0.215850572103864	0.200750903787671	0.186825968300388	0.107432559958244	0.15049488071044	0.181282572458555	0.303385039668904	0.34835822299067	0.209106317774846	0.351400663558855	0.178296322384905	0.2379189386377	0.29412334955427	0.140100574278726	0.272702782073055
700095416	0.156072761575468	0.23441763463215	0.227590507941904	0.329971716936745	0.223226393867537	0.210426431793318	0.16470850417665	0.259796569047281	0.0910760840299853	0.221914447078661	0.125068538488604	0.243803402369195	0.260836940293696	0.192678238942513	0.291549864448807	0.122867088365435	0.255078493872429	0.215504482069321	0	0.184984529974863	0.107191293657736	0.151144437502715	0.207806035170658	0.123313145548056	0.131370411990279	0.242292174179943	0.218297721368615	0.366007245741638	0.280009454688684	0.274049245307989	0.198430112234879	0.138098297207467	0.15623351527005	0.209343022425614	0.228093649008505	0.145369863517346	0.18147863726348	0.229176525372283	0.14657121501707	0.330963520006983	0.12256353082339	0.246921878292667	0.137501149846448	0.153070905376653	0.210332461062512	0.194593276782399	0.162251239712389	0.230589356729735	0.167771294402939	0.210912826632437	0.211326589127739	0.175383160244104	0.225392934040632	0.0743188216344303	0.255021279792992	0.216406406325192	0.136712048770666	0.162731497300806	0.199892363011139	0.146187712852296
700110425	0.110064093712009	0.245806300951783	0.305830272076353	0.181549364907372	0.247119271165002	0.284881518029308	0.0810300085872094	0.292289827988888	0.165486783215058	0.26953993629642	0.189833392674214	0.321961254576306	0.29032761633212	0.236657484544955	0.324109518401592	0.194765490470181	0.290937977787313	0.2905416003866	0.184984529974863	0	0.158780522261751	0.247425160103656	0.123032087390151	0.128586982225028	0.125427615615233	0.248472129565192	0.254287804974938	0.352640900048463	0.303973290503202	0.307310752243944	0.267641470652286	0.23702703542984	0.225779322616393	0.27537680464923	0.229255321817301	0.121725706240823	0.236229347504143	0.308604666770114	0.130977953959319	0.35657656164684	0.139857739442309	0.302486840159512	0.207842385866822	0.149478567171422	0.255596838229054	0.222348093113388	0.201182869959597	0.286896914953337	0.23660231557292	0.304156075660871	0.300245880727298	0.111086234044171	0.0811819407243195	0.182086584996934	0.155458872107922	0.269523924421657	0.136168382129896	0.11723854149226	0.272648974735147	0.133355427759466
700111580	0.158361935855171	0.24901284448607	0.246343317320432	0.293482328139667	0.2470345455938	0.224588027671087	0.145551738608114	0.253574946532084	0.136629564642045	0.240615348153937	0.155532387196148	0.246667182091881	0.274860704969732	0.224431807622067	0.269444372218982	0.155588862924237	0.239468723862539	0.247451223283038	0.107191293657736	0.158780522261751	0	0.168623580013579	0.191402060355861	0.137344871382748	0.111102749847261	0.270140268122831	0.261220211030692	0.394032010757735	0.255064390305675	0.301486708516755	0.207747256459445	0.161485848530266	0.174213559564416	0.234864783381161	0.261801147195362	0.12947179196795	0.230360641750631	0.23465344556658	0.159599020866715	0.309812165634557	0.130529801499613	0.234880443306026	0.180976205567526	0.150392308187904	0.188445518038807	0.17022380194251	0.185563535101301	0.208491474716487	0.186789545314281	0.224221455687881	0.234073786991401	0.155783792313933	0.202390819382283	0.103924818212101	0.252529179404505	0.229954068768877	0.0976469616710666	0.151042128590558	0.202004491026072	0.125008500560986
700111302	0.260161382410985	0.251249664655795	0.111758087670859	0.389093105087366	0.268998899291352	0.165218673274404	0.244067023423812	0.234531099135355	0.173948724781189	0.209629289112111	0.119129407788875	0.130262386012929	0.224420136399089	0.229191000855197	0.263226436911396	0.140005156927994	0.242577257729381	0.157267707574415	0.151144437502715	0.247425160103656	0.168623580013579	0	0.294539832027598	0.228624026019244	0.17421553505214	0.326148764167839	0.245995410244705	0.388911012357813	0.31599840833605	0.272486830444644	0.187004721424127	0.0848327959376547	0.131485786733138	0.152166770463031	0.31712617549705	0.189202994847461	0.218088679072102	0.205568079223898	0.24386991455071	0.306137088194351	0.205475757373403	0.174584078766877	0.190194807863143	0.187489359922097	0.209499906903094	0.235987345036024	0.206152522045374	0.19625892455316	0.177183208137195	0.0898724863167987	0.112267658928583	0.256189979252608	0.299772057488602	0.158605404320121	0.358443792930557	0.187729214672535	0.180010330548989	0.251477968577537	0.105156423508124	0.214003947564609
700098605	0.136681155696848	0.211144057833855	0.326465637101047	0.200381949778513	0.218693588677019	0.282253883477333	0.140927698914447	0.306220852309889	0.198793649054155	0.284091907844195	0.238765652718821	0.351110244687231	0.318719674710127	0.226181191341966	0.322052469427562	0.226196292698683	0.294233663830606	0.306883276447663	0.207806035170658	0.123032087390151	0.191402060355861	0.294539832027598	0	0.157127349555191	0.205666961642612	0.214666838292657	0.235475978522966	0.345753741623556	0.279414943237669	0.324673002276846	0.270941467715272	0.281672154622208	0.25831848292621	0.295103673590551	0.207632599091199	0.170070431845876	0.250429448419383	0.301316772611115	0.149050400646883	0.337002868811778	0.170863625889946	0.326658485944411	0.222805250040874	0.21512393924973	0.283717087133408	0.206946291563439	0.194286742295141	0.310082085241975	0.238517544734952	0.335280972757224	0.343293862536521	0.166945685230881	0.123261884346416	0.188310723808232	0.140897329717046	0.289984258551449	0.1987186810099	0.177893152875623	0.305784681232212	0.166630120843618
700111991	0.0837628099356749	0.238831540193469	0.286887472403169	0.264097061947085	0.207163054181025	0.254882647321155	0.123374945939832	0.29468850080607	0.116205962363929	0.256555626526679	0.171803473629743	0.315966041908803	0.292195219635967	0.200427467929199	0.324313325417458	0.159932484416627	0.290440273604107	0.235956081002358	0.123313145548056	0.128586982225028	0.137344871382748	0.228624026019244	0.157127349555191	0	0.143286865557278	0.20496648806089	0.213971245336658	0.347281452872611	0.299081467720076	0.301583069573175	0.246054184092878	0.221264934846435	0.217110379096321	0.26093828026572	0.195438170403468	0.120314229838109	0.177656804133603	0.265029297007337	0.0991152324801392	0.366862743986209	0.113123196368032	0.300850165995132	0.163700544228352	0.145020410368896	0.247640209183779	0.214258680263616	0.16614055451927	0.285409285000172	0.198757448233444	0.291242787211836	0.278037612571974	0.117608276069498	0.167398155086169	0.132837078155896	0.147485001416377	0.267395207961589	0.162715310019781	0.113893027807354	0.266783487865086	0.128637833921748
700108960	0.146478326039784	0.2981992904114	0.270778349844198	0.269857110179035	0.296437156200882	0.267339440697981	0.120464370955621	0.330108575735844	0.15224323439476	0.296861883967488	0.163347380807006	0.28302359519541	0.321609548891559	0.275507568202846	0.354810578986411	0.184199398466125	0.329736947818258	0.264143626434084	0.131370411990279	0.125427615615233	0.111102749847261	0.17421553505214	0.205666961642612	0.143286865557278	0	0.309585487262406	0.299505323171943	0.414128508237632	0.342645038537686	0.343583461761002	0.27443368053524	0.153046495509901	0.212115631331098	0.263347261446998	0.280772758369206	0.140280867402299	0.258237397755699	0.297513210617243	0.16550913013563	0.393473157634296	0.17105038745868	0.288902140082242	0.214961461912745	0.141023766765221	0.277354747859172	0.26253713888945	0.24587346986711	0.293265477785674	0.240830929992649	0.245775153176113	0.234918936168174	0.155285316492184	0.164379707503527	0.158668472147244	0.209930401863014	0.285197040795982	0.134636495959873	0.12576856366504	0.232823555646784	0.133940968340004
700024452	0.196415227885798	0.191381484217614	0.349690717790014	0.274074793364227	0.178059225585897	0.300344538357456	0.229087049987842	0.299651594978476	0.230781928553629	0.286465294286757	0.260285430029971	0.375017105240703	0.315597114311299	0.219024359078808	0.345672702763611	0.227305681418688	0.289206391900308	0.321722643680473	0.242292174179943	0.248472129565192	0.270140268122831	0.326148764167839	0.214666838292657	0.20496648806089	0.309585487262406	0	0.216621433913125	0.266746691685889	0.202249364119817	0.27901751856085	0.288962171099102	0.320466355439336	0.251133386715644	0.296872249994211	0.0846425295155873	0.226256318091235	0.273396511685961	0.326188202768777	0.173410524895947	0.308900561437534	0.184207448732171	0.324956919334463	0.231086396308333	0.276766137982468	0.270760419318026	0.214271421731382	0.186013390909588	0.324328601502476	0.254870266137067	0.360719188030601	0.363721441923429	0.186929437995123	0.219259025677805	0.229477867139482	0.222909125499605	0.291703806399609	0.262605858654966	0.224930866894762	0.324264679861355	0.245777316721705
700032931	0.231232268438434	0.12771410737131	0.227810359960921	0.358151503807301	0.157390234642109	0.163525131372404	0.261686508656136	0.147984379615773	0.19262311124939	0.130494601962953	0.175062755914851	0.277904943302662	0.162291767773166	0.0904200186346891	0.223622176861364	0.173392816391533	0.134437366684742	0.194520826341656	0.218297721368615	0.254287804974938	0.261220211030692	0.245995410244705	0.235475978522966	0.213971245336658	0.299505323171943	0.216621433913125	0	0.271173995328235	0.181047854406618	0.157881883629199	0.139828921376181	0.248907436357585	0.159728673868216	0.144606687815859	0.210493638679322	0.19683270044097	0.167992278232442	0.190378073425637	0.198435555403655	0.198770500753862	0.18381965307829	0.185218731923272	0.145065559695703	0.232852698857367	0.160140439206256	0.155232330664351	0.106468604722323	0.180513016702221	0.133292114043713	0.246537282833264	0.294435029592015	0.232780917838483	0.272054807134479	0.195473899379958	0.295469422155598	0.146355114815573	0.232929667103061	0.253430592359572	0.224280340014956	0.247464471486153
700095837	0.335536555303383	0.23714574777028	0.404908413170009	0.411263532131917	0.289733742253704	0.370875944609212	0.368251682525024	0.335908788433072	0.334959767948261	0.324523996565032	0.321188688845576	0.428401687742449	0.341777737635973	0.302519392075625	0.397691194911095	0.31211068634375	0.326708798544867	0.385599261494802	0.366007245741638	0.352640900048463	0.394032010757735	0.388911012357813	0.345753741623556	0.347281452872611	0.414128508237632	0.266746691685889	0.271173995328235	0	0.243512468052991	0.267970206417532	0.344995344910602	0.409299253248219	0.311339049176201	0.322123964033765	0.284161449753601	0.330438755732329	0.34259308374921	0.400916036370581	0.311597913130044	0.344015183780455	0.309497899103954	0.352309630536237	0.321412620517048	0.356871308078464	0.315878197013888	0.327138865848585	0.283990596454115	0.359885601892673	0.3366112895783	0.42258484551935	0.421826537753078	0.332168454058803	0.349962657066014	0.358170996125365	0.386216838618436	0.332566319958995	0.391883129196981	0.357051701066528	0.393409396333524	0.367703644107927
700024548	0.294118573768661	0.157947572116993	0.282949913060225	0.358146057049832	0.221297418748194	0.231027327018079	0.299778982864738	0.173106566771304	0.283667499750803	0.185347376245046	0.250850379960984	0.320473104224054	0.209035367253207	0.171517692326783	0.222685617809659	0.244552560823636	0.15272441078271	0.303982277601425	0.280009454688684	0.303973290503202	0.255064390305675	0.31599840833605	0.279414943237669	0.299081467720076	0.342645038537686	0.202249364119817	0.181047854406618	0.243512468052991	0	0.150729107488336	0.208698104588652	0.317381800511324	0.218660792281869	0.20812315639127	0.213392203919355	0.235787360742155	0.299798219668131	0.250572251646275	0.252777832780208	0.157018506866436	0.227821423678173	0.199417812213806	0.243889780131829	0.312179037422961	0.146248427384674	0.126299522562314	0.194835922899281	0.194685088914903	0.224852713916068	0.310381429729644	0.343572422873373	0.273897241938897	0.298477577795491	0.237984457513412	0.340399313208936	0.207440679009809	0.244736930640868	0.304497390671152	0.273366446622823	0.282212212749109
700110161	0.315639442958137	0.192867520345543	0.202671768261952	0.418022121126627	0.23319676826707	0.165649598505585	0.320287904023893	0.120851695132966	0.258261903359509	0.120313234224116	0.216198898370429	0.264561439203376	0.122853148422632	0.148093237865176	0.189794654800733	0.220843478951522	0.130418793793334	0.211262664323921	0.274049245307989	0.307310752243944	0.301486708516755	0.272486830444644	0.324673002276846	0.301583069573175	0.343583461761002	0.27901751856085	0.157881883629199	0.267970206417532	0.150729107488336	0	0.143929974563333	0.270732405347832	0.188053276442827	0.135593026752642	0.264686855795008	0.245533656239651	0.242588362570905	0.163689630987144	0.279080779135288	0.184655483921551	0.241167324910605	0.154944483270196	0.211972367405618	0.279918971202799	0.165848045994912	0.209021419496605	0.196959863779876	0.165040991464935	0.173529639526005	0.246897093978715	0.307344153843792	0.290221348098352	0.345248766601707	0.244066483133983	0.402352770026686	0.14447698403283	0.256278608806573	0.308038604445462	0.210898634050346	0.293384589353591
700023496	0.270074624253184	0.180125507716629	0.144328309013252	0.395446085674313	0.214162672552114	0.0670504192130131	0.273294388929021	0.110201115103563	0.195035791579667	0.070313566411084	0.136973445051808	0.179944525193554	0.116317768625206	0.111944683707449	0.171508073194203	0.146572951527158	0.0965233447364154	0.125806541792941	0.198430112234879	0.267641470652286	0.207747256459445	0.187004721424127	0.270941467715272	0.246054184092878	0.27443368053524	0.288962171099102	0.139828921376181	0.344995344910602	0.208698104588652	0.143929974563333	0	0.189389454531677	0.112350403520887	0.0829434326814006	0.278120994490031	0.180339360832463	0.182369261453553	0.106444049231522	0.235096115669406	0.178335974906621	0.183740866882415	0.103347253176201	0.138885642598933	0.209535974971239	0.114423733183523	0.138306440112089	0.14234186714968	0.093267276500775	0.0805677297228852	0.165476516539846	0.231251348798103	0.267110742858072	0.310921564480124	0.1620947709149	0.362502311972649	0.0817605870214934	0.18415963150194	0.261848308097385	0.15988952041272	0.224706593661956
700034628	0.253145610540895	0.257191195081419	0.161683040852847	0.387353555088711	0.281739109363204	0.173386817471934	0.22634720415558	0.233277638852026	0.147661019754323	0.213930738958773	0.131897711713426	0.177676266534526	0.227655731420563	0.233514277382471	0.259869062752115	0.160318687037803	0.242157870041611	0.184271322181055	0.138098297207467	0.23702703542984	0.161485848530266	0.0848327959376547	0.281672154622208	0.221264934846435	0.153046495509901	0.320466355439336	0.248907436357585	0.409299253248219	0.317381800511324	0.270732405347832	0.189389454531677	0	0.151384862094214	0.16277193942804	0.294840291461842	0.166759943409381	0.243297645739521	0.20443885797789	0.235271523666622	0.303634763877847	0.207083069133939	0.175940276257716	0.210273472755875	0.143657557044061	0.211585546538951	0.23099547611812	0.222054315797233	0.195516126331506	0.190287266651346	0.133019692871759	0.171174155921262	0.246426098631787	0.2821110717296	0.152254295471451	0.336718293071775	0.186527210614703	0.161242833897064	0.211939984254841	0.133743819395556	0.166952794678543
700023645	0.235261076269385	0.17317672335806	0.155700120857553	0.354925855497891	0.200166938868167	0.121824164373191	0.23236365553747	0.156436193645729	0.163879730010896	0.128091143172745	0.0848171150626451	0.17423035299359	0.161392952894229	0.139378819840906	0.222959844408037	0.0803701351771723	0.154643747508566	0.146957119161934	0.15623351527005	0.225779322616393	0.174213559564416	0.131485786733138	0.25831848292621	0.217110379096321	0.212115631331098	0.251133386715644	0.159728673868216	0.311339049176201	0.218660792281869	0.188053276442827	0.112350403520887	0.151384862094214	0	0.0966493358552938	0.254648464288567	0.142531306040697	0.192257278493571	0.173784239884064	0.204517671305409	0.229070620884632	0.149421971738719	0.121189534502992	0.123500333312581	0.173944622693743	0.120123360916764	0.164782352546177	0.127033025210635	0.137616234654243	0.114740572106593	0.164610444816339	0.18810721487403	0.220701305397328	0.267430715172666	0.159258152735521	0.332224301054841	0.114271406829174	0.173692013430116	0.222383334277695	0.133277603694905	0.197174697710268
700038744	0.281494914502726	0.192897326901797	0.112601408229184	0.392422911572756	0.234800016707365	0.0740586324375966	0.279474325207589	0.123884566813428	0.207452095618527	0.0857456866754259	0.125482292704977	0.163549079345592	0.115971655343387	0.130898954981577	0.193085388143528	0.130136384862607	0.122086427758255	0.122976068903005	0.209343022425614	0.27537680464923	0.234864783381161	0.152166770463031	0.295103673590551	0.26093828026572	0.263347261446998	0.296872249994211	0.144606687815859	0.322123964033765	0.20812315639127	0.135593026752642	0.0829434326814006	0.16277193942804	0.0966493358552938	0	0.282779005699921	0.18794898276277	0.203124962737056	0.134625265840902	0.246362147352924	0.188544390296359	0.19756696294209	0.0704740597728772	0.169610552961197	0.222573905789413	0.125634296454362	0.178013232051431	0.177972662314015	0.101799056746976	0.11977555844245	0.139347093123653	0.202390446514152	0.269191699586676	0.314608978924777	0.196934365097332	0.371807554280634	0.0948172590411785	0.211545186349293	0.263004879484105	0.130502954404187	0.245853611455514
700038485	0.184818745318599	0.186776085396298	0.338239628116509	0.26846931763	0.175309632027215	0.295560286886262	0.211906455042363	0.293853291296377	0.210634324268391	0.277529204378794	0.240659535658158	0.37306082318189	0.31082060545085	0.220168979206816	0.343602951248415	0.224772581860188	0.28133521842233	0.310526212180481	0.228093649008505	0.229255321817301	0.261801147195362	0.31712617549705	0.207632599091199	0.195438170403468	0.280772758369206	0.0846425295155873	0.210493638679322	0.284161449753601	0.213392203919355	0.264686855795008	0.278120994490031	0.294840291461842	0.254648464288567	0.282779005699921	0	0.203704931351259	0.263704969217026	0.322813157230266	0.14996310776629	0.30535476160427	0.190895628128288	0.321373799254191	0.230992521347721	0.237629123891214	0.267482008152406	0.217555624542858	0.189144654553464	0.319815123382369	0.255104978601063	0.353176854046055	0.361035978800178	0.169349358142874	0.193426704657377	0.213217824790303	0.211655840372763	0.286411005849769	0.253703613952143	0.200911267852227	0.321596365385954	0.220735294713265
700024743	0.140508078985372	0.180658295292698	0.229969308161207	0.277359333453363	0.218007101171231	0.20005138899192	0.129077676540958	0.217195329473608	0.12832548996314	0.184130010217625	0.121707849957124	0.252527224380235	0.219322977426889	0.177185754833798	0.264006001313634	0.151785284019804	0.215144168148306	0.222050564685789	0.145369863517346	0.121725706240823	0.12947179196795	0.189202994847461	0.170070431845876	0.120314229838109	0.140280867402299	0.226256318091235	0.19683270044097	0.330438755732329	0.235787360742155	0.245533656239651	0.180339360832463	0.166759943409381	0.142531306040697	0.18794898276277	0.203704931351259	0	0.202159897910082	0.226819278096651	0.116735125566191	0.285979123268945	0.104893976533257	0.220665784313279	0.151909235339257	0.103004025191208	0.180446565853274	0.163726840435546	0.156554452412913	0.208786450092182	0.155404971523684	0.243468455803035	0.250881132254012	0.140574476922163	0.17149612613485	0.12799910193875	0.222662139562265	0.187067715092227	0.126753870594029	0.124811881239827	0.211615273560602	0.101673293951249
