700108602	700014971	700033565	700109389	700023058	700023927	700106341	700114221	700023543	700023439	700016978	700024192	700113058	700099448	700109870	700033928	700023693	700109627	700095416	700110425	700111580	700111302	700098605	700111991	700108960	700024452	700032931	700095837	700024548	700110161	700023496	700034628	700023645	700038744	700038485	700024743	700099596	700110760	700101587	700106399	700032322	700095653	700021312	700101230	700023590	700038905	700033136	700023382	700096424	700105469	700016908	700096053	700108479	700109569	700033814	700016125	700109756	700102665	700101777	700109455
700108602	0	0.163698029067212	0.165331911596735	0.100586149394182	0.124144440343801	0.178364194259661	0.095241033938584	0.184818802162915	0.101065331205086	0.179219379799878	0.127732000683705	0.170181496982628	0.176002551105199	0.161965712874848	0.170706915627754	0.114888032358674	0.184828360291131	0.169603912050738	0.0910347534920602	0.10646663616637	0.100979987275549	0.129936660890073	0.106622585813684	0.0745154352476853	0.101435505050457	0.110045224880933	0.157383074187886	0.129722098180387	0.145158989252749	0.176014242086722	0.170114908240257	0.1393038759115	0.127777600328214	0.161173480852617	0.127572341877651	0.124056815384005	0.13063928157968	0.181001307067991	0.0986408151483138	0.187279386124031	0.101836340283736	0.162220021828177	0.135387219477681	0.120734252189869	0.155332114991651	0.139938152688812	0.13457269152154	0.161788098070809	0.150541075529648	0.15038160200618	0.128315844750695	0.100030180444592	0.0980635651315131	0.108600786090766	0.0902855997236453	0.16562619942523	0.11847664322428	0.0972110824074796	0.145398624682157	0.111142190781942
700014971	0.163698029067212	0	0.143562439721444	0.166090883093229	0.128117268601267	0.161236929905632	0.161992795287291	0.132673816767775	0.152530528048858	0.136748812746408	0.125787256110741	0.158822483240939	0.141893845917211	0.138111307093836	0.147206766632593	0.153849793918322	0.127503334877885	0.150335122144372	0.163794998289328	0.148397291090487	0.14385233574378	0.129909042713076	0.129750095843329	0.159249706367702	0.155940025003639	0.146279306505399	0.135746757395352	0.132745414207647	0.123393023072373	0.13745643118388	0.131433688381314	0.146318039288506	0.120790509767397	0.132148013113283	0.150293079850041	0.129339754392841	0.158229793227083	0.162881723601149	0.15701543658144	0.141827462885393	0.141240941013096	0.13315932561748	0.143491095667646	0.141819891080885	0.124313347119726	0.129991178986935	0.125948413768384	0.132236695209107	0.131737236193083	0.136805336878047	0.138568235059205	0.163076393210358	0.14724031302993	0.141455514290341	0.174249543719327	0.115276773347876	0.145950445033946	0.162429177943493	0.130854738291477	0.149804210733637
700033565	0.165331911596735	0.143562439721444	0	0.14216892067206	0.13050585765596	0.0714339448642769	0.143950709711429	0.104505916829983	0.146760928479906	0.0965309262833809	0.0926894484508015	0.0666342951123884	0.107600504525727	0.1137877846674	0.0879262359154052	0.110155770623416	0.100934168030405	0.10662974677411	0.145267876713585	0.134692519486013	0.132101711808691	0.0900898210331659	0.13179571132149	0.148309377782934	0.12580029542313	0.158705673997392	0.135695599866436	0.124885613094997	0.118385747152339	0.107907701296295	0.102057368007594	0.105278002274946	0.0980224082908041	0.0790889412778496	0.147464716117934	0.0992420111850926	0.130059097729332	0.0862074701758757	0.161787543132993	0.117362664398082	0.139904086973085	0.0809858584027732	0.130801464298247	0.120448725579325	0.0995866631777872	0.114759433260963	0.136967194044308	0.0791251842934752	0.0997042519019272	0.0798320222549425	0.0746941770791124	0.161290213002596	0.142264252953922	0.120196562543321	0.185033214171774	0.102935687967731	0.124861659901283	0.150398938758078	0.0810530829472062	0.130098912243406
700109389	0.100586149394182	0.166090883093229	0.14216892067206	0	0.137414285299053	0.16693386766528	0.0926155884164436	0.181904633270754	0.129544415882317	0.176565958756527	0.138610876085337	0.145329741018827	0.174140445739323	0.162450801024621	0.150096962778993	0.131836839960207	0.176030903646888	0.188156060245298	0.141538671381958	0.0880119601474352	0.10618146922097	0.135919132842135	0.103248628642205	0.122179781501409	0.0971274735618681	0.117653493469959	0.176364987206654	0.147951201239126	0.138689892017051	0.161673976467172	0.173187568672421	0.141244802021289	0.136618802667335	0.15504902907065	0.125348334221115	0.115001759515507	0.16683128500053	0.167377871221949	0.135319373690385	0.167430435515067	0.128947325975149	0.156219329679053	0.15349024944209	0.122904911801908	0.149175913661754	0.144136073257724	0.155437162795475	0.153872480986351	0.155056567953492	0.137758784414561	0.112630064835301	0.097147427691619	0.0698122567993502	0.141583058458538	0.117198773576093	0.167788537379896	0.109194743373555	0.088731342413312	0.124465531842958	0.0985771054829421
700023058	0.124144440343801	0.128117268601267	0.13050585765596	0.137414285299053	0	0.147515483728998	0.121875238864569	0.150837376452174	0.108520275385329	0.145768842831781	0.113786317193259	0.147097822136323	0.151965996892941	0.117030706269973	0.142818519130352	0.119625227391398	0.140757965405141	0.148956304715553	0.134442181287864	0.126085849961125	0.122990397909897	0.124067161148665	0.119434706018029	0.11853958724855	0.133772697507566	0.0967681425494851	0.150751977755332	0.123132392125984	0.123585144481911	0.139773333698429	0.138480596676035	0.14754048263548	0.110849516664419	0.121573103592107	0.116956029283282	0.120641527051904	0.122400371572281	0.142676132415669	0.121531549891001	0.154408321881054	0.120808563129796	0.126902262856977	0.123788906931386	0.129126722636274	0.120557223069574	0.109912080071473	0.112608308015212	0.13344228970361	0.119002461377016	0.128570836073898	0.125237599357708	0.121604782237532	0.112901226344958	0.116107874458604	0.145856112905702	0.147593332839651	0.124193150068133	0.125600462792206	0.130677024964439	0.123348118903986
700023927	0.178364194259661	0.161236929905632	0.0714339448642769	0.16693386766528	0.147515483728998	0	0.16258497558188	0.115050563535081	0.155937138595164	0.0897875193987762	0.11081509397111	0.0940487280995315	0.114763274531126	0.105447982114183	0.0946304560501534	0.127613184051799	0.10389633573041	0.0900494597937504	0.156057487748034	0.150438963152932	0.141228511801066	0.112587582118068	0.139857988168677	0.155451602143694	0.13887407727175	0.168492045900436	0.138526085920707	0.148740007349032	0.122834200067203	0.10346650751818	0.0861792388001364	0.125992729661086	0.119855328717297	0.0819521324661776	0.161860726495502	0.12384151868128	0.125645306858798	0.0758760809812236	0.168833601514369	0.119147607910109	0.150225193301228	0.101068211228902	0.129194654880489	0.137643365488908	0.112991820247472	0.118826626221365	0.144567793431568	0.0967250567783267	0.0838626675283602	0.0887262886059516	0.101952164494957	0.17275123767709	0.15973783936635	0.116305020742582	0.193208321782075	0.114177179723444	0.133796081919338	0.160964752273134	0.100775830016427	0.145396717009755
700106341	0.095241033938584	0.161992795287291	0.143950709711429	0.0926155884164436	0.121875238864569	0.16258497558188	0	0.183082613898739	0.080822586820752	0.171088108510876	0.11672158511958	0.144206251705135	0.171060254829877	0.153308421504686	0.148812678303376	0.11499544648816	0.170565122269913	0.177733531567415	0.12324854374509	0.0739453881148118	0.0933782775411842	0.110407745222971	0.107692083394501	0.108891305827375	0.0703221453592861	0.111597253437204	0.171576461592464	0.144014376304131	0.148996188896389	0.162423450674742	0.159775368959623	0.0922095326665203	0.118169723416284	0.150762819914277	0.119026989093409	0.0971203313530847	0.155984193463736	0.172644874848929	0.103135812168787	0.179312786561255	0.123491231693001	0.154155039414302	0.131475204217423	0.0876981423830253	0.147410106846661	0.13965379111575	0.130519130655311	0.140692973324192	0.147531350516083	0.120414307932707	0.117184689178435	0.0636671391425331	0.0760966979216647	0.122778098042016	0.115770789858909	0.159984050966631	0.0973867763321311	0.0761584553528863	0.116839611115783	0.0777672864580989
700114221	0.184818802162915	0.132673816767775	0.104505916829983	0.181904633270754	0.150837376452174	0.115050563535081	0.183082613898739	0	0.171707442049349	0.076796348901894	0.131603049702898	0.11567361702265	0.0814706378044563	0.147090218935244	0.103337837981248	0.149602263471696	0.079714311691852	0.138360411815071	0.171682057064861	0.168847070267268	0.161712609569029	0.130633808037409	0.161192315773349	0.178188456765809	0.172925292012136	0.180120320437649	0.136674052854064	0.13180874170185	0.113393020508602	0.112935014562098	0.110665599196396	0.146943694769258	0.119011379581782	0.105522172305196	0.168986690834431	0.130162637106513	0.159974052032195	0.102536009123055	0.182772310993111	0.0902743240441977	0.146889499115173	0.0861159931310405	0.155906566393303	0.15244494002736	0.0968465241954081	0.121945138190901	0.135478356315344	0.0857255360674044	0.140409863219247	0.112637717374996	0.131059685322389	0.191665064835191	0.174741892100883	0.142462213694546	0.211643759338071	0.0951917320436714	0.146392640451434	0.188300839357156	0.122574608585509	0.168119524416451
700023543	0.101065331205086	0.152530528048858	0.146760928479906	0.129544415882317	0.108520275385329	0.155937138595164	0.080822586820752	0.171707442049349	0	0.156798198220831	0.105501310519501	0.150447859011798	0.163274372932044	0.14519799313628	0.150632142932928	0.0981082797030149	0.163928197818823	0.161763236124853	0.0997445906978437	0.109145226112953	0.101308209310755	0.109632544997947	0.108947333714941	0.100789422566904	0.101869836228463	0.111492173420826	0.151691814628597	0.119988048581704	0.149080391603439	0.154076900535921	0.149377938043383	0.0991005021778886	0.113559483392623	0.143033671805884	0.113229410227451	0.114940433838766	0.131231982756486	0.168868722488048	0.0872399890990735	0.176948900657338	0.114391270830394	0.145364703382549	0.126567614981457	0.0847928984473935	0.149931910587829	0.133061364792787	0.114687043273835	0.137732340417069	0.139264698541538	0.119784440866696	0.120909520375647	0.0897110800033373	0.108873565491273	0.11597719318822	0.124755733204994	0.152024624912557	0.120912446182314	0.0904523844568162	0.126400396713024	0.0878939115320249
700023439	0.179219379799878	0.136748812746408	0.0965309262833809	0.176565958756527	0.145768842831781	0.0897875193987762	0.171088108510876	0.076796348901894	0.156798198220831	0	0.110432374658244	0.104701471706226	0.0881504208807375	0.128324852806898	0.0987386689387931	0.136137022100915	0.0770792627080296	0.109888999608696	0.15597148353269	0.157126941598973	0.145634139646903	0.118677667740543	0.150712502020242	0.158029014140117	0.157938470384448	0.174687692141466	0.141210126387154	0.130986064348962	0.114533167461955	0.102158826131884	0.0902893341949789	0.129084025466918	0.102589985011926	0.0869870824136062	0.164352573647243	0.121944790182283	0.137543848259201	0.0906317122949436	0.17521130254823	0.0903094425562228	0.141910530174122	0.086375709755183	0.145562202702518	0.144879661156764	0.0967944429044522	0.107246687929959	0.130790850980198	0.0822059459400532	0.110642912287284	0.104171788537729	0.115993072059921	0.180957846760277	0.170045051055528	0.117340612411741	0.197159510483534	0.0942787188696051	0.135927276295356	0.172083807663515	0.113853117165277	0.154216157733718
700016978	0.127732000683705	0.125787256110741	0.0926894484508015	0.138610876085337	0.113786317193259	0.11081509397111	0.11672158511958	0.131603049702898	0.105501310519501	0.110432374658244	0	0.104681092291608	0.122392551165987	0.123215984942358	0.127252404685717	0.101386241389856	0.11729809800139	0.111478569680233	0.111165606319552	0.111175753884383	0.103827142551839	0.0769330909329956	0.117443900163494	0.108062735884363	0.105345884885315	0.13719943708418	0.127487304248446	0.109498477617691	0.121529720384178	0.115895906752414	0.0957222067447542	0.0998768256487371	0.0769330026299407	0.0882814765400236	0.135153006885694	0.0915210047572387	0.112044817973313	0.128801496092943	0.112405912864994	0.140920674401182	0.108455493552119	0.101009090129816	0.098562287514067	0.100161647940915	0.108488008297941	0.105166955125229	0.118093631764473	0.0969341920150435	0.0938109474428049	0.097949333177822	0.0899166974905525	0.130566166205476	0.120763236884401	0.0860650755076496	0.143121543673857	0.114368556636532	0.106725585868636	0.123374645721451	0.0941278511221708	0.117238971804198
700024192	0.170181496982628	0.158822483240939	0.0666342951123884	0.145329741018827	0.147097822136323	0.0940487280995315	0.144206251705135	0.11567361702265	0.150447859011798	0.104701471706226	0.104681092291608	0	0.0974800022318187	0.145081534833613	0.0952589557814094	0.109776754793589	0.113793463341893	0.128986273347806	0.144057939589043	0.134796927232455	0.134849277158789	0.086870459158594	0.136537142260402	0.163188645316463	0.126031585352427	0.170503831923254	0.144948813210219	0.133578271650041	0.128867026366214	0.126162265370839	0.107188865551379	0.0980987482497129	0.0944665378288825	0.0959255873765326	0.162167655395885	0.113576590182491	0.14372750501487	0.0949085030633366	0.167254134427333	0.105012632124798	0.141881371087413	0.075147081051771	0.144439000250153	0.115412463652779	0.0910971965583851	0.124599762737193	0.153721934470086	0.0738896701777595	0.131537994097337	0.0723974045871059	0.073071396641119	0.162311797652779	0.152068397995467	0.129644136264145	0.197877238069212	0.0946680864483585	0.12600109099621	0.153129907008591	0.0960599498935531	0.13353580235483
700113058	0.176002551105199	0.141893845917211	0.107600504525727	0.174140445739323	0.151965996892941	0.114763274531126	0.171060254829877	0.0814706378044563	0.163274372932044	0.0881504208807375	0.122392551165987	0.0974800022318187	0	0.139521848220109	0.0892437806970266	0.133347690498492	0.104005204716717	0.140635843468754	0.157279339169074	0.152599532711234	0.149061311643711	0.116241136139359	0.157074949151681	0.174014589335207	0.158269593462823	0.174002185839511	0.138557114474031	0.118606486220118	0.109377713663111	0.104657139623202	0.111591552300546	0.131344379918247	0.120866812820784	0.102108681383874	0.173348503218659	0.133398731742472	0.151196212670691	0.113487533519907	0.173931759830729	0.0949117131731976	0.145934329000295	0.0718515341374797	0.159873790351383	0.141634635168916	0.0904248259106396	0.11390112114598	0.154720290867479	0.0887650030137314	0.123294210029935	0.105605973840697	0.121475740061696	0.17673090708113	0.171033995377327	0.141855293014235	0.206899396458635	0.0786423936352978	0.132428885701954	0.176206670736944	0.115430743624728	0.152050880948941
700099448	0.161965712874848	0.138111307093836	0.1137877846674	0.162450801024621	0.117030706269973	0.105447982114183	0.153308421504686	0.147090218935244	0.14519799313628	0.128324852806898	0.123215984942358	0.145081534833613	0.139521848220109	0	0.121255094212541	0.140317984967694	0.128272541632453	0.120957452984157	0.147328639701015	0.141659846991415	0.138370808973736	0.138448070825313	0.11671877253822	0.140480570238532	0.146381514160447	0.127287926386822	0.140064198964374	0.141045929636872	0.117650980960239	0.103765446625542	0.120126146066068	0.151645222973814	0.134155600480534	0.11078219385518	0.135575755816063	0.122820002968313	0.123277936052892	0.113449796900322	0.149829383343069	0.145927162827378	0.150380915962599	0.125488167375404	0.1214752143142	0.154138904248134	0.129127015709952	0.120064674564459	0.12745458605023	0.131481151237515	0.0766496051239721	0.126581795273768	0.123352989686063	0.140382030481105	0.149497281142896	0.126624309037344	0.163260792632609	0.142778630858515	0.131665488623897	0.145001112439247	0.109673071241355	0.144231207004618
700109870	0.170706915627754	0.147206766632593	0.0879262359154052	0.150096962778993	0.142818519130352	0.0946304560501534	0.148812678303376	0.103337837981248	0.150632142932928	0.0987386689387931	0.127252404685717	0.0952589557814094	0.0892437806970266	0.121255094212541	0	0.130784659532432	0.0963005500374074	0.130964048700717	0.163527254172324	0.133408378186501	0.131300971075555	0.113973910450564	0.130344940175627	0.168895640978779	0.134588027855837	0.163881886769811	0.140247329133319	0.129547279343902	0.104317987678641	0.0934740879935213	0.117474391929632	0.121216464509949	0.126727687493905	0.108726391511539	0.16519947543116	0.120565171005706	0.152025831476104	0.08895307899959	0.171009503521751	0.0905142081393795	0.15308931849388	0.0774968960204575	0.15690668892762	0.128224430124878	0.0945117881598998	0.106658614792273	0.146865065635755	0.0859042285053119	0.116680522724792	0.0871974403918294	0.108690549745635	0.160351503452626	0.146425488825062	0.135058767849208	0.196749402592221	0.0981690864875969	0.113002677924462	0.153529576752468	0.092555344813854	0.134663903873362
700033928	0.114888032358674	0.153849793918322	0.110155770623416	0.131836839960207	0.119625227391398	0.127613184051799	0.11499544648816	0.149602263471696	0.0981082797030149	0.136137022100915	0.101386241389856	0.109776754793589	0.133347690498492	0.140317984967694	0.130784659532432	0	0.139420668966901	0.134024272395791	0.100673733214175	0.11583450711586	0.104205785859224	0.0947592136279517	0.121538718571418	0.109238530359233	0.105145551014058	0.133899690092664	0.134896338183556	0.113168951638637	0.136788393760217	0.141379326605263	0.129639193573388	0.109170452604363	0.100925308814073	0.117136314171738	0.11308660380691	0.120439970162651	0.116821136123616	0.14411897123714	0.104564289313004	0.154063836783239	0.0944831758138145	0.112246867933947	0.132365640728066	0.105032125587884	0.121681192701983	0.118887642324308	0.124311376304779	0.117833191167676	0.125437421677506	0.0999087596887869	0.0926017465884394	0.119579687949354	0.115210404988276	0.109197215781098	0.140286414855135	0.12258357577336	0.114410240509979	0.10938379923755	0.115592360306189	0.110096925864113
700023693	0.184828360291131	0.127503334877885	0.100934168030405	0.176030903646888	0.140757965405141	0.10389633573041	0.170565122269913	0.079714311691852	0.163928197818823	0.0770792627080296	0.11729809800139	0.113793463341893	0.104005204716717	0.128272541632453	0.0963005500374074	0.139420668966901	0	0.123899215623074	0.166583220288126	0.160676751852012	0.150175322101025	0.120892561125602	0.152167037394511	0.162814645823902	0.163600993775895	0.177159256468489	0.143752005223104	0.134950570765553	0.111683162936043	0.110241638646509	0.094959030154105	0.141106844290343	0.119069923970319	0.10235760492572	0.172897879026493	0.125513878546919	0.148020611823739	0.11407153753075	0.175591481522349	0.0991000996107184	0.150980488327943	0.0944492880342791	0.145372948049268	0.151720145136578	0.102030240533388	0.116703179853369	0.133259262062459	0.0934533257094018	0.119517242795311	0.104887847605332	0.124555589588263	0.182951662768747	0.163611498669858	0.126527870987717	0.202500846081071	0.106271637943857	0.139327914458956	0.179886152188822	0.119634678260906	0.158634593759645
700109627	0.169603912050738	0.150335122144372	0.10662974677411	0.188156060245298	0.148956304715553	0.0900494597937504	0.177733531567415	0.138360411815071	0.161763236124853	0.109888999608696	0.111478569680233	0.128986273347806	0.140635843468754	0.120957452984157	0.130964048700717	0.134024272395791	0.123899215623074	0	0.155638571277311	0.16748416002563	0.157599316632101	0.123774513307208	0.155712393896561	0.143148909787007	0.159078265809085	0.169889106034483	0.131735221193329	0.142656107232803	0.147440178730537	0.122589546039626	0.10559822130983	0.14392043443545	0.12826053737164	0.10551681955959	0.162415808301539	0.145432718053092	0.114225442568646	0.0997643662765324	0.168552680863541	0.149778951356957	0.158615962125806	0.119269499464868	0.130235078575946	0.146380756651994	0.141602623329602	0.133035406297267	0.146905632885593	0.134490254494112	0.0890006387972466	0.125981534064903	0.121817878450123	0.188393868103796	0.170431907293179	0.117920502486971	0.187511077211135	0.136972580996421	0.155328119202075	0.179696991727276	0.130509655807038	0.16635861076557
700095416	0.0910347534920602	0.163794998289328	0.145267876713585	0.141538671381958	0.134442181287864	0.156057487748034	0.12324854374509	0.171682057064861	0.0997445906978437	0.15597148353269	0.111165606319552	0.144057939589043	0.157279339169074	0.147328639701015	0.163527254172324	0.100673733214175	0.166583220288126	0.155638571277311	0	0.124769714193766	0.105319759785759	0.118145538589934	0.118784743148299	0.0966768403611094	0.113969188792327	0.119973707060635	0.145346113148413	0.132031789168863	0.144946399007283	0.160647328920983	0.141583186759892	0.116211687689472	0.106720517862767	0.145142648407971	0.129597252202681	0.126670422804518	0.116891012558938	0.165053719868623	0.101380962689305	0.1790325567268	0.100221612007956	0.142753955762981	0.113054149710065	0.122447644137997	0.137621495013484	0.128357439267844	0.122140872057032	0.146613692129993	0.138269667126567	0.136533838642315	0.110990836214046	0.12107178622949	0.130200688403456	0.105779151690962	0.122747617831634	0.149221683486506	0.128187858446394	0.114542859644883	0.132560456323279	0.123318389025249
700110425	0.10646663616637	0.148397291090487	0.134692519486013	0.0880119601474352	0.126085849961125	0.150438963152932	0.0739453881148118	0.168847070267268	0.109145226112953	0.157126941598973	0.111175753884383	0.134796927232455	0.152599532711234	0.141659846991415	0.133408378186501	0.11583450711586	0.160676751852012	0.16748416002563	0.124769714193766	0	0.0807006177414719	0.106845190445537	0.0854807134544862	0.114609436132348	0.0645300110095991	0.127345634661708	0.150709065442485	0.131287025195871	0.135355601783689	0.138546442369743	0.153311360441344	0.106842051294044	0.109146028490148	0.13437045404826	0.130326006513612	0.084967621956662	0.148299598821465	0.159380480756235	0.119249253356587	0.164899106567421	0.119099994849734	0.13542193302081	0.134686452833218	0.0881606949628137	0.129098206997181	0.126448163907667	0.13054339723577	0.1306037158247	0.128903192876822	0.113789156102739	0.108988846237152	0.0803147426098165	0.0535675757617773	0.119454137531265	0.131474490084543	0.146018174354978	0.0770572580332818	0.0684665639633389	0.0982659104130788	0.0759617900488213
700111580	0.100979987275549	0.14385233574378	0.132101711808691	0.10618146922097	0.122990397909897	0.141228511801066	0.0933782775411842	0.161712609569029	0.101308209310755	0.145634139646903	0.103827142551839	0.134849277158789	0.149061311643711	0.138370808973736	0.131300971075555	0.104205785859224	0.150175322101025	0.157599316632101	0.105319759785759	0.0807006177414719	0	0.0951548816453242	0.0929522472448515	0.105029417834721	0.0686337466021297	0.12734106231396	0.152262277968508	0.133777997964907	0.122085123583501	0.149521460224658	0.144808604203919	0.105172412955552	0.102464220418385	0.134504420889368	0.136228946138694	0.0964330522960996	0.140222920791196	0.152800311156611	0.121553272968325	0.156160205849624	0.112603509581251	0.126007926896963	0.124683699273173	0.0933588595064732	0.118206191292051	0.11389052768937	0.12337619100032	0.114554817234457	0.117167235891801	0.109828897751762	0.10460311897347	0.0845207106750957	0.0923163357887207	0.095680629411965	0.12702223763109	0.132196701119794	0.0728530797534869	0.0817679246067099	0.0949558988672614	0.0855657174828443
700111302	0.129936660890073	0.129909042713076	0.0900898210331659	0.135919132842135	0.124067161148665	0.112587582118068	0.110407745222971	0.130633808037409	0.109632544997947	0.118677667740543	0.0769330909329956	0.086870459158594	0.116241136139359	0.138448070825313	0.113973910450564	0.0947592136279517	0.120892561125602	0.123774513307208	0.118145538589934	0.106845190445537	0.0951548816453242	0	0.121990569705942	0.120805040571891	0.0909816009610948	0.147815898765561	0.133230250315466	0.126537638719705	0.135807769841236	0.135319474257821	0.114515684897889	0.0764862098727948	0.0809618589204774	0.0947032370173483	0.146768710572287	0.0933926046906845	0.128008157177421	0.135966287480693	0.128299508017167	0.128012548239776	0.12778138993297	0.0941084863648775	0.122260683398037	0.0886339837599675	0.104837438731463	0.122227888954342	0.123454693605389	0.0834331575676679	0.109125986666712	0.0729218694027944	0.080176839925428	0.129025375125679	0.122382219753154	0.0954741630813421	0.160824783383198	0.108847926992632	0.101821471774728	0.124043867836863	0.0875638088912367	0.108889332051196
700098605	0.106622585813684	0.129750095843329	0.13179571132149	0.103248628642205	0.119434706018029	0.139857988168677	0.107692083394501	0.161192315773349	0.108947333714941	0.150712502020242	0.117443900163494	0.136537142260402	0.157074949151681	0.11671877253822	0.130344940175627	0.121538718571418	0.152167037394511	0.155712393896561	0.118784743148299	0.0854807134544862	0.0929522472448515	0.121990569705942	0	0.104758520847765	0.103316952684028	0.108924198819714	0.13177629723132	0.130643956438764	0.125262340347966	0.136087734865121	0.143044279304568	0.118603261172884	0.113192114759409	0.136686423075965	0.115177620715043	0.0936238133246334	0.133830542733509	0.13627555537339	0.124970383048844	0.151607739594484	0.120648255567313	0.136286389765701	0.130519774575032	0.0984719158391283	0.137630041665092	0.113085728977146	0.113754313540155	0.129681881127652	0.126392320082444	0.117318111485671	0.113226232567664	0.102559799177909	0.0917716346498829	0.115058735582512	0.110772562959788	0.144371692153775	0.106874420068817	0.0912862717035437	0.099461391407737	0.0789124583782605
700111991	0.0745154352476853	0.159249706367702	0.148309377782934	0.122179781501409	0.11853958724855	0.155451602143694	0.108891305827375	0.178188456765809	0.100789422566904	0.158029014140117	0.108062735884363	0.163188645316463	0.174014589335207	0.140480570238532	0.168895640978779	0.109238530359233	0.162814645823902	0.143148909787007	0.0966768403611094	0.114609436132348	0.105029417834721	0.120805040571891	0.104758520847765	0	0.113472293496195	0.100848806532132	0.139414511741729	0.120820011210698	0.140979118695506	0.165902932760668	0.150454064401656	0.134019074284354	0.118735994750905	0.138944774201022	0.111149452868118	0.116104731298921	0.119253076854786	0.168151580069677	0.106290687072068	0.181937476650365	0.10579379288264	0.1570609769793	0.117976421657216	0.11990202303949	0.149636100683053	0.125025738212942	0.119267896790602	0.151964512917616	0.132361217200823	0.140169254385118	0.121799534950983	0.112253546979041	0.10976298194017	0.0980218271719011	0.0954010620844723	0.166866081409256	0.127325417521005	0.106824909135717	0.134774396728053	0.116093754102874
700108960	0.101435505050457	0.155940025003639	0.12580029542313	0.0971274735618681	0.133772697507566	0.13887407727175	0.0703221453592861	0.172925292012136	0.101869836228463	0.157938470384448	0.105345884885315	0.126031585352427	0.158269593462823	0.146381514160447	0.134588027855837	0.105145551014058	0.163600993775895	0.159078265809085	0.113969188792327	0.0645300110095991	0.0686337466021297	0.0909816009610948	0.103316952684028	0.113472293496195	0	0.1394773010946	0.163625091802931	0.137933726944688	0.140710782565066	0.146893242818808	0.15173133911993	0.0879821929772855	0.113769577231494	0.133529237791859	0.142431483591308	0.0932649296056201	0.146501503759539	0.153956148491543	0.124310152537371	0.168312560227654	0.127341556653705	0.133630744389833	0.127966625253943	0.0866580873260491	0.132342478183899	0.140105197492554	0.142251421145973	0.129936555896192	0.126824427496703	0.0992255687979869	0.0945550627504919	0.0799669474402564	0.0733920872238733	0.10497709214801	0.124307670088585	0.141787275220715	0.0827238558082604	0.0731021073303666	0.0975059584991635	0.0754564065537922
700024452	0.110045224880933	0.146279306505399	0.158705673997392	0.117653493469959	0.0967681425494851	0.168492045900436	0.111597253437204	0.180120320437649	0.111492173420826	0.174687692141466	0.13719943708418	0.170503831923254	0.174002185839511	0.127287926386822	0.163881886769811	0.133899690092664	0.177159256468489	0.169889106034483	0.119973707060635	0.127345634661708	0.12734106231396	0.147815898765561	0.108924198819714	0.100848806532132	0.1394773010946	0	0.150569732969224	0.122644982356435	0.117049970927879	0.152242693638164	0.163525161358739	0.146162351407055	0.128891201609935	0.143956318923338	0.0693497796104408	0.122381920290288	0.144308740940185	0.169348065125808	0.109509944137552	0.172939175048748	0.120184480867824	0.155639030580143	0.136944571739899	0.130426781702139	0.144807525897468	0.114670164635768	0.114058917200204	0.161009240680498	0.143014683863423	0.150265690177713	0.133742907888226	0.0988104372606343	0.108710615555392	0.129938180155827	0.105708854100221	0.166044029326926	0.128784759870504	0.117351192418482	0.126331884476463	0.132072608030232
700032931	0.157383074187886	0.135746757395352	0.135695599866436	0.176364987206654	0.150751977755332	0.138526085920707	0.171576461592464	0.136674052854064	0.151691814628597	0.141210126387154	0.127487304248446	0.144948813210219	0.138557114474031	0.140064198964374	0.140247329133319	0.134896338183556	0.143752005223104	0.131735221193329	0.145346113148413	0.150709065442485	0.152262277968508	0.133230250315466	0.13177629723132	0.139414511741729	0.163625091802931	0.150569732969224	0	0.12710476683195	0.141877286142505	0.13371291846835	0.131685583947894	0.150914810979465	0.129275473132176	0.125533257585857	0.141325022833172	0.132804752723421	0.131011717165042	0.139572362789476	0.134331948840333	0.154060751291617	0.130466487981574	0.135084487733899	0.134546880604358	0.13735108499861	0.13575066435748	0.128493371853087	0.115258123940789	0.132488491674219	0.13300541806191	0.132628845520169	0.137478121439648	0.173062771984558	0.159584051744223	0.130456260966226	0.160551538742567	0.132943251726387	0.145184421148038	0.162835439252668	0.13110821149436	0.159445713485164
700095837	0.129722098180387	0.132745414207647	0.124885613094997	0.147951201239126	0.123132392125984	0.148740007349032	0.144014376304131	0.13180874170185	0.119988048581704	0.130986064348962	0.109498477617691	0.133578271650041	0.118606486220118	0.141045929636872	0.129547279343902	0.113168951638637	0.134950570765553	0.142656107232803	0.132031789168863	0.131287025195871	0.133777997964907	0.126537638719705	0.130643956438764	0.120820011210698	0.137933726944688	0.122644982356435	0.12710476683195	0	0.0957785486239643	0.114298145667189	0.136847958744144	0.137346755833141	0.109974419711632	0.113506943787937	0.124062990634026	0.124095452040444	0.119900777682085	0.149290549756224	0.126048656446564	0.140510282226065	0.112551408257996	0.109343365395056	0.142756800198669	0.123291641206582	0.111005831660346	0.112329367700021	0.13127630034658	0.119861551254808	0.137505187636585	0.118888650015469	0.114216749257159	0.142236236275111	0.134060383359912	0.129620831625152	0.151829126449861	0.125841234918409	0.129497404284378	0.140846758282153	0.122852561214871	0.141855698772354
700024548	0.145158989252749	0.123393023072373	0.118385747152339	0.138689892017051	0.123585144481911	0.122834200067203	0.148996188896389	0.113393020508602	0.149080391603439	0.114533167461955	0.121529720384178	0.128867026366214	0.109377713663111	0.117650980960239	0.104317987678641	0.136788393760217	0.111683162936043	0.147440178730537	0.144946399007283	0.135355601783689	0.122085123583501	0.135807769841236	0.125262340347966	0.140979118695506	0.140710782565066	0.117049970927879	0.141877286142505	0.0957785486239643	0	0.103064898243379	0.12289307145538	0.151478885973122	0.114275669133592	0.101342139277199	0.119829558141339	0.101448470190584	0.143322313967194	0.122864321726559	0.14507032822957	0.111349650887284	0.121906115447069	0.101123992581764	0.137449182522661	0.14317733645718	0.0815466746023962	0.0853751075493502	0.132466305229339	0.113652721992891	0.115802253006478	0.124470823201385	0.118155077943555	0.14775001597845	0.136300256902915	0.120622302441181	0.156043130886287	0.123784816855529	0.112163809821311	0.145506617642349	0.108610624214112	0.14765135535239
700110161	0.176014242086722	0.13745643118388	0.107907701296295	0.161673976467172	0.139773333698429	0.10346650751818	0.162423450674742	0.112935014562098	0.154076900535921	0.102158826131884	0.115895906752414	0.126162265370839	0.104657139623202	0.103765446625542	0.0934740879935213	0.141379326605263	0.110241638646509	0.122589546039626	0.160647328920983	0.138546442369743	0.149521460224658	0.135319474257821	0.136087734865121	0.165902932760668	0.146893242818808	0.152242693638164	0.13371291846835	0.114298145667189	0.103064898243379	0	0.106599194038893	0.143585817761054	0.134549428977519	0.090616924194007	0.15836773933583	0.126384094442723	0.134163578499991	0.106866382425248	0.164783683668781	0.118154551248945	0.154923178140504	0.0979458402255581	0.134141949857027	0.138770084080804	0.114882133295261	0.11737846644801	0.143440193690231	0.118233403071878	0.0983883250345221	0.108519084118762	0.117891150378896	0.159886034885297	0.150016158142971	0.13713976423023	0.186909859886117	0.111053778205411	0.125773996035437	0.15614582845173	0.112345875735446	0.143937386399357
700023496	0.170114908240257	0.131433688381314	0.102057368007594	0.173187568672421	0.138480596676035	0.0861792388001364	0.159775368959623	0.110665599196396	0.149377938043383	0.0902893341949789	0.0957222067447542	0.107188865551379	0.111591552300546	0.120126146066068	0.117474391929632	0.129639193573388	0.094959030154105	0.10559822130983	0.141583186759892	0.153311360441344	0.144808604203919	0.114515684897889	0.143044279304568	0.150454064401656	0.15173133911993	0.163525161358739	0.131685583947894	0.136847958744144	0.12289307145538	0.106599194038893	0	0.128809452115245	0.103213869350519	0.0881256607473275	0.161527580392299	0.12231198173673	0.130095902444876	0.110528722889486	0.160071841161307	0.12553386041236	0.136492476310584	0.101414751967636	0.11572239923393	0.137903813781427	0.0931409889710961	0.113368249874724	0.133066341321715	0.0950784363849028	0.0991119564537928	0.10112249316408	0.113111814211119	0.173852230634185	0.162685771485765	0.116949943149848	0.196472018776984	0.104508762960072	0.132589655431022	0.168230621337077	0.122689386437889	0.150217283104517
700034628	0.1393038759115	0.146318039288506	0.105278002274946	0.141244802021289	0.14754048263548	0.125992729661086	0.0922095326665203	0.146943694769258	0.0991005021778886	0.129084025466918	0.0998768256487371	0.0980987482497129	0.131344379918247	0.151645222973814	0.121216464509949	0.109170452604363	0.141106844290343	0.14392043443545	0.116211687689472	0.106842051294044	0.105172412955552	0.0764862098727948	0.118603261172884	0.134019074284354	0.0879821929772855	0.146162351407055	0.150914810979465	0.137346755833141	0.151478885973122	0.143585817761054	0.128809452115245	0	0.0961637202009867	0.111127831650025	0.14558374174469	0.0897926425214136	0.149752526279627	0.135305035289384	0.141764813417817	0.144371137430788	0.139437765348779	0.106660347602475	0.129793292857475	0.0696156590790038	0.120587670008573	0.140024391071888	0.143724483864237	0.0996630574413863	0.131037179447005	0.0828664930563765	0.0970780827359295	0.117684523742381	0.122437892961253	0.122620421479215	0.162685967103086	0.112062046982076	0.119463068630653	0.110290051380902	0.0884763395493336	0.0841260344429558
700023645	0.127777600328214	0.120790509767397	0.0980224082908041	0.136618802667335	0.110849516664419	0.119855328717297	0.118169723416284	0.119011379581782	0.113559483392623	0.102589985011926	0.0769330026299407	0.0944665378288825	0.120866812820784	0.134155600480534	0.126727687493905	0.100925308814073	0.119069923970319	0.12826053737164	0.106720517862767	0.109146028490148	0.102464220418385	0.0809618589204774	0.113192114759409	0.118735994750905	0.113769577231494	0.128891201609935	0.129275473132176	0.109974419711632	0.114275669133592	0.134549428977519	0.103213869350519	0.0961637202009867	0	0.0868449059153009	0.125057100386296	0.0888690810956217	0.123661762790632	0.121830896041477	0.127548332227105	0.125538226203473	0.104655320387753	0.0941244403494868	0.119708962196177	0.0970000535978478	0.0899651277593814	0.0949869069115628	0.10707778099155	0.0826786068035864	0.116007063693025	0.0919554322290817	0.0877411398361191	0.127815541372535	0.123967345632187	0.101922381221037	0.150688573900541	0.101607788515641	0.105542651928732	0.119670815355706	0.0874429246454523	0.120452802816068
700038744	0.161173480852617	0.132148013113283	0.0790889412778496	0.15504902907065	0.121573103592107	0.0819521324661776	0.150762819914277	0.105522172305196	0.143033671805884	0.0869870824136062	0.0882814765400236	0.0959255873765326	0.102108681383874	0.11078219385518	0.108726391511539	0.117136314171738	0.10235760492572	0.10551681955959	0.145142648407971	0.13437045404826	0.134504420889368	0.0947032370173483	0.136686423075965	0.138944774201022	0.133529237791859	0.143956318923338	0.125533257585857	0.113506943787937	0.101342139277199	0.090616924194007	0.0881256607473275	0.111127831650025	0.0868449059153009	0	0.14197059895076	0.100783165886489	0.121847540245918	0.0921932362651866	0.154670941215145	0.115675828308333	0.13240902848791	0.0832168319010269	0.123495702959637	0.125412452605906	0.0826894085862951	0.100129870168757	0.138014340721014	0.0835918128785682	0.0873491452295654	0.0868698242672076	0.0966355062935673	0.162221682270183	0.148405292413171	0.111090506587322	0.181583028407042	0.0967047276840867	0.125212559963255	0.153112992470061	0.0943485290257368	0.142962674345265
700038485	0.127572341877651	0.150293079850041	0.147464716117934	0.125348334221115	0.116956029283282	0.161860726495502	0.119026989093409	0.168986690834431	0.113229410227451	0.164352573647243	0.135153006885694	0.162167655395885	0.173348503218659	0.135575755816063	0.16519947543116	0.11308660380691	0.172897879026493	0.162415808301539	0.129597252202681	0.130326006513612	0.136228946138694	0.146768710572287	0.115177620715043	0.111149452868118	0.142431483591308	0.0693497796104408	0.141325022833172	0.124062990634026	0.119829558141339	0.15836773933583	0.161527580392299	0.14558374174469	0.125057100386296	0.14197059895076	0	0.111679557755712	0.140622689377986	0.166223065015329	0.107238428809693	0.171072306369327	0.113340057279387	0.158070720377367	0.139773342131247	0.129580532133905	0.145991747166907	0.122086534466027	0.113347391129038	0.158220325921319	0.148590180067708	0.149767021825749	0.130611424433129	0.11166517343984	0.117955642456786	0.130853727823433	0.113986787741638	0.165171157890326	0.135673509964934	0.116142722771027	0.133589256120849	0.134349714103729
700024743	0.124056815384005	0.129339754392841	0.0992420111850926	0.115001759515507	0.120641527051904	0.12384151868128	0.0971203313530847	0.130162637106513	0.114940433838766	0.121944790182283	0.0915210047572387	0.113576590182491	0.133398731742472	0.122820002968313	0.120565171005706	0.120439970162651	0.125513878546919	0.145432718053092	0.126670422804518	0.084967621956662	0.0964330522960996	0.0933926046906845	0.0936238133246334	0.116104731298921	0.0932649296056201	0.122381920290288	0.132804752723421	0.124095452040444	0.101448470190584	0.126384094442723	0.12231198173673	0.0897926425214136	0.0888690810956217	0.100783165886489	0.111679557755712	0	0.135749658912233	0.127770120012811	0.124308347939921	0.138326701673777	0.123632083995486	0.11079911204015	0.119461031593695	0.0818825185311285	0.106769883021304	0.10240202928395	0.115998863432222	0.0996339716630054	0.115891285753657	0.105005694211433	0.0945631739510005	0.108194671303247	0.102041728471783	0.103457137181009	0.130133331799179	0.128377841348698	0.0951963817857119	0.0938041235025185	0.0807074131876191	0.095944309746545
