700108602	700014971	700033565	700109389	700023058	700023927	700106341	700114221	700023543	700023439	700016978	700024192	700113058	700099448	700109870	700033928	700023693	700109627	700095416	700110425	700111580	700111302	700098605	700111991	700108960	700024452	700032931	700095837	700024548	700110161	700023496	700034628	700023645	700038744	700038485	700024743	700099596	700110760	700101587	700106399	700032322	700095653	700021312	700101230	700023590	700038905	700033136	700023382	700096424	700105469	700016908	700096053	700108479	700109569	700033814	700016125	700109756	700102665	700101777	700109455
700108602	0	-0.165970033484227	-0.215578256168763	-0.103841226112484	-0.137736028773502	-0.213452704205948	-0.0866971947156555	-0.229167165998591	-0.111278045608225	-0.218867247627465	-0.148315419468076	-0.221769401512109	-0.225613061391975	-0.171785427543994	-0.223123608789004	-0.137463324191148	-0.227368549788315	-0.201208902914146	-0.11139907538486	-0.0990019226459865	-0.126125933974128	-0.159537371757856	-0.117006522167979	-0.0708893939853949	-0.110365022588701	-0.105324688380655	-0.173727785236455	-0.169145552682102	-0.190848811888021	-0.213022840215666	-0.195637609032743	-0.170834063840921	-0.149979914114573	-0.202654242733039	-0.118123697997773	-0.136557518212051	-0.18507826978228	-0.226940359812018	-0.0911148179961314	-0.252368677753887	-0.126090250557186	-0.219540985256351	-0.166292350650556	-0.141087414428002	-0.203158413784883	-0.157357299801736	-0.137345121840532	-0.214626824978115	-0.186724474956169	-0.202477893535391	-0.156457449292091	-0.0851399001442016	-0.0802265731397733	-0.113930164435222	-0.0793776098879502	-0.213040094453904	-0.138075949579212	-0.0784218031702426	-0.183587628195307	-0.115480035223612
700014971	-0.165970033484227	0	-0.163203481815205	-0.207934393235984	-0.132040018166941	-0.14579517252474	-0.17761331664233	-0.142435790720203	-0.153674251387203	-0.118480036251459	-0.116989862494361	-0.200779516241631	-0.139900105907553	-0.118244761957287	-0.160853777188034	-0.166483037339875	-0.135011413318848	-0.167306810951293	-0.163731453650109	-0.155649907706414	-0.159520292584307	-0.151246371707533	-0.13466764291772	-0.174352738285784	-0.186947741216758	-0.148645389954285	-0.121807116624859	-0.134476760968303	-0.118239770940793	-0.134933740198585	-0.125480577800024	-0.17220196769225	-0.122152760736441	-0.124835587236089	-0.154453697524712	-0.122616097306347	-0.173998399317987	-0.178992712212848	-0.137586078425291	-0.153776101514643	-0.137952231652671	-0.147471676577971	-0.138289136155975	-0.163361818739055	-0.131559390675887	-0.123817379391735	-0.11288002841701	-0.142140233184516	-0.120731812211949	-0.166192605116318	-0.160125895149915	-0.159540780429639	-0.169639027419616	-0.123074185354943	-0.1766491200634	-0.122539352948974	-0.148580992744618	-0.174197794723531	-0.147701770852162	-0.166586213838393
700033565	-0.215578256168763	-0.163203481815205	0	-0.242975431730184	-0.179058487441903	-0.0592736068903116	-0.201652321729876	-0.103949609442443	-0.178714330309499	-0.0917404389730745	-0.10749222122036	-0.0842195435599282	-0.110834852138005	-0.124778237215792	-0.105343426166103	-0.135295952348094	-0.0940816546298334	-0.0968793806865659	-0.174325390101739	-0.185551536724208	-0.182626006166629	-0.108710326650243	-0.184299235930657	-0.188158066463605	-0.186988867883047	-0.213475772611099	-0.144282935088265	-0.180330848250423	-0.16087857327728	-0.109447793895729	-0.10692356807793	-0.141191861329799	-0.10815836298399	-0.0758875240177026	-0.208304383423416	-0.140607385131595	-0.145300535914254	-0.0844708952407798	-0.183823505504566	-0.143291510134651	-0.152807656859425	-0.0821612058519357	-0.150965615198146	-0.156305296643431	-0.140360412086786	-0.13646894091016	-0.15485663920616	-0.101347225729927	-0.117670298344921	-0.0841840450892755	-0.104848393138082	-0.21817794170584	-0.212843297192128	-0.147335909923496	-0.230055953553319	-0.107056538874552	-0.15013536055234	-0.212562899630243	-0.104911600853608	-0.203507767189859
700109389	-0.103841226112484	-0.207934393235984	-0.242975431730184	0	-0.191295553940893	-0.248249932037593	-0.113020544076852	-0.255345909319443	-0.169586662680725	-0.243764053922764	-0.189040764251096	-0.23466824541001	-0.244692518458776	-0.21961306559129	-0.232632374254254	-0.174535059567811	-0.255496202149251	-0.249137711592335	-0.190290918371153	-0.112984025311748	-0.143394377074408	-0.190521729462563	-0.146579399091359	-0.149254287059743	-0.134122537812435	-0.149454385527504	-0.238909969517491	-0.214831060302434	-0.199646904723015	-0.236676512941209	-0.242477755391114	-0.209002798568527	-0.171994751447699	-0.233471763192677	-0.158098210620003	-0.163250025262628	-0.243530262588841	-0.261507386739714	-0.15303833102102	-0.249926131016234	-0.174107243989885	-0.238149644518077	-0.212380461390869	-0.179484248806727	-0.221444582727839	-0.190871874779626	-0.189260391164437	-0.232315208320551	-0.227885652590269	-0.224574749850754	-0.185417293438308	-0.110841294948651	-0.0806914157973749	-0.173394121915292	-0.128519912841325	-0.23578884454582	-0.134855738063877	-0.108643687366794	-0.189830735554743	-0.145133029528272
700023058	-0.137736028773502	-0.132040018166941	-0.179058487441903	-0.191295553940893	0	-0.157660638095638	-0.149581124913884	-0.180674764673514	-0.12861509094808	-0.166585639886344	-0.119355450078237	-0.205651826584866	-0.184501663570745	-0.13490299435319	-0.189165685600741	-0.151002675983588	-0.182484703860956	-0.146657237555971	-0.133653659701643	-0.144777887404903	-0.166707721356713	-0.154805220677948	-0.147093223557812	-0.139304079645833	-0.170166722639765	-0.128998053941191	-0.133867896899511	-0.154870806729753	-0.166709499978134	-0.162370043559598	-0.139732132325079	-0.18137909187601	-0.136201707690057	-0.147164641967623	-0.122814117925038	-0.139722697547565	-0.129363227380864	-0.156259865743256	-0.110934803888657	-0.213170002811485	-0.134586855910008	-0.173806901197112	-0.107179957176539	-0.154325566236242	-0.159284861710176	-0.148749769011225	-0.11978924474713	-0.17319737255426	-0.126241146632834	-0.180798896671889	-0.155721414256835	-0.14257995946038	-0.1443710110043	-0.118793449472896	-0.156195339094672	-0.173919467131941	-0.166177531944239	-0.153713524112824	-0.173067781356418	-0.148577069183505
700023927	-0.213452704205948	-0.14579517252474	-0.0592736068903116	-0.248249932037593	-0.157660638095638	0	-0.208454463815406	-0.104611766677012	-0.180876690901864	-0.0861164287585466	-0.111849035712738	-0.103787343480919	-0.113443467689769	-0.0937444989295696	-0.104733074025737	-0.144307768321545	-0.0903137818708811	-0.0792067011270183	-0.170181556572697	-0.193663690068689	-0.175188688810956	-0.126036122568152	-0.164824858513895	-0.187493209946476	-0.195443587177625	-0.199654321756026	-0.123442101324917	-0.181794821301178	-0.148876213666541	-0.114942826834355	-0.0777877900984326	-0.151675621782236	-0.113550672043278	-0.0621006372086669	-0.199651180995168	-0.147709590915336	-0.134721616509602	-0.0659369386585804	-0.185552585993298	-0.145841748858232	-0.140293076949402	-0.0883212125136194	-0.134407276143763	-0.167393440910205	-0.130712343110508	-0.126987974423499	-0.140459434813416	-0.101992158619649	-0.0849590225652624	-0.0914536442086233	-0.118211655779235	-0.219218112129504	-0.213322021649615	-0.128984646284113	-0.225518332833725	-0.105985202629854	-0.144001090649384	-0.214946802807995	-0.104203472295572	-0.196071151777796
700106341	-0.0866971947156555	-0.17761331664233	-0.201652321729876	-0.113020544076852	-0.149581124913884	-0.208454463815406	0	-0.224240146380141	-0.0794088745990052	-0.21128795838666	-0.133907954024407	-0.184280482857071	-0.21216695405995	-0.18213605525046	-0.213244143994449	-0.127056811964067	-0.215659547407855	-0.215855656943838	-0.118946291644436	-0.0762366483502112	-0.0860536385714637	-0.128425032711937	-0.128852648189964	-0.102242485524843	-0.0742826288087691	-0.153574076754031	-0.207169969109283	-0.198594072515425	-0.211006511592643	-0.21182054622263	-0.195223459000072	-0.111034204736677	-0.128592741810135	-0.196753711611611	-0.16739903690281	-0.100191138588258	-0.196635228550353	-0.224557675258243	-0.0921101617923403	-0.250157032235498	-0.124400011840715	-0.201523021968076	-0.162966076107066	-0.101337153808175	-0.181758849916917	-0.1683117885184	-0.143536152472091	-0.191057069114412	-0.189706619075452	-0.170799072211548	-0.143010273286287	-0.0760523191609172	-0.0793802754210912	-0.111360625202139	-0.113376761691863	-0.193358669524536	-0.105149463208369	-0.0685961136319565	-0.154475631835687	-0.0626765681904584
700114221	-0.229167165998591	-0.142435790720203	-0.103949609442443	-0.255345909319443	-0.180674764673514	-0.104611766677012	-0.224240146380141	0	-0.197183324685909	-0.0775395924571974	-0.143659842000938	-0.133424671846258	-0.0825922001646197	-0.139502151074446	-0.0846186610822802	-0.180732872295021	-0.053441492545849	-0.142528246459502	-0.203784334634594	-0.204900852030325	-0.200038203706743	-0.164334423997256	-0.195369102901523	-0.21813500463962	-0.231122443215284	-0.214758600113243	-0.127131227179976	-0.170578550918621	-0.136468176487499	-0.102432787536378	-0.11176084190555	-0.181557105128896	-0.143561848592614	-0.102182678570811	-0.217085317359282	-0.158557247853813	-0.169370029538855	-0.104299616700597	-0.198984625763949	-0.0950533699537358	-0.168249307083176	-0.0835459894633567	-0.167961792279094	-0.186613479529877	-0.118263031894853	-0.126778764620511	-0.138925987712735	-0.0745549745213756	-0.134995892037334	-0.119578096224203	-0.157895528814362	-0.224868433144668	-0.220478884886703	-0.167402747161218	-0.253142788914797	-0.0908020876166877	-0.165350351397644	-0.236604196196323	-0.139031938342195	-0.209445168788285
700023543	-0.111278045608225	-0.153674251387203	-0.178714330309499	-0.169586662680725	-0.12861509094808	-0.180876690901864	-0.0794088745990052	-0.197183324685909	0	-0.179115806283638	-0.11302828258611	-0.179730193369272	-0.193147754239168	-0.153328746494677	-0.195573913396068	-0.105975508223025	-0.184186176545366	-0.184350703966475	-0.098488528632276	-0.111763825133638	-0.119996872880521	-0.115325719846642	-0.129513462990745	-0.105677419746453	-0.115194252547431	-0.132918230139683	-0.166255018009639	-0.160902044717424	-0.207043129842512	-0.183076645117806	-0.165178253230863	-0.105734437501068	-0.122859568929821	-0.166346234084218	-0.138040007581736	-0.117366980040532	-0.157935877340804	-0.198911167195992	-0.0724662416131523	-0.232333258531822	-0.114602684430136	-0.183866327344947	-0.141881394467577	-0.0785397638608249	-0.176558260439448	-0.160207902005587	-0.11040879500889	-0.172821984347663	-0.177767779423114	-0.156180539593826	-0.134124178207716	-0.0944152931800454	-0.113085423382569	-0.118821681564083	-0.126486063002467	-0.171834785115857	-0.142280875837839	-0.0910162515527272	-0.153695075992621	-0.0788588246636108
700023439	-0.218867247627465	-0.118480036251459	-0.0917404389730745	-0.243764053922764	-0.166585639886344	-0.0861164287585466	-0.21128795838666	-0.0775395924571974	-0.179115806283638	0	-0.118502772374384	-0.12771122484546	-0.0813710250621698	-0.118159335208437	-0.107247189880771	-0.153590991026582	-0.0655493302687669	-0.118647741715314	-0.183601398890553	-0.194954413090583	-0.181281758791995	-0.13924122091431	-0.185899459634891	-0.195708932311099	-0.206132834128743	-0.198221200787562	-0.127591873913458	-0.148672498051384	-0.123502080547665	-0.0915662387097906	-0.0995382742547566	-0.168260389380207	-0.114672845434813	-0.0737434493160392	-0.2000603014231	-0.139669082467391	-0.15884149685144	-0.103467563106139	-0.182947670479114	-0.0953897826541874	-0.143201576989608	-0.066465804985337	-0.150465737248151	-0.172154845373226	-0.0971172386139055	-0.122456440221293	-0.13083734970392	-0.0793066083191989	-0.111744362485893	-0.103231910366192	-0.128009288692263	-0.207127051202251	-0.211839124898634	-0.150429391903523	-0.237491049798119	-0.0713261143639205	-0.149919932313942	-0.210893175212183	-0.11880204527331	-0.19960714154081
700016978	-0.148315419468076	-0.116989862494361	-0.10749222122036	-0.189040764251096	-0.119355450078237	-0.111849035712738	-0.133907954024407	-0.143659842000938	-0.11302828258611	-0.118502772374384	0	-0.131162960391375	-0.14054317472513	-0.111023812716701	-0.159350068345274	-0.0891341042158154	-0.126901665209543	-0.121746629117385	-0.108960435483739	-0.121405314921182	-0.115611196472095	-0.072661658704655	-0.135070765411844	-0.122335587541508	-0.118628667105215	-0.157003768147601	-0.1317357069298	-0.140978855734574	-0.15997877020555	-0.136705977951921	-0.103902565426836	-0.110013426693494	-0.0603380670779451	-0.0960371804104765	-0.155507204123375	-0.090274557314389	-0.127168440946939	-0.143040779188938	-0.108695941377991	-0.183713713070311	-0.0925139894070673	-0.121329397881406	-0.110302465729834	-0.103945453776661	-0.114101537822306	-0.124221765165494	-0.0979060180394692	-0.124925067619883	-0.114369349316622	-0.108937792758586	-0.0836790929885077	-0.145343937133002	-0.143920451056339	-0.0887622969824906	-0.16155483126476	-0.115383407989059	-0.120763483729617	-0.141499263988927	-0.109782832439492	-0.134738210990055
700024192	-0.221769401512109	-0.200779516241631	-0.0842195435599282	-0.23466824541001	-0.205651826584866	-0.103787343480919	-0.184280482857071	-0.133424671846258	-0.179730193369272	-0.12771122484546	-0.131162960391375	0	-0.126389394588944	-0.16758156192454	-0.118485792759896	-0.136820520984589	-0.128849412006524	-0.134913547770575	-0.170418552603378	-0.186624494656544	-0.161634563916829	-0.0937645811425123	-0.202398565137757	-0.194254175860945	-0.167808550228277	-0.223337105062374	-0.184009354952623	-0.197228576242134	-0.192376295995091	-0.157181033820959	-0.131108455226504	-0.107334305154199	-0.115674651538354	-0.116349853459172	-0.230204300830584	-0.148872557893979	-0.176908070818025	-0.125511763847819	-0.197111974160973	-0.156606991349162	-0.162416967843594	-0.0970402632354313	-0.184231380272513	-0.143637009491213	-0.135412439745534	-0.158823599681483	-0.171687275044578	-0.102194340943011	-0.160446336920266	-0.0684870547261516	-0.0982376173829314	-0.223972691309147	-0.205904084417466	-0.165145785154114	-0.249164932974327	-0.118720742767854	-0.136157680349379	-0.214939037390319	-0.0984055317638644	-0.19451463087077
700113058	-0.225613061391975	-0.139900105907553	-0.110834852138005	-0.244692518458776	-0.184501663570745	-0.113443467689769	-0.21216695405995	-0.0825922001646197	-0.193147754239168	-0.0813710250621698	-0.14054317472513	-0.126389394588944	0	-0.140020572396177	-0.0773848253010131	-0.173415760771977	-0.090488859019757	-0.147569280481477	-0.201139391181322	-0.197372432877987	-0.193069241018791	-0.152519927938137	-0.197309058438382	-0.214275749826554	-0.216966240933903	-0.215427546113145	-0.145099538980123	-0.158313138473226	-0.139446757534089	-0.105232658259302	-0.12752595852625	-0.167606474941461	-0.137176805129765	-0.0999283193206132	-0.222966946146049	-0.155904824285509	-0.180668885164837	-0.122915800780289	-0.196632390871272	-0.103161320107837	-0.169876478535393	-0.0679196222452319	-0.184423849898763	-0.178493889119866	-0.108787803345135	-0.134662731974633	-0.160452435339749	-0.0753604714820049	-0.138842499710189	-0.110694263668556	-0.156085959326536	-0.21799495143709	-0.211281229833555	-0.179534700333512	-0.25547238166757	-0.0692741085673546	-0.155870813154462	-0.229189930609104	-0.131286508187321	-0.197530914617923
700099448	-0.171785427543994	-0.118244761957287	-0.124778237215792	-0.21961306559129	-0.13490299435319	-0.0937444989295696	-0.18213605525046	-0.139502151074446	-0.153328746494677	-0.118159335208437	-0.111023812716701	-0.16758156192454	-0.140020572396177	0	-0.139115815255951	-0.144426812838629	-0.116844677930293	-0.11393850697022	-0.133645800848371	-0.159504149985946	-0.154390737808265	-0.140949267602618	-0.131910150866904	-0.146879412028085	-0.178304140452766	-0.141800638789177	-0.0953501993190874	-0.160575048143988	-0.134018653792824	-0.117562247914954	-0.0957206871666775	-0.171681847999157	-0.11355378619512	-0.0882170344965437	-0.150553401613233	-0.133328817407215	-0.129250056135522	-0.117477268328728	-0.14354123353909	-0.177226340068639	-0.117866887153897	-0.128625433142525	-0.100374118052238	-0.165777467354849	-0.120211122779517	-0.119991730269497	-0.106774067436355	-0.130432298008392	-0.0691382165142152	-0.133253118838884	-0.12574180239998	-0.16712025527505	-0.182880539453219	-0.11390427543755	-0.172448504717935	-0.126243361457823	-0.126092147146601	-0.170220204774874	-0.12300353990032	-0.169869632322515
700109870	-0.223123608789004	-0.160853777188034	-0.105343426166103	-0.232632374254254	-0.189165685600741	-0.104733074025737	-0.213244143994449	-0.0846186610822802	-0.195573913396068	-0.107247189880771	-0.159350068345274	-0.118485792759896	-0.0773848253010131	-0.139115815255951	0	-0.182205994810719	-0.092435487502873	-0.148403757363544	-0.201002420252903	-0.192188552422522	-0.1799386487383	-0.157858029849538	-0.185434095436462	-0.217933457928057	-0.215390715620735	-0.208957500426768	-0.150259911201248	-0.179465680947901	-0.138745491477947	-0.10714961507484	-0.135730766853575	-0.168643545779556	-0.15058997648131	-0.116595483975701	-0.223922060527169	-0.156431012874506	-0.190769993173305	-0.102969353932577	-0.200479580420392	-0.105168497345371	-0.176596239311114	-0.0748429572789998	-0.192146660199512	-0.179447435388138	-0.124002214402148	-0.126060363128463	-0.156250212856497	-0.0784466548920016	-0.143950161673513	-0.109505378898431	-0.153343237668838	-0.219397806895614	-0.202824950909506	-0.176142712683798	-0.245545431977225	-0.0997109040591657	-0.151256951447141	-0.232743877357162	-0.123454664281907	-0.200264549104025
700033928	-0.137463324191148	-0.166483037339875	-0.135295952348094	-0.174535059567811	-0.151002675983588	-0.144307768321545	-0.127056811964067	-0.180732872295021	-0.105975508223025	-0.153590991026582	-0.0891341042158154	-0.136820520984589	-0.173415760771977	-0.144426812838629	-0.182205994810719	0	-0.165319619186984	-0.141534747538779	-0.103580425006336	-0.135001040692214	-0.111351301954077	-0.0824535448925803	-0.13710936826959	-0.100232697259004	-0.120135026869949	-0.162193469690723	-0.160647785229834	-0.156084423495098	-0.199762991109972	-0.17437158928582	-0.146358250229159	-0.11907084974747	-0.0864376432297012	-0.141588022412027	-0.156435199530175	-0.138883266429547	-0.138504962642879	-0.174086677256968	-0.110932679253849	-0.218431307087321	-0.0945288630023717	-0.150868054079509	-0.137325203927262	-0.117855968053475	-0.150368093937692	-0.146127052364758	-0.117296888484535	-0.15957442604468	-0.156439888069984	-0.114829297377622	-0.0811547039845994	-0.134860859220845	-0.141733011167228	-0.118354901859949	-0.152587265569804	-0.143710144968742	-0.132145695086572	-0.125032119792603	-0.124731430711537	-0.125253201656611
700023693	-0.227368549788315	-0.135011413318848	-0.0940816546298334	-0.255496202149251	-0.182484703860956	-0.0903137818708811	-0.215659547407855	-0.053441492545849	-0.184186176545366	-0.0655493302687669	-0.126901665209543	-0.128849412006524	-0.090488859019757	-0.116844677930293	-0.092435487502873	-0.165319619186984	0	-0.12892170962634	-0.189847690141535	-0.198583425951447	-0.177562113790639	-0.147666979822189	-0.186922852831223	-0.205070511252335	-0.214418906028709	-0.213856948463512	-0.133070938060595	-0.173629019607153	-0.1352261464462	-0.10723476475594	-0.0955587900481793	-0.167104895993397	-0.133106466496439	-0.0887059882449756	-0.218768095047754	-0.14994114077608	-0.15852699505868	-0.105992743296243	-0.189611075215942	-0.10158763619633	-0.153521525491045	-0.0858917818450053	-0.149116210347723	-0.174936819846926	-0.107421184758377	-0.127111203016427	-0.130755035447084	-0.0783126053608122	-0.117469694988933	-0.112501210783201	-0.139851466982864	-0.219514772064	-0.216247466121105	-0.154450049340226	-0.245421706958169	-0.0874465742393931	-0.150060660775029	-0.221856456466981	-0.134147495922075	-0.200674899200987
700109627	-0.201208902914146	-0.167306810951293	-0.0968793806865659	-0.249137711592335	-0.146657237555971	-0.0792067011270183	-0.215855656943838	-0.142528246459502	-0.184350703966475	-0.118647741715314	-0.121746629117385	-0.134913547770575	-0.147569280481477	-0.11393850697022	-0.148403757363544	-0.141534747538779	-0.12892170962634	0	-0.172778974979651	-0.18463155398972	-0.196332242480029	-0.140214196717637	-0.183442660523644	-0.175592689760662	-0.191576907173078	-0.201549914185557	-0.127124255446762	-0.171253238690085	-0.189637511277191	-0.13547800958954	-0.0898162148581046	-0.171814070856692	-0.132343625069785	-0.0949029958216944	-0.189412387519941	-0.161567439318169	-0.111913941442907	-0.0838042092299266	-0.185053651702793	-0.18565776364572	-0.155701790968393	-0.122480248068451	-0.111511181477548	-0.164913259994866	-0.157304486696582	-0.162894078961373	-0.155893490279462	-0.144377176804653	-0.0826880192217389	-0.127065812276687	-0.121428215586724	-0.224292884067881	-0.217477428903473	-0.149972589190722	-0.209367900988534	-0.1365418405206	-0.172320588201448	-0.210122461317253	-0.145761083243804	-0.213648337936249
700095416	-0.11139907538486	-0.163731453650109	-0.174325390101739	-0.190290918371153	-0.133653659701643	-0.170181556572697	-0.118946291644436	-0.203784334634594	-0.098488528632276	-0.183601398890553	-0.108960435483739	-0.170418552603378	-0.201139391181322	-0.133645800848371	-0.201002420252903	-0.103580425006336	-0.189847690141535	-0.172778974979651	0	-0.129970893187919	-0.111217584758518	-0.114791113715407	-0.126234947679937	-0.0828135482474154	-0.116151891672953	-0.128396717154574	-0.145521892709106	-0.175394999637367	-0.198654578010211	-0.19202529417454	-0.154761125180646	-0.129438236797238	-0.116980213844147	-0.165927158745139	-0.138737173208608	-0.133783940568915	-0.141516906082427	-0.18055234825116	-0.101683510942804	-0.239737864776091	-0.0978959717688112	-0.186140111135757	-0.119192935650819	-0.125297587557988	-0.170188732925331	-0.153631768070619	-0.116252577991314	-0.18531296477689	-0.153856425766536	-0.154399040282382	-0.113182103850741	-0.13065408712336	-0.13831556791627	-0.096414983661096	-0.119841073913838	-0.173273087117218	-0.130288243691842	-0.119971115176335	-0.153307025684277	-0.127460248778561
700110425	-0.0990019226459865	-0.155649907706414	-0.185551536724208	-0.112984025311748	-0.144777887404903	-0.193663690068689	-0.0762366483502112	-0.204900852030325	-0.111763825133638	-0.194954413090583	-0.121405314921182	-0.186624494656544	-0.197372432877987	-0.159504149985946	-0.192188552422522	-0.135001040692214	-0.198583425951447	-0.18463155398972	-0.129970893187919	0	-0.0930068002006154	-0.120571155490893	-0.115902892990443	-0.103910713705112	-0.0742181035737779	-0.150881951609956	-0.17893449005692	-0.163153505721669	-0.185802495668093	-0.18518692607356	-0.182089571421943	-0.144793947078693	-0.115422957342819	-0.181919566435246	-0.158834881307916	-0.0923536138747736	-0.176887656889703	-0.208772399318057	-0.102291383441481	-0.233647675738318	-0.117145832510052	-0.183508325101652	-0.151413461403783	-0.104564648043266	-0.16410199278126	-0.147919327959981	-0.122069003434513	-0.180539761248579	-0.168830494689235	-0.166749088643867	-0.131854704016845	-0.0837235541272419	-0.0671767841893839	-0.106848594419238	-0.120149824775578	-0.18027849971945	-0.0817367317686928	-0.0826618030544405	-0.14317817341012	-0.0992711401341597
700111580	-0.126125933974128	-0.159520292584307	-0.182626006166629	-0.143394377074408	-0.166707721356713	-0.175188688810956	-0.0860536385714637	-0.200038203706743	-0.119996872880521	-0.181281758791995	-0.115611196472095	-0.161634563916829	-0.193069241018791	-0.154390737808265	-0.1799386487383	-0.111351301954077	-0.177562113790639	-0.196332242480029	-0.111217584758518	-0.0930068002006154	0	-0.107057386664661	-0.111056300710964	-0.109473147735146	-0.0768053185848203	-0.160841749829726	-0.186039940008724	-0.195274620629909	-0.171404536081582	-0.199197564480967	-0.16662623502555	-0.118628273560106	-0.102880515993736	-0.174581784753593	-0.185040739225952	-0.110727538804612	-0.187678187384534	-0.19356467705059	-0.12640181151342	-0.221971068500655	-0.101708498853784	-0.175676243223998	-0.155429878987203	-0.117233288986917	-0.143054377003485	-0.13051810216151	-0.115015931673996	-0.162927221924629	-0.162265207351523	-0.14338471911828	-0.115812646258177	-0.104195386459017	-0.11551368219933	-0.0886370383536325	-0.142219727102267	-0.167400839879052	-0.0807877050482751	-0.0932987204044716	-0.118225899537466	-0.0966398500584688
700111302	-0.159537371757856	-0.151246371707533	-0.108710326650243	-0.190521729462563	-0.154805220677948	-0.126036122568152	-0.128425032711937	-0.164334423997256	-0.115325719846642	-0.13924122091431	-0.072661658704655	-0.0937645811425123	-0.152519927938137	-0.140949267602618	-0.157858029849538	-0.0824535448925803	-0.147666979822189	-0.140214196717637	-0.114791113715407	-0.120571155490893	-0.107057386664661	0	-0.150180681818262	-0.131485157786545	-0.106765219760567	-0.180645030539211	-0.161646448586532	-0.161671440992708	-0.194406102430908	-0.160952689123578	-0.13223271558371	-0.0702831204699933	-0.0692774863091371	-0.113682142446854	-0.183203498745471	-0.106717158725344	-0.14544031738801	-0.156528448889145	-0.132832709571399	-0.193437427977371	-0.123430932709922	-0.125643835822868	-0.136588308390163	-0.09816483415528	-0.131403648453052	-0.15729616247248	-0.124194580863306	-0.12396619151754	-0.146608739391229	-0.0773374363923489	-0.0646057079839563	-0.154332727406516	-0.153856842710735	-0.111135444822107	-0.185658348058398	-0.117543311918103	-0.118010405978457	-0.146543903955387	-0.0862514431251223	-0.13373513545831
700098605	-0.117006522167979	-0.13466764291772	-0.184299235930657	-0.146579399091359	-0.147093223557812	-0.164824858513895	-0.128852648189964	-0.195369102901523	-0.129513462990745	-0.185899459634891	-0.135070765411844	-0.202398565137757	-0.197309058438382	-0.131910150866904	-0.185434095436462	-0.13710936826959	-0.186922852831223	-0.183442660523644	-0.126234947679937	-0.115902892990443	-0.111056300710964	-0.150180681818262	0	-0.128544982260841	-0.147934799189005	-0.125608953400763	-0.14979894771223	-0.165228091143442	-0.163281442973683	-0.176306303695286	-0.160277992180146	-0.173764363624698	-0.127984888380007	-0.165538925421256	-0.139413780275684	-0.134124618520872	-0.161409104645672	-0.180333596753909	-0.112888914101173	-0.210863035464293	-0.106373965180861	-0.190751109369545	-0.147316345801654	-0.149571220610793	-0.17838888132219	-0.132421385727227	-0.115967568821789	-0.182427641887328	-0.151560849535101	-0.168591243963965	-0.151752545031062	-0.123977234401495	-0.126540368423891	-0.10117648040055	-0.106897282533104	-0.183816225664846	-0.123203355726504	-0.133318509250298	-0.152306550956726	-0.110871970231744
700111991	-0.0708893939853949	-0.174352738285784	-0.188158066463605	-0.149254287059743	-0.139304079645833	-0.187493209946476	-0.102242485524843	-0.21813500463962	-0.105677419746453	-0.195708932311099	-0.122335587541508	-0.194254175860945	-0.214275749826554	-0.146879412028085	-0.217933457928057	-0.100232697259004	-0.205070511252335	-0.175592689760662	-0.0828135482474154	-0.103910713705112	-0.109473147735146	-0.131485157786545	-0.128544982260841	0	-0.106973277199321	-0.117083392631984	-0.156043125301601	-0.168587521136693	-0.194342334727002	-0.206383650495058	-0.175299898585971	-0.160546529300437	-0.12743860126741	-0.180126342495111	-0.127376728203131	-0.126566078945806	-0.156116242198413	-0.196283913924892	-0.0953530060319634	-0.252823599983906	-0.0965122845516235	-0.19953727136697	-0.137103977776951	-0.126464857708629	-0.178405281811925	-0.156261619750622	-0.116688388781059	-0.199220439833835	-0.164529440599054	-0.176530456416563	-0.124841215895762	-0.109685518886037	-0.114609272135589	-0.103315229398826	-0.0908369229374543	-0.190469196935558	-0.125208641408367	-0.0938375846911337	-0.167434781992987	-0.114892534760274
700108960	-0.110365022588701	-0.186947741216758	-0.186988867883047	-0.134122537812435	-0.170166722639765	-0.195443587177625	-0.0742826288087691	-0.231122443215284	-0.115194252547431	-0.206132834128743	-0.118628667105215	-0.167808550228277	-0.216966240933903	-0.178304140452766	-0.215390715620735	-0.120135026869949	-0.214418906028709	-0.191576907173078	-0.116151891672953	-0.0742181035737779	-0.0768053185848203	-0.106765219760567	-0.147934799189005	-0.106973277199321	0	-0.18217522746412	-0.212355696071914	-0.19900892887762	-0.214587672010255	-0.21063483483757	-0.194591619157532	-0.108146775165043	-0.120970519321997	-0.18959308671798	-0.185444904077984	-0.113690794949135	-0.196691232523061	-0.214622020878142	-0.116158979713774	-0.255429884158254	-0.128779602223607	-0.191073550780393	-0.163262022433911	-0.100752057168191	-0.178583765766219	-0.177878436346296	-0.151835373139319	-0.193893660649284	-0.186027214049324	-0.149099519937652	-0.112602758781442	-0.108046201993339	-0.0883950185320212	-0.106278906058755	-0.12874835922563	-0.1930723257438	-0.0936190700984274	-0.0858178252124698	-0.133314704957074	-0.10025544910636
700024452	-0.105324688380655	-0.148645389954285	-0.213475772611099	-0.149454385527504	-0.128998053941191	-0.199654321756026	-0.153574076754031	-0.214758600113243	-0.132918230139683	-0.198221200787562	-0.157003768147601	-0.223337105062374	-0.215427546113145	-0.141800638789177	-0.208957500426768	-0.162193469690723	-0.213856948463512	-0.201549914185557	-0.128396717154574	-0.150881951609956	-0.160841749829726	-0.180645030539211	-0.125608953400763	-0.117083392631984	-0.18217522746412	0	-0.151552692371947	-0.160876443333026	-0.148652512913329	-0.190789776803117	-0.191108889996798	-0.201898342832053	-0.150242928199659	-0.191383228762897	-0.0671245332300866	-0.152998388942831	-0.18835222775526	-0.206007164500753	-0.111541476434948	-0.221338739089303	-0.123619699387746	-0.204381821060164	-0.159441222939434	-0.170825975891317	-0.18816709064006	-0.140593869362249	-0.12364501175853	-0.208008405371285	-0.169382825892551	-0.201459753560455	-0.177931135147556	-0.109506306005298	-0.132398175313017	-0.135798945880131	-0.108656049713105	-0.200446611558965	-0.155817447098492	-0.14161913467175	-0.173750891410798	-0.157123571109622
700032931	-0.173727785236455	-0.121807116624859	-0.144282935088265	-0.238909969517491	-0.133867896899511	-0.123442101324917	-0.207169969109283	-0.127131227179976	-0.166255018009639	-0.127591873913458	-0.1317357069298	-0.184009354952623	-0.145099538980123	-0.0953501993190874	-0.150259911201248	-0.160647785229834	-0.133070938060595	-0.127124255446762	-0.145521892709106	-0.17893449005692	-0.186039940008724	-0.161646448586532	-0.14979894771223	-0.156043125301601	-0.212355696071914	-0.151552692371947	0	-0.141481589542257	-0.148560068743288	-0.128710267999248	-0.10854674751921	-0.187167102845469	-0.139454542277911	-0.1093653468271	-0.164433377818206	-0.156385027488682	-0.128866113324613	-0.132636316030884	-0.158110913747423	-0.169345852344933	-0.136268009053801	-0.139685203787438	-0.124177745940136	-0.177223076986569	-0.139706842886406	-0.130896484436839	-0.118897653030669	-0.128813248007327	-0.0993473939777721	-0.147551906433912	-0.154759481140025	-0.18965945858177	-0.197333522566191	-0.131468559351095	-0.180154639968707	-0.124536993112137	-0.163927603747488	-0.19880287235274	-0.146435925715467	-0.19224719751476
700095837	-0.169145552682102	-0.134476760968303	-0.180330848250423	-0.214831060302434	-0.154870806729753	-0.181794821301178	-0.198594072515425	-0.170578550918621	-0.160902044717424	-0.148672498051384	-0.140978855734574	-0.197228576242134	-0.158313138473226	-0.160575048143988	-0.179465680947901	-0.156084423495098	-0.173629019607153	-0.171253238690085	-0.175394999637367	-0.163153505721669	-0.195274620629909	-0.161671440992708	-0.165228091143442	-0.168587521136693	-0.19900892887762	-0.160876443333026	-0.141481589542257	0	-0.132960034197307	-0.118162080818867	-0.169024030997136	-0.194837555300042	-0.14862245017179	-0.148603205534087	-0.158784628005377	-0.157172178342281	-0.168299972022052	-0.198207378236238	-0.151866297859251	-0.175531139494495	-0.161405825709262	-0.149749703785829	-0.169936982087112	-0.161315131311866	-0.131245741673133	-0.15371693954663	-0.137838551919801	-0.152323943394409	-0.174985220948715	-0.17602445145398	-0.164570565221032	-0.176352731887985	-0.180112844969976	-0.167668935728726	-0.189685527066744	-0.144840419394561	-0.181551448374273	-0.184078046703027	-0.177155077011539	-0.191155807003292
700024548	-0.190848811888021	-0.118239770940793	-0.16087857327728	-0.199646904723015	-0.166709499978134	-0.148876213666541	-0.211006511592643	-0.136468176487499	-0.207043129842512	-0.123502080547665	-0.15997877020555	-0.192376295995091	-0.139446757534089	-0.134018653792824	-0.138745491477947	-0.199762991109972	-0.1352261464462	-0.189637511277191	-0.198654578010211	-0.185802495668093	-0.171404536081582	-0.194406102430908	-0.163281442973683	-0.194342334727002	-0.214587672010255	-0.148652512913329	-0.148560068743288	-0.132960034197307	0	-0.12218837435163	-0.15403022172638	-0.221582485692889	-0.147605604266049	-0.136135027843115	-0.158588773347955	-0.145544969336147	-0.202338573505231	-0.170438479641474	-0.178826963405651	-0.122093460668665	-0.152566837313763	-0.138033925930352	-0.16986181874554	-0.215508126890153	-0.0995840635719745	-0.0883947031421336	-0.144420383256532	-0.134904668136207	-0.143299147597591	-0.182716892826667	-0.177569040177358	-0.189842263454752	-0.190661803207549	-0.145021471366864	-0.193637222723729	-0.142467937223315	-0.149865481247761	-0.208995178926884	-0.159731155004121	-0.208324981325079
700110161	-0.213022840215666	-0.134933740198585	-0.109447793895729	-0.236676512941209	-0.162370043559598	-0.114942826834355	-0.21182054622263	-0.102432787536378	-0.183076645117806	-0.0915662387097906	-0.136705977951921	-0.157181033820959	-0.105232658259302	-0.117562247914954	-0.10714961507484	-0.17437158928582	-0.10723476475594	-0.13547800958954	-0.19202529417454	-0.18518692607356	-0.199197564480967	-0.160952689123578	-0.176306303695286	-0.206383650495058	-0.21063483483757	-0.190789776803117	-0.128710267999248	-0.118162080818867	-0.12218837435163	0	-0.126807120373136	-0.179808224670579	-0.143563380488095	-0.0912534368447625	-0.194448605731698	-0.156151750614832	-0.164027939787588	-0.119648682192191	-0.181622234230611	-0.126708100895386	-0.169054184534865	-0.0909310590439241	-0.164919570219437	-0.172738485845551	-0.114260351594045	-0.144672943499208	-0.157361884502648	-0.102629968990144	-0.120899167232798	-0.120126917807508	-0.155195540354943	-0.198012460118483	-0.204717132391034	-0.162614759220996	-0.233689107868688	-0.0974265368789751	-0.156379151967995	-0.212863452741967	-0.135925774730686	-0.197512962351296
700023496	-0.195637609032743	-0.125480577800024	-0.10692356807793	-0.242477755391114	-0.139732132325079	-0.0777877900984326	-0.195223459000072	-0.11176084190555	-0.165178253230863	-0.0995382742547566	-0.103902565426836	-0.131108455226504	-0.12752595852625	-0.0957206871666775	-0.135730766853575	-0.146358250229159	-0.0955587900481793	-0.0898162148581046	-0.154761125180646	-0.182089571421943	-0.16662623502555	-0.13223271558371	-0.160277992180146	-0.175299898585971	-0.194591619157532	-0.191108889996798	-0.10854674751921	-0.169024030997136	-0.15403022172638	-0.126807120373136	0	-0.156475176341433	-0.11324920691294	-0.0787876918014905	-0.185783856595477	-0.142818726908734	-0.120223797848541	-0.108039350418511	-0.167561306411458	-0.151837021510751	-0.125736385840361	-0.116641452623414	-0.101724448024572	-0.161830438943289	-0.109293186378505	-0.129677474519337	-0.11930537409997	-0.103425561126916	-0.0824849367666245	-0.123664249161955	-0.121868477559173	-0.205603026199545	-0.203443741122214	-0.117895781522831	-0.216270834410302	-0.109324662084798	-0.148203189082136	-0.204152298962778	-0.140185920410417	-0.188704513646966
700034628	-0.170834063840921	-0.17220196769225	-0.141191861329799	-0.209002798568527	-0.18137909187601	-0.151675621782236	-0.111034204736677	-0.181557105128896	-0.105734437501068	-0.168260389380207	-0.110013426693494	-0.107334305154199	-0.167606474941461	-0.171681847999157	-0.168643545779556	-0.11907084974747	-0.167104895993397	-0.171814070856692	-0.129438236797238	-0.144793947078693	-0.118628273560106	-0.0702831204699933	-0.173764363624698	-0.160546529300437	-0.108146775165043	-0.201898342832053	-0.187167102845469	-0.194837555300042	-0.221582485692889	-0.179808224670579	-0.156475176341433	0	-0.108388460197745	-0.149459499542265	-0.212385594045888	-0.118186488810457	-0.179949346518946	-0.172441774727412	-0.153861973686922	-0.208765673874139	-0.151740054596629	-0.142971462027928	-0.163965925218003	-0.0898519410038979	-0.156631425653169	-0.180324807266829	-0.146041330789929	-0.140469557278445	-0.175126225219318	-0.0911182607457331	-0.112479201662689	-0.159010046361184	-0.165753647568345	-0.133427026444549	-0.20198870410676	-0.135424618658996	-0.136260784696919	-0.146863491424757	-0.108216535980086	-0.119762311061632
700023645	-0.149979914114573	-0.122152760736441	-0.10815836298399	-0.171994751447699	-0.136201707690057	-0.113550672043278	-0.128592741810135	-0.143561848592614	-0.122859568929821	-0.114672845434813	-0.0603380670779451	-0.115674651538354	-0.137176805129765	-0.11355378619512	-0.15058997648131	-0.0864376432297012	-0.133106466496439	-0.132343625069785	-0.116980213844147	-0.115422957342819	-0.102880515993736	-0.0692774863091371	-0.127984888380007	-0.12743860126741	-0.120970519321997	-0.150242928199659	-0.139454542277911	-0.14862245017179	-0.147605604266049	-0.143563380488095	-0.11324920691294	-0.108388460197745	0	-0.0993107989468688	-0.154759625876254	-0.0789186755254014	-0.140333438887737	-0.143495151625579	-0.119869445467009	-0.172744661920064	-0.0895133099686172	-0.116908512396989	-0.114437416631341	-0.113041228141159	-0.109090190897128	-0.104763012221766	-0.0940749562992828	-0.112349181862275	-0.117958034593905	-0.0947909975245835	-0.0758818997418819	-0.142329510900023	-0.143153627193419	-0.0985855334309117	-0.167670398710943	-0.108229340752982	-0.10217772516788	-0.137576191634576	-0.0813929041072409	-0.131921995580604
700038744	-0.202654242733039	-0.124835587236089	-0.0758875240177026	-0.233471763192677	-0.147164641967623	-0.0621006372086669	-0.196753711611611	-0.102182678570811	-0.166346234084218	-0.0737434493160392	-0.0960371804104765	-0.116349853459172	-0.0999283193206132	-0.0882170344965437	-0.116595483975701	-0.141588022412027	-0.0887059882449756	-0.0949029958216944	-0.165927158745139	-0.181919566435246	-0.174581784753593	-0.113682142446854	-0.165538925421256	-0.180126342495111	-0.18959308671798	-0.191383228762897	-0.1093653468271	-0.148603205534087	-0.136135027843115	-0.0912534368447625	-0.0787876918014905	-0.149459499542265	-0.0993107989468688	0	-0.188485557023491	-0.129185822749534	-0.135337425864705	-0.0932057327861991	-0.169419805058649	-0.13585350496147	-0.133361956799065	-0.0790893652251368	-0.122082776265816	-0.160877774671061	-0.108637528210912	-0.120915621976945	-0.131581358270855	-0.0791491283609579	-0.0853846052109104	-0.0926973501004164	-0.114925644226873	-0.203164105872405	-0.201214663100054	-0.130437922520222	-0.221328977482827	-0.0804731874409136	-0.142968021564259	-0.200446731577305	-0.110242157199202	-0.193162203246511
