700108602	700014971	700033565	700109389	700023058	700023927	700106341	700114221	700023543	700023439	700016978	700024192	700113058	700099448	700109870	700033928	700023693	700109627	700095416	700110425	700111580	700111302	700098605	700111991	700108960	700024452	700032931	700095837	700024548	700110161	700023496	700034628	700023645	700038744	700038485	700024743	700099596	700110760	700101587	700106399	700032322	700095653	700021312	700101230	700023590	700038905	700033136	700023382	700096424	700105469	700016908	700096053	700108479	700109569	700033814	700016125	700109756	700102665	700101777	700109455
700108602	0	0.162000793703298	0.159038209104013	0.104972486076667	0.13111906518659	0.164147394247652	0.0818711882740197	0.182664386621669	0.0943729517735808	0.16572591657225	0.135537994184228	0.158263387118759	0.16791799144754	0.162247587357314	0.163891280162403	0.115304001432188	0.181535192719415	0.155535356765352	0.0887731918468989	0.102625401334027	0.0930824346553016	0.11627060017954	0.114482084955887	0.0851306310568981	0.0909536534997643	0.11673131807988	0.164842963926828	0.131518726280633	0.155590526418051	0.174061689366412	0.161090503369747	0.119796256310644	0.124699649666701	0.148501868060437	0.134455215856028	0.122945638821609	0.13825914648307	0.174222768781364	0.0925574472840627	0.184513089205301	0.0920434839143708	0.160234827007691	0.14762441329097	0.111632560351623	0.151655430532085	0.139348017958959	0.112986990990547	0.15721538457786	0.143850179932615	0.143619157963378	0.12059213169309	0.0905300072904026	0.0958926000915169	0.111231772503165	0.095339509551454	0.162942645649511	0.106405661763019	0.085912909122673	0.138505962615318	0.104695463542118
700014971	0.162000793703298	0	0.143686335135487	0.16828852919356	0.127649196801383	0.144468837312218	0.154874933552755	0.152446349269301	0.143254116356169	0.130412990061119	0.123066297004308	0.160433739071648	0.135793226265481	0.146162505964788	0.147397264829489	0.15003119461526	0.126154250561291	0.150928431609006	0.160090340582315	0.150123305139574	0.143206938849611	0.124761478264457	0.129467979547236	0.160583546514703	0.159803585314261	0.149203475913511	0.123166451356399	0.124969187362726	0.128003120144142	0.136896226650035	0.138235854415877	0.150056954224805	0.127921866054234	0.129566955362803	0.149552139713885	0.134785588574572	0.14743854999002	0.158528244752332	0.143632915744321	0.148827363523711	0.147264417197143	0.135089670183992	0.141154272211993	0.14137783613223	0.127804518561721	0.127180445680516	0.120729255947959	0.135787980778685	0.135050317266779	0.13385252753237	0.139115671379265	0.155370480021776	0.147981286248777	0.120526142474349	0.171234528199225	0.131606417094106	0.147502834478493	0.151615549198744	0.140959728301628	0.153774816384858
700033565	0.159038209104013	0.143686335135487	0	0.141917872766642	0.155658100744374	0.0772357933188918	0.133868750481214	0.103076567598529	0.149520578520723	0.0821480941003153	0.0997671798339091	0.0576319400432011	0.094824460614949	0.125720425073659	0.0846422920990616	0.116442227871577	0.102534466143833	0.101962893192722	0.139740271774128	0.140480222539825	0.133747212761665	0.0925101528850822	0.124798558423106	0.151554505374153	0.129010624648298	0.156034270878602	0.134221179442455	0.140985296221866	0.11478149328794	0.100232517289541	0.0976177922413508	0.102214164542763	0.111720531175654	0.0810554062681965	0.151737316588382	0.106305750449259	0.130914942860032	0.0780032585029725	0.150842516306473	0.108559435014683	0.147286550695967	0.0798639008996438	0.142823174028296	0.114331691351184	0.094628817359348	0.120597796998111	0.138526766238359	0.0728678778603049	0.106956870560806	0.0746508250956565	0.0766411322092665	0.162623547851712	0.143491298665529	0.120029878580219	0.172468100738472	0.095705138828252	0.124042089015994	0.149981684991902	0.0803361462123371	0.132512031712174
700109389	0.104972486076667	0.16828852919356	0.141917872766642	0	0.145550368030478	0.163756667152699	0.0861833419976182	0.181926297088711	0.135340389406231	0.162730049846073	0.14676723335593	0.147851625943373	0.163990325053152	0.164902089288492	0.148503110291103	0.141292164998442	0.177352261519777	0.179374327641682	0.136588403047471	0.0987475007000569	0.105444535720647	0.137360913196289	0.100842680148807	0.122777768930172	0.0967732519396873	0.122200198564232	0.185294239933972	0.149360556590494	0.133946418739095	0.164082139229832	0.17115423166823	0.137768666565076	0.143704245223544	0.153262436284233	0.127101936019941	0.122113541937805	0.170836266237741	0.163707673392003	0.128424732075538	0.166045527030819	0.12146509208633	0.160202339715324	0.161998027126153	0.124233231318375	0.145650828891901	0.145458552766001	0.142175351969269	0.147432361922647	0.155893538566054	0.143443879997211	0.106817466729244	0.0985225893293	0.0693474124824602	0.141851014269059	0.111687992394893	0.165837027432895	0.107934357026793	0.0863800993891934	0.121312170273754	0.10193528807501
700023058	0.13111906518659	0.127649196801383	0.155658100744374	0.145550368030478	0	0.149050205287663	0.123484572980687	0.173707762048671	0.105435364299312	0.157453163473152	0.139622274765248	0.161763555953442	0.147031426175089	0.130313163101536	0.154743662957466	0.133814042865438	0.152155938511272	0.156708414858896	0.132431944399086	0.128421880129118	0.129331187489127	0.136779713518476	0.120849281143073	0.1421375730453	0.131874173021286	0.102569311508374	0.154188855369397	0.123087575176014	0.129186616805858	0.144142857736649	0.144716685886761	0.145519373709571	0.128281106201337	0.141946815885314	0.116146864733358	0.137072581579043	0.131512714543541	0.150810021937528	0.111324779071849	0.168840100389662	0.140524202476222	0.146903117297482	0.129341611614351	0.128800117714909	0.133122405588484	0.124069262872934	0.116377766747005	0.145973740538813	0.129444564654272	0.141975005598598	0.139092293424862	0.115313711171721	0.112787718264738	0.131058592159162	0.139212195515058	0.151721761518266	0.128019655342499	0.12683127418054	0.142222738472664	0.124153873586087
700023927	0.164147394247652	0.144468837312218	0.0772357933188918	0.163756667152699	0.149050205287663	0	0.148408461449894	0.116510301634951	0.155679541860119	0.0926944752305867	0.111746970792457	0.0920248095537535	0.106050223534598	0.0989041205156984	0.0934791061404431	0.136782924102324	0.0984177970212329	0.0887158740907308	0.14261468164738	0.145969013076927	0.139274500937776	0.109035497506844	0.13344725092233	0.164868403197176	0.133814446364138	0.162850727393059	0.144646066641515	0.151529424767559	0.117759150397041	0.0933626661531042	0.0810689126236775	0.124881950003903	0.124738521723583	0.0838372188654848	0.161665738666269	0.118948030345985	0.130036385075961	0.074761248151723	0.153648891302005	0.116861897554062	0.154776153694722	0.0957502215849334	0.126953055637959	0.136106043229782	0.0944886438322198	0.114697500319215	0.145386449259807	0.0911962532498921	0.0829140994448472	0.0913702906415468	0.107079567502332	0.166567891958112	0.153792553909839	0.122007334022696	0.175762427844562	0.109770861056852	0.126182700497547	0.15401271526724	0.0920431352120607	0.143709401165247
700106341	0.0818711882740197	0.154874933552755	0.133868750481214	0.0861833419976182	0.123484572980687	0.148408461449894	0	0.172873734206594	0.0882574050271291	0.148476953723738	0.122796462366771	0.126345247996128	0.145610489468489	0.154033909665876	0.138716290153473	0.11884419439959	0.167548646997273	0.164397643096147	0.106232616336618	0.0789339724669747	0.0813534188889493	0.0994959826878637	0.103195563213487	0.11188147617038	0.0722486232578111	0.122641335295983	0.18678353361853	0.147026532867897	0.1382082427352	0.158171622989888	0.146382657199115	0.0774957614897899	0.117551583575007	0.13494333228255	0.131245903986959	0.0900917101287035	0.148604214689962	0.154656032007778	0.0943577922002295	0.165197100097436	0.115875397925692	0.143256004314454	0.134942068422031	0.0889860518796366	0.125460550525513	0.134010310710363	0.120923619494888	0.128775563825043	0.139595662184814	0.110797877099222	0.0983958630968807	0.0668103768416837	0.0726753705383533	0.115929210818315	0.118930898655647	0.139650083896965	0.088448321110032	0.071029019700357	0.110330057319666	0.0734513350211263
700114221	0.182664386621669	0.152446349269301	0.103076567598529	0.181926297088711	0.173707762048671	0.116510301634951	0.172873734206594	0	0.179633858823138	0.0804249222745501	0.137478421038817	0.113063534607031	0.0981799621639629	0.146006762757154	0.0926399445495729	0.146416757603266	0.0869605235996435	0.137982151949431	0.170086460912246	0.172982492937168	0.159322559708852	0.135605317664759	0.161750915435139	0.180591434926864	0.171578476511981	0.183115569285213	0.135515094933474	0.147860018553264	0.117062261412111	0.114579175570979	0.112698408916978	0.150141990241448	0.127927447875512	0.115736153607949	0.178950643616234	0.137454494275027	0.146156804115394	0.0984574667532551	0.176108518016651	0.0850089109150102	0.155308235099148	0.0918285688974869	0.163718024338156	0.144810383514761	0.10573778981709	0.130679253194759	0.149322090032069	0.0810653468900216	0.140030162662071	0.117752905087918	0.139403901146499	0.190245857887694	0.176778843517421	0.144263949293814	0.203018652835944	0.0961063047847504	0.148384599414043	0.187565484171647	0.118116206263766	0.170997371952666
700023543	0.0943729517735808	0.143254116356169	0.149520578520723	0.135340389406231	0.105435364299312	0.155679541860119	0.0882574050271291	0.179633858823138	0	0.152432745767717	0.124545935237248	0.15174834987857	0.156951212628331	0.145921023952903	0.153897486650241	0.105132984449503	0.170303269543666	0.149559737121613	0.0929659092961825	0.10659762379937	0.100016225818296	0.106987421661116	0.108384315476773	0.0951375956486034	0.10513080545321	0.103930426288541	0.16210285286789	0.120091312024595	0.155786208309778	0.152400938232325	0.151389706727109	0.103524501006024	0.120141624513958	0.143681413659595	0.115235954548174	0.109943912418578	0.135292353406327	0.163914526761242	0.0826330325504301	0.18149004066353	0.10295321371685	0.150091386449716	0.135359609005017	0.0927187884168102	0.141472548744412	0.123925320134195	0.0910320550106828	0.147457076617469	0.142682848819325	0.126924865989501	0.119419758018561	0.0847144427505436	0.105325324928055	0.119437479542779	0.107446573100798	0.152345645790016	0.117774052840182	0.0850248014522239	0.132142483701568	0.0924460169388103
700023439	0.16572591657225	0.130412990061119	0.0821480941003153	0.162730049846073	0.157453163473152	0.0926944752305867	0.148476953723738	0.0804249222745501	0.152432745767717	0	0.107993633094956	0.0977992229509084	0.0805876744500398	0.122163769238231	0.0886291991037761	0.130345206521633	0.0920017526051573	0.115928338837103	0.145796865578547	0.150047100090078	0.128521143401318	0.105676917525833	0.135912490389439	0.15647282024671	0.142601489504768	0.164113550286967	0.136974481139236	0.138057516159809	0.102547575011446	0.100773611011985	0.0924586835596063	0.125923582381141	0.103995740600019	0.0792510180980198	0.158582236255371	0.118365969692933	0.13288530345189	0.0851104898231752	0.156616661712863	0.0773234063581895	0.13821712237156	0.0764869795067689	0.156098636678465	0.129732199598614	0.0834391662050279	0.110362709801284	0.132830739432164	0.0754233458007471	0.106169097179335	0.0946513111851641	0.109135133614144	0.167039343429007	0.153666591610803	0.119921989590949	0.176669519222545	0.0863447763798635	0.12469254873699	0.155949432647081	0.0940699386573535	0.147246081499589
700016978	0.135537994184228	0.123066297004308	0.0997671798339091	0.14676723335593	0.139622274765248	0.111746970792457	0.122796462366771	0.137478421038817	0.124545935237248	0.107993633094956	0	0.110459741505603	0.112028514234088	0.131998093918958	0.135011784914594	0.106105020964964	0.123967804778892	0.112941618627496	0.126649231077798	0.118360098287699	0.115758376235304	0.0790999056614396	0.121780735695578	0.127214512676165	0.11425526455438	0.156375446444084	0.138004031919929	0.121133060693915	0.131402986520399	0.123055891922203	0.101021851141479	0.106385147559863	0.0911669966725236	0.0885480072370074	0.152212753359021	0.100108040781833	0.124936694346622	0.127472898933417	0.123342376610185	0.142364010861681	0.123454506780551	0.108091704226642	0.115866967015211	0.101100178600068	0.10894369280784	0.122139533658284	0.122969233267525	0.101708738537845	0.106121343068369	0.0973758258846551	0.0969323503839319	0.139715054232396	0.128772891727331	0.0947424231118459	0.144218680732656	0.112924733600086	0.111725126748021	0.13073093657358	0.099432658920234	0.130023991798645
700024192	0.158263387118759	0.160433739071648	0.0576319400432011	0.147851625943373	0.161763555953442	0.0920248095537535	0.126345247996128	0.113063534607031	0.15174834987857	0.0977992229509084	0.110459741505603	0	0.0934846573188447	0.145311012018876	0.0805838012891455	0.118176882691479	0.123496887439837	0.117283408697936	0.134079183320454	0.136575226372225	0.130571128157945	0.0940818028777868	0.129861446211754	0.164428030190546	0.123443704472525	0.16347543548963	0.154899753910422	0.148147558080755	0.125715046501738	0.115070399874462	0.107522528366584	0.0879555256182562	0.111388654891175	0.0941006703106312	0.164519161107627	0.111448583120045	0.143977803250724	0.0958295611917714	0.155714809675017	0.109112845488001	0.152250109123725	0.0767280537675006	0.153608359245843	0.108933658867372	0.0907413494781548	0.127964277847314	0.15231470465798	0.0729624976013057	0.127358147124517	0.0658575035015391	0.085905869526179	0.161684917219255	0.143347561577383	0.136665408666698	0.187606192045986	0.0875806435111484	0.120679508636289	0.149006675030478	0.0825555361516407	0.129788837799712
700113058	0.16791799144754	0.135793226265481	0.094824460614949	0.163990325053152	0.147031426175089	0.106050223534598	0.145610489468489	0.0981799621639629	0.156951212628331	0.0805876744500398	0.112028514234088	0.0934846573188447	0	0.117413744349178	0.0830495162879556	0.128065762168234	0.10208609986147	0.131551397220481	0.147757257643494	0.142670229968602	0.135244602294904	0.110692970276494	0.13902978655602	0.16765297118868	0.143531581882085	0.155110543461584	0.136267874094529	0.125428293666121	0.100609318037126	0.087111707659758	0.100889669083884	0.117988061839898	0.111513695452676	0.0855969108366672	0.161214333046929	0.126588287099933	0.138681677524283	0.10497299359378	0.155520729490614	0.0895316555384652	0.153332871848172	0.0638777894102294	0.163358523248267	0.121424137304259	0.0755748523567822	0.108178174301008	0.144037358806599	0.0759888560506024	0.115627179163396	0.0881604837869112	0.120627469217784	0.164730119640059	0.153150400694876	0.136417536820017	0.189307221495891	0.0637190444902405	0.120167173614077	0.159803692657891	0.0929740327096147	0.142215820297838
700099448	0.162247587357314	0.146162505964788	0.125720425073659	0.164902089288492	0.130313163101536	0.0989041205156984	0.154033909665876	0.146006762757154	0.145921023952903	0.122163769238231	0.131998093918958	0.145311012018876	0.117413744349178	0	0.126542230927994	0.152841358914559	0.117133147421264	0.123834395653069	0.140702390143932	0.146257249832953	0.141000373377844	0.136384680364097	0.117564049823067	0.150673818907457	0.151749555381662	0.131198228533782	0.138705398136173	0.142158378257014	0.114545681885965	0.0957612723451287	0.105571356056735	0.1555272346726	0.135315697509355	0.111300518940355	0.132319286717419	0.136564792357973	0.133044286651319	0.118802434722488	0.142056666109135	0.141809041881357	0.158832481328111	0.123760832184825	0.129850417332737	0.145303053812944	0.109250013349883	0.11338175072136	0.129888085569088	0.125610741367487	0.0860599419417143	0.134338962319497	0.127930514439097	0.13545202860553	0.152036155591679	0.134883285301875	0.154875864332081	0.134707694913479	0.128335223934437	0.150296564679914	0.112215916360397	0.145753940200688
700109870	0.163891280162403	0.147397264829489	0.0846422920990616	0.148503110291103	0.154743662957466	0.0934791061404431	0.138716290153473	0.0926399445495729	0.153897486650241	0.0886291991037761	0.135011784914594	0.0805838012891455	0.0830495162879556	0.126542230927994	0	0.13913786234816	0.104650526936286	0.133187267054229	0.14874351478222	0.134950627396175	0.130355405942478	0.115796264095197	0.124667523424956	0.166514908791419	0.133600636399833	0.159376558447236	0.140699743846327	0.136475280532712	0.106139478993245	0.088292703118525	0.118863898853705	0.11315699969369	0.128299087722036	0.108305229197556	0.16619021421613	0.129763916656103	0.151095335534499	0.0794464883074461	0.161422518801759	0.0899036851184723	0.156750108556734	0.0812028029782051	0.172590825021634	0.120728986466101	0.0849981784568511	0.117331136536387	0.147691646529034	0.0759822335120425	0.119547378047269	0.0856991155139024	0.114515644774951	0.159338762813091	0.139374361055606	0.143214163403487	0.185866724867154	0.0921900507900763	0.117287184514718	0.151923532728942	0.0860030163536042	0.130270472461299
700033928	0.115304001432188	0.15003119461526	0.116442227871577	0.141292164998442	0.133814042865438	0.136782924102324	0.11884419439959	0.146416757603266	0.105132984449503	0.130345206521633	0.106105020964964	0.118176882691479	0.128065762168234	0.152841358914559	0.13913786234816	0	0.149445619082404	0.123017359247638	0.11334675072467	0.133871767499871	0.116409260313332	0.102900628612236	0.127986561899567	0.105592240444382	0.118771605700698	0.131637220137786	0.149008490609266	0.117682391730486	0.143238503428943	0.143393710059077	0.12779027605756	0.110091051239627	0.109170343709051	0.12211448325482	0.129253277328833	0.132205054718239	0.121138280349525	0.144690950652797	0.116978596833282	0.156026471080602	0.101435831277087	0.114821768533101	0.134603912773619	0.114132887603391	0.126768929634763	0.125988180326915	0.116492947673884	0.121480416839802	0.134872813004117	0.112499068292362	0.0964250846791633	0.131139601331795	0.119453210777713	0.114527520697661	0.142914166567271	0.119360263390677	0.129991555627493	0.12371506106481	0.121054980068341	0.123868931363489
700023693	0.181535192719415	0.126154250561291	0.102534466143833	0.177352261519777	0.152155938511272	0.0984177970212329	0.167548646997273	0.0869605235996435	0.170303269543666	0.0920017526051573	0.123967804778892	0.123496887439837	0.10208609986147	0.117133147421264	0.104650526936286	0.149445619082404	0	0.117260426175321	0.169469362023982	0.172733471567548	0.157973460119815	0.126029793301263	0.145595513921314	0.174527162601637	0.171479019681329	0.171693345896121	0.12595719657643	0.150511657723856	0.109224082506141	0.10309521765463	0.0908447502298326	0.147454883121975	0.129694410260182	0.100518931139252	0.1702081013899	0.133237454208364	0.135388727161089	0.100913582122587	0.160702540771837	0.0999532394382551	0.162164804309316	0.102048533057946	0.140984649102276	0.149804808902323	0.101749894470153	0.119788492631774	0.141437338805517	0.0965888337227289	0.10765272359478	0.118145341411326	0.132169546325927	0.184671419591001	0.168564149357802	0.125581446635082	0.18860374144352	0.105065065687158	0.144232945516286	0.184551857444842	0.120916387907492	0.166825796996873
700109627	0.155535356765352	0.150928431609006	0.101962893192722	0.179374327641682	0.156708414858896	0.0887158740907308	0.164397643096147	0.137982151949431	0.149559737121613	0.115928338837103	0.112941618627496	0.117283408697936	0.131551397220481	0.123834395653069	0.133187267054229	0.123017359247638	0.117260426175321	0	0.141659933888355	0.164948241342164	0.14502025123955	0.107360311122022	0.144853473048647	0.146398024600483	0.149617889867092	0.165134307237102	0.121513279854187	0.15430067968491	0.154179110073447	0.124784264703296	0.0955143847321571	0.132274803764235	0.125401212475326	0.108363294872465	0.173439183079215	0.138971317521297	0.109146693914103	0.0966967859695877	0.155947367678992	0.148242002157149	0.156252824200859	0.121261977712636	0.121703872948864	0.136499637380756	0.137308606767578	0.141919833964597	0.145279071750754	0.125224856671932	0.0815034548493083	0.113309354234411	0.116771333461987	0.175116754279023	0.158031660297053	0.112625555372393	0.165631545150308	0.127237148557212	0.15049683876218	0.164651300382668	0.120525958058967	0.161604423008257
700095416	0.0887731918468989	0.160090340582315	0.139740271774128	0.136588403047471	0.132431944399086	0.14261468164738	0.106232616336618	0.170086460912246	0.0929659092961825	0.145796865578547	0.126649231077798	0.134079183320454	0.147757257643494	0.140702390143932	0.14874351478222	0.11334675072467	0.169469362023982	0.141659933888355	0	0.122183120944399	0.101488889937985	0.114784703188739	0.1171043699428	0.101518108227963	0.115119185794697	0.114478782342121	0.15139182269838	0.125318424319952	0.148852556954313	0.152293406559955	0.139956538144825	0.114089202265516	0.112720605707623	0.141988344097573	0.125024610575777	0.124404372406727	0.121135964317559	0.152625288402486	0.10836015234764	0.172989617004812	0.0957536335141927	0.140088152287317	0.125405496615247	0.112895844438924	0.13231501608908	0.122136752042688	0.116237499496042	0.144146628546226	0.133105828964759	0.132151298110209	0.105824287751267	0.111197441432946	0.122657768326121	0.117088466776592	0.125165914468958	0.142648898087918	0.118069601526586	0.107441765062453	0.125485717684908	0.121100003366843
700110425	0.102625401334027	0.150123305139574	0.140480222539825	0.0987475007000569	0.128421880129118	0.145969013076927	0.0789339724669747	0.172982492937168	0.10659762379937	0.150047100090078	0.118360098287699	0.136575226372225	0.142670229968602	0.146257249832953	0.134950627396175	0.133871767499871	0.172733471567548	0.164948241342164	0.122183120944399	0	0.0811996615486358	0.111115278740017	0.0928648764650133	0.122464189471774	0.0613670190070054	0.133049217232624	0.172519614685168	0.139054388960139	0.134210433856274	0.141304295987494	0.156275536915644	0.105492850067994	0.114162495968824	0.133634306564359	0.130789047246635	0.0885484870763538	0.155937639305546	0.160064322130249	0.117120007518274	0.164531779680421	0.130084489225622	0.138675354657228	0.15099879389559	0.0892841163807915	0.12919044209501	0.135432362225644	0.130734445600349	0.131266284168037	0.132615262466773	0.116631502581573	0.114902276573542	0.0832426940562964	0.0588539906706377	0.131800827259475	0.123232111432315	0.145580377306301	0.0652152519950761	0.0729075959301324	0.103762882828696	0.0788106864637989
700111580	0.0930824346553016	0.143206938849611	0.133747212761665	0.105444535720647	0.129331187489127	0.139274500937776	0.0813534188889493	0.159322559708852	0.100016225818296	0.128521143401318	0.115758376235304	0.130571128157945	0.135244602294904	0.141000373377844	0.130355405942478	0.116409260313332	0.157973460119815	0.14502025123955	0.101488889937985	0.0811996615486358	0	0.0909334901760685	0.0937071877294644	0.11299001980985	0.0725923467034311	0.13137129083415	0.167030737715968	0.140176416619353	0.121197082831347	0.14968705889444	0.140020731566287	0.0958369655345774	0.109052463073032	0.126842514641273	0.143706679033103	0.0956246750017771	0.14882101837292	0.149077257014334	0.114820694683841	0.155167657069347	0.107320191917883	0.123497734282433	0.138152342146267	0.0968486103583945	0.116381230212887	0.116309492515096	0.116847899598358	0.118996367499214	0.117268185581112	0.117037906570018	0.104275127903864	0.0911116585712273	0.0900502133978882	0.103966194113158	0.12226585638289	0.133216598089551	0.0667815202723053	0.0723894563968504	0.0997033694195671	0.084567188819172
700111302	0.11627060017954	0.124761478264457	0.0925101528850822	0.137360913196289	0.136779713518476	0.109035497506844	0.0994959826878637	0.135605317664759	0.106987421661116	0.105676917525833	0.0790999056614396	0.0940818028777868	0.110692970276494	0.136384680364097	0.115796264095197	0.102900628612236	0.126029793301263	0.107360311122022	0.114784703188739	0.111115278740017	0.0909334901760685	0	0.122015296850759	0.118692380454671	0.0947650513350832	0.148371220952419	0.149162044620529	0.132292035760955	0.130957276385691	0.130501237612748	0.101345473063327	0.0721088078310677	0.0878028929468482	0.0908058604604768	0.15381788283312	0.0907519242135455	0.135215960864901	0.129515704070959	0.116039869619732	0.138014091887675	0.125176590345651	0.0959708467529718	0.126507341051812	0.091282567453899	0.102826697218059	0.126874636056718	0.11963615318134	0.09902858144459	0.107508740612551	0.0770325537061943	0.0891947536316982	0.124760745159853	0.116755132920551	0.103607048937251	0.153779914206577	0.107717082600034	0.0977044905367732	0.11806199909505	0.0888018396325037	0.111776667236727
700098605	0.114482084955887	0.129467979547236	0.124798558423106	0.100842680148807	0.120849281143073	0.13344725092233	0.103195563213487	0.161750915435139	0.108384315476773	0.135912490389439	0.121780735695578	0.129861446211754	0.13902978655602	0.117564049823067	0.124667523424956	0.127986561899567	0.145595513921314	0.144853473048647	0.1171043699428	0.0928648764650133	0.0937071877294644	0.122015296850759	0	0.115738511810627	0.111347327532635	0.118580838296227	0.147876524816941	0.130865392462071	0.130965891035866	0.130782704538564	0.139823009719576	0.11924638070076	0.126862089333928	0.126969085547483	0.119472311177701	0.107861188088646	0.137718896249661	0.128451021711036	0.114067649012897	0.151149007787097	0.124101653631083	0.13592863301016	0.137576944674062	0.101483741727333	0.129257147297201	0.112394151751185	0.115177801802065	0.12417136034507	0.120231978540246	0.121614871224227	0.109119650563444	0.0957366689434501	0.0912357273390782	0.11199718321627	0.112944652859774	0.141662891776312	0.103498820828057	0.0897523800285704	0.110823047692978	0.0824761891138307
700111991	0.0851306310568981	0.160583546514703	0.151554505374153	0.122777768930172	0.1421375730453	0.164868403197176	0.11188147617038	0.180591434926864	0.0951375956486034	0.15647282024671	0.127214512676165	0.164428030190546	0.16765297118868	0.150673818907457	0.166514908791419	0.105592240444382	0.174527162601637	0.146398024600483	0.101518108227963	0.122464189471774	0.11299001980985	0.118692380454671	0.115738511810627	0	0.120145529051701	0.119582102273208	0.155961665097694	0.130892107689147	0.159819360551689	0.177550649733602	0.152042540334453	0.13493553929427	0.128436065273748	0.148447298693746	0.121876735071506	0.128084451281412	0.140025092396365	0.168860437555492	0.100809428295778	0.187710898582914	0.0992047329073895	0.158131709689991	0.140633949067546	0.126246544964047	0.156374933044903	0.13356449407302	0.105878798947104	0.155551714003508	0.146189866955912	0.151611033961337	0.125052638751971	0.111357980830671	0.116450284474664	0.118419281003051	0.0976356493693387	0.165696861410269	0.127910768225106	0.103574799551964	0.140026957444448	0.117627554247621
700108960	0.0909536534997643	0.159803585314261	0.129010624648298	0.0967732519396873	0.131874173021286	0.133814446364138	0.0722486232578111	0.171578476511981	0.10513080545321	0.142601489504768	0.11425526455438	0.123443704472525	0.143531581882085	0.151749555381662	0.133600636399833	0.118771605700698	0.171479019681329	0.149617889867092	0.115119185794697	0.0613670190070054	0.0725923467034311	0.0947650513350832	0.111347327532635	0.120145529051701	0	0.137231869451339	0.183739414058862	0.142081377404399	0.132202847946705	0.143222227908632	0.14867905259004	0.085892957356794	0.120974180278585	0.132401447594321	0.147478054933614	0.0891171464316848	0.154723667040003	0.152156376621509	0.114121736187168	0.162691957420385	0.122474840453582	0.133322125170175	0.142524118006604	0.083801606394966	0.124899256075454	0.140451512091799	0.13224477453088	0.13007793238796	0.127003578606178	0.104441866939013	0.0966457173264335	0.0867195732857978	0.0692188905973967	0.116632287420327	0.119695270032359	0.143117102699202	0.0787171731455678	0.073759858320815	0.0988270985732426	0.079468093489881
700024452	0.11673131807988	0.149203475913511	0.156034270878602	0.122200198564232	0.102569311508374	0.162850727393059	0.122641335295983	0.183115569285213	0.103930426288541	0.164113550286967	0.156375446444084	0.16347543548963	0.155110543461584	0.131198228533782	0.159376558447236	0.131637220137786	0.171693345896121	0.165134307237102	0.114478782342121	0.133049217232624	0.13137129083415	0.148371220952419	0.118580838296227	0.119582102273208	0.137231869451339	0	0.158086908638475	0.117540356851174	0.128204984433177	0.151548100151111	0.159866656064864	0.154345327978432	0.145109712503409	0.15358029974198	0.0763181426230219	0.142595148853404	0.146910160332935	0.165080833950746	0.111327007688376	0.170438809037922	0.11774076852431	0.152830981259296	0.144741457816576	0.136147388274781	0.139180429398779	0.117353379539498	0.100120830542314	0.156919860048127	0.146140662606273	0.146801266628867	0.128255944927632	0.100299048173772	0.108903746398157	0.130874484298944	0.113185538092612	0.158827981293472	0.132646317179695	0.119678383302727	0.138882404482191	0.13731603988504
700032931	0.164842963926828	0.123166451356399	0.134221179442455	0.185294239933972	0.154188855369397	0.144646066641515	0.18678353361853	0.135515094933474	0.16210285286789	0.136974481139236	0.138004031919929	0.154899753910422	0.136267874094529	0.138705398136173	0.140699743846327	0.149008490609266	0.12595719657643	0.121513279854187	0.15139182269838	0.172519614685168	0.167030737715968	0.149162044620529	0.147876524816941	0.155961665097694	0.183739414058862	0.158086908638475	0	0.130503323826204	0.153543314507566	0.132920163275993	0.129399892861333	0.169013898829835	0.141306275005356	0.129563527810354	0.166460109551947	0.162107610952896	0.133478688850675	0.139515770310381	0.158657371588689	0.149190439212628	0.148446038865395	0.139489302453698	0.145525213724774	0.154296996135286	0.142712272776392	0.138351008472951	0.138361534938634	0.129957939482845	0.126176918383201	0.142458717013232	0.145806919182438	0.185180215577191	0.169137340500246	0.129430500468987	0.166452158734027	0.140085507472998	0.166841475843775	0.180225321153504	0.140927520369148	0.176259960281062
700095837	0.131518726280633	0.124969187362726	0.140985296221866	0.149360556590494	0.123087575176014	0.151529424767559	0.147026532867897	0.147860018553264	0.120091312024595	0.138057516159809	0.121133060693915	0.148147558080755	0.125428293666121	0.142158378257014	0.136475280532712	0.117682391730486	0.150511657723856	0.15430067968491	0.125318424319952	0.139054388960139	0.140176416619353	0.132292035760955	0.130865392462071	0.130892107689147	0.142081377404399	0.117540356851174	0.130503323826204	0	0.109481207990672	0.115399972797085	0.13917440611906	0.145012817706856	0.116028533063396	0.124967923568747	0.127808571181207	0.140298175835034	0.126106132529176	0.155628284346403	0.12248008194016	0.148619032807353	0.11717456517826	0.120738795382154	0.148307062114567	0.124931203630958	0.116194524591152	0.113444298103322	0.124442013727139	0.127448935965698	0.141564166285626	0.131943836374551	0.129020479596114	0.144021149650223	0.133536788469677	0.136813156729394	0.14147171348885	0.132794295570561	0.133842459539597	0.144667413604653	0.131340648698051	0.144984661449411
700024548	0.155590526418051	0.128003120144142	0.11478149328794	0.133946418739095	0.129186616805858	0.117759150397041	0.1382082427352	0.117062261412111	0.155786208309778	0.102547575011446	0.131402986520399	0.125715046501738	0.100609318037126	0.114545681885965	0.106139478993245	0.143238503428943	0.109224082506141	0.154179110073447	0.148852556954313	0.134210433856274	0.121197082831347	0.130957276385691	0.130965891035866	0.159819360551689	0.132202847946705	0.128204984433177	0.153543314507566	0.109481207990672	0	0.108082139454733	0.117446296170256	0.147507757530856	0.119300025048157	0.108711342331819	0.125969333411628	0.112391458652743	0.14620125836024	0.123813409158825	0.143431634065471	0.102846215872999	0.132682290080336	0.0943100087119871	0.150566603924557	0.143771021310708	0.0805786339726806	0.0855095860675064	0.139021163894868	0.0984633844854882	0.120372343332525	0.122340268861325	0.109935322672873	0.144044639717408	0.133214088976183	0.12751637543841	0.155205636193831	0.113355620466152	0.113220479888473	0.147984931735648	0.106262728061308	0.149260142569435
700110161	0.174061689366412	0.136896226650035	0.100232517289541	0.164082139229832	0.144142857736649	0.0933626661531042	0.158171622989888	0.114579175570979	0.152400938232325	0.100773611011985	0.123055891922203	0.115070399874462	0.087111707659758	0.0957612723451287	0.088292703118525	0.143393710059077	0.10309521765463	0.124784264703296	0.152293406559955	0.141304295987494	0.14968705889444	0.130501237612748	0.130782704538564	0.177550649733602	0.143222227908632	0.151548100151111	0.132920163275993	0.115399972797085	0.108082139454733	0	0.100191890195121	0.135370579158783	0.129214105362361	0.0943913247628932	0.158134251258096	0.137603321440865	0.13063546377236	0.0917465730369859	0.15966588043936	0.11250646824738	0.157335756722454	0.0891783678207622	0.151508715221268	0.126293378260695	0.0952215250571376	0.117682811393827	0.148601933207838	0.0954897315416571	0.102188453761692	0.102836180188196	0.123605371674527	0.162556010847465	0.149841911399258	0.136815397884631	0.176503711862974	0.100410793954591	0.12522970066028	0.156245595387077	0.10220250312509	0.146831382880899
700023496	0.161090503369747	0.138235854415877	0.0976177922413508	0.17115423166823	0.144716685886761	0.0810689126236775	0.146382657199115	0.112698408916978	0.151389706727109	0.0924586835596063	0.101021851141479	0.107522528366584	0.100889669083884	0.105571356056735	0.118863898853705	0.12779027605756	0.0908447502298326	0.0955143847321571	0.139956538144825	0.156275536915644	0.140020731566287	0.101345473063327	0.139823009719576	0.152042540334453	0.14867905259004	0.159866656064864	0.129399892861333	0.13917440611906	0.117446296170256	0.100191890195121	0	0.124925439777145	0.106013330883638	0.0824420417349701	0.160676151294001	0.122543642524555	0.119337898658781	0.0925583061539496	0.14657920454141	0.121270091774078	0.142094758501763	0.0953303952856146	0.116256738803572	0.132068434798132	0.0958177285746881	0.103668000341966	0.138181717544274	0.0957523986877139	0.0874765137351813	0.103024705457076	0.114384419221851	0.170046735417992	0.160110340426548	0.113856711426264	0.178766668840815	0.0971242603421695	0.129137608331343	0.162528725415691	0.115475185530289	0.155399337714159
700034628	0.119796256310644	0.150056954224805	0.102214164542763	0.137768666565076	0.145519373709571	0.124881950003903	0.0774957614897899	0.150141990241448	0.103524501006024	0.125923582381141	0.106385147559863	0.0879555256182562	0.117988061839898	0.1555272346726	0.11315699969369	0.110091051239627	0.147454883121975	0.132274803764235	0.114089202265516	0.105492850067994	0.0958369655345774	0.0721088078310677	0.11924638070076	0.13493553929427	0.085892957356794	0.154345327978432	0.169013898829835	0.145012817706856	0.147507757530856	0.135370579158783	0.124925439777145	0	0.107844196787244	0.112172836725245	0.156312503052174	0.0856005644881026	0.144816667672098	0.127786370284956	0.129640391423317	0.142928101504524	0.139886751444535	0.106800196496898	0.142573147284809	0.0672210370480983	0.113985476899051	0.144496833211051	0.132745866427181	0.101144631373074	0.130967409881711	0.0771951679311971	0.0987963735866096	0.116619526384012	0.112828297074998	0.122189821828721	0.163859871218616	0.108923370429344	0.105841583626109	0.103173999157973	0.0952762422734053	0.0852727857299391
700023645	0.124699649666701	0.127921866054234	0.111720531175654	0.143704245223544	0.128281106201337	0.124738521723583	0.117551583575007	0.127927447875512	0.120141624513958	0.103995740600019	0.0911669966725236	0.111388654891175	0.111513695452676	0.135315697509355	0.128299087722036	0.109170343709051	0.129694410260182	0.125401212475326	0.112720605707623	0.114162495968824	0.109052463073032	0.0878028929468482	0.126862089333928	0.128436065273748	0.120974180278585	0.145109712503409	0.141306275005356	0.116028533063396	0.119300025048157	0.129214105362361	0.106013330883638	0.107844196787244	0	0.0992158918643026	0.139659420372876	0.0946209769576744	0.121081535494985	0.131378704970918	0.122826145827625	0.133792831902651	0.125022151822787	0.101944326083863	0.120519794756557	0.102869496955161	0.103021091861759	0.10863166521044	0.115747320325862	0.097765891364605	0.11737989642966	0.0978612662225132	0.0975476973368203	0.129555912272668	0.127820059012607	0.11561256337681	0.151095225926812	0.104037703625419	0.106813839539472	0.123066640852868	0.0958574498452359	0.126013314233431
700038744	0.148501868060437	0.129566955362803	0.0810554062681965	0.153262436284233	0.141946815885314	0.0838372188654848	0.13494333228255	0.115736153607949	0.143681413659595	0.0792510180980198	0.0885480072370074	0.0941006703106312	0.0855969108366672	0.111300518940355	0.108305229197556	0.12211448325482	0.100518931139252	0.108363294872465	0.141988344097573	0.133634306564359	0.126842514641273	0.0908058604604768	0.126969085547483	0.148447298693746	0.132401447594321	0.15358029974198	0.129563527810354	0.124967923568747	0.108711342331819	0.0943913247628932	0.0824420417349701	0.112172836725245	0.0992158918643026	0	0.157248681084113	0.114181411702671	0.120747997670213	0.0948163066380084	0.140323498534793	0.106725794636159	0.145418844382454	0.0830936275299969	0.128216014867205	0.125093570524832	0.0874561965611882	0.112883407645039	0.134963974000037	0.0689635083245156	0.0874298684584488	0.085616296242323	0.0998740855989591	0.160041183760477	0.146766775065205	0.107664326157131	0.160246523471383	0.0882782637750098	0.118347349555012	0.148218068955964	0.091903818704213	0.142929862775086
700038485	0.134455215856028	0.149552139713885	0.151737316588382	0.127101936019941	0.116146864733358	0.161665738666269	0.131245903986959	0.178950643616234	0.115235954548174	0.158582236255371	0.152212753359021	0.164519161107627	0.161214333046929	0.132319286717419	0.16619021421613	0.129253277328833	0.1702081013899	0.173439183079215	0.125024610575777	0.130789047246635	0.143706679033103	0.15381788283312	0.119472311177701	0.121876735071506	0.147478054933614	0.0763181426230219	0.166460109551947	0.127808571181207	0.125969333411628	0.158134251258096	0.160676151294001	0.156312503052174	0.139659420372876	0.157248681084113	0	0.130748206602533	0.1469747231685	0.167384586356883	0.124662290151463	0.168252762913405	0.131411287204322	0.156590218952974	0.149250574556509	0.135961381077689	0.138986377032217	0.115794419535244	0.115397248306169	0.155887722535941	0.158563420223282	0.159622908355554	0.124030594343696	0.106946798193899	0.119079999890021	0.140224357606525	0.122597164830143	0.166803135371803	0.138757785944124	0.124850982623408	0.139291438127945	0.138586040699212
700024743	0.122945638821609	0.134785588574572	0.106305750449259	0.122113541937805	0.137072581579043	0.118948030345985	0.0900917101287035	0.137454494275027	0.109943912418578	0.118365969692933	0.100108040781833	0.111448583120045	0.126588287099933	0.136564792357973	0.129763916656103	0.132205054718239	0.133237454208364	0.138971317521297	0.124404372406727	0.0885484870763538	0.0956246750017771	0.0907519242135455	0.107861188088646	0.128084451281412	0.0891171464316848	0.142595148853404	0.162107610952896	0.140298175835034	0.112391458652743	0.137603321440865	0.122543642524555	0.0856005644881026	0.0946209769576744	0.114181411702671	0.130748206602533	0	0.147822970662659	0.132655265907295	0.115531708180097	0.137160440501727	0.131273512367276	0.116073713519134	0.132149825234361	0.081893754342094	0.106830646208703	0.12110773319253	0.124779064159106	0.107219477146458	0.120821628634508	0.100041368126037	0.0982109639933323	0.112179839620392	0.10350722952721	0.111146205299888	0.134830513505246	0.128017871994775	0.0954473274566228	0.0937539336731627	0.0897393091646183	0.0950749571457852
