700108602	700014971	700033565	700109389	700023058	700023927	700106341	700114221	700023543	700023439	700016978	700024192	700113058	700099448	700109870	700033928	700023693	700109627	700095416	700110425	700111580	700111302	700098605	700111991	700108960	700024452	700032931	700095837	700024548	700110161	700023496	700034628	700023645	700038744	700038485	700024743	700099596	700110760	700101587	700106399	700032322	700095653	700021312	700101230	700023590	700038905	700033136	700023382	700096424	700105469	700016908	700096053	700108479	700109569	700033814	700016125	700109756	700102665	700101777	700109455
700108602	0	0.145674505115044	0.16159480684099	0.103508441166772	0.130822400028129	0.168395100425908	0.0822675777984171	0.193013249244519	0.0995810713818902	0.174170237647882	0.128743670955995	0.159791295745857	0.160237689850621	0.149746214565799	0.163358347281418	0.108771463670648	0.165112319773382	0.170695862395209	0.0944566051363737	0.0977751969821577	0.0865665946071029	0.120002578601053	0.104116996014941	0.0735110316336647	0.0940546973028864	0.110292406557932	0.156618165800091	0.138158849679361	0.155674022116859	0.163321977467785	0.158667797839931	0.121509346546392	0.10972945397392	0.153014004871498	0.142055958513189	0.122664360435123	0.130011544158032	0.178283367621675	0.0925448010986429	0.176056856976102	0.103886450066891	0.155716592300596	0.139590528950387	0.114055358558246	0.151464113095792	0.134075670980419	0.128202050665192	0.159206436859831	0.148552760741122	0.141792245595799	0.122083019175833	0.0907473876918325	0.0928292329853752	0.108452110812948	0.0890696234696609	0.166154962349834	0.104352249920227	0.0755809070152351	0.124822515169701	0.0955756947255778
700014971	0.145674505115044	0	0.147015018105015	0.161436303575149	0.131488761167888	0.136407826675337	0.151301655817638	0.140552654458325	0.141185018868437	0.130198381645451	0.131221943881813	0.153731811700837	0.141054173221651	0.117301227948381	0.138250272302553	0.141327362280067	0.11573676082561	0.143022158347885	0.141818907025767	0.144085387975924	0.136004508402584	0.128331199437822	0.124251021968533	0.143330836444749	0.15118617162652	0.142261840183438	0.112343473158275	0.14379301971948	0.125846398700099	0.131752758522995	0.127942006602754	0.136155849989751	0.11588604015563	0.125336980946131	0.138084647717672	0.123630641464409	0.129612225693136	0.159771089443786	0.13497348443605	0.148128444000575	0.13942551136045	0.134814412798914	0.126119289026324	0.134743431770884	0.1281396705441	0.120128542928008	0.116986051322744	0.130901686359229	0.122948889953497	0.135216695908352	0.130278352191592	0.148305029030074	0.140486527640617	0.11790164449916	0.159255881985884	0.129293440859464	0.141612571880283	0.140227342470527	0.126350447036	0.144341361262379
700033565	0.16159480684099	0.147015018105015	0	0.151800640310204	0.157122924164739	0.0678988619830892	0.141948506037765	0.116585463143857	0.155990592342899	0.0959741189288797	0.0955654717646721	0.0656604172013086	0.102111039340749	0.120139966719059	0.0884024688622543	0.117533177572474	0.109729877750562	0.0906913481467552	0.144437968957706	0.142214466121634	0.141308763843639	0.0929706127592968	0.132456194202745	0.143976163437195	0.136283225815985	0.163903649011421	0.137041185668333	0.147492667891841	0.1276538933341	0.097780360404175	0.10370327639041	0.111958469077302	0.109903938906004	0.0823549996794103	0.168109547406706	0.0999144737695951	0.128841488231537	0.0834777457314933	0.15832576021806	0.119068761070171	0.150075025542259	0.0819280253999622	0.125813290241913	0.125682439517013	0.114466290736012	0.127584290147013	0.136148168084387	0.0857396759956464	0.107557731657571	0.0902990136740065	0.0658974802462614	0.165911654221091	0.155587107918537	0.111456676264097	0.173976182761575	0.109924775345391	0.127118665783033	0.154624951510585	0.0969499932339788	0.143720973313996
700109389	0.103508441166772	0.161436303575149	0.151800640310204	0	0.141157634200987	0.17564871624319	0.089158474171706	0.184992657970201	0.138430269725742	0.175782661303835	0.141542290909229	0.149893530394475	0.169107055533338	0.160643304215981	0.150594273408823	0.150371253583303	0.170084828065467	0.188177145956073	0.137815978709885	0.0925150190357514	0.111893469407794	0.149632858466135	0.0976924982682222	0.113138856286722	0.111469072912807	0.116241395390492	0.173924521297859	0.141273396669399	0.142862532079201	0.157858626755941	0.175973039749445	0.146163156830844	0.136950148597874	0.159469336208177	0.138991775422305	0.112493332887888	0.16603910604556	0.174423319742438	0.135491758648393	0.171759687797461	0.12709294697078	0.157511500134642	0.154170168411776	0.128796944768689	0.151424285093179	0.141236333730622	0.152262383528172	0.158227587198843	0.162211240506287	0.140965785666893	0.123373020369176	0.102171943939365	0.0804662126014829	0.144289222780706	0.115187563345856	0.169506041073353	0.0991247266626462	0.0936528994681361	0.119167376634715	0.107700618025194
700023058	0.130822400028129	0.131488761167888	0.157122924164739	0.141157634200987	0	0.154756410059749	0.127594753553386	0.153497998989677	0.111904022732369	0.154985035690727	0.129349420984843	0.154739044816006	0.150925402494056	0.131095634421249	0.154194208245437	0.141087271521897	0.143008883269108	0.168526685987095	0.130529212880045	0.134039948265021	0.132450302821454	0.140137658694633	0.130964619116538	0.138697676602833	0.1464090277261	0.108592037088544	0.146367176612778	0.126917073815664	0.132278205083422	0.132905093257301	0.140365651105802	0.147447492987475	0.123163847787231	0.133380709902903	0.122085597962911	0.130404008322909	0.129660534487281	0.15788858326077	0.117825927058676	0.1557020147544	0.137505493686091	0.147819331638439	0.126840407046438	0.1335714422844	0.133879183008412	0.134009221372124	0.129935497048125	0.144842804331811	0.139165279707496	0.153677610659287	0.136384412020048	0.128612945607831	0.122500443544449	0.130038560666759	0.137759469615242	0.156107323147868	0.133230345240783	0.129836643142145	0.139751868233365	0.132678159035924
700023927	0.168395100425908	0.136407826675337	0.0678988619830892	0.17564871624319	0.154756410059749	0	0.155718112262164	0.108913789491399	0.159831836417317	0.0947902600512717	0.112957495054928	0.0867261353340044	0.105714007904185	0.102769033059941	0.0934457381865409	0.130283746097123	0.101920070536962	0.0806500490101825	0.155247491898315	0.151141963335295	0.143904566819859	0.111491373971133	0.145180072547472	0.154432857818382	0.142497979572968	0.174024969056778	0.134145265242062	0.163775201254566	0.128621776208403	0.100359543643752	0.0850700991300843	0.118693161270648	0.121158529386393	0.0813212942127568	0.178218539324651	0.125348429659236	0.127080173200526	0.0713191349871935	0.168608882276809	0.122204693713848	0.163242061748312	0.0877389270888767	0.120323410392373	0.13530369013537	0.109061563228644	0.127468177678706	0.1371679514021	0.0833352937638059	0.087453682577215	0.0917653494930369	0.102296738896666	0.171661308954102	0.164388652313917	0.11092678265543	0.185437785208212	0.113300240078749	0.131009347069139	0.162503320909696	0.107646071044477	0.149688497714827
700106341	0.0822675777984171	0.151301655817638	0.141948506037765	0.089158474171706	0.127594753553386	0.155718112262164	0	0.186650265472942	0.0888839335716045	0.171926858529997	0.119716417769485	0.128927501403035	0.153027004413795	0.146512348428379	0.144196591990553	0.119026755981799	0.157802877867606	0.178328032146532	0.103732455299269	0.0712934628069167	0.0845926528405039	0.1127566461862	0.105415196590437	0.0953692654383873	0.0778175493999709	0.120787405232006	0.173360618823285	0.147520463810557	0.156434207330251	0.144877269987787	0.160946396711713	0.0937962969257604	0.110553239778037	0.142486774613576	0.145604889229285	0.0920918790624909	0.149592072141865	0.165567923525253	0.101136845150061	0.171692976142657	0.124027595086323	0.141362490082435	0.131980949157384	0.0901883189975404	0.136774915304756	0.143207440206636	0.135701831361331	0.139304862196379	0.148694013589054	0.115477618834299	0.111357095550872	0.0607256092980574	0.0793422117212518	0.111965617188316	0.116843818422695	0.156019254738376	0.0939626458497103	0.0707870963710716	0.104819701882139	0.0692008118067727
700114221	0.193013249244519	0.140552654458325	0.116585463143857	0.184992657970201	0.153497998989677	0.108913789491399	0.186650265472942	0	0.187224035344825	0.0859323158952335	0.14171222504219	0.115260911597643	0.0957638308413491	0.14731554073361	0.102096187427583	0.154751456823695	0.0882819363985129	0.139045406212636	0.18225275294632	0.180061829491902	0.168636824056174	0.146229298906846	0.172606797509785	0.179400732115684	0.184454772829824	0.183343962852002	0.144682091248611	0.141489915928421	0.105077546845099	0.118995094077642	0.115164859750831	0.151689369445623	0.131266276818411	0.121496302365488	0.187042455242013	0.132905984798514	0.16299255511704	0.0986610803549779	0.188518288139523	0.0865407545759956	0.16456660998057	0.0930290173571174	0.160142492351586	0.160355548282917	0.0955834490321871	0.126090480702724	0.141851174803041	0.0889704454762275	0.141258364899308	0.119683534224655	0.136636982913641	0.200144846731511	0.186298096229157	0.144534592877631	0.211334419474747	0.0928517369323419	0.145398364117478	0.198806399384284	0.136033105980545	0.177291674082455
700023543	0.0995810713818902	0.141185018868437	0.155990592342899	0.138430269725742	0.111904022732369	0.159831836417317	0.0888839335716045	0.187224035344825	0	0.166088984270823	0.11410017519608	0.148897851114808	0.159577068346988	0.151069058309098	0.154288768874776	0.105277390768496	0.157908098047618	0.170962110314727	0.102523138231237	0.111038871083795	0.104216164829453	0.116336680201867	0.114516633660178	0.10254076853984	0.110734680090982	0.10714625696633	0.157482780621274	0.139314798524927	0.16518172068795	0.151805374646223	0.149853372913488	0.101005282048286	0.113698015091801	0.154357469229326	0.133669810724762	0.124484585711837	0.138514018986035	0.174962565371136	0.0847954262069487	0.177664575332044	0.118807643186804	0.153055274606654	0.134706374777674	0.0928288166817308	0.157171527845508	0.138784031398882	0.11174219293615	0.148090879689749	0.160083867026788	0.130622549407498	0.123699658414767	0.0902027573239524	0.10213618756756	0.117183539292314	0.10780769939738	0.157225672337296	0.127398214012672	0.0957216297952199	0.126162134418843	0.094750962379295
700023439	0.174170237647882	0.130198381645451	0.0959741189288797	0.175782661303835	0.154985035690727	0.0947902600512717	0.171926858529997	0.0859323158952335	0.166088984270823	0	0.116468434839911	0.118712040163072	0.0978362296099214	0.123300448072821	0.109939404242616	0.141709440932407	0.0785896369444793	0.104211833663826	0.160020713417685	0.163762929792622	0.146554296472287	0.129931650678627	0.14961229143846	0.159639347793978	0.163242713261186	0.163813695823489	0.131273319713079	0.143608479916607	0.113842252309714	0.106716871686514	0.105897277877952	0.139461091588052	0.11744569281428	0.0964336714400878	0.163677709589564	0.116345425545333	0.137386516231641	0.0954836796029111	0.171500599400384	0.103692550038956	0.148245056677913	0.100743795906922	0.132359894309518	0.150146254993496	0.115303665202979	0.113868276672122	0.121165994426558	0.0977521696041665	0.103504772591525	0.121636084044958	0.118893273838998	0.181038648865202	0.166174714243968	0.123064479040198	0.18369210957693	0.0950516436166625	0.133985364035324	0.171749649455206	0.114619170159177	0.158618198751875
700016978	0.128743670955995	0.131221943881813	0.0955654717646721	0.141542290909229	0.129349420984843	0.112957495054928	0.119716417769485	0.14171222504219	0.11410017519608	0.116468434839911	0	0.100266450653718	0.113358072592147	0.128831872664933	0.128396893615721	0.105613389262668	0.111807811128097	0.121485370141287	0.112511867558973	0.116040759161787	0.109577332322017	0.0834843230652096	0.127279809756485	0.117814778787627	0.108000579596603	0.139141932460454	0.125933664348749	0.124903971081885	0.134691764313282	0.116357029516153	0.104087751193467	0.0892772953661294	0.0797673485181868	0.0944450587036424	0.153997263338191	0.0934347047734676	0.118441650434774	0.129297463880035	0.117184976658674	0.130300751729221	0.110698184507865	0.0953032744283494	0.100912024921319	0.108083881877825	0.113352794972786	0.118613753982738	0.119501814783678	0.108030027631496	0.11987992803295	0.0994451051790075	0.0844466904959178	0.135018792575551	0.127201013130359	0.0805597915324588	0.141417335292137	0.108988562490125	0.106895388123163	0.13121023786977	0.0926389074433343	0.125887828235722
700024192	0.159791295745857	0.153731811700837	0.0656604172013086	0.149893530394475	0.154739044816006	0.0867261353340044	0.128927501403035	0.115260911597643	0.148897851114808	0.118712040163072	0.100266450653718	0	0.0870506443487503	0.140210607077347	0.089044104692524	0.109616253352702	0.108059726116326	0.119953812805524	0.142771200843224	0.134352929473833	0.130468493136856	0.0949810315919239	0.137926670988807	0.148156972264994	0.127170497005587	0.165361363840982	0.142287295060752	0.135528589196238	0.122748037971538	0.110203523548377	0.117107445982426	0.096560642086878	0.106727194533872	0.0951809220734567	0.179910245273735	0.100244528511959	0.149185887571126	0.0980859654438783	0.167608633841555	0.104003699198598	0.144199890171541	0.0651670605928201	0.143030393485707	0.115954998855057	0.0910736480781834	0.134489168665239	0.142393381251289	0.0693052328719208	0.125042478731638	0.074317250292663	0.07183491885147	0.160234830836968	0.148616139677939	0.119254980012721	0.181676447121666	0.0959692142558812	0.11796566301711	0.154382718107488	0.094182138733154	0.133890814758199
700113058	0.160237689850621	0.141054173221651	0.102111039340749	0.169107055533338	0.150925402494056	0.105714007904185	0.153027004413795	0.0957638308413491	0.159577068346988	0.0978362296099214	0.113358072592147	0.0870506443487503	0	0.123307319248075	0.0886728649050996	0.126483925272969	0.0879921893595941	0.123032644501616	0.14953310541224	0.142137666807393	0.141227226617032	0.108059467562003	0.151598313479996	0.145969438191111	0.147364332572413	0.166022369820242	0.129243078119139	0.122422976570706	0.108848037727143	0.0915596874625247	0.108020799777502	0.112204805857706	0.109212875771251	0.0866132921842118	0.176247590725026	0.114998569691536	0.142266538206259	0.111457852377036	0.15877342313671	0.087294810723199	0.140299086532886	0.0667139739762205	0.150532958440462	0.128627154721747	0.089131242870988	0.126921514402255	0.137744251532675	0.0684536425019417	0.114357312826756	0.0985357956458449	0.10235512913041	0.165485827799752	0.161259674844957	0.121657636219876	0.190440473228827	0.0757002579977533	0.119880148382613	0.166014411226726	0.105357603887592	0.144104345190952
700099448	0.149746214565799	0.117301227948381	0.120139966719059	0.160643304215981	0.131095634421249	0.102769033059941	0.146512348428379	0.14731554073361	0.151069058309098	0.123300448072821	0.128831872664933	0.140210607077347	0.123307319248075	0	0.111904858083808	0.14192281830258	0.123188373097153	0.119539737170424	0.14252253458697	0.145809672146363	0.138016036188601	0.130724027557685	0.119226310191539	0.14400183885649	0.148332222984225	0.135059671365993	0.125123050706947	0.144598433180177	0.116962651525031	0.0923073403653149	0.108822920589757	0.139124524093215	0.129002862165822	0.0946777008373348	0.141933713666708	0.131401505090343	0.120456283262071	0.115540690550737	0.143134379810774	0.140429245164973	0.147600461309296	0.117219483803611	0.118012536088923	0.14108635220866	0.124953882205753	0.116444957139566	0.123768195349935	0.115221488308195	0.083399561698669	0.124744846100834	0.117707485152658	0.141886445083441	0.153896289790534	0.121599381083551	0.152584474999753	0.133487314653421	0.124086244899368	0.141840288835881	0.112633100001568	0.144271110292955
700109870	0.163358347281418	0.138250272302553	0.0884024688622543	0.150594273408823	0.154194208245437	0.0934457381865409	0.144196591990553	0.102096187427583	0.154288768874776	0.109939404242616	0.128396893615721	0.089044104692524	0.0886728649050996	0.111904858083808	0	0.132286360078242	0.0954107481060607	0.122436837070903	0.153894920938105	0.137227134323215	0.12927273309784	0.119192734890857	0.131852321929146	0.153622571101843	0.140345767053938	0.164435804020284	0.134998416745464	0.145496184648168	0.108249852044943	0.0834916346608227	0.119920194662598	0.111352034012163	0.122538717999581	0.10505539060176	0.177219064708699	0.115721024651559	0.144066059070021	0.0835598270122745	0.168940942443059	0.099294863146483	0.157431590899565	0.0770728025463007	0.151821806349139	0.122405706348466	0.10214849266394	0.121694526694224	0.140955398584907	0.0728135586960506	0.113253223741839	0.0925377160067639	0.0991165432853905	0.158581804731899	0.144771696779958	0.126294643773841	0.180597680410639	0.100802912459209	0.114990407445793	0.154777981538895	0.0965219680786205	0.129213758985824
700033928	0.108771463670648	0.141327362280067	0.117533177572474	0.150371253583303	0.141087271521897	0.130283746097123	0.119026755981799	0.154751456823695	0.105277390768496	0.141709440932407	0.105613389262668	0.109616253352702	0.126483925272969	0.14192281830258	0.132286360078242	0	0.136029399471	0.128773278627502	0.10058664767109	0.1252726979973	0.110337484556362	0.0925749612254155	0.124232743326427	0.0988228602011615	0.11511098562823	0.136913275845156	0.140910067489928	0.112548541289184	0.144457964509556	0.134379427884258	0.129792470060108	0.108183279774666	0.101087574011717	0.127404605335683	0.142018703372128	0.128590775036765	0.119976100496873	0.151386122180304	0.109874648071775	0.152314021219421	0.0985289317408496	0.114251847772942	0.12518383943064	0.108530324604755	0.131419393957251	0.128901166438343	0.115959969702874	0.126940227752097	0.133856983560007	0.109445788600834	0.0923174885650087	0.128437793824777	0.130409732270815	0.105569427384073	0.136947660138652	0.124442431339899	0.123324041993748	0.124283668434326	0.114066011187709	0.114712889045936
700023693	0.165112319773382	0.11573676082561	0.109729877750562	0.170084828065467	0.143008883269108	0.101920070536962	0.157802877867606	0.0882819363985129	0.157908098047618	0.0785896369444793	0.111807811128097	0.108059726116326	0.0879921893595941	0.123188373097153	0.0954107481060607	0.136029399471	0	0.117820423579823	0.154943195477016	0.145634644239172	0.134332376516789	0.111758155111719	0.150802865066502	0.156356749308166	0.148588888831553	0.168441733232787	0.119930886500542	0.139668532291877	0.105486260173818	0.0989846659676592	0.101793880725061	0.120898575602076	0.106486003551701	0.0986251028646578	0.168644176314627	0.11053008242907	0.135359128241361	0.111610744720757	0.158801823446161	0.0903156931759032	0.143969879129067	0.0810975502502913	0.136046791281084	0.137810266568841	0.0930172977290079	0.11873191550408	0.128193515085551	0.0800299754695175	0.109860117340647	0.10283639223027	0.112604172259074	0.167007510274671	0.151210251161735	0.116206710457572	0.191081458622577	0.0916626074420378	0.119323344470369	0.16525732021195	0.111338536264691	0.146529207326755
700109627	0.170695862395209	0.143022158347885	0.0906913481467552	0.188177145956073	0.168526685987095	0.0806500490101825	0.178328032146532	0.139045406212636	0.170962110314727	0.104211833663826	0.121485370141287	0.119953812805524	0.123032644501616	0.119539737170424	0.122436837070903	0.128773278627502	0.117820423579823	0	0.159426397953292	0.16757187662697	0.160625677510949	0.120391682080588	0.158037644182582	0.153115271574702	0.163528680367227	0.172918460754406	0.12070639493114	0.157324087984634	0.149838564172064	0.117300835606504	0.0928894915625862	0.138393441199194	0.133014013021448	0.0987636027930616	0.16349982441552	0.146991100509246	0.117270964433895	0.0979833034176362	0.163910399614352	0.141662670017443	0.155640235886901	0.11138860599357	0.115829433270017	0.148758990413044	0.135248517479967	0.135459815890778	0.139732658095465	0.120200522303214	0.0889657011651183	0.125560884329601	0.1152403784874	0.189100807851686	0.174788833683134	0.118647322071163	0.177849648772353	0.129157831088477	0.152528348951347	0.18204152063048	0.131209980856725	0.169464571444439
700095416	0.0944566051363737	0.141818907025767	0.144437968957706	0.137815978709885	0.130529212880045	0.155247491898315	0.103732455299269	0.18225275294632	0.102523138231237	0.160020713417685	0.112511867558973	0.142771200843224	0.14953310541224	0.14252253458697	0.153894920938105	0.10058664767109	0.154943195477016	0.159426397953292	0	0.116988138263383	0.101831004627719	0.10862005763525	0.120888023065935	0.0984786722625264	0.11732988359812	0.125289371187001	0.155788768017252	0.140412386023047	0.151698598254774	0.152909557692075	0.140188635844207	0.11607124417543	0.106925656940361	0.139074622496966	0.138055926687898	0.124563138199471	0.12066693954355	0.169090178383734	0.105855643648834	0.171611920222628	0.0961531771344552	0.146500789960742	0.10724155216344	0.112219289508873	0.141781687503451	0.119663912415273	0.124562229057596	0.146175151411878	0.142113994444487	0.124623560948667	0.114551421872046	0.112735665716851	0.1230886479456	0.104683886733222	0.119140489175796	0.143046321681205	0.115940923365757	0.101224842307683	0.12046572740686	0.11802555457764
700110425	0.0977751969821577	0.144085387975924	0.142214466121634	0.0925150190357514	0.134039948265021	0.151141963335295	0.0712934628069167	0.180061829491902	0.111038871083795	0.163762929792622	0.116040759161787	0.134352929473833	0.142137666807393	0.145809672146363	0.137227134323215	0.1252726979973	0.145634644239172	0.16757187662697	0.116988138263383	0	0.0821049241344715	0.120915823572694	0.100727523950232	0.101065680953025	0.0706665904397302	0.132658231959985	0.159255557550871	0.135647304765496	0.147383269354195	0.129441354670443	0.151454381225653	0.104466285773323	0.105367656830556	0.139089254813448	0.148139139190325	0.0942594838619579	0.145016129760033	0.162788055021031	0.120761846709322	0.167691795412866	0.116922136968792	0.13659169654194	0.133527898624793	0.0857555887304115	0.130184285912076	0.135213557749975	0.142696490656351	0.137876166887186	0.136417384293758	0.116329047416169	0.10811703803032	0.0704572160248249	0.0573517905821922	0.114239417127816	0.123233653056993	0.147637281290255	0.0780434159294907	0.0768544611624234	0.0992965995623625	0.0801175308534356
700111580	0.0865665946071029	0.136004508402584	0.141308763843639	0.111893469407794	0.132450302821454	0.143904566819859	0.0845926528405039	0.168636824056174	0.104216164829453	0.146554296472287	0.109577332322017	0.130468493136856	0.141227226617032	0.138016036188601	0.12927273309784	0.110337484556362	0.134332376516789	0.160625677510949	0.101831004627719	0.0821049241344715	0	0.0993382506360643	0.100824611457104	0.0940926720237253	0.0675820668699552	0.12985565169366	0.153718728038744	0.143781905030899	0.129194913528292	0.138493140467785	0.142467121215752	0.092956989056741	0.0946535221758442	0.133330136349657	0.1525163419746	0.0972601080113372	0.147674538672587	0.153649440695844	0.122578976214498	0.153866050479884	0.113028632643782	0.125902450224364	0.130269543235096	0.102002793623396	0.120387733069942	0.117668405320606	0.130148050239635	0.124113286058015	0.124271982609229	0.113929198914437	0.108714556414746	0.0893514691937253	0.0917692659230533	0.0998145525965032	0.118974108615641	0.140797347687861	0.0696435219217113	0.0768808966313916	0.0862545004407338	0.0823697464599386
700111302	0.120002578601053	0.128331199437822	0.0929706127592968	0.149632858466135	0.140137658694633	0.111491373971133	0.1127566461862	0.146229298906846	0.116336680201867	0.129931650678627	0.0834843230652096	0.0949810315919239	0.108059467562003	0.130724027557685	0.119192734890857	0.0925749612254155	0.111758155111719	0.120391682080588	0.10862005763525	0.120915823572694	0.0993382506360643	0	0.13268326748031	0.112798930912099	0.102263303936538	0.151394317042379	0.139479199396951	0.138765661345944	0.140172270945878	0.123207595169493	0.115816713358542	0.0793799906272393	0.0743134266088827	0.101823206492288	0.165621267792223	0.101272106938324	0.125945989297989	0.141229226501959	0.134100278797944	0.126727081762681	0.135818349675086	0.0934676025590173	0.117360760955563	0.0980165811173963	0.113211460535719	0.133423326233651	0.123954608068095	0.102226627233933	0.124373849354004	0.0802444092415071	0.0802342797740821	0.128873296181339	0.128140727843267	0.0863482775741095	0.153166809543543	0.115020591786529	0.110331462639043	0.126928675780333	0.0859740189738139	0.113390571767548
700098605	0.104116996014941	0.124251021968533	0.132456194202745	0.0976924982682222	0.130964619116538	0.145180072547472	0.105415196590437	0.172606797509785	0.114516633660178	0.14961229143846	0.127279809756485	0.137926670988807	0.151598313479996	0.119226310191539	0.131852321929146	0.124232743326427	0.150802865066502	0.158037644182582	0.120888023065935	0.100727523950232	0.100824611457104	0.13268326748031	0	0.101915533367357	0.115835287987646	0.110283720814224	0.135481421877301	0.137451961285172	0.139284631514273	0.134697758984415	0.148354307034243	0.120048816392408	0.128217704654021	0.137963771958737	0.128250072413499	0.105454020602797	0.134794328485945	0.1410830216699	0.118486108256167	0.16019468182145	0.126473125571119	0.141004174773694	0.13201073458925	0.102306679884258	0.148795900301114	0.122200346480435	0.121218306100822	0.141427386979735	0.132270649591736	0.128680478914664	0.109625174429664	0.101978390794366	0.096972576904136	0.122458739295546	0.102373201631524	0.154444852185108	0.111935569289368	0.0938443010028247	0.106906317812975	0.0814019000492125
700111991	0.0735110316336647	0.143330836444749	0.143976163437195	0.113138856286722	0.138697676602833	0.154432857818382	0.0953692654383873	0.179400732115684	0.10254076853984	0.159639347793978	0.117814778787627	0.148156972264994	0.145969438191111	0.14400183885649	0.153622571101843	0.0988228602011615	0.156356749308166	0.153115271574702	0.0984786722625264	0.101065680953025	0.0940926720237253	0.112798930912099	0.101915533367357	0	0.101894779715685	0.110297101277379	0.141549318166194	0.12602243962544	0.150403932936266	0.156969524678625	0.142449899106453	0.126205438006186	0.110863120438278	0.143464748485647	0.121374109650438	0.109242692347081	0.126738393786904	0.164312450977272	0.0998752629139113	0.172860329649251	0.102771672706461	0.14518357267978	0.12356858152677	0.11013660844095	0.146477113667029	0.125305777566874	0.112460338046535	0.151536326669157	0.141318782969216	0.137401939965646	0.110905579068113	0.0998766460039557	0.106597321702354	0.106089651361958	0.0919797852736139	0.157129457582769	0.111090788796472	0.0939277135633746	0.111486428190337	0.104941233961443
700108960	0.0940546973028864	0.15118617162652	0.136283225815985	0.111469072912807	0.1464090277261	0.142497979572968	0.0778175493999709	0.184454772829824	0.110734680090982	0.163242713261186	0.108000579596603	0.127170497005587	0.147364332572413	0.148332222984225	0.140345767053938	0.11511098562823	0.148588888831553	0.163528680367227	0.11732988359812	0.0706665904397302	0.0675820668699552	0.102263303936538	0.115835287987646	0.101894779715685	0	0.145510995207148	0.173320950007056	0.151012017945916	0.150060931751438	0.137990379485443	0.15266462695322	0.0828729209308795	0.100171306063056	0.135695070220273	0.16705650118819	0.094859205066858	0.152922710752174	0.161495218559692	0.126972636391039	0.167359265604429	0.128740197693449	0.129558264523227	0.137954430784174	0.0935531994924832	0.128810009541751	0.147448695356841	0.151220664602486	0.135813956715061	0.13600688231446	0.102545978340848	0.104795722036129	0.0879610507021408	0.0784929884193406	0.107572468061328	0.117173340952715	0.147490153914306	0.0871470688268243	0.0744923726426971	0.0953763599264095	0.0866036868860587
700024452	0.110292406557932	0.142261840183438	0.163903649011421	0.116241395390492	0.108592037088544	0.174024969056778	0.120787405232006	0.183343962852002	0.10714625696633	0.163813695823489	0.139141932460454	0.165361363840982	0.166022369820242	0.135059671365993	0.164435804020284	0.136913275845156	0.168441733232787	0.172918460754406	0.125289371187001	0.132658231959985	0.12985565169366	0.151394317042379	0.110283720814224	0.110297101277379	0.145510995207148	0	0.142034736909808	0.122118244112835	0.124489827144055	0.153976691209548	0.163457923268467	0.153960675185415	0.138991323207058	0.154639085279353	0.0828199293580936	0.130124490084883	0.144122875209297	0.171153873240132	0.097184105188838	0.170380376488921	0.11729818587204	0.163395804004567	0.140679884423504	0.138692770685253	0.152955025973548	0.11430286564785	0.102894688324205	0.163204913802839	0.153377267322106	0.15631040269348	0.134231394941622	0.106271453766906	0.11503613205756	0.138957409168795	0.107352544167675	0.168989286229833	0.124974013573734	0.127131909032163	0.132239424191945	0.135007770844503
700032931	0.156618165800091	0.112343473158275	0.137041185668333	0.173924521297859	0.146367176612778	0.134145265242062	0.173360618823285	0.144682091248611	0.157482780621274	0.131273319713079	0.125933664348749	0.142287295060752	0.129243078119139	0.125123050706947	0.134998416745464	0.140910067489928	0.119930886500542	0.12070639493114	0.155788768017252	0.159255557550871	0.153718728038744	0.139479199396951	0.135481421877301	0.141549318166194	0.173320950007056	0.142034736909808	0	0.133766811664366	0.138782376879729	0.136386311106222	0.121650347333468	0.149163230215686	0.137881320943591	0.126483205293996	0.145101419923993	0.140148607839448	0.126635586124902	0.13495905835096	0.150728639157203	0.144462907440223	0.142675213190401	0.134759045688466	0.135619158124339	0.148537791557396	0.14221917639607	0.127977648302629	0.121735116448233	0.133864107652735	0.118584223880423	0.137424304566779	0.134308161384285	0.171992556292758	0.158090774220921	0.120807702633994	0.164675071502144	0.133497579947139	0.152376033184558	0.168450694849921	0.133604931855492	0.157339881042148
700095837	0.138158849679361	0.14379301971948	0.147492667891841	0.141273396669399	0.126917073815664	0.163775201254566	0.147520463810557	0.141489915928421	0.139314798524927	0.143608479916607	0.124903971081885	0.135528589196238	0.122422976570706	0.144598433180177	0.145496184648168	0.112548541289184	0.139668532291877	0.157324087984634	0.140412386023047	0.135647304765496	0.143781905030899	0.138765661345944	0.137451961285172	0.12602243962544	0.151012017945916	0.122118244112835	0.133766811664366	0	0.105131705472993	0.12226062509064	0.146453644459397	0.145977581093307	0.120940948820871	0.126870852353092	0.134674511203338	0.126355231917015	0.131963791824393	0.160521149578506	0.130933839215614	0.140700417994083	0.122334832126461	0.124325968010187	0.14462649326604	0.124068789634852	0.119270993096849	0.123359525611392	0.121867443148748	0.132238046941604	0.151239359384718	0.137447754909867	0.120947607010178	0.147522847317956	0.138488969057178	0.139836968408857	0.150462152477073	0.129185898321182	0.136659559094562	0.154124463258745	0.127778118987888	0.145383363368754
700024548	0.155674022116859	0.125846398700099	0.1276538933341	0.142862532079201	0.132278205083422	0.128621776208403	0.156434207330251	0.105077546845099	0.16518172068795	0.113842252309714	0.134691764313282	0.122748037971538	0.108848037727143	0.116962651525031	0.108249852044943	0.144457964509556	0.105486260173818	0.149838564172064	0.151698598254774	0.147383269354195	0.129194913528292	0.140172270945878	0.139284631514273	0.150403932936266	0.150060931751438	0.124489827144055	0.138782376879729	0.105131705472993	0	0.106857235810066	0.132473554592253	0.149329386893937	0.121749641490623	0.115533151528481	0.140872745698476	0.112588491998691	0.153627988134425	0.125031791963691	0.153713320958557	0.111443005677917	0.137154485019952	0.0964607013506657	0.137611935288024	0.151553132858587	0.0865043671116157	0.0930591210588476	0.137629941794258	0.0983834935179264	0.126033604381853	0.133328772899643	0.119027598382053	0.156681186615366	0.144675176649764	0.13097871835109	0.159393119403171	0.121317653700761	0.111328115842345	0.156513113551299	0.109214995846288	0.155706152545994
700110161	0.163321977467785	0.131752758522995	0.097780360404175	0.157858626755941	0.132905093257301	0.100359543643752	0.144877269987787	0.118995094077642	0.151805374646223	0.106716871686514	0.116357029516153	0.110203523548377	0.0915596874625247	0.0923073403653149	0.0834916346608227	0.134379427884258	0.0989846659676592	0.117300835606504	0.152909557692075	0.129441354670443	0.138493140467785	0.123207595169493	0.134697758984415	0.156969524678625	0.137990379485443	0.153976691209548	0.136386311106222	0.12226062509064	0.106857235810066	0	0.110153152552924	0.121406511884134	0.120675310834213	0.0902423834856227	0.15849329710712	0.121400797230512	0.134691568757452	0.100654731747362	0.155626519617602	0.11445475576094	0.149619582655711	0.0838454580950421	0.139559903787966	0.128005904681462	0.104288408568957	0.131076616282281	0.140411672062781	0.0873851977646005	0.0967446572721774	0.101572620661025	0.108242473016408	0.146740717214029	0.146990082426627	0.121128218036207	0.171541332160559	0.109464799278954	0.116097653065674	0.149165959394368	0.103857700242031	0.135977752005008
700023496	0.158667797839931	0.127942006602754	0.10370327639041	0.175973039749445	0.140365651105802	0.0850700991300843	0.160946396711713	0.115164859750831	0.149853372913488	0.105897277877952	0.104087751193467	0.117107445982426	0.108020799777502	0.108822920589757	0.119920194662598	0.129792470060108	0.101793880725061	0.0928894915625862	0.140188635844207	0.151454381225653	0.142467121215752	0.115816713358542	0.148354307034243	0.142449899106453	0.15266462695322	0.163457923268467	0.121650347333468	0.146453644459397	0.132473554592253	0.110153152552924	0	0.125876088489916	0.115253337793112	0.0895401945700147	0.167259923773987	0.123237180717989	0.111851528223523	0.113191568773792	0.155195352554211	0.131060319906356	0.139153996652553	0.108545090954276	0.10030857556077	0.14044085509411	0.105468113238517	0.129594312713459	0.129818657176584	0.104762594415072	0.0909721492696681	0.114135714968628	0.109552701993587	0.174710718748127	0.164662617096509	0.101179530287221	0.182895306977751	0.104658770392267	0.134607628049512	0.167961099429418	0.124957887864034	0.155775523374399
700034628	0.121509346546392	0.136155849989751	0.111958469077302	0.146163156830844	0.147447492987475	0.118693161270648	0.0937962969257604	0.151689369445623	0.101005282048286	0.139461091588052	0.0892772953661294	0.096560642086878	0.112204805857706	0.139124524093215	0.111352034012163	0.108183279774666	0.120898575602076	0.138393441199194	0.11607124417543	0.104466285773323	0.092956989056741	0.0793799906272393	0.120048816392408	0.126205438006186	0.0828729209308795	0.153960675185415	0.149163230215686	0.145977581093307	0.149329386893937	0.121406511884134	0.125876088489916	0	0.0933925157217174	0.109169318275399	0.170503169418252	0.0886337748314873	0.13708933859454	0.137166828376763	0.134408939426241	0.133446375568615	0.140393831502851	0.0945219435075695	0.128188105864329	0.0710042530644968	0.11399804869366	0.139323216315661	0.130076797863977	0.102581887231758	0.129928990640913	0.078017224513258	0.0922750684932439	0.113469888142246	0.111951608671702	0.103493681086384	0.157759760146358	0.107689040681392	0.109108552303105	0.107577610644348	0.0845337803743853	0.0820364821979168
700023645	0.10972945397392	0.11588604015563	0.109903938906004	0.136950148597874	0.123163847787231	0.121158529386393	0.110553239778037	0.131266276818411	0.113698015091801	0.11744569281428	0.0797673485181868	0.106727194533872	0.109212875771251	0.129002862165822	0.122538717999581	0.101087574011717	0.106486003551701	0.133014013021448	0.106925656940361	0.105367656830556	0.0946535221758442	0.0743134266088827	0.128217704654021	0.110863120438278	0.100171306063056	0.138991323207058	0.137881320943591	0.120940948820871	0.121749641490623	0.120675310834213	0.115253337793112	0.0933925157217174	0	0.102814643965706	0.155598751778705	0.0864512762498102	0.123037042753559	0.136727239469742	0.123772352913917	0.122681010460084	0.124223644068928	0.09323080971654	0.108954123899124	0.0946490869587881	0.0967181161523763	0.113146658690909	0.116660747227959	0.101495765491274	0.119287603843785	0.0910121551565367	0.0800453199539974	0.12126179051346	0.120489266426185	0.0885808133875179	0.146726227501126	0.108353423687524	0.100012125634983	0.1131850482679	0.0870628268069562	0.116757872011178
700038744	0.153014004871498	0.125336980946131	0.0823549996794103	0.159469336208177	0.133380709902903	0.0813212942127568	0.142486774613576	0.121496302365488	0.154357469229326	0.0964336714400878	0.0944450587036424	0.0951809220734567	0.0866132921842118	0.0946777008373348	0.10505539060176	0.127404605335683	0.0986251028646578	0.0987636027930616	0.139074622496966	0.139089254813448	0.133330136349657	0.101823206492288	0.137963771958737	0.143464748485647	0.135695070220273	0.154639085279353	0.126483205293996	0.126870852353092	0.115533151528481	0.0902423834856227	0.0895401945700147	0.109169318275399	0.102814643965706	0	0.160871184832591	0.10477765362769	0.115961438625108	0.0965830490942242	0.153556586289597	0.110007346206621	0.142482873609247	0.0774445166697265	0.106539235627103	0.126395354111281	0.0878044868335345	0.107927477170903	0.129013283889354	0.0778960438030822	0.0843059191587937	0.0979301422261997	0.0961048700969596	0.162365390674643	0.152938391815342	0.104383315349649	0.172462955539489	0.0928938741418484	0.11884056248741	0.153938791278348	0.102944263916869	0.146046100037516
700038485	0.142055958513189	0.138084647717672	0.168109547406706	0.138991775422305	0.122085597962911	0.178218539324651	0.145604889229285	0.187042455242013	0.133669810724762	0.163677709589564	0.153997263338191	0.179910245273735	0.176247590725026	0.141933713666708	0.177219064708699	0.142018703372128	0.168644176314627	0.16349982441552	0.138055926687898	0.148139139190325	0.1525163419746	0.165621267792223	0.128250072413499	0.121374109650438	0.16705650118819	0.0828199293580936	0.145101419923993	0.134674511203338	0.140872745698476	0.15849329710712	0.167259923773987	0.170503169418252	0.155598751778705	0.160871184832591	0	0.144266913556074	0.146612377562235	0.177598237450042	0.114073643020277	0.180877862896311	0.129466153357887	0.177648584778663	0.143165072961155	0.155003470716194	0.161569374802442	0.118063297739705	0.114561970205692	0.175424114203715	0.153919353486457	0.176437889837993	0.148063179322085	0.122718528210952	0.138370436392897	0.153472447443175	0.113340665868118	0.173409406387044	0.153058653501149	0.145936694362501	0.147687359421092	0.154035443853416
700024743	0.122664360435123	0.123630641464409	0.0999144737695951	0.112493332887888	0.130404008322909	0.125348429659236	0.0920918790624909	0.132905984798514	0.124484585711837	0.116345425545333	0.0934347047734676	0.100244528511959	0.114998569691536	0.131401505090343	0.115721024651559	0.128590775036765	0.11053008242907	0.146991100509246	0.124563138199471	0.0942594838619579	0.0972601080113372	0.101272106938324	0.105454020602797	0.109242692347081	0.094859205066858	0.130124490084883	0.140148607839448	0.126355231917015	0.112588491998691	0.121400797230512	0.123237180717989	0.0886337748314873	0.0864512762498102	0.10477765362769	0.144266913556074	0	0.138016226860471	0.127752948638073	0.127854847584066	0.131204965027638	0.124255571331795	0.105236927682023	0.124014528280745	0.0935348074120756	0.105316667384494	0.112725029597003	0.121465828840774	0.102494381175616	0.123081458637782	0.1000002814018	0.0867614072398216	0.114162139804626	0.106761589177317	0.100801805547939	0.13506828917587	0.119920044678931	0.0965108917329768	0.104377693066044	0.0785644915654163	0.095674711920236
